V1,V2,V3,V4,V5,V6,V7,V8,V9,V10,V11,V12,V13,V14,V15,V16,V17,V18,V19,V20,V21,V22,V23,V24,V25,V26,V27,V28,V29,V30,V31,V32,V33,V34,V35,V36,V37,V38,V39,V40,V41,V42,V43,V44,V45,V46,V47,V48,V49,V50,V51,V52,V53,V54,V55,V56
1.3911370753537466,1.623913962747402,-0.009078538168325741,-0.6301739847920531,-0.1930457012553509,0.6015426771144751,0.33255700103545527,0.7273213366801713,0.25465634916310814,0.06654380660100673,0.042096171004127235,-1.0582524819720156,0.9561256003666944,0.7272921154455565,1.0223157293280174,-0.48275916457304463,-0.6755595770812605,-0.3251686451665253,-1.0062080656910508,-1.0917498951708542,-1.1862438849695631,-0.21534764103122925,0.33616533427752693,1.4448537419763992,1.5098255908229061,-0.19630399791791714,0.6357908359068387,-0.6676971189898584,0.4183891422617082,1.6728449222184933,0.6511758617102271,-0.6008136877912724,-0.4211809250064435,-0.17878223002707894,-0.3246622288826134,-0.027886842044477025,-1.4604432298396752,-0.1804391102098937,0.25578886842548015,0.723424950384338,-0.5939731971151414,-1.1193680774926864,0.10162391572228252,0.4055111944693294,-0.6494328056510997,1.1512695418958063,0.3736557409321097,-0.19353936038441433,-0.5257950962526952,-0.42327267701291993,1.0118095246020264,1.26896695295794,-0.4248459541740325,-1.5500232078335747,-0.21708106057280316,-0.0757725162370729
1.623913962747402,4.0020909933546065,-0.4836173206905221,-2.0366120298372414,-1.4369822482020065,2.4020786422072584,0.7773752926554162,1.8538802323579757,1.3615435287814357,0.01763762002436482,0.7331370209773633,-1.0688504951247968,1.4869250900897468,0.702463236435196,3.100150622008881,0.17371677821741516,-1.85220531438643,-1.2027204352625835,-2.1199734666664924,-2.928600799160802,-2.7047637017958923,0.39917451997953207,-0.5304300743552309,2.878499927383821,2.697033295374965,0.08426453532460183,1.284491269109096,-1.8128854867903266,1.076768043129661,1.9297788443730373,0.5718772366364016,-0.8795667959534155,-1.020481571905337,0.6822942130782966,0.5750057909873645,0.16791952882265274,-2.897639591301866,-1.2711007351688348,0.5086684744111241,0.9406217692640599,-1.0730227943312391,-2.6045814769919184,-1.0958001628888716,1.9107959256116098,-0.13615975342573447,3.5152505822387003,0.4355336105160308,1.4633995032543006,-0.7544820101953369,-1.273237801927399,1.9417304862374016,1.8872809590409114,-0.4614817236406794,-2.196445223545955,-0.32976067909516427,0.8096512303348996
-0.009078538168325741,-0.4836173206905221,0.4077745985074523,0.5213905407700197,0.5250951873935091,-0.7676542743321306,-0.7321570346924209,0.2404659365658964,-0.7806125234609604,0.21205833092380713,0.21041214597486638,0.14469360245003604,0.29133632803673065,-0.33210036249977165,0.6350968738013885,-0.2941486217951516,0.48424757890888587,0.5775101983378865,0.76219919841052175,0.34226937057664,0.7419327229200634,0.14906749757966303,0.3387532443878945,-0.14073895883141244,0.16737566154518846,0.46477168615245895,-0.7616958277799678,-0.010399076761954208,0.0240351671456962,-0.8957908748843666,0.2746137190902351,0.07427968841128847,0.17784718108616143,0.16245602381645888,-0.09998793584612632,0.05199763819860337,0.6266021712878497,-0.2398887295593638,0.12950215670494458,0.5103161632137642,0.40692499925521775,0.6728264061970736,0.21475134049499958,-0.136803996221245,-0.18177444726489891,-1.1990296260382216,0.18798017155481483,0.5881714884930419,0.3323997888212924,0.39351088627986675,-0.6311191447041234,-0.8055793480311892,-0.11145537462166771,0.49515554086278774,-0.028383586607317556,-0.34958454389037263
-0.6301739847920531,-2.0366120298372414,0.5213905407700197,1.2570939185904801,1.0237689811666397,-1.6076290815362075,-0.8708411619026515,-0.5984959846116549,-1.1758729369136716,0.1555420394097766,-0.1695062870823756,0.5073620499623737,-0.37775795296320125,-0.5079687679814116,-0.8418229678091658,-0.3350337357373386,1.1428865229243668,0.9473151922732722,1.4454198377234655,1.4890927781565628,1.6795258697309288,-0.08490110745779296,0.5175370145382009,-1.2888363344090954,-0.9721035252358015,0.29399919349665576,-1.0976883596360596,0.756442260865778,-0.43427388046012977,-1.4081918542754628,-0.0020409837721484495,0.40489035371924614,0.5594809879629109,-0.19947178761469572,-0.3584174553701818,-0.03887732883560733,1.6590461189040688,0.37888078444854834,-0.11244644321654373,0.013618290381712807,0.7408524305520362,1.588003973409763,0.6612414932851836,-0.9306324916226754,-0.12454834977425754,-2.38821565404528,-0.026784684833332222,-0.2341754471656328,0.5471357135851069,0.8340843636019226,-1.266909606303015,-1.3528520752400555,0.09165449167433448,1.2384881173631404,0.11043949993255277,-0.6311789968451079
-0.1930457012553509,-1.4369822482020065,0.5250951873935091,1.0237689811666397,0.9339416901738963,-1.3802324487057211,-0.8065786240740809,-0.2857484715223264,-1.0983869514785356,0.1914780902943226,-0.09509517031006971,0.19736448889498676,-0.027960250470429694,-0.3174642858417016,-0.34521924704342005,-0.4670865173475553,0.90677170299315,0.844707828691553,1.1371195715148783,1.0726611845388845,1.2894399441395763,-0.09903199825674465,0.5958277947787785,-0.772229300739095,-0.4238531914491527,0.29275415232665936,-0.9310430473717095,0.480999548347634,-0.26381635973243434,-0.9621128279566108,0.2154795304958221,0.21121917199856804,0.4096783690291513,-0.18594243168106214,-0.4100641434580733,-0.030585029042334257,1.1803766114113095,0.23488092410070688,-0.007411073737034632,0.2924006634801026,0.5661688189297106,1.214244919727748,0.6365976282450242,-0.7255774596982862,-0.3063251978631009,-1.996508700630646,0.10740138746827442,-0.1380028610489827,0.40220866889349327,0.6870851097223326,-0.9567738049251076,-0.9992448930084129,-0.04978426985463219,0.7701705503730846,0.03484282804991284,-0.6299948111608167
0.6015426771144751,2.4020786422072584,-0.7676542743321306,-1.6076290815362075,-1.3802324487057211,2.1159170946588923,1.2720541344165803,0.5288088648352058,1.6531259379579069,-0.2718321463128675,0.10861744954433634,-0.5452037232195931,0.23013370726114005,0.6527062007778353,0.6251323780374111,0.5531298711171246,-1.455791308262865,-1.2997099116124067,-1.8864507905479397,-1.7609715315262853,-2.132863436955609,0.05967926453418918,-0.7687866415283898,1.4138606255791715,0.916588202975453,-0.5083978883978058,1.5181067327229756,-0.8099700468271923,0.4544053298037224,1.832522696946033,-0.17011477131000535,-0.44205939529539484,-0.6802726792863232,0.1838434661371253,0.4874133472421319,0.027028546702603486,-2.036574218181917,-0.3266395692168461,0.05416470971487807,-0.2895239786907897,-0.9658796456737903,-2.0053830172522358,-0.8634915786027092,1.0963371072103114,0.27980643720129894,3.1419714154620193,-0.08003298601377822,0.05528432754276383,-0.7176906339208247,-1.0851953537142685,1.6262007451263893,1.7710356044397233,-0.020975828064347838,-1.4870377517350544,-0.09600314640858687,0.8800266870844237
0.33255700103545527,0.7773752926554162,-0.7321570346924209,-0.8708411619026515,-0.8065786240740809,1.2720541344165803,1.521002473028611,-0.6440559234898794,1.408352827514074,-0.41934735474938994,-0.6399869075414356,-0.5955758996427295,-0.5146437903312886,0.9146303119787682,-1.6837786831713448,0.3015956160057283,-0.8716531368211726,-1.0622037398935376,-1.573248953220741,-0.4892052190929567,-1.4604988543605812,-0.5573743982935222,-0.3751312964131381,0.27501935821108514,-0.2914428267494689,-1.1268942378081332,1.6072292215802486,0.17553056779232593,-0.12992877811287895,2.2926400563088767,-0.38337030492570706,-0.24121508819737297,-0.3184821985383089,-0.6483324645516398,-0.14032724326818327,-0.17601550650710301,-1.3138028603888534,0.7822955343955855,-0.2801604450260281,-0.9530469352656213,-0.8894667702414951,-1.3046506354888519,-0.07795914823717053,-0.03952778631027096,0.05844608997535621,2.176695402768316,-0.316337444122529,-1.7936074343191566,-0.785496120688953,-0.705052807138468,1.3494312622124862,1.8833807565745024,0.1317754300796282,-1.2905937328122314,0.034059014465078974,0.46411376927038167
0.7273213366801713,1.8538802323579757,0.2404659365658964,-0.5984959846116549,-0.2857484715223264,0.5288088648352058,-0.6440559234898794,1.5949857847108715,-0.20244190559072825,0.3169533960557805,0.917222879181303,-0.2002902471186251,1.271563713529153,-0.2522850780656974,3.115091955741332,-0.10644913902534231,-0.48420052571301614,0.04725880806284973,-0.1285048748182349,-1.4166071995987393,-0.566214699938633,0.656515218944402,-0.05564723240368601,1.536902207945605,1.8397458636060935,0.8806526983296598,-0.40179694913209035,-1.2275760635866118,0.7475645461143655,-0.5263714537267329,0.6201368453086531,-0.35175747323734213,-0.3844739918439428,0.8959336496006208,0.4604534079610611,0.23228294990002676,-0.787192688800711,-1.348618939079598,0.512481321094375,1.2621707807688514,0.004657204005181748,-0.6201892610170018,-0.615677859627257,1.19231257569171,-0.11523826491064938,0.5383682181390753,0.4922092857548472,2.2137430657561343,0.12240004701445811,-0.255971286527131,0.18325362189558556,-0.2456885977557296,-0.3719976594298926,-0.37326305782883834,-0.2232389445658386,0.15704456714961948
0.25465634916310814,1.3615435287814357,-0.7806125234609604,-1.1758729369136716,-1.0983869514785356,1.6531259379579069,1.408352827514074,-0.20244190559072825,1.551371643508466,-0.3745687610299474,-0.2991168540596169,-0.4233285792098174,-0.3196932772280124,0.7043029680984322,-0.7656821202434054,0.5200664667948739,-1.0926607208194972,-1.1748560498961906,-1.6349333148939333,-0.9705821155197738,-1.6681054872257903,-0.23681714937001402,-0.6442022789808396,0.6225130398887903,0.05531004065738372,-0.8337119009927423,1.5290052360300606,-0.20232464223529376,0.08930077516489256,1.8886107765783402,-0.39963037064044343,-0.25436135598883136,-0.44520031777308106,-0.22974558757971875,0.2217701751334426,-0.07723937127620027,-1.4954328158137609,0.28939432403201015,-0.1664419078448684,-0.7800619903100374,-0.8697003896629397,-1.530600231736354,-0.4923710723475551,0.46266565877614374,0.27836239707338595,2.5684953625891054,-0.27269459502544696,-0.9124150395998756,-0.6999159910281062,-0.8576009121164763,1.3820901438303674,1.7020514467813859,0.13035578529587438,-1.1923154079644644,0.005761847711552901,0.705673213746939
0.06654380660100673,0.01763762002436482,0.21205833092380713,0.1555420394097766,0.1914780902943226,-0.2718321463128675,-0.41934735474938994,0.3169533960557805,-0.3745687610299474,0.13625629892240979,0.2229726783991847,0.06026081421621876,0.2865528724242384,-0.19883182200208016,0.7008007962541517,-0.1310669050051827,0.1570787549789981,0.26569804432697414,0.3374596132428753,-0.029042285536516298,0.2698434107153573,0.16505329469729527,0.13064649324004773,0.12513311690361736,0.30109450781001834,0.33407218967471547,-0.40469955168646937,-0.1654074733293385,0.10812152276326031,-0.5068170649898458,0.19268088383563028,-0.0036340250614748998,0.03211967725871443,0.20458280801519968,0.03128583999454266,0.05686936401298447,0.1946483638321099,-0.29471493987900454,0.1239697310456081,0.38607949551666865,0.19217719010679707,0.23036274631558315,0.0016573616829744797,0.10293511207411891,-0.07938755237989291,-0.47146514847130344,0.14348716807482173,0.5803961889967728,0.17514787476906232,0.14439707582803601,-0.2727670758809567,-0.41697341605214355,-0.09159654160960146,0.19968029437694884,-0.03919580760621652,-0.12718090207071706
0.042096171004127235,0.7331370209773633,0.21041214597486638,-0.1695062870823756,-0.09509517031006971,0.10861744954433634,-0.6399869075414356,0.917222879181303,-0.2991168540596169,0.2229726783991847,0.6635267210729401,0.23368699451801614,0.6094996900564036,-0.4608548899480168,1.9428678841122153,0.06561072896169422,-0.07462409551460639,0.19475260754430757,0.3190564476543597,-0.6140456497963009,0.06440810458804364,0.5596541745665394,-0.1279277107110631,0.5954731742387941,0.8168664212669382,0.7408837977931155,-0.5728315162762654,-0.6540189872068327,0.3956920551192458,-1.032232121721148,0.2444337033956405,-0.03939525108425457,-0.11638132652879561,0.7205349210840508,0.4354217610298711,0.1812523023513227,-0.00958126463931977,-0.9288112173960571,0.2914442843508912,0.701496044230229,0.24272006636535318,-0.0033570002850219437,-0.46049557172814265,0.7069390624360031,0.12629839805893328,-0.11061684503710933,0.2409969750229731,1.7101827566354733,0.2977013537168956,-0.005081059489698603,-0.270601464439456,-0.6829622851238222,-0.13033729215034418,0.3084469303205298,-0.088086329069518507,0.11002580529076948
-1.0582524819720156,-1.0688504951247968,0.14469360245003604,0.5073620499623737,0.19736448889498676,-0.5452037232195931,-0.5955758996427295,-0.2002902471186251,-0.4233285792098174,0.06026081421621876,0.23368699451801614,0.9199569508318448,-0.47675430171146177,-0.7741517952566107,-0.005339535277900418,0.34896330737899167,0.5698679441144244,0.40921458840694036,1.0063990700409808,0.6786748565252799,1.0524108009564752,0.38590329023356545,-0.25096959265438284,-0.9257055179420584,-0.8497736950300647,0.4842840494671447,-0.8101778585746637,0.28283736119361236,-0.1794568897478929,-1.791484722910429,-0.372774922941489,0.4605868235943241,0.3113403925546882,0.4163769983996765,0.3875129908006665,0.09331867528542824,1.2195990783949933,-0.22497060623785764,-0.07435745722726832,-0.23093261511918278,0.6064766107369657,0.966273257028125,-0.20657439885255977,-0.08527801529059045,0.5162536207975247,-1.1131631789888534,-0.17374410169269008,0.8421438810651591,0.5616330797530118,0.3857847157676166,-0.9731924662088435,-1.3434999497667777,0.2640353163420221,1.3798416448543764,0.13182489227920877,0.04239662030562126
0.9561256003666944,1.4869250900897468,0.29133632803673065,-0.37775795296320125,-0.027960250470429694,0.23013370726114005,-0.5146437903312886,1.271563713529153,-0.3196932772280124,0.2865528724242384,0.6094996900564036,-0.47675430171146177,1.2034980186979214,0.01899974430343573,2.3898433219748254,-0.3684310993558917,-0.3471185504031964,0.12494096046500745,-0.17165401618039133,-1.0874209665171295,-0.4946920248049576,0.3375744004257178,0.23749811493845516,1.3750779333601384,1.6911908010358816,0.5946318548795269,-0.2706462597411223,-0.952625241651637,0.5918389775294697,0.02141718998464543,0.7132666523722966,-0.4059884693099093,-0.31139282553848563,0.49044657561664823,0.08642657856859814,0.13844260599882752,-0.7726176792640252,-0.9160197750281645,0.4380694691665995,1.1919953426573726,-0.07363879222194555,-0.5253046457605764,-0.21631218784332498,0.7700209432763923,-0.3954190182679031,0.2843115937595649,0.4970505401001282,1.3849299903181618,-0.010511145062275814,-0.1554924255498714,0.25618545544788557,0.05164839818434672,-0.42044907448412855,-0.6305603245912854,-0.22194304042755791,-0.08144022483456131
0.7272921154455565,0.702463236435196,-0.33210036249977165,-0.5079687679814116,-0.3174642858417016,0.6527062007778353,0.9146303119787682,-0.2522850780656974,0.7043029680984322,-0.19883182200208016,-0.4608548899480168,-0.7741517952566107,0.01899974430343573,0.8208965840005228,-0.8766507879422272,-0.14625246337559436,-0.5671698147015312,-0.579405242971672,-1.1095216331617543,-0.41231704789683044,-1.0514429886445038,-0.5088398862375803,0.08016569998733836,0.5095589912905746,0.26179399420454463,-0.7623535947430575,1.0543490164688076,0.017749899162543558,-0.012048436607812955,1.9396737909443804,0.07083262242989308,-0.33796192792792873,-0.2507387594246153,-0.587246199898831,-0.3700673887691351,-0.14423079731813168,-1.0978291060886511,0.552033456633217,-0.09399226829771,-0.2696969321107419,-0.6638540566112258,-0.9418989005572244,0.2060673899139834,-0.11337849346234112,-0.32740391240473427,1.2919713525195031,-0.03196507142055419,-1.3732795768582786,-0.6204307102946606,-0.42493574170172177,1.0182134428106837,1.4789407062614544,-0.09726105807258424,-1.2591529815742444,-0.052082947158829884,0.07524078575143317
1.0223157293280174,3.100150622008881,0.6350968738013885,-0.8418229678091658,-0.34521924704342005,0.6251323780374111,-1.6837786831713448,3.115091955741332,-0.7656821202434054,0.7008007962541517,1.9428678841122153,-0.005339535277900418,2.3898433219748254,-0.8766507879422272,6.274346293780278,-0.15493049736178374,-0.6039798862020411,0.4018985756377927,0.33297674358227936,-2.428533057829385,-0.513082828602042,1.4730947678059305,-0.11379633441815187,2.624520945701376,3.3292398491255444,2.0340520344466495,-1.2980769159919539,-2.302122232548467,1.403927680566002,-1.950029221251054,1.1477284585147134,-0.49518611344518554,-0.5882483692926095,1.9575766033162822,1.022866257178803,0.504618885114447,-0.9137046132522951,-2.793144236802476,1.0110553995582101,2.523052468653176,0.3476175850485301,-0.6699893020453093,-1.227956196319801,2.268580759005785,-0.07875827250575712,0.3134578830814759,0.9492524592499,4.81602965608871,0.5415524694160357,-0.250549513643333,-0.1780729343388635,-1.2058983170143192,-0.6589398285967156,-0.0765827533382358,-0.3952501491353234,0.2306303557146303
-0.48275916457304463,0.17371677821741516,-0.2941486217951516,-0.3350337357373386,-0.4670865173475553,0.5531298711171246,0.3015956160057283,-0.10644913902534231,0.5200664667948739,-0.1310669050051827,0.06561072896169422,0.34896330737899167,-0.3684310993558917,-0.14625246337559436,-0.15493049736178374,0.48313493635999555,-0.24313242942252328,-0.3459116458356346,-0.21912784686280778,-0.18422634269207533,-0.24164163060015023,0.1740667509272475,-0.49808139153127634,-0.14381719095305112,-0.36599453462531156,-0.05546497336412605,0.24698142028813666,-0.022148269477427946,-0.008691129599019918,-0.19964846971947156,-0.3952453539132743,0.13286383523276624,-0.06354952761226504,0.21598288151032127,0.39757009345768873,0.037529901965446824,-0.06327061713667621,-0.09915152717415178,-0.0931687301852785,-0.45188240234873006,-0.06562173603985023,-0.2292723693379101,-0.435278987437473,0.27995289220594555,0.46330194402416786,0.668038224955949,-0.21303660279217732,0.2362033956403416,0.0032759467162481663,-0.2201030825951695,0.11334875316114915,0.010284163656192506,0.20602354199230283,0.22846069349894021,0.06912206124034526,0.4054768617824903
-0.6755595770812605,-1.85220531438643,0.48424757890888587,1.1428865229243668,0.90677170299315,-1.455791308262865,-0.8716531368211726,-0.48420052571301614,-1.0926607208194972,0.1570787549789981,-0.07462409551460639,0.5698679441144244,-0.3471185504031964,-0.5671698147015312,-0.6039798862020411,-0.24313242942252328,1.057747268997027,0.8857143209743381,1.4003015392720723,1.33638291638942,1.59250625000701,0.01089925120061523,0.4096070040571953,-1.1944798094398918,-0.895666771162551,0.3638219131462222,-1.0907754370675333,0.6487687239972993,-0.3732548697906569,-1.5122009443885192,-0.03204956017666718,0.4060039974504095,0.5165915011405747,-0.07420960375886941,-0.23441409699335639,-0.010278846359716683,1.5906468568448069,0.24003718621954595,-0.08773018506215599,0.02909503058973931,0.7341703861309534,1.4979421764003131,0.5180503980990578,-0.7719431211075071,-0.035710406189957015,-2.2181240876812347,-0.029033653244122822,0.01337200967145627,0.5640836016524006,0.7714453203449714,-1.2380811715863014,-1.3856641048434433,0.10379301285278908,1.2663911296423418,0.10644598506029804,-0.5353056939732798
-0.3251686451665253,-1.2027204352625835,0.5775101983378865,0.9473151922732722,0.844707828691553,-1.2997099116124067,-1.0622037398935376,0.04725880806284973,-1.1748560498961906,0.26569804432697414,0.19475260754430757,0.40921458840694036,0.12494096046500745,-0.579405242971672,0.4018985756377927,-0.3459116458356346,0.8857143209743381,0.9035641991239226,1.308446356062695,0.854555118197537,1.3601752872728408,0.17662886249899126,0.4552551543681298,-0.6268735506494714,-0.21668877336157932,0.614966126633398,-1.1840797556858496,0.2401857578608338,-0.12189591353584656,-1.5349523243145726,0.22782592288036904,0.24937824001598632,0.37808766867366556,0.16171726560168576,-0.15167051525794856,0.05361345976498803,1.2598484363941804,-0.16416299842171514,0.08914113414000926,0.48846001493976055,0.698854852685363,1.2533820254064365,0.3765933592525735,-0.4121509712053047,-0.15127808671257773,-2.0294382623703324,0.1593860781755923,0.636753310781611,0.5630891094989542,0.6829249985808723,-1.121454631621849,-1.3699544765805771,-0.052103152451560324,1.0292723891173452,0.019766143581278414,-0.5254778672387351
-1.0062080656910508,-2.1199734666664924,0.76219919841052175,1.4454198377234655,1.1371195715148783,-1.8864507905479397,-1.573248953220741,-0.1285048748182349,-1.6349333148939333,0.3374596132428753,0.3190564476543597,1.0063990700409808,-0.17165401618039133,-1.1095216331617543,0.33297674358227936,-0.21912784686280778,1.4003015392720723,1.308446356062695,2.131262061961629,1.4666320311697378,2.2393725813373497,0.3931616069537521,0.41200819746010975,-1.3342937440510998,-0.813903956014878,0.9634311683286934,-1.8490021289942606,0.5019548162435576,-0.2803480183432412,-2.803619155046086,0.03986289929640179,0.5692285430604483,0.6435270699199457,0.3806622658788164,0.008720821918919687,0.10470335064230957,2.2210210491483404,-0.25712859167898877,0.0421072813640129,0.40067366308852614,1.1727234250435923,2.0662727540174757,0.36829128396888683,-0.5985057108601995,0.1070691666940757,-3.075804994351817,0.07292459096286827,1.123133390844289,0.9793630016353112,1.0447170448659024,-1.8908693761555708,-2.3725993840609103,0.09991573490032578,2.0123197846969902,0.10667963226986564,-0.6157153470786639
-1.0917498951708542,-2.928600799160802,0.34226937057664,1.4890927781565628,1.0726611845388845,-1.7609715315262853,-0.4892052190929567,-1.4166071995987393,-0.9705821155197738,-0.029042285536516298,-0.6140456497963009,0.6786748565252799,-1.0874209665171295,-0.41231704789683044,-2.428533057829385,-0.18422634269207533,1.33638291638942,0.854555118197537,1.4666320311697378,2.1601673881386656,1.914828718122853,-0.3772504679036407,0.4447758413968656,-2.08629644204084,-1.9654243671728844,-0.1563637546910343,-0.8482634760800908,1.3652964699557009,-0.8095243301831485,-1.1875889912135742,-0.3916932695138979,0.6078123259059953,0.739032020709841,-0.6029020496298464,-0.5078717331045369,-0.14720608049955625,2.0407906665202495,1.032095635870518,-0.3871928841047911,-0.7078711146868829,0.7260121988851795,1.852650158259202,0.8808235525845812,-1.46975696393766,0.026847216957758293,-2.523851646030305,-0.3156509003992345,-1.2910942650831678,0.48731810893770955,0.9180396100691645,-1.3367152457627307,-1.2296364339533037,0.31918490621751355,1.4724448932886094,0.2359784757918801,-0.6279301419663975
-1.1862438849695631,-2.7047637017958923,0.7419327229200634,1.6795258697309288,1.2894399441395763,-2.132863436955609,-1.4604988543605812,-0.566214699938633,-1.6681054872257903,0.2698434107153573,0.06440810458804364,1.0524108009564752,-0.4946920248049576,-1.0514429886445038,-0.513082828602042,-0.24164163060015023,1.59250625000701,1.3601752872728408,2.2393725813373497,1.914828718122853,2.4743739540405336,0.20247538011533994,0.48580999552921844,-1.7809933977924972,-1.3110515470054465,0.7461628981245567,-1.8051229166103273,0.8585919134612886,-0.49476954157723513,-2.704383497701425,-0.09376871723407838,0.6680570147217546,0.7723559766558272,0.11880620457391007,-0.15818735152209384,0.03875277050345902,2.499892308304926,0.12261710498815544,-0.09080543576735856,0.10205295152745962,1.2058415144707948,2.310991505679199,0.5911855575790889,-0.9726782468114114,0.0967344174376312,-3.3644915748463244,-0.04194135042344849,0.5094048569833463,0.9683103840190836,1.1625074756491878,-1.9982225712374961,-2.3617779798320635,0.1860577650861667,2.1423547970027133,0.16479137245926492,-0.7136727438147792
-0.21534764103122925,0.39917451997953207,0.14906749757966303,-0.08490110745779296,-0.09903199825674465,0.05967926453418918,-0.5573743982935222,0.656515218944402,-0.23681714937001402,0.16505329469729527,0.5596541745665394,0.38590329023356545,0.3375744004257178,-0.5088398862375803,1.4730947678059305,0.1740667509272475,0.01089925120061523,0.17662886249899126,0.3931616069537521,-0.3772504679036407,0.20247538011533994,0.5204563915082424,-0.20677014210815714,0.27727123316923297,0.43206149166809993,0.6473382577707256,-0.5503644075396437,-0.4563031145917091,0.27175258506458244,-1.1332222392068578,0.07156647412079922,0.06752311284344231,-0.043224427278796364,0.6549339987895275,0.45412838150196094,0.16057647352625867,0.19792718793194497,-0.7664751427197499,0.19904914658694042,0.44054967137174694,0.28432105773231126,0.1368864410122546,-0.4466183879017227,0.5649458977621477,0.24745244994372093,-0.19346014560206576,0.1273443502531702,1.4931259119859102,0.32766927116857986,0.03513615480840296,-0.36377670714523586,-0.7590442640129095,-0.02734886663080569,0.5082989131024229,-0.03571807742381014,0.14450901637534355
0.33616533427752693,-0.5304300743552309,0.3387532443878945,0.5175370145382009,0.5958277947787785,-0.7687866415283898,-0.3751312964131381,-0.05564723240368601,-0.6442022789808396,0.13064649324004773,-0.1279277107110631,-0.25096959265438284,0.23749811493845516,0.08016569998733836,-0.11379633441815187,-0.49808139153127634,0.4096070040571953,0.4552551543681298,0.41200819746010975,0.4447758413968656,0.48580999552921844,-0.20677014210815714,0.5448399038216745,-0.11255673512379225,0.12708489168227508,0.05202953942869653,-0.36591901012316586,0.1819475167545954,-0.08619683956329088,0.01957163702899056,0.3447607340155373,-0.05365126605039033,0.15489337555455934,-0.2732808490936405,-0.44667692414414895,-0.0516206015848286,0.32454653037288367,0.20846423589282861,0.0488720002505764,0.37068933164168266,0.16374197532335796,0.4640282820062314,0.5311933935732069,-0.448096318823357,-0.44996645454547407,-0.9852676965564646,0.17496343592491598,-0.3583269082570281,0.06647305832920825,0.33476445751310263,-0.28995278469901326,-0.18439238005449643,-0.16498668460970856,-0.028417497510132637,-0.03982644240971768,-0.4775908868203447
1.4448537419763992,2.878499927383821,-0.14073895883141244,-1.2888363344090954,-0.772229300739095,1.4138606255791715,0.27501935821108514,1.536902207945605,0.6225130398887903,0.12513311690361736,0.5954731742387941,-0.9257055179420584,1.3750779333601384,0.5095589912905746,2.624520945701376,-0.14381719095305112,-1.1944798094398918,-0.6268735506494714,-1.3342937440510998,-2.08629644204084,-1.7809933977924972,0.27727123316923297,-0.11255673512379225,2.2366913743337142,2.2719723878713096,0.2148709117787512,0.679702152135489,-1.3898543524898772,0.8393086039207986,1.3219622018810435,0.6767838903693468,-0.7111354401737079,-0.7111863240432518,0.4818703522944706,0.25329487289724417,0.12825676471026415,-2.0338496187209123,-1.0041416244952517,0.4651818028666429,1.0484247610269826,-0.6880239055186149,-1.7278281697379523,-0.6075142707429033,1.3198011492813155,-0.3435597044512938,2.106006622954512,0.4737606004221238,1.191790963983287,-0.491241346688366,-0.7828940474637134,1.2760847865527571,1.2283660640298228,-0.4699117354496222,-1.6488510047724114,-0.2898965330138813,0.36236214824438306
1.5098255908229061,2.697033295374965,0.16737566154518846,-0.9721035252358015,-0.4238531914491527,0.916588202975453,-0.2914428267494689,1.8397458636060935,0.05531004065738372,0.30109450781001834,0.8168664212669382,-0.8497736950300647,1.6911908010358816,0.26179399420454463,3.3292398491255444,-0.36599453462531156,-0.895666771162551,-0.21668877336157932,-0.813903956014878,-1.9654243671728844,-1.3110515470054465,0.43206149166809993,0.12708489168227508,2.2719723878713096,2.550277760643012,0.6114453883698664,0.11437549620292936,-1.5000882834250877,0.9191275663940075,0.662644250875209,0.9269667052607624,-0.6921931055207636,-0.619395008288849,0.6652378596543034,0.21484991918485374,0.18300353052559795,-1.6659050503593587,-1.2815885234816475,0.5997993925016396,1.5167877424185154,-0.40507525514114456,-1.3104476107751053,-0.5020742787805192,1.3200381047744072,-0.48841382298961183,1.3090747515768857,0.6495439767685436,1.7800462516744737,-0.2512821987604951,-0.5280152054502903,0.8530685521906303,0.6507403564409843,-0.5825325642252951,-1.3428384998588814,-0.32975407518207855,0.12568800816751133
-0.19630399791791714,0.08426453532460183,0.46477168615245895,0.29399919349665576,0.29275415232665936,-0.5083978883978058,-1.1268942378081332,0.8806526983296598,-0.8337119009927423,0.33407218967471547,0.7408837977931155,0.4842840494671447,0.5946318548795269,-0.7623535947430575,2.0340520344466495,-0.05546497336412605,0.3638219131462222,0.614966126633398,0.9634311683286934,-0.1563637546910343,0.7461628981245567,0.6473382577707256,0.05202953942869653,0.2148709117787512,0.6114453883698664,1.0196811617124037,-1.1348046621284806,-0.4966189938407304,0.30985494999626045,-1.81549799679901,0.2990386923094232,0.1119850751869145,0.08052559548525427,0.7976883309976378,0.3862922160929278,0.20523018823117609,0.6469734683384031,-0.9808692434992385,0.3109683737180167,0.8624531010682182,0.5900564150806474,0.6272140464904784,-0.29648785164609376,0.49066458190613677,0.10210421613571698,-1.0858561390296109,0.2841032172302314,1.9896598454042402,0.5798288078986771,0.32590418437968705,-0.8330166457109363,-1.3690384919136385,-0.12349219867386683,0.8661083470973218,-0.06385873996312257,-0.11846412004635212
0.6357908359068387,1.284491269109096,-0.7616958277799678,-1.0976883596360596,-0.9310430473717095,1.5181067327229756,1.6072292215802486,-0.40179694913209035,1.5290052360300606,-0.40469955168646937,-0.5728315162762654,-0.8101778585746637,-0.2706462597411223,1.0543490164688076,-1.2980769159919539,0.24698142028813666,-1.0907754370675333,-1.1840797556858496,-1.8490021289942606,-0.8482634760800908,-1.8051229166103273,-0.5503644075396437,-0.36591901012316586,0.679702152135489,0.11437549620292936,-1.1348046621284806,1.770841941795759,-0.05073675736970063,0.007644476591349366,2.6354475964639335,-0.2497574708954532,-0.38444743592951824,-0.4474594482483068,-0.6143403194353554,-0.13919900780212172,-0.1653259962003695,-1.7109536054530876,0.6550114751361552,-0.20509176251638475,-0.7762122955597048,-1.0393417692725981,-1.6345325301974998,-0.14539647892951835,0.15764020676293292,-0.038948088185631786,2.5695588996330363,-0.23062649658614656,-1.6910899887016835,-0.90360014108447,-0.8490726739015161,1.6150015935728628,2.173504665330302,0.039261977915055306,-1.6475824527119394,-0.019873965845947545,0.5095291856380124
-0.6676971189898584,-1.8128854867903266,-0.010399076761954208,0.756442260865778,0.480999548347634,-0.8099700468271923,0.17553056779232593,-1.2275760635866118,-0.20232464223529376,-0.1654074733293385,-0.6540189872068327,0.28283736119361236,-0.952625241651637,0.017749899162543558,-2.302122232548467,-0.022148269477427946,0.6487687239972993,0.2401857578608338,0.5019548162435576,1.3652964699557009,0.8585919134612886,-0.4563031145917091,0.1819475167545954,-1.3898543524898772,-1.5000882834250877,-0.4966189938407304,-0.05073675736970063,1.0295820984413582,-0.6195570684151205,-0.0629767716164941,-0.4138689555071497,0.3509702310044104,0.4154734247981734,-0.6471739321823343,-0.4040109707134695,-0.16424664827585014,1.0002874814036873,0.999205233622862,-0.3718472435079178,-0.8337180141269436,0.2111836232624149,0.8677962042788402,0.5939516950471417,-1.0542886834557983,0.044515430281416676,-1.0415783775593652,-0.33479878001385305,-1.5269808344163545,0.07794342980057725,0.40875562137133203,-0.4873582731346251,-0.23014293528136417,0.2741903496716028,0.6079189375712573,0.18008717757612755,-0.2827627327780394
0.4183891422617082,1.076768043129661,0.0240351671456962,-0.43427388046012977,-0.26381635973243434,0.4544053298037224,-0.12992877811287895,0.7475645461143655,0.08930077516489256,0.10812152276326031,0.3956920551192458,-0.1794568897478929,0.5918389775294697,-0.012048436607812955,1.403927680566002,-0.008691129599019918,-0.3732548697906569,-0.12189591353584656,-0.2803480183432412,-0.8095243301831485,-0.49476954157723513,0.27175258506458244,-0.08619683956329088,0.8393086039207986,0.9191275663940075,0.30985494999626045,0.007644476591349366,-0.6195570684151205,0.3739094855096787,0.027644279730849132,0.2679417798478496,-0.21448855808307107,-0.24468730480899528,0.38554327242466524,0.2279122234970832,0.09864008273735103,-0.588374047464229,-0.6030174620908365,0.22959722479859365,0.5272324644779531,-0.11720804808466072,-0.5020508839344283,-0.3388432131498679,0.6228678073974552,-0.046026266803512496,0.5817735188602478,0.21247270330737988,0.9228728738836677,-0.040720844915687046,-0.23120856968411613,0.2776509824068204,0.12291015590036453,-0.17427161573095387,-0.364475519879683,-0.11135638601655411,0.14985902614646704
1.6728449222184933,1.9297788443730373,-0.8957908748843666,-1.4081918542754628,-0.9621128279566108,1.832522696946033,2.2926400563088767,-0.5263714537267329,1.8886107765783402,-0.5068170649898458,-1.032232121721148,-1.791484722910429,0.02141718998464543,1.9396737909443804,-1.950029221251054,-0.19964846971947156,-1.5122009443885192,-1.5349523243145726,-2.803619155046086,-1.1875889912135742,-2.704383497701425,-1.1332222392068578,0.01957163702899056,1.3219622018810435,0.662644250875209,-1.81549799679901,2.6354475964639335,-0.0629767716164941,0.027644279730849132,4.639292985165566,0.08666906003205087,-0.8100955319590613,-0.6670411371751813,-1.291490976496037,-0.7318004543335266,-0.32157977632165424,-2.774075582634333,1.209230893513212,-0.22119581042151368,-0.7152915319563748,-1.6482585859938852,-2.4361492859374474,0.3045903350430558,-0.08489888918402354,-0.650898567977974,3.4387504502976296,-0.11237240350115059,-3.1036253068630635,-1.5085964669562923,-1.1375035177625283,2.5477991954047585,3.6060571115813467,-0.19688451155624925,-3.03496979316148,-0.12161794428805212,0.33718163725243966
0.6511758617102271,0.5718772366364016,0.2746137190902351,-0.0020409837721484495,0.2154795304958221,-0.17011477131000535,-0.38337030492570706,0.6201368453086531,-0.39963037064044343,0.19268088383563028,0.2444337033956405,-0.372774922941489,0.7132666523722966,0.07083262242989308,1.1477284585147134,-0.3952453539132743,-0.03204956017666718,0.22782592288036904,0.03986289929640179,-0.3916932695138979,-0.09376871723407838,0.07156647412079922,0.3447607340155373,0.6767838903693468,0.9269667052607624,0.2990386923094232,-0.2497574708954532,-0.4138689555071497,0.2679417798478496,0.08666906003205087,0.5072882032103075,-0.2414994170528103,-0.10567138492370373,0.12025563920011105,-0.14924926940693894,0.04501646397021132,-0.3029777293165316,-0.3657231886933709,0.24090795787337943,0.7511351609264784,0.005276462937513102,-0.1144307004318912,0.11114544832021893,0.20936844213669967,-0.3959491062149219,-0.20754365298893612,0.32427277980900976,0.5166669463998652,-1.90958092635788e-4,0.040835991360524,0.04960173928996968,0.003592105768773831,-0.28551028946401374,-0.37854240530602656,-0.13162886250277833,-0.23218846336348262
-0.6008136877912724,-0.8795667959534155,0.07427968841128847,0.40489035371924614,0.21121917199856804,-0.44205939529539484,-0.24121508819737297,-0.35175747323734213,-0.25436135598883136,-0.0036340250614748998,-0.03939525108425457,0.4605868235943241,-0.4059884693099093,-0.33796192792792873,-0.49518611344518554,0.13286383523276624,0.4060039974504095,0.24937824001598632,0.5692285430604483,0.6078123259059953,0.6680570147217546,0.06752311284344231,-0.05365126605039033,-0.7111354401737079,-0.6921931055207636,0.1119850751869145,-0.38444743592951824,0.3509702310044104,-0.21448855808307107,-0.8100955319590613,-0.2414994170528103,0.277614872619022,0.23231456013879515,0.03819269729667194,0.0707852011482094,0.004826538644383212,0.7668067800474075,0.1194319965191392,-0.1102997048065228,-0.26657384549736457,0.32062914949322807,0.6308928526623422,0.053093489643987725,-0.27777039237192314,0.22319689837351508,-0.7517610358120587,-0.14217595075077552,0.03788938179877773,0.26891187188008436,0.27044000100130466,-0.5469956459603533,-0.6534536442093758,0.16985463664258538,0.7422436809899666,0.09549062395860582,-0.05819354363779965
-0.4211809250064435,-1.020481571905337,0.17784718108616143,0.5594809879629109,0.4096783690291513,-0.6802726792863232,-0.3184821985383089,-0.3844739918439428,-0.44520031777308106,0.03211967725871443,-0.11638132652879561,0.3113403925546882,-0.31139282553848563,-0.2507387594246153,-0.5882483692926095,-0.06354952761226504,0.5165915011405747,0.37808766867366556,0.6435270699199457,0.739032020709841,0.7723559766558272,-0.043224427278796364,0.15489337555455934,-0.7111863240432518,-0.619395008288849,0.08052559548525427,-0.4474594482483068,0.4154734247981734,-0.24468730480899528,-0.6670411371751813,-0.10567138492370373,0.23231456013879515,0.2708092751808085,-0.10201911479224694,-0.12025135387905125,-0.023788407698511316,0.8068876248546815,0.23130214165091945,-0.09685171053962956,-0.1428710443527306,0.3345381712164283,0.7346507380058777,0.26340720575689286,-0.4483872496948017,0.031821143541314795,-1.0252319408269233,-0.07740557322378228,-0.18492396502127764,0.2500903859840055,0.3640820528179627,-0.5820837994894698,-0.6180839298724031,0.10007471455765837,0.6408623135003825,0.07611875381587963,-0.23026335389587632
-0.17878223002707894,0.6822942130782966,0.16245602381645888,-0.19947178761469572,-0.18594243168106214,0.1838434661371253,-0.6483324645516398,0.8959336496006208,-0.22974558757971875,0.20458280801519968,0.7205349210840508,0.4163769983996765,0.49044657561664823,-0.587246199898831,1.9575766033162822,0.21598288151032127,-0.07420960375886941,0.16171726560168576,0.3806622658788164,-0.6029020496298464,0.11880620457391007,0.6549339987895275,-0.2732808490936405,0.4818703522944706,0.6652378596543034,0.7976883309976378,-0.6143403194353554,-0.6471739321823343,0.38554327242466524,-1.291490976496037,0.12025563920011105,0.03819269729667194,-0.10201911479224694,0.832982170200138,0.579632224537886,0.20444360516939244,0.10170928665914213,-0.9997375980268631,0.26975064596552417,0.5908931820228637,0.29664735849979557,0.04321213266582828,-0.5954153989569029,0.7819821931971099,0.2909770009272354,-0.07323216302106399,0.17976637067337978,1.897573942686957,0.3644824817164945,-0.016526106344647296,-0.352121224962434,-0.8377207415629554,-0.05846687952746859,0.512667760625245,-0.060668508513443735,0.21174558007203273
-0.3246622288826134,0.5750057909873645,-0.09998793584612632,-0.3584174553701818,-0.4100641434580733,0.4874133472421319,-0.14032724326818327,0.4604534079610611,0.2217701751334426,0.03128583999454266,0.4354217610298711,0.3875129908006665,0.08642657856859814,-0.3700673887691351,1.022866257178803,0.39757009345768873,-0.23441409699335639,-0.15167051525794856,0.008720821918919687,-0.5078717331045369,-0.15818735152209384,0.45412838150196094,-0.44667692414414895,0.25329487289724417,0.21484991918485374,0.3862922160929278,-0.13919900780212172,-0.4040109707134695,0.2279122234970832,-0.7318004543335266,-0.14924926940693894,0.0707852011482094,-0.12025135387905125,0.579632224537886,0.5495199195788752,0.1333109094836654,-0.0695168519209143,-0.6163725072290135,0.10177051834787698,0.07427303799077487,0.08485641978536576,-0.18746857806199488,-0.5950280953279531,0.6265097170213739,0.4159991731217426,0.4529241851842133,-0.016736770581572774,1.1695804719242986,0.1695713374269397,-0.17383597572474777,-0.0603853890560629,-0.37488179232114066,0.0751517203740196,0.33450109189907207,-0.0013771742603168463,0.3692386622476872
