V1,V2,V3,V4,V5,V6,V7,V8,V9,V10,V11,V12,V13,V14,V15,V16,V17,V18,V19,V20,V21,V22,V23,V24,V25,V26,V27,V28,V29,V30,V31,V32,V33,V34,V35,V36,V37,V38,V39,V40,V41,V42,V43,V44,V45,V46,V47,V48,V49,V50,V51,V52,V53,V54,V55,V56
5343.332419236677,-1619.1213526847812,-4204.964575293781,-10104.635873520865,-20035.233138829914,1955.2941122843956,-610.893403291373,167.32677498849785,-4594.898277912135,-5916.747057232858,7911.091296779249,3191.449559577377,8218.397082334683,-13710.334192152222,9747.182234982332,-804.6673202669898,6160.462737822368,3699.5609009899767,-489.6749699832018,-2084.768808379923,-7752.8454794442,1167.5214957816813,3262.377977642904,-1853.4816229283085,-1724.3358975379824,-9504.20037921816,5047.639821199055,10456.306756592641,4599.798847982605,6945.9329625751425,9436.198842459726,-5513.082998626445,-552.328923948097,-968.9541956585874,3862.714066800001,5662.264665690754,8594.481788339779,-3178.441799892521,-6784.066586718609,4126.427726326767,-6132.074719916432,716.9886802363955,7187.527757048144,-1916.3189869217258,-7658.349791208218,-14445.40216194594,-1897.7378697978068,-9528.786189960329,-4903.038780595067,-9849.8115045134091,613.0247060163703,-9525.942487013857,4068.7979245307406,13970.98102289036,-4222.91185549802,1443.102329357913
-1619.1213526847812,490.74862461052896,1273.8261105729619,3061.6196914528578,6070.298885740729,-592.5362186206893,185.4313115434293,-50.87874685617211,1392.4114346255944,1792.7170086641702,-2396.908854057892,-967.0723622615731,-2490.0393356664854,4154.064488421912,-2953.3387856543623,243.84480660752746,-1866.8102548183958,-1120.9856575137085,148.51474664479423,631.9438007322561,2348.892995307699,-353.8080048311142,-988.7874265451694,561.637078151142,522.3855771066994,2879.580383117846,-1529.3480474983237,-3168.429234918531,-1393.6875529031554,-2104.3626276544787,-2858.7422836587175,1670.2964134633478,167.24269078244933,293.6933084365896,-1170.2032180761285,-1715.6588058093364,-2603.800122793232,962.6812536425809,2055.306237505481,-1250.1527831479102,1858.0689092048833,-217.47609548961464,-2177.9254610592166,580.7078052445231,2320.4214801260255,4376.675165430578,574.9701488565796,2886.9943962919783,1485.4836477294753,2984.549981845321,-185.64965948662424,2886.3745267236327,-1232.8079792406531,-4232.930776987999,1279.4040824441267,-437.2017798073643
-4204.964575293781,1273.8261105729619,3310.134792395663,7952.908207497817,15769.465162544553,-1538.7248838243554,480.0852384083077,-131.1763625056685,3615.8244754812463,4656.7772904655985,-6226.678499577554,-2511.4549886198192,-6468.538000730398,10790.840234122219,-7671.378622736229,633.259318404378,-4847.9358673230145,-2911.497637449715,385.13675655725467,1640.210317281881,6102.219225065686,-918.8774426589039,-2566.8695243123007,1458.6162148973026,1357.3712561327216,7480.563527730716,-3972.7746443312517,-8228.900138944668,-3620.2258366359115,-5467.210871206303,-7427.61478652604,4339.433344462403,435.0518578009537,762.4505304834829,-3040.6162541805534,-4456.509089401854,-6765.06590411977,2502.5995827899137,5339.911474583377,-3248.031766527952,4826.137749941059,-563.7609542691793,-5656.627840747994,1508.0302385604302,6027.323627110421,11369.561016223119,1493.7771212621606,7500.017893684625,3859.1083731305844,7751.884907453985,-482.73321811980503,7497.124036737938,-3202.308918312895,-10996.096598361459,3323.9575369206254,-1135.8387498767834
-10104.635873520865,3061.6196914528578,7952.908207497817,19111.10311336752,37893.83240887062,-3698.3824751017273,1156.1100536048643,-315.9608156854868,8689.552552999856,11190.142315668769,-14962.421954789334,-6034.902039280427,-15543.9160011876,25930.11730344543,-18434.160067432902,1522.1102159252916,-11650.78409483612,-6996.134913019657,926.793220504373,3943.388906996159,14662.59890492198,-2208.9548559734494,-6170.018570184058,3505.134552494666,3261.5537315570605,17975.190743668878,-9545.990149947807,-19775.156262092587,-8699.012829430825,-13136.2733118596,-17846.557681007784,10427.231935527358,1045.1217087293107,1833.2526784148017,-7305.879288217995,-10709.783471832845,-16255.619369989252,6012.142688161087,12830.586362988617,-7804.461955041483,11598.440314650648,-1356.2560490680717,-13594.272050116344,3624.2185322446157,14483.007451843268,27319.786880459433,3589.7927446078425,18021.808679955182,9272.612568251097,18628.370386370305,-1159.5857359330562,18016.013285858306,-7694.9400409787695,-26422.067664641472,7987.149209048115,-2728.8576681814643
-20035.233138829914,6070.298885740729,15769.465162544553,37893.83240887062,75136.976566626,-7333.15501915511,2292.0726871843117,-626.1724191889664,17229.39274725407,22187.96345814665,-29667.864448914,-11965.780765119973,-30820.890465007386,51414.66265200906,-36551.38126679794,3018.0656761647624,-23100.96244591833,-13871.825555866304,1837.602661814049,7818.758115142866,29073.35743045309,-4380.032634793231,-12233.596809278677,6949.911916283913,6467.2130254983795,35641.61168559673,-18927.877492726697,-39210.01128790555,-17248.445925430267,-26046.9457049897,-35386.84544939576,20675.495968340263,2072.514969384661,3634.9958405937587,-14486.481010638146,-21235.616644557467,-32232.382161760346,11921.562353943711,25440.92701898377,-15474.986199745284,22997.603168834765,-2688.955373681342,-26954.826445282943,7186.036264822668,28716.895335547524,54170.14844255961,7118.047911444897,35734.113583740414,18385.90515150274,36936.34157855322,-2299.3925872760638,35722.24188784895,-15257.581708867667,-52390.05346239705,15837.240978063739,-5410.786572945621
1955.2941122843956,-592.5362186206893,-1538.7248838243554,-3698.3824751017273,-7333.15501915511,715.9202228450317,-224.35175438243408,61.24967006512651,-1681.6394065631932,-2165.4284934072207,2895.422713929448,1167.6980388938046,3008.050751553614,-5017.801609688691,3567.1875546706015,-294.66804798537623,2254.818318091514,1353.724873428497,-179.71446602547195,-763.5943191372963,-2837.177438100872,427.7580564588098,1194.3869032832065,-678.2790251755272,-631.1534454512455,-3478.341092746852,1847.1002552224322,3826.954910680362,1683.2462281399582,2541.6951709498667,3453.1373751151905,-2017.7813372166986,-202.23792657494818,-355.08035840799624,1413.6809601147959,2072.771746784981,3145.6370894076713,-1163.1775075273529,-2482.6402076220343,1510.180800377084,-2244.8496561152406,262.82199023783255,2631.073592450282,-701.4224311153495,-2802.409724083674,-5286.440295910904,-694.8057194951635,-3487.347397268798,-1794.1576532779964,-3604.948783976783,224.32594372111126,-3486.433242572626,1489.0046898884314,5112.605444783422,-1545.6110008524277,527.8974705629993
-610.893403291373,185.4313115434293,480.0852384083077,1156.1100536048643,2292.0726871843117,-224.35175438243408,71.83533828986137,-19.491636780677187,525.8549360108361,676.6796272726563,-904.8001803119711,-364.6208129027428,-940.2591115208097,1568.0436939558926,-1114.6298261349273,92.3968176171289,-705.3549264509509,-422.77485881694713,57.1462321473729,239.99480137601287,886.003060732399,-134.44416045474296,-374.4156688178713,211.95725541609195,197.20455085003246,1086.7222450389745,-576.7834497342797,-1196.575699967516,-525.702382584404,-793.3513254870365,-1077.9643920942399,630.4520424835359,63.13224869540804,111.8139042378151,-441.4575171811825,-648.4967648444281,-982.8232542834505,362.71197475493966,775.1344885999489,-471.67895617299286,702.5777724746486,-83.1575875412197,-823.3115647487051,219.46063928068358,875.1724551244644,1651.2470254387179,217.4509437389644,1089.483419773513,560.1127662903106,1126.9297221871045,-69.88695657210889,1089.82526052895,-465.1562796625379,-1596.6336515507674,482.94931686391834,-164.52381002285668
167.32677498849785,-50.87874685617211,-131.1763625056685,-315.9608156854868,-626.1724191889664,61.24967006512651,-19.491636780677187,5.489970917163502,-143.97573618521122,-185.01820529833537,247.26200645144186,99.97070879776683,256.8804430785256,-428.67066142559656,304.8637858545794,-25.196558172431725,192.97358518234148,115.79524305512192,-15.463219475418718,-65.51823964500915,-242.25565306276948,36.53891136059354,102.42233973365448,-58.03882893462361,-53.80876256982012,-297.05902423616425,157.816883908744,327.3432341448506,143.85184753901322,216.9802314936174,294.6360493599323,-172.22127320950895,-17.105896389471198,-30.400875696640252,120.55669942180361,177.07015207191128,268.37595468698703,-98.88939660643146,-211.8785255974958,128.8724823631837,-191.8339155875673,22.70763893056983,224.937836177229,-60.03103922113104,-239.55174886888747,-451.5480707801834,-59.27353599301845,-297.7769071690099,-153.22370351637943,-308.21452307694256,19.043034767190665,-298.0181674210387,127.24763768217575,436.73901489666287,-131.90019864391678,45.093292291036995
-4594.898277912135,1392.4114346255944,3615.8244754812463,8689.552552999856,17229.39274725407,-1681.6394065631932,525.8549360108361,-143.97573618521122,3951.4376338709753,5088.0721940708045,-6803.1116074474,-2744.3560848439442,-7067.463416742071,11790.133586895985,-8381.994130793842,692.0689022448112,-5297.856706962012,-3181.319187189588,421.399119538181,1793.1979949760982,6666.840688210249,-1004.2538598615226,-2805.8009737985094,1593.8815076629116,1482.8378433206028,8173.021579213521,-4340.551920206693,-8992.018424155436,-3955.469882137703,-5972.84184091162,-8114.2907105366985,4740.935412611399,474.97120156095895,833.5154840794046,-3321.645372564877,-4869.4835568365015,-7390.765911815834,2733.089562091446,5833.7290664951415,-3548.4371948389858,5273.586660829133,-616.8735650767402,-6181.218716094434,1648.003283483474,6585.559700430544,12422.01897577016,1632.0657515197192,8194.15279715891,4216.170479061738,8470.396772304433,-527.1126101951287,8191.8733994720205,-3498.888872946214,-12013.94508257742,3631.472959084763,-1240.8461213305159
-5916.747057232858,1792.7170086641702,4656.7772904655985,11190.142315668769,22187.96345814665,-2165.4284934072207,676.6796272726563,-185.01820529833537,5088.0721940708045,6552.23387157344,-8760.993353215074,-3533.7822949097863,-9101.420806647155,15182.995090127306,-10793.912222959292,891.1895240220803,-6821.903755001253,-4096.591044534838,542.4933429350149,2308.79198541152,8585.556366419278,-1293.2511189289926,-3612.640812567924,2052.413614674625,1909.7228818123594,10525.127407760583,-5589.6119874630895,-11579.045590800208,-5093.663239195227,-7691.895559281663,-10449.90710735495,6105.478275194948,611.9117274942355,1073.2720310768516,-4277.843284069365,-6270.786147745653,-9518.152766693138,3520.323981984394,7512.834257149715,-4569.790875246083,6791.081322742514,-794.001014009228,-7959.7397785367575,2122.086007627728,8480.483672455299,15996.832422884407,2101.8505575367135,10552.417482390052,5429.543493825048,10907.563529393949,-678.9836617129433,10548.99800456133,-4505.705953670348,-15471.265192416979,4676.719093221622,-1597.9361238642487
7911.091296779249,-2396.908854057892,-6226.678499577554,-14962.421954789334,-29667.864448914,2895.422713929448,-904.8001803119711,247.26200645144186,-6803.1116074474,-8760.993353215074,11714.41607297987,4724.8500868577785,12169.638820866487,-20301.23423967649,14432.482263099331,-1191.6375417234444,9121.453889813483,5477.430785425465,-725.4258439644282,-3087.083732931361,-11479.779653647767,1729.316134322783,4830.368935156304,-2744.2239422557136,-2553.5671068857105,-14073.213932773093,7473.820225794055,15482.193194110669,6810.677433263756,10284.843685645861,13972.702580985206,-8163.748183096723,-818.2949148475569,-1435.142764934342,5720.0215606266265,8384.795014068639,12726.969847090346,-4707.258371552475,-10045.489550175322,6110.346966411627,-9080.480872340433,1061.6241680204575,10643.030216827125,-2837.4112672343185,-11339.11097237827,-21389.368993702126,-2810.490511024484,-14109.731992416948,-7259.82221774659,-14584.427967827178,907.923874072816,-14105.026260177065,6024.545444798208,20686.56301007394,-6253.344732197465,2136.5510464281033
3191.449559577377,-967.0723622615731,-2511.4549886198192,-6034.902039280427,-11965.780765119973,1167.6980388938046,-364.6208129027428,99.97070879776683,-2744.3560848439442,-3533.7822949097863,4724.8500868577785,1906.242978352792,4908.32964992758,-8188.47880735682,5821.565595798723,-480.527934424682,3679.3182466209896,2209.67737892172,-292.2912535899442,-1244.949991683479,-4630.4538138567905,697.1310712974891,1948.3627464167346,-1107.0302256441685,-1029.8156854307442,-5676.383115660082,3014.7975087284503,6245.0462755546905,2747.3123681428315,4148.580979087658,5635.84375750071,-3292.6340905517063,-329.8177664063658,-578.5501832976084,2306.976142282389,3381.611428480313,5132.927350638665,-1898.2811461563347,-4051.8301859936873,2464.4951694309775,-3662.1656183540204,428.1076059619897,4292.57133453681,-1144.507568840621,-4574.124118416995,-8627.627755597481,-1133.3138712712555,-5691.055928852891,-2928.431655629329,-5882.806184382268,366.12201919473057,-5689.360261950767,2430.135291946201,8344.36148151316,-2522.077741669313,861.9847902607512
8218.397082334683,-2490.0393356664854,-6468.538000730398,-15543.9160011876,-30820.890465007386,3008.050751553614,-940.2591115208097,256.8804430785256,-7067.463416742071,-9101.420806647155,12169.638820866487,4908.32964992758,12642.611453568697,-21090.101317159097,14993.247062881945,-1238.0061971605,9475.969648788136,5690.177586860317,-753.8058080364988,-3207.274369897182,-11925.760126783909,1796.6875652325334,5018.228912250638,-2850.8341881806055,-2652.8168517242925,-14620.04254952673,7764.13754603794,16083.844004366449,7075.245075290677,10684.329385517774,14515.499958826815,-8480.995690212292,-850.123202433811,-1491.0830298536184,5942.277844313329,8710.78486879419,13221.5704869909,-4890.127003697084,-10435.741960199917,6347.76506693381,-9433.556432794961,1103.039578747177,11056.802420628313,-2947.6993081553874,-11779.561940442843,-22220.37128871895,-2919.796175713145,-14657.980914932248,-7541.8145025182075,-15151.175800472749,943.1882662782417,-14653.149152794796,6258.602864833199,21490.18035151375,-6496.36461874651,2219.475565420014
-13710.334192152222,4154.064488421912,10790.840234122219,25930.11730344543,51414.66265200906,-5017.801609688691,1568.0436939558926,-428.67066142559656,11790.133586895985,15182.995090127306,-20301.23423967649,-8188.47880735682,-21090.101317159097,35182.43491719003,-25011.88844340703,2065.1020449288244,-15807.832836156736,-9492.65685069029,1257.1182843646575,5350.002898055262,19894.67077046762,-2996.8167146994524,-8371.265875576373,4755.871777494922,4425.293362233506,24389.11220445819,-12952.357881452546,-26831.1799264901,-11803.127211773035,-17823.844811540133,-24214.833883120482,14147.81792836872,1417.9886430968954,2487.0548647578885,-9912.778557482594,-14530.890865470546,-22055.816977893297,8157.487786452439,17408.95537569242,-10589.269975218429,15736.533630045775,-1839.87110589165,-18444.546551077307,4917.3385936592185,19651.106417938652,37068.24773444728,4870.515280379748,24452.363788182764,12581.455944782065,25275.24086168307,-1573.381703415858,24444.378610771495,-10440.713110221079,-35850.35038314861,10837.05802655133,-3702.7484877599604
9747.182234982332,-2953.3387856543623,-7671.378622736229,-18434.160067432902,-36551.38126679794,3567.1875546706015,-1114.6298261349273,304.8637858545794,-8381.994130793842,-10793.912222959292,14432.482263099331,5821.565595798723,14993.247062881945,-25011.88844340703,17781.554220886388,-1468.0727768136353,11238.198864692089,6748.678575337181,-893.5849961009334,-3803.3429378780047,-14143.550313919402,2130.3321247169006,5951.334179248052,-3381.111552751776,-3145.9540804791604,-17338.68409789903,9208.190345318251,19074.972821048355,8391.177845541682,12671.401536232246,17214.773761858567,-10057.868924650002,-1007.9660019316655,-1767.9669803265763,7047.100481353721,10330.133924839036,15679.695006967919,-5799.132020787515,-12376.357175170835,7528.069240463829,-11187.231434287372,1307.9722660705868,13112.480902687306,-3495.8561765051045,-13970.581738721841,-26352.65301301092,-3462.416860318379,-17383.62408947049,-8944.484224045998,-17968.763030841033,1118.5048799734252,-17378.049090169952,7422.571620543432,25486.91675949922,-7704.186531892557,2632.4456809952735
-804.6673202669898,243.84480660752746,633.259318404378,1522.1102159252916,3018.0656761647624,-294.66804798537623,92.3968176171289,-25.196558172431725,692.0689022448112,891.1895240220803,-1191.6375417234444,-480.527934424682,-1238.0061971605,2065.1020449288244,-1468.0727768136353,121.28878696657682,-927.9828926576891,-557.0977497944654,74.00828718859736,314.30882113021556,1167.6340516773655,-176.0935444679148,-491.57856259600885,279.13755483018315,259.7668790705364,1431.5263324070922,-760.1550145691394,-1574.9920858892747,-692.7236990256205,-1046.0114037679134,-1421.1342018486907,830.4426050430029,83.24956210929145,146.17885844951934,-581.8153664841075,-853.1069452118371,-1294.6374186574276,478.72546201831244,1021.7291971421203,-621.5255941154504,923.9370654168291,-108.19579461291032,-1082.8788113243963,288.6764348427468,1153.2936292863722,2175.6252498222525,285.98131564520185,1435.236380355617,738.3674492279698,1483.6282956719458,-92.32485580001338,1434.8578086097973,-612.7930076644756,-2104.0597786854846,636.1190385815179,-217.23246235505462
6160.462737822368,-1866.8102548183958,-4847.9358673230145,-11650.78409483612,-23100.96244591833,2254.818318091514,-705.3549264509509,192.97358518234148,-5297.856706962012,-6821.903755001253,9121.453889813483,3679.3182466209896,9475.969648788136,-15807.832836156736,11238.198864692089,-927.9828926576891,7103.189262097876,4265.23407933588,-565.2235755243595,-2404.4891160998513,-8938.585108545645,1346.707341557257,3762.0264888797115,-2136.9617494213962,-1988.206090156841,-10958.113969119378,5819.530900696791,12056.140937127942,5303.239417794613,8008.0207719001,10879.280889191925,-6356.568967007195,-636.9187077908517,-1117.764360986777,4453.602937580119,6529.082660214886,9909.484530175936,-3664.5237491446655,-7821.612151509749,4757.650319366529,-7070.94204076314,827.2249143850692,8287.805694974886,-2209.599161883268,-8829.440252054399,-16654.867433876552,-2188.3747279121185,-10986.463624744396,-5652.772335522177,-11356.794431289341,706.7506656170842,-10983.386687122695,4691.123892516706,16107.618709041562,-4869.041131420717,1663.5565134173141
3699.5609009899767,-1120.9856575137085,-2911.497637449715,-6996.134913019657,-13871.825555866304,1353.724873428497,-422.77485881694713,115.79524305512192,-3181.319187189588,-4096.591044534838,5477.430785425465,2209.67737892172,5690.177586860317,-9492.65685069029,6748.678575337181,-557.0977497944654,4265.23407933588,2561.4848503031412,-338.9354595808249,-1443.2819816886363,-5367.924293410446,808.2883933671708,2258.635228027505,-1283.2908796186869,-1193.8956988137625,-6580.477910577465,3494.8843194265055,7239.558151919122,3184.797018413203,4809.272718715561,6533.503240184751,-3817.1302302966783,-382.44013177727345,-670.791704168475,2674.4863272343205,3920.3257311716993,5950.632139894971,-2200.7828711571715,-4697.1836147796985,2857.0606936528475,-4245.575162207624,496.3041319765723,4976.326656402898,-1326.7713669739026,-5302.469238605645,-10001.673710690726,-1313.9191225638608,-6597.510045258904,-3394.7850553228977,-6819.677988423637,424.4727927556122,-6595.452965518552,2817.1335823672607,9673.221099568947,-2923.845685397164,999.2056838782413
-489.6749699832018,148.51474664479423,385.13675655725467,926.793220504373,1837.602661814049,-179.71446602547195,57.1462321473729,-15.463219475418718,421.399119538181,542.4933429350149,-725.4258439644282,-292.2912535899442,-753.8058080364988,1257.1182843646575,-893.5849961009334,74.00828718859736,-565.2235755243595,-338.9354595808249,45.58974371296551,192.04249570413677,710.4778184285329,-107.64358632165161,-299.80778062697914,169.89323653119658,158.14845709514668,871.3197184789067,-462.4862324657695,-959.0291636141059,-421.4984446187279,-636.2690326118786,-864.5643357157926,505.5185799400049,50.69114762600062,89.45854571498957,-354.0610223914188,-519.767784930497,-788.1087380456469,291.1177943862227,621.6417863081941,-378.25059631911944,563.0437766490596,-66.38044311462822,-659.7886880523437,175.8526203746662,701.6876959332819,1323.9897655415682,174.3037672626211,873.5626995397873,449.1713085969083,903.3054325860315,-56.11500727121621,873.5987306098172,-372.9332461022986,-1280.2433573604387,387.24866309300086,-131.9849152461448
-2084.768808379923,631.9438007322561,1640.210317281881,3943.388906996159,7818.758115142866,-763.5943191372963,239.99480137601287,-65.51823964500915,1793.1979949760982,2308.79198541152,-3087.083732931361,-1244.949991683479,-3207.274369897182,5350.002898055262,-3803.3429378780047,314.30882113021556,-2404.4891160998513,-1443.2819816886363,192.04249570413677,814.7837634718943,3024.7319287624096,-456.3895279838452,-1274.0431903939157,723.2071177271806,672.8961921338004,3708.4958654402335,-1969.2186716911856,-4080.6978327804563,-1794.5735517589756,-2709.551578272868,-3681.192584718465,2151.2836080720526,215.5523854589738,378.95174769078335,-1507.0879439684086,-2210.3068711483643,-3353.722748392222,1239.738280826175,2646.6667714433256,-1610.0221847278438,2393.9193879976497,-280.70760064416487,-2805.757726196868,747.9994505168071,2987.7480913432305,5636.104243498809,740.9138998684931,3718.0625485783476,1912.7001500881547,3843.8412448604886,-239.05637632830192,3717.4307631698043,-1587.532916289813,-5450.653471076759,1647.8782793601472,-562.6660719513567
-7752.8454794442,2348.892995307699,6102.219225065686,14662.59890492198,29073.35743045309,-2837.177438100872,886.003060732399,-242.25565306276948,6666.840688210249,8585.556366419278,-11479.779653647767,-4630.4538138567905,-11925.760126783909,19894.67077046762,-14143.550313919402,1167.6340516773655,-8938.585108545645,-5367.924293410446,710.4778184285329,3024.7319287624096,11250.112489378067,-1694.315983055237,-4733.2445923678415,2689.308531434533,2502.3932612233907,13791.451060331647,-7324.356946798483,-15171.999445857915,-6674.450913381909,-10079.24187173304,-13693.254626679438,8000.233683334305,801.8647142165635,1406.0260730021907,-5605.524571146804,-8216.511324951063,-12472.021175387463,4613.146901607095,9844.543397381593,-5988.032812505439,8898.146963883404,-1039.987551898925,-10429.431609493353,2780.5077523835666,11112.359886856231,20961.33582357722,2754.015003452396,13827.240838720412,7114.674092177758,14292.270438664897,-889.7902954111385,13822.4701668921,-5903.985138160836,-20272.761281168874,6128.0732849498645,-2093.9708051327543
1167.5214957816813,-353.8080048311142,-918.8774426589039,-2208.9548559734494,-4380.032634793231,427.7580564588098,-134.44416045474296,36.53891136059354,-1004.2538598615226,-1293.2511189289926,1729.316134322783,697.1310712974891,1796.6875652325334,-2996.8167146994524,2130.3321247169006,-176.0935444679148,1346.707341557257,808.2883933671708,-107.64358632165161,-456.3895279838452,-1694.315983055237,255.78074906002456,713.5242178836845,-405.0253633789993,-377.0141784212035,-2077.3628647681376,1102.9746064953968,2285.57545802805,1005.1386122819208,1517.742084896009,2062.1527222422114,-1205.1652194024132,-120.87740127791953,-212.35627490790384,844.3295849454704,1238.2419345660044,1878.8703117097143,-694.7238074747765,-1482.6053703390255,901.9385446628679,-1341.0899429957033,157.19226228465686,1571.6962268088844,-418.9457866602089,-1673.3770268378755,-3157.014249625771,-415.150868658154,-2082.757298694794,-1071.3545059928067,-2152.99420840046,133.97569714415505,-2082.2342281275974,889.1986848221501,3053.048839341782,-923.1754345429175,315.1090976645686
3262.377977642904,-988.7874265451694,-2566.8695243123007,-6170.018570184058,-12233.596809278677,1194.3869032832065,-374.4156688178713,102.42233973365448,-2805.8009737985094,-3612.640812567924,4830.368935156304,1948.3627464167346,5018.228912250638,-8371.265875576373,5951.334179248052,-491.57856259600885,3762.0264888797115,2258.635228027505,-299.80778062697914,-1274.0431903939157,-4733.2445923678415,713.5242178836845,1992.8807766012706,-1131.6829025973695,-1052.8410891640442,-5802.888503338695,3081.6231206291077,6384.919575735437,2808.27948797,4240.2963323457825,5760.662150171331,-3366.1266851162186,-337.213906529011,-592.3407300669338,2358.2686562478334,3457.9215907609164,5247.535400122188,-1940.1153578031867,-4141.676234807935,2519.3304885087855,-3745.0300568864996,438.6115019556468,4389.485165566581,-1170.278035748326,-4675.531233960489,-8819.461073551543,-1159.0148619476245,-5817.863272399392,-2993.236841682121,-6014.402365389558,374.13920223722073,-5816.608460705736,2484.193179223269,8529.534447377031,-2578.411644866112,880.754177955685
-1853.4816229283085,561.637078151142,1458.6162148973026,3505.134552494666,6949.911916283913,-678.2790251755272,211.95725541609195,-58.03882893462361,1593.8815076629116,2052.413614674625,-2744.2239422557136,-1107.0302256441685,-2850.8341881806055,4755.871777494922,-3381.111552751776,279.13755483018315,-2136.9617494213962,-1283.2908796186869,169.89323653119658,723.2071177271806,2689.308531434533,-405.0253633789993,-1131.6829025973695,642.9345095085118,598.1490452632764,3296.835894433542,-1750.9167011256584,-3627.1072020117113,-1595.5729044835052,-2409.3930970869815,-3273.2292979557865,1912.3990801593577,191.6030243690993,336.14527025013035,-1339.908823612708,-1964.1718569384266,-2981.292330689579,1102.5474423767294,2353.259593133485,-1431.3839777698183,2127.149202108034,-248.73611795248004,-2493.261779049798,664.7400399478425,2656.512112658415,5010.827194110167,658.31183739824,3305.365797637386,1700.7571317836287,3416.7239472727583,-212.64753493316522,3304.383112048392,-1411.3847811168694,-4846.244579795901,1464.861952847408,-500.5677319256016
-1724.3358975379824,522.3855771066994,1357.3712561327216,3261.5537315570605,6467.2130254983795,-631.1534454512455,197.20455085003246,-53.80876256982012,1482.8378433206028,1909.7228818123594,-2553.5671068857105,-1029.8156854307442,-2652.8168517242925,4425.293362233506,-3145.9540804791604,259.7668790705364,-1988.206090156841,-1193.8956988137625,158.14845709514668,672.8961921338004,2502.3932612233907,-377.0141784212035,-1052.8410891640442,598.1490452632764,556.6778323978145,3067.7257914880997,-1629.1161782112085,-3374.6978129470717,-1484.5577274281065,-2241.9114895743573,-3045.8751236777057,1779.6096717056898,178.44456900898487,312.86452042199676,-1246.9318674852498,-1827.7857567590204,-2774.389735991837,1026.255050733229,2189.7787010444167,-1331.9882048974523,1979.4257324997834,-231.37240549870313,-2319.9874087086982,618.4734022987348,2471.614169160266,4662.466879088489,612.6946844348317,3075.7053570714584,1582.491086570247,3179.054678195236,-197.94961293199452,3074.5814832790447,-1313.2104357106614,-4509.230165970347,1363.1728697021722,-465.69989404360985
-9504.20037921816,2879.580383117846,7480.563527730716,17975.190743668878,35641.61168559673,-3478.341092746852,1086.7222450389745,-297.05902423616425,8173.021579213521,10525.127407760583,-14073.213932773093,-5676.383115660082,-14620.04254952673,24389.11220445819,-17338.68409789903,1431.5263324070922,-10958.113969119378,-6580.477910577465,871.3197184789067,3708.4958654402335,13791.451060331647,-2077.3628647681376,-5802.888503338695,3296.835894433542,3067.7257914880997,16907.03393734276,-8978.85624680458,-18599.693537082712,-8182.167273142507,-12355.95943252216,-16786.386095039772,9807.57855638532,983.0259334737681,1723.9605578373337,-6871.808714127887,-10072.997228821845,-15289.607045109717,5655.127182162755,12068.338103381915,-7340.739783995427,10908.720986856508,-1275.2547138762022,-12785.934282553064,3408.7323546889224,13622.538589983633,25696.494067834654,3376.315144878308,16950.89956847754,8721.771922285823,17521.15777884556,-1090.7514946321912,16945.21509626173,-7237.701685456233,-24852.24796154482,7512.489128434711,-2566.864232459199
5047.639821199055,-1529.3480474983237,-3972.7746443312517,-9545.990149947807,-18927.877492726697,1847.1002552224322,-576.7834497342797,157.816883908744,-4340.551920206693,-5589.6119874630895,7473.820225794055,3014.7975087284503,7764.13754603794,-12952.357881452546,9208.190345318251,-760.1550145691394,5819.530900696791,3494.8843194265055,-462.4862324657695,-1969.2186716911856,-7324.356946798483,1102.9746064953968,3081.6231206291077,-1750.9167011256584,-1629.1161782112085,-8978.85624680458,4768.565221236027,9877.81682938188,4345.44745200678,6562.089815427868,8914.89061966658,-5208.449283435314,-521.9641645733026,-915.3125367664019,3649.3798125703815,5349.2276902314825,8119.691542172724,-3003.2074772221263,-6409.2267891707115,3898.4422970198602,-5792.998680554834,677.0870564644592,6789.991607628348,-1810.2653888162322,-7234.818286232447,-13646.864924932914,-1792.9020974984655,-9002.13511865691,-4632.02912162543,-9305.017727174962,579.2553583129525,-8999.12454130183,3843.812654773381,13198.631231302517,-3989.5886272785074,1363.3286342305016
10456.306756592641,-3168.429234918531,-8228.900138944668,-19775.156262092587,-39210.01128790555,3826.954910680362,-1196.575699967516,327.3432341448506,-8992.018424155436,-11579.045590800208,15482.193194110669,6245.0462755546905,16083.844004366449,-26831.1799264901,19074.972821048355,-1574.9920858892747,12056.140937127942,7239.558151919122,-959.0291636141059,-4080.6978327804563,-15171.999445857915,2285.57545802805,6384.919575735437,-3627.1072020117113,-3374.6978129470717,-18599.693537082712,9877.81682938188,20462.956070909127,9001.447943197272,13592.628971028587,18466.2553567669,-10789.308348585351,-1081.1437759600044,-1896.932448072055,7559.424358542503,11081.802459644958,16819.88702439522,-6220.3291940237295,-13276.177337755576,8075.4500277947545,-12001.401579980437,1403.670428641341,14066.7768876361,-3750.30806120626,-14986.640931847376,-28269.136776451993,-3714.331608777962,-18647.84760401154,-9594.83513127354,-19276.071252550468,1199.7004774006648,-18642.3184912437,7962.438799539865,27340.348329841265,-8264.454892594478,2823.7505865908083
4599.798847982605,-1393.6875529031554,-3620.2258366359115,-8699.012829430825,-17248.445925430267,1683.2462281399582,-525.702382584404,143.85184753901322,-3955.469882137703,-5093.663239195227,6810.677433263756,2747.3123681428315,7075.245075290677,-11803.127211773035,8391.177845541682,-692.7236990256205,5303.239417794613,3184.797018413203,-421.4984446187279,-1794.5735517589756,-6674.450913381909,1005.1386122819208,2808.27948797,-1595.5729044835052,-1484.5577274281065,-8182.167273142507,4345.44745200678,9001.447943197272,3959.8816129052325,5979.802024191244,8123.817721510027,-4746.298959979559,-475.63320391385395,-834.1383819467031,3325.5466708078843,4874.631630334397,7399.211359167676,-2736.66521652468,-5840.506630426063,3552.519946248869,-5279.045561022457,617.0744724880533,6187.590866022289,-1649.664827133235,-6592.884378499071,-12435.977355427638,-1633.8270866365854,-8203.373716101192,-4221.014735286964,-8479.444633728353,527.840519256948,-8200.68454454156,3502.759588139742,12027.508591755062,-3635.5876658227326,1242.3463968508368
6945.9329625751425,-2104.3626276544787,-5467.210871206303,-13136.2733118596,-26046.9457049897,2541.6951709498667,-793.3513254870365,216.9802314936174,-5972.84184091162,-7691.895559281663,10284.843685645861,4148.580979087658,10684.329385517774,-17823.844811540133,12671.401536232246,-1046.0114037679134,8008.0207719001,4809.272718715561,-636.2690326118786,-2709.551578272868,-10079.24187173304,1517.742084896009,4240.2963323457825,-2409.3930970869815,-2241.9114895743573,-12355.95943252216,6562.089815427868,13592.628971028587,5979.802024191244,9030.329464822647,12268.187502573619,-7167.496301710962,-718.3919334079592,-1259.4473369350314,5022.103613768674,7361.047557298096,11173.810875022582,-4133.110011446874,-8819.985899206238,5364.789192967166,-7971.656508361917,931.4898554569339,9343.554690557454,-2491.0283081708417,-9955.857738780056,-18779.676688990927,-2467.2482828064603,-12388.030779006147,-6374.257050050117,-12804.521861559022,797.2134107955395,-12383.630487326802,5289.490198216262,18162.860959830698,-5490.1975662341,1876.1322329208995
9436.198842459726,-2858.7422836587175,-7427.61478652604,-17846.557681007784,-35386.84544939576,3453.1373751151905,-1077.9643920942399,294.6360493599323,-8114.2907105366985,-10449.90710735495,13972.702580985206,5635.84375750071,14515.499958826815,-24214.833883120482,17214.773761858567,-1421.1342018486907,10879.280889191925,6533.503240184751,-864.5643357157926,-3681.192584718465,-13693.254626679438,2062.1527222422114,5760.662150171331,-3273.2292979557865,-3045.8751236777057,-16786.386095039772,8914.89061966658,18466.2553567669,8123.817721510027,12268.187502573619,16667.164150442204,-9737.622990333119,-976.1217299463548,-1711.199327989099,6822.964509355304,10000.656649439505,15180.618649245167,-5615.336353998766,-11982.53658724195,7288.475901519045,-10830.229236732723,1265.5189074792127,12693.952034600507,-3384.19070670221,-13525.392781150764,-25513.26621825127,-3352.07599580343,-16829.991304713596,-8659.73996645413,-17395.64063867525,1083.121721779237,-16823.881204417114,7186.033411073429,24675.170461165835,-7458.902111203818,2548.7356037812215
-5513.082998626445,1670.2964134633478,4339.433344462403,10427.231935527358,20675.495968340263,-2017.7813372166986,630.4520424835359,-172.22127320950895,4740.935412611399,6105.478275194948,-8163.748183096723,-3292.6340905517063,-8480.995690212292,14147.81792836872,-10057.868924650002,830.4426050430029,-6356.568967007195,-3817.1302302966783,505.5185799400049,2151.2836080720526,8000.233683334305,-1205.1652194024132,-3366.1266851162186,1912.3990801593577,1779.6096717056898,9807.57855638532,-5208.449283435314,-10789.308348585351,-4746.298959979559,-7167.496301710962,-9737.622990333119,5689.331423525903,570.3308863524013,1000.131690862275,-3986.329063153667,-5843.33221167,-8869.490516778793,3280.6363735455247,7000.718306461544,-4258.31831593691,6328.132177977435,-739.7581346870044,-7417.0235695429865,1977.338061638207,7902.099996067594,14906.148834800995,1958.6535011417739,9833.047203959655,5059.3406192522725,10163.71876335597,-632.7710465368542,9829.653545215713,-4198.4538365575845,-14416.34673036568,4357.975793105284,-1488.9451048138797
-552.328923948097,167.24269078244933,435.0518578009537,1045.1217087293107,2072.514969384661,-202.23792657494818,63.13224869540804,-17.105896389471198,474.97120156095895,611.9117274942355,-818.2949148475569,-329.8177664063658,-850.123202433811,1417.9886430968954,-1007.9660019316655,83.24956210929145,-636.9187077908517,-382.44013177727345,50.69114762600062,215.5523854589738,801.8647142165635,-120.87740127791953,-337.213906529011,191.6030243690993,178.44456900898487,983.0259334737681,-521.9641645733026,-1081.1437759600044,-475.63320391385395,-718.3919334079592,-976.1217299463548,570.3308863524013,57.28434175476847,100.28323674373165,-399.6634731888733,-585.7462118524934,-889.2078927283874,329.08398560446625,701.7448344813214,-426.87693929330214,634.3223539347373,-74.06425232995029,-743.3806296420308,198.12982359347853,791.8320416415831,1493.966459323247,196.40830572526497,985.6116494943665,507.0587095242156,1018.5357557419711,-63.48842436612664,985.0995676302133,-420.74891238565124,-1444.812565572838,436.8865783919232,-149.18726941851537
-968.9541956585874,293.6933084365896,762.4505304834829,1833.2526784148017,3634.9958405937587,-355.08035840799624,111.8139042378151,-30.400875696640252,833.5154840794046,1073.2720310768516,-1435.142764934342,-578.5501832976084,-1491.0830298536184,2487.0548647578885,-1767.9669803265763,146.17885844951934,-1117.764360986777,-670.791704168475,89.45854571498957,378.95174769078335,1406.0260730021907,-212.35627490790384,-592.3407300669338,336.14527025013035,312.86452042199676,1723.9605578373337,-915.3125367664019,-1896.932448072055,-834.1383819467031,-1259.4473369350314,-1711.199327989099,1000.131690862275,100.28323674373165,176.33922224429668,-700.6412587068257,-1027.6987348320267,-1559.2002336692278,576.3931228723415,1230.305770116009,-748.4683987596948,1113.0959577084045,-130.60577800316835,-1304.4968943757797,347.72816495541304,1388.6929360757213,2619.9092721980937,344.55687868838385,1728.4234114565484,889.0468069048644,1786.848065538963,-111.14480300149816,1728.1076787922589,-737.9350409069064,-2533.603782105881,766.1162530135215,-261.4586735697698
3862.714066800001,-1170.2032180761285,-3040.6162541805534,-7305.879288217995,-14486.481010638146,1413.6809601147959,-441.4575171811825,120.55669942180361,-3321.645372564877,-4277.843284069365,5720.0215606266265,2306.976142282389,5942.277844313329,-9912.778557482594,7047.100481353721,-581.8153664841075,4453.602937580119,2674.4863272343205,-354.0610223914188,-1507.0879439684086,-5605.524571146804,844.3295849454704,2358.2686562478334,-1339.908823612708,-1246.9318674852498,-6871.808714127887,3649.3798125703815,7559.424358542503,3325.5466708078843,5022.103613768674,6822.964509355304,-3986.329063153667,-399.6634731888733,-700.6412587068257,2793.147971071889,4094.0990603864307,6214.598776656635,-2298.8236957052495,-4905.239821709136,2983.69095692284,-4433.727851914506,518.1362269573942,5196.630565044566,-1385.378487861424,-5536.6846018805745,-10444.207757995051,-1372.3359739036378,-6889.673791020286,-3544.9391235580365,-7121.176726646532,443.4130254329962,-6887.1379795509765,2941.6825211332134,10101.041561729257,-3053.4953612411073,1043.2887499941723
5662.264665690754,-1715.6588058093364,-4456.509089401854,-10709.783471832845,-21235.616644557467,2072.771746784981,-648.4967648444281,177.07015207191128,-4869.4835568365015,-6270.786147745653,8384.795014068639,3381.611428480313,8710.78486879419,-14530.890865470546,10330.133924839036,-853.1069452118371,6529.082660214886,3920.3257311716993,-519.767784930497,-2210.3068711483643,-8216.511324951063,1238.2419345660044,3457.9215907609164,-1964.1718569384266,-1827.7857567590204,-10072.997228821845,5349.2276902314825,11081.802459644958,4874.631630334397,7361.047557298096,10000.656649439505,-5843.33221167,-585.7462118524934,-1027.6987348320267,4094.0990603864307,6001.99002290145,9109.56648711821,-3369.0481356766727,-7189.893811617845,4373.485378132966,-6500.089996188143,760.3634463763642,7618.479750770405,-2031.0256919379422,-8115.722457872163,-15309.329820444555,-2011.8805537425637,-10099.127781708727,-5196.013326197236,-10439.129733236496,649.7883969558387,-10095.983881936529,4312.042599681239,14806.094955459339,-4475.955637166872,1529.0060240665714
8594.481788339779,-2603.800122793232,-6765.06590411977,-16255.619369989252,-32232.382161760346,3145.6370894076713,-982.8232542834505,268.37595468698703,-7390.765911815834,-9518.152766693138,12726.969847090346,5132.927350638665,13221.5704869909,-22055.816977893297,15679.695006967919,-1294.6374186574276,9909.484530175936,5950.632139894971,-788.1087380456469,-3353.722748392222,-12472.021175387463,1878.8703117097143,5247.535400122188,-2981.292330689579,-2774.389735991837,-15289.607045109717,8119.691542172724,16819.88702439522,7399.211359167676,11173.810875022582,15180.618649245167,-8869.490516778793,-889.2078927283874,-1559.2002336692278,6214.598776656635,9109.56648711821,13827.318619647505,-5114.559554463801,-10913.862811122392,6638.583663470724,-9865.341299756594,1153.201982898076,11562.816969122503,-3082.5470714101034,-12318.89155086557,-23237.993876834753,-3053.528018347494,-15329.33464733034,-7887.264789485558,-15844.686644868985,986.5084100039021,-15323.926273382474,6545.165356060255,22474.365076445854,-6793.962414090951,2321.162241128779
