V1,V2,V3,V4,V5,V6,V7,V8,V9,V10,V11,V12,V13,V14,V15,V16,V17,V18,V19,V20,V21,V22,V23,V24,V25,V26,V27,V28,V29,V30,V31,V32,V33,V34,V35,V36,V37,V38,V39,V40,V41,V42,V43,V44,V45,V46,V47,V48,V49,V50,V51,V52,V53,V54,V55,V56
26968.74688691934,84168.07021286903,7781.453406927641,-29980.698232642342,-17524.042778018633,29106.048741688264,-25995.794676954545,70138.49635522503,-3883.718419010544,12850.313079460862,41834.05253764508,-4854.067376188654,52807.128770626754,-13211.068520664576,137737.25094965802,434.5170225964733,-23881.52887251559,-1258.773144570255,-7490.921716755731,-64922.36307722119,-27280.29107700511,31377.27278636941,-7788.948094258088,66769.96107913625,78052.14991337444,39074.24178567616,-15838.60612335975,-54993.746665511884,33255.98094188734,-26562.304288841442,23443.51604135045,-14113.847103004664,-17693.74952881052,42538.10436896165,24926.410083036346,10829.28232644992,-35226.6188440104,-61475.05821969205,21919.031409616273,51650.850602188184,-152.57915906774343,-29611.84277707716,-32165.838737226415,56195.081336507224,-76.16774084650054,30426.21295423055,19716.22163629545,101922.00362828822,5805.532471595647,-13530.328184800877,8860.113619364532,-11592.305350327808,-14363.92952006334,-13599.244319999794,-9199.514583911643,11254.025958376546
84168.07021286903,262684.51973257517,24285.829943158114,-93568.11849996171,-54691.49141952771,90838.24105956155,-81132.29719106782,218899.38062433913,-12121.416938077087,40105.40977234278,130562.48672982515,-15149.047207243239,164808.8679851316,-41231.54415907966,429872.5061165732,1356.0451236632368,-74532.87023137626,-3928.189328735111,-23378.22753729555,-202619.6391347665,-85140.01910760428,97927.32102232926,-24308.87030685894,208385.95720959717,243597.3690412249,121949.42121179838,-49432.20377451983,-171633.1159362051,103790.49180607538,-82900.71935974857,73166.2798079855,-44048.577365831756,-55221.2864997934,132759.8227016978,77794.32390583468,33797.78486359054,-109940.1929627089,-191861.25506590048,68408.42575156604,161200.34150337474,-475.8427724813291,-92416.74970834823,-100388.17614171689,175382.40442490648,-237.68390504498248,94958.06478973123,61533.55434570379,318094.80002021184,18119.125651719634,-42227.2965526387,27651.492030484562,-36179.827121102906,-44829.2147724683,-42442.09116124441,-28711.28211549132,35123.17758677559
7781.453406927641,24285.829943158114,2245.562559009039,-8650.402292635004,-5056.160167967362,8397.88379822263,-7501.524724236909,20238.25979740665,-1121.1570987097768,3708.0352112129003,12071.21904495198,-1400.3134046869704,15237.321605894074,-3812.3730679881282,39743.869218664084,125.30734431116282,-6890.515859096553,-362.8008848506075,-2160.8133898356114,-18732.732380052392,-7870.955593625553,9053.962491883634,-2247.3502840508736,19265.895854938437,22521.510710080434,11275.086306086443,-4570.778500589287,-15868.158877911503,9595.847348303925,-7665.376267760884,6764.5864601002295,-4072.3384530823846,-5105.286560453476,12274.390326101986,7192.4585113257535,3124.7971317226124,-10163.856619411361,-17738.565799286684,6324.699254846187,14903.86151427573,-43.65540023000342,-8543.774179519269,-9281.259467107975,16214.769472513355,-21.94636430251279,8778.437660388723,5689.093924923397,29409.71084282323,1675.4824083992391,-3903.8134825807574,2555.9670038168656,-3345.682668436362,-4144.647828398987,-3923.395362405952,-2654.465134035648,3247.126490443252
-29980.698232642342,-93568.11849996171,-8650.402292635004,33329.07009274447,19481.233130495642,-32356.785965002557,28898.82642694284,-77971.52826670985,4317.28147894545,-14285.392492709549,-46506.018808815934,5396.2669967532765,-58704.608727379054,14686.359644394899,-153119.6185285804,-483.06776068141966,26548.744722935917,1399.4862024808087,8327.719829847712,72172.99771468116,30327.163484053646,-34881.42596496178,8658.856292408918,-74226.91945237675,-86769.04173177795,-43437.92842040914,17607.262246943086,61135.46169366063,-36970.014555048896,29528.48063959244,-26061.666244918473,15690.129108546378,19669.84091660192,-47288.69302210692,-27710.175227698455,-12038.678698920743,39160.92912198842,68340.52498981508,-24366.929199661325,-57419.13980528273,169.73833253350455,32919.083672542256,35758.13672244869,-62470.9714313109,84.68310049515694,-33824.50633670207,-21918.107528797314,-113304.4702933223,-6453.791023754747,15041.492855099013,-9849.797334221063,12886.685340764961,15968.092652586389,15118.201856418382,10226.920625414392,-12510.931976164198
-17524.042778018633,-54691.49141952771,-5056.160167967362,19481.233130495642,11387.036158812323,-18912.96494039055,16891.45180244002,-45574.98428118507,2523.339037025676,-8349.89436715646,-27183.10654662469,3154.2491519093523,-34313.321183143664,8584.194923836805,-89499.59458331662,-282.3773212438373,15518.075300674018,818.1274479385066,4867.807343801893,42185.81669825582,17726.665264146253,-20388.43401331154,5061.207320814894,-43386.337752758685,-50717.260528524756,-25389.726136148784,10291.419158973356,35734.203987802844,-21609.289869900076,17259.38155950071,-15233.245092074043,9171.054395023,11497.234312725532,-27640.58063610855,-16196.815951896473,-7036.693418908688,22890.06894929103,39945.55314017673,-14242.658335768541,-33561.90354104219,99.31752023100923,19241.64767738123,20900.94641463371,-36514.829042126556,49.50650030375687,-19770.964771652125,-12811.299784940089,-66227.25720534251,-3772.204902645597,8791.964267092068,-5757.452116416865,7532.1587802444665,9333.484513351785,8836.886183172594,5977.72506851989,-7312.79381019911
29106.048741688264,90838.24105956155,8397.88379822263,-32356.785965002557,-18912.96494039055,31412.93657675959,-28055.369021065737,75696.44656120741,-4191.069609280374,13868.515193480764,45148.99189740121,-5238.95720970162,56991.71438327745,-14257.670907202106,148651.7532654709,469.0057315981724,-25774.29418870492,-1358.8427464901454,-8085.039777984671,-70067.30479462486,-29442.586247338462,33863.57790351342,-8406.264335716562,72061.27581428323,84237.36008184521,42170.32987124539,-17093.236851884838,-59351.68762817973,35891.32206519391,-28666.472831446044,25301.21641571579,-15232.395685146388,-19095.99641587557,45908.82019219081,26901.63084957348,11687.391731857906,-38018.59181142744,-66346.40683740945,23655.929900175073,55743.67002102255,-164.9566786107182,-31958.85257119775,-34714.81912444472,60648.24381233916,-82.22654224545889,32838.004547977485,21278.55661256694,109998.24126087976,6265.335714777273,-14602.755957454667,9562.669877202487,-12510.32410167295,-15502.180055626644,-14677.366517058503,-9928.528747311595,12145.971278961208
-25995.794676954545,-81132.29719106782,-7501.524724236909,28898.82642694284,16891.45180244002,-28055.369021065737,25059.878767202394,-67609.99173051697,3744.9651550091585,-12387.3331187396,-40326.22797092505,4678.321120440337,-50903.36862650635,12735.669014952275,-132772.24503754402,-418.68165471982064,23019.559980882696,1212.396134930132,7219.257942011289,62580.871906097396,26295.161971388854,-30246.45783866666,7507.847371272359,-64361.9701986842,-75237.84823959105,-37666.39693081561,15269.054014229034,53010.90627744935,-32056.92972294779,25606.898484964102,-22598.43988702299,13604.627827858989,17055.42062476965,-41004.94504268205,-24027.845991443974,-10438.979191550088,33955.049956869545,59259.151715006374,-21128.909858448704,-49789.20953332204,146.1851761241805,28542.79599710657,31006.014547481824,-54168.858263695955,73.34494385597472,-29327.03608173676,-19005.53333852504,-98248.69190741662,-5596.995834376741,13041.778542278691,-8539.276225524454,11176.223672759133,13846.053177599337,13107.477835321062,8867.802663005688,-10847.859148400205
70138.49635522503,218899.38062433913,20238.25979740665,-77971.52826670985,-45574.98428118507,75696.44656120741,-67609.99173051697,182413.3034427326,-10101.83470037474,33420.83159922922,108800.56784906783,-12623.520771163028,137338.54503521541,-34359.64036493625,358221.78491838055,1129.909000710915,-62109.08639733829,-3272.7949132277395,-19480.508816620953,-168846.3988798519,-70947.82943019275,81605.04723935982,-20256.876338833055,173651.6581039599,202994.31100411314,101623.44070355642,-41193.785729786454,-143025.16615409782,86490.61832369806,-69084.25595735495,60970.991601096706,-36706.30840833852,-46016.71922869446,110631.68240670253,64827.61499008661,28164.4420060344,-91614.33583026867,-159882.06429565328,57006.172627977045,134331.7677036208,-395.9521968767051,-77011.76427528124,-83655.35202255755,146149.47613912763,-198.01763358448008,79128.99465674811,51277.21662115715,265075.5042749573,15099.52264583906,-35188.361057287504,23041.62723742596,-30150.562941472537,-37357.061062397624,-35366.88112807166,-23925.651218473857,29268.561971343413
-3883.718419010544,-12121.416938077087,-1121.1570987097768,4317.28147894545,2523.339037025676,-4191.069609280374,3744.9651550091585,-10101.83470037474,560.2434254151677,-1850.9857510278714,-6025.442270549716,698.5856212866265,-7605.6128162591685,1903.355464972207,-19838.190925253348,-62.46117807030135,3438.855663859765,180.5952294228305,1077.7593943361567,9349.847135394351,3927.9232794650543,-4519.412645613133,1121.6013135980213,-9616.026487638826,-11241.257233347611,-5628.298352990715,2282.1934168983407,7920.366748073972,-4789.640181098652,3827.2125992070173,-3376.5458421686812,2032.484680364622,2548.049178368012,-6126.877087495564,-3590.1005617420706,-1559.774855006769,5072.4277793717265,8854.26226564306,-3156.976093665644,-7439.383497718322,21.34743425379804,4263.824600985827,4632.578391320761,-8093.338617217019,10.916935376764089,-4380.572581701586,-2839.727476181297,-14680.21449279464,-836.6829821152836,1948.184150142623,-1275.0908392772487,1670.8857162898132,2068.7553446899055,1957.5959505239302,1324.9305525339853,-1620.5610748980166
12850.313079460862,40105.40977234278,3708.0352112129003,-14285.392492709549,-8349.89436715646,13868.515193480764,-12387.3331187396,33420.83159922922,-1850.9857510278714,6123.233088246837,19933.92579793301,-2312.709096016715,25162.45750259284,-6295.3202725708325,65631.62502333004,206.99155450889526,-11379.160969790915,-599.4822072832204,-3568.888635612332,-30935.025882244678,-12998.459733158144,14951.307541245094,-3711.317053186637,31815.43620583565,37191.50599994681,18619.03898490165,-7547.518957290036,-26204.294956011243,15846.344391779146,-12657.573139582333,11170.802585454201,-6725.083079365838,-8430.881163977758,20269.419793796995,11877.388863038812,5160.158311015529,-16784.875108454362,-29292.813135101474,10444.388152977977,24611.63325267783,-72.41684361603778,-14109.482116652789,-15326.870849755202,26776.70432039799,-36.26899223707505,14497.27992588069,9394.761293333768,48565.918450328754,2766.5647681661344,-6446.920131964998,4221.365096339645,-5524.291837476077,-6844.361815072334,-6479.523365575914,-4383.525670485442,5362.370675932991
41834.05253764508,130562.48672982515,12071.21904495198,-46506.018808815934,-27183.10654662469,45148.99189740121,-40326.22797092505,108800.56784906783,-6025.442270549716,19933.92579793301,64894.23652510949,-7529.192180735297,81915.68188578244,-20493.9699808373,213661.75314284256,673.9088183047736,-37044.85617804034,-1951.9066400877507,-11618.915529018208,-100708.41678332006,-42316.63353423437,48673.45182327999,-12082.183317306755,103574.53408932508,121076.04815199146,60613.50865306513,-24570.290058442923,-85307.43282850515,51587.375891974116,-41205.698904487064,36366.20928868439,-21893.444415445174,-27446.638521272307,65986.41358548046,38666.49124432436,16798.71970034067,-54643.19269505357,-95361.83479025277,34001.389265912796,80122.35445101296,-236.02750915825928,-45933.49351217217,-49896.26778405726,87170.91869162589,-118.09570792782408,47196.197805815296,30584.35195846691,158104.66106860744,9006.239824563156,-20988.006758775096,13742.976401089029,-17983.611193441026,-22281.641934930325,-21094.37150515469,-14270.464198097286,17457.18757309055
-4854.067376188654,-15149.047207243239,-1400.3134046869704,5396.2669967532765,3154.2491519093523,-5238.95720970162,4678.321120440337,-12623.520771163028,698.5856212866265,-2312.709096016715,-7529.192180735297,873.8794637840872,-9504.24039480898,2377.448213227867,-24789.79500583606,-78.25931814016785,4298.530387437172,226.8764396425348,1348.7375672247877,11685.054157768333,4910.444455138185,-5647.168524834104,1401.9534643877164,-12017.550454221127,-14047.984099213007,-7032.323901668012,2850.1679318263077,9897.869048259403,-5985.462842480203,4779.9794483404585,-4219.340783076116,2540.3425801794233,3184.6703100211544,-7655.892258920005,-4486.240916327293,-1949.0227983590219,6340.615348468473,11064.185305880352,-3944.9650489454502,-9295.992898136077,27.75010590761742,5330.033230945573,5789.282394450096,-10114.109048432272,13.733842259362495,-5476.852873525964,-3548.4966245880446,-18343.592153401674,-1044.635460621329,2435.4391425096655,-1595.1045303108654,2085.7926062198444,2585.2365129275995,2448.0798191813697,1655.749858538083,-2025.6462802967062
52807.128770626754,164808.8679851316,15237.321605894074,-58704.608727379054,-34313.321183143664,56991.71438327745,-50903.36862650635,137338.54503521541,-7605.6128162591685,25162.45750259284,81915.68188578244,-9504.24039480898,103401.86772920605,-25869.267785863347,269704.32272710954,850.7101763167938,-46761.813071791126,-2464.107156718613,-14666.873993610308,-127124.08317963462,-53416.49954104634,61440.237469257154,-15251.362483499372,130741.94879656364,152833.9514173689,76512.02628375041,-31014.66406405251,-107683.31804188348,65118.58676537884,-52013.31216146349,45904.91392500003,-27636.10448195878,-34645.89210575907,83294.32227909795,48808.55669097971,21204.939136943256,-68976.26276358732,-120374.82034585279,42919.810923878234,101138.06009313694,-298.13639640203615,-57982.01798289086,-62983.92311962062,110035.60549950182,-149.0895609806781,59576.09693301777,38606.4929897349,199574.6925515407,11368.37382768253,-26493.255445505212,17348.02652627046,-22700.236607508858,-28126.04465867584,-26627.683650612933,-18013.56820035722,22036.243551447085
-13211.068520664576,-41231.54415907966,-3812.3730679881282,14686.359644394899,8584.194923836805,-14257.670907202106,12735.669014952275,-34359.64036493625,1903.355464972207,-6295.3202725708325,-20493.9699808373,2377.448213227867,-25869.267785863347,6472.416596853019,-67475.38493953575,-212.7553466927726,11698.498487464123,616.0241832946207,3668.6585360082113,31803.699955471024,13363.094797841724,-15371.399645648426,3815.4783382291503,-32708.873045462373,-38236.082965292386,-19142.292968329737,7759.9603163976435,26940.295936901963,-16291.42656357921,13013.779161649933,-11484.615934681307,6913.870879721025,8667.569884827693,-20838.90215198156,-12211.042390110088,-5305.138081437171,17255.880423696668,30115.74735536863,-10737.795357817793,-25303.10045240747,74.18429688395182,14505.36674144977,15757.33931511393,-27528.762557660408,37.26450294790378,-14903.827790909405,-9658.690286644556,-49930.457712094925,-2844.504143161817,6627.785042850522,-4339.518870132947,5680.016481465148,7036.607209550094,6661.085081575785,4506.640909058436,-5512.866235939872
137737.25094965802,429872.5061165732,39743.869218664084,-153119.6185285804,-89499.59458331662,148651.7532654709,-132772.24503754402,358221.78491838055,-19838.190925253348,65631.62502333004,213661.75314284256,-24789.79500583606,269704.32272710954,-67475.38493953575,703473.1757700404,2218.866941910587,-121969.08834630252,-6426.858849381558,-38255.295751371355,-331578.9696167645,-139326.39522655716,160255.41691903234,-39780.22078238419,341015.5236992736,398638.48579347273,199567.48059815913,-80896.35614587288,-280871.6057266558,169849.54529494155,-135667.60797592285,119734.36047261613,-72083.45962781763,-90367.1575501536,217257.69194070183,127307.95989393206,55309.127432738256,-179911.12116983585,-313975.1822279728,111948.27996522258,263799.73756403796,-777.3621938063161,-151234.73302356407,-164281.65530897767,287007.08356562734,-388.8477192396868,155392.35552405278,100697.80698540578,520553.3817695201,29652.4951121727,-69102.44250967505,45248.634379636154,-59209.85351618231,-73361.48494448431,-69452.85026782291,-46984.98669916086,57477.262493355964
434.5170225964733,1356.0451236632368,125.30734431116282,-483.06776068141966,-282.3773212438373,469.0057315981724,-418.68165471982064,1129.909000710915,-62.46117807030135,206.99155450889526,673.9088183047736,-78.25931814016785,850.7101763167938,-212.7553466927726,2218.866941910587,7.014772182119659,-384.8097027166358,-20.36125605725536,-120.80986704238178,-1045.9640174165577,-439.6149849042558,505.450169614609,-125.50365640514156,1075.7189544130972,1257.436999584771,629.4087075896712,-255.03650583420813,-885.9573074414022,535.7572121737521,-427.73180854198637,377.66158984734767,-227.40346836038805,-285.07929008931626,685.2472764248889,401.5541900356198,174.44862138574138,-567.6253572495194,-990.3209870530384,353.10336066904046,832.04690124817,-2.531766609274022,-477.16438890119764,-518.2020482662247,905.3169606370876,-1.2326672694518483,490.34795363787,317.6148217844949,1641.849930484881,93.46316499778482,-218.03390743265606,142.85162266455174,-186.59809703786476,-231.40255265540807,-219.20381646596587,-148.206781741957,181.3371516693035
-23881.52887251559,-74532.87023137626,-6890.515859096553,26548.744722935917,15518.075300674018,-25774.29418870492,23019.559980882696,-62109.08639733829,3438.855663859765,-11379.160969790915,-37044.85617804034,4298.530387437172,-46761.813071791126,11698.498487464123,-121969.08834630252,-384.8097027166358,21147.798658970638,1114.8739118918834,6633.695665880459,57490.30319395478,24157.602125299378,-27785.153696093308,6897.3382081242535,-59126.36694093266,-69116.89316791634,-34600.88696929166,14025.120063063116,48698.160663333976,-29448.891882747197,23521.026746680127,-20759.703052814766,12498.186899540324,15668.275752760183,-37668.299464843585,-22072.84403664603,-9589.533928353483,31194.23360118252,54437.376451417425,-19409.741764510403,-45737.81596714083,135.29437219643896,26222.21170012129,28483.56425291879,-49761.98304045389,67.46280245223011,-26943.511690011666,-17459.103568908944,-90253.83636100942,-5140.765129840249,11981.544325247043,-7846.105204054941,10264.853905399794,12719.566776444926,12042.719403040894,8146.373794258679,-9965.76647991522
-1258.773144570255,-3928.189328735111,-362.8008848506075,1399.4862024808087,818.1274479385066,-1358.8427464901454,1212.396134930132,-3272.7949132277395,180.5952294228305,-599.4822072832204,-1951.9066400877507,226.8764396425348,-2464.107156718613,616.0241832946207,-6426.858849381558,-20.36125605725536,1114.8739118918834,59.23463017320543,350.3457018576505,3029.9135255026135,1273.7827071537647,-1463.9532372623032,363.6011755316622,-3116.072411092502,-3642.314055190831,-1822.8852242895525,738.3451504645917,2566.265171956799,-1551.870515037826,1238.366291915068,-1093.885139066003,658.7843429301944,825.85632507696,-1984.736099049014,-1163.0955051639226,-505.2678632329169,1644.5598684449724,2868.403357509593,-1022.7518719303708,-2409.936083000697,7.565032329034218,1382.5099450823884,1501.0393001876932,-2622.35914186138,3.5918391945152712,-1420.895323185735,-919.953671418314,-4755.378760517378,-270.52145576914796,631.739305944643,-414.1419509628828,540.0103796029,670.2749120193452,635.3194763069911,429.3005019083344,-525.3626266492747
-7490.921716755731,-23378.22753729555,-2160.8133898356114,8327.719829847712,4867.807343801893,-8085.039777984671,7219.257942011289,-19480.508816620953,1077.7593943361567,-3568.888635612332,-11618.915529018208,1348.7375672247877,-14666.873993610308,3668.6585360082113,-38255.295751371355,-120.80986704238178,6633.695665880459,350.3457018576505,2081.7346762273137,18032.514150294253,7578.143065333384,-8714.583534683285,2163.5550583145287,-18545.594126547145,-21678.84552548111,-10852.039356629426,4398.022488414328,15274.377725722576,-9236.75372650721,7375.921423260031,-6511.234167511436,3920.3301352055782,4914.66404110691,-11814.427619621543,-6923.120890910532,-3007.693532488025,9785.163921904512,17074.09142428333,-6087.821390236536,-14345.407306193496,43.030761712150365,8225.617543876571,8934.027671573085,-15608.09528675935,21.210635250973223,-8452.368153493926,-5475.989425052448,-28307.44470565529,-1611.897966251794,3758.5297259819295,-2461.882743294691,3218.355178486156,3989.52689482419,3778.2052004525854,2555.1545387842893,-3126.06684455628
-64922.36307722119,-202619.6391347665,-18732.732380052392,72172.99771468116,42185.81669825582,-70067.30479462486,62580.871906097396,-168846.3988798519,9349.847135394351,-30935.025882244678,-100708.41678332006,11685.054157768333,-127124.08317963462,31803.699955471024,-331578.9696167645,-1045.9640174165577,57490.30319395478,3029.9135255026135,18032.514150294253,156289.07415921747,65672.00617508744,-75535.52869158011,18750.44488858304,-160736.8874474493,-187896.9737575497,-94064.82539982174,38129.25503071464,132387.89913446456,-80058.00796490537,63944.99281929263,-56436.266667606935,33976.513180022106,42594.495233691356,-102403.31852554808,-60006.07199933951,-26069.674632708666,84801.43640269968,147990.76160674973,-52766.331367988896,-124340.70202624785,366.9787236241101,71284.86679168517,77433.65248556739,-135279.87986518838,183.33056103461797,-73245.04020051997,-47463.452176337305,-245360.1089129045,-13976.101773235077,32571.65769026478,-21328.677011593016,27907.159325910354,34578.67567998885,32737.289449161377,22146.228076863703,-27091.96998205301
-27280.29107700511,-85140.01910760428,-7870.955593625553,30327.163484053646,17726.665264146253,-29442.586247338462,26295.161971388854,-70947.82943019275,3927.9232794650543,-12998.459733158144,-42316.63353423437,4910.444455138185,-53416.49954104634,13363.094797841724,-139326.39522655716,-439.6149849042558,24157.602125299378,1273.7827071537647,7578.143065333384,65672.00617508744,27595.890252041012,-31739.172648666045,7878.975749460252,-67540.87132320028,-78953.04499869581,-39524.7403091842,16020.674289361747,55628.47221013917,-33639.80533018405,26867.75776196765,-23713.999292106793,14276.907500255878,17898.145118883254,-43028.78734581148,-25214.02074569303,-10954.19660931301,35633.89792005773,62184.28819909852,-22171.92587697818,-52246.667965694935,154.7729114440098,29954.28037477244,32537.120260297866,-56843.70584650306,77.08278279346149,-30778.42277281454,-19943.686958989216,-103097.60827579981,-5872.157676243816,13686.83370196174,-8963.043790332158,11725.18645443578,14529.70175785886,13756.89886919624,9305.701185649286,-11384.109595608774
31377.27278636941,97927.32102232926,9053.962491883634,-34881.42596496178,-20388.43401331154,33863.57790351342,-30246.45783866666,81605.04723935982,-4519.412645613133,14951.307541245094,48673.45182327999,-5647.168524834104,61440.237469257154,-15371.399645648426,160255.41691903234,505.450169614609,-27785.153696093308,-1463.9532372623032,-8714.583534683285,-75535.52869158011,-31739.172648666045,36507.176796673295,-9062.1324269753,77685.24467539124,90812.1483309921,45462.75328053063,-18428.846882794063,-63984.1797703149,38692.71309883121,-30906.15444243246,27276.205496964354,-16420.988488610674,-20586.11680660173,49492.63384313811,29001.51319052235,12599.758976272355,-40984.617134488944,-71525.44344922139,25502.48993936629,60095.19174675519,-176.97716865923704,-34451.979351546404,-37424.30598387759,65381.868957374645,-88.57202637565865,35399.01512957991,22939.568068304543,118585.2710190569,6755.107562166824,-15741.849971427848,10307.730511316593,-13488.5814348402,-16712.174559352698,-15821.584026677245,-10703.45020876239,13093.60494329036
-7788.948094258088,-24308.87030685894,-2247.3502840508736,8658.856292408918,5061.207320814894,-8406.264335716562,7507.847371272359,-20256.876338833055,1121.6013135980213,-3711.317053186637,-12082.183317306755,1401.9534643877164,-15251.362483499372,3815.4783382291503,-39780.22078238419,-125.50365640514156,6897.3382081242535,363.6011755316622,2163.5550583145287,18750.44488858304,7878.975749460252,-9062.1324269753,2249.562526327919,-19284.048246806684,-22542.464132058813,-11285.090195320814,4574.31416577071,15882.89880184881,-9604.752525659516,7671.415729732539,-6770.77698510881,4076.276725640752,5110.200526426266,-12285.5202302446,-7199.058430538773,-3127.6276723602796,10173.973056038352,17754.752958507663,-6330.4874887285605,-14917.392448538985,44.112592865247144,8552.3501575873,9289.910396244804,-16229.863618845899,22.001217742063705,-8787.590808252728,-5694.287085394764,-29436.301332052073,-1676.6719778116699,3907.7685805103597,-2558.985115708493,3347.9097926701916,4148.485186575701,3927.7089918462293,2656.9384115074668,-3250.327888743418
66769.96107913625,208385.95720959717,19265.895854938437,-74226.91945237675,-43386.337752758685,72061.27581428323,-64361.9701986842,173651.6581039599,-9616.026487638826,31815.43620583565,103574.53408932508,-12017.550454221127,130741.94879656364,-32708.873045462373,341015.5236992736,1075.7189544130972,-59126.36694093266,-3116.072411092502,-18545.594126547145,-160736.8874474493,-67540.87132320028,77685.24467539124,-19284.048246806684,165311.29044957086,193244.36454309843,96741.90482106392,-39214.48982481809,-136155.5514036067,82336.39523994991,-65764.97812878968,58042.41134320906,-34943.43387225688,-43806.67414223541,105317.67474072248,61713.80812351548,26811.60726927098,-87214.71480286779,-152202.50234427568,54268.03151086854,127879.38507560812,-377.3598514301106,-73313.47982603326,-79637.34672229245,139129.83053509804,-188.54311229201204,75329.38379985426,48814.237456589,252342.96821006667,14373.905535198937,-33498.57099410244,21935.57682644346,-28701.507093346103,-35562.758789906075,-33668.86553629741,-22776.490682894444,27862.957336619624
78052.14991337444,243597.3690412249,22521.510710080434,-86769.04173177795,-50717.260528524756,84237.36008184521,-75237.84823959105,202994.31100411314,-11241.257233347611,37191.50599994681,121076.04815199146,-14047.984099213007,152833.9514173689,-38236.082965292386,398638.48579347273,1257.436999584771,-69116.89316791634,-3642.314055190831,-21678.84552548111,-187896.9737575497,-78953.04499869581,90812.1483309921,-22542.464132058813,193244.36454309843,225897.53006210475,113089.02457032536,-45841.14960991252,-159162.23866780032,96249.07375746293,-76878.2027549664,67850.10220832624,-40847.85175095341,-51208.73517873895,123113.74819182209,72141.86113791355,31342.105348257133,-101951.26875180157,-177920.88320261321,63437.94829551616,149487.81645173026,-440.86069464561405,-85701.11532153114,-93093.93385890157,162639.0721839817,-220.37972199434202,88057.42737712433,57062.61011538861,294982.7160150132,16802.94699801072,-39158.73612700216,25641.70275882678,-33551.85873458728,-41571.93225383599,-39357.590648713674,-26625.110403806077,32570.943708581155
39074.24178567616,121949.42121179838,11275.086306086443,-43437.92842040914,-25389.726136148784,42170.32987124539,-37666.39693081561,101623.44070355642,-5628.298352990715,18619.03898490165,60613.50865306513,-7032.323901668012,76512.02628375041,-19142.292968329737,199567.48059815913,629.4087075896712,-34600.88696929166,-1822.8852242895525,-10852.039356629426,-94064.82539982174,-39524.7403091842,45462.75328053063,-11285.090195320814,96741.90482106392,113089.02457032536,56615.29101301497,-22949.86489124921,-79679.97091164732,48184.32433663255,-38488.09739954172,33967.29728651957,-20449.115420414742,-25635.973938133648,61633.6513859232,36115.830983587366,15690.601804110134,-51038.17401055867,-89071.27906523869,31758.47372070961,74837.11154193511,-220.22318104668665,-42903.04635315048,-46604.75237314889,81420.51060924843,-110.28544940617633,44082.25239061347,28566.850074441558,147675.40579219648,8412.332984235898,-19603.30944367434,12836.033514720684,-16797.784620520208,-20811.799266092446,-19702.465714115464,-13329.082426578458,16305.488284042316
-15838.60612335975,-49432.20377451983,-4570.778500589287,17607.262246943086,10291.419158973356,-17093.236851884838,15269.054014229034,-41193.785729786454,2282.1934168983407,-7547.518957290036,-24570.290058442923,2850.1679318263077,-31014.66406405251,7759.9603163976435,-80896.35614587288,-255.03650583420813,14025.120063063116,738.3451504645917,4398.022488414328,38129.25503071464,16020.674289361747,-18428.846882794063,4574.31416577071,-39214.48982481809,-45841.14960991252,-22949.86489124921,9303.715271516801,32298.66749331798,-19531.762792825513,15602.6722155068,-13768.92459243174,8288.957366793646,10391.456429840664,-24983.838739311504,-14639.830374981535,-6360.351429068764,20687.74217473527,36105.83827150471,-12873.56001838572,-30335.97574762808,88.75507849555886,17390.172459712274,18891.42975178396,-33004.1646347351,44.66119269733185,-17867.727628305704,-11579.825171294737,-59861.849043560134,-3410.4326473607534,7945.892850938814,-5202.355725014664,6810.150119055812,8436.180082246732,7985.665739236616,5402.999546438876,-6609.282430114347
-54993.746665511884,-171633.1159362051,-15868.158877911503,61135.46169366063,35734.203987802844,-59351.68762817973,53010.90627744935,-143025.16615409782,7920.366748073972,-26204.294956011243,-85307.43282850515,9897.869048259403,-107683.31804188348,26940.295936901963,-280871.6057266558,-885.9573074414022,48698.160663333976,2566.265171956799,15274.377725722576,132387.89913446456,55628.47221013917,-63984.1797703149,15882.89880184881,-136155.5514036067,-159162.23866780032,-79679.97091164732,32298.66749331798,112142.07864819856,-67814.89983039102,54166.68798949897,-47805.63747151069,28780.45449608867,36080.495621098635,-86743.15121156567,-50829.51290935149,-22082.93583514533,71832.49720575048,125359.00786269571,-44696.934522701216,-105325.71911781988,310.5966317638808,60383.01239612849,65591.85858211007,-114591.77455720087,155.2720889211456,-62043.195968520005,-40205.0169797652,-207838.1271246799,-11838.993696168032,27590.332644174585,-18066.521507256115,23639.923771629554,29290.634616028045,27730.421102408025,18759.444261058834,-22948.73294653237
33255.98094188734,103790.49180607538,9595.847348303925,-36970.014555048896,-21609.289869900076,35891.32206519391,-32056.92972294779,86490.61832369806,-4789.640181098652,15846.344391779146,51587.375891974116,-5985.462842480203,65118.58676537884,-16291.42656357921,169849.54529494155,535.7572121737521,-29448.891882747197,-1551.870515037826,-9236.75372650721,-80058.00796490537,-33639.80533018405,38692.71309883121,-9604.752525659516,82336.39523994991,96249.07375746293,48184.32433663255,-19531.762792825513,-67814.89983039102,41009.23322588713,-32755.866182428166,28909.17275024239,-17404.20114432317,-21818.70395378433,52455.588346161334,30737.779675626545,13354.061738235465,-43438.75341656429,-75807.4873248445,27029.268290448097,63692.89632186275,-187.81668539907793,-36514.98674331707,-39664.90818091966,69296.28676781303,-93.8959372469998,37518.93089076481,24312.902308317338,125684.52056046529,7159.319644426579,-16684.503585996707,10925.229227649721,-14295.624255337243,-17712.722154491967,-16769.211570558942,-11344.268201225714,13877.624103954926
-26562.304288841442,-82900.71935974857,-7665.376267760884,29528.48063959244,17259.38155950071,-28666.472831446044,25606.898484964102,-69084.25595735495,3827.2125992070173,-12657.573139582333,-41205.698904487064,4779.9794483404585,-52013.31216146349,13013.779161649933,-135667.60797592285,-427.73180854198637,23521.026746680127,1238.366291915068,7375.921423260031,63944.99281929263,26867.75776196765,-30906.15444243246,7671.415729732539,-65764.97812878968,-76878.2027549664,-38488.09739954172,15602.6722155068,54166.68798949897,-32755.866182428166,26166.28347292089,-23091.23902222934,13901.089137209694,17427.10312475883,-41899.23761587521,-24551.80123402963,-10666.649726881371,34694.68508323069,60551.45354135689,-21589.66411385854,-50875.06186792649,148.95471566719607,29164.46563679371,31682.00187975864,-55349.85514039048,74.90764174433185,-29965.44570670884,-19419.996420530133,-100391.51144152254,-5719.393488541896,13325.795700146238,-8724.81016695774,11420.779095530526,14147.946536161298,13392.584214600896,9061.136982191387,-11084.187804199344
23443.51604135045,73166.2798079855,6764.5864601002295,-26061.666244918473,-15233.245092074043,25301.21641571579,-22598.43988702299,60970.991601096706,-3376.5458421686812,11170.802585454201,36366.20928868439,-4219.340783076116,45904.91392500003,-11484.615934681307,119734.36047261613,377.66158984734767,-20759.703052814766,-1093.885139066003,-6511.234167511436,-56436.266667606935,-23713.999292106793,27276.205496964354,-6770.77698510881,58042.41134320906,67850.10220832624,33967.29728651957,-13768.92459243174,-47805.63747151069,28909.17275024239,-23091.23902222934,20379.337683133006,-12268.93765869441,-15380.906968361547,36978.254185842256,21668.398301045887,9413.866790192284,-30621.70594531151,-53440.01526109353,19054.11073030151,44899.924498639266,-132.31471267400482,-25740.85240862866,-27961.492167103686,48849.92400952558,-66.18454669971679,26448.501947955927,17139.228640724043,88600.56921011559,5046.987202253115,-11761.556181205397,7701.53174086474,-10077.780246097442,-12486.461839460013,-11821.201115821419,-7997.060720015099,9782.895488951213
-14113.847103004664,-44048.577365831756,-4072.3384530823846,15690.129108546378,9171.054395023,-15232.395685146388,13604.627827858989,-36706.30840833852,2032.484680364622,-6725.083079365838,-21893.444415445174,2540.3425801794233,-27636.10448195878,6913.870879721025,-72083.45962781763,-227.40346836038805,12498.186899540324,658.7843429301944,3920.3301352055782,33976.513180022106,14276.907500255878,-16420.988488610674,4076.276725640752,-34943.43387225688,-40847.85175095341,-20449.115420414742,8288.957366793646,28780.45449608867,-17404.20114432317,13901.089137209694,-12268.93765869441,7386.353466320891,9259.862024909093,-22261.90242752526,-13044.996821810753,-5667.399271491115,18435.541288235912,32172.376471614774,-11471.113439138506,-27030.96980120074,79.8664192378143,15497.10033197665,16833.687125039276,-29409.16284987738,39.86282161934472,-15923.306747726441,-10318.293679503287,-53339.8845129528,-3038.256538290684,7080.980955329746,-4636.880289632645,6066.689927371272,7517.225428827661,7117.060137207004,4814.478759959923,-5889.694514184788
-17693.74952881052,-55221.2864997934,-5105.286560453476,19669.84091660192,11497.234312725532,-19095.99641587557,17055.42062476965,-46016.71922869446,2548.049178368012,-8430.881163977758,-27446.638521272307,3184.6703100211544,-34645.89210575907,8667.569884827693,-90367.1575501536,-285.07929008931626,15668.275752760183,825.85632507696,4914.66404110691,42594.495233691356,17898.145118883254,-20586.11680660173,5110.200526426266,-43806.67414223541,-51208.73517873895,-25635.973938133648,10391.456429840664,36080.495621098635,-21818.70395378433,17427.10312475883,-15380.906968361547,9259.862024909093,11608.577391309154,-27908.555788298567,-16353.810261762006,-7104.915340171437,23111.600606514414,40332.78078941688,-14380.7178912742,-33887.27880516811,100.10070817304334,19427.838623119565,21103.47968253128,-36868.67159532536,49.97152124576324,-19962.130570093774,-12935.490416068678,-66869.36299116455,-3808.918249259627,8877.023560602083,-5812.96915761938,7605.5300487804525,9423.93854768297,8922.234463193963,6035.650542093085,-7383.580606810345
42538.10436896165,132759.8227016978,12274.390326101986,-47288.69302210692,-27640.58063610855,45908.82019219081,-41004.94504268205,110631.68240670253,-6126.877087495564,20269.419793796995,65986.41358548046,-7655.892258920005,83294.32227909795,-20838.90215198156,217257.69194070183,685.2472764248889,-37668.299464843585,-1984.736099049014,-11814.427619621543,-102403.31852554808,-43028.78734581148,49492.63384313811,-12285.5202302446,105317.67474072248,123113.74819182209,61633.6513859232,-24983.838739311504,-86743.15121156567,52455.588346161334,-41899.23761587521,36978.254185842256,-22261.90242752526,-27908.555788298567,67096.97305428526,39317.249635548906,17081.444344692016,-55562.803105962674,-96966.78140309137,34573.634282914354,81470.82237527128,-239.98081248047717,-46706.52199143281,-50736.01751678906,88637.99808721409,-120.08141121082727,47990.46132966985,31099.088612086685,160765.5853531973,9157.831018519924,-21341.218584517213,13974.24037922016,-18286.314447719786,-22656.64093338595,-21449.357617709153,-14510.634768594515,17750.982628286132
24926.410083036346,77794.32390583468,7192.4585113257535,-27710.175227698455,-16196.815951896473,26901.63084957348,-24027.845991443974,64827.61499008661,-3590.1005617420706,11877.388863038812,38666.49124432436,-4486.240916327293,48808.55669097971,-12211.042390110088,127307.95989393206,401.5541900356198,-22072.84403664603,-1163.0955051639226,-6923.120890910532,-60006.07199933951,-25214.02074569303,29001.51319052235,-7199.058430538773,61713.80812351548,72141.86113791355,36115.830983587366,-14639.830374981535,-50829.51290935149,30737.779675626545,-24551.80123402963,21668.398301045887,-13044.996821810753,-16353.810261762006,39317.249635548906,23038.99891389132,10009.324485213998,-32558.66254383445,-56820.27425529781,20259.3470290479,47739.990399531984,-140.69992332959066,-27369.076846701482,-29730.15744734463,51939.85609333563,-70.37113437038172,28121.50229270169,18223.34142129682,94204.84124968223,5366.213169404331,-12505.529048726195,8188.705324115675,-10715.2022659102,-13276.27367336593,-12568.958464177158,-8502.903167835311,10401.706118831993
10829.28232644992,33797.78486359054,3124.7971317226124,-12038.678698920743,-7036.693418908688,11687.391731857906,-10438.979191550088,28164.4420060344,-1559.774855006769,5160.158311015529,16798.71970034067,-1949.0227983590219,21204.939136943256,-5305.138081437171,55309.127432738256,174.44862138574138,-9589.533928353483,-505.2678632329169,-3007.693532488025,-26069.674632708666,-10954.19660931301,12599.758976272355,-3127.6276723602796,26811.60726927098,31342.105348257133,15690.601804110134,-6360.351429068764,-22082.93583514533,13354.061738235465,-10666.649726881371,9413.866790192284,-5667.399271491115,-7104.915340171437,17081.444344692016,10009.324485213998,4348.567885818369,-14145.086982080255,-24685.65358978086,8801.702360319116,20740.716740813805,-61.09111607138546,-11890.469015067505,-12916.295811018646,22565.3227626969,-30.569921644332464,12217.329835960996,7917.15799093985,40927.45632832684,2331.3887887432643,-5433.011830845672,3557.5359061157656,-4655.307310949469,-5767.892324246679,-5460.539408558224,-3694.094667380619,4519.0161398203945
-35226.6188440104,-109940.1929627089,-10163.856619411361,39160.92912198842,22890.06894929103,-38018.59181142744,33955.049956869545,-91614.33583026867,5072.4277793717265,-16784.875108454362,-54643.19269505357,6340.615348468473,-68976.26276358732,17255.880423696668,-179911.12116983585,-567.6253572495194,31194.23360118252,1644.5598684449724,9785.163921904512,84801.43640269968,35633.89792005773,-40984.617134488944,10173.973056038352,-87214.71480286779,-101951.26875180157,-51038.17401055867,20687.74217473527,71832.49720575048,-43438.75341656429,34694.68508323069,-30621.70594531151,18435.541288235912,23111.600606514414,-55562.803105962674,-32558.66254383445,-14145.086982080255,46013.316886704495,80298.12271746056,-28630.438355768256,-67465.78455569434,199.6199071704577,38679.30312164069,42014.84575374905,-73401.69822877411,99.51635574483556,-39743.30613249508,-25753.138005813435,-133129.3382651646,-7582.867782291097,17673.486471099928,-11573.524011558484,15141.11822992652,18762.06753056289,17763.767164219764,12016.35577436554,-14700.083368926304
