V1,V2,V3,V4,V5,V6,V7,V8,V9,V10,V11,V12,V13,V14,V15,V16,V17,V18,V19,V20,V21,V22,V23,V24,V25,V26,V27,V28,V29,V30,V31,V32,V33,V34,V35,V36,V37,V38,V39,V40,V41,V42,V43,V44,V45,V46,V47,V48,V49,V50,V51,V52,V53,V54,V55,V56
8.895983191324268,-160.32788672171284,-378.7359956101866,1045.2031437406974,-608.6133140262993,-847.5094499205647,910.5700147121217,-2453.822784418058,491.1531938566689,-515.5503605773723,-27.66219007750418,44.63833931811004,-388.12991439514786,423.0640319386803,-89.5217676063512,-87.7130034614127,-454.21858105437474,1072.4072913096722,-351.07600355614915,-1406.5685159354568,-1964.1229863922244,805.4483068546871,1108.9597642187096,1681.2397156119418,-6.714821021491662,23.380488472691876,283.7641319656454,-580.0550060078764,1004.5297570506848,-407.575122532577,-1259.5179445429744,-1531.563226444809,93.92521412520614,82.56578362475986,-1222.7951518390153,-411.3028627947253,1127.7139320022075,-178.26104866480313,1066.0365399030381,917.8169391631892,-319.98739462242975,-1567.3865019693064,1460.4932416449467,1626.970298116796,-390.28999488622594,768.9328048454526,966.9499139546508,-483.6339362158486,357.74568184927705,757.8102653025901,-620.4971943191753,-295.47037750113793,-526.2023788718906,-191.586524754974,-1384.8673572970333,33.909284604491326
-160.32788672171284,2923.2661823520316,6909.129765171586,-19041.783010350795,11089.125736640837,15453.006524044318,-16587.694193015643,44712.631727504224,-8944.262114455823,9397.583530105258,505.9947905618763,-810.3029075900785,7073.451098373401,-7707.435805036215,1633.3696531400742,1599.2325648129456,8275.738066869839,-19544.95061418197,6395.005442455255,25626.25498918898,35786.2934813343,-14676.412376576136,-20206.621866851012,-30636.83839754322,123.06114380814175,-426.502897937009,-5162.093810038145,10572.552213563455,-18304.824549442714,7422.288557285567,22951.595684140113,27907.439536058726,-1710.871934430717,-1508.5016175715762,22273.176237353135,7497.144087471767,-20547.354593358818,3247.233185668293,-19418.920614401653,-16726.67963082857,5833.596449285337,28559.97163586163,-26610.22206929895,-29648.669069464504,7122.950123323079,-14009.406680818329,-17616.21523006837,8805.603349584657,-6512.837610027953,-13811.435534236156,11310.527689160499,5386.368448137289,9581.581869433821,3489.398691878284,25237.838921174185,-617.0619702150893
-378.7359956101866,6909.129765171586,16330.08833433818,-45003.55260689704,26208.290414972813,36523.16367329299,-39203.39441568335,105675.18458253288,-21138.57263330278,22210.895331074116,1196.0895852748683,-1914.7678512714845,16717.72402499373,-18215.830058459775,3860.5818386622473,3779.7762379929586,19559.038102502105,-46193.54545960357,15113.9190853668,60565.47252124425,84578.06644979939,-34686.6591712977,-47756.89553485312,-72408.23337256846,290.9213364939742,-1008.0598574630475,-12199.34214376508,24987.808307291285,-43262.245617162145,17541.595511779935,54244.61501702502,65957.27228180104,-4043.4629606326566,-3565.6643906670997,52640.235129197295,17719.245985932008,-48562.087716696944,7674.505932018923,-45894.62817431316,-39532.61201379232,13787.606311806187,67499.46228561288,-62891.155251224096,-70072.83909068974,16835.78640337802,-33110.06458477541,-41634.358097690965,20810.68785480037,-15392.014949465893,-32642.671800465694,26732.07352090046,12730.562332732854,22644.692032668096,8246.778774892042,59648.22170049645,-1458.2959267888532
1045.2031437406974,-19041.783010350795,-45003.55260689704,124042.74161853352,-72236.65866247326,-100658.76639888757,108056.81074609014,-291265.07074047363,58266.74236108398,-61215.77904645745,-3295.248395961985,5279.834694063723,-46077.0702202066,50208.110365769004,-10639.057009178834,-10417.216354064189,-53909.84123608608,127317.07378632475,-41659.04707023615,-166935.10795984665,-233118.96379390048,95604.51737980255,131629.2846662872,199572.28218133494,-801.3197350764259,2778.0924856066827,33630.557537447254,-68869.89465368379,119240.18762438776,-48351.93645227309,-149509.76691357943,-181793.48005617366,11145.157827847926,9824.79511014777,-145094.63507510358,-48836.41852012429,133849.3231927155,-21153.42479088546,126500.59852493246,108959.04301461445,-37999.642442237004,-186044.27842012214,173344.2021847175,193134.8722843686,-46394.922890823116,91260.27812811345,114756.21965932244,-57364.24280032078,42428.300018986956,89968.5347500005,-73676.70528159071,-35086.55037532276,-62418.946629635655,-22731.2215242087,-164401.72817910984,4020.0095492078212
-608.6133140262993,11089.125736640837,26208.290414972813,-72236.65866247326,42067.278432805455,58619.402870736085,-62927.1564971917,169619.3808616874,-33931.67494986268,35649.37952709721,1919.072422724418,-3074.619986672867,26833.206553202635,-29238.840102008624,6195.775853877133,6066.542829387385,31394.58049789523,-74143.75277169172,24260.23342883595,97215.19318692746,135757.64474281928,-55675.66777298734,-76654.82568309968,-116221.7886429442,466.67767913384546,-1617.8505591067392,-19584.57653491426,40106.76938277836,-69440.02529931579,28157.782974443053,87067.65340430949,105868.15683688152,-6490.405340436563,-5721.656137128174,84496.14380687366,28440.17706432531,-77947.6374291329,12318.746034128395,-73667.91065520258,-63452.829313235925,22129.350618000015,108343.61792746144,-100947.60503411783,-112472.96309990526,27018.68101646841,-53145.72278394745,-66828.62771423167,33406.04038718826,-24708.075348822626,-52393.643114206345,42906.07343796371,20432.88184244828,36349.67885109438,13237.55865605171,95740.1263273606,-2341.038584365572
-847.5094499205647,15453.006524044318,36523.16367329299,-100658.76639888757,58619.402870736085,81687.88186757125,-87685.93777126196,236360.21173349762,-47281.16711645442,49677.60130835123,2674.811697505864,-4283.3992239190975,37391.734743017594,-40743.08447972969,8634.35001132134,8453.882947666216,43747.25362692501,-103318.6857978952,33805.299559109335,135465.64473329493,189173.71238002638,-77582.547339965007,-106816.37490219068,-161952.67777882866,650.5334958464783,-2254.5868087118524,-27287.813020605907,55888.724728829955,-96763.0918817719,39235.70940648056,121326.88895002849,147524.4917528497,-9044.016716324957,-7974.2897428141105,117740.53482733958,39631.477345720894,-108617.54904706523,17165.536414463673,-102652.37038567784,-88420.70987424077,30837.62431327328,150973.90886369252,-140667.1107898978,-156729.01713876458,37653.493758612574,-74056.60192113344,-93122.92406122596,46548.17250222208,-34428.14947342616,-73010.13038272515,59789.825735416394,28473.479861897948,50650.15825821979,18445.667366075886,133412.4637442714,-3261.9092109409826
910.5700147121217,-16587.694193015643,-39203.39441568335,108056.81074609014,-62927.1564971917,-87685.93777126196,94131.10688360663,-253728.15040997986,50757.79402348883,-53326.436193757145,-2870.4971975059316,4599.511637458382,-40138.82458425143,43737.573623318945,-9267.861684015777,-9074.656007585108,-46962.218621057444,110908.87574211186,-36290.30129333702,-145421.4109981637,-203075.77301136096,83283.44733253263,114665.5161219223,173852.23855309846,-698.0222277970978,2420.0464002519166,29296.731645060536,-59994.139870207546,103873.0280471548,-42120.72669973111,-130241.58322595923,-158364.7663549768,9708.84336338329,8558.466045077113,-126395.80890085388,-42542.505248025176,116599.48445204335,-18427.304687280244,110198.00535681329,94916.79772830007,-33102.309573807346,-162067.7497497537,151004.47763589755,168244.42568849563,-40415.32518877427,79499.13657718542,99967.08087454544,-49971.66759590446,36960.55826875075,78373.68706157531,-64181.43019720938,-30564.662284002843,-54374.932153600785,-19801.78694360118,-143214.25276302244,3501.9603992883913
-2453.822784418058,44712.631727504224,105675.18458253288,-291265.07074047363,169619.3808616874,236360.21173349762,-253728.15040997986,683922.234890791,-136815.38926737933,143742.17015040424,7738.074092391924,-12396.884112799184,108194.26396824307,-117893.7759449639,24982.186396210083,24460.99511909994,126585.993822065,-298955.3664178877,97819.4730446465,391980.99114912155,547388.0403646238,-224489.82154454992,-309079.8508788293,-468618.006495126,1881.7572826908752,-6523.379101787784,-78966.1583888101,161714.7712638859,-279989.1594200262,113534.57169210778,351065.55583157897,426870.9390471577,-26169.90449668115,-23070.66551953189,340696.1007260155,114673.8649621764,-314292.502571141,49670.31925263223,-297035.78769448446,-255848.36809010612,89228.01891259679,436852.22352194414,-407030.5766000932,-453502.43521481624,108943.06954602545,-214288.67757553305,-269459.3825730993,134695.8235023293,-99624.86802666126,-211256.65971985023,173001.94305729005,82387.64199745208,146564.89635079552,53375.002327614595,386034.0349269072,-9439.22353937344
491.1531938566689,-8944.262114455823,-21138.57263330278,58266.74236108398,-33931.67494986268,-47281.16711645442,50757.79402348883,-136815.38926737933,27370.105573445944,-28754.401319378936,-1547.6601101042156,2480.4204165183414,-21643.576230239327,23584.32050524249,-4997.232483194704,-4893.155336696268,-25323.060827887442,59803.97964447309,-19568.660109356795,-78414.51310949934,-109502.87688371222,44908.146215333356,61830.02012473062,93744.5012642282,-376.32592156270437,1304.8968856981196,15798.144159754074,-32349.799025217344,56010.395391986596,-22712.739174615974,-70228.81625736441,-85393.52038929932,5235.258566329392,4614.546982847851,-68155.90903293624,-22939.563241390504,62872.94281431222,-9936.463443423407,59421.53566040236,51180.8466394338,-17849.185080938365,-87390.26427108493,81424.89615019938,90720.59224593276,-21791.782203213068,42867.712014458695,53904.566042243314,-26946.354443281514,19930.40071133536,42260.43471073586,-34607.57898589684,-16480.87671483433,-29320.657027502944,-10677.668978774866,-77223.7534539143,1888.4003071979523
-515.5503605773723,9397.583530105258,22210.895331074116,-61215.77904645745,35649.37952709721,49677.60130835123,-53326.436193757145,143742.17015040424,-28754.401319378936,30211.104279479452,1626.531294496923,-2605.184831741131,22739.651600880185,-24777.97190084803,5250.802054224495,5141.143426056311,26604.90546904457,-62832.82192723781,20558.820729393512,82383.55386995507,115046.01031547789,-47181.742815963866,-64960.27935782769,-98491.17002078294,395.56588193990865,-1371.0872574558882,-16595.718351098767,33988.423399728876,-58846.302680057255,23861.49153482198,73784.70847986304,89716.84692013792,-5500.15436745977,-4849.2400779343525,71604.3967766639,24101.635308479345,-66055.7392749339,10439.275765328897,-62428.380787623115,-53772.744529082185,18753.635653910867,91814.62340352352,-85546.7118525345,-95314.35195749579,22898.047011865958,-45037.57124608108,-56632.83973364851,28308.760268744514,-20937.895522613657,-44400.79331538657,36360.79075872089,17315.922345489864,30803.35340135673,11217.836322628551,81134.36586679873,-1983.7902097078045
-27.66219007750418,505.9947905618763,1196.0895852748683,-3295.248395961985,1919.072422724418,2674.811697505864,-2870.4971975059316,7738.074092391924,-1547.6601101042156,1626.531294496923,87.66148874647594,-140.08594849949958,1224.200451203109,-1333.7966352803344,282.7768617380622,276.81275794591187,1432.1777719773943,-3382.684016905619,1106.6312838151605,4434.763678157766,6193.107463502716,-2539.9269863005047,-3496.985642438362,-5302.175734901108,21.330973658486496,-73.83412863096943,-892.956190384588,1829.8545738570645,-3167.9079929294317,1284.30930057086,3972.111789810086,4829.721639431237,-296.05899491723824,-261.2566875741312,3854.2604433933757,1297.5947070458799,-3555.906007509041,561.9274727625117,-3360.3983858647493,-2894.8813254916754,1009.7147937384569,4942.639563295832,-4605.116737354061,-5131.19455718249,1233.2507638833877,-2424.415432820147,-3048.552200286181,1523.584954731274,-1126.8470155819953,-2390.378361629476,1957.6206343504196,932.29313600648,1657.8925412984865,603.8063963656128,4367.878173321872,-106.75105490424656
44.63833931811004,-810.3029075900785,-1914.7678512714845,5279.834694063723,-3074.619986672867,-4283.3992239190975,4599.511637458382,-12396.884112799184,2480.4204165183414,-2605.184831741131,-140.08594849949958,224.98604150046378,-1961.0477522238837,2137.0948747559014,-452.6380665631395,-443.29729213758543,-2294.5957973057834,5418.556219248929,-1773.287312275848,-7105.444873112805,-9922.333592213534,4069.15316897911,5602.469240246953,8494.07144222427,-34.04525802866436,118.20115719804659,1432.1252389350193,-2930.996157331827,5075.068550019889,-2058.3423942285463,-6363.368022664052,-7737.542556497399,474.41387918691663,417.8196519225334,-6176.246770579438,-2078.3676166167393,5697.044774740197,-900.4199731723186,5384.65962804167,4637.316824903166,-1617.0988681669562,-7918.485347696148,7378.112275328016,8220.020289233495,-1973.7051673045466,3884.393148107746,4884.551209496692,-2442.149433721511,1806.3463197785804,3829.009929107109,-3135.494135443315,-1493.1531873324839,-2657.261940728511,-967.6300039895785,-6997.016012949263,171.17094855798135
-388.12991439514786,7073.451098373401,16717.72402499373,-46077.0702202066,26833.206553202635,37391.734743017594,-40138.82458425143,108194.26396824307,-21643.576230239327,22739.651600880185,1224.200451203109,-1961.0477522238837,17116.014330205242,-18650.362932914166,3952.168894141831,3869.6803244975126,20025.46317209533,-47293.88936861458,15474.651581081393,62009.99375977497,86594.897182712,-35513.55140754257,-48895.40939694262,-74133.89990325281,297.71051461685363,-1031.9924321774026,-12491.914057558464,25582.845225311255,-44293.39188272976,17960.657549257845,55537.460837005165,67529.58438332754,-4139.974244442034,-3649.8328966898,53896.74944680898,18141.112384677406,-49720.001827906024,7857.651091489162,-46989.89919480342,-40474.45860482671,14115.674459185193,69108.5837385302,-64390.83302765702,-71742.68859504847,17234.79824435274,-33899.711313457185,-42627.49224395653,21308.215045817837,-15760.140444842591,-33420.206784402326,27368.472732958257,13033.533509903737,23185.873633027244,8443.699115252562,61069.42977322004,-1493.2280192935489
423.0640319386803,-7707.435805036215,-18215.830058459775,50208.110365769004,-29238.840102008624,-40743.08447972969,43737.573623318945,-117893.7759449639,23584.32050524249,-24777.97190084803,-1333.7966352803344,2137.0948747559014,-18650.362932914166,20322.46570002694,-4306.30972302664,-4216.5183623298,-21820.794161265425,51533.43200555644,-16862.108998309013,-67569.42022880701,-94358.29817139031,38697.31993215248,53278.86911666975,80779.782379494,-324.34471107223413,1124.47257093182,13612.471289457724,-27876.087248240474,48264.20010176788,-19571.15698497623,-60516.252054713754,-73583.55679118057,4511.165741505768,3976.7223498419585,-58729.17804691039,-19767.247013039567,54177.463634552034,-8562.158075661424,51202.96776922106,44102.754149998385,-15380.903615568934,-75304.12960072857,70163.59211007397,78174.14588738316,-18779.00216416265,36938.928527648444,46449.25500064845,-23219.0233155411,17173.481278432075,36416.06904451324,-29821.712122074154,-14201.787964895017,-25264.98773661758,-9200.795342188845,-66543.9865602927,1627.1586723664357
-89.5217676063512,1633.3696531400742,3860.5818386622473,-10639.057009178834,6195.775853877133,8634.35001132134,-9267.861684015777,24982.186396210083,-4997.232483194704,5250.802054224495,282.7768617380622,-452.6380665631395,3952.168894141831,-4306.30972302664,912.6787380673622,893.5668844481779,4623.856073546909,-10920.434562963599,3572.9958831689705,14317.97779756379,19994.68887775774,-8200.112995332585,-11289.985710940306,-17117.713465083525,68.7807599678054,-238.31439893328124,-2883.9255633927446,5907.276212392142,-10227.434392117635,4146.8948536154385,12823.72964040869,15592.655700196141,-955.8920001201848,-842.9729673692497,12444.375000213646,4188.945107675565,-11480.329913910484,1814.2874011685633,-10849.693251810273,-9345.743273285438,3259.486984628191,15957.236040318903,-14867.792209471065,-16565.61897500455,3980.1566202239337,-7827.385066604058,-9842.56372138121,4919.70622407094,-3638.7111064566907,-7716.926630699105,6319.637979469348,3009.592336248754,5353.277126043511,1949.5708985512451,14101.188072648647,-344.74281792365525
-87.7130034614127,1599.2325648129456,3779.7762379929586,-10417.216354064189,6066.542829387385,8453.882947666216,-9074.656007585108,24460.99511909994,-4893.155336696268,5141.143426056311,276.81275794591187,-443.29729213758543,3869.6803244975126,-4216.5183623298,893.5668844481779,874.8929437339555,4527.41941596255,-10692.475504845313,3498.526314577007,14019.391891747611,19577.65617906858,-8029.043399264216,-11054.462316161069,-16760.530919949782,67.32232828865794,-233.32687371307094,-2824.0438332878575,5783.935524397351,-10014.04232941361,4060.5261661469026,12556.156607053197,15267.357862888908,-935.9695865389874,-825.2528085122989,12185.024482818606,4101.468763169025,-11240.868649946138,1776.4691247182727,-10623.540619214147,-9150.682231316281,3191.389223646938,15624.339689301563,-14557.690255446707,-16219.931003170273,3896.747077432723,-7664.145819948475,-9637.32880400285,4817.301181448328,-3562.993557231922,-7555.8355908588155,6187.65936484559,2946.724254048284,5241.816322821185,1908.951727032586,13806.891805275422,-337.5778901689819
-454.21858105437474,8275.738066869839,19559.038102502105,-53909.84123608608,31394.58049789523,43747.25362692501,-46962.218621057444,126585.993822065,-25323.060827887442,26604.90546904457,1432.1777719773943,-2294.5957973057834,20025.46317209533,-21820.794161265425,4623.856073546909,4527.41941596255,23429.606323964188,-55333.036438899384,18105.293297359523,72551.18316000485,101315.19500314571,-41550.440265660895,-57207.0703401071,-86735.6547970674,348.27341274378466,-1207.3891007250447,-14615.926721389156,29931.433769664567,-51822.696727895105,21014.03010917152,64978.09314136311,79008.81343346441,-4843.757822463974,-4270.008451672401,63059.062530875766,21224.724958511586,-58171.89632898932,9193.418778017549,-54977.99602850032,-47354.470993488445,16514.987649949824,80856.23793696683,-75336.65045687408,-83937.9217459147,20163.802324002725,-39662.36929831383,-49873.85544547313,24930.79558503726,-18439.54419627344,-39101.05964431094,32020.530461071703,15248.926320490484,27127.614032933707,9879.128563355296,71450.2940720883,-1747.1104041913238
1072.4072913096722,-19544.95061418197,-46193.54545960357,127317.07378632475,-74143.75277169172,-103318.6857978952,110908.87574211186,-298955.3664178877,59803.97964447309,-62832.82192723781,-3382.684016905619,5418.556219248929,-47293.88936861458,51533.43200555644,-10920.434562963599,-10692.475504845313,-55333.036438899384,130679.51211014058,-42758.49377604534,-171341.88859190515,-239273.3110636197,98128.73536420884,135104.60952694286,204842.03179714363,-822.633543308624,2851.5473168304484,34516.613868359775,-70688.93882919598,122388.6429991866,-49627.60374574738,-153457.53722338896,-186593.3602241969,11439.291837046894,10085.090438415804,-148923.77832420386,-50126.41297995201,137383.04269004034,-21711.72499397476,129839.27620898349,111836.4661575339,-39003.594229858165,-190956.34259227023,177920.50631308835,198234.8111489307,-47622.38063839257,93669.43282495144,117785.43291363177,-58877.28670986177,43547.23761330644,92344.6246295797,-75622.89743434399,-36013.47935179164,-64065.51950544634,-23331.037306542625,-168743.17367021157,4125.968456004665
-351.07600355614915,6395.005442455255,15113.9190853668,-41659.04707023615,24260.23342883595,33805.299559109335,-36290.30129333702,97819.4730446465,-19568.660109356795,20558.820729393512,1106.6312838151605,-1773.287312275848,15474.651581081393,-16862.108998309013,3572.9958831689705,3498.526314577007,18105.293297359523,-42758.49377604534,13990.98194704979,56064.1738935729,78291.57568119711,-32108.157897793888,-44206.84846447667,-67024.99268163365,269.09752674552544,-932.9905378296097,-11294.851092026714,23129.417402635776,-40046.01956640674,16238.809585524728,50211.846509670424,61054.15746169199,-3743.0458546005425,-3299.476802267057,48729.32205562553,16401.318828169915,-44952.4628609312,7104.2678442702545,-42484.57417288752,-36593.109073517066,12761.84763035885,62481.76691311632,-58216.58662379063,-64863.01007482786,15581.106401154882,-30649.220866299594,-38540.21961619337,19265.609227903595,-14249.43779372019,-30215.26104378866,24743.722845896373,11783.518828137674,20963.189464044808,7634.179307649323,55213.15150242474,-1350.1177508951191
-1406.5685159354568,25626.25498918898,60565.47252124425,-166935.10795984665,97215.19318692746,135465.64473329493,-145421.4109981637,391980.99114912155,-78414.51310949934,82383.55386995507,4434.763678157766,-7105.444873112805,62009.99375977497,-67569.42022880701,14317.97779756379,14019.391891747611,72551.18316000485,-171341.88859190515,56064.1738935729,224659.1277032766,313728.5708764966,-128663.39230648725,-177145.0781732309,-268582.0089096414,1078.4276323764461,-3738.737173917915,-45259.33877969433,92684.35730897365,-160472.01478387954,65071.31647131119,201208.4607961233,244655.45159515383,-14998.999835985502,-13222.210520402863,195266.35158658674,65723.53458588144,-180132.74909560694,28467.992718284564,-170242.7876535628,-146635.8325045156,51139.54418371752,250376.11739889882,-233284.4497223742,-259918.64210451962,62438.06049860168,-122816.91896485505,-154437.42984667709,77199.89075615928,-57099.31410545463,-121078.64751400391,99153.33628035433,47219.12554408056,84002.45906630864,30591.35311011759,221249.9463539976,-5410.055317849817
-1964.1229863922244,35786.2934813343,84578.06644979939,-233118.96379390048,135757.64474281928,189173.71238002638,-203075.77301136096,547388.0403646238,-109502.87688371222,115046.01031547789,6193.107463502716,-9922.333592213534,86594.897182712,-94358.29817139031,19994.68887775774,19577.65617906858,101315.19500314571,-239273.3110636197,78291.57568119711,313728.5708764966,438111.0285871011,-179674.01509921515,-247377.01536650755,-375065.694941366,1506.0278397750633,-5221.045722839882,-63202.62648502682,129430.70620522024,-224093.71529354507,90869.61426401035,280980.79529128014,341652.95858377515,-20945.555695151805,-18464.595494513105,272682.31037034694,91780.8128451745,-251549.13815371966,39754.52176365351,-237737.882620431,-204772.0696079989,71414.7904718106,349641.65969771973,-325773.6168216636,-362967.6403554443,87193.26041110617,-171509.5211986542,-215666.4030177724,107806.60375014784,-79736.90088510532,-169082.35470489535,138464.4744767221,65940.03198535819,117306.17558011983,42719.684683128515,308968.16902323585,-7554.909994558678
805.4483068546871,-14676.412376576136,-34686.6591712977,95604.51737980255,-55675.66777298734,-77582.547339965007,83283.44733253263,-224489.82154454992,44908.146215333356,-47181.742815963866,-2539.9269863005047,4069.15316897911,-35513.55140754257,38697.31993215248,-8200.112995332585,-8029.043399264216,-41550.440265660895,98128.73536420884,-32108.157897793888,-128663.39230648725,-179674.01509921515,73686.2729929162,101452.00493153218,153818.60834719424,-617.6624123884534,2141.2239544823133,25919.798672521792,-53081.04999943625,91903.30576807787,-37266.47378047348,-115233.3354021537,-140115.61030539716,8589.981194570411,7572.6686987824705,-111829.72191129501,-37640.40106084792,103163.00428206878,-16303.731186469746,97498.70246308763,83979.35205344296,-29288.085042303115,-143391.8563341591,133603.2438216187,148857.0878273265,-35759.29019758081,70337.86939728809,88447.04262542563,-44212.430302720015,32700.776214964942,69342.6210899037,-56785.9328407966,-27042.810177562154,-48108.31918045874,-17519.755032938294,-126711.33707347322,3098.3234196416256
1108.9597642187096,-20206.621866851012,-47756.89553485312,131629.2846662872,-76654.82568309968,-106816.37490219068,114665.5161219223,-309079.8508788293,61830.02012473062,-64960.27935782769,-3496.985642438362,5602.469240246953,-48895.40939694262,53278.86911666975,-11289.985710940306,-11054.462316161069,-57207.0703401071,135104.60952694286,-44206.84846447667,-177145.0781732309,-247377.01536650755,101452.00493153218,139680.146333059,211779.00030109967,-850.3996652580739,2948.0559944161487,35686.690557302005,-73082.50740125115,126533.394560514,-51308.88283002578,-158654.4119221909,-192912.58642082603,11826.77631535149,10426.103011681387,-153968.3370825582,-51823.66894238497,142035.8733556247,-22447.147282001195,134237.232311442,115623.60396042443,-40324.113815721284,-197423.35638529895,183946.30758235883,204947.924660635,-49233.685403482625,96841.89866624758,121774.79919095976,-60872.16111514092,45022.79308595989,95471.60312734464,-78183.42126370031,-37232.79963186262,-66236.05839566588,-24121.384938502382,-174457.42766781995,4265.80777359103
1681.2397156119418,-30636.83839754322,-72408.23337256846,199572.28218133494,-116221.7886429442,-161952.67777882866,173852.23855309846,-468618.006495126,93744.5012642282,-98491.17002078294,-5302.175734901108,8494.07144222427,-74133.89990325281,80779.782379494,-17117.713465083525,-16760.530919949782,-86735.6547970674,204842.03179714363,-67024.99268163365,-268582.0089096414,-375065.694941366,153818.60834719424,211779.00030109967,321093.3919333451,-1289.4047814107712,4469.793429750089,54106.49354563013,-110805.82839382133,191846.35417212217,-77792.72639913873,-240547.35515082197,-292488.521948762,17931.37401629115,15808.060853138146,-233441.76518481597,-78573.75178301583,215350.61094988073,-34033.647834854026,203526.19112801072,175305.3857378698,-61138.48381362755,-299327.60487276333,278893.94089156267,310736.3641229173,-74647.54725640049,146828.77454374536,184631.219141784,-92292.0990638544,68261.82612076396,144751.52535883037,-118539.76699991187,-56451.48508982149,-100424.7097872611,-36572.03043055492,-264507.597905662,6467.6336723312415
-6.714821021491662,123.06114380814175,290.9213364939742,-801.3197350764259,466.67767913384546,650.5334958464783,-698.0222277970978,1881.7572826908752,-376.32592156270437,395.56588193990865,21.330973658486496,-34.04525802866436,297.71051461685363,-324.34471107223413,68.7807599678054,67.32232828865794,348.27341274378466,-822.633543308624,269.09752674552544,1078.4276323764461,1506.0278397750633,-617.6624123884534,-850.3996652580739,-1289.4047814107712,5.1921422069121625,-17.95831785844503,-217.0920390968017,445.0075606637545,-770.3814925619507,312.29037118121914,965.9522990283757,1174.498609861654,-71.99199378357785,-63.5603191286316,937.2295863604614,315.5685379929142,-864.7211900015282,136.64377432353172,-817.146080422034,-703.9994482839061,245.56396365007748,1201.9566000426912,-1119.863705742476,-1247.8301327613485,299.9807495360795,-589.5609640321156,-741.3300733782609,370.46002777417334,-273.98831577866497,-581.3159187264081,476.08512781163125,226.73308654011134,403.1232949531801,146.82355768018732,1062.2102532090007,-25.954277442399256
23.380488472691876,-426.502897937009,-1008.0598574630475,2778.0924856066827,-1617.8505591067392,-2254.5868087118524,2420.0464002519166,-6523.379101787784,1304.8968856981196,-1371.0872574558882,-73.83412863096943,118.20115719804659,-1031.9924321774026,1124.47257093182,-238.31439893328124,-233.32687371307094,-1207.3891007250447,2851.5473168304484,-932.9905378296097,-3738.737173917915,-5221.045722839882,2141.2239544823133,2948.0559944161487,4469.793429750089,-17.95831785844503,62.227788655240076,753.0756975436993,-1542.5076159425842,2670.598511607257,-1082.8532928864956,-3348.5451117493644,-4071.573640536893,249.60522936716686,220.1080054630934,-3249.5109332360876,-1093.8160707662896,2997.7614066084316,-473.7513947930546,2833.100257166901,2440.365456658927,-851.1138896133394,-4166.773922176433,3882.3020032206,4325.628080220571,-1039.2750793379896,2043.90086760613,2570.11027398833,-1284.6572796231596,950.1594803493817,2015.0460014043513,-1650.1813610720662,-785.8623497417864,-1397.8710666244365,-509.07837567779524,-3682.111185961488,90.02174057114095
283.7641319656454,-5162.093810038145,-12199.34214376508,33630.557537447254,-19584.57653491426,-27287.813020605907,29296.731645060536,-78966.1583888101,15798.144159754074,-16595.718351098767,-892.956190384588,1432.1252389350193,-12491.914057558464,13612.471289457724,-2883.9255633927446,-2824.0438332878575,-14615.926721389156,34516.613868359775,-11294.851092026714,-45259.33877969433,-63202.62648502682,25919.798672521792,35686.690557302005,54106.49354563013,-217.0920390968017,753.0756975436993,9119.63279529418,-18670.950844600186,32327.585730571853,-13109.884813935838,-40533.99964093761,-49286.860707598695,3021.746071833784,2662.748449789478,-39339.05844819257,-13239.691490925961,36288.7973948484,-5735.214868205477,34297.47041144567,29539.795369794443,-10301.603283382648,-50439.3637838257,46996.631261567716,52361.06138643651,-12575.830456684009,24742.3767132422,31112.773410841164,-15553.830029172446,11504.230718668998,24391.119819117477,-19973.91191725139,-9511.93077186804,-16924.163508295725,-6163.122218200457,-44570.940896764434,1090.0652019695767
-580.0550060078764,10572.552213563455,24987.808307291285,-68869.89465368379,40106.76938277836,55888.724728829955,-59994.139870207546,161714.7712638859,-32349.799025217344,33988.423399728876,1829.8545738570645,-2930.996157331827,25582.845225311255,-27876.087248240474,5907.276212392142,5783.935524397351,29931.433769664567,-70688.93882919598,23129.417402635776,92684.35730897365,129430.70620522024,-53081.04999943625,-73082.50740125115,-110805.82839382133,445.0075606637545,-1542.5076159425842,-18670.950844600186,38238.04442343198,-66204.05151073693,26845.08765403937,83010.24836257819,100934.47046497914,-6187.873153872659,-5455.459269516589,80557.55223016864,27115.087177003876,-74314.96115826603,11744.559895962017,-70234.17333119307,-60496.081346305975,21098.398821233062,103294.5450390323,-96242.9826139531,-107231.78393827916,25760.796252812477,-50668.825098215915,-63713.92577409147,31848.478306266203,-23555.98020811226,-49952.31304715945,40907.01153942667,19480.935028825046,34654.97172127953,12620.482574097588,91278.80645675908,-2231.8507955045284
1004.5297570506848,-18304.824549442714,-43262.245617162145,119240.18762438776,-69440.02529931579,-96763.0918817719,103873.0280471548,-279989.1594200262,56010.395391986596,-58846.302680057255,-3167.9079929294317,5075.068550019889,-44293.39188272976,48264.20010176788,-10227.434392117635,-10014.04232941361,-51822.696727895105,122388.6429991866,-40046.01956640674,-160472.01478387954,-224093.71529354507,91903.30576807787,126533.394560514,191846.35417212217,-770.3814925619507,2670.598511607257,32327.585730571853,-66204.05151073693,114624.05256985323,-46479.5400869223,-143721.84432860103,-174755.59007756962,10713.618058272077,9444.918352501121,-139476.53967527574,-46946.087094064125,128667.36918796135,-20334.384968134946,121602.59836976226,104741.15327183018,-36528.884985110846,-178841.79796600548,166633.15236574246,185658.24318050768,-44600.140512298676,87727.05400966949,110313.21969811826,-55142.639848452425,40785.053656401135,86485.8753704536,-70824.89812682362,-33728.51122756326,-60001.69503122893,-21851.023071398526,-158037.54200340912,3864.283430383567
-407.575122532577,7422.288557285567,17541.595511779935,-48351.93645227309,28157.782974443053,39235.70940648056,-42120.72669973111,113534.57169210778,-22712.739174615974,23861.49153482198,1284.30930057086,-2058.3423942285463,17960.657549257845,-19571.15698497623,4146.8948536154385,4060.5261661469026,21014.03010917152,-49627.60374574738,16238.809585524728,65071.31647131119,90869.61426401035,-37266.47378047348,-51308.88283002578,-77792.72639913873,312.29037118121914,-1082.8532928864956,-13109.884813935838,26845.08765403937,-46479.5400869223,18847.882083798897,58278.52276403685,70862.76471591547,-4344.414291855167,-3829.330458525816,56558.33397081649,19036.11835786461,-52174.33811036063,8245.650963656366,-49310.22422722427,-42471.800826965846,14811.930995635472,72519.73783275772,-67569.44770690345,-75283.37354556014,18083.657772955896,-35573.2423473991,-44732.03839230677,22361.092339226558,-16538.99072140346,-35069.30690565228,28718.680026413625,13676.456455291831,24331.378611562246,8860.73042417706,64083.18841234629,-1567.0647429280623
-1259.5179445429744,22951.595684140113,54244.61501702502,-149509.76691357943,87067.65340430949,121326.88895002849,-130241.58322595923,351065.55583157897,-70228.81625736441,73784.70847986304,3972.111789810086,-6363.368022664052,55537.460837005165,-60516.252054713754,12823.72964040869,12556.156607053197,64978.09314136311,-153457.53722338896,50211.846509670424,201208.4607961233,280980.79529128014,-115233.3354021537,-158654.4119221909,-240547.35515082197,965.9522990283757,-3348.5451117493644,-40533.99964093761,83010.24836257819,-143721.84432860103,58278.52276403685,180206.23408110993,219118.01219573198,-13433.308602523211,-11842.585487528871,174883.15867822806,58863.56650023003,-161330.09584756775,25496.34330902879,-152471.86317702968,-131330.14750086959,45801.91820127151,224241.51869382217,-208933.6406553417,-232788.37311905858,55922.169366096314,-109996.9104237553,-138316.65454516627,69140.76272029891,-51138.45440674271,-108440.69544502735,88804.12524504069,42290.65372106127,75233.31177755176,27397.980448533177,198156.04972170628,-4845.240305656855
-1531.563226444809,27907.439536058726,65957.27228180104,-181793.48005617366,105868.15683688152,147524.4917528497,-158364.7663549768,426870.9390471577,-85393.52038929932,89716.84692013792,4829.721639431237,-7737.542556497399,67529.58438332754,-73583.55679118057,15592.655700196141,15267.357862888908,79008.81343346441,-186593.3602241969,61054.15746169199,244655.45159515383,341652.95858377515,-140115.61030539716,-192912.58642082603,-292488.521948762,1174.498609861654,-4071.573640536893,-49286.860707598695,100934.47046497914,-174755.59007756962,70862.76471591547,219118.01219573198,266432.04394794855,-16333.981609437806,-14399.570499960111,212645.93795617734,71573.83028876362,-196166.07337829206,31001.797007216577,-185395.28971839734,-159688.0771650361,55691.77151858742,272661.8762383401,-254048.66447600655,-283054.116122002,67996.91465383336,-133748.55932623247,-168183.43067200293,84070.59682188132,-62181.01082412826,-131856.1040160119,107979.36929366339,51422.34329667584,91478.69267494156,33314.08213147574,240943.62510465962,-5891.506505386253
93.92521412520614,-1710.871934430717,-4043.4629606326566,11145.157827847926,-6490.405340436563,-9044.016716324957,9708.84336338329,-26169.90449668115,5235.258566329392,-5500.15436745977,-296.05899491723824,474.41387918691663,-4139.974244442034,4511.165741505768,-955.8920001201848,-935.9695865389874,-4843.757822463974,11439.291837046894,-3743.0458546005425,-14998.999835985502,-20945.555695151805,8589.981194570411,11826.77631535149,17931.37401629115,-71.99199378357785,249.60522936716686,3021.746071833784,-6187.873153872659,10713.618058272077,-4344.414291855167,-13433.308602523211,-16333.981609437806,1001.3873820367795,882.7157342411116,-13036.689720169046,-4387.887237164421,12026.253028962712,-1900.6242267953442,11366.014520680194,9789.850718931037,-3414.2096007652494,-16715.91393460264,15574.839905452087,17352.972695579443,-4168.449110051759,8199.668703401238,10310.769364809468,-5154.183411222369,3812.193144799653,8083.567842367098,-6619.752035958648,-3152.474965610243,-5608.341425250318,-2042.3931534880974,-14771.319970808941,361.20103675929573
82.56578362475986,-1508.5016175715762,-3565.6643906670997,9824.79511014777,-5721.656137128174,-7974.2897428141105,8558.466045077113,-23070.66551953189,4614.546982847851,-4849.2400779343525,-261.2566875741312,417.8196519225334,-3649.8328966898,3976.7223498419585,-842.9729673692497,-825.2528085122989,-4270.008451672401,10085.090438415804,-3299.476802267057,-13222.210520402863,-18464.595494513105,7572.6686987824705,10426.103011681387,15808.060853138146,-63.5603191286316,220.1080054630934,2662.748449789478,-5455.459269516589,9444.918352501121,-3829.330458525816,-11842.585487528871,-14399.570499960111,882.7157342411116,778.7135437902652,-11491.701510951787,-3868.578685534658,10601.823094184718,-1675.4082652511386,10019.165743280553,8630.804247483751,-3010.2604655233727,-14736.241279232512,13730.037869075613,15298.252479251509,-3676.2869736963535,7228.362225867787,9089.265771708313,-4542.854010855076,3359.941973769053,7126.637299697291,-5836.332173241067,-2779.457321158501,-4943.268810089911,-1800.301761796974,-13022.42903423165,318.3155241989961
-1222.7951518390153,22273.176237353135,52640.235129197295,-145094.63507510358,84496.14380687366,117740.53482733958,-126395.80890085388,340696.1007260155,-68155.90903293624,71604.3967766639,3854.2604433933757,-6176.246770579438,53896.74944680898,-58729.17804691039,12444.375000213646,12185.024482818606,63059.062530875766,-148923.77832420386,48729.32205562553,195266.35158658674,272682.31037034694,-111829.72191129501,-153968.3370825582,-233441.76518481597,937.2295863604614,-3249.5109332360876,-39339.05844819257,80557.55223016864,-139476.53967527574,56558.33397081649,174883.15867822806,212645.93795617734,-13036.689720169046,-11491.701510951787,169719.8221315757,57124.22046018623,-156565.2595087792,24743.51882532435,-147969.91131649184,-127450.34207502937,44448.275482372745,217618.17230098732,-202762.98091834667,-225911.76934249868,54267.34899842563,-106748.40816989205,-134232.04437340182,67100.43911015826,-49629.562701269686,-105236.88653800751,86180.00959841197,41040.855794153176,73012.94739930966,26589.16208778399,192302.2004117123,-4702.348150723364
-411.3028627947253,7497.144087471767,17719.245985932008,-48836.41852012429,28440.17706432531,39631.477345720894,-42542.505248025176,114673.8649621764,-22939.563241390504,24101.635308479345,1297.5947070458799,-2078.3676166167393,18141.112384677406,-19767.247013039567,4188.945107675565,4101.468763169025,21224.724958511586,-50126.41297995201,16401.318828169915,65723.53458588144,91780.8128451745,-37640.40106084792,-51823.66894238497,-78573.75178301583,315.5685379929142,-1093.8160707662896,-13239.691490925961,27115.087177003876,-46946.087094064125,19036.11835786461,58863.56650023003,71573.83028876362,-4387.887237164421,-3868.578685534658,57124.22046018623,19227.660506703993,-52697.60468540889,8328.195366756801,-49803.815300181035,-42898.52025562067,14961.159711171382,73247.38450104867,-68247.01431347022,-76039.36280486219,18267.419960059935,-35929.84434263409,-45180.26372814253,22584.051223290837,-16703.755649256065,-35421.81293407706,29007.69596690026,13814.191120287196,24574.172743671454,8949.314878865303,64726.925046327866,-1582.6221659265107
1127.7139320022075,-20547.354593358818,-48562.087716696944,133849.3231927155,-77947.6374291329,-108617.54904706523,116599.48445204335,-314292.502571141,62872.94281431222,-66055.7392749339,-3555.906007509041,5697.044774740197,-49720.001827906024,54177.463634552034,-11480.329913910484,-11240.868649946138,-58171.89632898932,137383.04269004034,-44952.4628609312,-180132.74909560694,-251549.13815371966,103163.00428206878,142035.8733556247,215350.61094988073,-864.7211900015282,2997.7614066084316,36288.7973948484,-74314.96115826603,128667.36918796135,-52174.33811036063,-161330.09584756775,-196166.07337829206,12026.253028962712,10601.823094184718,-156565.2595087792,-52697.60468540889,144431.35889872865,-22825.748135383645,136501.32617095276,117573.52894046956,-41004.098114517066,-200752.92432600903,187048.6418029573,208404.3082053283,-50063.68818230478,98475.1957797017,123828.63152462382,-61898.977285639805,45782.27599840234,97081.65351455251,-79501.87165424222,-37860.662897882066,-67353.32795619864,-24528.240716660646,-177399.56728509377,4337.774735075478
