V1,V2,V3,V4,V5,V6,V7,V8,V9,V10,V11,V12,V13,V14,V15,V16,V17,V18,V19,V20,V21,V22,V23,V24,V25,V26,V27,V28,V29,V30,V31,V32,V33,V34,V35,V36,V37,V38,V39,V40,V41,V42,V43,V44,V45,V46,V47,V48,V49,V50,V51,V52,V53,V54,V55,V56
0.6476578842445068,0.22892568823466497,0.4096972620160427,0.5510333315121598,0.28126332539389215,1.3439826710998943,0.42678100953978604,0.023656589618954515,-0.48554584265690137,-0.15652434365737056,-0.11584805904068707,-0.3459477526255806,-0.26440577597440784,0.164163980042112,0.5380310595810772,-0.010312365814265267,0.25015561444150064,-0.01047088626410856,0.6863952721219216,-0.5235196248938895,0.5060220664272344,0.4120299989039725,-0.23172897648758803,-0.20097352607912333,0.10516317851911106,0.21670807284390226,0.055540049221131586,-0.05188971571245466,-0.2572377454597197,-0.08838615922879668,0.1054328245844508,-0.5203948147104621,0.0947571858533684,-0.6843041120771455,0.1584048771314376,0.643123694022276,0.06689855755179511,-0.00716521006444718,0.4965547270230371,0.4032191711404186,0.42331634590281986,-0.042758115679438914,0.640084279722322,-0.5114892936517204,0.41153750897659114,-0.20907238138074472,-0.14667081482682065,-0.497097147568467,0.39925601741957284,-0.1186474547954776,0.4402592149802079,0.4326076619333607,0.2361937958866133,-0.04600653576877405,0.2040553111385037,-0.3690688816905586
0.22892568823466497,0.5158728401910891,0.3125883781589882,0.21229954391202596,-0.26812090642735553,-0.05178497043590645,0.37921961034364066,0.10429294950215806,-0.33542561434088564,-0.4081535260832744,-0.4287595143310952,0.1807702156767119,0.018243067351148477,0.6348749135856058,-0.33218545813639555,0.5859291943346018,0.19434090289425116,0.2733099279810403,0.8107378263826384,-0.31227724972484716,0.3203307447082753,-0.23981217520329415,-0.17478990703331554,-0.02989298467337259,-0.022136990833482348,0.05867113040039476,-0.4169187802984185,0.28325000564872815,0.37979827708926767,0.16325519992415388,0.592469554993806,0.32390268769791064,-0.20057179346234988,-0.6154700215304278,0.07814313077339363,0.7635306156417152,0.30936097444241717,0.4609410932694857,0.18898455123432872,-0.1364783270185546,0.5140185079725931,-0.3412852249812728,0.4642512690480683,-0.14903822797095564,0.2550775716592515,-0.5653470578177983,-0.9030792331054583,-0.5139769081207922,-0.1881570493507068,-0.427498765011673,-0.20720426955931712,0.3876466666647634,-0.35840585652506635,0.200866010848911,1.0732714907619083,-0.5060973310757663
0.4096972620160427,0.3125883781589882,1.0943571219477677,0.6669636192518623,0.3322212182376988,1.470143283384852,0.35211184385337724,0.23563196275259457,0.4553282128054261,0.13277916923221322,0.14735693472343345,0.11676228465125749,0.11062343601416712,0.3159238407477119,0.5191500539629901,0.1650000820713304,0.13515369089740686,-0.5267115064175102,0.2259080551285216,-0.1663905885236956,-0.10191356112124839,-0.17105150450725273,-0.1690865390953109,-0.3165221969466086,0.10819339329200439,-0.0016001343559096934,1.103472851104623,0.29820495953099885,-0.16016634428525062,-0.564991436047055,0.40300517037862643,0.3280255254828007,0.25510903541373436,-0.740342325275304,-0.7054660324583171,0.528362346023934,-0.019788292184683018,-0.22034909489427887,0.7194179361680706,-0.20806312439611344,0.16381697237971773,4.937583299384861e-4,0.26142224987647605,-0.8581556430881413,1.228301566623197,0.30181760455859763,0.4885628606566125,-0.8595078688995096,0.8603758488744602,-0.4007777399267073,0.5244039931693466,0.3781344061917093,-0.4940477971686362,-0.17021583023899248,0.5933772488793958,0.04811849010624259
0.5510333315121598,0.21229954391202596,0.6669636192518623,1.0920425357457653,0.5476484868624756,1.0625560918932153,0.3451026157688939,-0.45806525757800187,0.1425305044351972,-0.4231332667770136,-0.010176511296346427,-0.29982811446146423,-0.1500976371025503,0.4481730335518432,0.6882290416215202,0.05721656502451494,0.22127206435125257,-5.219358056489199e-4,0.6160518603238104,-0.31749413500955187,-0.34610581723743006,0.06333596235160999,0.012146822693986545,0.28169967281423913,0.10485811134810705,0.10573761504977677,0.8362613641897059,-0.15316076391523223,0.08504595086231632,-0.5236589146280785,0.05213189676144187,-0.08045646368710735,0.4230709994743686,-0.7374277634438006,-0.4671798754498533,0.44595271208097914,0.14028569629559715,-0.34980413809271865,0.8314297886121471,0.4125328454751811,-0.21493897093321054,-0.47031218434913524,0.6991186073978529,-0.6112832609613982,0.43447597589384834,0.550328983676334,0.7890503687194174,-0.6957188182603081,0.8633622073900444,0.007511361365789463,0.21005872682296456,0.24443133537466283,-0.009696820872236124,-0.1585592585130427,-0.00150596865815366,-0.03854997979211534
0.28126332539389215,-0.26812090642735553,0.3322212182376988,0.5476484868624756,1.649845875996338,0.9929341540900837,-0.9834903434849056,0.7159332143116595,0.1168473284177424,-0.27317602091529986,0.31742190129897496,-0.831113192327982,0.04249977650890285,-0.25427920194959486,1.1978286489614633,-0.45833456078443235,0.4813816429601665,-0.6732111459295038,0.42400014260612096,1.3326788939949923,0.3403145438746367,-0.5049389945641207,-0.47653534466306224,-0.30499680675677443,0.10228864156884404,0.03294282091401349,1.0765607198753635,-0.38638973223745315,-0.6759445019549405,-0.4654129056432433,0.26240447523588867,0.974039684013286,0.8463082329790684,-0.12860620760613362,0.46205705148755727,-0.20110031156096794,-0.9822832795898422,-0.9157805090740397,-0.13734465857557837,0.24824703334958473,-1.2200539910986106,0.5632254840146221,-0.7207010747005304,-1.650859115603454,-0.3486965589329547,1.0667158528102194,1.5593367497255486,0.38905855027895875,0.8617015226579398,0.21446408515998183,0.40875496376910975,-0.1730778731162391,1.1119849263116464,-0.19916485558630498,-0.46544273078969284,0.5568614849750799
1.3439826710998943,-0.05178497043590645,1.470143283384852,1.0625560918932153,0.9929341540900837,4.6529890619592456,0.8030239607707736,0.39198871409574854,-0.06602152312435591,0.9196713223980434,0.6767185032426033,-0.6800321628310926,-0.4458496307534803,-0.6069840237001063,2.0150844941662323,-0.8538748478464485,0.20972035731248037,-1.1698117604644724,0.005085134300113953,-0.9941091732866826,0.7110762944678188,1.3007769789369847,-0.4161852917685555,-1.0479651629343107,0.3684096124011872,0.35302828158484334,1.7075120199607006,-0.05915702445491941,-1.5320362919902966,-0.8787725158095768,-0.364962973429621,-1.5853606198871133,0.5229508359358862,-1.0733306510927385,-0.5087259369871076,0.6560014776599016,-0.36039615751061177,-0.7837437742394158,1.3584629884487949,0.6394327942404682,0.7142967680453639,0.7685278069741255,0.7498389786634716,-1.4918179522761101,2.0688058025564664,0.3794407248751835,1.1803866117238906,-1.0891926834510346,1.8173240191844882,-0.10949518508784864,2.0282841965405307,0.7588444587458468,0.3676846088253331,-0.5891556459632122,-0.5784537781447698,0.016215942737782728
0.42678100953978604,0.37921961034364066,0.35211184385337724,0.3451026157688939,-0.9834903434849056,0.8030239607707736,1.3123647521568336,-0.799360956955302,-0.21452074897880316,0.1746222074442203,-0.20166114017848835,0.3742791485661308,-0.27821867392121385,0.3520120491012305,-0.24546739164134443,0.26287423933021914,-0.22873314697952496,0.4108329862980262,0.0877630291068699,-1.692037242823326,-0.18703996188146302,0.8691711906095905,0.30242043771007326,0.16903806026319584,0.052137429718649375,0.15036661692376252,-0.295657490717226,0.23327743788128336,0.29170836060203137,0.010330738572011467,-0.2801923910536061,-1.3988434950883153,-0.4530376444429287,-0.5911255912431559,-0.6545146942489981,0.6710356892065763,0.9077676375925172,0.5222263825938388,0.8821595603234463,0.22219096216082374,1.253129415213604,-0.5968557835696938,1.2973903782901053,0.8242279421388579,0.9689793021646039,-0.708230944580767,-0.8784830007232977,-0.9846525556970221,0.044714657404255106,-0.2210855833611971,0.2176531661936665,0.5200848946984576,-0.8456197034261994,-0.012786180126388255,0.3288786834641395,-0.6266692621752888
0.023656589618954515,0.10429294950215806,0.23563196275259457,-0.45806525757800187,0.7159332143116595,0.39198871409574854,-0.799360956955302,1.5630455245843071,-0.31788451120543676,0.04417774703678394,-0.027551795022033098,-0.20539508605420548,0.257320434102732,-0.1498934351629146,0.19716387787084014,0.08000157352236399,0.422789119875036,-0.6441419028999349,0.4883316461264371,1.2023059987419764,1.2120571833910314,-0.7353923386013566,-0.7625165489516008,-0.944500596292238,0.0017055179218896674,-0.01429396387653181,-0.0661574554262445,0.250511767313325,-0.5746018025778205,0.1950818653241191,0.9106959828074319,1.3139387233678916,0.1259177214683787,-0.11327677544938551,0.8977149346783923,0.2589720674294686,-0.8392195136690771,-0.029864172238304964,-0.7118222464216254,-0.4923408389540078,-0.15364905357075784,0.9160308233437102,-0.9948303350737532,-1.310761653390169,-0.030111067199751027,-0.24575576833063506,-0.3335325263578295,0.3883939733037991,-0.12423082562557872,-0.4173098264463894,0.2672907428595191,0.12351206902289072,0.5576012557152356,0.13236759489055205,0.8598204470508878,0.04648793024376795
-0.48554584265690137,-0.33542561434088564,0.4553282128054261,0.1425305044351972,0.1168473284177424,-0.06602152312435591,-0.21452074897880316,-0.31788451120543676,1.4635698706283442,0.551474757031663,0.6267504988454436,0.43183844564086105,0.35919676574583703,-0.22864496443194343,0.1727131206060553,-0.25290170888206975,-0.3851917555500646,-0.5886154782476446,-1.2539402400985522,0.39752693155685687,-1.3588249490823636,-0.35768185276711445,0.43673638241647117,0.2309013685588356,0.012065315692804593,-0.3048564299557309,1.5709772049481283,0.0828361199853754,0.04106574191353087,-0.7453827202794392,-0.35596578653277844,0.46315950518471866,0.3446800417890665,0.4563077103409107,-1.3071520720843803,-0.825150323676472,-0.1119110741300393,-0.6230910656629711,0.29432855396816915,-0.4493410290302828,-0.768415984409843,5.660258615336615e-4,-0.5363036184051767,0.06832981852297462,0.6522366289771578,1.173057505286836,1.6034435927811512,-0.09829687837997579,0.7159735606184678,0.1500244949661862,0.10368608886697671,-0.43745593420008794,-0.6959775125036465,-0.32836877347332233,-0.6387401824769727,0.8887785854373713
-0.15652434365737056,-0.4081535260832744,0.13277916923221322,-0.4231332667770136,-0.27317602091529986,0.9196713223980434,0.1746222074442203,0.04417774703678394,0.551474757031663,1.0800024884707056,0.59700258358611,0.24775972076323158,0.02725774631616457,-0.7819354818211114,0.23637639781151026,-0.5760046072242395,-0.4215940817698757,-0.5991777441217182,-1.3075562265431622,-0.3316171909932785,-0.26727619050596807,0.5984289008881193,0.21148330689913394,-0.3904706980041163,0.06750966728403841,-0.07249744469515015,0.631007489629396,0.09733315451580615,-0.5980645143059139,-0.25110941046281643,-0.639530491665067,-0.8393981868143827,-0.08389405442114052,0.47869958663336787,-0.5973964865979957,-0.5748153582259058,-0.09971249420334853,-0.2570877571581074,0.12450480408374331,-0.1784016038216449,0.2747558080441784,0.5555967233833635,-0.2936478334165293,0.35761007328436134,0.8146051675814571,0.1847962949620145,0.5181160853388861,0.03670847975726798,0.30287794292564124,0.12286612946813272,0.6854480033178336,-0.1183998879406207,-0.3008895027496219,-0.2894524306176389,-0.7804416006279667,0.41004553759935675
-0.11584805904068707,-0.4287595143310952,0.14735693472343345,-0.010176511296346427,0.31742190129897496,0.6767185032426033,-0.20166114017848835,-0.027551795022033098,0.6267504988454436,0.59700258358611,0.5554495168959497,-0.05535749878999237,0.048745869975665705,-0.5792331297397544,0.5156871676841531,-0.5598685045094208,-0.21152314565482772,-0.5452044050919718,-0.9084240840806306,0.19493967494766615,-0.44577370578659287,0.21692844006768933,0.1561226822780941,-0.12212648450870385,0.0670713371494762,-0.08255242519856318,0.9385753030726963,-0.12859418886668866,-0.47264138314684145,-0.4222624559202268,-0.5010776548384308,-0.2659850042480768,0.2743238265580645,0.38824702980831816,-0.4826519417723236,-0.6293878251312235,-0.30019834554101826,-0.5594493615370474,0.11754184641669062,-0.0052140200273374125,-0.4073344066606686,0.38019398731774784,-0.39593382181449965,-0.10459911766419655,0.35542891260483234,0.705068496149014,1.1429852954678552,0.15750481743734068,0.5507800618793836,0.26781312883534647,0.4675012477801361,-0.2581052000576314,0.057601659844786844,-0.29866168358639844,-0.8985593524480764,0.5796548224635781
-0.3459477526255806,0.1807702156767119,0.11676228465125749,-0.29982811446146423,-0.831113192327982,-0.6800321628310926,0.3742791485661308,-0.20539508605420548,0.43183844564086105,0.24775972076323158,-0.05535749878999237,0.6930149904615109,0.21269912678664318,0.22779822835787947,-0.7178508215869686,0.36865386817171447,-0.3008745349318672,0.10223939935711743,-0.4484233528135324,-0.3747190672359631,-0.48421980937320686,-0.15378493839095705,0.2668878828844028,0.11085395527455576,-0.07060079681542174,-0.15327122982343844,-0.08605726592419868,0.3917617766787226,0.4495035931087204,0.04028568564018987,0.07669654673881955,0.09621403108279929,-0.36608112817436156,0.09932609333342574,-0.6236252403307573,0.0057386971540334866,0.43164086684892505,0.38872492295791994,0.07707108038417378,-0.5048692901026466,0.4287069606911815,-0.26068452390968444,0.07327804431038551,0.6826239441266023,0.48788058471305223,-0.29634457668365444,-0.5249613345505574,-0.3036319871245369,-0.29881129519479616,-0.26451421262446173,-0.2619352235190908,0.016781527693322543,-0.9413516908696425,0.07165147477844218,0.4978955483124884,-0.05429702447514012
-0.26440577597440784,0.018243067351148477,0.11062343601416712,-0.1500976371025503,0.04249977650890285,-0.4458496307534803,-0.27821867392121385,0.257320434102732,0.35919676574583703,0.02725774631616457,0.048745869975665705,0.21269912678664318,0.23826005088446328,0.0715481758378538,-0.18613241168055206,0.1419755998822062,-0.01608527604520602,-0.17793040137174182,-0.1565908520323655,0.471203650472559,-0.17444586196937403,-0.4863411565115049,-0.02708133987120195,-0.05071651512383678,-0.04058514527947192,-0.1346339085156673,0.2408370376990583,0.15649431776474915,0.11258499145304456,-0.07232671514577751,0.2571732187828035,0.7092775381519532,0.043894222885554036,0.12823297632288128,-0.15277452085149443,-0.1394566105459459,-0.14158129442931097,-0.0364066121021436,-0.1898636466385713,-0.37557835962817193,-0.2641385817672362,0.07921540966697453,-0.41928540279315996,-0.15532296360615724,0.04416019927202134,0.17499224881109843,0.14296293079869446,0.08103687462121213,-0.030550226326576,-0.12631095919928703,-0.15899140229347283,-0.12389765989133902,-0.21632167715891862,0.025682276121379754,0.2709307982834102,0.20984523760675872
0.164163980042112,0.6348749135856058,0.3159238407477119,0.4481730335518432,-0.25427920194959486,-0.6069840237001063,0.3520120491012305,-0.1498934351629146,-0.22864496443194343,-0.7819354818211114,-0.5792331297397544,0.22779822835787947,0.0715481758378538,0.9777557699968217,-0.48897217377815305,0.8196745255642348,0.24424882191273004,0.5057040775721848,1.0716085594809706,-0.2145609521851852,0.009383700435046603,-0.5333593590946353,-0.08626139327733308,0.30282640807372424,-0.05842245377865976,0.017858517280346268,-0.39914587820617914,0.2577137977956938,0.7585459685239674,0.11755360070732734,0.7293187594637953,0.6902247460548453,-0.1338402117739351,-0.7124074574191553,-0.04014305637846087,0.8257295309321915,0.445442842540466,0.48668793802602106,0.25444443458700167,-0.13757030070789616,0.2705371369738005,-0.7063767773754035,0.5837375590727267,-0.11065931179865111,0.03440403756260779,-0.41025715270794677,-0.8254575209188282,-0.5984362797620313,-0.20430193365969015,-0.42831287547998437,-0.5583945573494946,0.3347386638393808,-0.48274043756728413,0.2625531462224225,1.251184305139752,-0.5199633583581642
0.5380310595810772,-0.33218545813639555,0.5191500539629901,0.6882290416215202,1.1978286489614633,2.0150844941662323,-0.24546739164134443,0.19716387787084014,0.1727131206060553,0.23637639781151026,0.5156871676841531,-0.7178508215869686,-0.18613241168055206,-0.48897217377815305,1.39230883719746,-0.7184938082698817,0.21154924297856517,-0.6992879072048926,-0.05765487289035033,0.27853692004276936,0.1186003562483485,0.3585437682730181,-0.2132312104417539,-0.31913415800816664,0.18389576859758347,0.126526383053341,1.2684564844093045,-0.375344796176603,-0.8775973282509479,-0.62147562894903,-0.31481265413418213,-0.32581085213313415,0.6795129197634322,-0.23283453627537257,-0.07452816809294553,-0.15542967291279924,-0.5961113870690741,-0.8917205482997035,0.44553149613746423,0.49980821128113906,-0.5675497738435931,0.4837471692833176,-0.08880028687629693,-1.1235524914668533,0.38812840329350884,0.9207303359715096,1.5680700956477887,-0.05909001940923021,1.1467282315025222,0.29186653818915603,0.8947661617746989,0.020382942063532517,0.7632160553498939,-0.38233012513870085,-0.9230439096030787,0.4401367833746147
-0.010312365814265267,0.5859291943346018,0.1650000820713304,0.05721656502451494,-0.45833456078443235,-0.8538748478464485,0.26287423933021914,0.08000157352236399,-0.25290170888206975,-0.5760046072242395,-0.5598685045094208,0.36865386817171447,0.1419755998822062,0.8196745255642348,-0.7184938082698817,0.813354368869451,0.166407612719249,0.44247713227954505,0.8406954863758866,-0.12156293810460006,0.16685503612500147,-0.5612186439374478,-0.11701096125549146,0.13118316421704604,-0.08840960171992678,-0.022008382823426903,-0.6391352613742979,0.3627989987381054,0.6924154683805214,0.28067596518150795,0.7540508024468124,0.7368885559098745,-0.29318794588148417,-0.49540321681337407,0.08304979341436389,0.7128349638187791,0.3878942677192797,0.6194683552800766,-0.009418041679374024,-0.3340345845500832,0.40999681573881663,-0.4984938550478134,0.3298474171735337,0.05003145638846751,0.010640756256075403,-0.631787939880111,-1.12953985054206,-0.4126261659026461,-0.4735541172236975,-0.4851163509421646,-0.5710636646591156,0.28788616908505216,-0.537135783703897,0.31057359031177806,1.3298238481284648,-0.5116033096427621
0.25015561444150064,0.19434090289425116,0.13515369089740686,0.22127206435125257,0.4813816429601665,0.20972035731248037,-0.22873314697952496,0.422789119875036,-0.3851917555500646,-0.4215940817698757,-0.21152314565482772,-0.3008745349318672,-0.01608527604520602,0.24424882191273004,0.21154924297856517,0.166407612719249,0.35028331208291313,-0.007282501264881189,0.7735640702512945,0.3804889140183037,0.54305035151504,-0.30984031489104913,-0.35400898542420384,-0.16846921127735473,0.013389914294333331,0.08152905327954839,-0.1304506535994231,-0.026447444089351527,-0.06180344846707005,0.07254883718563032,0.4771952906389856,0.5396031296316415,0.15667060559703025,-0.37132373132926494,0.5069467147165863,0.4001005157297075,-0.236056647659838,-0.0026175825263286406,-0.10065653413587097,0.07599801190603421,-0.12973941457657073,0.06916558569248633,-0.035488705619631,-0.7045481092264392,-0.22061124795270748,-0.0828843764346281,-0.15712853378065014,-0.005513210594991576,0.04125448023028988,-0.14665645617236342,-0.020912194273563434,0.16301675254115258,0.40350623821349085,0.1008015535593766,0.4701021712615071,-0.17507709371130065
-0.01047088626410856,0.2733099279810403,-0.5267115064175102,-5.219358056489199e-4,-0.6732111459295038,-1.1698117604644724,0.4108329862980262,-0.6441419028999349,-0.5886154782476446,-0.5991777441217182,-0.5452044050919718,0.10223939935711743,-0.17793040137174182,0.5057040775721848,-0.6992879072048926,0.44247713227954505,-0.007282501264881189,0.8995725174492413,0.5883284794266097,-0.6157615427887962,-0.021314216103479076,0.14179685411503046,0.1969115642828042,0.5600910079911842,-0.09187646959652433,0.08439553880314225,-1.1545400888358446,-0.055972066450929996,0.70106337391286,0.47433356086974887,-0.0014192892770169205,-0.3685696558460345,-0.3799233180971704,-0.11567819632663037,0.2926809611058149,0.3437731960748649,0.6139567794395603,0.5971377506894047,-0.02714011200681093,0.2527756583114202,0.4089691453945716,-0.7050656642864859,0.6880701930755755,0.8471448412741657,-0.6441776924931094,-0.6536483534264985,-1.078843447916761,-0.06618905518259853,-0.7015603403797456,0.020097841375372936,-0.6741877608092166,0.09337638853371864,-0.1389687975329498,0.2724107999243724,0.34039954609662093,-0.5751163577825784
0.6863952721219216,0.8107378263826384,0.2259080551285216,0.6160518603238104,0.42400014260612096,0.005085134300113953,0.0877630291068699,0.4883316461264371,-1.2539402400985522,-1.3075562265431622,-0.9084240840806306,-0.4484233528135324,-0.1565908520323655,1.0716085594809706,-0.05765487289035033,0.8406954863758866,0.7735640702512945,0.5883284794266097,2.247796804225185,0.09896170402017106,1.2226502342887406,-0.5378493100901515,-0.6695557565445655,-0.06975450703745745,-0.015028831163190695,0.259690878834983,-1.0286265822695244,0.07106592084877231,0.4060928403916768,0.43913729276050173,1.1952801393439065,0.8595916413897141,-0.003617039394085375,-1.1865601121576763,1.1189856521295611,1.425308760143696,0.07212841345980844,0.5470565819645614,0.005573196790645899,0.2619963746122339,0.33403824694538076,-0.4299370785254021,0.6584557448273974,-1.0061734345242568,-0.4990302450053124,-0.8234302603674977,-1.3433851238018233,-0.42038922080214375,-0.3066017750649156,-0.5084872676892218,-0.4099006257427416,0.6307066033688811,0.49312466781035164,0.4181979119531364,1.6376138757524465,-0.9472464506757016
-0.5235196248938895,-0.31227724972484716,-0.1663905885236956,-0.31749413500955187,1.3326788939949923,-0.9941091732866826,-1.692037242823326,1.2023059987419764,0.39752693155685687,-0.3316171909932785,0.19493967494766615,-0.3747190672359631,0.471203650472559,-0.2145609521851852,0.27853692004276936,-0.12156293810460006,0.3804889140183037,-0.6157615427887962,0.09896170402017106,2.3142111228066757,0.24270670228384178,-1.421639213612895,-0.4837878584338128,-0.28421951754836944,-0.07024425854000356,-0.22946996015474555,0.5644766835674281,-0.1469946482588124,-0.2692964057284389,-0.09941261167703548,0.6816585555235414,2.2538339950092343,0.624250803633284,0.5386158572249485,0.7225519538678356,-0.6534589253305737,-1.1812496907027508,-0.6376207824472537,-1.0612004772988075,-0.4782550185009387,-1.6236543687035596,0.7168648665448073,-1.696925344608689,-1.346072096538981,-1.0227824942811081,0.9290609316018312,1.0936796340782227,1.0605337709855625,0.0390827189247909,0.08261220623218622,-0.3196260038241148,-0.5746899979713543,0.891079492683419,0.048121714206408504,0.021760114605865757,0.7859837453524822
0.5060220664272344,0.3203307447082753,-0.10191356112124839,-0.34610581723743006,0.3403145438746367,0.7110762944678188,-0.18703996188146302,1.2120571833910314,-1.3588249490823636,-0.26727619050596807,-0.44577370578659287,-0.48421980937320686,-0.17444586196937403,0.009383700435046603,0.1186003562483485,0.16685503612500147,0.54305035151504,-0.021314216103479076,1.2226502342887406,0.24270670228384178,1.869581216435628,0.013195633577439393,-0.8210355904169866,-0.8613177106846934,0.02314224508066217,0.26406686854865824,-1.1734692591917466,0.10248436425395936,-0.5205885332178962,0.6506639358381016,0.7628040231380303,0.19367635073997735,-0.19820120792556375,-0.502319751213786,1.5048890356878795,0.8616950653749885,-0.41273521517037765,0.4434324566573113,-0.5366630199034094,0.1006922859894418,0.6614710314392234,0.629075081794763,-0.08707137665486814,-0.8914751986040129,-0.30225916666808617,-1.1025211666957873,-1.4369200756169749,0.2028789981707851,-0.5151615547152749,-0.3877604232643879,0.2776820802436412,0.4980589221995522,0.8686046366002373,0.28701162030240146,0.9667752071427735,-0.6924143634094696
0.4120299989039725,-0.23981217520329415,-0.17105150450725273,0.06333596235160999,-0.5049389945641207,1.3007769789369847,0.8691711906095905,-0.7353923386013566,-0.35768185276711445,0.5984289008881193,0.21692844006768933,-0.15378493839095705,-0.4863411565115049,-0.5333593590946353,0.3585437682730181,-0.5612186439374478,-0.30984031489104913,0.14179685411503046,-0.5378493100901515,-1.421639213612895,0.013195633577439393,1.4433113163946159,0.3107903780359371,0.006720216185176258,0.11059779231710214,0.2227416974695921,-0.1969981899416528,-0.22611426156641293,-0.428054399735578,0.01306870232778514,-0.9957510658406569,-2.1381229143551184,-0.24068341984572036,0.02346343109922288,-0.21943063491516185,-0.040898631418482434,0.432413089409442,0.028660620914275653,0.567937922678723,0.6600156445925565,0.8483943809479482,-0.00653838567809213,0.8672141774214908,0.8254115363063462,0.4671805865099703,-0.32913860232687925,-0.11633985931649407,-0.25824641560296463,0.17579236480511187,0.3282569007006297,0.648560676068992,0.19712781335947466,0.045010654600435615,-0.21417391056135315,-1.0055935685526634,-0.2496718209002075
-0.23172897648758803,-0.17478990703331554,-0.1690865390953109,0.012146822693986545,-0.47653534466306224,-0.4161852917685555,0.30242043771007326,-0.7625165489516008,0.43673638241647117,0.21148330689913394,0.1561226822780941,0.2668878828844028,-0.02708133987120195,-0.08626139327733308,-0.2132312104417539,-0.11701096125549146,-0.35400898542420384,0.1969115642828042,-0.6695557565445655,-0.4837878584338128,-0.8210355904169866,0.3107903780359371,0.4805846592254735,0.45533268705211055,-0.019382629448599767,-0.07795993319943552,0.17869387477145376,-0.07237526114857593,0.2682036588782495,-0.1397771175338183,-0.5648942197417286,-0.5905401097203006,-0.0940869864032257,0.3196266492806295,-0.6367304839930241,-0.4052781864295173,0.3779381340679598,-0.03518692607864675,0.24792516857517005,0.0660567271241487,-0.011226047186356978,-0.3519607852444994,0.24658008008984686,0.8309441257678221,0.07981794992444667,0.23801763998956715,0.3237147286531759,-0.0707659655707225,0.024706324753094408,0.2419316396842516,-0.14157852617800645,-0.20337219725282318,-0.43591050885210075,-0.10592479820213202,-0.5826470558651302,0.1689615681885809
-0.20097352607912333,-0.02989298467337259,-0.3165221969466086,0.28169967281423913,-0.30499680675677443,-1.0479651629343107,0.16903806026319584,-0.944500596292238,0.2309013685588356,-0.3904706980041163,-0.12212648450870385,0.11085395527455576,-0.05071651512383678,0.30282640807372424,-0.31913415800816664,0.13118316421704604,-0.16846921127735473,0.5600910079911842,-0.06975450703745745,-0.28421951754836944,-0.8613177106846934,0.006720216185176258,0.45533268705211055,0.7976254825623881,-0.05968947220451085,-0.05538545128351815,-0.08462917923316897,-0.20266932420877357,0.6336982035875202,-0.051709787229877395,-0.34676840422687055,-0.1858388441434587,-1.429996230402286e-4,0.15791783554513922,-0.389302117423759,-0.23432852819675437,0.4455470483121334,0.0236830943353402,0.1946292763023026,0.22204675195130333,-0.3062700413402216,-0.7186887729860276,0.3998369175517931,0.7374455374797183,-0.4686870408810872,0.2907559156821272,0.24659693115424788,-0.028998003714735123,-0.10225779644951703,0.2806594466457376,-0.5674188825804694,-0.22980651418232254,-0.2497879489582035,0.021150977755868713,-0.37013536531150576,0.033075258385072616
0.10516317851911106,-0.022136990833482348,0.10819339329200439,0.10485811134810705,0.10228864156884404,0.3684096124011872,0.052137429718649375,0.0017055179218896674,0.012065315692804593,0.06750966728403841,0.0670713371494762,-0.07060079681542174,-0.04058514527947192,-0.05842245377865976,0.18389576859758347,-0.08840960171992678,0.013389914294333331,-0.09187646959652433,-0.015028831163190695,-0.07024425854000356,0.02314224508066217,0.11059779231710214,-0.019382629448599767,-0.05968947220451085,0.030927300991997513,0.027234300940928477,0.16580016478598272,-0.026521087577541153,-0.12338635797147589,-0.0868700227339934,-0.056494051692730037,-0.1379656215261965,0.06139838289670962,-0.07182624292617469,-0.05313372984367506,0.025040546904225747,-0.033791123667990614,-0.08983539229464019,0.11687570122781403,0.07168750951342419,0.018491512738780906,0.05198741555865138,0.059495691455907676,-0.11627481165976447,0.14414420401100134,0.07261733276466512,0.15410797462899797,-0.07531521565671842,0.16683428555265575,0.016247181122471407,0.16005290710525713,0.043354043596251134,0.04706217620756213,-0.0568364248103932,-0.09798655494758977,0.022304197456761855
0.21670807284390226,0.05867113040039476,-0.0016001343559096934,0.10573761504977677,0.03294282091401349,0.35302828158484334,0.15036661692376252,-0.01429396387653181,-0.3048564299557309,-0.07249744469515015,-0.08255242519856318,-0.15327122982343844,-0.1346339085156673,0.017858517280346268,0.126526383053341,-0.022008382823426903,0.08152905327954839,0.08439553880314225,0.259690878834983,-0.22946996015474555,0.26406686854865824,0.2227416974695921,-0.07795993319943552,-0.05538545128351815,0.027234300940928477,0.09724559540853354,-0.19139426575915391,-0.0545718334090044,-0.08884835196735555,0.07242389444357705,-0.013526841841620433,-0.3028814686680186,-0.025318870207992363,-0.18113319711565898,0.19210957886256796,0.21142071743778354,0.044703919946241816,0.060418165543133465,0.09405407905460249,0.19789035374028088,0.20503149479655572,-0.009951356083033793,0.24501274316173524,-0.06260671389888359,-2.870064998188622e-4,-0.18552246139331313,-0.20318170108947609,-0.08483588105201335,0.009151301453361698,-0.002135562320595757,0.11316065167825262,0.1412725024732429,0.16570491746162958,0.014339897796656838,0.02035100223928297,-0.1896698465817504
0.055540049221131586,-0.4169187802984185,1.103472851104623,0.8362613641897059,1.0765607198753635,1.7075120199607006,-0.295657490717226,-0.0661574554262445,1.5709772049481283,0.631007489629396,0.9385753030726963,-0.08605726592419868,0.2408370376990583,-0.39914587820617914,1.2684564844093045,-0.6391352613742979,-0.1304506535994231,-1.1545400888358446,-1.0286265822695244,0.5644766835674281,-1.1734692591917466,-0.1969981899416528,0.17869387477145376,-0.08462917923316897,0.16580016478598272,-0.19139426575915391,2.6238522441572756,-0.09951776327299361,-0.5811357198930135,-1.271947207329874,-0.36411990672702393,0.3946554810891708,0.8796838266781262,0.003958506078910238,-1.4164598490652742,-0.6710666306211085,-0.5320843569151766,-1.2475517772517297,0.7750716107742451,-0.12707563811234557,-1.089864022504919,0.308020807099423,-0.47886205390657427,-1.0246633265812006,1.1750412003252886,1.8066185952557248,2.6857179652899505,-0.3831506626045942,1.694571936092862,0.20754936222434064,0.8233555115673904,-0.27076815861408643,-0.23000375629861272,-0.5971801928341876,-0.9849096008091264,1.118035371145269
-0.05188971571245466,0.28325000564872815,0.29820495953099885,-0.15316076391523223,-0.38638973223745315,-0.05915702445491941,0.23327743788128336,0.250511767313325,0.0828361199853754,0.09733315451580615,-0.12859418886668866,0.3917617766787226,0.15649431776474915,0.2577137977956938,-0.375344796176603,0.3627989987381054,-0.026447444089351527,-0.055972066450929996,0.07106592084877231,-0.1469946482588124,0.10248436425395936,-0.22611426156641293,-0.07237526114857593,-0.20266932420877357,-0.026521087577541153,-0.0545718334090044,-0.09951776327299361,0.3713246514642756,0.17284053217881995,0.06596008428482052,0.38513833923678614,0.3126710138322074,-0.23116719697759672,-0.21307193629455606,-0.1968309680786678,0.3291689737043181,0.1647999914297561,0.32678068567294566,0.039884585973683204,-0.4065927863872389,0.43972931504438745,-0.024098183058129184,0.031523580832815416,0.01832438210062412,0.49416203611892284,-0.38914853791448134,-0.601053846821046,-0.3256802721208424,-0.1590530792709996,-0.38160713494817383,-0.039476286778934895,0.20168379572424508,-0.5417715219861549,0.09613168409918631,0.765272352642599,-0.18106681714656017
-0.2572377454597197,0.37979827708926767,-0.16016634428525062,0.08504595086231632,-0.6759445019549405,-1.5320362919902966,0.29170836060203137,-0.5746018025778205,0.04106574191353087,-0.5980645143059139,-0.47264138314684145,0.4495035931087204,0.11258499145304456,0.7585459685239674,-0.8775973282509479,0.6924154683805214,-0.06180344846707005,0.70106337391286,0.4060928403916768,-0.2692964057284389,-0.5205885332178962,-0.428054399735578,0.2682036588782495,0.6336982035875202,-0.12338635797147589,-0.08884835196735555,-0.5811357198930135,0.17284053217881995,0.9688061260137452,0.21049730403713762,0.2883050737520177,0.4286405643402307,-0.2830126619351239,-0.13497256851865708,-0.24691350740635867,0.2711341327021696,0.6068260452404911,0.5186689022683499,0.0445868630419051,-0.18967158333022807,0.12136482585526405,-0.825658257182202,0.4235887389770738,0.6855775494551267,-0.3115730109896309,-0.30853778175262836,-0.7324544253556777,-0.2616148091044952,-0.5201711355018047,-0.17103005450417608,-0.8506029866314939,0.005713584484348502,-0.6590855317161247,0.2533620577504476,0.7195565985022474,-0.3188890573613369
-0.08838615922879668,0.16325519992415388,-0.564991436047055,-0.5236589146280785,-0.4654129056432433,-0.8787725158095768,0.010330738572011467,0.1950818653241191,-0.7453827202794392,-0.25110941046281643,-0.4222624559202268,0.04028568564018987,-0.07232671514577751,0.11755360070732734,-0.62147562894903,0.28067596518150795,0.07254883718563032,0.47433356086974887,0.43913729276050173,-0.09941261167703548,0.6506639358381016,0.01306870232778514,-0.1397771175338183,-0.051709787229877395,-0.0868700227339934,0.07242389444357705,-1.271947207329874,0.06596008428482052,0.21049730403713762,0.6420220767177003,0.22454419675425388,-0.0497585033625514,-0.4183868095673104,0.08026357692892422,0.7693922526032786,0.25794200496071457,0.14774902820461303,0.5826735159681586,-0.504723668862649,-0.01578423873698154,0.4673449821563925,-0.019621450227701724,0.05001777954541644,0.4175733076778449,-0.6124967743705093,-0.8685049067579657,-1.2913209332643627,0.29767472968812775,-0.8635606972233024,-0.11238150647543185,-0.3849305736397603,0.0911972643582456,0.17110328539375544,0.2957313011865912,0.4885911313741022,-0.48372755235889453
0.1054328245844508,0.592469554993806,0.40300517037862643,0.05213189676144187,0.26240447523588867,-0.364962973429621,-0.2801923910536061,0.9106959828074319,-0.35596578653277844,-0.639530491665067,-0.5010776548384308,0.07669654673881955,0.2571732187828035,0.7293187594637953,-0.31481265413418213,0.7540508024468124,0.4771952906389856,-0.0014192892770169205,1.1952801393439065,0.6816585555235414,0.7628040231380303,-0.9957510658406569,-0.5648942197417286,-0.34676840422687055,-0.056494051692730037,-0.013526841841620433,-0.36411990672702393,0.38513833923678614,0.2883050737520177,0.22454419675425388,1.2274826790368418,1.5329178521763491,-0.021537948982629354,-0.6340348935072885,0.5461369897611029,0.8230013526029747,-0.19339226508762014,0.3806501992025994,-0.29255194093019043,-0.475387025433967,0.06662540765641564,0.005637931203077197,-0.22205601433038702,-0.9498312904558939,-0.030405780825982345,-0.4709642244034264,-0.8819225307394749,-0.21254076079096473,-0.2718608703081267,-0.6308153423410988,-0.3379153021803129,0.32834872036450996,-0.05176331595386522,0.31321678709370937,1.6213034970841143,-0.3723398639806673
-0.5203948147104621,0.32390268769791064,0.3280255254828007,-0.08045646368710735,0.974039684013286,-1.5853606198871133,-1.3988434950883153,1.3139387233678916,0.46315950518471866,-0.8393981868143827,-0.2659850042480768,0.09621403108279929,0.7092775381519532,0.6902247460548453,-0.32581085213313415,0.7368885559098745,0.5396031296316415,-0.3685696558460345,0.8595916413897141,2.2538339950092343,0.19367635073997735,-2.1381229143551184,-0.5905401097203006,-0.1858388441434587,-0.1379656215261965,-0.3028814686680186,0.3946554810891708,0.3126710138322074,0.4286405643402307,-0.0497585033625514,1.5329178521763491,3.2253691558392235,0.44094369173302694,-0.08081360128038152,0.46462506113821417,0.0873341598921577,-0.8157545716745177,-0.14246811746390928,-0.8782815976124404,-0.9530000699167647,-1.3046414024403352,0.20012108945914095,-1.3985694505222541,-1.5121277536531044,-0.6522050929514511,0.530212361762666,0.28078602115777473,0.42976500395139444,-0.15019391956226785,-0.4975578370940931,-0.7943672836689787,-0.25979870960780965,0.12444879990284134,0.288397609210904,1.4686912475219867,0.4053701879897563
0.0947571858533684,-0.20057179346234988,0.25510903541373436,0.4230709994743686,0.8463082329790684,0.5229508359358862,-0.4530376444429287,0.1259177214683787,0.3446800417890665,-0.08389405442114052,0.2743238265580645,-0.36608112817436156,0.043894222885554036,-0.1338402117739351,0.6795129197634322,-0.29318794588148417,0.15667060559703025,-0.3799233180971704,-0.003617039394085375,0.624250803633284,-0.19820120792556375,-0.24068341984572036,-0.0940869864032257,-1.429996230402286e-4,0.06139838289670962,-0.025318870207992363,0.8796838266781262,-0.23116719697759672,-0.2830126619351239,-0.4183868095673104,-0.021537948982629354,0.44094369173302694,0.5156700541747148,-0.01609402212807067,-0.09179249104608153,-0.2517517462467253,-0.4397005337679922,-0.6057317198619128,0.09671854035277697,0.1379713011406738,-0.7732285702484872,0.17104661688942308,-0.32378664674613195,-0.7490184884492387,-0.05927490572955443,0.8187005293693614,1.174307148452831,0.11486485819445279,0.6336056677341806,0.18942576823667187,0.21292465249024084,-0.16759091525409225,0.4179697292505412,-0.1829781187630247,-0.4549235043914103,0.436055822995618
-0.6843041120771455,-0.6154700215304278,-0.740342325275304,-0.7374277634438006,-0.12860620760613362,-1.0733306510927385,-0.5911255912431559,-0.11327677544938551,0.4563077103409107,0.47869958663336787,0.38824702980831816,0.09932609333342574,0.12823297632288128,-0.7124074574191553,-0.23283453627537257,-0.49540321681337407,-0.37132373132926494,-0.11567819632663037,-1.1865601121576763,0.5386158572249485,-0.502319751213786,0.02346343109922288,0.3196266492806295,0.15791783554513922,-0.07182624292617469,-0.18113319711565898,0.003958506078910238,-0.21307193629455606,-0.13497256851865708,0.08026357692892422,-0.6340348935072885,-0.08081360128038152,-0.01609402212807067,1.0924576771645966,-0.01723860081481577,-1.1110109138350668,-0.260365072357372,-0.26143729531681753,-0.6262864076714835,-0.13827426033103668,-0.5927631500991921,0.34131260513870815,-0.8240378354204202,0.6865879706024133,-0.6458412566046267,0.42095491006252306,0.5899036671232436,0.8900166823221418,-0.33215747975210475,0.4686745347339867,-0.1837634489227518,-0.6350737405658012,0.18719491137726188,-0.09026202763540264,-1.0744170759425518,0.5946300776810978
0.1584048771314376,0.07814313077339363,-0.7054660324583171,-0.4671798754498533,0.46205705148755727,-0.5087259369871076,-0.6545146942489981,0.8977149346783923,-1.3071520720843803,-0.5973964865979957,-0.4826519417723236,-0.6236252403307573,-0.15277452085149443,-0.04014305637846087,-0.07452816809294553,0.08304979341436389,0.5069467147165863,0.2926809611058149,1.1189856521295611,0.7225519538678356,1.5048890356878795,-0.21943063491516185,-0.6367304839930241,-0.389302117423759,-0.05313372984367506,0.19210957886256796,-1.4164598490652742,-0.1968309680786678,-0.24691350740635867,0.7693922526032786,0.5461369897611029,0.46462506113821417,-0.09179249104608153,-0.01723860081481577,1.7377030392232848,0.357598364269338,-0.4899370660224687,0.315642347960125,-0.925876521969702,0.23960652417548484,-0.006192647648936652,0.4420467729355164,-0.37589369863128874,-0.5622845543557491,-1.2593725874332995,-0.7626340745613976,-1.1005656861214275,0.7729777028548028,-0.8035504088026094,-0.028376971543891582,-0.24183885463802546,0.08830381549443653,1.2074664632426257,0.3448681320237697,0.4523832861547779,-0.4713532340250402
