V1,V2,V3,V4,V5,V6,V7,V8,V9,V10,V11,V12,V13,V14,V15,V16,V17,V18,V19,V20,V21,V22,V23,V24,V25,V26,V27,V28,V29,V30,V31,V32,V33,V34,V35,V36,V37,V38,V39,V40,V41,V42,V43,V44,V45,V46,V47,V48,V49,V50,V51,V52,V53,V54,V55,V56
0.5322322922128835,-0.24929328315476443,-0.3188230249129012,-0.2395675369994261,-0.5732256800985888,-0.4201047543027158,0.200223953527997,0.021980551299757303,-0.07231276013417015,0.16153868262688503,0.6299096693986685,0.2707177382179581,0.1566998488164611,-0.05466463783594931,-0.5747791081387822,-0.0841897098015264,-0.38817981095868087,-0.3279861110737436,-0.1881717356960588,-0.8434864723790555,-0.26571337345472584,-0.03607590984235661,0.5203421216923153,0.17308868699321117,-0.20136796159258802,0.021225443027788768,-0.03870341565795004,-0.02378484667711144,-0.050375178147337385,-0.34499386915502855,0.057806864638091454,-0.46384197477804967,-0.7217417308805799,-0.1974145923828448,0.4725864715025451,-0.13256685215916342,-0.36469101278767085,-0.01505395866699564,-0.02378309353094995,-0.10371332552343546,-0.12800358463689726,0.3039024087876326,0.3209056527086808,-0.1823235960202514,0.5202657664002239,0.25270786149859215,-0.20735779840445934,-0.01956557773081142,0.18412099354168004,-0.058432397611281946,0.09105866234518505,0.3199964417325399,-0.16037180351820138,-0.1369281565535109,-0.05368349287860968,-0.5539638841063379
-0.24929328315476443,1.1541907341122657,0.3425678168670089,0.36617721714426643,1.1518978826245834,0.6593591828880874,0.9996905657704982,1.1767375438400849,0.4713904590835514,-0.7119658067007527,0.25723469508530467,0.12428225783218164,-0.252379056336872,-0.010360685675870805,0.2070721405119193,0.630478549248964,0.15500308243920297,0.36037646979749,-0.010946713613096843,0.42677045106709904,-0.620498378205263,0.22790299568088057,0.04462311178684736,-0.21182856444940892,-0.09179243046594042,-0.02971077133706981,0.2921164044868189,-0.21135502715826657,0.654531199533594,0.0015668577657832056,0.0039552663044609354,-0.32084102656138563,-0.44236764667046535,0.015330776803182558,-0.5235677539619481,0.02294268771062752,-0.19232322482690042,0.2335944169466665,0.18586969339919446,0.2367254363452922,1.0364899884759164,0.15070329016589148,0.2325753497507641,0.48063192993188053,-0.1996288494584904,-0.058969867009312414,0.7347126739217201,-0.05125621930765412,0.008330242349462377,-0.4024893340546597,0.4898325461735822,0.10479042426837146,0.7173282941415172,0.6228455757639922,-0.6209340346796739,-0.020688785594367983
-0.3188230249129012,0.3425678168670089,0.5160122748971641,0.15597441788861593,0.31389160994271287,-0.13995232615262512,-0.33018919193790147,0.5090559630725632,0.25062758367542737,-0.5029192715729663,-0.3481280569648439,-0.3950629371809369,0.15065738657218725,0.07414511632018335,0.6170942932283038,-0.34430680566465405,0.6166074461266543,0.2452265269479854,0.3386782821441561,0.7781557672710967,-0.2622185863693085,0.3128137632029508,-0.3545535182945124,-0.18451786119755584,0.025563968068235746,-0.0741070898441439,0.0890228498519871,-0.6538018630627638,0.43588269071168845,0.4599001165979675,0.27380492956577507,0.4570006698082489,0.35936329091101954,-0.23521161070558735,-0.4954039722063473,0.19757796718676254,0.47805311378959137,0.32349935124898166,0.5359072163659203,-0.004104107757532523,0.08757777802708011,0.3837809984218325,-0.2443767301406473,0.36500992737235594,-0.02157188462593351,-0.08554550692041278,-0.3310371508505394,-0.9408813389770614,-0.2355232628117251,-0.5306682323691325,-0.2032820558773265,-0.37485601763593374,0.427330568695518,-0.11975268364658782,0.06589583507667636,0.9567975704711965
-0.2395675369994261,0.36617721714426643,0.15597441788861593,0.24762609126882507,0.42298471045836433,0.550745810027098,0.3347152404960397,0.06517936675665094,0.46289846471744567,-0.20105161246961262,-0.09274340425313032,0.009870020520643629,-0.18724864047563866,0.08246237539921583,0.15351081306188294,0.32088843230035125,0.11366924643496001,0.2771713330510524,-0.14747700230957977,0.39685415095126975,0.25785871489688883,0.23981379259819646,-0.32662014874077405,-0.25299199674549117,-0.1465897705445595,-0.0059544723090091956,0.06972077060853006,0.1012976524859607,0.2036027675544277,-0.05476939884863491,-0.052666824287799625,0.2089394973669401,0.4253063907684302,0.16451996651992623,-0.2676480556382845,0.17387833779881184,0.03233668958338825,-0.16882063297538236,-0.05358848329430036,-0.038913311272926354,0.21230781487213074,-0.2128085193577512,0.18032862490402898,-0.09244612090959313,-0.5519461341276373,-0.09262350747767549,0.3514362149855183,0.1374631194154017,0.05299556122572865,-0.012640332259283581,0.054864524984264536,0.018167262640937428,0.213554350074185,0.3524870996465095,-0.15547247015889462,0.23015249723730144
-0.5732256800985888,1.1518978826245834,0.31389160994271287,0.42298471045836433,1.7613007242680598,1.0529290228000365,0.39065188033171844,1.1844004389314549,0.1331524075190189,-0.2789115063956076,0.024713167870785934,0.24824365416032856,-0.2557751726846039,0.14982569856102207,0.46317221127271,0.7548479146040956,0.24492150377606628,0.38628189124562,0.08467730791806635,0.34169549497276275,-0.3384636766587924,-0.6041337493945544,-0.41481829359939676,0.017162781583217983,0.4517694948577392,-0.08357161150042373,0.21278553477031853,0.28781015570819624,0.6771478797952334,0.4209149821462336,-0.29645188929923283,-0.5057030700404052,0.03562035317663702,0.30682067964360793,-0.4367228820479317,-0.43161684473506384,-0.6735023211454758,0.3075574185968708,-0.07935230843953943,0.34664865998226846,1.2711206212510038,-0.6288011419279986,-0.0976790124026486,0.4268371186317923,-0.1660282411018311,-0.4315558300093127,1.6994376383752792,0.8246785827124622,0.12004043900714961,-0.300725512248203,0.844187232015116,-0.3089009188612261,0.5504846101806645,0.6479387831752513,-0.8483932050355163,-0.35462343515361777
-0.4201047543027158,0.6593591828880874,-0.13995232615262512,0.550745810027098,1.0529290228000365,1.85798781340416,1.0797843793042423,-0.3580249877867249,0.9717096979367689,0.1473055721614321,0.09173902617514998,0.5311535223367753,-0.673916117502126,0.2339984027122011,-0.17540399830172848,1.3230061591344193,-0.323978822049539,0.5189444148788184,-0.7854823679752417,0.18633618640613778,1.1375354701402212,0.03890997519639214,-0.7239542755317465,-0.43742149132584984,-0.2764226172013102,0.03872344200224364,0.06626853227874292,1.1798919386472868,0.15091812564101256,-0.5204324869024317,-0.5500358719406565,0.012303438588977363,1.0015919085406508,0.8157720106148545,-0.15221429497695782,0.10484618337626521,-0.6571271675658739,-0.8180963137536654,-0.8258047886477191,-0.10088707953281968,0.580817428378519,-1.305472025804426,0.708686375892505,-0.731237652330188,-1.5163578023958364,-0.2981097726749381,1.7326168541984492,1.7317627651034733,0.4841943945072721,0.5412420481806214,0.5187482343080836,0.3162665959749272,0.08080331065581048,1.1409440243515994,-0.6180855860356019,-0.5202984889130406
0.200223953527997,0.9996905657704982,-0.33018919193790147,0.3347152404960397,0.39065188033171844,1.0797843793042423,3.2911289926474026,-0.011511001192279931,0.4516766998055898,-0.8379071114583709,0.37820453779452107,0.3534276530698731,-1.14906529517621,-0.6272017047282417,-0.8535788410632331,1.691541206028026,-1.0170988721709344,0.3423166912697178,-0.6500534287056068,0.38516584592753483,-0.3584521132760942,1.3354941028731298,1.2941590726999264,-0.5423066467077802,-0.876545661987491,0.28784572434922295,0.40834632706746804,0.48468922800158065,-0.5857626499219034,-1.5331100489210079,-0.22886615134159244,-0.39123185442793046,-1.4959533729979682,0.44349667260328834,-0.5161501897368547,0.7719670112829808,0.44605486998605676,-0.6582314987929588,-0.6637958405016464,0.4656965567798652,0.8593694887078578,0.35159107462878836,0.8601327672584973,0.3547094608763675,-1.2476283760744655,0.5237785791366655,-0.08300639610215248,0.6458118819326512,-0.12326350826917269,1.0720197733938628,0.17269030059190751,1.523357291806824,0.3733801093190251,1.310000483669879,-0.2458445361417388,-0.9497054282430459
0.021980551299757303,1.1767375438400849,0.5090559630725632,0.06517936675665094,1.1844004389314549,-0.3580249877867249,-0.011511001192279931,2.364517262132786,-0.0669394305560449,-0.7265609590566645,0.7375203521519059,0.12329674624755674,0.4353825507716556,0.09625533797799181,0.3740148584521354,-0.15838332183140902,0.4979218979806944,-0.025911803391757703,0.5093322658717097,-0.2577424777901303,-1.7268096258953827,-0.5156637709692257,0.27624224063280356,0.31038051614029993,0.37759959965519463,-0.18044742010020648,0.2823676177876278,-0.9589998550290522,1.2703109243861848,0.7082772814513115,0.28315734617498006,-0.9716725982944884,-1.256114676899118,-0.5961188935897004,-0.22586625720312598,-0.6280685120601341,-0.7144485264694853,1.1193296716660086,0.8559942454616993,0.29323129748914695,1.2840025914938524,0.7448475592298808,-0.13596894336687365,0.9651479296382668,1.3730783569342448,-0.08379232361001178,0.7233024707079875,-0.8269243963119348,0.013755112457829986,-1.3887419589921566,0.812691913915513,-0.4190123458352972,0.9049760278198306,-0.04299577306696953,-0.8730715057606938,-0.10394805625580007
-0.07231276013417015,0.4713904590835514,0.25062758367542737,0.46289846471744567,0.1331524075190189,0.9717096979367689,0.4516766998055898,-0.0669394305560449,1.8757754220620908,-0.3068530555163122,0.4692654840092912,0.2212161187386478,-0.030209756987167522,0.4838547862273405,-0.062371039084641894,0.3383462241549946,0.23772766212587584,0.4728821735320039,-0.7630438976453537,0.21240098502665386,0.9866287730080094,0.8669139308292857,-1.0016785683031584,-0.7192436566265957,-0.9040208405968956,-0.07822512857442725,0.028051841135720432,0.018229775548690957,0.8855252867885308,-0.385719227574147,0.11414622551415585,0.6059850880174977,1.350417712216468,0.08614858722642121,-0.12321020088996161,0.5068573051176539,-0.30208085061668394,-0.6497828695777147,0.08347549318846989,-0.6975696762694255,-0.08092886523212647,-0.269619440374728,1.0958212534519474,-1.0209243104344456,-1.1391514682952557,-0.020639115700731646,0.5476335232685674,-0.142051933403172,0.5364649109534145,-0.5386060008930024,-0.03816614326947784,0.13794622278327348,0.4189625701738215,0.6244850718958512,-0.3649940455642454,0.7806901205560358
0.16153868262688503,-0.7119658067007527,-0.5029192715729663,-0.20105161246961262,-0.2789115063956076,0.1473055721614321,-0.8379071114583709,-0.7265609590566645,-0.3068530555163122,1.0277229093623723,0.21556066769805834,0.4265521351701824,0.15481685151492297,0.24060524527927363,-0.3739582134213319,-0.019849272081676358,-0.3563011975531338,-0.31407957934284064,-0.2870733838576522,-1.0197702103307162,0.771388435941978,-0.9819379317098336,-0.3421597983532042,0.36252343172848556,0.3245900452259752,-0.027563177668786427,-0.27673965506538856,0.8756699593660874,-0.2598792070365001,0.026804669681249293,-0.37323161958220086,-0.34874135883689655,0.5109137633149882,0.30277340275557907,0.7710633906344818,-0.5570708271860955,-0.9029170745906021,-0.29347268075383415,-0.5636803887870415,-0.2098820318863351,-0.35512489449978074,-0.9644593576033477,0.039197788576866344,-0.7571195846015193,0.19355259189332097,-0.21925492085660728,0.8550528388127869,1.2883033878114323,0.4354139140430606,0.3258645110225759,0.281658174195081,-0.17154893879334948,-0.6760715352411792,-0.1697059375062877,-0.0989137154451346,-0.8422636919108643
0.6299096693986685,0.25723469508530467,-0.3481280569648439,-0.09274340425313032,0.024713167870785934,0.09173902617514998,0.37820453779452107,0.7375203521519059,0.4692654840092912,0.21556066769805834,1.3755444287851608,0.7670493808496919,0.2580783169491072,0.23335842963011344,-0.7823416064485574,0.2693793308137965,-0.4492607453370643,-0.2977222127557755,-0.5148642017366134,-1.4864272237401523,-0.31792852332316796,-0.4234608752173551,0.2565129897308984,0.20937844469436545,-0.261232653347135,-0.07074770618764024,0.006478004435266922,0.1840128006374046,0.6667956002305072,-0.3581512362776714,-0.059468242687622255,-1.0392606332366348,-0.7524344975220368,-0.17053278399130284,0.7186690516562569,-0.5142247296807835,-1.384079597399999,0.006361409137247006,-0.058453311712864,-0.2621140825943173,0.4449365499743053,-0.0372874153497442,0.8259562853566664,-0.5060011332997276,0.6867364325878164,0.12618239691861785,0.9849192568023798,0.5194594769896185,0.6630946643167926,-0.5624206356391792,0.7333569561927445,0.2919031892964334,0.08287415271933714,0.21146015803635346,-0.7668199211284361,-1.0494712082386093
0.2707177382179581,0.12428225783218164,-0.3950629371809369,0.009870020520643629,0.24824365416032856,0.5311535223367753,0.3534276530698731,0.12329674624755674,0.2212161187386478,0.4265521351701824,0.7670493808496919,0.6532312119660769,-0.05166653714617507,0.16830985042266597,-0.5807009897450354,0.53336343447886,-0.48659930520316913,-0.1384565659167022,-0.4933283682349993,-1.011080281141707,0.20611274506849406,-0.5339502087249541,0.017040502872634245,0.1542630309658907,-0.04572957336860218,-0.014144148299450687,-0.03611407592424135,0.671198569015107,0.20163735642983888,-0.3324138762847941,-0.30700241147332663,-0.7348569217482668,-0.21470730985631947,0.22328574045231853,0.5312929903931218,-0.4276463365951102,-1.103462364914265,-0.2396827350973075,-0.44274606221583074,-0.11289740112371097,0.3602338179483895,-0.5915381443343147,0.5386802521589498,-0.5220291129371545,0.08899858690816528,-0.054673867077311956,1.1704446719095352,1.1411030735780967,0.5284566741851163,0.04128125989146663,0.6260621267217533,0.23494895889063191,-0.14238095585427246,0.361779652149258,-0.5759769777603996,-1.0576636376961221
0.1566998488164611,-0.252379056336872,0.15065738657218725,-0.18724864047563866,-0.2557751726846039,-0.673916117502126,-1.14906529517621,0.4353825507716556,-0.030209756987167522,0.15481685151492297,0.2580783169491072,-0.05166653714617507,0.6072983711073499,0.2574229727932051,0.1804860639213266,-0.7670063117746726,0.3862709039635482,-0.22779500320542137,0.23411450259802594,-0.44465418762003783,-0.2478902245201391,-0.42498644548799513,-0.2867786333822114,0.24195908803543742,0.1934249410078843,-0.13927252511264934,-0.11226643921214192,-0.4921058795483695,0.5104541668181242,0.5417284055447369,0.23839822326605883,-0.0823287427896275,0.1468152007158612,-0.4146537994403015,0.2983260850678149,-0.34667843805321846,-0.34618989386869115,0.4155531156030013,0.4881891233644718,-0.24260102383515386,-0.22266109877344603,0.2391284004962031,-0.13900711451442171,-0.08409382148601278,0.8561205002227953,-0.07279610654534047,-0.07651793847319993,-0.6266691371644622,0.12240474543450569,-0.7747030232270982,0.024648033451860257,-0.5101100788387859,0.020613967508706955,-0.5637647296242878,-0.04661091307009567,0.32325439923472155
-0.05466463783594931,-0.010360685675870805,0.07414511632018335,0.08246237539921583,0.14982569856102207,0.2339984027122011,-0.6272017047282417,0.09625533797799181,0.4838547862273405,0.24060524527927363,0.23335842963011344,0.16830985042266597,0.2574229727932051,0.36562595028811395,0.0918860524599235,-0.1411840096660827,0.22461093718151162,0.04032283806224029,-0.1753448858024156,-0.2856953293766192,0.42566286394436487,-0.3115657830228653,-0.6720031424011093,-0.017712719426829136,0.005377359317321073,-0.10916591123707528,-0.09623438370807756,0.0993444239603752,0.5105381756259134,0.24333572363807324,-0.022139267378971986,0.041662870685435775,0.7491855274983793,0.0033334058912201326,0.21247163678277603,-0.2142513493851914,-0.5626932601172706,-0.058980408108222006,0.061773104897089086,-0.32599188174982774,-0.05443338870396267,-0.4038436608959357,0.21882095787364195,-0.5019942713249477,0.0035668123001800314,-0.2019558446575511,0.6493090808999812,0.18826303681766246,0.3416471060095027,-0.43967047155650413,0.18264732440660325,-0.33122651422762006,0.017856773220243264,-0.015849163097268158,-0.2629233667801883,0.15536422232425637
-0.5747791081387822,0.2070721405119193,0.6170942932283038,0.15351081306188294,0.46317221127271,-0.17540399830172848,-0.8535788410632331,0.3740148584521354,-0.062371039084641894,-0.3739582134213319,-0.7823416064485574,-0.5807009897450354,0.1804860639213266,0.0918860524599235,0.9517667793738778,-0.5166609011125122,0.8267491032883225,0.2818582725887422,0.5764341110481009,1.0773570662980054,-0.14515178920068386,0.045142563070280244,-0.5994079995190177,-0.09991612643222397,0.34554095034000654,-0.09331412980100813,0.03876639310371297,-0.6130738769614379,0.3112259556409064,0.8042897766321592,0.2224735855950907,0.6501547416098051,0.7162414612438308,-0.1587489777164573,-0.6079934101780327,0.1103252209861798,0.6489875841197548,0.4344220876808524,0.5372583344292063,0.08673779520821921,0.004683760790756691,0.17278179131688004,-0.6450751440488793,0.5016297959339344,-0.022092003324327175,-0.2595263050426971,-0.3059153552262019,-0.8813720848328075,-0.37721320971030414,-0.4480077962614703,-0.28197353495362815,-0.6866721175336008,0.3327065436370496,-0.28579533094340853,0.20738388967782848,1.1607525315008687
-0.0841897098015264,0.630478549248964,-0.34430680566465405,0.32088843230035125,0.7548479146040956,1.3230061591344193,1.691541206028026,-0.15838332183140902,0.3383462241549946,-0.019849272081676358,0.2693793308137965,0.53336343447886,-0.7670063117746726,-0.1411840096660827,-0.5166609011125122,1.3665918055542694,-0.6966304080569637,0.2655656708325211,-0.6145185568996291,-0.07177638581025222,0.35391149741446903,0.13896540850944,0.24961094186378482,-0.2279929779072831,-0.2590806997469296,0.13114261524506082,0.15769927420312224,0.9903464506956934,-0.2540036774702366,-0.8018010593596144,-0.4881986113257614,-0.4442360170798744,-0.2883003080130279,0.6432175914349961,-0.09462823155252967,0.09492434315414726,-0.43497119599974304,-0.5958332127457683,-0.8154604625392582,0.22341444996515888,0.7216332663562807,-0.7068274182481291,0.5795356878442346,-0.200156623169043,-0.9921149295384739,-0.002387824329542479,1.1222304159693228,1.5087494260031704,0.24707400884413233,0.7896223794310601,0.5165834076018124,0.713803701250824,0.04099180590272074,1.030656163637365,-0.49501501337734244,-1.0496657860485674
-0.38817981095868087,0.15500308243920297,0.6166074461266543,0.11366924643496001,0.24492150377606628,-0.323978822049539,-1.0170988721709344,0.4979218979806944,0.23772766212587584,-0.3563011975531338,-0.4492607453370643,-0.48659930520316913,0.3862709039635482,0.22461093718151162,0.8267491032883225,-0.6966304080569637,0.8656870269824425,0.20899322897161682,0.4588755658503689,0.7624514748156348,-0.13505667715738862,0.08996121991853605,-0.6892974204096894,-0.11410438794218844,0.17464415979091344,-0.13791697669385106,0.005998741107492862,-0.7709920143958302,0.5918709849084283,0.7824524892113114,0.3335250503683435,0.6048584246284943,0.7668934874991686,-0.3233626604035529,-0.42170583844791226,0.07671921296344873,0.41538534003951333,0.43641745661559717,0.6904724880179927,-0.1282972286285328,-0.10662952718144426,0.30356088036111173,-0.39975077544032794,0.2617612664024682,0.16634962318519186,-0.20234701567984906,-0.318061944770544,-1.113369117268778,-0.20594036832550724,-0.7763358177851158,-0.2643554014679177,-0.7039075622623759,0.37469265513209715,-0.3725397460524526,0.12142362827469272,1.239775300534843
-0.3279861110737436,0.36037646979749,0.2452265269479854,0.2771713330510524,0.38628189124562,0.5189444148788184,0.3423166912697178,-0.025911803391757703,0.4728821735320039,-0.31407957934284064,-0.2977222127557755,-0.1384565659167022,-0.22779500320542137,0.04032283806224029,0.2818582725887422,0.2655656708325211,0.20899322897161682,0.347283937678365,-0.07492881057421234,0.6905940330594136,0.28530243118272647,0.42591910453031945,-0.35645460996697387,-0.3350378175393439,-0.17665116410068854,0.006437871784065687,0.08407993791370268,-0.005932579846022384,0.1333085920344094,-0.02822214403178208,-2.731387445472234e-5,0.4255296857090922,0.5380597482756105,0.1567389708158173,-0.42300490129530655,0.32291273623824684,0.319447068573082,-0.1757889826574594,0.006728626180944633,-0.018143088798563488,0.12922805872712695,-0.11780229518285382,0.09283155343370866,-0.004713307821197447,-0.6960030413688113,-0.08050648626220275,0.09920028192454743,-0.07528802668451844,-0.06580490728721855,0.03456903520295726,-0.10472406626374534,0.00139616333729537,0.24992960993872165,0.33093730524530457,-0.01812942122691051,0.48933596505088456
-0.1881717356960588,-0.010946713613096843,0.3386782821441561,-0.14747700230957977,0.08467730791806635,-0.7854823679752417,-0.6500534287056068,0.5093322658717097,-0.7630438976453537,-0.2870733838576522,-0.5148642017366134,-0.4933283682349993,0.23411450259802594,-0.1753448858024156,0.5764341110481009,-0.6145185568996291,0.4588755658503689,-0.07492881057421234,0.730504360903977,0.5222993122716918,-0.8011127186754278,-0.16276267484897894,0.22557880710976214,0.233540918219897,0.48003932200264127,-0.035688720249444555,0.04963660817423574,-0.6972319303660799,-0.041517208306766584,0.6439134506745094,0.2422825938673352,0.1018374284702503,-0.4150059669140601,-0.33641571910314577,-0.3327437263291776,-0.09407014933177928,0.5977216165187879,0.6738625732898904,0.515209261906234,0.3211696138641842,0.040493695170476865,0.5875919217867176,-0.7960534472071672,0.852105196127982,0.6983776458304187,-0.03675944722667405,-0.7128120890626262,-0.9260456050874304,-0.49287748939190795,-0.28084827817935043,-0.20693735731395926,-0.4353091704110496,0.15558223882861988,-0.5315826985431787,0.288401377025039,0.5111687146209634
-0.8434864723790555,0.42677045106709904,0.7781557672710967,0.39685415095126975,0.34169549497276275,0.18633618640613778,0.38516584592753483,-0.2577424777901303,0.21240098502665386,-1.0197702103307162,-1.4864272237401523,-1.011080281141707,-0.44465418762003783,-0.2856953293766192,1.0773570662980054,-0.07177638581025222,0.7624514748156348,0.6905940330594136,0.5222993122716918,2.354889912073736,0.07597707849353699,1.309652269131042,-0.3168275630353959,-0.665390131852221,-0.15705476808582886,0.07607650936408189,0.2074427733407235,-0.7126672221317762,-0.28508581353988394,0.2511349717130763,0.3008799856182524,1.4540865321028589,0.8014248022143651,0.05411844613409741,-1.3539741190338292,1.0367650642615822,1.9527567867125626,0.010231788676186666,0.4160720094390299,0.27518737052125586,-0.14556737743149872,0.543684629010635,-0.6066248480976687,0.804424712669858,-1.2242186597291829,-0.019942288538305014,-1.3300139291026558,-1.332359913320737,-0.8465185487288244,0.26895436308170784,-0.9091366543816402,-0.14444088333331898,0.5092611100453064,0.14118721918294336,0.7189350290030059,1.819663987521032
-0.26571337345472584,-0.620498378205263,-0.2622185863693085,0.25785871489688883,-0.3384636766587924,1.1375354701402212,-0.3584521132760942,-1.7268096258953827,0.9866287730080094,0.771388435941978,-0.31792852332316796,0.20611274506849406,-0.2478902245201391,0.42566286394436487,-0.14515178920068386,0.35391149741446903,-0.13505667715738862,0.28530243118272647,-0.8011127186754278,0.07597707849353699,2.1293766088153583,0.14052048359074049,-1.2597795937845917,-0.44740063506938466,-0.39281479524528523,0.017068526331233392,-0.28195484542976207,1.1168971216849144,-0.26566054756272767,-0.3812641218966299,-0.37152103663883806,0.876088778935311,2.1880421243471577,0.6870967785994132,0.2699200046733617,0.32414089556365694,-0.2158260174370281,-1.1472854073477765,-0.7642425396964849,-0.6296800758317644,-0.8316867117566248,-1.375820116918955,0.5646346992315383,-1.4866403385891696,-1.5686330733775895,-0.2669413564628051,0.6844465294167827,1.243106000201951,0.4962757955185377,0.6532120712141491,-0.28228071201054167,0.006268959684640934,-0.5606778494644016,0.3868139655788565,0.17514185876273036,0.2518646881722249
-0.03607590984235661,0.22790299568088057,0.3128137632029508,0.23981379259819646,-0.6041337493945544,0.03890997519639214,1.3354941028731298,-0.5156637709692257,0.8669139308292857,-0.9819379317098336,-0.4234608752173551,-0.5339502087249541,-0.42498644548799513,-0.3115657830228653,0.045142563070280244,0.13896540850944,0.08996121991853605,0.42591910453031945,-0.16276267484897894,1.309652269131042,0.14052048359074049,1.903508369487327,0.2848605858715508,-0.8012445781419022,-0.9882768051457117,0.14418589141012855,0.19358802634880581,-0.6438308621378179,-0.2727141241068027,-0.7103869632625889,0.40553506854394855,1.083067704722968,0.1119739284581451,-0.1181863985305518,-0.7723875021057173,1.2549932400251185,1.5326054631967263,-0.4539189320179277,0.26892516310143233,-0.1022588046612243,-0.42444569194301596,0.96065628630789,0.40185208253464405,0.13784331895651297,-1.1871545736398175,0.46483423524948614,-1.6695664656401823,-1.3611617788983708,-0.4318763440616238,0.2770488018814026,-0.9116720193547472,0.6618348259854228,0.3940928116009148,0.32753176454669686,0.6156340289938262,1.2331322917080982
0.5203421216923153,0.04462311178684736,-0.3545535182945124,-0.32662014874077405,-0.41481829359939676,-0.7239542755317465,1.2941590726999264,0.27624224063280356,-1.0016785683031584,-0.3421597983532042,0.2565129897308984,0.017040502872634245,-0.2867786333822114,-0.6720031424011093,-0.5994079995190177,0.24961094186378482,-0.6892974204096894,-0.35645460996697387,0.22557880710976214,-0.3168275630353959,-1.2597795937845917,0.2848605858715508,1.6686282397337595,0.2782697493794456,-0.0330172602492118,0.18076021006975315,0.1851641379736733,-0.22897118512109874,-0.745968395871088,-0.5876908860613496,0.06056642373584,-0.7373194451218192,-2.1718383379529373,-0.2045070819183937,0.013924644787133629,0.06975288512064576,0.4401432803838417,0.2818611515218297,-0.07101175892387501,0.5846282469701525,0.30515045795260515,0.9581051432090447,-0.16147224934530552,0.9019920537160078,0.6724810189758931,0.5089088405809412,-0.9849402962781758,-0.2609988615126196,-0.41451135217388485,0.5500743683549568,-0.0013342537920756966,0.7741553865195847,-0.0402216418986095,-0.04186298124330425,0.19521717255784132,-0.926750289363705
0.17308868699321117,-0.21182856444940892,-0.18451786119755584,-0.25299199674549117,0.017162781583217983,-0.43742149132584984,-0.5423066467077802,0.31038051614029993,-0.7192436566265957,0.36252343172848556,0.20937844469436545,0.1542630309658907,0.24195908803543742,-0.017712719426829136,-0.09991612643222397,-0.2279929779072831,-0.11410438794218844,-0.3350378175393439,0.233540918219897,-0.665390131852221,-0.44740063506938466,-0.8012445781419022,0.2782697493794456,0.4734225060185824,0.4769522606542469,-0.03683352850357397,-0.0674781855117134,0.06913446808173442,-0.04789888826767826,0.29070681385148806,-0.08586767639407285,-0.6039370327750734,-0.577424767819798,-0.10662217566816098,0.37296092113325413,-0.5581910143121679,-0.4929776617681849,0.3714678140054135,-0.009883196268473346,0.16226889593264412,0.13682257272927817,-0.060599875609042196,-0.3214767761166056,0.20479112061560747,0.8753802684889962,-0.07023793287262925,0.28772901219843655,0.2943227744083741,0.041478944676680576,-0.09782437697507389,0.3149265396662165,-0.20647031375652816,-0.20572822140794841,-0.33569395486821124,-0.1318613833986195,-0.6284475972903633
-0.20136796159258802,-0.09179243046594042,0.025563968068235746,-0.1465897705445595,0.4517694948577392,-0.2764226172013102,-0.876545661987491,0.37759959965519463,-0.9040208405968956,0.3245900452259752,-0.261232653347135,-0.04572957336860218,0.1934249410078843,0.005377359317321073,0.34554095034000654,-0.2590806997469296,0.17464415979091344,-0.17665116410068854,0.48003932200264127,-0.15705476808582886,-0.39281479524528523,-0.9882768051457117,-0.0330172602492118,0.4769522606542469,0.7833527001359538,-0.062250866154666414,-0.05553478996534156,0.07397589343368913,-0.04325395674599094,0.6625724050124925,-0.14149715840789964,-0.3900113424891217,-0.19094453701119268,0.0032755422640472908,0.08998940600436853,-0.6014473940514766,-0.2946897589403319,0.5098799498679885,0.026634406114834523,0.30321733468745715,0.25844316178270765,-0.2806846768836068,-0.7022457396840297,0.442965616542411,0.7344553226548013,-0.28307619455704996,0.46662685454223646,0.3394605533404726,-0.12160299855261492,-0.07648066716628293,0.3047247776848527,-0.5269159817453877,-0.13889377441161524,-0.3519341476569766,-0.09546607677871713,-0.33792458968716876
0.021225443027788768,-0.02971077133706981,-0.0741070898441439,-0.0059544723090091956,-0.08357161150042373,0.03872344200224364,0.28784572434922295,-0.18044742010020648,-0.07822512857442725,-0.027563177668786427,-0.07074770618764024,-0.014144148299450687,-0.13927252511264934,-0.10916591123707528,-0.09331412980100813,0.13114261524506082,-0.13791697669385106,0.006437871784065687,-0.035688720249444555,0.07607650936408189,0.017068526331233392,0.14418589141012855,0.18076021006975315,-0.03683352850357397,-0.062250866154666414,0.048250891544400494,0.018657548087946993,0.08531144866744388,-0.21963210735989344,-0.173428386396849,-0.03454121499735557,0.022903554340347198,-0.14336843035222174,0.0681453265345546,-0.042699168468973675,0.11121970426425026,0.1635481728388087,-0.09809299007068073,-0.11412824312504037,0.07064591307068976,-0.026740011270927545,0.03193571291144623,0.008759330930490616,0.047610590343211356,-0.15008133646342728,0.06815989320684405,-0.15935930142874885,0.0780064449200001,-0.06856765909090151,0.24106097967964005,-0.07067960412221143,0.17027313373424868,-0.05317358380039252,0.0741742896226514,0.09112569922444716,-0.0946991219484836
-0.03870341565795004,0.2921164044868189,0.0890228498519871,0.06972077060853006,0.21278553477031853,0.06626853227874292,0.40834632706746804,0.2823676177876278,0.028051841135720432,-0.27673965506538856,0.006478004435266922,-0.03611407592424135,-0.11226643921214192,-0.09623438370807756,0.03876639310371297,0.15769927420312224,0.005998741107492862,0.08407993791370268,0.04963660817423574,0.2074427733407235,-0.28195484542976207,0.19358802634880581,0.1851641379736733,-0.0674781855117134,-0.05553478996534156,0.018657548087946993,0.10135473555029273,-0.13735209583072922,0.05369602430148496,-0.061995375527551716,0.03857841086616712,-0.05588369267154235,-0.3007778215893122,-0.028231982996445682,-0.20170885121057078,0.0925666198843134,0.13898844855325534,0.08184329312284837,0.07238336808744668,0.12678611114279642,0.24873416430980244,0.20104296349984807,0.012422912081570767,0.25489943346518595,-0.04664227822141978,0.054202183516675426,-0.05697653978876208,-0.15760899869312742,-0.09703910080871232,-0.024042086791546173,0.0419858764143306,0.11216536311648141,0.1964770607210243,0.14278762615624244,-0.06808044577619608,0.021886685062624877
-0.02378484667711144,-0.21135502715826657,-0.6538018630627638,0.1012976524859607,0.28781015570819624,1.1798919386472868,0.48468922800158065,-0.9589998550290522,0.018229775548690957,0.8756699593660874,0.1840128006374046,0.671198569015107,-0.4921058795483695,0.0993444239603752,-0.6130738769614379,0.9903464506956934,-0.7709920143958302,-0.005932579846022384,-0.6972319303660799,-0.7126672221317762,1.1168971216849144,-0.6438308621378179,-0.22897118512109874,0.06913446808173442,0.07397589343368913,0.08531144866744388,-0.13735209583072922,1.5288787919539402,-0.5126060138235977,-0.5636603758280716,-0.6935139506386403,-0.41757384351822346,0.47887956976385415,0.8041179943629102,0.5056689912124872,-0.29920307632203813,-0.9152634361765936,-0.7822890855209399,-1.1282689868044575,-0.028978114970993212,0.1115218929129821,-1.4284163751700938,0.40822176867285165,-0.8378904465623485,-0.7876014328209748,-0.21793596527380835,1.4668783892343713,2.2221298391410618,0.5027560968564653,0.9817057507824337,0.4991559419886705,0.35518719672904364,-0.5896784816841772,0.6266716229896977,-0.3360162271416494,-1.3275746255402299
-0.050375178147337385,0.654531199533594,0.43588269071168845,0.2036027675544277,0.6771478797952334,0.15091812564101256,-0.5857626499219034,1.2703109243861848,0.8855252867885308,-0.2598792070365001,0.6667956002305072,0.20163735642983888,0.5104541668181242,0.5105381756259134,0.3112259556409064,-0.2540036774702366,0.5918709849084283,0.1333085920344094,-0.041517208306766584,-0.28508581353988394,-0.26566054756272767,-0.2727141241068027,-0.745968395871088,-0.04789888826767826,-0.04325395674599094,-0.21963210735989344,0.05369602430148496,-0.5126060138235977,1.355161565956428,0.5388633666123324,0.21548400641601972,-0.21854937678473277,0.42563514852803747,-0.34582073247387135,0.030491163099477966,-0.35115382029645764,-0.858600530100858,0.39190649465577637,0.6033010462558325,-0.35360331070631346,0.49550893808531554,0.04358774626504478,0.3680005969573376,-0.2055068255474362,0.46652810608104645,-0.21629407263884323,0.9322843720752764,-0.48165823719213136,0.4173118327963478,-1.3147368715645,0.4872421643018637,-0.5286606464415942,0.5931744344848928,0.03253668835600329,-0.7070554014050924,0.4365880627351192
-0.34499386915502855,0.0015668577657832056,0.4599001165979675,-0.05476939884863491,0.4209149821462336,-0.5204324869024317,-1.5331100489210079,0.7082772814513115,-0.385719227574147,0.026804669681249293,-0.3581512362776714,-0.3324138762847941,0.5417284055447369,0.24333572363807324,0.8042897766321592,-0.8018010593596144,0.7824524892113114,-0.02822214403178208,0.6439134506745094,0.2511349717130763,-0.3812641218966299,-0.7103869632625889,-0.5876908860613496,0.29070681385148806,0.6625724050124925,-0.173428386396849,-0.061995375527551716,-0.5636603758280716,0.5388633666123324,1.0818838042899472,0.1796007861214965,0.10512788211453644,0.4529019301880733,-0.30897516461246566,-0.12585824966412257,-0.4463450792480169,-0.07051133713260022,0.7122129447380179,0.5897816237618579,0.028986801654300738,0.06263593178347848,0.04211413236769918,-0.7155196896039491,0.3972813220805123,0.7949425491086739,-0.34766883247524344,0.15405811044278336,-0.6322435118710382,-0.14683428800653994,-0.7884557095551521,0.06363737138876663,-0.9417071485590357,0.17221478845656257,-0.5935598560066186,-0.03518717837339227,0.6621354492752202
0.057806864638091454,0.0039552663044609354,0.27380492956577507,-0.052666824287799625,-0.29645188929923283,-0.5500358719406565,-0.22886615134159244,0.28315734617498006,0.11414622551415585,-0.37323161958220086,-0.059468242687622255,-0.30700241147332663,0.23839822326605883,-0.022139267378971986,0.2224735855950907,-0.4881986113257614,0.3335250503683435,-2.731387445472234e-5,0.2422825938673352,0.3008799856182524,-0.37152103663883806,0.40553506854394855,0.06056642373584,-0.08586767639407285,-0.14149715840789964,-0.03454121499735557,0.03857841086616712,-0.6935139506386403,0.21548400641601972,0.1796007861214965,0.34059821301811977,0.2879541628232375,-0.09914470622980866,-0.37327572241149887,-0.18804346888683562,0.21389545034147595,0.45298285488663736,0.26054418129879975,0.50570585219081,-0.0745404088247157,-0.1907756627322844,0.6623686717336834,-0.09390940119239687,0.24580201478804928,0.27071726620195086,0.13450824304096956,-0.776408973431373,-1.06416324886598,-0.19495578447856582,-0.43353079610334916,-0.31216589393589844,-0.11877483115856795,0.22881626834549593,-0.29658253710248605,0.212119744741822,0.6816278262406392
-0.46384197477804967,-0.32084102656138563,0.4570006698082489,0.2089394973669401,-0.5057030700404052,0.012303438588977363,-0.39123185442793046,-0.9716725982944884,0.6059850880174977,-0.34874135883689655,-1.0392606332366348,-0.7348569217482668,-0.0823287427896275,0.041662870685435775,0.6501547416098051,-0.4442360170798744,0.6048584246284943,0.4255296857090922,0.1018374284702503,1.4540865321028589,0.876088778935311,1.083067704722968,-0.7373194451218192,-0.6039370327750734,-0.3900113424891217,0.022903554340347198,-0.05588369267154235,-0.41757384351822346,-0.21854937678473277,0.10512788211453644,0.2879541628232375,1.5236397020844141,1.4954597862556347,0.0188801918631908,-0.637338614713604,0.895500727180382,1.3720563964461268,-0.37021569724490977,0.2679337706462931,-0.2856447555470949,-0.8795334046269901,0.187530572258636,-0.170872665173885,-0.18757139971755615,-1.1219508549485981,-0.0037154588041476205,-1.2297545625199744,-1.0552310650959786,-0.3785886692507914,0.14735926974216654,-1.0051093594457585,-0.20073566784267172,0.05073454132122893,-0.13851739262709314,0.7876486849058452,1.7066749758737163
-0.7217417308805799,-0.44236764667046535,0.35936329091101954,0.4253063907684302,0.03562035317663702,1.0015919085406508,-1.4959533729979682,-1.256114676899118,1.350417712216468,0.5109137633149882,-0.7524344975220368,-0.21470730985631947,0.1468152007158612,0.7491855274983793,0.7162414612438308,-0.2883003080130279,0.7668934874991686,0.5380597482756105,-0.4150059669140601,0.8014248022143651,2.1880421243471577,0.1119739284581451,-2.1718383379529373,-0.577424767819798,-0.19094453701119268,-0.14336843035222174,-0.3007778215893122,0.47887956976385415,0.42563514852803747,0.4529019301880733,-0.09914470622980866,1.4954597862556347,3.2246746456707167,0.4406191709082113,-0.11553711846640184,0.33766611738694796,0.028064574698813082,-0.7736057924748238,-0.13514989664359064,-0.8228574719777078,-0.9135000832908421,-1.2977223828947408,0.21765362448623998,-1.3781901632457298,-1.5048037517834354,-0.5582341399679643,0.6596134760245951,0.3374095717538251,0.39074300445744187,-0.158532444005586,-0.46592877687737055,-0.7806231452273281,-0.19880805797327883,0.07644393404914826,0.2040717447064217,1.4808427490174778
-0.1974145923828448,0.015330776803182558,-0.23521161070558735,0.16451996651992623,0.30682067964360793,0.8157720106148545,0.44349667260328834,-0.5961188935897004,0.08614858722642121,0.30277340275557907,-0.17053278399130284,0.22328574045231853,-0.4146537994403015,0.0033334058912201326,-0.1587489777164573,0.6432175914349961,-0.3233626604035529,0.1567389708158173,-0.33641571910314577,0.05411844613409741,0.6870967785994132,-0.1181863985305518,-0.2045070819183937,-0.10662217566816098,0.0032755422640472908,0.0681453265345546,-0.028231982996445682,0.8041179943629102,-0.34582073247387135,-0.30897516461246566,-0.37327572241149887,0.0188801918631908,0.4406191709082113,0.5169666927108573,0.014426262978706287,0.028835895355894283,-0.18578690457493402,-0.4812688867124532,-0.6149998891540877,0.04804428123982918,0.09305335213737917,-0.7763033603290628,0.151181131328301,-0.3408852682051932,-0.7597770882605072,-0.1414269928391198,0.6856823466948093,1.1200696266244141,0.14510421751148372,0.6514369810429503,0.1521911444713543,0.2042416095996862,-0.22828538869967263,0.45810865105637066,-0.09679631722850451,-0.4634983359950247
0.4725864715025451,-0.5235677539619481,-0.4954039722063473,-0.2676480556382845,-0.4367228820479317,-0.15221429497695782,-0.5161501897368547,-0.22586625720312598,-0.12321020088996161,0.7710633906344818,0.7186690516562569,0.5312929903931218,0.2983260850678149,0.21247163678277603,-0.6079934101780327,-0.09462823155252967,-0.42170583844791226,-0.42300490129530655,-0.3327437263291776,-1.3539741190338292,0.2699200046733617,-0.7723875021057173,0.013924644787133629,0.37296092113325413,0.08998940600436853,-0.042699168468973675,-0.20170885121057078,0.5056689912124872,0.030491163099477966,-0.12585824966412257,-0.18804346888683562,-0.637338614713604,-0.11553711846640184,0.014426262978706287,0.8651628684530842,-0.5565881963091863,-1.0513122614110053,-0.13040816962639257,-0.3050635493738299,-0.26216992369912734,-0.20891449322031205,-0.4504265758103459,0.3122780152661644,-0.664372044370373,0.595057564788193,-0.016396958652467274,0.6456736005679397,0.8163354519108511,0.5035713542369389,-0.04776652696920813,0.3712092781322406,0.015859610070684857,-0.46457122331361583,-0.19336670177142945,-0.2528788797112468,-0.9269088703716137
