V1,V2,V3,V4,V5,V6,V7,V8,V9,V10,V11,V12,V13,V14,V15,V16,V17,V18,V19,V20,V21,V22,V23,V24,V25,V26,V27,V28,V29,V30,V31,V32,V33,V34,V35,V36,V37,V38,V39,V40,V41,V42,V43,V44,V45,V46,V47,V48,V49,V50,V51,V52,V53,V54,V55,V56
9.764059330141794,-4.35013744665517,-4.732957071331917,-5.326619137990647,-9.461991935496085,-11.302627202266281,-0.7815184825369429,4.705096577098201,-4.285146710749005,2.751864457930913,11.74462820244767,4.229594368052148,5.144302736139474,-0.801528470651704,-8.730389346003994,-4.57964040173845,-5.195243214068074,-7.080093285397575,-0.6788449737890112,-16.3928753215387,-9.000607115677768,-3.764045697156778,9.969173348249047,5.165711790249956,-1.0580210204946239,-0.15886100092137054,-0.6964855699312004,-3.2333399265374343,0.8823355913481454,-2.8051089791900505,1.953776593006762,-10.254217871129377,-15.577597613483325,-5.575761204846257,8.888329503788706,-4.809503336209847,-7.593400784943824,3.404330183198553,2.079631515527038,-1.0970455822425187,-1.2402794673579973,7.406790269479207,3.214788619350368,-0.5868202865984574,14.98760069058637,4.083597867690494,-3.946722633905661,-3.2449507000260405,2.6727286483920327,-4.275195827642689,2.6036453557120374,3.216368605635954,-2.196106624749693,-5.132759520861661,-1.5008823060166447,-9.715247521866488
-4.35013744665517,2.4111926851053327,1.746594620257669,2.589464089024964,4.708490307406754,6.039729294314191,1.9985352580251758,-2.3301069875485063,2.0266508260248144,-1.2832597602026365,-5.042120323011922,-1.4674871297414942,-3.019753022700609,0.10881613282741393,3.355450006031578,3.2332984537238203,1.5997854961839246,3.3317931343348146,-0.19035709316973667,7.2596399963625435,4.191723332427257,1.9069265304007452,-3.964785902059819,-2.4784076417047927,0.2213305279664962,0.22479092416672153,0.4623049311559866,2.268256008923479,-0.8195990898759526,0.4392244197767592,-1.2771811871037475,4.16240363797902,6.414213950065162,3.02265203114946,-4.055060353273072,2.2979023039008393,3.1871614595942757,-2.033199830389984,-1.6618043775998208,0.765981495504632,1.126777129111554,-3.7537822564369905,-0.9816710785852493,0.212262414704488,-7.5011766527389385,-1.7270172986754273,2.446380175908655,2.677438058272139,-1.0778525859900157,2.7510012677778803,-0.80029413077947,-0.67846516582939,0.9630427300572334,3.1463953493627654,0.359769081537352,3.3396294798017663
-4.732957071331917,1.746594620257669,2.5715863583676892,2.4163925363018213,4.209114002472052,4.709805838485893,-0.8845758393833267,-2.1014490601359355,1.9872416269852118,-1.290392929780428,-5.838852944658115,-2.3695806117130265,-1.9363566267047192,0.5785483690799313,4.640996329402268,1.3064540850004067,3.065729388321341,3.29615996691584,0.7064753577539397,7.979991253079253,4.223472779620854,1.6487988552862878,-5.197261962077295,-2.368611008406771,0.7042132360344989,-0.04091511931619117,0.22129404941990063,0.9332462018028217,-0.1010873209382986,1.9803105278824171,-0.635518575262442,5.2816020084629836,7.9535079267219375,2.290303994311261,-4.235872043491779,2.21271280494865,3.831051221500157,-1.2546401187585707,-0.44489848485521316,0.3195808652766901,0.16162814310554932,-3.242466650164901,-1.9033375552266918,0.322337966006302,-6.6342168077543135,-2.0500645923654863,1.3859839148529223,0.6293980683265975,-1.3821692986672354,1.4242422419864618,-1.5375856145529545,-2.1367300115107826,1.076489451868946,1.8298358347754158,0.9640996133386219,5.466628604828296
-5.326619137990647,2.589464089024964,2.4163925363018213,3.0048011885166694,5.387217260622956,6.625259679008451,1.181065918385003,-2.6738609151985444,2.391562172642156,-1.5273545865906826,-6.3199920578841775,-2.1166964577895304,-3.139251292468384,0.32376264054258563,4.5184082305744555,3.043935302533358,2.5072635670820396,3.9435924364576715,0.1448766149254902,8.922812098823666,4.993409124498846,2.1586067496193624,-5.220606677823561,-2.8990434864438512,0.46277376694110833,0.15709421867160098,0.4494465076567966,2.142503645243833,-0.6763750258839263,1.1595660482353847,-1.2518741369919213,5.4083614064235705,8.257726448006583,3.2880743346768835,-4.892330536233561,2.6947307623209973,4.052826335971364,-2.0934771870083373,-1.4708133193737765,0.7251805146623715,0.9391410353245722,-4.248312774296218,-1.5476177900846315,0.2974893224117617,-8.553112333189075,-2.18552853771304,2.4677754405511134,2.3336042730931434,-1.4063654947899236,2.7193078612919597,-1.255895273829346,-1.4095748352614514,1.1909863065461017,3.19325195049122,0.6775039719119689,4.847842570258111
-9.461991935496085,4.708490307406754,4.209114002472052,5.387217260622956,9.683028851200335,11.999422662087467,2.477070773323886,-4.8033127651850585,4.274841722746246,-2.726168065549765,-11.182834760094803,-3.6641788580885173,-5.743644869822999,0.5180036313459397,7.903581178965199,5.681209775737719,4.289488662673949,7.045892595225415,0.14428224371258394,15.83987320804674,8.911594092595545,3.8869310458962296,-9.163947603751481,-5.190175144991073,0.7648682231417288,0.3144478790155872,0.8333069199249388,3.9961077427507194,-1.2995803525162084,1.8737068657301945,-2.3172988300426325,9.513601949505556,14.547500914500423,5.964543515955358,-8.712304953307237,4.822212168453664,7.1541288799726805,-3.8372459796546052,-2.7816811262426415,1.3520419646290465,1.8003308883770082,-7.650853858704458,-2.6458257599782358,0.5173690832443115,-15.382347537611572,-3.86111193700665,4.541877286074991,4.428524813601454,-2.472308431713361,5.024977216479703,-2.14812381970693,-2.330619506558421,2.1120084917120816,5.869779048288341,1.1324701537873467,8.383996512834655
-11.302627202266281,6.039729294314191,4.709805838485893,6.625259679008451,11.999422662087467,15.215952160588513,4.408253193052356,-5.94362912502237,5.210120932691925,-3.306455481139201,-13.190907181293,-4.0106495371713375,-7.50020867585926,0.40092161573895674,8.971775636188536,7.83422046328592,4.4960350876839925,8.572425417420591,-0.26083368812795305,18.882554504396225,10.805521430009684,4.845044038419121,-10.5283738467004,-6.355386025998484,0.6938371844241696,0.5108709259654882,1.1287993410652184,5.500814924570839,-1.9269264061011826,1.5261633339163576,-3.1254089651529613,11.007826330652964,16.91620392314716,7.597974933356966,-10.4904124943748,5.8966060002919916,8.373513931808326,-5.037738764927487,-3.968815545275448,1.8582190648138817,2.6545642921850017,-9.538267008490584,-2.764422262349975,0.5741669475123332,-19.09868236705365,-4.5311964833545915,6.030010683139723,6.372236353502639,-2.85379168249635,6.745860123941837,-2.250119954229678,-2.1213084967014715,2.509169856143343,7.766748595214364,1.0814303243549002,9.146562251076709
-0.7815184825369429,1.9985352580251758,-0.8845758393833267,1.181065918385003,2.477070773323886,4.408253193052356,5.820294639731246,-1.1929425569338599,0.7531219223728541,-0.4195634898104724,-0.27560050320171986,1.1162338560813208,-2.951103692702309,-0.8019364702486124,-1.165051167118297,4.528777227863025,-2.0783017764304654,1.1857113461823596,-1.6652608637034028,1.1588965413306602,1.3550068462912899,1.103299323966754,0.8650539502716525,-1.0307943279885783,-0.7877340100141745,0.5500606154572344,0.5859768011128769,3.1470917794330937,-1.558669436862442,-2.6034290554311825,-1.575563956628363,-0.5961516842505268,-0.5878656857508436,2.325310532411,-1.04287821465691,0.9261115959954276,-0.07605514280965305,-2.074723488504441,-2.7320570167266847,1.0548088047819943,2.1024288820774646,-2.1768380816508177,1.3149705937044949,-0.1251042108811389,-4.0740468707936754,-0.0048093020190748655,2.71675767778428,4.557721171512922,0.18030670591952785,3.294986042903295,1.046635824509377,2.374979651030935,0.12187202344225724,3.4100522202282932,-0.957690361739643,-2.6723621068819137
4.705096577098201,-2.3301069875485063,-2.1014490601359355,-2.6738609151985444,-4.8033127651850585,-5.94362912502237,-1.1929425569338599,2.3834431317951026,-2.123365678510283,1.3540561452523465,5.565217944835602,1.831722332300945,2.8390480086288354,-0.2635749164192523,-3.9425841371128425,-2.7971597874205902,-2.149724767042555,-3.4995578275907304,-0.0830133626325988,-7.877504808292073,-4.427734039136829,-1.9274812027287596,4.568450051573869,2.5768713045714695,-0.3860322782359502,-0.15273839045162435,-0.4107200513550041,-1.9679892990542416,0.6361946974604786,-0.9505995877559008,1.1428522218560506,-4.74048066658053,-7.246875174196325,-2.95346237277484,4.32993220618843,-2.3943422060728965,-3.5618945178197543,1.8963422300337596,1.3661638683251165,-0.6655758167393094,-0.88154241400974,3.794207911338061,1.3259642276413424,-0.25791173897272335,7.630139987558107,1.9222127304625323,-2.2426244575910936,-2.1735762885744774,1.2318244099930171,-2.4789600463193366,1.0766539302560127,1.1766135660724077,-1.050453424129546,-2.8987754928506186,-0.5703585447172614,-4.1922966097412635
-4.285146710749005,2.0266508260248144,1.9872416269852118,2.391562172642156,4.274841722746246,5.210120932691925,0.7531219223728541,-2.123365678510283,1.91045967527886,-1.221972156658007,-5.107003988181824,-1.752652060553496,-2.4385390730914938,0.2902210456556997,3.6987362698929163,2.306302002357198,2.1024847357447887,3.1514680136636235,0.17519403001977302,7.18358854730186,3.995758793102984,1.7094835733168345,-4.2570722429537335,-2.3113332725232443,0.4018291433787241,0.1079784908274635,0.3433993676952254,1.6246973560670654,-0.4930614553192915,1.0294912083907797,-0.9584527705221066,4.399748724677419,6.7064493855509495,2.580872675553506,-3.9244631295312145,2.1495860847734076,3.2839164610568563,-1.6227206222222994,-1.0953852387927845,0.5500460716348865,0.6867219686229337,-3.3634658236141215,-1.2985465654837005,0.24486786640831004,-6.782802922689638,-1.7691945910753621,1.9029708987439462,1.730036646256862,-1.1447806936617109,2.086473865900956,-1.0534791179499208,-1.2240145677351089,0.9600160032854391,2.466339358074073,0.5819868094051098,4.018443548887055
2.751864457930913,-1.2832597602026365,-1.290392929780428,-1.5273545865906826,-2.726168065549765,-3.306455481139201,-0.4195634898104724,1.3540561452523465,-1.221972156658007,0.7828087248929037,3.2871259216702207,1.1419111258592665,1.5376503542326438,-0.19586706589982567,-2.396192636426746,-1.4345383237476639,-1.3780905383109459,-2.016892838778167,-0.13198038976431778,-4.615092424803117,-2.5583398518196354,-1.0889261045913081,2.7520127751615497,1.4773298074580081,-0.267892947843341,-0.06336068940898902,-0.214711432590997,-1.0107740547849882,0.30004215627123376,-0.6927915601233514,0.5995466997122365,-2.8411382762194353,-4.326669785479218,-1.6362619844320232,2.5167314145514763,-1.3743930820403567,-2.1167773787344943,1.021653365555419,0.6745866933865189,-0.34266746691845457,-0.41886471701548383,2.141854882043986,0.8516950738497325,-0.15968981974739055,4.323409313450682,1.1396611492735942,-1.194926289398148,-1.062603681932296,0.7397917569345384,-1.3068522270412348,0.690546088398863,0.8154091022020343,-0.6172873061346783,-1.550283305613105,-0.38581389440701364,-2.6191303518246865
11.74462820244767,-5.042120323011922,-5.838852944658115,-6.3199920578841775,-11.182834760094803,-13.190907181293,-0.27560050320171986,5.565217944835602,-5.107003988181824,3.2871259216702207,14.203653494898056,5.2554727623332465,5.894739344307407,-1.064037812900599,-10.716426296384963,-5.028229061952153,-6.536930459060988,-8.444808830833754,-1.0150373011261644,-19.73581725066199,-10.752979929076531,-4.435047497313744,12.183222172932258,6.142315351010109,-1.3733235657931435,-0.12906916288927942,-0.7765844104529345,-3.555798037629033,0.8895788878355875,-3.7004862058599888,2.186281856890472,-12.497741857270022,-18.94906158257666,-6.489876779187501,10.653069678689471,-5.722658139923488,-9.212660848281446,3.8868464885671528,2.2053368589817763,-1.2080144822472387,-1.260720591062545,8.726326220804202,4.048365580663475,-0.725793313589535,17.695983318555935,4.949081694456522,-4.470142735089385,-3.4070544278160195,3.2604262457003155,-4.801596788929473,3.276628882742184,4.172585367431079,-2.647839102371916,-5.827764373005161,-1.9297176310995674,-12.084122685891915
4.229594368052148,-1.4674871297414942,-2.3695806117130265,-2.1166964577895304,-3.6641788580885173,-4.0106495371713375,1.1162338560813208,1.831722332300945,-1.752652060553496,1.1419111258592665,5.2554727623332465,2.1998899034417474,1.58675065319725,-0.5659996384713216,-4.252873829891542,-0.9320151732782094,-2.8807961417341352,-2.910578459588266,-0.7286593453490117,-7.139980700005414,-3.738327647887678,-1.4280741412949416,4.7385632323234566,2.081764884302068,-0.6786887510948689,0.0669628052275693,-0.1677713505249753,-0.6705464959767827,0.00614989566447197,-1.9297061284895825,0.487624040936713,-4.800036869805676,-7.211366583340219,-1.9403975153435087,3.766642133938924,-1.9467657538534369,-3.462323907364022,1.0192057496709206,0.2524061163094717,-0.23090722581016074,-0.03112940031779375,2.80795722639732,1.7898934108089584,-0.2978476125255541,5.7659858527907994,1.8502451863211917,-1.102711509364804,-0.3192484606723535,1.2574998290279702,-1.1057010311906903,1.4450654314830598,2.0584142776343293,-0.9650691132074023,-1.4655311180853494,-0.9225495879154911,-5.080426583533811
5.144302736139474,-3.019753022700609,-1.9363566267047192,-3.139251292468384,-5.743644869822999,-7.50020867585926,-2.951103692702309,2.8390480086288354,-2.4385390730914938,1.5376503542326438,5.894739344307407,1.58675065319725,3.830306824706804,-0.04033368690023202,-3.777651828611006,-4.24858804041675,-1.637119201004708,-4.003223382657052,0.4007931940454876,-8.569139819913048,-5.022034951996679,-2.336754835599013,4.518967758587267,2.9938614135376174,-0.17270246493310312,-0.3206853949747938,-0.600778469096485,-2.9774951901360747,1.1211919990332457,-0.23065915772417425,1.6553471962539124,-4.777599288367942,-7.39811138759049,-3.766430721628131,4.829045390592502,-2.772565423850816,-3.6989771910715135,2.5885167846943458,2.2272932785611745,-1.0044767219414241,-1.5369301422703587,4.601092963605471,1.0002995329326825,-0.23321101235794392,9.164153780663712,2.009491884408763,-3.1383905079003975,-3.605413049916549,1.2342492612334692,-3.5547977478168704,0.818190480625883,0.5335895659103815,-1.1332110380268996,-4.02704835872109,-0.31536073701059675,-3.59691228135972
-0.801528470651704,0.10881613282741393,0.5785483690799313,0.32376264054258563,0.5180036313459397,0.40092161573895674,-0.8019364702486124,-0.2635749164192523,0.2902210456556997,-0.19586706589982567,-1.064037812900599,-0.5659996384713216,-0.04033368690023202,0.19612622875365554,0.9969995027073253,-0.25011024176243707,0.8016313606566334,0.48811561699474443,0.31429111811568583,1.3687094201877144,0.6435885739573112,0.18839098864847537,-1.068631048648343,-0.3312484934929736,0.21800948219781452,-0.06778922824296033,-0.022606117074992892,-0.16895441753340595,0.1514188124202887,0.655597849195796,0.05306945788122725,1.0549691154415246,1.5549288789779816,0.17511272427091773,-0.6797472634365261,0.3134482207884824,0.7261581909056716,-0.008478091433181937,0.21515104227974072,-0.05548163249693518,-0.19957422490860266,-0.36985689242998987,-0.5003054813887009,0.07389375863215905,-0.7980927248045031,-0.3836748384149343,-0.03708877782981346,-0.38004660056953926,-0.27863804849684903,-0.09319162166844101,-0.4025343189658554,-0.6599853308901527,0.18835488785627627,-0.029753160197746528,0.28532906582923484,1.3165007250385015
-8.730389346003994,3.355450006031578,4.640996329402268,4.5184082305744555,7.903581178965199,8.971775636188536,-1.165051167118297,-3.9425841371128425,3.6987362698929163,-2.396192636426746,-10.716426296384963,-4.252873829891542,-3.777651828611006,0.9969995027073253,8.40959511964375,2.7473534851345476,5.452738238259647,6.130196305697043,1.1637352093045845,14.707213979624953,7.842135048750706,3.106090770320321,-9.45205152668836,-4.4190504745275145,1.22840437123029,-0.031910220452164344,0.45114191098411294,1.955834511227281,-0.3071753516230745,3.4236462919919015,-1.2874368299333458,9.627397523811823,14.522281146303731,4.37710690075507,-7.840193824666677,4.125253426683644,7.011078817521275,-2.4604214838378957,-1.0287946408301276,0.6679127841121757,0.4605497791017013,-6.109684432159351,-3.3834784129983193,0.5805596991989264,-12.470385512887807,-3.7554981250990327,2.751479447190157,1.5097772066201143,-2.517506948327465,2.8666326939021505,-2.73435813808712,-3.7280376854983306,1.9811793185036486,3.618436086520284,1.6909416593272417,9.80375359579729
-4.57964040173845,3.2332984537238203,1.3064540850004067,3.043935302533358,5.681209775737719,7.83422046328592,4.528777227863025,-2.7971597874205902,2.306302002357198,-1.4345383237476639,-5.028229061952153,-0.9320151732782094,-4.24858804041675,-0.25011024176243707,2.7473534851345476,5.15700726661079,0.6335876338145973,3.768235441009142,-0.9248143875911223,7.577819351311762,4.680533515187685,2.3449973902073533,-3.473758775656478,-2.8690905230130777,-0.1343436091613881,0.462959424843344,0.7099231755438564,3.6048056997885203,-1.4896435541595063,-0.7286894319506964,-1.942463156714043,3.785149554325083,5.980190592522086,3.9737003255120578,-4.4083589548294295,2.6468847608046175,3.066946224872542,-2.8997038444637306,-2.8303094145424654,1.2135846510263084,2.0298210970908963,-4.61942149310509,-0.37118891885329747,0.15065876732994601,-9.107653779768267,-1.6826047376832471,3.587071384595996,4.629490351439443,-0.9684902589365202,4.139944091139391,-0.3137979439284942,0.39440413189237905,0.9909230601942873,4.575631896139644,-0.0752806159579068,2.06247598504291
-5.195243214068074,1.5997854961839246,3.065729388321341,2.5072635670820396,4.289488662673949,4.4960350876839925,-2.0783017764304654,-2.149724767042555,2.1024847357447887,-1.3780905383109459,-6.536930459060988,-2.8807961417341352,-1.637119201004708,0.8016313606566334,5.452738238259647,0.6335876338145973,3.844833278144248,3.499060753130414,1.106176281783219,8.78887066695624,4.513981980890326,1.655599555559471,-6.0247372744382695,-2.4812381700788015,0.9407659067956442,-0.14825175172508903,0.1409334650916596,0.4689392737502696,0.1752227441097426,2.717593927716968,-0.42465660580896997,6.069979291646166,9.083231573029245,2.152642233369944,-4.5858483458758075,2.3247603881864434,4.336745386725761,-1.0305936631148607,0.005052938442298162,0.16480655375930814,-0.20784515117250307,-3.2545498446943113,-2.391609240360385,0.3868892140751494,-6.729408924021434,-2.312236009929888,1.0596347055805146,-0.13570045948957288,-1.5929725982302154,0.9954754276489897,-1.9291369945369026,-2.8516921700735307,1.1919924017038994,1.4317595404989265,1.2655548608725762,6.664065687596701
-7.080093285397575,3.3317931343348146,3.29615996691584,3.9435924364576715,7.045892595225415,8.572425417420591,1.1857113461823596,-3.4995578275907304,3.1514680136636235,-2.016892838778167,-8.444808830833754,-2.910578459588266,-4.003223382657052,0.48811561699474443,6.130196305697043,3.768235441009142,3.499060753130414,5.200486063704786,0.3073308765619116,11.87036239115321,6.594798076586542,2.8157193512913254,-7.050107937254212,-3.8121896781324773,0.6733146917378074,0.17295766941613114,0.5620354334080758,2.6550268645302606,-0.7997338060489702,1.7299783365690076,-1.5692612422709669,7.28328727052034,11.098462007030308,4.245079906545468,-6.480748061338734,3.545715213322891,5.432645341379997,-2.6623481654579706,-1.7837707797880589,0.8993911737660791,1.1146488395835359,-5.541063296233009,-2.162000194484311,0.4069475897261689,-11.176898420379212,-2.9264546199893675,3.1198903450456323,2.8149509319608987,-1.8956511030754948,3.4174354858524336,-1.7530799365157061,-2.0492300783887187,1.586669427013306,4.0443131981396805,0.9724613805169017,6.673927275385683
-0.6788449737890112,-0.19035709316973667,0.7064753577539397,0.1448766149254902,0.14428224371258394,-0.26083368812795305,-1.6652608637034028,-0.0830133626325988,0.17519403001977302,-0.13198038976431778,-1.0150373011261644,-0.7286593453490117,0.4007931940454876,0.31429111811568583,1.1637352093045845,-0.9248143875911223,1.106176281783219,0.3073308765619116,0.5609891862706202,1.1855727075003533,0.43582722026269577,0.022172322402836425,-1.1895459320478943,-0.174694930747231,0.3342145196864539,-0.1494377902898524,-0.10987859075086515,-0.6380884317268685,0.38308657060700907,1.0397425562466955,0.2881130697271072,1.1360159331389916,1.6306097166131928,-0.17367455311870658,-0.5190818678579475,0.17273340327876627,0.7323328254445013,0.3018185513701066,0.6218384174704388,-0.2123925920084196,-0.5119173210897132,-0.04157479455025402,-0.6932782968877098,0.09253817847299604,-0.1832501459249899,-0.380046030017887,-0.442895508480814,-1.0583720951934512,-0.3037191935999923,-0.5847586200364094,-0.5558635361231917,-1.0098536687174602,0.1688927882107429,-0.5390094945147442,0.4262917027279284,1.705881954975255
-16.3928753215387,7.2596399963625435,7.979991253079253,8.922812098823666,15.83987320804674,18.882554504396225,1.1588965413306602,-7.877504808292073,7.18358854730186,-4.615092424803117,-19.73581725066199,-7.139980700005414,-8.569139819913048,1.3687094201877144,14.707213979624953,7.577819351311762,8.78887066695624,11.87036239115321,1.1855727075003533,27.526408250987185,15.094032104687349,6.2984703436825376,-16.781487644477206,-8.656434446500016,1.7993985862468664,0.2523931070706175,1.1552585238319928,5.351203390089324,-1.4416267357202928,4.7848072508169155,-3.242251001180404,17.25373791120719,26.20203064193028,9.31095447406631,-14.914001580734249,8.060494908945238,12.767090913090119,-5.667482823620346,-3.4229470139818803,1.816077893481232,2.0289530077058964,-12.392747111181281,-5.439149636128318,0.989940067170224,-25.086205167079683,-6.864451062037772,6.561844896387847,5.332974935301807,-4.497882274672033,7.098836122876807,-4.404840481119687,-5.470041498087815,3.6886749347267602,8.53750337815223,2.5486039708733235,16.40320303474612
-9.000607115677768,4.191723332427257,4.223472779620854,4.993409124498846,8.911594092595545,10.805521430009684,1.3550068462912899,-4.427734039136829,3.995758793102984,-2.5583398518196354,-10.752979929076531,-3.738327647887678,-5.022034951996679,0.6435885739573112,7.842135048750706,4.680533515187685,4.513981980890326,6.594798076586542,0.43582722026269577,15.094032104687349,8.36756255184383,3.558136616870483,-9.006816648394066,-4.82999691300052,0.8789337266282095,0.2056649418631875,0.7003666433414638,3.299350447867039,-0.9773660468282065,2.273851711567111,-1.9575962542560676,9.296432270112323,14.158067127687339,5.347148104449319,-8.229673717113917,4.493148986420209,6.923998148921653,-3.337245198703295,-2.200127635975041,1.1175765170596625,1.363860196099723,-7.002784911487807,-2.789762616178854,0.5213196211820905,-14.133062917841434,-3.7288845311350927,3.9031864565002645,3.4655426337373694,-2.420000544475485,4.266560753260631,-2.26171950443006,-2.6746629704935034,2.018253707120549,5.062212695177391,1.2646658706521656,8.575264860047024
-3.764045697156778,1.9069265304007452,1.6487988552862878,2.1586067496193624,3.8869310458962296,4.845044038419121,1.103299323966754,-1.9274812027287596,1.7094835733168345,-1.0889261045913081,-4.435047497313744,-1.4280741412949416,-2.336754835599013,0.18839098864847537,3.106090770320321,2.3449973902073533,1.655599555559471,2.8157193512913254,0.022172322402836425,6.2984703436825376,3.558136616870483,1.563284465410598,-3.6116111655486023,-2.077613407912993,0.28605023090744314,0.13606895683636194,0.34238316374485683,1.6483458091787424,-0.5472036366904884,0.6874494657826059,-0.9506268058681404,3.75603272523013,5.749839104365535,2.410998144481212,-3.472820323387294,1.9297661723516482,2.832371991846268,-1.5634235931326232,-1.1587596427156668,0.5574425288391146,0.7569621473169108,-3.075578043451242,-1.020158449500671,0.20222165087418953,-6.178276993027403,-1.5292706591081349,1.8553796981362347,1.8488839779647321,-0.9754973176184483,2.059112643827341,-0.8291731190118552,-0.8732413740299079,0.8392996859056996,2.3963984903430284,0.42859669995438393,3.2653210066035734
9.969173348249047,-3.964785902059819,-5.197261962077295,-5.220606677823561,-9.163947603751481,-10.5283738467004,0.8650539502716525,4.568450051573869,-4.2570722429537335,2.7520127751615497,12.183222172932258,4.7385632323234566,4.518967758587267,-1.068631048648343,-9.45205152668836,-3.473758775656478,-6.0247372744382695,-7.050107937254212,-1.1895459320478943,-16.781487644477206,-9.006816648394066,-3.6116111655486023,10.6591842753424,5.096081629012658,-1.3320426458979246,-0.0069911466487562815,-0.5579217653856392,-2.4672071347246636,0.4710388698442463,-3.6806948689107033,1.5849591196713484,-10.879060023296352,-16.43519447328806,-5.150270135137141,8.979258676265594,-4.754356295265691,-7.950357036757007,2.955572811004557,1.3824086336499875,-0.8406112655987243,-0.6876044759068011,7.105098341056764,3.736202684113219,-0.6484830377862538,14.472579004541966,4.26242022924003,-3.3363217731944084,-2.0718957838223706,2.842604424983379,-3.5121975660620035,3.0208855349618666,4.044210096872754,-2.2577579375860477,-4.374437471546217,-1.8437073153271606,-10.915899092036007
5.165711790249956,-2.4784076417047927,-2.368611008406771,-2.8990434864438512,-5.190175144991073,-6.355386025998484,-1.0307943279885783,2.5768713045714695,-2.3113332725232443,1.4773298074580081,6.142315351010109,2.081764884302068,2.9938614135376174,-0.3312484934929736,-4.4190504745275145,-2.8690905230130777,-2.4812381700788015,-3.8121896781324773,-0.174694930747231,-8.656434446500016,-4.82999691300052,-2.077613407912993,5.096081629012658,2.799280164972129,-0.4660487079800576,-0.1416454703135083,-0.4253167239641547,-2.020194943258314,0.6262598993660421,-1.180804206572486,1.1857499270219103,-5.27333166783901,-8.044926248187142,-3.1513053222790317,4.738000686036438,-2.602673420156903,-3.944110768715279,1.9944112324191672,1.3752445459375677,-0.6839569048805448,-0.8708261713951531,4.088375833507542,1.5320879175999909,-0.2918684318250277,8.237633249480407,2.1258947123589733,-2.345316347927859,-2.177379016788908,1.3717359157100713,-2.5783186148407755,1.2430270828019923,1.4193868499011237,-1.1561378347647306,-3.0370976912206955,-0.6785270817720552,-4.77027625766718
-1.0580210204946239,0.2213305279664962,0.7042132360344989,0.46277376694110833,0.7648682231417288,0.6938371844241696,-0.7877340100141745,-0.3860322782359502,0.4018291433787241,-0.267892947843341,-1.3733235657931435,-0.6786887510948689,-0.17270246493310312,0.21800948219781452,1.22840437123029,-0.1343436091613881,0.9407659067956442,0.6733146917378074,0.3342145196864539,1.7993985862468664,0.8789337266282095,0.28605023090744314,-1.3320426458979246,-0.4660487079800576,0.24706047082480356,-0.06419625896858104,-0.004864559296006161,-0.0871580729942196,0.12974032148494233,0.7325180702730435,0.003229926056358532,1.3255657926362534,1.9656549867338133,0.31951498279196133,-0.912857985685136,0.4389687771973841,0.9263050541100876,-0.09569187110830851,0.16330293159296272,-0.02747503606186851,-0.16895077968697916,-0.5626649595892721,-0.5867552034988186,0.0898461324484826,-1.188285931215911,-0.4913308828369467,0.0640607506118966,-0.29935421174978755,-0.34939330362909116,0.015959039600441077,-0.4721335611204123,-0.7474067844176906,0.24607299228882687,0.10171238682046765,0.32587883966723546,1.57514469284359
-0.15886100092137054,0.22479092416672153,-0.04091511931619117,0.15709421867160098,0.3144478790155872,0.5108709259654882,0.5500606154572344,-0.15273839045162435,0.1079784908274635,-0.06336068940898902,-0.12906916288927942,0.0669628052275693,-0.3206853949747938,-0.06778922824296033,-0.031910220452164344,0.462959424843344,-0.14825175172508903,0.17295766941613114,-0.1494377902898524,0.2523931070706175,0.2056649418631875,0.13606895683636194,-0.0069911466487562815,-0.1416454703135083,-0.06419625896858104,0.05273467283064329,0.06081584511920902,0.322174288956655,-0.15323558648250196,-0.21828276293992616,-0.16424106197503344,0.034585332852148494,0.08221168027683888,0.2660863869920988,-0.17553495360378105,0.1287389761842777,0.05970858677578847,-0.2235811883780628,-0.2732833710336751,0.10809861453305036,0.20712998357194595,-0.26834695202151293,0.09442518963251191,-0.006510884263535374,-0.5120954014250579,-0.03638661598302081,0.28829149908235396,0.45393396812479314,-0.006686656954653583,0.3451385619791126,0.0747755992881069,0.19334437896144205,0.030690216746565777,0.3634155888445074,-0.07617230684233084,-0.16393336324014676
-0.6964855699312004,0.4623049311559866,0.22129404941990063,0.4494465076567966,0.8333069199249388,1.1287993410652184,0.5859768011128769,-0.4107200513550041,0.3433993676952254,-0.214711432590997,-0.7765844104529345,-0.1677713505249753,-0.600778469096485,-0.022606117074992892,0.45114191098411294,0.7099231755438564,0.1409334650916596,0.5620354334080758,-0.10987859075086515,1.1552585238319928,0.7003666433414638,0.34238316374485683,-0.5579217653856392,-0.4253167239641547,-0.004864559296006161,0.06081584511920902,0.09852703321623574,0.49652912031956087,-0.1999554086630548,-0.06030276637374069,-0.27001796157952157,0.6009675275327978,0.9421364815547615,0.5707205518357497,-0.6645769805583788,0.39291214189704315,0.47873451489271845,-0.40874003889202687,-0.38454455664056764,0.16732686389100315,0.27295543604524636,-0.6741060659063125,-0.08456525825911086,0.026096825299359437,-1.333726785657548,-0.26161298983185727,0.5025262435965663,0.627139451509019,-0.15438387852540159,0.5768328125213773,-0.07016793394374868,0.012981111417297603,0.15172467791946706,0.6422913407107532,0.007824615678410246,0.3753447122697201
-3.2333399265374343,2.268256008923479,0.9332462018028217,2.142503645243833,3.9961077427507194,5.500814924570839,3.1470917794330937,-1.9679892990542416,1.6246973560670654,-1.0107740547849882,-3.555798037629033,-0.6705464959767827,-2.9774951901360747,-0.16895441753340595,1.955834511227281,3.6048056997885203,0.4689392737502696,2.6550268645302606,-0.6380884317268685,5.351203390089324,3.299350447867039,1.6483458091787424,-2.4672071347246636,-2.020194943258314,-0.0871580729942196,0.322174288956655,0.49652912031956087,2.520263417592876,-1.0388334333516958,-0.48985072718382566,-1.3592165141635224,2.6846595907029656,4.238377765531376,2.7893151920145636,-3.1093230485385512,1.8638947701201773,2.170998953570644,-2.0317000163593244,-1.9761431483039285,0.8483390067269605,1.4155984134811974,-3.2480121805029194,-0.2757245480199528,0.1076100415379149,-6.40524687246115,-1.1908607390102568,2.5120259219413827,3.2315987357635803,-0.6870612708278361,2.897320935781504,-0.2323634859109694,0.2554867164156708,0.6998954996294693,3.204413357000279,-0.04383025805592287,1.4859391157325623
0.8823355913481454,-0.8195990898759526,-0.1010873209382986,-0.6763750258839263,-1.2995803525162084,-1.9269264061011826,-1.558669436862442,0.6361946974604786,-0.4930614553192915,0.30004215627123376,0.8895788878355875,0.00614989566447197,1.1211919990332457,0.1514188124202887,-0.3071753516230745,-1.4896435541595063,0.1752227441097426,-0.7997338060489702,0.38308657060700907,-1.4416267357202928,-0.9773660468282065,-0.5472036366904884,0.4710388698442463,0.6262598993660421,0.12974032148494233,-0.15323558648250196,-0.1999554086630548,-1.0388334333516958,0.4644009497613562,0.4773810749120088,0.5434394319999856,-0.5602848950734165,-0.9334356958256805,-0.9895653859737427,0.8887815842417405,-0.5743477137729793,-0.5092974305177386,0.7734216745883686,0.851128662601456,-0.3491179339515117,-0.6298598097658401,1.0788702646784714,-0.11579203741739952,-0.008554891196265374,2.0971981104827986,0.28583375907840697,-0.9773589988749828,-1.4043407078550454,0.1396064103820555,-1.1495877749774863,-0.08919391886766553,-0.3896848820780174,-0.1844326725087938,-1.2389842539589968,0.14299032291295058,0.013961422531645548
-2.8051089791900505,0.4392244197767592,1.9803105278824171,1.1595660482353847,1.8737068657301945,1.5261633339163576,-2.6034290554311825,-0.9505995877559008,1.0294912083907797,-0.6927915601233514,-3.7004862058599888,-1.9297061284895825,-0.23065915772417425,0.655597849195796,3.4236462919919015,-0.7286894319506964,2.717593927716968,1.7299783365690076,1.0397425562466955,4.7848072508169155,2.273851711567111,0.6874494657826059,-3.6806948689107033,-1.180804206572486,0.7325180702730435,-0.21828276293992616,-0.06030276637374069,-0.48985072718382566,0.4773810749120088,2.1949190149683955,0.13579181895191456,3.641799282893743,5.376186391520526,0.6788816772659205,-2.390793282327157,1.1159104721708981,2.5174675850634767,-0.09270394482980077,0.6627579717911631,-0.1596929326607991,-0.6274725628542045,-1.3497343080520707,-1.6959262416001684,0.25330480702194114,-2.893818073353655,-1.3313251794571566,-0.04548160240876963,-1.1789325125478867,-0.9615711129428177,-0.22212691316778194,-1.3644220142235859,-2.2169842692615354,0.6574562206487369,0.0014311176104622023,0.9605854062132224,4.4855972981919585
1.953776593006762,-1.2771811871037475,-0.635518575262442,-1.2518741369919213,-2.3172988300426325,-3.1254089651529613,-1.575563956628363,1.1428522218560506,-0.9584527705221066,0.5995466997122365,2.186281856890472,0.487624040936713,1.6553471962539124,0.05306945788122725,-1.2874368299333458,-1.942463156714043,-0.42465660580896997,-1.5692612422709669,0.2881130697271072,-3.242251001180404,-1.9575962542560676,-0.9506268058681404,1.5849591196713484,1.1857499270219103,0.003229926056358532,-0.16424106197503344,-0.27001796157952157,-1.3592165141635224,0.5434394319999856,0.13579181895191456,0.7409094231093274,-1.7024722308732443,-2.664889698567275,-1.5790003075146295,1.8601129312471,-1.0956355252385213,-1.3506444940143159,1.1255308509816828,1.048732995362017,-0.45789131220588214,-0.7419703426922524,1.8728325873174583,0.2557127765636964,-0.07487548232473382,3.707562394148099,0.7378154129995721,-1.3818529137095628,-1.7091800336292693,0.43754799002048955,-1.5834585937896264,0.21150150765619866,-0.005273557819293786,-0.42601422196869565,-1.7663966884774307,-0.03457218657608119,-1.0933347950114252
-10.254217871129377,4.16240363797902,5.2816020084629836,5.4083614064235705,9.513601949505556,11.007826330652964,-0.5961516842505268,-4.74048066658053,4.399748724677419,-2.8411382762194353,-12.497741857270022,-4.800036869805676,-4.777599288367942,1.0549691154415246,9.627397523811823,3.785149554325083,6.069979291646166,7.28328727052034,1.1360159331389916,17.25373791120719,9.296432270112323,3.75603272523013,-10.879060023296352,-5.27333166783901,1.3255657926362534,0.034585332852148494,0.6009675275327978,2.6846595907029656,-0.5602848950734165,3.641799282893743,-1.7024722308732443,11.117996062468857,16.811413287504905,5.393167338355637,-9.253071661736229,4.918027147823211,8.143093653099513,-3.131825931768567,-1.552501864442714,0.9139757701453147,0.8094043548461642,-7.388640828470454,-3.7629168872552676,0.6584722980666371,-15.03285795725578,-4.367791188680139,3.5537400262864414,2.3497447309892423,-2.9039171518006115,3.7629960617622946,-3.043405817927879,-4.025629562518525,2.3197361011358684,4.652359626154527,1.8415541077756763,11.052423760113106
-15.577597613483325,6.414213950065162,7.9535079267219375,8.257726448006583,14.547500914500423,16.91620392314716,-0.5878656857508436,-7.246875174196325,6.7064493855509495,-4.326669785479218,-18.94906158257666,-7.211366583340219,-7.39811138759049,1.5549288789779816,14.522281146303731,5.980190592522086,9.083231573029245,11.098462007030308,1.6306097166131928,26.20203064193028,14.158067127687339,5.749839104365535,-16.43519447328806,-8.044926248187142,1.9656549867338133,0.08221168027683888,0.9421364815547615,4.238377765531376,-0.9334356958256805,5.376186391520526,-2.664889698567275,16.811413287504905,25.43789048038752,8.296975411380835,-14.074745428938236,7.500849446806774,12.332319760033737,-4.85742051810595,-2.5004846920794823,1.4417830656192832,1.3401597729771841,-11.312404587415852,-5.629494684264867,0.9904448740263724,-22.995872540850858,-6.617630715448534,5.531761515881759,3.8076803816282885,-4.389470820862451,5.879804308891504,-4.553879424760898,-5.970154022988875,3.5207653479518335,7.233289929502082,2.737951840299302,16.599256331920618
-5.575761204846257,3.02265203114946,2.290303994311261,3.2880743346768835,5.964543515955358,7.597974933356966,2.325310532411,-2.95346237277484,2.580872675553506,-1.6362619844320232,-6.489876779187501,-1.9403975153435087,-3.766430721628131,0.17511272427091773,4.37710690075507,3.9737003255120578,2.152642233369944,4.245079906545468,-0.17367455311870658,9.31095447406631,5.347148104449319,2.410998144481212,-5.150270135137141,-3.1513053222790317,0.31951498279196133,0.2660863869920988,0.5707205518357497,2.7893151920145636,-0.9895653859737427,0.6788816772659205,-1.5790003075146295,5.393167338355637,8.296975411380835,3.797412646365376,-5.183702503819131,2.92296997708057,4.112799407132252,-2.532352484095127,-2.0250832539271664,0.9420204912278467,1.3619877884633806,-4.74691228584988,-1.322617722775373,0.278738601553653,-9.496851006992715,-2.2269040993175877,3.037635970169475,3.2561541244262373,-1.3974784242681513,3.4051638759784373,-1.0771163386147131,-0.9775907471572745,1.236348763934424,3.9099470796625484,0.5052546044982651,4.421715994230427
8.888329503788706,-4.055060353273072,-4.235872043491779,-4.892330536233561,-8.712304953307237,-10.4904124943748,-1.04287821465691,4.32993220618843,-3.9244631295312145,2.5167314145514763,10.653069678689471,3.766642133938924,4.829045390592502,-0.6797472634365261,-7.840193824666677,-4.4083589548294295,-4.5858483458758075,-6.480748061338734,-0.5190818678579475,-14.914001580734249,-8.229673717113917,-3.472820323387294,8.979258676265594,4.738000686036438,-0.912857985685136,-0.17553495360378105,-0.6645769805583788,-3.1093230485385512,0.8887815842417405,-2.390793282327157,1.8601129312471,-9.253071661736229,-14.074745428938236,-5.183702503819131,8.110363261265501,-4.409409337588433,-6.87321658042493,3.2026328517330764,2.040600231631367,-1.0543369285365087,-1.244348468175076,6.833385757853027,2.835997422936777,-0.5244493102635894,13.80877764308857,3.6987532307976836,-3.730651686229485,-3.200904995142478,2.4104368986039675,-4.061585114543658,2.297989861263303,2.7763878608775765,-1.9961720970567791,-4.844984242298307,-1.3042888681279747,-8.645576007579754
-4.809503336209847,2.2979023039008393,2.21271280494865,2.6947307623209973,4.822212168453664,5.8966060002919916,0.9261115959954276,-2.3943422060728965,2.1495860847734076,-1.3743930820403567,-5.722658139923488,-1.9467657538534369,-2.772565423850816,0.3134482207884824,4.125253426683644,2.6468847608046175,2.3247603881864434,3.545715213322891,0.17273340327876627,8.060494908945238,4.493148986420209,1.9297661723516482,-4.754356295265691,-2.602673420156903,0.4389687771973841,0.1287389761842777,0.39291214189704315,1.8638947701201773,-0.5743477137729793,1.1159104721708981,-1.0956355252385213,4.918027147823211,7.500849446806774,2.92296997708057,-4.409409337588433,2.4200959339215626,3.676233177349081,-1.8463129203574962,-1.2653412191065985,0.6311467803450339,0.7990719312195705,-3.797072969045018,-1.435634044253516,0.2728150471636489,-7.65278548853256,-1.9811506450361893,2.1694292595892253,2.001940024029614,-1.2794914485046172,2.3832162264815953,-1.1646951307794895,-1.33688457119125,1.0767899985319607,2.810129267912759,0.6380658158930813,4.4616026919694365
-7.593400784943824,3.1871614595942757,3.831051221500157,4.052826335971364,7.1541288799726805,8.373513931808326,-0.07605514280965305,-3.5618945178197543,3.2839164610568563,-2.1167773787344943,-9.212660848281446,-3.462323907364022,-3.6989771910715135,0.7261581909056716,7.011078817521275,3.066946224872542,4.336745386725761,5.432645341379997,0.7323328254445013,12.767090913090119,6.923998148921653,2.832371991846268,-7.950357036757007,-3.944110768715279,0.9263050541100876,0.05970858677578847,0.47873451489271845,2.170998953570644,-0.5092974305177386,2.5174675850634767,-1.3506444940143159,8.143093653099513,12.332319760033737,4.112799407132252,-6.87321658042493,3.676233177349081,5.986906748975431,-2.4332874384367242,-1.312243947458457,0.7383056275666285,0.7265952156855024,-5.571566491631216,-2.6868980949268377,0.477041471871062,-11.314207600855733,-3.2139198784639995,2.7836441214260526,2.012344696520237,-2.1255493568340604,2.9737992804695508,-2.1740937834000365,-2.814024769253546,1.7145174247355635,3.635351844132092,1.2953552324754576,7.965693275431517
