V1,V2,V3,V4,V5,V6,V7,V8,V9,V10,V11,V12,V13,V14,V15,V16,V17,V18,V19,V20,V21,V22,V23,V24,V25,V26,V27,V28,V29,V30,V31,V32,V33,V34,V35,V36,V37,V38,V39,V40,V41,V42,V43,V44,V45,V46,V47,V48,V49,V50,V51,V52,V53,V54,V55,V56
41.29023914966591,3.107825414536044,-46.06993206585102,-3.174919572557589,-36.01504541954943,-37.593962152674926,-124.8320243285027,-11.33752810979255,-8.112432850031224,46.63678804421998,-34.695350070991644,61.48807980188639,6.688226369006193,-53.145374771285226,-48.809818750649804,-14.979444046033507,-28.662273514643662,41.869294225288414,27.58250142305303,53.004938617593965,-57.595815994181265,-43.67415354406499,-28.416320692069686,-22.749424498084913,-45.554068896126495,-97.98015004392691,-67.14472088902859,87.86121308923767,41.98886554247883,-85.1189179200311,-61.36123513294677,0.8210356628696621,7.313099650157369,38.20295502366151,9.18305252601129,-6.744684901659943,13.899793981326102,-90.47358697472598,33.66773008410229,12.82068697497728,-28.817492039359724,57.86067139433651,25.5940747987924,57.25796531074859,-46.10865224694742,-5.451223514790946,108.34784226989913,-48.901326981942915,-64.62483863192008,12.675966378646384,13.927000010556023,79.42163518359379,55.146946306833264,105.47191882884785,78.93258328417316,-57.382629000369384
3.107825414536044,0.5681494006947401,-3.2291738839984396,-0.41342486436915543,-2.304752192938028,-3.015182363483365,-9.068098432500298,-0.9818295044753986,-0.9090485589867964,3.835522711432569,-2.5959290359937337,4.5753090534866825,1.0067151848793987,-3.458922492193809,-3.6664599934208573,-0.5550521367604772,-2.374573735374088,2.7373003701948373,2.2344239627949514,3.6622570578352254,-4.082808061865559,-3.354192473920097,-1.8457768099041323,-1.4525478363414046,-2.888749324834977,-7.828734917196817,-5.246271909206004,5.946022625715335,3.222927040724268,-6.63464829438646,-4.276119158935412,-0.6776654740108649,0.43595415370877344,2.405576058930483,-0.1732783460740862,-0.5375859913751647,1.481897050944443,-6.922634216626669,2.583616843399562,0.7182376974535453,-2.1422873499838335,3.9022616620571475,1.6596674630386583,4.43314332438617,-3.2416682040806766,-0.9275107261302421,7.263855635588656,-3.83309341214625,-4.981903857447706,0.7993229629191061,1.2846722213089994,5.755296997980229,3.9885577200989952,7.721791145219352,5.512478076024312,-4.118795447318282
-46.06993206585102,-3.2291738839984396,51.573919629541436,3.4137825677403995,40.48728133221686,41.813771983185866,139.53180544239953,12.58011695242879,8.834209219227292,-51.797324637657404,38.74100003033934,-68.64249664269715,-7.0987461740791575,59.70544259082755,54.45519054003858,17.13673834608197,31.813319886297325,-47.0287085382602,-30.665063044298254,-59.370830878400064,64.453445000767,48.67920008048221,31.934772128842198,25.566886869564964,51.22457007829769,108.99564838828475,74.7835867649637,-98.51927523500954,-46.793331412979484,94.79838235585004,68.71603596748882,-1.4576163413813137,-8.257947100208888,-42.958654224158096,-10.888834416944546,7.4982446826793065,-15.168855504252734,100.85183921004864,-37.53720737598622,-14.496734454300354,32.15012986505526,-64.9040552477224,-28.747915644048746,-63.80110878414673,51.613549863343785,5.698629255869427,-121.56604151194395,54.459900482772944,72.03302958776938,-14.269453308826984,-15.376440522978633,-88.7873731127052,-61.64665562585991,-117.8399145839448,-88.38869354556503,64.16802783034261
-3.174919572557589,-0.41342486436915543,3.4137825677403995,0.3557552749919909,2.4912559537229533,2.9860606217074195,9.356742735839317,0.8416539843428669,0.7984675317535548,-3.7815521743097946,2.577257269018428,-4.704180749651663,-0.7978050925225735,3.702554703315052,3.7913979897828796,0.7849994595658254,2.3706720937041714,-2.9236730635726036,-2.191041263073184,-3.9163608541009656,4.24685067390238,3.406590234755988,1.9395860896971935,1.6179263925542737,3.166157555274451,7.784435121567585,5.246075519091506,-6.353235512948722,-3.310630496042081,6.710164161387927,4.506662675034081,0.39111158474203567,-0.4296032158385583,-2.699760259192266,-0.13599128056251147,0.5592845182000509,-1.4273073052067056,7.08046610055033,-2.5810227924618943,-0.7852276936876093,2.2989010221352215,-4.113489326641864,-1.8203679238416377,-4.449128842135865,3.4091038757784915,0.7558780268602668,-7.682455334652836,3.810703902420006,4.980845511421113,-0.8216614617840691,-1.1667052060126732,-5.929614516772314,-4.153780607149256,-7.975545804005638,-5.781650256708074,4.305419698877541
-36.01504541954943,-2.304752192938028,40.48728133221686,2.4912559537229533,32.11983183510195,32.57035174728714,109.50877867194919,10.04361194383337,6.653191998742565,-40.20146082527185,30.54553495243723,-53.68482902156953,-5.155780155941694,47.338339151321506,42.44887567217107,13.978923324474838,24.565811323456906,-37.278387831884686,-23.906522417487906,-46.594811351153716,50.70528060073797,37.97003600203913,25.43831858362575,20.145381210620076,40.5654736602371,84.8673084288832,58.38836419996501,-77.62142986424692,-36.39117056034318,73.82073230161835,54.042762251240866,-1.8339792624157092,-6.750811844852918,-33.869325440013995,-9.440732834188456,5.766790638980978,-11.175250189313342,78.57027157919103,-29.414000082559834,-11.71218848856761,24.858712073877562,-51.33556308987036,-22.676263229776083,-49.8515448154564,40.54947739205392,3.912765973615588,-96.17589268965884,42.56125319152738,56.38447577761731,-11.475927092826362,-11.949084447085788,-69.74136828467995,-48.3049440610625,-92.32940007127957,-69.57470980210071,50.30289739518469
-37.593962152674926,-3.015182363483365,41.813771983185866,2.9860606217074195,32.57035174728714,34.33175380513624,113.48121055716828,10.402565496562294,7.550084623483525,-42.6399628124546,31.58794905013422,-55.953940824553506,-6.367083339684042,48.09565949525858,44.43209321531347,13.326463874556504,26.212385729309283,-37.897835324766064,-25.202171343544798,-48.07656216752448,52.30354034886249,39.800563814162565,25.717346614081354,20.56804330631122,41.18092451401479,89.46016027158923,61.242061523934886,-79.62979433426327,-38.26001218982403,77.62086856345033,55.68109015652868,-0.34199000830173165,-6.601564596678409,-34.52139045244421,-7.891103300510419,6.155112707868992,-12.88598672559432,82.43158053158325,-30.68419709974193,-11.542211182137912,26.213872841236185,-52.4386467536281,-23.154665001047405,-52.20160574608015,41.85581363003683,5.244717166610705,-98.16927194220713,44.610928130910104,58.90954913446722,-11.461307769862719,-12.813714805928063,-72.19325652182488,-50.12017254974724,-95.91098243232149,-71.6333579637928,52.13435171341289
-124.8320243285027,-9.068098432500298,139.53180544239953,9.356742735839317,109.50877867194919,113.48121055716828,377.98585505437234,34.51715582766664,24.159175907826928,-140.57528701319677,105.21598164980927,-185.9306852735048,-19.648151956795,161.57262032471255,147.40436027080446,46.099713935619704,86.24132319292362,-127.2788769072525,-83.27776641189278,-160.51292292469802,174.55057441146144,131.92555126208782,86.53303276164891,69.01107594027472,138.45436716010227,295.7311749742765,202.8682176004084,-266.4766039942589,-126.68927824297063,256.92641047746326,185.973376904529,-3.443193760266812,-22.501389485622227,-115.92856657574164,-29.049149958614535,20.26347297872716,-41.106082123474025,273.17640228441553,-101.86342974759437,-39.270122885876084,86.77482064783884,-175.75167448734823,-77.6530908439859,-173.03739858521882,139.6943214908025,15.726822624906852,-329.11575693477465,147.80302179079055,195.45347019424355,-38.739034794324894,-41.972221772856614,-240.5538536291365,-166.8880529220588,-319.15108917834345,-239.2777228112916,173.68018299256792
-11.33752810979255,-0.9818295044753986,12.58011695242879,0.8416539843428669,10.04361194383337,10.402565496562294,34.51715582766664,3.678384968530424,2.2364515690259337,-12.78524664051542,9.950917318859396,-16.838327571169327,-1.919098130920899,14.89750203496761,13.158195611421643,4.244572571191037,7.673094623077795,-11.741580762310917,-7.693930976905152,-14.342941872070973,15.95793529243989,11.951120656105092,8.156172445966625,6.11413458542183,12.583293138762784,27.016527263622223,18.592060805919985,-24.135773716169076,-11.278037608572118,23.188597534709373,16.893798555165283,-0.2647293376849298,-2.359173774029509,-10.265252929611872,-2.8023379753261373,1.723734999878384,-3.2969866830258385,24.549680293724272,-9.438432496615048,-3.800824054352114,7.371626943488499,-16.24768051667039,-6.93684248951309,-15.835305466985306,12.674327847269137,1.3506203929957792,-30.352064529367688,13.64099419907342,18.05790729089975,-3.7897871477041107,-4.051830382755948,-22.030277912819923,-15.08463670491489,-28.96637086520787,-21.813408048168682,15.675602692701856
-8.112432850031224,-0.9090485589867964,8.834209219227292,0.7984675317535548,6.653191998742565,7.550084623483525,24.159175907826928,2.2364515690259337,1.8825223664328268,-9.483888477152416,6.715296909556235,-12.039185759671925,-1.786228477747822,9.855424049308079,9.634243427853695,2.360670271127065,5.882629801527412,-7.77511364180248,-5.549031153988137,-10.141381008724599,11.043728409048525,8.653867776440366,5.227865202394119,4.24525604373717,8.410724224682374,19.667607918303037,13.348184643755626,-16.61380490547756,-8.363114417184974,16.98493408547624,11.713653568790274,0.5620041252952671,-1.2529112360523786,-7.095665051781154,-0.9081299850325046,1.3811049267223698,-3.2601202149616237,17.94469528737703,-6.623486049068881,-2.2221230481703627,5.74819412303304,-10.853590481795464,-4.790769746734438,-11.348945107710595,8.832904869924773,1.6027947665942233,-20.30054206237229,9.712010636325886,12.746956212119438,-2.277953504114333,-2.9201405798991993,-15.343691960123568,-10.689565673525578,-20.512560786173964,-15.065921118642633,11.097446796643657
46.63678804421998,3.835522711432569,-51.797324637657404,-3.7815521743097946,-40.20146082527185,-42.6399628124546,-140.57528701319677,-12.78524664051542,-9.483888477152416,53.03439610544961,-39.052725692897106,69.40636382981738,8.075355931797418,-59.359404306169935,-55.193332476821965,-16.26431103214942,-32.663722806825646,46.776478305423126,31.292431350574258,59.57729839840495,-64.74415365683596,-49.41270926198316,-31.68270241279601,-25.452983479026447,-50.848703789856366,-111.12505252692871,-76.00490114144775,98.51664753373093,47.566155245501854,-96.44254400748875,-68.92338173946037,0.12190102273687531,8.036208657945306,42.70546117516569,9.360584780322322,-7.687462851700322,16.31601026970338,-102.39220150380065,38.026747510606185,14.135704100212388,-32.67470894954554,64.76068941139388,28.649832022378746,64.77788018413162,-51.82612778903001,-6.756349199164838,121.24818965176445,-55.337889455494064,-73.03153176702496,14.064867558837998,15.923239540731124,89.40456493816231,62.1293457978432,118.89637253404274,88.6551907411943,-64.62128919235984
-34.695350070991644,-2.5959290359937337,38.74100003033934,2.577257269018428,30.54553495243723,31.58794905013422,105.21598164980927,9.950917318859396,6.715296909556235,-39.052725692897106,29.514219747575176,-51.649553367346016,-5.504233820904601,45.11292659962651,40.815251901942446,12.907833504713247,23.839967267011474,-35.54049424216669,-23.220112522545044,-44.4859526697779,48.61183455094395,36.63923282029456,24.283043777012146,19.10203405562008,38.5398560507193,82.25714715760769,56.48060171668505,-74.08443469977107,-35.05152752436012,71.29029455673702,51.723663896391976,-0.9987214917718996,-6.47888814494737,-32.08692644074396,-8.269958341470986,5.550331333366808,-11.085421142599229,75.73667666097518,-28.43436692821328,-11.098110834135143,23.775266539087784,-49.08481609703029,-21.532365893252457,-48.16560570912055,38.838190050640875,4.267725730998901,-91.87503555599939,41.21283571894757,54.5204249137063,-10.967762779303,-11.80693893328648,-67.00574616446453,-46.35099758293139,-88.71328591906902,-66.603762927361,48.22573127595889
61.48807980188639,4.5753090534866825,-68.64249664269715,-4.704180749651663,-53.68482902156953,-55.953940824553506,-185.9306852735048,-16.838327571169327,-12.039185759671925,69.40636382981738,-51.649553367346016,91.57600122164308,9.885797760729313,-79.20520152770904,-72.70020694388305,-22.38112314194347,-42.6619164881778,62.3977862400065,41.04768837599697,78.99098970410198,-85.80020590437422,-65.03042021126382,-42.34244563654145,-33.92110905728487,-67.90993052990379,-145.83933247113464,-99.95629153564444,130.93427738647378,62.53292873501592,-126.73551716816043,-91.42253101431352,1.3269196448086646,10.888830276372827,56.96727153897509,13.783496460105534,-10.046512330923822,20.662713895904538,-134.72805310282308,50.120990757085494,19.113483314825665,-42.945132419134396,86.20939677330341,38.15806096780266,85.24646464499274,-68.69378815613292,-8.052004576258046,161.44571414400184,-72.79064084241372,-96.20543396018164,18.88448375550708,20.696516349478564,118.2937680913821,82.14888600312415,157.09725751496768,117.59964364688838,-85.48544073542733
6.688226369006193,1.0067151848793987,-7.0987461740791575,-0.7978050925225735,-5.155780155941694,-6.367083339684042,-19.648151956795,-1.919098130920899,-1.786228477747822,8.075355931797418,-5.504233820904601,9.885797760729313,1.8650918356417268,-7.683478318060716,-7.947095838585381,-1.4889171759865047,-5.03010987324759,6.0716667330031076,4.6935539263358494,8.111356416673637,-8.897998636514266,-7.189481012816674,-4.061542376089939,-3.300862475377346,-6.505037327297679,-16.56771162285028,-11.148499046325934,13.169972030526168,6.95474808337879,-14.189224996446445,-9.385733893887236,-1.049871304455423,0.9272557497797816,5.490028600443165,0.054061883208923245,-1.167628184195578,3.0551681609526318,-14.897140765571065,5.490543746523049,1.6245248559846672,-4.741724935532744,8.57567028630358,3.741699584794274,9.446590188653007,-7.102220822294524,-1.735917363053107,16.00541978258252,-8.117260604510001,-10.587711185259463,1.7410618265321662,2.5825608786135583,12.463453905160614,8.687467154303887,16.738843189644456,12.074828274294259,-8.994153931046025
-53.145374771285226,-3.458922492193809,59.70544259082755,3.702554703315052,47.338339151321506,48.09565949525858,161.57262032471255,14.89750203496761,9.855424049308079,-59.359404306169935,45.11292659962651,-79.20520152770904,-7.683478318060716,69.80107750118263,62.60328125836141,20.560634392502084,36.25993152713347,-54.970650426956674,-35.30748393170328,-68.6786460651136,74.79061360381655,56.03722141934672,37.523187608923344,29.673565620077223,59.792071952878494,125.3115270717275,86.19675928582666,-114.44245316983685,-53.67509865012893,108.93014186928835,79.70839204203861,-2.591596863983094,-9.987788610666389,-49.89069872632343,-13.83638176194122,8.496581340182846,-16.4984607037435,115.93002078456747,-43.4295975568994,-17.276760323519543,36.61354785132106,-75.73479479014462,-33.399593886937026,-73.57554304689417,59.814049939530776,5.832088168820928,-141.85057651294963,62.848593934506745,83.25394420628547,-16.93857682979409,-17.68288000898618,-102.89853116092706,-71.25025601100242,-136.20432823022162,-102.60675482279049,74.18547652204778
-48.809818750649804,-3.6664599934208573,54.45519054003858,3.7913979897828796,42.44887567217107,44.43209321531347,147.40436027080446,13.158195611421643,9.634243427853695,-55.193332476821965,40.815251901942446,-72.70020694388305,-7.947095838585381,62.60328125836141,57.81672140825996,17.558346387324153,34.00771978218307,-49.31957791867747,-32.57639600781565,-62.711863596269744,67.98543476719226,51.65634344859324,33.386670071568986,26.916211559128193,53.732172636071354,115.83976470894251,79.33344253022948,-103.75794653309492,-49.76676552833067,100.74937772503704,72.4602894030772,-0.846355844565843,-8.460506313090477,-45.192380537312786,-10.592785956860551,8.039552746059307,-16.740366571036734,107.1026641754579,-39.71735681927136,-14.987064173551744,34.31879456431132,-68.15608240919389,-30.264693263722165,-67.66034247415499,54.459869704976,6.591303590123794,-127.66601363131517,57.73085922443504,76.26517906915441,-14.819579689173032,-16.396823619233192,-93.75095827846428,-65.19299990572499,-124.64977073605067,-93.1840789473117,67.84346917221433
-14.979444046033507,-0.5550521367604772,17.13673834608197,0.7849994595658254,13.978923324474838,13.326463874556504,46.099713935619704,4.244572571191037,2.360670271127065,-16.26431103214942,12.907833504713247,-22.38112314194347,-1.4889171759865047,20.560634392502084,17.558346387324153,6.655692530278883,9.834592667371798,-16.17703309297389,-9.77689071002777,-19.73546701099133,21.494660213343963,15.683513369471168,11.132360127342087,8.677361485950419,17.644932229351532,34.72467268813047,24.08656173632467,-33.202577829434226,-14.940249502910975,30.308722470896008,22.967436849892312,-1.790685340740014,-3.117197502016577,-14.634918763787441,-5.232571438785928,2.3014217788351545,-3.826856215462721,32.398839329721135,-12.249096593348245,-5.330384370949232,10.141025019751414,-22.12935059938294,-9.754992351820135,-20.610337494467295,17.186896648481373,0.8553053808473503,-41.48138555375697,17.58507603665502,23.42522667003163,-5.117183664723231,-4.7423541754202665,-29.406680667863508,-20.288347198026003,-38.69937099580039,-29.582569908585576,21.160520184522177
-28.662273514643662,-2.374573735374088,31.813319886297325,2.3706720937041714,24.565811323456906,26.212385729309283,86.24132319292362,7.673094623077795,5.882629801527412,-32.663722806825646,23.839967267011474,-42.6619164881778,-5.03010987324759,36.25993152713347,34.00771978218307,9.834592667371798,20.190225710515932,-28.57445020868116,-19.217110280271864,-36.62683511926113,39.68528138808271,30.397082014144093,19.280552665558066,15.640308604065153,31.11709104136148,68.34342514562148,46.68990220250741,-60.410426529443775,-29.336995650461013,59.38101931971681,42.27629746479634,0.08831703282943579,-4.787584434997137,-26.237479673481996,-5.478498887796779,4.777064770068291,-10.305964887396067,63.060137166997045,-23.307893596624446,-8.534953931516487,20.274687815464258,-39.580419402074476,-17.58532318889755,-39.78959618461613,31.803536823971097,4.308218670261185,-74.11725699363093,33.960438375211005,44.79136829065035,-8.497498604903674,-9.746443290834348,-54.818800728885236,-38.17288565109511,-73.02451885038192,-54.34645814307311,39.70413815695186
41.869294225288414,2.7373003701948373,-47.0287085382602,-2.9236730635726036,-37.278387831884686,-37.897835324766064,-127.2788769072525,-11.741580762310917,-7.77511364180248,46.776478305423126,-35.54049424216669,62.3977862400065,6.0716667330031076,-54.970650426956674,-49.31957791867747,-16.17703309297389,-28.57445020868116,43.29170901849316,27.821762646641336,54.094023026860874,-58.912019084082296,-44.15012042567994,-29.550444976526418,-23.367737234698986,-47.085782501947314,-98.74058343331741,-67.91480713952497,90.13567479901728,42.28840506305692,-85.82544164081234,-62.78387455061311,2.013581387497037,7.864836678869225,39.28775253374263,10.868639005731582,-6.694668879197568,13.013888064251702,-91.3368909244702,34.21670672055974,13.602007497932414,-28.843428012369245,59.649623409020705,26.302298018148793,57.968371536844934,-47.115021685714844,-4.613786873684964,111.7203131247747,-49.51943983476871,-65.59413758264267,13.338695527631407,13.939468205268053,81.05756144805763,56.12665819991711,107.29661816019447,80.81959330177743,-58.4373910585611
27.58250142305303,2.2344239627949514,-30.665063044298254,-2.191041263073184,-23.906522417487906,-25.202171343544798,-83.27776641189278,-7.693930976905152,-5.549031153988137,31.292431350574258,-23.220112522545044,41.04768837599697,4.6935539263358494,-35.30748393170328,-32.57639600781565,-9.77689071002777,-19.217110280271864,27.821762646641336,18.50820122572774,35.24591393486969,-38.385952000956976,-29.198527490787733,-18.90013922522049,-15.071286918027393,-30.20842821298414,-65.65909491637726,-44.95542046001032,58.40979285128616,28.048583121748905,-56.94040134080693,-40.84814718682712,0.23969674092363186,4.875664547009479,25.292993362028593,5.797513625463801,-4.504378022764534,9.41152451827094,-60.451604781579114,22.534631178918513,8.49139347270862,-19.178441738888196,38.49804386009776,16.975865602027078,38.31862055299554,-30.70327941163874,-3.8457557501629283,72.06789541012414,-32.75675229210916,-43.25661878236738,8.438513699388675,9.432319230516859,52.98676447650377,36.763307518519575,70.3670755973745,52.564108632565336,-38.2389675990473
53.004938617593965,3.6622570578352254,-59.370830878400064,-3.9163608541009656,-46.594811351153716,-48.07656216752448,-160.51292292469802,-14.342941872070973,-10.141381008724599,59.57729839840495,-44.4859526697779,78.99098970410198,8.111356416673637,-68.6786460651136,-62.711863596269744,-19.73546701099133,-36.62683511926113,54.094023026860874,35.24591393486969,68.38731430054695,-74.15407166499365,-56.00897025768048,-36.69776574178954,-29.467465782090258,-58.963669921444534,-125.34037575135592,-85.99688378919525,113.40635062824295,53.891249191774705,-109.10019122173793,-79.07559832817105,1.7394768355314054,9.431657138830259,49.51084737905185,12.540475802476067,-8.654665270669781,17.526999629578707,-116.08443412771122,43.14386768364699,16.639861905416325,-37.113580515213684,74.62885516195438,33.127431942016024,73.38267038907597,-59.393083125101796,-6.544823968525473,139.81587284195197,-62.6000872115344,-82.79895428015402,16.368551072350346,17.627863724968925,102.1281938656433,70.95329085794613,135.60286049535776,101.70974299973896,-73.86592076382495
-57.595815994181265,-4.082808061865559,64.453445000767,4.24685067390238,50.70528060073797,52.30354034886249,174.55057441146144,15.95793529243989,11.043728409048525,-64.74415365683596,48.61183455094395,-85.80020590437422,-8.897998636514266,74.79061360381655,67.98543476719226,21.494660213343963,39.68528138808271,-58.912019084082296,-38.385952000956976,-74.15407166499365,80.65364811344273,60.8376988198484,40.08644829292189,31.91833029329844,64.08601723578869,136.29712713402031,93.55728453167026,-123.1948005294554,-58.400454815925784,118.4450346753492,85.93275951720938,-1.8701259243011636,-10.46821613601166,-53.62544479628193,-13.754996608287266,9.323299702904995,-18.73631440572835,125.95679204768015,-47.00885634902251,-18.247017693087738,39.977106847463354,-81.29750295712186,-35.92162909140455,-79.81910798406624,64.53221711007546,7.048987743389924,-152.2594748052844,68.16920231479071,90.17968296347905,-17.976308511093514,-19.3160743214838,-111.1037629493255,-77.05155301403003,-147.33812468992437,-110.58309027910482,80.1992982451902
-43.67415354406499,-3.354192473920097,48.67920008048221,3.406590234755988,37.97003600203913,39.800563814162565,131.92555126208782,11.951120656105092,8.653867776440366,-49.41270926198316,36.63923282029456,-65.03042021126382,-7.189481012816674,56.03722141934672,51.65634344859324,15.683513369471168,30.397082014144093,-44.15012042567994,-29.198527490787733,-56.00897025768048,60.8376988198484,46.21806500590951,29.9362176175096,24.01435385948299,48.03889454617911,103.7366896528523,71.0486236253747,-92.76422157328903,-44.460292625753084,90.11215403775559,64.81270531546002,-0.6757308671236146,-7.6618565939161725,-40.3199144280145,-9.459543203830348,7.157671319696494,-14.879042079985096,95.7637523188128,-35.59860745021903,-13.462529086105137,30.543438081900376,-61.04205973626526,-27.01448114384182,-60.57786360410042,48.71265305779317,5.9148154586985795,-114.30063516422233,51.735220673085145,68.34518327917533,-13.328086440605503,-14.76005404573323,-83.92149240270227,-58.29739127727918,-111.50474679825226,-83.36206928078099,60.65485779633459
-28.416320692069686,-1.8457768099041323,31.934772128842198,1.9395860896971935,25.43831858362575,25.717346614081354,86.53303276164891,8.156172445966625,5.227865202394119,-31.68270241279601,24.283043777012146,-42.34244563654145,-4.061542376089939,37.523187608923344,33.386670071568986,11.132360127342087,19.280552665558066,-29.550444976526418,-18.90013922522049,-36.69776574178954,40.08644829292189,29.9362176175096,20.2442451906018,15.85861661122993,32.08274891912382,66.97324344396235,46.11855155945558,-61.301794596500976,-28.5986494270384,58.14492396131003,42.6884711298655,-1.520887034532357,-5.487384193824476,-26.665606798014135,-7.6389919643048465,4.491851998615782,-8.559504088885555,61.85899649709669,-23.286564415096272,-9.381133827635981,19.382318491348045,-40.69725143471716,-17.871340832206663,-39.36839186891747,32.02031413932819,2.9826587114136514,-76.21254307724439,33.66038076708294,44.612891865945535,-9.198357914192831,-9.504840868412508,-55.138811497964234,-38.10131160031898,-72.86678030508347,-54.986940734227865,39.66986567481948
-22.749424498084913,-1.4525478363414046,25.566886869564964,1.6179263925542737,20.145381210620076,20.56804330631122,69.01107594027472,6.11413458542183,4.24525604373717,-25.452983479026447,19.10203405562008,-33.92110905728487,-3.300862475377346,29.673565620077223,26.916211559128193,8.677361485950419,15.640308604065153,-23.367737234698986,-15.071286918027393,-29.467465782090258,31.91833029329844,24.01435385948299,15.85861661122993,12.739666770505767,25.501778306009037,53.63295455609787,36.841307764800405,-48.913438612709754,-23.105273967173517,46.741590044773275,34.062420422906754,-1.0128057239882775,-4.092029021242354,-21.417109771783732,-5.69555147139518,3.7027127314954185,-7.361619397949216,49.779889862298965,-18.500821626967888,-7.232725089033768,15.934203507355589,-32.19614106228854,-14.313226077218324,-31.451754832273842,25.573722058960566,2.621755234215917,-60.333567949541006,26.814450628364444,35.49697401974881,-7.083351984762063,-7.482458130501465,-43.91465358624492,-30.51066396239219,-58.27797806776946,-43.80844582116026,31.774203458309433
-45.554068896126495,-2.888749324834977,51.22457007829769,3.166157555274451,40.5654736602371,41.18092451401479,138.45436716010227,12.583293138762784,8.410724224682374,-50.848703789856366,38.5398560507193,-67.90993052990379,-6.505037327297679,59.792071952878494,53.732172636071354,17.644932229351532,31.11709104136148,-47.085782501947314,-30.20842821298414,-58.963669921444534,64.08601723578869,48.03889454617911,32.08274891912382,25.501778306009037,51.286497174140486,107.32957292248398,73.81344576837569,-98.1611596387161,-46.0747324928649,93.39532779183783,68.34745141669198,-2.2827457380044343,-8.468679483388252,-42.8836490900612,-11.866201719546954,7.31714935390495,-14.253713889923983,99.44885029476355,-37.160708341233764,-14.749611128591468,31.547806270971826,-64.85889826593684,-28.678666740249987,-63.01117474189166,51.293951277023815,4.988333538635991,-121.4974525524719,53.789653189091815,71.25436423758782,-14.438844040703033,-15.059411278755135,-88.15366679562327,-61.107094050244314,-116.76573797959342,-87.94745443998177,63.63190938827729
-97.98015004392691,-7.828734917196817,108.99564838828475,7.784435121567585,84.8673084288832,89.46016027158923,295.7311749742765,27.016527263622223,19.667607918303037,-111.12505252692871,82.25714715760769,-145.83933247113464,-16.56771162285028,125.3115270717275,115.83976470894251,34.72467268813047,68.34342514562148,-98.74058343331741,-65.65909491637726,-125.34037575135592,136.29712713402031,103.7366896528523,66.97324344396235,53.63295455609787,107.32957292248398,233.12874690812703,159.58183545795512,-207.54979040552115,-99.75356996437287,202.32166218985597,145.12206556138383,-0.8990616797140475,-17.15234167601135,-90.02046936763239,-20.54082611165813,16.0611024760281,-33.65881720785343,214.8850027353767,-79.93804906506925,-30.04216072025877,68.40721787479988,-136.6236252262329,-60.364763499030936,-136.025996058184,109.0930540777422,13.680705098915256,-255.77730062777374,116.22966340717419,153.48081076848604,-29.823024356011295,-33.351505559877374,-188.12275039158195,-130.63976218882667,-249.97179185380682,-186.67987693142243,135.89258952874084
-67.14472088902859,-5.246271909206004,74.7835867649637,5.246075519091506,58.38836419996501,61.242061523934886,202.8682176004084,18.592060805919985,13.348184643755626,-76.00490114144775,56.48060171668505,-99.95629153564444,-11.148499046325934,86.19675928582666,79.33344253022948,24.08656173632467,46.68990220250741,-67.91480713952497,-44.95542046001032,-85.99688378919525,93.55728453167026,71.0486236253747,46.11855155945558,36.841307764800405,73.81344576837569,159.58183545795512,109.31376703440655,-142.53851836493553,-68.27556842840113,138.51017165370072,99.61385374502196,-0.9668875253995134,-11.887436562961406,-61.84756469090194,-14.53520284394361,10.964267475141265,-22.74427967419452,147.1355853850849,-54.806041858372865,-20.766674046000595,46.76543981289504,-93.91338363476106,-41.47392061870325,-93.19734790152074,74.86258094921324,9.106374627810489,-175.83229702443697,79.63362065752298,105.20009375447988,-20.584727228704082,-22.806931018315158,-129.075888150317,-89.58628529525107,-171.40792810999713,-128.1645102240078,93.20040938337982
87.86121308923767,5.946022625715335,-98.51927523500954,-6.353235512948722,-77.62142986424692,-79.62979433426327,-266.4766039942589,-24.135773716169076,-16.61380490547756,98.51664753373093,-74.08443469977107,130.93427738647378,13.169972030526168,-114.44245316983685,-103.75794653309492,-33.202577829434226,-60.410426529443775,90.13567479901728,58.40979285128616,113.40635062824295,-123.1948005294554,-92.76422157328903,-61.301794596500976,-48.913438612709754,-98.1611596387161,-207.54979040552115,-142.53851836493553,188.4367192200502,89.08506625660384,-180.537684569003,-131.34433877698058,3.403983146943406,15.991918011607364,82.20841404874061,21.589774167413072,-14.22220552949299,28.3487284847092,-192.11603387204553,71.63441072988819,27.969931121715735,-61.10448449395491,124.29920558847653,55.01132803380621,121.63692184937361,-98.61954823592052,-10.385398415400793,232.83094987755229,-103.83251165903124,-137.41726186498565,27.47805726946995,29.2375340847953,169.61038023274884,117.67499678299905,224.920295478959,168.9855104461855,-122.50755312039996
41.98886554247883,3.222927040724268,-46.793331412979484,-3.310630496042081,-36.39117056034318,-38.26001218982403,-126.68927824297063,-11.278037608572118,-8.363114417184974,47.566155245501854,-35.05152752436012,62.53292873501592,6.95474808337879,-53.67509865012893,-49.76676552833067,-14.940249502910975,-29.336995650461013,42.28840506305692,28.048583121748905,53.891249191774705,-58.400454815925784,-44.460292625753084,-28.5986494270384,-23.105273967173517,-46.0747324928649,-99.75356996437287,-68.27556842840113,89.08506625660384,42.8607588627763,-86.75190753394847,-62.24059699999283,0.5320893357030312,7.202897531355461,38.78581919054075,8.85330154616969,-6.940392644174717,14.581303446760181,-92.20321138686448,34.154132682098435,12.792352706947216,-29.586699198974088,58.46830484376052,25.97787585932691,58.22098734950752,-46.78920460980496,-5.822356524505887,109.51665982311012,-49.67427260012019,-65.59660229295919,12.66782373682913,14.135855389656367,80.56283318834355,56.04837354541398,107.17342983705012,80.03264041675567,-58.321393560603326
-85.1189179200311,-6.63464829438646,94.79838235585004,6.710164161387927,73.82073230161835,77.62086856345033,256.92641047746326,23.188597534709373,16.98493408547624,-96.44254400748875,71.29029455673702,-126.73551716816043,-14.189224996446445,108.93014186928835,100.74937772503704,30.308722470896008,59.38101931971681,-85.82544164081234,-56.94040134080693,-109.10019122173793,118.4450346753492,90.11215403775559,58.14492396131003,46.741590044773275,93.39532779183783,202.32166218985597,138.51017165370072,-180.537684569003,-86.75190753394847,175.77937397633977,126.16753337480363,-1.0342095409522416,-14.78689670460225,-78.45900275370295,-18.02642271696274,14.000613744026179,-29.308572709290335,186.75962403013295,-69.34878959082637,-26.066462875158567,59.67377443737173,-118.68602105242597,-52.58706720060594,-118.09794004679378,94.83757164494718,11.767708128724395,-222.26505008553983,100.83103264289767,133.1607845940701,-25.8380286088101,-28.803513399628418,-163.4190849055305,-113.5734513115988,-217.2432508737732,-162.27974813430515,118.16498533199602
-61.36123513294677,-4.276119158935412,68.71603596748882,4.506662675034081,54.042762251240866,55.68109015652868,185.973376904529,16.893798555165283,11.713653568790274,-68.92338173946037,51.723663896391976,-91.42253101431352,-9.385733893887236,79.70839204203861,72.4602894030772,22.967436849892312,42.27629746479634,-62.78387455061311,-40.84814718682712,-79.07559832817105,85.93275951720938,64.81270531546002,42.6884711298655,34.062420422906754,68.34745141669198,145.12206556138383,99.61385374502196,-131.34433877698058,-62.24059699999283,126.16753337480363,91.60012778666163,-2.0871367001210284,-11.120917647201649,-57.23945117151473,-14.741968784558528,9.944455993256076,-19.974926296551093,134.22185231809576,-50.04257448949265,-19.43395310676383,42.67046275203796,-86.63370793132233,-38.31135464485734,-84.98585418412891,68.79161329409564,7.453301278243747,-162.25084601188308,72.56905750400735,96.00998703992612,-19.122036615152755,-20.501234101728535,-118.36120883632782,-82.1212387448403,-156.99321776425202,-117.84364186343392,85.47942943694716
0.8210356628696621,-0.6776654740108649,-1.4576163413813137,0.39111158474203567,-1.8339792624157092,-0.34199000830173165,-3.443193760266812,-0.2647293376849298,0.5620041252952671,0.12190102273687531,-0.9987214917718996,1.3269196448086646,-1.049871304455423,-2.591596863983094,-0.846355844565843,-1.790685340740014,0.08831703282943579,2.013581387497037,0.23969674092363186,1.7394768355314054,-1.8701259243011636,-0.6757308671236146,-1.520887034532357,-1.0128057239882775,-2.2827457380044343,-0.8990616797140475,-0.9668875253995134,3.403983146943406,0.5320893357030312,-1.0342095409522416,-2.0871367001210284,1.879038881818567,0.6417395314900118,1.7742897202012788,2.49079133726378,0.015596275831408064,-1.123927761684152,-1.333689502258582,0.6718934659112006,1.0397985671193224,-0.30896763011838235,2.482849614281298,1.1265701990673735,0.925040750754441,-1.4795405657060277,1.2580070074532823,4.736858897580071,-0.7317580657164652,-1.1903818413319438,0.8347598388152383,-0.15439834577105685,2.275127468458151,1.4618901536150903,2.6476230479463503,2.730317776308782,-1.5917259235546168
7.313099650157369,0.43595415370877344,-8.257947100208888,-0.4296032158385583,-6.750811844852918,-6.601564596678409,-22.501389485622227,-2.359173774029509,-1.2529112360523786,8.036208657945306,-6.47888814494737,10.888830276372827,0.9272557497797816,-9.987788610666389,-8.460506313090477,-3.117197502016577,-4.787584434997137,7.864836678869225,4.875664547009479,9.431657138830259,-10.46821613601166,-7.6618565939161725,-5.487384193824476,-4.092029021242354,-8.468679483388252,-17.15234167601135,-11.887436562961406,15.991918011607364,7.202897531355461,-14.78689670460225,-11.120917647201649,0.6417395314900118,1.6380639906630499,6.893061392907461,2.389941297360002,-1.0764816113025235,1.787458886589025,-15.729090208113014,6.079537224360695,2.642014676674661,-4.704654537627286,10.813148494168743,4.6293938589687675,10.145704411233515,-8.324267938278574,-0.5252477780385004,20.21485935353751,-8.727794840223826,-11.611262731804826,2.578676476545096,2.4893228055583494,14.376939285133577,9.825782094281767,18.820177781050617,14.356031345147251,-10.227147574895946
38.20295502366151,2.405576058930483,-42.958654224158096,-2.699760259192266,-33.869325440013995,-34.52139045244421,-115.92856657574164,-10.265252929611872,-7.095665051781154,42.70546117516569,-32.08692644074396,56.96727153897509,5.490028600443165,-49.89069872632343,-45.192380537312786,-14.634918763787441,-26.237479673481996,39.28775253374263,25.292993362028593,49.51084737905185,-53.62544479628193,-40.3199144280145,-26.665606798014135,-21.417109771783732,-42.8836490900612,-90.02046936763239,-61.84756469090194,82.20841404874061,38.78581919054075,-78.45900275370295,-57.23945117151473,1.7742897202012788,6.893061392907461,36.01118509404278,9.660788909496798,-6.210656624263755,12.305854280795335,-83.57821394870373,31.06621471405252,12.177403878567372,-26.746647484431694,54.125012553043334,24.056651325495757,52.79967320874584,-42.97337047477883,-4.345255402300478,101.42129038136571,-45.017423184749205,-59.60426638680938,11.915355060811285,12.542353840965847,73.7711384119619,51.251668440593605,97.88472645272546,73.60979205052952,-53.37508443637245
9.18305252601129,-0.1732783460740862,-10.888834416944546,-0.13599128056251147,-9.440732834188456,-7.891103300510419,-29.049149958614535,-2.8023379753261373,-0.9081299850325046,9.360584780322322,-8.269958341470986,13.783496460105534,0.054061883208923245,-13.83638176194122,-10.592785956860551,-5.232571438785928,-5.478498887796779,10.868639005731582,5.797513625463801,12.540475802476067,-13.754996608287266,-9.459543203830348,-7.6389919643048465,-5.69555147139518,-11.866201719546954,-20.54082611165813,-14.53520284394361,21.589774167413072,8.85330154616969,-18.02642271696274,-14.741968784558528,2.49079133726378,2.389941297360002,9.660788909496798,5.012126324393455,-1.2584826930420852,1.1452690649050155,-19.427909960596107,7.5686677249763195,3.9373069692259266,-5.8518725074101985,14.672355744627476,6.405449514562773,12.501873125265156,-10.96401629599443,0.5380711564805722,27.532954509814374,-10.665526066484913,-14.385574102904302,3.6618735730140513,2.65135497006522,18.61029866075234,12.691608197022626,24.130910054075223,19.035574483715042,-13.280360675676404
-6.744684901659943,-0.5375859913751647,7.4982446826793065,0.5592845182000509,5.766790638980978,6.155112707868992,20.26347297872716,1.723734999878384,1.3811049267223698,-7.687462851700322,5.550331333366808,-10.046512330923822,-1.167628184195578,8.496581340182846,8.039552746059307,2.3014217788351545,4.777064770068291,-6.694668879197568,-4.504378022764534,-8.654665270669781,9.323299702904995,7.157671319696494,4.491851998615782,3.7027127314954185,7.31714935390495,16.0611024760281,10.964267475141265,-14.22220552949299,-6.940392644174717,14.000613744026179,9.944455993256076,0.015596275831408064,-1.0764816113025235,-6.210656624263755,-1.2584826930420852,1.1429761438582433,-2.4946747174499624,14.878990374547124,-5.457027250837175,-1.9710971228883938,4.850346188975206,-9.265401351970793,-4.157176887227546,-9.349370285976738,7.482439432142489,1.0292029287232558,-17.36601500779065,7.959488508892822,10.493962139374432,-1.9584545779006057,-2.2600709256937095,-12.871739182756201,-8.992956572766055,-17.187636424700713,-12.776282197947678,9.358104496479275
13.899793981326102,1.481897050944443,-15.168855504252734,-1.4273073052067056,-11.175250189313342,-12.88598672559432,-41.106082123474025,-3.2969866830258385,-3.2601202149616237,16.31601026970338,-11.085421142599229,20.662713895904538,3.0551681609526318,-16.4984607037435,-16.740366571036734,-3.826856215462721,-10.305964887396067,13.013888064251702,9.41152451827094,17.526999629578707,-18.73631440572835,-14.879042079985096,-8.559504088885555,-7.361619397949216,-14.253713889923983,-33.65881720785343,-22.74427967419452,28.3487284847092,14.581303446760181,-29.308572709290335,-19.974926296551093,-1.123927761684152,1.787458886589025,12.305854280795335,1.1452690649050155,-2.4946747174499624,6.163545008116676,-31.052564686429342,11.164839435112375,3.493525620271316,-10.370927002781487,18.177206012440205,8.247901465572141,19.344041495053474,-15.089742173759475,-2.9701066865968966,34.049983739341,-16.45432425464732,-21.552262187638753,3.572314841824327,4.8128499335651,26.033248708592197,18.3459426414754,35.100867088246744,25.60200460187577,-19.0585255738765
