V1,V2,V3,V4,V5,V6,V7,V8,V9,V10,V11,V12,V13,V14,V15,V16,V17,V18,V19,V20,V21,V22,V23,V24,V25,V26,V27,V28,V29,V30,V31,V32,V33,V34,V35,V36,V37,V38,V39,V40,V41,V42,V43,V44,V45,V46,V47,V48,V49,V50,V51,V52,V53,V54,V55,V56
60.75416297540019,13.57908493936772,-60.85133515533529,-18.079800089544133,-16.71907464460084,-82.54610011305397,5.260100509875595,-3.577854240812944,-22.73875654988369,-40.012077515001295,60.42905978648007,38.58061229181104,-61.12228759294849,92.71152972154107,10.937145163076204,22.09894742525586,-37.000889527717774,-49.12532632126867,13.916243679939212,-70.34709388929308,1.798624948940492,-24.27970960058106,87.05534188054507,59.50525370206325,75.37679970308197,62.79497343870654,-3.7905944898440116,-44.501118717541445,-61.564454595109126,-5.590787583048513,55.47115817632167,37.0583346868944,38.99837150924008,-4.756431752074553,56.192859983942114,-47.22361649902755,-79.21484740854541,-34.726448167036274,-44.028128707227005,-45.18708858287124,77.25745138607427,100.75382476543119,41.30249529108676,-69.50616653395248,-69.52348295611351,-27.13169066244666,82.05430843730528,-30.854101956294446,-14.80195785367482,-25.311768772027378,50.10887750498155,-51.82506450440677,11.312007089590784,4.164496960445265,-53.998815800421944,1.752721919846658
13.57908493936772,4.127348045302747,-13.240565772554563,-4.020277188221443,-4.029834426373756,-18.70873469661261,1.6543453204326095,-0.020263471409346385,-4.238628592568566,-9.226871928447371,14.261782244155862,9.432839695509891,-13.399574455867851,21.05987850549802,2.4717290619499104,4.499501356389847,-7.785917410396435,-11.070751974311177,4.083914384881646,-15.289448377733702,-0.08931610666659846,-6.068941099519402,19.29832932198699,13.017486853658527,16.231679507885325,14.688753904475453,-1.3437451799970215,-9.0478421213986,-12.757201131086106,-0.9973879413817629,11.423124776296389,7.266957388030321,8.966719295532517,-0.8973306539930934,12.152757653222011,-10.060676766821675,-17.296613851277293,-7.5725882429948195,-10.212961068407115,-10.59522520046194,16.747136030279144,21.52014787777629,9.40060773858191,-14.850272876926773,-15.547678379331977,-6.27431576419154,18.76973323461216,-6.377517772750648,-3.089208509372952,-5.150354329675798,10.993998303069931,-11.656838069828556,2.772577521733658,0.6629541387549004,-11.355289652297085,0.6558217391702308
-60.85133515533529,-13.240565772554563,61.365933374126705,18.046566715132624,16.650922250786923,82.95068028963759,-5.183594389342251,3.7358982635067246,23.098541681971028,40.16993705100327,-60.449798702620306,-38.47526369496552,61.33323767908702,-93.0740821779284,-11.049597753313488,-22.300613968091813,37.301647968683696,49.294268164691424,-13.622758545251523,70.82583730639816,-1.7751524313002587,24.232739510196264,-87.4713097632845,-59.69482441303025,-75.89910663859649,-62.86172174162209,3.64639921287437,44.973481152861865,62.02107045720704,5.739225552429869,-55.87232875950423,-37.40405099549344,-39.11273086903401,4.768027211020217,-56.65810092156342,47.53138392593261,79.5143182873133,35.0611932988486,44.225559419606,45.2805404630953,-77.72473167997347,-101.36164444875078,-41.44330568442334,69.8197508534557,69.83522372852256,27.17998004379031,-82.1282697479239,31.179331101522074,14.90466332337341,25.57025498476132,-50.42543097372019,52.1596358558413,-11.31797071653106,-4.227012252019856,54.52511274975301,-1.592155461180685
-18.079800089544133,-4.020277188221443,18.046566715132624,5.397046619553193,4.969168309329615,24.477576335640983,-1.539329951764683,1.1039282635361045,6.77253048458923,11.857816784189195,-17.928892357429934,-11.442719128650973,18.189336271498355,-27.509304243468982,-3.2304569146863353,-6.579535288496243,11.001129336644233,14.589591001951032,-4.122834087535065,20.89170312449104,-0.5893380140864484,7.183819102515188,-25.859192177989407,-17.715268887708614,-22.397485911505793,-18.6329120732273,1.115088176941666,13.236117750695678,18.334586727726688,1.6552310362768525,-16.528988493460492,-11.059827317283313,-11.569641806423476,1.4308530953666743,-16.67399290862112,14.04772785116389,23.573566562383867,10.288110777146327,13.036317623545134,13.394289987546244,-22.96170471018406,-29.976064201192905,-12.257603638788744,20.70321014136622,20.64235507817125,8.053089486154544,-24.391734193472352,9.167006952777205,4.407711685472496,7.529984728459865,-14.877293478660196,15.357742753985328,-3.345485628617398,-1.2506350542482167,16.036222291016696,-0.5342827316276871
-16.71907464460084,-4.029834426373756,16.650922250786923,4.969168309329615,4.6798031905405075,22.787261860466117,-1.576414924825605,0.7747619702365353,6.0313699276916335,11.088772669020358,-16.83305016422001,-10.834848215232372,16.749282599176702,-25.605186483092073,-3.017533382654806,-5.963874029089116,10.053147288282993,13.54401061002956,-4.08977652290423,19.243506232904288,-0.36105877180126333,6.854804682961411,-23.914486287949106,-16.297892757611528,-20.5787901404163,-17.456857298046362,1.17674872074632,12.005755843261442,16.672397168618346,1.471472079101303,-15.002997840263529,-9.92442713431869,-10.799972885415558,1.2637322920538205,-15.356442985017598,12.862482767177072,21.68901734584643,9.506640328164819,12.218514350342456,12.569831513673085,-21.121526408375246,-27.458574134368813,-11.412425905696042,18.943292638445943,19.135745709770454,7.5231254477272484,-22.69572830339043,8.352690785541004,4.014466535425355,6.8302446508083525,-13.734960258062713,14.28290175603531,-3.179223446922789,-1.0750718270909285,14.66936247262729,-0.5526690464614472
-82.54610011305397,-18.70873469661261,82.95068028963759,24.477576335640983,22.787261860466117,112.64570125857635,-7.347735782941531,4.5510262147357325,30.749251250542624,54.65546699707623,-82.49139090133322,-52.73100728852771,83.01769742664396,-126.43816600567526,-14.991494322269926,-29.946556654443196,50.256040255726354,66.9118879028913,-19.146300492751436,95.74528841616366,-2.1026446022104452,33.29167248492948,-118.51367119966397,-80.78591083693416,-102.50648673456521,-85.6921699559704,5.283693939114307,60.37622821856544,83.44306009098514,7.603592915545861,-75.12673556449744,-50.05288153381992,-53.20733603068279,6.362978033672536,-76.54110208530857,64.1293219170182,107.57832513840494,47.398173548915146,60.20717585631672,61.733236323604444,-105.05247242812318,-136.79781343706603,-56.31373257632461,94.247319435325565,94.70690283398352,37.00250485979905,-111.69061567912357,41.92346875313675,20.067634806300784,34.33111779777193,-68.23630729199431,70.76287835971908,-15.509059183987874,-5.554482825611553,73.44415156422062,-2.3525889694169755
5.260100509875595,1.6543453204326095,-5.183594389342251,-1.539329951764683,-1.576414924825605,-7.347735782941531,0.6830352503562386,0.05743141567051991,-1.610009167696582,-3.634591086722693,5.605243474016542,3.7195915696390123,-5.1835242679607765,8.2544698425936,0.9841937758409501,1.725869253803349,-3.011470038720244,-4.322495013184456,1.6324941049037553,-5.955007067132491,-0.10591327524752245,-2.414407770319577,7.521951443936721,5.0280074554869385,6.304797070473405,5.767566460778692,-0.5491648766103578,-3.484721865010152,-4.8971804935860135,-0.3873638533295151,4.372944763137131,2.7511705259985324,3.5190230238913376,-0.32664687977548107,4.745925852584031,-3.8887124999155387,-6.688395928592477,-2.9766581042793185,-4.036429242852108,-4.174757810012349,6.5027310999929275,8.313822458858477,3.6820410049575742,-5.711831048452041,-6.072796536278526,-2.4592605730671395,7.31308114246867,-2.4698039028939296,-1.1871128266403308,-1.98180617992647,4.289340615153238,-4.58657503836007,1.1032448468929508,0.23555000873636003,-4.412237508852956,0.2488042809756833
-3.577854240812944,-0.020263471409346385,3.7358982635067246,1.1039282635361045,0.7747619702365353,4.5510262147357325,0.05743141567051991,0.8037327086282613,1.9253559227172652,2.087651890897431,-2.9590622129291893,-1.6591626119575424,3.7776428463842993,-5.104945352412508,-0.5883628095850489,-1.6076021360912678,2.4955795536584735,2.7859688011334622,-0.12373112153540454,4.374275095499718,-0.5233418859079059,0.9272307077190887,-5.162484108219546,-3.7066440232754743,-4.808831083958052,-3.1680315330738376,-0.13604095059659918,3.225216786699259,4.3322307342474575,0.48926807394500027,-3.9662237197090846,-2.9250359213333224,-2.0708631948116034,0.4165007734460378,-3.5146809018781853,3.11004073552133,4.94388845485383,2.104140490713641,2.2388378387965053,2.2422429188391084,-4.861192341067584,-6.6058889586267755,-2.265717070928276,4.5905536675642304,4.016844544153514,1.4218875366609494,-4.4963897564039454,2.150041787264129,1.0258347970474508,1.834369707656744,-3.0389148963875163,2.9029506791404147,-0.467641357812081,-0.44701847229738534,3.617970353058416,0.05840150955360792
-22.73875654988369,-4.238628592568566,23.098541681971028,6.77253048458923,6.0313699276916335,30.749251250542624,-1.610009167696582,1.9253559227172652,9.169099971971086,14.78438124278477,-22.059949435693806,-13.8294583353151,23.08334619826111,-34.4882539689768,-4.088327227716578,-8.613866969501203,14.234731558948639,18.33441592981241,-4.4579068578571635,26.698167144711523,-1.0247034460898348,8.610200877837668,-32.74014402821447,-22.49058683329705,-28.71743839725687,-23.025418983546803,1.0370800609339779,17.365652423217988,23.821291017072966,2.295682830775894,-21.513607741590317,-14.647831807261708,-14.423172101637874,1.900818961755924,-21.38214729842322,18.06730755746802,29.969961965374214,13.176281150555608,16.22834675314418,16.557224393273724,-29.343906485470715,-38.49953096510489,-15.347508989882764,26.540128423175098,26.045078381763933,10.0036780997285,-30.392025599338666,11.964172684206785,5.710390868281587,9.872698781011058,-18.939146927348375,19.381959809544,-4.055325612712691,-1.7600736566962878,20.792973121275818,-0.4405200099808902
-40.012077515001295,-9.226871928447371,40.16993705100327,11.857816784189195,11.088772669020358,54.65546699707623,-3.634591086722693,2.087651890897431,14.78438124278477,26.544234583298156,-40.10267108340653,-25.68200412110969,40.20110872714337,-61.34943447082961,-7.2750433727162385,-14.453783279492686,24.294429923721808,32.45271802945465,-9.419195086054069,46.356437818536534,-0.9363106814699792,16.236880872492286,-57.43092716844454,-39.113160448657986,-49.60649874077493,-41.63978033960538,2.634704421041198,29.139913586432353,40.30054855457284,3.6524211525603882,-36.27224178122383,-24.109624977861525,-25.833497107021216,3.056658027682079,-37.054536426331225,31.01403985489631,52.0857951541582,22.956793882854786,29.252311724311298,30.006023884800474,-50.85268505908377,-66.16771769291523,-27.327725620944634,45.582433476660064,45.91730920941573,17.9696486326456,-54.2032270898494,20.252117619521773,9.695333446540184,16.57097427965353,-33.05272960609695,34.32328804522556,-7.5571533052757784,-2.655014245664631,35.50515362359102,-1.1749077927832625
60.42905978648007,14.261782244155862,-60.449798702620306,-17.928892357429934,-16.83305016422001,-82.49139090133322,5.605243474016542,-2.9590622129291893,-22.059949435693806,-40.10267108340653,60.72867370124095,38.99214651382212,-60.63044584714217,92.63880040254391,10.95784537598025,21.688730844952673,-36.515549938727304,-48.99503720198378,14.518744093821196,-69.8005108518105,1.3405972050467396,-24.666874397039745,86.6101265309993,58.9933784534716,74.66319594887898,63.01653288457095,-4.1212617389934385,-43.70259565922575,-60.55783522500247,-5.41898580681308,54.49507573881919,36.12995103768932,39.04078137683198,-4.587231205060085,55.7505839041803,-46.669956546099314,-78.53108491375943,-34.53594259843435,-44.19426976922831,-45.394604007690226,76.58419997282947,99.59217121295008,41.27408036422987,-68.64720457820181,-69.27543470447881,-27.174952315820722,81.9620448024503,-30.390920556082524,-14.575234335526531,-24.854922874704773,49.79650930681536,-51.75885166864965,11.459859171497806,3.937433973067062,-53.33508760483627,1.8817359473597703
38.58061229181104,9.432839695509891,-38.47526369496552,-11.442719128650973,-10.834848215232372,-52.73100728852771,3.7195915696390123,-1.6591626119575424,-13.8294583353151,-25.68200412110969,38.99214651382212,25.13354636755529,-38.629317993222635,59.234179165164306,7.000364288917976,13.714549558998108,-23.165185590770292,-31.30360270135751,9.560672241002726,-44.42563233509936,0.7148476063510023,-15.936590743687587,55.23963254910144,37.578560909303626,47.47655119311453,40.421975508289975,-2.779722793298863,-27.628496471633426,-38.360815298673614,-3.3822150869242056,34.49979274595301,22.763716368575583,24.995641919578,-2.8806014509275135,35.463264737361534,-29.64517300130739,-50.013516198572624,-21.98476392443481,-28.31876783441917,-29.124250388817927,48.732393899475234,63.28005332365789,26.39736768629823,-43.62274843716755,-44.22386883984597,-17.410034227301317,52.453794644205445,-19.24387129377761,-9.23946112027215,-15.714820112342471,31.724482893467364,-33.05729627408527,7.387426676462811,2.435126254934003,-33.830051219543805,1.2832322522292952
-61.12228759294849,-13.399574455867851,61.33323767908702,18.189336271498355,16.749282599176702,83.01769742664396,-5.1835242679607765,3.7776428463842993,23.08334619826111,40.20110872714337,-60.63044584714217,-38.629317993222635,61.562084807785396,-93.225167958768,-11.006991342062996,-22.339113872690866,37.34780833107591,49.41184532793869,-13.771906281329434,70.89913726065272,-1.9146127160533528,24.283309728235732,-87.6454842930373,-59.94081295506849,-76.0003235875286,-63.0359292340422,3.694317263903533,44.9964021515606,62.183666866355125,5.689146752922524,-56.042760058057056,-37.526026597574294,-39.18670020886818,4.822273799719927,-56.65121616128657,47.638299427200785,79.80001041248757,35.00314558344848,44.22397380346976,45.35577024084241,-77.86786203886261,-101.61750382683347,-41.52323757683687,70.09107356782103,69.96120900118501,27.25281215900487,-82.4592664422649,31.17319746306562,14.94550821754942,25.589794593966637,-50.47862361254604,52.14738858623895,-11.326762587171089,-4.2465977219609465,54.51712651479053,-1.693429427756344
92.71152972154107,21.05987850549802,-93.0740821779284,-27.509304243468982,-25.605186483092073,-126.43816600567526,8.2544698425936,-5.104945352412508,-34.4882539689768,-61.34943447082961,92.63880040254391,59.234179165164306,-93.225167958768,141.94198932282347,16.812667059145102,33.609463325169294,-56.4027933477959,-75.12504423369839,21.546930543528315,-107.46127940317406,2.3906459892452805,-37.38660755722452,133.04641577534662,90.72564953019312,115.05328461164348,96.22717392692543,-5.951652331953333,-67.74627065846238,-93.67030569757094,-8.514163717358205,84.34000096584343,56.187380413985764,59.73612399395675,-7.153305534245703,85.88715732357018,-71.98963338060855,-120.80100367970924,-53.17232495838748,-67.57176308248044,-69.30834643306578,117.9240961628231,153.5727181387336,63.22227342269449,-105.83100081046088,-106.31841147200996,-41.54962675021382,125.44372507856437,-47.036278065169476,-22.528113056995988,-38.5233413863304,76.58835065530849,-79.41042643470898,17.41133786212448,6.233034887950335,-82.40638524631152,2.6733543752281146
10.937145163076204,2.4717290619499104,-11.049597753313488,-3.2304569146863353,-3.017533382654806,-14.991494322269926,0.9841937758409501,-0.5883628095850489,-4.088327227716578,-7.2750433727162385,10.95784537598025,7.000364288917976,-11.006991342062996,16.812667059145102,2.0059303637190253,3.9745984056507004,-6.677368425363206,-8.887803521653193,2.5320447506613566,-12.731316091439682,0.2467128296554782,-4.43060694339682,15.746803736492014,10.706960992326923,13.623649054525709,11.38424958927559,-0.6991961051428683,-8.02551706957063,-11.068166333866028,-1.0196281275329118,9.959079923596875,6.62985132309577,7.073650641778203,-0.8348189445062365,10.189638407108838,-8.513817480626392,-14.264231380799703,-6.322610695206802,-8.021595407066254,-8.210810699440454,13.95541619249036,18.154467362467184,7.484933800254644,-12.487780090193548,-12.586886940529892,-4.915464033591859,14.812332176536191,-5.5777665475154405,-2.661718596256156,-4.5615150210019735,9.074597074956367,-9.42779404410317,2.0660802327997563,0.7309675318374951,-9.774740239532706,0.2955886944727119
22.09894742525586,4.499501356389847,-22.300613968091813,-6.579535288496243,-5.963874029089116,-29.946556654443196,1.725869253803349,-1.6076021360912678,-8.613866969501203,-14.453783279492686,21.688730844952673,13.714549558998108,-22.339113872690866,33.609463325169294,3.9745984056507004,8.217215434074493,-13.659768110429374,-17.841092174271875,4.669317682951841,-25.77843098351766,0.83758017702974,-8.582222068347106,31.744894631462063,21.756704923407245,27.67957009232323,22.590921576360497,-1.1802104533550362,-16.556057563886565,-22.798658415439363,-2.1394290395157287,20.568633194287447,13.884320244373004,14.09426830147294,-1.7927993900489405,20.62113177862795,-17.380267041265515,-28.980186166102595,-12.72275495423634,-15.883894088406977,-16.25089626200441,28.323277851679027,37.05846397448891,14.964905393037755,-25.55613306543263,-25.299721346550538,-9.789556383307612,29.67888838081968,-11.439678839449634,-5.472662887222369,-9.415129306659404,18.32125170914355,-18.84085307936469,4.021552785774142,1.62142840396003,-19.943359286532004,0.5257184419338765
-37.000889527717774,-7.785917410396435,37.301647968683696,11.001129336644233,10.053147288282993,50.256040255726354,-3.011470038720244,2.4955795536584735,14.234731558948639,24.294429923721808,-36.515549938727304,-23.165185590770292,37.34780833107591,-56.4027933477959,-6.677368425363206,-13.659768110429374,22.771666959097573,29.911433328550103,-8.044705022928948,43.096449416733066,-1.2607814634897057,14.537075841432783,-53.15046222645503,-36.364663776804434,-46.23366165441369,-38.003946840077404,2.0924500854519152,27.52923423364133,37.94588070041222,3.5323309165161074,-34.21266214720731,-23.00577026971578,-23.67706698316007,2.956054231857223,-34.46964778952608,28.99786099904944,48.43484688001819,21.292410737071567,26.71851094626969,27.351650652528765,-47.329439626182776,-61.83624272294399,-25.115288208873977,42.62794770063458,42.39362453178738,16.451081876641,-49.80540784103977,19.049849438285722,9.11364923149948,15.65441981115487,-30.65483267420574,31.605823425224806,-6.800064122978662,-2.6467757665718588,33.25898163352849,-0.9294366406091477
-49.12532632126867,-11.070751974311177,49.294268164691424,14.589591001951032,13.54401061002956,66.9118879028913,-4.322495013184456,2.7859688011334622,18.33441592981241,32.45271802945465,-48.99503720198378,-31.30360270135751,49.41184532793869,-75.12504423369839,-8.887803521653193,-17.841092174271875,29.911433328550103,39.778409322370486,-11.335443491856113,56.93591726945289,-1.3373582671542934,19.736596931579292,-70.46917722901878,-48.09214387718057,-60.97792257056651,-50.90310956200253,3.1118302436490857,35.95077001778218,49.70800168647007,4.5224498899585415,-44.76863901797236,-29.860823141556303,-31.608803529361253,3.8117053460322143,-45.50055711828938,38.17127815411961,64.03365475285464,28.15115244762651,35.732634443301585,36.65366691567409,-62.49572156413929,-81.43273057460581,-33.46358013909748,56.1356297706167,56.29881549495331,21.98583028518843,-66.41810080990756,24.94759695945645,11.95320849475196,20.44527558807733,-40.56839498855184,42.02261327979963,-9.194753809155937,-3.332226879489823,43.686008816996505,-1.408424364345653
13.916243679939212,4.083914384881646,-13.622758545251523,-4.122834087535065,-4.08977652290423,-19.146300492751436,1.6324941049037553,-0.12373112153540454,-4.4579068578571635,-9.419195086054069,14.518744093821196,9.560672241002726,-13.771906281329434,21.546930543528315,2.5320447506613566,4.669317682951841,-8.044705022928948,-11.335443491856113,4.059447293518767,-15.732709887413154,-0.0250768152315428,-6.135177546165717,19.806967498470573,13.385477783938368,16.721811542885916,14.970124521840717,-1.3095989320063859,-9.395225252212875,-13.211677198483205,-1.055842400667794,11.839390962832159,7.586176086065242,9.158228893532801,-0.942661122077176,12.51184514412068,-10.381502298541793,-17.78507898834562,-7.791153482972743,-10.41718259254659,-10.79249907184094,17.237558445050304,22.19313384596655,9.613041746782024,-15.311736312936619,-15.93641212468044,-6.403756035330536,19.18297403386286,-6.60546308388304,-3.1960199865588814,-5.345469977749964,11.299065249099943,-11.942435270199676,2.8086394083910196,0.7103155632810959,-11.737823435720165,0.6357071940923292
-70.34709388929308,-15.289448377733702,70.82583730639816,20.89170312449104,19.243506232904288,95.74528841616366,-5.955007067132491,4.374275095499718,26.698167144711523,46.356437818536534,-69.8005108518105,-44.42563233509936,70.89913726065272,-107.46127940317406,-12.731316091439682,-25.77843098351766,43.096449416733066,56.93591726945289,-15.732709887413154,81.79456970268032,-2.138613984387073,27.9522373694146,-101.03383107805094,-69.01703168367911,-87.67222493628672,-72.58691603076674,4.201448542885069,51.96328820447365,71.70543843391867,6.615397786800868,-64.61136275156707,-43.27847860411486,-45.157293051712074,5.536151136030973,-65.40693120013289,54.92972335177016,91.91493049671026,40.44749667364131,51.0172974663384,52.262071754469915,-89.79240354165185,-117.14826624964934,-47.854202648005014,80.73614614675887,80.64982747571102,31.387924117010165,-94.9042754900775,36.009570468888164,17.231525805040572,29.54715694072746,-58.229360386303014,60.18570332646953,-13.051744154664448,-4.90232031005471,62.96215130775548,-1.8676748108681365
1.798624948940492,-0.08931610666659846,-1.7751524313002587,-0.5893380140864484,-0.36105877180126333,-2.1026446022104452,-0.10591327524752245,-0.5233418859079059,-1.0247034460898348,-0.9363106814699792,1.3405972050467396,0.7148476063510023,-1.9146127160533528,2.3906459892452805,0.2467128296554782,0.83758017702974,-1.2607814634897057,-1.3373582671542934,-0.0250768152315428,-2.138613984387073,0.39743812944577606,-0.349468681233999,2.5117206761011954,1.8951109396642436,2.3844166507619198,1.4510406754097214,0.12109001566575352,-1.656301108764213,-2.2598244730827033,-0.2423801414516942,2.089232671521279,1.5887831034215762,0.9569833968118475,-0.24922180210211536,1.6930151897527543,-1.5805123927063498,-2.5087778754357166,-0.9777101006139455,-0.97415064832123055,-0.9953947957779257,2.4148284786471605,3.3614998865578936,1.0635638067381945,-2.382351441018269,-1.9262439458407026,-0.6622877046883839,2.1857183875251582,-1.0789634645121475,-0.533256725395395,-0.943939872094056,1.471290004179056,-1.3281642750100866,0.18043706331526718,0.2598653540748285,-1.7923100122174611,-0.01850574109430546
-24.27970960058106,-6.068941099519402,24.232739510196264,7.183819102515188,6.854804682961411,33.29167248492948,-2.414407770319577,0.9272307077190887,8.610200877837668,16.236880872492286,-24.666874397039745,-15.936590743687587,24.283309728235732,-37.38660755722452,-4.43060694339682,-8.582222068347106,14.537075841432783,19.736596931579292,-6.135177546165717,27.9522373694146,-0.349468681233999,10.13412447852564,-34.790721155235204,-23.61348777646168,-29.845053602457728,-25.556156417049046,1.8128094290633152,17.30013835258531,24.02467388758377,2.110017523806015,-21.590654499864023,-14.191262506121616,-15.789193206699371,1.7816061180734075,-22.31976946520913,18.610201548903813,31.43231633178068,13.858090346569545,17.92059629159828,18.42842506662864,-30.641171151977098,-39.72638093325192,-16.660785190385965,27.36434830972535,27.875106755504618,10.997657290514361,-33.07979190547427,12.07015263655123,5.789281340073893,9.839193558196742,-19.97524565601679,20.870748641945955,-4.6935069871994495,-1.4940582056156595,21.24623389688213,-0.8234820758135936
87.05534188054507,19.29832932198699,-87.4713097632845,-25.859192177989407,-23.914486287949106,-118.51367119966397,7.521951443936721,-5.162484108219546,-32.74014402821447,-57.43092716844454,86.6101265309993,55.23963254910144,-87.6454842930373,133.04641577534662,15.746803736492014,31.744894631462063,-53.15046222645503,-70.46917722901878,19.806967498470573,-101.03383107805094,2.5117206761011954,-34.790721155235204,124.93856337208908,85.31512019023127,108.24869317559799,90.02166492240752,-5.367842207101468,-63.97682472378516,-88.38659389946244,-8.089156664525124,79.62320959392663,53.21702668993655,55.94566306064175,-6.803510536085417,80.7585598650491,-67.79523969671946,-113.59986726832676,-49.951851091877096,-63.21755230583139,-64.8125169612687,110.91028865101158,144.60821233365436,59.25547534746116,-99.6801514536691,-99.77273867194803,-38.9028164674708,117.58055370987869,-44.36398437957926,-21.247662850770105,-36.38017300442496,71.95985251334832,-74.45836805894878,16.22346951479959,5.977594318472534,-77.63486667957322,2.415927142566782
59.50525370206325,13.017486853658527,-59.69482441303025,-17.715268887708614,-16.297892757611528,-80.78591083693416,5.0280074554869385,-3.7066440232754743,-22.49058683329705,-39.113160448657986,58.9933784534716,37.578560909303626,-59.94081295506849,90.72564953019312,10.706960992326923,21.756704923407245,-36.364663776804434,-48.09214387718057,13.385477783938368,-69.01703168367911,1.8951109396642436,-23.61348777646168,85.31512019023127,58.367146692783116,73.98961677094086,61.3371110592466,-3.5818829822441236,-43.820544356846646,-60.56396073291092,-5.539583175626978,54.587340676594614,36.565818020273156,38.1323759966545,-4.704421169016143,55.14168383654402,-46.387431463220494,-77.69870201020012,-34.06482790089536,-43.02080534580276,-44.12584095545296,75.80805661916229,98.94684583718853,40.40903701672864,-68.25722744017351,-68.09331090887264,-26.520613067437452,80.26209730131224,-30.351720677565357,-14.555602287262266,-24.920357029943048,49.135472947526644,-50.74369012473986,11.014235450778786,4.140616213905832,-53.076955654755636,1.648492290637682
75.37679970308197,16.231679507885325,-75.89910663859649,-22.397485911505793,-20.5787901404163,-102.50648673456521,6.304797070473405,-4.808831083958052,-28.71743839725687,-49.60649874077493,74.66319594887898,47.47655119311453,-76.0003235875286,115.05328461164348,13.623649054525709,27.67957009232323,-46.23366165441369,-60.97792257056651,16.721811542885916,-87.67222493628672,2.3844166507619198,-29.845053602457728,108.24869317559799,73.98961677094086,93.99864588527753,77.66171567950134,-4.43158304746719,-55.788437510408706,-76.96673378474081,-7.115730871339147,69.36664091102715,46.51928606650548,48.33317047315243,-5.9615151254155,70.10710972907518,-58.915544569361536,-98.53752832187078,-43.33598982338942,-54.58016679591432,-55.905598496016154,96.26078734644445,125.64600357758273,51.23472671827711,-86.60627497787813,-86.38739455887634,-33.59296697778512,101.6185325273832,-38.6418596678118,-18.49282739305128,-31.723093863687325,62.39806398209872,-64.4412027844445,13.942073461947569,5.294786922026326,-67.53459123247859,1.975015394075501
62.79497343870654,14.688753904475453,-62.86172174162209,-18.6329120732273,-17.456857298046362,-85.6921699559704,5.767566460778692,-3.1680315330738376,-23.025418983546803,-41.63978033960538,63.01653288457095,40.421975508289975,-63.0359292340422,96.22717392692543,11.38424958927559,22.590921576360497,-38.003946840077404,-50.90310956200253,14.970124521840717,-72.58691603076674,1.4510406754097214,-25.556156417049046,90.02166492240752,61.3371110592466,77.66171567950134,65.4062713170877,-4.222962740146199,-45.522388978001764,-63.04964283153214,-5.661835239241745,56.745934071873684,37.66644305417136,40.54003695308369,-4.786469634469542,57.9837676772773,-48.55708278251694,-81.6551434957179,-35.912197501659925,-45.881308439729835,-47.11341417675153,79.64632898556556,103.61234731268631,42.870502730711316,-71.41713920998468,-71.98793776436072,-28.21408791291893,85.11984696986015,-31.643819897376225,-15.172294902287032,-25.8893469413452,51.77195194776618,-53.77819726945878,11.879570286861842,4.123585896185034,-55.5104264957334,1.9231699916471683
-3.7905944898440116,-1.3437451799970215,3.64639921287437,1.115088176941666,1.17674872074632,5.283693939114307,-0.5491648766103578,-0.13604095059659918,1.0370800609339779,2.634704421041198,-4.1212617389934385,-2.779722793298863,3.694317263903533,-5.951652331953333,-0.6991961051428683,-1.1802104533550362,2.0924500854519152,3.1118302436490857,-1.3095989320063859,4.201448542885069,0.12109001566575352,1.8128094290633152,-5.367842207101468,-3.5818829822441236,-4.43158304746719,-4.222962740146199,0.4633066298267018,2.3725354584317038,3.3853373350140714,0.23707914828189172,-3.016410580436129,-1.8467980574541252,-2.553063554052415,0.21849185860408893,-3.3324337562923763,2.723555688427087,4.757084537381543,2.0900238082117335,2.9289622511889375,3.053925503466966,-4.590719842089711,-5.836280629124145,-2.659991587413177,4.023657522966101,4.3507452124547585,1.7915457703245925,-5.317694836461572,1.694586885675282,0.8239668173731388,1.3515636587531903,-3.039931727942984,3.278990101788491,-0.8203775556315402,-0.13811424595187471,3.05328688833542,-0.2258658756250817
-44.501118717541445,-9.0478421213986,44.973481152861865,13.236117750695678,12.005755843261442,60.37622821856544,-3.484721865010152,3.225216786699259,17.365652423217988,29.139913586432353,-43.70259565922575,-27.628496471633426,44.9964021515606,-67.74627065846238,-8.02551706957063,-16.556057563886565,27.52923423364133,35.95077001778218,-9.395225252212875,51.96328820447365,-1.656301108764213,17.30013835258531,-63.97682472378516,-43.820544356846646,-55.788437510408706,-45.522388978001764,2.3725354584317038,33.37227496603689,45.9299899731876,4.3221757476794505,-41.43091413622095,-27.963863261249845,-28.406848433171046,3.602912981068599,-41.57919009619296,35.021928732136494,58.373406358029314,25.66838001980562,32.03031975805957,32.75520555746034,-57.078497088536096,-74.6637608817445,-30.159761682979386,51.467321748037406,50.988892513346606,19.726659348113504,-59.77971115445562,23.06312107963067,11.024914985103065,18.97498288549539,-36.932485271035496,37.99744007754037,-8.108638165657007,-3.258451142620755,40.21240745903614,-1.0398482121025088
-61.564454595109126,-12.757201131086106,62.02107045720704,18.334586727726688,16.672397168618346,83.44306009098514,-4.8971804935860135,4.3322307342474575,23.821291017072966,40.30054855457284,-60.55783522500247,-38.360815298673614,62.183666866355125,-93.67030569757094,-11.068166333866028,-22.798658415439363,37.94588070041222,49.70800168647007,-13.211677198483205,71.70543843391867,-2.2598244730827033,24.02467388758377,-88.38659389946244,-60.56396073291092,-76.96673378474081,-63.04964283153214,3.3853373350140714,45.9299899731876,63.31164372895064,5.9012994014901325,-57.10760335646094,-38.4841194815262,-39.30097691216283,4.9688897468493876,-57.3369736458901,48.316608834280785,80.65301755916721,35.38423482325771,44.29314826677949,45.34937996209886,-78.78323056666528,-103.02830739885505,-41.70945199813731,71.0613129226241,70.46167745726679,27.307712296006944,-82.76418983719974,31.750216848919237,15.201803749303064,26.118483775551766,-50.98286632573869,52.474941508878565,-11.243783433915487,-4.459579382978208,55.394558195278165,-1.5268201864433502
-5.590787583048513,-0.9973879413817629,5.739225552429869,1.6552310362768525,1.471472079101303,7.603592915545861,-0.3873638533295151,0.48926807394500027,2.295682830775894,3.6524211525603882,-5.41898580681308,-3.3822150869242056,5.689146752922524,-8.514163717358205,-1.0196281275329118,-2.1394290395157287,3.5323309165161074,4.5224498899585415,-1.055842400667794,6.615397786800868,-0.2423801414516942,2.110017523806015,-8.089156664525124,-5.539583175626978,-7.115730871339147,-5.661835239241745,0.23707914828189172,4.3221757476794505,5.9012994014901325,0.5835874827774271,-5.327433775053999,-3.6346464977448174,-3.556379946046862,0.46597053888607354,-5.310812094831637,4.471912175841091,7.3901941324559886,3.279861315816182,4.0137875642708325,4.079393783875323,-7.261638913373955,-9.523729459471864,-3.786538079552693,6.549485253967003,6.434109763098054,2.462124257911487,-7.466815620915199,2.979203235985247,1.4138239003421396,2.4562663690707063,-4.690095310331845,4.803941533730336,-0.9978208226857845,-0.44000084381689764,5.172172307137929,-0.085869750704653
55.47115817632167,11.423124776296389,-55.87232875950423,-16.528988493460492,-15.002997840263529,-75.12673556449744,4.372944763137131,-3.9662237197090846,-21.513607741590317,-36.27224178122383,54.49507573881919,34.49979274595301,-56.042760058057056,84.34000096584343,9.959079923596875,20.568633194287447,-34.21266214720731,-44.76863901797236,11.839390962832159,-64.61136275156707,2.089232671521279,-21.590654499864023,79.62320959392663,54.587340676594614,69.36664091102715,56.745934071873684,-3.016410580436129,-41.43091413622095,-57.10760335646094,-5.327433775053999,51.51999112777425,34.74674940135934,35.37959446851287,-4.49350451897984,51.66149633818405,-43.5586216239226,-72.69249634979934,-31.869768011755866,-39.85701134517862,-40.80791511593542,71.00008343795301,92.88294228336748,37.55550686394537,-64.07537081014564,-63.46416395398801,-24.582762124321494,74.534674216032,-28.629958762282588,-13.710715268843192,-23.560972171518397,45.931084440887126,-47.24510379646517,10.107344738530452,4.039810758762494,-49.93529779263053,1.3670488870599067
37.0583346868944,7.266957388030321,-37.40405099549344,-11.059827317283313,-9.92442713431869,-50.05288153381992,2.7511705259985324,-2.9250359213333224,-14.647831807261708,-24.109624977861525,36.12995103768932,22.763716368575583,-37.526026597574294,56.187380413985764,6.62985132309577,13.884320244373004,-23.00577026971578,-29.860823141556303,7.586176086065242,-43.27847860411486,1.5887831034215762,-14.191262506121616,53.21702668993655,36.565818020273156,46.51928606650548,37.66644305417136,-1.8467980574541252,-27.963863261249845,-38.4841194815262,-3.6346464977448174,34.74674940135934,23.56111682670136,23.533178040052153,-3.0654721140156456,34.613924837688245,-29.25709831900896,-48.696281825423974,-21.3240772798497,-26.46506279719736,-27.06914635240998,47.58296533403854,62.3702390480874,25.01411750849678,-43.03929298466274,-42.36649552684703,-16.342430233321593,49.640272029352275,-19.283931746225164,-9.232198819315641,-15.901428160969653,30.730493899389355,-31.499597179287335,6.660379353816494,2.790472032668471,-33.56997562843424,0.8361612795743252
38.99837150924008,8.966719295532517,-39.11273086903401,-11.569641806423476,-10.799972885415558,-53.20733603068279,3.5190230238913376,-2.0708631948116034,-14.423172101637874,-25.833497107021216,39.04078137683198,24.995641919578,-39.18670020886818,59.73612399395675,7.073650641778203,14.09426830147294,-23.67706698316007,-31.608803529361253,9.158228893532801,-45.157293051712074,0.9569833968118475,-15.789193206699371,55.94566306064175,38.1323759966545,48.33317047315243,40.54003695308369,-2.553063554052415,-28.406848433171046,-39.30097691216283,-3.556379946046862,35.37959446851287,23.533178040052153,25.151186193998363,-2.992313364024965,36.08597890494274,-30.230949427133424,-50.771808337295276,-22.34544293075386,-28.459818836435527,-29.202581814371523,49.550127539632115,64.49813575258699,26.60985332924976,-44.44877706619443,-44.721051897551646,-17.497529504564373,52.807521897078274,-19.733850795959626,-9.454262582358963,-16.15449445403377,32.19389483736552,-33.40790403707624,7.348053224492642,2.59730906778426,-34.59064705160112,1.1511965513731035
-4.756431752074553,-0.8973306539930934,4.768027211020217,1.4308530953666743,1.2637322920538205,6.362978033672536,-0.32664687977548107,0.4165007734460378,1.900818961755924,3.056658027682079,-4.587231205060085,-2.8806014509275135,4.822273799719927,-7.153305534245703,-0.8348189445062365,-1.7927993900489405,2.956054231857223,3.8117053460322143,-0.942661122077176,5.536151136030973,-0.24922180210211536,1.7816061180734075,-6.803510536085417,-4.704421169016143,-5.9615151254155,-4.786469634469542,0.21849185860408893,3.602912981068599,4.9688897468493876,0.46597053888607354,-4.49350451897984,-3.0654721140156456,-2.992313364024965,0.40695377258576065,-4.419547410372012,3.7620446054664907,6.258936429934965,2.7112298747728536,3.3462341705695495,3.4298614856022547,-6.099151139902339,-8.021114175121367,-3.1854182499655783,5.550302649969734,5.407237838709735,2.079819927249917,-6.345810738389872,2.4757808207716288,1.191275223216948,2.049361594724551,-3.926329480103786,3.9998434102502443,-0.8363204182154605,-0.3702970708925458,4.30187853241162,-0.1102097115606666
56.192859983942114,12.152757653222011,-56.65810092156342,-16.67399290862112,-15.356442985017598,-76.54110208530857,4.745925852584031,-3.5146809018781853,-21.38214729842322,-37.054536426331225,55.7505839041803,35.463264737361534,-56.65121616128657,85.88715732357018,10.189638407108838,20.62113177862795,-34.46964778952608,-45.50055711828938,12.51184514412068,-65.40693120013289,1.6930151897527543,-22.31976946520913,80.7585598650491,55.14168383654402,70.10710972907518,57.9837676772773,-3.3324337562923763,-41.57919009619296,-57.3369736458901,-5.310812094831637,51.66149633818405,34.613924837688245,36.08597890494274,-4.419547410372012,52.320875123354114,-43.91698824426529,-73.44927826276403,-32.36445956633822,-40.78708604931875,-41.76007573542814,71.78938912251951,93.65524951253035,38.24430083933488,-64.52339364742457,-64.4648742702106,-25.076257559122798,75.80100686024107,-28.8160169673218,-13.777517926028818,-23.641745982378396,46.55912902283231,-48.129403857862165,10.427482191426579,3.9267179756905137,-50.375330711455746,1.461070184983851
-47.22361649902755,-10.060676766821675,47.53138392593261,14.04772785116389,12.862482767177072,64.1293219170182,-3.8887124999155387,3.11004073552133,18.06730755746802,31.01403985489631,-46.669956546099314,-29.64517300130739,47.638299427200785,-71.98963338060855,-8.513817480626392,-17.380267041265515,28.99786099904944,38.17127815411961,-10.381502298541793,54.92972335177016,-1.5805123927063498,18.610201548903813,-67.79523969671946,-46.387431463220494,-58.915544569361536,-48.55708278251694,2.723555688427087,35.021928732136494,48.316608834280785,4.471912175841091,-43.5586216239226,-29.25709831900896,-30.230949427133424,3.7620446054664907,-43.91698824426529,36.94961794104551,61.77007651736052,27.129701372611493,34.108372859420896,34.93943634325402,-60.32875593264276,-78.7970921932266,-32.05712769133262,54.33246180701105,54.08342980359857,21.011705157454962,-63.60800119096305,24.240138104789963,11.606800382931539,19.91448916683186,-39.08282922144541,40.3148683983575,-8.69681007847364,-3.346698152686556,42.344666161669245,-1.22541343834414
-79.21484740854541,-17.296613851277293,79.5143182873133,23.573566562383867,21.68901734584643,107.57832513840494,-6.688395928592477,4.94388845485383,29.969961965374214,52.0857951541582,-78.53108491375943,-50.013516198572624,79.80001041248757,-120.80100367970924,-14.264231380799703,-28.980186166102595,48.43484688001819,64.03365475285464,-17.78507898834562,91.91493049671026,-2.5087778754357166,31.43231633178068,-113.59986726832676,-77.69870201020012,-98.53752832187078,-81.6551434957179,4.757084537381543,58.373406358029314,80.65301755916721,7.3901941324559886,-72.69249634979934,-48.696281825423974,-50.771808337295276,6.258936429934965,-73.44927826276403,61.77007651736052,103.4461008475119,45.37803869630673,57.2952846781576,58.753089644935805,-100.95128370516649,-131.76027694714907,-53.80533206021016,90.88097921384721,90.67169748392932,35.30710446565268,-106.84005104923803,40.435324873046945,19.383159907877076,33.197824188135364,-65.4348079369011,67.58120450015328,-14.665353295600596,-5.52202623729548,70.70137581565366,-2.177030739957029
