V1,V2,V3,V4,V5,V6,V7,V8,V9,V10,V11,V12,V13,V14,V15,V16,V17,V18,V19,V20,V21,V22,V23,V24,V25,V26,V27,V28,V29,V30,V31,V32,V33,V34,V35,V36,V37,V38,V39,V40,V41,V42,V43,V44,V45,V46,V47,V48,V49,V50,V51,V52,V53,V54,V55,V56
519.6946223502823,1039.1252770524413,154.81758818194078,-660.2488605975909,1076.617733936629,-1020.2706993737941,-232.36157021323814,-27.94329287666284,-1095.454321301217,1697.6861169733759,28.74843716999742,638.2539708630749,1697.1964376196836,1455.8989117593728,-819.3889166205353,1867.7516664739237,-1283.137107674939,-1109.8151080368784,760.8967357988527,-238.31159164292512,271.80647732641177,-816.1418072235781,979.1364016547992,462.9727349024894,1318.6647007287593,-2654.6973108234497,-1338.306810414445,-1156.498804371227,977.145981944391,-2006.1918811797802,422.38458521641974,-2529.1423598608753,-629.9942875822862,-884.0877198044445,-3070.6582217524597,-307.20580182825717,2146.5657240829123,-1804.4887894302797,401.3217071341537,-942.1554110394471,-790.6148780774865,-1140.7698687214586,-499.14833151983663,1015.5207132127293,198.42002746813688,-1953.269348203676,-2227.4183159228346,-921.8736985329361,-907.7378804743894,-665.5704631792067,746.7389233987861,29.4930616397085,202.13711582276144,583.7929984587216,-596.3664705668872,-120.71037866603349
1039.1252770524413,2078.2582297448207,309.90583173761416,-1320.3155370993225,2152.923596545774,-2040.332114383531,-464.579194145151,-56.7698191324266,-2190.6866455899212,3394.8375685791225,56.92503653669699,1276.0685198301787,3394.188002033289,2911.2331684032292,-1638.0249348559921,3734.997364984593,-2565.5927306993144,-2219.1867575176548,1521.7436862191066,-477.1411896393863,543.5540541999417,-1631.8892904230033,1957.6206678225078,926.1680637921114,2637.1447274463126,-5308.6936569420695,-2676.3528473988304,-2313.119881829217,1953.5254131343513,-4011.366428232614,844.8600510764774,-5057.75753082989,-1259.3213129367443,-1768.5315581420828,-6140.317881977536,-614.1141753963651,4291.8142573774285,-3607.790096692165,802.7613433953418,-1883.7241957437172,-1580.068228599335,-2280.96233035199,-998.4571963299716,2030.8126291347974,396.9618427866548,-3905.9130653093707,-4453.861989915527,-1843.7302880589998,-1815.5648816834232,-1330.5595499682886,1493.664215103644,59.032548763259385,403.9189910180353,1167.0660512195448,-1192.7074743061446,-241.03379667166504
154.81758818194078,309.90583173761416,46.352723907947734,-196.79297860840498,320.9028707187558,-304.1405958579868,-69.17046752104257,-8.873083078925434,-326.56395862510925,505.9646145211505,8.236561917760385,190.06048178261543,506.0336395861326,433.8700839680147,-243.89447089069094,556.722364982305,-382.25013431956086,-330.7246146984309,226.88396179966108,-71.40558197634083,81.04462073872878,-243.1456879219913,291.61900794910946,138.21882759707418,393.16969705733766,-791.2622837496339,-398.9485343437528,-345.0063147077008,290.9362164595757,-597.6653400805988,126.04574571427976,-753.9483026837661,-187.477805255828,-263.89861455241936,-915.1646976197477,-91.43596925999617,639.36900269191506,-537.4078879643574,119.74433122687864,-280.62583998477936,-235.070734842048,-339.88154481951216,-148.96778153133306,302.70438862173773,59.267749244493764,-582.1448755160192,-663.7260951425853,-274.91127769970234,-270.7540735326473,-198.1399981975116,222.8098661837574,8.79886527286859,60.05044664268202,173.75491861217765,-177.86375731945964,-35.7465085615559
-660.2488605975909,-1320.3155370993225,-196.79297860840498,838.9046913914492,-1367.9868413480724,1296.2937030884013,295.06229590748865,35.55312750948863,1391.8609472943222,-2156.988279054028,-36.527264813641224,-810.8536378454122,-2156.4438350562727,-1849.902637353545,1040.9941749482325,-2373.157143605553,1630.2688863513706,1410.1638788424636,-966.7625596847176,302.9136733400605,-345.43194080127404,1036.9070982123926,-1244.0907310406649,-588.3017521640579,-1675.5542784936,3372.8880158986817,1700.3485173566646,1469.588721845038,-1241.4509070415806,2548.8850606054284,-536.770423694223,3213.516513142548,800.4356807462275,1123.3990753818211,3901.5362795833626,390.3032989324668,-2727.318331638164,2292.576888686698,-509.894969328845,1197.0841161785102,1004.4264056865246,1449.5001942203262,634.272799782644,-1290.2309006361934,-252.1778451775225,2481.7840728679007,2830.248566478884,1171.2658113862583,1153.2949657245013,845.6583750588042,-948.8109201269102,-37.37091497712561,-256.73352186684855,-741.5894548082576,757.8568808919723,153.26504486233765
1076.617733936629,2152.923596545774,320.9028707187558,-1367.9868413480724,2230.8527078230068,-2113.754367514491,-480.91696738801346,-57.65976229337976,-2269.6528340253626,3517.303885201361,59.829288209457935,1322.2090830182924,3516.3937712332045,3016.793298933071,-1697.6106772394248,3869.9198591933373,-2658.517248985868,-2299.678532536119,1576.3765922836253,-493.8811295639195,563.4156075019353,-1690.8409541267965,2028.917614879726,959.2744314990066,2732.3483954496114,-5499.9288573344375,-2772.5665122440328,-2396.485215213419,2024.498178975725,-4156.4162177687895,875.3688189636277,-5240.202485523642,-1305.439234823117,-1831.8046679879055,-6362.275559861306,-636.5208291469181,4447.63105206348,-3738.531314347196,831.3273110353769,-1952.2098397822338,-1638.1626477261325,-2363.8965910858365,-1034.263291692215,2103.8248761670234,411.2642908189339,-4047.0426862938707,-4615.613803534709,-1909.7967177928647,-1880.4232075713242,-1379.1651019992562,1547.0531158864046,60.75142748542927,418.63669469230035,1209.1952442372512,-1235.9556959662243,-249.92330472417086
-1020.2706993737941,-2040.332114383531,-304.1405958579868,1296.2937030884013,-2113.754367514491,2003.1862728171557,456.17261641874086,55.394702627046655,2150.798139617271,-3333.101561589838,-56.102714964843834,-1252.9603271700555,-3332.331680774442,-2858.321864010241,1608.4309260896414,-3667.035665565917,2519.0431016060024,2178.8578963560944,-1493.9977199449768,468.22845940682225,-533.6515451245572,1602.2686700989748,-1922.1470319279106,-909.1791909153487,-2589.088532656193,5212.105189141152,2627.6242022225797,2270.853060504622,-1918.178899343953,3938.570708007064,-829.4006261226144,4965.668912552258,1236.5978629970361,1736.1181522105758,6028.655698143364,603.0233985633571,-4214.008491011809,3542.4260574827154,-788.0712861162964,1849.5752943254333,1551.6870284992197,2239.5553231563795,980.1733557321226,-1993.8496749223273,-389.6653563249098,3834.881306925301,4372.952212051,1810.0992219211955,1782.4087847846276,1306.5028244776888,-1466.3378280640472,-57.9467933383427,-396.69231863705147,-1145.9829681211809,1170.9440242206379,236.79156128042987
-232.36157021323814,-464.579194145151,-69.17046752104257,295.06229590748865,-480.91696738801346,456.17261641874086,104.42217509923879,13.18993880965135,489.62082002291135,-758.8312607509401,-12.26134714689491,-285.34193126193173,-758.645438376066,-650.2060272854927,366.0258936602596,-834.5674305440563,573.304172720828,495.62740192955704,-340.2761251062672,106.64626860224202,-121.18068491394521,364.8119953562925,-437.12576227699674,-207.02494540137903,-589.1621663883577,1186.8297537914011,598.468844183758,516.6689824655251,-436.5096472904149,896.6003150725342,-188.58080872265893,1130.3173899035319,281.12675996669316,395.3065192048051,1372.0223186303153,137.15973517398604,-958.7792537777236,806.3396459036186,-179.67559049787403,420.7164600354657,352.7636670650458,509.28023685510135,223.1436792951345,-454.12903478075015,-88.55313277516298,872.818767456263,994.5437390036717,412.380465367611,406.2195900987096,297.0712930827471,-334.04578855174253,-13.626580038188274,-90.39688552180144,-261.159441407416,266.1957803434765,53.979720443251914
-27.94329287666284,-56.7698191324266,-8.873083078925434,35.55312750948863,-57.65976229337976,55.394702627046655,13.18993880965135,4.084080747174218,59.24153515328923,-91.51812240581833,0.2676890005194678,-34.06286893966846,-92.12718903937515,-77.53392639221778,42.9806164369858,-100.4489164791107,68.36306205434389,59.046903896749214,-41.58752575110355,14.079885831746534,-14.271891187167805,43.77464658603117,-51.429443712669894,-25.74096093741266,-71.13454065880588,143.69707536004697,72.81987472052857,62.83271378168609,-51.505593235588314,107.28874392538502,-22.867432736128695,136.59388579414323,32.46363172473337,48.99663669770198,164.78264081191548,15.989490332681344,-113.61849343772873,95.8777595838293,-22.460440714426245,49.69806201240914,40.130477092253955,60.23785576863832,27.525257669587127,-55.198382493978585,-10.83989582770342,104.92418308395659,118.08978319345857,50.65061591305786,50.28580041876867,34.612135949599754,-41.369666736879466,-2.3083030243032736,-10.448459325953221,-31.17316981183808,31.92081592229227,5.925595087707744
-1095.454321301217,-2190.6866455899212,-326.56395862510925,1391.8609472943222,-2269.6528340253626,2150.798139617271,489.62082002291135,59.24153515328923,2309.3420179471614,-3578.7885177026174,-60.43159267463886,-1345.3032670849525,-3577.9454672317156,-3069.1833567513336,1727.070264199895,-3937.4219694957806,2704.800394296144,2339.6014908116676,-1604.0663684119945,502.6900997741654,-573.0817970139681,1720.3700706253683,-2063.9999890240106,-976.1609956142476,-2780.009651193499,5596.214224952358,2821.2205544477297,2438.314101610326,-2059.6585073701904,4228.935375202589,-890.6022654011837,5331.734333643786,1327.90600535946,1864.033991167013,6473.1894572388865,647.5256965330137,-4524.853803434811,3803.6196372313934,-846.0663279592993,1986.0426671659886,1666.2763962765018,2404.8367581211355,1052.4022182078963,-2140.75403408237,-418.4297692417154,4117.633066772978,4695.626184350089,1943.4152050726652,1913.6321594406365,1402.9457493732407,-1574.3338740085408,-62.0787861500463,-425.9224959399939,-1230.3939848174502,1257.365364928187,254.24461725250663
1697.6861169733759,3394.8375685791225,505.9646145211505,-2156.988279054028,3517.303885201361,-3333.101561589838,-758.8312607509401,-91.51812240581833,-3578.7885177026174,5546.12542728012,93.82186755584678,2084.9343253931324,5544.699720028946,4756.386593633171,-2676.6429814907997,6101.859437925893,-4191.7719127796045,-3625.7424692848454,2485.7983922592844,-778.8216955130794,888.0893514373988,-2666.144146286165,3198.723700044219,1512.6462089832726,4308.145162997753,-8672.53146602222,-4372.0591615323665,-3778.521162269284,3192.048531718242,-6553.802348559127,1380.090708626897,-8262.601018121735,-2058.03164150547,-2888.504932340349,-10031.62422785889,-1003.5471481102653,7012.454509089713,-5894.756235451648,1311.1010826417116,-3077.897892368611,-2582.5574698986534,-3726.8714701213908,-1630.8185557373945,3317.5502646534374,648.3713286955027,-6381.174772478368,-7276.956915409298,-3011.6642612541627,-2965.482498831549,-2174.2921188877463,2439.6437479968686,96.2081859489294,660.167701769877,1906.9014155944255,-1948.4900839537213,-394.13374234228604
28.74843716999742,56.92503653669699,8.236561917760385,-36.527264813641224,59.829288209457935,-56.102714964843834,-12.26134714689491,0.2676890005194678,-60.43159267463886,93.82186755584678,2.8997192949195965,35.47147943902574,93.39011085809585,81.2195157848717,-46.09332087573259,103.45481103500951,-71.48830316697425,-61.95043952785467,41.642698495211526,-12.36508017905971,15.354047927900615,-45.2394972006509,55.11247113266626,25.074997093592053,72.91950453502511,-146.28092357701223,-73.46144765111474,-63.684496643789466,54.807425780088465,-111.44635859223452,23.347307546488757,-139.6605097071364,-35.88677856280813,-47.98916509656135,-170.31700970913062,-17.380847042705692,120.14719046825581,-100.67241593381024,21.570762151614144,-52.86848478745631,-45.4339403580882,-64.01338908691939,-27.19144137990772,55.77463803551618,10.918838257826655,-108.25452620509049,-124.65182418177356,-50.26201842740236,-49.18484542624429,-37.695967410503094,40.489775826623,1.0493564772054687,11.43864567464148,32.38354448322443,-33.209519157854466,-7.027600563093647
638.2539708630749,1276.0685198301787,190.06048178261543,-810.8536378454122,1322.2090830182924,-1252.9603271700555,-285.34193126193173,-34.06286893966846,-1345.3032670849525,2084.9343253931324,35.47147943902574,783.8920916319538,2084.2539823553025,1788.0515454394706,-1006.4218789389039,2293.7888924934223,-1575.900544148814,-1363.0180890918966,934.4073639290251,-292.5257020850652,333.8178964766375,-1002.3355778787079,1202.5945980778413,568.4854638730372,1619.4221680105413,-3260.189356841617,-1643.5220189563495,-1420.208389319065,1200.157897041614,-2463.907414293054,518.6943325874597,-3105.9970953315324,-773.8395675117932,-1085.5913828767693,-3771.1236573522096,-377.33601074830545,2636.393455091545,-2216.2477331027417,492.79497263490737,-1157.158978773368,-971.2050958774615,-1401.0750628396029,-612.9287014121031,1247.1315589830704,243.64535019016787,-2398.8352633047043,-2735.6342087849143,-1132.066365868728,-1114.6736542255308,-817.5057015884298,916.9618541274027,36.179143114310264,248.30724335484064,717.022013556751,-732.3865412659397,-148.32205762335715
1697.1964376196836,3394.188002033289,506.0336395861326,-2156.4438350562727,3516.3937712332045,-3332.331680774442,-758.645438376066,-92.12718903937515,-3577.9454672317156,5544.699720028946,93.39011085809585,2084.2539823553025,5543.4873845512975,4755.050572626261,-2675.6215735403825,6100.320990001491,-4190.501805405513,-3624.711598287205,2485.2930344290526,-779.0105569875069,887.8533030009273,-2665.375796750258,3197.636585537321,1512.5015645731332,4307.158714036083,-8670.41854342912,-4371.064968107979,-3777.831328201156,3190.914374451968,-6551.86231789196,1379.8572716337135,-8260.635885079446,-2057.159328381949,-2888.181471403239,-10028.983430183749,-1003.1484599617422,7010.187744389814,-5892.8381759008125,1310.940012809196,-3076.8848026520313,-2581.260464706168,-3725.7165822283596,-1630.6071697778218,3316.771610057819,648.3089759634512,-6379.506109786533,-7274.815039119685,-3011.09953744003,-2965.007596496883,-2173.456646994793,2439.3040635544785,96.25907699650706,659.81993998172,1906.217404359285,-1948.0595020815251,-393.8149064514982
1455.8989117593728,2911.2331684032292,433.8700839680147,-1849.902637353545,3016.793298933071,-2858.321864010241,-650.2060272854927,-77.53392639221778,-3069.1833567513336,4756.386593633171,81.2195157848717,1788.0515454394706,4755.050572626261,4079.7178467848553,-2295.854813045985,5233.265907811297,-3595.200626014096,-3109.945781062893,2131.6071526157216,-667.6530982398771,761.9595496977745,-2286.5232048126804,2743.891510510989,1297.0774485681347,3694.9021333383853,-7437.340631201988,-3749.1744634722213,-3240.6443239309774,2737.8945147482655,-5620.79716366218,1183.7432790344687,-7086.16935803155,-1765.582085779202,-2476.8994734949965,-8603.71713575124,-860.8567951245956,6014.807750523382,-5055.775337760542,1124.0403430027166,-2640.123756085995,-2215.689468228714,-3196.8860803515477,-1398.498292253544,2844.894676141431,556.1387548240148,-5472.803817780556,-6241.955351828431,-2582.4175283560035,-2542.6231478964555,-1865.2284360455687,2091.8638858596714,82.02468043858951,566.1863057909958,1635.218504540046,-1671.3947342498457,-338.0657758178688
-819.3889166205353,-1638.0249348559921,-243.89447089069094,1040.9941749482325,-1697.6106772394248,1608.4309260896414,366.0258936602596,42.9806164369858,1727.070264199895,-2676.6429814907997,-46.09332087573259,-1006.4218789389039,-2675.6215735403825,-2295.854813045985,1292.3700989195147,-2944.8960913208716,2023.3822737245032,1750.1288594804591,-1199.4237015551141,375.23739982514303,-428.7184083773133,1286.842882043294,-1544.3240604793998,-729.6278063966782,-2079.0730606420666,4185.242146741247,2109.7376797329443,1823.2251784417729,-1541.091083714138,3163.395249009758,-665.9405263631538,3987.4600453948087,993.9102855654759,1393.3575977469254,4841.668721176187,484.59308484452083,-3385.249003113206,2845.587868215476,-632.3892201050335,1485.9085770988495,1247.5507912848484,1799.147819396638,786.7268993329227,-1600.9194781543672,-312.80355766851966,3079.7752461699624,3512.726223645094,1453.0548051831277,1430.595109693603,1049.900654672475,-1176.882331926855,-46.17276575686829,-318.86338684958844,-920.524009383139,940.3801951962415,190.53977898103662
1867.7516664739237,3734.997364984593,556.722364982305,-2373.157143605553,3869.9198591933373,-3667.035665565917,-834.5674305440563,-100.4489164791107,-3937.4219694957806,6101.859437925893,103.45481103500951,2293.7888924934223,6100.320990001491,5233.265907811297,-2944.8960913208716,6713.441285412926,-4611.883819558801,-3989.268271274875,2734.8166191053283,-856.8819857294296,977.249587680667,-2933.2754824715485,3519.4756910524425,1664.2262629209374,4739.995489365533,-9541.445086484764,-4810.031342172769,-4157.342276788277,3511.96733171701,-7210.519503559979,1518.521124030876,-9090.660699156098,-2264.427148433642,-3177.958557026489,-11037.077691597018,-1104.1577166783813,7715.396683423248,-6485.468050356438,1442.3538701520094,-3386.483483962261,-2841.535241320386,-4100.603522040858,-1794.2626420795282,3649.873395064468,713.4337923424633,-7020.716601880065,-8006.646786017531,-3313.315533808351,-3262.4380853471152,-2392.3324060249656,2684.0161252586563,105.62366758458708,726.2552513170366,2097.816042841864,-2143.95241076624,-433.56518681888195
-1283.137107674939,-2565.5927306993144,-382.25013431956086,1630.2688863513706,-2658.517248985868,2519.0431016060024,573.304172720828,68.36306205434389,2704.800394296144,-4191.7719127796045,-71.48830316697425,-1575.900544148814,-4190.501805405513,-3595.200626014096,2023.3822737245032,-4611.883819558801,3168.4075666329136,2740.598310358085,-1878.5894668915932,588.2581466530976,-671.3515275721102,2015.1460003592451,-2418.034584834279,-1143.0229704515123,-3256.098453564494,6554.536494708304,3304.1976036901056,2855.673857196825,-2412.9213755917135,4953.642342534787,-1043.0538870786118,6244.821869928474,1555.933981587319,2182.7308560167176,7582.171565011584,758.66286047927,-5300.69556935749,4455.710645398252,-990.6649394312087,2326.6276688100074,1952.683752673878,2817.1816437407915,1232.3905426924964,-2507.2615827441277,-490.00248446916675,4823.028488188914,5500.5828908709655,2275.9256476373353,2240.893631586228,1643.7335304638493,-1843.5345851915476,-72.47810370493757,-499.0920827537537,-1441.3201369480457,1472.7579451688985,298.06331968769456
-1109.8151080368784,-2219.1867575176548,-330.7246146984309,1410.1638788424636,-2299.678532536119,2178.8578963560944,495.62740192955704,59.046903896749214,2339.6014908116676,-3625.7424692848454,-61.95043952785467,-1363.0180890918966,-3624.711598287205,-3109.945781062893,1750.1288594804591,-3989.268271274875,2740.598310358085,2370.6972419566305,-1624.8907139678238,508.92075045733384,-580.8423136771991,1742.9958135154943,-2091.670002541513,-988.7314278731119,-2816.5868346580546,5669.388763844736,2857.9395309983793,2470.303455019988,-2087.090847406832,4284.689970557279,-902.3539376429325,5401.709709005791,1345.91784451954,1888.084204647734,6558.53892849994,656.2333745378511,-4585.067001268984,3853.9869493987267,-856.829604393665,2012.5630394935715,1689.046352928076,2436.9808108792217,1066.048155571789,-2168.6229284161477,-423.9351375971605,4171.869045318661,4758.223431355227,1968.525447535996,1938.1827874877001,1421.8733607280303,-1594.5843091399338,-62.50992928090684,-431.60449907891774,-1246.5136118888752,1274.094472085812,257.71365564953237
760.8967357988527,1521.7436862191066,226.88396179966108,-966.7625596847176,1576.3765922836253,-1493.9977199449768,-340.2761251062672,-41.58752575110355,-1604.0663684119945,2485.7983922592844,41.642698495211526,934.4073639290251,2485.2930344290526,2131.6071526157216,-1199.4237015551141,2734.8166191053283,-1878.5894668915932,-1624.8907139678238,1114.274552024849,-349.33424040860285,397.9498720421322,-1194.9315186555286,1433.375482565378,678.1406024290694,1930.929306976543,-3887.1975061211506,-1959.7291634936068,-1693.6414406447539,1430.4336793903801,-2937.257786326875,618.5722634513958,-3703.3816080301162,-922.0861289974325,-1294.9228432528125,-4496.037878011376,-449.66730411656954,3142.541001192614,-2641.748511583081,587.8315434747639,-1379.281646915983,-1156.9630210453809,-1670.1087774599532,-731.0697910155784,1487.0467519400104,290.6247786819532,-2859.981573103372,-3261.1011352637306,-1350.052308865069,-1329.4447091524084,-974.2451700990921,1093.7069466390165,43.29256975579008,295.7974892740526,854.6305190087095,-873.2572673525541,-176.53151740722822
-238.31159164292512,-477.1411896393863,-71.40558197634083,302.9136733400605,-493.8811295639195,468.22845940682225,106.64626860224202,14.079885831746534,502.6900997741654,-778.8216955130794,-12.36508017905971,-292.5257020850652,-779.0105569875069,-667.6530982398771,375.23739982514303,-856.8819857294296,588.2581466530976,508.92075045733384,-349.33424040860285,110.08983442464464,-124.66219962293226,374.24994558716656,-448.6466803444035,-212.86788763240443,-605.1661296954417,1218.0932381735338,614.2180286022025,531.0850892400125,-447.64740040617033,919.8448388502359,-193.99126059821245,1160.564329642522,288.32304942389254,406.39443316279966,1408.5340432352295,140.64884857568154,-983.809357640701,827.0233812881708,-184.47048126584824,431.76831718817533,361.43308347529774,522.9152368153466,229.3970469361408,-466.0265310525643,-91.21500047605831,896.0049956097846,1021.2597071440501,423.3336644986955,417.0106958060211,304.78073252936423,-343.14289935523095,-13.699426462562942,-92.3880569537173,-267.45276594302567,273.70788033538514,54.95327955561426
271.80647732641177,543.5540541999417,81.04462073872878,-345.43194080127404,563.4156075019353,-533.6515451245572,-121.18068491394521,-14.271891187167805,-573.0817970139681,888.0893514373988,15.354047927900615,333.8178964766375,887.8533030009273,761.9595496977745,-428.7184083773133,977.249587680667,-671.3515275721102,-580.8423136771991,397.9498720421322,-124.66219962293226,142.39942567895966,-426.91673458625365,512.5132650154096,242.1814199009663,690.0120521245415,-1388.5924464632571,-699.9339050399442,-605.2199470384999,511.26945633246936,-1049.505127581789,221.1217870312459,-1323.1899190838842,-329.8054810933822,-462.47038165088367,-1606.6442723076748,-160.77910480882608,1123.2830035550246,-944.0413389282787,209.778322891186,-493.09006700090794,-413.8755616646238,-597.1294791269405,-261.14053461094096,531.10253412489806,103.90215660909035,-1021.9575866227513,-1165.869774236111,-482.0754257747803,-474.5922824069316,-348.4079585794311,390.50682034214435,15.144087630039758,105.67649933611737,305.2072626851147,-312.2383855448884,-63.08378187933228
-816.1418072235781,-1631.8892904230033,-243.1456879219913,1036.9070982123926,-1690.8409541267965,1602.2686700989748,364.8119953562925,43.77464658603117,1720.3700706253683,-2666.144146286165,-45.2394972006509,-1002.3355778787079,-2665.375796750258,-2286.5232048126804,1286.842882043294,-2933.2754824715485,2015.1460003592451,1742.9958135154943,-1194.9315186555286,374.24994558716656,-426.91673458625365,1281.7110686446213,-1537.7826671659825,-727.0701746922839,-2070.95955066954,4169.047973466516,2101.7068504385597,1816.2937245174908,-1534.6005287195642,3150.6515534905,-663.3785655788263,3971.9512452961253,989.454558922447,1388.4064386552839,4822.427975654056,482.47566996213834,-3371.19882232535,2833.896365396581,-630.2171978728612,1479.6838473179264,1241.7155750334168,1791.6357225666643,783.8944063420804,-1594.7951558019686,-311.6343309056293,3067.5730398149235,3498.2546794774617,1447.707712832087,1425.4838679485927,1045.3230583978282,-1172.6852876484868,-46.239436710291685,-317.4317888891594,-916.7760009846006,936.6409417893939,189.55638901307734
979.1364016547992,1957.6206678225078,291.61900794910946,-1244.0907310406649,2028.917614879726,-1922.1470319279106,-437.12576227699674,-51.429443712669894,-2063.9999890240106,3198.723700044219,55.11247113266626,1202.5945980778413,3197.636585537321,2743.891510510989,-1544.3240604793998,3519.4756910524425,-2418.034584834279,-2091.670002541513,1433.375482565378,-448.6466803444035,512.5132650154096,-1537.7826671659825,1845.6605454774858,872.070697017044,2484.8258300260964,-5001.541994180188,-2521.1839340636434,-2179.200271314931,1841.5920737457343,-3780.294906793366,796.0275028437223,-4765.446011358935,-1187.7813114819023,-1665.348498326431,-5786.2777319629095,-579.0921600251195,4045.593906633193,-3400.4659100015324,755.7122321999155,-1775.805228775046,-1490.764537949845,-2150.259687732886,-940.32733637329,1913.1042226542577,373.94797421047565,-3680.612614926508,-4198.286204390243,-1736.4463076096433,-1709.581034972464,-1254.7334842038429,1406.4920030423777,54.98829400548608,380.9058849345224,1099.8128903660288,-1124.0697575832123,-227.52913900000942
462.9727349024894,926.1680637921114,138.21882759707418,-588.3017521640579,959.2744314990066,-909.1791909153487,-207.02494540137903,-25.74096093741266,-976.1609956142476,1512.6462089832726,25.074997093592053,568.4854638730372,1512.5015645731332,1297.0774485681347,-729.6278063966782,1664.2262629209374,-1143.0229704515123,-988.7314278731119,678.1406024290694,-212.86788763240443,242.1814199009663,-727.0701746922839,872.070697017044,412.84320791713367,1175.1138741501065,-2365.495749765702,-1192.6039242949096,-1030.845766595018,870.2191068777776,-1787.1782741868078,376.52253572274265,-2253.702453103909,-560.8740278192043,-788.297150411956,-2735.903850733378,-273.53326481165504,1911.9850488035381,-1607.2581842753375,357.81285972854243,-839.1753209100806,-703.5918582022908,-1016.1843476187693,-445.0285981737557,904.9277987193635,176.94192830166534,-1740.3425140887043,-1984.3085829408087,-821.6670525583909,-809.1738178399938,-592.6631244735664,665.7349666414414,26.364668832306283,179.85699839549446,519.8863096636296,-531.4771770907827,-107.25164422631323
1318.6647007287593,2637.1447274463126,393.16969705733766,-1675.5542784936,2732.3483954496114,-2589.088532656193,-589.1621663883577,-71.13454065880588,-2780.009651193499,4308.145162997753,72.91950453502511,1619.4221680105413,4307.158714036083,3694.9021333383853,-2079.0730606420666,4739.995489365533,-3256.098453564494,-2816.5868346580546,1930.929306976543,-605.1661296954417,690.0120521245415,-2070.95955066954,2484.8258300260964,1175.1138741501065,3346.7139844937105,-6736.6421648056785,-3396.089026585221,-2935.420781345271,2479.4616646736577,-5090.790762938271,1072.2231826602915,-6418.453663427289,-1598.668752928789,-2243.9438704380564,-7792.63307639837,-779.5278626361467,5447.224767826184,-4578.811430087093,1018.4093706176403,-2390.93369347468,-2006.0014214828702,-2895.1703362764947,-1266.9152837860154,2576.9581889975993,503.780047646174,-4956.913478857815,-5653.01146344286,-2339.3803245503723,-2303.4772660897947,-1689.0025888204566,1895.1264643013922,74.55057155971981,512.6673881439256,1481.0124544374528,-1513.7983222231808,-306.0005368764556
-2654.6973108234497,-5308.6936569420695,-791.2622837496339,3372.8880158986817,-5499.9288573344375,5212.105189141152,1186.8297537914011,143.69707536004697,5596.214224952358,-8672.53146602222,-146.28092357701223,-3260.189356841617,-8670.41854342912,-7437.340631201988,4185.242146741247,-9541.445086484764,6554.536494708304,5669.388763844736,-3887.1975061211506,1218.0932381735338,-1388.5924464632571,4169.047973466516,-5001.541994180188,-2365.495749765702,-6736.6421648056785,13561.491248074859,6836.808326000792,5908.537512727039,-4991.184479298272,10248.070948605526,-2158.027773526842,12920.335479434247,3217.805451490549,4517.043708883633,15686.326779812545,1569.1261399232571,-10964.952136327762,9217.42142081564,-2050.3785918503786,4812.668467238512,4037.815757726854,5827.394478543713,2550.25085295471,-5187.799577676794,-1013.854349862819,9978.1947020275,11378.490442946055,4709.609556012309,4637.495846064492,3399.658874000606,-3815.1346518063424,-150.6565371901552,-1032.2482431348187,-2981.8337780267316,3046.7640975507593,616.217166120629
-1338.306810414445,-2676.3528473988304,-398.9485343437528,1700.3485173566646,-2772.5665122440328,2627.6242022225797,598.468844183758,72.81987472052857,2821.2205544477297,-4372.0591615323665,-73.46144765111474,-1643.5220189563495,-4371.064968107979,-3749.1744634722213,2109.7376797329443,-4810.031342172769,3304.1976036901056,2857.9395309983793,-1959.7291634936068,614.2180286022025,-699.9339050399442,2101.7068504385597,-2521.1839340636434,-1192.6039242949096,-3396.089026585221,6836.808326000792,3446.7348093041383,2978.6613035456476,-2516.0312572319895,5166.2251730662965,-1087.8990300904807,6513.484462522364,1621.9556756297666,2277.3252069932305,7907.742454793672,790.956788146133,-5527.400272381897,4646.565166128474,-1033.7836804223236,2426.0181146112736,2035.2177143512251,2937.5229910194885,1285.7127870137945,-2615.397116287693,-511.10935682401515,5030.198017701707,5735.827701936329,2374.390373389877,2338.1009250623288,1713.6581640033698,-1923.4735360159932,-76.09667938851389,-520.3442049401206,-1503.228917844324,1535.8687082909103,310.597296075585
-1156.498804371227,-2313.119881829217,-345.0063147077008,1469.588721845038,-2396.485215213419,2270.853060504622,516.6689824655251,62.83271378168609,2438.314101610326,-3778.521162269284,-63.684496643789466,-1420.208389319065,-3777.831328201156,-3240.6443239309774,1823.2251784417729,-4157.342276788277,2855.673857196825,2470.303455019988,-1693.6414406447539,531.0850892400125,-605.2199470384999,1816.2937245174908,-2179.200271314931,-1030.845766595018,-2935.420781345271,5908.537512727039,2978.6613035456476,2574.8295259473225,-2174.4138145044903,4464.748774460908,-940.5374244318986,5629.559578679035,1401.9058458237787,1968.4173249311143,6834.655404706004,683.5952212420475,-4777.262522600228,4015.5998249026616,-893.326222455157,2096.8693885560438,1758.9332937456072,2539.1620458050656,1111.3425818533083,-2260.1910681555382,-441.9491516017577,4347.542914265187,4957.96723197186,2051.920188889336,2020.4783985962224,1481.1896157302474,-1662.358033243756,-65.3911766030649,-449.48488215301563,-1298.7502098545526,1327.8103930979626,268.19219387666686
977.145981944391,1953.5254131343513,290.9362164595757,-1241.4509070415806,2024.498178975725,-1918.178899343953,-436.5096472904149,-51.505593235588314,-2059.6585073701904,3192.048531718242,54.807425780088465,1200.157897041614,3190.914374451968,2737.8945147482655,-1541.091083714138,3511.96733171701,-2412.9213755917135,-2087.090847406832,1430.4336793903801,-447.64740040617033,511.26945633246936,-1534.6005287195642,1841.5920737457343,870.2191068777776,2479.4616646736577,-4991.184479298272,-2516.0312572319895,-2174.4138145044903,1837.7138278805164,-3772.4249972834436,794.2191345783407,-4755.33944012811,-1185.1590206258268,-1661.822502343337,-5773.941851065266,-577.8479916545548,4036.917711026666,-3393.3650571715452,754.2315278142436,-1771.9436693580105,-1487.522627687354,-2145.5070449881746,-938.3019946028598,1909.214254797851,373.07510016983304,-3672.7966079166804,-4189.021354827777,-1732.9312447331324,-1706.1784982957436,-1251.959716259374,1403.612904884113,55.09185018999965,380.19164652750544,1097.6988653869973,-1121.488135706155,-227.1415127499989
-2006.1918811797802,-4011.366428232614,-597.6653400805988,2548.8850606054284,-4156.4162177687895,3938.570708007064,896.6003150725342,107.28874392538502,4228.935375202589,-6553.802348559127,-111.44635859223452,-2463.907414293054,-6551.86231789196,-5620.79716366218,3163.395249009758,-7210.519503559979,4953.642342534787,4284.689970557279,-2937.257786326875,919.8448388502359,-1049.505127581789,3150.6515534905,-3780.294906793366,-1787.1782741868078,-5090.790762938271,10248.070948605526,5166.2251730662965,4464.748774460908,-3772.4249972834436,7744.889558372748,-1630.73456269499,9763.666612710436,2432.436382017233,3412.8053903568057,11854.425593449347,1186.0751121710089,-8287.210568891876,6966.2896129283145,-1549.05563192452,3637.4484426214076,3052.6352730971275,4404.344060343277,1926.866582744285,-3920.198239208121,-766.078295068118,7540.645349414929,8599.59947081449,3558.5583173219106,3503.8661761239428,2569.730016144947,-2882.5196280612518,-113.52825086232308,-780.3167150896986,-2253.5612982104453,2302.483990217277,465.9991442128405
422.38458521641974,844.8600510764774,126.04574571427976,-536.770423694223,875.3688189636277,-829.4006261226144,-188.58080872265893,-22.867432736128695,-890.6022654011837,1380.090708626897,23.347307546488757,518.6943325874597,1379.8572716337135,1183.7432790344687,-665.9405263631538,1518.521124030876,-1043.0538870786118,-902.3539376429325,618.5722634513958,-193.99126059821245,221.1217870312459,-663.3785655788263,796.0275028437223,376.52253572274265,1072.2231826602915,-2158.027773526842,-1087.8990300904807,-940.5374244318986,794.2191345783407,-1630.73456269499,343.5966799303615,-2056.218638464811,-512.1073269217545,-718.9807600685159,-2496.4357307970868,-249.70129856174358,1744.9787063647354,-1466.6849941641494,326.2335436094211,-765.9382916891766,-642.515333929942,-927.5429104868822,-405.9234684450913,825.4915203052097,161.4717955654402,-1587.9754297168488,-1811.0865666216707,-749.4087564626806,-737.8955689003066,-541.0569315713618,607.1429964081051,23.791478617498967,164.1406487529794,474.2916152211958,-485.06424101181835,-97.92682410178496
-2529.1423598608753,-5057.75753082989,-753.9483026837661,3213.516513142548,-5240.202485523642,4965.668912552258,1130.3173899035319,136.59388579414323,5331.734333643786,-8262.601018121735,-139.6605097071364,-3105.9970953315324,-8260.635885079446,-7086.16935803155,3987.4600453948087,-9090.660699156098,6244.821869928474,5401.709709005791,-3703.3816080301162,1160.564329642522,-1323.1899190838842,3971.9512452961253,-4765.446011358935,-2253.702453103909,-6418.453663427289,12920.335479434247,6513.484462522364,5629.559578679035,-4755.33944012811,9763.666612710436,-2056.218638464811,12309.8179066059,3065.9399166561893,4303.563377465488,14945.227257363478,1495.019308648387,-10447.01826381765,8781.76108466333,-1953.3186648282804,4585.418199992829,3847.193302135242,5552.335221124218,2429.7650168462033,-4942.4444862140945,-966.0549272085337,9506.73298601601,10841.369845600804,4486.820851973237,4418.030913810073,3239.201405268291,-3634.7055649372946,-143.22927361389807,-983.3575140493314,-2840.658960268567,2903.0628137813287,586.9892340584922
-629.9942875822862,-1259.3213129367443,-187.477805255828,800.4356807462275,-1305.439234823117,1236.5978629970361,281.12675996669316,32.46363172473337,1327.90600535946,-2058.03164150547,-35.88677856280813,-773.8395675117932,-2057.159328381949,-1765.582085779202,993.9102855654759,-2264.427148433642,1555.933981587319,1345.91784451954,-922.0861289974325,288.32304942389254,-329.8054810933822,989.454558922447,-1187.7813114819023,-560.8740278192043,-1598.668752928789,3217.805451490549,1621.9556756297666,1401.9058458237787,-1185.1590206258268,2432.436382017233,-512.1073269217545,3065.9399166561893,764.5670181819502,1071.118621655981,3722.9779398051382,372.7237752465337,-2603.3887424438585,2188.1801088400002,-486.0259709474896,1142.7863360047568,959.7601193217299,1383.734467240027,604.8200688936522,-1230.7841883275344,-240.54565420874934,2368.140702596675,2701.549220436772,1116.9877921246634,1099.6108192289369,807.5760633232381,-904.6527072493743,-35.23810127699106,-245.20066463812046,-707.7231875891421,723.2235931348772,146.5576940161861
-884.0877198044445,-1768.5315581420828,-263.89861455241936,1123.3990753818211,-1831.8046679879055,1736.1181522105758,395.3065192048051,48.99663669770198,1864.033991167013,-2888.504932340349,-47.98916509656135,-1085.5913828767693,-2888.181471403239,-2476.8994734949965,1393.3575977469254,-3177.958557026489,2182.7308560167176,1888.084204647734,-1294.9228432528125,406.39443316279966,-462.47038165088367,1388.4064386552839,-1665.348498326431,-788.297150411956,-2243.9438704380564,4517.043708883633,2277.3252069932305,1968.4173249311143,-1661.822502343337,3412.8053903568057,-718.9807600685159,4303.563377465488,1071.118621655981,1505.217030729094,5224.426697430604,522.368023702478,-3651.1902218183745,3069.2637433634163,-683.2191166795598,1602.5235366595714,1343.7183358801303,1940.5420148854448,849.7604873673705,-1728.0057082863145,-337.871120461997,3323.3180943449192,3789.26533432428,1568.9754399160101,1545.095113266433,1131.8003726240902,-1271.1981354942252,-50.315383610328325,-343.48639269253874,-992.7959822626879,1014.883584013677,204.85289967917205
-3070.6582217524597,-6140.317881977536,-915.1646976197477,3901.5362795833626,-6362.275559861306,6028.655698143364,1372.0223186303153,164.78264081191548,6473.1894572388865,-10031.62422785889,-170.31700970913062,-3771.1236573522096,-10028.983430183749,-8603.71713575124,4841.668721176187,-11037.077691597018,7582.171565011584,6558.53892849994,-4496.037878011376,1408.5340432352295,-1606.6442723076748,4822.427975654056,-5786.2777319629095,-2735.903850733378,-7792.63307639837,15686.326779812545,7907.742454793672,6834.655404706004,-5773.941851065266,11854.425593449347,-2496.4357307970868,14945.227257363478,3722.9779398051382,5224.426697430604,18145.31416461913,1815.3430837512813,-12684.592019096533,10662.503065303863,-2371.169666455573,5567.605313717163,4671.9114526517615,6741.631135525721,2949.713028840563,-6000.441617330616,-1172.85319426098,11542.277767285543,13163.337103800197,5447.0569615517925,5363.367624468164,3933.2253811232076,-4412.437406248626,-173.5883803904122,-1194.0722781866766,-3448.955826064994,3524.7011523570673,712.9012808852133
-307.20580182825717,-614.1141753963651,-91.43596925999617,390.3032989324668,-636.5208291469181,603.0233985633571,137.15973517398604,15.989490332681344,647.5256965330137,-1003.5471481102653,-17.380847042705692,-377.33601074830545,-1003.1484599617422,-860.8567951245956,484.59308484452083,-1104.1577166783813,758.66286047927,656.2333745378511,-449.66730411656954,140.64884857568154,-160.77910480882608,482.47566996213834,-579.0921600251195,-273.53326481165504,-779.5278626361467,1569.1261399232571,790.956788146133,683.5952212420475,-577.8479916545548,1186.0751121710089,-249.70129856174358,1495.019308648387,372.7237752465337,522.368023702478,1815.3430837512813,181.7155369190596,-1269.338905086175,1066.9418339826857,-237.05147108238359,557.1729297941943,467.85787301992235,674.6419759109026,294.94889898644476,-600.1976905835505,-117.2914988331295,1154.7268038850136,1317.17072685258,544.7377832533238,536.291904875052,393.7061568556269,-441.1946174275666,-17.249912102278298,-119.55467066029634,-345.11260167899815,352.61756965859047,71.44787292212372
2146.5657240829123,4291.8142573774285,639.36900269191506,-2727.318331638164,4447.63105206348,-4214.008491011809,-958.7792537777236,-113.61849343772873,-4524.853803434811,7012.454509089713,120.14719046825581,2636.393455091545,7010.187744389814,6014.807750523382,-3385.249003113206,7715.396683423248,-5300.69556935749,-4585.067001268984,3142.541001192614,-983.809357640701,1123.2830035550246,-3371.19882232535,4045.593906633193,1911.9850488035381,5447.224767826184,-10964.952136327762,-5527.400272381897,-4777.262522600228,4036.917711026666,-8287.210568891876,1744.9787063647354,-10447.01826381765,-2603.3887424438585,-3651.1902218183745,-12684.592019096533,-1269.338905086175,8868.22645430955,-7454.358028737986,1657.0349683513934,-3892.5871882972474,-3267.366463226765,-4713.336983727811,-2061.540156778439,4194.262860532401,819.7394449251834,-8068.643370402946,-9202.711098455638,-3807.1210190524266,-3748.3864386294617,-2750.2099216558813,3083.754848353762,120.9666425036722,835.0145940773373,2411.1946555451905,-2463.9498717509664,-498.7454252104049
