V1,V2,V3,V4,V5,V6,V7,V8,V9,V10,V11,V12,V13,V14,V15,V16,V17,V18,V19,V20,V21,V22,V23,V24,V25,V26,V27,V28,V29,V30,V31,V32,V33,V34,V35,V36,V37,V38,V39,V40,V41,V42,V43,V44,V45,V46,V47,V48,V49,V50,V51,V52,V53,V54,V55,V56
1.7579460049343791,0.351221364635565,-1.8005932211029272,-0.27110933323215164,-1.1979567965428775,-1.7203280159745544,-5.0212107141322475,-0.4569312013232684,-0.5629547937983976,2.228872350532437,-1.374722244910481,2.588198754059825,0.6379853062168602,-1.796847732695002,-2.1232381588357,-0.18716243717629677,-1.4225771674278922,1.4237455733015114,1.2648097768549522,2.0585426193672896,-2.233607120959278,-1.9178627170253102,-0.916558240230718,-0.8045550292015904,-1.524935253720247,-4.4828082116019585,-2.9665429396983076,3.2450946112792476,1.8862142687638745,-3.8288826490064523,-2.3507375386832527,-0.5214488292976457,0.15282523816568858,1.3277636818546528,-0.3073204357748555,-0.335980338564494,1.0242655330097148,-3.9981208777252735,1.4282768118801243,0.30379528072930156,-1.3212095918716882,2.053652302719671,0.909795877578833,2.5021620557388973,-1.7925231851705763,-0.6451015957670919,3.8255783286113303,-2.1488666871202238,-2.771750093696877,0.35856244195495013,0.7178426696160258,3.168609273039939,2.2401879032619987,4.32752908843934,3.012089377307986,-2.3113720259236
0.351221364635565,0.47938599429877604,-0.05962144809305974,-0.3055878337222934,0.37899476147525035,-0.5677764835794579,-0.4639598115239072,-0.05629438307514203,-0.5165788134664545,0.8965613221114956,-0.09427113006958966,0.4610754202158962,0.7849618227240812,0.4982752772123883,-0.5027461269229553,0.7957860937934933,-0.6551256173479352,-0.3757325494304609,0.42347153230507095,0.03909050100184841,-0.044289600732442445,-0.4905978386312882,0.35278331288748893,0.14650593565630363,0.46291276792938335,-1.4757537139298895,-0.7965342907790469,-0.2709623614000651,0.5542311249745002,-1.1415786146129459,0.015158023885518233,-1.1353620858275846,-0.25587185074972285,-0.29422903591328553,-1.350793721053907,-0.15494576683692474,0.9953979087152398,-1.0633269765314375,0.28028353771495157,-0.3820994973164157,-0.4269631315690836,-0.34222979349148974,-0.15361487643801663,0.622479529960293,-0.04165773939779314,-0.8919883281697616,-0.6829280870134357,-0.5582793511066346,-0.5985439259077087,-0.2572698027066973,0.3805608433856948,0.24342826040222595,0.24643365468044368,0.5626413424337211,-0.04127586885146841,-0.2157627836979319
-1.8005932211029272,-0.05962144809305974,2.064461375302048,0.092939006983326,1.6816399739549097,1.597756950198702,5.5397814699683945,0.49546827051995024,0.2798800882074589,-1.951501769008955,1.541868076292234,-2.691996083131049,-0.17086696376004934,2.4709746492736526,2.1163329964340156,0.8039909975796363,1.1840879139001181,-1.943891906631256,-1.1704625171499792,-2.381184217765963,2.5834640113605496,1.8853651900072204,1.3334753415265155,1.0493121805769408,2.1258664877845974,4.165862656245581,2.8893047233169877,-3.998995406271845,-1.8009450433185339,3.644665205814527,2.76393928075514,-0.22334770845566312,-0.36794039211920904,-1.770171830602803,-0.6330191353924497,0.27924910943582976,-0.46677661332858145,3.8999254678913107,-1.4672576902091023,-0.6372204371801081,1.2319027752294154,-2.657222158654039,-1.1779251793066232,-2.473239181587122,2.068446955766734,0.09988105849342892,-4.98311108877927,2.1069558211779555,2.807076865981286,-0.6097796817691095,-0.5618229528704265,-3.53232530988626,-2.4420717198538893,-4.6543135633833,-3.5578907025704876,2.547893102316828
-0.27110933323215164,-0.3055878337222934,0.092939006983326,0.19803485932911952,-0.20079715260077807,0.40285645592199787,0.43716513990035416,0.04094298074691867,0.3366390757419769,-0.6230712743910759,0.09433445064848327,-0.3650142144431956,-0.5040758662436582,-0.25809184408534586,0.3790993505966077,-0.488704267371047,0.4516946569418846,0.19270597441434517,-0.29891685816298114,-0.08963550870002752,0.09323818122938525,0.3629025907242618,-0.19565219587601054,-0.06439227210334413,-0.24098621736077408,1.0489289107918385,0.5812651098574044,0.06895909173258674,-0.4038909560504118,0.8255680814147286,0.06195471834975671,0.719785304855755,0.15838822537641203,0.13839719047915836,0.8494990039614161,0.10780979660970144,-0.6546706153220797,0.7845052111036976,-0.21435430229849542,0.23115656157142384,0.3118419936408076,0.15380646425883038,0.06659218799860966,-0.45956596380339615,0.08065827514630064,0.5738922190298037,0.31449742394070346,0.408238686485084,0.4508711661447106,0.15281342516429983,-0.25408436265587503,-0.24414677383718725,-0.22171650714122576,-0.47999709489121334,-0.06398427590906562,0.20503149702796966
-1.1979567965428775,0.37899476147525035,1.6816399739549097,-0.20079715260077807,1.7688494267822872,0.8341297458738287,4.255412429447546,0.38992337152712137,-0.23188702769303313,-0.8303746034532248,1.2313005621175643,-1.8474946508971186,0.564235878884292,2.54708139517269,1.3173953468775748,1.404643410718813,0.3948198005450693,-1.9891302107941315,-0.6072958491399312,-1.9625770888903302,2.1431930406713495,1.1409843885367859,1.4592109182865396,1.0115895700745,2.2136146976951765,2.174483401448565,1.718301812300087,-3.6152418323235183,-1.0045337488657347,2.0284143671421604,2.3431259898455283,-1.2215127795464709,-0.5560419526991707,-1.7483412600941652,-1.7706119183796731,0.08975825966158887,0.5316595849122729,2.307552501710498,-0.9899293319569888,-0.8951633203208057,0.6287009972796347,-2.5626511745936584,-1.1295557797789513,-1.5251935244995036,1.7039717289932916,-0.7312601100681267,-4.84278034380653,1.2771334380606296,1.8342519495874816,-0.7606702522724502,-0.13830768363632528,-2.764449698011939,-1.831116979957312,-3.4113309928758198,-3.041801169892086,1.9477538909761392
-1.7203280159745544,-0.5677764835794579,1.597756950198702,0.40285645592199787,0.8341297458738287,1.8062200424351702,4.618987457575352,0.42868934415720006,0.7720332585315692,-2.4280618190340957,1.2471080718134455,-2.5021002117361166,-0.984204139145548,1.2896607252864238,2.12046821290993,-0.27259286336316946,1.59485349440512,-1.032318353317363,-1.3313281287618388,-1.8105594070006203,1.9660121038761493,1.935559109328471,0.6041141572002958,0.6190477045899196,1.072380530922612,4.704464435578362,3.014781960696332,-2.672620449760626,-1.9425951855027024,3.952772837084011,2.0352101452996543,1.0745226798487308,0.0067277287008252334,-0.9929244913581998,1.0059534918107031,0.37668254419409003,-1.4344149041891396,4.05696947147616,-1.3951690059135315,-0.055339653090559104,1.3814559948891627,-1.598378972654961,-0.7066707652774806,-2.515796666741333,1.5810255043106676,1.0486847944685593,-2.9525117591506014,2.1737055619165275,2.7373201693067446,-0.17127856943291125,-0.832508810634924,-2.8878603274141432,-2.0821178081855103,-4.069683153528718,-2.5958986952529686,2.1271766107672425
-5.0212107141322475,-0.4639598115239072,5.5397814699683945,0.43716513990035416,4.255412429447546,4.618987457575352,15.074121869130206,1.3812230488324686,1.0694321369425506,-5.763427100555877,4.18947007410892,-7.465142678812814,-0.9494398297817459,6.292312015007655,5.947450059362717,1.6531212952076062,3.558184908048845,-4.960454039959109,-3.3912382077439314,-6.365793539326035,6.9240258918574025,5.332450077122766,3.351741546925729,2.7012348392676846,5.383712792061609,12.035980735145467,8.209659022738013,-10.496316292173914,-5.138122469739274,10.424954877865279,7.3634721776179655,0.1109839683737606,-0.8367115443941728,-4.527293542734648,-0.8572749329924023,0.8359586866236379,-1.8434876502617557,11.051525453486606,-4.096507357776595,-1.4731420882540711,3.5284644281600492,-6.888352754122924,-3.0419612995992416,-6.989856745542083,5.542654381112382,0.81679807897623,-12.88954787681127,5.976851825522872,7.87342538435939,-1.4793027853341838,-1.7460389353050678,-9.582160987456659,-6.664067022011278,-12.764280300132315,-9.469237419126506,6.9262853283812
-0.4569312013232684,-0.05629438307514203,0.49546827051995024,0.04094298074691867,0.38992337152712137,0.42868934415720006,1.3812230488324686,0.1638310885470757,0.10318334125958843,-0.528963037796446,0.40789458550903146,-0.6755397297295338,-0.1005618807687778,0.5823910479898105,0.5256364733464735,0.14864940320697104,0.3151407533317429,-0.4596420788145884,-0.31905402478001027,-0.5601309615166439,0.63474763883677765,0.4838327459614225,0.322289460804764,0.2328264372012229,0.4851209640486979,1.1104742512160755,0.7603668278026284,-0.9440635762126043,-0.4527580615246582,0.9411197521066309,0.6668706549617535,0.020645265675588383,-0.09637373337187438,-0.3894200945990926,-0.08054018037146969,0.06847958143388276,-0.14249768044757255,0.9891106274715854,-0.38597008799556337,-0.14748821971902865,0.28631599476071434,-0.6416575343202878,-0.2663881918450888,-0.6455095332528382,0.5011801906657397,0.07420495716235273,-1.1953857362712075,0.5601442098161318,0.7384289672234371,-0.15151481865874417,-0.17754492439667047,-0.8821841373738833,-0.59990710239371825,-1.158117377694957,-0.8630494867656839,0.6216597285702365
-0.5629547937983976,-0.5165788134664545,0.2798800882074589,0.3366390757419769,-0.23188702769303313,0.7720332585315692,1.0694321369425506,0.10318334125958843,0.5811332045357828,-1.1618569604284212,0.25499497664579046,-0.7739544793965759,-0.8554391206560324,-0.27951160070475084,0.7616264219502158,-0.7686238183704756,0.8264827745797748,0.2026099550605741,-0.5727356535198236,-0.2932584012063782,0.314510610851942,0.721330538911357,-0.2432905876048804,-0.04515688690505514,-0.2743064081618557,2.0093912961982285,1.1500060367034075,-0.12706886159896144,-0.7838676821387585,1.6027232345747278,0.2710709494336989,1.1904158359100956,0.24051382697529697,0.12656282482989786,1.3817882954593388,0.19668520462550074,-1.120261470422318,1.5471104298338678,-0.4494899573116513,0.3461858492875378,0.5929946506578251,0.09442047276050984,0.03982483279836641,-0.9214213333258694,0.25973540571089787,0.9658351628227222,0.219601623173747,0.8129005291048079,0.9273449799340763,0.21601138992257268,-0.46184671875319366,-0.6249159908124478,-0.5187211444402164,-1.086312180023612,-0.3247030084094117,0.49739198685025715
2.228872350532437,0.8965613221114956,-1.951501769008955,-0.6230712743910759,-0.8303746034532248,-2.4280618190340957,-5.763427100555877,-0.528963037796446,-1.1618569604284212,3.3269806066613863,-1.5343356079444626,3.2203840740570757,1.5364679121653861,-1.3214401236604416,-2.7843392746689,0.6893889768224921,-2.2190485707022094,1.068118110059471,1.7906722628768947,2.2017961543800197,-2.3835071249132787,-2.551563219531929,-0.5607639935164496,-0.6821286553870086,-1.0806472174323019,-6.324698758846193,-3.984280202669209,3.094809931457397,2.5935441947079565,-5.276354524332791,-2.441783323494684,-1.8052021469840966,-0.13117287251725626,1.0675217420643794,-1.8252963131339461,-0.526092434602692,2.1862331234596466,-5.368456244353992,1.8013454533524078,-0.11161144818664455,-1.8671824748088908,1.7616744393096069,0.7837801571058184,3.306446015816333,-1.9212722393074984,-1.6671824859049595,3.2332460703752264,-2.8631653963651758,-3.5574754923730776,0.08366704781804765,1.1686283728652558,3.5809228802401227,2.618458475200501,5.152062948077837,3.1032898996894906,-2.6595140844236442
-1.374722244910481,-0.09427113006958966,1.541868076292234,0.09433445064848327,1.2313005621175643,1.2471080718134455,4.18947007410892,0.40789458550903146,0.25499497664579046,-1.5343356079444626,1.1840081147344952,-2.0470826141904133,-0.20153155482155424,1.8184603068734868,1.6096602252921184,0.5377666089943948,0.9297984433297846,-1.4322790093759359,-0.9179908522215923,-1.7684964431285974,1.9407396361252247,1.4477934920671833,0.9852105450780374,0.7625763874915253,1.5502672966242872,3.2454695620384566,2.2357388274067542,-2.961531652019795,-1.3783308543537691,2.810220923715722,2.0639989676680197,-0.06955151788990889,-0.272530528971817,-1.282041997077964,-0.3701623736587789,0.21463441630210495,-0.4054285356967741,2.9868953193572687,-1.1311428605330098,-0.4584372110155903,0.9254768140532145,-1.9739477147311222,-0.8607249749123548,-1.9077273068290634,1.5479697157960806,0.14441037943891719,-3.6944796212601805,1.6341187345606487,2.165967611780687,-0.45077826708072954,-0.46632869617171374,-2.6709272195396876,-1.8409259181010504,-3.5237817830568385,-2.6603585463464654,1.9160147790462738
2.588198754059825,0.4610754202158962,-2.691996083131049,-0.3650142144431956,-1.8474946508971186,-2.5021002117361166,-7.465142678812814,-0.6755397297295338,-0.7739544793965759,3.2203840740570757,-2.0470826141904133,3.8183716965648373,0.8497116959756823,-2.761057340034744,-3.116320924354634,-0.38834193747333945,-2.0447195356498935,2.1851252677715203,1.838606211691055,3.082227503817374,-3.3428105620772635,-2.8091575529634376,-1.4211936266904126,-1.2267994164958254,-2.349198635190921,-6.520713185866127,-4.339457537392658,4.902698704379169,2.7539210289724974,-5.58688920189691,-3.5266327966055266,-0.6275033289360515,0.26263373289226943,2.031646804606596,-0.27816418277038435,-0.48322422190043546,1.4023299969954015,-5.851393559022301,2.102882354948963,0.5064931832643437,-1.925043257796319,3.1244768804148895,1.3855958654870422,3.667088261239282,-2.6819511807994196,-0.8465594522807957,5.827068569491249,-3.1454867567581943,-4.07362159529296,0.571627391215008,1.0239500536066388,4.717378884548768,3.3257570473189673,6.412536015410746,4.521783321762612,-3.4368168422423215
0.6379853062168602,0.7849618227240812,-0.17086696376004934,-0.5040758662436582,0.564235878884292,-0.984204139145548,-0.9494398297817459,-0.1005618807687778,-0.8554391206560324,1.5364679121653861,-0.20153155482155424,0.8497116959756823,1.2898973956967748,0.7343126172136719,-0.9009538489680184,1.2769401034896668,-1.1171406812239408,-0.5511428154032467,0.7323563215305675,0.15053506207262587,-0.16051966353688624,-0.8698014132720353,0.5366173732631604,0.201123295956213,0.6848327214454433,-2.560082132791189,-1.4026896587941153,-0.3040848391627054,0.9743469596393441,-1.9993720718114318,-0.07106052967800278,-1.8517898771884256,-0.4116228130734046,-0.4163426235478519,-2.194001994990601,-0.2654737348191178,1.6543041783934913,-1.881918682669148,0.5071241905444214,-0.6077817282866749,-0.7506564424191978,-0.47315947224398236,-0.20894160290879782,1.1038164459333994,-0.14028339430164694,-1.4662723870184717,-0.9535486908358773,-0.9843397057054516,-1.0731627082772224,-0.4048144128606449,0.6391298312368873,0.5184858769511438,0.4897387333319398,1.0837662707742517,0.05451926631385898,-0.44357307218722913
-1.796847732695002,0.4982752772123883,2.4709746492736526,-0.25809184408534586,2.54708139517269,1.2896607252864238,6.292312015007655,0.5823910479898105,-0.27951160070475084,-1.3214401236604416,1.8184603068734868,-2.761057340034744,0.7343126172136719,3.675543596287995,1.9868807659188816,1.9658508067951406,0.6540458282600575,-2.8721066466494842,-0.9402253028522514,-2.878011816932785,3.145948973533744,1.7296010256693686,2.0986847822719743,1.463852014549196,3.1901098121022446,3.3611872982865796,2.612291840000181,-5.265588572520674,-1.5345611251646325,3.103833588773068,3.432693243605749,-1.655476046493167,-0.7880180502007652,-2.52588705583623,-2.4378744498576497,0.14837998848852937,0.6660543035503228,3.5046473832829994,-1.4849465770253005,-1.2689962231019951,0.9664908445799306,-3.7187617591923536,-1.6350685518727488,-2.3075713188474256,2.502881660202375,-0.9678167261702444,-7.0204711315668575,1.9388460232184515,2.7609456228234026,-1.0862807004928499,-0.24855377882732843,-4.080877636602587,-2.711775797416763,-5.064293600541411,-4.452421523694295,2.878411769339161
-2.1232381588357,-0.5027461269229553,2.1163329964340156,0.3790993505966077,1.3173953468775748,2.12046821290993,5.947450059362717,0.5256364733464735,0.7616264219502158,-2.7843392746689,1.6096602252921184,-3.116320924354634,-0.9009538489680184,1.9868807659188816,2.589055070410602,0.053060348070380424,1.7999226326074238,-1.5780147327121086,-1.5583242538222355,-2.4186635069878317,2.612111086653544,2.3394224667330916,0.9870874439575351,0.9142356423254151,1.6839797812927786,5.527749304421666,3.619266594680651,-3.7333656388636074,-2.3229384506376647,4.707657358726683,2.7394124113785026,0.8390584197005934,-0.11447361651862142,-1.498041553368169,0.6414406504010747,0.42809723493633367,-1.4146718862367336,4.89221866367681,-1.7175631375878997,-0.2678651746077323,1.647494665686583,-2.3155626852414906,-1.0348008018240682,-3.0438315642428093,2.1001277381427492,0.9384535118256614,-4.307698623598587,2.614248892867105,3.3460787914412977,-0.35633396584491983,-0.9075690366460137,-3.7409722377608823,-2.66703780835064,-5.166001337700023,-3.5038443202836045,2.744956248024137
-0.18716243717629677,0.7957860937934933,0.8039909975796363,-0.488704267371047,1.404643410718813,-0.27259286336316946,1.6531212952076062,0.14864940320697104,-0.7686238183704756,0.6893889768224921,0.5377666089943948,-0.38834193747333945,1.2769401034896668,1.9658508067951406,0.053060348070380424,1.7361044672610764,-0.6194175262457609,-1.5186512273226391,0.20958591326873896,-0.9726996762516926,1.0701471648949554,-0.018347413410199194,1.2151927848133044,0.7096236769853052,1.7410957300445835,-0.7075371465804486,-0.09444802234224074,-2.232573394990379,0.17540821775308651,-0.3736983708168543,1.2471803439511824,-2.0628417334249844,-0.62126010832049,-1.278178437744762,-2.6270817216239553,-0.15068178382929187,1.5394422126810907,-0.13183671111891757,-0.17221768365666346,-0.9549287931802685,-0.22045932249892575,-1.7804502750130633,-0.7810509242185864,-0.021127980635065588,0.8406153108753931,-1.5044461025647156,-3.4071875426278653,-0.025161556606760442,0.21879139729711483,-0.7286935484253556,0.3985794337346522,-1.1481698660847595,-0.6484027038171231,-1.0810024295182643,-1.6476956267114038,0.7471397750451235
-1.4225771674278922,-0.6551256173479352,1.1840879139001181,0.4516946569418846,0.3948198005450693,1.59485349440512,3.558184908048845,0.3151407533317429,0.8264827745797748,-2.2190485707022094,0.9297984433297846,-2.0447195356498935,-1.1171406812239408,0.6540458282600575,1.7999226326074238,-0.6194175262457609,1.4998515051452828,-0.5356426144290336,-1.1756049996812168,-1.332056108165676,1.4322643810060385,1.6523574430042889,0.2350535884536712,0.37393687018454497,0.5256771128061174,4.156252042062389,2.581663047830786,-1.7807190602892848,-1.6992567881145282,3.4515842587761467,1.4550235102028324,1.3713263847778276,0.15339363980385384,-0.5692452369062113,1.444760550512858,0.35762604830503597,-1.5761772185971283,3.4901496183940868,-1.1434045984104524,0.17221732633117476,1.240320157162487,-0.9561349605504091,-0.43143096164015415,-2.1327226767643093,1.1593021734229008,1.2290980134732974,-1.7418113851935804,1.8489335549831818,2.2716979248916283,0.024455691967805792,-0.7896795941005803,-2.1971411775852356,-1.6302555668479193,-3.224090665978871,-1.8407604190532014,1.647444207051496
1.4237455733015114,-0.3757325494304609,-1.943891906631256,0.19270597441434517,-1.9891302107941315,-1.032318353317363,-4.960454039959109,-0.4596420788145884,0.2026099550605741,1.068118110059471,-1.4322790093759359,2.1851252677715203,-0.5511428154032467,-2.8721066466494842,-1.5780147327121086,-1.5186512273226391,-0.5356426144290336,2.2447490407039674,0.752913112513619,2.263016243401293,-2.4738053404576745,-1.375509224901578,-1.637675483434629,-1.1455489252941378,-2.491790410944624,-2.690364015126494,-2.0793105158169443,4.129200014224564,1.2242503304133543,-2.4769223494587407,-2.697257997483028,1.2634115724003057,0.6109184839212458,1.975320960333113,1.8712701908720226,-0.12169460132328756,-0.4906056397892784,-2.789414389395863,1.1762960005062226,0.9846983803784374,-0.7735504997556492,2.911329519949909,1.2798150280355036,1.8340188903431727,-1.9684213527732255,0.7311222659556668,5.494807116448079,-1.5422183713726185,-2.1896564295295455,0.8452069503358368,0.20792014190666303,3.2151830546869156,2.139298401426326,3.9985442919791874,3.497706592139684,-2.269210972678827
1.2648097768549522,0.42347153230507095,-1.1704625171499792,-0.29891685816298114,-0.6072958491399312,-1.3313281287618388,-3.3912382077439314,-0.31905402478001027,-0.5727356535198236,1.7906722628768947,-0.9179908522215923,1.838606211691055,0.7323563215305675,-0.9402253028522514,-1.5583242538222355,0.20958591326873896,-1.1756049996812168,0.752913112513619,0.9819239288999461,1.3252386799053428,-1.4418855335127498,-1.424010472417018,-0.44052798791511116,-0.45045165040465907,-0.7796184977775453,-3.466693273868124,-2.2203416398929576,1.9539422150342365,1.4286620342704752,-2.90970685219635,-1.4906435093597779,-0.8019704899096857,-0.005903405611074926,0.7214425873295442,-0.7531581368186764,-0.27713207312476745,1.0603012857356755,-2.983683433246468,1.0272105820488127,0.03742509954981348,-1.013748118031013,1.1685116849553785,0.5151199565299656,1.8523925502034027,-1.1584424382865761,-0.7792063099475388,2.157802744944543,-1.6013468147524623,-2.0154135870760377,0.12439983113567313,0.6168552610985637,2.1202818543139417,1.5279476085051344,2.9886966312823913,1.9020910642280582,-1.5604740281207854
2.0585426193672896,0.03909050100184841,-2.381184217765963,-0.08963550870002752,-1.9625770888903302,-1.8105594070006203,-6.365793539326035,-0.5601309615166439,-0.2932584012063782,2.2017961543800197,-1.7684964431285974,3.082227503817374,0.15053506207262587,-2.878011816932785,-2.4186635069878317,-0.9726996762516926,-1.332056108165676,2.263016243401293,1.3252386799053428,2.751050623851807,-2.978932783877078,-2.1488083444987476,-1.5554775587219203,-1.2223695914266706,-2.48040682520453,-4.722137889703428,-3.2877152684577657,4.633397331042251,2.0515025272501997,-4.145565780408696,-3.1912439119219562,0.32442835465589226,0.4339859481012816,2.064412128001786,0.8054740912763422,-0.31563246661391364,0.4888808922386914,-4.445288260777428,1.6749640452142016,0.75376231463887855,-1.4064070189383546,3.0819843756027336,1.3714386471929882,2.8187562500815115,-2.385101064722567,-0.06553719464336052,5.784725568552573,-2.3969496805881834,-3.2013396640103915,0.7147241275811014,0.6234607200979343,4.061357320015179,2.8063236721451883,5.341847103179253,4.109284492924655,-2.930998893898578
-2.233607120959278,-0.044289600732442445,2.5834640113605496,0.09323818122938525,2.1431930406713495,1.9660121038761493,6.9240258918574025,0.63474763883677765,0.314510610851942,-2.3835071249132787,1.9407396361252247,-3.3428105620772635,-0.16051966353688624,3.145948973533744,2.612111086653544,1.0701471648949554,1.4322643810060385,-2.4738053404576745,-1.4418855335127498,-2.978932783877078,3.2431970868100692,2.32850925855664,1.7099567921222183,1.3232532579513883,2.7027386104683555,5.123093604759029,3.5725820462356697,-5.037389346889875,-2.212362170411187,4.485712390499084,3.4697049291285587,-0.36451020802487416,-0.4903298755636253,-2.2351238113875227,-0.9004152939929412,0.33555956745741655,-0.4978854060590398,4.806820473856278,-1.8266050676606842,-0.8356119870755213,1.4989108572581367,-3.36870949689937,-1.4873155976153485,-3.062650215611777,2.59177923698621,0.056409480294307056,-6.319879412793003,2.609533814876113,3.487871345945875,-0.7934701819230864,-0.6848173241249672,-4.421257806798583,-3.0443350720349094,-5.7995603490868435,-4.4720131306643465,3.1790240029540806
-1.9178627170253102,-0.4905978386312882,1.8853651900072204,0.3629025907242618,1.1409843885367859,1.935559109328471,5.332450077122766,0.4838327459614225,0.721330538911357,-2.551563219531929,1.4477934920671833,-2.8091575529634376,-0.8698014132720353,1.7296010256693686,2.3394224667330916,-0.018347413410199194,1.6523574430042889,-1.375509224901578,-1.424010472417018,-2.1488083444987476,2.32850925855664,2.1212729083800705,0.8541026207941458,0.7973494820858742,1.4590854354289342,5.043629841247616,3.2889673880658035,-3.2959466797325416,-2.107181648412758,4.278721520971834,2.435448003299906,0.8433359801592747,-0.08740845619446534,-1.3020988485973695,0.6804224600549199,0.39102743708391136,-1.332397208111233,4.43489972240261,-1.5549846232637723,-0.21115704857088585,1.4896960157616939,-2.037301821689593,-0.9041242596703188,-2.7610147777234104,1.8715220188410415,0.9078523519116184,-3.7833868264599007,2.3765609124555978,3.032828706863128,-0.30080231718500045,-0.8438666474699419,-3.3511603569374797,-2.391076132894241,-4.640785383087325,-3.113759439072326,2.456954072940124
-0.916558240230718,0.35278331288748893,1.3334753415265155,-0.19565219587601054,1.4592109182865396,0.6041141572002958,3.351741546925729,0.322289460804764,-0.2432905876048804,-0.5607639935164496,0.9852105450780374,-1.4211936266904126,0.5366173732631604,2.0986847822719743,0.9870874439575351,1.2151927848133044,0.2350535884536712,-1.637675483434629,-0.44052798791511116,-1.5554775587219203,1.7099567921222183,0.8541026207941458,1.2153532037517556,0.8198962926293175,1.8215932014475158,1.5724963947148067,1.2862542376078194,-2.9166306244867437,-0.7313422458229192,1.4842119781220835,1.873529374970198,-1.1042881884320657,-0.4836733093858199,-1.4219327059207523,-1.5745981283179353,0.05011925500924658,0.5528544881857407,1.7128447797550197,-0.7644523707869794,-0.7663465607618641,0.4367809108159701,-2.0954920533993673,-0.9159304478624262,-1.1503069754434208,1.3560258626821071,-0.6889958277863503,-3.961209482823419,0.9629331372477855,1.4061875706801625,-0.6456702143114023,-0.07429119354956286,-2.1858939082759363,-1.4319985680533425,-2.659430294560946,-2.4367646051932113,1.5277670036118265
-0.8045550292015904,0.14650593565630363,1.0493121805769408,-0.06439227210334413,1.0115895700745,0.6190477045899196,2.7012348392676846,0.2328264372012229,-0.04515688690505514,-0.6821286553870086,0.7625763874915253,-1.2267994164958254,0.201123295956213,1.463852014549196,0.9142356423254151,0.7096236769853052,0.37393687018454497,-1.1455489252941378,-0.45045165040465907,-1.2223695914266706,1.3232532579513883,0.7973494820858742,0.8198962926293175,0.5992241104088535,1.2729462043594655,1.6162135011976864,1.2043917020270845,-2.1744095647582853,-0.7316499609068702,1.4713385572109268,1.438950860534899,-0.5345596753860014,-0.2828951289890483,-1.0280481791643283,-0.8246748256389719,0.08862846062490654,0.12165790108602263,1.6327442921676312,-0.6566716022318511,-0.4697151095326935,0.485177245087546,-1.5021346100049777,-0.6686370256233869,-1.0532541380758356,1.0573063951784776,-0.2761360066177576,-2.8332143433814454,0.8858544065738153,1.2335344999154785,-0.4094395186788057,-0.14994500860032098,-1.741428890234024,-1.1763409358197399,-2.2072080132185157,-1.8603729311722055,1.2428260547144516
-1.524935253720247,0.46291276792938335,2.1258664877845974,-0.24098621736077408,2.2136146976951765,1.072380530922612,5.383712792061609,0.4851209640486979,-0.2743064081618557,-1.0806472174323019,1.5502672966242872,-2.349198635190921,0.6848327214454433,3.1901098121022446,1.6839797812927786,1.7410957300445835,0.5256771128061174,-2.491790410944624,-0.7796184977775453,-2.48040682520453,2.7027386104683555,1.4590854354289342,1.8215932014475158,1.2729462043594655,2.775388494859232,2.797523068763096,2.1948012467500027,-4.551682150415522,-1.2913716943352833,2.6032697672138694,2.9564183461402456,-1.497052942237587,-0.6873564595961792,-2.199362468989465,-2.179757628934772,0.12057559227852493,0.625689631689986,2.9567846944698153,-1.256379039519482,-1.1110097180410723,0.8168366983039576,-3.21680617614822,-1.4193862061905331,-1.944062285130437,2.152899805035783,-0.8874020620396058,-6.0759781306956615,1.6290787825911106,2.33231816419286,-0.9447494311719152,-0.1841743396593109,-3.493553536149171,-2.3208412142858164,-4.324729098739617,-3.833316220995652,2.4666056779941226
-4.4828082116019585,-1.4757537139298895,4.165862656245581,1.0489289107918385,2.174483401448565,4.704464435578362,12.035980735145467,1.1104742512160755,2.0093912961982285,-6.324698758846193,3.2454695620384566,-6.520713185866127,-2.560082132791189,3.3611872982865796,5.527749304421666,-0.7075371465804486,4.156252042062389,-2.690364015126494,-3.466693273868124,-4.722137889703428,5.123093604759029,5.043629841247616,1.5724963947148067,1.6162135011976864,2.797523068763096,12.254485884631535,7.852767017221618,-6.968805509929482,-5.063864462055742,10.299892059067357,5.305429102716872,2.79542425199522,0.020093404494360183,-2.5930046113326535,2.6179672029022876,0.9825266388999316,-3.7398768972317757,10.573794334885948,-3.633158337078358,-0.14314370434471907,3.6051785843171604,-4.164871428785085,-1.8438764744628364,-6.553191232134525,4.121524347915309,2.730417224127006,-7.6937827429395504,5.660968101603513,7.128920346108434,-0.4441719827027859,-2.1651918948373363,-7.524347454802423,-5.427254539291645,-10.605952421179074,-6.765661577335708,5.54503978938534
-2.9665429396983076,-0.7965342907790469,2.8893047233169877,0.5812651098574044,1.718301812300087,3.014781960696332,8.209659022738013,0.7603668278026284,1.1500060367034075,-3.984280202669209,2.2357388274067542,-4.339457537392658,-1.4026896587941153,2.612291840000181,3.619266594680651,-0.09444802234224074,2.581663047830786,-2.0793105158169443,-2.2203416398929576,-3.2877152684577657,3.5725820462356697,3.2889673880658035,1.2862542376078194,1.2043917020270845,2.1948012467500027,7.852767017221618,5.108847652848648,-5.022042852245563,-3.2680023237800437,6.645784930680519,3.7276418879281707,1.3887188333081912,-0.1202381515147243,-1.961400660232679,1.152590132614264,0.6090119339806997,-2.1132456381132965,6.874106842220898,-2.410045622931368,-0.29707833158714836,2.304100297498777,-3.0975210561372246,-1.368948862825911,-4.284854995288671,2.8683605838154946,1.4640810579769041,-5.747594346454156,3.6924633139484064,4.7030769078049195,-0.44630127041163997,-1.3314480200453553,-5.1572640063945085,-3.6802958618397548,-7.1538957617806975,-4.76716968965961,3.7781329951110534
3.2450946112792476,-0.2709623614000651,-3.998995406271845,0.06895909173258674,-3.6152418323235183,-2.672620449760626,-10.496316292173914,-0.9440635762126043,-0.12706886159896144,3.094809931457397,-2.961531652019795,4.902698704379169,-0.3040848391627054,-5.265588572520674,-3.7333656388636074,-2.232573394990379,-1.7807190602892848,4.129200014224564,1.9539422150342365,4.633397331042251,-5.037389346889875,-3.2959466797325416,-2.9166306244867437,-2.1744095647582853,-4.551682150415522,-6.968805509929482,-5.022042852245563,8.067739070487825,3.072165692113625,-6.211371027580948,-5.435938981663196,1.3692385398238138,0.9420458778494302,3.7062179100550376,2.356126939867465,-0.41722518848217355,0.0847076141016909,-6.771463247014825,2.655530552576235,1.5717385383190032,-2.0507215554290847,5.503989374968307,2.4346414817819455,4.34748235203785,-4.023751195209268,0.53853102724792,10.354452428672792,-3.6835779651675793,-5.027222607676284,1.4170469840563633,0.7985646576954547,6.7381828009624885,4.5875591499908035,8.671504590260533,7.0191482101755085,-4.8198617074156624
1.8862142687638745,0.5542311249745002,-1.8009450433185339,-0.4038909560504118,-1.0045337488657347,-1.9425951855027024,-5.138122469739274,-0.4527580615246582,-0.7838676821387585,2.5935441947079565,-1.3783308543537691,2.7539210289724974,0.9743469596393441,-1.5345611251646325,-2.3229384506376647,0.17540821775308651,-1.6992567881145282,1.2242503304133543,1.4286620342704752,2.0515025272501997,-2.212362170411187,-2.107181648412758,-0.7313422458229192,-0.7316499609068702,-1.2913716943352833,-5.063864462055742,-3.2680023237800437,3.072165692113625,2.1128712981281668,-4.283662841024988,-2.3044134375613385,-1.019868590180631,0.022589868968982244,1.1840870665620076,-0.9149203956875812,-0.4047227546107425,1.4713848783817192,-4.418940577909735,1.522780000017105,0.1178612321222558,-1.5115099705146575,1.8540406444651896,0.8308222056954291,2.735492197271649,-1.7815340818027823,-1.0377438456930137,3.4369582863314263,-2.3548259515832983,-2.9817407790068553,0.22642475525116623,0.8672428298932449,3.2178348159046233,2.316345054797363,4.508924386403452,2.9404821303761826,-2.373791397169387
-3.8288826490064523,-1.1415786146129459,3.644665205814527,0.8255680814147286,2.0284143671421604,3.952772837084011,10.424954877865279,0.9411197521066309,1.6027232345747278,-5.276354524332791,2.810220923715722,-5.58688920189691,-1.9993720718114318,3.103833588773068,4.707657358726683,-0.3736983708168543,3.4515842587761467,-2.4769223494587407,-2.90970685219635,-4.145565780408696,4.485712390499084,4.278721520971834,1.4842119781220835,1.4713385572109268,2.6032697672138694,10.299892059067357,6.645784930680519,-6.211371027580948,-4.283662841024988,8.698498472906515,4.666249948676392,2.097073941090455,-0.05223600521112794,-2.3790311930178483,1.8813573618502932,0.8187712099428331,-2.9874654232132176,8.965513357525772,-3.0988987120556937,-0.2384563331037261,3.05074714755321,-3.7574564007108884,-1.673601301801661,-5.560899088202703,3.608196628261859,2.1216476033067586,-6.961378805287587,4.79238743215247,6.0667063908119925,-0.46315774355222805,-1.776276189299883,-6.53031058564846,-4.6941248739226396,-9.144733799890066,-5.956970790166095,4.808579629112567
-2.3507375386832527,0.015158023885518233,2.76393928075514,0.06195471834975671,2.3431259898455283,2.0352101452996543,7.3634721776179655,0.6668706549617535,0.2710709494336989,-2.441783323494684,2.0639989676680197,-3.5266327966055266,-0.07106052967800278,3.432693243605749,2.7394124113785026,1.2471803439511824,1.4550235102028324,-2.697257997483028,-1.4906435093597779,-3.1912439119219562,3.4697049291285587,2.435448003299906,1.873529374970198,1.438950860534899,2.9564183461402456,5.305429102716872,3.7276418879281707,-5.435938981663196,-2.3044134375613385,4.666249948676392,3.722735863557012,-0.5334006979733599,-0.5547063932220083,-2.437133260550964,-1.1337452573614348,0.34132740353435304,-0.41364107724215454,5.023530714437239,-1.9207902166116828,-0.9413052752053126,1.5587963375987453,-3.6526262190593934,-1.6142340744041748,-3.202513747373592,2.774758190502625,-0.05106618611903964,-6.856532678053954,2.725027147883252,3.660835966868341,-0.8794212010400504,-0.6827654750026128,-4.707286636158473,-3.2340147643233306,-6.1470168417366,-4.798132487056163,3.382150944581598
-0.5214488292976457,-1.1353620858275846,-0.22334770845566312,0.719785304855755,-1.2215127795464709,1.0745226798487308,0.1109839683737606,0.020645265675588383,1.1904158359100956,-1.8052021469840966,-0.06955151788990889,-0.6275033289360515,-1.8517898771884256,-1.655476046493167,0.8390584197005934,-2.0628417334249844,1.3713263847778276,1.2634115724003057,-0.8019704899096857,0.32442835465589226,-0.36451020802487416,0.8433359801592747,-1.1042881884320657,-0.5345596753860014,-1.497052942237587,2.79542425199522,1.3887188333081912,1.3692385398238138,-1.019868590180631,2.097073941090455,-0.5334006979733599,2.7724248920053918,0.6963257539721707,1.0140567295736775,3.373222305182892,0.3277515535156854,-2.3326073899578104,1.8704606620272266,-0.4015735260294861,1.0454943702425294,0.8290901597077098,1.3143207662192116,0.5780155788669441,-1.0457047003881954,-0.2702578931908607,2.1327657690175488,2.5629895490390524,0.9544078901846459,0.9213558867012572,0.742503320813552,-0.8027901208855394,0.05897808600692124,-0.15704157234969537,-0.5165597377869914,0.7450518027073529,0.0647770868687936
0.15282523816568858,-0.25587185074972285,-0.36794039211920904,0.15838822537641203,-0.5560419526991707,0.0067277287008252334,-0.8367115443941728,-0.09637373337187438,0.24051382697529697,-0.13117287251725626,-0.272530528971817,0.26263373289226943,-0.4116228130734046,-0.7880180502007652,-0.11447361651862142,-0.62126010832049,0.15339363980385384,0.6109184839212458,-0.005903405611074926,0.4339859481012816,-0.4903298755636253,-0.08740845619446534,-0.4836733093858199,-0.2828951289890483,-0.6873564595961792,0.020093404494360183,-0.1202381515147243,0.9420458778494302,0.022589868968982244,-0.05223600521112794,-0.5547063932220083,0.6963257539721707,0.2384103841564143,0.5042557988718568,0.9138301816286756,0.04100408269703342,-0.5071773913455109,-0.14152171376869954,0.13859548660209936,0.3596799461955722,0.03239922671016981,0.7385629447824824,0.31436789852394,0.13567441881168435,-0.38373507075787705,0.4994561720300202,1.4041750253581466,-0.10622342257631931,-0.2263395265324561,0.28426623854391314,-0.09509198755781928,0.5672715419639861,0.33578042505743777,0.5929659683503737,0.7307232334045315,-0.3728126248269656
1.3277636818546528,-0.29422903591328553,-1.770171830602803,0.13839719047915836,-1.7483412600941652,-0.9929244913581998,-4.527293542734648,-0.3894200945990926,0.12656282482989786,1.0675217420643794,-1.282041997077964,2.031646804606596,-0.4163426235478519,-2.52588705583623,-1.498041553368169,-1.278178437744762,-0.5692452369062113,1.975320960333113,0.7214425873295442,2.064412128001786,-2.2351238113875227,-1.3020988485973695,-1.4219327059207523,-1.0280481791643283,-2.199362468989465,-2.5930046113326535,-1.961400660232679,3.7062179100550376,1.1840870665620076,-2.3790311930178483,-2.437133260550964,1.0140567295736775,0.5042557988718568,1.7681661399540332,1.526716070812284,-0.1346912855159317,-0.30288551971948574,-2.66031923150671,1.0845245213199695,0.8323259368541266,-0.7787821126009956,2.576298823055403,1.145835625571245,1.7220052835150395,-1.785808463705083,0.553805741411416,4.861880266540511,-1.4456352655216664,-2.0304029304822637,0.7180764359786111,0.21706305409108664,2.9239358837931686,1.9670034953304258,3.680939571374115,3.1523597819163585,-2.0822683206075605
-0.3073204357748555,-1.350793721053907,-0.6330191353924497,0.8494990039614161,-1.7706119183796731,1.0059534918107031,-0.8572749329924023,-0.08054018037146969,1.3817882954593388,-1.8252963131339461,-0.3701623736587789,-0.27816418277038435,-2.194001994990601,-2.4378744498576497,0.6414406504010747,-2.6270817216239553,1.444760550512858,1.8712701908720226,-0.7531581368186764,0.8054740912763422,-0.9004152939929412,0.6804224600549199,-1.5745981283179353,-0.8246748256389719,-2.179757628934772,2.6179672029022876,1.152590132614264,2.356126939867465,-0.9149203956875812,1.8813573618502932,-1.1337452573614348,3.373222305182892,0.9138301816286756,1.526716070812284,4.176758957025862,0.3487751595027154,-2.7377917619861787,1.5654460571343074,-0.21655694377328286,1.3787986278943818,0.7955639658635938,2.063789833372894,0.900095380504013,-0.816090329333754,-0.6932400930343664,2.5511243199616387,3.984269089624711,0.766958776973683,0.5997224750026856,1.0100683494708427,-0.8590318000667038,0.7043400785180481,0.24280042308623262,0.20448760543816977,1.5306077539966396,-0.37139999384771
-0.335980338564494,-0.15494576683692474,0.27924910943582976,0.10780979660970144,0.08975825966158887,0.37668254419409003,0.8359586866236379,0.06847958143388276,0.19668520462550074,-0.526092434602692,0.21463441630210495,-0.48322422190043546,-0.2654737348191178,0.14837998848852937,0.42809723493633367,-0.15068178382929187,0.35762604830503597,-0.12169460132328756,-0.27713207312476745,-0.31563246661391364,0.33555956745741655,0.39102743708391136,0.05011925500924658,0.08862846062490654,0.12057559227852493,0.9825266388999316,0.6090119339806997,-0.41722518848217355,-0.4047227546107425,0.8187712099428331,0.34132740353435304,0.3277515535156854,0.04100408269703342,-0.1346912855159317,0.3487751595027154,0.08618568672705787,-0.3804889790172034,0.828218512539198,-0.2680725072830987,0.0451669639145889,0.29928681020967096,-0.21919637818717683,-0.10191602182481159,-0.5033159430339219,0.2723384527434911,0.2945647741492291,-0.4000498287289856,0.4349521932588736,0.5334320671348171,0.010039227113796505,-0.1851575558018688,-0.5153330172404055,-0.3849252717455734,-0.7605166262333937,-0.43125506617357934,0.38916342836628165
