V1,V2,V3,V4,V5,V6,V7,V8,V9,V10,V11,V12,V13,V14,V15,V16,V17,V18,V19,V20,V21,V22,V23,V24,V25,V26,V27,V28,V29,V30,V31,V32,V33,V34,V35,V36,V37,V38,V39,V40,V41,V42,V43,V44,V45,V46,V47,V48,V49,V50,V51,V52,V53,V54,V55,V56
2.4716366359216324,0.6954812110408608,1.6838816970434671,3.750736015688283,-0.015563913044015472,-2.46280147469703,1.4454726836214102,-3.5662333171610516,-2.1026737156075255,-0.47458198485741815,3.2572362422882923,-0.3391417146675515,1.1247906891819228,3.0811988537066437,-1.6079417028599523,2.9596588690425336,-2.9625379172281705,0.569806621214217,-2.6469992721372333,-0.18391145040627746,2.260508048627022,0.014276344587674798,-1.9165380723943282,2.75175220837668,-1.2234361304857566,-4.03085705786899,-1.82905132662572,2.5412559475001433,1.0006201410023428,-1.244318794086367,2.9784854169981814,4.391110013562426,2.0867189195504694,-6.709511621303347,-1.3792244382770686,-1.539565081011748,3.538912258933153,-6.066403099643762,-7.3348451604144005,1.5383486822801309,-3.923712140356295,-2.248120824041351,0.883915266588341,-0.44076984545978737,4.946883000771757,0.31287383735590973,0.8302381835951845,-5.217874238603848,-2.9001863460846278,4.63985883636571,-3.495641268792891,-1.4516587663013198,1.1299465778095366,-1.610177096581616,1.2747915224153317,-1.4864079248758721
0.6954812110408608,0.521654054394571,0.47574097900951023,0.6645839531533487,0.26363046909187976,-0.8793937422092963,0.1998923301242035,-1.0621829935675287,-0.7999558596191683,0.36821913092971525,0.5677117236187503,0.06764863944669539,0.7917629027616688,1.013525976106956,-0.47582342315947257,1.1697307972561526,-0.9496272690742241,-0.10870127159195582,-0.32915351088640554,-0.2297607382874397,0.5513105892248986,-0.20337504553826385,-0.2876572975967273,0.827546445275938,0.1002315727557806,-1.7094964597957893,-0.8520188094911194,0.19864375949107382,0.3853126392578116,-0.7579908339700635,0.8016276652358978,0.25535625493958414,0.4391274498127001,-1.892791542457968,-1.101165834566677,-0.37793987259013484,1.1974678912669299,-1.7374909221179407,-1.4630054400543024,0.18797079666390654,-0.864777199008439,-0.7068766988300029,-0.00172661532497127,0.22780360299740549,1.1867584935121778,-0.441764278607464,-0.24882205330054927,-1.5274368045088815,-1.038702842194503,0.982332277958074,-0.47139814632608157,-0.2518407885582675,0.26667772874492596,-0.2313494444325177,0.13971221523659208,-0.31111785975582146
1.6838816970434671,0.47574097900951023,1.2060495292657496,2.6618752436593267,-0.10855291776685282,-1.6813152803990277,0.9747711156614134,-2.6840289824543144,-1.4099122819998602,-0.4420961904155744,2.130812031261539,-0.3057214089067115,0.7233925626578056,1.982938528001057,-0.9754947214162056,1.9254945627151463,-1.9204312618852972,0.5284327557304361,-1.8523415457218526,-0.20922230983759943,1.5312454212505338,0.08074688586635807,-1.5036499223548554,1.9502749042299126,-0.9340304588132028,-2.682981396097843,-1.2395789092803138,1.8077726063860724,0.543430694658629,-0.6695938013233989,2.058862465184801,3.206627618650253,1.6116676726917363,-4.726466666915926,-0.7056952654813503,-1.0097124700813553,2.1674861166077593,-4.004897662371312,-5.079121482660342,1.2178031609690445,-2.49293771797504,-1.3982788311024001,0.60041428058173,-0.33975873248885685,3.449438976595385,0.3734529211241475,0.8738196947998351,-3.6523095694580334,-2.0669548547493837,3.3766396156204554,-2.4010891559950855,-0.9608718169251367,0.7392994060968767,-1.186289526151708,0.9433600757784518,-0.982780023487261
3.750736015688283,0.6645839531533487,2.6618752436593267,6.361832513627445,-0.5291271387923083,-3.5181803203824784,2.425283947829002,-5.811488605848507,-2.8970032927995875,-1.5470556497643186,5.201630439533762,-0.8501261751550466,1.0524602292214427,4.283388882383999,-2.189838262287806,3.915556106655107,-4.1742092189856725,1.4496659746024425,-4.610420999323512,-0.21898839082133878,3.516631012417947,0.4039874859671392,-3.5790542880744356,4.2511805994617475,-2.5803741260941253,-5.303939534506018,-2.355392297353411,4.6227214642054655,1.1370635770500388,-1.0652066984166504,4.618908817332557,8.247446922674449,3.6973212544572944,-10.463393208791604,-0.7973543144872054,-2.330735046433593,4.675819549892723,-8.93203634299846,-12.009551729867269,2.944842856896406,-5.910393978752861,-3.0750020432546785,1.6411174863881304,-1.1675865898626279,7.901814524189088,1.4124000195558055,2.4138265833585617,-8.026893048585505,-4.300268303359918,7.831042981039635,-5.960656122590764,-2.3403728403620216,1.720279255279323,-2.8769666784721424,2.338016934265537,-2.329996902569811
-0.015563913044015472,0.26363046909187976,-0.10855291776685282,-0.5291271387923083,0.3888326649166585,-0.133777645408099,-0.16432569806745825,0.40393879015223233,-0.1983270824059228,0.6214645658140066,-0.16149156362098493,0.26415609560590686,0.4610125591878803,0.2991450017153742,-0.21223398892495232,0.41544901947368623,-0.24346808187602295,-0.46468758464951476,0.4454581363763197,-0.005034077254749882,-0.06989072464249327,-0.2928131130576779,0.5563000648792619,-0.10081298511639113,0.5476496553378656,-0.5602265703767857,-0.28025099078249466,-0.5751251064451584,0.31392946733361915,-0.6328906984644661,-0.09930492307618671,-1.2071694518350913,-0.4577560384341969,0.3010668782030932,-0.9804621592763214,-0.01054475997588104,0.5574242874658051,-0.20374773776512647,0.6850262690311606,-0.5006241099293641,-0.08095731673077923,-0.2731666315860323,-0.21100401555441295,0.3623254807862711,-0.33593826464300963,-0.7140192029849275,-0.9280163827630852,0.1484492864735154,-0.012910715519253465,-0.6629005233859069,0.48140121123423046,0.0919249560214329,0.0018286984036243233,0.3457167445044442,-0.3169287900018583,0.04798501819781195
-2.46280147469703,-0.8793937422092963,-1.6813152803990277,-3.5181803203824784,-0.133777645408099,2.5606928337669395,-1.3216625886462277,3.597237273123002,2.2133140394768804,0.19080244662307094,-3.0426390297110473,0.24769455499659235,-1.390729323887236,-3.1493107231832043,1.610743492327096,-3.138025883104503,3.01433628047665,-0.41959402607008023,2.4018874004667974,0.2883722261194405,-2.203617517765304,0.10147721651475138,1.77378016161843,-2.775380900531294,0.9690005673785547,4.3427737736083065,2.015080531596439,-2.240008415199694,-1.0508269578279394,1.4658772066352403,-2.948183010792967,-3.8236893622580514,-2.0022439729215735,6.694533602285301,1.7725545561336977,1.5008875574458354,-3.6317716878537216,6.057029369949064,6.9683944438258125,-1.3996595558056053,3.765665028363657,2.2772015003017874,-0.7374972952186524,0.23965785874772852,-4.815063938124045,-0.015318837709186281,-0.5638376841396795,5.2369609485963045,3.020731730961261,-4.447117164284417,3.191114177266781,1.355823265347066,-1.0953811506600695,1.4812515287121542,-1.1480373675485533,1.4186437419727642
1.4454726836214102,0.1998923301242035,0.9747711156614134,2.425283947829002,-0.16432569806745825,-1.3216625886462277,0.9779269765353865,-2.0104097729406436,-1.101081663995826,-0.5777908920628645,2.139171047870351,-0.2905336395102557,0.36303538301845656,1.7264420051342695,-0.9434829204645799,1.5309533513201379,-1.6736766384079114,0.4827846915976984,-1.8041263941682961,0.017792606796549246,1.3770296738122778,0.12916367125312767,-1.2507296517668507,1.5642600903672732,-0.9821592364535838,-2.002209273634278,-0.8568796489784092,1.8020531228101033,0.5400829138077105,-0.49586453507271494,1.7605704286813846,3.1571015988725475,1.2857924276664308,-3.8975930831450465,-0.3896534343989752,-0.941264604816218,1.978235727758177,-3.5475705427646638,-4.658164518211092,1.0294981414448956,-2.4732662836601067,-1.287609596901471,0.6759434110174865,-0.4748276740881649,3.0112789674351412,0.49477750207261606,0.745232577889704,-2.999470214978591,-1.5414038165405688,2.8861595582374497,-2.3660232036925484,-0.9524078303505049,0.6978650418915392,-1.068838737164975,0.8731423207614396,-0.9416588304407436
-3.5662333171610516,-1.0621829935675287,-2.6840289824543144,-5.811488605848507,0.40393879015223233,3.597237273123002,-2.0104097729406436,6.253329147255693,2.968462620081538,1.1200005373226043,-4.264509717991552,0.7865449482800025,-1.5111414647227708,-3.966575208906803,1.8055763322635572,-3.930068103995028,3.869730826478617,-1.3860957192740369,3.9665115846223324,0.6553221698013809,-3.210498473611064,-0.2952149593440743,3.5811652841758153,-4.30491311987582,2.130587556256216,5.632201487365705,2.6630521240379696,-3.9169317932005843,-0.8627239296587271,1.0891881148090208,-4.4200450041424855,-7.112740059992525,-3.808531561757624,10.35273222952566,1.0901201519911738,2.043670720945382,-4.085760170663835,8.204839722680976,10.844381404045443,-2.9147950018143662,4.84609136586523,2.6794436059376006,-1.2288607885541756,0.7520143235917011,-7.447995138311616,-1.061684635966435,-2.454161938247822,7.9586930706672305,4.612443865128972,-7.575613890982233,5.048994361994685,1.948944151859197,-1.4906760886389425,2.6746225236932153,-2.128730823446233,1.9990313836267002
-2.1026737156075255,-0.7999558596191683,-1.4099122819998602,-2.8970032927995875,-0.1983270824059228,2.2133140394768804,-1.101081663995826,2.968462620081538,1.931552005975548,0.033802179104811814,-2.583031147437462,0.15367265835382185,-1.279101396336885,-2.7622880908005336,1.4315028924974103,-2.7707657747625265,2.634362801166431,-0.2553855982613838,1.9654004477450995,0.23663490674240198,-1.8722577219012801,0.14964529141465052,1.388867418761808,-2.3445196559447314,0.7149888499358674,3.8237002721321356,1.7750412780342268,-1.7997011402430099,-0.9738033938296098,1.3923358908433867,-2.4984491897548833,-3.0197869235726253,-1.603286683615868,5.648076780070916,1.72545914635832,1.2901619744336175,-3.2386275258916073,5.232236058011499,5.821268620414944,-1.082866465583746,3.257510202656468,2.0141894247174035,-0.5920673065341293,0.13331244541199494,-4.044708373890052,0.1385769940788944,-0.27202672623453766,4.437456907809806,2.5731432307563398,-3.6525720775737023,2.6373506429806017,1.1458716407537792,-0.9407408113957559,1.1914161149800715,-0.9137131630110963,1.2079147818903482
-0.47458198485741815,0.36821913092971525,-0.4420961904155744,-1.5470556497643186,0.6214645658140066,0.19080244662307094,-0.5777908920628645,1.1200005373226043,0.033802179104811814,1.1154107380311242,-0.9840568451741644,0.4726370117957367,0.6102121017819208,-0.12377581958788919,0.024296822861942458,0.14244095357911984,0.186334134021775,-0.8169584689038718,1.2545513000174568,-0.06724924205265613,-0.5473755573614433,-0.4714380873041715,1.1679121935978947,-0.6020570952561886,1.1325522886796717,-0.24932068110378475,-0.18569324880401736,-1.4474539656975476,0.2549518975548529,-0.7624371095437383,-0.6898607076723723,-2.80892698234946,-1.023500434232108,1.6022315435905623,-1.325586446965135,0.3003675500394525,0.1371291725272704,0.8526082995203271,2.510459238422432,-1.0265385513062106,0.7518746032318039,0.04058569647327949,-0.5546691456412708,0.7121934022976852,-1.4321370056236917,-1.2137404868081334,-1.5455425051716367,1.1116854993988536,0.39992847007376586,-1.8384782446541776,1.506479900029501,0.46355508290817676,-0.23337829181919445,0.8379587284721576,-0.7394650747151763,0.38983847177497866
3.2572362422882923,0.5677117236187503,2.130812031261539,5.201630439533762,-0.16149156362098493,-3.0426390297110473,2.139171047870351,-4.264509717991552,-2.583031147437462,-0.9840568451741644,4.792299321721849,-0.5106298083499724,1.0406572502100673,4.075271278797675,-2.270068873992772,3.6759270705711042,-3.924519291610081,0.830992780330307,-3.857804051867408,0.06962209568493591,3.081889454958209,0.1348688529580742,-2.5026916362264604,3.4591121806265366,-1.9368348778227065,-4.793900018840061,-2.061885119617755,3.785211364588794,1.4111494401163982,-1.4679644659758273,3.9204004623820397,6.51223807790471,2.628614814451207,-8.609152908936638,-1.403465173893074,-2.145028445649257,4.80662805930893,-8.14984523198739,-10.183949241996642,2.0384713407444566,-5.689075927867251,-3.0792672032126265,1.4334320452593337,-0.8965011179674813,6.620984579733001,0.739815839784816,1.154554944683345,-6.670679514367127,-3.452119541230807,6.141827955071265,-5.121834195025898,-2.1204962720756835,1.588232213783779,-2.226447794996732,1.8027724047750024,-2.1164323284916575
-0.3391417146675515,0.06764863944669539,-0.3057214089067115,-0.8501261751550466,0.26415609560590686,0.24769455499659235,-0.2905336395102557,0.7865449482800025,0.15367265835382185,0.4726370117957367,-0.5106298083499724,0.22534321826649545,0.1422008418378144,-0.1989569031717127,0.05455550684171452,-0.11818654957585296,0.22175045896249831,-0.39508114298690916,0.637289953505016,0.04270647247621296,-0.3419177270901908,-0.19857721191627017,0.6452083381664968,-0.44765200836725916,0.5228405979561024,0.17971014995087686,0.07125473632921336,-0.7092727799727034,0.09314145797148786,-0.26539049665424597,-0.46534927612979826,-1.3767819614070853,-0.6057720564069395,1.1179132969262173,-0.4736338381252333,0.18898082956796391,-0.0701601603149082,0.652326900368713,1.4170738979039712,-0.5536619311302314,0.42827583731418173,0.09936596001700995,-0.2462010909477118,0.2899100260860327,-0.8848262992461479,-0.5180594216313784,-0.7550935982190251,0.8111770955079721,0.40198399024052217,-1.0779432333558567,0.7649662064869879,0.24259101105048897,-0.14186123998950206,0.448345190055916,-0.38237927540795325,0.21996046606480008
1.1247906891819228,0.7917629027616688,0.7233925626578056,1.0524602292214427,0.4610125591878803,-1.390729323887236,0.36303538301845656,-1.5111414647227708,-1.279101396336885,0.6102121017819208,1.0406572502100673,0.1422008418378144,1.2403502147425265,1.706811638435536,-0.8591200953016962,1.9102668951191124,-1.593917638228238,-0.24313877183353425,-0.5585537105891729,-0.2788619429988228,0.9115603351985695,-0.3520114273051178,-0.350367427686522,1.2714521896225257,0.17146791428411037,-2.724866243728,-1.3308479957830548,0.34170585738137355,0.7145471019251289,-1.301204857421424,1.2790561253946082,0.3975095982524985,0.5854670735107256,-2.9397346141202996,-1.8523853774147754,-0.6501998454877864,2.094613204317595,-2.904767024310822,-2.3952823697494807,0.2100022500547766,-1.5755838417763637,-1.2353015297438268,0.037302984717484174,0.34468653944843836,1.8895276620373151,-0.7570633880816847,-0.5672297868370261,-2.385422110373363,-1.5746715812407417,1.471215535419243,-0.8263739586883225,-0.45337560819453643,0.4629296555362551,-0.3390683653686605,0.20165239734366194,-0.5429377245581386
3.0811988537066437,1.013525976106956,1.982938528001057,4.283388882383999,0.2991450017153742,-3.1493107231832043,1.7264420051342695,-3.966575208906803,-2.7622880908005336,-0.12377581958788919,4.075271278797675,-0.1989569031717127,1.706811638435536,4.140020279174008,-2.25399189374481,4.025789415722758,-3.9414623010573697,0.30717355146307973,-3.0105808611343723,-0.14437173321586602,2.796393449177175,-0.21918123167678688,-1.879243109607848,3.3046156681605314,-1.120077095120119,-5.416050818923402,-2.448701968553905,2.777570645628801,1.570444553246592,-2.093813522319444,3.6371927197186906,4.593972025079352,2.1549283018377987,-8.057282238597146,-2.513872586152174,-1.9716728873651088,4.98923851025709,-7.83137599238007,-8.703334415118734,1.4669827296857048,-5.139592443764991,-3.102117285457409,0.9898756245989699,-0.30862964717861363,5.914609428039521,-0.17334549604296587,0.19917644952705355,-6.338063680472498,-3.5368314935070786,5.2060257223523605,-4.082486515409835,-1.7934088619067738,1.4456954647504858,-1.7272945267563904,1.339162976762712,-1.8630076078793962
-1.6079417028599523,-0.47582342315947257,-0.9754947214162056,-2.189838262287806,-0.21223398892495232,1.610743492327096,-0.9434829204645799,1.8055763322635572,1.4315028924974103,0.024296822861942458,-2.270068873992772,0.05455550684171452,-0.8591200953016962,-2.25399189374481,1.292936532459679,-2.1391505748202198,2.136863988709307,-0.06190723541668675,1.5872229253322239,-0.03679325365013971,-1.4814521292013672,0.15305615807204895,0.8216751246841776,-1.6403872245443003,0.5534992762419757,2.799395739876494,1.2314778437759784,-1.453947643996218,-0.9419109284060982,1.2073174668153623,-1.8740525890547919,-2.3356530686935635,-0.9572172493854653,4.048088947700915,1.4345126405015265,1.0769231129298327,-2.8162800321731902,4.210453973662604,4.554024863051325,-0.633747026310678,2.9004976683650767,1.7409516986940243,-0.5577607140207056,0.17670145870583742,-3.039358216691311,0.1680312835809058,0.1294106168681402,3.200531668646788,1.7193814427211527,-2.551358901830103,2.191296380726423,0.9886498462055849,-0.7930864078375294,0.8466363791194327,-0.6581901809246374,1.019052624648482
2.9596588690425336,1.1697307972561526,1.9254945627151463,3.915556106655107,0.41544901947368623,-3.138025883104503,1.5309533513201379,-3.930068103995028,-2.7707657747625265,0.14244095357911984,3.6759270705711042,-0.11818654957585296,1.9102668951191124,4.025789415722758,-2.1391505748202198,4.038861918321902,-3.8229901160773005,0.1804142313077245,-2.6588122076238547,-0.27342097106067037,2.632329484191819,-0.31129212051387556,-1.7201244791381023,3.2313684993967824,-0.8427846776786662,-5.52639986018457,-2.552343245904294,2.3837803404541447,1.5246104948477397,-2.1965303512602277,3.4817115781029013,3.896435222094877,2.044440316751997,-7.794074825102593,-2.7644363162531116,-1.847735912824601,4.832335771264466,-7.498068740422884,-8.02696891759257,1.31877257726445,-4.733318111158995,-2.9799240158319047,0.8000932125976743,-0.09856382547548265,5.584594366322362,-0.43087638718429805,0.004621851631289381,-6.156079019389704,-3.561229771804895,4.8786354710233235,-3.6207629648610573,-1.6192789480421554,1.3477291955404644,-1.5559084015600892,1.1799649215242622,-1.7153435608762064
-2.9625379172281705,-0.9496272690742241,-1.9204312618852972,-4.1742092189856725,-0.24346808187602295,3.01433628047665,-1.6736766384079114,3.869730826478617,2.634362801166431,0.186334134021775,-3.924519291610081,0.22175045896249831,-1.593917638228238,-3.9414623010573697,2.136863988709307,-3.8229901160773005,3.7574003817704487,-0.34962245712560497,2.9386104271659375,0.1449291509652615,-2.69321543493809,0.17774272043871725,1.8735009248765706,-3.1911701794331764,1.1354254700724289,5.147682188433102,2.326664615647691,-2.7290111979343785,-1.468966864927099,1.9391173521538472,-3.5069947770884764,-4.544421273586369,-2.1286403660762288,7.783504175178133,2.305926372689442,1.8907654806692151,-4.723574309490922,7.496935632294177,8.434451109378411,-1.4698918727532333,4.917459108235828,2.945203519980033,-0.9708907199455266,0.3334845720451801,-5.721622078910148,0.08733710371589408,-0.3023077620872063,6.112585587918264,3.404986391087815,-5.081970801636298,3.9697905012781303,1.7297725590888242,-1.3867329738051992,1.699246621711463,-1.3224653717397852,1.7925292930800283
0.569806621214217,-0.10870127159195582,0.5284327557304361,1.4496659746024425,-0.46468758464951476,-0.41959402607008023,0.4827846915976984,-1.3860957192740369,-0.2553855982613838,-0.8169584689038718,0.830992780330307,-0.39508114298690916,-0.24313877183353425,0.30717355146307973,-0.06190723541668675,0.1804142313077245,-0.34962245712560497,0.6952459687161581,-1.0773044742804427,-0.0952358138710319,0.5710951549910923,0.3485948890704946,-1.13020719081609,0.7717924327229964,-0.897532256273638,-0.29401849487706055,-0.122711462039941,1.2037335244117486,-0.1897141359753781,0.4849422687337,0.7887962067189347,2.3536236623844067,1.0633808578575623,-1.9172888656760072,0.8446029207533157,-0.3069298533050626,0.059596008560695815,-1.0643324284004327,-2.3931756102022654,0.969418926560182,-0.6710923814802603,-0.1345447009155055,0.4097487813496084,-0.49214591248846634,1.5036750633176308,0.9033100201546561,1.339289846077834,-1.3881320724286017,-0.7012871971728732,1.86069181538529,-1.2831081132759348,-0.398399635807485,0.22999754201957845,-0.7726225684807909,0.658202178503543,-0.36059332389222687
-2.6469992721372333,-0.32915351088640554,-1.8523415457218526,-4.610420999323512,0.4454581363763197,2.4018874004667974,-1.8041263941682961,3.9665115846223324,1.9654004477450995,1.2545513000174568,-3.857804051867408,0.637289953505016,-0.5585537105891729,-3.0105808611343723,1.5872229253322239,-2.6588122076238547,2.9386104271659375,-1.0773044742804427,3.4098584168824906,0.042406275448417456,-2.5217334742922897,-0.34291861854579087,2.5477458949865723,-2.944864697950755,1.967246447809037,3.5250352099348765,1.521182411510236,-3.4496461372965967,-0.8178780018437466,0.6546485466079341,-3.262445825078242,-6.145747976040755,-2.590449937899129,7.315198244369098,0.35953250912477963,1.6853318003591848,-3.3189061327605525,6.345833532753383,8.69637295743764,-2.109461952396431,4.350951770097286,2.1959519929276836,-1.2657551678984311,0.9570340285820607,-5.629876795365832,-1.1535697638526057,-1.7762859252027878,5.597485991579046,2.9005445110186514,-5.571424880655685,4.416625326370037,1.7306186707762818,-1.2490876877602735,2.086394753687697,-1.711094130233944,1.7029259318499157
-0.18391145040627746,-0.2297607382874397,-0.20922230983759943,-0.21898839082133878,-0.005034077254749882,0.2883722261194405,0.017792606796549246,0.6553221698013809,0.23663490674240198,-0.06724924205265613,0.06962209568493591,0.04270647247621296,-0.2788619429988228,-0.14437173321586602,-0.03679325365013971,-0.27342097106067037,0.1449291509652615,-0.0952358138710319,0.042406275448417456,0.22765988471414716,-0.11022503113182955,0.010437455699023473,0.286103212223037,-0.33982609667332675,-0.006422700370932991,0.5203621023192411,0.30833549628354073,-0.019025918821867556,0.06452287124759992,0.06099299335882721,-0.24380164955937264,-0.10243012250559204,-0.3433317794159458,0.7207524324695767,0.1566039018107123,0.029644914733681887,-0.02874982642807251,0.2874467930003257,0.33810926776724876,-0.22187824158863292,-0.09063275985275693,0.019401492295301068,0.07147409854277359,-0.10081229978592109,-0.3692894590544359,0.03586562893748667,-0.23644181931883873,0.5573852839823465,0.46388487080683194,-0.4750606838440376,0.012178888199431158,-0.015820121213787626,-0.013522890100813355,0.1263643482870658,-0.08251173207505703,0.01086943848698701
2.260508048627022,0.5513105892248986,1.5312454212505338,3.516631012417947,-0.06989072464249327,-2.203617517765304,1.3770296738122778,-3.210498473611064,-1.8722577219012801,-0.5473755573614433,3.081889454958209,-0.3419177270901908,0.9115603351985695,2.796393449177175,-1.4814521292013672,2.632329484191819,-2.69321543493809,0.5710951549910923,-2.5217334742922897,-0.11022503113182955,2.090634584684331,0.05679459642517396,-1.7901281773691273,2.4922359958460816,-1.219976760596405,-3.5463186291958757,-1.5862921168359179,2.4472792747357213,0.9077388110545218,-1.0574239196542674,2.72932214211497,4.239780443407652,1.9200483688655539,-6.1131929426208895,-1.1095499630834278,-1.4279123428512976,3.2186976489228774,-5.558355056087645,-6.852510142874725,1.4464808664032611,-3.6759998334954993,-2.055632983832093,0.8735950420762039,-0.48876029984474906,4.5663340019725345,0.40087922994023434,0.8409082325406965,-4.7430737322745005,-2.5818924056786425,4.296910635559612,-3.327071560907418,-1.3722121480373584,1.0510161287286093,-1.5175177710086896,1.2121106145330958,-1.3914316413618144
0.014276344587674798,-0.20337504553826385,0.08074688586635807,0.4039874859671392,-0.2928131130576779,0.10147721651475138,0.12916367125312767,-0.2952149593440743,0.14964529141465052,-0.4714380873041715,0.1348688529580742,-0.19857721191627017,-0.3520114273051178,-0.21918123167678688,0.15305615807204895,-0.31129212051387556,0.17774272043871725,0.3485948890704946,-0.34291861854579087,0.010437455699023473,0.05679459642517396,0.22074156497414837,-0.4160372988612212,0.07440299209724456,-0.41651477009458915,0.4244543377230425,0.2145312092577907,0.44086186940045596,-0.2307533940692648,0.47399116929665214,0.07711178385117086,0.9201688946893453,0.3406346885630075,-0.22645478324979465,0.7381243350345342,0.0036372481003533485,-0.40833551182741884,0.14178462310127427,-0.5297440937923675,0.3749048151124109,0.04463733779004191,0.19852654892391497,0.16406343135795268,-0.2774066602443081,0.2578954325552284,0.539544326094555,0.6936496508346642,-0.11170632030987325,0.014643910252441014,0.4995100443592016,-0.3738227547963689,-0.07466423363015805,0.0020577812320453823,-0.2616333979427981,0.2402016067805128,-0.04082658200644022
-1.9165380723943282,-0.2876572975967273,-1.5036499223548554,-3.5790542880744356,0.5563000648792619,1.77378016161843,-1.2507296517668507,3.5811652841758153,1.388867418761808,1.1679121935978947,-2.5026916362264604,0.6452083381664968,-0.350367427686522,-1.879243109607848,0.8216751246841776,-1.7201244791381023,1.8735009248765706,-1.13020719081609,2.5477458949865723,0.286103212223037,-1.7901281773691273,-0.4160372988612212,2.3563145280786415,-2.347672027313268,1.641395308086299,2.4559001178229605,1.1289919365705525,-2.6386363407923907,-0.22506572310888665,0.03806260817296552,-2.439020604334152,-4.910077112129177,-2.379387894281204,5.725537471577981,-0.2881728025122736,1.1048050187968115,-1.7590127846523986,4.245855038190739,6.441405397007293,-1.9621735890134973,2.621145728706058,1.2324730066428733,-0.877669520299515,0.7541906550816001,-4.2668941947242365,-1.2054921870513153,-2.0704467274117095,4.329463364509291,2.3813418720824306,-4.584513513676144,3.182534951172626,1.1543945096457708,-0.8133614896635541,1.7268452260729008,-1.415663893900033,1.1361210478320578
2.75175220837668,0.827546445275938,1.9502749042299126,4.2511805994617475,-0.10081298511639113,-2.775380900531294,1.5642600903672732,-4.30491311987582,-2.3445196559447314,-0.6020570952561886,3.4591121806265366,-0.44765200836725916,1.2714521896225257,3.3046156681605314,-1.6403872245443003,3.2313684993967824,-3.1911701794331764,0.7717924327229964,-2.944864697950755,-0.33982609667332675,2.4922359958460816,0.07440299209724456,-2.347672027313268,3.16853617598255,-1.4213796970902117,-4.49655250644869,-2.0805578706854155,2.8465508705677633,0.9533675738370743,-1.2210758157845436,3.3483072219969947,5.011009971029284,2.5431530963623366,-7.669404889960312,-1.3474849707143288,-1.655336472166382,3.659982398554752,-6.594945015566469,-8.177357150848522,1.8916197302843325,-4.100620603832205,-2.343965419502982,0.9427600118415551,-0.48638133578210735,5.576843248278562,0.4707649526331321,1.243281897430974,-5.943086301687284,-3.3800772996367288,5.391020968378841,-3.837011398919344,-1.555827650982631,1.2109988338944722,-1.8723199866842106,1.4808687658984474,-1.5999427067443655
-1.2234361304857566,0.1002315727557806,-0.9340304588132028,-2.5803741260941253,0.5476496553378656,0.9690005673785547,-0.9821592364535838,2.130587556256216,0.7149888499358674,1.1325522886796717,-1.9368348778227065,0.5228405979561024,0.17146791428411037,-1.120077095120119,0.5534992762419757,-0.8427846776786662,1.1354254700724289,-0.897532256273638,1.967246447809037,-0.006422700370932991,-1.219976760596405,-0.41651477009458915,1.641395308086299,-1.4213796970902117,1.3925376696721234,1.094070754231932,0.4304217885401698,-2.1015135569853727,-0.11033167025836962,-0.25674847492012076,-1.5764439792794447,-3.8973560484101863,-1.569430655384371,3.58688993003326,-0.7071730049091752,0.7693604626369995,-1.0477716311637193,2.7364599384627524,4.600119918930979,-1.3955309756935168,1.9550752202139077,0.7770062020048776,-0.778531070604974,0.770785893524627,-2.8694866917389366,-1.1638188098300664,-1.6140876597793252,2.6723129520208957,1.2893854150171171,-3.1187603769918315,2.468418731986802,0.8844673244029461,-0.5762667214422951,1.2582299534234107,-1.0631528216355886,0.8305823902561026
-4.03085705786899,-1.7094964597957893,-2.682981396097843,-5.303939534506018,-0.5602265703767857,4.3427737736083065,-2.002209273634278,5.632201487365705,3.8237002721321356,-0.24932068110378475,-4.793900018840061,0.17971014995087686,-2.724866243728,-5.416050818923402,2.799395739876494,-5.52639986018457,5.147682188433102,-0.29401849487706055,3.5250352099348765,0.5203621023192411,-3.5463186291958757,0.4244543377230425,2.4559001178229605,-4.49655250644869,1.094070754231932,7.664324433250476,3.5878979195774328,-3.1429756610596056,-1.9720938720136372,2.9533347747920935,-4.759278162805163,-5.1814020509635546,-2.9259042526738632,10.775003612547657,3.7772217024248294,2.457154991364392,-6.404100636536833,10.092227704285342,10.804622868804037,-1.8829437240957432,6.17885322402736,3.948735162291294,-0.9998083071617828,0.050887046097889195,-7.614434699899945,0.6096669637713225,-0.15070576286602774,8.504170744160096,5.021111564523193,-6.750347408945754,4.771242557694612,2.1217773967479774,-1.7864579433113326,2.132124674076725,-1.6063117672996226,2.268079732066485
-1.82905132662572,-0.8520188094911194,-1.2395789092803138,-2.355392297353411,-0.28025099078249466,2.015080531596439,-0.8568796489784092,2.6630521240379696,1.7750412780342268,-0.18569324880401736,-2.061885119617755,0.07125473632921336,-1.3308479957830548,-2.448701968553905,1.2314778437759784,-2.552343245904294,2.326664615647691,-0.122711462039941,1.521182411510236,0.30833549628354073,-1.5862921168359179,0.2145312092577907,1.1289919365705525,-2.0805578706854155,0.4304217885401698,3.5878979195774328,1.7039102775539867,-1.3346107879326903,-0.8679398617306495,1.3690554808997202,-2.1620525366072876,-2.203057857990222,-1.3633668489025317,4.947659247579229,1.7930848973988258,1.087731469911154,-2.8629941452975802,4.539345100392745,4.793632487525529,-0.8601754904178718,2.6818384122684593,1.7598963121136828,-0.3949796216764168,-0.04396058675596131,-3.4367472506370835,0.34042552147132704,-0.07008780396438402,3.908542517146605,2.363606946949295,-3.067560356772619,2.0534509950050768,0.9160638071392107,-0.7874823771359802,0.9489660835604737,-0.7057112406365338,0.9933312548620903
2.5412559475001433,0.19864375949107382,1.8077726063860724,4.6227214642054655,-0.5751251064451584,-2.240008415199694,1.8020531228101033,-3.9169317932005843,-1.7997011402430099,-1.4474539656975476,3.785211364588794,-0.7092727799727034,0.34170585738137355,2.777570645628801,-1.453947643996218,2.3837803404541447,-2.7290111979343785,1.2037335244117486,-3.4496461372965967,-0.019025918821867556,2.4472792747357213,0.44086186940045596,-2.6386363407923907,2.8465508705677633,-2.1015135569853727,-3.1429756610596056,-1.3346107879326903,3.5385341890569566,0.6767360996004627,-0.3892424037742125,3.1605363348021,6.366232273612978,2.637971856895003,-7.100703112484404,0.033516968492380554,-1.618056857030207,2.9885115128486333,-6.015713045565808,-8.609181598396326,2.2009894475656644,-4.171830401979602,-2.013042287568605,1.305274655778875,-1.066752198141621,5.52003014530304,1.3819111615350277,2.0382307006116647,-5.402279914915695,-2.7504640892834247,5.576586654717665,-4.436224993845164,-1.7039292253808598,1.2021793016673248,-2.129259326018282,1.7606019599374665,-1.6585338452613096
1.0006201410023428,0.3853126392578116,0.543430694658629,1.1370635770500388,0.31392946733361915,-1.0508269578279394,0.5400829138077105,-0.8627239296587271,-0.9738033938296098,0.2549518975548529,1.4111494401163982,0.09314145797148786,0.7145471019251289,1.570444553246592,-0.9419109284060982,1.5246104948477397,-1.468966864927099,-0.1897141359753781,-0.8178780018437466,0.06452287124759992,0.9077388110545218,-0.2307533940692648,-0.22506572310888665,0.9533675738370743,-0.11033167025836962,-1.9720938720136372,-0.8679398617306495,0.6767360996004627,0.7659766202377317,-1.0597582018823233,1.123670590220546,0.9444597802328576,0.3470541468479595,-2.3511131309434665,-1.347505949983557,-0.6973616289776579,2.0744823317135674,-2.7682851200040823,-2.5761842533753714,0.14073000506241895,-1.934377066004407,-1.2495321932192542,0.2788415827612404,0.03163367145447346,1.7475560868133473,-0.4277322896505311,-0.5516409278219961,-1.9020091532614303,-1.0330129056762931,1.262129113429075,-1.198789150486971,-0.6020378802766618,0.5124445431806998,-0.36739433425609996,0.2666148109828902,-0.6366991042019094
-1.244318794086367,-0.7579908339700635,-0.6695938013233989,-1.0652066984166504,-0.6328906984644661,1.4658772066352403,-0.49586453507271494,1.0891881148090208,1.3923358908433867,-0.7624371095437383,-1.4679644659758273,-0.26539049665424597,-1.301204857421424,-2.093813522319444,1.2073174668153623,-2.1965303512602277,1.9391173521538472,0.4849422687337,0.6546485466079341,0.06099299335882721,-1.0574239196542674,0.47399116929665214,0.03806260817296552,-1.2210758157845436,-0.25674847492012076,2.9533347747920935,1.3690554808997202,-0.3892424037742125,-1.0597582018823233,1.6908058042109517,-1.3621477606404324,-0.30656748133112216,-0.279508804507487,2.9071283970836985,2.3173548711100227,0.8251191485170017,-2.7848640258749766,3.485649627993116,2.6782193319641903,0.057293457852110895,2.224641712856533,1.6352396771201927,-0.13260436865185085,-0.34583190591827634,-1.986906820402875,1.00686473745418,1.1401116058935026,2.4029635502001354,1.4630840299685783,-1.264045680716798,1.049605228108782,0.6182674752531186,-0.5974064465606135,0.25512799906443623,-0.1340949096734405,0.704041951280607
2.9784854169981814,0.8016276652358978,2.058862465184801,4.618908817332557,-0.09930492307618671,-2.948183010792967,1.7605704286813846,-4.4200450041424855,-2.4984491897548833,-0.6898607076723723,3.9204004623820397,-0.46534927612979826,1.2790561253946082,3.6371927197186906,-1.8740525890547919,3.4817115781029013,-3.5069947770884764,0.7887962067189347,-3.262445825078242,-0.24380164955937264,2.72932214211497,0.07711178385117086,-2.439020604334152,3.3483072219969947,-1.5764439792794447,-4.759278162805163,-2.1620525366072876,3.1605363348021,1.123670590220546,-1.3621477606404324,3.608544654702238,5.513432514155711,2.6281637185135196,-8.163803013869328,-1.4613125305403158,-1.841726953870474,4.117746353569662,-7.241880536309113,-8.949661261713764,1.9681769536674967,-4.664275997471918,-2.632875548082661,1.0930342142524074,-0.5916171966933218,6.025145654981623,0.5193207977305473,1.2124686332849721,-6.330584102860886,-3.515616777896148,5.737981513882503,-4.281254327080066,-1.753069131830826,1.3520549342241492,-2.0112044338429547,1.5993949081914298,-1.788342092760793
4.391110013562426,0.25535625493958414,3.206627618650253,8.247446922674449,-1.2071694518350913,-3.8236893622580514,3.1571015988725475,-7.112740059992525,-3.0197869235726253,-2.80892698234946,6.51223807790471,-1.3767819614070853,0.3975095982524985,4.593972025079352,-2.3356530686935635,3.896435222094877,-4.544421273586369,2.3536236623844067,-6.145747976040755,-0.10243012250559204,4.239780443407652,0.9201688946893453,-4.910077112129177,5.011009971029284,-3.8973560484101863,-5.1814020509635546,-2.203057857990222,6.366232273612978,0.9444597802328576,-0.30656748133112216,5.513432514155711,11.577826252724059,4.86888110150954,-12.488641315840495,0.5878415114184555,-2.7556578790635835,4.7624379820271665,-10.20468431013814,-15.159328639620627,4.111987730660253,-7.019482232801899,-3.268620885626168,2.3224151602419285,-1.9970269730902004,9.707623475764757,2.7624214818631105,4.093116178106511,-9.456501266890953,-4.819944172905277,10.031525347533744,-7.835548002037772,-2.9479903957273126,2.048272901895854,-3.867497570406269,3.209205168422984,-2.853175045038006
2.0867189195504694,0.4391274498127001,1.6116676726917363,3.6973212544572944,-0.4577560384341969,-2.0022439729215735,1.2857924276664308,-3.808531561757624,-1.603286683615868,-1.023500434232108,2.628614814451207,-0.6057720564069395,0.5854670735107256,2.1549283018377987,-0.9572172493854653,2.044440316751997,-2.1286403660762288,1.0633808578575623,-2.590449937899129,-0.3433317794159458,1.9200483688655539,0.3406346885630075,-2.379387894281204,2.5431530963623366,-1.569430655384371,-2.9259042526738632,-1.3633668489025317,2.637971856895003,0.3470541468479595,-0.279508804507487,2.6281637185135196,4.86888110150954,2.4483520432030716,-6.166510552390941,-0.06791678752575944,-1.198873016322797,2.10224388259264,-4.691826040273056,-6.743068296880557,1.9654497213953115,-2.841172482505513,-1.4302507974424623,0.8589748167167733,-0.6667251931897923,4.530611903238727,1.0349798579608034,1.9292057778731215,-4.69346984621611,-2.638766936934899,4.769721711454556,-3.257176004197401,-1.2085081915671987,0.8792462407877876,-1.7541181304472144,1.422792962118552,-1.2086567331611833
-6.709511621303347,-1.892791542457968,-4.726466666915926,-10.463393208791604,0.3010668782030932,6.694533602285301,-3.8975930831450465,10.35273222952566,5.648076780070916,1.6022315435905623,-8.609152908936638,1.1179132969262173,-2.9397346141202996,-8.057282238597146,4.048088947700915,-7.794074825102593,7.783504175178133,-1.9172888656760072,7.315198244369098,0.7207524324695767,-6.1131929426208895,-0.22645478324979465,5.725537471577981,-7.669404889960312,3.58688993003326,10.775003612547657,4.947659247579229,-7.100703112484404,-2.3511131309434665,2.9071283970836985,-8.163803013869328,-12.488641315840495,-6.166510552390941,18.62406232602519,3.125823841273168,4.075886197195704,-8.963504712018059,16.12977426860526,20.128145577446162,-4.624447936183337,10.175539617854657,5.750600010849862,-2.394872235858246,1.3009867632483925,-13.638150510794038,-1.2729733419665044,-3.067944998190929,14.421765066981692,8.11329179791784,-13.16486847176618,9.541272702262864,3.866585506317522,-2.9868294580239723,4.606975148108775,-3.658368014100055,3.9561300749625343
-1.3792244382770686,-1.101165834566677,-0.7056952654813503,-0.7973543144872054,-0.9804621592763214,1.7725545561336977,-0.3896534343989752,1.0901201519911738,1.72545914635832,-1.325586446965135,-1.403465173893074,-0.4736338381252333,-1.8523853774147754,-2.513872586152174,1.4345126405015265,-2.7644363162531116,2.305926372689442,0.8446029207533157,0.35953250912477963,0.1566039018107123,-1.1095499630834278,0.7381243350345342,-0.2881728025122736,-1.3474849707143288,-0.7071730049091752,3.7772217024248294,1.7930848973988258,0.033516968492380554,-1.347505949983557,2.3173548711100227,-1.4613125305403158,0.5878415114184555,-0.06791678752575944,3.125823841273168,3.293519326410009,0.895383010692286,-3.4063519282782884,3.97084162861484,2.4320621957450173,0.3702284715525196,2.389708210965228,1.9584149340546653,0.05344205558944109,-0.6918886721073945,-1.9860108940945234,1.6458816299125947,1.8510219810181865,2.648117185368458,1.7419571679622103,-1.0016737360461716,0.7386082424773541,0.5774876917266757,-0.6406518029947027,0.04669287583686412,0.07598057987875391,0.7134490120896367
-1.539565081011748,-0.37793987259013484,-1.0097124700813553,-2.330735046433593,-0.01054475997588104,1.5008875574458354,-0.941264604816218,2.043670720945382,1.2901619744336175,0.3003675500394525,-2.145028445649257,0.18898082956796391,-0.6501998454877864,-1.9716728873651088,1.0769231129298327,-1.847735912824601,1.8907654806692151,-0.3069298533050626,1.6853318003591848,0.029644914733681887,-1.4279123428512976,0.0036372481003533485,1.1048050187968115,-1.655336472166382,0.7693604626369995,2.457154991364392,1.087731469911154,-1.618056857030207,-0.6973616289776579,0.8251191485170017,-1.841726953870474,-2.7556578790635835,-1.198873016322797,4.075886197195704,0.895383010692286,0.9940217789775538,-2.331750136319955,3.858185750722075,4.6142739526556,-0.8867285359381913,2.602717441383382,1.4760762929769906,-0.5933072875370153,0.3067846329518652,-3.0630895930971302,-0.1768527793202386,-0.39361467290207347,3.1760333536966994,1.7094627401447744,-2.8013826030552917,2.2493839718931676,0.948718157695289,-0.7324696507327513,0.9807430258699318,-0.7809430232458621,0.9633782244048359
