V1,V2,V3,V4,V5,V6,V7,V8,V9,V10,V11,V12,V13,V14,V15,V16,V17,V18,V19,V20,V21,V22,V23,V24,V25,V26,V27,V28,V29,V30,V31,V32,V33,V34,V35,V36,V37,V38,V39,V40,V41,V42,V43,V44,V45,V46,V47,V48,V49,V50,V51,V52,V53,V54,V55,V56
797.416864114127,2286.3530570253333,-268.0407297068207,-158.3272608689337,-786.638672199871,-1779.6353643005782,1033.3043081181895,1515.6202411924858,1305.3422426844004,-1178.0808299188593,2345.971106684072,2124.294537018213,-308.48652278269964,2046.1551717359603,252.75550396782398,-546.2080502535171,402.9648898623516,-886.5615953550927,2061.2045278017786,-207.93628248315375,-1031.8525241314935,-1628.3596574851733,955.4869955921955,230.99729557950283,-90.41141658583827,2185.221404870532,-1016.5889146608223,1092.9258213849032,1115.1856866202318,381.50442376526615,-1161.0276840518525,-1504.1995397765138,1069.089703905002,286.8907030162044,86.41878172322181,298.80580578254865,-269.1405700627207,-209.3423853261906,-1437.3961482250927,-1653.5383784773908,102.609910523392,-543.8942119451482,941.0960515764112,423.94018435734284,-1041.0448312828219,-802.2887260652598,1950.7663119200265,536.954382210244,225.52861495837678,617.2469812105107,352.231357054145,-973.3629759274783,658.6848573761487,-476.7770649726795,557.5796285164855,490.413610481689
2286.3530570253333,6559.9849228022285,-767.3743676238231,-453.786365403142,-2256.675364385706,-5104.067247182109,2964.771605834138,4348.959748103563,3746.142499373,-3379.1999961740257,6729.718858977673,6094.269886601852,-883.4249615693427,5868.520784601077,724.934533266574,-1567.894636078233,1157.3021259450336,-2542.469075983343,5913.943065402769,-594.6450789344569,-2960.80409750168,-4671.659301725692,2739.1633221492125,661.126767951541,-261.56409140987773,6268.402843648742,-2916.85184518748,3137.261546519169,3201.6156878796105,1094.8330748490073,-3332.9794326183896,-4317.140154631648,3066.4948851020004,823.3267243673123,246.36873604687491,858.7219305826765,-770.0139548232596,-599.6900169757073,-4123.154020957975,-4743.3121606037,292.2307139599652,-1563.4877677924974,2699.169744380359,1218.407819692879,-2985.1571427363274,-2301.2844245036845,5595.122270383019,1541.5922897472365,647.5426970807391,1771.8225352386776,1009.2545132102875,-2791.4541923361517,1889.681985018552,-1368.162564022573,1601.431693617111,1407.124828281014
-268.0407297068207,-767.3743676238231,90.38946601999523,53.262380967823724,264.10789497946246,597.8211993658316,-346.8045311944487,-508.60164630535144,-437.89640216976784,395.6397905755259,-787.7183260048593,-713.1689018177808,103.96341158153366,-687.3353140970836,-84.90108858332125,183.14333271951642,-134.96523982994648,297.87393987726676,-691.8192430842984,70.28678665360412,346.26721275587414,546.6357243229324,-321.2770816259258,-77.94710414869792,29.79972671904241,-733.7893550613103,341.1842108570266,-366.4552680054687,-373.8034273785248,-127.98868924989506,389.2313982833395,504.52862258073526,-359.0559686560493,-96.2437337850551,-29.40531212287187,-99.93724299726644,90.88910324264884,70.50318591170019,482.6924653409638,555.2356383975705,-34.989650306855275,181.80234404072922,-316.11909706956897,-141.77169535933862,349.8636027605033,269.4348899203603,-655.246281052134,-179.97474000672415,-75.5789445930422,-206.9601100967395,-118.5653795091865,327.0236579159974,-221.12940656455487,159.97185160499194,-186.72994087581623,-164.59008498425845
-158.3272608689337,-453.786365403142,53.262380967823724,31.44220902312826,156.14166086896103,353.29119596069535,-205.085298815799,-300.8011438073457,-259.0469992568076,233.85580263990923,-465.66828584914845,-421.6490836838726,61.28975930566314,-406.1980332295767,-50.17594113124479,108.38247684077153,-79.93727447441945,176.00760842842774,-409.10154137929715,41.343432161034364,204.78979114586213,323.2059158797505,-189.727302467195,-45.90876579744436,17.86428665047673,-433.7668258553931,201.76620861980157,-216.86575666589295,-221.26571652615957,-75.71117315333085,230.37042083894238,298.4991215218398,-212.2232519340932,-56.93415592114476,-17.210956744831236,-59.25406427666565,53.49986996645305,41.584918546595546,285.3263396147757,328.22522584473296,-20.44658478058384,107.84020859039586,-186.82280500232253,-84.06601342451243,206.68943933782407,159.25875645841273,-387.2548247860331,-106.53661251012895,-44.74499967114757,-122.47815084885985,-69.96026098523727,193.2380111827135,-130.74103166552956,94.62147880526136,-110.60561856508575,-97.3340918986393
-786.638672199871,-2256.675364385706,264.10789497946246,156.14166086896103,776.3358877728657,1755.9841661701867,-1019.8979907210394,-1496.0424316532242,-1288.631296669579,1162.5361188865518,-2315.163958992,-2096.5218402845617,304.029726669098,-2018.9791120175094,-249.4021566484339,539.3115432213735,-398.03523107436337,874.7184766133122,-2034.4365389373972,204.70879915717262,1018.5183064346254,1607.1108988653464,-942.4624140228501,-227.55528155151444,89.8180208660673,-2156.4754686464244,1003.4103058186497,-1079.1288247965767,-1101.2305929189374,-376.6125697126268,1146.432955868246,1485.0251897882836,-1054.9627796932498,-283.2158149425833,-84.87105169278838,-295.30139704896885,265.0546130951785,206.36853803708638,1418.4662471087595,1631.8041302277497,-100.6923415882633,537.6282461672494,-928.607169640039,-418.9867383943038,1027.0474303450626,791.7037136709461,-1924.9065653685188,-530.2447685782929,-222.72436710311422,-609.4562355252402,-347.2920901637292,960.3757432108564,-650.0781048434312,470.6415496583345,-550.7802992607054,-484.0570733546683
-1779.6353643005782,-5104.067247182109,597.8211993658316,353.29119596069535,1755.9841661701867,3972.19449466178,-2306.762028513985,-3383.595756759202,-2914.337908969205,2629.6451788711543,-5236.724260905672,-4742.044173799853,688.1138845914458,-4567.094927984713,-564.1641843613281,1219.594370100016,-899.94894500083706,1978.7552626073816,-4601.428772165413,463.5522359641235,2303.5861511744765,3635.022158008081,-2132.274163084309,-515.1374385016046,202.54411878068797,-4877.834714415908,2269.459613951281,-2440.329860330299,-2490.1828412393734,-851.7461916557252,2592.4662690685777,3358.4120752552385,-2386.336504906869,-640.5163605502057,-192.40107264725447,-667.5131326672272,600.1067734045063,467.02356663016064,3208.51868452348,3691.0373358752795,-228.35106741358638,1215.1629633663565,-2100.574208905911,-947.078034216476,2323.4423264629245,1790.8247668261058,-4354.243808564448,-1199.0180546483173,-503.6219169941806,-1378.2161434653924,-785.8744245179873,2172.509879032543,-1470.382319383567,1064.4248265835142,-1245.2795511279312,-1094.81332115573
1033.3043081181895,2964.771605834138,-346.8045311944487,-205.085298815799,-1019.8979907210394,-2306.762028513985,1339.9225119837824,1965.5051923960502,1693.065827526709,-1527.2175795787996,3041.4756661386864,2754.288838977659,-399.25337697124087,2652.253965412179,327.63126711214454,-708.6104571553104,523.0460901891605,-1149.0571864536212,2672.7940796913954,-268.7384472825486,-1338.1304290846508,-2111.34459464469,1237.947227021671,298.78634084873494,-118.22451092487823,2832.984359795719,-1318.2654817110913,1417.8863560668926,1446.973594124117,494.80870010908103,-1506.342308832394,-1951.129302598586,1385.8912106066375,372.1017522924736,111.33764528821385,388.10479751453164,-347.9948161379524,-271.02372714892977,-1863.4456918277522,-2143.724903471247,132.06179948838022,-706.630334443104,1219.8789241421666,550.6674621749384,-1349.1262748837246,-1040.0574418172669,2528.6935758737513,696.7244508692864,292.65795146661105,800.7757851559744,456.1234243190878,-1261.5851598316576,854.0367688160613,-618.3392627463763,723.772169751105,635.947330392245
1515.6202411924858,4348.959748103563,-508.60164630535144,-300.8011438073457,-1496.0424316532242,-3383.595756759202,1965.5051923960502,2883.1822642166085,2483.58269702285,-2240.1766168475765,4461.382409402306,4040.155233814542,-585.5380024571341,3890.3733880323034,480.5763307853929,-1039.4959822656513,767.323678353589,-1685.4397332261858,3920.6608455674295,-394.0686419463301,-1962.890334115907,-3097.0567391888812,1815.7557180828949,438.16740244414154,-173.5725295747543,4155.54436469884,-1933.7397644689756,2079.968774703253,2122.670393968457,725.839974108548,-2209.7454395405466,-2862.161239529418,2032.8687983004315,545.8408762493601,163.20753726358814,569.4003225070967,-510.3113847902334,-397.49188372369895,-2733.3773979186526,-3144.5132779960504,193.56564915638992,-1036.7482281028183,1789.3428414987886,807.905775239761,-1978.877853194123,-1525.5932412129546,3709.1457151906425,1022.0780965764751,429.3258362309578,1174.6986010022074,668.9817458428993,-1850.5000540175295,1252.7533494542233,-907.0424762883099,1061.8003075828399,932.859876253464
1305.3422426844004,3746.142499373,-437.89640216976784,-259.0469992568076,-1288.631296669579,-2914.337908969205,1693.065827526709,2483.58269702285,2139.435064908755,-1929.546253674348,3842.819732837621,3480.0512950745406,-504.16894398484794,3350.840342696776,413.92967899192115,-895.4978610687965,661.1009278384734,-1451.664833528518,3377.2050435025294,-339.2048704719144,-1690.8377292893626,-2667.7168997392546,1563.7865714607462,377.22973409069283,-149.77815935529523,3579.3628733768646,-1665.7083647784727,1791.8383375479784,1828.6807342090847,625.257455408589,-1903.665795203539,-2465.591933661404,1750.9751388589202,470.20326959278617,140.39059330797855,490.64551627143925,-439.30577128112134,-342.2777196008515,-2354.3748178688707,-2708.5229771048794,166.4678258585293,-893.4050930858089,1541.1940955315802,696.1712903501474,-1704.3609301868914,-1314.0499144507573,3194.768633286168,880.5247823268611,369.87243374529896,1011.9725210724425,576.0853591813577,-1593.837898787499,1079.0810008421154,-781.3399578330877,914.8222810893183,803.5586700129705
-1178.0808299188593,-3379.1999961740257,395.6397905755259,233.85580263990923,1162.5361188865518,2629.6451788711543,-1527.2175795787996,-2240.1766168475765,-1929.546253674348,1740.8977726105556,-3466.9063089353044,-3139.4515506213,455.4193394173443,-3023.48293939304,-373.4860863225875,807.5105711796223,-595.9225094278154,1309.9414741090498,-3046.4186999319368,306.7202657649443,1525.133023506484,2406.5656371778296,-1411.4829507240374,-340.90154431921724,134.29321275799148,-3229.2912004156187,1502.524776705748,-1615.777527707567,-1648.8275889828167,-563.9277139758333,1716.5302543659825,2223.590076237879,-1579.813804321547,-424.0770580075564,-127.2366019290974,-442.0608410181753,397.1058794641311,309.11072347305503,2124.1403992294195,2443.5972405241178,-150.9835000091924,804.7804143900436,-1390.6140251850418,-627.2090935582942,1538.094520543253,1185.5758679721368,-2882.5891801230364,-793.9104626418407,-333.46983791947196,-912.5371953476034,-520.1716595302532,1438.212798596153,-973.4624126166191,704.7314101099496,-824.5987443348889,-724.8354964617316
2345.971106684072,6729.718858977673,-787.7183260048593,-465.66828584914845,-2315.163958992,-5236.724260905672,3041.4756661386864,4461.382409402306,3842.819732837621,-3466.9063089353044,6904.227733935939,6252.167861027972,-906.770508556022,6021.0277870636,743.7697089885407,-1608.254049895284,1186.9219610604046,-2608.614538238318,6066.975028865453,-610.6004564843794,-3037.34810870873,-4792.655211574608,2810.7071474107815,678.7109031726653,-267.7065800642801,6431.002915525948,-2992.3044520046383,3218.0156288966755,3283.893867455755,1123.0960436968837,-3418.704588837982,-4428.464466624974,3146.106945036546,844.576722066331,253.20239464706611,880.5373436728723,-790.5758443228844,-615.4829152091959,-4230.130174053132,-4866.3330141109045,300.423090436022,-1603.0859923126413,2769.3027608550237,1249.3409255972442,-3062.9173891673727,-2361.0124695547875,5740.471120519014,1581.1991871827274,664.1645367790086,1817.4283690854359,1035.7638060251015,-2864.060682099417,1938.6370677695809,-1403.5052284782091,1642.3950449559673,1443.523040965171
2124.294537018213,6094.269886601852,-713.1689018177808,-421.6490836838726,-2096.5218402845617,-4742.044173799853,2754.288838977659,4040.155233814542,3480.0512950745406,-3139.4515506213,6252.167861027972,5661.737018460811,-820.9800544717403,5452.265948539905,673.5126595698869,-1456.4681671874607,1074.9602792578655,-2362.1725396024267,5494.100385741852,-552.747270925778,-2750.570945681929,-4340.070192356383,2545.075412278222,614.4581624424725,-242.64561227533758,5823.617469790665,-2709.764598865932,2914.3025018111707,2974.009181401604,1017.0710137811104,-3096.073814971474,-4010.441017883682,2848.944579093947,764.8465107833556,229.13458123438593,797.5332079512641,-715.7046601986762,-557.2704169638716,-3830.601362797063,-4406.731667257988,271.8367642906139,-1452.0127428858796,2507.7111258377904,1131.578330446579,-2773.5224112648502,-2138.011552607697,5198.229876222757,1431.9929215314496,601.497353328893,1645.9017751103709,937.8251802174552,-2593.4918512329236,1755.5613833338787,-1271.0001438823044,1487.476994480873,1307.2228378235855
-308.48652278269964,-883.4249615693427,103.96341158153366,61.28975930566314,304.029726669098,688.1138845914458,-399.25337697124087,-585.5380024571341,-504.16894398484794,455.4193394173443,-906.770508556022,-820.9800544717403,119.59037479517077,-791.1514967793278,-97.72544540832155,210.8810649481553,-155.43964994504265,342.85089038901924,-796.4408779920991,80.80479808648646,398.6460377470879,629.2802009021724,-369.7327845826116,-89.64148999865114,34.42880113068539,-844.6804636552918,392.7853569253619,-421.9567854082517,-430.443825240633,-147.35722071812918,448.19556988136844,580.9028718879053,-413.3035614623344,-110.80909768786138,-33.76240018042232,-115.12979607273405,104.50930763109113,81.11130257563792,555.633005970471,639.1472023248829,-40.1575654625878,209.46400712638058,-363.8683845843106,-163.3278895460778,402.6715367162934,310.1456374922931,-754.2261036537694,-207.24737623064237,-87.03480329201177,-238.3055534437159,-136.4186217230318,376.4052702779199,-254.55898664180236,184.1757466488452,-215.0617368659448,-189.48310889987815
2046.1551717359603,5868.520784601077,-687.3353140970836,-406.1980332295767,-2018.9791120175094,-4567.094927984713,2652.253965412179,3890.3733880323034,3350.840342696776,-3023.48293939304,6021.0277870636,5452.265948539905,-791.1514967793278,5251.092225926942,648.6572040126871,-1402.2672414069448,1034.7530261444688,-2275.1027337338105,5290.599767521107,-532.9525370326135,-2648.605196791867,-4179.445977067376,2451.599760034907,592.2682451712326,-232.91003239852452,5608.384810123724,-2609.3651994569113,2805.846648705882,2863.1730889931205,979.3182534913045,-2980.773534045945,-3861.4311410447367,2743.733255214475,736.4512301840816,221.19546931619826,767.5083202639764,-689.9559812715042,-536.9579293251485,-3689.055303216703,-4243.842482134426,262.52150853147396,-1397.2033763782742,2415.1701508673195,1088.953729883181,-2671.406998064803,-2059.0337930973546,5006.365734688543,1378.6126160925014,579.0574977672076,1584.6477884729031,903.5584071870239,-2497.875734137746,1690.6035327830255,-1223.8501292232445,1431.8121168611078,1258.7877206801904
252.75550396782398,724.934533266574,-84.90108858332125,-50.17594113124479,-249.4021566484339,-564.1641843613281,327.63126711214454,480.5763307853929,413.92967899192115,-373.4860863225875,743.7697089885407,673.5126595698869,-97.72544540832155,648.6572040126871,80.1274022492517,-173.2232850431563,127.82567786753887,-281.0382618481147,653.5441876789586,-65.82946149055627,-327.18112307530765,-516.2829936578254,302.8376673763434,73.1576262229428,-28.77761092164009,692.795912611994,-322.333363951579,346.6086896327068,353.69162757231493,120.97520614542282,-368.21824289862195,-477.00392320283913,338.9288245666821,90.97387863243806,27.319441859611537,94.81391975597523,-85.22328944643532,-66.32723826714778,-455.70359365490077,-524.2361048353439,32.4226630276015,-172.60435964878184,298.3413819822588,134.52379077025262,-329.99182764951587,-254.34921478932063,618.4271604317073,170.30197977555875,71.53195005990088,195.75294164005953,111.61193701176201,-308.55707360673665,208.8385231053068,-151.1819924078305,176.8756385689025,155.49732492327837
-546.2080502535171,-1567.894636078233,183.14333271951642,108.38247684077153,539.3115432213735,1219.594370100016,-708.6104571553104,-1039.4959822656513,-895.4978610687965,807.5105711796223,-1608.254049895284,-1456.4681671874607,210.8810649481553,-1402.2672414069448,-173.2232850431563,374.8541820461186,-276.7819603287382,607.4761174383108,-1413.4773886903604,141.81562441305357,707.6934133366592,1116.5023411337522,-654.31962997412,-157.75506803772078,62.85633185975106,-1497.9805460713496,697.1635040119154,-750.0617942977756,-765.5197267075833,-261.71013071190305,796.8906831013701,1032.0404637069835,-732.7730577638486,-196.8111615158252,-58.63453629081148,-205.46157948450377,183.69280416794336,143.18083331736307,985.3109393850914,1133.534977996678,-69.50233127176735,374.15301326152843,-644.9653894104406,-291.53246184650607,713.195108616217,549.927133104657,-1336.968381719281,-368.6068433346685,-154.8406901730188,-423.6111036324215,-241.00549222934856,666.9755684130071,-451.61747505230545,327.03420879584945,-383.01336757734015,-336.3207264616212
402.9648898623516,1157.3021259450336,-134.96523982994648,-79.93727447441945,-398.03523107436337,-899.94894500083706,523.0460901891605,767.323678353589,661.1009278384734,-595.9225094278154,1186.9219610604046,1074.9602792578655,-155.43964994504265,1034.7530261444688,127.82567786753887,-276.7819603287382,204.44393882069733,-448.2325764927849,1043.3167665795336,-104.42435948898594,-522.3947254724814,-824.0645015367453,482.67146846872566,116.23031408560306,-46.67393703927154,1105.514173151904,-514.6019554114837,553.8260589845759,565.2986651724619,193.2036360123731,-588.4329764471333,-761.9429128660288,540.7583455648171,145.29474173782594,43.07541606855287,151.83568942606377,-135.30426182734504,-105.56238508307152,-727.1521991326285,-836.5606607152126,51.02066675544927,-276.55226647324645,475.93411752382866,215.45076193502194,-526.1949597854572,-405.8329529656316,986.591762259171,272.2026539686832,114.35082874101741,312.7840207167985,177.7161553487558,-492.1422637076238,333.3228996219911,-241.41761709769668,282.92179777114535,248.2511289349405
-886.5615953550927,-2542.469075983343,297.87393987726676,176.00760842842774,874.7184766133122,1978.7552626073816,-1149.0571864536212,-1685.4397332261858,-1451.664833528518,1309.9414741090498,-2608.614538238318,-2362.1725396024267,342.85089038901924,-2275.1027337338105,-281.0382618481147,607.4761174383108,-448.2325764927849,985.7314171797506,-2292.094095625857,231.00485751595855,1147.4653838675736,1810.7200401698076,-1062.2560464824207,-256.6851598641067,100.78557264097059,-2429.8469682811888,1130.473901992927,-1215.520172021252,-1240.3291257564063,-424.2659042455829,1291.287388485902,1672.8480439068971,-1188.742513788586,-319.0488703009816,-95.91851170264911,-332.4367370954465,299.0380357666264,232.68390346651375,1598.297008015042,1838.651906651411,-113.85557263514737,605.1580334851466,-1046.4011640652832,-471.6630059244818,1157.4565070936142,892.0880652781988,-2169.061636575422,-597.2142093572189,-250.8445105156998,-686.4846243037367,-391.53223413024875,1082.2488537947106,-732.4462664753801,530.2079687167543,-620.2254584899908,-545.3533847137077
2061.2045278017786,5913.943065402769,-691.8192430842984,-409.10154137929715,-2034.4365389373972,-4601.428772165413,2672.7940796913954,3920.6608455674295,3377.2050435025294,-3046.4186999319368,6066.975028865453,5494.100385741852,-796.4408779920991,5290.599767521107,653.5441876789586,-1413.4773886903604,1043.3167665795336,-2292.094095625857,5331.525341882382,-536.1036222340881,-2669.2152317693326,-4211.588286593498,2469.4285897289656,596.034757854129,-235.78216169669605,5651.0914223588325,-2629.5931455155146,2828.2819544625527,2886.293278304067,987.0091501454301,-3004.721761350627,-3891.965009169488,2764.5093643594073,742.2417786452337,222.12232938155034,774.1385661365716,-694.2042672328962,-540.6411716486318,-3717.1072267891095,-4276.190769647712,263.4739164109684,-1409.4812102657404,2433.3601240042276,1098.3949920191224,-2691.191044869557,-2074.655470456351,5044.123111230155,1389.7627640181718,583.766475211935,1597.3209346007036,909.8751431693262,-2516.559282798543,1703.584117353757,-1233.420819110755,1443.7021398293934,1268.5476981748322
-207.93628248315375,-594.6450789344569,70.28678665360412,41.343432161034364,204.70879915717262,463.5522359641235,-268.7384472825486,-394.0686419463301,-339.2048704719144,306.7202657649443,-610.6004564843794,-552.747270925778,80.80479808648646,-532.9525370326135,-65.82946149055627,141.81562441305357,-104.42435948898594,231.00485751595855,-536.1036222340881,54.74916707002892,268.29351895668117,423.65286806671924,-249.29393036172777,-60.639739710578525,22.780978230498008,-568.8240349549088,264.37745492176595,-283.7604876008123,-289.3844818944993,-99.14726440202325,301.36365939955505,390.7755745685636,-278.36951255831656,-74.55380272091158,-23.01484295020987,-77.24159476131226,70.74840877948185,54.77107146608284,374.1884271215221,430.40208938989133,-27.427811432119064,140.45449020327266,-245.10988334797418,-109.56550696850736,271.3720114009695,208.8791391245023,-508.04457181042557,-139.32444845236276,-58.500725134417515,-160.25650753785172,-92.07422394545546,253.6025583623922,-171.3855497092401,123.93504291980794,-144.46366478443292,-127.5373516881076
-1031.8525241314935,-2960.80409750168,346.26721275587414,204.78979114586213,1018.5183064346254,2303.5861511744765,-1338.1304290846508,-1962.890334115907,-1690.8377292893626,1525.133023506484,-3037.34810870873,-2750.570945681929,398.6460377470879,-2648.605196791867,-327.18112307530765,707.6934133366592,-522.3947254724814,1147.4653838675736,-2669.2152317693326,268.29351895668117,1336.3493423696948,2108.5010677404166,-1236.1901733204636,-298.3148909209874,118.15995763762751,-2829.1317122805203,1316.5041146202436,-1416.0518045942308,-1445.1212398778512,-494.1562581473621,1504.403308219886,1948.5748821253087,-1383.9962703608294,-371.6117191050442,-111.1198863199288,-387.64583606701166,347.4334909732632,270.6196304279426,1860.9080934652357,2140.8124333808723,-131.79053102028922,705.8128796946809,-1218.2023735335438,-550.0192456098835,1347.2426778918887,1038.6380126318613,-2525.222771255759,-695.8340927521791,-292.28619875080824,-799.7399035075966,-455.45375929326633,1259.8399602910652,-852.884716004961,617.5203803360989,-722.8743526842713,-635.0977815455001
-1628.3596574851733,-4671.659301725692,546.6357243229324,323.2059158797505,1607.1108988653464,3635.022158008081,-2111.34459464469,-3097.0567391888812,-2667.7168997392546,2406.5656371778296,-4792.655211574608,-4340.070192356383,629.2802009021724,-4179.445977067376,-516.2829936578254,1116.5023411337522,-824.0645015367453,1810.7200401698076,-4211.588286593498,423.65286806671924,2108.5010677404166,3326.9360441179642,-1950.8922275077311,-470.9686555709656,186.07447371998182,-4464.1400183627975,2077.215138886343,-2234.0522604145995,-2279.837291769992,-779.659257142741,2373.4024457674086,3074.30990442164,-2183.873277901695,-586.3112035928872,-175.5948922293847,-611.407291712976,548.5626475238994,427.15325601904937,2936.37515950288,3378.0171410111107,-208.30949035076168,1113.160068540442,-1922.292514764142,-867.4962162685109,2126.028669850079,1638.9058687577503,-3984.7201056290646,-1097.748582374845,-461.1023397331047,-1261.7190728019866,-718.8600770683895,1988.039411276665,-1345.7465277126003,974.3118109618644,-1140.302449221147,-1002.0735339986962
955.4869955921955,2739.1633221492125,-321.2770816259258,-189.727302467195,-942.4624140228501,-2132.274163084309,1237.947227021671,1815.7557180828949,1563.7865714607462,-1411.4829507240374,2810.7071474107815,2545.075412278222,-369.7327845826116,2451.599760034907,302.8376673763434,-654.31962997412,482.67146846872566,-1062.2560464824207,2469.4285897289656,-249.29393036172777,-1236.1901733204636,-1950.8922275077311,1144.9276145824726,276.8939048661932,-108.12402372776049,2618.129559920464,-1217.917785691785,1309.24904996958,1335.8738684842667,457.0409883056759,-1390.8096905870316,-1801.9881249920193,1280.9052133889431,343.6928158231189,103.67586992461662,357.8593663293127,-322.64100397123013,-250.88792741277013,-1722.1618357164105,-1981.110431168426,123.12683740962753,-651.347466709426,1127.5703105621049,507.71811656328015,-1247.384208461386,-961.2382975970717,2337.293185354198,643.2110328641024,270.1533191288167,739.4184744893939,422.1128081467096,-1166.254165779001,789.1557469388055,-571.1846263710216,667.8617823820271,587.5365373380724
230.99729557950283,661.126767951541,-77.94710414869792,-45.90876579744436,-227.55528155151444,-515.1374385016046,298.78634084873494,438.16740244414154,377.22973409069283,-340.90154431921724,678.7109031726653,614.4581624424725,-89.64148999865114,592.2682451712326,73.1576262229428,-157.75506803772078,116.23031408560306,-256.6851598641067,596.034757854129,-60.639739710578525,-298.3148909209874,-470.9686555709656,276.8939048661932,67.22586717342585,-25.58090517203737,632.2527851400295,-293.9424678395932,315.6549705429611,321.9647878966382,110.258247259977,-335.2638013038617,-434.6174590346769,309.3824868659622,82.91035608231275,25.40215660042022,86.04042987995135,-78.39978933754031,-60.78265640299383,-415.9043219912326,-478.40325527048367,30.238869716538574,-156.50362188872543,272.394222554203,122.05460028134634,-301.50039746487585,-232.15738237022234,564.6096238098427,155.01449697879784,65.09486466742734,178.26980776534583,102.20806440987826,-281.8017111996551,190.52179815057374,-137.81426970415336,160.80590341735777,141.80012267009124
-90.41141658583827,-261.56409140987773,29.79972671904241,17.86428665047673,89.8180208660673,202.54411878068797,-118.22451092487823,-173.5725295747543,-149.77815935529523,134.29321275799148,-267.7065800642801,-242.64561227533758,34.42880113068539,-232.91003239852452,-28.77761092164009,62.85633185975106,-46.67393703927154,100.78557264097059,-235.78216169669605,22.780978230498008,118.15995763762751,186.07447371998182,-108.12402372776049,-25.58090517203737,11.449416213518566,-249.26805681940112,116.33270154838654,-125.77599919989841,-128.57204104640232,-43.7597878451759,133.73146081033025,172.7525564360863,-121.83017547458896,-32.91449255626401,-9.074349079912,-34.89750906837784,29.660833377017916,23.460208690778835,163.9229130635698,188.65248273776166,-10.62222745418572,63.73652358024661,-107.142864430498,-49.54729995699191,118.17467185709933,91.45764380189536,-222.14628746433507,-61.92500566829927,-26.035875537199587,-71.03649064068514,-39.59604214315132,110.6826762389919,-75.24681343945561,54.645875508233146,-64.62396365580824,-56.12201285409956
2185.221404870532,6268.402843648742,-733.7893550613103,-433.7668258553931,-2156.4754686464244,-4877.834714415908,2832.984359795719,4155.54436469884,3579.3628733768646,-3229.2912004156187,6431.002915525948,5823.617469790665,-844.6804636552918,5608.384810123724,692.795912611994,-1497.9805460713496,1105.514173151904,-2429.8469682811888,5651.0914223588325,-568.8240349549088,-2829.1317122805203,-4464.1400183627975,2618.129559920464,632.2527851400295,-249.26805681940112,5990.221048294046,-2787.1821679681543,2997.364884283074,3058.7075005570714,1046.0997674061084,-3184.2837949253803,-4124.8444329114845,2930.48187803896,786.6743700752495,235.90983772459828,820.1208965087277,-736.4719295787822,-573.3308079986045,-3940.199666701962,-4532.791199777875,279.91767520049706,-1493.0762042580122,2579.510795512144,1163.6169072967987,-2853.030250837396,-2199.1930312554887,5347.048262738712,1472.7701999370597,618.6180943949179,1692.8119559029187,964.818519354613,-2667.7851386707684,1805.753848784338,-1307.2882151951392,1529.7442964967825,1344.5694803782912
-1016.5889146608223,-2916.85184518748,341.1842108570266,201.76620861980157,1003.4103058186497,2269.459613951281,-1318.2654817110913,-1933.7397644689756,-1665.7083647784727,1502.524776705748,-2992.3044520046383,-2709.764598865932,392.7853569253619,-2609.3651994569113,-322.333363951579,697.1635040119154,-514.6019554114837,1130.473901992927,-2629.5931455155146,264.37745492176595,1316.5041146202436,2077.215138886343,-1217.917785691785,-293.9424678395932,116.33270154838654,-2787.1821679681543,1296.958848473461,-1394.9817817038138,-1423.6031798350314,-486.8130587141453,1482.0108499444252,1919.6046177110875,-1363.4827728505575,-366.089063962731,-109.52409510070468,-381.84413255950835,342.3506956957779,266.6347293193642,1833.3177863956341,2109.0668714204166,-129.9080380732189,695.2351140549872,-1200.1529845949829,-541.7850445967831,1327.304366839095,1023.2413201264561,-2487.8044902053202,-685.4718055139797,-287.9317526065059,-787.8400746725079,-448.7390148239332,1241.1825073683651,-840.231062012383,608.3467597051083,-712.0881994334129,-625.6687825594149
1092.9258213849032,3137.261546519169,-366.4552680054687,-216.86575666589295,-1079.1288247965767,-2440.329860330299,1417.8863560668926,2079.968774703253,1791.8383375479784,-1615.777527707567,3218.0156288966755,2914.3025018111707,-421.9567854082517,2805.846648705882,346.6086896327068,-750.0617942977756,553.8260589845759,-1215.520172021252,2828.2819544625527,-283.7604876008123,-1416.0518045942308,-2234.0522604145995,1309.24904996958,315.6549705429611,-125.77599919989841,2997.364884283074,-1394.9817817038138,1500.8308023600173,1531.762155492104,523.6664579260284,-1594.5331942112773,-2065.052635062466,1466.232343067552,393.80749668181716,117.32096551417798,411.1188728699185,-367.5536944702953,-286.4942077379133,-1971.5450792854888,-2268.1323499131868,139.06557279712504,-748.6632628861893,1290.5343805778543,583.3427599142897,-1427.0563178468672,-1100.369383990474,2675.1881946833146,737.5617468089284,309.82769361702543,847.6216280034387,482.2345620763238,-1334.5748139748055,903.6586035004766,-654.3759001532966,766.3896481028356,672.9573312995166
1115.1856866202318,3201.6156878796105,-373.8034273785248,-221.26571652615957,-1101.2305929189374,-2490.1828412393734,1446.973594124117,2122.670393968457,1828.6807342090847,-1648.8275889828167,3283.893867455755,2974.009181401604,-430.443825240633,2863.1730889931205,353.69162757231493,-765.5197267075833,565.2986651724619,-1240.3291257564063,2886.293278304067,-289.3844818944993,-1445.1212398778512,-2279.837291769992,1335.8738684842667,321.9647878966382,-128.57204104640232,3058.7075005570714,-1423.6031798350314,1531.762155492104,1563.3767162136203,534.4307624061958,-1627.418765135416,-2107.5433072257347,1496.2159405014536,401.9038723763484,119.56894452639344,419.691415243871,-374.87268868897627,-292.2755108857618,-2011.8858008785862,-2314.5573865544843,141.70014385503578,-764.3160961547687,1316.9052157573778,595.5133545981905,-1456.1489883304405,-1122.877410177001,2729.863550360985,752.7881311660641,316.22900897334006,865.0911673437595,491.9898501504115,-1361.819437123006,922.1740647335707,-667.8188237873896,782.2736532076914,686.7650258808244
381.50442376526615,1094.8330748490073,-127.98868924989506,-75.71117315333085,-376.6125697126268,-851.7461916557252,494.80870010908103,725.839974108548,625.257455408589,-563.9277139758333,1123.0960436968837,1017.0710137811104,-147.35722071812918,979.3182534913045,120.97520614542282,-261.71013071190305,193.2036360123731,-424.2659042455829,987.0091501454301,-99.14726440202325,-494.1562581473621,-779.659257142741,457.0409883056759,110.258247259977,-43.7597878451759,1046.0997674061084,-486.8130587141453,523.6664579260284,534.4307624061958,182.7338867467455,-556.3466658352634,-720.5759943964468,511.739140512242,137.41861693475025,41.04013942174786,143.3852569260028,-128.40388766873235,-100.03885830232748,-688.0869181624386,-791.5888555333659,48.66516734927388,-261.084226848683,450.42990201947276,203.44725553037242,-498.12142905166485,-384.0431970673194,933.7034829839397,257.33256890637404,108.0945532021901,295.7499003011604,168.37320354074214,-465.8172668232676,315.3693774675717,-228.3501200581191,267.351989700053,234.84472068133107
-1161.0276840518525,-3332.9794326183896,389.2313982833395,230.37042083894238,1146.432955868246,2592.4662690685777,-1506.342308832394,-2209.7454395405466,-1903.665795203539,1716.5302543659825,-3418.704588837982,-3096.073814971474,448.19556988136844,-2980.773534045945,-368.21824289862195,796.8906831013701,-588.4329764471333,1291.287388485902,-3004.721761350627,301.36365939955505,1504.403308219886,2373.4024457674086,-1390.8096905870316,-335.2638013038617,133.73146081033025,-3184.2837949253803,1482.0108499444252,-1594.5331942112773,-1627.418765135416,-556.3466658352634,1694.0973997032684,2193.9466760965934,-1557.6562728957197,-418.3843663753947,-124.56004570617158,-436.8367597124725,390.3722805448216,304.31897156443426,2094.4887430774406,2409.5788300534964,-147.63120940089166,795.517654430009,-1370.9930165633227,-619.837729171211,1515.9922225375494,1168.9837572823496,-2841.97862949337,-783.6233588104365,-329.1794078673029,-900.5420149091474,-512.2497980227422,1417.7659803358397,-960.0226333166844,695.2090970597811,-814.2831097012274,-714.9414659317625
-1504.1995397765138,-4317.140154631648,504.52862258073526,298.4991215218398,1485.0251897882836,3358.4120752552385,-1951.129302598586,-2862.161239529418,-2465.591933661404,2223.590076237879,-4428.464466624974,-4010.441017883682,580.9028718879053,-3861.4311410447367,-477.00392320283913,1032.0404637069835,-761.9429128660288,1672.8480439068971,-3891.965009169488,390.7755745685636,1948.5748821253087,3074.30990442164,-1801.9881249920193,-434.6174590346769,172.7525564360863,-4124.8444329114845,1919.6046177110875,-2065.052635062466,-2107.5433072257347,-720.5759943964468,2193.9466760965934,2841.4919636963746,-2017.8014047904787,-541.8852271422032,-161.68302013281968,-565.5244799686369,506.1181619721587,394.3846463852648,2713.167427246321,3121.296166086221,-191.69517079533617,1029.7785696120013,-1776.0391105703677,-802.4208085561291,1964.0236036900712,1514.2984489060507,-3681.5900381432066,-1014.8018104420833,-426.2801821882967,-1166.2754769810049,-663.802291369906,1836.687187446437,-1243.5434145070378,900.4472889399917,-1054.371454633948,-926.0416580051706
1069.089703905002,3066.4948851020004,-359.0559686560493,-212.2232519340932,-1054.9627796932498,-2386.336504906869,1385.8912106066375,2032.8687983004315,1750.9751388589202,-1579.813804321547,3146.106945036546,2848.944579093947,-413.3035614623344,2743.733255214475,338.9288245666821,-732.7730577638486,540.7583455648171,-1188.742513788586,2764.5093643594073,-278.36951255831656,-1383.9962703608294,-2183.873277901695,1280.9052133889431,309.3824868659622,-121.83017547458896,2930.48187803896,-1363.4827728505575,1466.232343067552,1496.2159405014536,511.739140512242,-1557.6562728957197,-2017.8014047904787,1433.6360704786734,384.8307011264871,115.48862820380153,401.13024276238934,-360.39495216126846,-280.52199241328884,-1927.593028001574,-2217.487828349981,137.04787954091904,-730.2585064321337,1261.9459405180016,569.1343995854436,-1395.7918783964026,-1075.8753498468081,2615.8727324382658,720.42736023793,302.6035383510688,828.0789873122509,472.0585533482908,-1305.144913650902,883.3834477666386,-639.5135469186836,748.2648234988919,657.759950628368
286.8907030162044,823.3267243673123,-96.2437337850551,-56.93415592114476,-283.2158149425833,-640.5163605502057,372.1017522924736,545.8408762493601,470.20326959278617,-424.0770580075564,844.576722066331,764.8465107833556,-110.80909768786138,736.4512301840816,90.97387863243806,-196.8111615158252,145.29474173782594,-319.0488703009816,742.2417786452337,-74.55380272091158,-371.6117191050442,-586.3112035928872,343.6928158231189,82.91035608231275,-32.91449255626401,786.6743700752495,-366.089063962731,393.80749668181716,401.9038723763484,137.41861693475025,-418.3843663753947,-541.8852271422032,384.8307011264871,103.34089979767971,30.85776736076555,107.83160250947623,-96.5543778350253,-75.22740383943055,-517.4459498005695,-595.2805792016067,36.59004536168351,-196.34735038031917,338.725200482384,153.0009030547664,-374.5873449231592,-288.80282396907575,702.1493072995684,193.51995049879318,81.28972411854255,222.40976833479803,126.61432934176334,-350.2957599765334,237.16065121467355,-171.7224537840453,201.0567059758919,176.60596355631804
86.41878172322181,246.36873604687491,-29.40531212287187,-17.210956744831236,-84.87105169278838,-192.40107264725447,111.33764528821385,163.20753726358814,140.39059330797855,-127.2366019290974,253.20239464706611,229.13458123438593,-33.76240018042232,221.19546931619826,27.319441859611537,-58.63453629081148,43.07541606855287,-95.91851170264911,222.12232938155034,-23.01484295020987,-111.1198863199288,-175.5948922293847,103.67586992461662,25.40215660042022,-9.074349079912,235.90983772459828,-109.52409510070468,117.32096551417798,119.56894452639344,41.04013942174786,-124.56004570617158,-161.68302013281968,115.48862820380153,30.85776736076555,9.802656318890877,31.767311054655128,-29.68370020501085,-22.85329535290232,-155.20152566443153,-178.4907449079112,11.731204434435377,-57.69375527704699,101.723417339702,45.04952345685541,-112.7366437551487,-86.64850369768824,210.8267639185767,57.56050560578722,24.160255639322123,66.25732839111943,38.3778983475697,-105.29193509890828,71.04276635961742,-51.31440390575231,59.57803798512496,52.834506882631324
298.80580578254865,858.7219305826765,-99.93724299726644,-59.25406427666565,-295.30139704896885,-667.5131326672272,388.10479751453164,569.4003225070967,490.64551627143925,-442.0608410181753,880.5373436728723,797.5332079512641,-115.12979607273405,767.5083202639764,94.81391975597523,-205.46157948450377,151.83568942606377,-332.4367370954465,774.1385661365716,-77.24159476131226,-387.64583606701166,-611.407291712976,357.8593663293127,86.04042987995135,-34.89750906837784,820.1208965087277,-381.84413255950835,411.1188728699185,419.691415243871,143.3852569260028,-436.8367597124725,-565.5244799686369,401.13024276238934,107.83160250947623,31.767311054655128,112.83368466993716,-100.12530829703314,-78.21033829285219,-539.4249253460582,-620.6069333080626,37.58969864490106,-205.5657394202095,353.0197731554842,160.1164096903019,-390.2169298971288,-301.0511681690839,731.8082344990787,202.09425444984504,84.90501916557015,232.18796999789265,131.69806504170325,-365.0099091841254,247.30070766533427,-179.15698950519652,210.12929282723712,184.2073542693829
-269.1405700627207,-770.0139548232596,90.88910324264884,53.49986996645305,265.0546130951785,600.1067734045063,-347.9948161379524,-510.3113847902334,-439.30577128112134,397.1058794641311,-790.5758443228844,-715.7046601986762,104.50930763109113,-689.9559812715042,-85.22328944643532,183.69280416794336,-135.30426182734504,299.0380357666264,-694.2042672328962,70.74840877948185,347.4334909732632,548.5626475238994,-322.64100397123013,-78.39978933754031,29.660833377017916,-736.4719295787822,342.3506956957779,-367.5536944702953,-374.87268868897627,-128.40388766873235,390.3722805448216,506.1181619721587,-360.39495216126846,-96.5543778350253,-29.68370020501085,-100.12530829703314,91.44822953229145,70.85242680201233,484.46597634641165,557.2581577266087,-35.353683050380205,182.09734656562034,-317.3201079819272,-142.0307436946336,351.2685401732739,270.43283702566066,-657.7240607784261,-180.48552783484374,-75.78765979760287,-207.57990862870687,-119.12598949016613,328.2952622992848,-221.91366593620543,160.49997261150625,-187.18990000499053,-165.15240421538647
