V1,V2,V3,V4,V5,V6,V7,V8,V9,V10,V11,V12,V13,V14,V15,V16,V17,V18,V19,V20,V21,V22,V23,V24,V25,V26,V27,V28,V29,V30,V31,V32,V33,V34,V35,V36,V37,V38,V39,V40,V41,V42,V43,V44,V45,V46,V47,V48,V49,V50,V51,V52,V53,V54,V55,V56
0.7268796397611916,0.14467651100394127,-0.8247498822667676,0.8100675138236824,-0.340889144670026,-0.43969415020556707,-0.7995978327863226,-0.5585707949436792,0.1495289271096858,-0.7909115133857448,0.6715674584331468,0.04416163167046819,0.10643622836157796,-0.7431170613979312,0.3420735719989474,-0.12845838884254626,-0.5397448353172921,0.057239946689852154,-0.5943372226109711,-0.8266686323493364,-0.6579974965675678,0.13954397785636122,0.25494042408746853,0.8137278969715074,-0.4948718367472713,0.25568492578252655,-0.2401002472272578,-0.2877556803281709,0.0271889763947286,-0.675263600162714,-0.5579177752382131,-0.23739721993362423,0.37442289835619197,-0.43591076275908974,-0.69607308202624,-0.4051253299118669,0.6720629854664372,0.3580230252468637,1.293601780176373,-0.8009957392421145,-0.17472552096450608,0.03233940581024297,-0.07302095942610581,0.35327279888391233,0.08254938474067429,0.192952370570174,0.8083456049260384,-0.09851457848483738,-0.4903112868221451,-0.1450925852564841,-0.0037910401210088413,0.4083516836200307,0.2869116137408135,0.22302180661786297,-0.44262567850102136,-0.3958927999348764
0.14467651100394127,0.8370786637194038,1.5274878304893171,-3.9265129183511025,2.665257346189075,3.1900800751079945,-3.327897789758779,9.271317554055802,-1.7884348718034402,1.5974761753806621,0.24569267011465612,-0.19171418713633268,1.3360123898910585,-1.9807110616869732,0.24830972056092485,0.24102908410540538,1.4898588192078266,-4.317399601192156,1.3161392780073646,5.374625633868176,7.544464406935618,-3.293467324108995,-4.145069652204709,-6.398717513140593,-0.1670401960442633,-0.051816377024888116,-1.1486603945460658,2.2582313750876986,-3.801162162813396,1.74707324570225,4.83358856468655,6.164182344661438,-0.5175137475614835,-0.4720637564744166,4.688675296648941,1.4582078467286066,-4.337385869005581,0.6542174415942893,-3.7145484173800987,-3.835558211240538,1.5300179260868012,6.303278815841759,-5.628880887071253,-5.995571214900994,1.5484591151924163,-3.211179125126813,-3.7634787276986192,1.6498635600143186,-1.7716950618986527,-3.0122650924687595,2.4329936819644873,1.3249132112738315,2.4383322751037237,0.7967913357486421,5.411191260540993,-0.2129967029267662
-0.8247498822667676,1.5274878304893171,4.578307546412235,-10.212299316042808,6.299290572255783,7.993709995346897,-6.700048249600062,22.2076729466875,-4.401373868233668,5.098858184169878,-0.48147838153543326,-0.4824847394839553,3.062280979047043,-3.2131677374844565,0.18677777546781704,0.8159929182268846,4.391738865192703,-9.822597788516543,3.8685112949998057,13.5088113669503,18.237957782255247,-7.580749648951658,-9.976611427654653,-15.8728286727156,0.4678571808238263,-0.5040391025345466,-2.2558259283693824,5.557438974549853,-8.822855888228215,4.7782550606839544,11.876351948498794,14.238371618491183,-1.5629130396140465,-0.3486681291877991,11.734797093510238,4.015839960036193,-10.883408902325908,1.0388949439940791,-10.649386195217447,-7.43715063526172,3.487126109360604,14.186360922554945,-12.816261124318027,-14.488547407678501,3.4026339199622133,-7.41288873782623,-9.712499654603027,4.1106537647420875,-3.0416996490251487,-6.6322222154357675,5.552064403775883,2.314533066793406,4.835031968994901,1.4700321565939347,12.959803995425517,0.12806224498122779
0.8100675138236824,-3.9265129183511025,-10.212299316042808,26.910783261165264,-15.59310934904206,-21.65767973157937,22.18625293040418,-62.07871849452014,12.444631091220312,-13.578260538726447,-0.151077701085728,1.1553631715227484,-9.64862849842924,10.03494580138225,-1.9596507277606632,-2.303111223105754,-11.834148196489375,27.00172862495136,-9.305021212051642,-36.00473116994805,-49.87056633776287,20.360185632780006,28.053286712467624,42.89713678064833,-0.5648609577659796,0.7969494924450717,6.921104708554546,-14.813069230526388,25.247509386777182,-10.805274592039234,-32.096710800399045,-38.68420570510555,2.681291224123102,1.729420806356601,-31.27678749606447,-10.659594330056292,28.878681614856664,-4.1762499012133025,27.808827671775358,22.41418027158484,-8.209095836946375,-39.35991367556934,36.61802413335168,41.137532592535386,-9.752010740213361,19.489919738390288,24.95539316208622,-12.202615881497083,8.601912478551304,18.92373203832646,-15.596046805697931,-7.100084652357598,-13.001966849032293,-4.629365238034883,-35.15962472386413,0.5286435268906047
-0.340889144670026,2.665257346189075,6.299290572255783,-15.59310934904206,9.76421475529801,12.486227890341222,-12.178420352352594,35.63950421479829,-7.02191600232633,7.30134433688821,0.15066197345185467,-0.7227131125049727,5.208906458158396,-6.264502415757329,0.8216766212410385,1.1733447148302798,6.476681420001279,-15.979735613277986,5.491064673240667,20.961100449793726,28.95290419154434,-12.184411755667101,-16.0148757761231,-24.863014798128955,0.09418306642846519,-0.4652672679345218,-4.032562524138411,8.68993895199391,-14.439777157336477,6.818804981656282,18.667832366644163,22.941333664866836,-1.9871340072797388,-1.1679348295058185,18.236498340600647,6.025859904027922,-16.872461073475996,2.2275158082245246,-15.674818323791284,-13.284204388475223,5.399358865569517,23.245562514519694,-21.11557883148377,-23.301439167853136,5.688156723967223,-11.819215286520366,-14.745963752743545,6.64292756515585,-5.608610557785373,-11.062182306396746,9.087329390562868,4.3437018081956165,8.250767294370037,2.719267265938038,20.58998785579539,-0.3440256282068635
-0.43969415020556707,3.1900800751079945,7.993709995346897,-21.65767973157937,12.486227890341222,17.50884439986036,-18.435284083682355,50.4389329686785,-10.116618530231458,10.883946132294522,0.33459967491188825,-0.9190613241256973,7.950701156110914,-8.354504816759377,1.754194015220244,1.857379522176972,9.518719968100719,-21.930892305582706,7.37105797279444,29.046697870148847,40.4045527265346,-16.485428871016722,-22.805533786050137,-34.67934466570165,0.3312638744195331,-0.5647556018776957,-5.7141937122492905,11.958047123413412,-20.58721500676365,8.500504054143393,25.95534896400093,31.361479308640856,-1.9988019708825056,-1.5282016702444985,25.235659980263456,8.572880831667389,-23.286159363023742,3.547726249586654,-22.293785262710305,-18.480835250253975,6.537626015815022,32.01318544271919,-29.870923999449285,-33.475360029668586,7.966525827924713,-15.738805418149559,-20.023944590800184,9.970684189362084,-7.078787663170718,-15.450539994444899,12.697344978040917,5.885333919366165,10.583257787916173,3.8394265934242564,28.467255092512175,-0.555298894144163
-0.7995978327863226,-3.327897789758779,-6.700048249600062,22.18625293040418,-12.178420352352594,-18.435284083682355,22.62382099251312,-54.68185057648502,11.038439006163628,-11.061532412171841,-1.6180402680665031,0.8592556224700199,-9.3928413485621,10.109740958565864,-2.9723227374114125,-1.976766641113738,-9.838119684956636,23.577211481591835,-6.804764667051069,-30.151673588498312,-43.008146886697745,17.37186849161297,24.826150815616842,36.471526064474205,0.33723637737195794,0.1115745001627389,6.72292170780677,-12.438571164223113,22.779490746552018,-7.343700167403364,-27.32107901896346,-33.35122382784245,0.9440112171573171,2.3424787134655363,-26.206378308618653,-8.79351823174823,24.082644080280676,-4.829938581396683,22.44905754959887,21.525954305552855,-6.075425959500665,-34.702352046969445,33.069546945018296,36.69838146852914,-8.8675376090186,16.282184056134952,20.057633558091855,-11.260974482196975,8.003723510288289,17.139569553907776,-13.877340841697018,-6.997750928693218,-11.341589185746122,-4.61305064056883,-30.133014910838146,1.3464715682451147
-0.5585707949436792,9.271317554055802,22.2076729466875,-62.07871849452014,35.63950421479829,50.4389329686785,-54.68185057648502,146.1105850539218,-29.313694252435642,31.011804969597655,1.6584206416779317,-2.603259400062199,23.36569839873261,-24.888837122770124,5.5818613094029335,5.324285431493114,27.237889041117747,-63.539232570571386,20.752189927223622,83.49479254409059,116.69514392461474,-47.60727640683336,-66.09538060453089,-99.91239434890772,0.5297417342774421,-1.3692187702858372,-16.850555027919096,34.4033043000826,-59.87034201661005,23.77005101133723,74.8071323735163,90.67839639084802,-5.243284173695266,-4.837563541465106,72.55250522388181,24.54228316190658,-66.90284971114575,10.76331334494954,-63.586398475449315,-54.436345714480474,18.56265388119792,92.89168266908815,-86.92030245264068,-97.11212907166215,23.22303049816561,-45.32692930302513,-57.22160742970909,29.036623142189104,-20.846176466927524,-45.01410832628534,36.874115407493086,17.445115460818545,30.778630709451914,11.378818436812693,82.17117710571728,-2.017930437933049
0.1495289271096858,-1.7884348718034402,-4.401373868233668,12.444631091220312,-7.02191600232633,-10.116618530231458,11.038439006163628,-29.313694252435642,5.902091475829842,-6.318650253561728,-0.30623941509251695,0.5133508785633637,-4.737329826215218,4.891044539914987,-1.1610285903141082,-1.0951540124539034,-5.5269576876427555,12.664922523669263,-4.151170543959545,-16.715607735547497,-23.364360671554397,9.46904221331226,13.275405032571916,20.016651667540714,-0.15563924067225182,0.2793447905338316,3.3637869079201317,-6.875461516528421,12.01582646994917,-4.6817971673041425,-14.975213759696867,-18.069818969943697,0.98689176522711,0.9311171727283498,-14.519881718897638,-4.9465719014778795,13.384267205330442,-2.1778693310105246,12.829521427922868,10.829336194995983,-3.6140632677311784,-18.521015577472202,17.4137073347064,19.534627050953848,-4.640441581367915,8.99096985385279,11.425404349232537,-5.884678373488079,4.058962119319268,8.991080862960727,-7.372790689742244,-3.4448830783887385,-6.036554259640105,-2.2665149332078536,-16.42240907456927,0.38867926224373184
-0.7909115133857448,1.5974761753806621,5.098858184169878,-13.578260538726447,7.30134433688821,10.883946132294522,-11.061532412171841,31.011804969597655,-6.318650253561728,7.408469883131931,-0.24898854507208662,-0.5493760138506729,4.972291867599646,-4.312599251403276,1.0430662029296418,1.3000540990382783,6.315087362935981,-13.075349169949595,4.755556051964757,17.990561530774993,24.77335830478879,-9.804142360339288,-14.078978243968454,-21.441300222430293,0.647537028007772,-0.4958843983909547,-3.2902770002816135,7.333401755049174,-12.56810637419063,5.204744361325798,15.976231569958644,18.763342191574427,-1.169782766849281,-0.5532344933734358,15.59935499097116,5.519523638782669,-14.391401561495499,2.0416718293605323,-14.529685901216812,-10.487824289860187,3.659648613849407,19.045246108252435,-18.060072620935074,-20.765679658897394,4.737955078164786,-9.300219252204865,-12.414176036464362,6.346406628330693,-3.5896664629388595,-9.183124093893715,7.640361684128829,3.1624862782026093,5.774082664589015,2.159395684911935,17.331770186960433,-0.06917037437292996
0.6715674584331468,0.24569267011465612,-0.48147838153543326,-0.151077701085728,0.15066197345185467,0.33459967491188825,-1.6180402680665031,1.6584206416779317,-0.30623941509251695,-0.24898854507208662,0.6567732492998938,0.00726355890911155,0.47514351077541583,-1.0400751222710276,0.4302294619877317,-0.031077737300618972,-0.08041724658261878,-0.8619817790174483,-0.2636666621849365,0.44518892761518747,1.0999371949009025,-0.5440842304937029,-0.7547404465240141,-0.7073607605526945,-0.444248495578731,0.2224558345986143,-0.4755884018595229,0.22869485878054457,-0.8748033272265976,-0.32956591554298287,0.5735311448269468,1.0788183063883243,0.3094396744010992,-0.47278091356486845,0.40589616373028553,-0.009635179342482989,-0.34311881814917566,0.5131189276091104,0.2527637152206054,-1.543835368411699,0.06173447809081327,1.3738447234055127,-1.3639590571297988,-1.1425750062565234,0.41941691005715986,-0.44940045699960796,-0.059675397653071005,0.36814549093700766,-0.7275831955056118,-0.7970217508285617,0.5387350064493986,0.6286346652469438,0.6749370999957182,0.37728313043556205,0.7810344162818639,-0.4025372785428143
0.04416163167046819,-0.19171418713633268,-0.4824847394839553,1.1553631715227484,-0.7227131125049727,-0.9190613241256973,0.8592556224700199,-2.603259400062199,0.5133508785633637,-0.5493760138506729,0.00726355890911155,0.0540127055537127,-0.3735369319583719,0.4370274667607249,-0.04861245016268365,-0.08795558712204081,-0.48350088479925385,1.1644268509976807,-0.41591592355129,-1.5463818736429316,-2.1221882187405523,0.8912095033482722,1.1694237054537107,1.829055563775466,-0.019280602568161005,0.04088347566526689,0.2864947607412604,-0.6399176385753454,1.0489530041775303,-0.5170291312025884,-1.3721811818174807,-1.6762447994060055,0.15699896803062327,0.07370028450625893,-1.344883366807748,-0.4482346246442533,1.2452438572498719,-0.15095695088676567,1.1723467364194213,0.9446787099350746,-0.40051684200976895,-1.6904425796793425,1.531711176616542,1.700034190857652,-0.41122072394836207,0.8668777922731896,1.09526318581233,-0.48314997060872106,0.39726585901660855,0.8002854891435613,-0.6606573377651542,-0.3055477211322863,-0.5953485433550578,-0.19161935627128016,-1.509437284100543,0.01426589206066467
0.10643622836157796,1.3360123898910585,3.062280979047043,-9.64862849842924,5.208906458158396,7.950701156110914,-9.3928413485621,23.36569839873261,-4.737329826215218,4.972291867599646,0.47514351077541583,-0.3735369319583719,3.976415810374985,-4.0217710750547555,1.1786207018230823,0.8892090846402448,4.362826183609762,-9.982012782244665,3.057660022975609,13.021238061952415,18.420294504253885,-7.373884015524656,-10.615548286943833,-15.702082115949953,0.02641443245272087,-0.12529675670748391,-2.7733786115617542,5.350345270855567,-9.674749875422131,3.2758126166504784,11.74178906015821,14.163873587130968,-0.48155622158970474,-0.8464166455701345,11.308437514681126,3.8614667763899844,-10.399288487024625,1.9515633195308533,-9.941501418015902,-8.852941102748392,2.5786928862212255,14.660436679426883,-13.997434938280591,-15.698575384174495,3.7291553522332226,-6.917912893368297,-8.724362541156893,4.834217860012026,-3.1935174009009963,-7.210423015636604,5.877323267047095,2.8224848476798488,4.6630245450584935,1.883512720914741,12.886697263521393,-0.44642491782707233
-0.7431170613979312,-1.9807110616869732,-3.2131677374844565,10.03494580138225,-6.264502415757329,-8.354504816759377,10.109740958565864,-24.888837122770124,4.891044539914987,-4.312599251403276,-1.0400751222710276,0.4370274667607249,-4.0217710750547555,5.391939347479022,-1.185475928460748,-0.7157062432442384,-4.012656968189024,11.264782762591366,-3.0597974446013922,-13.82754113094879,-19.815101393575397,8.406639853511587,11.21043422136752,16.677193455283223,0.5537893892909911,-0.030723776068200506,3.2261269121140868,-5.787556163294432,10.386335906475495,-3.736548638761722,-12.574377226013981,-15.93533278494093,0.7415270724949166,1.3989922421578729,-12.053329714470943,-3.799955331175152,11.099996351738806,-2.17403908966382,9.560382307371032,10.563554894476258,-3.399675931884262,-16.56742671322937,15.28703831742206,16.401213655586226,-4.184589993687182,8.020030333530787,9.32943671729598,-4.775372664671712,4.501077392067438,8.107648837469037,-6.495814907383311,-3.6156323309790075,-6.074992228319159,-2.2546290509625946,-14.06537478575133,0.7960333728549298
0.3420735719989474,0.24830972056092485,0.18677777546781704,-1.9596507277606632,0.8216766212410385,1.754194015220244,-2.9723227374114125,5.5818613094029335,-1.1610285903141082,1.0430662029296418,0.4302294619877317,-0.04861245016268365,1.1786207018230823,-1.185475928460748,0.5841714570956057,0.21646947883498963,0.9473813228489961,-2.290217498216653,0.4121086072019136,2.7403790754099417,4.16688084087732,-1.5880179575618798,-2.570448622788493,-3.4406298797031902,-0.15172379342011283,0.09941394789396625,-0.792840914526017,1.1262971692215569,-2.4345054387051337,0.2457409820245464,2.5730486331315685,3.1505218644248187,0.23982697861956648,-0.3624965061496679,2.380010456147975,0.8023895754548583,-2.1590395226047727,0.7344179647329622,-1.9593415646966805,-2.460072278365048,0.2936449237106312,3.4423633468109496,-3.511638061242866,-3.8835063160505725,0.942055072254798,-1.3948786180118333,-1.6220006137577532,1.3037920538571648,-0.7867082186283706,-1.8045602665231342,1.4206619178645896,0.8085976405300379,1.008672570793784,0.5601566532139874,2.8544920592442904,-0.29424655056524196
-0.12845838884254626,0.24102908410540538,0.8159929182268846,-2.303111223105754,1.1733447148302798,1.857379522176972,-1.976766641113738,5.324285431493114,-1.0951540124539034,1.3000540990382783,-0.031077737300618972,-0.08795558712204081,0.8892090846402448,-0.7157062432442384,0.21646947883498963,0.23413007915287887,1.1021872711617215,-2.2055844955680115,0.7893782401297159,3.0487690296461882,4.218039396229052,-1.638634911305375,-2.425452851912482,-3.6482440788712105,0.11962238099962956,-0.07793371612982172,-0.5673290362297008,1.2378665764062804,-2.168048877077848,0.8216837590265937,2.7136204892904363,3.1566736211942508,-0.15035926066690286,-0.09061505713759914,2.6414803285380066,0.9482125674280157,-2.432980086020284,0.3765508894027412,-2.4940874355428226,-1.78837764866816,0.5623166009789892,3.2199926104261407,-3.102572903851942,-3.594751136767632,0.8096232214199266,-1.538108578836568,-2.0774216153622413,1.1233476393380368,-0.5692582257455584,-1.5665700023661744,1.302973820923007,0.530593153264329,0.9293047480292019,0.37196869874755656,2.9349648989134054,-0.018595511632805622
-0.5397448353172921,1.4898588192078266,4.391738865192703,-11.834148196489375,6.476681420001279,9.518719968100719,-9.838119684956636,27.237889041117747,-5.5269576876427555,6.315087362935981,-0.08041724658261878,-0.48350088479925385,4.362826183609762,-4.012656968189024,0.9473813228489961,1.1021872711617215,5.42265512008436,-11.580521874849723,4.0968954220384255,15.740729756710989,21.75884621208718,-8.682141511115537,-12.353732391593985,-18.779079949792507,0.44489146309683036,-0.3884356013475905,-2.9558484349107323,6.434569438988882,-11.070411910323667,4.537325878214846,14.010445119824775,16.59400568871451,-1.016255850856355,-0.595389832891839,13.656251289529772,4.77615613394227,-12.597374221474926,1.8482528491836787,-12.522968470450275,-9.458124684982181,3.281553755377305,16.88437821295725,-15.951930777551665,-18.202010714867416,4.205638716261061,-8.244679322753212,-10.843474517866387,5.530439904133674,-3.347382268167622,-8.15164992333626,6.753886896319286,2.902815467204934,5.248955752754451,1.9555989349509686,15.249357201530403,-0.14339072022245708
0.057239946689852154,-4.317399601192156,-9.822597788516543,27.00172862495136,-15.979735613277986,-21.930892305582706,23.577211481591835,-63.539232570571386,12.664922523669263,-13.075349169949595,-0.8619817790174483,1.1644268509976807,-9.982012782244665,11.264782762591366,-2.290217498216653,-2.2055844955680115,-11.580521874849723,27.959928987439334,-9.042012164881998,-36.417291591405316,-50.918768794335925,21.021426948415357,28.68557960303404,43.53340344026675,-0.012375343454066599,0.5631679458336317,7.410218038646629,-15.054800016909471,26.031223874417837,-10.637870064629226,-32.642929103213774,-39.911009305827584,2.509625474504042,2.281347230537525,-31.6655004623532,-10.567467266590558,29.216996562215357,-4.632728304970929,27.313287780183185,24.08451911166275,-8.489327932754769,-40.86205074078203,37.91784438951458,42.035075138674856,-10.180796626816061,20.105224234022916,25.060487835140375,-12.400662928010718,9.572025575343126,19.747073476086715,-16.139965309342266,-7.825297601758185,-13.939932356253145,-5.0265922702978765,-35.96972325452321,0.9629109887634542
-0.5943372226109711,1.3161392780073646,3.8685112949998057,-9.305021212051642,5.491064673240667,7.37105797279444,-6.804764667051069,20.752189927223622,-4.151170543959545,4.755556051964757,-0.2636666621849365,-0.41591592355129,3.057660022975609,-3.0597974446013922,0.4121086072019136,0.7893782401297159,4.0968954220384255,-9.042012164881998,3.392879505540422,12.345918119306603,16.844892544531376,-6.89506515516964,-9.358983114967865,-14.601150478806384,0.3766777716443608,-0.38940195196015953,-2.1792361235351567,5.068510177232208,-8.330157855678918,4.03099777355792,10.91448326360006,13.040577611801274,-1.1668255255796052,-0.39674177235004954,10.720164630234196,3.6934118046309794,-9.920145731737788,1.1652064563053728,-9.740783994984977,-7.096038179791477,2.9460568463229824,13.113243790739233,-12.065261029892778,-13.67337876112985,3.1967791276086674,-6.663909897458024,-8.720349563047662,3.9930604772235223,-2.747500981301586,-6.216119427208042,5.176651006565057,2.202512472906132,4.3241394555902675,1.432066875662046,11.905073163290947,0.009780537877193955
-0.8266686323493364,5.374625633868176,13.5088113669503,-36.00473116994805,20.961100449793726,29.046697870148847,-30.151673588498312,83.49479254409059,-16.715607735547497,17.990561530774993,0.44518892761518747,-1.5463818736429316,13.021238061952415,-13.82754113094879,2.7403790754099417,3.0487690296461882,15.740729756710989,-36.417291591405316,12.345918119306603,48.26970298592017,67.0247852223142,-27.43572452771973,-37.72367172469567,-57.562273475411516,0.5701724908719532,-0.9848052754344284,-9.419724759665778,19.88241875423687,-34.02397338487721,14.374041345488756,43.09223252030833,52.122181768815125,-3.5154835844185603,-2.4980653146403746,41.941001127759215,14.221062911586246,-38.717377725959224,5.744064253574176,-37.01319502874592,-30.530716218324965,11.055701386660441,53.122139000270764,-49.39935739732242,-55.31214270056316,13.182883190214687,-26.253453271523576,-33.38930841729211,16.389772888776342,-11.818630044780292,-25.577786674767285,21.034329002636955,9.73559223699829,17.687347688151423,6.324258300719502,47.27414641163446,-0.8552767601852823
-0.6579974965675678,7.544464406935618,18.237957782255247,-49.87056633776287,28.95290419154434,40.4045527265346,-43.008146886697745,116.69514392461474,-23.364360671554397,24.77335830478879,1.0999371949009025,-2.1221882187405523,18.420294504253885,-19.815101393575397,4.16688084087732,4.218039396229052,21.75884621208718,-50.918768794335925,16.844892544531376,67.0247852223142,93.44498945998264,-38.2574638337236,-52.7438902820313,-80.08061454280788,0.4934873968194808,-1.1924041605669657,-13.372647744718092,27.63030602885917,-47.71285690340585,19.517470520652843,59.97175093219619,72.75198646778387,-4.548557940572211,-3.7799841909396585,58.24659101342101,19.671876307224743,-53.739859943177336,8.3590673807892,-51.03630931874189,-43.30512359765855,15.212205392740568,74.37190138226349,-69.31471546382903,-77.39468177658101,18.528041602251015,-36.52776156023012,-46.13704343595741,23.00269387953435,-16.772393011902977,-35.93169451841452,29.466103768239662,13.888299827020482,24.82664237160731,9.018111557077434,65.88170632609857,-1.479199289342765
0.13954397785636122,-3.293467324108995,-7.580749648951658,20.360185632780006,-12.184411755667101,-16.485428871016722,17.37186849161297,-47.60727640683336,9.46904221331226,-9.804142360339288,-0.5440842304937029,0.8912095033482722,-7.373884015524656,8.406639853511587,-1.5880179575618798,-1.638634911305375,-8.682141511115537,21.021426948415357,-6.89506515516964,-27.43572452771973,-38.2574638337236,15.850961248480257,21.473597855832466,32.74264680513341,-0.043337538563546774,0.4663703066949959,5.513066447367443,-11.346957264383303,19.4577634358914,-8.204003807384794,-24.55677107918016,-30.04426801644113,2.0381588584388486,1.6698500759012966,-23.858026906693905,-7.950475044662713,22.025819198410638,-3.366034035258564,20.580826941654575,17.96382084714424,-6.52762836158521,-30.691181290582573,28.361333920215092,31.42342511945217,-7.618268843716457,15.204305586068347,18.968447451852025,-9.210338636637614,7.2203602844394945,14.784586682609838,-12.098637156608538,-5.840274492942586,-10.54650808919998,-3.734120603085836,-27.060515922359606,0.661419050642295
0.25494042408746853,-4.145069652204709,-9.976611427654653,28.053286712467624,-16.0148757761231,-22.805533786050137,24.826150815616842,-66.09538060453089,13.275405032571916,-14.078978243968454,-0.7547404465240141,1.1694237054537107,-10.615548286943833,11.21043422136752,-2.570448622788493,-2.425452851912482,-12.353732391593985,28.68557960303404,-9.358983114967865,-37.72367172469567,-52.7438902820313,21.473597855832466,29.910754220450123,45.1588458632305,-0.25971690507891704,0.6137214972482081,7.620770040871549,-15.536304413526091,27.094026172203687,-10.663485197741453,-33.804398354218,-40.928557295591936,2.3082568429524692,2.174554297346397,-32.77672557781753,-11.108208630850978,30.219443073957013,-4.898058703734663,28.781608659039623,24.59100356366142,-8.307777487460507,-41.94562130658929,39.31546420930989,43.9706949664664,-10.497103731647666,20.423774446485094,25.820721121746516,-13.18155538984659,9.35542686399745,20.343546126921286,-16.666131175623107,-7.866390983564634,-13.83066052233891,-5.1445312379880646,-37.1174775455014,0.9152258368365533
0.8137278969715074,-6.398717513140593,-15.8728286727156,42.89713678064833,-24.863014798128955,-34.67934466570165,36.471526064474205,-99.91239434890772,20.016651667540714,-21.441300222430293,-0.7073607605526945,1.829055563775466,-15.702082115949953,16.677193455283223,-3.4406298797031902,-3.6482440788712105,-18.779079949792507,43.53340344026675,-14.601150478806384,-57.562273475411516,-80.08061454280788,32.74264680513341,45.1588458632305,68.71403319151591,-0.5921952816887572,1.1076333706862944,11.344265409462231,-23.71140656289699,40.78090974823037,-16.915223656353593,-51.44186475833381,-62.25408098659978,4.018821841686846,3.079767105706434,-50.01577018400114,-16.950104364471848,46.1563983316866,-7.018058639957555,44.05888308565156,36.72947555466955,-13.063052841551066,-63.5444049660368,59.20615841498862,66.25653950796216,-15.804445342024033,31.283739126719425,39.70747520381168,-19.68876253709445,14.165587182636243,30.65510274306912,-25.181422903668945,-11.727556166074153,-21.11921429783442,-7.629146210073783,-56.4528633473764,1.1269266120970722
-0.4948718367472713,-0.1670401960442633,0.4678571808238263,-0.5648609577659796,0.09418306642846519,0.3312638744195331,0.33723637737195794,0.5297417342774421,-0.15563924067225182,0.647537028007772,-0.444248495578731,-0.019280602568161005,0.02641443245272087,0.5537893892909911,-0.15172379342011283,0.11962238099962956,0.44489146309683036,-0.012375343454066599,0.3766777716443608,0.5701724908719532,0.4934873968194808,-0.043337538563546774,-0.25971690507891704,-0.5921952816887572,0.36702816360295454,-0.164863247581415,0.14742441652856392,0.1872910685924591,-0.09829793989037694,0.33645461564235724,0.39701295244326745,0.10768123335590604,-0.15544339416075,0.3114589538300362,0.4753811498456081,0.30900774302047007,-0.4507212216661779,-0.1833966425461527,-0.9676035375076063,0.5388791299764373,-0.006937335530450128,-0.04647622752708975,-0.03465264169521017,-0.405410233156071,-0.04468343741293585,-0.04748660657186545,-0.5014879193238362,0.17177712414716353,0.42976672160172097,0.08202866872502709,0.017765617204304696,-0.29806819950243785,-0.3109458213138204,-0.14325404018037763,0.29755186647067305,0.2612663173034014
0.25568492578252655,-0.051816377024888116,-0.5040391025345466,0.7969494924450717,-0.4652672679345218,-0.5647556018776957,0.1115745001627389,-1.3692187702858372,0.2793447905338316,-0.4958843983909547,0.2224558345986143,0.04088347566526689,-0.12529675670748391,-0.030723776068200506,0.09941394789396625,-0.07793371612982172,-0.3884356013475905,0.5631679458336317,-0.38940195196015953,-0.9848052754344284,-1.1924041605669657,0.4663703066949959,0.6137214972482081,1.1076333706862944,-0.164863247581415,0.10300110615174211,0.053174562462309866,-0.3915777258958713,0.4849599997212739,-0.4758573808630299,-0.8155607412558982,-0.8630375659606937,0.20795123403228594,-0.10474504200375133,-0.8497669546116163,-0.3346696057740945,0.7968703489336032,0.05412448609168153,0.9510170348343826,0.17880456503048958,-0.26015672514219196,-0.77825115415604,0.6761669374961796,0.8810460629314494,-0.16272016500851472,0.47683998685376927,0.7771514191938306,-0.24171335948546793,0.03930673864426523,0.32249707940080624,-0.30601930327780563,-0.01262623901019745,-0.19987569583114814,-0.015665365765896732,-0.8449476828471801,-0.1226107712872458
-0.2401002472272578,-1.1486603945460658,-2.2558259283693824,6.921104708554546,-4.032562524138411,-5.7141937122492905,6.72292170780677,-16.850555027919096,3.3637869079201317,-3.2902770002816135,-0.4755884018595229,0.2864947607412604,-2.7733786115617542,3.2261269121140868,-0.792840914526017,-0.5673290362297008,-2.9558484349107323,7.410218038646629,-2.1792361235351567,-9.419724759665778,-13.372647744718092,5.513066447367443,7.620770040871549,11.344265409462231,0.14742441652856392,0.053174562462309866,2.0713523101024203,-3.904088529381476,6.988556902234027,-2.5028342356379083,-8.515879720397923,-10.510635917422105,0.46079938182044883,0.7497893799868742,-8.194824301603937,-2.6991952455217043,7.544400680788431,-1.406680809908827,6.890767147028778,6.704398091449341,-2.1041160559039542,-10.88149214196716,10.194827699335143,11.204104590169884,-2.7508342541295496,5.22540666909689,6.3566044749974155,-3.350377289734165,2.6492739462161237,5.326044705022475,-4.311319475913923,-2.213333999693269,-3.7266671461793255,-1.4244325200604606,-9.426798197660014,0.4020271709359992
-0.2877556803281709,2.2582313750876986,5.557438974549853,-14.813069230526388,8.68993895199391,11.958047123413412,-12.438571164223113,34.4033043000826,-6.875461516528421,7.333401755049174,0.22869485878054457,-0.6399176385753454,5.350345270855567,-5.787556163294432,1.1262971692215569,1.2378665764062804,6.434569438988882,-15.054800016909471,5.068510177232208,19.88241875423687,27.63030602885917,-11.346957264383303,-15.536304413526091,-23.71140656289699,0.1872910685924591,-0.3915777258958713,-3.904088529381476,8.19804640600834,-14.02681729428403,5.937530296311461,17.759041026938043,21.541786799266387,-1.463506747832392,-1.0702557687688243,17.279162766894608,5.83370638725574,-15.952058370039582,2.3767614534774086,-15.165482365149574,-12.673060127982685,4.604390958230376,21.96355833363102,-20.386043307894898,-22.766601953220114,5.449220099315289,-10.866931311509916,-13.756528519488164,6.724887530847413,-4.957318462506585,-10.57377971324926,8.685859853604873,4.061062829484539,7.375001721259323,2.626570947361615,19.503798108380064,-0.379551110133191
0.0271889763947286,-3.801162162813396,-8.822855888228215,25.247509386777182,-14.439777157336477,-20.58721500676365,22.779490746552018,-59.87034201661005,12.01582646994917,-12.56810637419063,-0.8748033272265976,1.0489530041775303,-9.674749875422131,10.386335906475495,-2.4345054387051337,-2.168048877077848,-11.070411910323667,26.031223874417837,-8.330157855678918,-34.02397338487721,-47.71285690340585,19.4577634358914,27.094026172203687,40.78090974823037,-0.09829793989037694,0.4849599997212739,6.988556902234027,-14.02681729428403,24.599916102820668,-9.48707851816992,-30.541025153786315,-37.096721221235505,1.985689693058812,2.09642822396945,-29.568177608689332,-9.974935840839597,27.252288532758772,-4.551563722448462,25.776763103452563,22.555983445285804,-7.488480305878816,-38.0976394561244,35.72631441588454,39.837947353586074,-9.555967082183416,18.487770476059847,23.217441386148614,-11.94757309675761,8.62830294654013,18.51513565570558,-15.133832941542984,-7.257026189760007,-12.633965256115006,-4.734756761047165,-33.58087588287186,0.9428010035962215
-0.675263600162714,1.74707324570225,4.7782550606839544,-10.805274592039234,6.818804981656282,8.500504054143393,-7.343700167403364,23.77005101133723,-4.6817971673041425,5.204744361325798,-0.32956591554298287,-0.5170291312025884,3.2758126166504784,-3.736548638761722,0.2457409820245464,0.8216837590265937,4.537325878214846,-10.637870064629226,4.03099777355792,14.374041345488756,19.517470520652843,-8.204003807384794,-10.663485197741453,-16.915223656353593,0.33645461564235724,-0.4758573808630299,-2.5028342356379083,5.937530296311461,-9.48707851816992,5.061066737421999,12.679834172372264,15.385069532573159,-1.6523938261297126,-0.5187868842990992,12.496574840107536,4.202778660005126,-11.587943052009088,1.1882986431040603,-11.080247515968534,-8.288058023395266,3.8149153097569553,15.388141958472337,-13.837743459833861,-15.462233786855574,3.7006596731792833,-8.029655573305483,-10.309812585732079,4.345334727247196,-3.5100937701559185,-7.212519409501257,5.9994855694415294,2.643030952988319,5.405221544034892,1.6522946502967073,13.9027465402271,0.026066911250249968
-0.5579177752382131,4.83358856468655,11.876351948498794,-32.096710800399045,18.667832366644163,25.95534896400093,-27.32107901896346,74.8071323735163,-14.975213759696867,15.976231569958644,0.5735311448269468,-1.3721811818174807,11.74178906015821,-12.574377226013981,2.5730486331315685,2.7136204892904363,14.010445119824775,-32.642929103213774,10.91448326360006,43.09223252030833,59.97175093219619,-24.55677107918016,-33.804398354218,-51.44186475833381,0.39701295244326745,-0.8155607412558982,-8.515879720397923,17.759041026938043,-30.541025153786315,12.679834172372264,38.519314463342596,46.675285075475344,-3.0239345571637424,-2.345751918197908,37.4462410236729,12.665767353415736,-34.557761537950896,5.264111483234566,-32.90498438060605,-27.590998051962874,9.828765471591572,47.65074359742272,-44.359839246260194,-49.58425528816912,11.850089998741364,-23.471463563529962,-29.72925011574797,14.713677134879905,-10.69162114167868,-22.98609454604539,18.87240268044747,8.829048568650869,15.897648014203405,5.73227987745287,42.2923024106631,-0.8700981911196857
-0.23739721993362423,6.164182344661438,14.238371618491183,-38.68420570510555,22.941333664866836,31.361479308640856,-33.35122382784245,90.67839639084802,-18.069818969943697,18.763342191574427,1.0788183063883243,-1.6762447994060055,14.163873587130968,-15.93533278494093,3.1505218644248187,3.1566736211942508,16.59400568871451,-39.911009305827584,13.040577611801274,52.122181768815125,72.75198646778387,-30.04426801644113,-40.928557295591936,-62.25408098659978,0.10768123335590604,-0.8630375659606937,-10.510635917422105,21.541786799266387,-37.096721221235505,15.385069532573159,46.675285075475344,57.01227949747765,-3.713075382011946,-3.1687328104769255,45.318934310681236,15.143566344750877,-41.825436490200865,6.499741710076024,-39.19314870036321,-34.181301268092334,12.214333162981495,58.295445092377626,-54.02897927523484,-59.950705022048865,14.499005175309003,-28.765874747126816,-35.94775427354666,17.65487220464464,-13.60037385051797,-28.129040117826268,23.016260240075017,11.085888325406986,19.885198832497267,7.118041360650757,51.40737269563061,-1.2843617715689484
0.37442289835619197,-0.5175137475614835,-1.5629130396140465,2.681291224123102,-1.9871340072797388,-1.9988019708825056,0.9440112171573171,-5.243284173695266,0.98689176522711,-1.169782766849281,0.3094396744010992,0.15699896803062327,-0.48155622158970474,0.7415270724949166,0.23982697861956648,-0.15035926066690286,-1.016255850856355,2.509625474504042,-1.1668255255796052,-3.5154835844185603,-4.548557940572211,2.0381588584388486,2.3082568429524692,4.018821841686846,-0.15544339416075,0.20795123403228594,0.46079938182044883,-1.463506747832392,1.985689693058812,-1.6523938261297126,-3.0239345571637424,-3.713075382011946,0.7264393468071212,0.02118565138913543,-3.061116072856229,-1.003864027305596,2.8660276341211284,-0.01990430439737128,2.716348492278749,1.6346979989376345,-1.222386443328483,-3.562193064968629,2.9379998097090283,3.2473353120168813,-0.7927806757515434,2.090837026874131,2.7150052690330466,-0.7740832773420495,0.8803474928877917,1.5634108683568528,-1.3352137587717905,-0.5273548541267131,-1.4213267137398735,-0.28941147392846334,-3.317939931311817,-0.1454798734222201
-0.43591076275908974,-0.4720637564744166,-0.3486681291877991,1.729420806356601,-1.1679348295058185,-1.5282016702444985,2.3424787134655363,-4.837563541465106,0.9311171727283498,-0.5532344933734358,-0.47278091356486845,0.07370028450625893,-0.8464166455701345,1.3989922421578729,-0.3624965061496679,-0.09061505713759914,-0.595389832891839,2.281347230537525,-0.39674177235004954,-2.4980653146403746,-3.7799841909396585,1.6698500759012966,2.174554297346397,3.079767105706434,0.3114589538300362,-0.10474504200375133,0.7497893799868742,-1.0702557687688243,2.09642822396945,-0.5187868842990992,-2.345751918197908,-3.1687328104769255,0.02118565138913543,0.4584135397169639,-2.1879322401563712,-0.611829113166647,2.0040811530388956,-0.5739145466086047,1.431482757783419,2.46840445787058,-0.6461679710937402,-3.3984124795095774,3.1352069043944617,3.1828108067548677,-0.8845654340655037,1.5753023782463482,1.5962349323279386,-0.9191514679464198,1.126145389388863,1.7089512140128018,-1.3219787054095227,-0.9009768197246453,-1.371093125556507,-0.5460254959539027,-2.698600024462489,0.31594096539741595
-0.69607308202624,4.688675296648941,11.734797093510238,-31.27678749606447,18.236498340600647,25.235659980263456,-26.206378308618653,72.55250522388181,-14.519881718897638,15.59935499097116,0.40589616373028553,-1.344883366807748,11.308437514681126,-12.053329714470943,2.380010456147975,2.6414803285380066,13.656251289529772,-31.6655004623532,10.720164630234196,41.941001127759215,58.24659101342101,-23.858026906693905,-32.77672557781753,-50.01577018400114,0.4753811498456081,-0.8497669546116163,-8.194824301603937,17.279162766894608,-29.568177608689332,12.496574840107536,37.4462410236729,45.318934310681236,-3.061116072856229,-2.1879322401563712,36.44356273730277,12.346410986316759,-33.64289478507608,4.9954620225969,-32.12648774710279,-26.5687927140011,9.6274952636215545,46.19193667923174,-42.93864838467829,-48.053040609686185,11.46251909303405,-22.833705503687042,-29.01304192397878,14.22985914644709,-10.306665366182509,-22.240338179998755,18.285649187769057,8.480603745442371,15.406081421413397,5.504163956901341,41.08921990665248,-0.7546139848905923
-0.4051253299118669,1.4582078467286066,4.015839960036193,-10.659594330056292,6.025859904027922,8.572880831667389,-8.79351823174823,24.54228316190658,-4.9465719014778795,5.519523638782669,-0.009635179342482989,-0.4482346246442533,3.8614667763899844,-3.799955331175152,0.8023895754548583,0.9482125674280157,4.77615613394227,-10.567467266590558,3.6934118046309794,14.221062911586246,19.671876307224743,-7.950475044662713,-11.108208630850978,-16.950104364471848,0.30900774302047007,-0.3346696057740945,-2.6991952455217043,5.83370638725574,-9.974935840839597,4.202778660005126,12.665767353415736,15.143566344750877,-1.003864027305596,-0.611829113166647,12.346410986316759,4.258417004124054,-11.395691728631013,1.650092633035052,-11.138186443474169,-8.696350181235294,3.122289357976725,15.403339021177237,-14.424607577089283,-16.322487477675786,3.823752356655592,-7.58583111702498,-9.8350730221081,4.892784740585034,-3.2239733645794733,-7.416594489202402,6.1285482711651005,2.715576546792362,4.955140949806694,1.7959177396637784,13.833139066820548,-0.16722450020671478
0.6720629854664372,-4.337385869005581,-10.883408902325908,28.878681614856664,-16.872461073475996,-23.286159363023742,24.082644080280676,-66.90284971114575,13.384267205330442,-14.391401561495499,-0.34311881814917566,1.2452438572498719,-10.399288487024625,11.099996351738806,-2.1590395226047727,-2.432980086020284,-12.597374221474926,29.216996562215357,-9.920145731737788,-38.717377725959224,-53.739859943177336,22.025819198410638,30.219443073957013,46.1563983316866,-0.4507212216661779,0.7968703489336032,7.544400680788431,-15.952058370039582,27.252288532758772,-11.587943052009088,-34.557761537950896,-41.825436490200865,2.8660276341211284,2.0040811530388956,-33.64289478507608,-11.395691728631013,31.06090827773145,-4.576465146975875,29.66237747265038,24.471490525603745,-8.921617615386571,-42.61150561094244,39.579461305437825,44.29252870336461,-10.56617212856405,21.091986682888503,26.807519270312344,-13.10080625858817,9.512450750164362,20.503328809100516,-16.862209562265342,-7.810870388338392,-14.229762718419787,-5.065343760785105,-37.918891950715796,0.6774348225720584
