V1,V2,V3,V4,V5,V6,V7,V8,V9,V10,V11,V12,V13,V14,V15,V16,V17,V18,V19,V20,V21,V22,V23,V24,V25,V26,V27,V28,V29,V30,V31,V32,V33,V34,V35,V36,V37,V38,V39,V40,V41,V42,V43,V44,V45,V46,V47,V48,V49,V50,V51,V52,V53,V54,V55,V56
9.621799296830797,1.1383822440027462,-11.608875737820519,7.898264544150157,-5.378124755813733,-3.1577553753741694,-16.465608507377297,1.3183630259389252,-0.1755805147342087,-7.318315127585218,9.203421104466694,0.6606235516113467,4.091820261296077,-10.09322498427402,6.164274261851158,-0.9292198646982157,-4.686583212975367,-1.4694156290214666,-7.4885431695883105,-7.316455879347188,-3.0227783195734492,0.7248847477424194,-0.8836732413727358,5.923454633154481,-6.029209931723378,3.492620882686012,-4.172481158230475,-2.5126518068634716,-3.5339444958507826,-10.066243884415412,-3.949399495083559,-0.2428494093316275,6.449379150438633,-5.737458594616865,-6.146457420713031,-3.77112821853631,6.208663895911678,6.238506312446411,12.99226175506545,-13.039060109082131,-3.6891590546191364,3.9347272694494464,-6.084792983433281,-2.2368223637787463,2.273661156314017,2.081168086362883,9.145354948735429,1.7114746482303627,-5.744649628420985,-4.113620382841015,1.7673900968992926,5.81244717434996,3.1286237315906096,3.5870552360238586,-2.4672291578988865,-5.480089477575226
1.1383822440027462,0.14864082867661674,-1.3416266592499153,0.844768810991284,-0.5841269673536202,-0.30055690129619456,-2.0280760192191765,0.36816884949139866,-0.06321389763874352,-0.8218546974700628,1.0920101577560626,0.07436819401313625,0.5179895108627529,-1.231515279562349,0.7375471070630558,-0.1024267476950904,-0.5155990863260601,-0.26667359971801474,-0.8562488761646126,-0.7446551706510938,-0.18812653437190083,0.01620570458531034,-0.20046586812129236,0.5559698150757532,-0.7132261588644064,0.41147511638032597,-0.5184754570690304,-0.24732955079840194,-0.5052154732588804,-1.1565543846451176,-0.3587108699500574,0.10362214136993075,0.7554388213452345,-0.6864229748340349,-0.622040389503616,-0.4109105048653321,0.6375928709965539,0.7539914198229518,1.4460674661217896,-1.6230582483259814,-0.4090965966585046,0.6013085759606064,-0.8466110350096782,-0.4054533979709931,0.30296660287616217,0.179942037245866,0.9991761107926932,0.2443939614296258,-0.7110139645169858,-0.552530441716493,0.26289291710073365,0.7136953124139485,0.41585388389392103,0.44122996975197243,-0.17239005942460658,-0.6517253444120544
-11.608875737820519,-1.3416266592499153,14.07901896784104,-9.734124624334036,6.607887432913923,3.9766096559817345,19.683501561848047,-1.1063270955409361,0.11497485671549891,8.930096465866098,-11.096956805346904,-0.8057092729674343,-4.8595397544559535,12.09239506274271,-7.4185146073350685,1.1382658125373701,5.743196353840999,1.561017680917113,9.102946142587937,9.103551305925247,4.033919706872714,-1.0333445429072023,0.8472489992379338,-7.477363350762258,7.274594923915599,-4.217897285816546,4.97753102113427,3.1455645593169566,4.064960753579713,12.223646551708915,5.012785413737374,0.5950877907257222,-7.798651698685758,6.904983484103227,7.655839763451971,4.630417530861089,-7.712194068944126,-7.490589863243703,-15.883289578441318,15.548425953395995,4.513525380696757,-4.437415910581286,7.05222851233728,2.3773849292525395,-2.6656955684922727,-2.6622601334317855,-11.223103348584333,-1.9692821387934991,6.859475057090769,4.812892702912724,-2.009622482518017,-6.9534618862617155,-3.670441366206128,-4.289422348769835,3.2495374487837365,6.604157580032312
7.898264544150157,0.844768810991284,-9.734124624334036,7.059979869908345,-4.750092488743024,-3.0616065178939578,-13.002070862671534,-0.2816141260768225,0.12865175240006718,-6.290177394047617,7.534728444256775,0.5666600407799269,3.1411342565688773,-8.045135846715338,5.007153134450353,-0.8110523231381986,-4.097005494222518,-0.6095956655173131,-6.338295731713071,-6.783425901857398,-3.5707968271111596,1.0421081689161749,-0.10889469357734848,5.793406821718217,-4.949894951589706,2.8782210314096535,-3.265561662593032,-2.3836080271529583,-2.34106243103941,-8.484269801672797,-3.939665596283059,-1.0500373567781385,5.342996049601878,-4.660818913618842,-5.721383683143018,-3.32225722201354,5.71978996453774,5.018843719400325,11.25041140777172,-10.186829027960847,-3.204295673188498,2.3572003868171687,-4.180474786983922,-0.9311147233990246,1.648089694170943,2.1344212787892882,8.039585719594227,1.1355645559573266,-4.514135627468031,-2.9536006325429947,1.1050855806127697,4.604109996664701,2.2744853324725693,2.8363058778344588,-2.793444127484192,-4.476852260060691
-5.378124755813733,-0.5841269673536202,6.607887432913923,-4.750092488743024,3.2011715552109776,2.038123343310929,8.904460504626256,0.05638873938501951,-0.06052659617289981,4.255070159106928,-5.132579215926061,-0.3834337852141014,-2.1604875616947763,5.501965445170198,-3.4147486386404,0.547473293521081,2.7649462837439716,0.4743061624215145,4.296929199623658,4.541825768693116,2.323305346288493,-0.6652226102580948,0.13534012105803783,-3.8524654139626597,3.3704383982503137,-1.9587379756349952,2.2394347783298714,1.5911922452977476,1.649657255893192,5.75519766801282,2.6133631454531328,0.6305598228972166,-3.6333272887068118,3.1785210884811548,3.828741657405535,2.2397114518784,-3.8328830842287505,-3.4275968534862042,-7.602576713227973,6.987738360481644,2.164418833752667,-1.691698594106416,2.927420548497531,0.7238502415678051,-1.1438926026713585,-1.4110924073771494,-5.421507459889627,-0.7999680404956128,3.0937858269547935,2.053181265851419,-0.7867949843036646,-3.151645197827002,-1.577906470474219,-1.9420515368351674,1.8258797909479194,3.0505439341162996
-3.1577553753741694,-0.30055690129619456,3.9766096559817345,-3.0616065178939578,2.038123343310929,1.4186748169018564,4.98515738725033,0.6779755894508662,-0.16451938845060826,2.6320646560253906,-3.004079152706427,-0.23665673106621546,-1.165576672873881,3.1169356969668796,-1.9799371989347072,0.34427744151222245,1.7416051654280915,-0.003610241425450973,2.613321767376294,3.0343807889120002,1.8792734381520928,-0.6019760999313433,-0.21203446464359033,-2.7021843629072486,1.9792707189371666,-1.1553775607022694,1.2394568882987187,1.0860666649537256,0.7038728631268732,3.483731858820492,1.8643371440532528,0.7724701075235386,-2.1564140476980183,1.8431408658337225,2.5676434380544193,1.4222082193709384,-2.54517668418354,-1.9641964043640288,-4.740651316174479,3.8585833660937228,1.3540387247946357,-0.5806285704394814,1.333768226231781,-0.0029257570972927556,-0.5684161419655702,-1.0299721370409973,-3.434976285678082,-0.3423466928177786,1.7212403164568078,1.0054376226763093,-0.2984977269140257,-1.771440576789816,-0.7875857733435727,-1.08910736161982,1.4352794786474923,1.780907960717451
-16.465608507377297,-2.0280760192191765,19.683501561848047,-13.002070862671534,8.904460504626256,4.98515738725033,28.635707260952906,-3.4722208769057112,0.5437086921291446,12.27154238965025,-15.767570041197448,-1.108779641050645,-7.196405192509335,17.486457295006364,-10.596004500715871,1.547103470088511,7.797206975822605,3.046582301357706,12.644546697832165,11.827166686684832,4.2013244873529505,-0.8418258348174213,2.0619410376601377,-9.306510799327835,10.317064434530298,-5.966847069751832,7.282527483426064,4.013578631853376,6.546800080070548,17.028957035017854,6.136377367604855,-0.34298203754899803,-10.99311607328772,9.862011611936975,9.915588178336598,6.25136210862983,-10.068995888817456,-10.766947983252665,-21.71138720458398,22.77413262559852,6.156278017783027,-7.5116256070738245,11.138966539720531,4.634855747138036,-4.085529809239059,-3.1815540139443486,-15.175514419344012,-3.168985302942324,10.010379464744517,7.416893385149453,-3.332779228234122,-10.095795915952527,-5.615862869786642,-6.234950750374769,3.5371453203442003,9.397236661060775
1.3183630259389252,0.36816884949139866,-1.1063270955409361,-0.2816141260768225,0.05638873938501951,0.6779755894508662,-3.4722208769057112,3.4069282736391173,-0.6693547622174364,-0.33379625095902166,1.3085894482365945,0.03286083488067963,1.0757123862434494,-1.950963930780701,0.9698225956420323,-0.013103375234580963,-0.050928425048840216,-1.6126829075419442,-0.5738524443519707,0.8369090993827604,2.1631310883909824,-0.958278351636617,-1.5794579026732558,-1.3907961808845664,-0.8244894390231114,0.4519949211313599,-0.9490490791506884,0.4151870520432801,-1.8086175746881314,-0.8560478257422194,1.1093900512522437,1.9791354211347667,0.7680470431738712,-0.9018149928672802,0.7568176559705161,0.019440965125871564,-0.6237269322926385,1.0964874555736468,0.39527329372892617,-3.0085979981792415,-0.08920699707548368,2.6036252529561166,-2.7601995130544514,-2.4474462666910184,0.8279367465722279,-0.7227129964854931,-0.006426108639599097,0.8716533634453727,-1.2637616407103276,-1.5646662954955461,1.0599971385592437,1.191860121682888,1.1234952406656633,0.7474692615133601,1.4791338860963996,-0.8019682274970116
-0.1755805147342087,-0.06321389763874352,0.11497485671549891,0.12865175240006718,-0.06052659617289981,-0.16451938845060826,0.5437086921291446,-0.6693547622174364,0.1322713142325527,-2.515552648772016e-4,-0.17745682826487003,-5.231503749822837e-4,-0.17768625535113403,0.2977914578944817,-0.13752925499797694,-0.005888176504173273,-0.0327294206341613,0.3091005549151821,0.04620386200883957,-0.23438979983099645,-0.46033256833621455,0.19830517746346576,0.3078189299333044,0.33241807193657535,0.1096976038615971,-0.05842208137280164,0.151613394052842,-0.10605115824335407,0.3293847504722064,0.07904206234724295,-0.2580567175629757,-0.3980749513450925,-0.09456095168737079,0.12783527402789674,-0.2076567017239801,-0.03842118959001042,0.18160656290177568,-0.16218400735596375,0.03991249829391052,0.48235575352344,-0.015939594903539748,-0.48472588900650343,0.49635424876930007,0.46903623229802416,-0.14477720466487798,0.16360890158803212,0.08503055440103094,-0.1586691210404883,0.20016311791176886,0.2752833250685804,-0.1958281028586418,-0.18516114567463815,-0.19606343035992954,-0.11665579682998656,-0.31843753890016907,0.1102214807695699
-7.318315127585218,-0.8218546974700628,8.930096465866098,-6.290177394047617,4.255070159106928,2.6320646560253906,12.27154238965025,-0.33379625095902166,-2.515552648772016e-4,5.7049925636610075,-6.990238220281042,-0.5144232000139882,-3.005434084785234,7.559108304304444,-4.662570488430628,0.7304442266126493,3.6871878952306134,0.8250015632059868,5.789529598646972,5.946262501848209,2.8335027948941267,-0.7706310295556612,0.36973544832463545,-4.9620190660464365,4.586137696019338,-2.661984851141356,3.095338927222721,2.0685860465686945,2.4133037215273143,7.764842495382474,3.346128042902048,0.6019688597352982,-4.929356904660431,4.339910921037717,5.006519044231588,2.97947791149994,-5.028005007276006,-4.694877112218218,-10.1690298639687,9.66410046283196,2.8922760712476028,-2.5646853922598494,4.228637818298368,1.257408642920837,-1.6222682232535532,-1.7919054378657466,-7.217082279864504,-1.169634619645315,4.27053786556525,2.9212536981102715,-1.1747007593278942,-4.338938741849579,-2.235558103887384,-2.6752298152390126,2.2533487390023477,4.157547307656992
9.203421104466694,1.0920101577560626,-11.096956805346904,7.534728444256775,-5.132579215926061,-3.004079152706427,-15.767570041197448,1.3085894482365945,-0.17745682826487003,-6.990238220281042,8.803935840862785,0.6310483147163366,3.9214898094946964,-9.662719893891547,5.898082676552293,-0.8871317950121264,-4.474085760929694,-1.426323680289284,-7.156258783512724,-6.971208713553508,-2.8533542673977323,0.6777772353779101,-0.8667439571526414,5.633427877247546,-5.767021949698305,3.340362174453898,-3.99661359289312,-2.3922021849390864,-3.399800605457724,-9.620828676960056,-3.753343462876335,-0.2026290938980613,6.167240832497219,-5.489685517707447,-5.8556277776904695,-3.59924848171347,5.916965351123326,5.970803928531469,12.406916059772145,-12.490102508651962,-3.5226104406965266,3.7940645352828897,-5.848606099584878,-2.1711155215122764,2.1824082992656018,1.9758191890467742,8.729129950582971,1.6464466569778382,-5.50188402562422,-3.949504598420292,1.702593805724388,5.565536923658879,3.002824691424339,3.434854553844666,-2.333164969831878,-5.2425555424513774
0.6606235516113467,0.07436819401313625,-0.8057092729674343,0.5666600407799269,-0.3834337852141014,-0.23665673106621546,-1.108779641050645,0.03286083488067963,-5.231503749822837e-4,-0.5144232000139882,0.6310483147163366,0.04638816584129651,0.27173593829278764,-0.6828403729429494,0.42099569575801404,-0.06584050128622426,-0.3323419479971951,-0.07566661161278276,-0.5222377435916752,-0.5352126119381226,-0.25359992089758276,0.068670214866026,-0.03460961333425006,0.4460579741846769,-0.41398879300802965,0.2402746371660296,-0.2797351171111755,-0.1860886424462128,-0.21896898499320966,-0.7004890130904744,-0.30065849613830375,-0.052637455969874444,0.4448747659407636,-0.3918611511904457,-0.45058541770232985,-0.26850363671336513,0.45263032377047296,0.42401054422981177,0.9167857932200876,-0.8734110180736494,-0.2607333972607698,0.23326017346437716,-0.38334828112099084,-0.1153171858089296,0.14687880217464594,0.16090262405346648,0.650419913596885,0.10612178713353897,-0.3859041513493787,-0.26454801402649647,0.10673190401678379,0.39201004253676897,0.20239127526653047,0.24170924644794434,-0.20187245702289988,-0.3753445903685473
4.091820261296077,0.5179895108627529,-4.8595397544559535,3.1411342565688773,-2.1604875616947763,-1.165576672873881,-7.196405192509335,1.0757123862434494,-0.17768625535113403,-3.005434084785234,3.9214898094946964,0.27173593829278764,1.8223364846873904,-4.3829802455274125,2.6414419831317884,-0.37693116656558934,-1.8986578486963774,-0.85020486564458575,-3.1124263709851148,-2.8177880965411504,-0.8740318349645891,0.13942894714819307,-0.6086173940016759,2.16743850223591,-2.5637564500439245,1.48105167178027,-1.8346532312445234,-0.9473000998777734,-1.7142980959115717,-4.1972997216357175,-1.4160464053862178,0.21799372844010442,2.7242386171466637,-2.458411043127171,-2.3586068687683444,-1.518137155447726,2.404947579983535,2.691607815566864,5.304070054135244,-5.740149973758834,-1.502416733353119,2.002888520407431,-2.895202933698952,-1.2930354545018738,1.0493506314416419,0.7241486901530944,3.6881320733876906,0.8295486457092297,-2.5190943517699167,-1.9091889218783795,0.8821722853422529,2.5349647641992115,1.441419176898964,1.5663163991394549,-0.7591242124313093,-2.338650638249421
-10.09322498427402,-1.231515279562349,12.09239506274271,-8.045135846715338,5.501965445170198,3.1169356969668796,17.486457295006364,-1.950963930780701,0.2977914578944817,7.559108304304444,-9.662719893891547,-0.6828403729429494,-4.3829802455274125,10.687749517303224,-6.488339259905465,0.9546390464037228,4.812117539377979,1.7898863682053634,7.7758335141432955,7.351093069095211,2.717131004481408,-0.5742039388023319,1.183725356434826,-5.825929070164995,6.324328921999018,-3.6590681426884117,4.443347693048413,2.502052077720963,3.9402609326384215,10.467330602076398,3.852317053518593,-0.09954884671741031,-6.745011668347912,6.038934531556412,6.166094161219519,3.8615037019009435,-6.253279272373077,-6.586717794292126,-13.385004648296446,13.893058152072145,3.7966236137631224,-4.490978216495138,6.722087523883597,2.723345309722622,-2.4759763868525333,-2.0056943207113394,-9.371693147831648,-1.9075032180752867,6.110027408056437,4.491405942560149,-1.9979686013780875,-6.16685245482449,-3.404239188984792,-3.8078713400717463,2.268185525062657,5.757585308630027
6.164274261851158,0.7375471070630558,-7.4185146073350685,5.007153134450353,-3.4147486386404,-1.9799371989347072,-10.596004500715871,0.9698225956420323,-0.13752925499797694,-4.662570488430628,5.898082676552293,0.42099569575801404,2.6414419831317884,-6.488339259905465,3.9540451742808127,-0.5908788263006655,-2.9795491430585326,-0.9961621518918902,-4.7800392891601104,-4.615957408978019,-1.8365459308821661,0.42335996468583303,-0.6227274922858235,3.7094333357331446,-3.8625932660394593,2.236541808337452,-2.6877734667589417,-1.5802754114437425,-2.315443383198473,-6.428706557513823,-2.4661581871626352,-0.07748697013950075,4.12735331161815,-3.6802328514554175,-3.8757189657008535,-2.3951933639879046,3.9204061249449165,4.0061232447642166,8.269840423137321,-8.400989631687308,-2.3473316722719977,2.6009286182167854,-3.973027346164325,-1.516121441072323,1.476677483499545,1.2942024764973081,5.81015872216892,1.1211946850553458,-3.698847669090744,-2.6742673499636833,1.1640289826985073,3.7391319556238565,2.0313388919746282,2.3080062877492673,-1.510127628391542,-3.512841251680203
-0.9292198646982157,-0.1024267476950904,1.1382658125373701,-0.8110523231381986,0.547473293521081,0.34427744151222245,1.547103470088511,-0.013103375234580963,-0.005888176504173273,0.7304442266126493,-0.8871317950121264,-0.06584050128622426,-0.37693116656558934,0.9546390464037228,-0.5908788263006655,0.09378239682826807,0.4735344747838106,0.09194368535279858,0.7392111241110823,0.7717007877187121,0.3831646971675944,-0.10744638412011931,0.03371084228569357,-0.6500240965927946,0.5823250363540862,-0.3382381071063866,0.389596374665234,0.2695444826282356,0.29440231531468325,0.9906644913626129,0.4398429459505036,0.09469615102494981,-0.6269388582180724,0.5499966310451455,0.6501981302829959,0.3831755039847581,-0.6517957616854643,-0.5939236594320415,-1.3037486877171005,1.2159785294991234,0.3710153363117796,-0.30690704724118645,0.5194346960068874,0.1402257162265245,-0.2012958853356345,-0.2366681428835139,-0.9277964453491566,-0.14272833551212494,0.5379124345788301,0.36183239613598733,-0.14173188941940565,-0.5473342174817095,-0.2775473262967356,-0.3373557747063449,0.30260322159643227,0.5274276846079305
-4.686583212975367,-0.5155990863260601,5.743196353840999,-4.097005494222518,2.7649462837439716,1.7416051654280915,7.797206975822605,-0.050928425048840216,-0.0327294206341613,3.6871878952306134,-4.474085760929694,-0.3323419479971951,-1.8986578486963774,4.812117539377979,-2.9795491430585326,0.4735344747838106,2.3910810011904164,0.4570925514737258,3.7303861605490507,3.900767985636079,1.944627146609077,-0.5468826070570124,0.1631704775812145,-3.2887890707257696,2.937003262224069,-1.7060515676730936,1.9631826355978845,1.363034394610831,1.4786150477435402,4.9989419997047655,2.226133056454979,0.4870623750951175,-3.1625520361590813,2.77340163375455,3.2868315291041603,1.935090757912331,-3.294303997793234,-2.994358549403858,-6.58205185085293,6.127127991493647,1.8731971312338573,-1.5382058012609743,2.6107520948544627,0.6971782902113874,-1.0128229603642667,-1.19838767714036,-4.685322312458343,-0.7168663600312095,2.7107579430557536,1.820222596561443,-0.710991581284111,-2.758658977387744,-1.3965637273038836,-1.7002738963226158,1.5347383565624304,2.659877117193682
-1.4694156290214666,-0.26667359971801474,1.561017680917113,-0.6095956655173131,0.4743061624215145,-0.003610241425450973,3.046582301357706,-1.6126829075419442,0.3091005549151821,0.8250015632059868,-1.426323680289284,-0.07566661161278276,-0.85020486564458575,1.7898863682053634,-0.9961621518918902,0.09194368535279858,0.4570925514737258,0.8418014313370866,0.9458078640567921,0.3127014871506957,-0.6658174093037775,0.3519472296245588,0.7729226393577994,0.05883788521131374,0.9200550252680222,-0.5217658220000724,0.8022794879147355,0.05149538005899247,1.1190569212324055,1.3084095527028656,-0.1188859150788059,-0.8432456619736175,-0.9343465740917659,0.9268129915139217,0.23918706132760575,0.3413747967336648,-0.30317926409929136,-1.0584591163286643,-1.378314438540598,2.5258602559740426,0.3812978033903063,-1.5040187916881047,1.771991960941791,1.278168740431088,-0.5731291943264665,0.12306496234497065,-0.8456801485496928,-0.5400941841904378,1.0858145999585183,1.066121459275823,-0.6276734534303438,-1.0606511435342738,-0.7817441351956503,-0.6597831311078308,-0.4181445161825057,0.8592564899748582
-7.4885431695883105,-0.8562488761646126,9.102946142587937,-6.338295731713071,4.296929199623658,2.613321767376294,12.644546697832165,-0.5738524443519707,0.04620386200883957,5.789529598646972,-7.156258783512724,-0.5222377435916752,-3.1124263709851148,7.7758335141432955,-4.7800392891601104,0.7392111241110823,3.7303861605490507,0.9458078640567921,5.891638024407095,5.952139904973478,2.7138463936470494,-0.7124096211186081,0.483338603641514,-4.9188650047177,4.692696864306435,-2.721991928978273,3.1945067877897793,2.062021226767808,2.5647951723261295,7.907786251641627,3.30512325510093,0.47107837860986634,-5.035690952280667,4.449188355701396,5.007846411842739,3.0101792092159028,-5.038800963693724,-4.821484841240308,-10.305854262084084,9.976876874931124,2.9295806495571046,-2.772984218142255,4.465703685803359,1.440805405412022,-1.697183965457394,-1.7610200180002462,-7.29427166332356,-1.2427157949628778,4.404190539244348,3.061277116727915,-1.260908602963255,-4.468336917208803,-2.33758462942003,-2.7558873954784606,2.174925949112861,4.257933021302481
-7.316455879347188,-0.7446551706510938,9.103551305925247,-6.783425901857398,4.541825768693116,3.0343807889120002,11.827166686684832,0.8369090993827604,-0.23438979983099645,5.946262501848209,-6.971208713553508,-0.5352126119381226,-2.8177880965411504,7.351093069095211,-4.615957408978019,0.7717007877187121,3.900767985636079,0.3127014871506957,5.952139904973478,6.612155802571148,3.7679285684520525,-1.1541735289607344,-0.15951379386896455,-5.759879997586871,4.585561339985384,-2.6709449307267543,2.957638246771603,2.3436240607700274,1.9321469576241443,7.95271164050138,3.9441535038815383,1.3319956446382273,-4.970062135766376,4.296835921305281,5.585423791162868,3.173258337157834,-5.5617065359522035,-4.605987391121298,-10.66894267362844,9.21825413185034,3.0425823463618973,-1.8149557220989514,3.528566210934132,0.4802671785611732,-1.4344851652096076,-2.15714473377553,-7.672246474330672,-0.9381553910988386,4.0965096483275225,2.5573014354687187,-0.8776614960095251,-4.194352591118704,-1.9828837824794145,-2.5816719685834113,2.9121222683665358,4.137951714331021
-3.0227783195734492,-0.18812653437190083,4.033919706872714,-3.5707968271111596,2.323305346288493,1.8792734381520928,4.2013244873529505,2.1631310883909824,-0.46033256833621455,2.8335027948941267,-2.8533542673977323,-0.25359992089758276,-0.8740318349645891,2.717131004481408,-1.8365459308821661,0.3831646971675944,1.944627146609077,-0.6658174093037775,2.7138463936470494,3.7679285684520525,3.008505450339553,-1.072589572162909,-0.8874053819995567,-3.620301486325555,1.895429172090024,-1.1184554815694094,1.009385417894541,1.3960697979115682,0.052228410209147924,3.5803709321456467,2.5592602016430526,1.6838992741684524,-2.118508510158053,1.710067475780894,3.208317892486945,1.613040214557364,-3.1283505675345684,-1.7668060655117448,-5.187966220826854,3.120147024044978,1.4915240206334093,0.4130824486954134,0.3726410502152781,-1.0075787575398256,-0.30176514264998744,-1.4589523984889485,-3.8792514316627638,-0.02869128986918173,1.423973980953726,0.49266773774338724,0.0980798337561678,-1.510132447331949,-0.4278349997764352,-0.9224208947279957,2.226757660491314,1.6808040409723004
0.7248847477424194,0.01620570458531034,-1.0333445429072023,1.0421081689161749,-0.6652226102580948,-0.6019760999313433,-0.8418258348174213,-0.958278351636617,0.19830517746346576,-0.7706310295556612,0.6777772353779101,0.068670214866026,0.13942894714819307,-0.5742039388023319,0.42335996468583303,-0.10744638412011931,-0.5468826070570124,0.3519472296245588,-0.7124096211186081,-1.1541735289607344,-1.072589572162909,0.4013006751812533,0.4114931051255331,1.1682286282926495,-0.4547590842319002,0.27183221100612076,-0.19064969902412401,-0.4382562728779738,0.16790927083103063,-0.9298812968123137,-0.8385948650734997,-0.6779787942557017,0.5237883437491299,-0.3943271395113038,-0.98722269911958,-0.45986374307000805,0.9510751332353764,0.3907649059382528,1.4327897122861428,-0.5817504136970912,-0.41439138025012734,-0.38032338767438134,0.17309670161874718,0.5333051957646301,0.002011682810211993,0.4871783211964952,1.101866465361278,-0.07992359041115045,-0.27654294336230173,0.018232383108331963,-0.13494022770446726,0.3082658261410228,0.007937303735392181,0.18632958749006026,-0.7815636736151028,-0.3961081909139552
-0.8836732413727358,-0.20046586812129236,0.8472489992379338,-0.10889469357734848,0.13534012105803783,-0.21203446464359033,2.0619410376601377,-1.5794579026732558,0.3078189299333044,0.36973544832463545,-0.8667439571526414,-0.03460961333425006,-0.6086173940016759,1.183725356434826,-0.6227274922858235,0.03371084228569357,0.1631704775812145,0.7729226393577994,0.483338603641514,-0.15951379386896455,-0.8874053819995567,0.4114931051255331,0.7403877310208418,0.4515440897428244,0.5529935214819534,-0.30875981220812515,0.5537738908950814,-0.11253762418656496,0.9232294283852479,0.6879838873096927,-0.38337301993136835,-0.8873658630327783,-0.5400448247997284,0.5792223407226799,-0.15829814786661373,0.10398532395429048,0.0962769281038595,-0.6822036350542884,-0.5672007378044835,1.7499008273047318,0.1506462629436532,-1.294581690575799,1.429654330473129,1.173209426555936,-0.4422444821461995,0.26445173125678784,-0.27058135174240106,-0.4451938925589046,0.7430480132775276,0.8302910093302163,-0.5320029708647879,-0.7125738586265509,-0.6014127981139037,-0.44514701217013714,-0.5948316131809109,0.5263921743650077
5.923454633154481,0.5559698150757532,-7.477363350762258,5.793406821718217,-3.8524654139626597,-2.7021843629072486,-9.306510799327835,-1.3907961808845664,0.33241807193657535,-4.9620190660464365,5.633427877247546,0.4460579741846769,2.16743850223591,-5.825929070164995,3.7094333357331446,-0.6500240965927946,-3.2887890707257696,0.05883788521131374,-4.9188650047177,-5.759879997586871,-3.620301486325555,1.1682286282926495,0.4515440897428244,5.150123594015667,-3.7128618004491982,2.1682871490856948,-2.311106600322499,-2.065308298622512,-1.2714971150623506,-6.554237231021875,-3.5580938530574864,-1.5232723315133738,4.049361054171045,-3.45317620892008,-4.875485170985536,-2.687619053295741,4.828745685594554,3.6756085179315914,8.94380970211022,-7.19301741974121,-2.555321408339296,1.0130074687101887,-2.4308714054952993,0.08446982414696755,1.0472091700450676,1.9692476244348014,6.489941855045818,0.6186839004947776,-3.211193679795992,-1.849114991796349,0.5297645537597259,3.3083567504957943,1.4517552242409613,2.0335516978275865,-2.7593970540606483,-3.3388195313467555
-6.029209931723378,-0.7132261588644064,7.274594923915599,-4.949894951589706,3.3704383982503137,1.9792707189371666,10.317064434530298,-0.8244894390231114,0.1096976038615971,4.586137696019338,-5.767021949698305,-0.41398879300802965,-2.5637564500439245,6.324328921999018,-3.8625932660394593,0.5823250363540862,2.937003262224069,0.9200550252680222,4.692696864306435,4.585561339985384,1.895429172090024,-0.4547590842319002,0.5529935214819534,-3.7128618004491982,3.778023145127717,-2.1885587454679842,2.614369485150791,1.5748593794784105,2.2137733563412416,6.307970816802653,2.47560215429817,0.15318647230122281,-4.041366767326208,3.595146966041601,3.852296215878859,2.363333315141881,-3.891213360085895,-3.90904995440319,-8.14190510634506,8.16991853320876,2.311909416508417,-2.464539568286914,3.811882674684272,1.4005601597392263,-1.4244613339954146,-1.304608042603994,-5.731293984806905,-1.07212334663602,3.599471496043003,2.5771724412087345,-1.1070702419407585,-3.641995573004126,-1.9601081422356506,-2.2475910644017616,1.5469286954347639,3.4339068546452323
3.492620882686012,0.41147511638032597,-4.217897285816546,2.8782210314096535,-1.9587379756349952,-1.1553775607022694,-5.966847069751832,0.4519949211313599,-0.05842208137280164,-2.661984851141356,3.340362174453898,0.2402746371660296,1.48105167178027,-3.6590681426884117,2.236541808337452,-0.3382381071063866,-1.7060515676730936,-0.5217658220000724,-2.721991928978273,-2.6709449307267543,-1.1184554815694094,0.27183221100612076,-0.30875981220812515,2.1682871490856948,-2.1885587454679842,1.268006514809557,-1.5114644358731337,-0.9183203103448451,-1.2718857317219516,-3.6582570245165327,-1.4471810222908652,-0.10471783150114618,2.3420147072028694,-2.0816902103904167,-2.24426775657077,-1.3732969085374207,2.2658226960470884,2.2625283710670976,4.7274667155011505,-4.722994437072926,-1.3425560951976894,1.4112736957415264,-2.192863146843936,-0.7943210867041476,0.821066256866732,0.7637406974517239,3.3300442102872103,0.6160040002226831,-2.081329099171665,-1.4849644945656182,0.6348134077789616,2.106607324215871,1.1299407822379204,1.299959499357504,-0.9105393169691173,-1.988799325714963
-4.172481158230475,-0.5184754570690304,4.97753102113427,-3.265561662593032,2.2394347783298714,1.2394568882987187,7.282527483426064,-0.9490490791506884,0.151613394052842,3.095338927222721,-3.99661359289312,-0.2797351171111755,-1.8346532312445234,4.443347693048413,-2.6877734667589417,0.389596374665234,1.9631826355978845,0.8022794879147355,3.1945067877897793,2.957638246771603,1.009385417894541,-0.19064969902412401,0.5537738908950814,-2.311106600322499,2.614369485150791,-1.5114644358731337,1.853524723759428,1.000782055442168,1.6873910106938859,4.304019742622352,1.5196081895975384,-0.13005761808530228,-2.7832404809561933,2.5015712414450255,2.4783870781152495,1.5726370283667135,-2.5199320733659865,-2.733589064618319,-5.472101231622767,5.797296471286567,1.5511121181366623,-1.94775031305346,2.863980463730367,1.220399241260473,-1.0463681983818605,-0.7846165698229575,-3.818561248531414,-0.8166990775879887,2.5469072140588658,1.9009449049402063,-0.8620791237666889,-2.5668115305609684,-1.4379885948770597,-1.5854607232526186,0.8573746231833413,2.382409965325202
-2.5126518068634716,-0.24732955079840194,3.1455645593169566,-2.3836080271529583,1.5911922452977476,1.0860666649537256,4.013578631853376,0.4151870520432801,-0.10605115824335407,2.0685860465686945,-2.3922021849390864,-0.1860886424462128,-0.9473000998777734,2.502052077720963,-1.5802754114437425,0.2695444826282356,1.363034394610831,0.05149538005899247,2.062021226767808,2.3436240607700274,1.3960697979115682,-0.4382562728779738,-0.11253762418656496,-2.065308298622512,1.5748593794784105,-0.9183203103448451,1.000782055442168,0.834935855327126,0.6110962816649372,2.7518787652779024,1.4198863310959255,0.5371384335583022,-1.7114218119262958,1.4710584335074388,1.9814981611965066,1.1110088659218056,-1.9684197886008261,-1.572237909244915,-3.7188254897045114,3.1173807457838634,1.0613839390665114,-0.5415397126052374,1.1355021731288057,0.08014646753593423,-0.47218636010250453,-0.7807319338577635,-2.6847198310012677,-0.29695251485694707,1.3879661300018387,0.8385965951287735,-0.26902175824333857,-1.4247832790011354,-0.6534542107671211,-0.8764724315469216,1.0720615690633528,1.419051357350426
-3.5339444958507826,-0.5052154732588804,4.064960753579713,-2.34106243103941,1.649657255893192,0.7038728631268732,6.546800080070548,-1.8086175746881314,0.3293847504722064,2.4133037215273143,-3.399800605457724,-0.21896898499320966,-1.7142980959115717,3.9402609326384215,-2.315443383198473,0.29440231531468325,1.4786150477435402,1.1190569212324055,2.5647951723261295,1.9321469576241443,0.052228410209147924,0.16790927083103063,0.9232294283852479,-1.2714971150623506,2.2137733563412416,-1.2718857317219516,1.6873910106938859,0.6110962816649372,1.841637194314247,3.482402057629847,0.773007737888028,-0.7369061997187375,-2.3212924982559833,2.154769801477468,1.6011099602045178,1.1649862540008347,-1.6750927764513,-2.390528772083285,-4.203357290035375,5.290692063441187,1.1840910810517886,-2.292649455273015,3.0256774183044977,1.7004233696076467,-1.047067469058162,-0.35064772906734704,-2.8419214567421243,-0.8901515580056371,2.3055867904219314,1.9217959813990286,-0.9848591510422634,-2.2971586600177494,-1.434321635803354,-1.422551687419091,0.16021430459438818,2.033730619699032
-10.066243884415412,-1.1565543846451176,12.223646551708915,-8.484269801672797,5.75519766801282,3.483731858820492,17.028957035017854,-0.8560478257422194,0.07904206234724295,7.764842495382474,-9.620828676960056,-0.7004890130904744,-4.1972997216357175,10.467330602076398,-6.428706557513823,0.9906644913626129,4.9989419997047655,1.3084095527028656,7.907786251641627,7.95271164050138,3.5803709321456467,-0.9298812968123137,0.6879838873096927,-6.554237231021875,6.307970816802653,-3.6582570245165327,4.304019742622352,2.7518787652779024,3.482402057629847,10.61606859397416,4.399497137358298,0.5804231386042545,-6.766038360779754,5.983720234243317,6.689682795312279,4.0322710275309195,-6.734561405483601,-6.487475445270063,-13.816984942810645,13.443177800928447,3.9270750366454683,-3.7816750896018188,6.053439337438482,1.9929416148801447,-2.2949387993415313,-2.340748647546968,-9.772048534948231,-1.6872027104575544,5.932705477400694,4.141296495138386,-1.7163991441285262,-6.016801797338172,-3.1604594064156966,-3.7112342325770307,2.875890733192139,5.724936389937453
-3.949399495083559,-0.3587108699500574,5.012785413737374,-3.939665596283059,2.6133631454531328,1.8643371440532528,6.136377367604855,1.1093900512522437,-0.2580567175629757,3.346128042902048,-3.753343462876335,-0.30065849613830375,-1.4160464053862178,3.852317053518593,-2.4661581871626352,0.4398429459505036,2.226133056454979,-0.1188859150788059,3.30512325510093,3.9441535038815383,2.5592602016430526,-0.8385948650734997,-0.38337301993136835,-3.5580938530574864,2.47560215429817,-1.4471810222908652,1.5196081895975384,1.4198863310959255,0.773007737888028,4.399497137358298,2.4654766479415424,1.1292058797754905,-2.706394353514726,2.295839125525885,3.340924459799732,1.8222015912029834,-3.3027308344456068,-2.437030945928808,-6.041352684977414,4.726896681020535,1.7272276213706543,-0.5588916589425548,1.512027269663325,-0.17715513203787278,-0.6690696117553393,-1.3698589026026264,-4.398185374058005,-0.3765401073003822,2.114127203519127,1.1763796332424994,-0.30705634967191614,-2.183492076574672,-0.9287266548724207,-1.3414013288310283,1.9423604298539707,2.223238091672992
-0.2428494093316275,0.10362214136993075,0.5950877907257222,-1.0500373567781385,0.6305598228972166,0.7724701075235386,-0.34298203754899803,1.9791354211347667,-0.3980749513450925,0.6019688597352982,-0.2026290938980613,-0.052637455969874444,0.21799372844010442,-0.09954884671741031,-0.07748697013950075,0.09469615102494981,0.4870623750951175,-0.8432456619736175,0.47107837860986634,1.3319956446382273,1.6838992741684524,-0.6779787942557017,-0.8873658630327783,-1.5232723315133738,0.15318647230122281,-0.10471783150114618,-0.13005761808530228,0.5371384335583022,-0.7369061997187375,0.5804231386042545,1.1292058797754905,1.2613787709559865,-0.23490796694523666,0.07265597154037416,1.152513302061228,0.4296100175663252,-1.0763840236528583,-0.006697065557747027,-1.1917581103366763,-0.433132866587337,0.35276643942585606,1.1884270666152112,-1.0480670091233715,-1.27897624140553,0.26472267708543845,-0.6811917093454822,-1.016447344919514,0.354227830919122,-0.15231388859002243,-0.5205676006540046,0.4655181641902246,0.09995925568826515,0.35443003527358585,0.06913113142322194,1.195751130598727,0.10644376234478328
6.449379150438633,0.7554388213452345,-7.798651698685758,5.342996049601878,-3.6333272887068118,-2.1564140476980183,-10.99311607328772,0.7680470431738712,-0.09456095168737079,-4.929356904660431,6.167240832497219,0.4448747659407636,2.7242386171466637,-6.745011668347912,4.12735331161815,-0.6269388582180724,-3.1625520361590813,-0.9343465740917659,-5.035690952280667,-4.970062135766376,-2.118508510158053,0.5237883437491299,-0.5400448247997284,4.049361054171045,-4.041366767326208,2.3420147072028694,-2.7832404809561933,-1.7114218119262958,-2.3212924982559833,-6.766038360779754,-2.706394353514726,-0.23490796694523666,4.327087997652267,-3.8416050082864097,-4.177209410422073,-2.5469597626187293,4.214440958224968,4.17293477297726,8.75819812307972,-8.696129825107958,-2.487720421372515,2.563405875348725,-4.009516980272776,-1.4225798805570173,1.505499495116419,1.4311068146180213,6.175167435375473,1.124344881759934,-3.833487336652099,-2.721432798143656,1.1553481505551657,3.881841441414324,2.0721759412000087,2.3951863300759197,-1.7188864141262794,-3.6714083189122655
-5.737458594616865,-0.6864229748340349,6.904983484103227,-4.660818913618842,3.1785210884811548,1.8431408658337225,9.862011611936975,-0.9018149928672802,0.12783527402789674,4.339910921037717,-5.489685517707447,-0.3918611511904457,-2.458411043127171,6.038934531556412,-3.6802328514554175,0.5499966310451455,2.77340163375455,0.9268129915139217,4.449188355701396,4.296835921305281,1.710067475780894,-0.3943271395113038,0.5792223407226799,-3.45317620892008,3.595146966041601,-2.0816902103904167,2.5015712414450255,1.4710584335074388,2.154769801477468,5.983720234243317,2.295839125525885,0.07265597154037416,-3.8416050082864097,3.4253820577515413,3.6077879033062277,2.229492071807263,-3.649347828334248,-3.728674133104406,-7.697602764313385,7.818978842903376,2.184912221883292,-2.4202916627271747,3.69742243055796,1.4105761288231426,-1.3742948872152625,-1.204859066409843,-5.4081964081970275,-1.0433935649684274,3.4426122845111173,2.4888346956276313,-1.0832141965395954,-3.4801287013155155,-1.8905042807255688,-2.1481314592884613,1.4060485379577001,3.269597792828214
-6.146457420713031,-0.622040389503616,7.655839763451971,-5.721383683143018,3.828741657405535,2.5676434380544193,9.915588178336598,0.7568176559705161,-0.2076567017239801,5.006519044231588,-5.8556277776904695,-0.45058541770232985,-2.3586068687683444,6.166094161219519,-3.8757189657008535,0.6501981302829959,3.2868315291041603,0.23918706132760575,5.007846411842739,5.585423791162868,3.208317892486945,-0.98722269911958,-0.15829814786661373,-4.875485170985536,3.852296215878859,-2.24426775657077,2.4783870781152495,1.9814981611965066,1.6011099602045178,6.689682795312279,3.340924459799732,1.152513302061228,-4.177209410422073,3.6077879033062277,4.7188753971618524,2.674743111297828,-4.696875880251435,-3.86540280043377,-8.985905909249354,7.723777457705198,2.5629671010282853,-1.4903311458178015,2.9322116998469725,0.3678033472745428,-1.1964900170907538,-1.8289771393179446,-6.46633246588961,-0.7775186645535291,3.433483785384471,2.1316805422833274,-0.7236888389078172,-3.517032781200471,-1.6542205083489288,-2.1645644372713884,2.4767048342699547,3.4753871659535496
-3.77112821853631,-0.4109105048653321,4.630417530861089,-3.32225722201354,2.2397114518784,1.4222082193709384,6.25136210862983,0.019440965125871564,-0.03842118959001042,2.97947791149994,-3.59924848171347,-0.26850363671336513,-1.518137155447726,3.8615037019009435,-2.3951933639879046,0.3831755039847581,1.935090757912331,0.3413747967336648,3.0101792092159028,3.173258337157834,1.613040214557364,-0.45986374307000805,0.10398532395429048,-2.687619053295741,2.363333315141881,-1.3732969085374207,1.5726370283667135,1.1110088659218056,1.1649862540008347,4.0322710275309195,1.8222015912029834,0.4296100175663252,-2.5469597626187293,2.229492071807263,2.674743111297828,1.5671402790326514,-2.6784230711358674,-2.4049282823402875,-5.322281184768511,4.907398257796959,1.5150916832719037,-1.1990764312604603,2.0647015703054796,0.5208993479848395,-0.8053118078234424,-0.9831755907716093,-3.793701491194852,-0.5649047119780886,2.172324832722663,1.4459219166349777,-0.5567936384493571,-2.2123896838268458,-1.1107531014138725,-1.3633565517135051,1.2689818422324055,2.1393524014215455
