V1,V2,V3,V4,V5,V6,V7,V8,V9,V10,V11,V12,V13,V14,V15,V16,V17,V18,V19,V20,V21,V22,V23,V24,V25,V26,V27,V28,V29,V30,V31,V32,V33,V34,V35,V36,V37,V38,V39,V40,V41,V42,V43,V44,V45,V46,V47,V48,V49,V50,V51,V52,V53,V54,V55,V56
7.287689086408517,2.032491793708781,-7.219340576453939,-2.14863236793087,-2.114234019097698,-10.060915046245478,0.8208670922679722,-0.12242437017288155,-2.4238006489123958,-4.938162431674099,7.558536437066762,4.9448958613001555,-7.239269945888614,11.303458989119413,1.3403825310979416,2.492272012120227,-4.274182422413073,-5.947763115394495,2.0293822175680813,-8.317581530636605,5.5856394737393226e-5,-3.172312037943246,10.423022769804051,7.032687025106065,8.849377138248661,7.806238827277656,-0.6407804864415156,-5.024577287659777,-7.018649783222636,-0.5876127162878718,6.291625875368572,4.060657809041896,4.794421498963471,-0.5000100734312697,6.633322409778715,-5.493791280850141,-9.357346237191853,-4.134076847676183,-5.463961552423648,-5.636741935542911,9.10527247695294,11.736953657451608,5.040222611161217,-8.079992607614363,-8.378926373224896,-3.3453451542965884,10.016145314008543,-3.5282991807412385,-1.6956636842902617,-2.8581200001449023,5.964464187062075,-6.29270568068982,1.4595496513868937,0.39542741131502696,-6.249705549507376,0.29421937600293446
2.032491793708781,1.7538360635496169,-1.713301482895462,-0.5550903062926914,-0.9089948197119402,-3.1963179689072265,0.7715372079524168,0.8451978929896603,0.2272398301401588,-1.7439901962733222,2.981575668949023,2.2896226100437325,-1.7408770937056366,3.617953747409255,0.43484771482092566,0.22411642885799007,-0.6913341157345059,-1.794385364182832,1.6237063879056197,-1.915924905371058,-0.593392850670434,-1.62158674600237,2.800562553305039,1.6517139381174446,1.8591908172012115,2.942624350005653,-0.7230213378107399,-0.45660662025624205,-0.8744681857829308,0.09250249899232867,0.6910853106632605,0.011918921438699786,1.6502760212835121,0.05699770178912216,1.4822790953412912,-1.0146571468777499,-2.1756803172708152,-1.0132350791479885,-2.0066697122613073,-2.1682920517802007,2.0254652310087935,2.222017841651083,1.6297474339380729,-1.5012067556265405,-2.4082854764936146,-1.1838863268967892,3.2850637488287666,-0.4531865396163369,-0.23650909447959387,-0.2622719805527809,1.4907114573406892,-1.9188170483118778,0.694019876053167,-0.1888244549178218,-1.0290816692915432,0.3455766930324176
-7.219340576453939,-1.713301482895462,7.227575290374652,2.1396545659387893,2.013639659759504,9.867937713805157,-0.6759800797870907,0.34361101210315037,2.6294661655495437,4.799105239883628,-7.266817185055379,-4.668313703575032,7.241780269822322,-11.07987668920425,-1.3124148730651324,-2.5879646650222456,4.360702845792895,5.857715712934297,-1.7429837372315313,8.34174778984573,-0.15014299701714848,2.9562546300250445,-10.35228224295943,-7.045161251239644,-8.920390239120493,-7.539515299706683,0.49711752632648515,5.216359678211729,7.2267245069347235,0.646919424723893,-6.5015985584001355,-4.305976519814835,-4.6703019491775555,0.545017300932953,-6.664106696298245,5.573208108918658,9.379408611617393,4.130703511610286,5.290608839266953,5.433097407137202,-9.149896410488422,-11.892789658820625,-4.936309420226988,8.194447273673182,8.282318108272069,3.2505545015919086,-9.797976542032917,3.6294192739320614,1.7395492813417897,2.966531202075049,-5.952264781839699,6.192338252456847,-1.3732899130499232,-0.467259706312434,6.371674429781899,-0.2248194528618785
-2.14863236793087,-0.5550903062926914,2.1396545659387893,0.6351267137185466,0.6114583818026226,2.951760195690743,-0.22183578587102953,0.06880087599828394,0.7482092291546915,1.4422762075958284,-2.196003265576487,-1.4240421581912088,2.1447186801770513,-3.3153144072818597,-0.3929221356631626,-0.7523117489372428,1.2787830743488395,1.7485414279752023,-0.5589976984743865,2.4673096057951156,-0.022098443747858274,0.9078875912368726,-3.0770041042543776,-2.0849955275406815,-2.631723555610455,-2.273052288596239,0.1686706893777407,1.5165438776966007,2.1096070707569883,0.18278028457728904,-1.8945334240013831,-1.2388991486470837,-1.4018981184009986,0.15473046027670193,-1.9693853663452738,1.63900344672076,2.77498991413811,1.2240619329591131,1.5929764666320592,1.6397006080182126,-2.7036409539764286,-3.4995319708427295,-1.4776785916299364,2.4102134393305263,2.4677123096952402,0.9769817096244852,-2.934793458497333,1.0599917740176705,0.5087292169000537,0.8625503280658755,-1.764942578804075,1.8492012483720788,-0.41964301731731135,-0.12769128969006202,1.8691708455115343,-0.07694147807771046
-2.114234019097698,-0.9089948197119402,2.013639659759504,0.6114583818026226,0.699285714454524,3.0237750978779987,-0.3841216036932748,-0.20106047778719516,0.46015919936896843,1.5312906838806384,-2.4278136520856597,-1.6795265642634238,2.0253332267359188,-3.4044408554786436,-0.40526497994794014,-0.5963314181354769,1.1052726697989244,1.7619808074865515,-0.8732871852233219,2.30435232665646,0.1596519474322378,1.1185612053208702,-2.995169670023844,-1.956895488849411,-2.403469541111373,-2.47060822116803,0.3323481511861921,1.203501875926111,1.7447900030429944,0.10149811026026428,-1.5390940475685126,-0.8765344747214802,-1.475151218849145,0.09219639250164399,-1.8254591270084828,1.4545390656447656,2.5978638341033733,1.1617207878456626,1.7150583127649084,1.795698263887831,-2.503238275909236,-3.1221276114725294,-1.5224987285254012,2.141692460279798,2.45002294070725,1.0380114255914248,-3.038026887224432,0.880784034654021,0.42832265484779825,0.68528280700825694,-1.6838565562434842,1.869628406783877,-0.5006397071438939,-0.03427751693981531,1.621005861783913,-0.15625715302166948
-10.060915046245478,-3.1963179689072265,9.867937713805157,2.951760195690743,3.0237750978779987,14.017996687088491,-1.3117070014895755,-0.1202061967363661,3.0491108877137134,6.9379232888789595,-10.722205295202826,-7.126099021470155,9.902742617483206,-15.758133306042337,-1.8705702345272144,-3.285748298495743,5.735986141169088,8.25572411767011,-3.149642427623408,11.350034237081129,0.1950147722585847,4.621842824337269,-14.354576544096918,-9.607253650584516,-12.016738431951127,-11.028639955940692,1.063599068241553,6.62595644607866,9.33342095647117,0.7268828909796712,-8.336078597353351,-5.237445433926403,-6.721897317069619,0.6257136361673468,-9.036631878068818,7.414304656852329,12.77553275163827,5.661393879902719,7.7019308867765055,7.977786008220098,-12.401238330480215,-15.857637380133108,-7.031915924037494,10.90735357408677,11.590976127395345,4.70091937027061,-13.989461187747297,4.696338294686588,2.263198379740959,3.769803040943369,-8.177444270138194,8.74130099561806,-2.1093166866573694,-0.4473819986664184,8.39324984048288,-0.49283462226638874
0.8208670922679722,0.7715372079524168,-0.6759800797870907,-0.22183578587102953,-0.3841216036932748,-1.3117070014895755,0.3404992899746244,0.38818109868289097,0.13987320190107974,-0.7238801493537894,1.250701803957094,0.9732064670761459,-0.6882935100472047,1.4859983959132794,0.17887739587302562,0.06543169033963253,-0.2525465108729939,-0.7319259277830658,0.7121088340346861,-0.7522958729710003,-0.27124998393536126,-0.6941547979884115,1.1254231303228923,0.6506098475696329,0.7184612362048792,1.2292176023265124,-0.3209914243498217,-0.13410612987604267,-0.29550968025209506,0.05101377341213463,0.22247554851492482,-0.05485171006648935,0.6831800429309037,0.033477864157402525,0.5790723201941174,-0.38224363072743556,-0.8555945335013442,-0.4017858962760968,-0.8361451828803097,-0.9074622158363428,0.7906700802251685,0.8414347694936767,0.6701434704724533,-0.5662393208612088,-0.9764510246740677,-0.49150278223904403,1.352937548139307,-0.15475923621011362,-0.08293232321299182,-0.0774397680348266,0.5928667863593734,-0.7836913439144686,0.29557526205187856,-0.09220192495754259,-0.3776082760415001,0.15360087289358496
-0.12242437017288155,0.8451978929896603,0.34361101210315037,0.06880087599828394,-0.20106047778719516,-0.1202061967363661,0.38818109868289097,0.6534894366230013,0.7098391910778542,-0.18875231411903687,0.5201691610446826,0.5914645760105613,0.3276328987068513,0.15497009181680507,0.02269356608877127,-0.39076647199643527,0.4427351301601918,-5.348023780570627e-4,0.7494972906326581,0.43885868586974386,-0.4396051419153174,-0.4925805544101091,-0.2538720624585261,-0.34752981855403636,-0.5996971122282041,0.4359747570940137,-0.3924694198733238,0.7842670898253865,0.9201976006101786,0.19980583516917563,-0.8936296259939297,-0.8983496783451801,0.15144269033627114,0.15392927653140606,-0.38383853884339797,0.47567507631890477,0.47871943542471684,0.17295808579806068,-0.26588008237361827,-0.3470130479272978,-0.5336865336713553,-0.9760157675657006,0.08131956111553626,0.6930149132553295,0.08781691311541191,-0.12966830951736175,0.19595058357013795,0.4525236774805067,0.20361399867496213,0.4442337459322226,-0.22815949791351375,-0.015658140606921705,0.18806580147226834,-0.22823445410030027,0.6338679480248971,0.19027736054667138
-2.4238006489123958,0.2272398301401588,2.6294661655495437,0.7482092291546915,0.46015919936896843,3.0491108877137134,0.13987320190107974,0.7098391910778542,1.4934307017959858,1.363285648767095,-1.8491820768109746,-0.9517708631540059,2.6193512696481136,-3.4052344894474307,-0.39937192198915067,-1.1872687346301032,1.8025526404745567,1.8749868824011209,0.12988618957433842,3.0736208386654607,-0.4515813552369699,0.49438009310348724,-3.5475468787033635,-2.5746677057646874,-3.406515037661282,-2.0137730279079595,-0.20107967957062134,2.3899989700514173,3.1584325860241163,0.3905223782519179,-2.901879219913951,-2.2032373639834133,-1.3562954854841645,0.31579058162087614,-2.485979605354055,2.2210064869462665,3.442438435447777,1.4812972227291572,1.4498545948586425,1.4210061558382938,-3.4194074606554006,-4.70361125245701,-1.5058269138219438,3.2597392995819257,2.732375210030551,0.9217183889276945,-2.957185252788497,1.577399563562615,0.7438496665097886,1.357551502536666,-2.1151775787884906,1.968247943144984,-0.2670654070988364,-0.3590858951165803,2.6218533441199896,0.10267210509736913
-4.938162431674099,-1.7439901962733222,4.799105239883628,1.4422762075958284,1.5312906838806384,6.9379232888789595,-0.7238801493537894,-0.18875231411903687,1.363285648767095,3.4594454180156755,-5.391600030396723,-3.632017468611404,4.819405288737583,-7.803072980354992,-0.9270982599231402,-1.5432519237839732,2.7414863285078006,4.072117995523598,-1.7019285189242657,5.5112403067572036,0.18332879723891282,2.3772479447413937,-7.0297928739410525,-4.669666960832586,-5.808230727004851,-5.526062190889258,0.6023862814718645,3.112756785939899,4.421215780235833,0.31895019610091196,-3.93457337334952,-2.40525720182832,-3.345470523985019,0.2781033873279545,-4.381139908390068,3.562686092787097,6.20644578929358,2.75807785711965,3.8515878051948964,4.003712272471964,-6.010949915517872,-7.628130107478898,-3.484503187510456,5.242586099513296,5.69966136984861,2.3443363758453963,-6.938867279164356,2.226767373477014,1.0759392363579703,1.7714148309919833,-3.988156039993934,4.314566727358586,-1.0776665258701617,-0.1755371642869323,4.014215950345584,-0.28079039127648403
7.558536437066762,2.981575668949023,-7.266817185055379,-2.196003265576487,-2.4278136520856597,-10.722205295202826,1.250701803957094,0.5201691610446826,-1.8491820768109746,-5.391600030396723,8.482360430745725,5.798773850403438,-7.3037157017261976,12.066226121180707,1.4351340474012122,2.2382857771499727,-4.064544662543187,-6.268613031495268,2.883286584816415,-8.329596126016764,-0.43661521867511893,-3.8324890102205678,10.732224396344945,7.066278300831653,8.730243454477428,8.659764659510767,-1.0651532602084848,-4.5160933595896635,-6.482541961369416,-0.42076174352292994,5.742743606949344,3.386956528603829,5.203077005694902,-0.374041029805607,6.609251956865523,-5.317170832381877,-9.385761510985587,-4.184939864650729,-6.0223163877934365,-6.2850078740289295,9.065501015072481,11.399500500716076,5.392445183740243,-7.826697985103411,-8.742949301109853,-3.654331593814165,10.750260122111275,-3.2687596826337897,-1.584719214244531,-2.5707196063937316,6.059057917230597,-6.647193551366675,1.724967110160936,0.1899276167551687,-5.9566300637103735,0.49908070790127196
4.9448958613001555,2.2896226100437325,-4.668313703575032,-1.4240421581912088,-1.6795265642634238,-7.126099021470155,0.9732064670761459,0.5914645760105613,-0.9517708631540059,-3.632017468611404,5.798773850403438,4.05370183683524,-4.6987356056764895,8.026818003308378,0.9563073544157755,1.3297998655713643,-2.5160629750122543,-4.139735563189907,2.188383805940378,-5.333983240611314,-0.4551425629557188,-2.7177287483782946,6.990763141271011,4.534379766715624,5.537526975307266,5.883976109942263,-0.8523128236201585,-2.6846447944934257,-3.931620741209677,-0.2020395134387364,3.453174153506009,1.8957124499613638,3.4933600092760457,-0.18858675253087304,4.218828495148835,-3.330727428577113,-6.016305509760323,-2.6979188143721373,-4.077789009508587,-4.28204320264217,5.783963311558771,7.157396625263955,3.5918057319044054,-4.905460974279376,-5.740155837948065,-2.4623695874982428,7.173370033848807,-1.9868477841754004,-0.969218952103492,-1.5290378198110137,3.914565168164002,-4.395460666980963,1.2104631868573783,0.03883781481677232,-3.6929779570808985,0.4017758361254051
-7.239269945888614,-1.7408770937056366,7.241780269822322,2.1447186801770513,2.0253332267359188,9.902742617483206,-0.6882935100472047,0.3276328987068513,2.6193512696481136,4.819405288737583,-7.3037157017261976,-4.6987356056764895,7.256470465758739,-11.11949574496406,-1.3172311095007476,-2.586034237852352,4.363104016407448,5.876505506363991,-1.76820175860644,8.357045902117108,-0.13916657378684785,2.9785994062399586,-10.378884644172665,-7.0587322502977035,-8.933332144232118,-7.575088720562961,0.5089508306606435,5.212596859424638,7.225870771248743,0.6437644389126389,-6.499104063991427,-4.2963371398516825,-4.68923374376326,0.5427570125364819,-6.675434444762183,5.578683475400865,9.396994887305691,4.139455159478265,5.314483200746124,5.459555847610641,-9.165303780833463,-11.9054328904686,-4.954253426485039,8.202607001103086,8.306579800808528,3.2643687699203325,-9.834531568677955,3.6292136351375475,1.739810395427636,2.964414969342584,-5.965407017279335,6.212625301661157,-1.3825947555706481,-0.4627390595500825,6.375561601659043,-0.23050728604842924
11.303458989119413,3.617953747409255,-11.07987668920425,-3.3153144072818597,-3.4044408554786436,-15.758133306042337,1.4859983959132794,0.15497009181680507,-3.4052344894474307,-7.803072980354992,12.066226121180707,8.026818003308378,-11.11949574496406,17.714900184907933,2.1029875813479917,3.680870150595398,-6.433052593505359,-9.278402633939317,3.562625912229532,-12.742677347784545,-0.2325153443622064,-5.209340828878161,16.12504768045944,10.78682397774546,13.487070898829849,12.40806048286438,-1.2072711782008052,-7.422896200096191,-10.461623171774649,-0.8108427955647728,9.34153581497327,5.858935059962703,7.559168554753927,-0.6985543575086638,10.14435461104285,-8.318307727522747,-14.343546857222211,-6.357455403715,-8.664052436740592,-8.976551228622256,13.921211040995864,17.792316789113517,7.905451268777238,-12.237410793542033,-13.024123772678482,-5.287185346256086,15.728360835336717,-5.264317095579706,-2.5373613355718865,-4.223258895056816,9.18349327154799,-9.824614232831046,2.3763136505736724,0.49581586561800284,-9.413697009004352,0.5596648565579264
1.3403825310979416,0.43484771482092566,-1.3124148730651324,-0.3929221356631626,-0.40526497994794014,-1.8705702345272144,0.17887739587302562,0.02269356608877127,-0.39937192198915067,-0.9270982599231402,1.4351340474012122,0.9563073544157755,-1.3172311095007476,2.1029875813479917,0.24968594092484356,0.4341671723857977,-0.7603854733708499,-1.100919406741133,0.4276786070196993,-1.5090900739037187,-0.030468981117487443,-0.6213498312212699,1.9116524128943628,1.2776439342220405,1.5963512985590063,1.4751400020455216,-0.14582307823932422,-0.8755946548828896,-1.235263905472395,-0.09488995005208299,1.1025305114558828,0.6892850406480121,0.8979226253504907,-0.08188005369835726,1.2011358244320975,-0.9838867710200891,-1.6987771034752264,-0.753213668831341,-1.0297559104818224,-1.0673727427989623,1.6483007080243672,2.1047091364784802,0.9385441427115517,-1.4474496083384554,-1.5447859882280923,-0.628201217944967,1.8675318822205866,-0.6216428076233811,-0.299729240354632,-0.4981704900054297,1.0881661034487795,-1.165845913793043,0.2831907790028926,0.05729775586875074,-1.1128103111813508,0.06765604071809875
2.492272012120227,0.22411642885799007,-2.5879646650222456,-0.7523117489372428,-0.5963314181354769,-3.285748298495743,0.06543169033963253,-0.39076647199643527,-1.1872687346301032,-1.5432519237839732,2.2382857771499727,1.3297998655713643,-2.586034237852352,3.680870150595398,0.4341671723857977,1.0391865698840286,-1.660368227724768,-1.980235182417481,0.2743166220133365,-3.0046723371284485,0.23545246694510713,-0.7925174148610303,3.6066676838084684,2.5278885300525467,3.2678989624311545,2.365860104716054,-0.003176625917037187,-2.0931511654144144,-2.8299446076836734,-0.30268295009846347,2.5736309830819963,1.8332711443638443,1.5153625447481067,-0.24893233960715874,2.4143825693971683,-2.084102658088513,-3.372246908989616,-1.4692101657595988,-1.6770340333245402,-1.6911108683133798,3.3177521912761794,4.430969233736136,1.6347711821282638,-3.0616917002114117,-2.837094474705598,-1.0445016213722698,3.23027542146663,-1.417245093713271,-0.6736824203265466,-1.1896459516026219,2.1082709943587536,-2.086983779839347,0.38528896026407444,0.2539337425816579,-2.4205429440928525,-0.003936684573448013
-4.274182422413073,-0.6913341157345059,4.360702845792895,1.2787830743488395,1.1052726697989244,5.735986141169088,-0.2525465108729939,0.4427351301601918,1.8025526404745567,2.7414863285078006,-4.064544662543187,-2.5160629750122543,4.363104016407448,-6.433052593505359,-0.7603854733708499,-1.660368227724768,2.717995812616878,3.4311289115158696,-0.7440401484445067,5.048545547545851,-0.25035264787190964,1.5497145801770464,-6.157903793981231,-4.255254263520794,-5.44693586668212,-4.255392834992042,0.14620463155231853,3.345395594047116,4.573235117440566,0.4527819408087704,-4.13866456637854,-2.854245693779453,-2.679805174639226,0.37612127027238107,-4.045515383617823,3.440385843173642,5.67111192238417,2.4835562262253226,3.0009151171486215,3.0543993887803444,-5.556982300195626,-7.327142131972718,-2.8615427361963937,5.056188990093691,4.884046204640871,1.8561906493364373,-5.6670250064008565,2.293247563846219,1.094217886253728,1.9018811792160968,-3.5709898345123765,3.6215296341829575,-0.7349669583912446,-0.3580853636290892,3.966570271615817,-0.061395728005983474
-5.947763115394495,-1.794385364182832,5.857715712934297,1.7485414279752023,1.7619808074865515,8.25572411767011,-0.7319259277830658,-5.348023780570627e-4,1.8749868824011209,4.072117995523598,-6.268613031495268,-4.139735563189907,5.876505506363991,-9.278402633939317,-1.100919406741133,-1.980235182417481,3.4311289115158696,4.869692878105792,-1.7771077871355059,6.7421962997349585,0.0677253461793293,2.6732187434725034,-8.494520732601679,-5.7043177610332165,-7.152788237509341,-6.4584324834073055,0.5851347027653967,3.9928463155521547,5.604500894027164,0.45028344862001396,-5.013355729566443,-3.1860764444788465,-3.948689769334605,0.3856453013996386,-5.371711661969227,4.424604529351561,7.587336518201865,3.3580394077892217,4.514489936883791,4.668463876565142,-7.372478135021329,-9.458909228490034,-4.139117582691609,6.50847077368257,6.846540023675377,2.7589312910300365,-8.23074449083633,2.818939459473001,1.356896852218116,2.271520520850469,-4.848116547554461,5.154455993145868,-1.2239699249127172,-0.288527131885057,5.019095289334702,-0.27022275348031227
2.0293822175680813,1.6237063879056197,-1.7429837372315313,-0.5589976984743865,-0.8732871852233219,-3.149642427623408,0.7121088340346861,0.7494972906326581,0.12988618957433842,-1.7019285189242657,2.883286584816415,2.188383805940378,-1.76820175860644,3.562625912229532,0.4276786070196993,0.2743166220133365,-0.7440401484445067,-1.7771077871355059,1.5077735089536541,-1.9564576710535488,-0.5287003314918501,-1.5399976585977275,2.8078772025330387,1.682637356663052,1.9218086727599308,2.855998159414151,-0.663435113252839,-0.5573937617222356,-0.9895114772221174,0.0648470956408411,0.8042981126135982,0.13231699768597596,1.614162057397603,0.0357793768602661,1.5195188402348265,-1.0687984563452173,-2.219070645213407,-1.0267862265815466,-1.951709649478138,-2.1009220832753277,2.077650829540835,2.331621049891412,1.6032108160095133,-1.5797208749766967,-2.3969889191615,-1.155168263099559,3.227364570842773,-0.509471753053179,-0.2615518356122473,-0.31926945668966644,1.5070685777790522,-1.898395582168322,0.6621258174520246,-0.1565528465795416,-1.10426041228993,0.31674043835139865
-8.317581530636605,-1.915924905371058,8.34174778984573,2.4673096057951156,2.30435232665646,11.350034237081129,-0.7522958729710003,0.43885868586974386,3.0736208386654607,5.5112403067572036,-8.329596126016764,-5.333983240611314,8.357045902117108,-12.742677347784545,-1.5090900739037187,-3.0046723371284485,5.048545547545851,6.7421962997349585,-1.9564576710535488,9.630484955956552,-0.20199666339474348,3.36996249561524,-11.932345136775378,-8.132069346664215,-10.307172218093632,-8.649058919431111,0.5461333894731305,6.056076453272328,8.379033168186073,0.7578600400569362,-7.5426460659332975,-5.015804001445023,-5.365470824898322,0.637534974636538,-7.69585721031937,6.44634338781661,10.827479246008918,4.765929049409179,6.071836829350088,6.23046022827316,-10.566955463436823,-13.753378630517831,-5.676295594464911,9.477797746079021,9.538780197285206,3.732786987038241,-11.264480993284717,4.207484907023281,2.015734957609517,3.4439496173116924,-6.866207284661847,7.126354431369808,-1.5681731861811754,-0.5529404510727088,7.375870207968886,-0.2461391909577268
5.5856394737393226e-5,-0.593392850670434,-0.15014299701714848,-0.022098443747858274,0.1596519474322378,0.1950147722585847,-0.27124998393536126,-0.4396051419153174,-0.4515813552369699,0.18332879723891282,-0.43661521867511893,-0.4551425629557188,-0.13916657378684785,-0.2325153443622064,-0.030468981117487443,0.23545246694510713,-0.25035264787190964,0.0677253461793293,-0.5287003314918501,-0.20199666339474348,0.2967048891459617,0.36834379809202783,0.05335515175697999,0.15498167011401606,0.3045000143426883,-0.3826018888107201,0.27213431313359837,-0.47235962018896693,-0.541531191395049,-0.12816954378253667,0.531819433009606,0.5602979192136683,-0.15649288706151165,-0.09823676688890869,0.18389553996465724,-0.25884383107388187,-0.2171234638484987,-0.06994547105888611,0.24135788262340002,0.29805551093603094,0.2570628149272551,0.5257586130607329,-0.11196793047404724,-0.3761598271961011,0.035623446865701604,0.125383387964741,-0.2456331389207296,-0.26539557884491505,-0.11820983440899978,-0.26738744987157687,0.08645668705233785,0.08179029398461908,-0.14346164824038543,0.1494566249137778,-0.3570161244115289,-0.13174674870068354
-3.172312037943246,-1.62158674600237,2.9562546300250445,0.9078875912368726,1.1185612053208702,4.621842824337269,-0.6941547979884115,-0.4925805544101091,0.49438009310348724,2.3772479447413937,-3.8324890102205678,-2.7177287483782946,2.9785994062399586,-5.209340828878161,-0.6213498312212699,-0.7925174148610303,1.5497145801770464,2.6732187434725034,-1.5399976585977275,3.36996249561524,0.36834379809202783,1.8383151355605556,-4.471104182302905,-2.86909432355761,-3.4741620852717614,-3.873248957176565,0.6168214695782857,1.6007346147329427,2.382915689729889,0.0966295497255732,-2.0784724832506503,-1.0719784228604528,-2.2813910704502023,0.0957060229999569,-2.659203896867444,2.070174017585973,3.803804084507153,1.71281679719036,2.6781577448365903,2.823786597572421,-3.644468768247062,-4.456426043303036,-2.3330875113889262,3.050223841996428,3.6916860006413956,1.6119677694747865,-4.665194346961622,1.2063315207477159,0.5913680604049175,0.9121168415661147,-2.489088891696585,2.8409005306158144,-0.8134742532320526,0.013556599776398415,2.2773036784328515,-0.29165818176228614
10.423022769804051,2.800562553305039,-10.35228224295943,-3.0770041042543776,-2.995169670023844,-14.354576544096918,1.1254231303228923,-0.2538720624585261,-3.5475468787033635,-7.0297928739410525,10.732224396344945,6.990763141271011,-10.378884644172665,16.12504768045944,1.9116524128943628,3.6066676838084684,-6.157903793981231,-8.494520732601679,2.8078772025330387,-11.932345136775378,0.05335515175697999,-4.471104182302905,14.917053841503568,10.086365118297259,12.711277042912274,11.096179722272176,-0.8676319416639546,-7.27099370144023,-10.135425844424324,-0.8633687144038297,9.093836775736436,5.908203473755009,6.829086292833139,-0.7327859868716998,9.520121018519928,-7.903911732422887,-13.422162190275289,-5.925323491333413,-7.771349497927848,-8.008325262800216,13.068779190906534,16.88084835426124,7.1885901700568535,-11.623658875178837,-11.977425729410202,-4.762158517821085,14.281445266161134,-5.093793735173435,-2.446393144930875,-4.135631366419473,8.546131873727257,-8.985454699810333,2.0617382051804034,0.5921489760188838,-9.002594477851998,0.39716699080263185
7.032687025106065,1.6517139381174446,-7.045161251239644,-2.0849955275406815,-1.956895488849411,-9.607253650584516,0.6506098475696329,-0.34752981855403636,-2.5746677057646874,-4.669666960832586,7.066278300831653,4.534379766715624,-7.0587322502977035,10.78682397774546,1.2776439342220405,2.5278885300525467,-4.255254263520794,-5.7043177610332165,1.682637356663052,-8.132069346664215,0.15498167011401606,-2.86909432355761,10.086365118297259,6.867735872430867,8.698719609615475,7.333503473617597,-0.47629603378592583,-5.095307784728608,-7.055762224744519,-0.6339129155633798,6.349070193596957,4.211077176362868,4.545024746234718,-0.5338290253249914,6.497190375125911,-5.4367870456348335,-9.14335379228387,-4.026042840424116,-5.146732230580172,-5.283902850338359,8.920922687515453,11.60074631708486,4.805432618478861,-7.9935849089974,-8.067202267348442,-3.162890136619125,9.537609580712454,-3.543295535864614,-1.6980409511227874,-2.897594588809832,5.800981602101748,-6.029957967718626,1.333580569938237,0.4593963259039502,-6.217439882071813,0.21515470116592603
8.849377138248661,1.8591908172012115,-8.920390239120493,-2.631723555610455,-2.403469541111373,-12.016738431951127,0.7184612362048792,-0.5996971122282041,-3.406515037661282,-5.808230727004851,8.730243454477428,5.537526975307266,-8.933332144232118,13.487070898829849,1.5963512985590063,3.2678989624311545,-5.44693586668212,-7.152788237509341,1.9218086727599308,-10.307172218093632,0.3045000143426883,-3.4741620852717614,12.711277042912274,8.698719609615475,11.05808978981314,9.086443541011937,-0.4988695443447633,-6.585918246059489,-9.078264985798658,-0.8450308640333974,8.185482422100685,5.505678415129998,5.6612290044505,-0.707951626688035,8.24341996999705,-6.936617558606173,-11.585260639251906,-5.091723759345505,-6.3871561722977725,-6.538789629114962,11.320149485655687,14.79144418202423,6.005381599874488,-10.197352681691374,-10.13785269482517,-3.933557488666372,11.91043374133244,-4.556653788572429,-2.1803048541333956,-3.744907826942584,7.331271706607076,-7.557229234264267,1.6251106374732176,0.6334850973822809,-7.955235514194005,0.2220884885563007
7.806238827277656,2.942624350005653,-7.539515299706683,-2.273052288596239,-2.47060822116803,-11.028639955940692,1.2292176023265124,0.4359747570940137,-2.0137730279079595,-5.526062190889258,8.659764659510767,5.883976109942263,-7.575088720562961,12.40806048286438,1.4751400020455216,2.365860104716054,-4.255392834992042,-6.4584324834073055,2.855998159414151,-8.649058919431111,-0.3826018888107201,-3.873248957176565,11.096179722272176,7.333503473617597,9.086443541011937,8.855420954761232,-1.0373909694689645,-4.772859902741539,-6.81967182586849,-0.4640686669516644,6.053397742462909,3.626967390688793,5.3375357382046404,-0.4089168768865135,6.8681814670413885,-5.5510070924166435,-9.743316533638401,-4.338174674951337,-6.164087674915328,-6.422328008056333,9.421761171101608,11.894122090831317,5.543365642611816,-8.169798024111083,-9.021240419400979,-3.745203196045559,11.045958793249776,-3.4369971694339525,-1.66387021711993,-2.716542524772705,6.277509979684619,-6.846170475077508,1.7484575145975056,0.2305870155553159,-6.234033379763567,0.4850961056879696
-0.6407804864415156,-0.7230213378107399,0.49711752632648515,0.1686706893777407,0.3323481511861921,1.063599068241553,-0.3209914243498217,-0.3924694198733238,-0.20107967957062134,0.6023862814718645,-1.0651532602084848,-0.8523128236201585,0.5089508306606435,-1.2072711782008052,-0.14582307823932422,-0.003176625917037187,0.14620463155231853,0.5851347027653967,-0.663435113252839,0.5461333894731305,0.27213431313359837,0.6168214695782857,-0.8676319416639546,-0.47629603378592583,-0.4988695443447633,-1.0373909694689645,0.3059561050628342,0.00856179719682501,0.12047065400305909,-0.06589787021041335,-0.06544240141606919,0.15684948741507948,-0.5651420258176272,-0.04613220182506775,-0.4146151813494496,0.2456889909226809,0.623691353538797,0.2993867078971793,0.7018405889894592,0.7690446108299355,-0.5648866460432537,-0.5498389736233266,-0.545910807404629,0.36547390011057546,0.7694767784646092,0.4091840971774083,-1.1060898115986206,0.06681356546417258,0.04068114724598013,0.006053326173684832,-0.44519239868400373,0.6283849306204562,-0.25993004257181573,0.10234994322450926,0.22210233662590206,-0.146715465142033
-5.024577287659777,-0.45660662025624205,5.216359678211729,1.5165438776966007,1.203501875926111,6.62595644607866,-0.13410612987604267,0.7842670898253865,2.3899989700514173,3.112756785939899,-4.5160933595896635,-2.6846447944934257,5.212596859424638,-7.422896200096191,-0.8755946548828896,-2.0931511654144144,3.345395594047116,3.9928463155521547,-0.5573937617222356,6.056076453272328,-0.47235962018896693,1.6007346147329427,-7.27099370144023,-5.095307784728608,-6.585918246059489,-4.772859902741539,0.00856179719682501,4.216168898510484,5.701076049262696,0.609185053963426,-5.184383984987184,-3.691568150606282,-3.0563535485239406,0.5011056813766418,-4.866090955214134,4.199707951322551,6.797015888576801,2.961541436004143,3.382905012722265,3.411755096567885,-6.686817468464182,-8.92898607682009,-3.2967148631947594,6.169572883231894,5.72009943716158,2.106816512424251,-6.514510536223761,2.855106302636618,1.3572542144138684,2.3962275289311332,-4.249789120611849,4.208237371987822,-0.7779029730485498,-0.5106318173904426,4.877180021849271,0.0068882287933096495
-7.018649783222636,-0.8744681857829308,7.2267245069347235,2.1096070707569883,1.7447900030429944,9.33342095647117,-0.29550968025209506,0.9201976006101786,3.1584325860241163,4.421215780235833,-6.482541961369416,-3.931620741209677,7.225870771248743,-10.461623171774649,-1.235263905472395,-2.8299446076836734,4.573235117440566,5.604500894027164,-0.9895114772221174,8.379033168186073,-0.541531191395049,2.382915689729889,-10.135425844424324,-7.055762224744519,-9.078264985798658,-6.81967182586849,0.12047065400305909,5.701076049262696,7.74773346359558,0.7998293076746724,-7.029841653158189,-4.933231956522215,-4.3317481398969875,0.6608198835145933,-6.7239597823881825,5.763269909296677,9.408000854937143,4.1090337596759525,4.8217012521434794,4.884620863829607,-9.238132182937788,-12.262997002950431,-4.6497354740566585,8.468084990996154,8.004459029962891,2.992963061792546,-9.197925493149942,3.882356829727859,1.848772945550177,3.2405649166630117,-5.9019578759016795,5.9110190082949865,-1.1438306814933277,-0.6536180603369542,6.6704433676902894,-0.04291360051018057
-0.5876127162878718,0.09250249899232867,0.646919424723893,0.18278028457728904,0.10149811026026428,0.7268828909796712,0.05101377341213463,0.19980583516917563,0.3905223782519179,0.31895019610091196,-0.42076174352292994,-0.2020395134387364,0.6437644389126389,-0.8108427955647728,-0.09488995005208299,-0.30268295009846347,0.4527819408087704,0.45028344862001396,0.0648470956408411,0.7578600400569362,-0.12816954378253667,0.0966295497255732,-0.8633687144038297,-0.6339129155633798,-0.8450308640333974,-0.4640686669516644,-0.06589787021041335,0.609185053963426,0.7998293076746724,0.10275935977712713,-0.7370263207416441,-0.5694415851292466,-0.31893757609906903,0.08274341682841416,-0.6142725537849674,0.5547380994760822,0.848224977199606,0.3635049035049109,0.33628680743964684,0.325714662639541,-0.8451629723300844,-1.173433271802284,-0.3580000500027609,0.8139754938330506,0.6601596029535514,0.2155433523278074,-0.7014091232947144,0.3991500342443896,0.18778186603444852,0.34597918636028624,-0.518220890415415,0.4719902053992619,-0.0557051692253834,-0.09650499223818115,0.6581121703108377,0.03319475649201348
6.291625875368572,0.6910853106632605,-6.5015985584001355,-1.8945334240013831,-1.5390940475685126,-8.336078597353351,0.22247554851492482,-0.8936296259939297,-2.901879219913951,-3.93457337334952,5.742743606949344,3.453174153506009,-6.499104063991427,9.34153581497327,1.1025305114558828,2.5736309830819963,-4.13866456637854,-5.013355729566443,0.8042981126135982,-7.5426460659332975,0.531819433009606,-2.0784724832506503,9.093836775736436,6.349070193596957,8.185482422100685,6.053397742462909,-0.06544240141606919,-5.184383984987184,-7.029841653158189,-0.7370263207416441,6.384802306900027,4.509817584686272,3.8585580789175165,-0.6077214776370342,6.0562053383316385,-5.2067243112375685,-8.467390547913878,-3.694309316704352,-4.28450885060732,-4.332039604499457,8.321367789581913,11.07491623914965,4.150574511860828,-7.649728020478068,-7.1697237937138,-2.663317762213934,8.206707230511363,-3.521709150619056,-1.6757472567176626,-2.9467118710465656,5.304096041914835,-5.285903173208621,1.0029156988986216,0.6093202851579439,-6.035287670680372,0.017868048226159724
4.060657809041896,0.011918921438699786,-4.305976519814835,-1.2388991486470837,-0.8765344747214802,-5.237445433926403,-0.05485171006648935,-0.8983496783451801,-2.2032373639834133,-2.40525720182832,3.386956528603829,1.8957124499613638,-4.2963371398516825,5.858935059962703,0.6892850406480121,1.8332711443638443,-2.854245693779453,-3.1860764444788465,0.13231699768597596,-5.015804001445023,0.5602979192136683,-1.0719784228604528,5.908203473755009,4.211077176362868,5.505678415129998,3.626967390688793,0.15684948741507948,-3.691568150606282,-4.933231956522215,-0.5694415851292466,4.509817584686272,3.320536692920517,2.3758304182469563,-0.4640915209648985,4.043210223174782,-3.549787184273778,-5.623700322352425,-2.435481628143326,-2.5886524760401564,-2.577850908137544,5.5586755636608585,7.532386234216095,2.596870413750438,-5.212324360755014,-4.601282936316392,-1.6271805218955973,5.116916915760999,-2.467066947311574,-1.168007006417117,-2.0974202919347205,3.486517114839623,-3.3516918906783757,0.5423295663066466,0.5025893264968762,-4.156361597465066,-0.08485039727647799
4.794421498963471,1.6502760212835121,-4.6703019491775555,-1.4018981184009986,-1.475151218849145,-6.721897317069619,0.6831800429309037,0.15144269033627114,-1.3562954854841645,-3.345470523985019,5.203077005694902,3.4933600092760457,-4.68923374376326,7.559168554753927,0.8979226253504907,1.5153625447481067,-2.679805174639226,-3.948689769334605,1.614162057397603,-5.365470824898322,-0.15649288706151165,-2.2813910704502023,6.829086292833139,4.545024746234718,5.6612290044505,5.3375357382046404,-0.5651420258176272,-3.0563535485239406,-4.3317481398969875,-0.31893757609906903,3.8585580789175165,2.3758304182469563,3.2367717915450855,-0.27713161803180003,4.266927994780925,-3.477758113215544,-6.041537852138543,-2.682889117695041,-3.7219849673404983,-3.8655834992664646,5.854618109846889,7.444177323836813,3.374973519524542,-5.117219606947248,-5.531192069220994,-2.2670308283636045,6.719144071491562,-2.1811511077110928,-1.0531831496900481,-1.7391942270625877,3.8783534544091367,-4.183089653107754,1.0359058472720297,0.1811991014550868,-3.9232402377310267,0.26307680679329803
-0.5000100734312697,0.05699770178912216,0.545017300932953,0.15473046027670193,0.09219639250164399,0.6257136361673468,0.033477864157402525,0.15392927653140606,0.31579058162087614,0.2781033873279545,-0.374041029805607,-0.18858675253087304,0.5427570125364819,-0.6985543575086638,-0.08188005369835726,-0.24893233960715874,0.37612127027238107,0.3856453013996386,0.0357793768602661,0.637534974636538,-0.09823676688890869,0.0957060229999569,-0.7327859868716998,-0.5338290253249914,-0.707951626688035,-0.4089168768865135,-0.04613220182506775,0.5011056813766418,0.6608198835145933,0.08274341682841416,-0.6077214776370342,-0.4640915209648985,-0.27713161803180003,0.06683069140602259,-0.5159789280972008,0.46262275709000866,0.7138796875485006,0.3067975770435182,0.29496196371485334,0.28804845675270313,-0.7098055279445359,-0.9793128452032905,-0.3087330258867308,0.6788824816446998,0.5630735157793669,0.1880123829038556,-0.6058824243238199,0.32992536668650285,0.15547172677099275,0.284604031046554,-0.4378412858093671,0.4046648224786285,-0.05264074464800642,-0.07658988702796989,0.5469806954860321,0.023430701046050197
6.633322409778715,1.4822790953412912,-6.664106696298245,-1.9693853663452738,-1.8254591270084828,-9.036631878068818,0.5790723201941174,-0.38383853884339797,-2.485979605354055,-4.381139908390068,6.609251956865523,4.218828495148835,-6.675434444762183,10.14435461104285,1.2011358244320975,2.4143825693971683,-4.045515383617823,-5.371711661969227,1.5195188402348265,-7.69585721031937,0.18389553996465724,-2.659203896867444,9.520121018519928,6.497190375125911,8.24341996999705,6.8681814670413885,-0.4146151813494496,-4.866090955214134,-6.7239597823881825,-0.6142725537849674,6.0562053383316385,4.043210223174782,4.266927994780925,-0.5159789280972008,6.151632647562397,-5.160852074619589,-8.651625776572164,-3.8061862590530424,-4.823772420138152,-4.945901178816978,8.446939824304128,11.008805969638718,4.518250516497106,-7.587532345452648,-7.604455866926182,-2.9672490679914874,8.964515456731913,-3.3759338086703776,-1.6166479710899895,-2.767168795021021,5.482445108141703,-5.6769547600875745,1.2395946841399557,0.4525519277017887,-5.909728154899681,0.1861621928253543
-5.493791280850141,-1.0146571468777499,5.573208108918658,1.63900344672076,1.4545390656447656,7.414304656852329,-0.38224363072743556,0.47567507631890477,2.2210064869462665,3.562686092787097,-5.317170832381877,-3.330727428577113,5.578683475400865,-8.318307727522747,-0.9838867710200891,-2.084102658088513,3.440385843173642,4.424604529351561,-1.0687984563452173,6.44634338781661,-0.25884383107388187,2.070174017585973,-7.903911732422887,-5.4367870456348335,-6.936617558606173,-5.5510070924166435,0.2456889909226809,4.199707951322551,5.763269909296677,0.5547380994760822,-5.2067243112375685,-3.549787184273778,-3.477758113215544,0.46262275709000866,-5.160852074619589,4.36724779254753,7.243354568266215,3.177484300983287,3.9084249250926995,3.9892347073601155,-7.088156648858715,-9.30636579154334,-3.70187365543587,6.419093522439638,6.285325849187337,2.4125183251600824,-7.336397563931765,2.8912188250010025,1.381363301362528,2.3877430892464684,-4.571696624598064,4.672412909488685,-0.9751370851422166,-0.42836075271466284,5.022689940177034,-0.10688613426052605
-9.357346237191853,-2.1756803172708152,9.379408611617393,2.77498991413811,2.5978638341033733,12.77553275163827,-0.8555945335013442,0.47871943542471684,3.442438435447777,6.20644578929358,-9.385761510985587,-6.016305509760323,9.396994887305691,-14.343546857222211,-1.6987771034752264,-3.372246908989616,5.67111192238417,7.587336518201865,-2.219070645213407,10.827479246008918,-0.2171234638484987,3.803804084507153,-13.422162190275289,-9.14335379228387,-11.585260639251906,-9.743316533638401,0.623691353538797,6.797015888576801,9.408000854937143,0.848224977199606,-8.467390547913878,-5.623700322352425,-6.041537852138543,0.7138796875485006,-8.651625776572164,7.243354568266215,12.173592735685848,5.359319851081748,6.839101820187676,7.019489420960204,-11.879137696598278,-15.45472133201616,-6.389699230433703,10.649764480017884,10.732420035474014,4.203693878190697,-12.681014168961344,4.72439853790334,2.263684361749081,3.8653475716882335,-7.72158729636102,8.019995291790591,-1.7691031406846054,-0.6169647319431087,8.285729357790355,-0.281405095077501
