V1,V2,V3,V4,V5,V6,V7,V8,V9,V10,V11,V12,V13,V14,V15,V16,V17,V18,V19,V20,V21,V22,V23,V24,V25,V26,V27,V28,V29,V30,V31,V32,V33,V34,V35,V36,V37,V38,V39,V40,V41,V42,V43,V44,V45,V46,V47,V48,V49,V50,V51,V52,V53,V54,V55,V56
127.71073857750532,-111.41571769074439,118.49467499387404,142.68926834947314,-115.579703487613,-14.01089029869927,109.20947934942389,24.22249245940357,-220.31223011871836,47.94974751782759,239.07159972192082,152.08134204239119,-140.80370953440985,122.94851420323066,-492.21459690146014,241.30395951721212,-10.932680071417254,-196.17405127125608,133.48483007867105,0.36917358131889366,-117.46073283417974,47.309825244100914,-434.0657431702688,312.71396373682035,378.0492001444384,-312.3156158305732,-260.3858420451927,-10.783004502115944,-362.937306839179,306.92892605690014,289.2590813370612,-3.1739789377003476,-114.61631370665854,-56.61021345770116,-180.12366511894703,-397.1529990482602,344.5988610541453,-166.4448964780924,-58.71949764225277,356.7449273339412,147.23180549859143,166.51844519125825,-265.3576702672193,-181.63136311797857,119.81690771175369,-470.9049590633213,97.21037226018248,403.2461375584152,304.2803241223246,-40.27919831607673,32.96128518414614,-60.068919490580456,-212.12546190380525,-710.974512912966,182.1602863438435,-107.23621939801605
-111.41571769074439,97.98078094687449,-104.70868473729415,-125.49556922960348,101.27798430047285,11.372576340198513,-95.79346249132584,-21.272256173568465,193.17370237635765,-42.563898972357954,-209.1984900994197,-133.0869918058173,122.95044979861625,-106.88292740320801,432.2475567805847,-211.61916775669286,9.181012136439417,171.7099612235944,-117.01744051181288,-1.103865817716759,103.14717353155463,-41.80583436579735,382.07692964428344,-273.86672170367103,-331.02859150486705,274.92384142225416,228.57637544141215,8.977853631407658,317.9581563842301,-269.5360743397406,-253.32157766179606,3.181843305563787,101.08273789812775,49.61401574781886,158.82493349117863,348.1590994159692,-303.43311842117697,145.76739643877517,51.05604470787561,-313.7174123978589,-128.4000236199725,-145.05390020540455,233.43063372815436,158.6725222375636,-106.00575337699227,413.10165201470414,-84.3848884074894,-354.3477001016229,-267.30172666507093,35.05627423270596,-28.388736943898188,52.159674585396154,186.38355853650907,624.2459087053693,-160.55315490266756,94.1848933349147
118.49467499387404,-104.70868473729415,112.29560662739861,134.12330677061632,-108.01012358887115,-11.482744477578796,102.26215098769897,22.771728275425204,-206.06246988321877,45.75239192699435,222.89724946948851,141.79479395808826,-130.77171497794959,113.39353355024144,-461.6171502253951,225.75828098662245,-9.504663055675952,-182.92078656087327,124.85123078013496,1.753305885912064,-110.14598860144032,44.82957422457475,-408.639264299721,291.9438807338581,352.86209649945795,-294.0231892879632,-244.01714197953234,-9.215317163348764,-338.9835102077047,287.83071929527057,270.0340371744501,-3.7157071446730305,-108.22529210142962,-52.96086983172512,-169.9915281749407,-371.34685579760844,324.61382828764624,-155.33667618814252,-54.16362300532929,335.3159077678991,136.4683581216124,154.0711784093328,-249.57058462958187,-168.86539837571732,113.7166323253884,-440.87800698457664,89.47596073555971,378.6154545334145,285.5276564473299,-37.24163921921478,29.89784347496604,-55.27251511549984,-199.077798044362,-666.5524393797787,171.84810390271326,-100.56105857437619
142.68926834947314,-125.49556922960348,134.12330677061632,160.76337764340045,-129.72496354676738,-14.567873605109275,122.68904145241177,27.235843494625126,-247.42637959648505,54.52937302362114,267.96015299371925,170.4824656860399,-157.49273299820013,136.89457713123426,-553.6545268559449,271.06578826442194,-11.74925187239601,-219.96531432126008,149.8877500323366,1.4160111903285142,-132.13262003645613,53.537763788438255,-489.41750730203876,350.7783994161899,423.9772388379634,-352.1583984030731,-292.80107657031954,-11.491452480696086,-407.25954432190963,345.2565763917651,324.4527586187554,-4.079174909516845,-129.48735543330557,-63.522326509783355,-203.4872716229742,-445.95356744759044,388.6815009912632,-186.73033662959776,-65.40115737120786,401.8388520433102,164.45976608747662,185.77112197028944,-298.9975980944273,-203.220434596821,135.80917844818117,-529.1260675063035,108.06120487139377,453.8722394303852,342.3859757799665,-44.87760780322766,36.36773454310745,-66.81454483875395,-238.75071844480837,-799.601217040617,205.67985212259342,-120.65094641981999
-115.579703487613,101.27798430047285,-108.01012358887115,-129.72496354676738,104.86182729509358,12.19417659730536,-99.1372263632289,-22.004608625625067,199.9450232175817,-43.81733236522652,-216.73636021386116,-137.88264275375874,127.49846718585529,-111.05677326536534,447.1029636233251,-219.02358181774053,9.685567900267865,177.87688217459237,-121.13869573997127,-0.7848622195772109,106.69908343918918,-43.117864471754196,394.8022929828291,-283.620753705418,-342.84028874996727,284.0692638398826,236.47911595761855,9.507016639625922,329.2312643789965,-278.80336357492445,-262.3402202909648,3.1149366491485786,104.36007275780594,51.3588080700173,163.99825416822648,360.4037401622903,-313.4918738884369,150.96448231004302,53.048397284821235,-324.29775377855657,-133.22177101999122,-150.57175807619657,241.26780043107763,164.50122998441705,-109.29250292922654,427.49867023179905,-87.73448704067269,-366.4223601268638,-276.4482460725933,36.39926238274628,-29.62112681962974,54.22612026946858,192.7446687775293,645.7564023843235,-165.81092993536865,97.4170461715776
-14.01089029869927,11.372576340198513,-11.482744477578796,-14.567873605109275,12.19417659730536,2.532713975762358,-11.373118882555692,-2.4470633707472618,23.131351501802353,-4.4563734476854044,-25.562428826193724,-16.272003530557004,15.401356838353014,-13.944559119519319,50.86397411295656,-25.306436938113503,1.612145126060611,20.995993158711144,-14.009514218747292,0.8853309121986438,12.158496294255476,-4.580639526658931,43.86298963774485,-33.17789314445346,-40.14313209242019,31.561974483778364,27.050388547713727,1.7006747199484522,38.42067997324071,-31.744487859293546,-30.691334970356905,-0.16127008509979393,11.3807988775631,5.9053362008723,17.97399046554606,41.78401593011528,-34.69043689171993,17.724384904908526,6.663542152094936,-36.38686224410983,-16.269740632735306,-18.56097824417881,26.961177283721046,19.719976958084306,-11.532399797478657,49.14835672505377,-11.121169340787281,-41.376972320874174,-31.342155821907074,4.487166144022051,-4.078942324558454,6.908074194426119,21.851418213105184,73.63987042372976,-18.192053548527287,11.103557810039426
109.20947934942389,-95.79346249132584,102.26215098769897,122.68904145241177,-99.1372263632289,-11.373118882555692,93.76429491081242,20.84473547585043,-189.03310406630916,41.49708987694632,204.85354803177185,130.3110931743478,-120.4369408969745,104.86048115467717,-422.83967333621604,207.0654552528942,-9.093085779767497,-168.08480770271032,114.54321307006484,0.8844500081560097,-100.89696282759168,40.82691207068062,-373.49844045795663,268.108012724894,324.0996814993853,-268.7316869950837,-223.6037291192646,-8.899482061966948,-311.217916329671,263.6551608091966,247.99332866365185,-3.0306297393807307,-98.74655679229696,-48.593399066091244,-155.13658648349963,-340.7199075565014,296.59801960590426,-142.66608918548442,-50.08063757994366,306.75545724147133,125.83166128133698,142.21214148199076,-228.2384968064606,-155.4437935395243,103.45325636233154,-404.2362791932742,82.84863799273305,346.592581684243,261.45749705164275,-34.39811182691445,27.90345062179308,-51.17456071467411,-182.27114819555322,-610.66682894018,156.87994277160527,-92.1092304935843
24.22249245940357,-21.272256173568465,22.771728275425204,27.235843494625126,-22.004608625625067,-2.4470633707472618,20.84473547585043,4.668140336827248,-41.94616972066453,9.233156997370084,45.44429691201881,28.894874038279248,-26.66453041651261,23.21549748837771,-93.91420724639042,45.93980800918064,-1.98763379710184,-37.238937270701726,25.439808088805446,0.2737359561403657,-22.398743856180563,9.092958750988636,-82.9985462137887,59.489997973036395,71.93098903897435,-59.70450219105584,-49.62791788690106,-1.9241395194778623,-69.03734659871351,58.54010837392658,55.02734216953258,-0.7281378314231599,-21.94274685158463,-10.82491441154548,-34.43556047806343,-75.59904768832916,65.92396622839001,-31.612247660268277,-11.078776326413594,68.1485015833637,27.861720242188266,31.496304514728088,-50.72128744883637,-34.46415407644047,22.99916699460784,-89.7575655466714,18.364077332957756,77.01735518148993,58.07467576707826,-7.6414594990120035,6.133380902718548,-11.30752502789901,-40.45805359569432,-135.5939986866862,34.86038988289072,-20.433206153486527
-220.31223011871836,193.17370237635765,-206.06246988321877,-247.42637959648505,199.9450232175817,23.131351501802353,-189.03310406630916,-41.94616972066453,381.2778822798292,-83.63067178186621,-413.2224305160052,-262.88556852339434,243.06569217157534,-211.6415491032514,852.6503679964559,-417.6640799388003,18.418701586123152,339.16097349897626,-230.9791323506725,-1.5917913434467,203.47984887669887,-82.26596220915862,753.0351952445856,-540.7834362375115,-653.6854769461788,541.8380866411899,450.9724372864046,18.076396691594123,627.7769700390147,-531.6974990935272,-500.2120721029212,5.977239442502446,199.08641381587054,97.91989300523618,312.8585866725168,687.2419073498709,-597.9558983102121,287.8592796745987,101.09707383206582,-618.5204277108603,-253.95174770995527,-286.9996871652559,460.16635340314343,313.60707144563503,-208.54336214905385,815.2019087500489,-167.16913382592773,-698.8080397169595,-527.2135583388146,69.3692609498297,-56.42323030653981,103.33694751391997,367.60030003626406,1231.4853914215146,-316.2919638405037,185.79121971089307
47.94974751782759,-42.563898972357954,45.75239192699435,54.52937302362114,-43.81733236522652,-4.4563734476854044,41.49708987694632,9.233156997370084,-83.63067178186621,18.69323728926513,90.35966597768605,57.49033797068578,-52.96775601769104,45.8049363695146,-187.4851933990502,91.63821592560458,-3.7646764331263185,-74.1870705317553,50.65629421876574,0.881443197369909,-44.74012148851504,18.26348251372066,-166.18197629297242,118.4029851134047,143.0867209020335,-119.57936509547238,-99.10069043490539,-3.6369874699948816,-137.51575010379898,116.91055821551795,109.51503887074387,-1.5887203518774926,-44.06246820728774,-21.470172443461717,-69.2191111117853,-150.69648272072018,132.03335308371985,-63.01807641514564,-21.88571403032342,136.29324496053619,55.23098605597436,62.30769762569851,-101.45451710287877,-68.39425399007588,46.38059909332637,-178.9608171788298,36.101893782032796,153.81799482243042,115.98912175302493,-15.0425827920985,12.025929681002378,-22.320898390211113,-80.89218526328789,-270.70744010109246,69.94150338676953,-40.85670669027761
239.07159972192082,-209.1984900994197,222.89724946948851,267.96015299371925,-216.73636021386116,-25.562428826193724,204.85354803177185,45.44429691201881,-413.2224305160052,90.35966597768605,448.0836868955399,285.06300961773553,-263.7085917510956,229.87207450141162,-923.7431792741244,452.64272920774323,-20.17457736102018,-367.7506648200449,250.35388904359388,1.3086792121532744,-220.45399253115312,88.97891997696797,-815.3492863883839,586.2707554590705,708.6957211580484,-586.6633626744557,-488.62907484861597,-19.840675535098942,-680.5227895877748,576.034891654658,542.2822343535489,-6.27078055999746,-215.45639874939184,-106.1291423729505,-338.6128300738535,-744.8692997523841,647.3811458525886,-312.08037178439525,-109.80403606819112,669.8570635975956,275.60216441204443,311.5504901575993,-498.3182656250839,-340.1925331295806,225.51646406310903,-883.4042869248115,181.63075015213704,756.9522254763467,571.1254798396742,-75.31303651520261,61.427386292278605,-112.27233613571615,-398.19880611240814,-1334.231117431242,342.36102883141274,-201.27667634134843
152.08134204239119,-133.0869918058173,141.79479395808826,170.4824656860399,-137.88264275375874,-16.272003530557004,130.3110931743478,28.894874038279248,-262.88556852339434,57.49033797068578,285.06300961773553,181.36241410515186,-167.78198059862257,146.23964304592747,-587.65874447616,287.9714682597921,-12.833654184129012,-233.98173581039794,159.26643330853145,0.8216381785160537,-140.25538215287415,56.59875267432809,-518.712479957979,372.9712621478668,450.8415008671849,-373.22835686750426,-310.8705024077138,-12.62721209809468,-432.94138095994487,366.4679776398252,344.98245028034205,-3.9795778801514325,-137.07611247243528,-67.49529128687547,-215.45260829228954,-473.87981451686636,411.85265967160575,-198.56020288314687,-69.86126689149914,426.1477608224277,175.34109212870936,198.1982614998813,-317.0141879734918,-216.41882777812282,143.4838922988821,-561.9958750984057,115.53476726008425,481.54296577376897,363.33603475066764,-47.89755325004148,39.09108662405404,-71.43495768700281,-253.3383088923983,-848.8173330826222,217.81676253425633,-128.05898673912498
-140.80370953440985,122.95044979861625,-130.77171497794959,-157.49273299820013,127.49846718585529,15.401356838353014,-120.4369408969745,-26.66453041651261,243.06569217157534,-52.96775601769104,-263.7085917510956,-167.78198059862257,155.34523908685102,-135.55051589044078,543.0553823281241,-266.2513224521303,12.024488220885805,216.4815592548008,-147.2388450854677,-0.4410001991441131,129.61664112575932,-52.20188710968229,479.0164727460996,-344.9539429401995,-416.98051380676384,344.676729677156,287.3294006040519,11.87637953245231,400.4038312088594,-338.6667825633027,-319.0727144616361,3.4983300840610396,126.52554373297632,62.378564319093485,198.90618151201892,438.1747564544098,-380.28580147407587,183.6812252795132,64.75768598052619,-393.6514187876784,-162.39567567587366,-183.61562282320097,292.800148204356,200.3151796873397,-132.3216038971113,519.4987374163043,-107.11083473406188,-444.884771474687,-335.7241924544086,44.36555458980152,-36.35821357842596,66.25166040849214,234.0993250399037,784.4563167946781,-201.07713962531486,118.35671024929258
122.94851420323066,-106.88292740320801,113.39353355024144,136.89457713123426,-111.05677326536534,-13.944559119519319,104.86048115467717,23.21549748837771,-211.6415491032514,45.8049363695146,229.87207450141162,146.23964304592747,-135.55051589044078,118.57701997873373,-472.4682491648504,231.79970839762723,-10.710907962043006,-188.6497478517395,128.22625173405308,-0.06865385610987125,-112.76347174877479,45.26756377578219,-416.2113970483262,300.5588755374545,363.36200328522926,-299.4720160710681,-250.01622955264637,-10.617853443148165,-348.79770301990123,294.63554793666754,278.0135023365923,-2.820686746066069,-109.81438481365981,-54.35010919127303,-172.63252668321724,-381.56563898531454,330.3638015614124,-160.01982830627776,-56.63750212455424,342.2200333223463,141.8076050766987,160.44798289501895,-254.50364967211044,-174.7721323418494,114.63790884006885,-452.2321608248376,93.78710780589714,386.93111780646257,292.0295345976433,-38.799884906393714,31.950593452298502,-57.98183043572886,-203.5943381150323,-682.540166234795,174.57798307375046,-102.9517834095694
-492.21459690146014,432.2475567805847,-461.6171502253951,-553.6545268559449,447.1029636233251,50.86397411295656,-422.83967333621604,-93.91420724639042,852.6503679964559,-187.4851933990502,-923.7431792741244,-587.65874447616,543.0553823281241,-472.4682491648504,1907.4853726511167,-934.0450379717638,40.80600450915391,758.1316143541152,-516.5734351544424,-4.327691611615259,455.19470039102083,-184.2847627707289,1685.4314093055102,-1209.0929906765398,-1461.5026022588145,1212.715114775697,1008.7570805076315,39.9426299191731,1403.6429455907796,-1189.4452944004756,-1118.3726602910424,13.796519443325668,445.7439887364151,219.03174597470397,700.3936660375622,1536.8194708376168,-1338.449673451018,643.5259331262557,225.6841499445479,-1384.0825148748625,-567.2466687756919,-640.9393073873005,1029.821425435218,700.7962166445034,-467.2095078256295,1823.3195468192946,-373.1265507554149,-1563.576847732534,-1179.5267834504175,154.9297225515138,-125.66442537797133,230.60148296816575,822.4042259799817,2754.8376867293773,-708.093820390092,415.60416456088973
241.30395951721212,-211.61916775669286,225.75828098662245,271.06578826442194,-219.02358181774053,-25.306436938113503,207.0654552528942,45.93980800918064,-417.6640799388003,91.63821592560458,452.64272920774323,287.9714682597921,-266.2513224521303,231.79970839762723,-934.0450379717638,457.53198901348185,-20.156772000690886,-371.5355395969418,253.0201062209381,1.7712720508558457,-222.91165876947935,90.12338311188196,-824.96822384453435,592.3744426728473,716.0356777631932,-593.5985495968434,-494.03368607886426,-19.782348395962128,-687.6784284456859,582.463058702614,547.9276156332414,-6.56077032750929,-218.1160403319027,-107.24594097133617,-342.78124898703874,-752.8308291870594,655.0788019978975,-315.33931303275614,-110.73191974471759,677.5862111993679,278.16129854729274,314.34255929192534,-504.11046764760056,-343.50461214210975,228.49853230814458,-893.0019901689222,183.07413923311606,765.5210707182829,577.5484059612768,-75.96470121201236,61.79419775479503,-113.18343477497305,-402.7075526069274,-1349.053062857894,346.52482831953375,-203.53628331118102
-10.932680071417254,9.181012136439417,-9.504663055675952,-11.74925187239601,9.685567900267865,1.612145126060611,-9.093085779767497,-1.98763379710184,18.418701586123152,-3.7646764331263185,-20.17457736102018,-12.833654184129012,12.024488220885805,-10.710907962043006,40.80600450915391,-20.156772000690886,1.1109320599692865,16.555734134126787,-11.153889548698395,0.35460234850343647,9.741121892007836,-3.79792230148382,35.564151815735336,-26.28745321133756,-31.799181999254884,25.59134384534958,21.6378700615729,1.1414094936922028,30.472024136632825,-25.451525303794085,-24.320814711276462,0.057396087391433225,9.305222217295468,4.725167967748271,14.649128201368953,33.23296773225668,-28.17804266158221,14.010297820532815,5.113781689748383,-29.374692136808115,-12.646812696353354,-14.376982537634882,21.80689311449949,15.460194975942725,-9.5704031820743,39.24303099110148,-8.514299369291876,-33.308455925067,-25.181298490587363,3.4830679126194917,-3.010891695106099,5.2697066076215044,17.551799691934942,59.005209927895,-14.827699190346038,8.895663713479754
-196.17405127125608,171.7099612235944,-182.92078656087327,-219.96531432126008,177.87688217459237,20.995993158711144,-168.08480770271032,-37.238937270701726,339.16097349897626,-74.1870705317553,-367.7506648200449,-233.98173581039794,216.4815592548008,-188.6497478517395,758.1316143541152,-371.5355395969418,16.555734134126787,301.90286538884027,-205.45111338337975,-1.0454374507335555,180.95087272830244,-73.01404459048713,669.2113377035838,-481.16370200027666,-581.603200050852,481.5316058897227,401.0763053994137,16.30408750296724,558.5569975191358,-472.7934752857325,-445.0561093883585,5.110436457599334,176.86288375744527,87.03665449214755,278.021070225797,611.3736595097045,-531.3410864915035,256.20105828292054,90.13001514975326,-549.7859206885626,-226.2195856487985,-255.69059197584286,408.97979538210296,279.19471083621147,-185.1459797072242,725.0140782319778,-149.00955849495324,-621.2131141230034,-468.73839238130955,61.76706001849178,-50.44981002492399,92.16773385097576,326.8606071331025,1095.07558961358,-281.0301178849705,165.23198430864775
133.48483007867105,-117.01744051181288,124.85123078013496,149.8877500323366,-121.13869573997127,-14.009514218747292,114.54321307006484,25.439808088805446,-230.9791323506725,50.65629421876574,250.35388904359388,159.26643330853145,-147.2388450854677,128.22625173405308,-516.5734351544424,253.0201062209381,-11.153889548698395,-205.45111338337975,139.95253362798232,0.9794325406017426,-123.27582252408975,49.83882805890643,-456.21287351847144,327.625854471421,396.0355035058968,-328.2493505485783,-273.2076332907433,-10.935004011492909,-380.3105754554975,322.118055759023,303.04109245313043,-3.6440345455328744,-120.60285150803557,-59.343808297725104,-189.5110408509162,-416.3403442244298,362.26696588054983,-174.37217638607459,-61.24801201945214,374.71591245662745,153.8391991800961,173.86594797191268,-278.7881056726038,-189.99060238631859,126.3265799444295,-493.8907113812381,101.29925401727321,423.3848217921976,319.4100450786704,-42.03581687821418,34.169056706357665,-62.59817362037125,-222.68947061386757,-746.07544346196,191.61604849594886,-112.54508643314644
0.36917358131889366,-1.103865817716759,1.753305885912064,1.4160111903285142,-0.7848622195772109,0.8853309121986438,0.8844500081560097,0.2737359561403657,-1.5917913434467,0.881443197369909,1.3086792121532744,0.8216381785160537,-0.4410001991441131,-0.06865385610987125,-4.327691611615259,1.7712720508558457,0.35460234850343647,-1.0454374507335555,0.9794325406017426,0.8664043588067679,-1.0147164154220718,0.7003354627483792,-4.736394430052887,1.9453313379840442,2.323011974106722,-3.400965452014581,-2.154858409459606,0.4564917171997259,-2.331145535772165,2.6718855309364,1.7945428540277486,-0.4911251393076732,-1.434367246463187,-0.4505290171241905,-2.170636313125045,-2.7945435601196698,3.8848359904782463,-0.9693501731618682,0.036450575346854044,3.5768791574866134,0.30837769793121306,0.2011257300774709,-2.7600057232538804,-0.7099753792025932,1.8379042329664292,-3.6900131424185365,-0.1388260268378068,3.8231502066271292,2.770261019604252,-0.0531027900509445,-0.3395874353712944,0.12483783575234556,-1.923739188703834,-6.090621140483458,2.1884700616085357,-0.9178005452808488
-117.46073283417974,103.14717353155463,-110.14598860144032,-132.13262003645613,106.69908343918918,12.158496294255476,-100.89696282759168,-22.398743856180563,203.47984887669887,-44.74012148851504,-220.45399253115312,-140.25538215287415,129.61664112575932,-112.76347174877479,455.19470039102083,-222.91165876947935,9.741121892007836,180.95087272830244,-123.27582252408975,-1.0147164154220718,108.63476703246182,-43.96603488409743,402.20379026569015,-288.5434625479879,-348.7685931039263,289.39782183694194,240.7443457831408,9.540534468129325,334.9779298810562,-283.8550957666271,-266.88837394620276,3.2813014730442807,106.37265703992752,52.25058459357324,167.16488949218245,366.7608651032207,-319.39951982256025,153.5945049924419,53.86976516030683,-330.2894525287094,-135.3846792473323,-152.96261501446392,245.74603928926606,167.2420916595897,-111.49862614619836,435.11456966462845,-89.04173019548203,-373.1163428468227,-281.4792481408622,36.96141627181974,-30.00577906845543,55.04640311534032,196.2676067298806,657.421350263614,-168.98555160836798,99.1885654020605
47.309825244100914,-41.80583436579735,44.82957422457475,53.537763788438255,-43.117864471754196,-4.580639526658931,40.82691207068062,9.092958750988636,-82.26596220915862,18.26348251372066,88.97891997696797,56.59875267432809,-52.20188710968229,45.26756377578219,-184.2847627707289,90.12338311188196,-3.79792230148382,-73.01404459048713,49.83882805890643,0.7003354627483792,-43.96603488409743,17.90246388106754,-163.12864726436152,116.55082339914725,140.8763329074097,-117.37637096631099,-97.40613965742293,-3.682284330371334,-135.32922937099497,114.90083318586254,107.8090357710209,-1.4807762906911128,-43.20260795584097,-21.152136658309818,-67.84649384073563,-148.24481122362386,129.58485209001196,-62.00488497086493,-21.618950199865516,133.86337327349975,54.48061004401266,61.514919224484714,-99.63306121768154,-67.41947833499836,45.3896913155887,-176.00545626911722,35.72522695247104,151.14952301409178,113.98464734505049,-14.876298246061792,11.93279928392698,-22.062265039278746,-79.47003247187531,-266.08996783642516,68.59387276247607,-40.14214823486238
-434.0657431702688,382.07692964428344,-408.639264299721,-489.41750730203876,394.8022929828291,43.86298963774485,-373.49844045795663,-82.9985462137887,753.0351952445856,-166.18197629297242,-815.3492863883839,-518.712479957979,479.0164727460996,-416.2113970483262,1685.4314093055102,-824.96822384453435,35.564151815735336,669.2113377035838,-456.21287351847144,-4.736394430052887,402.20379026569015,-163.12864726436152,1490.2609765430213,-1067.4684502162247,-1290.2485457645912,1072.2911709636528,891.224130440438,34.71090956115301,1239.342654250956,-1050.9787495858625,-987.3634233860128,12.663349668226408,394.3464202798226,193.42596152405912,619.5973959003619,1357.1984600089768,-1183.5882537737582,568.1372266317641,198.82299459062094,-1223.4557866001712,-500.1660291382925,-564.9504278197479,910.4024244121049,618.2454328736893,-413.7247733143063,1610.5660513664282,-328.562514660072,-1381.834024375891,-1042.3245145355104,136.52892934178126,-110.38281128896983,203.0690750550819,726.7750924924807,2434.011315710205,-626.343493598398,367.23073764610274
312.71396373682035,-273.86672170367103,291.9438807338581,350.7783994161899,-283.620753705418,-33.17789314445346,268.108012724894,59.489997973036395,-540.7834362375115,118.4029851134047,586.2707554590705,372.9712621478668,-344.9539429401995,300.5588755374545,-1209.0929906765398,592.3744426728473,-26.28745321133756,-481.16370200027666,327.625854471421,1.9453313379840442,-288.5434625479879,116.55082339914725,-1067.4684502162247,767.1559593306897,927.3449807793999,-768.0744419684304,-639.5284594605317,-25.827437851787767,-890.5150485252035,753.9656667310941,709.6014833703787,-8.32280801155898,-282.13393369524505,-138.90161964569097,-443.37288147190196,-974.7770128187389,847.5936955520043,-408.3495617757963,-143.5661513450401,876.9068385939318,360.472154482556,407.45190334694837,-652.3711525102697,-445.0430317374688,295.397490982042,-1156.1670940786423,237.45855910704628,990.850472100779,747.5729692720809,-98.49999892404009,80.23172916065086,-146.77340402976728,-521.2246300802475,-1746.3366942505666,448.2743381274109,-263.4490610254478
378.0492001444384,-331.02859150486705,352.86209649945795,423.9772388379634,-342.84028874996727,-40.14313209242019,324.0996814993853,71.93098903897435,-653.6854769461788,143.0867209020335,708.6957211580484,450.8415008671849,-416.98051380676384,363.36200328522926,-1461.5026022588145,716.0356777631932,-31.799181999254884,-581.603200050852,396.0355035058968,2.323011974106722,-348.7685931039263,140.8763329074097,-1290.2485457645912,927.3449807793999,1121.0037310338882,-928.366105704021,-773.0163623823817,-31.23857632358838,-1076.443099019548,911.3483041726194,857.7778378894968,-10.0524618824302,-340.9958568447705,-167.93234778244835,-535.8461539540921,-1178.2833934244074,1024.4822252275092,-493.5864881956453,-173.55622916714972,1059.9391570625464,435.7588040961316,492.5772122651568,-788.5392474839305,-537.9978940394805,356.9980206577993,-1397.5531180237351,287.10372088412123,1197.69891743389,903.6276988964813,-119.09936013666535,96.99453660962374,-177.4327320031854,-630.0081297596288,-2110.8834005946105,541.801898080253,-318.428752026763
-312.3156158305732,274.92384142225416,-294.0231892879632,-352.1583984030731,284.0692638398826,31.561974483778364,-268.7316869950837,-59.70450219105584,541.8380866411899,-119.57936509547238,-586.6633626744557,-373.22835686750426,344.676729677156,-299.4720160710681,1212.715114775697,-593.5985495968434,25.59134384534958,481.5316058897227,-328.2493505485783,-3.400965452014581,289.39782183694194,-117.37637096631099,1072.2911709636528,-768.0744419684304,-928.366105704021,771.5561679691339,641.2673084571685,24.983697035983653,891.753981728346,-756.2134445565497,-710.4391155504796,9.100062569666871,283.7507739953304,139.16350285425085,445.83753660907297,976.5535204003604,-851.6266806025435,408.8050804329408,143.05889587548037,-880.3175901702681,-359.8907491369276,-406.5019957926234,655.0612051916426,444.84690201054366,-297.698260598176,1158.8435049994207,-236.3965524850052,-994.2594568087167,-749.9816524707409,98.23022393226881,-79.43102672958592,146.11748359659168,522.9460195262915,1751.3466838698666,-450.67719679011896,264.24147214519644
-260.3858420451927,228.57637544141215,-244.01714197953234,-292.80107657031954,236.47911595761855,27.050388547713727,-223.6037291192646,-49.62791788690106,450.9724372864046,-99.10069043490539,-488.62907484861597,-310.8705024077138,287.3294006040519,-250.01622955264637,1008.7570805076315,-494.03368607886426,21.6378700615729,401.0763053994137,-273.2076332907433,-2.154858409459606,240.7443457831408,-97.40613965742293,891.224130440438,-639.5284594605317,-773.0163623823817,641.2673084571685,533.524687096535,21.205890216134915,742.4409884640461,-629.0524940739189,-591.5362287209646,7.217447578207046,235.687677829709,115.79916481013566,370.38807825466523,812.8551316307402,-707.7271313375303,340.4334649783308,119.4375921662972,-731.90966213851,-300.133457762338,-339.12058711008734,544.5530020867321,370.72366097262136,-247.00766813447927,964.3043076627953,-197.4301429830406,-826.8310845098023,-623.7747333037097,81.9453101367849,-66.56354845189705,122.05712481195178,434.94296495738246,1456.926340262925,-374.4220609405956,219.81507385878342
-10.783004502115944,8.977853631407658,-9.215317163348764,-11.491452480696086,9.507016639625922,1.7006747199484522,-8.899482061966948,-1.9241395194778623,18.076396691594123,-3.6369874699948816,-19.840675535098942,-12.62721209809468,11.87637953245231,-10.617853443148165,39.9426299191731,-19.782348395962128,1.1414094936922028,16.30408750296724,-10.935004011492909,0.4564917171997259,9.540534468129325,-3.682284330371334,34.71090956115301,-25.827437851787767,-31.23857632358838,24.983697035983653,21.205890216134915,1.188847911234855,29.940028213911916,-24.922645192371007,-23.89598704162663,-0.008582807532299749,9.065570193674125,4.616853203262654,14.29392037605194,32.62370414326993,-27.484653467792132,13.788379502278861,5.073013975932528,-28.706860667042108,-12.503292708417092,-14.22374786585191,21.295485063286105,15.238169051536559,-9.28808696173948,38.463243373357336,-8.438634975819301,-32.56304039861511,-24.63809121438046,3.4364938576339292,-3.0299147814875473,5.240641246319559,17.185262973855668,57.78591598985829,-14.453512372778356,8.719690494861887
-362.937306839179,317.9581563842301,-338.9835102077047,-407.25954432190963,329.2312643789965,38.42067997324071,-311.217916329671,-69.03734659871351,627.7769700390147,-137.51575010379898,-680.5227895877748,-432.94138095994487,400.4038312088594,-348.79770301990123,1403.6429455907796,-687.6784284456859,30.472024136632825,558.5569975191358,-380.3105754554975,-2.331145535772165,334.9779298810562,-135.32922937099497,1239.342654250956,-890.5150485252035,-1076.443099019548,891.753981728346,742.4409884640461,29.940028213911916,1033.7393309986442,-875.2950427953758,-823.7050843270067,9.688457163913611,327.5914341877566,161.21539648522918,514.8285347188146,1131.577728391566,-984.0730409636866,474.0405734901865,166.61513374943266,-1018.0637066846293,-418.38892014359,-472.88632516242234,757.3861027130152,516.5616458867653,-343.0380365899646,1342.1486839365755,-275.5362712343472,-1150.295318302567,-867.873553967648,114.29871997340334,-93.09521578295899,170.3347410511686,605.1246773067201,2027.3386790808852,-520.4850019373042,305.85733694567955
306.92892605690014,-269.5360743397406,287.83071929527057,345.2565763917651,-278.80336357492445,-31.744487859293546,263.6551608091966,58.54010837392658,-531.6974990935272,116.91055821551795,576.034891654658,366.4679776398252,-338.6667825633027,294.63554793666754,-1189.4452944004756,582.463058702614,-25.451525303794085,-472.7934752857325,322.118055759023,2.6718855309364,-283.8550957666271,114.90083318586254,-1050.9787495858625,753.9656667310941,911.3483041726194,-756.2134445565497,-629.0524940739189,-24.922645192371007,-875.2950427953758,741.7134894341017,697.3896526717729,-8.583481954824808,-277.95574618284104,-136.55477616514838,-436.77911483388624,-958.3410610484425,834.6080093566603,-401.31976053355476,-140.7464415927576,863.0673611083008,353.7450141169308,399.6880737474679,-642.1546159990742,-437.0053253674286,291.34573255968144,-1136.9674624114616,232.66691839556876,974.9794138394519,735.5157725828709,-96.59537063845245,78.38603956693626,-143.8182824151892,-512.843294416835,-1717.850719143048,441.5547436895409,-259.17313586715693
289.2590813370612,-253.32157766179606,270.0340371744501,324.4527586187554,-262.3402202909648,-30.691334970356905,247.99332866365185,55.02734216953258,-500.2120721029212,109.51503887074387,542.2822343535489,344.98245028034205,-319.0727144616361,278.0135023365923,-1118.3726602910424,547.9276156332414,-24.320814711276462,-445.0561093883585,303.04109245313043,1.7945428540277486,-266.88837394620276,107.8090357710209,-987.3634233860128,709.6014833703787,857.7778378894968,-710.4391155504796,-591.5362287209646,-23.89598704162663,-823.7050843270067,697.3896526717729,656.3695983073283,-7.693145491015692,-260.9601790842655,-128.48767629006014,-410.08796412537924,-901.6399919745294,783.9866600490773,-377.7068648552932,-132.793969557769,811.1086340664568,333.43146486806063,376.8941655831443,-603.4206574966839,-411.66105406956996,273.2221802239176,-1069.420348482637,219.65149842507296,916.5035547308275,691.4785933258028,-91.11864683112373,74.2131539849188,-135.7616680023561,-482.11184141404146,-1615.2999606219512,414.6268198768773,-243.6792672562867
-3.1739789377003476,3.181843305563787,-3.7157071446730305,-4.079174909516845,3.1149366491485786,-0.16127008509979393,-3.0306297393807307,-0.7281378314231599,5.977239442502446,-1.5887203518774926,-6.27078055999746,-3.9795778801514325,3.4983300840610396,-2.820686746066069,13.796519443325668,-6.56077032750929,0.057396087391433225,5.110436457599334,-3.6440345455328744,-0.4911251393076732,3.2813014730442807,-1.4807762906911128,12.663349668226408,-8.32280801155898,-10.0524618824302,9.100062569666871,7.217447578207046,-0.008582807532299749,9.688457163913611,-8.583481954824808,-7.693145491015692,0.3556555804972989,3.4379961887001538,1.57293498613608,5.349024925666083,10.738216863995227,-10.12473382688065,4.3798046635427585,1.3430354576769312,-10.233326017468,-3.5782722697234717,-3.971256277784084,7.670506703812541,4.602810785205542,-3.7757495651493245,12.956009776145814,-2.1943716463338765,-11.463757742628713,-8.580993907962087,0.9701038115683549,-0.5711085986741913,1.3218846670409827,5.9661548945153235,19.832181425659364,-5.421205776391299,2.982601061633821
-114.61631370665854,101.08273789812775,-108.22529210142962,-129.48735543330557,104.36007275780594,11.3807988775631,-98.74655679229696,-21.94274685158463,199.08641381587054,-44.06246820728774,-215.45639874939184,-137.07611247243528,126.52554373297632,-109.81438481365981,445.7439887364151,-218.1160403319027,9.305222217295468,176.86288375744527,-120.60285150803557,-1.434367246463187,106.37265703992752,-43.20260795584097,394.3464202798226,-282.13393369524505,-340.9958568447705,283.7507739953304,235.687677829709,9.065570193674125,327.5914341877566,-277.95574618284104,-260.9601790842655,3.4379961887001538,104.39981877873603,51.12232754054777,164.0347277832655,358.7981112415892,-313.22071827846173,150.16932231271926,52.462708482599844,-323.67273233768316,-132.06918322376063,-149.13020455892877,240.86898783997887,163.30756285320254,-109.61333397389072,425.84006683466794,-86.65233538242143,-365.502613751324,-275.6851424240674,36.02627399002756,-29.065045023687393,53.568037897151115,192.24091165483168,643.7010136961017,-165.79503297694293,97.13008996221662
-56.61021345770116,49.61401574781886,-52.96086983172512,-63.522326509783355,51.3588080700173,5.9053362008723,-48.593399066091244,-10.82491441154548,97.91989300523618,-21.470172443461717,-106.1291423729505,-67.49529128687547,62.378564319093485,-54.35010919127303,219.03174597470397,-107.24594097133617,4.725167967748271,87.03665449214755,-59.343808297725104,-0.4505290171241905,52.25058459357324,-21.152136658309818,193.42596152405912,-138.90161964569097,-167.93234778244835,139.16350285425085,115.79916481013566,4.616853203262654,161.21539648522918,-136.55477616514838,-128.48767629006014,1.57293498613608,51.12232754054777,25.21118669827225,80.27827215472685,176.48662523708785,-153.60078203280742,73.87335299526244,25.946419999033374,-158.8784637879495,-65.19248141717792,-73.70531060130881,118.21726470327384,80.55025523244674,-53.534790279779024,209.41136087290295,-42.97142022889342,-179.54329898674027,-135.42819129604194,17.853657049713878,-14.450557469971011,26.51056189065892,94.38690163400177,316.30051660966996,-81.21801816437812,47.69142630893411
-180.12366511894703,158.82493349117863,-169.9915281749407,-203.4872716229742,163.99825416822648,17.97399046554606,-155.13658648349963,-34.43556047806343,312.8585866725168,-69.2191111117853,-338.6128300738535,-215.45260829228954,198.90618151201892,-172.63252668321724,700.3936660375622,-342.78124898703874,14.649128201368953,278.021070225797,-189.5110408509162,-2.170636313125045,167.16488949218245,-67.84649384073563,619.5973959003619,-443.37288147190196,-535.8461539540921,445.83753660907297,370.38807825466523,14.29392037605194,514.8285347188146,-436.77911483388624,-410.08796412537924,5.349024925666083,164.0347277832655,80.27827215472685,257.7966540145751,563.8613962165158,-492.11986692801537,236.0520509744057,82.48910042269944,-508.5647034342649,-207.6103629499173,-234.40956200097057,378.44314136176575,256.65817477600604,-172.2232520146631,669.1461360852965,-136.1887981599448,-574.2710323811932,-433.181748205631,56.59113706310893,-45.74294471080968,84.23977321238513,302.1007965319137,1011.4957816406751,-260.51269987132497,152.65130909346323
-397.1529990482602,348.1590994159692,-371.34685579760844,-445.95356744759044,360.4037401622903,41.78401593011528,-340.7199075565014,-75.59904768832916,687.2419073498709,-150.69648272072018,-744.8692997523841,-473.87981451686636,438.1747564544098,-381.56563898531454,1536.8194708376168,-752.8308291870594,33.23296773225668,611.3736595097045,-416.3403442244298,-2.7945435601196698,366.7608651032207,-148.24481122362386,1357.1984600089768,-974.7770128187389,-1178.2833934244074,976.5535204003604,812.8551316307402,32.62370414326993,1131.577728391566,-958.3410610484425,-901.6399919745294,10.738216863995227,358.7981112415892,176.48662523708785,563.8613962165158,1238.7486521413334,-1077.689181235173,518.8879878847255,182.27055152672958,-1114.7831280896373,-457.80773137377605,-517.3904000161613,829.3669113466309,565.3167967114323,-375.81717916472485,1469.3621755655488,-301.38978071550724,-1259.5105124994457,-950.2457659017805,125.04860460072591,-101.75434114581275,186.31504418815612,662.5622223437457,2219.654675462799,-570.0452411680685,334.87507560056474
344.5988610541453,-303.43311842117697,324.61382828764624,388.6815009912632,-313.4918738884369,-34.69043689171993,296.59801960590426,65.92396622839001,-597.9558983102121,132.03335308371985,647.3811458525886,411.85265967160575,-380.28580147407587,330.3638015614124,-1338.449673451018,655.0788019978975,-28.17804266158221,-531.3410864915035,362.26696588054983,3.8848359904782463,-319.39951982256025,129.58485209001196,-1183.5882537737582,847.5936955520043,1024.4822252275092,-851.6266806025435,-707.7271313375303,-27.484653467792132,-984.0730409636866,834.6080093566603,783.9866600490773,-10.12473382688065,-313.22071827846173,-153.60078203280742,-492.11986692801537,-1077.689181235173,940.0429385848793,-451.101216344972,-157.81319066992148,971.6419739176137,397.0552587056968,448.4629862968076,-723.0367931625287,-490.8401421505951,328.6593970555518,-1278.934542079997,260.78356171965515,1097.3958998609703,827.7535659367489,-108.37995381456358,87.56762073572584,-161.1702413052307,-577.1590708099548,-1932.894918416379,497.48012650055114,-291.6232857384945
