V1,V2,V3,V4,V5,V6,V7,V8,V9,V10,V11,V12,V13,V14,V15,V16,V17,V18,V19,V20,V21,V22,V23,V24,V25,V26,V27,V28,V29,V30,V31,V32,V33,V34,V35,V36,V37,V38,V39,V40,V41,V42,V43,V44,V45,V46,V47,V48,V49,V50,V51,V52,V53,V54,V55,V56
2.326169332799378,1.9603765625831824,1.552301629364701,-1.4253167442180574,-0.9645515735558607,0.4602122726809193,0.06853133540796726,-0.2792016843416552,0.7716745239269056,0.27294923683788835,1.3437495171290983,1.4083635575042615,-1.7223743869247632,0.2642683421611121,-0.7866475877918627,0.04453126885153104,0.11023435246373427,-0.6955972098622706,1.77385578634715,0.4531512623923428,1.58885807103292,-0.18752227724367299,0.5971228745004751,1.9075893410185112,-0.09472637906172557,1.0990464463367566,-0.6135285741075921,0.6465742379018244,-0.6496822504033742,0.8047500724694033,0.8781957390173349,0.5713242761823574,0.29374885377538884,-0.44974012534757335,-1.238931573567144,-0.40618993287738886,-1.9991507747642803,1.368284221524624,0.7301513059239548,-0.21054882211269588,0.27676225945673893,1.3062053576640322,0.2755102219434407,-2.0090701131557345,-0.38289635814427647,-0.4756448319815008,2.746037380633194,0.6760178544879684,-0.14913680782297542,0.31006467405074106,-0.23008148347539156,1.092654985061453,-0.03088105122360505,0.14918248664025274,1.1747060917888001,1.2009518156869308
1.9603765625831824,2.600573204251156,0.8789138121551902,-1.4627568745042039,-1.0662377112554908,-0.6240648583178745,0.9686203306139477,0.7992600063471201,1.130433467331751,-0.3306591235770902,1.353781719555216,2.3249020480859315,-1.2971541107481568,0.7747384902391211,-0.36046769842966037,-0.6853858918405747,0.21304260558825677,-0.707183114432133,2.3140409258122627,-0.022206782513291078,0.48646315942258067,-0.5526655479256516,0.7734835504451278,1.853155276160554,-0.2934475731856315,2.1905113112912002,-1.0565054750503968,0.9430092981624494,0.027596873590300768,0.5832751771021301,0.4128053512136615,0.004531677053281841,0.4281813519919908,-0.4942209371681713,-1.0253051100536728,0.11263728345807902,-0.9486811713386067,1.234822463157277,0.005886882056312341,-0.9993004090955213,0.5146061438245078,0.36314696281427583,0.6640632364316071,-1.192800665139914,-0.7959198749229366,-1.0321506116644583,2.9588043321436612,1.0021292298225575,-0.10019555156612665,0.17551527159070715,-0.008557567376413,0.18957741838912495,0.2907953844701167,-0.17235031450857763,1.2676961647565603,0.8473629920866795
1.552301629364701,0.8789138121551902,1.3363208348965177,-0.8968825151481636,-0.5413894744703592,0.943173574797067,-0.40365030491552417,-0.6991326673461357,0.298724198337663,0.5027963845295623,0.6853312316753178,0.39737003693363876,-1.2107433139383028,-0.20270875018353438,-0.6732222909776665,0.3157982473630946,0.0637981533620505,-0.3246182051000024,0.815546386222113,0.535805490324678,1.5228847041421303,0.06752924795859667,0.18948491786475083,1.2054749650205336,-0.08179644029067844,0.14869606687189446,-0.17244213727404192,0.2915466896972666,-0.7363471725746394,0.576571035495275,0.8011984038637073,0.6815511422183962,0.043411709211053806,-0.32991443440990553,-0.8978383349591061,-0.43816493723197364,-1.6648893076865423,0.9841602551996048,0.8621464586404674,0.28438429280970096,0.03193702187130498,1.124474016903484,-0.047061313741361965,-1.5962819221480375,0.044823998294459315,-0.018209426991154003,1.523813980183765,0.3202976346594466,-0.13979716778362278,0.23440625288602285,-0.31353993562292654,1.1461505079971577,-0.19450174448837163,0.24368257926961504,0.7478954972151197,0.9266628795133408
-1.4253167442180574,-1.4627568745042039,-0.8968825151481636,1.8882998943991582,0.7044517559393956,-0.4164252965215769,-0.8245932046481278,-0.26177060874027824,-0.2996780032627629,-0.3240288489456543,0.8444125908297412,-1.5439749737249981,1.0320940488885986,0.7591616548049785,0.3320213361395543,0.9890337407796087,-0.003988179313722323,-0.15373664690717942,-1.2874244623052986,0.29719967127003855,-0.8647426935261183,-0.546738777191835,-0.07177675824976229,-2.2968036154305835,0.5906625274432048,-1.5881644343901091,0.7247531906212832,-0.3270537381406855,0.8434840204746121,-0.1149416679350679,-1.655147760347717,-1.3925500425891224,0.5496487738852281,1.233869249619114,1.1489926193581026,-0.25979688128655387,0.1560712787983658,-1.8066976033227298,-0.956725739932427,0.2126178602767838,-0.8964449459284292,-0.14759160604098254,-0.2061357682790284,1.44171188076619,0.19649583307649332,1.0183773832097407,-2.010840033327268,-1.131688976855544,0.42534637722954377,0.6377750179196056,0.27097082125955524,-0.49494938522391624,0.10114116381035228,0.04728380851952791,-1.2114678630052604,-0.4067139371640397
-0.9645515735558607,-1.0662377112554908,-0.5413894744703592,0.7044517559393956,0.5133073432532714,-0.056189418850301244,-0.21054006072025927,-0.1370694539910876,-0.4194195610441583,0.05481857220229553,-0.5971642382309075,-0.8990441131582239,0.6695907439251357,-0.2873466299115657,0.2031388006818835,0.21153039198021298,-0.13961222555822056,0.24087464535051656,-0.980421887778089,-0.03637350625645091,-0.43584450562204613,0.3329791527563747,-0.281112348941111,-0.9215898910431107,0.1927761502539621,-0.8929878441162943,0.44292841012832973,-0.4089447519764321,0.23885944330470185,-0.2811780774179518,-0.3901820439966661,-0.2178870187370572,-0.14377289425169093,0.34995204212796577,0.42865099602356127,0.041271537128882416,0.688748373077257,-0.6146844574950517,-0.1181011606993051,0.33564966558879283,-0.24903965185051583,-0.24068967906468344,-0.24989656817486997,0.7343340356802511,0.2383230068138454,0.3948764611823784,-1.3370920822023442,-0.47106096277985154,0.10409293547274273,-0.07422837375805509,0.09022947156641492,-0.22046684837157432,-0.05340996204861091,0.06449688847946713,-0.6095995230411118,-0.541385382208806
0.4602122726809193,-0.6240648583178745,0.943173574797067,-0.4164252965215769,-0.056189418850301244,1.8637436252499804,-1.0843348852930839,-1.2709229839767542,-0.48741870837286916,0.7580113339673492,-0.5482822594549913,-0.8918425327802679,-0.48964077784502835,-0.8613463133196805,-0.32436686313420365,0.44775586812799895,0.09147531915288849,0.4587981946450457,-0.47725185260567327,0.3728820027765995,1.394269533998992,0.16398277090151012,-0.41540444383293157,0.5460454694305199,-0.32329991898289745,-0.7450727085868836,0.317234347751942,-0.1995559810155319,-1.237201739994428,0.08234983953968754,1.154068897223214,1.2835879657286122,-0.44851057916023074,-0.6167296745742291,-0.19566437364711955,-0.39513119064856594,-1.2066355052261828,0.6060921587725185,1.0218982505787257,0.83185644707034,0.006247227443270713,0.5791871828550712,-0.3921087598685979,-1.1400931888232848,0.6902321124285234,0.45605313894354016,-0.06982477869105766,0.035115616559147786,-0.32931746038416004,-0.1120266994657432,-0.50052992278476,1.0305130602322679,-0.45267084884403896,0.2983586905576493,0.24353741395775053,0.669588906782757
0.06853133540796726,0.9686203306139477,-0.40365030491552417,-0.8245932046481278,-0.21054006072025927,-1.0843348852930839,1.4605402199520277,1.2038006691806749,0.3072335420427645,-0.30642860611194395,-0.874767699707463,1.433320432221189,0.07105176095031138,-0.2180624610814014,0.17090811055540586,-1.1710083201174937,-0.11020146318326757,0.06138556410917241,0.7910661348938423,-0.648183048737198,-0.7811109871595482,0.5032894458055212,0.07991647852553489,0.9270299172275274,-0.2335869456717493,1.4223316403820665,-0.6252446048787536,0.18237450376613845,0.3693862622910524,-0.22472322050150956,0.31856509426752305,0.10241142737437983,-0.3027065272333741,-0.46284311755869273,-0.4744425218759872,0.634789878608857,1.4887516730956567,0.6660701012406904,-0.10110324990290322,-0.6245913495101069,0.6507639408592296,-0.7330418706855666,0.30764346941365606,0.2680656757429911,-0.4838018344798831,-1.0416327653975597,0.7691041000332363,0.7323941961484874,-0.05732708877363362,-0.5883709167143103,0.18676505571630422,-0.6428781858117776,0.2170383853118201,-0.3295940916104342,0.47752223867367416,-0.5787880331386429
-0.2792016843416552,0.7992600063471201,-0.6991326673461357,-0.26177060874027824,-0.1370694539910876,-1.2709229839767542,1.2038006691806749,1.2577154475583487,0.37019654042158245,-0.5906747656205645,-0.25056917390010097,1.1885537209224,0.3635132776775161,0.3625510273853659,0.37879551228840835,-0.9338438125433033,0.025112944464630624,-0.02029207916027317,0.6694425645218851,-0.5987953317052591,-1.1589303475218578,-0.10740654939938318,0.17153289078858283,0.23860841384775666,-0.17821241958821082,1.2963145013442587,-0.5501104411010523,0.2721064063494895,0.667807615734518,-0.2400873813220768,-0.28607152263231705,-0.44830827147762825,0.021163971941183465,-0.1504419283992412,0.025396682044341486,0.5936121276328641,1.3452549008055188,0.06523454607040932,-0.6337107276090796,-0.8207061163027929,0.4042608497785087,-0.9530780477803771,0.40172125246432355,0.7492748827133501,-0.5029114900995428,-0.7912997826798435,0.40165687474329886,0.47957089404272923,0.0436271844830893,-0.2967360994753339,0.26276389206473383,-0.9498076187303818,0.32624816418994185,-0.3840056599242205,0.19717094337364774,-0.5028278752760571
0.7716745239269056,1.130433467331751,0.298724198337663,-0.2996780032627629,-0.4194195610441583,-0.48741870837286916,0.3072335420427645,0.37019654042158245,0.613716952521843,-0.2730575439248147,1.104272638247626,0.9014974802657223,-0.4855173133533698,0.6772970640074306,-0.13272529618659032,-0.08127257077634766,0.12106644147974224,-0.4934956237728169,0.9972678812120678,0.12711402520950044,0.08225294876819995,-0.4693255646915224,0.4616448020862864,0.38821805547864857,0.008985733727057011,0.7877650500843155,-0.3878263303847577,0.47282870368783253,0.3082594372995802,0.33500230430201045,-0.2976271228826115,-0.4489258148753726,0.44168350980258786,0.12159762367539213,-0.30454789122822445,-0.01571829269869348,-0.5802626939587461,0.20586924675112264,-0.25450509945249244,-0.5186782829060469,-0.010085607788175927,0.22323205653793438,0.3289776171020889,-0.2954456784945925,-0.4177520429334153,-0.26394354526481467,1.172873372920423,0.22277573149299232,0.07413579519000973,0.3348748930630146,0.0704976083052243,0.022714237780296073,0.20921239344667772,-0.04189544253585165,0.3930362480893904,0.40161175364040747
0.27294923683788835,-0.3306591235770902,0.5027963845295623,-0.3240288489456543,0.05481857220229553,0.7580113339673492,-0.30642860611194395,-0.5906747656205645,-0.2730575439248147,0.5207215943620404,-0.5987898361909751,-0.4006055845859853,-0.29871245078818326,-0.7535754975012885,-0.3022545222819819,0.1683735491877961,-0.12371867872959681,0.16635324698915416,-0.30253307310514976,0.20012151666041927,0.762173584555429,0.6192001456781787,-0.23517198659124283,0.40827026028756935,-0.011892842324036286,-0.5271848314863905,0.20862330812549318,-0.22930786239041873,-0.5346080188802352,0.05961990385792856,0.6415934558865211,0.6902218038354363,-0.35340902312600114,-0.22227036968555122,-0.40170483046676236,-0.1763950700184945,-0.30825365425867995,0.46407117663400854,0.7454161633049851,0.5693959449023706,0.022253212214013347,0.48727962818905646,-0.29296384348305937,-0.6325268848391588,0.29638681203508194,0.1509620131650436,-0.03921863782409513,0.0027373980786277994,-0.11159795958313055,-0.16474067554971863,-0.19655784547954547,0.6450409569971685,-0.2511346628150018,0.20566181811392759,0.12280719426843423,0.08379312029947909
1.3437495171290983,1.353781719555216,0.6853312316753178,0.8444125908297412,-0.5971642382309075,-0.5482822594549913,-0.874767699707463,-0.25056917390010097,1.104272638247626,-0.5987898361909751,4.09897875853687,0.3786328579100832,-0.9174557809265648,2.3809088924916555,-0.4195203540419817,1.358722423064534,0.36912460438465783,-1.4727065861528192,1.292538094868302,0.9838901187522646,0.500642463482052,-1.9102211276384269,1.0850200597573907,-0.7820343969063612,0.6399679317353049,0.014009051862744787,-0.14714443052389672,0.8555599246370467,0.7323511373407673,1.0576802969374677,-1.7111860892617525,-1.8512676769161407,1.6720423979728092,1.2839826833570203,0.1844291833170931,-0.8401096973022676,-2.7645054125647146,-0.9554714285943664,-1.0458355865316462,-0.6491096117155878,-0.9286696340979189,1.289123144590762,0.46335413249039237,-0.4330325783501256,-0.5909262901711605,0.6210309294979601,1.487798264953336,-0.5662742313260953,0.4770254922490078,1.6506126457450627,0.18928536326990758,0.35640286091633677,0.3622387399310195,0.09553980252659817,0.006215709337344092,1.343210851282497
1.4083635575042615,2.3249020480859315,0.39737003693363876,-1.5439749737249981,-0.8990441131582239,-0.8918425327802679,1.433320432221189,1.1885537209224,0.9014974802657223,-0.4006055845859853,0.3786328579100832,2.42007727420638,-0.8717941173945503,0.410312584746027,-0.12320321416583728,-1.1709356608524761,0.13083027823290574,-0.3684253687393645,2.0558457513465243,-0.4374934902207687,-0.07401173394957922,-0.2076922369715389,0.5357836991602624,1.9082439789729648,-0.4182026442328607,2.4052781741864426,-1.1221183419226808,0.7651510433839096,0.06449393055072578,0.2457807972823069,0.6306847936359222,0.21775134270166688,0.07711506112072193,-0.7552507540275506,-0.9092102090997143,0.4297005508247616,0.1290087197178565,1.2755621388097405,-0.04390409296617454,-1.0493465853616721,0.8064616358908293,-0.2357503227361415,0.6427226591227185,-0.7452517757184376,-0.773144620855939,-1.3406776875069468,2.5112037564525225,1.1849640135338304,-0.15815547092187887,-0.2674705148924155,0.05606973661238248,-0.2554601339147598,0.29268067538248205,-0.35019611975872844,1.1920560563564542,0.3366299869994484
-1.7223743869247632,-1.2971541107481568,-1.2107433139383028,1.0320940488885986,0.6695907439251357,-0.48964077784502835,0.07105176095031138,0.3635132776775161,-0.4855173133533698,-0.29871245078818326,-0.9174557809265648,-0.8717941173945503,1.302499853670907,-0.08216761109462198,0.6339686191458352,-0.13230875130896538,-0.04981854590978406,0.49151410357313036,-1.178073400255312,-0.38579692142210564,-1.3107825195828893,0.03857976787847938,-0.3962227581907251,-1.3976172094990578,0.03006053613026857,-0.6174765759804214,0.3694930716124004,-0.4019655886521457,0.5799122321307018,-0.6042188497500834,-0.7260729768235611,-0.5199578132204529,-0.17191919756491586,0.3245450985398034,0.9350704350640824,0.36822894470920775,1.5659944649340785,-1.0165721787494888,-0.6536589416848851,0.018636790898390883,-0.17722762600142764,-1.0894530540850855,-0.13156823926324715,1.5742048956387489,0.2126911985168971,0.26771313316816336,-1.9327996182035276,-0.43856828085374,0.11703416373240547,-0.22214866941187544,0.19513725749146305,-0.92352213288881,0.07616040077646959,-0.15686791716659168,-0.8261273467959169,-0.8941845649291893
0.2642683421611121,0.7747384902391211,-0.20270875018353438,0.7591616548049785,-0.2873466299115657,-0.8613463133196805,-0.2180624610814014,0.3625510273853659,0.6772970640074306,-0.7535754975012885,2.3809088924916555,0.410312584746027,-0.08216761109462198,1.7880828522952028,0.12866388602976345,0.5086216444245115,0.29645040371272635,-0.7653171595868818,0.7512172827860163,0.24235059563001266,-0.4935104300095767,-1.505115886996513,0.6727100604138229,-0.8141843689596089,0.29400201367811113,0.41427319528677514,-0.2155546435301245,0.5594954210767769,0.7595592466155606,0.3874125406391355,-1.3488008137243872,-1.4382046186442776,1.073324806553747,0.768629131602026,0.5703961867800735,-0.24307658129499068,-0.9925299469243479,-0.9443313815318768,-1.1921960522806896,-0.786435171427264,-0.4432742775542281,0.09904469067161784,0.461976604134529,0.4240521205635043,-0.4881448121933785,0.1983726822446234,0.572631386621468,-0.2997214360800536,0.3038292391603395,0.8913933098123876,0.2570255611843238,-0.4660920578154693,0.37491506463032087,-0.15449064297892637,-0.176770785913129,0.5409763291051347
-0.7866475877918627,-0.36046769842966037,-0.6732222909776665,0.3320213361395543,0.2031388006818835,-0.32436686313420365,0.17090811055540586,0.37879551228840835,-0.13272529618659032,-0.3022545222819819,-0.4195203540419817,-0.12320321416583728,0.6339686191458352,0.12866388602976345,0.46598485117336724,-0.2993586960727511,0.0642632285996127,0.30207090875301,-0.33134426811775086,-0.3491985715463846,-0.7811189953342812,-0.24885152865800522,-0.09550003049913519,-0.512034554179371,-0.167822570077198,0.18302944420483372,0.017292370911700654,-0.06791831177184915,0.27031612815492473,-0.3691317928696793,-0.27795877054497337,-0.19933574874136098,-0.052538574028996025,-0.03653045170109079,0.5578479688687019,0.3126033162628781,0.7763418605619395,-0.4016060515893257,-0.4666377538236063,-0.2649026769767006,0.06852075748181327,-0.7827678636986116,0.10268520367179915,0.7932612217603635,0.009339029025133115,-0.022962813270150303,-0.6916882082995647,-0.059381471426467436,-0.037029329231411376,-0.17158309462961815,0.09219596205010162,-0.6472660006119211,0.11106836535025344,-0.12053034090285608,-0.291100448933766,-0.3411477370600129
0.04453126885153104,-0.6853858918405747,0.3157982473630946,0.9890337407796087,0.21153039198021298,0.44775586812799895,-1.1710083201174937,-0.9338438125433033,-0.08127257077634766,0.1683735491877961,1.358722423064534,-1.1709356608524761,-0.13230875130896538,0.5086216444245115,-0.2993586960727511,1.2625580767252635,0.0031505197836384866,-0.4442399308916441,-0.5699066575293774,0.7309747186689884,0.5847474399571052,-0.3823429078879721,0.1222293980167317,-1.0784562593345055,0.5549188019373691,-1.437826579218625,0.5776269104979801,-0.1280234405348827,0.07343979590876643,0.39274681003527834,-0.7849953640505339,-0.6412944913942096,0.5441944164114171,0.8796788741965424,0.3047850560701245,-0.6825874806821762,-1.370129861365051,-0.8495527497024855,-0.10143919805499957,0.5004072205942228,-0.7840975179467506,0.9694216839876539,-0.25369245894044773,-0.11877839315914354,0.2175024607403074,0.966751986913187,-0.573725691455892,-0.837846597081038,0.26802220596009974,0.7767967546112766,9.95490735199021e-4,0.5684833448178778,-0.0957614080890056,0.2898867042783538,-0.5431915196929806,0.4100705018733486
0.11023435246373427,0.21304260558825677,0.0637981533620505,-0.003988179313722323,-0.13961222555822056,0.09147531915288849,-0.11020146318326757,0.025112944464630624,0.12106644147974224,-0.12371867872959681,0.36912460438465783,0.13083027823290574,-0.04981854590978406,0.29645040371272635,0.0642632285996127,0.0031505197836384866,0.151323935256968,-0.013093660147512794,0.22604716837692984,0.018466382476725277,-0.009396049226800955,-0.4439576646230771,0.06413153968572242,0.011200902321438543,-0.13703035306834563,0.2508769650246533,-0.11459532390081867,0.18322153911346042,-0.0336180866073818,0.04519967406522893,-0.05307288121499292,-0.06972248819961592,0.13455517419145838,-0.07918057680122181,0.1323015912492944,-0.007772104658427273,-0.29004160631381865,-0.033207269575322676,-0.1721649576121926,-0.17716668277616363,-0.007725421625623044,-0.12612054785337057,0.11113920412078762,-0.0267289639312135,-0.01157932639127985,-0.007434217370618766,0.21277043904751514,0.0859359853423475,-0.03281560697355325,0.11828895578614666,-0.04864302049729468,-0.06437361298049357,0.0395323193547297,-0.05864955648301863,0.10458070755279718,0.25571692416833824
-0.6955972098622706,-0.707183114432133,-0.3246182051000024,-0.15373664690717942,0.24087464535051656,0.4587981946450457,0.06138556410917241,-0.02029207916027317,-0.4934956237728169,0.16635324698915416,-1.4727065861528192,-0.3684253687393645,0.49151410357313036,-0.7653171595868818,0.30207090875301,-0.4442399308916441,-0.013093660147512794,0.7032187333144344,-0.6262371625761092,-0.3809818730037573,-0.24845896617139238,0.3589086259435928,-0.47534761084699845,0.07924254808006309,-0.38161457978575475,-0.044414962118582084,0.09783524399679645,-0.2926535429392214,-0.3782043330582673,-0.4739173263914483,0.6153869862626348,0.7205250269398737,-0.6002298718249321,-0.5618097755221947,0.2330194050983109,0.310663600130566,0.8935457947325262,0.18791291582089575,0.2539594068247533,0.21892761488065776,0.30630755683136784,-0.700406357774763,-0.15965477870891437,0.2856556090684856,0.3518690306457718,-0.09466328600339288,-0.7944568692961207,0.1718708996304364,-0.23617927143748982,-0.5753364224579962,-0.13854819921554296,-0.22726075718494684,-0.15233470758875647,-0.057747264737758174,-0.07463321811565501,-0.364258534966408
1.77385578634715,2.3140409258122627,0.815546386222113,-1.2874244623052986,-0.980421887778089,-0.47725185260567327,0.7910661348938423,0.6694425645218851,0.9972678812120678,-0.30253307310514976,1.292538094868302,2.0558457513465243,-1.178073400255312,0.7512172827860163,-0.33134426811775086,-0.5699066575293774,0.22604716837692984,-0.6262371625761092,2.082704062406875,-0.008250190817465019,0.46041916426502105,-0.6003646308736371,0.6722512207151506,1.6610463315903503,-0.2762079518798095,1.953715421716031,-0.9590000331237438,0.865356348948758,-0.04271320471311652,0.541446566345816,0.3968493346249367,0.022964105723279397,0.39905015790369863,-0.47235911887883575,-0.8716257578634389,0.059669256384544136,-0.9399580806453824,1.0770664672626011,-0.019101608136081246,-0.8858908869295269,0.4611827010657991,0.32198732620560044,0.5915515121103736,-1.101200711820641,-0.6818578191963456,-0.9159901049199577,2.660765401581003,0.9164187221931938,-0.09208471659624652,0.18094848240619035,-0.028256811823597565,0.17223380160127716,0.24345516891376323,-0.19109388584592993,1.1483248044276404,0.8271345368838497
0.4531512623923428,-0.022206782513291078,0.535805490324678,0.29719967127003855,-0.03637350625645091,0.3728820027765995,-0.648183048737198,-0.5987953317052591,0.12711402520950044,0.20012151666041927,0.9838901187522646,-0.4374934902207687,-0.38579692142210564,0.24235059563001266,-0.3491985715463846,0.7309747186689884,0.018466382476725277,-0.3809818730037573,-0.008250190817465019,0.5759252029188313,0.6748995791116791,-0.16000458795414318,0.14973645379037911,-0.2953228512330641,0.2793423124607303,-0.6948547320052474,0.24233614099805675,0.061167173876882926,-0.009503294368597865,0.39248105829069035,-0.33866833092745546,-0.2949118554417462,0.3446381007616573,0.4623907168992216,-0.14780471106606372,-0.43953232354255795,-1.1243407532713292,-0.1826972445291509,0.15081515387427788,0.29627426686768393,-0.4681295933313145,0.8025195153127561,-0.12891933684271067,-0.4252505176226064,0.08194719784148714,0.5034131290844563,0.14863022716936636,-0.36461663990856485,0.14123074774111494,0.5284821651552779,-0.066898423422355,0.6125151407513947,-0.06471862612783952,0.23484865423360424,-0.06311030531598673,0.44140574567950547
1.58885807103292,0.48646315942258067,1.5228847041421303,-0.8647426935261183,-0.43584450562204613,1.394269533998992,-0.7811109871595482,-1.1589303475218578,0.08225294876819995,0.762173584555429,0.500642463482052,-0.07401173394957922,-1.3107825195828893,-0.4935104300095767,-0.7811189953342812,0.5847474399571052,-0.009396049226800955,-0.24845896617139238,0.46041916426502105,0.6748995791116791,1.9390802173869368,0.28820193288011725,0.11027518000351728,1.1754734277141985,-0.010595497285462604,-0.33873121584523663,0.0692688010688442,0.09385780322320726,-1.0265021454845829,0.5869958348650864,1.0226907105984568,0.9783837110371665,-0.06050619619960564,-0.32900497730562045,-0.9200963685935095,-0.6132439617025941,-2.0086527004212806,1.0184086349864923,1.176713956982099,0.624521383522997,-0.04100667452846267,1.4701555243367599,-0.21414195145022077,-1.872184980307157,0.2309084074643635,0.25015025607933167,1.2919792046940586,0.12973380802169268,-0.19482175334616494,0.2244075779336645,-0.3939675298408828,1.4782947583995834,-0.3290486136738634,0.42565393082762115,0.6298379031696532,0.9987869804817624
-0.18752227724367299,-0.5526655479256516,0.06752924795859667,-0.546738777191835,0.3329791527563747,0.16398277090151012,0.5032894458055212,-0.10740654939938318,-0.4693255646915224,0.6192001456781787,-1.9102211276384269,-0.2076922369715389,0.03857976787847938,-1.505115886996513,-0.24885152865800522,-0.3823429078879721,-0.4439576646230771,0.3589086259435928,-0.6003646308736371,-0.16000458795414318,0.28820193288011725,1.6914903407155137,-0.4374870006897699,0.5957685932134871,0.08601711848333786,-0.5025595216958496,0.22032985404786853,-0.5558620743235592,-0.27560476186094673,-0.23245123886193278,0.8324942190906315,0.8651772311038629,-0.8167995351614812,-0.2838030062204003,-0.7245271992090844,0.1857582628816867,1.122770064283522,0.7116803442437518,0.9875464754822715,0.6781508950232046,0.2893543470100015,0.19631084258908238,-0.4147868315562705,-0.24537321270499188,0.20078362883843923,-0.22784702175281782,-0.4438704815154181,0.1168135784905801,-0.08287236610074573,-0.6990612787650831,-0.037731981517770324,0.38991422390345565,-0.24497217638987773,0.15893610975409528,0.0375236917926096,-0.7621598553515986
0.5971228745004751,0.7734835504451278,0.18948491786475083,-0.07177675824976229,-0.281112348941111,-0.41540444383293157,0.07991647852553489,0.17153289078858283,0.4616448020862864,-0.23517198659124283,1.0850200597573907,0.5357836991602624,-0.3962227581907251,0.6727100604138229,-0.09550003049913519,0.1222293980167317,0.06413153968572242,-0.47534761084699845,0.6722512207151506,0.14973645379037911,0.11027518000351728,-0.4374870006897699,0.4642641366851873,0.11787549957776416,0.13242056525902623,0.44923565088327555,-0.19576550981729582,0.3112365036234161,0.26916819345046133,0.28581874734809315,-0.37079269495380696,-0.4593837828066358,0.46567964766443953,0.2529746225763276,-0.1218109601814282,-0.1116647956252824,-0.6797265798033789,-0.016974990987738584,-0.2701433592926594,-0.39125541159031024,-0.0898899917382141,0.35399152995231253,0.26406592199540646,-0.23090829357840456,-0.35620929705763266,-0.048903190577556994,0.834476257506701,-0.013543217732941589,0.08087465470952719,0.3630055203004544,0.10246292878545427,0.03726801160322316,0.17854677280005884,0.05045769681417173,0.15052331950744904,0.34805552932342826
1.9075893410185112,1.853155276160554,1.2054749650205336,-2.2968036154305835,-0.9215898910431107,0.5460454694305199,0.9270299172275274,0.23860841384775666,0.38821805547864857,0.40827026028756935,-0.7820343969063612,1.9082439789729648,-1.3976172094990578,-0.8141843689596089,-0.512034554179371,-1.0784562593345055,0.011200902321438543,0.07924254808006309,1.6610463315903503,-0.2953228512330641,1.1754734277141985,0.5957685932134871,0.11787549957776416,2.868423669220933,-0.6363745222316124,1.8921307258799422,-0.9078505321107,0.4276691983159843,-1.1049017311925493,0.24795217390449376,2.0384688769158075,1.6786260479537538,-0.6013061335246682,-1.4699265321386872,-1.4440592316460412,0.19250592098883518,-0.413406354968906,2.187099742673068,1.1700913545403377,-0.2241339602786368,1.078577815171603,0.3605903702912845,0.24097871550709832,-1.9135126181319708,-0.2536807869701288,-1.246307802838996,2.608766595774015,1.3893440856536474,-0.4816995339805681,-0.6997929470594901,-0.3296069028389031,0.6852440087935593,-0.14530314346518208,-0.09720735592101422,1.5127940731766107,0.6014475539391219
-0.09472637906172557,-0.2934475731856315,-0.08179644029067844,0.5906625274432048,0.1927761502539621,-0.32329991898289745,-0.2335869456717493,-0.17821241958821082,0.008985733727057011,-0.011892842324036286,0.6399679317353049,-0.4182026442328607,0.03006053613026857,0.29400201367811113,-0.167822570077198,0.5549188019373691,-0.13703035306834563,-0.38161457978575475,-0.2762079518798095,0.2793423124607303,-0.010595497285462604,0.08601711848333786,0.13242056525902623,-0.6363745222316124,0.5017675404777683,-0.7186082792275185,0.27202272637700503,-0.13520145371849723,0.3499808236332845,0.19069453945363163,-0.6317177392781966,-0.6038386696844196,0.31042110015067026,0.667526725499352,0.06653452560769947,-0.2829455636029839,-0.23342964412335698,-0.5472137624547344,-0.17720136793067498,0.18128490042176978,-0.38459363278491054,0.5086791868791152,-0.1128985810753179,0.1810561028755471,-0.07369887601672695,0.3505381376845389,-0.3409236638348251,-0.4744152223278505,0.26154792195686394,0.3540453971316285,0.16872070471800224,0.10133099580346304,0.030259936534429842,0.08805512823413056,-0.38556156748728143,-0.12218183165629991
1.0990464463367566,2.1905113112912002,0.14869606687189446,-1.5881644343901091,-0.8929878441162943,-0.7450727085868836,1.4223316403820665,1.2963145013442587,0.7877650500843155,-0.5271848314863905,0.014009051862744787,2.4052781741864426,-0.6174765759804214,0.41427319528677514,0.18302944420483372,-1.437826579218625,0.2508769650246533,-0.044414962118582084,1.953715421716031,-0.6948547320052474,-0.33873121584523663,-0.5025595216958496,0.44923565088327555,1.8921307258799422,-0.7186082792275185,2.727528157781714,-1.1818325584156262,0.7760406926413901,-0.07594990476665733,-0.004727922567741514,0.8086523699427486,0.44139682911907263,-0.04309488438277585,-1.0767118818341348,-0.5642163579777667,0.6229042358786449,0.3583335675630564,1.258710873321865,-0.19816117723276006,-1.2229573979805048,0.9862542986096126,-0.7575630270767268,0.7378670021508521,-0.5246893503262898,-0.6892063498615647,-1.4019547818938811,2.298376252602442,1.3001613955034674,-0.3192873414675872,-0.45772324792640895,-5.1588512350133465e-5,-0.5635833870107947,0.3079025046693583,-0.4125259523932719,1.1739950068853369,0.3442284943878896
-0.6135285741075921,-1.0565054750503968,-0.17244213727404192,0.7247531906212832,0.44292841012832973,0.317234347751942,-0.6252446048787536,-0.5501104411010523,-0.3878263303847577,0.20862330812549318,-0.14714443052389672,-1.1221183419226808,0.3694930716124004,-0.2155546435301245,0.017292370911700654,0.5776269104979801,-0.11459532390081867,0.09783524399679645,-0.9590000331237438,0.24233614099805675,0.0692688010688442,0.22032985404786853,-0.19576550981729582,-0.9078505321107,0.27202272637700503,-1.1818325584156262,0.558028459204842,-0.38276942198858566,0.05177400136667726,-0.0858166723651219,-0.3629013091538994,-0.1663145125471458,-0.009038583991940264,0.4501598839940026,0.34417982004353015,-0.2115389154483165,-0.06562720958949975,-0.5886585903642982,0.056981612705888134,0.506880708460844,-0.4146462923616363,0.22877326973089188,-0.3071729185617707,0.3318352465003035,0.3121936925295166,0.6506955387459644,-1.1450380991728646,-0.6145068346939976,0.10213516129303551,0.1510255010978665,0.0076265353388387,0.17175351046088788,-0.12076442481354423,0.22065996174927885,-0.5846759771175565,-0.20532442342970061
0.6465742379018244,0.9430092981624494,0.2915466896972666,-0.3270537381406855,-0.4089447519764321,-0.1995559810155319,0.18237450376613845,0.2721064063494895,0.47282870368783253,-0.22930786239041873,0.8555599246370467,0.7651510433839096,-0.4019655886521457,0.5594954210767769,-0.06791831177184915,-0.1280234405348827,0.18322153911346042,-0.2926535429392214,0.865356348948758,0.061167173876882926,0.09385780322320726,-0.5558620743235592,0.3112365036234161,0.4276691983159843,-0.13520145371849723,0.7760406926413901,-0.38276942198858566,0.44264551388153073,0.09048374177772969,0.2459269721175949,-0.08084464306332334,-0.21233689966303484,0.3108392428611437,-0.08621764716009432,-0.18112818768808683,0.002780628308407205,-0.5384790881934918,0.23738892008316814,-0.20700565221116327,-0.449248362424895,0.0647934722898275,0.04210324796370801,0.2867748253259375,-0.3019384911129537,-0.27012096412491265,-0.26248008518005395,1.0099982800238327,0.3010689802928915,-0.00408675941515154,0.22997678105883682,-0.013265127803704813,-0.004456136460869437,0.14152749481244306,-0.09534871783521935,0.4130979375153161,0.44667357130224555
-0.6496822504033742,0.027596873590300768,-0.7363471725746394,0.8434840204746121,0.23885944330470185,-1.237201739994428,0.3693862622910524,0.667807615734518,0.3082594372995802,-0.5346080188802352,0.7323511373407673,0.06449393055072578,0.5799122321307018,0.7595592466155606,0.27031612815492473,0.07343979590876643,-0.0336180866073818,-0.3782043330582673,-0.04271320471311652,-0.009503294368597865,-1.0265021454845829,-0.27560476186094673,0.26916819345046133,-1.1049017311925493,0.3499808236332845,-0.07594990476665733,0.05177400136667726,0.09048374177772969,1.1288515480369028,-0.02885941586636843,-1.3485177135966042,-1.3206980494242404,0.5017075973934285,0.8456469340555404,0.38519225411071845,0.17361317845285504,0.6539428383067906,-0.889338084991022,-0.8793790961542997,-0.44446299076733875,-0.400931307551233,-0.34946968109700044,0.17815674059333947,1.1288124293607789,-0.3605484887973385,0.12181229240460661,-0.5209622577659561,-0.4112082474591824,0.3485447087469975,0.37187911831521436,0.36018712801912633,-0.6639608661732385,0.3294254225222985,-0.08501542774463018,-0.4784492610637499,-0.463650633128062
0.8047500724694033,0.5832751771021301,0.576571035495275,-0.1149416679350679,-0.2811780774179518,0.08234983953968754,-0.22472322050150956,-0.2400873813220768,0.33500230430201045,0.05961990385792856,1.0576802969374677,0.2457807972823069,-0.6042188497500834,0.3874125406391355,-0.3691317928696793,0.39274681003527834,0.04519967406522893,-0.4739173263914483,0.541446566345816,0.39248105829069035,0.5869958348650864,-0.23245123886193278,0.28581874734809315,0.24795217390449376,0.19069453945363163,-0.004727922567741514,-0.0858166723651219,0.2459269721175949,-0.02885941586636843,0.4395243864905592,-0.12539144278233041,-0.2137572292885346,0.3534710296053402,0.226887348149457,-0.34755919135961894,-0.3309177094748758,-1.0187113543728386,0.12917596308779997,0.09331517307151065,-0.005041649210771201,-0.19103363690412214,0.7102358048002705,0.05303914530692865,-0.6085485374085771,-0.142585891432591,0.08447080330060536,0.8193889751340689,-0.01821897289636922,0.10078304803063194,0.41399263170719325,-0.028219591643694895,0.4668889318809291,0.011854415764110934,0.08439320092865112,0.24019162530107493,0.4967491991036213
0.8781957390173349,0.4128053512136615,0.8011984038637073,-1.655147760347717,-0.3901820439966661,1.154068897223214,0.31856509426752305,-0.28607152263231705,-0.2976271228826115,0.6415934558865211,-1.7111860892617525,0.6306847936359222,-0.7260729768235611,-1.3488008137243872,-0.27795877054497337,-0.7849953640505339,-0.05307288121499292,0.6153869862626348,0.3968493346249367,-0.33866833092745546,1.0226907105984568,0.8324942190906315,-0.37079269495380696,2.0384688769158075,-0.6317177392781966,0.8086523699427486,-0.3629013091538994,-0.08084464306332334,-1.3485177135966042,-0.12539144278233041,2.0816427542384095,1.9528706296494878,-0.9419290071877797,-1.433513181633219,-0.8551502793606098,0.15361017143543035,0.02370038178059251,1.6633577005469165,1.2689310163927707,0.34070374739760495,0.9047678964274056,0.07423153129830479,-0.12018910834311362,-1.400608366810288,0.268021230175314,-0.7141099694854212,1.0428515415418942,0.9489484783046634,-0.5316886734309918,-0.8948861804445158,-0.4099693739913189,0.6191990060450524,-0.3536257032480113,-0.004242804881669539,0.9109920874815168,0.2456598414231418
0.5713242761823574,0.004531677053281841,0.6815511422183962,-1.3925500425891224,-0.2178870187370572,1.2835879657286122,0.10241142737437983,-0.44830827147762825,-0.4489258148753726,0.6902218038354363,-1.8512676769161407,0.21775134270166688,-0.5199578132204529,-1.4382046186442776,-0.19933574874136098,-0.6412944913942096,-0.06972248819961592,0.7205250269398737,0.022964105723279397,-0.2949118554417462,0.9783837110371665,0.8651772311038629,-0.4593837828066358,1.6786260479537538,-0.6038386696844196,0.44139682911907263,-0.1663145125471458,-0.21233689966303484,-1.3206980494242404,-0.2137572292885346,1.9528706296494878,1.912823090174304,-0.9689799441579247,-1.3191922479182572,-0.6667340383751554,0.1360875375867752,0.07362461935721326,1.4456191626534172,1.256793871003454,0.4835289516406943,0.7726877117622359,0.029995196628993942,-0.2115886529693902,-1.2035883876385538,0.39766437792039727,-0.4798871181344155,0.5631987627896579,0.7406435512614651,-0.5246043327227735,-0.872747775686532,-0.41866444426783817,0.6176507504208016,-0.38640364686734513,0.07570615949263124,0.692500961966556,0.15890564220320513
0.29374885377538884,0.4281813519919908,0.043411709211053806,0.5496487738852281,-0.14377289425169093,-0.44851057916023074,-0.3027065272333741,0.021163971941183465,0.44168350980258786,-0.35340902312600114,1.6720423979728092,0.07711506112072193,-0.17191919756491586,1.073324806553747,-0.052538574028996025,0.5441944164114171,0.13455517419145838,-0.6002298718249321,0.39905015790369863,0.3446381007616573,-0.06050619619960564,-0.8167995351614812,0.46567964766443953,-0.6013061335246682,0.31042110015067026,-0.04309488438277585,-0.009038583991940264,0.3108392428611437,0.5017075973934285,0.3534710296053402,-0.9419290071877797,-0.9689799441579247,0.738295825913692,0.6640469610130583,0.2381807859957801,-0.27787145816117975,-0.904991728419038,-0.6091351365926001,-0.6137997718456308,-0.3405875676530919,-0.43616441069837925,0.3799621523849159,0.21492618834346314,0.1234916804663162,-0.28242252003945656,0.30396440156476495,0.35347277007043115,-0.34562172066904495,0.23829504773087348,0.6924073963365573,0.1520688509555102,-0.045132234515336024,0.20662155068967883,0.03366920468985594,-0.15942818294467132,0.3990013469919694
-0.44974012534757335,-0.4942209371681713,-0.32991443440990553,1.233869249619114,0.34995204212796577,-0.6167296745742291,-0.46284311755869273,-0.1504419283992412,0.12159762367539213,-0.22227036968555122,1.2839826833570203,-0.7552507540275506,0.3245450985398034,0.768629131602026,-0.03653045170109079,0.8796788741965424,-0.07918057680122181,-0.5618097755221947,-0.47235911887883575,0.4623907168992216,-0.32900497730562045,-0.2838030062204003,0.2529746225763276,-1.4699265321386872,0.667526725499352,-1.0767118818341348,0.4501598839940026,-0.08621764716009432,0.8456469340555404,0.226887348149457,-1.433513181633219,-1.3191922479182572,0.6640469610130583,1.1972149964918188,0.4169665034326467,-0.32983593364961905,-0.3435770286943137,-1.1656340419682527,-0.6222321256792275,0.07690693225170121,-0.78439953390774,0.45020041723290566,-0.07836178535915272,0.709558500365653,-0.11430529292964663,0.7122715727958855,-0.7967814901844424,-0.864241323283846,0.43348088072373253,0.7267558660334071,0.27495116573733813,-0.07022746292204102,0.15426061305760327,0.1469116732782856,-0.7260079248318867,-0.1459993419111734
-1.238931573567144,-1.0253051100536728,-0.8978383349591061,1.1489926193581026,0.42865099602356127,-0.19566437364711955,-0.4744425218759872,0.025396682044341486,-0.30454789122822445,-0.40170483046676236,0.1844291833170931,-0.9092102090997143,0.9350704350640824,0.5703961867800735,0.5578479688687019,0.3047850560701245,0.1323015912492944,0.2330194050983109,-0.8716257578634389,-0.14780471106606372,-0.9200963685935095,-0.7245271992090844,-0.1218109601814282,-1.4440592316460412,0.06653452560769947,-0.5642163579777667,0.34417982004353015,-0.18112818768808683,0.38519225411071845,-0.34755919135961894,-0.8551502793606098,-0.6667340383751554,0.2381807859957801,0.4169665034326467,1.1393353871214202,0.04682142845843233,0.4000334163677275,-1.1954083223472267,-0.8512262029800113,-0.11343460710065023,-0.3234375518299924,-0.698226219763822,0.004601680031570775,1.1798634465160627,0.1740232984984151,0.508575056888288,-1.4557559365213073,-0.5539283536964342,0.10496823831677739,0.181848892159785,0.13950653023286452,-0.7364905039845777,0.09677515749745073,-0.0986389542225423,-0.784776771065706,-0.26506972277728197
