V1,V2,V3,V4,V5,V6,V7,V8,V9,V10,V11,V12,V13,V14,V15,V16,V17,V18,V19,V20,V21,V22,V23,V24,V25,V26,V27,V28,V29,V30,V31,V32,V33,V34,V35,V36,V37,V38,V39,V40,V41,V42,V43,V44,V45,V46,V47,V48,V49,V50,V51,V52,V53,V54,V55,V56
79.12677191520123,-68.64393572096286,73.88523076153703,88.81816917530779,-71.30477673870747,-9.326880324670869,66.83975267604849,14.974533259231555,-135.10015057250394,29.962621329120903,147.86288483417553,93.36406592704174,-85.73735896443847,75.1934355870181,-304.54891438467337,148.99057366564634,-7.194773464825709,-120.89847500426295,82.57366847465414,1.022959490258016,-72.85790962261251,29.445741892167856,-268.95695861478737,192.72030286057338,233.05749974912118,-193.859913491428,-160.65069973803259,-5.696407942780939,-224.21541868242525,190.0089495549212,179.1001372385666,-1.9501494381901983,-71.23281601250179,-35.39692022127291,-111.16928594806488,-244.39608328029718,213.73841976323166,-102.7704755183084,-37.04214992849421,219.81259519935753,90.54820735358592,101.83544648023101,-164.63602713386254,-111.6275659097591,74.2316580114039,-290.7002187217624,59.91046305137113,249.0431912069448,188.3343840203553,-24.286999187451542,20.591691534773936,-36.591229570132896,-130.53823273019572,-439.03682263957,113.18277350085616,-65.65700104061477
-68.64393572096286,60.750291095906434,-64.51414453060403,-77.32001165131268,62.54043059102883,6.604676195961779,-59.333963745982665,-13.045152270544927,119.75980841006877,-26.283180503659356,-128.98340416955836,-82.26789936996121,76.33350233903263,-66.09519564420422,266.8951096704473,-130.78166404891664,5.505486497155549,106.0931488580824,-72.11388355147436,-0.47180309832369266,63.55846755468567,-25.86879073577241,235.89544821474425,-169.29147303719216,-204.61759586174887,169.70908817687598,141.22508315083965,5.919250073064171,196.44593233672498,-166.3592270262697,-156.37582228274852,1.909089943202572,62.397835126730854,30.507958302245044,98.22195269520233,215.4096942469572,-187.24147841369873,90.03427131418856,31.14176708634759,-194.15985418818005,-79.39626466715026,-89.9255979488119,144.05358740089258,98.19656847743917,-65.5433016283943,255.2123236049977,-51.98751293846352,-218.9312324219439,-165.00853890630887,21.882394999521523,-17.392366969039514,32.304654925102945,115.38101498260626,385.6972310643817,-98.97401056424202,58.431680936344854
73.88523076153703,-64.51414453060403,69.1372371981073,83.02861420821779,-66.82015466484138,-8.190499769563406,62.88417731603755,14.00302050501154,-127.04264006618602,28.078589135247164,138.31736579853361,87.62535804572092,-80.74005663706444,70.5146891863614,-285.31551468709466,139.65456136697262,-6.460298387039983,-113.31318485498342,77.2730430165025,0.8107899842113139,-68.15586169029265,27.607210340331505,-252.0386226066546,180.6880060568586,218.46895932970764,-181.5521577390854,-150.65847820062567,-5.658846075509045,-210.03689602633307,177.95468484542369,167.58478595986637,-1.898688978241846,-66.72400676010534,-32.982172971817185,-104.42765068247792,-229.39034186437297,200.21615460757857,-96.2694842907784,-34.242414403599064,206.46208224401457,84.84396676812247,95.64016208147568,-154.15905125718876,-104.70596409184101,69.7145568890542,-272.50028101365575,55.94751559828876,233.55330623694832,176.42664878221038,-22.961180698023618,19.06276404540849,-34.3634998698852,-122.63683928382503,-411.6395547639665,105.96098149259001,-61.82171776758865
88.81816917530779,-77.32001165131268,83.02861420821779,99.76407440937605,-80.16223904306524,-10.169088463343218,75.26741531610728,16.79640093818014,-152.15914416086508,33.709972010231525,166.0905056873783,105.01306619473208,-96.60532899402163,84.5404713415732,-342.3989623713231,167.55335372019576,-7.948524889161355,-135.9338832146084,92.75556927995629,1.0767187247024865,-81.84170427660762,33.142725418085384,-302.43101161914143,216.73741892155235,262.08876143518734,-217.9535603498919,-180.67783105615595,-6.5911960677731445,-252.08669187565772,213.58632676667938,201.26789503353532,-2.2057269011820617,-80.09693784716386,-39.70587505517796,-125.13185491350772,-274.9966512471695,240.29082929692458,-115.5328803790697,-41.380126133516086,247.43463887353383,101.80557123405077,114.6231913099699,-185.0690928139425,-125.57324821006554,83.56341190507707,-326.89445605590254,67.22855407345921,280.106965800977,211.72761381516295,-27.423878540033993,23.024817027241813,-41.16546483363374,-146.950546787407,-493.75988564570224,127.19971116353594,-73.98717354328868
-71.30477673870747,62.54043059102883,-66.82015466484138,-80.16223904306524,64.77243266783343,7.413681822211335,-61.2703487732105,-13.634914149307495,123.46772357629098,-27.11000168437111,-133.84007916257067,-85.17550809418549,78.68668183203752,-68.5015180556703,276.21925682967685,-135.25901003150355,5.897025420124273,109.83098062093192,-74.86037213536402,-0.5940845140151401,65.941945500137,-26.63737262148249,244.02846212037255,-175.12097079648652,-211.66658945510935,175.54185053599704,146.1183700986333,5.782105056505325,203.2548873005918,-172.2553069395029,-161.9309911295919,2.028426894698548,64.5121029709296,31.701450427430707,101.42641614760596,222.57711939153384,-193.7966820738125,93.20951571730751,32.7136353723834,-200.40055370120461,-82.17095089415484,-92.83929756745633,149.0922153019128,101.49735392724118,-67.62186165252393,264.07542407115875,-54.09715852386142,-226.44050876518142,-170.81262313145982,22.432854661434046,-18.21338534179135,33.43893695474944,119.09152640949996,398.9646422917237,-102.54079068118517,60.186729007851845
-9.326880324670869,6.604676195961779,-8.190499769563406,-10.169088463343218,7.413681822211335,3.1067590998564,-5.89933834994524,-1.572895116146639,12.450928294410547,-3.235796786016376,-16.333211373244115,-9.067765627521634,7.328304819735544,-7.508884470852393,32.28350320173356,-15.52271812288185,1.9509205099220521,12.528200688681952,-8.938071278362058,-0.739446680804618,8.053448685605641,-3.162536490421019,28.294414488976415,-19.82027424898154,-24.154961746402286,20.981979393024766,16.302810703783965,-0.645230189709728,23.914020823119362,-20.324438745806724,-19.90806623503966,-0.20708293336132907,7.675078346791881,4.5138393650892885,10.631943117093877,24.137744777435113,-22.766824127462364,10.912940235538995,5.712431159533916,-21.22109745338421,-9.520898567416484,-9.849517163406437,17.847217103910694,11.325248911992263,-7.243215587100293,30.073047051628333,-6.929391995139731,-25.35643076905805,-19.991204627108807,1.7596900855474997,-3.096001755045768,3.4521685741534127,12.46429321781078,45.10888426299876,-12.254397477424066,5.706851054299719
66.83975267604849,-59.333963745982665,62.88417731603755,75.26741531610728,-61.2703487732105,-5.89933834994524,58.54891161241924,12.941720338501879,-117.56366201311418,25.51885468524606,126.10110639748356,80.96609061650938,-75.28256866956801,65.01548106876378,-260.8019767332854,127.84231434902912,-4.8959147645910415,-103.89805238615983,70.66304011263838,0.20351473879970478,-62.121628616460264,25.06561714260922,-230.49879868199216,165.69918660995634,200.16051989605407,-165.42560161730918,-138.40952847422997,-6.107474640013435,-191.79365701232766,162.5607271650012,152.3442397592804,-2.201931757565529,-60.80366142736472,-29.50161429085836,-96.40243775264734,-211.12795634149109,182.916145094143,-88.00776326424419,-29.957971339608203,190.30713942353245,77.63510893658682,88.16209724141522,-140.5207637296842,-96.1003122417427,64.15487849587343,-249.78759874488216,50.836405704444836,214.40755718139846,161.27850945741363,-21.608370092917266,16.706675902922385,-31.847817449309193,-113.18194977712005,-377.5201511465957,96.70115085623988,-57.50315379665277
14.974533259231555,-13.045152270544927,14.00302050501154,16.79640093818014,-13.634914149307495,-1.572895116146639,12.941720338501879,2.9299862000229786,-25.912702149538266,5.636292899588887,28.177119562606297,17.997319407557693,-16.581613139295943,14.482531731786528,-57.96678360782855,28.3739526774882,-1.1849027867181658,-23.1010034392702,15.799388409676876,0.09674247849221745,-13.87740693259634,5.517802599394956,-51.185342856496014,36.78618635650953,44.440437501452195,-36.73584735931669,-30.736782274078603,-1.2017582473976827,-42.60911661609331,36.16762679137521,33.910673091619344,-0.5045143025937027,-13.490128773458293,-6.619277994582338,-21.3195243169795,-46.757143060501214,40.66303871070373,-19.572939803365074,-6.877753111523446,42.05145663849117,17.254613138411294,19.490082293909552,-31.240826997270332,-21.300201627101327,14.165923085789277,-55.48687349173293,11.424678963759206,47.58444224277638,35.862498220043555,-4.705424654743629,3.811688446596714,-7.074670074388547,-25.008287290961107,-83.80553645780752,21.540670772613613,-12.648314787482079
-135.10015057250394,119.75980841006877,-127.04264006618602,-152.15914416086508,123.46772357629098,12.450928294410547,-117.56366201311418,-25.912702149538266,236.6820201879776,-51.65944159461175,-254.3699661015348,-162.7850154922233,151.20930507039964,-130.7486845748681,526.234974046604,-257.9104569482867,10.364113909045953,209.41058562568475,-142.37695713515012,-0.6687414443598485,125.32773680213445,-50.79489361393207,465.1042113482783,-334.0665940885366,-403.66113676976266,334.20558269321083,278.86373787750097,12.00470188299214,387.1642007964534,-328.0065334403914,-307.85891989649866,4.100840119476738,122.8602118518697,59.8375562954093,194.09366509074724,425.3699402106028,-369.130613440519,177.5485726176636,60.91496406581099,-383.4196357959028,-156.59675949491074,-177.60281221113,283.78377443660264,193.76317605358247,-129.34469710393734,503.6048740494293,-102.53206758566753,-432.14479435113236,-325.38227420985527,43.37724306954307,-33.99725607234653,63.97676664280556,227.94095306518733,761.1124925935469,-195.12975821385047,115.62374381007255
29.962621329120903,-26.283180503659356,28.078589135247164,33.709972010231525,-27.11000168437111,-3.235796786016376,25.51885468524606,5.636292899588887,-51.65944159461175,11.440237705788265,56.07956078254891,35.524172943591054,-32.80196763022486,28.572987501548678,-115.8677623128879,56.73214273999565,-2.619244802715707,-45.98832885885372,31.30758959229086,0.3269519284266631,-27.63734430329225,11.264026858884653,-102.38146695853577,73.37405327096705,88.72560679429982,-73.78984259866417,-61.155562011587456,-2.352381627388711,-85.32538711743055,72.2475380317634,68.07685135897313,-0.7272244041516669,-27.128639033516055,-13.391613475423357,-42.425284379570385,-93.18532351774869,81.31020248469652,-39.08526793692086,-13.831062870106154,83.9243597182138,34.450641882260435,38.868725446701056,-62.62553003398562,-42.539823257801466,28.3530906612778,-110.6397409548482,22.64562238581887,94.83765364197083,71.63451360352839,-9.356366499682858,7.715760134241013,-13.928078077644159,-49.841687717898594,-167.16155732135576,43.00593414289793,-25.138880106670644
147.86288483417553,-128.98340416955836,138.31736579853361,166.0905056873783,-133.84007916257067,-16.333211373244115,126.10110639748356,28.177119562606297,-254.3699661015348,56.07956078254891,277.0131647569455,175.69034877232576,-161.836906792391,141.39563320500838,-571.0616881383993,279.5103710867573,-12.760022111897667,-226.92726317458545,154.84972444260123,1.5309565885359309,-136.48394915496596,55.09424275291045,-504.408238809498,361.75552531402644,437.34141386125737,-363.1322614654626,-301.73731444327007,-11.360643450615692,-420.28541971665896,356.21034542653763,335.22174290493206,-3.9927983786214276,-133.4350875555391,-65.90357904820287,-209.14043641136388,-459.31660551834364,400.7106093217708,-192.7124338727359,-68.48171170596734,413.32362256148826,169.84339488401508,191.48847814710027,-308.4274795517716,-209.59605524637027,139.5070627386616,-545.596559499719,112.11160274273628,467.646747503323,353.15371454551877,-45.989796756590806,38.08972668374918,-68.92530455341507,-245.55811612746277,-824.1419275040594,212.11511250266827,-123.8337570558816
93.36406592704174,-82.26789936996121,87.62535804572092,105.01306619473208,-85.17550809418549,-9.067765627521634,80.96609061650938,17.997319407557693,-162.7850154922233,35.524172943591054,175.69034877232576,112.29612220588598,-104.01151903986188,90.25672318355281,-362.80750316001416,177.7345002949021,-7.293988068242539,-144.4180524601458,98.37585118565377,0.5399028838943727,-86.55286430464167,34.88602052494173,-320.5640951687413,230.2598733936,278.2242142432809,-230.3033844382958,-192.2488072034668,-7.988433572663716,-266.8678673683136,226.21620157554676,212.3044201431291,-2.8950468730754357,-84.63566132746156,-41.349777595155324,-133.63885244573623,-292.9855645569522,254.50293408634045,-122.43746961087037,-42.40132883979456,263.89493278233886,107.96813315200278,122.2600820547872,-195.64230979379838,-133.48083020895396,88.9929730691513,-347.1828772954948,70.95465772763569,297.8426509712588,224.36914577796756,-29.728357518644618,23.61233993189761,-44.13054190336516,-156.8915563574761,-524.5947341960051,134.6272342622505,-79.48431391683089
-85.73735896443847,76.33350233903263,-80.74005663706444,-96.60532899402163,78.68668183203752,7.328304819735544,-75.28256866956801,-16.581613139295943,151.20930507039964,-32.80196763022486,-161.836906792391,-104.01151903986188,96.85039476282044,-83.49392986371254,334.97551731207614,-164.23959374094122,6.186824378789886,133.44839247910738,-90.6842791088675,-0.20712503956096015,79.72802851920993,-32.23357251003676,296.09341035053296,-212.87164197949915,-257.1376251447441,212.48807053942642,177.81118184486672,7.992892146042756,246.35257614738256,-208.7621082495443,-195.61163095032632,2.826700652379211,78.1114705106632,37.826207759796006,123.92811052441478,271.3450261166461,-234.92896114963042,113.02882721108193,38.269562196784,-244.66852798517928,-99.71754742836322,-113.33945979195602,180.46983691481495,123.48945573538485,-82.48631413218573,320.87004482885123,-65.18558274086483,-275.4639649311524,-207.13412162315393,27.84699641530344,-21.36201602182498,40.91877095175673,145.51655023710964,485.0013958706598,-124.16055579522533,73.98768365967761
75.1934355870181,-66.09519564420422,70.5146891863614,84.5404713415732,-68.5015180556703,-7.508884470852393,65.01548106876378,14.482531731786528,-130.7486845748681,28.572987501548678,141.39563320500838,90.25672318355281,-83.49392986371254,72.56620225781869,-291.8242431643392,142.93332176210973,-5.97992913212043,-116.14104017091508,79.15798017728855,0.4942443865235962,-69.65642873010734,28.055056061741734,-257.8198945735669,185.152173798384,223.73793572591177,-185.27568979059075,-154.57091573551293,-6.298989927891806,-214.6643583826005,181.97788914619755,170.85027391921471,-2.2973579278742826,-68.08227430977283,-33.33118914148943,-107.38018212852816,-235.49201913210092,204.71782899790858,-98.48704824980871,-34.28696483934723,212.05440110838245,86.83751053701533,98.24728716696805,-157.39846714931176,-107.31478071426861,71.51512589890147,-279.1898347887255,57.13956274678392,239.4719257907641,180.47613546379714,-23.82934701365377,19.08338673450336,-35.46069491084486,-126.05970462290333,-421.82362598143527,108.31495112815745,-63.80920305946134
-304.54891438467337,266.8951096704473,-285.31551468709466,-342.3989623713231,276.21925682967685,32.28350320173356,-260.8019767332854,-57.96678360782855,526.234974046604,-115.8677623128879,-571.0616881383993,-362.80750316001416,334.97551731207614,-291.8242431643392,1178.6827329022613,-577.1209374974522,25.719465238975108,468.4133350834355,-319.22951047823875,-2.831269117199289,281.37676507804605,-113.90451039728036,1041.3282673840847,-746.9638146401994,-902.9761803919075,749.5336570113245,623.0511100479451,24.2946756193154,867.5172460906174,-735.0510452122295,-691.5189938691891,8.27527616586976,275.4771814820326,135.632792122696,432.3198319770501,949.0465124631951,-827.0283228149659,397.71102523303966,140.14772774975455,-854.4733561655524,-350.58114213604125,-395.8265290658942,636.4839924927746,432.93943822583475,-288.42716447627384,1126.4047950260067,-230.81174647828078,-965.7241291891557,-728.8507512639075,95.46254481267056,-78.05438580643352,142.3717695568562,507.68299783946316,1701.7417210720846,-437.5813457837012,256.3592606307154
148.99057366564634,-130.78166404891664,139.65456136697262,167.55335372019576,-135.25901003150355,-15.52271812288185,127.84231434902912,28.3739526774882,-257.9104569482867,56.73214273999565,279.5103710867573,177.7345002949021,-164.23959374094122,142.93332176210973,-577.1209374974522,282.6153672546436,-12.442610230034031,-229.38142752432316,156.26723040306908,1.3062927071940156,-137.72123780858416,55.775927233131675,-509.89975993799095,365.8130615137278,442.1970554824267,-366.9534888503101,-305.1518228589267,-12.063773116940016,-424.7515865905968,359.87772188403665,338.4771878187033,-4.095757026912414,-134.8724224598339,-66.31312369597276,-211.82570357856187,-464.91292982981213,404.92492142358304,-194.72845521901507,-68.38149357913551,418.65518194797,171.66457158259658,193.93521551985205,-311.5971157137345,-212.048963007944,141.30989336824118,-551.6125145006131,112.92543771291301,472.9785774304898,356.8628573041497,-46.850094707063406,38.098096660959875,-69.75834592145894,-248.75844255252085,-833.4062158903064,214.21599056238796,-125.68585842956627
-7.194773464825709,5.505486497155549,-6.460298387039983,-7.948524889161355,5.897025420124273,1.9509205099220521,-4.8959147645910415,-1.1849027867181658,10.364113909045953,-2.619244802715707,-12.760022111897667,-7.293988068242539,6.186824378789886,-5.97992913212043,25.719465238975108,-12.442610230034031,1.3254198328491704,9.994709478313876,-6.983011148422749,-0.46752485044866793,6.296371249398958,-2.5856960662501978,22.620653337208967,-15.89872811551005,-19.353247552765563,16.720315322169466,13.085715061309717,-0.20345671744545443,19.06447400145798,-16.128842020391733,-15.715326099329607,-0.1489622326123805,6.135810769938245,3.4495474237153707,8.709829154407501,19.602548903229266,-18.11929587919194,8.676386506235279,4.110865566236434,-17.407762593246815,-7.592822918569276,-8.064907268105564,14.173738241062768,9.14355427854003,-5.946407127668905,24.064277276120745,-5.306749682674268,-20.38330913278305,-15.903111301871279,1.5992492671638519,-2.2591992378620227,2.792214017775294,10.24143589604112,36.19570031627736,-9.679089126351165,4.827581228334735
-120.89847500426295,106.0931488580824,-113.31318485498342,-135.9338832146084,109.83098062093192,12.528200688681952,-103.89805238615983,-23.1010034392702,209.41058562568475,-45.98832885885372,-226.92726317458545,-144.4180524601458,133.44839247910738,-116.14104017091508,468.4133350834355,-229.38142752432316,9.994709478313876,186.24115931233044,-126.91737817993135,-1.0045173102419034,111.80632500636122,-45.19299191001133,413.83572272737683,-296.9705286339793,-358.9488602999327,297.7083476878287,247.77866724137556,9.831936272720242,344.6915650485999,-292.10203359856223,-274.6080176185488,3.423283254047037,109.41205722771782,53.755469113621004,172.00942545551953,377.4649290714274,-328.64032290214834,158.06122310818978,55.43947335305435,-339.8791544622254,-139.34387318564208,-157.45281993079664,252.83822925677384,172.12888573825444,-114.69236002930755,447.812017033317,-91.70536830116222,-383.99739164036816,-289.65905975019786,38.05713481924721,-30.872959664823103,56.696026574520374,201.9759280862679,676.5668181065212,-173.8772180145647,102.08220704928868
82.57366847465414,-72.11388355147436,77.2730430165025,92.75556927995629,-74.86037213536402,-8.938071278362058,70.66304011263838,15.799388409676876,-142.37695713515012,31.30758959229086,154.84972444260123,98.37585118565377,-90.6842791088675,79.15798017728855,-319.22951047823875,156.26723040306908,-6.983011148422749,-126.91737817993135,86.60540510090308,0.7759591392936404,-76.29070376348749,30.74576235126287,-281.97307305966825,202.30841121514496,244.54504776253742,-202.8831444246115,-168.7937070048721,-6.463031930551056,-234.89927542842122,199.12013694287833,187.25558565814265,-2.3247634734395084,-74.54744019691167,-36.745264927802914,-117.04616464778015,-256.96505867463867,223.98709588305312,-107.73426979371263,-38.11837237619547,231.24966026742166,94.95905479736187,107.13939778131412,-172.3442091157009,-117.21540055981376,78.02926746500438,-305.1125125064739,62.66465000202312,261.563705936692,197.42488714684654,-25.786046671341385,21.197454548347597,-38.60986611759944,-137.41264394958876,-460.89586571224766,118.56487580505109,-69.35714460917833
1.022959490258016,-0.47180309832369266,0.8107899842113139,1.0767187247024865,-0.5940845140151401,-0.739446680804618,0.20351473879970478,0.09674247849221745,-0.6687414443598485,0.3269519284266631,1.5309565885359309,0.5399028838943727,-0.20712503956096015,0.4942443865235962,-2.831269117199289,1.3062927071940156,-0.46752485044866793,-1.0045173102419034,0.7759591392936404,0.22361178471090926,-0.7591469077245779,0.32668393528024625,-2.4479526635397337,1.5801193999782734,1.9819756308964527,-1.995296290335414,-1.225532345353254,0.3323788296912838,-2.1543122881385126,1.8134768097597314,1.9925252835844736,0.15426689264088161,-0.7280384225881116,-0.5857934373793189,-0.6542176781644483,-1.6910542209366453,2.0257490889391447,-0.9542461499557496,-0.8961541626710134,1.3949568442795397,0.8104975559158962,0.6455008976641385,-1.6808791663815277,-0.8776258559408496,0.5088942360530369,-2.4314683656164737,0.6972397213471598,1.9532789436285383,1.7505554640349228,0.02865928866121027,0.48254954640369996,-0.1741840412956982,-0.7747301993979107,-3.58922253562706,1.1211431660850735,-0.20812675872362116
-72.85790962261251,63.55846755468567,-68.15586169029265,-81.84170427660762,65.941945500137,8.053448685605641,-62.121628616460264,-13.87740693259634,125.32773680213445,-27.63734430329225,-136.48394915496596,-86.55286430464167,79.72802851920993,-69.65642873010734,281.37676507804605,-137.72123780858416,6.296371249398958,111.80632500636122,-76.29070376348749,-0.7591469077245779,67.24682882942513,-27.15395097755384,248.5372371255923,-178.2411889438677,-215.4847968680619,178.93561128766655,148.664474075431,5.594149709584719,207.0903162003818,-175.51268185434017,-165.18304465279817,1.957865208189675,65.75261844312664,32.47894343733252,103.04196798549832,226.30567150094387,-197.44269718546977,94.95252084477421,33.74745799445368,-203.64823542228893,-83.68513301524446,-94.34630298508831,151.97625459537014,103.27130502059441,-68.73916442414667,268.8207369101735,-55.235357845088714,-230.41240668177693,-174.00637227775732,22.658117217908462,-18.771803520565506,33.95426107197844,120.98644544003847,406.0634236203188,-104.51400948802258,61.01019343314047
29.445741892167856,-25.86879073577241,27.607210340331505,33.142725418085384,-26.63737262148249,-3.162536490421019,25.06561714260922,5.517802599394956,-50.79489361393207,11.264026858884653,55.09424275291045,34.88602052494173,-32.23357251003676,28.055056061741734,-113.90451039728036,55.775927233131675,-2.5856960662501978,-45.19299191001133,30.74576235126287,0.32668393528024625,-27.15395097755384,11.097772634630903,-100.65692221516076,72.1230277352319,87.21856957275112,-72.57148058229967,-60.09924871713624,-2.324147080139002,-83.89459322438653,71.01585874978265,66.94286132821708,-0.6900827416416732,-26.684917147511545,-13.171955368356928,-41.70179902824524,-91.60081721643851,79.93461173993217,-38.41842988232187,-13.581560009789321,82.51626218926762,33.864361730835846,38.21333878004898,-61.57808079112496,-41.82224361895259,27.884873699372978,-108.7467438255079,22.234251932377333,93.2155888666127,70.41499485955745,-9.20397545337895,7.583151967805345,-13.675426312670195,-49.00007625088698,-164.31096050678232,42.26847712155345,-24.714702331090034
-268.95695861478737,235.89544821474425,-252.0386226066546,-302.43101161914143,244.02846212037255,28.294414488976415,-230.49879868199216,-51.185342856496014,465.1042113482783,-102.38146695853577,-504.408238809498,-320.5640951687413,296.09341035053296,-257.8198945735669,1041.3282673840847,-509.89975993799095,22.620653337208967,413.83572272737683,-281.97307305966825,-2.4479526635397337,248.5372371255923,-100.65692221516076,920.0139995291931,-659.9666773783573,-797.7979183768134,662.186705133573,550.4910427264633,21.597214053970788,766.4266669705335,-649.3673101205895,-610.8686733875351,7.3213348122668895,243.38288218636296,119.76249170317698,382.0464789875212,838.614884348971,-730.6455817752237,351.35721179033635,123.62543206279048,-755.117052232845,-309.73044759423965,-349.7936637217304,562.2920678983015,382.53987714206886,-254.89184113836646,995.1910542392568,-203.8245908161496,-853.2683659652123,-643.9067691276874,84.42344379983068,-68.86783257205634,125.8010986207882,448.657260076641,1503.5494524922,-386.55428410797776,226.60775714084383
192.72030286057338,-169.29147303719216,180.6880060568586,216.73741892155235,-175.12097079648652,-19.82027424898154,165.69918660995634,36.78618635650953,-334.0665940885366,73.37405327096705,361.75552531402644,230.2598733936,-212.87164197949915,185.152173798384,-746.9638146401994,365.8130615137278,-15.89872811551005,-296.9705286339793,202.30841121514496,1.5801193999782734,-178.2411889438677,72.1230277352319,-659.9666773783573,473.58442304182654,572.4248856824167,-474.79662209159676,-395.1176801745195,-15.773029113867434,-549.6950940951186,465.77834663540256,437.9038618139742,-5.423790115769369,-174.50668259759072,-85.69798362825632,-274.3501848709741,-602.013701848015,524.072238154934,-252.0429654579902,-88.2752105629596,542.1396533155889,222.20529483726912,251.14268296466045,-403.2035876784382,-274.5229720620004,182.958881161028,-714.1094361308083,146.14372560493973,612.3703342230756,461.895262500051,-60.74705250005487,49.1779226939373,-90.39563486837315,-322.1658184217064,-1078.934945156459,277.2427814252809,-162.85943299865343
233.05749974912118,-204.61759586174887,218.46895932970764,262.08876143518734,-211.66658945510935,-24.154961746402286,200.16051989605407,44.440437501452195,-403.66113676976266,88.72560679429982,437.34141386125737,278.2242142432809,-257.1376251447441,223.73793572591177,-902.9761803919075,442.1970554824267,-19.353247552765563,-358.9488602999327,244.54504776253742,1.9819756308964527,-215.4847968680619,87.21856957275112,-797.7979183768134,572.4248856824167,691.9224519049181,-574.0462847655882,-477.5443399331472,-18.952880028439672,-664.5368661228754,563.0721388939135,529.4804171567114,-6.487046785197317,-210.9846482180495,-103.68190589998153,-331.5277566878652,-727.5644670592384,633.5428516599732,-304.6829460491068,-106.87811886874852,655.1755230059033,268.603187850203,303.5045402344763,-487.4738229328442,-331.81171083271613,221.1223360987934,-863.1609985051435,176.69393990752,740.1456919401832,558.364037954077,-73.35719426708835,59.540520161812786,-109.2122568592381,-389.31672500611336,-1304.1152359942414,335.1636853650485,-196.74776425849592
-193.859913491428,169.70908817687598,-181.5521577390854,-217.9535603498919,175.54185053599704,20.981979393024766,-165.42560161730918,-36.73584735931669,334.20558269321083,-73.78984259866417,-363.1322614654626,-230.3033844382958,212.48807053942642,-185.27568979059075,749.5336570113245,-366.9534888503101,16.720315322169466,297.7083476878287,-202.8831444246115,-1.995296290335414,178.93561128766655,-72.57148058229967,662.186705133573,-474.79662209159676,-574.0462847655882,476.91756180895396,395.90714139862797,15.183993221692587,551.7749538960409,-467.4334679613408,-440.0808082628403,5.02739610303302,175.29305909184566,86.48384787558271,274.5914264796241,603.0161738597975,-525.9517929875826,252.8896317850609,89.50626529267375,-542.8988527126864,-222.90012650843744,-251.4793276486179,404.9204294459527,275.19237960319333,-183.31562463314407,715.9972231678682,-146.7778288230772,-613.7590037447723,-463.459404163219,60.52296929540727,-49.862320232589056,90.33502083530557,322.4972809288208,1081.6816249265387,-278.2819755027978,162.7029785764408
-160.65069973803259,141.22508315083965,-150.65847820062567,-180.67783105615595,146.1183700986333,16.302810703783965,-138.40952847422997,-30.736782274078603,278.86373787750097,-61.155562011587456,-301.73731444327007,-192.2488072034668,177.81118184486672,-154.57091573551293,623.0511100479451,-305.1518228589267,13.085715061309717,247.77866724137556,-168.7937070048721,-1.225532345353254,148.664474075431,-60.09924871713624,550.4910427264633,-395.1176801745195,-477.5443399331472,395.90714139862797,329.7096745295485,13.290152799907425,458.45544103201314,-388.5042908352661,-365.10023776954694,4.63138027974313,145.5072585154035,71.3688622317202,228.99619943665147,502.3845059558638,-437.11664350556777,210.23927456822767,73.43681177824435,-452.43958090663165,-185.3598839528669,-209.59423199646045,336.2360926179041,229.04050722926496,-152.66099296721688,595.7826463784634,-121.8876916104845,-510.9522124620929,-385.28135898349393,50.76058959777996,-40.907427171805494,75.4914855372879,268.8911147115885,900.1752162583196,-231.2383282873007,135.999124696235
-5.696407942780939,5.919250073064171,-5.658846075509045,-6.5911960677731445,5.782105056505325,-0.645230189709728,-6.107474640013435,-1.2017582473976827,12.00470188299214,-2.352381627388711,-11.360643450615692,-7.988433572663716,7.992892146042756,-6.298989927891806,24.2946756193154,-12.063773116940016,-0.20345671744545443,9.831936272720242,-6.463031930551056,0.3323788296912838,5.594149709584719,-2.324147080139002,21.597214053970788,-15.773029113867434,-18.952880028439672,15.183993221692587,13.290152799907425,1.2748978713872376,17.79273408661688,-15.03704137949039,-13.685154306382566,0.42391331453551356,5.602240063755836,2.325264413408481,9.622674456131355,20.656050440272214,-16.978007318896072,8.185921576135888,1.7833593009315412,-18.899435639634497,-7.274879436841104,-8.745018417983983,12.875388814873112,9.238875615620074,-6.3321908417804496,23.675283003160672,-4.398210020700153,-20.548962980873906,-15.005603167084825,2.4725255153176073,-1.044460089745392,3.1976716158560685,11.313836072995507,35.95948947548777,-8.859277337146223,6.059247267878194
-224.21541868242525,196.44593233672498,-210.03689602633307,-252.08669187565772,203.2548873005918,23.914020823119362,-191.79365701232766,-42.60911661609331,387.1642007964534,-85.32538711743055,-420.28541971665896,-266.8678673683136,246.35257614738256,-214.6643583826005,867.5172460906174,-424.7515865905968,19.06447400145798,344.6915650485999,-234.89927542842122,-2.1543122881385126,207.0903162003818,-83.89459322438653,766.4266669705335,-549.6950940951186,-664.5368661228754,551.7749538960409,458.45544103201314,17.79273408661688,638.5457245830396,-541.001403172945,-509.0918045391194,5.9954454248478655,202.80055849377018,99.9130939916964,318.0723765593789,698.3278878123373,-608.7116385511214,292.70932382980044,103.27970932276875,-628.7373267150201,-258.0165611388076,-291.25146481373,468.52377548438284,318.6066587576492,-212.25421786676426,828.9291498749774,-169.86837630755952,-710.6466742278315,-536.4275944980333,70.19962773398917,-57.528657014119844,104.70860655716857,373.5374595589361,1252.3172780065072,-322.0653282050386,188.57009943502138
190.0089495549212,-166.3592270262697,177.95468484542369,213.58632676667938,-172.2553069395029,-20.324438745806724,162.5607271650012,36.16762679137521,-328.0065334403914,72.2475380317634,356.21034542653763,226.21620157554676,-208.7621082495443,181.97788914619755,-735.0510452122295,359.87772188403665,-16.128842020391733,-292.10203359856223,199.12013694287833,1.8134768097597314,-175.51268185434017,71.01585874978265,-649.3673101205895,465.77834663540256,563.0721388939135,-467.4334679613408,-388.5042908352661,-15.03704137949039,-541.001403172945,458.41463115236974,431.30600122915126,-5.1471066800127,-171.79015802923092,-84.64071874854719,-269.51175159224346,-591.7027893853968,515.7594528824513,-248.02624340722045,-87.56031808364034,532.6826145210333,218.62557693386307,246.76437071283178,-396.94587255678766,-269.94519817888016,179.80676721880613,-702.4034012080747,144.0106644800273,602.1718260152495,454.53355358176407,-59.459619491745904,48.75387965265039,-88.76472899478337,-316.4850573797131,-1061.1380581199592,272.91358464964026,-159.7653510329787
179.1001372385666,-156.37582228274852,167.58478595986637,201.26789503353532,-161.9309911295919,-19.90806623503966,152.3442397592804,33.910673091619344,-307.85891989649866,68.07685135897313,335.22174290493206,212.3044201431291,-195.61163095032632,170.85027391921471,-691.5189938691891,338.4771878187033,-15.715326099329607,-274.6080176185488,187.25558565814265,1.9925252835844736,-165.18304465279817,66.94286132821708,-610.8686733875351,437.9038618139742,529.4804171567114,-440.0808082628403,-365.10023776954694,-13.685154306382566,-509.0918045391194,431.30600122915126,406.23461839025043,-4.555103270809284,-161.7423602607796,-79.97605484752775,-253.05244042423433,-555.9030924315682,485.26916507781067,-233.32394049322258,-83.04084655135671,500.3422352336779,205.63266633563606,231.77472500859386,-373.66541720227366,-253.7630730538469,168.95756721618258,-660.4106303763078,135.5894794480267,566.0062888539325,427.5988053681171,-55.629833388282066,46.234634780553996,-83.25234654580692,-297.18819275143386,-997.6165369518741,256.8151854482882,-149.79396096876306
-1.9501494381901983,1.909089943202572,-1.898688978241846,-2.2057269011820617,2.028426894698548,-0.20708293336132907,-2.201931757565529,-0.5045143025937027,4.100840119476738,-0.7272244041516669,-3.9927983786214276,-2.8950468730754357,2.826700652379211,-2.2973579278742826,8.27527616586976,-4.095757026912414,-0.1489622326123805,3.423283254047037,-2.3247634734395084,0.15426689264088161,1.957865208189675,-0.6900827416416732,7.3213348122668895,-5.423790115769369,-6.487046785197317,5.02739610303302,4.63138027974313,0.42391331453551356,5.9954454248478655,-5.1471066800127,-4.555103270809284,0.2576245032713318,1.8397493734308705,0.740445383861286,3.331278266668845,7.111207620951831,-5.772133013448717,2.8058692620511465,0.6161504504670507,-6.4423630423447955,-2.4915596424352584,-2.9933674658659,4.317777098711054,3.1491622509733124,-2.125413791496742,8.162430254446784,-1.5947620594721812,-7.093272333541884,-5.133826497679539,0.8420350893414528,-0.3362824940152041,1.1705436760222856,3.8828168962113807,12.366300278111579,-3.046340397808967,2.094327406894698
-71.23281601250179,62.397835126730854,-66.72400676010534,-80.09693784716386,64.5121029709296,7.675078346791881,-60.80366142736472,-13.490128773458293,122.8602118518697,-27.128639033516055,-133.4350875555391,-84.63566132746156,78.1114705106632,-68.08227430977283,275.4771814820326,-134.8724224598339,6.135810769938245,109.41205722771782,-74.54744019691167,-0.7280384225881116,65.75261844312664,-26.684917147511545,243.38288218636296,-174.50668259759072,-210.9846482180495,175.29305909184566,145.5072585154035,5.602240063755836,202.80055849377018,-171.79015802923092,-161.7423602607796,1.8397493734308705,64.4328733116236,31.78012177294426,100.93345679763124,221.6464276874255,-193.30439729361825,92.94176169178547,32.86570411857631,-199.5659005162655,-81.92258772297942,-92.43948587754393,148.82321885453663,101.14975669293696,-67.38867109543727,263.1516813091907,-53.923750383693445,-225.58150239788233,-170.33251716941083,22.257860182975655,-18.313309597350443,33.19768847790337,118.54676674253128,397.5607563894399,-102.27000691483327,59.8153697411129
-35.39692022127291,30.507958302245044,-32.982172971817185,-39.70587505517796,31.701450427430707,4.5138393650892885,-29.50161429085836,-6.619277994582338,59.8375562954093,-13.391613475423357,-65.90357904820287,-41.349777595155324,37.826207759796006,-33.33118914148943,135.632792122696,-66.31312369597276,3.4495474237153707,53.755469113621004,-36.745264927802914,-0.5857934373793189,32.47894343733252,-13.171955368356928,119.76249170317698,-85.69798362825632,-103.68190589998153,86.48384787558271,71.3688622317202,2.325264413408481,99.9130939916964,-84.64071874854719,-79.97605484752775,0.740445383861286,31.78012177294426,15.922139401876697,49.28408610952244,108.49863064400131,-95.21518417964587,45.76343361648515,16.801611439728614,-97.53238051939645,-40.305555722988565,-45.180863055727926,73.42426802342959,49.62438218998885,-32.96735181251794,129.28760254748207,-26.733038676125666,-110.6858538584077,-83.86933815616608,10.675259108953654,-9.33815467519729,16.181320577035986,57.88363768274294,195.2212420997028,-50.437404229432296,29.008574686930803
-111.16928594806488,98.22195269520233,-104.42765068247792,-125.13185491350772,101.42641614760596,10.631943117093877,-96.40243775264734,-21.3195243169795,194.09366509074724,-42.425284379570385,-209.14043641136388,-133.63885244573623,123.92811052441478,-107.38018212852816,432.3198319770501,-211.82570357856187,8.709829154407501,172.00942545551953,-117.04616464778015,-0.6542176781644483,103.04196798549832,-41.70179902824524,382.0464789875212,-274.3501848709741,-331.5277566878652,274.5914264796241,228.99619943665147,9.622674456131355,318.0723765593789,-269.51175159224346,-253.05244042423433,3.331278266668845,100.93345679763124,49.28408610952244,159.2569396173778,349.1483280106058,-303.27122371349816,145.87129657673168,50.38293032890929,-314.6020971639456,-128.63923915894316,-145.73242174578354,233.1886697303379,159.08740252458946,-106.13253661008987,413.6233489930848,-84.3763556787824,-354.8587886255406,-267.3256793737082,35.48222759834604,-28.094626754613664,52.50717735646624,187.0127286298667,625.0518093535507,-160.3649385694829,94.76353173561938
-244.39608328029718,215.4096942469572,-229.39034186437297,-274.9966512471695,222.57711939153384,24.137744777435113,-211.12795634149109,-46.757143060501214,425.3699402106028,-93.18532351774869,-459.31660551834364,-292.9855645569522,271.3450261166461,-235.49201913210092,949.0465124631951,-464.91292982981213,19.602548903229266,377.4649290714274,-256.96505867463867,-1.6910542209366453,226.30567150094387,-91.60081721643851,838.614884348971,-602.013701848015,-727.5644670592384,603.0161738597975,502.3845059558638,20.656050440272214,698.3278878123373,-591.7027893853968,-555.9030924315682,7.111207620951831,221.6464276874255,108.49863064400131,349.1483280106058,765.7662374080375,-665.7969072880519,320.22434662068093,111.27642942892416,-689.8376795062504,-282.35985736357844,-319.55650029445803,512.0816969851141,349.043224527308,-232.76122095578802,907.6823184963362,-185.40773562744513,-778.5668620022385,-586.8456622242926,77.5831756572793,-62.02894295734569,115.07228119547248,410.00630367206895,1371.5504812268523,-352.12400091892465,207.54178307541295
213.73841976323166,-187.24147841369873,200.21615460757857,240.29082929692458,-193.7966820738125,-22.766824127462364,182.916145094143,40.66303871070373,-369.130613440519,81.31020248469652,400.7106093217708,254.50293408634045,-234.92896114963042,204.71782899790858,-827.0283228149659,404.92492142358304,-18.11929587919194,-328.64032290214834,223.98709588305312,2.0257490889391447,-197.44269718546977,79.93461173993217,-730.6455817752237,524.072238154934,633.5428516599732,-525.9517929875826,-437.11664350556777,-16.978007318896072,-608.7116385511214,515.7594528824513,485.26916507781067,-5.772133013448717,-193.30439729361825,-95.21518417964587,-303.27122371349816,-665.7969072880519,580.2972939961999,-279.05407655948494,-98.43237308557102,599.430237387712,245.98103343255892,277.67821265442325,-446.62088854405334,-303.7450441260848,202.3455341463005,-790.2969636549049,161.97203551402401,677.5389928596362,511.40080470216054,-66.9370948637455,54.81899481535226,-99.86395284116581,-356.1396022987664,-1193.944765799471,307.04335822609187,-179.8037979779719
