V1,V2,V3,V4,V5,V6,V7,V8,V9,V10,V11,V12,V13,V14,V15,V16,V17,V18,V19,V20,V21,V22,V23,V24,V25,V26,V27,V28,V29,V30,V31,V32,V33,V34,V35,V36,V37,V38,V39,V40,V41,V42,V43,V44,V45,V46,V47,V48,V49,V50,V51,V52,V53,V54,V55,V56
14027.276114191356,-103932.27410555055,132463.28833920587,49315.86936686554,1141.2391188320744,-75522.9091681615,81504.67547309876,-91034.46142693982,34414.61735806505,-39500.58442009249,-108891.9420202277,-84750.86917313171,-38788.924701412485,7803.773416444007,92777.51431912108,-33047.909594504454,39529.079408568236,-110577.9005595792,-119196.79239091037,-8745.404480062238,-95840.645614922,17905.19913525875,-79460.28035096583,86412.62633549262,-40458.921663030305,74294.83835024442,-59311.63110808329,-26067.20305005364,-1372.4134006336697,-39273.844114126965,50642.98120476661,-18755.972081416727,-48363.65098048119,-19452.202751263816,-5236.353811473637,16136.177297111386,65496.25471276107,-39161.00422412703,81672.11458355641,124016.8203272962,-76806.24940484423,101126.23482586877,15459.82295887007,42411.54896638891,-159988.31430530472,63531.258813151166,-91609.32176737564,-59268.2985936091,87953.17267070644,30314.580385522095,-95298.1579218576,-90361.22058269248,21601.054357520636,-43789.42978810043,-16752.49842298307,64949.44384276422
-103932.27410555055,770074.8993755896,-981476.4809134866,-365401.3581596956,-8456.338188823705,559582.4863393552,-603898.3374389185,674510.170486517,-254991.47750912557,292670.248457358,806826.6350360659,627953.0796508996,287399.9838719368,-57820.61861396336,-687429.2004976523,244864.89603393336,-292884.9189437312,819316.7266499595,883174.1734945185,64797.09231480861,710123.3881365113,-132667.5439528715,588756.5690922679,-640267.1741268975,299779.9473365093,-550481.474031603,439463.39738565387,193141.2223132975,10167.47701795373,290998.8892483867,-375230.98047948646,138968.19530801856,358342.38947557996,144127.86926896387,38800.121481979135,-119555.16277567686,-485284.7075467272,290160.59280024556,-605141.9206023811,-918887.2887188953,569085.4367611646,-749284.0698816039,-114548.23353631097,-314244.2483310866,1185414.0915145695,-470726.9245610148,678772.4681256707,439141.3840515695,-651682.7771744436,-224612.98032161975,706100.7280244568,669522.1108312747,-160051.57044000435,324454.97583470383,124124.57584737743,-481237.43190956576
132463.28833920587,-981476.4809134866,1250913.958567813,465711.96601056965,10777.971529483006,-713201.0977726219,769680.2671211492,-859677.3369416456,324991.98904421815,-373012.1671633032,-1028318.8764695748,-800339.571171997,-366296.2587863749,73693.3280734009,876144.6472266052,-312085.4038300517,373287.28102222166,-1044236.9743441725,-1125623.2111569275,-82584.80126936766,-905068.1136758962,169087.93584181787,-750384.3117164114,816034.7750622375,-382077.47137679276,701600.9187269089,-560105.3743178418,-246162.12691588738,-12958.118145110784,-370885.6786682866,478238.5427637103,-177116.94088729922,-456713.6218416576,-183693.49193580044,-49452.384863077605,152373.7952350014,618504.311841722,-369816.30363048986,771266.5044451746,1171140.1664890768,-725310.3202850623,954978.2275232536,145994.25803103534,400511.03813231556,-1510834.0894547314,599950.8152985469,-865110.9763183132,-559694.5577137371,830584.6651413304,286274.082574347,-899939.8015863118,-853320.0558962515,203989.44243684108,-413525.45021312614,-158198.82386536023,613347.7942442553
49315.86936686554,-365401.3581596956,465711.96601056965,173383.39555659474,4012.577787780387,-265522.78191963135,286550.2655228554,-320055.8099546603,120993.7357092376,-138871.93763284758,-382840.38704772375,-297964.4614608242,-136371.4091032522,27435.89718931557,326186.23126992164,-116188.65327653165,138974.08423480112,-388766.8009302505,-419066.9617326657,-30746.205966644866,-336954.5063319696,62950.96434347098,-279365.9601872988,303807.63204154687,-142246.22272108425,261204.20050459926,-208525.87385080627,-91645.64369323962,-4824.376236078391,-138079.57274754863,178047.28231065234,-65940.38368026505,-170033.61655186783,-68388.73732435751,-18410.85410549035,56728.72218603373,230267.8935620912,-137681.62119559207,287140.5856561495,436012.84398731845,-270031.47307627334,355536.1047043405,54353.28707220269,149109.26860333534,-562480.0890602351,223360.34226784302,-322078.5109849156,-208373.00197923245,309224.4358277703,106579.1291918168,-335045.49550372467,-317688.99011156923,75944.71309056069,-153954.3880291122,-58897.14306947637,228347.80022200645
1141.2391188320744,-8456.338188823705,10777.971529483006,4012.577787780387,92.88167827070455,-6145.053318432051,6631.44240566619,-7406.933783371669,2800.1146668079577,-3213.6322398150473,-8860.084516278599,-6895.705053785406,-3155.8844124858138,634.9114931057006,7548.989833574562,-2688.907687482832,3216.15464939261,-8997.155001692996,-9698.232005481043,-711.5009761358394,-7798.117347811454,1456.8900843015513,-6465.4454766961035,7030.997704366447,-3292.125010914869,6045.031543580811,-4825.84504797314,-2120.878900906618,-111.59171635793551,-3195.6820095589646,4120.35698922849,-1525.9361121310583,-3934.8935891428323,-1582.643429285416,-426.16131269687287,1312.6671040842373,5328.878254670239,-3186.3729266862224,6645.236516270261,10090.38777376607,-6249.135632066187,8228.040135445799,1257.8923292235427,3450.798012960932,-13017.165496030424,5169.092998286496,-7453.875617862181,-4822.264859765685,7156.4055360165185,2466.535765498186,-7753.7965627945405,-7352.1703966773775,1757.5987262389372,-3562.992447882492,-1362.977529849085,5284.633003911068
-75522.9091681615,559582.4863393552,-713201.0977726219,-265522.78191963135,-6145.053318432051,406627.51717331994,-438828.00505972106,490139.5193995611,-185292.10160060215,212669.78434913288,586289.8759697706,456308.54456117196,208841.12598666863,-42015.69374819966,-499528.8128336134,177933.4802341682,-212827.1282670148,595365.2230512621,641766.6053158378,47085.049079993005,516019.0985620384,-96404.52278702395,427827.36403872224,-465257.2692154985,217839.55408337692,-400013.5072111977,319340.5096851386,140347.62642712067,7387.811725781934,211458.57659352958,-272664.24921614,100981.78530366915,260391.93483007228,104731.50569696777,28195.224736574422,-86874.37103972714,-352635.8742935517,210848.5721086998,-439732.7975427647,-667717.754320643,413530.7075125099,-544474.7076335753,-83237.73368731332,-228348.85221168282,861392.0434320273,-342057.9447837212,493237.8793506938,319106.1544670254,-473552.94626173086,-163217.3758343539,513094.78799609677,486514.99053060525,-116303.39011712302,235769.13848999073,90195.86747499798,-349696.5081423072
81504.67547309876,-603898.3374389185,769680.2671211492,286550.2655228554,6631.44240566619,-438828.00505972106,473581.7695384621,-528955.7442516574,199966.15251294558,-229515.02689324628,-632718.6784118188,-492445.24614658754,-225381.57078914886,45343.45429004691,539086.2240265768,-192024.83283431333,229682.74879282786,-642513.8227202973,-692591.878300578,-50814.53320495446,-556883.4798409854,104038.69156429726,-461706.4344768129,502101.78669983614,-235088.91680740347,431691.2344863191,-344630.33862584265,-151462.9080179416,-7973.63357962669,-228202.80973028098,294259.33853195974,-108980.24752354033,-281015.2075264858,-113026.32001287019,-30426.997756062916,93756.74965563054,380564.2700601313,-227545.80331473748,474556.474294166,720598.4262239367,-446281.3141870129,587593.9800031155,89829.49551040748,246432.5403564126,-929610.6970004779,369147.6614088776,-532297.7519545832,-344377.98020661063,511053.7930278898,176143.06440579484,-553729.4371527313,-525044.0283320438,125513.44634233262,-254439.60805765836,-97339.6142804709,377389.61581663263
-91034.46142693982,674510.170486517,-859677.3369416456,-320055.8099546603,-7406.933783371669,490139.5193995611,-528955.7442516574,590804.8348235327,-223347.556104942,256350.35441217784,706701.1703713136,550025.3954119538,251734.17862529427,-50645.18432706161,-602120.7293937557,214477.66039188378,-256538.46294950947,717641.2264667314,773574.0211938578,56755.882116869936,621998.5758074482,-116203.7917832393,515693.1701493285,-560811.3686190036,262577.953056939,-482167.8854302528,384926.8903071795,169172.76980086588,8905.685710051945,254886.59858051306,-328665.51949494646,121722.47753804339,313872.7651662303,126241.86918227136,33985.14788569824,-104718.51982146983,-425061.8030730861,254152.28392926857,-530045.0667093443,-804855.2035335636,498463.0444007782,-656299.4453809019,-100333.03853132813,-275247.1868437605,1038306.5704720241,-412310.64760699956,594538.2547883771,384644.81727718405,-570810.3426809243,-196738.9748548155,618475.0498836631,586435.7886490861,-140189.5160215809,284190.81629008823,108720.9409707772,-421516.88024222915
34414.61735806505,-254991.47750912557,324991.98904421815,120993.7357092376,2800.1146668079577,-185292.10160060215,199966.15251294558,-223347.556104942,84434.19539109585,-96910.54219993454,-267160.9564036517,-207931.31920910242,-95165.4528614982,19145.87778164704,227625.4221759633,-81081.0242850749,96981.66432422276,-271296.724563205,-292441.5204776968,-21455.96162506684,-235140.02821496004,43929.624107214564,-194952.39209243152,212008.84701899873,-99264.84497571792,182278.50440515703,-145517.56423197544,-63953.98435631832,-3366.697366750514,-96357.20832033931,124248.53639960862,-46015.89687375226,-118656.29078426411,-47724.408175176475,-12847.733068980473,39587.7241312699,160690.1378322772,-96079.60232019944,200377.9675037342,304267.0415638756,-188438.7068070441,248107.10495544382,37929.85118272536,104054.30609136794,-392520.8758987247,155869.70206931926,-224758.94427501122,-145410.9269071737,215788.8570085276,74375.10180453079,-233807.98766515712,-221695.88481029755,52997.17491535386,-107435.35517249533,-41100.805143751175,159350.02866509606
-39500.58442009249,292670.248457358,-373012.1671633032,-138871.93763284758,-3213.6322398150473,212669.78434913288,-229515.02689324628,256350.35441217784,-96910.54219993454,111233.20530231662,306636.01716633263,238655.87086904736,109228.81029958712,-21975.28192967596,-261258.16494001888,93061.94844070786,-111312.94566187821,311383.8867366379,335654.90061747417,24626.949673217754,269884.1008811549,-50420.38837057929,223757.2276470174,-243335.12046976027,113930.5815928843,-209211.82102074276,167019.77751079993,73404.60806929693,3864.8558418312923,110593.48800018866,-142609.5363901416,52816.57272394562,136191.02902808387,54776.99247570587,14745.146908078566,-45439.58262076036,-184435.91937796277,110276.04837457227,-229986.11168720093,-349228.0091874659,216284.45613548666,-284768.49352048157,-43534.359894034766,-119429.615102869,450522.69636772707,-178902.31623131156,257968.72959276513,166897.88817177303,-247673.0994616221,-85364.91802511369,268356.9178505307,254454.49315370715,-60827.81035820426,123309.47947458534,47174.72199127033,-182895.51340460472
-108891.9420202277,806826.6350360659,-1028318.8764695748,-382840.38704772375,-8860.084516278599,586289.8759697706,-632718.6784118188,706701.1703713136,-267160.9564036517,306636.01716633263,845333.6943946402,657922.3360670056,301115.2394943766,-60579.87921632826,-720238.2807044408,256551.0443485106,-306862.25615177257,858419.1881504621,925322.9920135888,67889.14003336796,744014.891206778,-138999.42932182763,616856.4972177608,-670824.6744850739,314088.3913115081,-576753.8628313753,460436.85210365773,202358.5328464019,10652.243509651224,304888.12564253807,-393137.83024307125,145599.63518444492,375443.1803877491,151005.9384671836,40652.573008799474,-125259.38981920305,-508443.86242843827,304008.99110313144,-634022.7184765902,-962740.3775748069,596244.177958664,-785043.6455759595,-120015.16708374977,-329241.6988388379,1241987.1129229567,-493191.92431996844,711167.9818990155,460099.117165982,-682785.4942027195,-235332.75418585568,739799.0700860146,701475.1478478994,-167690.35102532376,339940.2813501652,130047.94253136576,-504205.02361013746
-84750.86917313171,627953.0796508996,-800339.571171997,-297964.4614608242,-6895.705053785406,456308.54456117196,-492445.24614658754,550025.3954119538,-207931.31920910242,238655.87086904736,657922.3360670056,512060.7249599986,234358.4647761597,-47149.44177875741,-560560.4448700174,199673.64940994658,-238831.18529982172,668107.1721823466,720179.1097570439,52838.33390564322,579066.1577365855,-108183.04187833425,480098.4213877074,-522102.2915597106,244454.10125109076,-448887.0470157065,358357.88383188355,157495.8159613494,8290.915451691373,237293.61239340654,-305979.71225061273,113320.64432262605,292207.9988609204,117528.14663486554,31639.47541411219,-97490.25579990998,-395722.3820412571,236609.8636345765,-493459.53848070884,-749301.1344314453,464057.2382038474,-610999.335037113,-93407.71435117825,-256248.67292816204,966638.8537019871,-383851.4446572634,553501.2786840292,358095.2297791186,-531411.1594402121,-183159.37195868007,575785.668846365,545957.9294993078,-130513.18551052334,264575.0600311779,101216.56835418621,-392422.37081119284
-38788.924701412485,287399.9838719368,-366296.2587863749,-136371.4091032522,-3155.8844124858138,208841.12598666863,-225381.57078914886,251734.17862529427,-95165.4528614982,109228.81029958712,301115.2394943766,234358.4647761597,107261.23850792286,-21579.40154863285,-256554.7099717887,91386.13337085515,-109308.07026477333,305777.1163726326,329610.179808475,24183.20071706947,265024.8415579136,-49512.689398876595,219729.06269074345,-238953.8535872426,111880.04371939156,-205444.95828346282,164012.24886836123,72082.53359626998,3794.9162864241102,108602.9471562172,-140040.7667065631,51864.89887401991,133737.80260626687,53790.293943112636,14480.143439903843,-44620.22433037976,-181113.96304856084,108290.6241823372,-225844.97184357935,-342938.77366351587,212389.13560150733,-279640.5776685787,-42750.50969557876,-117279.11422917891,442409.37454342167,-175680.4492500353,253324.2024067068,163892.29917368674,-243214.0111804428,-83827.81270159714,263524.30727837794,249872.52333540397,-59732.69645946519,121089.50843163661,46324.88707208094,-179602.4458709251
7803.773416444007,-57820.61861396336,73693.3280734009,27435.89718931557,634.9114931057006,-42015.69374819966,45343.45429004691,-50645.18432706161,19145.87778164704,-21975.28192967596,-60579.87921632826,-47149.44177875741,-21579.40154863285,4341.463356864463,51614.95245981326,-18385.53606851267,21991.183183361074,-61517.80293446944,-66312.70378318586,-4865.314719877917,-53319.03954056086,9961.20797095031,-44206.17825328294,48073.94718256803,-22508.557188845556,41332.45727405072,-32996.83057654145,-14501.948984116536,-763.4969740698456,-21849.25839158315,28174.161345715536,-10434.476266275144,-26906.100137173587,-10821.824244963407,-2913.166006302987,8976.979670165838,36437.47977947589,-21786.45167304927,45436.64634193602,68994.2239099911,-42729.574166523904,56259.5383463645,8600.764692597704,23594.81408696221,-89006.23599804481,35344.31659721613,-50965.03654647904,-32972.71040932513,48931.01398560973,16864.909010137002,-53017.19411492096,-50270.64376790007,12017.322115876854,-24361.39040645191,-9319.89660438144,36133.33115548266
92777.51431912108,-687429.2004976523,876144.6472266052,326186.23126992164,7548.989833574562,-499528.8128336134,539086.2240265768,-602120.7293937557,227625.4221759633,-261258.16494001888,-720238.2807044408,-560560.4448700174,-256554.7099717887,51614.95245981326,613655.0700429945,-218585.59384474542,261451.3644696869,-731387.102474098,-788389.8037011905,-57842.5049474328,-633912.9047680432,118429.85130332505,-525572.1325888002,571553.6283277192,-267608.82672286505,491403.7588056056,-392299.6021679491,-172412.59681899962,-9075.723788105444,-259770.00907216006,334959.3861878743,-124052.95188725222,-319883.2438696368,-128659.33669310654,-34636.88217337385,106722.49519171225,433201.9714845033,-259020.6960720402,540197.6553425948,820269.9702259806,-508009.313523554,668869.7716076025,102254.88635618507,280519.2544526337,-1058192.646647403,420207.2802981901,-605926.8889946013,-392011.7289698165,581744.5739291036,200507.31971775767,-630320.5651281816,-597668.1051102063,142874.97416012242,-289634.80063159746,-110802.77301795385,429590.9428583622
-33047.909594504454,244864.89603393336,-312085.4038300517,-116188.65327653165,-2688.907687482832,177933.4802341682,-192024.83283431333,214477.66039188378,-81081.0242850749,93061.94844070786,256551.0443485106,199673.64940994658,91386.13337085515,-18385.53606851267,-218585.59384474542,77861.02021884135,-93130.20781529255,260522.58687309895,280827.6864183732,20603.8833513207,225801.78816126782,-42185.018978499975,187210.12160423488,-203589.22863689996,95322.65654895728,-175039.58222635003,139738.5620041088,61414.163051550546,3233.0080629487,92530.49589758097,-119314.23220123495,44188.471780738204,113944.07526372072,45829.121156032226,12337.484943173251,-38015.60475349971,-154308.6132124204,92263.93858056403,-192420.2612511337,-292183.57958981965,180955.1858939653,-238253.923086474,-36423.52357314964,-99921.94941104288,376932.5539033829,-149679.59566962716,215832.9658409146,139636.16982821506,-207219.10973238034,-71421.40858140243,224522.68159176447,212891.57994767174,-50892.46653403805,103168.70962737888,39468.5653782638,-153021.67832606263
39529.079408568236,-292884.9189437312,373287.28102222166,138974.08423480112,3216.15464939261,-212827.1282670148,229682.74879282786,-256538.46294950947,96981.66432422276,-111312.94566187821,-306862.25615177257,-238831.18529982172,-109308.07026477333,21991.183183361074,261451.3644696869,-93130.20781529255,111394.04183686861,-311612.9356987952,-335900.54410197906,-24644.634845786743,-270082.98570585845,50457.70660066749,-223922.90874283575,243514.4113588486,-114015.59991014317,209365.98540460822,-167142.39728256612,-73458.12409291728,-3867.2248505643433,-110675.92860816202,142713.15328695608,-52854.527683307075,-136289.88626251122,-54816.76229068182,-14756.668347711511,45471.41287351968,184570.21910477124,-110357.44200015048,230155.26437032886,349483.4770734904,-216442.3185562153,284977.44654949923,43566.42160480879,119517.39193806682,-450852.4350388565,179033.15843490858,-258159.09984008205,-167020.07194281212,247855.97250685366,85427.67472812305,-268553.52571104205,-254641.30099441673,60872.758119006125,-123400.64055615073,-47208.8689176209,183030.24449587212
-110577.9005595792,819316.7266499595,-1044236.9743441725,-388766.8009302505,-8997.155001692996,595365.2230512621,-642513.8227202973,717641.2264667314,-271296.724563205,311383.8867366379,858419.1881504621,668107.1721823466,305777.1163726326,-61517.80293446944,-731387.102474098,260522.58687309895,-311612.9356987952,871707.6109838563,939647.7648210564,68940.30081675437,755532.1296087136,-141151.03304048057,626404.9221155512,-681208.9549866518,318949.86671051197,-585681.9307412792,467564.5915115612,205491.32078207325,10817.394308523584,309607.2455611432,-399224.33221893094,147854.0116275357,381255.78769563546,153343.80612972504,41281.51898944657,-127199.26969545006,-516315.3591989208,308714.9360347196,-643837.4708530367,-977644.4608536693,605474.7609400519,-797196.4834640471,-121872.99441960934,-334338.4356232251,1261214.0942286036,-500826.9923451718,722176.61304914,467221.81322407373,-693354.7207323182,-238975.75033562907,751251.6627301347,712334.2544505671,-170286.10722243888,345202.3503778888,132061.39455426793,-512010.0678200464
-119196.79239091037,883174.1734945185,-1125623.2111569275,-419066.9617326657,-9698.232005481043,641766.6053158378,-692591.878300578,773574.0211938578,-292441.5204776968,335654.90061747417,925322.9920135888,720179.1097570439,329610.179808475,-66312.70378318586,-788389.8037011905,280827.6864183732,-335900.54410197906,939647.7648210564,1012884.3370034323,74313.86636160733,814417.3133871168,-152152.00240504253,675225.3363948097,-734301.5163445084,343807.3739174784,-631329.221793291,504006.4102711008,221507.60502525835,11660.952244799464,333736.716000073,-430340.7839513782,159378.49679439212,410971.8234023361,165295.79987637087,44498.31122868812,-137114.61862716902,-556557.8679369391,332775.6491449827,-694017.6394570312,-1053842.618243576,652666.1467525932,-859329.8052389821,-131371.63515163457,-360396.5618882834,1359513.661568775,-539861.7567736484,778461.8535777302,503637.25185119244,-747393.533593829,-257601.35340896915,809804.3487356852,767853.3372818909,-183557.86482688173,372106.68695454247,142354.6849731288,-551915.509324094
-8745.404480062238,64797.09231480861,-82584.80126936766,-30746.205966644866,-711.5009761358394,47085.049079993005,-50814.53320495446,56755.882116869936,-21455.96162506684,24626.949673217754,67889.14003336796,52838.33390564322,24183.20071706947,-4865.314719877917,-57842.5049474328,20603.8833513207,-24644.634845786743,68940.30081675437,74313.86636160733,5452.389241286466,59752.26901830006,-11163.064568907124,49539.810061643,-53874.33103962806,25224.22589879798,-46319.441979034724,36978.12393764159,16251.747266858205,855.6667384732777,24485.39145324657,-31573.678969233075,11693.55245016322,30152.622425168807,12127.597618202424,3264.5871500535,-10060.27250560727,-40834.025854831285,24415.09117144621,-50918.85688251567,-77318.94481898783,47885.28572830539,-63047.64833700024,-9638.495379395208,-26441.67986585379,99745.55305028074,-39608.90224139804,57114.21524469872,36951.1294785091,-54834.76756245235,-18899.766849786032,59414.12386453643,56336.14120988436,-13467.264117062834,27300.693242595964,10444.456454891111,-40493.017434410154
-95840.645614922,710123.3881365113,-905068.1136758962,-336954.5063319696,-7798.117347811454,516019.0985620384,-556883.4798409854,621998.5758074482,-235140.02821496004,269884.1008811549,744014.891206778,579066.1577365855,265024.8415579136,-53319.03954056086,-633912.9047680432,225801.78816126782,-270082.98570585845,755532.1296087136,814417.3133871168,59752.26901830006,654839.8566812766,-122339.41192301277,542922.0804494568,-590421.9698906287,276442.6558217339,-507626.15456294635,405250.57872567396,178104.64962289325,9375.590579700322,268345.1237051227,-346017.9693989949,128148.74721958025,330444.1441165297,132907.00190840507,35779.976920162524,-110246.53913141375,-447503.84772390296,267571.508325829,-558031.0234136113,-847350.0140392489,524780.7061132158,-690951.2125937318,-105630.57064785824,-289779.97802759794,1093127.2768779763,-434079.84001758124,625929.8147326229,404953.38702971337,-600949.1367015219,-207126.61729360398,651129.5404500345,617398.9084633029,-147591.5469739923,299196.16936028976,114460.96216721454,-443772.77398640476
17905.19913525875,-132667.5439528715,169087.93584181787,62950.96434347098,1456.8900843015513,-96404.52278702395,104038.69156429726,-116203.7917832393,43929.624107214564,-50420.38837057929,-138999.42932182763,-108183.04187833425,-49512.689398876595,9961.20797095031,118429.85130332505,-42185.018978499975,50457.70660066749,-141151.03304048057,-152152.00240504253,-11163.064568907124,-122339.41192301277,22855.885764486295,-101430.65025997424,110304.63929858393,-51646.09059791514,94836.44561772147,-75710.2354884104,-33274.045018372795,-1751.5199588331725,-50133.267280972315,64644.07111291825,-23941.064641833964,-61734.51233447254,-24830.0641890452,-6684.618924539667,20596.42724140223,83603.99099456333,-49988.63634170327,104253.21481421623,158304.57947078175,-98041.12838858065,129085.74600821317,19734.26041895329,54137.65305794175,-204221.47772119567,81096.14958978919,-116938.37266227434,-75654.66991678512,112271.40855119606,38696.081115952235,-121646.0942811711,-115344.47830130983,27573.57063491386,-55896.883522252894,-21383.90966149124,82907.13461708321
-79460.28035096583,588756.5690922679,-750384.3117164114,-279365.9601872988,-6465.4454766961035,427827.36403872224,-461706.4344768129,515693.1701493285,-194952.39209243152,223757.2276470174,616856.4972177608,480098.4213877074,219729.06269074345,-44206.17825328294,-525572.1325888002,187210.12160423488,-223922.90874283575,626404.9221155512,675225.3363948097,49539.810061643,542922.0804494568,-101430.65025997424,450132.49553375144,-489513.74801958055,229196.86639422865,-420868.46329476556,335989.4813501054,147664.67896785834,7772.930483427253,222483.20037245503,-286879.61977302976,106246.43464525497,273967.47745449544,110191.68730422185,29665.26828038944,-91403.45033637392,-371020.6015978346,221841.30894778384,-462658.5107971813,-702529.446570796,435090.2350244753,-572861.1476852373,-87577.38350353623,-240253.93979336653,906301.0283389308,-359891.24910801783,518953.1754677208,335742.8721182587,-498241.96523142565,-171726.80130388273,539845.1901834079,511879.6841300904,-122366.95348853398,248061.14162093948,94898.22228484039,-367928.1515253616
86412.62633549262,-640267.1741268975,816034.7750622375,303807.63204154687,7030.997704366447,-465257.2692154985,502101.78669983614,-560811.3686190036,212008.84701899873,-243335.12046976027,-670824.6744850739,-522102.2915597106,-238953.8535872426,48073.94718256803,571553.6283277192,-203589.22863689996,243514.4113588486,-681208.9549866518,-734301.5163445084,-53874.33103962806,-590421.9698906287,110304.63929858393,-489513.74801958055,532340.9981924146,-249248.42325913202,457689.96988529275,-365385.2913260711,-160584.15738518222,-8453.306065965891,-241947.46400192112,311979.53334015136,-115542.52429369405,-297937.7366020442,-119832.69174818826,-32260.215325346955,99401.40720568996,403482.04903828196,-241249.96902263167,503136.41971858667,763994.5663658709,-473157.0285382667,622981.0008823448,95239.48376241069,261273.75597528715,-985594.2441344544,391378.57342990296,-564355.859722634,-365117.34276734304,541832.5781756806,186751.16729823395,-587076.6707399811,-556664.1774391585,133072.67297716878,-269763.64617810404,-103201.22574146531,400117.97305614006
-40458.921663030305,299779.9473365093,-382077.47137679276,-142246.22272108425,-3292.125010914869,217839.55408337692,-235088.91680740347,262577.953056939,-99264.84497571792,113930.5815928843,314088.3913115081,244454.10125109076,111880.04371939156,-22508.557188845556,-267608.82672286505,95322.65654895728,-114015.59991014317,318949.86671051197,343807.3739174784,25224.22589879798,276442.6558217339,-51646.09059791514,229196.86639422865,-249248.42325913202,116701.98070255584,-214295.9318542479,171077.39923127202,75186.95308630879,3957.543365237624,113283.48594543814,-146071.34361293798,54097.597923691494,139496.78122922004,56106.611827334396,15105.16190296733,-46539.56404271713,-188913.80432943144,112956.23833406511,-235574.2401585558,-357709.8693493717,221536.54295341184,-291686.44071065384,-44592.25342455118,-122331.31633548999,461465.1885527106,-183247.32449823228,264238.4100816885,170951.65633947574,-253692.81354284773,-87439.0141398166,274875.3947047033,260636.26804539064,-62306.32430854505,126306.81890801387,48319.54274078912,-187339.99848982305
74294.83835024442,-550481.474031603,701600.9187269089,261204.20050459926,6045.031543580811,-400013.5072111977,431691.2344863191,-482167.8854302528,182278.50440515703,-209211.82102074276,-576753.8628313753,-448887.0470157065,-205444.95828346282,41332.45727405072,491403.7588056056,-175039.58222635003,209365.98540460822,-585681.9307412792,-631329.221793291,-46319.441979034724,-507626.15456294635,94836.44561772147,-420868.46329476556,457689.96988529275,-214295.9318542479,393507.37468432204,-314146.7230573199,-138065.17764123678,-7267.879647761419,-208018.79633006215,268230.12745340966,-99339.7999350599,-256157.43392664366,-103028.35485103376,-27736.321787116736,85462.16910832853,346901.09760844917,-207419.10231682833,432580.7924170067,656858.3658504185,-406805.4446374419,535619.3697350599,81883.89868327984,224634.91726323613,-847382.762502777,336494.91923399497,-485215.3398641729,-313916.3451506084,465850.5351333417,160562.75116493704,-504749.95807660883,-478602.26265947206,114411.68110382561,-231934.2629840759,-88729.14562312028,344008.79038520297
-59311.63110808329,439463.39738565387,-560105.3743178418,-208525.87385080627,-4825.84504797314,319340.5096851386,-344630.33862584265,384926.8903071795,-145517.56423197544,167019.77751079993,460436.85210365773,358357.88383188355,164012.24886836123,-32996.83057654145,-392299.6021679491,139738.5620041088,-167142.39728256612,467564.5915115612,504006.4102711008,36978.12393764159,405250.57872567396,-75710.2354884104,335989.4813501054,-365385.2913260711,171077.39923127202,-314146.7230573199,250791.30005556013,110221.06561396287,5802.296511763094,166066.24732990834,-214135.29493737806,79305.76995413842,204497.37395028074,82250.30561829213,22142.36607649215,-68227.15295549591,-276940.33516643196,165587.78095833617,-345340.1159673,-524387.0228531922,324763.4322214357,-427598.57314917725,-65369.9589113004,-179331.72068414692,676487.5165743865,-268632.6073850722,387359.3751567784,250607.5046793739,-371899.9386929825,-128181.28862111758,402954.8421822003,382080.3312989013,-91337.64659275542,185158.7862538142,70834.89860714128,-274630.7867015602
-26067.20305005364,193141.2223132975,-246162.12691588738,-91645.64369323962,-2120.878900906618,140347.62642712067,-151462.9080179416,169172.76980086588,-63953.98435631832,73404.60806929693,202358.5328464019,157495.8159613494,72082.53359626998,-14501.948984116536,-172412.59681899962,61414.163051550546,-73458.12409291728,205491.32078207325,221507.60502525835,16251.747266858205,178104.64962289325,-33274.045018372795,147664.67896785834,-160584.15738518222,75186.95308630879,-138065.17764123678,110221.06561396287,48441.51472061562,2550.204972074816,72984.6228859943,-94111.3137316578,34854.58194967993,89875.52689462513,36148.57685786407,9731.217881981267,-29985.809976875076,-121713.70758371215,72774.57516677833,-151774.53709415538,-230464.78578858514,142731.58034639072,-187926.68883209367,-28729.62203442723,-78815.04022074334,297311.94296291756,-118062.34321728909,170241.52035555895,110140.388843177,-163447.18574120675,-56334.77744839741,177096.0227438857,167921.70021393074,-40142.18883482665,81375.84109925687,31131.59534253283,-120698.22574672765
-1372.4134006336697,10167.47701795373,-12958.118145110784,-4824.376236078391,-111.59171635793551,7387.811725781934,-7973.63357962669,8905.685710051945,-3366.697366750514,3864.8558418312923,10652.243509651224,8290.915451691373,3794.9162864241102,-763.4969740698456,-9075.723788105444,3233.0080629487,-3867.2248505643433,10817.394308523584,11660.952244799464,855.6667384732777,9375.590579700322,-1751.5199588331725,7772.930483427253,-8453.306065965891,3957.543365237624,-7267.879647761419,5802.296511763094,2550.204972074816,134.41063615466194,3841.6516496381932,-4954.614971759247,1835.1109500152886,4731.649563180832,1903.1001245350762,512.0337327790461,-1579.052212089735,-6407.678484131121,3830.8754506862783,-7989.663629880815,-12132.5278701689,7514.046396212888,-9892.942765357697,-1512.360294834254,-4148.976189605681,15651.552860016702,-6215.253022657182,8961.576348705223,5798.169213899648,-8603.885332078908,-2965.5660372784846,9322.893396324156,8839.794958689743,-2113.079101706779,4283.597668071433,1639.0087706030579,-6353.6813732647615
-39273.844114126965,290998.8892483867,-370885.6786682866,-138079.57274754863,-3195.6820095589646,211458.57659352958,-228202.80973028098,254886.59858051306,-96357.20832033931,110593.48800018866,304888.12564253807,237293.61239340654,108602.9471562172,-21849.25839158315,-259770.00907216006,92530.49589758097,-110675.92860816202,309607.2455611432,333736.716000073,24485.39145324657,268345.1237051227,-50133.267280972315,222483.20037245503,-241947.46400192112,113283.48594543814,-208018.79633006215,166066.24732990834,72984.6228859943,3841.6516496381932,109965.13339636175,-141792.7350416947,52513.04133366615,135410.75611755427,54463.18245845201,14662.658789755073,-45176.44303470354,-183380.26789175655,109647.52625231614,-228673.84404915335,-347231.9928381052,215047.41810601656,-283142.4497408353,-43286.06270153246,-118748.01475658723,447948.1463724755,-177879.72826895217,256498.34564933795,165944.21100210285,-246261.6436687935,-84877.76898158953,266823.848213847,253001.7827279046,-60481.245127149785,122607.0319202936,46904.212851556185,-181852.45631451762
50642.98120476661,-375230.98047948646,478238.5427637103,178047.28231065234,4120.35698922849,-272664.24921614,294259.33853195974,-328665.51949494646,124248.53639960862,-142609.5363901416,-393137.83024307125,-305979.71225061273,-140040.7667065631,28174.161345715536,334959.3861878743,-119314.23220123495,142713.15328695608,-399224.33221893094,-430340.7839513782,-31573.678969233075,-346017.9693989949,64644.07111291825,-286879.61977302976,311979.53334015136,-146071.34361293798,268230.12745340966,-214135.29493737806,-94111.3137316578,-4954.614971759247,-141792.7350416947,182837.88359530948,-67715.0122460292,-174608.69404722578,-70228.85763278064,-18905.4272334111,58256.25171099952,236463.27228106366,-141384.87996697752,294864.47011022054,447742.6548775391,-277296.32846973295,365100.2657211549,55815.311196986746,153120.26707280354,-577612.0089596441,229369.30955823444,-330741.57472510915,-213978.6519909608,317541.65978966083,109446.06251246262,-344058.74362016644,-326234.9415655395,77987.36742361712,-158095.19432829955,-60481.9770077752,234489.98928700454
-18755.972081416727,138968.19530801856,-177116.94088729922,-65940.38368026505,-1525.9361121310583,100981.78530366915,-108980.24752354033,121722.47753804339,-46015.89687375226,52816.57272394562,145599.63518444492,113320.64432262605,51864.89887401991,-10434.476266275144,-124052.95188725222,44188.471780738204,-52854.527683307075,147854.0116275357,159378.49679439212,11693.55245016322,128148.74721958025,-23941.064641833964,106246.43464525497,-115542.52429369405,54097.597923691494,-99339.7999350599,79305.76995413842,34854.58194967993,1835.1109500152886,52513.04133366615,-67715.0122460292,25078.761980706804,64667.317910238904,26009.652003801286,7001.467054321165,-21575.905730048882,-87575.37409059932,52362.25422174253,-109204.00896831175,-165823.38720744394,102697.9835543123,-135216.22187588966,-20671.367011030543,-56708.60576443681,213920.99661514634,-84947.90384987864,122491.00448345226,79247.86884660028,-117602.34902579559,-40533.711979022926,127423.51508852423,120822.27482211824,-28882.805634904194,58550.914375534885,22399.873474696,-86844.05599047431
-48363.65098048119,358342.38947557996,-456713.6218416576,-170033.61655186783,-3934.8935891428323,260391.93483007228,-281015.2075264858,313872.7651662303,-118656.29078426411,136191.02902808387,375443.1803877491,292207.9988609204,133737.80260626687,-26906.100137173587,-319883.2438696368,113944.07526372072,-136289.88626251122,381255.78769563546,410971.8234023361,30152.622425168807,330444.1441165297,-61734.51233447254,273967.47745449544,-297937.7366020442,139496.78122922004,-256157.43392664366,204497.37395028074,89875.52689462513,4731.649563180832,135410.75611755427,-174608.69404722578,64667.317910238904,166749.8919705926,67067.9909401419,18054.469682042345,-55634.33501505192,-225820.48309705805,135021.31825309462,-281593.0227051772,-427590.47159615805,264815.6889103914,-348667.63738920656,-53303.1370595454,-146228.53744150116,551614.6003430141,-219045.76462994886,315855.3006857035,204347.80692304322,-303249.4903459785,-104520.04670056266,328573.185808446,311551.5772975547,-74477.24694036708,150979.51073691918,57759.806443103,-223935.8990986544
-19452.202751263816,144127.86926896387,-183693.49193580044,-68388.73732435751,-1582.643429285416,104731.50569696777,-113026.32001287019,126241.86918227136,-47724.408175176475,54776.99247570587,151005.9384671836,117528.14663486554,53790.293943112636,-10821.824244963407,-128659.33669310654,45829.121156032226,-54816.76229068182,153343.80612972504,165295.79987637087,12127.597618202424,132907.00190840507,-24830.0641890452,110191.68730422185,-119832.69174818826,56106.611827334396,-103028.35485103376,82250.30561829213,36148.57685786407,1903.1001245350762,54463.18245845201,-70228.85763278064,26009.652003801286,67067.9909401419,26975.222387296195,7261.641449825679,-22376.51693890598,-90826.60510390323,54306.542290059966,-113258.72870920412,-171979.93803257737,106510.75684132842,-140236.6153891651,-21438.903424165863,-58814.16369590516,221863.32853506567,-88101.76898120056,127039.26636223485,82190.14636140273,-121969.11974857847,-42038.71049813073,132154.4813237641,125308.27144399118,-29955.283061228554,60725.04271886502,23231.40375855411,-90068.62245651713
-5236.353811473637,38800.121481979135,-49452.384863077605,-18410.85410549035,-426.16131269687287,28195.224736574422,-30426.997756062916,33985.14788569824,-12847.733068980473,14745.146908078566,40652.573008799474,31639.47541411219,14480.143439903843,-2913.166006302987,-34636.88217337385,12337.484943173251,-14756.668347711511,41281.51898944657,44498.31122868812,3264.5871500535,35779.976920162524,-6684.618924539667,29665.26828038944,-32260.215325346955,15105.16190296733,-27736.321787116736,22142.36607649215,9731.217881981267,512.0337327790461,14662.658789755073,-18905.4272334111,7001.467054321165,18054.469682042345,7261.641449825679,1955.3228024185864,-6022.9559484069205,-24450.471620791322,14619.978723105269,-30490.245527287665,-46297.64039780308,28672.870115872887,-37752.62092161908,-5771.568050027322,-15833.25064929156,59726.5428394845,-23717.306566881187,34200.48742187433,22125.953050017484,-32835.60658996793,-11317.17261263863,35576.666830677445,33733.87403620957,-8064.357176209997,16348.009503750074,6253.7527754578905,-24247.398945179597
16136.177297111386,-119555.16277567686,152373.7952350014,56728.72218603373,1312.6671040842373,-86874.37103972714,93756.74965563054,-104718.51982146983,39587.7241312699,-45439.58262076036,-125259.38981920305,-97490.25579990998,-44620.22433037976,8976.979670165838,106722.49519171225,-38015.60475349971,45471.41287351968,-127199.26969545006,-137114.61862716902,-10060.27250560727,-110246.53913141375,20596.42724140223,-91403.45033637392,99401.40720568996,-46539.56404271713,85462.16910832853,-68227.15295549591,-29985.809976875076,-1579.052212089735,-45176.44303470354,58256.25171099952,-21575.905730048882,-55634.33501505192,-22376.51693890598,-6022.9559484069205,18562.830318702625,75342.23651335413,-45047.236227767324,93948.56480526236,142659.2793501029,-88352.17898246423,116327.26805799872,17783.617412484888,48786.638015689015,-184037.95564887,73081.42698725984,-105379.0066875996,-68177.56005912268,101173.2328164291,34871.30253167003,-109623.35114333795,-103944.01307892862,24847.838996273375,-50371.24564811075,-19271.032683801564,74712.0892531961
65496.25471276107,-485284.7075467272,618504.311841722,230267.8935620912,5328.878254670239,-352635.8742935517,380564.2700601313,-425061.8030730861,160690.1378322772,-184435.91937796277,-508443.86242843827,-395722.3820412571,-181113.96304856084,36437.47977947589,433201.9714845033,-154308.6132124204,184570.21910477124,-516315.3591989208,-556557.8679369391,-40834.025854831285,-447503.84772390296,83603.99099456333,-371020.6015978346,403482.04903828196,-188913.80432943144,346901.09760844917,-276940.33516643196,-121713.70758371215,-6407.678484131121,-183380.26789175655,236463.27228106366,-87575.37409059932,-225820.48309705805,-90826.60510390323,-24450.471620791322,75342.23651335413,305816.77112869284,-182852.60706965087,381347.12889171246,579063.6075357294,-358626.04290267074,472182.7128448816,72185.745184643,198029.86112229247,-747023.1109993194,296642.31340138614,-427746.9991179542,-276737.67135659803,410675.6148769278,141546.18155099492,-444969.7282202206,-421918.3667424466,100860.82113212999,-204464.03575090753,-78220.99333398882,303265.08412105613
