V1,V2,V3,V4,V5,V6,V7,V8,V9,V10,V11,V12,V13,V14,V15,V16,V17,V18,V19,V20,V21,V22,V23,V24,V25,V26,V27,V28,V29,V30,V31,V32,V33,V34,V35,V36,V37,V38,V39,V40,V41,V42,V43,V44,V45,V46,V47,V48,V49,V50,V51,V52,V53,V54,V55,V56
6382.717013333455,-47290.69927547253,60272.403844638626,22439.378343305576,519.2451974633351,-34363.735779933144,37085.94830525897,-41421.98985702264,15659.144030256795,-17973.73554295355,-49547.13800286417,-38562.82445214579,-17649.70896507603,3550.876972878378,42214.78639558802,-15037.280577808076,17986.42457803836,-50314.41709663887,-54236.396033841105,-3979.367166978502,-43608.69259578561,8147.055017016312,-36155.25341308295,39318.832134469936,-18409.089484529202,33805.0827876396,-26987.63247692104,-11861.026644209789,-624.5674140271982,-17869.88964483098,23043.504595057122,-8534.408078397439,-22006.38716252182,-8851.122818164904,-2382.4667594056586,7342.515455936638,29801.95971719206,-17818.719431810612,37161.90415702119,56429.60698426113,-34948.12902340389,46013.89379611698,7034.417078615937,19297.835193394872,-72797.16686290069,28907.729742292715,-41683.33056614537,-26967.989447557367,40019.717820450984,13793.545464053315,-43362.099427688256,-41115.636294691605,9828.723897004282,-19924.676255010825,-7622.727967308075,29552.81993677164
-47290.69927547253,350394.9728733527,-446585.54280949925,-166262.7605643948,-3847.7381948977672,254617.82193984327,-274782.3443107397,306911.6620956511,-116024.72579759602,133169.27442209423,367117.4097770876,285727.5100594661,130771.13778997438,-26309.219549642086,-312789.8653701744,111416.99166386803,-133266.83235037397,372800.6404501265,401856.79401391285,29483.62869215166,323116.1012314062,-60365.5781732389,267892.423334048,-291330.5468212068,136403.9823358204,-250476.79217375544,199962.05213494637,87882.01852525331,4626.389025979322,132408.48872770814,-170735.4955340336,63232.56750152205,163050.95251132402,65580.25722978196,17654.538745830898,-54399.429196097684,-220811.49786009672,132027.12740504826,-275348.09170919465,-418106.77881397394,258941.99638845524,-340934.8440818098,-52121.05466486635,-142985.56201332968,539380.2470101133,-214187.44496099878,308850.9682645606,199815.56362125755,-296524.7706140549,-102202.07027732313,321285.8411347756,304642.0160633923,-72825.69799482176,147631.5375929807,56478.48007492462,-218969.78556232754
60272.403844638626,-446585.54280949925,569184.1506948355,211905.61370896216,4904.213413611493,-324517.1862346509,350214.9765638953,-391165.2671888765,147875.9263143191,-169724.8039918762,-467900.1736994435,-364165.848285452,-166669.4834106941,33531.38383399323,398658.894966936,-142003.2287026643,169850.65542675267,-475142.78340873506,-512174.03624855855,-37577.04537770687,-411819.14542114787,76937.55203732832,-341436.1750858185,371307.6672571913,-173851.3503239761,319238.6097865877,-254855.84688380267,-112007.04656882522,-5895.884362458937,-168758.86070920902,217604.7242827937,-80590.28223811531,-207810.55708101587,-83582.89993867633,-22501.89266447048,69331.43542947981,281427.61528468,-168271.85914320507,350937.2978814895,532884.8204141894,-330025.94928305043,434528.50698643824,66429.49889064668,182238.22211659822,-687450.2978650173,272985.8254533138,-393638.2048365304,-254668.74037067572,377928.2779617238,130258.79003179894,-409485.09349247103,-388272.66177107213,92818.2241048806,-188160.2402395367,-71982.44480507032,279082.1347978189
22439.378343305576,-166262.7605643948,211905.61370896216,78891.9068103919,1825.791902635397,-120816.70533857889,130384.35626857489,-145629.90388593278,55053.85557536607,-63188.545887029024,-174197.86464516065,-135578.04341732632,-62050.845305853116,12483.702857889966,148419.44498989874,-52867.47241912654,63235.12244978424,-176894.41534740606,-190681.3233080349,-13989.927721707236,-153319.11300907977,28643.600184884195,-127115.56180215998,138236.8095578475,-64724.14340339044,118851.64122268147,-94882.21590213319,-41700.03299618809,-2195.123745232316,-62828.249162958564,81013.944484859,-30003.743023097046,-77367.60985485729,-31117.806983616352,-8377.251292597031,25812.253249277634,104775.05782456962,-62647.11384157235,130653.04256953126,198391.9282649515,-122868.06146327082,161773.93734853965,24731.52041800531,67846.82914509255,-255936.3025461751,101632.07038884112,-146550.34284953415,-94812.63075512573,140701.56188425198,48495.01456741596,-152450.39845494207,-144552.97436746157,34555.938418029196,-70051.46751872324,-26798.99446980409,103901.50677366024
519.2451974633351,-3847.7381948977672,4904.213413611493,1825.791902635397,42.273599266528834,-2796.167506191643,3017.3454023131035,-3370.2515941982074,1274.0893992120386,-1462.1160440755323,-4031.5382710863028,-3137.6488275924626,-1435.907700364627,288.87770934606846,3434.9907363649395,-1223.4861296398374,1463.3524141296489,-4093.8610806892048,-4412.777225314748,-323.7158656591849,-3548.302980565434,662.9258783902488,-2941.963876096055,3199.24584332463,-1498.0566666158788,2750.6124202325736,-2195.8267196919637,-965.003823856203,-50.74377978469139,-1454.1650300448273,1874.7459099675993,-694.2660886654353,-1790.3542390097343,-720.0943696244244,-193.95689537731977,597.1772912467233,2424.638241492085,-1449.873654067375,3023.6960442637005,4591.203963568401,-2843.3805142083415,3743.865119343982,572.3653927890601,1570.1677244752605,-5922.922033776217,2351.9750642620525,-3391.6841360295793,-2194.1740072672774,3256.3353045508447,1122.3139342055429,-3528.0574372073465,-3345.339719552178,799.7517330243802,-1621.254365245401,-620.1404864410101,2404.6127823866555
-34363.735779933144,254617.82193984327,-324517.1862346509,-120816.70533857889,-2796.167506191643,185021.85853139267,-199672.53905586424,223020.34436383718,-84310.50557098475,96766.7879221727,266770.71900103753,207626.87219070946,95025.19039559015,-19117.61682547227,-227293.34982495639,80962.21046004152,-96839.03082038285,270899.7917141538,292012.46213000244,21424.163483853863,234796.3382674314,-43865.567890356026,194668.1864237687,-211698.93887145718,99120.75628571716,-182012.07006103158,145304.43417690508,63859.961104856426,3361.3240782462863,96217.25764077797,-124065.536235134,45947.72515297031,118481.43643086251,47654.088753249765,12829.5731182578,-39528.298066246956,-160453.7408460094,95939.28968288604,-200084.77532585847,-303820.530504495,188161.83891101193,-247743.61152450694,-37874.39260549575,-103901.99521258625,391945.01453197317,-155640.93656781066,224430.679067912,145197.62584118027,-215473.78774274484,-74266.24964762162,233465.15735086717,221371.17825390497,-52919.82746024138,107278.59821406401,41040.14762236583,-159117.069619189
37085.94830525897,-274782.3443107397,350214.9765638953,130384.35626857489,3017.3454023131035,-199672.53905586424,215486.65921168358,-240682.37084900457,90987.4341757792,-104433.2248874623,-287895.56626853027,-224069.5124040039,-102552.11201552484,20631.990285296222,245291.38405039068,-87374.03396493969,104509.10627958937,-292352.7216567694,-315139.354711549,-23121.463044588407,-253389.60382686683,47338.97406353885,-210082.48173799564,228463.19361015144,-106968.31922714229,196425.4221877741,-156811.67463807022,-68917.88929417431,-3628.272838171023,-103835.08596530584,133892.51999218052,-49587.827762525994,-127866.26909279705,-51428.72214796441,-13844.480880595229,42661.15844841058,173162.49178631944,-103536.41133751463,215929.80031979433,327882.7768696142,-203064.61511747632,267363.6032170455,40873.65637206979,112130.2564716532,-422986.34614909336,167967.57088006803,-242202.67206208617,-156696.9640352849,232536.3499303978,80147.55524495366,-251954.85687999145,-238902.4542894721,57110.29474003832,-115773.40600518709,-44291.06326705837,171717.45604952297
-41421.98985702264,306911.6620956511,-391165.2671888765,-145629.90388593278,-3370.2515941982074,223020.34436383718,-240682.37084900457,268824.5473738132,-101626.29325631633,116643.12411647777,321558.9581177592,250269.31709243858,114542.65109280118,-23044.285257838714,-273973.3673636907,97590.36725026218,-116728.6535235116,326536.87075478956,351987.1413169997,25824.7469051438,283018.0994486256,-52874.35166355881,234647.60678606553,-255177.06108725784,119476.61022769843,-219393.16927701156,175147.17078149854,76976.01731216148,4052.235374387251,115976.94149566162,-149547.504804814,55385.48580701691,142816.59498126668,57441.854691803834,15463.68859638371,-47648.47914745364,-193409.17626570084,115642.85725744776,-241177.97556849435,-366220.5277971068,226807.76887108514,-298625.52097099763,-45652.94452320461,-125241.35224359672,472444.20104253694,-187607.19125301382,270523.2543459815,175018.84030003715,-259726.71629912304,-89519.00768086319,281414.90119744017,266836.56526580977,-63788.195444545854,129310.80406871374,49469.58694277489,-191796.11088963877
15659.144030256795,-116024.72579759602,147875.9263143191,55053.85557536607,1274.0893992120386,-84310.50557098475,90987.4341757792,-101626.29325631633,38418.75156628788,-44095.69246151467,-121561.99187405955,-94611.68498650019,-43301.63810478164,8711.648044531432,103572.76161273719,-36893.011891860195,44128.03562337162,-123443.83437690634,-133065.03247727803,-9762.771125113746,-106992.02266320579,19988.595020787732,-88706.07136031594,96467.01004066151,-45166.886674579975,82939.2853859224,-66212.54657741584,-29099.971295655127,-1531.901490406654,-43843.8727505429,56534.853924274365,-20937.8945181441,-53990.30387446989,-21715.285955913998,-5845.890090993728,18012.995207022675,73116.29751586498,-43717.569650356694,91174.80041588882,138445.81355261666,-85742.28567389576,112892.23788280958,17258.61647141547,47346.177258747084,-178602.55576916315,70922.9225882218,-102268.47956969577,-66164.03000570263,98186.962324350985,33841.720365989066,-106385.94180459046,-100874.75819994371,24114.45884045082,-48884.59473169403,-18701.453635823502,72506.5067521193
-17973.73554295355,133169.27442209423,-169724.8039918762,-63188.545887029024,-1462.1160440755323,96766.7879221727,-104433.2248874623,116643.12411647777,-44095.69246151467,50614.24521824915,139522.8309116617,108591.72378240027,49701.41351028288,-9999.253232463916,-118875.04128863849,42344.557910940384,-50649.476489559354,141683.726743915,152728.374954917,11205.931683471203,122800.48947975047,-22941.747532249705,101811.57203106969,-110720.41002147619,51838.91623000253,-95193.88508498376,75996.36791177449,33400.441872687086,1758.9439912834616,50320.594868181266,-64890.238964527984,24032.95540251472,61969.765521788024,24924.66970358082,6708.686663034287,-20676.89489261862,-83921.85643602679,50176.81520443343,-104646.69557829117,-158904.4457733094,98413.24594903283,-129573.79596989605,-19808.669890355875,-54342.09112293357,204995.04315255745,-81403.49799130879,117378.6374254298,75941.18746017147,-112693.92983998476,-38842.17973800977,122106.53653493026,115780.4064351923,-27677.281256359758,56107.050068259705,21465.56250368348,-83219.68330139299
-49547.13800286417,367117.4097770876,-467900.1736994435,-174197.86464516065,-4031.5382710863028,266770.71900103753,-287895.56626853027,321558.9581177592,-121561.99187405955,139522.8309116617,384639.268556715,299363.990604197,137011.25401105842,-27564.59305567753,-327719.21701878257,116734.31512730867,-139626.3681273393,390593.04272605944,421034.6554203978,30890.335111616896,338537.61305327923,-63246.8394317318,280679.05333377636,-305234.98489713215,142915.27947844082,-262431.4044467631,209505.262769596,92075.81492725448,4846.706111591243,138728.97020143722,-178882.76208382723,66249.5111346207,170831.42502874575,68709.6277391883,18497.813597389802,-56994.08732049224,-231348.62200010172,138328.5780928181,-288489.42074054875,-438060.0292115055,271299.08700894157,-357205.88071276253,-54608.64005793499,-149809.66141131724,565121.1888618231,-224409.05265210225,323591.913001921,209351.42960238454,-310677.508935544,-107079.76179900624,336618.8246230825,319181.08598776674,-76301.6083832401,154677.9132329644,59173.42486723152,-229420.6074312291
-38562.82445214579,285727.5100594661,-364165.848285452,-135578.04341732632,-3137.6488275924626,207626.87219070946,-224069.5124040039,250269.31709243858,-94611.68498650019,108591.72378240027,299363.990604197,232994.86287159185,106636.37781751911,-21453.653606372354,-255062.96509346282,90854.32734781482,-108671.53945344454,303998.2113226685,327691.63549529604,24042.17417848883,263483.30319118407,-49224.821909651044,218451.6088838027,-237563.93627254097,111230.1151883126,-204249.96373544703,163057.89657545678,71662.8068027218,3772.4672897751434,107971.98722041772,-139225.0513758571,51562.46450797138,132958.72569974232,53476.95052769408,14396.432227097568,-44359.38957542266,-180059.23229628624,107660.84356600136,-224531.067478457,-340942.5629898956,211152.5629163925,-278013.3198110724,-42501.83229011118,-116596.76733755057,439834.2903723126,-174657.80923577724,251850.93040290466,162938.3732174968,-241799.616407796,-83340.10310892481,261990.59422519532,248418.56584713515,-59385.35213761488,120385.4096653611,46054.95067359116,-178557.73494626704
-17649.70896507603,130771.13778997438,-166669.4834106941,-62050.845305853116,-1435.907700364627,95025.19039559015,-102552.11201552484,114542.65109280118,-43301.63810478164,49701.41351028288,137011.25401105842,106636.37781751911,48805.749276237446,-9819.024743884853,-116735.4737972296,41582.00895615106,-49736.965864565136,139132.74068703956,149977.60510836082,11003.854488544172,120589.75913477213,-22528.855397439136,99979.2778494222,-108727.13117012492,50906.46061088252,-93480.13897036557,74627.89433210398,32798.72088964388,1726.9255099972165,49415.38571709514,-63720.95769653153,23599.587047911304,60853.038552932725,24475.5208031859,6588.3954292767585,-20303.43737365005,-82409.85299348766,49273.59561346989,-102762.53781642125,-156042.35938599744,96640.42779652165,-127240.46511147442,-19452.047291104696,-53363.61880932596,201302.92840206178,-79937.28850096953,115265.71066683084,74573.45229760966,-110665.40631666458,-38142.807587912954,119907.4509972802,113695.53560198283,-27179.107670121386,55097.1906109069,21078.671438769892,-81721.47463531957
3550.876972878378,-26309.219549642086,33531.38383399323,12483.702857889966,288.87770934606846,-19117.61682547227,20631.990285296222,-23044.285257838714,8711.648044531432,-9999.253232463916,-27564.59305567753,-21453.653606372354,-9819.024743884853,1975.4500961934457,23485.397414577656,-8365.685455981995,10006.361164082748,-27991.42797030958,-30173.295957012844,-2213.825870308391,-24260.844740817396,4532.461079189558,-20114.298930806137,21874.26352753605,-10241.577268926972,18806.79747007546,-15014.025134143674,-6598.628941127905,-347.4479228638297,-9941.599521520013,12819.748555017655,-4747.915056065592,-12242.767406278846,-4924.12699735621,-1325.4634408851011,4084.803053926266,16579.677859386244,-9913.101485747815,20674.28747224334,31393.4393761624,-19442.652159093166,25598.897705345833,3913.4598612539703,10735.965076817578,-40499.197668020934,16082.213730994703,-23189.717146251303,-15003.08413726064,22264.202045587608,7673.76406222612,-24123.6142681921,-22873.855049150345,5468.02322993224,-11084.715552557376,-4240.732734850586,16441.13254665868
42214.78639558802,-312789.8653701744,398658.894966936,148419.44498989874,3434.9907363649395,-227293.34982495639,245291.38405039068,-273973.3673636907,103572.76161273719,-118875.04128863849,-327719.21701878257,-255062.96509346282,-116735.4737972296,23485.397414577656,279222.5118956533,-99459.49080547348,118963.69693749731,-332791.69894642703,-358728.0265933087,-26318.927822203947,-288439.7393871581,53887.42580788608,-239143.54109028814,260065.3302223419,-121766.58115718667,223595.9666091586,-178501.8504023833,-78449.94662796754,-4129.312510703369,-118199.73503109356,152410.62060772005,-56445.36939991971,-145550.73596318756,-58541.55574796409,-15760.670670510997,48559.35903086226,197112.36799043714,-117858.31828361464,245797.7258142737,373233.87096729735,-231150.86745580513,304345.1117534541,46527.47290080558,127640.27138553238,-481491.98812819534,191199.94873875042,-275705.8419439786,-178370.66446971652,264702.58302125597,91233.70653027923,-286804.50856111303,-271947.4130427034,65010.29492422081,-131788.28200607238,-50416.54355226648,195470.19881175013
-15037.280577808076,111416.99166386803,-142003.2287026643,-52867.47241912654,-1223.4861296398374,80962.21046004152,-87374.03396493969,97590.36725026218,-36893.011891860195,42344.557910940384,116734.31512730867,90854.32734781482,41582.00895615106,-8365.685455981995,-99459.49080547348,35427.86567326083,-42375.578369322226,118541.44312937027,127780.58653804165,9375.069633519628,102742.98035866777,-19194.770443621583,85183.2074376474,-92635.95512564629,43373.11410723611,-79645.4650258404,63583.01917389727,27944.322645286706,1471.0782362185068,42102.64537147989,-54289.692792632704,20106.40309266726,51846.196954209954,20852.910576010654,5613.709215904078,-17297.682465360238,-70212.631091277,41981.38219654057,-87553.92726330676,-132947.68247633163,82337.19261329582,-108408.90312331064,-16573.214637002846,-45465.89528189849,171509.66551090873,-68106.34476983348,98207.0184917613,63536.43957726221,-94287.59048771454,-32497.747033816617,102161.00312428206,96868.675541406,-23156.782385595536,46943.20112291996,17958.769104449682,-69627.01115312436
17986.42457803836,-133266.83235037397,169850.65542675267,63235.12244978424,1463.3524141296489,-96839.03082038285,104509.10627958937,-116728.6535235116,44128.03562337162,-50649.476489559354,-139626.3681273393,-108671.53945344454,-49736.965864565136,10006.361164082748,118963.69693749731,-42375.578369322226,50686.030901907594,-141788.17446457077,-152839.70581760863,-11213.76256004941,-122891.37911782123,22958.889749221384,-101887.71532664729,110802.32942052095,-51878.344151038065,95264.33254003039,-76052.15433416712,-33424.58509328656,-1759.766746143037,-50358.78050147875,64936.79096360758,-24049.776172958096,-62014.12626734009,-24942.520640340135,-6714.307386794179,20690.54329622259,83982.35435539373,-50214.08135985022,104723.8186072084,159020.1698090147,-98484.56219257353,129668.79829534443,19823.311169073226,54382.07786517645,-205144.50472697098,81462.752313635,-117465.78031229902,-75996.5868600423,112777.69530796191,38870.77742207965,-122195.76099798089,-115865.3937244477,27697.888456803423,-56148.86820482216,-21480.83264458997,83281.228060748
-50314.41709663887,372800.6404501265,-475142.78340873506,-176894.41534740606,-4093.8610806892048,270899.7917141538,-292352.7216567694,326536.87075478956,-123443.83437690634,141683.726743915,390593.04272605944,303998.2113226685,139132.74068703956,-27991.42797030958,-332791.69894642703,118541.44312937027,-141788.17446457077,396639.3443255427,427552.85883406986,31368.740751725545,343777.91367676953,-64225.76512633315,285023.3274369421,-309959.802199028,145126.93198575437,-266493.6447996565,212748.48864882154,93501.38572714044,4921.985051500159,140875.8851219663,-181652.51660661746,67275.5184010019,173476.56692127098,69773.51816902743,18783.795731822353,-57877.19514502347,-234930.5822803931,140469.72913798533,-292955.1902597266,-444841.8672363385,275499.40016753087,-362735.6322456092,-55453.95023607445,-152128.72409446788,573870.036086915,-227883.26271968934,328600.7236924124,212592.45900057748,-315486.36664415424,-108737.35433566688,341830.0384037105,324122.13955069444,-77482.63314617092,157072.05248822135,60089.713223531064,-232971.8875575288
-54236.396033841105,401856.79401391285,-512174.03624855855,-190681.3233080349,-4412.777225314748,292012.46213000244,-315139.354711549,351987.1413169997,-133065.03247727803,152728.374954917,421034.6554203978,327691.63549529604,149977.60510836082,-30173.295957012844,-358728.0265933087,127780.58653804165,-152839.70581760863,427552.85883406986,460876.9495588197,33813.9932552248,370571.13106347417,-69231.20847638197,307236.59055853996,-334117.3463233012,156436.7460181057,-287263.52270481555,229330.03763719738,100789.21718797012,5306.057044821174,151854.49774388853,-195811.5040990297,72519.74657348356,186998.36949193772,75212.07557746074,20247.124005356392,-62389.60806410197,-253242.06893607537,151417.47505636307,-315787.72787411313,-479513.5938996385,296972.6323483584,-391007.2411475733,-59775.916026270905,-163985.49500763873,618598.2699574712,-245644.89706441193,354210.8096624908,229162.1829743193,-340074.26424709475,-117212.22654821856,368472.55932507967,349384.11835989304,-83521.3234101475,169313.58547201587,64773.55828209288,-251129.1998208361
-3979.367166978502,29483.62869215166,-37577.04537770687,-13989.927721707236,-323.7158656591849,21424.163483853863,-23121.463044588407,25824.7469051438,-9762.771125113746,11205.931683471203,30890.335111616896,24042.17417848883,11003.854488544172,-2213.825870308391,-26318.927822203947,9375.069633519628,-11213.76256004941,31368.740751725545,33813.9932552248,2480.980229785275,27188.005438002805,-5079.302453164749,22541.081684462424,-24513.477409420128,11477.151441568984,-21075.908158160244,16825.57074582553,7394.837925338896,389.41853911103516,11140.99257267338,-14366.65187763432,5320.868965243686,13720.058900753715,5518.303099865745,1485.3174753196563,-4577.821513352116,-18580.245116210575,11109.140550220509,-23168.751046810725,-35181.36997044179,21788.63824188489,-28687.592929754053,-4385.635344810153,-12031.323290284903,45385.81072944668,-18022.695699407665,25987.614702247312,16813.34561524789,-24950.423444100106,-8599.647769041736,27034.33714846172,25633.743651643752,-6127.747789792399,12422.097291788488,4752.456927057,-18424.821170068193
-43608.69259578561,323116.1012314062,-411819.14542114787,-153319.11300907977,-3548.302980565434,234796.3382674314,-253389.60382686683,283018.0994486256,-106992.02266320579,122800.48947975047,338537.61305327923,263483.30319118407,120589.75913477213,-24260.844740817396,-288439.7393871581,102742.98035866777,-122891.37911782123,343777.91367676953,370571.13106347417,27188.005438002805,297961.60099090025,-55666.25019264071,247037.63454147277,-268650.52239413204,125785.72665873439,-230977.2355824379,184394.73125014847,81040.01462413269,4265.88364686925,122101.19647361184,-157442.72950919918,58309.23860815829,150356.4048511047,60474.425768116904,16280.605881304366,-50163.26593590615,-203620.2286097402,121748.94321010083,-253912.08205018073,-385555.9318378175,238782.3444296594,-314392.5162891857,-48063.430559230124,-131854.00786332818,497388.0250643427,-197512.2995664425,284807.19487859175,184259.3995305926,-273440.6525871212,-94245.55915340359,296273.00352267415,280925.21361504094,-67156.32453047285,136138.67060441372,52081.20478358175,-201923.01218498428
8147.055017016312,-60365.5781732389,76937.55203732832,28643.600184884195,662.9258783902488,-43865.567890356026,47338.97406353885,-52874.35166355881,19988.595020787732,-22941.747532249705,-63246.8394317318,-49224.821909651044,-22528.855397439136,4532.461079189558,53887.42580788608,-19194.770443621583,22958.889749221384,-64225.76512633315,-69231.20847638197,-5079.302453164749,-55666.25019264071,10399.787853484291,-46152.55135573477,50190.24617702953,-23499.870862487558,43151.99069925081,-34449.22447689657,-15140.112774571378,-796.9078153238376,-22811.4989849835,29413.82867686982,-10893.419460931877,-28089.932495929777,-11297.973659505822,-3041.6827182488137,9371.473837873422,38040.85644630583,-22745.588292254306,47436.72056273277,72030.70024636998,-44609.98003732904,58735.820061178514,8979.379224337934,24633.407331762824,-92923.52428028492,36899.828760353754,-53208.73029671879,-34423.89811411115,51085.20350442118,17607.273026344857,-55350.63665581993,-52483.36329318114,12546.399577753376,-25433.948859864868,-9729.919578807154,37723.97193866407
-36155.25341308295,267892.423334048,-341436.1750858185,-127115.56180215998,-2941.963876096055,194668.1864237687,-210082.48173799564,234647.60678606553,-88706.07136031594,101811.57203106969,280679.05333377636,218451.6088838027,99979.2778494222,-20114.298930806137,-239143.54109028814,85183.2074376474,-101887.71532664729,285023.3274369421,307236.59055853996,22541.081684462424,247037.63454147277,-46152.55135573477,204817.45059544724,-222736.03059427158,104288.60623354738,-191501.415011501,152879.9502564301,67189.29195532933,3536.5199371879476,101233.7191079314,-130533.6405008407,48343.14695661501,124658.40608793158,50138.51142684051,13498.52093160138,-41588.96677201848,-168818.95900249475,100941.1750965614,-210516.32219146696,-319660.2637089402,197971.65065688346,-260659.83131990995,-39849.00252428452,-109318.98527643156,412379.14988361247,-163755.29936133604,236131.58083870355,152767.5376290624,-226707.7240538424,-78138.1648166027,245636.93250848388,232912.47002893072,-55678.85791478386,112871.68442489536,43179.74502411716,-167412.76113218782
39318.832134469936,-291330.5468212068,371307.6672571913,138236.8095578475,3199.24584332463,-211698.93887145718,228463.19361015144,-255177.06108725784,96467.01004066151,-110720.41002147619,-305234.98489713215,-237563.93627254097,-108727.13117012492,21874.26352753605,260065.3302223419,-92635.95512564629,110802.32942052095,-309959.802199028,-334117.3463233012,-24513.477409420128,-268650.52239413204,50190.24617702953,-222736.03059427158,242222.83387969897,-113411.9092677765,208255.54318828616,-166255.4631642634,-73067.95933693711,-3846.250943042071,-110089.83635792418,141954.80660593085,-52573.263992762135,-135565.57854618895,-54525.449015566955,-14679.035344876278,45228.64246477112,183589.7359272804,-109772.25328362989,228934.2501740232,347628.0662895237,-215292.88200279884,283465.1159964443,43335.335220175904,118883.27068571562,-448459.0213241184,178082.64209325114,-256790.13551792593,-166133.45210153633,246541.74069666807,84974.43841771029,-267128.06159886345,-253290.05444497254,60550.01982405138,-122746.4307456149,-46957.8864292239,182059.4427573866
-18409.089484529202,136403.9823358204,-173851.3503239761,-64724.14340339044,-1498.0566666158788,99120.75628571716,-106968.31922714229,119476.61022769843,-45166.886674579975,51838.91623000253,142915.27947844082,111230.1151883126,50906.46061088252,-10241.577268926972,-121766.58115718667,43373.11410723611,-51878.344151038065,145126.93198575437,156436.7460181057,11477.151441568984,125785.72665873439,-23499.870862487558,104288.60623354738,-113411.9092677765,53101.83151511354,-97507.99107744504,77842.62451824342,34210.90703592515,1800.4695053795872,51546.2950871978,-66463.89735759026,24614.697984284536,63472.351758187935,25529.04281362967,6873.460157929776,-21175.280024671374,-85957.80590538881,51396.92640319819,-107189.76989185339,-162762.4966154851,100801.71466735897,-132721.3708821104,-20290.16045770866,-55662.52572958995,209972.57214327264,-83379.82454302785,120232.7567370659,77785.21116600692,-115434.39711053477,-39786.03077833146,125071.93849287425,118593.16846563836,-28350.420813876324,57471.74238529292,21985.792950630075,-85242.59734385769
33805.0827876396,-250476.79217375544,319238.6097865877,118851.64122268147,2750.6124202325736,-182012.07006103158,196425.4221877741,-219393.16927701156,82939.2853859224,-95193.88508498376,-262431.4044467631,-204249.96373544703,-93480.13897036557,18806.79747007546,223595.9666091586,-79645.4650258404,95264.33254003039,-266493.6447996565,-287263.52270481555,-21075.908158160244,-230977.2355824379,43151.99069925081,-191501.415011501,208255.54318828616,-97507.99107744504,179051.5395280049,-142941.19153350408,-62821.5170506295,-3306.879287142103,-94651.7762571307,122048.24209098108,-45200.82046122515,-116554.98520691208,-46879.25198952383,-12620.579002128088,38886.13844823623,157844.6378530557,-94378.718490371,196830.43489835563,298879.6109235743,-185102.00283689203,243714.3444098562,37258.35251721099,102212.07914328015,-385570.87741177034,153109.8200092385,-220780.0527098857,-142836.28607296172,211968.80756251726,73058.33695633436,-229668.2578912143,-217770.7817248829,52058.996449974955,-105533.50854314222,-40372.90040042139,156528.9591234044
-26987.63247692104,199962.05213494637,-254855.84688380267,-94882.21590213319,-2195.8267196919637,145304.43417690508,-156811.67463807022,175147.17078149854,-66212.54657741584,75996.36791177449,209505.262769596,163057.89657545678,74627.89433210398,-15014.025134143674,-178501.8504023833,63583.01917389727,-76052.15433416712,212748.48864882154,229330.03763719738,16825.57074582553,184394.73125014847,-34449.22447689657,152879.9502564301,-166255.4631642634,77842.62451824342,-142941.19153350408,114113.58269326053,50152.14328532932,2640.1294787409392,75562.48036490474,-97434.58887472418,36085.24974841626,93049.19900530264,37425.05293781117,10075.085294830504,-31044.326574855873,-126011.76912334246,75344.77599341952,-157134.62724121884,-238603.50492722658,147771.95252611797,-194563.38910545956,-29744.25376107181,-81598.46453091539,307811.37776716717,-122231.6322710252,176253.97968915701,114029.95515348633,-169219.71746532654,-58324.29576148656,183350.14521505564,173851.94572619148,-41559.917251223495,84249.85862559662,32230.881795693233,-124960.88316317297
-11861.026644209789,87882.01852525331,-112007.04656882522,-41700.03299618809,-965.003823856203,63859.961104856426,-68917.88929417431,76976.01731216148,-29099.971295655127,33400.441872687086,92075.81492725448,71662.8068027218,32798.72088964388,-6598.628941127905,-78449.94662796754,27944.322645286706,-33424.58509328656,93501.38572714044,100789.21718797012,7394.837925338896,81040.01462413269,-15140.112774571378,67189.29195532933,-73067.95933693711,34210.90703592515,-62821.5170506295,50152.14328532932,22041.634039941404,1160.4541829714362,33208.836070770434,-42822.15128628231,15859.458814586429,40894.81596550014,16448.18476768021,4427.730478984341,-13644.212005073026,-55381.63468789942,33113.39146858741,-69059.5115389705,-104864.88353198158,64945.03509680879,-85509.3186813522,-13072.36819546214,-35861.94233327451,135281.30055702722,-53720.115576998745,77462.14235267571,50115.48959242499,-74370.61421260909,-25633.106692206922,80581.259844615,76406.74838934327,-18265.21711314045,37027.057312193036,14165.393889267898,-54919.326416202304
-624.5674140271982,4626.389025979322,-5895.884362458937,-2195.123745232316,-50.74377978469139,3361.3240782462863,-3628.272838171023,4052.235374387251,-1531.901490406654,1758.9439912834616,4846.706111591243,3772.4672897751434,1726.9255099972165,-347.4479228638297,-4129.312510703369,1471.0782362185068,-1759.766746143037,4921.985051500159,5306.057044821174,389.41853911103516,4265.88364686925,-796.9078153238376,3536.5199371879476,-3846.250943042071,1800.4695053795872,-3306.879287142103,2640.1294787409392,1160.4541829714362,61.250939258338306,1747.7622119260905,-2254.6348140119158,835.1637270441336,2153.1916329918254,866.0259136743867,232.84588656507842,-718.7926901576807,-2915.804721507809,1743.018987817023,-3635.3533349655736,-5520.658460003018,3419.182705625508,-4501.455473020444,-688.1262281907542,-1887.8257506394746,7121.885011288579,-2828.1293179179142,4077.455256082289,2638.3196593411603,-3914.6885393981515,-1349.3590639760735,4242.133002696268,4022.2361882117293,-961.4247009489106,1948.9750919792873,745.8686760498334,-2890.9279427958977
-17869.88964483098,132408.48872770814,-168758.86070920902,-62828.249162958564,-1454.1650300448273,96217.25764077797,-103835.08596530584,115976.94149566162,-43843.8727505429,50320.594868181266,138728.97020143722,107971.98722041772,49415.38571709514,-9941.599521520013,-118199.73503109356,42102.64537147989,-50358.78050147875,140875.8851219663,151854.49774388853,11140.99257267338,122101.19647361184,-22811.4989849835,101233.7191079314,-110089.83635792418,51546.2950871978,-94651.7762571307,75562.48036490474,33208.836070770434,1747.7622119260905,50036.33159633916,-64517.128525091466,23893.746507843392,61613.21362844412,24781.283309483984,6672.07782122334,-20555.122746976715,-83440.02866826757,49891.392998790456,-104049.97688551551,-157994.96570428094,97849.1216823545,-128833.74164857516,-19695.820051996976,-54032.06829366368,203822.1835136885,-80937.52005511601,116710.8668670842,75506.77208724817,-112053.05529397377,-38620.62389137933,121408.39423405525,115119.37111889209,-27519.968753721765,55788.25379903665,21341.824120953195,-82745.66456892942
23043.504595057122,-170735.4955340336,217604.7242827937,81013.944484859,1874.7459099675993,-124065.536235134,133892.51999218052,-149547.504804814,56534.853924274365,-64890.238964527984,-178882.76208382723,-139225.0513758571,-63720.95769653153,12819.748555017655,152410.62060772005,-54289.692792632704,64936.79096360758,-181652.51660661746,-195811.5040990297,-14366.65187763432,-157442.72950919918,29413.82867686982,-130533.6405008407,141954.80660593085,-66463.89735759026,122048.24209098108,-97434.58887472418,-42822.15128628231,-2254.6348140119158,-64517.128525091466,83194.32019432432,-30811.66529726985,-79449.94427985308,-31955.3282051043,-8601.917522738006,26508.120603012456,107594.6420289674,-64331.922105281184,134167.36568405124,203729.6660256562,-126174.17743218357,166125.8385761677,25396.710239520457,69671.84388318255,-262822.103643333,104366.51104284407,-150491.6467869629,-97363.47308923266,144485.47053198784,49799.46797274102,-156551.78429385548,-148441.51562922235,35485.22243025624,-71935.26036442941,-27520.378694854215,106696.05361771249
-8534.408078397439,63232.56750152205,-80590.28223811531,-30003.743023097046,-694.2660886654353,45947.72515297031,-49587.827762525994,55385.48580701691,-20937.8945181441,24032.95540251472,66249.5111346207,51562.46450797138,23599.587047911304,-4747.915056065592,-56445.36939991971,20106.40309266726,-24049.776172958096,67275.5184010019,72519.74657348356,5320.868965243686,58309.23860815829,-10893.419460931877,48343.14695661501,-52573.263992762135,24614.697984284536,-45200.82046122515,36085.24974841626,15859.458814586429,835.1637270441336,23893.746507843392,-30811.66529726985,11411.476613675357,29424.937589550114,11834.914698800514,3185.5257053278433,-9817.872824750577,-39848.42002839108,23825.418116022003,-49689.2666573233,-75452.31173882255,46729.35917561101,-61525.337399902986,-9405.73030757542,-25803.186403403823,97337.4392232718,-38652.67427588442,55734.80466643964,36059.023929319315,-53510.37583219153,-18443.384237961498,57979.64797166797,54975.849232322464,-13141.985562261409,26641.277384909998,10192.428687250278,-39515.118873679676
-22006.38716252182,163050.95251132402,-207810.55708101587,-77367.60985485729,-1790.3542390097343,118481.43643086251,-127866.26909279705,142816.59498126668,-53990.30387446989,61969.765521788024,170831.42502874575,132958.72569974232,60853.038552932725,-12242.767406278846,-145550.73596318756,51846.196954209954,-62014.12626734009,173476.56692127098,186998.36949193772,13720.058900753715,150356.4048511047,-28089.932495929777,124658.40608793158,-135565.57854618895,63472.351758187935,-116554.98520691208,93049.19900530264,40894.81596550014,2153.1916329918254,61613.21362844412,-79449.94427985308,29424.937589550114,75874.10081816003,30517.09808610963,8214.706140627959,-25315.1416754076,-102752.0447507459,61436.403323198756,-128128.66407847659,-194560.15680381676,120495.32877590191,-158648.7633470159,-24253.633627746505,-66536.00789064166,250992.93641237772,-99669.16248824033,143718.1630413189,92981.30968500543,-137982.31153970657,-47558.05968756094,149505.64533263483,141760.37803004705,-33888.06243112547,68697.51161525131,26281.76231422369,-101893.78487483296
-8851.122818164904,65580.25722978196,-83582.89993867633,-31117.806983616352,-720.0943696244244,47654.088753249765,-51428.72214796441,57441.854691803834,-21715.285955913998,24924.66970358082,68709.6277391883,53476.95052769408,24475.5208031859,-4924.12699735621,-58541.55574796409,20852.910576010654,-24942.520640340135,69773.51816902743,75212.07557746074,5518.303099865745,60474.425768116904,-11297.973659505822,50138.51142684051,-54525.449015566955,25529.04281362967,-46879.25198952383,37425.05293781117,16448.18476768021,866.0259136743867,24781.283309483984,-31955.3282051043,11834.914698800514,30517.09808610963,12274.191984438885,3304.0182102253925,-10181.920636720113,-41327.59940847745,24710.163465094964,-51534.266586160615,-78253.47953977471,48464.076283360424,-63809.66584586586,-9754.985479941664,-26761.258606299172,100951.14622302617,-40087.646197548645,57804.47903230709,37397.74503699283,-55497.47897346969,-19128.192113528352,60132.23643256479,57017.03729806916,-13630.022887886886,27630.634458562683,10570.709382837187,-40982.411661865706
-2382.4667594056586,17654.538745830898,-22501.89266447048,-8377.251292597031,-193.95689537731977,12829.5731182578,-13844.480880595229,15463.68859638371,-5845.890090993728,6708.686663034287,18497.813597389802,14396.432227097568,6588.3954292767585,-1325.4634408851011,-15760.670670510997,5613.709215904078,-6714.307386794179,18783.795731822353,20247.124005356392,1485.3174753196563,16280.605881304366,-3041.6827182488137,13498.52093160138,-14679.035344876278,6873.460157929776,-12620.579002128088,10075.085294830504,4427.730478984341,232.84588656507842,6672.07782122334,-8601.917522738006,3185.5257053278433,8214.706140627959,3304.0182102253925,889.9021318803989,-2740.082813478651,-11124.982870607322,6652.420438991461,-13873.575883256102,-21065.802899660845,13046.285747199694,-17177.93579882029,-2626.1732112960494,-7204.377805435259,27176.112740540226,-10791.558989994273,15561.98415703374,10067.5160886843,-14940.96227346432,-5149.496098741762,16187.759915330927,15349.38207918761,-3669.4795898268667,7438.7565090371345,2845.402686102353,-11033.0375596745
7342.515455936638,-54399.429196097684,69331.43542947981,25812.253249277634,597.1772912467233,-39528.298066246956,42661.15844841058,-47648.47914745364,18012.995207022675,-20676.89489261862,-56994.08732049224,-44359.38957542266,-20303.43737365005,4084.803053926266,48559.35903086226,-17297.682465360238,20690.54329622259,-57877.19514502347,-62389.60806410197,-4577.821513352116,-50163.26593590615,9371.473837873422,-41588.96677201848,45228.64246477112,-21175.280024671374,38886.13844823623,-31044.326574855873,-13644.212005073026,-718.7926901576807,-20555.122746976715,26508.120603012456,-9817.872824750577,-25315.1416754076,-10181.920636720113,-2740.082813478651,8447.336702042536,34282.5029055109,-20496.855586240243,42747.738905937695,64912.59808333702,-40202.095801134004,52930.63724280943,8091.734667510189,22198.553540559617,-83740.54709685227,33253.41300927956,-47948.319228781686,-31021.98408939587,46034.59264541887,15866.884787146468,-49880.450271948284,-47296.00887480081,11305.93397006731,-22919.227794554605,-8768.907812080137,33994.77157515495
29801.95971719206,-220811.49786009672,281427.61528468,104775.05782456962,2424.638241492085,-160453.7408460094,173162.49178631944,-193409.17626570084,73116.29751586498,-83921.85643602679,-231348.62200010172,-180059.23229628624,-82409.85299348766,16579.677859386244,197112.36799043714,-70212.631091277,83982.35435539373,-234930.5822803931,-253242.06893607537,-18580.245116210575,-203620.2286097402,38040.85644630583,-168818.95900249475,183589.7359272804,-85957.80590538881,157844.6378530557,-126011.76912334246,-55381.63468789942,-2915.804721507809,-83440.02866826757,107594.6420289674,-39848.42002839108,-102752.0447507459,-41327.59940847745,-11124.982870607322,34282.5029055109,139151.47639011432,-83200.31847847182,173518.19317562503,263482.56483222125,-163180.35689898697,214849.86558536527,32845.48771467515,90106.34227225308,-339906.5594598895,134976.68370601998,-194630.47334178956,-125919.71725502808,186862.72315862557,64405.47446407432,-202467.71217370336,-191978.8253818634,45892.96349001168,-93033.73063835483,-35591.88734386872,137989.687679022
