V1,V2,V3,V4,V5,V6,V7,V8,V9,V10,V11,V12,V13,V14,V15,V16,V17,V18,V19,V20,V21,V22,V23,V24,V25,V26,V27,V28,V29,V30,V31,V32,V33,V34,V35,V36,V37,V38,V39,V40,V41,V42,V43,V44,V45,V46,V47,V48,V49,V50,V51,V52,V53,V54,V55,V56
3.787020504963414,1.3796821762938378,1.7949456809019377,3.4068349401857354,0.08513585159922525,-7.066423697173945,-3.712552653216744,-0.13116487960436019,5.037065177866586,0.6534118311974331,3.0822987565619977,-2.4902209333458103,5.297321435226935,-1.303592925760812,-2.508024019505335,0.4497148709018609,-4.22357791495675,0.13242245446903408,0.8938904308812096,2.13791028882514,-1.5394344982307715,0.6207607962617582,-1.5372599193037861,-0.6242825819130102,0.12020591084231169,-3.443392426817186,1.4134298977208728,3.9870877747969047,-2.474905403352804,2.1060518611239623,4.725270891982158,1.633462317267124,-1.153784162449767,-2.9100989044114995,3.0046666321418245,3.996339656837044,2.1225013563932693,-0.8404120223865337,-6.184651855897242,-5.008750132419545,0.5065786417936659,-2.290056100760288,-2.76825590577469,0.7606445005724775,-1.3752055667391647,0.24295366760230042,2.1925294375649536,-1.7304935935841197,1.5541740316179473,2.5498692939345875,3.2648354281179963,1.276350130501368,3.485436429184716,1.456824306526681,1.639940911534871,3.643145423628463
1.3796821762938378,0.8005041066520169,0.5631890650770264,0.7461020793119916,-0.07182426574568146,-2.7110308403184398,-0.8053256012383421,0.32155919117790044,1.8437038253688187,0.19231174429918324,0.514730975326185,-0.3635605554899415,1.9116251696862132,-0.7202236641613247,-0.817087017760733,-0.3750048216277725,-1.529065355649065,0.2081372889670361,0.5892607726795859,0.48332712235060393,-0.7443102319191023,0.4658927817794438,-0.6070864594606293,0.3023208603229746,-0.17553963826666022,-0.6398138393105922,0.24983164282116557,1.4749304734344635,-0.9349386680552269,0.6114187191906222,2.0663818095349966,0.8795004736953774,-0.65774366220979,-1.40682395951423,0.8803957329653249,1.6977568202603848,1.3279535055132958,0.09598163448675048,-2.109642994274463,-1.9766813137163648,0.507940235348738,-1.1542794763403175,-0.9117249425723558,0.2588972174176304,-0.5918131824984129,-0.32255822339446727,1.065655715427696,-0.24129247451838323,0.45610607301405615,0.5642812490732785,1.1632790201299552,0.2746866766116303,1.2830818914079367,0.39751698924718337,0.844048437814694,1.1237754792263788
1.7949456809019377,0.5631890650770264,1.0686447805826784,1.781922525013448,0.03716911547227002,-3.4744556546019534,-2.0081429330648466,-0.28984568002001065,2.6371594990359126,0.3238912511312902,1.8154808208137985,-1.366775417740689,2.7834621196471243,-0.5491521291725133,-1.3112341353014199,0.33415994996668685,-2.0790174784850954,-0.018893085684205547,0.4592729188615471,1.3414284940580954,-0.6969117556911064,0.31791661068208965,-0.8051478969292696,-0.46520759610675905,0.027859990505980207,-1.9523860221316671,0.7388107883839625,2.0796767093611113,-1.1795429628165897,1.1259474457796717,2.257431411165083,0.6398473751489204,-0.47992545039924017,-1.2769689968505866,1.5965730687348807,1.9405241335421906,0.8616788334366144,-0.636046366097066,-3.1167263642614227,-2.5314349252139445,-0.029453835417503484,-0.9904083501771214,-1.5481469736449687,0.40299881099998947,-0.6744706788401219,0.45670864245679754,0.906270179827791,-0.91691129455029,0.8921839403439319,1.3495979283895603,1.603257329416745,0.8319842930032953,1.838532616493603,0.7601984581945403,0.7955884700057558,1.933233621162618
3.4068349401857354,0.7461020793119916,1.781922525013448,4.160877869425951,0.26061205188847253,-6.097101180126759,-4.4327507857759665,-0.8149441789516427,4.5549921097123285,0.6023099358737588,4.315832040118014,-3.271112306855173,4.690478372907844,-0.448012078118608,-2.4320995942902366,1.5999347011734721,-3.720578318779141,-0.34457745104999227,0.35501658984728496,2.5729749110051823,-1.030800544764786,-0.10782207057915225,-1.1827218914567479,-1.7863479256172434,0.6066369154230915,-4.308422663815907,1.7772394245647751,3.569191931612533,-1.9554063418504641,2.2688518909088873,3.2175549464720197,0.6161067199804467,-0.38709449728403206,-1.7050961421326736,3.086512003944892,3.0083664356139477,0.6196229194805589,-1.6742616582491932,-5.8984168964551476,-4.187797695146342,-0.3160328799526185,-1.3462074532783936,-2.5907993436598202,0.7830990273713377,-1.079580294756582,1.0861023631753857,1.4742820373229568,-2.391082975161771,1.6601279551020354,3.1779613202524333,2.974664256063657,1.4972840441248163,3.0928419468651454,1.5565197780188227,0.9442157372412326,3.6991044349463404
0.08513585159922525,-0.07182426574568146,0.03716911547227002,0.26061205188847253,0.060097777871722075,-0.0901092330639451,-0.24287451446179656,-0.09785715385762916,0.05846635717789673,0.0476986455080051,0.23455392003124373,-0.2510481272797379,0.06281583499792476,0.028611607409054957,-0.08705871421173347,0.21886738513143975,-0.0928494729199868,-0.05831371925309857,-0.10852952365029309,0.11546993383704958,0.039003957740271086,-0.0484920441063164,-0.003972430977224594,-0.2175517310728004,0.11828340500719906,-0.30056146726874194,0.13944753412189642,0.03248017651142051,-0.005047823895304599,0.09503760318486992,-0.07564838354090504,-0.07801746689143473,0.054493411430175005,0.08713232877817365,0.07778112883301223,-0.01979397284906333,-0.12426310531262792,-0.1256170733725034,-0.1388846492153195,0.010831409678542573,-0.08261701564165833,0.07282558905149043,-0.058684458249021,0.028110539839900195,0.0156105440449422,0.10024783356340167,-0.04350239335858519,-0.19327179238751835,0.05868754306751862,0.19310624404107182,0.07488656065325029,0.07524946990804686,0.02556028933272672,0.08106959899936768,-0.07044527427721138,0.09672259155206558
-7.066423697173945,-2.7110308403184398,-3.4744556546019534,-6.097101180126759,-0.0901092330639451,13.461872052255465,6.6779433396450685,0.17765775435318676,-9.626365891939223,-1.2136318155810462,-5.567389126164119,4.370152155479335,-10.091924919148886,2.59142169849062,4.739381897927042,-0.5312969681952309,7.980374811243037,-0.24951634584735133,-1.8970239814154297,-4.061144578785538,2.9689251163737698,-1.4803611781616162,2.9551365083753454,0.8769397510913535,-0.07162777603358841,6.26891724699456,-2.49802706567223,-7.589306947986994,4.630548449715914,-3.931018640483028,-9.102846726384595,-3.1429934338963474,2.282910879572276,5.552925399398356,-5.536866382037897,-7.66614194576675,-4.287956103815249,1.4756404777641765,11.552267450174087,9.5852762512288745,-0.9477696600095012,4.3466982169432296,5.323720771889994,-1.4199476849631307,2.683250149496556,-0.4576832241599693,-4.16923627072178,3.032933636723507,-2.9732307243073435,-4.577663764430524,-6.14547508532915,-2.4654272332638585,-6.684556315681301,-2.6906434516003923,-3.2513493665041198,-6.767829657467046
-3.712552653216744,-0.8053256012383421,-2.0081429330648466,-4.4327507857759665,-0.24287451446179656,6.6779433396450685,4.861617848140474,0.9188550705947295,-5.052896503200684,-0.6664176397803485,-4.549215920025789,3.5418179924602424,-5.307015621498499,0.6016788033684539,2.6466584152170682,-1.5805646845730064,4.105150256049857,0.24687882527200955,-0.4422354531250118,-2.805429486998194,1.1722664506890101,0.08032998773028042,1.4040165659631394,1.789788034509309,-0.49596270830104605,4.62221145943597,-1.890583984714357,-3.9994568886657973,2.3205293832676848,-2.4383071925121382,-3.8387154200575275,-0.8919355759619106,0.5518010675689892,2.1001470875012185,-3.4857515922122095,-3.434925950673688,-0.8116956986430869,1.772720547361403,6.508930157612215,4.729555422218903,0.27153062346101137,1.6409111346429686,2.925426312368453,-0.8392206046800235,1.1735733338019612,-1.1887627666231375,-1.6147029389294099,2.4959334799213964,-1.793932799405463,-3.35528359677104,-3.25699160137866,-1.6515496519910218,-3.4647703286923788,-1.6834075492725402,-1.1434149406658862,-4.1299061346504855
-0.13116487960436019,0.32155919117790044,-0.28984568002001065,-0.8149441789516427,-0.09785715385762916,0.17765775435318676,0.9188550705947295,0.5819285088342244,-0.33322947011838466,-0.03531702693217779,-1.1854822988972298,0.7891759336684048,-0.3210531944836879,-0.41466081237602953,0.25772109760345563,-0.7595130592358137,0.16669824960943042,0.3051137947781056,0.20824027047060062,-0.6332949743488139,-0.17853127225423576,0.327319359745866,-0.01849676640723356,0.7779466840736908,-0.2663519659410935,0.9956660035732406,-0.37616925830052006,-0.2326482026784388,-3.3785499933699684e-4,-0.35200618137172146,0.3315302932300674,0.4537859128668954,-0.3605788080603512,-0.45163662389677817,-0.4715674019401829,0.17309541586454588,0.7712656547600188,0.7150843217402175,0.5248570847747421,0.11481384536310742,0.5637032112839108,-0.4176150583876748,0.3165343363408169,-0.07182218373972118,-0.014273945175136025,-0.7356061159554165,0.2938260869666348,0.5913857844515175,-0.2922374865155684,-0.6385682670866574,-0.18030204606760905,-0.38633870391106656,-0.22652319753153322,-0.23658682054082994,0.24460111075569477,-0.5058019109389287
5.037065177866586,1.8437038253688187,2.6371594990359126,4.5549921097123285,0.05846635717789673,-9.626365891939223,-5.052896503200684,-0.33322947011838466,7.0421111787773,0.8555991069942802,4.360960314430201,-3.3263424675566635,7.393728987810621,-1.7076470418933432,-3.4517427066762054,0.5460522109198342,-5.707692823752837,0.11708561102519185,1.3576607453466096,3.1594755027780073,-2.0821036253335534,0.9260642210436281,-2.1520756033619834,-0.8423063415601193,0.029066986862519833,-4.740912785982304,1.8540638607896756,5.570249377073486,-3.314026961936034,2.9111389123544655,6.437946079227605,2.0977632538275017,-1.52538275339075,-3.864242295159616,4.149173692819915,5.464923618454351,2.8283892870087395,-1.2913079623215638,-8.429869049725056,-6.948771604216988,0.44358792685935405,-3.0412843556323503,-3.9485926278775922,1.058844073907915,-1.9026756001201157,0.6213112398663243,2.8546615644082878,-2.274633619092051,2.2303135599377595,3.4385233147139664,4.409400283293452,1.9140404570511735,4.894024374485305,1.9714826429250871,2.3041981951220643,5.0484445477090025
0.6534118311974331,0.19231174429918324,0.3238912511312902,0.6023099358737588,0.0476986455080051,-1.2136318155810462,-0.6664176397803485,-0.03531702693217779,0.8555991069942802,0.17135326386469688,0.4060165498208151,-0.4994755187254851,0.9598137161065692,-0.35431297587962124,-0.4578486869521523,0.06781156349484314,-0.7750734730329656,0.0740387002377506,0.09131727605988503,0.3693241408904659,-0.2560921221839486,0.1938058622904078,-0.3272289046537242,-0.10223573816271285,0.009602560181563049,-0.6731622598410266,0.28068317359471223,0.6787625895284856,-0.4702694484634862,0.35763526259381784,0.8948175742718529,0.3629221647250859,-0.2744344448696713,-0.5554906729680409,0.49371347271208404,0.7348339793802814,0.4592136635013565,-0.0974106244627882,-1.0431998615593585,-0.8315124640841133,0.11122703123452286,-0.44012463998415974,-0.520096558642136,0.13757814977060578,-0.2003544146864795,0.024500210646120846,0.337972198133807,-0.31021698105951584,0.2617781653971703,0.427900910347708,0.5710079154291218,0.24994366639905632,0.5901320696960515,0.27208191661014247,0.2996820432663088,0.6112032760563193
3.0822987565619977,0.514730975326185,1.8154808208137985,4.315832040118014,0.23455392003124373,-5.567389126164119,-4.549215920025789,-1.1854822988972298,4.360960314430201,0.4060165498208151,5.213444976766112,-3.332553646313564,4.255902417403856,0.3231696315719233,-2.328652747687446,2.1067120877947443,-3.284536019756174,-0.781935059428432,0.33011870778959085,2.884623265015413,-0.7596229058425693,-0.5122075772478866,-0.8352172724194781,-2.292659247442679,0.8359814744882379,-4.487411504788637,1.7859923115172913,3.35653878495972,-1.477690587630705,2.3453493032047112,2.1993465731707498,-0.1991474300401409,0.21696906419539785,-0.830769190532866,3.0995953619004464,2.3397540034642703,-0.3692733600916343,-2.245262628457992,-5.64461143148357,-3.8306887877259306,-0.928998628854062,-0.601006723647491,-2.4629495004169164,0.7514273533421397,-1.0612163457620878,1.6944933387858068,1.1217024958755857,-2.591500565956654,1.7817113202621888,3.395763377797413,2.744029653761676,1.6292363339185374,2.9562207401592815,1.523377851282678,0.5621460465403808,3.679542051107174
-2.4902209333458103,-0.3635605554899415,-1.366775417740689,-3.271112306855173,-0.2510481272797379,4.370152155479335,3.5418179924602424,0.7891759336684048,-3.3263424675566635,-0.4994755187254851,-3.332553646313564,2.707106928486081,-3.5122563124894812,0.31175259218635043,1.8331064718403451,-1.389782852932631,2.7568139805649112,0.24981237181317367,-0.09695077476572568,-2.0179398187969664,0.6676067406447233,0.15625519811035105,0.9097279591849547,1.5279189927171037,-0.5015898613394285,3.4750274506831755,-1.4450317529012429,-2.617104901054875,1.4954087113406656,-1.7162387271115844,-2.316376702126128,-0.42277616516865313,0.2449160927276138,1.1850925694217964,-2.39244237386293,-2.1457039933883286,-0.2627622654794754,1.3717874967067851,4.387108442996225,3.000317441082995,0.3499200289357418,0.9112583022395642,1.9846989819115612,-0.5810940680012119,0.7141297610605841,-0.9770489357173309,-0.9248250960518216,1.9152338380720701,-1.251069050375847,-2.4664027072012407,-2.1869763307587773,-1.2031131204118446,-2.26362369005175,-1.2110250642876406,-0.6028001458812405,-2.825588573616535
5.297321435226935,1.9116251696862132,2.7834621196471243,4.690478372907844,0.06281583499792476,-10.091924919148886,-5.307015621498499,-0.3210531944836879,7.393728987810621,0.9598137161065692,4.255902417403856,-3.5122563124894812,7.905588409358538,-2.026143777141063,-3.6178023840426694,0.41016340179942246,-6.057867168900646,0.308596142950581,1.3962173285890114,3.241445191263074,-2.226969988482654,1.0607324796691957,-2.3984301313391683,-0.7281205835522432,-0.10378580549614724,-4.923417918557365,1.9369449674134902,5.890479226299883,-3.6694817426592317,2.994417753256899,7.092049642552988,2.485204518733663,-1.7933240783473738,-4.339535551518124,4.401075792245097,5.904042834965483,3.2040506192129876,-1.2029502111241253,-8.859307836377546,-7.357947900487983,0.612422574668669,-3.4190348469895504,-4.2076082031939235,1.1042711861199623,-1.9496743401944332,0.5460650493219903,3.0033263328496234,-2.2897642924987442,2.284059634337085,3.49000527465708,4.632447095125948,1.9962824157022911,5.157259637373879,2.064928435999963,2.522808272973566,5.325054675510697
-1.303592925760812,-0.7202236641613247,-0.5491521291725133,-0.448012078118608,0.028611607409054957,2.59142169849062,0.6016788033684539,-0.41466081237602953,-1.7076470418933432,-0.35431297587962124,0.3231696315719233,0.31175259218635043,-2.026143777141063,1.2764707143326675,0.7952727714332488,0.7230752734989587,1.615031987909143,-0.5226674712557716,-0.48122313662094596,-0.2891202456611543,0.7711640864910911,-0.8518225333369457,0.8466501728370444,-0.6529912670392293,0.37610450544832963,0.5181142192425595,-0.21380493341749773,-1.3991596054378463,1.1674219942665505,-0.4484888991296278,-2.5720855173019883,-1.37547298003608,1.0496380748081742,1.8121932007889676,-0.7335990527373817,-1.9289874281016965,-1.8724782360393901,-0.4742814090916782,1.8696409281979596,1.8989148609467048,-0.7753296889740888,1.4600395007237206,0.9933644327388613,-0.224272190214237,0.48042589350221565,0.5673496663119607,-1.0067278105771647,0.023660935093813673,-0.3321280130527203,-0.23726397012884,-1.1116918516032337,-0.2635805349595196,-1.2151478785170815,-0.3748205648451673,-1.0046661962841543,-0.9521297270486464
-2.508024019505335,-0.817087017760733,-1.3112341353014199,-2.4320995942902366,-0.08705871421173347,4.739381897927042,2.6466584152170682,0.25772109760345563,-3.4517427066762054,-0.4578486869521523,-2.328652747687446,1.8331064718403451,-3.6178023840426694,0.7952727714332488,1.7561682965301877,-0.47266460906226204,2.846370262651389,0.015124879255483822,-0.5543304180796191,-1.6436492405285033,0.959041178264511,-0.43437957587221077,1.0316676107451508,0.6075649778513665,-0.14441733476927787,2.579602720839011,-1.0277950552424608,-2.706307992715833,1.5870485435045407,-1.4965973743678824,-3.0218868470126155,-0.9207567700453609,0.676132248887019,1.7570228614481234,-2.063009614558113,-2.605623522557095,-1.2442851985540313,0.746018900000954,4.179889084836576,3.3328310333191573,-0.12203901391014428,1.3601615322901286,1.9672784353581683,-0.5291381308937806,0.91570909410519,-0.40600638582995213,-1.3325888125411534,1.282143493618983,-1.1409932392985962,-1.8318445994663273,-2.198746503886129,-1.0077101801193913,-2.3886079919985956,-1.0315714445939197,-1.0343554555378924,-2.5104924922379457
0.4497148709018609,-0.3750048216277725,0.33415994996668685,1.5999347011734721,0.21886738513143975,-0.5312969681952309,-1.5805646845730064,-0.7595130592358137,0.5460522109198342,0.06781156349484314,2.1067120877947443,-1.389782852932631,0.41016340179942246,0.7230752734989587,-0.47266460906226204,1.4209261516390166,-0.38380384851594745,-0.5609405573342587,-0.40259175490367716,0.9203609495494489,0.23434120575156303,-0.6684943340874271,0.12814306562663713,-1.4367018504381512,0.6569395880657674,-1.7051195149160854,0.7254991863413621,0.36417832918725485,0.07292986613906176,0.6535852604587727,-0.7044170232495732,-0.8223922191257765,0.647502282280653,0.7631276365894458,0.7277017715073205,-0.27184514057273557,-1.2484094991253014,-1.1238907914740486,-1.037001688150128,-0.16636902951350302,-0.7838133862520242,0.6380088961232692,-0.36471674719867947,0.16751485669422486,-0.01736397004221665,0.9579013255058855,-0.2643544754452593,-1.1539957947027444,0.4618061539485634,1.2734930320802471,0.4192804609640693,0.4980548623573675,0.31405556147043967,0.43889304912698446,-0.46351282147208317,0.8245029730299487
-4.22357791495675,-1.529065355649065,-2.0790174784850954,-3.720578318779141,-0.0928494729199868,7.980374811243037,4.105150256049857,0.16669824960943042,-5.707692823752837,-0.7750734730329656,-3.284536019756174,2.7568139805649112,-6.057867168900646,1.615031987909143,2.846370262651389,-0.38380384851594745,4.796474426064375,-0.19742399593406482,-1.0276555578455635,-2.4333682256089584,1.739171252554299,-0.8801964574278033,1.808880214953564,0.5842240405937168,-0.057456226878217956,3.8701047746560326,-1.561574094910837,-4.510520171042373,2.8337568862149483,-2.348022141962114,-5.48266686659172,-1.942529073900489,1.3996522367748676,3.351489260969518,-3.346476435014632,-4.579144049590048,-2.5451238872966417,0.8863932795363674,6.904922264002364,5.672580028424057,-0.574779492028573,2.612611657305952,3.2083999299197163,-0.8451558017412765,1.5486014656924265,-0.2933715123494746,-2.426802073553702,1.8708444193881608,-1.762394129913752,-2.763805862127841,-3.672867812714694,-1.4980864887675043,-3.966407055852719,-1.638420655055358,-1.9137386762391335,-4.068349361109033
0.13242245446903408,0.2081372889670361,-0.018893085684205547,-0.34457745104999227,-0.05831371925309857,-0.24951634584735133,0.24687882527200955,0.3051137947781056,0.11708561102519185,0.0740387002377506,-0.781935059428432,0.24981237181317367,0.308596142950581,-0.5226674712557716,0.015124879255483822,-0.5609405573342587,-0.19742399593406482,0.3860152308688847,0.14003843232924573,-0.2798318664343989,-0.22474455234602178,0.26170795072632297,-0.25980924686388007,0.544020687869197,-0.31732957292160685,0.4024593799891183,-0.14062698940675533,0.16925810645823935,-0.36648971006763437,-0.13956382877557613,0.818287913655415,0.6448678801312427,-0.45925183754808685,-0.7260859518320694,0.007562381862119192,0.49914179669283215,0.7510771540365593,0.47606654400181125,-0.09331412628261374,-0.3090714623908916,0.4683017248245988,-0.6158558689571126,-0.06714758778146883,-7.318758549180255e-4,-0.021503557409020713,-0.4571669800749901,0.26592706753018236,0.3388833259854561,-0.13091671309798514,-0.3285110716502896,0.07645174816000566,-0.1411227884102275,0.10812767992775103,-0.05702457645247517,0.3435905881326625,-0.0011304451343617293
0.8938904308812096,0.5892607726795859,0.4592729188615471,0.35501658984728496,-0.10852952365029309,-1.8970239814154297,-0.4422354531250118,0.20824027047060062,1.3576607453466096,0.09131727605988503,0.33011870778959085,-0.09695077476572568,1.3962173285890114,-0.48122313662094596,-0.5543304180796191,-0.40259175490367716,-1.0276555578455635,0.14003843232924573,0.5384146762136521,0.38793598564067655,-0.5384338910206681,0.39714807726298285,-0.4388023821768164,0.33913720524359425,-0.22553043991171964,-0.3191845332523338,0.07767654960536344,1.0843179176134177,-0.6427771302350301,0.4050730390219461,1.5148630764048268,0.6094464207494545,-0.46596671261568556,-0.9966292934879682,0.6210511472133771,1.2161511917571295,0.9650883348052047,0.0611206084649557,-1.4337624737799155,-1.4705380573859932,0.30126448714132037,-0.7962127393442363,-0.6941406050929708,0.16636809124032254,-0.4568061764485304,-0.15265607820707033,0.7339369276202116,-0.041815833047290384,0.3454669676679722,0.2810686618190839,0.7798372159252861,0.2315602714570271,0.9678397110692635,0.23769271542850345,0.6537928150913102,0.7856922833120786
2.13791028882514,0.48332712235060393,1.3414284940580954,2.5729749110051823,0.11546993383704958,-4.061144578785538,-2.805429486998194,-0.6332949743488139,3.1594755027780073,0.3693241408904659,2.884623265015413,-2.0179398187969664,3.241445191263074,-0.2891202456611543,-1.6436492405285033,0.9203609495494489,-2.4333682256089584,-0.2798318664343989,0.38793598564067655,1.8915402490670599,-0.6725573751871237,0.11776192219609773,-0.8265609841503823,-1.0794392856889523,0.2880779367748832,-2.826136164632747,1.0828578076512068,2.4540065576511028,-1.2262276613215122,1.5129238247790615,2.172825439990158,0.32053305317443276,-0.24568276057530486,-1.053692299995285,2.0359335877511313,2.0216918297838324,0.4409055613779353,-1.1747813819040172,-3.8348514860460816,-2.873462269994576,-0.3992155534791821,-0.7928406272440973,-1.8746082224905134,0.5133967598199802,-0.7734192674407029,0.9326699031126546,0.8836547651224552,-1.4528098877503095,1.1960064992363197,1.9859559679177639,1.9281385132291318,1.146620869836504,2.178468640451024,1.0082133902010928,0.6983034880365427,2.4534404670906302
-1.5394344982307715,-0.7443102319191023,-0.6969117556911064,-1.030800544764786,0.039003957740271086,2.9689251163737698,1.1722664506890101,-0.17853127225423576,-2.0821036253335534,-0.2560921221839486,-0.7596229058425693,0.6676067406447233,-2.226969988482654,0.7711640864910911,0.959041178264511,0.23434120575156303,1.739171252554299,-0.22474455234602178,-0.5384338910206681,-0.6725573751871237,0.7652026513201541,-0.43764104354945094,0.7194618132844239,-0.14947179937664828,0.16510018800306536,0.9886733785952571,-0.3925694337433971,-1.67671148600167,1.110079280579955,-0.7391738571147684,-2.289942549473457,-0.9564372458111876,0.6963003488488771,1.519415705534395,-1.1175328325496945,-1.8576306854802522,-1.3069737016438092,0.04188817474796403,2.446871445916082,2.188201457852379,-0.45487096306286806,1.2314055215710153,1.1073413112598578,-0.29858736946936404,0.6020499029281638,0.17966654308459887,-1.0588397320202472,0.41005787993998977,-0.54924683847047,-0.7584559997698709,-1.3164052031244422,-0.40505920377647847,-1.4542772683466363,-0.5045275028853827,-0.8799157447300985,-1.3813784761098258
0.6207607962617582,0.4658927817794438,0.31791661068208965,-0.10782207057915225,-0.0484920441063164,-1.4803611781616162,0.08032998773028042,0.327319359745866,0.9260642210436281,0.1938058622904078,-0.5122075772478866,0.15625519811035105,1.0607324796691957,-0.8518225333369457,-0.43437957587221077,-0.6684943340874271,-0.8801964574278033,0.26170795072632297,0.39714807726298285,0.11776192219609773,-0.43764104354945094,0.8477839004776538,-0.459270370085284,0.6513187591354832,-0.253000447673746,-0.06243168574175315,-0.02075710064271407,0.6975830563280124,-0.5373999546281264,0.17504786263668098,1.489155024677462,0.7825589245544615,-0.6623474560091408,-0.9713652972432282,0.1726483293629256,1.0882562587681446,1.2957660746550161,0.41521332809222583,-0.7698944414149991,-1.0217413916875235,0.44198261540274186,-0.7097440037508016,-0.5793416781686439,0.0727841963902011,-0.3481604767403485,-0.37097469729879534,0.5723245856709965,0.18868484467962804,0.19632073815021334,-0.1351650764531973,0.5684612989937441,0.17794376359078642,0.6838003935716003,0.15339028461093046,0.6245004369648604,0.2924222942384808
-1.5372599193037861,-0.6070864594606293,-0.8051478969292696,-1.1827218914567479,-0.003972430977224594,2.9551365083753454,1.4040165659631394,-0.01849676640723356,-2.1520756033619834,-0.3272289046537242,-0.8352172724194781,0.9097279591849547,-2.3984301313391683,0.8466501728370444,1.0316676107451508,0.12814306562663713,1.808880214953564,-0.25980924686388007,-0.4388023821768164,-0.8265609841503823,0.7194618132844239,-0.459270370085284,0.8223093400383962,-0.018539945555462085,0.18235027331239434,1.2672476628266798,-0.4959908124522038,-1.7455844737477841,1.192992843629255,-0.7920442671190228,-2.368862635857459,-0.9871618220652233,0.728199542868602,1.5338832622385166,-1.2274463213136564,-1.8999074894166115,-1.2611620752632993,0.13370961007607682,2.5294063133078715,2.202354450431877,-0.35013295305663256,1.2386190256666427,1.2525384369597463,-0.32264217811355794,0.5428480770226988,0.015674646069984022,-0.9249046681259436,0.5044413199533736,-0.6010490868201749,-0.8456448789990499,-1.3402147922060152,-0.5372193740488532,-1.509138196266275,-0.56775813984036,-0.8750696290500727,-1.4992464714362412
-0.6242825819130102,0.3023208603229746,-0.46520759610675905,-1.7863479256172434,-0.2175517310728004,0.8769397510913535,1.789788034509309,0.7779466840736908,-0.8423063415601193,-0.10223573816271285,-2.292659247442679,1.5279189927171037,-0.7281205835522432,-0.6529912670392293,0.6075649778513665,-1.4367018504381512,0.5842240405937168,0.544020687869197,0.33913720524359425,-1.0794392856889523,-0.14947179937664828,0.6513187591354832,-0.018539945555462085,1.4961926507819956,-0.623856432481582,1.902551215654277,-0.7925558752681088,-0.6118310022982172,0.03452436310749738,-0.7727023967370799,0.47847059029710315,0.7675494039658437,-0.5892385178503273,-0.6165919850620946,-0.8914367459657748,0.0441811490536981,1.135015641414675,1.179017762701201,1.3680117747159697,0.44020606612504465,0.8056909998708872,-0.48418738546590434,0.53401927730247,-0.2344121557453298,0.07260885009940873,-1.0073387649749679,0.1783129594424956,1.2283765238075408,-0.5583126969854502,-1.4225646684518947,-0.571800079216584,-0.5912454335821626,-0.5121800780940768,-0.5113357365055005,0.3533592123349466,-1.0405780911697784
0.12020591084231169,-0.17553963826666022,0.027859990505980207,0.6066369154230915,0.11828340500719906,-0.07162777603358841,-0.49596270830104605,-0.2663519659410935,0.029066986862519833,0.009602560181563049,0.8359814744882379,-0.5015898613394285,-0.10378580549614724,0.37610450544832963,-0.14441733476927787,0.6569395880657674,-0.057456226878217956,-0.31732957292160685,-0.22553043991171964,0.2880779367748832,0.16510018800306536,-0.253000447673746,0.18235027331239434,-0.623856432481582,0.4086893006409285,-0.6415966863666231,0.2966008025681417,-0.04698056214492587,0.1921902011002911,0.2291040610476943,-0.5681337701278313,-0.48062313161671794,0.36041607827775973,0.5180925792275207,0.1363970030458201,-0.305720522214021,-0.6157603740965036,-0.44360356641504745,-0.20873069386176082,0.15944581489164084,-0.3345048757901652,0.46055658405924343,-0.011538328198380444,0.030885642391891083,-0.004799539931848312,0.342413285611363,-0.13094575545038076,-0.49968750425272335,0.15475101449967596,0.4933470463726316,0.10318144523397196,0.1487541816311971,-0.015462406134229579,0.15881191094165267,-0.31598490850005084,0.15458702334765176
-3.443392426817186,-0.6398138393105922,-1.9523860221316671,-4.308422663815907,-0.30056146726874194,6.26891724699456,4.62221145943597,0.9956660035732406,-4.740912785982304,-0.6731622598410266,-4.487411504788637,3.4750274506831755,-4.923417918557365,0.5181142192425595,2.579602720839011,-1.7051195149160854,3.8701047746560326,0.4024593799891183,-0.3191845332523338,-2.826136164632747,0.9886733785952571,-0.06243168574175315,1.2672476628266798,1.902551215654277,-0.6415966863666231,4.659249376275522,-1.8832698747573153,-3.6818400901153714,1.985502971412423,-2.377167891077327,-3.3027476071519857,-0.5724420672091514,0.3943513828750376,1.639345759366743,-3.175016059243822,-3.072793672466285,-0.6019574572030763,1.8180809702049847,6.017677113750971,4.275958187710384,0.494488970668726,1.2368869387923398,2.81805149516469,-0.7998756017397365,1.1026620909734943,-1.3252641514684773,-1.3621318119205568,2.5090734336868628,-1.7917504323385396,-3.275573364626696,-3.0590098012510585,-1.711250354188949,-3.2368237967849587,-1.6488166776259057,-0.9465881771827322,-3.8113880479736935
1.4134298977208728,0.24983164282116557,0.7388107883839625,1.7772394245647751,0.13944753412189642,-2.49802706567223,-1.890583984714357,-0.37616925830052006,1.8540638607896756,0.28068317359471223,1.7859923115172913,-1.4450317529012429,1.9369449674134902,-0.21380493341749773,-1.0277950552424608,0.7254991863413621,-1.561574094910837,-0.14062698940675533,0.07767654960536344,1.0828578076512068,-0.3925694337433971,-0.02075710064271407,-0.4959908124522038,-0.7925558752681088,0.2966008025681417,-1.8832698747573153,0.7887519030771655,1.445230260364568,-0.8175721838780406,0.9478274226630743,1.315469928751041,0.25558696960626914,-0.1611406793868032,-0.680907349856899,1.2820425342554773,1.2205726321432209,0.22940015406924774,-0.7073579595316611,-2.4249556170815185,-1.6776697351301226,-0.147352727575103,-0.5153832424209085,-1.0888932097257638,0.31785983429341497,-0.42602752901249613,0.4732046982124632,0.568420867941509,-1.042874299034698,0.6912696512676737,1.3413028747305051,1.2345918088925234,0.6476907162873053,1.2602434848677733,0.6700132922418858,0.3512853711757703,1.5263200598722377
3.9870877747969047,1.4749304734344635,2.0796767093611113,3.569191931612533,0.03248017651142051,-7.589306947986994,-3.9994568886657973,-0.2326482026784388,5.570249377073486,0.6787625895284856,3.35653878495972,-2.617104901054875,5.890479226299883,-1.3991596054378463,-2.706307992715833,0.36417832918725485,-4.510520171042373,0.16925810645823935,1.0843179176134177,2.4540065576511028,-1.67671148600167,0.6975830563280124,-1.7455844737477841,-0.6118310022982172,-0.04698056214492587,-3.6818400901153714,1.445230260364568,4.435917353438816,-2.688663265929399,2.274536300367731,5.196794520263569,1.7543022760568565,-1.2632576175160566,-3.174831385982848,3.314371612845683,4.38414920337195,2.3042010043401326,-0.9645670034595119,-6.690522473117448,-5.534522910031542,0.4150650353793258,-2.5257876193235202,-3.1181111725614805,0.844491403261628,-1.4834054800826753,0.43443028390788296,2.2804100795614453,-1.7474130674780584,1.730742503031815,2.684769721908911,3.4784144838230087,1.479723030562728,3.8731122405719933,1.5426971153761322,1.8697349660370322,4.020863550904409
-2.474905403352804,-0.9349386680552269,-1.1795429628165897,-1.9554063418504641,-0.005047823895304599,4.630548449715914,2.3205293832676848,-3.3785499933699684e-4,-3.314026961936034,-0.4702694484634862,-1.477690587630705,1.4954087113406656,-3.6694817426592317,1.1674219942665505,1.5870485435045407,0.07292986613906176,2.8337568862149483,-0.36648971006763437,-0.6427771302350301,-1.2262276613215122,1.110079280579955,-0.5373999546281264,1.192992843629255,0.03452436310749738,0.1921902011002911,1.985502971412423,-0.8175721838780406,-2.688663265929399,1.931718583101925,-1.2496732977702847,-3.6733299944185345,-1.5433049981995464,1.0567365136204256,2.385044896376897,-2.0303248174646495,-2.887462131899911,-1.7829266308184046,0.291891163707313,4.05385069070117,3.453457056896989,-0.6088280402814813,1.8683945695642212,1.8796971846937371,-0.461531536603429,0.8703049800135402,0.0385470255476594,-1.5062454023694734,0.8870111761662334,-0.9101645070031708,-1.3953066144379294,-2.136189844345757,-0.7648665688556402,-2.3349602181567795,-0.9008363366101507,-1.2782996847075878,-2.4064006037480534
2.1060518611239623,0.6114187191906222,1.1259474457796717,2.2688518909088873,0.09503760318486992,-3.931018640483028,-2.4383071925121382,-0.35200618137172146,2.9111389123544655,0.35763526259381784,2.3453493032047112,-1.7162387271115844,2.994417753256899,-0.4484888991296278,-1.4965973743678824,0.6535852604587727,-2.348022141962114,-0.13956382877557613,0.4050730390219461,1.5129238247790615,-0.7391738571147684,0.17504786263668098,-0.7920442671190228,-0.7727023967370799,0.2291040610476943,-2.377167891077327,0.9478274226630743,2.274536300367731,-1.2496732977702847,1.339676287371927,2.272724064638575,0.5502700139242083,-0.3926103486285296,-1.2532596773964244,1.8175555566035317,2.0419886800576834,0.7292303893734103,-0.8436978058471193,-3.5946079327644203,-2.748541242863077,-0.06946356771560326,-0.9754555308712151,-1.6465034914407184,0.4660416873350146,-0.7522549055354363,0.5277284559415186,1.0368660702139314,-1.2475230558776866,1.0152241312462258,1.7359375557569188,1.8518265536302438,0.8995264746496973,1.9994055314490813,0.9054294395965998,0.7519053315344565,2.2034845483553376
4.725270891982158,2.0663818095349966,2.257431411165083,3.2175549464720197,-0.07564838354090504,-9.102846726384595,-3.8387154200575275,0.3315302932300674,6.437946079227605,0.8948175742718529,2.1993465731707498,-2.316376702126128,7.092049642552988,-2.5720855173019883,-3.0218868470126155,-0.7044170232495732,-5.48266686659172,0.818287913655415,1.5148630764048268,2.172825439990158,-2.289942549473457,1.489155024677462,-2.368862635857459,0.47847059029710315,-0.5681337701278313,-3.3027476071519857,1.315469928751041,5.196794520263569,-3.6733299944185345,2.272724064638575,7.3972439999715816,3.1911945033100033,-2.284272183869033,-4.8465031855781255,3.6138686581962616,5.806417358603524,4.0569765066170325,-0.16637830908511717,-7.575627360503898,-6.774390744997088,1.3893828716904337,-3.807705783178862,-3.6186552733226724,0.8698989716095075,-1.7931898265656416,-0.3955749468970756,3.1000380954895497,-1.3071776633121506,1.7081046905317727,2.282401811259643,4.084724898313237,1.3959394038217143,4.549997395076214,1.6228236875363553,2.713863225823607,4.366410729045532
1.633462317267124,0.8795004736953774,0.6398473751489204,0.6161067199804467,-0.07801746689143473,-3.1429934338963474,-0.8919355759619106,0.4537859128668954,2.0977632538275017,0.3629221647250859,-0.1991474300401409,-0.42277616516865313,2.485204518733663,-1.37547298003608,-0.9207567700453609,-0.8223922191257765,-1.942529073900489,0.6448678801312427,0.6094464207494545,0.32053305317443276,-0.9564372458111876,0.7825589245544615,-0.9871618220652233,0.7675494039658437,-0.48062313161671794,-0.5724420672091514,0.25558696960626914,1.7543022760568565,-1.5433049981995464,0.5502700139242083,3.1911945033100033,1.71373070036922,-1.2141433950323557,-2.2788468760027505,1.087969367760035,2.3270813703979787,2.093355018762444,0.47832032335812485,-2.4397023163720934,-2.4241967998836764,0.9892588579910023,-1.813440593702806,-1.1686372553578508,0.24817614700679302,-0.5972894842619297,-0.6615514468595122,1.2804432316716965,-0.05936048139796354,0.3765013857491134,0.3418601462154812,1.3773894414746428,0.2526584954043579,1.5099539806028375,0.4456494132575102,1.1996611613324024,1.3091262221541846
-1.153784162449767,-0.65774366220979,-0.47992545039924017,-0.38709449728403206,0.054493411430175005,2.282910879572276,0.5518010675689892,-0.3605788080603512,-1.52538275339075,-0.2744344448696713,0.21696906419539785,0.2449160927276138,-1.7933240783473738,1.0496380748081742,0.676132248887019,0.647502282280653,1.3996522367748676,-0.45925183754808685,-0.46596671261568556,-0.24568276057530486,0.6963003488488771,-0.6623474560091408,0.728199542868602,-0.5892385178503273,0.36041607827775973,0.3943513828750376,-0.1611406793868032,-1.2632576175160566,1.0567365136204256,-0.3926103486285296,-2.284272183869033,-1.2141433950323557,0.8989526512350069,1.6216301872953394,-0.7063195268883136,-1.6983531548705668,-1.5953177771696727,-0.3874192044558553,1.6989466179388317,1.7307501482788925,-0.6926963153139524,1.3071076420717473,0.8590745094296799,-0.19212504397385122,0.437194207392239,0.4894053856182527,-0.9156987337026967,0.0030100621736459396,-0.2856137872198713,-0.21113373442714928,-0.9802365094805557,-0.20477868672656485,-1.0910914793137707,-0.31394505550601937,-0.8934880339593856,-0.8879031955410176
-2.9100989044114995,-1.40682395951423,-1.2769689968505866,-1.7050961421326736,0.08713232877817365,5.552925399398356,2.1001470875012185,-0.45163662389677817,-3.864242295159616,-0.5554906729680409,-0.830769190532866,1.1850925694217964,-4.339535551518124,1.8121932007889676,1.7570228614481234,0.7631276365894458,3.351489260969518,-0.7260859518320694,-0.9966292934879682,-1.053692299995285,1.519415705534395,-0.9713652972432282,1.5338832622385166,-0.6165919850620946,0.5180925792275207,1.639345759366743,-0.680907349856899,-3.174831385982848,2.385044896376897,-1.2532596773964244,-4.8465031855781255,-2.2788468760027505,1.6216301872953394,3.3343070245233046,-2.1332230433181665,-3.7440615347793655,-2.8675268400985177,-0.22496458856007195,4.56426590194841,4.200928414036618,-1.1629808321372612,2.6777223945933475,2.118260423115757,-0.5246005275646259,1.0795114197636693,0.5963059543324437,-2.061371146652327,0.5629004661730773,-0.9051568171740844,-1.1694579801101845,-2.468468688110229,-0.6757546094411263,-2.734521655291376,-0.9119568088675907,-1.8183073277770088,-2.57802012992761
3.0046666321418245,0.8803957329653249,1.5965730687348807,3.086512003944892,0.07778112883301223,-5.536866382037897,-3.4857515922122095,-0.4715674019401829,4.149173692819915,0.49371347271208404,3.0995953619004464,-2.39244237386293,4.401075792245097,-0.7335990527373817,-2.063009614558113,0.7277017715073205,-3.346476435014632,0.007562381862119192,0.6210511472133771,2.0359335877511313,-1.1175328325496945,0.1726483293629256,-1.2274463213136564,-0.8914367459657748,0.1363970030458201,-3.175016059243822,1.2820425342554773,3.314371612845683,-2.0303248174646495,1.8175555566035317,3.6138686581962616,1.087969367760035,-0.7063195268883136,-2.1332230433181665,2.7513818211967425,3.0603327254032076,1.169708353336791,-1.0807852877740414,-5.188865339254861,-4.063078101678741,0.08274966012110785,-1.651131345635492,-2.360771862658705,0.630612442989143,-1.04816185615152,0.6455079622335159,1.5380126429498675,-1.6195474659587312,1.3578912768687565,2.318047442996087,2.619713979137926,1.203062384350054,2.8891183911143132,1.2455289891567876,1.179406814838818,3.2388622891272134
3.996339656837044,1.6977568202603848,1.9405241335421906,3.0083664356139477,-0.01979397284906333,-7.66614194576675,-3.434925950673688,0.17309541586454588,5.464923618454351,0.7348339793802814,2.3397540034642703,-2.1457039933883286,5.904042834965483,-1.9289874281016965,-2.605623522557095,-0.27184514057273557,-4.579144049590048,0.49914179669283215,1.2161511917571295,2.0216918297838324,-1.8576306854802522,1.0882562587681446,-1.8999074894166115,0.0441811490536981,-0.305720522214021,-3.072793672466285,1.2205726321432209,4.38414920337195,-2.887462131899911,2.0419886800576834,5.806417358603524,2.3270813703979787,-1.6983531548705668,-3.7440615347793655,3.0603327254032076,4.723041530355957,3.0933525616471766,-0.37684520749497963,-6.460771045652536,-5.612960831450232,0.9224690271665708,-2.991321782328685,-3.037128882543638,0.7949672971625604,-1.5028472681726979,-0.1341746713099616,2.5284975837745742,-1.3214183725088287,1.5370620253497622,2.2006854935677373,3.452658525867158,1.2591307561060268,3.820902696783889,1.4237601884732667,2.1506760156779126,3.745619516009113
