V1,V2,V3,V4,V5,V6,V7,V8,V9,V10,V11,V12,V13,V14,V15,V16,V17,V18,V19,V20,V21,V22,V23,V24,V25,V26,V27,V28,V29,V30,V31,V32,V33,V34,V35,V36,V37,V38,V39,V40,V41,V42,V43,V44,V45,V46,V47,V48,V49,V50,V51,V52,V53,V54,V55,V56
3.039559421346609,0.6206776900532565,2.113882871473205,4.245930446122164,-0.162877698246515,-2.884288659424339,1.2079881219476711,-4.373931569087324,-1.6767788445234826,-0.8444682193419808,3.864510404935737,-0.13735633756287718,0.8741959813701988,2.974235704939914,-1.4738367669261616,2.7393669203006596,-3.1724041035370187,1.098258783422407,-2.8857910376851015,-0.17090197593143922,2.600823642578751,-0.5388384460064567,-2.500949446477993,2.909745129606093,-2.25167113376167,-4.031963026883059,-1.8900693616657676,3.321782262086149,1.4764612833635138,-1.1272366556056246,3.9317167018995356,5.480178398233021,2.289194161928275,-7.100453383566241,-0.9928886307930774,-1.6278060742510265,3.599406605617121,-6.763981099783197,-8.816761759471792,1.7408933220655411,-4.676719314730799,-1.6647097013367897,0.942853226532821,-0.6402416076571089,5.27135579397455,1.0227268284638968,1.5666728459122155,-5.572116275684299,-2.9759374949576496,5.862471292852003,-4.3469537950111565,-1.7375564692448608,1.5173955481703956,-2.114777220701071,1.051333442088015,-1.1462718982264912
0.6206776900532565,0.14097280616801502,0.43304379967891665,1.0114167018022524,-0.050863458921862545,-0.5997692387641602,0.3924966546715909,-0.9365079168409063,-0.5123770837039135,-0.19514111376049492,0.8432514815867894,-0.1215423933909037,0.22707436820577848,0.7463701501531181,-0.3855690076200885,0.7000333242303151,-0.7188297555282929,0.19460302940231253,-0.7263658857497739,-0.0422776170323971,0.5781383294281736,0.04809541794674682,-0.5450243017235795,0.7054954452616453,-0.36661309218821314,-0.9472965462406666,-0.4244550712645785,0.708773324496985,0.21024120080886546,-0.23810098781695566,0.7540043281471944,1.2537288958686064,0.5801735311185032,-1.7289907018327464,-0.23076512902878685,-0.3892375398903487,0.8304405319613855,-1.5054662299825545,-1.928662734578945,0.4480323551260415,-0.981039874098084,-0.5461312441112894,0.252233528687698,-0.15690520964624097,1.2915393031225,0.16034508609855613,0.31371903751093744,-1.3332428740119204,-0.727907236850953,1.2402215683660882,-0.9393447258846355,-0.3778161885059979,0.28217153042007875,-0.4445128189955198,0.3661525096223718,-0.38920709670658
2.113882871473205,0.43304379967891665,1.4702523113684507,2.9669284458287826,-0.11499119020114894,-2.0069513387770455,0.8543044184508192,-3.0461029078016617,-1.1826825986171827,-0.5895063557598437,2.6928742711958797,-0.1046302291096461,0.612693599775347,2.081983280099704,-1.0332310681334183,1.9188143708600947,-2.2131899848927645,0.760903002267955,-2.020292340943206,-0.11957449144527757,1.8133424735659833,-0.3593452110599499,-1.7426477633487414,2.034442132227351,-1.5568689740283224,-2.8161286472061815,-1.318216263474456,2.3131306270893934,1.0179269310775034,-0.7847174489138655,2.7295804437816953,3.824341440721168,1.6030113358927602,-4.9652312763541815,-0.6932341477781686,-1.137606824838425,2.512530230382372,-4.716157449195825,-6.144176890284615,1.219729580915753,-3.254996363499806,-1.1778160759018124,0.6615347353699622,-0.4478079127891827,3.686950495318358,0.7065374802499395,1.0889461464158883,-3.8941982582266386,-2.0813450922431147,4.081296860882713,-3.0281582185933273,-1.2106317211078061,1.0525881486250217,-1.4719703527345471,0.745908990889412,-0.8122938444861649
4.245930446122164,1.0114167018022524,2.9669284458287826,7.397193374122817,-0.40620707750281965,-4.138725124015006,3.167987599321332,-6.550076496878952,-4.06804945463765,-1.4099609615200548,5.947690970309819,-1.141115791138909,1.7142674530756923,5.566494268902694,-2.9178281217575015,5.254556082041092,-5.152604786824119,1.2329658176241183,-5.423034568033307,-0.31358093628634326,4.110737890784129,0.852842604082902,-3.8421374518562517,5.194886370120561,-2.199324519136198,-6.89090594691554,-3.0310464037893095,4.949345547628182,1.1361745139135073,-1.655058888350548,4.996206512371375,9.022654839759177,4.342243755794634,-12.752185597423411,-1.6715098540422115,-2.8508764101475648,5.996848566213849,-10.710282627333909,-13.618437508198653,3.3714453035784904,-6.797304435108472,-4.4189411414180535,1.9229693631489384,-1.160106614990916,9.547745005212464,0.9362459653515406,2.1256115132218523,-9.767666865369623,-5.377685805117517,8.6268134491752,-6.597077467220677,-2.660901988486895,1.8386079518198877,-3.0829026102851143,3.006411612775036,-3.176256545164295
-0.162877698246515,-0.050863458921862545,-0.11499119020114894,-0.40620707750281965,0.030508649654197507,0.16792365908172172,-0.2451801734904661,0.28802830228153325,0.30018812706315934,0.0733319532939613,-0.2740465332978391,0.1230528517858487,-0.10694160739339845,-0.33143495543188584,0.18367683426973314,-0.3208357605893438,0.2578843988017744,-0.022145069463336813,0.32427825577781655,0.018284620964741916,-0.19758695774902288,-0.16680178527510628,0.1765003182065517,-0.2936797896023,0.005358132892379991,0.36946398506074657,0.14891980118596987,-0.2156912552614527,0.0337866020315856,0.07020564057179991,-0.15023539299939512,-0.4603192508794793,-0.26215502720961775,0.7258363804102084,0.0878805973164008,0.1575571252939797,-0.31097017255914555,0.5162284368704001,0.631191039312925,-0.2078047222675691,0.2828406743212865,0.3443610982031934,-0.1243848434057799,0.0666940545019558,-0.5486814072244713,0.005208274650799109,-0.07628726964487462,0.5404001193548515,0.30823577183381934,-0.3674820018151977,0.29690642143148277,0.12158817285002652,-0.04705975817051387,0.12901395554175665,-0.24376655608451167,0.2533923505718998
-2.884288659424339,-0.5997692387641602,-2.0069513387770455,-4.138725124015006,0.16792365908172172,2.745170270331725,-1.2570420761542962,4.183434817332167,1.7202330389100278,0.8185433883448346,-3.708189113035009,0.20135215101623777,-0.8664316771956233,-2.92794396643647,1.4628139023363795,-2.7062547989890673,3.064296350342381,-1.0196170243613092,2.8425120445324703,0.16776381180675737,-2.5036926378241122,0.39119699367783806,2.399282935579715,-2.845663353309308,2.065880535405191,3.9201726381242543,1.8227497639219001,-3.1752169263509686,-1.331769748853895,1.075676691171158,-3.6937668683371045,-5.302539182877279,-2.257876364132308,6.94974524829068,0.9634621160140137,1.5878101530783417,-3.488000064005822,6.512865510637902,8.463809510717434,-1.7222668782419084,4.457588034992241,1.7362952285675197,-0.9399926168937923,0.6274249705570901,-5.165493490735528,-0.9336320983321079,-1.4819314667654937,5.435896276901651,2.91523957398012,-5.5957270535647465,4.164166391426198,1.6662987751100167,-1.418864550525485,2.01639314159053,-1.1126651800327356,1.2055428575443057
1.2079881219476711,0.3924966546715909,0.8543044184508192,3.167987599321332,-0.2451801734904661,-1.2570420761542962,1.9752952317053032,-2.1828315379113716,-2.4092320885170864,-0.5682163590070195,2.090654977823282,-1.0132207855117865,0.8454096786552024,2.607832184079645,-1.4532720938069286,2.530768391369899,-1.9890049495441322,0.13231534749614207,-2.5525500426940115,-0.14352539038674741,1.51602838356685,1.4072938225583524,-1.3459601446028007,2.2978879247576307,0.060537581509174536,-2.873558239921141,-1.1458336632701092,1.6323705425071025,-0.34869621606565493,-0.5291962428750165,1.061684732685189,3.558918982761816,2.065589288039156,-5.683574376285767,-0.6819873319403913,-1.229643775090892,2.408946184416573,-3.9623775555406993,-4.819220178426532,1.6407698100877002,-2.125689987345835,-2.7758186758393104,0.9866248598300086,-0.5228182071745352,4.300813473172096,-0.09080352074648934,0.5591546673308871,-4.218144914580635,-2.4153960700777413,2.7717867155206575,-2.257600971599849,-0.9265972629404903,0.3192423650523767,-0.9705014986537498,1.9708554739242277,-2.046176228671069
-4.373931569087324,-0.9365079168409063,-3.0461029078016617,-6.550076496878952,0.28802830228153325,4.183434817332167,-2.1828315379113716,6.426265994761661,2.9310436614395825,1.284331196439584,-5.725972800712446,0.4826589436141607,-1.40602195463542,-4.703851416246081,2.3787756435128333,-4.370688547312419,4.78159584809505,-1.489964172713551,4.570576467374818,0.2684050019582669,-3.886005371549663,0.2933230287855272,3.703538894834644,-4.526502391293983,2.9561092256726496,6.179940189908342,2.8371437971808113,-4.8728654757272,-1.8465219099733907,1.6462372701265453,-5.508839754379546,-8.296559874658083,-3.6377822288846278,11.068383374588182,1.5142210850830748,2.515653270549435,-5.4704396185310324,10.112225690318553,13.078359149437796,-2.7872690519560077,6.809195840890118,3.0240902670094143,-1.5386779393995398,1.0010971351314897,-8.241313891141685,-1.3238574668365275,-2.2355662613109586,8.613978378446781,4.648865894544036,-8.567483618007133,6.41284914664115,2.570544290004016,-2.0991656332142234,3.0818314822402737,-1.9745882223303433,2.122383375743015
-1.6767788445234826,-0.5123770837039135,-1.1826825986171827,-4.06804945463765,0.30018812706315934,1.7202330389100278,-2.4092320885170864,2.9310436614395825,2.9564849046386636,0.7369843361936576,-2.7785672793569915,1.1931695644979343,-1.0627104568000627,-3.302674227897308,1.8242601662126783,-3.1920958377881536,2.5988934716231893,-0.25132536070379413,3.2304251682049,0.18240309266426286,-1.9970447958043833,-1.592718088611438,1.7899853298853028,-2.9357019739240218,0.12851451465842503,3.7059294888394145,1.5027088237243675,-2.1964044160672054,0.2759061114653873,0.7165035621230827,-1.5851185951555322,-4.632835060906144,-2.6100701892695493,7.252608715595588,0.8827097747314202,1.577208369698128,-3.126130994410336,5.216616422848101,6.396861135765437,-2.0664218815308435,2.891209110970392,3.382717736040341,-1.233385068586132,0.6660110308837861,-5.479136335960854,0.015425501160412457,-0.7902653433269169,5.409368301925619,3.0785297877219033,-3.7491437062532595,3.0158185393152466,1.2336699089587,-0.506268106500542,1.3182035171929336,-2.390207898171964,2.486398983464614
-0.8444682193419808,-0.19514111376049492,-0.5895063557598437,-1.4099609615200548,0.0733319532939613,0.8185433883448346,-0.5682163590070195,1.284331196439584,0.7369843361936576,0.2708412958838285,-1.1600009419371222,0.18729748343648753,-0.32034001705796883,-1.0480658505084794,0.5444344364838144,-0.9854270200206365,0.9946708361408877,-0.2578182111287942,1.0204108031235293,0.05925221759777359,-0.7976329957750263,-0.1025203668391938,0.7495780633460817,-0.9859746895871561,0.47694942708213167,1.3179107234728302,0.5865353423806391,-0.9714818272757305,-0.2646299254028148,0.32580934724576344,-1.014407458490019,-1.7373567917469326,-0.815799804574885,2.4178238789874653,0.3205310245319824,0.5429192151054072,-1.15226354486695,2.07740498458961,2.654149670725595,-0.6312690058499053,1.3408833153606383,0.7914035750043045,-0.3571947686734404,0.21961724735014873,-1.8076581156706282,-0.2067999104553624,-0.42539131533034147,1.8597943317077041,1.018555420495408,-1.6975094584594648,1.2901622411884168,0.5194179951926134,-0.37740975176989555,0.6077584863063923,-0.5337048473977628,0.5659277191716471
3.864510404935737,0.8432514815867894,2.6928742711958797,5.947690970309819,-0.2740465332978391,-3.708189113035009,2.090654977823282,-5.725972800712446,-2.7785672793569915,-1.1600009419371222,5.119253752760673,-0.5303513496008688,1.29624028120279,4.31046811884028,-2.195754975536827,4.017956852575171,-4.303635197558601,1.2834775370166438,-4.190589347013443,-0.24533945013177602,3.4857076296543634,-0.08344534164422604,-3.310332569274802,4.123016013074031,-2.5082888596337454,-5.597910739815822,-2.5495153698254907,4.339209854335016,1.5300465464991133,-1.4633154663388155,4.812944041594423,7.47994376692606,3.339368591921428,-10.089366240523388,-1.368977146443508,-2.2858383850349493,4.939397113959726,-9.07255141632508,-11.697729243281822,2.565469407738189,-6.0451149953558385,-2.9010289574861976,1.4258332224470416,-0.9135906033781404,7.520515225487637,1.1158009589896103,1.9683277012209386,-7.827904447666907,-4.2410264720567525,7.617561828750385,-5.723426415060395,-2.2966927487359334,1.823904503757335,-2.7369935129440215,1.91294975418274,-2.04760192631397
-0.13735633756287718,-0.1215423933909037,-0.1046302291096461,-1.141115791138909,0.1230528517858487,0.20135215101623777,-1.0132207855117865,0.4826589436141607,1.1931695644979343,0.18729748343648753,-0.5303513496008688,0.6208206178480229,-0.35878110334125607,-1.048528350853195,0.6228100098964621,-1.048360873880726,0.6102502618126924,0.14537450818486689,1.0316314508608881,0.05619405256268836,-0.4268167941892346,-1.0152085175735006,0.33871156275136904,-0.8633361149328275,-0.5107835710372514,0.9971844826924686,0.33845742046656574,-0.35028982286496047,0.5330435038847343,0.10300748208572785,0.14345182678882304,-1.1330371568084185,-0.8444799356029966,2.1555885770385412,0.22911947881727035,0.44716218587642176,-0.7899849641223952,1.1226058070039309,1.2416787481484468,-0.6870406003936751,0.3825617550184249,1.4307314803051192,-0.4349277928683304,0.20099736127800172,-1.6524581442587207,0.27258890121097246,-0.03010342592238984,1.536419987291134,0.9248040452900915,-0.548248617500851,0.5362589309227225,0.2298548093626586,0.11338899513157015,0.17894354924817552,-1.0432129869323128,1.0716027942991582
0.8741959813701988,0.22707436820577848,0.612693599775347,1.7142674530756923,-0.10694160739339845,-0.8664316771956233,0.8454096786552024,-1.40602195463542,-1.0627104568000627,-0.32034001705796883,1.29624028120279,-0.35878110334125607,0.4172832617468978,1.3302824985867456,-0.7128196272979166,1.2681445201824229,-1.1549413858580995,0.21456464203560474,-1.2981367740750887,-0.0743272554757028,0.9086781886080518,0.38505489582616925,-0.8365321850928809,1.2170352995267877,-0.32940050959410666,-1.582979611886867,-0.6750430173165691,1.059347542098235,0.11308848755933677,-0.35125111069877546,0.9639703865009357,2.0360747480460297,1.0433364337981381,-2.995230949769402,-0.3812781675306125,-0.6622402047319579,1.361086256504715,-2.3697501850478804,-2.973803165183254,0.8167258476928556,-1.4339951912264155,-1.1829316322092287,0.4749575516148722,-0.27352591864886516,2.2507412347279794,0.12853088948890862,0.4294480258834434,-2.2699003553498818,-1.2664525940739464,1.8332605766169796,-1.4267401519463336,-0.578351954892542,0.3418888651415148,-0.6515418775309652,0.8196099316717146,-0.8594330305246448
2.974235704939914,0.7463701501531181,2.081983280099704,5.566494268902694,-0.33143495543188584,-2.92794396643647,2.607832184079645,-4.703851416246081,-3.302674227897308,-1.0480658505084794,4.31046811884028,-1.048528350853195,1.3302824985867456,4.270032897532807,-2.269419138685474,4.055601625574896,-3.7986256543903902,0.7846044691270622,-4.164211127963225,-0.23931255451066735,3.0049242276569745,1.0189461491499094,-2.782904791676746,3.935725228649034,-1.2922145416872386,-5.157507401082516,-2.225762365367297,3.548063625193189,0.5527359966269002,-1.1804429685082318,3.3696171120612495,6.679290760725582,3.3421620603673996,-9.676792825423343,-1.2456483928612565,-2.1484575274411823,4.455034331955581,-7.833730233714801,-9.881434232499185,2.6083485599135727,-4.830836036451855,-3.64501023563517,1.5060204067177378,-0.8824058274497968,7.2615597672314145,0.5265516476718085,1.4724728769780353,-7.3629965353757205,-4.087452428956412,6.157850598388019,-4.758928949531281,-1.9253769225175956,1.2141717556594271,-2.193347145274136,2.509653333919364,-2.6383959444069194
-1.4738367669261616,-0.3855690076200885,-1.0332310681334183,-2.9178281217575015,0.18367683426973314,1.4628139023363795,-1.4532720938069286,2.3787756435128333,1.8242601662126783,0.5444344364838144,-2.195754975536827,0.6228100098964621,-0.7128196272979166,-2.269419138685474,1.2179952574516708,-2.1649918694141346,1.9607748356229926,-0.35605464618427607,2.2148601367699614,0.1267345107264367,-1.540995553680836,-0.67949599293335206,1.4169229416335216,-2.0731933744819053,0.5374719256899737,2.692578612747282,1.1454668259390617,-1.7918418343230653,-0.17314184409800107,0.59369968278722,-1.6158211028858518,-3.458509365514308,-1.7806085342270268,5.103279533648456,0.6481787198418404,1.1273992652172211,-2.3130146386044035,4.019066574583809,5.038237925826938,-1.3946939111224879,2.4226228926987305,2.0338882707171244,-0.8122185257979175,0.46615580985263966,-3.83586007636774,-0.20739082275608817,-0.7228250782728238,3.864380455006813,2.158208411830437,-3.099027415265723,2.415302713864369,0.9794705186612968,-0.5710958175683973,1.1008761420621758,-1.4108609077655974,1.4787063660406337
2.7393669203006596,0.7000333242303151,1.9188143708600947,5.254556082041092,-0.3208357605893438,-2.7062547989890673,2.530768391369899,-4.370688547312419,-3.1920958377881536,-0.9854270200206365,4.017956852575171,-1.048360873880726,1.2681445201824229,4.055601625574896,-2.1649918694141346,3.859678917374324,-3.561444237998966,0.6964455699810391,-3.956503514546128,-0.2269466278287438,2.8092255316349166,1.0781878077352074,-2.593469659107472,3.723298233936104,-1.1078452136304522,-4.859749374795272,-2.0840731823544094,3.2948664878407974,0.4283942414937669,-1.094233872835885,3.060338121706749,6.270841825684096,3.1778471603461935,-9.159184994561302,-1.1719902032273906,-2.02906320681819,4.187633878973009,-7.324891083476733,-9.214526962787268,2.4841407793855685,-4.4724170227513325,-3.5394044375781597,1.4399339056330276,-0.8358416307091665,6.878218927419279,0.4421311268386763,1.3507172944395582,-6.954274141032724,-3.870920506488284,5.709700366160593,-4.428843952014192,-1.7935979774710202,1.0938130950078915,-2.0313345333404587,2.4453563017104583,-2.5671767729051473
-3.1724041035370187,-0.7188297555282929,-2.2131899848927645,-5.152604786824119,0.2578843988017744,3.064296350342381,-1.9890049495441322,4.78159584809505,2.5988934716231893,0.9946708361408877,-4.303635197558601,0.6102502618126924,-1.1549413858580995,-3.7986256543903902,1.9607748356229926,-3.561444237998966,3.6657340311608904,-0.998122513487433,3.696527121180475,0.21518864472829102,-2.949440668971113,-0.22730244547320277,2.781705748574752,-3.5928560046767872,1.8847792580535931,4.827275090652723,2.164908516262755,-3.61903747423472,-1.085388212180416,1.21606332159016,-3.859607743490061,-6.392274812311213,-2.9521666834304057,8.804511178813911,1.1762394760770343,1.9827578487458022,-4.233269994467716,7.680193425441424,9.84268836963651,-2.2791287547924513,5.011186593323892,2.7671762611796398,-1.2820871731746624,0.7989364446801973,-6.576069012419882,-0.8252423926856384,-1.6042276352808733,6.7915048980692045,3.7063725548844673,-6.333922587178784,4.795094045835253,1.9284514633855032,-1.445488083599417,2.270547757749061,-1.853666110734373,1.9710636894298057
1.098258783422407,0.19460302940231253,0.760903002267955,1.2329658176241183,-0.022145069463336813,-1.0196170243613092,0.13231534749614207,-1.489964172713551,-0.25132536070379413,-0.2578182111287942,1.2834775370166438,0.14537450818486689,0.21456464203560474,0.7846044691270622,-0.35605464618427607,0.6964455699810391,-0.998122513487433,0.4587005853566038,-0.7567524145989313,-0.04637461870747808,0.8416074766588021,-0.5245304088604281,-0.8320310065838837,0.8191514052128672,-1.0079243487925666,-1.198247368403055,-0.6026417673898548,1.1367249303370734,0.7237579459858307,-0.3907732872898936,1.5225010993995134,1.6991856419387765,0.5920190863051126,-1.9834083101740942,-0.30028689653235524,-0.4696300873184822,1.1015153048724917,-2.184760126894156,-2.918138723347098,0.435990723353645,-1.6354819181596159,-0.17141617490644537,0.21621112716672686,-0.17673741324862866,1.4559318928609506,0.4706938350841199,0.5789898295509553,-1.6057437911229735,-0.8245127890194888,2.0283479306325645,-1.4628294591293303,-0.5797884871405883,0.6059956235077857,-0.7376564867227493,0.06395569703986136,-0.09061018543468609
-2.8857910376851015,-0.7263658857497739,-2.020292340943206,-5.423034568033307,0.32427825577781655,2.8425120445324703,-2.5525500426940115,4.570576467374818,3.2304251682049,1.0204108031235293,-4.190589347013443,1.0316314508608881,-1.2981367740750887,-4.164211127963225,2.2148601367699614,-3.956503514546128,3.696527121180475,-0.7567524145989313,4.061300597951039,0.23332829943899033,-2.922761250331604,-1.0127661537641326,2.7053809004659186,-3.835676764182622,1.23957593304274,5.023038970195314,2.1654888061015165,-3.447251100316356,-0.5223325911430055,1.146557979281068,-3.2619437476331132,-6.501221893256861,-3.259985139294288,9.431586780392532,1.212846742515018,2.093271724148043,-4.337169838877066,7.619724451577562,9.607210003285855,-2.544904009230755,4.691185923606471,3.5681113379220313,-1.4704052747302605,0.8601584037666838,-7.078451012274176,-0.503502498584332,-1.427740462307136,7.173897942443147,3.9842636810820964,-5.981336680887849,4.625330522990856,1.871585279382472,-1.1738265789044646,2.130054780938212,-2.4581708312047743,2.583646328633068
-0.17090197593143922,-0.0422776170323971,-0.11957449144527757,-0.31358093628634326,0.018284620964741916,0.16776381180675737,-0.14352539038674741,0.2684050019582669,0.18240309266426286,0.05925221759777359,-0.24533945013177602,0.05619405256268836,-0.0743272554757028,-0.23931255451066735,0.1267345107264367,-0.2269466278287438,0.21518864472829102,-0.04637461870747808,0.23332829943899033,0.013441834445267526,-0.1706291180211115,-0.051686760974989886,0.15841407849626707,-0.2213253156487151,0.07828370465360451,0.2909784350229286,0.126229787880352,-0.20256220431791258,-0.03569065682058563,0.06747778387047212,-0.19573996135171629,-0.3779489998619624,-0.18715039601534417,0.5439247049660425,0.07035701704043903,0.12099495213518267,-0.2518665328276558,0.44473017475997556,0.5622282782753244,-0.14585979122189455,0.27646281033499404,0.20049943425357403,-0.08397618863707766,0.04955745024965633,-0.4079230819582895,-0.03236291610763175,-0.0848758396409498,0.41461253545930415,0.2296489225978039,-0.3519712031432359,0.27120496550343176,0.10962586262375015,-0.07096684386113947,0.12546677231330872,-0.13764464363813875,0.1448833693838673
2.600823642578751,0.5781383294281736,1.8133424735659833,4.110737890784129,-0.19758695774902288,-2.5036926378241122,1.51602838356685,-3.886005371549663,-1.9970447958043833,-0.7976329957750263,3.4857076296543634,-0.4268167941892346,0.9086781886080518,3.0049242276569745,-1.540995553680836,2.8092255316349166,-2.949440668971113,0.8416074766588021,-2.922761250331604,-0.1706291180211115,2.3810589082648748,0.06206404074154285,-2.2535258466297754,2.858027436424334,-1.6184176283233893,-3.860092212755355,-1.7445940372508142,2.9430478881196307,0.9615191346692622,-0.9907278419792278,3.2026094608602222,5.134702470280523,2.331669466973174,-6.998821245296093,-0.9422898882600418,-1.5808540099942037,3.3955556696372287,-6.198749374202402,-7.968473321752494,1.7957484488202684,-4.087841420213867,-2.1065366667933128,1.0041959005960246,-0.6344108407006571,5.222151667186578,0.7146819901303612,1.3200623294229397,-5.414275256211195,-2.9440882900771923,5.158849324794037,-3.8905091526731193,-1.562901397556899,1.2068030154732048,-1.8514781034831935,1.4006443204264325,-1.4940045376369548
-0.5388384460064567,0.04809541794674682,-0.3593452110599499,0.852842604082902,-0.16680178527510628,0.39119699367783806,1.4072938225583524,0.2933230287855272,-1.592718088611438,-0.1025203668391938,-0.08344534164422604,-1.0152085175735006,0.38505489582616925,1.0189461491499094,-0.67949599293335206,1.0781878077352074,-0.22730244547320277,-0.5245304088604281,-1.0127661537641326,-0.051686760974989886,0.06206404074154285,1.8538582908664416,0.06160935273397796,0.7220342513049753,1.4352273457009914,-0.6637200421716841,-0.09291901574702623,-0.25031255930540935,-1.2761719426929112,0.11177097164664689,-1.2401397202895619,0.5260643550539185,0.8475732186960308,-1.8445721209716552,-0.13565573143217902,-0.3433306873162797,0.4229616895270788,-0.18271696475781388,0.1367307921984351,0.7203912624809634,0.539473241345437,-1.997593679276077,0.4964007841386556,-0.17753297736689153,1.4576046686728692,-0.720541082855216,-0.34656075319142843,-1.185008722268634,-0.809195703331914,-0.5600624376925287,0.19584749824713843,0.05202415337338709,-0.5767567840525477,0.2338725642382745,1.4977568325603754,-1.521687047213024
-2.500949446477993,-0.5450243017235795,-1.7426477633487414,-3.8421374518562517,0.1765003182065517,2.399282935579715,-1.3459601446028007,3.703538894834644,1.7899853298853028,0.7495780633460817,-3.310332569274802,0.33871156275136904,-0.8365321850928809,-2.782904791676746,1.4169229416335216,-2.593469659107472,2.781705748574752,-0.8320310065838837,2.7053809004659186,0.15841407849626707,-2.2535258466297754,0.06160935273397796,2.140673480841427,-2.6628866363867316,1.6277410325218256,3.61679039058445,1.6480657151230977,-2.806666214124698,-0.9946075621015046,0.9466131153670099,-3.117093403945182,-4.83422597091336,-2.1556684587678134,6.516017742477508,0.8846150766634513,1.4765448730124304,-3.1919416424699927,5.86541712331033,7.564091607536955,-1.6558234423917846,3.9108697550651033,1.8674937364131263,-0.9198298173536973,0.5899790277420406,-4.856621856061332,-0.7244121381654259,-1.2741032520992381,5.056467126005469,2.7388269332089323,-4.927678883918155,3.7014641172151936,1.4852519071395571,-1.1817024221362038,1.7706616828290906,-1.2306706331515178,1.3176410497295292
2.909745129606093,0.7054954452616453,2.034442132227351,5.194886370120561,-0.2936797896023,-2.845663353309308,2.2978879247576307,-4.526502391293983,-2.9357019739240218,-0.9859746895871561,4.123016013074031,-0.8633361149328275,1.2170352995267877,3.935725228649034,-2.0731933744819053,3.723298233936104,-3.5928560046767872,0.8191514052128672,-3.835676764182622,-0.2213253156487151,2.858027436424334,0.7220342513049753,-2.6628866363867316,3.6569270146578936,-1.4261165784617493,-4.830218577694498,-2.1106496162140362,3.418264741516067,0.6992324257715649,-1.141084685900245,3.381427364711851,6.300406305519791,3.073807331502267,-8.981921756094652,-1.1698959447903303,-2.0031460507611416,4.192664972154452,-7.447883371845714,-9.444298652909726,2.390961630712422,-4.680861978465497,-3.2076714818093564,1.369736336587577,-0.8177771771382063,6.7302480524487045,0.5994253973054959,1.4513034621081402,-6.863793380186233,-3.7899109196971756,5.949460177857181,-4.565931130794439,-1.8435679066356685,1.2359285029427285,-2.123731718566674,2.1920614079959013,-2.311641970541401
-2.25167113376167,-0.36661309218821314,-1.5568689740283224,-2.199324519136198,0.005358132892379991,2.065880535405191,0.060537581509174536,2.9561092256726496,0.12851451465842503,0.47694942708213167,-2.5082888596337454,-0.5107835710372514,-0.32940050959410666,-1.2922145416872386,0.5374719256899737,-1.1078452136304522,1.8847792580535931,-1.0079243487925666,1.23957593304274,0.07828370465360451,-1.6184176283233893,1.4352273457009914,1.6277410325218256,-1.4261165784617493,2.2785044998359454,2.174579529567621,1.1479642908967904,-2.2612504715958326,-1.6915026638790067,0.7831677194462656,-3.2326042762956826,-3.1772522404228396,-0.9572797360038874,3.4313716813646846,0.5518712286882589,0.8335225506032052,-2.041191098417482,4.196490065695946,5.690972857324204,-0.6833144190646804,3.293819750354663,-0.11772554629859669,-0.3074538446580749,0.302812155705807,-2.4954711949538693,-1.0753588103177403,-1.2011333619304085,2.8474789320809837,1.4168922917154432,-4.060486886634643,2.8815199455167675,1.1363182280446515,-1.3054081935407265,1.4835236553974855,0.213527515839148,-0.16721588996488215
-4.031963026883059,-0.9472965462406666,-2.8161286472061815,-6.89090594691554,0.36946398506074657,3.9201726381242543,-2.873558239921141,6.179940189908342,3.7059294888394145,1.3179107234728302,-5.597910739815822,0.9971844826924686,-1.582979611886867,-5.157507401082516,2.692578612747282,-4.859749374795272,4.827275090652723,-1.198247368403055,5.023038970195314,0.2909784350229286,-3.860092212755355,-0.6637200421716841,3.61679039058445,-4.830218577694498,2.174579529567621,6.429099134541328,2.842690590333117,-4.671748444132289,-1.163233919458239,1.5643073300095858,-4.789596245376645,-8.443482030386114,-4.019225982736447,11.851652115177847,1.561409488119354,2.6546675055662936,-5.606421949669207,10.055699458593597,12.81354734710785,-3.1160134095088443,6.430675299413904,4.005652610948401,-1.7708938716891967,1.0774325367961095,-8.867776673090772,-0.9338781324476414,-2.0242089043883813,9.094807149945485,4.995549944016607,-8.152228138704132,6.216808976918922,2.5055743605695864,-1.771553004160855,2.9157964262592353,-2.7149003256736686,2.8727974375376704
-1.8900693616657676,-0.4244550712645785,-1.318216263474456,-3.0310464037893095,0.14891980118596987,1.8227497639219001,-1.1458336632701092,2.8371437971808113,1.5027088237243675,0.5865353423806391,-2.5495153698254907,0.33845742046656574,-0.6750430173165691,-2.225762365367297,1.1454668259390617,-2.0840731823544094,2.164908516262755,-0.6026417673898548,2.1654888061015165,0.126229787880352,-1.7445940372508142,-0.09291901574702623,1.6480657151230977,-2.1106496162140362,1.1479642908967904,2.842690590333117,1.2794909418002303,-2.148004011968808,-0.6711527387795562,0.7223847243302007,-2.3126163692742003,-3.7722204656937484,-1.7285624719318011,5.170568125120916,0.6932376265413751,1.1660367747284595,-2.496495112622935,4.542331774941838,5.829664344082523,-1.3329959744353128,2.9786015804464108,1.593235105174033,-0.747840076122918,0.46895635771230076,-3.860102001322468,-0.5047051028659093,-0.9574373057495156,3.993770740285035,2.1758936353531486,-3.7620813679459335,2.8429604373135744,1.1427325862402922,-0.8686316898928946,1.3493433214018273,-1.0636944102003718,1.1326533497670237
3.321782262086149,0.708773324496985,2.3131306270893934,4.949345547628182,-0.2156912552614527,-3.1752169263509686,1.6323705425071025,-4.8728654757272,-2.1964044160672054,-0.9714818272757305,4.339209854335016,-0.35028982286496047,1.059347542098235,3.548063625193189,-1.7918418343230653,3.2948664878407974,-3.61903747423472,1.1367249303370734,-3.447251100316356,-0.20256220431791258,2.9430478881196307,-0.25031255930540935,-2.806666214124698,3.418264741516067,-2.2612504715958326,-4.671748444132289,-2.148004011968808,3.6954420446849197,1.418187480783332,-1.2488650314435397,4.1921783760136195,6.277368770752815,2.743090884469032,-8.357245315393879,-1.145058698535055,-1.9006450491809102,4.13795729971476,-7.658071422111966,-9.910065532055905,2.1006733180552817,-5.166736244210345,-2.2607643300452764,1.1582150270338503,-0.7557245079409194,6.2214007019658295,1.0138579148956022,1.6988782810472534,-6.507889318414112,-3.509659058028495,6.4990937314178865,-4.861264966689206,-1.948142906243477,1.5990161482228389,-2.338284971933409,1.47325688074403,-1.5848631835296794
1.4764612833635138,0.21024120080886546,1.0179269310775034,1.1361745139135073,0.0337866020315856,-1.331769748853895,-0.34869621606565493,-1.8465219099733907,0.2759061114653873,-0.2646299254028148,1.5300465464991133,0.5330435038847343,0.11308848755933677,0.5527359966269002,-0.17314184409800107,0.4283942414937669,-1.085388212180416,0.7237579459858307,-0.5223325911430055,-0.03569065682058563,0.9615191346692622,-1.2761719426929112,-0.9946075621015046,0.6992324257715649,-1.6915026638790067,-1.163233919458239,-0.6711527387795562,1.418187480783332,1.3025300486144864,-0.4967622985117873,2.223189365297529,1.7980068604159385,0.3888525082870306,-1.658665172867803,-0.3025036298732998,-0.42610865313295326,1.1361926155790296,-2.48842215060568,-3.459859120341055,0.2519798234664453,-2.104599300334801,0.5141142383074802,0.07508064337116926,-0.14311423456483108,1.18048391482075,0.8078750570936777,0.8007181337959963,-1.453054943067761,-0.6743433990037901,2.5711919695380727,-1.7799271479438064,-0.6963641949505808,0.9146413981020987,-0.9459212312421459,-0.46098134945991764,0.43837983265220276
-1.1272366556056246,-0.23810098781695566,-0.7847174489138655,-1.655058888350548,0.07020564057179991,1.075676691171158,-0.5291962428750165,1.6462372701265453,0.7165035621230827,0.32580934724576344,-1.4633154663388155,0.10300748208572785,-0.35125111069877546,-1.1804429685082318,0.59369968278722,-1.094233872835885,1.21606332159016,-0.3907732872898936,1.146557979281068,0.06747778387047212,-0.9907278419792278,0.11177097164664689,0.9466131153670099,-1.141084685900245,0.7831677194462656,1.5643073300095858,0.7223847243302007,-1.2488650314435397,-0.4967622985117873,0.42246322841216444,-1.4308896979153531,-2.107360378437826,-0.9117372833185835,2.7886558159495682,0.38381775904697857,0.6353293285495138,-1.3879990324081743,2.5776691983960105,3.3411921233963047,-0.6971592701510225,1.7488896715012463,0.732202077820247,-0.3828871993291053,0.25202255234159443,-2.0747127500368165,-0.35227433144315373,-0.5775607114387402,2.1752736400574513,1.1705997225722313,-2.19813082889107,1.6408912627456858,0.6571969912902557,-0.547317988680406,0.7913520923979916,-0.47424044499454343,0.5114920653054903
3.9317167018995356,0.7540043281471944,2.7295804437816953,4.996206512371375,-0.15023539299939512,-3.6937668683371045,1.061684732685189,-5.508839754379546,-1.5851185951555322,-1.014407458490019,4.812944041594423,0.14345182678882304,0.9639703865009357,3.3696171120612495,-1.6158211028858518,3.060338121706749,-3.859607743490061,1.5225010993995134,-3.2619437476331132,-0.19573996135171629,3.2026094608602222,-1.2401397202895619,-3.117093403945182,3.381427364711851,-3.2326042762956826,-4.789596245376645,-2.3126163692742003,4.1921783760136195,2.223189365297529,-1.4308896979153531,5.253519953681664,6.626096787035771,2.5739336949648433,-8.225946331603895,-1.1880557774854323,-1.9103897134893515,4.328117318296434,-8.32247618841339,-10.964024780543683,1.934009149744024,-5.959945685187471,-1.4450998057450528,1.0146106459592903,-0.7382605464860249,6.079663718996858,1.489484690943844,2.047780564163003,-6.536428410880443,-3.436490114968294,7.435161569989873,-5.445294428906401,-2.1684916777252217,2.0578449593424297,-2.6919316110342386,0.8396789460007386,-0.9498897589372817
5.480178398233021,1.2537288958686064,3.824341440721168,9.022654839759177,-0.4603192508794793,-5.302539182877279,3.558918982761816,-8.296559874658083,-4.632835060906144,-1.7373567917469326,7.47994376692606,-1.1330371568084185,2.0360747480460297,6.679290760725582,-3.458509365514308,6.270841825684096,-6.392274812311213,1.6991856419387765,-6.501221893256861,-0.3779489998619624,5.134702470280523,0.5260643550539185,-4.83422597091336,6.300406305519791,-3.1772522404228396,-8.443482030386114,-3.7722204656937484,6.277368770752815,1.7980068604159385,-2.107360378437826,6.626096787035771,11.155967611554614,5.1948156458128985,-15.444840213976855,-2.055570036475164,-3.473044786725691,7.393247307165583,-13.372009040931054,-17.110949593634686,4.0151516347693095,-8.678544819515686,-4.954086027447886,2.2650575102165464,-1.40220042193581,11.541328646022853,1.3846585465440548,2.7660120077780226,-11.896829859306024,-6.503986197912728,10.977894287989866,-8.326878122135401,-3.350759578740619,2.473671059146211,-3.932958061958875,3.32987397895944,-3.5357607864369798
2.289194161928275,0.5801735311185032,1.6030113358927602,4.342243755794634,-0.26215502720961775,-2.257876364132308,2.065589288039156,-3.6377822288846278,-2.6100701892695493,-0.815799804574885,3.339368591921428,-0.8444799356029966,1.0433364337981381,3.3421620603673996,-1.7806085342270268,3.1778471603461935,-2.9521666834304057,0.5920190863051126,-3.259985139294288,-0.18715039601534417,2.331669466973174,0.8475732186960308,-2.1556684587678134,3.073807331502267,-0.9572797360038874,-4.019225982736447,-1.7285624719318011,2.743090884469032,0.3888525082870306,-0.9117372833185835,2.5739336949648433,5.1948156458128985,2.617525515920038,-7.559706895084728,-0.9699351612257173,-1.676398583638374,3.4671892343124657,-6.079169001857766,-7.6568950051747695,2.0446328731847307,-3.7286303138647714,-2.888064647544754,1.1830975639196308,-0.6896470549578523,5.675182335837775,0.3858678125331606,1.1308514523881579,-5.745396011222268,-3.194162451635136,4.756822863287608,-3.683552716067095,-1.4910854430735105,0.9234166445576326,-1.6932404328005675,1.9923001492845698,-2.0928572352524624
-7.100453383566241,-1.7289907018327464,-4.9652312763541815,-12.752185597423411,0.7258363804102084,6.94974524829068,-5.683574376285767,11.068383374588182,7.252608715595588,2.4178238789874653,-10.089366240523388,2.1555885770385412,-2.995230949769402,-9.676792825423343,5.103279533648456,-9.159184994561302,8.804511178813911,-1.9834083101740942,9.431586780392532,0.5439247049660425,-6.998821245296093,-1.8445721209716552,6.516017742477508,-8.981921756094652,3.4313716813646846,11.851652115177847,5.170568125120916,-8.357245315393879,-1.658665172867803,2.7886558159495682,-8.225946331603895,-15.444840213976855,-7.559706895084728,22.063845535213947,2.8694816218898036,4.917817228245766,-10.280899857709963,18.2395296870801,23.113300384933805,-5.882872727132392,11.435975455501968,7.935207422049635,-3.3736056224863,2.009254826368217,-16.535794584668924,-1.4373776706321968,-3.5382756443941763,16.851343116729947,9.311087280305731,-14.540569086792265,11.16894009338702,4.510798621925782,-3.001500395555515,5.1890429304287045,-5.428264164890367,5.721987536090257
-0.9928886307930774,-0.23076512902878685,-0.6932341477781686,-1.6715098540422115,0.0878805973164008,0.9634621160140137,-0.6819873319403913,1.5142210850830748,0.8827097747314202,0.3205310245319824,-1.368977146443508,0.22911947881727035,-0.3812781675306125,-1.2456483928612565,0.6481787198418404,-1.1719902032273906,1.1762394760770343,-0.30028689653235524,1.212846742515018,0.07035701704043903,-0.9422898882600418,-0.13565573143217902,0.8846150766634513,-1.1698959447903303,0.5518712286882589,1.561409488119354,0.6932376265413751,-1.145058698535055,-0.3025036298732998,0.38381775904697857,-1.1880557774854323,-2.055570036475164,-0.9699351612257173,2.8694816218898036,0.3795983468589126,0.6437197035931859,-1.363809424757359,2.4544212968126544,3.132817080258459,-0.7510623967576193,1.5789911844909645,0.9501488536482385,-0.4255720346558711,0.2607206700874222,-2.1459124109948777,-0.23849679729618678,-0.49956377890561693,2.2052713336479135,1.2090345478566544,-1.9999338923252592,1.5218110802466844,0.6129856269312712,-0.4411238494574923,0.7157974044584265,-0.6419173029208293,0.6801523561776919
-1.6278060742510265,-0.3892375398903487,-1.137606824838425,-2.8508764101475648,0.1575571252939797,1.5878101530783417,-1.229643775090892,2.515653270549435,1.577208369698128,0.5429192151054072,-2.2858383850349493,0.44716218587642176,-0.6622402047319579,-2.1484575274411823,1.1273992652172211,-2.02906320681819,1.9827578487458022,-0.4696300873184822,2.093271724148043,0.12099495213518267,-1.5808540099942037,-0.3433306873162797,1.4765448730124304,-2.0031460507611416,0.8335225506032052,2.6546675055662936,1.1660367747284595,-1.9006450491809102,-0.42610865313295326,0.6353293285495138,-1.9103897134893515,-3.473044786725691,-1.676398583638374,4.917817228245766,0.6437197035931859,1.0988642671377329,-2.308975031776104,4.118959892669799,5.234318476259598,-1.3021188298777293,2.608661879796881,1.7154796403618477,-0.7434395973460564,0.4474610421032222,-3.6826846541764393,-0.35392683146082926,-0.8142792352705296,3.7649695264189704,2.074139818486423,-3.3118197654816877,2.5345371769643403,1.0225046932432038,-0.7020159770352602,1.1832222514239705,-1.1682904984274638,1.2337833464638963
