V1,V2,V3,V4,V5,V6,V7,V8,V9,V10,V11,V12,V13,V14,V15,V16,V17,V18,V19,V20,V21,V22,V23,V24,V25,V26,V27,V28,V29,V30,V31,V32,V33,V34,V35,V36,V37,V38,V39,V40,V41,V42,V43,V44,V45,V46,V47,V48,V49,V50,V51,V52,V53,V54,V55,V56
1.5263159498574317,0.2588241064938829,1.0563406568708833,1.5955317950970824,-0.0163924051768991,-1.4082059785547227,0.06470895442323499,-2.035264295925624,-0.2103699866606848,-0.3397537153072296,1.7395007687689725,0.2784437148914463,0.2585049359172052,0.9767801017994611,-0.4256831615553702,0.8529472485522537,-1.329112137704552,0.661721361165043,-0.9396694598321764,-0.05841475828038795,1.13117690299679,-0.858207365720567,-1.1282727805916914,1.0474374504485156,-1.4769319137389705,-1.563960117527363,-0.8060668533427021,1.5548853431653475,1.0804365911418283,-0.5366163570455742,2.1558306924725557,2.2513944239307113,0.7306421375065214,-2.5283763536728654,-0.39442085852820113,-0.6062211766871843,1.4528392418040725,-2.9347429592202743,-3.950687340009236,0.5302970556943594,-2.2516329011121345,-0.06971759567546332,0.2516871940408195,-0.22424093326843808,1.8475812946662045,0.6937772262507885,0.809712586017497,-2.0718922648872677,-1.0476289550851228,2.783689950357626,-1.9907429495814921,-0.7869607294628745,0.8648118158919207,-1.0148128601847481,-0.03490795078668292,8.58331496441631e-4
0.2588241064938829,0.05957746281151152,0.18065608605771372,0.42983059978712806,-0.022191621680343963,-0.2507106176569344,0.17182028017251494,-0.3929499256135792,-0.22315912719474065,-0.08263589469572519,0.3546576388831531,-0.055907278590728075,0.09740576243064593,0.31901799787627877,-0.1655099398865999,0.2997699815503135,-0.30372087792829294,0.07949138245024927,-0.3105585944226413,-0.018039778631173953,0.24371295360425968,0.02889593570341446,-0.2291956776779873,0.300414728902774,-0.14767151807005338,-0.40195429800659194,-0.17914523627023943,0.2972555308097986,0.08257956750066715,-0.09973128409138535,0.3116934613838249,0.5303363045288396,0.2482338902565797,-0.736595349493235,-0.09780039276395433,-0.16548525689720014,0.35162219466271605,-0.6347311404483894,-0.8114213333129037,0.19200266675378982,-0.41054794054616706,-0.23925913755134376,0.1085073737806058,-0.06689445697728102,0.5505979041232448,0.06415389864296568,0.1304773527569927,-0.5668830281963733,-0.31025705620361965,0.5195809259429165,-0.39459532878744596,-0.1588425690788971,0.11612035812979801,-0.1860741765863735,0.1611474667567548,-0.17096537788676489
1.0563406568708833,0.18065608605771372,0.731226520515695,1.1197540022686918,-0.013235360520839911,-0.9757587593443128,0.060447915526346235,-1.4132332298104682,-0.16385189851060974,-0.23757536511098848,1.2096948459627945,0.1826642224938229,0.18412420416102862,0.6909516172727694,-0.3036972935097771,0.6054194485264952,-0.9274875601107565,0.4547812370292436,-0.6650570269380289,-0.04122017696343165,0.7879244244962602,-0.5769665260426406,-0.7845487039121954,0.7368742153025548,-1.0121537957461686,-1.095710433687426,-0.56200156719191,1.0793839771339637,0.737953875118089,-0.3722348266650284,1.4867714550212865,1.5726236528064994,0.5177747559725773,-1.7798308625346588,-0.27598354757191407,-0.4256612719863505,1.0157389496205753,-2.044440716407179,-2.747990519125482,0.3769513689027847,-1.5611195159774667,-0.07039899756102638,0.1805996630374065,-0.15800510771135937,1.3017921774237728,0.47494364314390625,0.5597250090514755,-1.4549162154561825,-0.7379620320478213,1.9311800497317793,-1.38331611922956,-0.547116745983046,0.5955503775226669,-0.7036990475468069,-0.007889741584525375,-0.016069319346642883
1.5955317950970824,0.42983059978712806,1.1197540022686918,3.2849266057877684,-0.2142197811268952,-1.5930400921997596,1.7006965122509303,-2.6130798767171126,-2.123419399539155,-0.6092040882482235,2.424334376975067,-0.7559318971796657,0.8141170027370181,2.5783309695407164,-1.3924986105985704,2.466650771047339,-2.1847343689947007,0.3595313749693369,-2.517539912566063,-0.14364246876851022,1.7093462015376246,0.8737912111092936,-1.5639217084972454,2.3416618171162913,-0.5004243120298593,-3.023245141592193,-1.2736775262330804,1.9663951620281803,0.10771785672298786,-0.6496396909688363,1.7065567170401,3.8617722545150928,2.0261361196602183,-5.768554271769279,-0.7261987885306503,-1.2701459702713984,2.587381633850093,-4.459520100645532,-5.566329235039971,1.5907247370354294,-2.6454144991780253,-2.382006693093948,0.9314251910251068,-0.5275172948326332,4.34058332761271,0.1821341895492541,0.7770985097032357,-4.354219329494394,-2.4414653928592016,3.392572524106019,-2.659900074608907,-1.0804724499717682,0.5940673676107752,-1.2028576081188045,1.6597076331375742,-1.7363586340046129
-0.0163924051768991,-0.022191621680343963,-0.013235360520839911,-0.2142197811268952,0.024196685216436437,0.029868012505019133,-0.1997311271106254,0.08103349588234886,0.23425861593127908,0.034611868948567735,-0.09253498176188918,0.12461791905145256,-0.06906521431106542,-0.20028814400350248,0.12005425800738964,-0.20112423596101386,0.11121128073581286,0.03338133052834633,0.19720866926268124,0.010692364876471665,-0.07636381954669688,-0.20662181124576554,0.05897818056653955,-0.16319999440117644,-0.11131789051122036,0.18601009768723775,0.061194189181961726,-0.05826016309276735,0.11292333484436522,0.016572250634423604,0.043519413659096874,-0.2080083434263907,-0.16170304430499532,0.40809204716816083,0.04249307409477997,0.08407926022990489,-0.14585144447846235,0.20113744392536975,0.2175080059429742,-0.13200893476534245,0.059731508247761265,0.2821845360743665,-0.08415899456003853,0.03813181370322409,-0.3134776162215797,0.05874239103136318,-2.4575439077713975e-4,0.2889698942853681,0.17534135761613498,-0.08872140539726277,0.09193383636238371,0.03987531598514408,0.028490120023734865,0.028208409579735205,-0.20635750487067545,0.21172726832316185
-1.4082059785547227,-0.2507106176569344,-0.9757587593443128,-1.5930400921997596,0.029868012505019133,1.3082863200716406,-0.18187318167879804,1.9140932693160866,0.3364960189454053,0.33246778836500507,-1.6502263360316147,-0.17856886235852573,-0.27919081202413804,-1.0176960025234782,0.46362778232989904,-0.9047742323731084,1.2857640088830788,-0.5856633226498126,0.9818111781814167,0.06007185695057587,-1.083059870381151,0.6593116549671512,1.06972839210531,-1.0596537354918758,1.2845790096477807,1.5468027847186023,0.7759395511444481,-1.460075121912673,-0.9203946225915625,0.5017270905038244,-1.9480824475849972,-2.190013652656264,-0.7685429721964143,2.566550351773595,0.3873823969085605,0.6069228446048319,-1.4203628394716852,2.811760921693102,3.752440067918349,-0.5667949473251337,2.0992165498548063,0.23707283923808017,-0.2822085368289374,0.22881706193660253,-1.8848488658272575,-0.5994604074581662,-0.7418683137642128,2.0752801168518737,1.0672824278617723,-2.6043889087876946,1.8800019397204213,0.7453523028681579,-0.7747017315294755,0.9469100366208482,-0.09468874972154377,0.129175076695928
0.06470895442323499,0.17182028017251494,0.060447915526346235,1.7006965122509303,-0.1997311271106254,-0.18187318167879804,1.6519706878553206,-0.576614859321829,-1.9312807362204185,-0.270963773967935,0.685697861122661,-1.045567116578218,0.5602347030928513,1.614089776394337,-0.9749427748441944,1.6267846926303997,-0.8595739299019475,-0.30743376208207024,-1.590300849214399,-0.08587452558503676,0.5800476222603955,1.7520720884458951,-0.4361251129201646,1.303480096805593,0.9912053103295633,-1.4684186557117322,-0.46949946659238967,0.4102957947650497,-0.9860311396805181,-0.1123157595675636,-0.4610571987916256,1.6186673874350412,1.3058385364508251,-3.263668618605415,-0.3337227540144838,-0.6684384520586332,1.1408375226925458,-1.5298940515696107,-1.6182020154058216,1.0691260654973267,-0.3900222090123067,-2.3349524784627875,0.6856164518331229,-0.30551558853861416,2.51140821593605,-0.5190706924868445,-0.03569220570548526,-2.29788314171081,-1.4040763599819317,0.6054433031366878,-0.6690107477318213,-0.29374175103017897,-0.276367592264322,-0.1864527696133258,1.7115184433729078,-1.7544259833352747
-2.035264295925624,-0.3929499256135792,-1.4132332298104682,-2.6130798767171126,0.08103349588234886,1.9140932693160866,-0.576614859321829,2.8596997375045587,0.8520515253824824,0.5293214098232543,-2.501473148493278,-0.056925209464312294,-0.5080070821061415,-1.7700567875908,0.8521196316422721,-1.610266897082121,2.0111084868357123,-0.7826283375764804,1.7139665479447594,0.10268809406509624,-1.666561496628672,0.6126529231837535,1.6199363144142715,-1.7710372216906127,1.6561035416749252,2.5023209429487236,1.2042747411808081,-2.1757456671042337,-1.1339333416809605,0.7421789390659941,-2.7104407796765844,-3.454984619690754,-1.353300965586305,4.309907243352022,0.6201872324883823,0.9994559794651368,-2.2581547489878377,4.331188686043962,5.699347519083831,-1.0182998152103226,3.0900133245691177,0.7862864761618075,-0.5362789980833846,0.38701953580719606,-3.187029611607502,-0.7620477009325884,-1.0588926507432053,3.4198265731008566,1.8011980894736375,-3.856824328248219,2.8283637540315527,1.126784640999168,-1.0601155321477538,1.3958436180151015,-0.46274041913724645,0.5204714364908458
-0.2103699866606848,-0.22315912719474065,-0.16385189851060974,-2.123419399539155,0.23425861593127908,0.3364960189454053,-1.9312807362204185,0.8520515253824824,2.269726575457102,0.3458773113791036,-0.953051380734126,1.194109735766683,-0.6758722528032579,-1.967764042954289,1.1740421168144015,-1.971613159442388,1.1194405224590043,0.29984507056013465,1.9367544213976895,0.10526090216787515,-0.776120840210863,-1.9663636077173094,0.6081060774292618,-1.6119600156289071,-1.0247840639040404,1.8498813145711335,0.6185209294236504,-0.615716688804815,1.0538077561073411,0.17836020824702137,0.3468138032666119,-2.0857908633672566,-1.5867007969630895,4.027715106707883,0.423863158238628,0.8327381252906505,-1.458223945231589,2.0427315244733237,2.235486110401612,-1.293072568365012,0.6536861323891043,2.7278166449209693,-0.8214158151131732,0.3759389158146862,-3.0906798272792435,0.5436978202032361,-0.029984880662370948,2.86162389639276,1.7292335745051288,-0.9518240695771878,0.9558135024684606,0.41196595371166833,0.24567835080007297,0.3070536055130711,-1.9918831031858195,2.044907107318895
-0.3397537153072296,-0.08263589469572519,-0.23757536511098848,-0.6092040882482235,0.034611868948567735,0.33246778836500507,-0.270963773967935,0.5293214098232543,0.3458773113791036,0.1155402646759346,-0.48240552874211384,0.10250771724261194,-0.14298943517063872,-0.46207915555347173,0.24361408118703937,-0.437307213523062,0.4208092233501074,-0.09510785551279265,0.45036313791765553,0.025977131420907264,-0.3345709757764654,-0.08718374339763278,0.31155420415173807,-0.42902275512022087,0.16482453054662077,0.5662510062027591,0.24714940946062283,-0.39968597651271326,-0.07998476983853145,0.13338215031364664,-0.3939401128065119,-0.7381110930451535,-0.3609608739939826,1.0538419056084762,0.1371105543488282,0.23493006145841694,-0.4912897333728828,0.8719056387419796,1.1050897389374568,-0.2808621199486638,0.5470309702670278,0.37829255844911736,-0.16102321379735807,0.09596308827489207,-0.7897648317352255,-0.06910894031261877,-0.1693470094543732,0.8050000255861636,0.44471288976913287,-0.695467907732928,0.5340780932344036,0.21568012372996473,-0.14380835103354672,0.24820625072435212,-0.25871004312341395,0.2727397143334325
1.7395007687689725,0.3546576388831531,1.2096948459627945,2.424334376975067,-0.09253498176188918,-1.6502263360316147,0.685697861122661,-2.501473148493278,-0.953051380734126,-0.48240552874211384,2.2095284305875693,-0.07500651344448435,0.498421520059611,1.6967564978127112,-0.840198676424906,1.562286602179699,-1.8127926275357296,0.6296620494150895,-1.6462198378585642,-0.0975184533371659,1.486605487896252,-0.31446355941983417,-1.4299384975092881,1.660918748938033,-1.292196338501431,-2.302660913561828,-1.0801817920405499,1.8998424965501413,0.8484784935154761,-0.6448011137455302,2.2519513588103592,3.131047973721178,1.3057348065540235,-4.05274152383914,-0.567134511936899,-0.9293835463559835,2.0562181037096323,-3.866152253988616,-5.040782142702431,0.9927255271343889,-2.675423375169391,-0.9447500697186758,0.5372815831486004,-0.36539667060949593,3.00843934428476,0.5871625841570233,0.8968262812560394,-3.1813230771386136,-1.6984610961087967,3.3533572195679575,-2.485718285307172,-0.9934914264505569,0.8694509146721527,-1.2097750012992583,0.5958297186468575,-0.650020471826956
0.2784437148914463,-0.055907278590728075,0.1826642224938229,-0.7559318971796657,0.12461791905145256,-0.17856886235852573,-1.045567116578218,-0.056925209464312294,1.194109735766683,0.10250771724261194,-0.07500651344448435,0.7287108049516962,-0.3049992217470972,-0.8301014876366463,0.5358393933515733,-0.8641971243139432,0.27250543747280304,0.3358088100599261,0.82262848432369,0.04281233020368854,-0.13478120106007976,-1.3031975654528727,0.04311671085600161,-0.6161491738945826,-0.9450721198405286,0.6136282658928475,0.13205161225031867,0.06286541943784728,0.8586453637903902,-0.04047055743773251,0.7474815622802543,-0.5658649269516254,-0.6840648901646574,1.562468932091055,0.13128565083421886,0.3014871756514599,-0.42689772956367095,0.36571303247720466,0.20937837751956,-0.574295216273094,-0.22190862206848277,1.4823986953292865,-0.3868139606345366,0.14887293074743085,-1.2228723048451715,0.47821510218276897,0.1926069408555188,1.0389569598761037,0.6806047975378978,0.19531962642095074,0.01164517144883093,0.023372444323621868,0.35846107596810545,-0.0931735059462362,-1.1046257252438394,1.1249979641587526
0.2585049359172052,0.09740576243064593,0.18412420416102862,0.8141170027370181,-0.06906521431106542,-0.27919081202413804,0.5602347030928513,-0.5080070821061415,-0.6758722528032579,-0.14298943517063872,0.498421520059611,-0.3049992217470972,0.22671823844526645,0.689213664323416,-0.39079015115951604,0.6742167482999208,-0.49262010204526246,3.382703472745112e-4,-0.6755294315164809,-0.03766862428911462,0.36879489085083095,0.45029506594405483,-0.3204108338259432,0.5967338068875274,0.10083345794508233,-0.731854336818546,-0.28150508304309474,0.3780378484334355,-0.1606638046625714,-0.12071451381144285,0.18112764679107826,0.8886163937817801,0.5483387575095605,-1.4794839372871749,-0.17237831163969225,-0.3167363883619273,0.6055023236283402,-0.9651372600629168,-1.1522690347119284,0.43839884393104334,-0.47945249690257763,-0.7884797217440432,0.26741692220437757,-0.13656496493680115,1.1232532355050122,-0.065170772125298565,0.11381710898972548,-1.0869620332727965,-0.6302677086594939,0.6337980521527943,-0.5318683387638459,-0.2200028289870626,0.04221373884903641,-0.2196439457239534,0.5646019126476116,-0.5841782894275718
0.9767801017994611,0.31901799787627877,0.6909516172727694,2.5783309695407164,-0.20028814400350248,-1.0176960025234782,1.614089776394337,-1.7700567875908,-1.967764042954289,-0.46207915555347173,1.6967564978127112,-0.8301014876366463,0.689213664323416,2.1247839822437546,-1.1849013583743797,2.062645972406728,-1.6165216389091042,0.10355833308634353,-2.0798491655724907,-0.1169096617300846,1.2313008467251807,1.1562280334362065,-1.0923178578735695,1.8709510877570625,0.059731152329475186,-2.33790594272946,-0.9309697214145841,1.3234540614639505,-0.29250742361590115,-0.4288213452605619,0.8528313473720645,2.8933197184200914,1.6832715478475773,-4.628028363317677,-0.5547013404836351,-1.0008612070657066,1.9589077552177308,-3.2183561394472333,-3.9116551040339305,1.337432854853036,-1.721843827754457,-2.2683740495368347,0.8046864498137701,-0.4257751764837932,3.5025252319908278,-0.07903697969323033,0.45141286337990466,-3.433391874619533,-1.96699325190879,2.246251370316732,-1.8314719658690923,-0.7519164205662184,0.25494206403200426,-0.7862116225815166,1.6111497760477893,-1.6724795451864203
-0.4256831615553702,-0.1655099398865999,-0.3036972935097771,-1.3924986105985704,0.12005425800738964,0.46362778232989904,-0.9749427748441944,0.8521196316422721,1.1740421168144015,0.24361408118703937,-0.840198676424906,0.5358393933515733,-0.39079015115951604,-1.1849013583743797,0.6739203095703099,-1.1607767774638855,0.8367221883451169,0.010101534325495792,1.1616617672156138,0.06467981784244632,-0.624204135955002,-0.798327030127354,0.5399605542587602,-1.0226510223969474,-0.199525432474051,1.2497002174815435,0.4773885087071254,-0.6334607812386559,0.29735116771803105,0.2016268749621003,-0.2807132170566485,-1.5116887922101732,-0.943459186720183,2.5365682166421846,0.29392898022203334,0.5419942843493633,-1.0313771860780938,1.6339556218601539,1.9435449713570467,-0.7551693030999111,0.7988790552512378,1.3724883525780702,-0.4618039313790726,0.23428672930531053,-1.9269758546511526,0.1247433355072304,-0.18519905674984571,1.8601285938098477,1.081066613666576,-1.059169037659595,0.8944069620228501,0.370553608457166,-0.05956870692614625,0.3662460243117995,-0.984160567604994,1.0177146254869172
0.8529472485522537,0.2997699815503135,0.6054194485264952,2.466650771047339,-0.20112423596101386,-0.9047742323731084,1.6267846926303997,-1.610266897082121,-1.971613159442388,-0.437307213523062,1.562286602179699,-0.8641971243139432,0.6742167482999208,2.062645972406728,-1.1607767774638855,2.010752791009199,-1.5174279384101703,0.04622163185356314,-2.0204817181347687,-0.11307857726410353,1.1453162272037702,1.2453150456107152,-1.0050035244553661,1.7996702740374613,0.1910241444421378,-2.2262747656659876,-0.8703094075360748,1.201051459289109,-0.391394494956356,-0.3862587685534485,0.6719135753624146,2.727232957663798,1.6378642469476443,-4.457240090447862,-0.5261497759915025,-0.9586715555629854,1.8527805763866743,-2.99554643948443,-3.6069134027797114,1.3057967621192625,-1.5423705463680604,-2.288091420222848,0.7916129341954546,-0.4108020678065404,3.37910087804852,-0.14129205387782612,0.38495722640728197,-3.2893426455712236,-1.8967909369088274,2.025709556417104,-1.6763202391799812,-0.6909008059082621,0.1813721311687884,-0.7054375268294852,1.632621199710544,-1.6916396959677906
-1.329112137704552,-0.30372087792829294,-0.9274875601107565,-2.1847343689947007,0.11121128073581286,1.2857640088830788,-0.8595739299019475,2.0111084868357123,1.1194405224590043,0.4208092233501074,-1.8127926275357296,0.27250543747280304,-0.49262010204526246,-1.6165216389091042,0.8367221883451169,-1.5174279384101703,1.548584064984018,-0.41283211187705743,1.5733862753429926,0.09148433347436431,-1.2441709265085499,-0.12370959786529144,1.1716073478843219,-1.5253139794544004,0.7728655705050615,2.044765628613593,0.9139385799243086,-1.5217121649951457,-0.4383055631431447,0.51090604627837,-1.6082289708675725,-2.7023642364694997,-1.2571397958947625,3.739006963138186,0.49784989613033537,0.84092913009779,-1.7907541453107063,3.240077316615323,4.146791063851304,-0.9715299213415074,2.104177697861263,1.1964660136989627,-0.5478876887247826,0.33943465928938016,-2.7938550665643547,-0.3370106973839423,-0.6709937792188547,2.8805597458868,1.5744710256080583,-2.661422708363209,2.0182591424758054,0.8120956284143922,-0.6006195074072262,0.9535518772165269,-0.8038862527560322,0.8537308230449107
0.661721361165043,0.07949138245024927,0.4547812370292436,0.3595313749693369,0.03338133052834633,-0.5856633226498126,-0.30743376208207024,-0.7826283375764804,0.29984507056013465,-0.09510785551279265,0.6296620494150895,0.3358088100599261,3.382703472745112e-4,0.10355833308634353,0.010101534325495792,0.04622163185356314,-0.41283211187705743,0.3551290915199483,-0.09198858334422635,-0.008360521549107184,0.38217368339250146,-0.7358785295199698,-0.41016633816771864,0.19798549501330565,-0.8546805680068104,-0.39282207878224723,-0.2609089996959061,0.6040541785716592,0.6783111203948916,-0.21442574483424467,1.047023194204891,0.6662179375096882,0.05742953440724928,-0.4540618045144792,-0.10651307521752335,-0.13207576113962124,0.41032535389226277,-0.9864295178375383,-1.4176816268707262,0.01699618080776819,-0.9162561444560963,0.44415220517547194,-0.028180992467450795,-0.03700305584709903,0.3060633614523508,0.412354499285455,0.36528760203351757,-0.44868153976436215,-0.17760654348380114,1.1076922391110366,-0.7441470951650778,-0.288213624260755,0.43860915298287384,-0.4107866630287735,-0.36359413969614596,0.3572668610923425
-0.9396694598321764,-0.3105585944226413,-0.6650570269380289,-2.517539912566063,0.19720866926268124,0.9818111781814167,-1.590300849214399,1.7139665479447594,1.9367544213976895,0.45036313791765553,-1.6462198378585642,0.82262848432369,-0.6755294315164809,-2.0798491655724907,1.1616617672156138,-2.0204817181347687,1.5733862753429926,-0.09198858334422635,2.036116758883698,0.11436610426651675,-1.196630276072785,-1.1530029511968143,1.059654623189493,-1.8285235955668795,-0.08144562801188976,2.2809927486310726,0.9055076232387174,-1.2810105630248663,0.30487841324745063,0.4145677206873694,-0.8078563527083491,-2.818061189083275,-1.6483339436902524,4.524034191580097,0.5408408264876513,0.9774640978990607,-1.9090464741891824,3.128068582207077,3.7960574908600435,-1.3104405075113885,1.6631304454906128,2.2352662994266383,-0.7894760633343839,0.4163355770181594,-3.424828772915003,0.08851696014948893,-0.43266878814364346,3.3532463861732635,1.9232062793239113,-2.1720035898101204,1.7751946840541828,0.729274295832244,-0.23813162040266672,0.7596054226589931,-1.5889241651623462,1.648867549014407
-0.05841475828038795,-0.018039778631173953,-0.04122017696343165,-0.14364246876851022,0.010692364876471665,0.06007185695057587,-0.08587452558503676,0.10268809406509624,0.10526090216787515,0.025977131420907264,-0.0975184533371659,0.04281233020368854,-0.03766862428911462,-0.1169096617300846,0.06467981784244632,-0.11307857726410353,0.09148433347436431,-0.008360521549107184,0.11436610426651675,0.006453732486892771,-0.0701989582909541,-0.05759319085638044,0.06281584451820389,-0.10375632714939349,0.0032343259335601117,0.130757886398359,0.052863038319859564,-0.07692264264048981,0.010829372425867406,0.025065592656015562,-0.05457112145383786,-0.16319015252970975,-0.09242963580532011,0.2563818409530891,0.03112543783881003,0.05570329428843275,-0.11017839651247423,0.18338886981195077,0.22455826521953365,-0.07322176113242283,0.10106966645973067,0.12059192175730654,-0.04376470035982864,0.023549679962648406,-0.1937459079788845,0.0011835962602366825,-0.027448006083412833,0.1910521610686247,0.10884925462203864,-0.1311849778070634,0.10575104454971385,0.04328504494351739,-0.017268673147493044,0.046090348650135844,-0.08528695516252592,0.08868688556934139
1.13117690299679,0.24371295360425968,0.7879244244962602,1.7093462015376246,-0.07636381954669688,-1.083059870381151,0.5800476222603955,-1.666561496628672,-0.776120840210863,-0.3345709757764654,1.486605487896252,-0.13478120106007976,0.36879489085083095,1.2313008467251807,-0.624204135955002,1.1453162272037702,-1.2441709265085499,0.38217368339250146,-1.196630276072785,-0.0701989582909541,1.0100017860175468,-0.05902087278131092,-0.9614553443821641,1.1824878078017615,-0.7545830004718658,-1.6114400429055964,-0.7378382909039523,1.2634562639986464,0.4678264637426209,-0.42659136683666915,1.4194815786662627,2.159980400668328,0.9527997471719857,-2.892194820236189,-0.39458566137824763,-0.6566467849245743,1.4249190872816302,-2.6284328831931196,-3.395960111650854,0.7306905503399286,-1.7637558619589555,-0.804041688377564,0.40428777401860366,-0.26168977816481626,2.1542568392372097,0.3372118232451645,0.5775000750944334,-2.248539502529153,-1.2150824129874378,2.22029558296225,-1.6639846662838385,-0.6672348239154823,0.5399321778558244,-0.7983683162874081,0.5267945022493845,-0.5654067587695146
-0.858207365720567,0.02889593570341446,-0.5769665260426406,0.8737912111092936,-0.20662181124576554,0.6593116549671512,1.7520720884458951,0.6126529231837535,-1.9663636077173094,-0.08718374339763278,-0.31446355941983417,-1.3031975654528727,0.45029506594405483,1.1562280334362065,-0.798327030127354,1.2453150456107152,-0.12370959786529144,-0.7358785295199698,-1.1530029511968143,-0.05759319085638044,-0.05902087278131092,2.421986611876896,0.21332681502271877,0.7764187036958137,1.9732247439951847,-0.6411075148782603,-0.01884596481742955,-0.5008234046903384,-1.7264456946472666,0.20459830275835328,-1.8112603327864174,0.38590978314980695,0.9716666277855367,-2.0013094688565785,-0.12199020107551203,-0.35613529181122666,0.35346043626231266,0.12600333674803277,0.6481871093883999,0.8368302510471936,0.9466039670257269,-2.489665268144554,0.590407668632073,-0.194913522990928,1.5996349454061347,-0.9848798894666648,-0.5312115811889339,-1.2316470125613472,-0.8853910541407982,-1.0366196007778887,0.4853768697318191,0.16012761444975207,-0.8257190488713407,0.415064626998618,1.8772385827067088,-1.9030577577153247
-1.1282727805916914,-0.2291956776779873,-0.7845487039121954,-1.5639217084972454,0.05897818056653955,1.06972839210531,-0.4361251129201646,1.6199363144142715,0.6081060774292618,0.31155420415173807,-1.4299384975092881,0.04311671085600161,-0.3204108338259432,-1.0923178578735695,0.5399605542587602,-1.0050035244553661,1.1716073478843219,-0.41016633816771864,1.059654623189493,0.06281584451820389,-0.9614553443821641,0.21332681502271877,0.9254528334995762,-1.0707136603253116,0.8436578159556134,1.4862112114290227,0.698347552379679,-1.2304707796976124,-0.5557393962814182,0.41776120827808677,-1.4635492547496516,-2.0228845242520785,-0.8402519406329201,2.6121648957834114,0.36619532640293495,0.5994515864772767,-1.3280529724335093,2.5003032968946926,3.2619530088463,-0.6384227655384318,1.733787903543681,0.600577811852283,-0.34495820787497355,0.2354538914280869,-1.9385965812086108,-0.38371504750511337,-0.5820647286725608,2.0518991586839026,1.0945377265611442,-2.17249916754567,1.609223590440543,0.6430348414428659,-0.5655805539957768,0.7839320239361108,-0.37750106360300745,0.4124332018982507
1.0474374504485156,0.300414728902774,0.7368742153025548,2.3416618171162913,-0.16319999440117644,-1.0596537354918758,1.303480096805593,-1.7710372216906127,-1.6119600156289071,-0.42902275512022087,1.660918748938033,-0.6161491738945826,0.5967338068875274,1.8709510877570625,-1.0226510223969474,1.7996702740374613,-1.5253139794544004,0.19798549501330565,-1.8285235955668795,-0.10375632714939349,1.1824878078017615,0.7764187036958137,-1.0707136603253116,1.6800236499093424,-0.20902640073274067,-2.143690080063799,-0.885506720175204,1.3299506590399544,-0.04628639718628043,-0.43663099890501467,1.0576815535878594,2.7078979399962164,1.4746757799921335,-4.144860063476251,-0.5126811871716607,-0.906707070219992,1.8209435413443136,-3.086957496393616,-3.8186861851279295,1.1629591148610379,-1.7700667292309198,-1.8281652980493348,0.6879970087134638,-0.3798680592904895,3.1253977131094843,0.057375806040380915,0.5022109599133365,-3.109059405639705,-1.756946859433641,2.282430719252259,-1.8124628512745673,-0.7388346161656065,0.3545004558899335,-0.8059154138849964,1.2838027049333653,-1.3388242892612021
-1.4769319137389705,-0.14767151807005338,-1.0121537957461686,-0.5004243120298593,-0.11131789051122036,1.2845790096477807,0.9912053103295633,1.6561035416749252,-1.0247840639040404,0.16482453054662077,-1.292196338501431,-0.9450721198405286,0.10083345794508233,0.059731152329475186,-0.199525432474051,0.1910241444421378,0.7728655705050615,-0.8546805680068104,-0.08144562801188976,0.0032343259335601117,-0.7545830004718658,1.9732247439951847,0.8436578159556134,-0.20902640073274067,2.102515360605891,0.6174370967887064,0.5018229528655657,-1.2845284456273962,-1.7048021585992146,0.462024528160982,-2.4390850004700093,-1.205247447825105,0.10760696726590717,0.4296498473678244,0.17910212478775442,0.17591138274867238,-0.7162187107982103,1.9417223054502737,2.8958909971978364,0.15564331600800016,1.9905615240925505,-1.4226330164051793,0.18773357572440785,0.027843443705177575,-0.23311767355024823,-1.0217993026887817,-0.8282561466911311,0.5926857920878446,0.14493916630935383,-2.382167917557066,1.552778781755829,0.5951224230784542,-1.0368510246355283,0.8903316733853877,1.1283475392193958,-1.1218942293270295
-1.563960117527363,-0.40195429800659194,-1.095710433687426,-3.023245141592193,0.18601009768723775,1.5468027847186023,-1.4684186557117322,2.5023209429487236,1.8498813145711335,0.5662510062027591,-2.302660913561828,0.6136282658928475,-0.731854336818546,-2.33790594272946,1.2497002174815435,-2.2262747656659876,2.044765628613593,-0.39282207878224723,2.2809927486310726,0.130757886398359,-1.6114400429055964,-0.6411075148782603,1.4862112114290227,-2.143690080063799,0.6174370967887064,2.7945598926366624,1.1960453107283986,-1.8860096609281256,-0.22985257477590074,0.6259961159205533,-1.7393238940578883,-3.601906711227437,-1.8325043477466219,5.274258281773476,0.6736519163517628,1.167604856091564,-2.40620540462602,4.202007088823268,5.281466075348681,-1.4331949125663914,2.5575927843092825,2.054016510206658,-0.8317100300825918,0.4814269720778263,-3.9616654481714644,-0.2445868919464545,-0.7701538478560374,4.00189214030143,2.229402104433494,-3.266738385037988,2.536857116963922,1.027734324812689,-0.6200129158157945,1.1617793428134606,-1.420560685748395,1.4907013026006368
-0.8060668533427021,-0.17914523627023943,-0.56200156719191,-1.2736775262330804,0.061194189181961726,0.7759395511444481,-0.46949946659238967,1.2042747411808081,0.6185209294236504,0.24714940946062283,-1.0801817920405499,0.13205161225031867,-0.28150508304309474,-0.9309697214145841,0.4773885087071254,-0.8703094075360748,0.9139385799243086,-0.2609089996959061,0.9055076232387174,0.052863038319859564,-0.7378382909039523,-0.01884596481742955,0.698347552379679,-0.885506720175204,0.5018229528655657,1.1960453107283986,0.5406019418524232,-0.9120555702374539,-0.2982312353890952,0.3070356070623497,-0.9926969117036043,-1.591054832279408,-0.722370913430302,2.1684427760231495,0.29197313588778506,0.48980859107446584,-1.0521375278032998,1.920860295120517,2.469334435400563,-0.556326009473697,1.2668682352003455,0.6523668091365641,-0.3110764734835541,0.19655830611036637,-1.6179603524075854,-0.22161629643366274,-0.4091371357489745,1.6775504142570543,0.9121590766590222,-1.5987622612861772,1.2056496871644835,0.4843323287673588,-0.37409092945157835,0.5737949099093694,-0.4337234836538465,0.46265025864241494
1.5548853431653475,0.2972555308097986,1.0793839771339637,1.9663951620281803,-0.05826016309276735,-1.460075121912673,0.4102957947650497,-2.1757456671042337,-0.615716688804815,-0.39968597651271326,1.8998424965501413,0.06286541943784728,0.3780378484334355,1.3234540614639505,-0.6334607812386559,1.201051459289109,-1.5217121649951457,0.6040541785716592,-1.2810105630248663,-0.07692264264048981,1.2634562639986464,-0.5008234046903384,-1.2304707796976124,1.3299506590399544,-1.2845284456273962,-1.8860096609281256,-0.9120555702374539,1.6558991254508044,0.8852014713201023,-0.565362924155407,2.080824926608291,2.611599234709421,1.0105225514181653,-3.2348064037455653,-0.46799629738263115,-0.7517787835069552,1.7053909342931675,-3.2831522273835065,-4.327559365786359,0.7587729751045833,-2.3552867640000965,-0.5579675068803157,0.39733457965970054,-0.29024781196346355,2.390215823640347,0.5922343358396197,0.8102476643309171,-2.5721537864296424,-1.3511496494861748,2.9375747626146467,-2.1500786443678623,-0.856060099900853,0.8156349085969367,-1.0637573597313537,0.32213051852131563,-0.3654756072393653
1.0804365911418283,0.08257956750066715,0.737953875118089,0.10771785672298786,0.11292333484436522,-0.9203946225915625,-0.9860311396805181,-1.1339333416809605,1.0538077561073411,-0.07998476983853145,0.8484784935154761,0.8586453637903902,-0.1606638046625714,-0.29250742361590115,0.29735116771803105,-0.391394494956356,-0.4383055631431447,0.6783111203948916,0.30487841324745063,0.010829372425867406,0.4678264637426209,-1.7264456946472666,-0.5557393962814182,-0.04628639718628043,-1.7048021585992146,-0.22985257477590074,-0.2982312353890952,0.8852014713201023,1.410381900643442,-0.32382073463705,1.8716947081238622,0.6407012736393036,-0.2804138486484855,0.1850778223651722,-0.08086808030193937,-0.02699868729434241,0.35319572778046343,-1.1980915807919934,-1.8889480482747305,-0.27944822098566274,-1.409574506628725,1.4096583972163093,-0.24412014111874297,0.02646162069474128,-0.21440108755631743,0.8342635459365795,0.6169817838189535,-0.08392388029210027,0.10908184564932837,1.6655380259074888,-1.043431170220496,-0.3941628078855839,0.808023784234726,-0.6286239516315868,-1.0964458923009242,1.0982850907146338
-0.5366163570455742,-0.09973128409138535,-0.3722348266650284,-0.6496396909688363,0.016572250634423604,0.5017270905038244,-0.1123157595675636,0.7421789390659941,0.17836020824702137,0.13338215031364664,-0.6448011137455302,-0.04047055743773251,-0.12071451381144285,-0.4288213452605619,0.2016268749621003,-0.3862587685534485,0.51090604627837,-0.21442574483424467,0.4145677206873694,0.025065592656015562,-0.42659136683666915,0.20459830275835328,0.41776120827808677,-0.43663099890501467,0.462024528160982,0.6259961159205533,0.3070356070623497,-0.565362924155407,-0.32382073463705,0.19352643643328055,-0.7279359806039138,-0.8742596231547166,-0.32611158805533924,1.0603375189479392,0.15588426512940862,0.24803830082439846,-0.5693943993925148,1.1081143736871275,1.4677531833643087,-0.2432807694639141,0.8076173159860941,0.1511568097657405,-0.1251405862761007,0.09491423193132799,-0.7817002951628828,-0.21412871063251215,-0.28087332599511083,0.8484504115180718,0.4421619861645477,-1.0051500693096922,0.7316475599865333,0.2908171120894757,-0.28704701525860044,0.3645745201837207,-0.08075597247705117,0.09497878389345682
2.1558306924725557,0.3116934613838249,1.4867714550212865,1.7065567170401,0.043519413659096874,-1.9480824475849972,-0.4610571987916256,-2.7104407796765844,0.3468138032666119,-0.3939401128065119,2.2519513588103592,0.7474815622802543,0.18112764679107826,0.8528313473720645,-0.2807132170566485,0.6719135753624146,-1.6082289708675725,1.047023194204891,-0.8078563527083491,-0.05457112145383786,1.4194815786662627,-1.8112603327864174,-1.4635492547496516,1.0576815535878594,-2.4390850004700093,-1.7393238940578883,-0.9926969117036043,2.080824926608291,1.8716947081238622,-0.7279359806039138,3.2300431647877224,2.669716325523505,0.6049376980785818,-2.5138316632262647,-0.45090786192665094,-0.640948596721764,1.6905264545791554,-3.6743473066652284,-5.094155018701435,0.3984104849252283,-3.0816257321967555,0.682695671040776,0.12940150026090114,-0.21757032506550247,1.794571200227177,1.1636490800514763,1.1671261715332253,-2.1861087488697986,-1.0242569100729413,3.768519428179949,-2.6159737848972737,-1.0243145170210906,1.3263541794705356,-1.385316950767067,-0.6231220684687494,0.5889185178310432
2.2513944239307113,0.5303363045288396,1.5726236528064994,3.8617722545150928,-0.2080083434263907,-2.190013652656264,1.6186673874350412,-3.454984619690754,-2.0857908633672566,-0.7381110930451535,3.131047973721178,-0.5658649269516254,0.8886163937817801,2.8933197184200914,-1.5116887922101732,2.727232957663798,-2.7023642364694997,0.6662179375096882,-2.818061189083275,-0.16319015252970975,2.159980400668328,0.38590978314980695,-2.0228845242520785,2.7078979399962164,-1.205247447825105,-3.601906711227437,-1.591054832279408,2.611599234709421,0.6407012736393036,-0.8742596231547166,2.669716325523505,4.727759961337435,2.2551919206233517,-6.644791756124776,-0.874571624492129,-1.487836281674402,3.139796201094499,-5.626986254903371,-7.1673365313973925,1.748890763252493,-3.5933309226746455,-2.256658302855217,0.9946272095621891,-0.6041598583259369,4.972457353996953,0.5167800811723833,1.1296973896579074,-5.097333659734187,-2.8010837841233416,4.556271033515923,-3.4763935711933964,-1.40129164248605,0.9865271397843204,-1.6293725361654698,1.5306258280617675,-1.619146668395595
0.7306421375065214,0.2482338902565797,0.5177747559725773,2.0261361196602183,-0.16170304430499532,-0.7685429721964143,1.3058385364508251,-1.353300965586305,-1.5867007969630895,-0.3609608739939826,1.3057348065540235,-0.6840648901646574,0.5483387575095605,1.6832715478475773,-0.943459186720183,1.6378642469476443,-1.2571397958947625,0.05742953440724928,-1.6483339436902524,-0.09242963580532011,0.9527997471719857,0.9716666277855367,-0.8402519406329201,1.4746757799921335,0.10760696726590717,-1.8325043477466219,-0.722370913430302,1.0105225514181653,-0.2804138486484855,-0.32611158805533924,0.6049376980785818,2.2551919206233517,1.3352325128833533,-3.650300409594063,-0.43385152797994314,-0.7870356728825967,1.5297305585142265,-2.4912915467830925,-3.012588691408655,1.0629134365971962,-1.3055476733888092,-1.836021309366475,0.6422182429883114,-0.33616044044084753,2.7652153956942573,-0.09187247324953889,0.333480600348412,-2.7001850638958036,-1.5525232012772925,1.70932685668223,-1.4048708484992536,-0.5779892768231549,0.1720068954952069,-0.5966597296363829,1.3074475920374102,-1.3557989091175455
-2.5283763536728654,-0.736595349493235,-1.7798308625346588,-5.768554271769279,0.40809204716816083,2.566550351773595,-3.263668618605415,4.309907243352022,4.027715106707883,1.0538419056084762,-4.05274152383914,1.562468932091055,-1.4794839372871749,-4.628028363317677,2.5365682166421846,-4.457240090447862,3.739006963138186,-0.4540618045144792,4.524034191580097,0.2563818409530891,-2.892194820236189,-2.0013094688565785,2.6121648957834114,-4.144860063476251,0.4296498473678244,5.274258281773476,2.1684427760231495,-3.2348064037455653,0.1850778223651722,1.0603375189479392,-2.5138316632262647,-6.644791756124776,-3.650300409594063,10.229533020598609,1.2600798136930806,2.234361705057048,-4.472237958560235,7.551421852756788,9.320934139686676,-2.881633765337964,4.293647640909118,4.578726371274056,-1.7087125393239504,0.9379949417360309,-7.717260286365582,-0.09950733958663889,-1.2072939831211673,7.661966675821348,4.337693914622905,-5.544137378675844,4.416606151830274,1.8019596530015125,-0.8334648742144077,1.9555710708164276,-3.2207029988538625,3.3564653882954008
-0.39442085852820113,-0.09780039276395433,-0.27598354757191407,-0.7261987885306503,0.04249307409477997,0.3873823969085605,-0.3337227540144838,0.6201872324883823,0.423863158238628,0.1371105543488282,-0.567134511936899,0.13128565083421886,-0.17237831163969225,-0.5547013404836351,0.29392898022203334,-0.5261497759915025,0.49784989613033537,-0.10651307521752335,0.5408408264876513,0.03112543783881003,-0.39458566137824763,-0.12199020107551203,0.36619532640293495,-0.5126811871716607,0.17910212478775442,0.6736519163517628,0.29197313588778506,-0.46799629738263115,-0.08086808030193937,0.15588426512940862,-0.45090786192665094,-0.874571624492129,-0.43385152797994314,1.2600798136930806,0.16285549474797575,0.2801974415859799,-0.5828767259731279,1.0285264683193487,1.2997547791908886,-0.33821339481826207,0.638471033673765,0.46625323569670485,-0.1947720063784315,0.11484308330442332,-0.9451070813925493,-0.07385630799620276,-0.19578195047738434,0.9602018012156646,0.5320645282199845,-0.8130326343836415,0.626804103294711,0.2534095761001147,-0.1633109113026205,0.2898099937058254,-0.32023782974920195,0.33700658167364306
-0.6062211766871843,-0.16548525689720014,-0.4256612719863505,-1.2701459702713984,0.08407926022990489,0.6069228446048319,-0.6684384520586332,0.9994559794651368,0.8327381252906505,0.23493006145841694,-0.9293835463559835,0.3014871756514599,-0.3167363883619273,-1.0008612070657066,0.5419942843493633,-0.9586715555629854,0.84092913009779,-0.13207576113962124,0.9774640978990607,0.05570329428843275,-0.6566467849245743,-0.35613529181122666,0.5994515864772767,-0.906707070219992,0.17591138274867238,1.167604856091564,0.48980859107446584,-0.7517787835069552,-0.02699868729434241,0.24803830082439846,-0.640948596721764,-1.487836281674402,-0.7870356728825967,2.234361705057048,0.2801974415859799,0.4912665451558934,-0.9976413009128404,1.7133607598955451,2.134502743940801,-0.6185212899143558,1.0090995256029576,0.936516793443098,-0.3630058523816366,0.2044242156837076,-1.6820413708158888,-0.06179880962084175,-0.2943126625185057,1.6842119948499057,0.9459841779885938,-1.2955846372249509,1.0185171327699996,0.4140389277333944,-0.22149055743966073,0.45895963887841684,-0.6537256936848339,0.6834088771625252
