V1,V2,V3,V4,V5,V6,V7,V8,V9,V10,V11,V12,V13,V14,V15,V16,V17,V18,V19,V20,V21,V22,V23,V24,V25,V26,V27,V28,V29,V30,V31,V32,V33,V34,V35,V36,V37,V38,V39,V40,V41,V42,V43,V44,V45,V46,V47,V48,V49,V50,V51,V52,V53,V54,V55,V56
1.3800390233707058,0.21598187245600545,0.9533480015048613,1.2594934753234934,0.007498334261963584,-1.2595484028586714,-0.126434969631004,-1.7852265296729974,0.025362507733590528,-0.27842238298634864,1.50416968314927,0.37033094633415453,0.17213585987813745,0.7068106234219703,-0.27758198901799025,0.5928329003961604,-1.111662050857087,0.6359253529608502,-0.6757477733313849,-0.04346393492060896,0.9631006623967799,-0.9765150072184762,-0.9766004936860216,0.8058633947266675,-1.4535624546831873,-1.2568438486104807,-0.6799992800680161,1.3672525260275543,1.0926009957628295,-0.47514547688430503,2.011174726584196,1.8648167847107577,0.5176584891856174,-1.9321016498595665,-0.3210726458954202,-0.47604707490342346,1.1925786926591126,-2.4958792711786493,-3.4093863320753686,0.36210586366047265,-2.0028119752639593,0.19847105226003428,0.151877980273008,-0.16955682330560415,1.3976727001442226,0.6887943093952366,0.7399646453297045,-1.6254974311808443,-0.7947571727327372,2.4622509929073093,-1.7343995817582873,-0.6823425781507058,0.8170341044274211,-0.901473241738298,-0.22365620593388566,0.19751953084768964
0.21598187245600545,0.05004226934655397,0.15078449138929265,0.3619988812255528,-0.01892242248983299,-0.20945968875744322,0.146728403618292,-0.3289019506307339,-0.190124006555113,-0.069478249395457,0.29719517287926234,-0.048800340129507305,0.08239809151280886,0.26940577443201413,-0.14005675715251245,0.2533799318403693,-0.2550782749021139,0.06565213036692806,-0.2623014527594153,-0.0152227452826215,0.20445242884076636,0.027744636216212083,-0.19204627410201136,0.2532446920547006,-0.12108842811032475,-0.33826720207135563,-0.1503759516183813,0.24875111134096992,0.06681587604309579,-0.08340529315569738,0.25897804966947086,0.4456449065418206,0.20973353289072277,-0.6210788926683496,-0.08225548363698598,-0.13939810877904776,0.295610696403831,-0.5325205971951217,-0.6800557631273674,0.1623465540605224,-0.34318940992585023,-0.204390978312497,0.09191646567861249,-0.056423099662618034,0.4644000029046629,0.05242096925420382,0.10873784050557579,-0.47753664943373836,-0.2616624628758052,0.43456625255742715,-0.3304667678862123,-0.13307869095929906,0.0962636535845837,-0.15556569538517362,0.13795164805933358,-0.1462286130975246
0.9533480015048613,0.15078449138929265,0.6587386017048495,0.8861304947122912,0.0032229198761758115,-0.8713128114853345,-0.07112697346223232,-1.2380776269207476,-0.0013807109497242832,-0.1948602839189225,1.0451159841379372,0.24543268161329396,0.12431426075005043,0.503736611793414,-0.20116565849913376,0.42517598046509647,-0.7758475251549033,0.43600644992210175,-0.48205966239865666,-0.030845444834293172,0.6705535753835752,-0.6570038465892559,-0.6784655067103311,0.5690800916344757,-0.9937773173843586,-0.8820293701199502,-0.47403224576624803,0.947901033587211,0.7446367631614629,-0.3291170102371604,1.3839123694794868,1.3032153357111842,0.3701398261609966,-1.3657553500294872,-0.2249177817673992,-0.3351788855826654,0.8344597078100828,-1.738003366290001,-2.3695101886923227,0.26043821131557837,-1.3864635478094867,0.11417712107203362,0.11155561825702001,-0.12004240647192675,0.9894525486058711,0.4704347161254279,0.5104882371183108,-1.1446437608953222,-0.5623968058113614,1.7057460054729012,-1.2038928165051086,-0.47393075718490035,0.5613393848398535,-0.6241590800091036,-0.13766155604481217,0.11919832238346686
1.2594934753234934,0.3619988812255528,0.8861304947122912,2.823501056755662,-0.19718639709891914,-1.2747640920899603,1.5752129701565483,-2.1319184869091234,-1.9474439906468484,-0.517099041394722,2.000085112865704,-0.7459169005366075,0.7201554592624223,2.2572056267591556,-1.234238155143967,2.1715793525494385,-1.8379361738480615,0.23647309228329438,-2.2060833205100887,-0.12515799559676047,1.4244146174379433,0.9421087094293336,-1.2893280215878509,2.026133497324138,-0.2463350735745855,-2.584350068614453,-1.0668493380039432,1.6008395051755016,-0.06056165159829777,-0.5254542839215854,1.269184905045048,3.263359568681181,1.7792881334505386,-4.999001647499498,-0.6179812700274842,-1.093327490907183,2.194728199961218,-3.718600798318231,-4.598685091779965,1.4033786064157265,-2.1298209617415096,-2.209368145518957,0.8304915675436242,-0.4581810158474805,3.76970813311563,0.06638421653633846,0.6035519814132294,-3.7490020907213317,-2.1191088846586514,2.7468311341533735,-2.182179880221234,-0.8896508806321545,0.42478149835174694,-0.9697573951965279,1.5518550248149179,-1.6182129609542204
0.007498334261963584,-0.01892242248983299,0.0032229198761758115,-0.19718639709891914,0.024907882368931822,0.00842011156800445,-0.20673756385258887,0.05156062168662116,0.2403132000559274,0.03054128709606953,-0.06828294208034165,0.13411771671803158,-0.06768983074017006,-0.1926462326644693,0.11804409243639623,-0.19550772427211285,0.09431296964372571,0.045370279261684396,0.19003954867677011,0.010183462188304394,-0.061245264590399015,-0.22875128302140096,0.04320590700345052,-0.15292709296995058,-0.1395597314530045,0.16834782954101127,0.05069391558107205,-0.03559670148965413,0.1348520033143035,0.008608409975894491,0.07994996349716935,-0.18017492583221206,-0.156465641367165,0.38386478610825525,0.03786080110471935,0.07771559120803928,-0.12835849022031479,0.16203537514502972,0.1627237321206548,-0.12879772116722987,0.025919957458707166,0.29243255293422904,-0.08350115380552378,0.036061292563148564,-0.2963890107594579,0.07226876329465168,0.012768751716735078,0.2672857353940599,0.16555463825606856,-0.047519618591304526,0.0636163300914366,0.028823498003948542,0.043548744197863615,0.013021533752922986,-0.21523325436137217,0.22027166405941134
-1.2595484028586714,-0.20945968875744322,-0.8713128114853345,-1.2747640920899603,0.00842011156800445,1.1589469730842317,-0.011080839023642755,1.6669617880247676,0.12427500011847617,0.2737885335168581,-1.4197708164503413,-0.2569092165587637,-0.1992298825496061,-0.765705861521436,0.3267293434998918,-0.6630554501373409,1.0762014877876618,-0.5546748881742516,0.7356512979894786,0.046064753462977524,-0.9198179893573438,0.7541017620846338,0.9211114531002588,-0.8320603100599312,1.2458365767280115,1.254635444185307,0.6540132724352881,-1.2742878708989904,-0.9180765322060376,0.4405293937390966,-1.7932129835781943,-1.8188138451059737,-0.5702293054252398,2.005476372349944,0.31735033947946417,0.4837741431790131,-1.1712206690042533,2.385748942739285,3.222967100688631,-0.41075617124346175,1.8505368622642608,-0.0023052097347927036,-0.1903780572818876,0.17745340163108375,-1.4622318014651736,-0.5865935196700803,-0.669988883209508,1.6530609635763323,0.829637731377027,-2.284652952126444,1.6278029253749984,0.6427356547278238,-0.7216932820832346,0.8337654198868806,0.07276158353391227,-0.04572707647890861
-0.126434969631004,0.146728403618292,-0.07112697346223232,1.5752129701565483,-0.20673756385258887,-0.011080839023642755,1.7189324195774405,-0.3440518316163694,-1.9924327695970667,-0.24009329095208048,0.4957093357509104,-1.1285638906433684,0.5528618167950968,1.563346508354567,-0.9651870687126479,1.5923663323008734,-0.7296851691435073,-0.40557237994839473,-1.5431938593497239,-0.0823554475587453,0.4626062572667803,1.9409496480518138,-0.31250219972309784,1.2296147204637915,1.224130408642521,-1.336378628036587,-0.3883679175845664,0.23124849231699218,-1.1683020051005895,-0.04919030079042147,-0.7561817547305858,1.4060499971971085,1.272364351582335,-3.0907031117095274,-0.29875715970466654,-0.6217746405786337,1.0080178062327858,-1.2263401820685313,-1.1894780226386859,1.0503541874427387,-0.12145255360294346,-2.432363263268877,0.6848183575501032,-0.2909058828246549,2.390774327085296,-0.6309184603529182,-0.14028148678720456,-2.139006644553679,-1.3347648111633255,0.27902119152756066,-0.446314076472931,-0.20704017768970967,-0.39891756049885546,-0.06589312714232617,1.7938580553399313,-1.8343887638533007
-1.7852265296729974,-0.3289019506307339,-1.2380776269207476,-2.1319184869091234,0.05156062168662116,1.6669617880247676,-0.3440518316163694,2.4602957780545873,0.5588667019383593,0.4391342233378616,-2.134152325189298,-0.15361821853344126,-0.3917350332945686,-1.3983827308526602,0.6536006244560209,-1.2564635069257424,1.6852738469535005,-0.7193783574663799,1.3513618474739384,0.08189403891082028,-1.40964264477224,0.7127639429872539,1.3828467033186396,-1.4299946723800887,1.555985609031117,2.0574114747615755,1.0136380682087995,-1.8746796885453705,-1.0958100759984142,0.6422178497190395,-2.4316296627478833,-2.881162877467615,-1.0620306517544642,3.470897061617283,0.5129100284821665,0.813642726062694,-1.874902661484215,3.661269006997457,4.856910036705415,-0.7905644318009908,2.681511574950089,0.4610122163112378,-0.40420918276605683,0.31044687189628684,-2.5569049465707465,-0.722212756776897,-0.9356712389546947,2.7829732492965187,1.4465870278575785,-3.335205451660338,2.423564592632764,0.9628231783821046,-0.9605734094264651,1.2102963642351983,-0.23791367951438738,0.2844862710133111
0.025362507733590528,-0.190124006555113,-0.0013807109497242832,-1.9474439906468484,0.2403132000559274,0.12427500011847617,-1.9924327695970667,0.5588667019383593,2.3201645353467564,0.3044719044289282,-0.7107920704903234,1.2827278587906163,-0.6596421480541819,-1.884748423527094,1.1495767893238935,-1.908497449678089,0.9488151505903505,0.41651736049432897,1.8585119669514962,0.09983735164043789,-0.6243697060112056,-2.176061898515045,0.45059990031966973,-1.50450358641635,-1.298350931572075,1.668821059607315,0.5128069994865863,-0.39042779882664425,1.2651898946426203,0.09934541194620326,0.7036041044055417,-1.8037830168505609,-1.528852433039174,3.7733864225957725,0.376622008490094,0.7668372496667911,-1.2803974689178088,1.6501041976401782,1.6879020953901638,-1.2563216462731082,0.3186391159000035,2.8176486897385047,-0.8116614824878836,0.35407472336096035,-2.910290055613637,0.6745095834049432,0.09809236556387549,2.63696865352909,1.626086085436734,-0.5429231317687672,0.6735713324883869,0.30165598390582543,0.3927482694679318,0.15650687881488057,-2.07117162083852,2.1207255644957894
-0.27842238298634864,-0.069478249395457,-0.1948602839189225,-0.517099041394722,0.03054128709606953,0.2737885335168581,-0.24009329095208048,0.4391342233378616,0.3044719044289282,0.09748989136445116,-0.40201814858429263,0.09557141495310918,-0.1231868637592604,-0.395871902297567,0.21010635667523728,-0.37576762684720927,0.3536337384034739,-0.07426882424971983,0.38602766077619116,0.022199887301823998,-0.27999640281401605,-0.09101201814547927,0.25956149381500454,-0.36535139727872884,0.12354208229872835,0.47937250862625724,0.2072973263282717,-0.33130333723569044,-0.05425822491191106,0.11028457843489937,-0.31678309690250345,-0.6215342318876601,-0.309748889332805,0.8981384595879003,0.11582783219816235,0.19955281467699304,-0.4144105672976249,0.7298884955712548,0.9214737565610691,-0.24161245937835277,0.4515050228610474,0.33551732399294476,-0.13933924123399058,0.08187892746086421,-0.673817540475404,-0.05063297524350415,-0.13801106215999984,0.6838624455503267,0.37931001351781607,-0.5752566418129978,0.4440640242601667,0.17959490314107557,-0.11442376501073698,0.20497043870251927,-0.23074915620024594,0.24269984521593282
1.50416968314927,0.29719517287926234,1.0451159841379372,2.000085112865704,-0.06828294208034165,-1.4197708164503413,0.4957093357509104,-2.134152325189298,-0.7107920704903234,-0.40201814858429263,1.8745340310311494,-0.0025264973001247067,0.3986117147724094,1.3744980071956465,-0.670121567187608,1.2571620859369634,-1.5201955397424929,0.5642544028440034,-1.3321078098286574,-0.07940916544341532,1.2541206904898137,-0.377351266236159,-1.2135970625713457,1.361995735894334,-1.1795027742682986,-1.9084865371989408,-0.9083849668393158,1.6225181421602182,0.7945180987986085,-0.552288219722251,1.979860111370637,2.6176647315885284,1.0539326063102779,-3.3183841704956953,-0.4717215104233047,-0.7657606991927405,1.714417383274243,-3.260260389244168,-4.273311828015281,0.7967229104554497,-2.2961098515981138,-0.6794656254108089,0.42480612350959457,-0.2985135266834954,2.458006662897987,0.5400607548482861,0.7796254633855538,-2.620649511644359,-1.3885293505143035,2.870958912473259,-2.1149707540518414,-0.8437360299859846,0.770279295091763,-1.0376534540767512,0.41423978242546855,-0.4586549311858715
0.37033094633415453,-0.048800340129507305,0.24543268161329396,-0.7459169005366075,0.13411771671803158,-0.2569092165587637,-1.1285638906433684,-0.15361821853344126,1.2827278587906163,0.09557141495310918,-0.0025264973001247067,0.8011829319400919,-0.31837585927542283,-0.8541564671159689,0.5606280806471469,-0.8966529078508261,0.23480916648816255,0.3933213555251646,0.8477471017905243,0.04369020278062712,-0.09471631068535094,-1.4490911092692487,-0.004349853833528857,-0.6194280972424564,-1.0895093640150435,0.5933479363053883,0.10646057671165775,0.1383285577524889,0.9780550362530517,-0.06805758761049636,0.9063736638941864,-0.510579509746559,-0.7072467962246403,1.5765602373177023,0.12424268832373553,0.29885533256905195,-0.39629610403794174,0.2630850680492138,0.04797174734727437,-0.597514378404188,-0.3419416199119048,1.601066432619574,-0.40722361601717383,0.15096823324681163,-1.2398352783710962,0.5488796817666741,0.245042612261594,1.030664841517982,0.6891711549852261,0.3372222379276885,-0.07740077607907792,-0.01028563622347561,0.42701690481674465,-0.14671129164903754,-1.1969796075708534,1.217486626244532
0.17213585987813745,0.08239809151280886,0.12431426075005043,0.7201554592624223,-0.06768983074017006,-0.1992298825496061,0.5528618167950968,-0.3917350332945686,-0.6596421480541819,-0.1231868637592604,0.3986117147724094,-0.31837585927542283,0.21085394899938267,0.6304017261285357,-0.36454885700035594,0.6223721537471273,-0.41560227183394044,-0.036351233646033786,-0.6188674879357661,-0.03417601113130458,0.30358812448207984,0.49483345532791134,-0.25569179368756645,0.5346298228085584,0.18203727445285864,-0.6402002729117396,-0.23491280276881393,0.2892772344281658,-0.21948125389330586,-0.09014712146361527,0.06037979398745961,0.7577895075547764,0.5041250777198057,-1.3293087417039713,-0.14934617192471963,-0.28098619075114534,0.5208628147559214,-0.7959068686625822,-0.9254478839159676,0.40603573531100806,-0.3513775249332826,-0.7792866367421822,0.251656978074548,-0.12320918863780524,1.0132297525755014,-0.1031950413447784,0.06815555446242709,-0.9647473352978558,-0.5679259062811038,0.47518165315840455,-0.4179028384566001,-0.1748854318791909,-0.0060184991773274184,-0.1618955439577207,0.5627226065586314,-0.580278955654209
0.7068106234219703,0.26940577443201413,0.503736611793414,2.2572056267591556,-0.1926462326644693,-0.765705861521436,1.563346508354567,-1.3983827308526602,-1.884748423527094,-0.395871902297567,1.3744980071956465,-0.8541564671159689,0.6304017261285357,1.9145400733756512,-1.0868070947866513,1.8738785551915071,-1.3622933504958799,-0.005490468631450511,-1.876698966200583,-0.10459083180780959,1.018543667544882,1.265409189292702,-0.8835004953482264,1.6556829732066967,0.2958558532982398,-2.027868707002312,-0.7780225805565631,1.0402258268895972,-0.45902598314673126,-0.33177184644588015,0.48467946895760566,2.458805184538736,1.5236603640432864,-4.105605154397458,-0.4773839986936875,-0.8783200427746194,1.67621895737076,-2.665778733284193,-3.178303297582847,1.2186961300546282,-1.3165642826865325,-2.2004755320793703,0.7440875601973599,-0.37905827293614264,3.117755985835663,-0.1886805526658515,0.3098619388888292,-3.014261838338085,-1.7492938921572614,1.742267705155666,-1.4654257152999244,-0.6065169681470333,0.10943613534957211,-0.6032965807837158,1.5765070569269635,-1.6308262815224395
-0.27758198901799025,-0.14005675715251245,-0.20116565849913376,-1.234238155143967,0.11804409243639623,0.3267293434998918,-0.9651870687126479,0.6536006244560209,1.1495767893238935,0.21010635667523728,-0.670121567187608,0.5606280806471469,-0.36454885700035594,-1.0868070947866513,0.630598175253168,-1.0746604815527439,0.7060625570562284,0.07360223026719283,1.067215212125703,0.05883610539970839,-0.5133222864073729,-0.8778299974911037,0.4296635967120351,-0.91836202270176,-0.340613366324201,1.094990584099546,0.3982565944046063,-0.4818614408983443,0.4000129357820644,0.14936900581496912,-0.0726938482640736,-1.2900205933201314,-0.8698759139419356,2.2845809555636025,0.25498940602263237,0.48181658264487665,-0.8881304422647173,1.3462291033410383,1.5571440960017253,-0.7015070640317925,0.5797781344132048,1.3608071078809614,-0.4359596783616433,0.2119039602796019,-1.7425723699299562,0.1909054850456425,-0.10677873368588947,1.6544299458746046,0.9765467328532684,-0.7880350373060953,0.7000089224867189,0.29364450733677144,0.02368554397083822,0.2674742492597369,-0.9839364476114046,1.0140992053496711
0.5928329003961604,0.2533799318403693,0.42517598046509647,2.1715793525494385,-0.19550772427211285,-0.6630554501373409,1.5923663323008734,-1.2564635069257424,-1.908497449678089,-0.37576762684720927,1.2571620859369634,-0.8966529078508261,0.6223721537471273,1.8738785551915071,-1.0746604815527439,1.8428341718303975,-1.279528980146565,-0.06179060413062909,-1.8383536145068848,-0.10194071004086548,0.9449948016988472,1.3662052412982537,-0.8072165458498533,1.603309092974571,0.4277763705704183,-1.9398592585366488,-0.7267654850325524,0.9311839971770811,-0.5608877632895398,-0.29353844886717695,0.31235288519924875,2.321947452917087,1.49526729305403,-3.9815873185839763,-0.45443680682805704,-0.8462436252729734,1.589881296049525,-2.475474846431706,-2.9130631181335027,1.2005793568849368,-1.154470084116975,-2.2431358843139764,0.7391476931530142,-0.3683887709460789,3.0297287276440694,-0.2517463667256604,0.24795932289839093,-2.9049066580182976,-1.698970472095325,1.5444007348325703,-1.328766872528877,-0.5530944001755334,0.038430833465437894,-0.5304591894007337,1.614275027155125,-1.6669027143878028
-1.111662050857087,-0.2550782749021139,-0.7758475251549033,-1.8379361738480615,0.09431296964372571,1.0762014877876618,-0.7296851691435073,1.6852738469535005,0.9488151505903505,0.3536337384034739,-1.5201955397424929,0.23480916648816255,-0.41560227183394044,-1.3622933504958799,0.7060625570562284,-1.279528980146565,1.3004587811861306,-0.34310535849247253,1.3260704502664955,0.07706049286304271,-1.0440835130899524,-0.11511911802906644,0.9824549994041389,-1.2839653265759337,0.6395560770569657,1.719363562406875,0.7672486276844354,-1.2749947458666866,-0.359874892645468,0.42790209565707743,-1.3415154952140802,-2.2701638409306617,-1.0597684723906402,3.14784462812253,0.41846380049968973,0.7075350329817,-1.5048067269157739,2.719137130437466,3.477802061703507,-0.8193995285326613,1.7618413367238075,1.0159068896944656,-0.462647010790608,0.28582900201790473,-2.3526128903016175,-0.27830132201799107,-0.5607593032592428,2.4236793883437997,1.3257348496221815,-2.2291741545173958,1.6918683918729573,0.680928297310888,-0.5003159778755805,0.7984793308082454,-0.6835237193209387,0.7254835328207496
0.6359253529608502,0.06565213036692806,0.43600644992210175,0.23647309228329438,0.045370279261684396,-0.5546748881742516,-0.40557237994839473,-0.7193783574663799,0.41651736049432897,-0.07426882424971983,0.5642544028440034,0.3933213555251646,-0.036351233646033786,-0.005490468631450511,0.07360223026719283,-0.06179060413062909,-0.34310535849247253,0.3636863385684843,0.015125839029502859,-0.0024654455202049136,0.3317461274803486,-0.8266115765373991,-0.36824958644491107,0.10619545933407179,-0.8917293357133279,-0.283885450317255,-0.22167010069387047,0.5575112835799169,0.7207678297684708,-0.20008663767169543,1.0430956587645808,0.5385375518398318,-0.029935027740876398,-0.22559450710444603,-0.08119372263348702,-0.08400958245893343,0.32226523696049497,-0.8541284330375222,-1.2655484632619187,-0.053553500318597645,-0.860868620580744,0.5825511760909166,-0.07215120284695373,-0.01579576639165465,0.13166875765409775,0.4329033340667851,0.35572314220079704,-0.2836199354236099,-0.07989491185581868,1.031963953129399,-0.6761021566817623,-0.2595920135015927,0.44241263895344274,-0.3851963838333188,-0.4638016981148222,0.46048976144220083
-0.6757477733313849,-0.2623014527594153,-0.48205966239865666,-2.2060833205100887,0.19003954867677011,0.7356512979894786,-1.5431938593497239,1.3513618474739384,1.8585119669514962,0.38602766077619116,-1.3321078098286574,0.8477471017905243,-0.6188674879357661,-1.876698966200583,1.067215212125703,-1.8383536145068848,1.3260704502664955,0.015125839029502859,1.8398674051360622,0.10244957852591903,-0.9894456113891061,-1.2624489320976136,0.8561036794666076,-1.6199861318290127,-0.3138779089767172,1.98002602622197,0.7566463844747696,-1.0046488634043802,0.46923028517687176,0.31982803583622416,-0.44711448017292105,-2.395589185546897,-1.494230522909518,4.018098360686042,0.46573613653047924,0.8586420760784745,-1.6343258777358483,2.5900001509492143,3.081332613201798,-1.1959500254245625,1.2673761823465088,2.172423146375125,-0.7312573321157084,0.3711138905318003,-3.052366660897769,0.19653565610667292,-0.2941827461619492,2.946855039945928,1.7124444574092026,-1.6800486878534475,1.418234462079301,0.5875269003312483,-0.09541090457308717,0.5810054447276755,-1.5576536056818193,1.6108063266724961
-0.04346393492060896,-0.0152227452826215,-0.030845444834293172,-0.12515799559676047,0.010183462188304394,0.046064753462977524,-0.0823554475587453,0.08189403891082028,0.09983735164043789,0.022199887301823998,-0.07940916544341532,0.04369020278062712,-0.03417601113130458,-0.10459083180780959,0.05883610539970839,-0.10194071004086548,0.07706049286304271,-0.0024654455202049136,0.10244957852591903,0.005734891690693808,-0.05818769391689502,-0.06287104530261596,0.05108487922368635,-0.09129329444031334,-0.009388343495289926,0.11298499070761342,0.044205820210669,-0.06108942483354478,0.019605990025188733,0.019653268826478394,-0.034420242071238595,-0.13847267272627625,-0.08304284023929032,0.22609333524984224,0.02670717676722481,0.04864048298942744,-0.09405870997373998,0.15218383639046634,0.1833226527978225,-0.06619646503543147,0.07849849970756306,0.11582979411604988,-0.04011717251050865,0.020836167400947916,-0.17139161340092732,0.007019873905933264,-0.019639353771722018,0.1668909671082479,0.09620922298703963,-0.10306486977063456,0.08522894597385125,0.0351210052226389,-0.009344976166786739,0.03590005686424156,-0.0826319562512251,0.08562577977450703
0.9631006623967799,0.20445242884076636,0.6705535753835752,1.4244146174379433,-0.061245264590399015,-0.9198179893573438,0.4626062572667803,-1.40964264477224,-0.6243697060112056,-0.27999640281401605,1.2541206904898137,-0.09471631068535094,0.30358812448207984,1.018543667544882,-0.5133222864073729,0.9449948016988472,-1.0440835130899524,0.3317461274803486,-0.9894456113891061,-0.05818769391689502,0.8498465902361109,-0.08414455100299602,-0.8112387063068973,0.9829264768539167,-0.6624344899101652,-1.3454319155414067,-0.6199564555121091,1.0691988963944574,0.41786936929219665,-0.361509022729486,1.2190371140649048,1.8101724704521687,0.7870676916397841,-2.402638229288278,-0.32994843558599735,-0.5468980207166451,1.1927439503783202,-2.2112512436460547,-2.863877959570527,0.6022856090689219,-1.4961052808294073,-0.6403789606082102,0.3314250755447741,-0.2171970853460048,1.7880562254440135,0.297501516430347,0.49301911789261516,-1.8725566773601354,-1.0087720104097107,1.8811549636776586,-1.405662159078157,-0.5631590979698783,0.4656384739488399,-0.6770247304095829,0.4160571798063544,-0.4481464207428268
-0.9765150072184762,0.027744636216212083,-0.6570038465892559,0.9421087094293336,-0.22875128302140096,0.7541017620846338,1.9409496480518138,0.7127639429872539,-2.176061898515045,-0.09101201814547927,-0.377351266236159,-1.4490911092692487,0.49483345532791134,1.265409189292702,-0.8778299974911037,1.3662052412982537,-0.11511911802906644,-0.8266115765373991,-1.2624489320976136,-0.06287104530261596,-0.08414455100299602,2.698769507886955,0.25513166261663106,0.8432546219423891,2.2115991374742867,-0.6847235972547548,-0.007545687433914871,-0.5808584843597234,-1.9315032924061353,0.23566344089683977,-2.043312564729974,0.390478161850933,1.0649133245384483,-2.1764250413123394,-0.12868669688681583,-0.3847103628940853,0.3677312538549248,0.1882454619967328,0.7838588405742668,0.9187755472851273,1.0865013176410572,-2.7584245846188744,0.650251412733082,-0.21233173883396003,1.7424731378014986,-1.1031389764161177,-0.6022063227957021,-1.3308769451814313,-0.9640368598339532,-1.1950835863839115,0.5709533809829174,0.1905148483606531,-0.929553959556007,0.4768636063492359,2.081335130312337,-2.109389870735434
-0.9766004936860216,-0.19204627410201136,-0.6784655067103311,-1.2893280215878509,0.04320590700345052,0.9211114531002588,-0.31250219972309784,1.3828467033186396,0.45059990031966973,0.25956149381500454,-1.2135970625713457,-0.004349853833528857,-0.25569179368756645,-0.8835004953482264,0.4296635967120351,-0.8072165458498533,0.9824549994041389,-0.36824958644491107,0.8561036794666076,0.05108487922368635,-0.8112387063068973,0.25513166261663106,0.7857430152332406,-0.8771595384601221,0.7717765216493677,1.2311651102710843,0.5873136401898337,-1.0514885068723097,-0.5216962460948383,0.35807240842363414,-1.2885781012699462,-1.6909215143972773,-0.6770563055535544,2.136619755790317,0.30447527371850647,0.49353813378534145,-1.1069920744015596,2.1088017097067637,2.7662811130616087,-0.51135272341060245,1.4891084141111888,0.4279401810558688,-0.271986604625207,0.19213662312408095,-1.5821071254719876,-0.35374818590992757,-0.5065779936825962,1.6889683035723948,0.8938168960622875,-1.8612436009446571,1.3698584933883697,0.5463310807810071,-0.5018866627670654,0.6728966208798247,-0.2592457298442453,0.28784790537349503
0.8058633947266675,0.2532446920547006,0.5690800916344757,2.026133497324138,-0.15292709296995058,-0.8320603100599312,1.2296147204637915,-1.4299946723800887,-1.50450358641635,-0.36535139727872884,1.361995735894334,-0.6194280972424564,0.5346298228085584,1.6556829732066967,-0.91836202270176,1.603309092974571,-1.2839653265759337,0.10619545933407179,-1.6199861318290127,-0.09129329444031334,0.9829264768539167,0.8432546219423891,-0.8771595384601221,1.4656704349265808,-0.015922964772415255,-1.8420672217219691,-0.7411344898784006,1.070569569476391,-0.17748335305189034,-0.3482443147278883,0.7377849940308555,2.292801418217042,1.309853743353645,-3.6229169663484493,-0.4380258271696426,-0.7859633285191403,1.5493637379279486,-2.568247951138109,-3.137435393786377,1.038650347541125,-1.4023311427553093,-1.7271675557618575,0.6221233742606489,-0.3329577550059146,2.7391130515441393,-0.03127079962530355,0.3767569436779294,-2.695876735649824,-1.5386831622691712,1.8230448129025352,-1.4748298643517057,-0.6042354031616248,0.2297004419340374,-0.6397654805051762,1.2232437693313156,-1.2712766263629753
-1.4535624546831873,-0.12108842811032475,-0.9937773173843586,-0.2463350735745855,-0.1395597314530045,1.2458365767280115,1.224130408642521,1.555985609031117,-1.298350931572075,0.12354208229872835,-1.1795027742682986,-1.0895093640150435,0.18203727445285864,0.2958558532982398,-0.340613366324201,0.4277763705704183,0.6395560770569657,-0.8917293357133279,-0.3138779089767172,-0.009388343495289926,-0.6624344899101652,2.2115991374742867,0.7717765216493677,-0.015922964772415255,2.228102866183914,0.3963091287655678,0.4282604149087578,-1.2122912813353321,-1.8333686523981942,0.4412124182184155,-2.483769964398312,-0.9565627550465526,0.2980805622745371,-0.05296417984585035,0.12848266106015174,0.0762400313340411,-0.5421980285550704,1.6991334492907313,2.6313852443528583,0.3109544965169483,1.9146617426912966,-1.7516542272929017,0.2865059833923547,-0.017218440300920217,0.1373397482514044,-1.0883113017528976,-0.8257056816136098,0.2501597700601572,-0.06231331666519786,-2.270998854065244,1.4400830558894666,0.5464557250381068,-1.0676322284253257,0.8546228561786445,1.3687156364776127,-1.3686148254629644
-1.2568438486104807,-0.33826720207135563,-0.8820293701199502,-2.584350068614453,0.16834782954101127,1.254635444185307,-1.336378628036587,2.0574114747615755,1.668821059607315,0.47937250862625724,-1.9084865371989408,0.5933479363053883,-0.6402002729117396,-2.027868707002312,1.094990584099546,-1.9398592585366488,1.719363562406875,-0.283885450317255,1.98002602622197,0.11298499070761342,-1.3454319155414067,-0.6847235972547548,1.2311651102710843,-1.8420672217219691,0.3963091287655678,2.378682510322855,1.0024373036652297,-1.548292345256006,-0.08691885666665564,0.5115581293196453,-1.3454091966926216,-3.038968748164167,-1.593486184796185,4.537719918210021,0.5714116861928642,0.9992401517266152,-2.0359877632961454,3.5100670372160523,4.381839332243055,-1.2509586934225323,2.0832747082231182,1.8716956049380182,-0.7323575138907137,0.4149450133773045,-3.4143181479756604,-0.14457155990411208,-0.612281608700499,3.425506220332264,1.92048212501793,-2.671444593853939,2.094102410513979,0.8505959573239942,-0.4685909924608254,0.9472345112213921,-1.3039627780227272,1.364259777823997
-0.6799992800680161,-0.1503759516183813,-0.47403224576624803,-1.0668493380039432,0.05069391558107205,0.6540132724352881,-0.3883679175845664,1.0136380682087995,0.5128069994865863,0.2072973263282717,-0.9083849668393158,0.10646057671165775,-0.23491280276881393,-0.7780225805565631,0.3982565944046063,-0.7267654850325524,0.7672486276844354,-0.22167010069387047,0.7566463844747696,0.044205820210669,-0.6199564555121091,-0.007545687433914871,0.5873136401898337,-0.7411344898784006,0.4282604149087578,1.0024373036652297,0.4540194582084005,-0.7678030897073386,-0.256407522146295,0.258597417202715,-0.8400209016513329,-1.3351023483892879,-0.603439123385061,1.8145597964103257,0.24482852427564092,0.41020141902877266,-0.8825443099837227,1.6138767001158738,2.0763590030161065,-0.46442926075854646,1.0673562870405957,0.5394462775313328,-0.25927223292345614,0.16443443377090614,-1.3535504616171445,-0.1895174907287678,-0.34547576920344936,1.4048623513501746,0.7631486663429929,-1.3464418695403593,1.0143575899049264,0.40736751768395846,-0.31704570600279985,0.4833844484052523,-0.3578893769558507,0.382098393054429
1.3672525260275543,0.24875111134096992,0.947901033587211,1.6008395051755016,-0.03559670148965413,-1.2742878708989904,0.23124849231699218,-1.8746796885453705,-0.39042779882664425,-0.33130333723569044,1.6225181421602182,0.1383285577524889,0.2892772344281658,1.0402258268895972,-0.4818614408983443,0.9311839971770811,-1.2749947458666866,0.5575112835799169,-1.0046488634043802,-0.06108942483354478,1.0691988963944574,-0.5808584843597234,-1.0514885068723097,1.070569569476391,-1.2122912813353321,-1.548292345256006,-0.7678030897073386,1.4290281729289307,0.8594260679374186,-0.49010439829909846,1.8731168510414924,2.176811282252525,0.7884480573841973,-2.596532510509483,-0.38662342160072877,-0.61057649734111,1.4148285388240542,-2.7765739916535694,-3.6913962278741637,0.585002820516024,-2.047930923060042,-0.3074735052767238,0.2963737788105938,-0.23197365506899006,1.910679227323586,0.5638472495580892,0.7179723488295392,-2.088180056616423,-1.0813102882273498,2.544804333716086,-1.844704988354342,-0.7323058456915271,0.7417961781736635,-0.9241256212967426,0.1487135084563629,-0.1835712711515005
1.0926009957628295,0.06681587604309579,0.7446367631614629,-0.06056165159829777,0.1348520033143035,-0.9180765322060376,-1.1683020051005895,-1.0958100759984142,1.2651898946426203,-0.05425822491191106,0.7945180987986085,0.9780550362530517,-0.21948125389330586,-0.45902598314673126,0.4000129357820644,-0.5608877632895398,-0.359874892645468,0.7207678297684708,0.46923028517687176,0.019605990025188733,0.41786936929219665,-1.9315032924061353,-0.5216962460948383,-0.17748335305189034,-1.8333686523981942,-0.08691885666665564,-0.256407522146295,0.8594260679374186,1.5333508888043028,-0.31816984568085094,1.9501059260763467,0.48982287802417795,-0.4158864422090715,0.5147648436676197,-0.048877917050462155,0.03940516004588614,0.2451609661466282,-1.0657089195443656,-1.7596486369199495,-0.3912234281210842,-1.3948730465399717,1.667562403518488,-0.3169177263366826,0.05748271553965603,-0.46933846290707776,0.9005822282406322,0.6311951452322481,0.1445065111400675,0.25142667782981665,1.6337012586495263,-0.9945025878748294,-0.3715763746605427,0.8496101577710243,-0.6208138802253356,-1.28657830287499,1.2927416076422578
-0.47514547688430503,-0.08340529315569738,-0.3291170102371604,-0.5254542839215854,0.008608409975894491,0.4405293937390966,-0.04919030079042147,0.6422178497190395,0.09934541194620326,0.11028457843489937,-0.552288219722251,-0.06805758761049636,-0.09014712146361527,-0.33177184644588015,0.14936900581496912,-0.29353844886717695,0.42790209565707743,-0.20008663767169543,0.31982803583622416,0.019653268826478394,-0.361509022729486,0.23566344089683977,0.35807240842363414,-0.3482443147278883,0.4412124182184155,0.5115581293196453,0.258597417202715,-0.49010439829909846,-0.31816984568085094,0.16862747087895782,-0.6613848548709703,-0.7276910891004529,-0.24990352078934652,0.842680960407801,0.12836700117988598,0.20003786980420712,-0.47127963214072927,0.9383452639870812,1.2554077865864903,-0.18351620207235014,0.7061260470667265,0.06277460160111156,-0.09023767990601636,0.07502022358873787,-0.6180075349881489,-0.20631445240621757,-0.2508321548981549,0.683908011413787,0.3500757318101054,-0.8751533303352791,0.6300190445483534,0.24956831614148697,-0.2637046090496088,0.3184398056263705,-0.019302470973693326,0.03063245140499172
2.011174726584196,0.25897804966947086,1.3839123694794868,1.269184905045048,0.07994996349716935,-1.7932129835781943,-0.7561817547305858,-2.4316296627478833,0.7036041044055417,-0.31678309690250345,1.979860111370637,0.9063736638941864,0.06037979398745961,0.48467946895760566,-0.0726938482640736,0.31235288519924875,-1.3415154952140802,1.0430956587645808,-0.44711448017292105,-0.034420242071238595,1.2190371140649048,-2.043312564729974,-1.2885781012699462,0.7377849940308555,-2.483769964398312,-1.3454091966926216,-0.8400209016513329,1.8731168510414924,1.9501059260763467,-0.6613848548709703,3.1225307689118145,2.189430578178836,0.31229951854299237,-1.7211006152701123,-0.3579788055915983,-0.4708680394538114,1.363719302995538,-3.1499297407296805,-4.465525293863496,0.16475009483808023,-2.8166119883063483,1.0979350309064169,-0.012723515995441421,-0.1444498577274341,1.1931223303402723,1.1940066757064545,1.1026559254900086,-1.6024832227690722,-0.6867173857407051,3.419285046811092,-2.3248621130387783,-0.9041048810929343,1.2992438510888626,-1.2640069414892112,-0.9199801231462001,0.8962693345903208
1.8648167847107577,0.4456449065418206,1.3032153357111842,3.263359568681181,-0.18017492583221206,-1.8188138451059737,1.4060499971971085,-2.881162877467615,-1.8037830168505609,-0.6215342318876601,2.6176647315885284,-0.510579509746559,0.7577895075547764,2.458805184538736,-1.2900205933201314,2.321947452917087,-2.2701638409306617,0.5385375518398318,-2.395589185546897,-0.13847267272627625,1.8101724704521687,0.390478161850933,-1.6909215143972773,2.292801418217042,-0.9565627550465526,-3.038968748164167,-1.3351023483892879,2.176811282252525,0.48982287802417795,-0.7276910891004529,2.189430578178836,3.9763023711436407,1.9184527461907201,-5.628853610544826,-0.73695735945002006,-1.2578216221962708,2.6434181744507574,-4.716462954605396,-5.994117606164375,1.490047990563942,-2.9880011219005564,-1.9615349017299508,0.8505754807590704,-0.5121451227176581,4.215018827325785,0.4063233296320766,0.9329484687279416,-4.309619853498514,-2.373970181196041,3.793237055014911,-2.9026295880242636,-1.1709938344949653,0.8047371444864537,-1.3552798025508406,1.3356513845353255,-1.410614865828556
0.5176584891856174,0.20973353289072277,0.3701398261609966,1.7792881334505386,-0.156465641367165,-0.5702293054252398,1.272364351582335,-1.0620306517544642,-1.528852433039174,-0.309748889332805,1.0539326063102779,-0.7072467962246403,0.5041250777198057,1.5236603640432864,-0.8698759139419356,1.49526729305403,-1.0597684723906402,-0.029935027740876398,-1.494230522909518,-0.08304284023929032,0.7870676916397841,1.0649133245384483,-0.6770563055535544,1.309853743353645,0.2980805622745371,-1.593486184796185,-0.603439123385061,0.7884480573841973,-0.4158864422090715,-0.24990352078934652,0.31229951854299237,1.9184527461907201,1.2143818158923183,-3.2507034388385385,-0.3741152595887355,-0.6929165543585505,1.3110038920736122,-2.060942356295481,-2.4398030125024786,0.9734018926515622,-0.9869867990876862,-1.7917279255423482,0.5970946374903153,-0.3004815726166406,2.4713393128222387,-0.18055328508124482,0.22153010711701746,-2.378314082728319,-1.3861828801806715,1.313663486665613,-1.1184150004316988,-0.46431669127624897,0.05597005656057867,-0.4529250036105351,1.286928942023123,-1.3299144010200787
-1.9321016498595665,-0.6210788926683496,-1.3657553500294872,-4.999001647499498,0.38386478610825525,2.005476372349944,-3.0907031117095274,3.470897061617283,3.7733864225957725,0.8981384595879003,-3.3183841704956953,1.5765602373177023,-1.3293087417039713,-4.105605154397458,2.2845809555636025,-3.9815873185839763,3.14784462812253,-0.22559450710444603,4.018098360686042,0.22609333524984224,-2.402638229288278,-2.1764250413123394,2.136619755790317,-3.6229169663484493,-0.05296417984585035,4.537719918210021,1.8145597964103257,-2.596532510509483,0.5147648436676197,0.842680960407801,-1.7211006152701123,-5.628853610544826,-3.2507034388385385,8.9591321249267,1.0776071477062645,1.9399775497126228,-3.808023265056948,6.279068684895342,7.647638758030797,-2.5807408358800523,3.3876410746219374,4.342663023892826,-1.5499476483556234,0.8238850265006938,-6.777600095356976,0.12240949068173614,-0.8972396682152616,6.654649158160462,3.806668384745905,-4.413005181396692,3.5865458766420137,1.4712067269217,-0.5236467172044443,1.5462774477947505,-3.0809435809283654,3.1996910210877165
-0.3210726458954202,-0.08225548363698598,-0.2249177817673992,-0.6179812700274842,0.03786080110471935,0.31735033947946417,-0.29875715970466654,0.5129100284821665,0.376622008490094,0.11582783219816235,-0.4717215104233047,0.12424268832373553,-0.14934617192471963,-0.4773839986936875,0.25498940602263237,-0.45443680682805704,0.41846380049968973,-0.08119372263348702,0.46573613653047924,0.02670717676722481,-0.32994843558599735,-0.12868669688681583,0.30447527371850647,-0.4380258271696426,0.12848266106015174,0.5714116861928642,0.24482852427564092,-0.38662342160072877,-0.048877917050462155,0.12836700117988598,-0.3579788055915983,-0.73695735945002006,-0.3741152595887355,1.0776071477062645,0.13777804965454257,0.2386501365501993,-0.49221312268201395,0.8603476937436185,1.0818805062226955,-0.29251297441969915,0.5245774972234778,0.41785895480188895,-0.16963969605809318,0.09834965941946855,-0.809323569298963,-0.0511107139473523,-0.1582232001548457,0.8179470773066859,0.45545733424964213,-0.66984543822851506,0.5198456163057628,0.21056209360312425,-0.12779808969789982,0.2382723113105712,-0.2888276269938339,0.30315918921180346
-0.47604707490342346,-0.13939810877904776,-0.3351788855826654,-1.093327490907183,0.07771559120803928,0.4837741431790131,-0.6217746405786337,0.813642726062694,0.7668372496667911,0.19955281467699304,-0.7657606991927405,0.29885533256905195,-0.28098619075114534,-0.8783200427746194,0.48181658264487665,-0.8462436252729734,0.7075350329817,-0.08400958245893343,0.8586420760784745,0.04864048298942744,-0.5468980207166451,-0.3847103628940853,0.49353813378534145,-0.7859633285191403,0.0762400313340411,0.9992401517266152,0.41020141902877266,-0.61057649734111,0.03940516004588614,0.20003786980420712,-0.4708680394538114,-1.2578216221962708,-0.6929165543585505,1.9399775497126228,0.2386501365501993,0.42352893215717874,-0.8468085281303626,1.4280032652022396,1.7613702949095051,-0.5471824713876354,0.8097168052544105,0.8723921558172593,-0.3247012929624115,0.1779148848419999,-1.46376712553404,-0.016312568675138688,-0.2270020767531505,1.4523713084851275,0.8227148237127663,-1.046013113376628,0.8341488966150745,0.3404259986067851,-0.15554331890474868,0.36883184369721816,-0.6139668224924835,0.6397115766297483
