V1,V2,V3,V4,V5,V6,V7,V8,V9,V10,V11,V12,V13,V14,V15,V16,V17,V18,V19,V20,V21,V22,V23,V24,V25,V26,V27,V28,V29,V30,V31,V32,V33,V34,V35,V36,V37,V38,V39,V40,V41,V42,V43,V44,V45,V46,V47,V48,V49,V50,V51,V52,V53,V54,V55,V56
6.290210158693358,14.705314301312749,29.037173536933903,-28.456153183625368,108.72282890505439,21.553749955812005,-112.72593103521322,-23.805980083265705,-35.06332459812244,-90.52614675747697,-35.96028784284606,-2.422465293722174,-134.33202298987132,5.708739332488343,-62.93545509144083,-13.490731595622211,-49.723693158398405,60.551910765308286,-71.70852605103163,29.00211984023042,37.89680516006186,-35.46742636869793,-11.436345483508829,51.841122282556285,87.12195550069747,47.771209291515746,-27.03964901846945,-10.885334829389532,-26.8281290265561,-3.5821258805600875,-34.12302007618533,46.846604008940176,52.28679611978151,-31.677606442709802,4.08374599513494,43.10296492530812,-22.525791496208157,-6.364026523507684,-59.700485069567485,-23.311716367673505,-8.432871153975501,-7.349078083508615,16.88858535046706,-46.428690168224016,-36.931226915402924,30.355396964434785,-0.4447694872452462,-34.35743492625735,74.36369196439951,-55.76745381293076,-25.80749928139141,47.27728449142575,-41.77961408407233,19.49254140107461,-37.485283644654906,-2.817448488773471
14.705314301312749,36.462007235105034,73.50983943324347,-72.5390572984485,276.62421038379006,52.992859236133405,-287.53896827338036,-60.15120531556871,-86.93946003727638,-229.19754819974338,-90.32590695917274,-5.891602422641783,-339.9388210029435,13.882303684729477,-159.49462747191998,-34.709560840775566,-126.43097879315388,152.68696559996388,-183.57077227648014,75.77695893588573,94.47237645009542,-91.33407218216668,-28.640517089938157,131.81694539038588,220.85446115597162,120.58539783056437,-66.7067617744259,-27.777927579718174,-68.03431254676299,-9.838084076798577,-86.77254832391581,120.82073188029499,133.3633254729235,-78.94546496980388,9.489902272033852,107.46184635590804,-58.06104347463637,-17.29048167760181,-152.13921420548792,-59.92160556467607,-23.660407982892405,-18.193039449691053,40.819392261171885,-118.08557278267006,-94.22433833140494,79.0494409556917,1.5154080134351275,-86.05617430134171,189.09489096790165,-140.93828462221097,-65.87096511130831,118.69569970842943,-106.00294757008034,49.13016489493251,-96.24195977148182,-5.442076715368077
29.037173536933903,73.50983943324347,149.4667629022216,-147.80909721601873,563.5245732408406,106.75885346892046,-586.2182498359397,-122.2001160287508,-175.39768836650532,-465.95088120641265,-183.0550113070122,-11.873956587851652,-691.053009211637,27.722261060040566,-324.26014179808476,-71.07364913774443,-257.44628643770955,309.9159729432196,-374.76218650981605,155.81868236915236,190.9984868715207,-186.76626327590856,-58.00778336294233,268.3924766100534,449.25390264937914,244.91463867557167,-134.230348647491,-56.68686705915178,-138.50494228457626,-20.6178965492884,-176.76887480362413,247.20488770899982,271.9311734457777,-159.56817955411003,18.671725534732772,217.2093030493452,-118.8666706068854,-36.112098489608236,-310.0268347913584,-122.4352256866166,-49.86315104852471,-36.623605648071205,81.5421669427487,-240.553550294121,-192.09057387312112,162.42511176206094,5.1834099457988,-174.25452847926977,385.15820273589685,-286.3125494853443,-134.2272603026196,240.5748163882489,-215.59610660414597,99.68581907845811,-196.80022183515007,-9.766239801984549
-28.456153183625368,-72.5390572984485,-147.80909721601873,146.28771521654284,-557.5646802929144,-105.23509888103045,580.180241275189,120.82780396519425,173.07646198621867,460.79877478023303,180.88493582759705,11.683082491814437,683.3805749436817,-27.298272464605414,320.72269802408806,70.39886483279659,254.71882240331803,-306.36711257651666,371.0477005593428,-154.57873900432878,-188.57741332450885,185.02168145414288,57.297455443997876,-265.5460669790694,-444.3457490487989,-242.13114454329155,132.39249733370428,56.101322548147664,136.99092598882956,20.545014861750563,174.89543287621177,-244.93076806554473,-269.12258643616093,157.5387301058031,-18.285203421904324,-214.46104095720563,117.76064538935903,35.94972606335951,306.8095876198134,121.275529586042,49.78425299644852,36.135746027414285,-80.23831678384225,237.99184563961612,190.1168186883861,-161.0779668697083,-5.661598054971527,172.1355951454584,-381.0623204087838,283.0980615759618,132.8601868254497,-237.70747096695666,213.27124321197917,-98.54044839307366,194.89825127515482,9.309337257914407
108.72282890505439,276.62421038379006,563.5245732408406,-557.5646802929144,2125.528972997646,401.607853022809,-2211.542605701935,-460.6398980742766,-660.1130942412711,-1756.7050297395244,-689.6613835154317,-44.656544588388826,-2605.3268574594995,104.10500814354019,-1222.549948065636,-268.37285060591284,-970.9683227373628,1168.016828077896,-1414.2467750377944,588.972395311383,719.171619303464,-705.0849703863595,-218.5059858453777,1012.238172696602,1693.9692045867419,923.1571899360559,-504.90224137587376,-213.88934629863087,-522.3230485966656,-78.25112680109139,-666.7396379490815,933.3733859545314,1025.8961095736913,-600.7968650167978,69.85750450890193,817.8348788714158,-448.8422430830846,-136.95185395785157,-1169.4804655875132,-462.1442416590812,-189.49375184908558,-137.77882809858355,306.1864413559777,-907.3180953680666,-724.6711924743516,613.8231724312333,21.313192779899186,-656.3694463466762,1452.7043311580096,-1079.2669820054252,-506.3479993230996,906.372714662312,-812.9330581791847,375.6714979500406,-742.9137370853799,-35.71481784122882
21.553749955812005,52.992859236133405,106.75885346892046,-105.23509888103045,401.607853022809,77.33954240867044,-417.2836188862872,-87.35703979426901,-126.47942810766297,-332.77321256226804,-131.19757600252942,-8.658630531263315,-493.679551804257,20.151452561530423,-231.45687335854726,-50.424779222960034,-183.5174853006824,221.73892877497875,-266.34824149033176,109.74047926214895,137.3900183919359,-132.35636003115926,-41.638329865654796,191.30991014821115,320.6870540112944,175.16534602415732,-96.9997944145811,-40.35592541892816,-98.87817726239801,-14.230837642078368,-126.02312343549431,175.07104457353427,193.58366145041154,-114.78925098518495,13.895793863412647,156.21962022493918,-84.23226070070822,-25.038140161326947,-220.76790703687882,-86.8352009600289,-34.10069568126143,-26.412437284112183,59.513639846993435,-171.46815136874713,-136.71326517060024,114.58032203611366,1.9996307976599503,-125.0623806840102,274.57059759653004,-204.643526841567,-95.49102773415211,172.4799134269851,-153.8114157675002,71.33208545437869,-139.71818945462817,-8.077077831864182
-112.72593103521322,-287.53896827338036,-586.2182498359397,580.180241275189,-2211.542605701935,-417.2836188862872,2301.268113780631,479.15969913995644,686.1463330017096,1827.4687815526552,717.22939614165,46.3717018585264,2710.2167828428546,-108.1329179767645,1271.8582831484919,279.3404960388936,1010.2453938623008,-1214.8843992942607,1471.8237601454698,-613.404722924231,-747.6900491772774,733.9579952092251,227.2098024714299,-1053.186054854921,-1762.2847036354817,-960.2302806678667,524.7210876802716,222.56489178978745,543.3843328165748,81.63009253042777,693.7054444712472,-971.6473546174927,-1067.5092595078906,624.615215829226,-72.41196017282539,-850.2754638065994,467.2262046173387,142.8144548519179,1216.8907776112453,481.0404262339691,197.81943755764445,143.20972394716213,-317.93319111103983,944.0156274576117,754.0808351272199,-639.2029822559764,-22.95389624587211,682.5281163028026,-1511.455789645249,1122.6681505501226,526.915392587717,-942.5786211389751,845.7586796468827,-390.74094071544846,773.2291667054787,36.64594396991377
-23.805980083265705,-60.15120531556871,-122.2001160287508,120.82780396519425,-460.6398980742766,-87.35703979426901,479.15969913995644,99.92033587667157,143.51261684439555,380.9606607719423,149.71301943053655,9.711508103055364,565.0103775445635,-22.705094566943924,265.1226079146054,58.06812539301076,210.45944124985522,-253.4301936489619,306.2877333874345,-127.2529904775304,-156.24386206521942,152.61273737945194,47.442246754022385,-219.4068308951281,-367.2905778053704,-200.26114366607393,109.86271080357457,46.328112848862816,113.2243784217486,16.805475683373665,144.49999599257157,-201.98649205793916,-222.2635038285445,130.53425052776768,-15.313361660193637,-177.6901873120845,97.11616191793688,29.44467075243909,253.42260421337363,100.05733071097318,40.62288261263996,29.973472505070223,-66.78466653870818,196.62986926054862,157.01042240150062,-132.6577182497305,-4.063365634749449,142.52653591726644,-314.84351047784247,234.10814882188762,109.72198831947085,-196.7528916294964,176.27043197481962,-81.52001938755332,160.8126339070812,8.08950799156606
-35.06332459812244,-86.93946003727638,-175.39768836650532,173.07646198621867,-660.1130942412711,-126.47942810766297,686.1463330017096,143.51261684439555,207.3652359668979,546.8300080307749,215.45608073474293,14.085584978619577,811.0919223526358,-33.05680987927223,380.4875640173094,82.88725856019494,301.6786292392261,-364.25140590304676,438.09413388862316,-180.88916933901282,-225.361072618233,217.93549707317325,68.32708091689581,-314.51502090316933,-526.970664295967,-287.70730534198515,159.04757213640875,66.31018010708047,162.384858733532,23.524413156497985,207.08887388184144,-288.3048504037805,-318.2628788333941,188.3076596120619,-22.61343005508763,-256.31522383404524,138.5972885055694,41.34102379880617,363.02071696143315,142.9715042954058,56.557753303775854,43.360695325242894,-97.3167595547469,281.7985483195143,224.8319691269623,-188.72856742538312,-3.7861080883306912,205.28118982465963,-451.25059216950046,336.23882736289585,157.13538344630945,-283.1620102596101,252.88199511035518,-117.19385886530421,229.75371684727702,12.899077768915726
-90.52614675747697,-229.19754819974338,-465.95088120641265,460.79877478023303,-1756.7050297395244,-332.77321256226804,1827.4687815526552,380.9606607719423,546.8300080307749,1452.6014199658475,570.7025230673327,36.99089693488669,2154.3279339063156,-86.46207049408663,1010.9195679861165,221.52497226637962,802.5753833647722,-966.1875533819199,1168.262070542307,-485.7118389586715,-595.4509646864824,582.2352412952873,180.83779276614734,-836.7063673904639,-1400.5230773926637,-763.5141077792538,418.5275594449752,176.69669478493233,431.74505983251953,64.24384260016929,551.0413653148075,-770.6429001392801,-847.6969574039115,497.4722948892081,-58.21971470608152,-677.1868969467218,370.5221843256503,112.52415230454383,966.4924554574183,381.69635425581845,155.38649855921278,114.20247811010232,-254.24408195389802,749.8780857801914,598.8289205482569,-506.2849528308328,-16.055673528524782,543.256873655626,-1200.6673321552332,892.5926678571482,418.474764124649,-750.0050524787198,672.1462275763702,-310.7862021014998,613.4445800545296,30.492826572672385
-35.96028784284606,-90.32590695917274,-183.0550113070122,180.88493582759705,-689.6613835154317,-131.19757600252942,717.22939614165,149.71301943053655,215.45608073474293,570.7025230673327,224.47906896673845,14.584417614636925,846.4209503889219,-34.19207775099095,397.16257566370984,86.80746069122993,315.13082468385255,-379.8218919581746,458.2818084734976,-190.0227860862525,-234.42881487302665,228.2505062168556,71.14787626580987,-328.5396099722886,-550.1261409967141,-300.0803189132751,165.05884728854298,69.32624804652863,169.54459863092742,24.961323772616105,216.33576204369368,-302.04665219855957,-332.68212189026895,195.8705632461222,-23.156952787518374,-266.6274039010574,145.1969779416189,43.7754944077553,379.38511572072775,149.67802770298303,60.24688601276603,45.02986404726208,-100.54626918420941,294.39568590285006,235.0254820395755,-198.13150419781113,-5.356986871248888,213.7534035054449,-471.3950782873321,350.77974799845174,164.26359675294503,-294.9984858748702,264.0280809139468,-122.18953368925627,240.50118034766191,12.569321428230802
-2.422465293722174,-5.891602422641783,-11.873956587851652,11.683082491814437,-44.656544588388826,-8.658630531263315,46.3717018585264,9.711508103055364,14.085584978619577,36.99089693488669,14.584417614636925,0.9828224974532724,54.895046587844774,-2.233035235936582,25.70250692201483,5.617699472517486,20.393274047904978,-24.648125856022823,29.590811061436955,-12.174827406123548,-15.298271325196222,14.682941466466273,4.636797873984659,-21.256313648149252,-35.65396572903618,-19.482825309844184,10.786149683129796,4.494403060722647,11.012191160889238,1.5823733235623754,14.01795433854511,-19.42146616654325,-21.52266873957557,12.778738514972826,-1.5585611277548481,-17.38303426077417,9.364306890742183,2.786917876507383,24.525808082573747,9.62910825145481,3.7727220941911397,2.9300446590519216,-6.639406215786413,19.07505377519601,15.187808997423458,-12.728070690943289,-0.2194399712757594,13.91266447631005,-30.536516547340543,22.745946558240494,10.590934109563458,-19.187845371629685,17.07738831329702,-7.925523854696,15.542964482978313,0.9108367861230895
-134.33202298987132,-339.9388210029435,-691.053009211637,683.3805749436817,-2605.3268574594995,-493.679551804257,2710.2167828428546,565.0103775445635,811.0919223526358,2154.3279339063156,846.4209503889219,54.895046587844774,3195.1034998469713,-128.22509484878267,1499.2456217559222,328.55347566135,1190.2765341119257,-1432.9621866696057,1732.5769149973362,-720.2379438541515,-883.1895743952998,863.4033623801396,268.2154637392102,-1240.8798307264374,-2077.1083905516352,-1132.3908340856233,620.7753973709705,262.0642513373328,640.3529924795266,95.25597695551954,817.2628156589691,-1142.7871720491241,-1257.1848561879315,737.8534772104477,-86.38648825930997,-1004.3984524457055,549.4869206581046,166.8536394546985,1433.34691464541,566.0281525870552,230.34777845590395,169.37081947532005,-377.16174477889723,1112.129119458832,888.0779775485539,-750.7856865773697,-23.72788707131852,805.7414162734557,-1780.6977712601897,1323.7982496374834,620.5783294339058,-1112.3778549344606,996.8217662629278,-460.9230840954206,909.789023617073,45.29154306660544
5.708739332488343,13.882303684729477,27.722261060040566,-27.298272464605414,104.10500814354019,20.151452561530423,-108.1329179767645,-22.705094566943924,-33.05680987927223,-86.46207049408663,-34.19207775099095,-2.233035235936582,-128.22509484878267,5.347728338229059,-60.17584001809772,-12.977815101092087,-47.60711469465441,57.69757433463674,-68.92620777095213,28.239747933592305,35.8398703441791,-34.2520987973269,-10.845366361188757,49.644994246422314,83.25137814506012,45.52735987560028,-25.44356653194311,-10.428994569185297,-25.609324241632248,-3.5845620430591314,-32.64692148339095,45.281963481248894,50.14037489389024,-29.96182421849733,3.700778743935482,40.78705121293631,-21.731412453471986,-6.323012893851523,-57.247322174600605,-22.490823240752423,-8.576952708428927,-6.942419709030559,15.679647382495938,-44.4401574169585,-35.44026775689633,29.471864886580224,0.1421295382947296,-32.599051439724626,71.17052681432621,-53.20991728605452,-24.79947960730926,44.91544834527453,-39.9769044767172,18.57565216168169,-36.056891283804894,-2.312241673774968
-62.93545509144083,-159.49462747191998,-324.26014179808476,320.72269802408806,-1222.549948065636,-231.45687335854726,1271.8582831484919,265.1226079146054,380.4875640173094,1010.9195679861165,397.16257566370984,25.70250692201483,1499.2456217559222,-60.17584001809772,703.5880886852283,154.15345152658736,558.5633274046907,-672.3992665545736,813.0980846763449,-338.0989037699031,-414.329699193519,405.27283290810215,125.83195200894394,-582.3211199717975,-974.6699610160214,-531.3330787367107,291.2397591043408,122.95755402662968,300.43211516891535,44.71895208644475,383.4809820843456,-536.4185595510253,-589.9500913321644,346.1577585863302,-40.479983426463626,-471.22474073140904,257.87205801880793,78.31873698233733,672.6594040311168,265.69198131197254,108.20173989695239,79.48256372198013,-176.86881926941004,521.8472221627306,416.7738289412756,-352.38778002530285,-11.213933916916949,378.0409994599025,-835.5732741295097,621.1896983313545,291.2824646262365,-521.9164062907935,467.8129946894661,-216.29158073100342,426.9176989892641,21.174629970263233
-13.490731595622211,-34.709560840775566,-71.07364913774443,70.39886483279659,-268.37285060591284,-50.424779222960034,279.3404960388936,58.06812539301076,82.88725856019494,221.52497226637962,86.80746069122993,5.617699472517486,328.55347566135,-12.977815101092087,154.15345152658736,33.99979384630731,122.55908506091663,-147.15497358735573,178.77818544708256,-74.74375932062091,-90.41475940071955,89.18995629680695,27.49865608531978,-127.75604689277664,-213.6987995501879,-116.36003189260121,63.28770756860436,27.040018647882032,65.94164389415116,10.040739276949502,84.19432613754263,-118.10592710528375,-129.5989807553285,75.51640251354455,-8.645016592710126,-102.79265205053935,56.83404651740094,17.5424374299524,147.67156191251524,58.43226450338449,24.371985105933938,17.266361939066744,-38.22746447401279,114.56125622972911,91.52563594914574,-77.88013330946593,-3.273974405989639,82.58500788880478,-183.41178619010154,136.0395641447239,63.9192722429207,-114.10598218174744,102.5270822880893,-47.315860144909436,94.0214142579462,4.150268280632662
-49.723693158398405,-126.43097879315388,-257.44628643770955,254.71882240331803,-970.9683227373628,-183.5174853006824,1010.2453938623008,210.45944124985522,301.6786292392261,802.5753833647722,315.13082468385255,20.393274047904978,1190.2765341119257,-47.60711469465441,558.5633274046907,122.55908506091663,443.57514310086367,-533.6703818932541,646.0061957781161,-268.94409392737106,-328.63552354450223,322.0549124017885,99.83846819919064,-462.4293747684504,-773.8903020838906,-421.77059113785856,230.7907969369013,97.6935127307792,238.60035687278992,35.695956359410246,304.57691893700587,-426.3148049285106,-468.6227044558583,274.5458301894889,-31.956523694488887,-373.73326191314635,204.98727511255294,62.48214184731623,534.2452087516349,211.10367361723576,86.4321598150279,62.98104657289111,-139.9921723870678,414.46379225333936,331.03740484967506,-280.2920812386211,-9.556793116093134,299.92401470985857,-663.6153639595582,493.0998931162142,231.32355663785896,-414.1420433187252,371.4115457322732,-171.65073926489544,339.3086522010369,16.41824034158232
60.551910765308286,152.68696559996388,309.9159729432196,-306.36711257651666,1168.016828077896,221.73892877497875,-1214.8843992942607,-253.4301936489619,-364.25140590304676,-966.1875533819199,-379.8218919581746,-24.648125856022823,-1432.9621866696057,57.69757433463674,-672.3992665545736,-147.15497358735573,-533.6703818932541,642.8468298174539,-776.4602710428887,322.3730549401954,396.4797116458334,-386.8365275096507,-120.36792952034197,556.3689123013035,931.4529011591982,507.9419141716883,-278.9210549512269,-117.44783639847833,-287.1064471976544,-42.491270778756046,-366.3902166368885,511.9584461580762,563.5281096868664,-331.25238221144707,38.96729699816626,450.91794427316546,-246.12814756879692,-74.47239155503847,-642.5712665195416,-253.63854001380426,-102.66229653401706,-76.0986333765468,169.67598449781397,-498.5863375746079,-398.0966295834049,336.08204582907547,9.861373619190276,-361.6169330546002,798.3376588246173,-593.7848620430088,-278.21671674717834,499.14987998835426,-447.03517422039357,206.79200498290825,-407.5954611808193,-20.78852552852886
-71.70852605103163,-183.57077227648014,-374.76218650981605,371.0477005593428,-1414.2467750377944,-266.34824149033176,1471.8237601454698,306.2877333874345,438.09413388862316,1168.262070542307,458.2818084734976,29.590811061436955,1732.5769149973362,-68.92620777095213,813.0980846763449,178.77818544708256,646.0061957781161,-776.4602710428887,941.5537151462313,-392.84410962585275,-477.5509592387854,469.6443483273798,145.15780435919714,-673.4517023781581,-1126.7011306727522,-613.7619104367411,334.8981832384329,142.36296233932939,347.44593249369564,52.427901345690046,443.6216114305117,-621.7910452806378,-682.7555286580474,398.9244942263279,-46.03588614690036,-543.0552649463378,299.0162771796534,91.6767967294339,778.2360544539337,307.77705007059376,127.16404305663193,91.40836822484484,-202.66650796424082,603.6702276814168,482.2849204212963,-409.31488494712136,-15.506552414847736,436.0467043539388,-966.529928659211,717.6188953358812,336.98104834423856,-602.2773377270966,540.7302112692738,-249.71784347086083,494.76760239392934,22.90589079417677
29.00211984023042,75.77695893588573,155.81868236915236,-154.57873900432878,588.972395311383,109.74047926214895,-613.404722924231,-127.2529904775304,-180.88916933901282,-485.7118389586715,-190.0227860862525,-12.174827406123548,-720.2379438541515,28.239747933592305,-338.0989037699031,-74.74375932062091,-268.94409392737106,322.3730549401954,-392.84410962585275,164.94958947106915,197.548640857644,-196.2905539470592,-60.145385751333116,280.36959667975947,468.6370173305824,254.93803527268435,-137.99442323308884,-59.36029057746423,-144.57093520059237,-22.345096286510575,-184.71959730083546,260.0093789515854,284.5650279011482,-165.00278232295273,18.566509224474235,224.63058469531495,-125.05170404505985,-38.96033451316163,-324.22370854053554,-128.54966502411892,-54.47666252310346,-37.69850125393896,82.92975370471977,-251.39457801002806,-201.00555675355514,171.71678042822245,8.319726667990174,-180.64841327167258,402.4510459534369,-298.1660182121249,-140.42983812045387,249.71690157882182,-224.92426918109132,103.6560747173435,-206.66939536416623,-8.348586317294627
37.89680516006186,94.47237645009542,190.9984868715207,-188.57741332450885,719.171619303464,137.3900183919359,-747.6900491772774,-156.24386206521942,-225.361072618233,-595.4509646864824,-234.42881487302665,-15.298271325196222,-883.1895743952998,35.8398703441791,-414.329699193519,-90.41475940071955,-328.63552354450223,396.4797116458334,-477.5509592387854,197.548640857644,245.04913099877655,-237.6734309516911,-74.33040328307216,342.61481942739096,573.9059983258684,313.2090568871933,-172.74352775968464,-72.27192022167793,-176.87631776234142,-25.81412791548696,-225.61233330801764,314.4619299509466,346.81816247859916,-204.7482715226467,24.42083523778546,278.6962245838822,-151.1865276125006,-45.32377232548808,-395.53701595973826,-155.88911771546864,-62.15922620484278,-47.102504400596715,105.49818240596525,-307.0076209710148,-244.99770157631477,206.06384414303957,4.798407640283268,-223.30672677275376,491.6019952798406,-366.06771177599285,-171.21630138992185,308.09906190512095,-275.40298198007855,127.55288119302529,-250.54144905846522,-13.625657141768434
-35.46742636869793,-91.33407218216668,-186.76626327590856,185.02168145414288,-705.0849703863595,-132.35636003115926,733.9579952092251,152.61273737945194,217.93549707317325,582.2352412952873,228.2505062168556,14.682941466466273,863.4033623801396,-34.2520987973269,405.27283290810215,89.18995629680695,322.0549124017885,-386.8365275096507,469.6443483273798,-196.2905539470592,-237.6734309516911,234.40797598824653,72.27536312860268,-335.7505133517599,-561.5583777377291,-305.7930801414034,166.53923688362258,70.98520005733789,173.15240826104647,26.2856667734166,221.1410024512779,-310.386035121371,-340.4629026076723,198.546459916056,-22.761841239289762,-270.29275484784336,149.23066608140465,45.92559264277179,388.0599360760772,153.5906483488223,63.86893208401058,45.48090043284801,-100.58516744509281,300.95893369939336,240.51433558297254,-204.44628992583642,-8.269424936931395,217.11406138418113,-481.8399236592952,357.5900113976994,168.07560784120213,-299.9382433341217,269.5417444128388,-124.41145428443429,246.82192863203196,11.061395253292606
-11.436345483508829,-28.640517089938157,-58.00778336294233,57.297455443997876,-218.5059858453777,-41.638329865654796,227.2098024714299,47.442246754022385,68.32708091689581,180.83779276614734,71.14787626580987,4.636797873984659,268.2154637392102,-10.845366361188757,125.83195200894394,27.49865608531978,99.83846819919064,-120.36792952034197,145.15780435919714,-60.145385751333116,-74.33040328307216,72.27536312860268,22.55618673950403,-104.08572848119415,-174.3134802452522,-95.0996874491913,52.34520731993064,21.965986985304724,53.73000433975503,7.891438104446821,68.5443760393295,-95.63866154203926,-105.39480730660256,62.104275884159875,-7.364750007871242,-84.53405259544166,45.984354359780916,13.844705071321627,120.18435647282232,47.395678097630864,19.027324980119364,14.275801715243475,-31.9172190597692,93.27934115134106,74.45076568504673,-62.72528812521073,-1.6332403731358403,67.75896392150848,-149.35755496274678,111.15595689435663,52.026375451286356,-93.50648414399555,83.6469646727748,-38.72150174208096,76.17993936705982,4.029343250963752
51.841122282556285,131.81694539038588,268.3924766100534,-265.5460669790694,1012.238172696602,191.30991014821115,-1053.186054854921,-219.4068308951281,-314.51502090316933,-836.7063673904639,-328.5396099722886,-21.256313648149252,-1240.8798307264374,49.644994246422314,-582.3211199717975,-127.75604689277664,-462.4293747684504,556.3689123013035,-673.4517023781581,280.36959667975947,342.61481942739096,-335.7505133517599,-104.08572848119415,482.09050431056494,806.7899037018726,439.7030897397328,-240.61942154081234,-101.84166213637738,-248.73345123733665,-37.206247872574984,-317.51401418765016,444.4433873801782,488.53875525126466,-286.22875382776044,33.320487642790674,389.63783820242986,-213.6933988462548,-65.12558709478363,-556.9565719122952,-220.08006968571908,-90.09426095175385,-65.66771095232099,145.9548246038974,-432.08162479933594,-345.111432701512,292.19232259426275,9.937731205501798,-312.68306702553417,691.8183569782648,-514.0712700668266,-241.16604233384123,431.75617811580685,-387.20801056988023,178.9540560249241,-353.71132036091444,-17.12934008501428
87.12195550069747,220.85446115597162,449.25390264937914,-444.3457490487989,1693.9692045867419,320.6870540112944,-1762.2847036354817,-367.2905778053704,-526.970664295967,-1400.5230773926637,-550.1261409967141,-35.65396572903618,-2077.1083905516352,83.25137814506012,-974.6699610160214,-213.6987995501879,-773.8903020838906,931.4529011591982,-1126.7011306727522,468.6370173305824,573.9059983258684,-561.5583777377291,-174.3134802452522,806.7899037018726,1350.3767007880333,736.1049585693537,-403.2494431948167,-170.41124255112763,-416.3230735347713,-62.064942765843924,-531.3744617448588,743.3022660422314,817.4725148958186,-479.4589542236539,56.01307469326096,652.6643665189355,-357.4068520604572,-108.68616763768435,-931.9864469668295,-368.1241141687832,-150.15672149636802,-110.02947002979327,244.85360246312493,-723.0966816052562,-577.4627489956848,488.47637873940596,15.901790432593895,-523.6476444065713,1157.783478103401,-860.5506395938163,-403.5197708315778,722.9806682348245,-648.0614581434065,299.60290777302816,-591.700102891093,-29.144678419607928
47.771209291515746,120.58539783056437,244.91463867557167,-242.13114454329155,923.1571899360559,175.16534602415732,-960.2302806678667,-200.26114366607393,-287.70730534198515,-763.5141077792538,-300.0803189132751,-19.482825309844184,-1132.3908340856233,45.52735987560028,-531.3330787367107,-116.36003189260121,-421.77059113785856,507.9419141716883,-613.7619104367411,254.93803527268435,313.2090568871933,-305.7930801414034,-95.0996874491913,439.7030897397328,736.1049585693537,401.376715963215,-220.25290855185514,-92.84454086454622,-226.92417228455864,-33.65164863420369,-289.5881252907049,404.7180108811499,445.4189807750996,-261.6727614520849,30.731071584222565,356.1966003935994,-194.59849520734576,-58.96805530056241,-507.85727409814297,-200.48690027664983,-81.31973012233853,-60.086889264654104,133.93381034977668,-394.0696627700278,-314.64506920850886,265.78035711883325,8.039830653252588,-285.68923236246206,630.9756301737893,-469.20283509189835,-219.8722808137631,394.37253158847625,-353.2574798426405,163.38783244009215,-322.2451723536846,-16.284847946625472
-27.03964901846945,-66.7067617744259,-134.230348647491,132.39249733370428,-504.90224137587376,-96.9997944145811,524.7210876802716,109.86271080357457,159.04757213640875,418.5275594449752,165.05884728854298,10.786149683129796,620.7753973709705,-25.44356653194311,291.2397591043408,63.28770756860436,230.7907969369013,-278.9210549512269,334.8981832384329,-137.99442323308884,-172.74352775968464,166.53923688362258,52.34520731993064,-240.61942154081234,-403.2494431948167,-220.25290855185514,122.1011450908959,50.68424294936326,124.20936873489295,17.837009235932502,158.39173124982582,-220.27455647343348,-243.36563690665426,144.35495127784654,-17.460460740640805,-196.4971410010895,105.85200869474181,31.37661446080322,277.66318818316665,109.28503337950318,42.82947833598058,33.29157916063757,-74.84798764477439,215.53100332837047,171.94472658300617,-143.99059866079617,-2.330960712131013,157.2927000891154,-345.1580908904076,257.40676384316856,120.20796054674427,-216.9051598824935,193.54521521769746,-89.75341675380582,175.52426098155237,10.209819761945278
-10.885334829389532,-27.777927579718174,-56.68686705915178,56.101322548147664,-213.88934629863087,-40.35592541892816,222.56489178978745,46.328112848862816,66.31018010708047,176.69669478493233,69.32624804652863,4.494403060722647,262.0642513373328,-10.428994569185297,122.95755402662968,27.040018647882032,97.6935127307792,-117.44783639847833,142.36296233932939,-59.36029057746423,-72.27192022167793,70.98520005733789,21.965986985304724,-101.84166213637738,-170.41124255112763,-92.84454086454622,50.68424294936326,21.534707142669035,52.56409357027594,7.917270755880918,67.0976055242297,-93.97867275250827,-103.25186473433318,60.37078702340556,-6.986967462963862,-82.17622418642286,45.20932298751255,13.84919615646684,117.67938361193039,46.51848326251354,19.181905973712205,13.82764743340488,-30.70237662785464,91.30545663628325,72.92578649719653,-61.8653879487656,-2.2997017598531486,65.97431123188386,-146.18322104329093,108.54078678623297,50.94126519716799,-91.1206340027936,81.76574086634653,-37.77010824918745,74.81951417801338,3.5018541959111396
-26.8281290265561,-68.03431254676299,-138.50494228457626,136.99092598882956,-522.3230485966656,-98.87817726239801,543.3843328165748,113.2243784217486,162.384858733532,431.74505983251953,169.54459863092742,11.012191160889238,640.3529924795266,-25.609324241632248,300.43211516891535,65.94164389415116,238.60035687278992,-287.1064471976544,347.44593249369564,-144.57093520059237,-176.87631776234142,173.15240826104647,53.73000433975503,-248.73345123733665,-416.3230735347713,-226.92417228455864,124.20936873489295,52.56409357027594,128.39283612049118,19.182633655471726,163.85975277496394,-229.20201456017898,-252.07739358032325,147.7574579872059,-17.23707832579888,-201.12522442006284,110.24747621840095,33.58748360073366,287.34772209383084,113.49826307764685,46.400091601436586,33.87978981800108,-75.40415272456094,222.96995335682578,178.0459401154165,-150.70940591882524,-5.0649943872040195,161.38887429814267,-357.00029708796524,265.26758092506145,124.38293768165157,-222.8430053398031,199.76193444067172,-92.33896649054111,182.52339954971114,8.899985076238169
-3.5821258805600875,-9.838084076798577,-20.6178965492884,20.545014861750563,-78.25112680109139,-14.230837642078368,81.63009253042777,16.805475683373665,23.524413156497985,64.24384260016929,24.961323772616105,1.5823733235623754,95.25597695551954,-3.5845620430591314,44.71895208644475,10.040739276949502,35.695956359410246,-42.491270778756046,52.427901345690046,-22.345096286510575,-25.81412791548696,26.2856667734166,7.891438104446821,-37.206247872574984,-62.064942765843924,-33.65164863420369,17.837009235932502,7.917270755880918,19.182633655471726,3.1412331898400385,24.541910158813387,-34.86062023634432,-37.88181822474153,21.54939921493642,-2.2714605910463783,-29.336224603897172,16.7900193747395,5.44252281705007,43.101786398079284,17.184622917738952,7.732919338635598,4.876721281228173,-10.538768320212165,33.4009821440705,26.746141141126085,-23.22822136417266,-1.7319880973401443,23.686648947981173,-53.453651517222646,39.37384521046756,18.665311812383983,-32.81209207883532,29.775490074387427,-13.65130701929935,27.67987033565787,0.7164058025852116
-34.12302007618533,-86.77254832391581,-176.76887480362413,174.89543287621177,-666.7396379490815,-126.02312343549431,693.7054444712472,144.49999599257157,207.08887388184144,551.0413653148075,216.33576204369368,14.01795433854511,817.2628156589691,-32.64692148339095,383.4809820843456,84.19432613754263,304.57691893700587,-366.3902166368885,443.6216114305117,-184.71959730083546,-225.61233330801764,221.1410024512779,68.5443760393295,-317.51401418765016,-531.3744617448588,-289.5881252907049,158.39173124982582,67.0976055242297,163.85975277496394,24.541910158813387,209.15840734528837,-292.73815022993284,-321.80170057668676,188.47044410845413,-21.921651856176286,-256.55379885954534,140.7887193518372,42.95573067262865,366.83519736085947,144.94976348193848,59.4147848743319,43.21427498280369,-96.06833699223317,284.60681073655627,227.30600559090797,-192.52941462602928,-6.670867120419788,205.9012650776312,-455.69374402287883,338.5466085779097,158.81350662401445,-284.3267200246287,254.9945808183037,-117.83947975424853,233.05051059522404,11.216943294480718
46.846604008940176,120.82073188029499,247.20488770899982,-244.93076806554473,933.3733859545314,175.07104457353427,-971.6473546174927,-201.98649205793916,-288.3048504037805,-770.6429001392801,-302.04665219855957,-19.42146616654325,-1142.7871720491241,45.281963481248894,-536.4185595510253,-118.10592710528375,-426.3148049285106,511.9584461580762,-621.7910452806378,260.0093789515854,314.4619299509466,-310.386035121371,-95.63866154203926,444.4433873801782,743.3022660422314,404.7180108811499,-220.27455647343348,-93.97867275250827,-229.20201456017898,-34.86062023634432,-292.73815022993284,411.0068039611699,450.72421996417387,-262.6904735933109,30.05739737305256,357.6160624849414,-197.61342147981503,-60.89395218161382,-513.7155779301232,-203.3620919239429,-84.73595472804439,-60.1587606355899,132.9703275097469,-398.40197151154723,-318.40382143669797,270.796664712479,11.180842728422638,-287.2918650308487,637.8399600496028,-473.2799295302464,-222.50112694074699,396.91283391913396,-356.77472955955346,164.64879913114763,-326.8161765695917,-14.494870186325286
52.28679611978151,133.3633254729235,271.9311734457777,-269.12258643616093,1025.8961095736913,193.58366145041154,-1067.5092595078906,-222.2635038285445,-318.2628788333941,-847.6969574039115,-332.68212189026895,-21.52266873957557,-1257.1848561879315,50.14037489389024,-589.9500913321644,-129.5989807553285,-468.6227044558583,563.5281096868664,-682.7555286580474,284.5650279011482,346.81816247859916,-340.4629026076723,-105.39480730660256,488.53875525126466,817.4725148958186,445.4189807750996,-243.36563690665426,-103.25186473433318,-252.07739358032325,-37.88181822474153,-321.80170057668676,450.72421996417387,495.20353014932886,-289.7262349754803,33.583278423397026,394.3923826001183,-216.75205511512232,-66.27458069730874,-564.4802824515682,-223.1360311955182,-91.79415516120083,-66.41583794501011,147.45780150214577,-437.91873767753617,-349.7981329382035,296.54203916044,10.700679228686889,-316.5899541534824,701.1409488486469,-520.7583029437077,-244.40738687842475,437.2204228750943,-392.3043944277946,181.24285669823905,-358.7125724087738,-16.974263578348733
-31.677606442709802,-78.94546496980388,-159.56817955411003,157.5387301058031,-600.7968650167978,-114.78925098518495,624.615215829226,130.53425052776768,188.3076596120619,497.4722948892081,195.8705632461222,12.778738514972826,737.8534772104477,-29.96182421849733,346.1577585863302,75.51640251354455,274.5458301894889,-331.25238221144707,398.9244942263279,-165.00278232295273,-204.7482715226467,198.546459916056,62.104275884159875,-286.22875382776044,-479.4589542236539,-261.6727614520849,144.35495127784654,60.37078702340556,147.7574579872059,21.54939921493642,188.47044410845413,-262.6904735933109,-289.7262349754803,171.07938146532106,-20.416833877452866,-232.86834748759858,126.28576507543579,37.83793957486895,330.43441497502863,130.22728493920127,51.889518606844966,39.36505588083133,-88.17118169942582,256.47518546857157,204.67215662190404,-172.11121333611965,-3.95142265466608,186.57805164086784,-410.6833688297832,305.8380663204956,143.0425496046116,-257.41701960639296,230.0871955795808,-106.57106144814227,209.27465343276947,11.41635342461334
4.08374599513494,9.489902272033852,18.671725534732772,-18.285203421904324,69.85750450890193,13.895793863412647,-72.41196017282539,-15.313361660193637,-22.61343005508763,-58.21971470608152,-23.156952787518374,-1.5585611277548481,-86.38648825930997,3.700778743935482,-40.479983426463626,-8.645016592710126,-31.956523694488887,38.96729699816626,-46.03588614690036,18.566509224474235,24.42083523778546,-22.761841239289762,-7.364750007871242,33.320487642790674,56.01307469326096,30.731071584222565,-17.460460740640805,-6.986967462963862,-17.23707832579888,-2.2714605910463783,-21.921651856176286,30.05739737305256,33.583278423397026,-20.416833877452866,2.6558291628248627,27.78207412333486,-14.443129568597913,-4.041600638838224,-38.35912586354084,-14.965747070765321,-5.336718018678166,-4.747320740036008,10.930425259942627,-29.831112978768488,-23.72571930784678,19.434417858076465,-0.3951329828856285,-22.129459341394774,47.78167060789397,-35.87640984484012,-16.587476977935662,30.43886848065539,-26.868495592073536,12.547170839395413,-24.042299934794304,-1.8767194403807723
43.10296492530812,107.46184635590804,217.2093030493452,-214.46104095720563,817.8348788714158,156.21962022493918,-850.2754638065994,-177.6901873120845,-256.31522383404524,-677.1868969467218,-266.6274039010574,-17.38303426077417,-1004.3984524457055,40.78705121293631,-471.22474073140904,-102.79265205053935,-373.73326191314635,450.91794427316546,-543.0552649463378,224.63058469531495,278.6962245838822,-270.29275484784336,-84.53405259544166,389.63783820242986,652.6643665189355,356.1966003935994,-196.4971410010895,-82.17622418642286,-201.12522442006284,-29.336224603897172,-256.55379885954534,357.6160624849414,394.3923826001183,-232.86834748759858,27.78207412333486,316.9784654916092,-171.90973523637712,-51.508633829191176,-449.817311071319,-177.28835605411373,-70.6511194927864,-53.587639248813375,120.00479249038852,-349.1212253764806,-278.6183131676406,234.298730616008,5.388279535334274,-253.97187257767794,559.0396599512843,-416.32448365007025,-194.73192288223376,350.39945851542944,-313.2199064493875,145.07183930739035,-284.8751297936791,-15.528279457374081
-22.525791496208157,-58.06104347463637,-118.8666706068854,117.76064538935903,-448.8422430830846,-84.23226070070822,467.2262046173387,97.11616191793688,138.5972885055694,370.5221843256503,145.1969779416189,9.364306890742183,549.4869206581046,-21.731412453471986,257.87205801880793,56.83404651740094,204.98727511255294,-246.12814756879692,299.0162771796534,-125.05170404505985,-151.1865276125006,149.23066608140465,45.984354359780916,-213.6933988462548,-357.4068520604572,-194.59849520734576,105.85200869474181,45.20932298751255,110.24747621840095,16.7900193747395,140.7887193518372,-197.61342147981503,-216.75205511512232,126.28576507543579,-14.443129568597913,-171.90973523637712,95.05263761374825,29.328482942712874,247.00758356970107,97.76783977422254,40.79027694469789,28.895621528987036,-63.90459277717268,191.59291170398038,153.09767634610427,-130.264836759414,-5.468412533179949,138.11528350111178,-306.7347541442438,227.54033387290386,106.95258717449083,-190.82736727353307,171.51259966675943,-79.1476105583018,157.2145441302037,6.92899314147105
