V1,V2,V3,V4,V5,V6,V7,V8,V9,V10,V11,V12,V13,V14,V15,V16,V17,V18,V19,V20,V21,V22,V23,V24,V25,V26,V27,V28,V29,V30,V31,V32,V33,V34,V35,V36,V37,V38,V39,V40,V41,V42,V43,V44,V45,V46,V47,V48,V49,V50,V51,V52,V53,V54,V55,V56
0.3496401361343041,0.06873356865877217,-0.14822600447875173,-0.5088236665724836,-0.1882857196882651,-0.18617661080209955,-0.5699144328344157,-0.24203796515015175,0.14971836550766715,0.032149008320747144,-0.26705386292949085,0.49791500763298047,-0.161664992224511,-0.32439161183231213,-0.1961087086945255,-0.09576155238347336,-0.020215707958458434,0.23798030607902804,0.3695169208520517,-0.1314069265275855,-0.1644364470072675,-0.3981946619871597,-0.2053720153836029,0.036955023015909035,-0.08281505492466398,-0.599666152592751,-0.08645276162065134,0.4700839165275375,-0.16971321849929966,-0.1003130422356835,0.03680644834384042,-0.12228379055418735,-0.23091439922824838,0.05067788968356503,-0.16188796034288663,-0.0911454725648939,0.21286168192125315,-0.2816882849602553,0.26341508707238637,0.027076498617351393,-0.43404716049884484,0.6390196340834812,0.5333762566911705,0.4645339444485783,-0.13045819890218904,0.058354550869176416,0.4380568217974766,0.010713153914389994,-0.03531349914728656,0.39138647484377254,0.3093126255940815,0.20190322615339598,0.5095194146227616,0.8819513630212036,0.32581754513006383,-0.13060946784812652
0.06873356865877217,0.4565645884112897,0.4169696688548947,-0.2643074322974985,-0.06551100694593226,0.17022893390354626,-0.394699983962706,-0.2232492265394168,0.19628965522414635,-0.09114904003284476,0.23369197478175174,0.15390238300405512,-0.22733024927456935,-0.49347750099570403,0.1493459358447346,0.32197881466170886,0.11235763486539027,0.3262091582782393,-0.023567548103931225,-0.08143702068473602,0.08271903598225278,-0.7051564148413582,0.05874548124438495,0.00291605755273362,-0.06568725150802268,-0.28340209378228953,-0.6039216738139292,0.36909080547262396,-0.29966428654637034,0.04822267473443575,0.3756437074899226,-0.20788402061126743,-0.11768928009391783,0.35137896353747944,0.26920897376504327,-0.13382962250510375,0.4094066681563684,-0.044995174435993116,-0.32328723520603003,-0.2453023371360041,-0.19844085616292279,0.23831499791107674,0.6301198905554248,0.5961989126941653,-0.20189070970646114,-0.013326669183438725,-0.28499332660251414,-0.375877932313428,0.1053325256346077,0.0805011495366521,-0.29164285409361657,0.1930570341500672,0.004810188175618075,0.025042496404549763,-0.3940777532044601,-0.024250897129537267
-0.14822600447875173,0.4169696688548947,0.7231383526865999,-0.272078955008229,0.17518631284133243,0.23401045588991154,0.06813929005713086,-0.34829736501734476,0.33765084698710823,0.07470557915719714,0.21984146712065022,-0.0872469177451015,-0.27516385099933865,0.19512910167018402,0.5071804472837931,0.2722968937973013,0.35614459316114877,0.12499663682726249,-0.3311036754540657,-0.18507170581489535,0.2573782353389624,-0.5318791129526096,0.07905808794025755,0.11155463670446782,0.10986626615510749,-0.039620982882252506,-0.24017802944857045,-0.27883218628235346,-0.08323470094467317,0.43988683513481674,0.821744318907433,-0.12304508087400502,-0.11607923758495572,-0.13323226047065945,0.12624779172178277,0.09330964963659272,0.010468922364377764,0.08390404621996048,-0.4743039103377432,-0.25066917047585774,0.19429684950254147,-7.087826833780587e-4,0.07598399710810978,0.36012247076778803,0.09796141754397779,-0.15176619648904024,-0.9333051104576664,-0.12911398694782855,0.4003983110214881,-0.18180755540159604,-0.4209730474398846,-0.5261867070622973,-0.2028655719692911,-0.7269418900003908,-1.1182492568386477,0.4221587465370575
-0.5088236665724836,-0.2643074322974985,-0.272078955008229,2.0436039791329934,-0.1644608339873517,-0.5669110779729695,0.47528189277809224,0.6119008995971315,-0.8865271419976136,0.20338295837131684,0.09921463892866024,-0.6046301292401699,0.4679370851525296,-0.15823633678766513,-0.33092495918651665,0.29532803320040374,-0.7082984425399571,-0.7696146005794849,-0.3179401117866885,0.8035035773304621,-0.5533698629822601,0.5672914682831933,-0.3510716828641461,-0.6271868085744663,-0.5294920632691105,0.701227511806196,-0.15753401422403168,0.12915055724820526,1.3035944969582312,-0.9033589780907036,-1.4486614581415127,0.08029805463860508,0.3024316367567,0.531289414518007,0.7758685825063225,0.15801095428330536,-0.8202165188930535,-0.10602733807658331,-0.5494920025199974,0.6874196272769344,0.9491314704364396,-1.4125123916688322,-1.1536249261521658,-1.1547256253630003,0.08487148840453115,-0.8706427923860423,-0.5248842748113814,0.25095287961540935,-0.7771883497659943,-0.6954956194909298,-0.7401233791005082,0.3767459229936728,-0.37684456543436284,-0.9627301581204645,0.4068463949294277,-0.5083642680649579
-0.1882857196882651,-0.06551100694593226,0.17518631284133243,-0.1644608339873517,0.3171817287851843,0.3252371083709536,0.3593879664757427,0.01933930912202353,0.14408800227234367,0.15818632707578187,0.13063724067619362,-0.2974331967734284,0.10154819181288303,0.7105877726213379,0.3178174978577648,-0.11354511307035714,0.27477790695167925,-9.596165059059291e-4,-0.36025801111156225,0.0026103275229796366,0.2996201384674775,0.33805682006113563,0.3339666706715748,0.18565200607645652,0.27535124949120243,0.2510610726183544,0.1856053030182668,-0.7156945541057966,-0.008903363641468421,0.31479630599920205,0.44519347341963345,0.16962606830396984,0.22453909499545371,-0.4373606272146146,-0.2502422817743085,0.14283967074602716,-0.0908891041434736,0.11577010037497196,0.027590340764022822,-0.24958451827104283,0.25183669845334267,-0.20034522270488667,-0.49029642948340685,-0.11962122220515035,0.13166044029337248,0.19259777110940487,-0.1862939526487934,-0.14286233958647235,0.21768030582223824,-0.312124063392449,-0.01880226879960866,-0.4611309710947878,-0.39684338839875327,-0.6686222661600016,-0.5262338865772538,0.3588366124434521
-0.18617661080209955,0.17022893390354626,0.23401045588991154,-0.5669110779729695,0.3252371083709536,1.184356408214406,0.42841847461987775,0.3654795785713706,0.24355204739369793,-0.687962753685818,0.8493740708638208,-0.5291242271667813,0.07784406791382717,-0.15324704689781785,0.353853997647966,0.08881252467404895,0.41304789674438624,0.5195406741567298,-0.31237933918451727,-0.23498586086282472,0.8349975236494466,0.3185358958662581,1.053293402713555,0.35522184827859626,0.49697552448954874,0.7699287533522912,-0.30961604587747193,-0.40199346234809863,-1.354925499890849,0.5999954659545448,0.6422125241253294,0.18523894293993448,0.4568135386287426,0.24440726683150465,0.038012220371220234,-0.3261970272436552,1.0023345923096183,0.8275990563921582,-0.009397616444028204,-0.8724786276743243,-0.3755148345344958,-0.06645858466139445,0.6440902458165733,0.24022110244973974,-0.2828086865125934,1.0947360771826145,0.422679679760779,-0.8589418228185776,0.4192762188018732,-0.021423132825398622,-0.0057725083008412234,0.3512426244615434,-0.9068879643385278,-0.43143339050983504,-0.15077853135945313,0.12135035593579947
-0.5699144328344157,-0.394699983962706,0.06813929005713086,0.47528189277809224,0.3593879664757427,0.42841847461987775,2.0893068620909383,0.6395926522081904,-0.2955679377440814,-1.0824285391598665,0.5049867124105529,-0.9978319798128131,0.15364935879093436,0.348591506355854,0.24917953493062892,0.13366792157216764,0.02740126774937991,-0.8505035195121724,-0.06211414507264371,-0.7493042753656505,0.728274308992913,1.1955003330383396,0.41860924906129565,0.21288665185368738,0.6152294989466757,1.8293628233682657,1.2432217720224685,-0.9881484179265763,-0.7884154147901477,0.9468575929898942,0.07274429462030181,0.025360711134514526,-0.041966174318039236,-0.23465507693818421,-0.09769191948567302,-0.09323418553373185,-0.08058708957693016,1.5997951839279003,-0.21877755153434209,0.038017390979147594,0.2033472801098844,-1.0718305992241917,-0.2500291564671537,-1.3467386260824092,0.6188315166471884,0.2370750271057541,-0.9499725981951698,0.9338370872347106,0.6594021317741887,0.044021307911267765,0.09670578069805025,-0.5763860961825308,-0.7730398820134105,-0.9943516288622753,-0.06914564519119754,0.4086384495714805
-0.24203796515015175,-0.2232492265394168,-0.34829736501734476,0.6119008995971315,0.01933930912202353,0.3654795785713706,0.6395926522081904,0.7068125217744206,-0.43233593169648393,-0.6284136028102567,0.48989981526288645,-0.5499632858075799,0.34659592479662554,-0.4240053320873239,-0.221356645819252,0.10992187228081711,-0.2691739051376268,-0.17213008042551062,-0.005237453188946193,0.07151340646854301,0.22617495359806558,0.7276443830649575,0.45020993974396817,-0.0716080882135548,0.09940669241423078,0.9395069583925616,0.022039387290410755,0.0027220279353013938,-0.48140115408099865,-0.11271076983338074,-0.6376193707254583,0.11171028639928861,0.3364478519820591,0.50013305896626,0.2619758973328295,-0.26493476034802765,0.37414865873745556,0.6624561439390511,-0.007145708143723582,-0.09083014568761563,-0.07003904312766131,-0.6503775598268027,0.1004256050727521,-0.6084821128964426,-0.12256346249412466,0.39872635529612915,0.3992358600336254,-0.15975528713641998,-0.16637791687107537,-0.04073259038930863,-0.01435851603838349,0.6586057422255345,-0.5739385347452608,-0.16305681139209138,0.7604480302660852,-0.3588586413365287
0.14971836550766715,0.19628965522414635,0.33765084698710823,-0.8865271419976136,0.14408800227234367,0.24355204739369793,-0.2955679377440814,-0.43233593169648393,0.5091499164315291,0.18348220591016126,-0.07762256848840018,0.24387189711439713,-0.2648808364083704,0.35818970171397907,0.34007750223791094,-0.13813543805965492,0.4480497684510757,0.37900666014145923,-0.09086363807609563,-0.2345279008736097,0.21837616969791773,-0.3809747385043541,0.10584389374882866,0.26923220200776155,0.19243870462418325,-0.42315826144291663,-0.01617048567941802,-0.2411317836609083,-0.28616203821982295,0.44631773057434376,0.8645572658467559,0.023676480941244294,-0.09011573978229152,-0.4015243052281375,-0.299610109774612,0.07845894706663836,0.13141925268862217,-0.13677678655050343,0.10446529837621628,-0.3183238340845166,-0.1650211574293202,0.5955828922280544,0.21517533230556424,0.5928631791362693,0.00762795764785367,0.2433067386538116,-0.04169219128830228,-0.18179512027352995,0.3833882263397866,0.09024489634551791,0.12929720084483637,-0.45109992404311117,0.11039982772169936,0.03711047976472892,-0.6439435146292757,0.39625010698489427
0.032149008320747144,-0.09114904003284476,0.07470557915719714,0.20338295837131684,0.15818632707578187,-0.687962753685818,-1.0824285391598665,-0.6284136028102567,0.18348220591016126,1.9176324317036109,-0.8110178525336323,0.37827802842030195,0.16649715005778867,1.5757671232468686,0.1978115937629001,-0.45182601378847137,0.14617439087809359,0.0810816727367953,-0.6669958812264222,1.047688049425675,-0.7216009006005963,-0.22758357829596423,-0.5152461523871986,-0.18013677675384052,-0.40003906182292437,-1.3337349954818207,-0.30067535847216853,-0.5828184539985055,2.1141267909251433,-0.7219733027839544,0.10640822443840364,0.3198533916527421,0.3043674007113788,-0.9752522395567454,-0.3541903238505048,0.7613809392648431,-1.2668596841798845,-1.7562972280195874,0.1474534850990466,0.28515972725511,1.0304197446506294,0.1136486273273362,-1.8753645603599813,0.2903699271884165,0.07426646801383811,-0.8248937724106592,-0.08246446493779876,-0.3177424568057465,-0.5580961076067075,-0.9622454169619247,-0.2930167685764923,-0.8723542318950409,0.3335292206025423,-0.7031270641259776,-0.9755116856778248,0.31954729532542453
-0.26705386292949085,0.23369197478175174,0.21984146712065022,0.09921463892866024,0.13063724067619362,0.8493740708638208,0.5049867124105529,0.48989981526288645,-0.07762256848840018,-0.8110178525336323,0.8767902387767381,-0.5738638983710964,0.10011983843361733,-0.6379071937264446,0.15552705228348007,0.3765654202950332,0.0723955608732366,0.22746621214846535,-0.19617727097520424,-0.14267705090313448,0.5870672870205462,0.17743167555147363,0.7655106301421644,0.09235624844981505,0.24570591677007544,0.8927113451989231,-0.4530289612967495,0.0012284997289282046,-1.0596880791290182,0.27683468384739524,0.11821717375272264,-8.371003357465292e-4,0.3144590043092403,0.6559681620986851,0.4177417449046811,-0.38111338875997314,0.8677461700270956,0.855619116275897,-0.3237624309074586,-0.5567137569740646,-0.2471352652519614,-0.4313053106656438,0.6866912296546808,-0.015251388722562592,-0.26593814776082225,0.6424406737411118,0.035327346974078334,-0.6224096281784173,0.18774176223335654,-0.02482397427210298,-0.28396092027743514,0.6143762057600467,-0.8218028765083043,-0.45554922758589084,0.06219157830988938,-0.14952817949092723
0.49791500763298047,0.15390238300405512,-0.0872469177451015,-0.6046301292401699,-0.2974331967734284,-0.5291242271667813,-0.9978319798128131,-0.5499632858075799,0.24387189711439713,0.37827802842030195,-0.5738638983710964,0.8279205326841169,-0.2969035938794965,-0.27809732077842936,-0.22529310544079034,-0.12489211498321745,-0.03259511996451775,0.267813399292555,0.4472022584630968,-0.061347426654844384,-0.43375565203615696,-0.7864881961929162,-0.5550810904695627,-0.03284750654628048,-0.2594866022279332,-1.134983027912309,-0.16698882664934275,0.6691562333286493,0.23507221881610035,-0.2550826557766469,0.08203085064865469,-0.20590776118960197,-0.4160063717293979,-0.06251885944060483,-0.1977154630454908,0.0277489356134224,-0.03186657689091608,-0.719141316077867,0.2593944550193007,0.2038398519031656,-0.38574532349369317,0.9181651391789662,0.47199310021658497,0.7129169820032721,-0.10895938969110884,-0.2683950273507384,0.31531176362274205,0.1283288128816893,-0.11639125654900924,0.42373140491460115,0.28901981259086235,0.04172657586848975,0.894774738593674,1.1037302638954032,0.16213108946402371,-0.1065696676735955
-0.161664992224511,-0.22733024927456935,-0.27516385099933865,0.4679370851525296,0.10154819181288303,0.07784406791382717,0.15364935879093436,0.34659592479662554,-0.2648808364083704,0.16649715005778867,0.10011983843361733,-0.2969035938794965,0.3541008156768606,0.2733250891049181,-0.10964949529079004,-0.09373235246369406,-0.1468096685410245,-0.10298639937635819,-0.21583637210973985,0.3843513511883007,-0.03220031766265024,0.5410748725803922,0.2242796009726018,-0.07818432248655524,-0.004648884746426595,0.26772762302510844,-0.043314485331889085,-0.2597219502204753,0.29748190653078194,-0.3128467864930904,-0.4237564389230585,0.19446317113261022,0.3751403254225181,-8.408810826914422e-4,-0.007796686198371694,0.04729158652368867,-0.09633540912764475,-0.07442242820240692,0.10865803425898772,-0.011053172651516743,0.2577667632853302,-0.4469479348347618,-0.5666092116013345,-0.37043055036210376,-0.062391538803533424,0.0790022363052623,0.33368928110545076,-0.24338636907708153,-0.30227815453133744,-0.3477093303568633,-0.040910505050589546,0.19778926507467454,-0.34096928687553485,-0.329776782747162,0.28185485910799385,-0.14996339607241402
-0.32439161183231213,-0.49347750099570403,0.19512910167018402,-0.15823633678766513,0.7105877726213379,-0.15324704689781785,0.348591506355854,-0.4240053320873239,0.35818970171397907,1.5757671232468686,-0.6379071937264446,-0.27809732077842936,0.2733250891049181,2.7722017804568404,0.6798199298354799,-0.7466178599427754,0.5889836759735951,-0.3134649298997909,-0.9553439188710054,0.4841498816712276,0.004007504818051171,0.8229936294921191,-0.0026678854215288353,0.26740346498862455,0.3232070218899181,-0.28700732543917284,0.8790676815205176,-1.9904391990000345,1.5895153899035757,0.30840633260636646,0.8340094598721054,0.5735696292053314,0.42561543716471467,-1.890521479540707,-0.9841769473795032,0.9196484206241591,-1.4751467659254784,-0.8411508234387169,0.3452459692697119,0.046423415337750906,1.2616619789680528,-0.30879489848387226,-2.51432440262991,-0.46211282660155895,0.6274146161927002,-0.3539074545170845,-0.5531550371400987,0.20471139905168237,0.17009105259761761,-1.0927732658274776,0.05963110060703318,-1.9111785933229453,-0.2709561828480762,-1.6220904501564029,-1.536671103179811,1.0717073685440794
-0.1961087086945255,0.1493459358447346,0.5071804472837931,-0.33092495918651665,0.3178174978577648,0.353853997647966,0.24917953493062892,-0.221356645819252,0.34007750223791094,0.1978115937629001,0.15552705228348007,-0.22529310544079034,-0.10964949529079004,0.6798199298354799,0.5248818249813864,-0.00843542677612171,0.437498756771362,0.10163195565019364,-0.4486349088929564,-0.09277081510469211,0.3368117586398554,-0.04143138453460456,0.24902034666333092,0.20666455711859277,0.24609424072792394,0.11853779897357669,0.0540336024432775,-0.6838033331075195,-0.025793405767740977,0.5029358096009171,0.8064659521375347,0.10589379239451492,0.10075770071689334,-0.4524937107668755,-0.13042193023179458,0.18624326789548512,-0.1268404134501503,0.09051805798243906,-0.19426562536892247,-0.3007008491998656,0.29871096649586965,-0.0617417787976252,-0.3469982613138149,0.13059703113264634,0.15644551886296665,0.08490354188698548,-0.5743717312119058,-0.15098016802553335,0.3950325005921143,-0.3125888460034512,-0.21044146839752836,-0.6782744984623262,-0.35278926320664267,-0.8498366571325009,-1.0052790283987405,0.5229134161806531
-0.09576155238347336,0.32197881466170886,0.2722968937973013,0.29532803320040374,-0.11354511307035714,0.08881252467404895,0.13366792157216764,0.10992187228081711,-0.13813543805965492,-0.45182601378847137,0.3765654202950332,-0.12489211498321745,-0.09373235246369406,-0.7466178599427754,-0.00843542677612171,0.47565785401739846,-0.1494862439724315,-0.04093167263969187,0.0720068708612637,-0.14443060935651422,0.08953688020267017,-0.36816793010091287,0.04041040416544486,-0.11570378387731672,-0.0732448701026936,0.2624605544120387,-0.3939285610441519,0.4144532714242286,-0.3426902575049677,-0.017066675626063524,-0.08359107010448807,-0.2729550450117111,-0.14036091593638939,0.5945005563498101,0.4507489255653114,-0.22648736884413234,0.3703143771019167,0.3521266313405838,-0.4594578098425287,-0.04958544271976124,-0.12624788433899706,-0.2538424895398227,0.5934881493355726,0.06428042727490035,-0.09732836142236485,-0.1362280710777305,-0.4956145583317967,-0.06968105254160545,0.03250694363939427,0.10316580934946867,-0.35500675955836164,0.3717763361236809,-0.14852117150525165,-0.10284819805029823,-0.04029244239167874,-0.18983285518998635
-0.020215707958458434,0.11235763486539027,0.35614459316114877,-0.7082984425399571,0.27477790695167925,0.41304789674438624,0.02740126774937991,-0.2691739051376268,0.4480497684510757,0.14617439087809359,0.0723955608732366,-0.03259511996451775,-0.1468096685410245,0.5889836759735951,0.437498756771362,-0.1494862439724315,0.48729850602473346,0.28971240419870153,-0.2810771060674879,-0.17891173432511637,0.3560829372561251,-0.07245311318119883,0.2941013075396277,0.29512623461747595,0.29205457497368986,-0.0792030359413757,0.07745093056297837,-0.5538300385814732,-0.28623641924279875,0.5329136184318625,0.8688019676406391,0.1293472171951817,0.07860966529891766,-0.476257348258437,-0.2931528414915736,0.11328278475674311,0.07629528364810932,0.042622499832212335,0.05847584633275382,-0.3878289963429635,0.013776814891045411,0.29540953766915135,-0.06435217656245927,0.3447957841356253,0.06336141214128597,0.33176810830765124,-0.12528053872311679,-0.23052431132713855,0.41846362606520876,-0.10037093990466045,0.05312901102503332,-0.5425841304233368,-0.1917805125083068,-0.37974335450575797,-0.7468065702580469,0.47473666994957225
0.23798030607902804,0.3262091582782393,0.12499663682726249,-0.7696146005794849,-9.596165059059291e-4,0.5195406741567298,-0.8505035195121724,-0.17213008042551062,0.37900666014145923,0.0810816727367953,0.22746621214846535,0.267813399292555,-0.10298639937635819,-0.3134649298997909,0.10163195565019364,-0.04093167263969187,0.28971240419870153,0.8070354388215992,-0.09030182079549254,0.1375684325697751,0.16561878620073886,-0.4933226192526327,0.41127371526503925,0.1533561524786926,0.016543103114375155,-0.5294622028745929,-0.7804565529065324,0.3026754699541825,-0.5526888459153456,-0.025859332777070622,0.46354157546304015,0.08157364872662697,0.232699102486907,0.24188709771189817,0.025432312317155065,-0.17233544630321174,0.7093644869771744,-0.2854297939891364,0.15021312857903912,-0.5756137776689495,-0.43864838536134537,0.66240162341871,0.6727800434718115,0.9318115104982717,-0.4864418814461249,0.6060849197536015,0.7813146754749674,-0.9635133856797871,-0.001976906619064771,0.0734060310900665,0.02341412879864286,0.47923955362140475,-0.07570242458705342,0.38930651561440416,-0.0606007569686985,-0.09997287951879137
0.3695169208520517,-0.023567548103931225,-0.3311036754540657,-0.3179401117866885,-0.36025801111156225,-0.31237933918451727,-0.06211414507264371,-0.005237453188946193,-0.09086363807609563,-0.6669958812264222,-0.19617727097520424,0.4472022584630968,-0.21583637210973985,-0.9553439188710054,-0.4486349088929564,0.0720068708612637,-0.2810771060674879,-0.09030182079549254,0.8163398923231409,-0.5645090746560609,-0.1119062616580058,-0.26151698550107483,-0.3347472551002966,-0.005673124716765,-0.03835395949938951,-0.13364511277142188,0.2920550264634044,0.8146837298447869,-0.6666568588730571,0.02992508618324924,-0.32391195891770935,-0.3362499395959801,-0.5356962525547906,0.3854135183015047,-0.05275811595483076,-0.329726442563052,0.4080658920113456,0.323655316577345,0.22617409453011286,0.2501375087493881,-0.7588777287087981,0.5068180852561852,1.1004822258015712,0.09151016531892418,-0.009568022483024803,0.04044316909694848,0.30407588071264097,0.5686562724785115,0.07337526447208013,0.8484365778509659,0.4940064218380759,0.4607940403801684,0.6502529998195962,1.3404230503076633,0.9176731684481364,-0.3246244563548567
-0.1314069265275855,-0.08143702068473602,-0.18507170581489535,0.8035035773304621,0.0026103275229796366,-0.23498586086282472,-0.7493042753656505,0.07151340646854301,-0.2345279008736097,1.047688049425675,-0.14267705090313448,-0.061347426654844384,0.3843513511883007,0.4841498816712276,-0.09277081510469211,-0.14443060935651422,-0.17891173432511637,0.1375684325697751,-0.5645090746560609,1.1115218135963068,-0.523113429051525,0.10427636138178593,-0.06424315176753573,-0.333349744581984,-0.4487973669766522,-0.4744964131708349,-0.7135036945962583,-0.0562928061585563,1.333668414758832,-0.9315466213543728,-0.6018511091364527,0.3269917795726593,0.586678919726806,0.010575961470276372,0.24913332867365665,0.312075341256818,-0.549178363759883,-1.0428206364753363,-0.03225039652027843,0.11472907581668056,0.7210329048358041,-0.3775007669333882,-1.1716970386830892,-0.007246245287056071,-0.2766664917470978,-0.35188316849225315,0.42701974449589053,-0.7198784253219436,-0.7776922861761992,-0.8308501140920567,-0.46568029048147286,0.2368170818751984,-0.19635310456547506,-0.5930010972299408,-0.06308397893102664,-0.2706170469349762
-0.1644364470072675,0.08271903598225278,0.2573782353389624,-0.5533698629822601,0.2996201384674775,0.8349975236494466,0.728274308992913,0.22617495359806558,0.21837616969791773,-0.7216009006005963,0.5870672870205462,-0.43375565203615696,-0.03220031766265024,0.004007504818051171,0.3368117586398554,0.08953688020267017,0.3560829372561251,0.16561878620073886,-0.1119062616580058,-0.523113429051525,0.7557402358790096,0.3132461881427412,0.7188351133442474,0.3618144570252347,0.5342882990427817,0.768320228155168,0.18378165764166676,-0.48813506058415257,-1.1915306748205685,0.7673508413445468,0.6744058124972568,0.036547798238533394,0.12441882488142283,-0.013193206097483824,-0.13387405817111034,-0.23650523391112163,0.6807079088754057,0.9173372900503076,-0.02243626516331614,-0.5793513934186634,-0.3263171356023036,-0.07724984945433266,0.5406787067825723,-8.945251642579066e-4,0.02028738886402561,0.7521168466219971,-0.06884426660981255,-0.21844311794330637,0.5775506744455206,0.14399754415015564,0.12462219575428005,-0.06714568517755723,-0.6106558546205278,-0.3444204481709415,-0.2467122365906197,0.28741906617083335
-0.3981946619871597,-0.7051564148413582,-0.5318791129526096,0.5672914682831933,0.33805682006113563,0.3185358958662581,1.1955003330383396,0.7276443830649575,-0.3809747385043541,-0.22758357829596423,0.17743167555147363,-0.7864881961929162,0.5410748725803922,0.8229936294921191,-0.04143138453460456,-0.36816793010091287,-0.07245311318119883,-0.4933226192526327,-0.26151698550107483,0.10427636138178593,0.3132461881427412,1.5338581267487414,0.4901404776137939,0.10172673362759614,0.36598745383455245,1.1793430416136934,0.8678490379404346,-0.9857588838520553,-0.022538564836754194,0.1681802531182231,-0.46249684561348403,0.4371482463316577,0.512403071757925,-0.40849023878440743,-0.30984167081481284,0.08566967455601547,-0.29029232911409275,0.629761208085239,0.3544986947196461,0.021591524053575534,0.3770347087390561,-0.862053142386141,-1.0045916013999212,-1.1807403120147804,0.2682583631328528,0.4309747810823067,0.3832431086098234,0.23957751600767624,-0.018887201658459158,-0.3487763671900621,0.2919813757687428,-0.1749210866991429,-0.705525284902489,-0.6903019361782793,0.497301738999616,0.09509764297629639
-0.2053720153836029,0.05874548124438495,0.07905808794025755,-0.3510716828641461,0.3339666706715748,1.053293402713555,0.41860924906129565,0.45020993974396817,0.10584389374882866,-0.5152461523871986,0.7655106301421644,-0.5550810904695627,0.2242796009726018,-0.0026678854215288353,0.24902034666333092,0.04041040416544486,0.2941013075396277,0.41127371526503925,-0.3347472551002966,-0.06424315176753573,0.7188351133442474,0.4901404776137939,1.0182946605225733,0.29346491473337316,0.4522428421031258,0.7321077134525191,-0.2849093140862948,-0.4645963168450248,-1.069133047791733,0.3838696384042732,0.40282777423492555,0.21684499775453697,0.5374491533009675,0.1883714236151739,-0.026003268351224226,-0.27065326964298736,0.8660623990593741,0.6672151636677612,0.06794049688136866,-0.7783613481213671,-0.25471988563887005,-0.21546867687426488,0.34376788367671957,0.0846497329796778,-0.2710688604570966,0.9852149832973336,0.516946003547304,-0.8521256146544888,0.24014149375215837,-0.14558564246480776,0.01673512788510324,0.38514076600721825,-0.9062163491793143,-0.46006491269922933,-0.0037815167919520148,0.04638384221223288
0.036955023015909035,0.00291605755273362,0.11155463670446782,-0.6271868085744663,0.18565200607645652,0.35522184827859626,0.21288665185368738,-0.0716080882135548,0.26923220200776155,-0.18013677675384052,0.09235624844981505,-0.03284750654628048,-0.07818432248655524,0.26740346498862455,0.20666455711859277,-0.11570378387731672,0.29512623461747595,0.1533561524786926,-0.005673124716765,-0.333349744581984,0.3618144570252347,0.10172673362759614,0.29346491473337316,0.27850354805174404,0.3271903365798613,0.10454011898290246,0.24169739864023398,-0.3557103102170181,-0.5514565913079315,0.47671456451392896,0.560159016362907,0.03931748898764935,-0.008211704760190366,-0.29187724008273425,-0.32374889100640997,-0.0402847286840622,0.26374404874286794,0.2839104670901407,0.17537293763859757,-0.3022971768203563,-0.2256693702017287,0.24863986894182177,0.21471746997924884,0.1559201655888551,0.06382538045539769,0.4054825654052449,0.06775130366339188,-0.04112772437068882,0.3720688608589543,0.14042181412997887,0.25505386236857364,-0.26443485637092723,-0.11538955485999158,0.013828697789363202,-0.22455327547794127,0.2847190750517335
-0.08281505492466398,-0.06568725150802268,0.10986626615510749,-0.5294920632691105,0.27535124949120243,0.49697552448954874,0.6152294989466757,0.09940669241423078,0.19243870462418325,-0.40003906182292437,0.24570591677007544,-0.2594866022279332,-0.004648884746426595,0.3232070218899181,0.24609424072792394,-0.0732448701026936,0.29205457497368986,0.016543103114375155,-0.03835395949938951,-0.4487973669766522,0.5342882990427817,0.36598745383455245,0.4522428421031258,0.3271903365798613,0.467055050220128,0.4814021017346411,0.42010909307078553,-0.5610552664742088,-0.7468290098157815,0.6289326092538526,0.5597956143748936,0.04779682979543628,0.03543942563255335,-0.30281392668709967,-0.34748295902711807,-0.0828157206342975,0.32611269394480946,0.6024246520731626,0.1432965063718919,-0.35038457421939206,-0.2045281479277886,0.006807620727175913,0.177104619268032,-0.09285890626451697,0.1461055816967958,0.5034489720495986,-0.0569404089052407,0.045707178084442544,0.4740136003661352,0.12132688554437958,0.2704403486771427,-0.30563460744323634,-0.32988603739652006,-0.19587115034195254,-0.20522010124321144,0.33555017831540873
-0.599666152592751,-0.28340209378228953,-0.039620982882252506,0.701227511806196,0.2510610726183544,0.7699287533522912,1.8293628233682657,0.9395069583925616,-0.42315826144291663,-1.3337349954818207,0.8927113451989231,-1.134983027912309,0.26772762302510844,-0.28700732543917284,0.11853779897357669,0.2624605544120387,-0.0792030359413757,-0.5294622028745929,-0.13364511277142188,-0.4744964131708349,0.768320228155168,1.1793430416136934,0.7321077134525191,0.10454011898290246,0.4814021017346411,2.0149218666938498,0.6358186468608027,-0.5734359868981793,-1.1242916964298622,0.6678903360717101,-0.2604100611217616,0.1134705015328437,0.2632753821278218,0.3902204689997147,0.3219950832902535,-0.3254329761350483,0.3982323940784793,1.692218055101739,-0.30217179418416473,-0.1899567482100837,0.036228539864784165,-1.1620409412791914,0.15560364379036856,-1.1897751544952593,0.22705899369983445,0.5927670035993629,-0.3808454930888918,0.3068752546239704,0.4093969574896834,0.003567582585170532,-0.0989795464739631,0.2014784959296854,-1.0820857771138905,-0.910006702766206,0.3628240344897553,0.013945384705703402
-0.08645276162065134,-0.6039216738139292,-0.24017802944857045,-0.15753401422403168,0.1856053030182668,-0.30961604587747193,1.2432217720224685,0.022039387290410755,-0.01617048567941802,-0.30067535847216853,-0.4530289612967495,-0.16698882664934275,-0.043314485331889085,0.8790676815205176,0.0540336024432775,-0.3939285610441519,0.07745093056297837,-0.7804565529065324,0.2920550264634044,-0.7135036945962583,0.18378165764166676,0.8678490379404346,-0.2849093140862948,0.24169739864023398,0.42010909307078553,0.6358186468608027,1.646268388342969,-0.8289163351208454,-0.05887516887135515,0.7497008139442258,0.15150631971058637,0.05137420134945118,-0.38927691305911366,-0.9232730992364493,-0.6842582149532352,0.2101718369791197,-0.685263679636637,0.653764784099971,0.3620780596175354,0.4411578371142191,0.11164525786596009,-0.14852863430588645,-0.5524458847542317,-0.9628642441182872,0.7534846037350396,-0.10265243831438645,-0.5008929265710594,1.3948354732809403,0.54128031022746,0.3097053058432878,0.6450482658309296,-1.0677926413354328,0.23794030903175678,-0.022521667763430966,0.03934890453636071,0.543492688385579
0.4700839165275375,0.36909080547262396,-0.27883218628235346,0.12915055724820526,-0.7156945541057966,-0.40199346234809863,-0.9881484179265763,0.0027220279353013938,-0.2411317836609083,-0.5828184539985055,0.0012284997289282046,0.6691562333286493,-0.2597219502204753,-1.9904391990000345,-0.6838033331075195,0.4144532714242286,-0.5538300385814732,0.3026754699541825,0.8146837298447869,-0.0562928061585563,-0.48813506058415257,-0.9857588838520553,-0.4645963168450248,-0.3557103102170181,-0.5610552664742088,-0.5734359868981793,-0.8289163351208454,1.8160876367009657,-0.47051460896415004,-0.6761477435154198,-0.8341872132817333,-0.4481690017713701,-0.43208691126398574,1.297701263156973,0.6817822429003404,-0.5149568342818946,0.7285950573275107,-0.1331817462209804,-0.12638114325164093,0.24915131121546333,-0.8473351619909115,0.5832023358351981,1.6339039992939657,0.6211777050825156,-0.5268469940121248,-0.13747232155271363,0.6061251389294965,-0.11357711643113359,-0.4453788858112817,0.7905308609628717,-0.017866257804948556,1.401957538395888,0.730183845822178,1.6277642905939727,1.2114057567542527,-0.9159257403239767
-0.16971321849929966,-0.29966428654637034,-0.08323470094467317,1.3035944969582312,-0.008903363641468421,-1.354925499890849,-0.7884154147901477,-0.48140115408099865,-0.28616203821982295,2.1141267909251433,-1.0596880791290182,0.23507221881610035,0.29748190653078194,1.5895153899035757,-0.025793405767740977,-0.3426902575049677,-0.28623641924279875,-0.5526888459153456,-0.6666568588730571,1.333668414758832,-1.1915306748205685,-0.022538564836754194,-1.069133047791733,-0.5514565913079315,-0.7468290098157815,-1.1242916964298622,-0.05887516887135515,-0.47051460896415004,3.073201281395855,-1.1634169148509907,-0.6937987654882692,0.27112514175772645,0.19622686167534625,-0.8863812030858924,-0.04015765418357911,0.9488735636631588,-2.038173485924415,-1.9046799184584522,-0.13085676062478752,0.940479790937633,1.5911824589617232,-0.540639473162182,-2.594261764698497,-0.43481514202458765,0.32007213792562494,-1.6102483550803977,-0.6495712130875945,0.30065545760620566,-0.9196585499056465,-1.2003642615301537,-0.5938688361752997,-0.9735139885854592,0.47783786956396906,-1.0453719313596415,-0.8030527922019358,0.1394071440073345
-0.1003130422356835,0.04822267473443575,0.43988683513481674,-0.9033589780907036,0.31479630599920205,0.5999954659545448,0.9468575929898942,-0.11271076983338074,0.44631773057434376,-0.7219733027839544,0.27683468384739524,-0.2550826557766469,-0.3128467864930904,0.30840633260636646,0.5029358096009171,-0.017066675626063524,0.5329136184318625,-0.025859332777070622,0.02992508618324924,-0.9315466213543728,0.7673508413445468,0.1681802531182231,0.3838696384042732,0.47671456451392896,0.6289326092538526,0.6678903360717101,0.7497008139442258,-0.6761477435154198,-1.1634169148509907,1.2096629884658663,1.0900982123525824,-0.04278977430580639,-0.2531055411684597,-0.4518747294520139,-0.365806020676785,-0.09184512436311808,0.3252017381373261,1.0118394443546352,-0.012564676091483979,-0.38086776325695776,-0.30967741909206126,0.18775630005686078,0.5209300311305162,-0.03719516090560701,0.3525426615872412,0.538742375647286,-0.5821848156254491,0.4192818897935335,0.9497241198501681,0.36774948498501203,0.29086729752534624,-0.7350611018763996,-0.26308721351561887,-0.28334523441743537,-0.6421869515500541,0.6560023638243508
0.03680644834384042,0.3756437074899226,0.821744318907433,-1.4486614581415127,0.44519347341963345,0.6422125241253294,0.07274429462030181,-0.6376193707254583,0.8645572658467559,0.10640822443840364,0.11821717375272264,0.08203085064865469,-0.4237564389230585,0.8340094598721054,0.8064659521375347,-0.08359107010448807,0.8688019676406391,0.46354157546304015,-0.32391195891770935,-0.6018511091364527,0.6744058124972568,-0.46249684561348403,0.40282777423492555,0.560159016362907,0.5597956143748936,-0.2604100611217616,0.15150631971058637,-0.8341872132817333,-0.6937987654882692,1.0900982123525824,1.7523996063726799,-0.003800459091017243,-0.1400876094429967,-0.7993059137646841,-0.5432731911236511,0.13621582284496558,0.26381972227763567,0.17707237909566417,-0.02374606651864267,-0.6731679270889792,-0.14478312742989508,0.6556774300171283,0.2529355772430432,0.7749470336328607,0.18529312613383037,0.43498278375119814,-0.6151899842575099,-0.21176598272137118,0.911938129172456,0.02915486257832752,0.09756748564786277,-1.059152371335093,-0.16001907086392558,-0.5059397602409678,-1.49247536530722,0.9085081981485842
-0.12228379055418735,-0.20788402061126743,-0.12304508087400502,0.08029805463860508,0.16962606830396984,0.18523894293993448,0.025360711134514526,0.11171028639928861,0.023676480941244294,0.3198533916527421,-8.371003357465292e-4,-0.20590776118960197,0.19446317113261022,0.5735696292053314,0.10589379239451492,-0.2729550450117111,0.1293472171951817,0.08157364872662697,-0.3362499395959801,0.3269917795726593,0.036547798238533394,0.4371482463316577,0.21684499775453697,0.03931748898764935,0.04779682979543628,0.1134705015328437,0.05137420134945118,-0.4481690017713701,0.27112514175772645,-0.04278977430580639,-0.003800459091017243,0.3231991921713416,0.374568135191245,-0.28452744779488043,-0.11227428089732908,0.16055623244627726,-0.22263870590058046,-0.1616506134520578,0.17253545596275643,-0.10496765571991307,0.2951623980725639,-0.1469540314151543,-0.6290656872833613,-0.159789466296232,-0.02312904552392606,0.209972156985974,0.3568127696651249,-0.27156880995107713,-0.10051480472837367,-0.35480459846493256,0.001684422012603159,-0.13631457172581282,-0.28983314025026286,-0.41749398274551464,-0.08404973761656408,0.09896817019881761
-0.23091439922824838,-0.11768928009391783,-0.11607923758495572,0.3024316367567,0.22453909499545371,0.4568135386287426,-0.041966174318039236,0.3364478519820591,-0.09011573978229152,0.3043674007113788,0.3144590043092403,-0.4160063717293979,0.3751403254225181,0.42561543716471467,0.10075770071689334,-0.14036091593638939,0.07860966529891766,0.232699102486907,-0.5356962525547906,0.586678919726806,0.12441882488142283,0.512403071757925,0.5374491533009675,-0.008211704760190366,0.03543942563255335,0.2632753821278218,-0.38927691305911366,-0.43208691126398574,0.19622686167534625,-0.2531055411684597,-0.1400876094429967,0.374568135191245,0.6649644810176214,0.0014695583756483275,0.07343855286626928,0.06754447075108212,0.059398967705508274,-0.15600927169049916,0.07156571291099165,-0.3296461047436372,0.336385580354188,-0.40099469562590323,-0.6316943212701878,-0.11096346475513806,-0.24005413546858922,0.37757988409892473,0.5470052309766074,-0.782692224750249,-0.27957767838349185,-0.5820180227644988,-0.20462323239844488,0.2451376761924285,-0.6564329338451736,-0.6765693853029242,-0.019061360208433936,-0.07481664694738187
0.05067788968356503,0.35137896353747944,-0.13323226047065945,0.531289414518007,-0.4373606272146146,0.24440726683150465,-0.23465507693818421,0.50013305896626,-0.4015243052281375,-0.9752522395567454,0.6559681620986851,-0.06251885944060483,-8.408810826914422e-4,-1.890521479540707,-0.4524937107668755,0.5945005563498101,-0.476257348258437,0.24188709771189817,0.3854135183015047,0.010575961470276372,-0.013193206097483824,-0.40849023878440743,0.1883714236151739,-0.29187724008273425,-0.30281392668709967,0.3902204689997147,-0.9232730992364493,1.297701263156973,-0.8863812030858924,-0.4518747294520139,-0.7993059137646841,-0.28452744779488043,0.0014695583756483275,1.4865856486824705,0.9037479119794125,-0.6203792140481139,1.012679046494431,0.5179356586033383,-0.38279121859650866,-0.11004456518427781,-0.6231057584007518,-0.15884961723601393,1.4360387875502894,0.19556837414336167,-0.5586979691543681,0.2518259523810505,0.43634798215443504,-0.49785585760715545,-0.3340409432837139,0.4201863615316342,-0.31706979395142193,1.5354475110835597,-0.15996754530428983,0.6767507567458254,1.041203848500755,-0.8651149060862334
-0.16188796034288663,0.26920897376504327,0.12624779172178277,0.7758685825063225,-0.2502422817743085,0.038012220371220234,-0.09769191948567302,0.2619758973328295,-0.299610109774612,-0.3541903238505048,0.4177417449046811,-0.1977154630454908,-0.007796686198371694,-0.9841769473795032,-0.13042193023179458,0.4507489255653114,-0.2931528414915736,0.025432312317155065,-0.05275811595483076,0.24913332867365665,-0.13387405817111034,-0.30984167081481284,-0.026003268351224226,-0.32374889100640997,-0.34748295902711807,0.3219950832902535,-0.6842582149532352,0.6817822429003404,-0.04015765418357911,-0.365806020676785,-0.5432731911236511,-0.11227428089732908,0.07343855286626928,0.9037479119794125,0.8231427317040235,-0.2152163473508396,0.22733287477369407,0.18026387458245838,-0.5446188077623486,0.06921732493007657,0.059728924455820426,-0.41851552912194734,0.4251275543751554,-0.03588757887522719,-0.272842948514988,-0.17273348163603727,-0.18622905940837098,-0.28827789706816004,-0.28464076235355734,-0.07067159354527976,-0.58355227908826,0.7339010665796173,-0.2338391003836177,-0.18973069044218607,0.22753178712880617,-0.45816606996544706
