V1,V2,V3,V4,V5,V6,V7,V8
0.363872896923738,-0.09467993962869285,0.7676342006881957,0.25979926179848806,0.07168819217851773,0.31939786830137085,0.3786175434058069,0.8053577318656396
-0.09467993962869285,0.3731310646118938,-0.8988405948447981,-0.341708552426057,-0.34054737081055564,-0.4680560972748296,-0.576625690082103,-1.1718266774403066
0.7676342006881957,-0.8988405948447981,4.4238005637530335,0.78146953613292,1.1282928867687774,1.2829683819386768,2.1765507911099395,4.988608504375533
0.25979926179848806,-0.341708552426057,0.78146953613292,0.4776671119090968,0.23527081859653637,0.5744756798431047,0.5533287218902397,1.0307499968879914
0.07168819217851773,-0.34054737081055564,1.1282928867687774,0.23527081859653637,0.4524193752825896,0.398473842476324,0.669647857372481,1.4177627543111502
0.31939786830137085,-0.4680560972748296,1.2829683819386768,0.5744756798431047,0.398473842476324,0.7617851700605399,0.846909133340143,1.6173531034845179
0.3786175434058069,-0.576625690082103,2.1765507911099395,0.5533287218902397,0.669647857372481,0.846909133340143,1.2966785600110546,2.5770684091118166
0.8053577318656396,-1.1718266774403066,4.988608504375533,1.0307499968879914,1.4177627543111502,1.6173531034845179,2.5770684091118166,5.809754073904783
