V1,V2,V3,V4,V5,V6,V7,V8
0.31295354315682594,0.011762535167594682,0.3204886872220532,0.18594206294089666,-0.08188304201867044,0.1765970234346415,0.09351875938129321,0.2856325898388191
0.011762535167594682,0.2692905057217238,-0.07668313547532092,-0.3100208256535568,-0.1267892388152599,-0.3381587089327826,-0.20205525113332418,-0.28296237924668466
0.3204886872220532,-0.07668313547532092,2.501202297846942,-0.2106482808833858,0.5374216540690028,0.04290864444022137,0.9458710285583355,2.5074551702061654
0.18594206294089666,-0.3100208256535568,-0.2106482808833858,0.6082955264539547,-0.03392081375359668,0.5792182753103611,0.11320684720505714,0.02314164225475953
-0.08188304201867044,-0.1267892388152599,0.5374216540690028,-0.03392081375359668,0.28735347979278897,0.062354094038683514,0.31242701567651604,0.6802917666099147
0.1765970234346415,-0.3381587089327826,0.04290864444022137,0.5792182753103611,0.062354094038683514,0.6288533928894867,0.26855643964725295,0.29080198061972823
0.09351875938129321,-0.20205525113332418,0.9458710285583355,0.11320684720505714,0.31242701567651604,0.26855643964725295,0.5959504760425318,1.0648674518748198
0.2856325898388191,-0.28296237924668466,2.5074551702061654,0.02314164225475953,0.6802917666099147,0.29080198061972823,1.0648674518748198,2.7369340470735772
