V1,V2,V3,V4,V5,V6,V7,V8,V9,V10,V11,V12,V13,V14,V15,V16,V17,V18,V19,V20,V21,V22,V23,V24,V25,V26,V27,V28,V29,V30,V31,V32,V33,V34,V35,V36,V37,V38,V39,V40,V41,V42,V43,V44,V45,V46,V47,V48,V49,V50,V51,V52,V53,V54,V55,V56
20.376315350738537,56.735279949640166,-7.275972399279476,-4.108500260730615,-19.64683723793953,-44.91982976905298,25.632446932340816,37.47823663161773,32.07105665352141,-29.581903862019267,58.704370784286944,52.987305868758554,-8.278192929543046,51.62342865146892,6.37188936210627,-13.287586754341769,9.585005480972692,-22.461445588516508,51.16591037311719,-5.887538496861669,-25.523083957813057,-40.561654587197914,24.56674467547289,6.343000584811141,-1.4445758063277092,54.75035508505354,-25.202873247780477,26.584195080708042,26.9563830369555,9.384019366964472,-28.155343832577383,-36.84337914165494,26.873126563410615,7.051564363463324,2.7310805103655973,6.899482565762969,-7.494469064867478,-5.548014540455044,-36.0431657736263,-41.40494954649278,3.352743714022353,-12.40321277693685,23.729167579199924,9.763321210735997,-26.50014238206248,-20.144096614873447,49.148783622360824,12.966000200339455,5.426784040248578,15.012017064059407,9.246170532404186,-24.639362373044825,16.42329724136088,-11.75780904957479,13.232676773014953,12.156808726238731
56.735279949640166,162.4195399526109,-19.134460379570626,-11.2741671398132,-55.90067438988043,-126.53616827790799,73.40328646299656,107.64806478728396,92.68196221708385,-83.74126840596507,166.72779308806767,150.9479174626448,-22.007463310524894,145.48281319529295,17.97031615521197,-38.76215450406999,28.564258724630733,-63.04906005497704,146.4279136402739,-14.880093675841518,-73.28921090631671,-115.69957199367421,68.00435791569957,16.50089216116991,-6.303498031794201,155.31355838357385,-72.21364047651862,77.55997742930998,79.1144041471316,27.089204942436094,-82.38012175777196,-106.78431295540199,75.99805593449261,20.370261380048827,6.226605661969327,21.14988656272396,-19.241120824481854,-14.924115734581815,-102.16663199878975,-117.52083587686272,7.409610951975903,-38.474393996711925,66.91035393903783,30.003260262875113,-74.05397020152371,-57.02868374761188,138.69045887856885,38.09106499644697,15.995945311520849,43.80294051642748,25.097501421414997,-69.21889252303711,46.80378090247227,-33.85868531818668,39.51967948803201,34.836451062355714
-7.275972399279476,-19.134460379570626,2.882467253790517,1.508895253086919,6.712929054189241,15.670137167472893,-8.638764960919834,-12.549626245924735,-10.596197319750958,10.215619210508857,-20.134555911644245,-18.0580671122044,3.2194927146030623,-17.99272226731838,-2.217470633170134,4.298539188761699,-2.9482336381468017,7.892075992885154,-17.268243986614717,2.484910333264835,8.551559479772607,13.785652426226045,-8.873094889070176,-2.558381924062124,-0.0610214016562404,-18.825010162263414,8.483742018791204,-8.597631489193322,-8.59951864135234,-3.1079463478809775,9.046011133993238,12.094358914356935,-9.299186327216338,-2.3318454829533777,-1.323596700526768,-1.97332361794601,3.0873545491036687,2.1134929680061574,12.412861365593232,14.219980907458057,-1.684134764723057,3.4328494563692273,-8.260933881631018,-2.773580411428929,9.394985044172389,6.955362447688084,-17.084299329611603,-4.126982508747278,-1.7138205237151851,-4.853781188016006,-3.4653000782744514,8.643039674292801,-5.592553682903474,3.9151310687019394,-4.048719202743059,-4.091285789068958
-4.108500260730615,-11.2741671398132,1.508895253086919,0.834555630712073,3.916905304813345,9.00283249451159,-5.092676577986052,-7.434224602153035,-6.340638955602673,5.9135159334881955,-11.714884545202517,-10.556991375384074,1.707907348876242,-10.344022380443798,-1.276268206289652,2.6135530899874304,-1.8628505536749955,4.510030744946657,-10.169228565207256,1.2433934582570727,5.063541655512086,8.075797390129974,-4.9682507242456255,-1.3221119443611642,0.20641174196449777,-10.932688870566915,5.005821202218536,-5.228532628255889,-5.284304040875325,-1.8563783427026024,5.5287539712553855,7.272592484447431,-5.3748176520694,-1.3944343324052884,-0.601921110590677,-1.3190169556462807,1.571614183409264,1.138131153880883,7.200133901539077,8.265427506112756,-0.7476504221941762,2.3543409318158885,-4.753312331287511,-1.863744682575407,5.333297953215924,4.026711571071483,-9.841411867641478,-2.540366532233516,-1.0612601298264988,-2.952349353981733,-1.8883947489375896,4.945234972694208,-3.271453342056719,2.3290581590967845,-2.5686151633641208,-2.4144634726672445
-19.64683723793953,-55.90067438988043,6.712929054189241,3.916905304813345,19.265398433180177,43.705185454899706,-25.261762058764198,-37.022917539834516,-31.833398161685512,28.892583967716266,-57.483293858278564,-52.008183626195795,7.701451549963355,-50.24448141840063,-6.20527615521972,13.286632359401377,-9.746596596863455,21.79399433556894,-50.40035809393491,5.269690818973645,25.20754963922542,39.85230921005753,-23.57999353273492,-5.803718688846046,2.006625217857242,-53.5619292020413,24.849302135815492,-26.584801794929188,-27.08306298747254,-9.306511408288799,28.219557654742157,36.65398759609321,-26.22671290277146,-6.997153620100322,-2.2626294718440128,-7.174200871115312,6.788618289075107,5.208512452262998,35.23951104705685,40.52368439561595,-2.7146158942960827,13.019006914053131,-23.10551568134438,-10.172106328597712,25.623444025942156,19.675832540777762,-47.88479155365166,-13.036913364264093,-5.470811731813703,-15.01371779260783,-8.74100220063781,23.92237849517602,-16.12461247419832,11.638355730014595,-13.478632752718713,-11.987234912067827
-44.91982976905298,-126.53616827790799,15.670137167472893,9.00283249451159,43.705185454899706,99.50729008820323,-57.17560937923848,-83.7047142900359,-71.8139573182567,65.66558269794339,-130.49082279875458,-117.9330557071995,17.90665870656997,-114.37797075841944,-14.122083375767692,29.872942217802876,-21.747217588262824,49.683587758808365,-114.09911946377412,12.481571347048455,56.99714279138386,90.32657058525179,-54.02658324232437,-13.601609519279075,3.9348114873004434,-121.6410309198371,56.230728843193454,-59.76924040188675,-60.760123261033584,-21.003086773712024,63.379359039772126,82.60243320664537,-59.62796142902614,-15.78732529802516,-5.567607038735459,-15.847709143022296,15.986818957976219,12.05846112787191,80.05250014050404,92.01238231544137,-6.757874108811436,28.63850108443024,-52.58730889608611,-22.450273550584612,58.50790651633041,44.71703107079133,-108.95480842788236,-29.237774452238718,-12.25470254004925,-33.753175992933805,-20.170421323958827,54.51959275269078,-36.55894440965951,26.28874222724717,-30.05129516660262,-27.12453527241914
25.632446932340816,73.40328646299656,-8.638764960919834,-5.092676577986052,-25.261762058764198,-57.17560937923848,33.1737329935667,48.651919560745405,41.890857533979066,-37.84081884588787,75.34344940903642,68.21499431563089,-9.937199497328539,65.73701953935021,8.120033108670725,-17.521775288488545,12.91505982221227,-28.487660777888255,66.17584188615213,-6.714611732194933,-33.123210356456106,-52.286664598544206,30.721580617629357,7.4487535548598185,-2.86002621449919,70.18445042454705,-32.63629685482784,35.059721367463936,35.764759581841325,12.24376236225237,-37.23979161060052,-48.26650595331255,34.34143905993422,9.207011553607474,2.8057715074647445,9.565655237942323,-8.684277209791832,-6.739777425324277,-46.167537643965744,-53.1066841806688,3.3373193929737917,-17.403366508056525,30.233923723912394,13.570213586516132,-33.45829021412352,-25.770017457103446,62.668822520733045,17.21978004842284,7.231536505912357,19.800429793698676,11.335354421398728,-31.275694839982734,21.151226937985136,-15.303000982409943,17.868873332299238,15.744035423294937
37.47823663161773,107.64806478728396,-12.549626245924735,-7.434224602153035,-37.022917539834516,-83.7047142900359,48.651919560745405,71.37459429673103,61.49545604227266,-55.428133716506004,110.39978220701872,99.9870176783946,-14.454092032931053,96.24307618747414,11.889187368232484,-25.747115430327252,19.019525563748186,-41.68975838324171,97.04543562314163,-9.708105751940737,-48.591842900558134,-76.65042878372243,44.89038764281203,10.807067207254478,-4.3470092102677365,102.82728017545055,-47.866579569087094,51.51863906940562,52.587035150812405,17.97168249579168,-54.73847737127132,-70.8765441316591,50.29699169693195,13.51526296890814,4.002631289675228,14.12679869526758,-12.579828344534517,-9.816570240858587,-67.63446138833837,-77.81125352323924,4.7401375173790266,-25.73151325423903,44.26705182042806,20.04572523472838,-48.94010746574566,-37.74747458553965,91.76403903249329,25.32180577823637,10.637683508116414,29.09616460118171,16.52699122956802,-45.773912106769984,31.003947467077033,-22.456306123882676,26.320570011872512,23.09151194899736
32.07105665352141,92.68196221708385,-10.596197319750958,-6.340638955602673,-31.833398161685512,-71.8139573182567,41.890857533979066,61.49545604227266,53.05300075471519,-47.605761565941364,94.88751275274939,85.99465155989576,-12.236367081355956,82.57907415236298,10.202905570548852,-22.256556290761065,16.513749043540177,-35.739479912885336,83.54750399667307,-8.11530174936158,-41.8636350781343,-65.94231136722881,38.363186563247005,9.100495720590015,-4.009581722941023,88.35612510774739,-41.219641713139694,44.535339452283935,45.51539749333651,15.500816461674376,-47.347214322912144,-61.184068601519414,43.189391931561254,11.658832530337488,3.2501665269302533,12.334939460166053,-10.558319997907113,-8.333777039058418,-58.10624139365911,-66.86875225991382,3.8116762597578924,-22.519405461936834,37.98703467955368,17.511599089323866,-41.91325932283449,-32.42083594289082,78.75869579582134,21.921099676386625,9.215426865631857,25.152817172226495,14.060344544624632,-39.24781573885991,26.667403377165538,-19.358736193544303,22.862905883750557,19.885380833514347
-29.581903862019267,-83.74126840596507,10.215619210508857,5.9135159334881955,28.892583967716266,65.66558269794339,-37.84081884588787,-55.428133716506004,-47.605761565941364,43.3709975669169,-86.23706125364207,-77.97996467738781,11.696097057879243,-75.48465153659004,-9.321208176797661,19.835870013023214,-14.494985777877472,32.7660197487525,-75.50609296479516,8.079892494776812,37.74089026367803,59.73960905864251,-35.54230202830322,-8.850080316100705,2.8020982876209737,-80.37163158171654,37.2191652364579,-39.68809706872283,-40.388526172006856,-13.920335678743891,42.10670757009469,54.78576905569838,-39.3763554434966,-10.464752720738694,-3.539211497655523,-10.615706585868656,10.377801162432185,7.892691660046503,52.885669712619375,60.80111405624209,-4.272419911859937,19.223912229144904,-34.70889741328448,-15.045088151444666,38.55505347040455,29.535223352690803,-71.92229027757026,-19.438313197935894,-8.152181015672504,-22.413311997835667,-13.223385266247494,35.960533111125315,-24.175219493648413,17.415980484748633,-20.03746507825231,-17.954082554344367
58.704370784286944,166.72779308806767,-20.134555911644245,-11.714884545202517,-57.483293858278564,-130.49082279875458,75.34344940903642,110.39978220701872,94.88751275274939,-86.23706125364207,171.536472664654,155.1675277394695,-23.0826378581395,150.01098883756956,18.52570563110733,-39.58024156488267,28.995104090098973,-65.0854996890322,150.3258885341666,-15.848596432110462,-75.16851618904298,-118.8902451010353,70.48367008829987,17.42029044064033,-5.840667861898401,159.84702892167454,-74.11058798821999,79.19423692059009,80.64780756554204,27.742372729064293,-84.04857035932287,-109.2359726038461,78.28515290734649,20.85731879805809,6.8543575771987655,21.30454162144623,-20.394822957323935,-15.598534650389576,-105.17199745879935,-120.93211323257665,8.242136276727566,-38.63273792065303,68.98176466081897,30.202443554729925,-76.54416066649459,-58.727104980531855,142.95361861359888,38.81883531117919,16.286463167330677,44.72446925225521,26.161952841069088,-71.43788604272879,48.106936106671725,-34.699005686054605,40.092039786438995,35.75050291416251
52.987305868758554,150.9479174626448,-18.0580671122044,-10.556991375384074,-52.008183626195795,-117.9330557071995,68.21499431563089,99.9870176783946,85.99465155989576,-77.97996467738781,155.1675277394695,140.4069605345905,-20.727520690035185,135.5811311901496,16.745041349998505,-35.907069898578925,26.364254045385536,-58.799229616562414,136.0935392163498,-14.149562645455166,-68.07667937139185,-107.59571875037683,63.578457728915126,15.60445252193234,-5.506437888565855,144.57486595321598,-67.10286121529383,71.84569146822095,73.21097965437187,25.139390770142327,-76.27308180182173,-99.02949791081893,70.78180701744338,18.901767797657598,6.04515908191507,19.42914702377232,-18.241396900128766,-14.025590007000119,-95.1155862021786,-109.38456668552344,7.241442124633141,-35.27545811520348,62.350133176506255,27.550929709212785,-69.1172486972766,-53.10448288187912,129.22113537227676,35.242882175008944,14.791447028464587,40.574924241204556,23.547548564922305,-64.54384212724328,43.532486302733744,-31.434983657390696,36.46264190756585,32.37038229980945
-8.278192929543046,-22.007463310524894,3.2194927146030623,1.707907348876242,7.701451549963355,17.90665870656997,-9.937199497328539,-14.454092032931053,-12.236367081355956,11.696097057879243,-23.0826378581395,-20.727520690035185,3.607341636800683,-20.56417960883757,-2.5351136268940038,4.984808698587531,-3.45445603654977,9.006272464068028,-19.858334574680715,2.7464438238115476,9.848144824674876,15.831880522547525,-10.074034735495612,-2.8488551294946447,0.052321433933236815,-21.571107703718454,9.761167010116928,-9.970809281158825,-10.00060753111926,-3.587312491769556,10.504725155101818,13.984355767123098,-10.642706123428637,-2.6923260445865966,-1.4323853197856318,-2.348626703657098,3.425826051371133,2.376668381961597,14.219200244969445,16.297920947185887,-1.8133427192562712,4.115934773338645,-9.44362907458118,-3.3060457401742767,10.703371885847192,7.963587256852966,-19.53585592174354,-4.801593256740712,-1.9971602702060192,-5.629304548015926,-3.9080788094686247,9.86631808781598,-6.420274891265932,4.514219467531761,-4.749164983233329,-4.707529155510512
51.62342865146892,145.48281319529295,-17.99272226731838,-10.344022380443798,-50.24448141840063,-114.37797075841944,65.73701953935021,96.24307618747414,82.57907415236298,-75.48465153659004,150.01098883756956,135.5811311901496,-20.56417960883757,131.4718622456666,16.23282990868605,-34.35604042650121,25.01925580727493,-57.10530723614258,131.18285712921295,-14.322804425402706,-65.53461913705036,-103.84557414878206,62.08357484466181,15.614990993444666,-4.554365089569148,139.83476175454294,-64.65122123236404,68.73907151185188,69.88517410851287,24.151095992665482,-72.89426111711074,-94.9891118479303,68.54315840184894,18.153778358565923,6.378954022537373,18.2402303137019,-18.34955086609016,-13.85057878532712,-92.024761107854,-105.77549869559299,7.739081993201528,-32.96820939931311,60.44706409003993,25.840594691571866,-67.24311360333418,-51.40369249382518,125.2407646163499,33.62926403054451,14.096087786094055,38.818733024437975,23.17137189867856,-62.664511027796316,42.030052486953515,-30.227823226824544,34.573917097009875,31.186456582431948
6.37188936210627,17.97031615521197,-2.217470633170134,-1.276268206289652,-6.20527615521972,-14.122083375767692,8.120033108670725,11.889187368232484,10.202905570548852,-9.321208176797661,18.52570563110733,16.745041349998505,-2.5351136268940038,16.23282990868605,2.0043073021703837,-4.24586758070015,3.093760968637985,-7.05004313171869,16.203816595208565,-1.7633264128307822,-8.095622020529742,-12.825963018931628,7.661791372350566,1.9238796483566858,-0.5689915275063429,17.26843738530431,-7.9860320399153935,8.49509800938618,8.638116305909602,2.983856837261185,-9.009310582569334,-11.73712255333963,8.463815463059255,2.242932934179984,0.7832211882134077,2.2572136955493693,-2.260008599464641,-1.7080084486106577,-11.364061604343188,-13.06259306567289,0.9494579813857182,-4.081092734271224,7.46351148420009,3.1979671580096887,-8.300633349500286,-6.347588104443897,15.464018200566688,4.156834583199417,1.7425406412850626,4.797416740457951,2.8581045581213202,-7.736534074983783,5.191003531661341,-3.734388743196875,4.275491795422661,3.852312937813406
-13.287586754341769,-38.76215450406999,4.298539188761699,2.6135530899874304,13.286632359401377,29.872942217802876,-17.521775288488545,-25.747115430327252,-22.256556290761065,19.835870013023214,-39.58024156488267,-35.907069898578925,4.984808698587531,-34.35604042650121,-4.24586758070015,9.36507345295583,-6.9948148315084735,14.848876639358862,-34.93811504132108,3.2390052942601377,17.526015514691743,27.54601486857507,-15.86203683843361,-3.675925294568232,1.8471493170429245,-36.84118875567873,17.244204381513352,-18.74021519085907,-19.188493740997416,-6.500536282467436,19.941527267039493,25.691767658193662,-17.989715226794885,-4.890439472428276,-1.2343202659101533,-5.268606744601422,4.241958717926942,3.410153232572156,24.22183172798246,27.88692463698889,-1.4223094080700882,9.651200556539177,-15.807091090494234,-7.485050464127739,17.387193211300552,13.509110798613968,-32.781177218549885,-9.244369628389805,-3.8902929899679473,-10.584547840190156,-5.772690022012041,16.311054272043272,-11.136382805675513,8.111974949047818,-9.690488342779268,-8.31931724104417
9.585005480972692,28.564258724630733,-2.9482336381468017,-1.8628505536749955,-9.746596596863455,-21.747217588262824,12.91505982221227,19.019525563748186,16.513749043540177,-14.494985777877472,28.995104090098973,26.364254045385536,-3.45445603654977,25.01925580727493,3.093760968637985,-6.9948148315084735,5.300146702720762,-10.780139478167325,25.74008705331604,-2.1312553542981063,-12.943945935480793,-20.244754886886025,11.388019652218029,2.4942517437525846,-1.6418369042848868,26.964389661907745,-12.715708527626617,13.998323342270607,14.391958670437088,4.8194433593255415,-14.92530817679551,-19.102195661818033,13.136005625314993,3.6275495522982766,0.7035213597416081,4.0635078116270895,-2.839374172009012,-2.388897795506841,-17.717769798171524,-20.419225401499997,0.7648134131278604,-7.496151466819208,11.516304951755052,5.781605172125124,-12.578560085342449,-9.872287325849095,23.896516684565327,6.938169458364764,2.926393759489968,7.9069417916564815,4.076342797366433,-11.849216908966303,8.17905484247117,-6.003549809027464,7.353027925484929,6.135051559354741
-22.461445588516508,-63.04906005497704,7.892075992885154,4.510030744946657,21.79399433556894,49.683587758808365,-28.487660777888255,-41.68975838324171,-35.739479912885336,32.7660197487525,-65.0854996890322,-58.799229616562414,9.006272464068028,-57.10530723614258,-7.05004313171869,14.848876639358862,-10.780139478167325,24.817976048771968,-56.854438010797786,6.317191453981237,28.388858597228772,45.02772274480855,-27.03515108181549,-6.859540271741685,1.8529794354834583,-60.68062933413957,28.014864721767403,-29.708902727219204,-30.178359248445766,-10.454020078934573,31.491713990308583,41.093187035288786,-29.75709522084941,-7.857236664541205,-2.853180968383655,-7.827014586300988,8.07562280058708,6.0559368760720655,39.93813425977849,45.89714041771685,-3.4758711882830533,14.12240668275045,-26.253289183139337,-11.084360708465514,29.242505014476514,22.312834689047502,-54.388621070189984,-14.520005803785223,-6.083288183645645,-16.777107145704687,-10.118403578786133,27.230835052031985,-18.226724395140824,13.088994393928868,-14.8923402915158,-13.513609005342113
51.16591037311719,146.4279136402739,-17.268243986614717,-10.169228565207256,-50.40035809393491,-114.09911946377412,66.17584188615213,97.04543562314163,83.54750399667307,-75.50609296479516,150.3258885341666,136.0935392163498,-19.858334574680715,131.18285712921295,16.203816595208565,-34.93811504132108,25.74008705331604,-56.854438010797786,132.01130531920066,-13.435683568755422,-66.07091437340934,-104.31231815400741,61.33306076509408,14.893584771060624,-5.660173153618605,140.03647772258515,-65.10290647006036,69.90828236429893,71.30454458309394,24.419680905266922,-74.25046781913731,-96.25674561116706,68.52514919325023,18.362711739254365,5.6302011426614476,19.052859472744373,-17.369833151880538,-13.464738360489621,-92.11806784911575,-105.9604669082347,6.702974518474822,-34.65520107992641,60.33312443614411,27.027688433348867,-66.78164708876768,-51.420398590663716,125.05621314361503,34.33048860145967,14.416186272467725,39.4815015427609,22.64079297796853,-62.417477902656906,42.19775911813476,-30.52292142286905,35.61148062008352,31.40613699706562
-5.887538496861669,-14.880093675841518,2.484910333264835,1.2433934582570727,5.269690818973645,12.481571347048455,-6.714611732194933,-9.708105751940737,-8.11530174936158,8.079892494776812,-15.848596432110462,-14.149562645455166,2.7464438238115476,-14.322804425402706,-1.7633264128307822,3.2390052942601377,-2.1312553542981063,6.317191453981237,-13.435683568755422,2.215889564416145,6.618224781634805,10.780660616957647,-7.233946717599738,-2.227526909237106,-0.35870973290301356,-14.843830715557326,6.588296438106944,-6.47702726152433,-6.408298954207599,-2.384621218372063,6.779439317984491,9.217143879221595,-7.365587812804932,-1.7870630186194385,-1.2578402673301932,-1.3338215388194747,2.7187315660137346,1.7811900496989637,9.798889854866504,11.203538879017264,-1.6238779760220703,2.2436309427945043,-6.570714146129709,-1.862129189599206,7.565897072563728,5.50064926742258,-13.574444328419382,-3.069767598320282,-1.2666762914703924,-3.6558414114858784,-2.8918075707940645,6.910520889857917,-4.379565688782718,3.0160854192841358,-2.91340680071046,-3.1766861484491016
-25.523083957813057,-73.28921090631671,8.551559479772607,5.063541655512086,25.20754963922542,56.99714279138386,-33.123210356456106,-48.591842900558134,-41.8636350781343,37.74089026367803,-75.16851618904298,-68.07667937139185,9.848144824674876,-65.53461913705036,-8.095622020529742,17.526015514691743,-12.943945935480793,28.388858597228772,-66.07091437340934,6.618224781634805,33.08142961297472,52.187178176914124,-30.57265559455082,-7.365020352396525,2.9499562546750897,-70.01340664869971,32.58835632449232,-35.06860597777264,-35.793832545002516,-12.23452859676738,37.25931898638617,48.2485434580102,-34.24744333415171,-9.200683199450811,-2.732118746889797,-9.611659173027403,8.574415420714487,6.687577824795589,46.05154847951752,52.980115336787584,-3.236866947928259,17.505472884622012,-30.142511491007586,-13.638500598810223,33.327520500959395,25.70215042540721,-62.48390016547647,-17.235351958100047,-7.240337691030475,-19.805662591566755,-11.258011081323493,31.169728687686863,-21.10911943333387,15.287875189748783,-17.91239292300517,-15.721065907949544
-40.561654587197914,-115.69957199367421,13.785652426226045,8.075797390129974,39.85230921005753,90.32657058525179,-52.286664598544206,-76.65042878372243,-65.94231136722881,59.73960905864251,-118.8902451010353,-107.59571875037683,15.831880522547525,-103.84557414878206,-12.825963018931628,27.54601486857507,-20.244754886886025,45.02772274480855,-104.31231815400741,10.780660616957647,52.187178176914124,82.45694749848741,-48.65577212709025,-11.906213456489873,4.291751917085236,-110.76799885068323,51.435545932716266,-55.11653676081801,-56.17905594454834,-19.276391871722982,58.52064909404497,75.9477967516344,-54.222689903034535,-14.493969111900471,-4.581300742138689,-14.938066734305036,13.909147169176341,10.71897566826719,72.87148299723975,83.80862100999299,-5.478656941027314,27.13552615619837,-47.757059433900224,-21.184794228586185,52.918072903183294,40.6829107184008,-98.98030232016669,-27.045111956589178,-11.35255355412793,-31.12728082887361,-18.003860296614214,49.428758139117264,-33.360109295378976,24.101023134231045,-28.001868710960405,-24.812596974467834
24.56674467547289,68.00435791569957,-8.873094889070176,-4.9682507242456255,-23.57999353273492,-54.02658324232437,30.721580617629357,44.89038764281203,38.363186563247005,-35.54230202830322,70.48367008829987,63.578457728915126,-10.074034735495612,62.08357484466181,7.661791372350566,-15.86203683843361,11.388019652218029,-27.03515108181549,61.33306076509408,-7.233946717599738,-30.57265559455082,-48.65577212709025,29.654680798199834,7.751469301807736,-1.5371684602375417,65.752786371322415,-30.203085364227793,31.73400304325077,32.13628878935091,11.227757465240398,-33.588329829973794,-44.043942819606386,32.29447405985673,8.435752524063439,3.416230040301508,8.144552689529574,-9.181498943239399,-6.735913302170786,-43.293360685639286,-49.71971099423679,4.2148565173684585,-14.600855945423879,28.533869282529345,11.518522289357543,-31.92595710371216,-24.20251253425582,59.09122987765475,15.454207154973005,6.463416383347451,17.91964707795965,11.205687014192225,-29.65148777859875,19.70440406490175,-14.075385379821295,15.71422516684343,14.568376842219196
6.343000584811141,16.50089216116991,-2.558381924062124,-1.3221119443611642,-5.803718688846046,-13.601609519279075,7.4487535548598185,10.807067207254478,9.100495720590015,-8.850080316100705,17.42029044064033,15.60445252193234,-2.8488551294946447,15.614990993444666,1.9238796483566858,-3.675925294568232,2.4942517437525846,-6.859540271741685,14.893584771060624,-2.227526909237106,-7.365020352396525,-11.906213456489873,7.751469301807736,2.2773048810913488,0.1455424789028606,16.295048273212,-7.313346949276518,7.351904326466857,7.332575677043519,2.670541633549998,-7.72475680775807,-10.37358499603367,8.059293920740465,2.0030449799977452,1.2096474613145898,1.6417937747667437,-2.7573070515632,-1.8636851069188691,-10.747977163062897,-12.306172960852678,1.5461363868150577,-2.8332082305546837,7.167682428050618,2.3038409831027615,-8.179465695869975,-6.02545147001836,14.819084503895064,3.517285926198632,1.4582084057988944,4.150282784258077,3.0471605686775094,-7.509933084648458,4.83191744554865,-3.3677504458012466,3.4212838714766933,3.5267072057731834
-1.4445758063277092,-6.303498031794201,-0.0610214016562404,0.20641174196449777,2.006625217857242,3.9348114873004434,-2.86002621449919,-4.3470092102677365,-4.009581722941023,2.8020982876209737,-5.840667861898401,-5.506437888565855,0.052321433933236815,-4.554365089569148,-0.5689915275063429,1.8471493170429245,-1.6418369042848868,1.8529794354834583,-5.660173153618605,-0.35870973290301356,2.9499562546750897,4.291751917085236,-1.5371684602375417,0.1455424789028606,1.2725916072422594,-5.3527171953313,2.832879517406249,-3.7003503208528907,-3.9925061223211493,-1.1580139491404753,4.040246379370235,4.765674766535337,-2.506974592675083,-0.8774889296871172,0.5130978750934824,-1.483829867558101,-0.30288801010455224,0.12472682578907426,3.483197968027526,4.0813220672381405,0.7500918733398014,2.8999544453240382,-2.1128890235413222,-2.1379387871045403,2.016023151561273,1.9102814845795506,-4.429186675825118,-1.9394200322473547,-0.839078861390162,-2.0921660953215686,-0.3234737427060091,2.061599775244028,-1.7158444436065587,1.4083554042127355,-2.3102573949385423,-1.3683193078573783
54.75035508505354,155.31355838357385,-18.825010162263414,-10.932688870566915,-53.5619292020413,-121.6410309198371,70.18445042454705,102.82728017545055,88.35612510774739,-80.37163158171654,159.84702892167454,144.57486595321598,-21.571107703718454,139.83476175454294,17.26843738530431,-36.84118875567873,26.964389661907745,-60.68062933413957,140.03647772258515,-14.843830715557326,-70.01340664869971,-110.76799885068323,65.752786371322415,16.295048273212,-5.3527171953313,148.96170151495735,-69.03436073354189,73.71342050189921,75.04761128226248,25.833978747521112,-78.22232741512515,-101.70439229757807,72.96365132258946,19.421971383052202,6.449789366429973,19.7892061389753,-19.088542263232824,-14.569603572941125,-98.01318920364206,-112.69417179717232,7.766805736743133,-35.86736773487927,64.30072317564503,28.051343991204394,-71.37745690603111,-54.732597243944035,133.24867736472726,36.121768808233014,15.152780447762625,41.62900880548041,24.42665143855328,-66.60077164373233,44.82214315071387,-32.31541967487767,37.28077977610739,33.301614330252086
-25.202873247780477,-72.21364047651862,8.483742018791204,5.005821202218536,24.849302135815492,56.230728843193454,-32.63629685482784,-47.866579569087094,-41.219641713139694,37.2191652364579,-74.11058798821999,-67.10286121529383,9.761167010116928,-64.65122123236404,-7.9860320399153935,17.244204381513352,-12.715708527626617,28.014864721767403,-65.10290647006036,6.588296438106944,32.58835632449232,51.435545932716266,-30.203085364227793,-7.313346949276518,2.832879517406249,-69.03436073354189,32.10792659374581,-34.50440517481286,-35.20234834511467,-12.047320967239026,36.65199840214503,47.49586112002115,-33.776600318848764,-9.059417765727336,-2.746197237729337,-9.423012334159697,8.523920323070131,6.622054450395415,45.41029821193029,52.23702364118607,-3.2638444084931812,17.14759358721943,-29.734882188300322,-13.36846969222462,32.90000169967886,25.34670205138891,-61.6353371500131,-16.94931410189807,-7.11841327521495,-19.486851394145308,-11.139487635713428,30.757136758887697,-20.806549741103968,15.056746628635128,-17.593780610376996,-15.489177000505524
26.584195080708042,77.55997742930998,-8.597631489193322,-5.228532628255889,-26.584801794929188,-59.76924040188675,35.059721367463936,51.51863906940562,44.535339452283935,-39.68809706872283,79.19423692059009,71.84569146822095,-9.970809281158825,68.73907151185188,8.49509800938618,-18.74021519085907,13.998323342270607,-29.708902727219204,69.90828236429893,-6.47702726152433,-35.06860597777264,-55.11653676081801,31.73400304325077,7.351904326466857,-3.7003503208528907,73.71342050189921,-34.50440517481286,37.500597037750744,38.398548418519496,13.007505676281767,-39.904973688149795,-51.40980771131338,35.994111007009366,9.785747377699415,2.4665814319867567,10.544869227004835,-8.483376802101949,-6.821519736246449,-48.46391294273717,-55.79748058065284,2.8415344302956282,-19.317237684381812,31.626679312257576,14.981109586728536,-34.786753567103666,-27.02936966584568,65.58848266560334,18.49919733984296,7.785089909028604,21.18049510613101,11.547937418212477,-32.63447214602634,22.282587545664995,-16.231812163010705,19.393181481415866,16.646359017615016
26.9563830369555,79.1144041471316,-8.59951864135234,-5.284304040875325,-27.08306298747254,-60.760123261033584,35.764759581841325,52.587035150812405,45.51539749333651,-40.388526172006856,80.64780756554204,73.21097965437187,-10.00060753111926,69.88517410851287,8.638116305909602,-19.188493740997416,14.391958670437088,-30.178359248445766,71.30454458309394,-6.408298954207599,-35.793832545002516,-56.17905594454834,32.13628878935091,7.332575677043519,-3.9925061223211493,75.04761128226248,-35.20234834511467,38.398548418519496,39.36365944273646,13.290820798084601,-40.88352208209813,-52.57191690834665,36.621649619382396,10.000302370590177,2.355957827654568,10.89680665501526,-8.430804298163963,-6.861854098340793,-49.333015868459114,-56.81403240075128,2.6784302381130365,-20.002714346836655,32.15790974244721,15.487804899060931,-35.301980695121635,-27.506825379727992,66.70079957793135,18.96773633606888,7.987404900196082,21.688153483396476,11.641414384102479,-33.156023383021,22.70783068839766,-16.577121419853793,19.946522026912163,16.983439284432823
9.384019366964472,27.089204942436094,-3.1079463478809775,-1.8563783427026024,-9.306511408288799,-21.003086773712024,12.24376236225237,17.97168249579168,15.500816461674376,-13.920335678743891,27.742372729064293,25.139390770142327,-3.587312491769556,24.151095992665482,2.983856837261185,-6.500536282467436,4.8194433593255415,-10.454020078934573,24.419680905266922,-2.384621218372063,-12.23452859676738,-19.276391871722982,11.227757465240398,2.670541633549998,-1.1580139491404753,25.833978747521112,-12.047320967239026,13.007505676281767,13.290820798084601,4.529155136240174,-13.827295842881068,-17.874549920851443,12.629440551524342,3.4064823980956422,0.9601772891664597,3.59629928522036,-3.100204883938309,-2.4419580520581827,-16.989889524403672,-19.550977529789684,1.1281249243576705,-6.562962758197361,11.109448912131121,5.105138079327466,-12.262074027583886,-9.480104937435222,23.032597196363373,6.400887363828448,2.6905429377374905,7.346390870919516,4.118380305649301,-11.479858469653964,7.7957450100788135,-5.656920784533901,6.671891136070705,5.811904215817252
-28.155343832577383,-82.38012175777196,9.046011133993238,5.5287539712553855,28.219557654742157,63.379359039772126,-37.23979161060052,-54.73847737127132,-47.347214322912144,42.10670757009469,-84.04857035932287,-76.27308180182173,10.504725155101818,-72.89426111711074,-9.009310582569334,19.941527267039493,-14.92530817679551,31.491713990308583,-74.25046781913731,6.779439317984491,37.25931898638617,58.52064909404497,-33.588329829973794,-7.72475680775807,4.040246379370235,-78.22232741512515,36.65199840214503,-39.904973688149795,-40.88352208209813,-13.827295842881068,42.47511913719577,54.67123940483718,-38.18372658890808,-10.403200498387077,-2.5391597156385237,-11.271106106600472,8.898347939313926,7.196857019257617,51.42428216648841,59.213849576277504,-2.907161012366477,20.668191399481316,-33.54044428845601,-16.016252707843183,36.856901428573984,28.67676958513394,-69.56267565470426,-19.698183472180038,-8.292254833102799,-22.53874514387759,-12.196039898658025,34.59580261259762,-23.65663142171929,17.250660125499113,-20.681454475502388,-17.682630537869212
-36.84337914165494,-106.78431295540199,12.094358914356935,7.272592484447431,36.65398759609321,82.60243320664537,-48.26650595331255,-70.8765441316591,-61.184068601519414,54.78576905569838,-109.2359726038461,-99.02949791081893,13.984355767123098,-94.9891118479303,-11.73712255333963,25.691767658193662,-19.102195661818033,41.093187035288786,-96.25674561116706,9.217143879221595,48.2485434580102,75.9477967516344,-44.043942819606386,-10.37358499603367,4.765674766535337,-101.70439229757807,47.49586112002115,-51.40980771131338,-52.57191690834665,-17.874549920851443,54.67123940483718,70.5820014393161,-49.69817641455865,-13.445168752998546,-3.6375092415520074,-14.305972978720387,12.015777685351855,9.537282078628017,66.87915928962376,76.97527721226733,-4.244275728682537,26.145728838059423,-43.69835733463249,-20.314406770751702,48.1688553879899,37.31090715143138,-90.60709243595625,-25.32207291170563,-10.648634659542541,-29.03573333275611,-16.107346131141174,45.130966707530575,-30.710786760074786,22.317725711106586,-26.451979005047775,-22.91342873561607
26.873126563410615,75.99805593449261,-9.299186327216338,-5.3748176520694,-26.22671290277146,-59.62796142902614,34.34143905993422,50.29699169693195,43.189391931561254,-39.3763554434966,78.28515290734649,70.78180701744338,-10.642706123428637,68.54315840184894,8.463815463059255,-17.989715226794885,13.136005625314993,-29.75709522084941,68.52514919325023,-7.365587812804932,-34.24744333415171,-54.222689903034535,32.29447405985673,8.059293920740465,-2.506974592675083,72.96365132258946,-33.776600318848764,35.994111007009366,36.621649619382396,12.629440551524342,-38.18372658890808,-49.69817641455865,35.75089284464564,9.494073570149972,3.2384055817687467,9.610880036413448,-9.45499346295483,-7.178814416701171,-48.01243573397207,-55.1958933250081,3.913732044748478,-17.39705497562039,31.51646606815658,13.61981335026963,-35.02009472238268,-26.81484090466607,65.30534238864902,17.62477244635271,7.390732562260755,20.327101041621507,12.02347227231518,-32.6573058173144,21.94336161536221,-15.802291843493201,18.157469701360313,16.293370086313008
7.051564363463324,20.370261380048827,-2.3318454829533777,-1.3944343324052884,-6.997153620100322,-15.78732529802516,9.207011553607474,13.51526296890814,11.658832530337488,-10.464752720738694,20.85731879805809,18.901767797657598,-2.6923260445865966,18.153778358565923,2.242932934179984,-4.890439472428276,3.6275495522982766,-7.857236664541205,18.362711739254365,-1.7870630186194385,-9.200683199450811,-14.493969111900471,8.435752524063439,2.0030449799977452,-0.8774889296871172,19.421971383052202,-9.059417765727336,9.785747377699415,10.000302370590177,3.4064823980956422,-10.403200498387077,-13.445168752998546,9.494073570149972,2.562138032652488,0.7171069278272038,2.708628191618137,-2.324421218713834,-1.8333170632153792,-12.77274297756071,-14.69861798946941,0.8415549431552324,-4.944314762682444,8.350816339537662,3.8452517588647086,-9.215117964798734,-7.1267774980339835,17.31360342097235,4.8162773612839604,2.024628947668807,5.52681821478827,3.0926583835612265,-8.628434790401645,5.861508705047191,-4.2544467136294655,5.022119359689288,4.370482261554258
2.7310805103655973,6.226605661969327,-1.323596700526768,-0.601921110590677,-2.2626294718440128,-5.567607038735459,2.8057715074647445,4.002631289675228,3.2501665269302533,-3.539211497655523,6.8543575771987655,6.04515908191507,-1.4323853197856318,6.378954022537373,0.7832211882134077,-1.2343202659101533,0.7035213597416081,-2.853180968383655,5.6302011426614476,-1.2578402673301932,-2.732118746889797,-4.581300742138689,3.416230040301508,1.2096474613145898,0.5130978750934824,6.449789366429973,-2.746197237729337,2.4665814319867567,2.355957827654568,0.9601772891664597,-2.5391597156385237,-3.6375092415520074,3.2384055817687467,0.7171069278272038,0.7928673254115115,0.3240182294939259,-1.508310277809722,-0.9058293668726117,-4.270531736787845,-4.857523193796092,1.0459373576769317,-0.44208948917938273,2.9204057405587713,0.435440542495005,-3.4689490833950054,-2.4087546219471925,6.016917626705846,1.1217222608099204,0.45296454408350223,1.391307466783517,1.4398109401153134,-3.112347538738285,1.868165881724683,-1.2287864813200675,0.9449204059831888,1.323528760509206
6.899482565762969,21.14988656272396,-1.97332361794601,-1.3190169556462807,-7.174200871115312,-15.847709143022296,9.565655237942323,14.12679869526758,12.334939460166053,-10.615706585868656,21.30454162144623,19.42914702377232,-2.348626703657098,18.2402303137019,2.2572136955493693,-5.268606744601422,4.0635078116270895,-7.827014586300988,19.052859472744373,-1.3338215388194747,-9.611659173027403,-14.938066734305036,8.144552689529574,1.6417937747667437,-1.483829867558101,19.7892061389753,-9.423012334159697,10.544869227004835,10.89680665501526,3.59629928522036,-11.271106106600472,-14.305972978720387,9.610880036413448,2.708628191618137,0.3240182294939259,3.181708620597912,-1.828544937475087,-1.650255996264733,-12.993092438173461,-14.993917167508691,0.29559861379677804,-5.917370989686003,8.400804399494492,4.5348438871577486,-9.089738052895633,-7.230712288128131,17.445032058498303,5.257529618930663,2.2237368525073933,5.9568572868972725,2.8485424851295242,-8.61054995435531,6.0297871023307374,-4.4698180676373855,5.646981367780587,4.546844381593007
-7.494469064867478,-19.241120824481854,3.0873545491036687,1.571614183409264,6.788618289075107,15.986818957976219,-8.684277209791832,-12.579828344534517,-10.558319997907113,10.377801162432185,-20.394822957323935,-18.241396900128766,3.425826051371133,-18.34955086609016,-2.260008599464641,4.241958717926942,-2.839374172009012,8.07562280058708,-17.369833151880538,2.7187315660137346,8.574415420714487,13.909147169176341,-9.181498943239399,-2.7573070515632,-0.30288801010455224,-19.088542263232824,8.523920323070131,-8.483376802101949,-8.430804298163963,-3.100204883938309,8.898347939313926,12.015777685351855,-9.45499346295483,-2.324421218713834,-1.508310277809722,-1.828544937475087,3.3511852332356513,2.2320577050282293,12.595277060018628,14.411946532653554,-1.937329478240499,3.121453622536818,-8.420678919061489,-2.560305830779712,9.648951849568942,7.065325974029917,-17.403538072419583,-4.041646449190082,-1.6720878101832732,-4.788692593401743,-3.637471235401158,8.838016624707405,-5.64736693902438,3.9147985121374025,-3.888842434264377,-4.110257701431787
