V1,V2,V3,V4,V5,V6,V7,V8,V9,V10,V11,V12,V13,V14,V15,V16,V17,V18,V19,V20,V21,V22,V23,V24,V25,V26,V27,V28,V29,V30,V31,V32,V33,V34,V35,V36,V37,V38,V39,V40,V41,V42,V43,V44,V45,V46,V47,V48,V49,V50,V51,V52,V53,V54,V55,V56
4.1122184178803645,9.999263018535638,-1.8351689184727962,-0.8831047475417809,-3.5747142887941745,-8.588269195373012,4.509825241410495,6.488918797056368,5.36850071592709,-5.521786994462668,10.779705280849562,9.580746810570917,-2.01050636135083,9.849346458885753,1.211337473931448,-2.1060150378608222,1.3224380621498422,-4.367303225490348,9.033228262160462,-1.6816550195000874,-4.425688029610113,-7.285344085195607,5.08782603125518,1.6584905051889158,0.452543052014557,10.11376480389829,-4.421058902074333,4.210472894036547,4.11660957329886,1.5804755996290225,-4.3822510693693255,-6.0660069158280034,5.040642718506864,1.1830239357713748,1.0005659412701873,0.7599495041563722,-2.0428971899804242,-1.2904087879273853,-6.683953655317419,-7.627393386447842,1.3047120652129334,-1.2182615974769972,4.515026619263775,1.0510090554168345,-5.260740882366153,-3.7587144300933106,9.318015089667714,1.9679443737064446,0.806285935582627,2.37595941297426,2.0770902055395286,-4.7723094203440555,2.96374010554874,-2.007284966291683,1.7980387182227298,2.13134940492339
9.999263018535638,28.30260348112047,-3.4539932939079385,-1.9990190968561072,-9.765292052164419,-22.195086014896102,12.789299957645827,18.733139309707557,16.08894899297737,-14.65913759191144,29.147183177352154,26.356007563204127,-3.9543617602021017,25.513901917408013,3.1505710467170847,-6.703492139952394,4.898076321485526,-11.075149350554199,25.519354242063766,-2.7323917112005125,-12.75536116650322,-20.190932882914357,12.01433216377716,2.9924545319811755,-0.9453165515147532,27.164879742432532,-12.579159241740877,13.412495687393974,13.64883223298599,4.704572941398158,-14.229672524651916,-18.51526885198992,13.30903656763525,3.5366944383856547,1.1974360383823288,3.586741762510721,-3.5092220331867154,-2.668315521317848,-17.874929185295166,-20.550163311185276,1.4457236126096518,-6.494871939159192,11.731611707893247,5.083258247066074,-13.032153016865964,-9.982729045000491,24.309668232135273,6.568928634085686,2.7548807043442505,7.574525317104205,4.470293411549566,-12.154879274401678,8.170828948353652,-5.886051156041736,6.770889936691037,6.068034333946384
-1.8351689184727962,-3.4539932939079385,1.0739971069362124,0.4316210393335957,1.3239803883465402,3.5011166398890436,-1.5516493277313625,-2.1487864472189893,-1.6284693443675797,2.1526272979192504,-4.068597615951674,-3.5021043002503602,1.1335656336049063,-4.000129648346114,-0.4887683693719023,0.5397633715166309,-0.16479051661316418,1.8338285064936133,-3.132753294026333,1.0935750539730502,1.4708976393665283,2.6252632107431086,-2.360999215298009,-1.003310556379517,-0.7192459204222662,-3.86318862696054,1.510558922844305,-1.0764101520228302,-0.9170272206454757,-0.4875193988765099,1.0520547683597068,1.755060192884928,-1.9834871374320788,-0.361039893868444,-0.7589275327958023,0.10058330200170455,1.2804730930628054,0.6946329759462734,2.572671751393215,2.897343103529801,-1.0189238279208752,-0.3495517701767945,-1.8245882919294845,0.17005929452595003,2.287048771576871,1.464282751620263,-3.7407720159546027,-0.42727922262079576,-0.15897807415168805,-0.6059668835349095,-1.0737446925720886,1.9906282434732476,-1.0788377712660402,0.6417572965256617,-0.19585427538303793,-0.7272823734306644
-0.8831047475417809,-1.9990190968561072,0.4316210393335957,0.1951673184267615,0.7277629599932549,1.7955713225499315,-0.9006840226395765,-1.2836146907195243,-1.0400148904280913,1.1399753340141927,-2.2057981071760624,-1.943694855763786,0.4665292475852135,-2.057011064419143,-0.25251600036570176,0.39341663895950924,-0.2214219044028683,0.9209428992832785,-1.8077294356820437,0.411612649470475,0.8762566960395829,1.4724553726307046,-1.1059298321494908,-0.39488467345663136,-0.17328182692413643,-2.076287803886197,0.8814020904320617,-0.7861384316506395,-0.7486955258453271,-0.3073708985816221,0.8081677884006399,1.1626345973467285,-1.0433559235712602,-0.22950166332996957,-0.26082886612673234,-0.09851043582175101,0.4929687074154533,0.294590897801317,1.3750467708460374,1.563477893233653,-0.34442733809058157,0.13022345958161646,-0.9416093347377016,-0.13169224851965683,1.1208289143075334,0.7758393270523102,-1.9396323407175233,-0.35628286745647375,-0.14360558511906224,-0.4434052265618879,-0.4676559025082094,1.0043997346742088,-0.6006036503591128,0.3937035512395406,-0.29690142336114245,-0.42477678429902616
-3.5747142887941745,-9.765292052164419,1.3239803883465402,0.7277629599932549,3.3961550699225316,7.8186089923179,-4.410856766801432,-6.435673472804682,-5.4832940125694405,5.13159388416574,-10.160374461974014,-9.15155735479764,1.4963006046020437,-8.982737395616683,-1.1081673332990918,2.256484259298859,-1.6022190854378526,3.9190289468109416,-8.8086700941128,1.0968148943146365,4.38364871644381,6.999186747845174,-4.326650920075362,-1.16177383982035,0.15700211091233576,-9.483816719853344,4.3352399204269165,-4.514142083791899,-4.557547043326984,-1.6056609171236091,4.770946658823579,6.286115711550193,-4.664860440214942,-1.2059800734003012,-0.5373730048411332,-1.1284616015820645,1.3835123512542773,0.9954194838300767,6.246753052049051,7.169419832728432,-0.6695748563472024,2.009434429769038,-4.1274195914133385,-1.5936636242448352,4.637706392647387,3.494217296955263,-8.544483119661768,-2.190583994769688,-0.914602030740833,-2.548888597193886,-1.6494363709647295,4.296613350964906,-2.8357626425613462,2.0152986359933034,-2.2084010365647413,-2.0909830463811834
-8.588269195373012,-22.195086014896102,3.5011166398890436,1.7955713225499315,7.8186089923179,18.368045334059804,-10.018365655216455,-14.52381544083154,-12.210193551632928,11.937453198220295,-23.478698576320117,-21.015512486072833,3.8917079534140604,-21.084854327849346,-2.5973623390724905,4.918907975878982,-3.3152631869546143,9.270901366391074,-20.034855433506085,3.065973071257078,9.898680716789285,16.029646233662298,-10.50851879727623,-3.1217719037330895,-0.2723554988213366,-21.968503378536017,9.834798060517612,-9.83750446973818,-9.794222815710423,-3.584162807585811,10.327633948990965,13.90703018453206,-10.873394504963688,-2.6877765110817196,-1.6832963802294107,-2.158928052213836,3.787022812794932,2.540695354367902,14.492801497968234,16.58854591759447,-2.1569992085716914,3.7060921962750553,-9.67717803065694,-3.0263431217009464,11.065989581324509,8.127315308267313,-20.003956575614463,-4.696710685755912,-1.945148787215151,-5.553281840301132,-4.147169553444969,10.148058463292484,-6.506819854970679,4.522932184963645,-4.544049105309942,-4.742497346502531
4.509825241410495,12.789299957645827,-1.5516493277313625,-0.9006840226395765,-4.410856766801432,-10.018365655216455,5.779321618969584,8.467002762834852,7.2749181537132,-6.619033754301308,13.163787745603244,11.90567896152041,-1.7777806985267468,11.516752260035444,1.422215630485704,-3.0330563090992464,2.2193934622027083,-4.9978545859087955,11.53136820554543,-1.2240694635248923,-5.7650496394595265,-9.12156395712317,5.4164876541491465,1.3433052626330342,-0.438848311435484,12.26751911726032,-5.684574853172371,6.068645203766941,6.178071568693777,2.1271039235764753,-6.43964483134465,-8.373683146897651,6.009020366870874,1.5991357495912013,0.5325127701556919,1.6282933203521885,-1.573812287298966,-1.2005926615759284,-8.071785817167012,-9.280690195212992,0.6414990768656361,-2.950870763136772,5.295745287457498,2.3080758569829123,-5.879180345549056,-4.507524493252007,10.974152813429702,2.973595007101634,1.2473477570023344,3.4272182778970035,2.0126343613706785,-5.485417736123529,3.691064325266563,-2.6608591157847825,3.0684309940309835,2.7421902089795207
6.488918797056368,18.733139309707557,-2.1487864472189893,-1.2836146907195243,-6.435673472804682,-14.52381544083154,8.467002762834852,12.42815636256415,10.719604366457805,-9.626125936594324,19.18446186281014,17.384567131322843,-2.480299342378716,16.70071941440376,2.063376987109938,-4.495565043706218,3.333138770049036,-7.228968512387498,16.887087863588484,-1.6485089538854902,-8.460652565321357,-13.33018492257302,7.7637675972768845,1.8463500131933548,-0.8014087102972667,17.86471384267098,-8.331155019048884,8.995554540138436,9.191604741823806,3.1321390548094468,-9.562556245014482,-12.361231833380982,8.73344241379952,2.3557449937119603,0.6635439790133361,2.487336853383368,-2.1432937370940697,-1.6884499324301436,-11.748799627229797,-13.519888116706051,0.7795342552017389,-4.539343860996166,7.6822843909773555,3.530964229450318,-8.479149935501296,-6.555650440834835,15.927302127005177,4.426724420729383,1.860732060406669,5.080534117333541,2.8476335377752315,-7.938374143799868,5.390965177184412,-3.912053292305905,4.614293490412447,4.019142761952362
5.36850071592709,16.08894899297737,-1.6284693443675797,-1.0400148904280913,-5.4832940125694405,-12.210193551632928,7.2749181537132,10.719604366457805,9.317946243440058,-8.14644587015213,16.306430457026153,14.835714828580647,-1.9136833267858686,14.048562175253739,1.7374449209755718,-3.9535791475486137,3.006664916059108,-6.048205424413742,14.49733378344881,-1.1630037462007057,-7.29494942803166,-11.39500868936081,6.370294659943178,1.3734905069325658,-0.9658811191288866,15.160823071197246,-7.163385461836491,7.912224871930736,8.14320799520899,2.7188437724840244,-8.440464095328487,-10.784240682472232,7.381217622011696,2.046704603107823,0.3660713919508594,2.315291974516558,-1.5573186115622366,-1.327392334708021,-9.960327568796435,-11.48202673684777,0.3892894354198428,-4.278500271303408,6.467254738027736,3.2954548454382158,-7.050615917471699,-5.54849429839321,13.421699756350788,3.926405525614921,1.6570332483424985,4.469314954027785,2.2700076941628917,-6.649147855974333,4.602861348793839,-3.3853217971071667,4.172674361568194,3.456246304186698
-5.521786994462668,-14.65913759191144,2.1526272979192504,1.1399753340141927,5.13159388416574,11.937453198220295,-6.619033754301308,-9.626125936594324,-8.14644587015213,7.795310211044913,-15.381680520980897,-13.810132236961456,2.4109308158313314,-13.708773236457626,-1.6899172368134523,3.3168786597161226,-2.295590558039928,6.0050871419365865,-13.227779756644662,1.8388631118692595,6.558794981742666,10.547605469862573,-6.72141126937522,-1.9055071020715906,0.024449357455429394,-14.37530771520046,6.501608788705047,-6.634551739273576,-6.6520681988517865,-2.388412590776873,6.988648416077793,9.308692220693633,-7.093571001681462,-1.7924895707008672,-0.9617663889873674,-1.55774055022834,2.2925466804641528,1.5876661524700588,9.476308795358648,10.860910743857525,-1.2183594197813965,2.7273808230814605,-6.2952971745754525,-2.192279782016024,7.138189346023813,5.307597181316685,-13.022437568197399,-3.1936402918286477,-1.3280981001510523,-3.745673195542311,-2.609732351936401,6.578238321567091,-4.277567860637287,3.005892952238856,-3.1555689836174308,-3.1355185778400534
10.779705280849562,29.147183177352154,-4.068597615951674,-2.2057981071760624,-10.160374461974014,-23.478698576320117,13.163787745603244,19.18446186281014,16.306430457026153,-15.381680520980897,30.418000727633718,27.366459310336296,-4.582726599740515,26.970240541991444,3.3263415921767954,-6.685336393902816,4.704806623820213,-11.783711073471716,26.295324887192038,-3.4098519009378805,-13.068773123325922,-20.91983134534271,13.074359800179536,3.582030607256047,-0.3192039722634165,28.405164468174913,-12.93526602583075,13.373375146182761,13.4691979076683,4.777056417806226,-14.117658852351893,-18.672257579844377,13.987861269624844,3.586905489996361,1.71358940523196,3.271751365355021,-4.282064883725332,-3.0372306015265917,-18.715068157504,-21.468716455027685,2.1493655957074234,-5.793239784198115,12.389711066492263,4.61527999482482,-13.967193715247832,-10.473492782675548,25.64195322259726,6.471446103930885,2.698149786718063,7.550927962082564,5.017792586613754,-12.915287852422244,8.47869493190278,-6.001675674676296,6.478675158325127,6.238723998247427
9.580746810570917,26.356007563204127,-3.5021043002503602,-1.943694855763786,-9.15155735479764,-21.015512486072833,11.90567896152041,17.384567131322843,14.835714828580647,-13.810132236961456,27.366459310336296,24.66836769739816,-3.9674002270805864,24.147215257257614,2.9795342521476433,-6.120581810016163,4.371633050862792,-10.524560365270617,23.772241944383318,-2.877259363996762,-11.840538052528318,-18.872820009422092,11.57976632038929,3.0660126460015986,-0.5148878110607065,25.536478491563432,-11.703232342842917,12.244644035240858,12.382318619941497,4.3430771906792,-12.951291504345878,-17.020944772314735,12.550968949029645,3.262552212583759,1.383377429826804,3.1043766453855426,-3.6409823278211206,-2.6463454966347792,-16.81683308181125,-19.307276822808355,1.7151507338909762,-5.548097704805366,11.09675166724751,4.3875790790611315,-12.44083004796954,-9.403845828253264,22.97660148228938,5.953214780501468,2.4878138615465843,6.914151774994464,4.39409103689938,-11.540982770642678,7.644622047364887,-5.447688676013836,6.029177687094063,5.644887562295214
-2.01050636135083,-3.9543617602021017,1.1335656336049063,0.4665292475852135,1.4963006046020437,3.8917079534140604,-1.7777806985267468,-2.480299342378716,-1.9136833267858686,2.4109308158313314,-4.582726599740515,-3.9674002270805864,1.2020051840192258,-4.449199322051743,-0.5442447328381608,0.6589392610621144,-0.25239888614177564,2.028509294297885,-3.5839250906655886,1.1401468009802282,1.6965727341746968,2.981848588922155,-2.571384308618206,-1.054807468997053,-0.7006161104143603,-4.3421880209243096,1.7329900323378828,-1.3148243396843722,-1.160039451451914,-0.5709019463990573,1.305198704314353,2.083534870655111,-2.2179526370628615,-0.4237144666560974,-0.7786717790399723,0.03596589619494585,1.3405667540594886,0.7409846147162258,2.8877467639239347,3.259725869085699,-1.042552693233352,-0.23210169804007655,-2.0310791047699333,0.07835591994317011,2.515840059498877,1.6402066122177494,-4.168782506096141,-0.5442982841608586,-0.20808806791312656,-0.7406372426540149,-1.151577289836666,2.2043731896791416,-1.2230908361705182,0.74605591532306,-0.31699314708100157,-0.8345857761036359
9.849346458885753,25.513901917408013,-4.000129648346114,-2.057011064419143,-8.982737395616683,-21.084854327849346,11.516752260035444,16.70071941440376,14.048562175253739,-13.708773236457626,26.970240541991444,24.147215257257614,-4.449199322051743,24.204391536672105,2.9818401696011123,-5.664902759651286,3.8272714604027405,-10.63904891535429,23.030003060867823,-3.4958823587134837,-11.38202258191182,-18.420489149737065,12.04626824486406,3.5646456956732737,0.28172976374631525,25.232855467493284,-11.306299448739718,11.329554458261807,11.286861119867735,4.123362167580174,-11.897631698937076,-16.0054735313874,12.48578769248149,3.0923177802270314,1.9119654850597942,2.501947258811497,-4.321290524134134,-2.906763607654551,-16.645169988069256,-19.05436363057975,2.447890990625715,-4.303167036030791,11.109431471760235,3.508576378386077,-12.694505930995243,-9.333347749081518,22.96606766526465,5.413090082911381,2.242661547407043,6.395642791757488,4.74746379598267,-11.646452985247068,7.4767009715461565,-5.202169108588021,5.247188572844207,5.452133113467372
1.211337473931448,3.1505710467170847,-0.4887683693719023,-0.25251600036570176,-1.1081673332990918,-2.5973623390724905,1.422215630485704,2.063376987109938,1.7374449209755718,-1.6899172368134523,3.3263415921767954,2.9795342521476433,-0.5442447328381608,2.9818401696011123,0.36739051987381577,-0.7017529371268696,0.47606112250952276,-1.309917399947905,2.843728759743959,-0.4256500296864002,-1.4061706343730904,-2.2733605787762214,1.480432582550916,0.43513612137711066,0.028153824816600774,3.1115111878445476,-1.396339875193635,1.4034818888615015,1.3996997105734983,0.5098653327417991,-1.4746158571379024,-1.9804280006741517,1.5389432210271146,0.3824071416732247,0.23121677309709193,0.3132154524771904,-0.5268427936905827,-0.3560200555613213,-2.0522878488913223,-2.349804228135369,0.2955811265525314,-0.5404559686825322,1.3687122103178746,0.4395490465222341,-1.5620324432491952,-1.1505688204680247,2.8298054579868084,0.671422482307028,0.27834218006375644,0.7923084349935936,0.5820464999330722,-1.4341345265149725,0.9226001069208467,-0.6430285589836736,0.6529514792113893,0.6733564033820332
-2.1060150378608222,-6.703492139952394,0.5397633715166309,0.39341663895950924,2.256484259298859,4.918907975878982,-3.0330563090992464,-4.495565043706218,-3.9535791475486137,3.3168786597161226,-6.685336393902816,-6.120581810016163,0.6589392610621144,-5.664902759651286,-0.7017529371268696,1.7064743998376763,-1.3448199485112793,2.417439246568888,-6.036480091181239,0.3229455243133297,3.05765848948375,4.7134692378395195,-2.4639626317811563,-0.4366385990010628,0.5799106900034058,-6.200253663445827,2.989848294087701,-3.415818808495191,-3.5520697038331686,-1.151241193086701,3.6622934119907335,4.600533424071285,-2.998997554525771,-0.8677554491925049,-0.022198604148836676,-1.079105192957994,0.4676538385795748,0.47462311473665914,4.0667489079685275,4.701160508537815,0.016946526385813877,2.025523019467969,-2.6110363460855193,-1.5411539948161561,2.7895116187254185,2.25948063903908,-5.427590098581752,-1.7155810419803632,-0.7280898422227101,-1.9298861813717179,-0.833500753646533,2.6625353904504823,-1.9004069690178955,1.4268480074844585,-1.8725997839227526,-1.442863374031407
1.3224380621498422,4.898076321485526,-0.16479051661316418,-0.2214219044028683,-1.6022190854378526,-3.3152631869546143,2.2193934622027083,3.333138770049036,3.006664916059108,-2.295590558039928,4.704806623820213,4.371633050862792,-0.25239888614177564,3.8272714604027405,0.47606112250952276,-1.3448199485112793,1.1349850553197238,-1.5966654544929966,4.404232250226847,0.03150962875250474,-2.2643231492564015,-3.3872893397535355,1.4854916677656171,0.0945017513408414,-0.7174188892860172,4.337521985535908,-2.193254360530491,2.6930636952410034,2.858851746628326,0.871665003896513,-2.9168196734723826,-3.539024768163056,2.064865875735553,0.658878865082129,-0.19942010214701764,0.9778949991440805,-0.04181758555491317,-0.2169522851665555,-2.833788858254305,-3.297975431561259,-0.3088470575877906,-1.8819211092219363,1.7695647031484805,1.40422482867453,-1.7930877096851698,-1.5643780497577375,3.6934197778618665,1.3852776869727674,0.5943600515745199,1.5221712248823742,0.4231518387646067,-1.7669477141501608,1.3598338119374007,-1.0695144729654722,1.5901110613586993,1.0589258872004301
-4.367303225490348,-11.075149350554199,1.8338285064936133,0.9209428992832785,3.9190289468109416,9.270901366391074,-4.9978545859087955,-7.228968512387498,-6.048205424413742,6.0050871419365865,-11.783711073471716,-10.524560365270617,2.028509294297885,-10.63904891535429,-1.309917399947905,2.417439246568888,-1.5966654544929966,4.690266043964722,-9.999612245003403,1.631008349386346,4.9279734674908,8.020101163833383,-5.362663748937302,-1.6425722373471008,-0.24694005790476645,-11.034994253884186,4.904222126984367,-4.834263444857845,-4.787637550122416,-1.7769310772825848,5.062328128662233,6.872384318538697,-5.473528073133922,-1.3318014391907993,-0.9214945008587847,-1.0057003416403798,2.003058415509589,1.3168498657857173,7.283872592222781,8.329382025588714,-1.1884036887896416,1.6973496119609026,-4.881107826148988,-1.4049417127802242,5.614517010117292,4.088184999790134,-10.084765389732645,-2.293783103812059,-0.947035456307305,-2.728648569624205,-2.139657539308747,5.13125638148503,-3.257726005066209,2.2466535816488427,-2.18357803341995,-2.3647065142669486
9.033228262160462,25.519354242063766,-3.132753294026333,-1.8077294356820437,-8.8086700941128,-20.034855433506085,11.53136820554543,16.887087863588484,14.49733378344881,-13.227779756644662,26.295324887192038,23.772241944383318,-3.5839250906655886,23.030003060867823,2.843728759743959,-6.036480091181239,4.404232250226847,-9.999612245003403,23.010449551955524,-2.485169847879992,-11.498527811475729,-18.209915423764045,10.858194385068249,2.7163280078723426,-0.8288012002281667,24.50898918781903,-11.341407372870481,12.07771817954872,12.285471522580307,4.239510165151544,-12.811027254031682,-16.68021009840012,12.010372202636331,3.1868753625738475,1.0969329228252465,3.218761700039118,-3.188205840109902,-2.416390730329656,-16.128069803411012,-18.540190987265877,1.3273408639652937,-5.823943393835173,10.588994690406448,4.5611157846062325,-11.770227779219088,-9.007985094674149,21.940954945770923,5.912441923435149,2.4789639112274293,6.820732735796404,4.045630793040733,-10.973947564927515,7.3695914374113665,-5.305209829160793,6.087222715576765,5.4709235610819205
-1.6816550195000874,-2.7323917112005125,1.0935750539730502,0.411612649470475,1.0968148943146365,3.065973071257078,-1.2240694635248923,-1.6485089538854902,-1.1630037462007057,1.8388631118692595,-3.4098519009378805,-2.877259363996762,1.1401468009802282,-3.4958823587134837,-0.4256500296864002,0.3229455243133297,0.03150962875250474,1.631008349386346,-2.485169847879992,1.149311114111261,1.1315337650400528,2.1370683009895113,-2.20230928737369,-1.0323053900556005,-0.8810335752152204,-3.261006202707444,1.1857817822325663,-0.6419939746703266,-0.44552960928236485,-0.3532860915587545,0.5763332481799881,1.1997605492989434,-1.7034300833034817,-0.25922174920273516,-0.8294846702265277,0.2808447380944668,1.3315960069423074,0.6874839807657898,2.181464320484422,2.437632188917268,-1.12105134758852,-0.7035686404258381,-1.5902899848107142,0.4300493049379528,2.0697027652374786,1.2503487283298085,-3.2486765797137407,-0.1980452768070349,-0.059502966129121246,-0.3603277071195209,-1.0469124504425171,1.7644199970562662,-0.8839860325733994,0.4790769856105428,0.0807863614354415,-0.5703847277382175
-4.425688029610113,-12.75536116650322,1.4708976393665283,0.8762566960395829,4.38364871644381,9.898680716789285,-5.7650496394595265,-8.460652565321357,-7.29494942803166,6.558794981742666,-13.068773123325922,-11.840538052528318,1.6965727341746968,-11.38202258191182,-1.4061706343730904,3.05765848948375,-2.2643231492564015,4.9279734674908,-11.498527811475729,1.1315337650400528,5.759860659255443,9.078432999148575,-5.296972797251775,-1.264711433424415,0.5357027513723364,-12.170595542286426,5.672398813943254,-6.118352725607923,-6.249613085749175,-2.131616562235685,6.502943888500733,8.41074256369956,-5.9508836884696334,-1.6032004209019812,-0.4591576238671397,-1.6872366838765882,1.4695329832846575,1.1540327228109541,8.004477468851679,9.210375115457218,-0.5408448379501369,3.0771774321805374,-5.235569078306408,-2.394750077499502,5.781774783348458,4.466667857467538,-10.854103771161029,-3.009634624014792,-1.2648531151418287,-3.455478740260975,-1.9452385723644507,5.411254249752427,-3.6716956943992027,2.6626982911058383,-3.134350570013556,-2.7364770268734
-7.285344085195607,-20.190932882914357,2.6252632107431086,1.4724553726307046,6.999186747845174,16.029646233662298,-9.12156395712317,-13.33018492257302,-11.39500868936081,10.547605469862573,-20.91983134534271,-18.872820009422092,2.981848588922155,-18.420489149737065,-2.2733605787762214,4.7134692378395195,-3.3872893397535355,8.020101163833383,-18.209915423764045,2.1370683009895113,9.078432999148575,14.443936599312499,-8.792023895442188,-2.292441661800182,0.46818318040391094,-19.514685815414754,8.96783995355166,-9.42994525736967,-9.552046450952549,-3.334815829908975,9.982259650989988,13.084058930598992,-9.583363746837978,-2.5056277325714365,-1.0056478092301626,-2.425776745895474,2.7140084214449662,1.9947214532323732,12.848557177173364,14.756606732769988,-1.2395182787324726,4.351220095538755,-8.466342410660497,-3.431084987359424,9.46918445209042,7.182407360948952,-17.533633315751615,-4.593738570720755,-1.921533271000896,-5.324952934376806,-3.319578863875032,8.79655099046152,-5.8492126218423985,4.180146866511288,-4.67456093530503,-4.325632874949346
5.08782603125518,12.01433216377716,-2.360999215298009,-1.1059298321494908,-4.326650920075362,-10.50851879727623,5.4164876541491465,7.7637675972768845,6.370294659943178,-6.72141126937522,13.074359800179536,11.57976632038929,-2.571384308618206,12.04626824486406,1.480432582550916,-2.4639626317811563,1.4854916677656171,-5.362663748937302,10.858194385068249,-2.20230928737369,-5.296972797251775,-8.792023895442188,6.327178334251451,2.1454646306828278,0.7432760756255314,12.282945520311443,-5.30607227686636,4.925003919287623,4.767183271236979,1.8783016866602231,-5.101726225022601,-7.167757153458154,6.142327946740403,1.4045121227512136,1.3486479731470695,0.7843011122743554,-2.6583664759366052,-1.638757139879036,-8.124318305764216,-9.257473975772273,1.7690761953895378,-1.1907070317199087,5.518790981895291,1.073906040705745,-6.487419964302831,-4.57499901875334,11.380900275975604,2.275106344682154,0.9263960859842449,2.7787311720920522,2.6219974027543445,-5.855380523633538,3.5804835113179783,-2.393695985166878,2.0096114772866667,2.5576779495702113
1.6584905051889158,2.9924545319811755,-1.003310556379517,-0.39488467345663136,-1.16177383982035,-3.1217719037330895,1.3433052626330342,1.8463500131933548,1.3734905069325658,-1.9055071020715906,3.582030607256047,3.0660126460015986,-1.054807468997053,3.5646456956732737,0.43513612137711066,-0.4366385990010628,0.0945017513408414,-1.6425722373471008,2.7163280078723426,-1.0323053900556005,-1.264711433424415,-2.292441661800182,2.1454646306828278,0.940608127429217,0.7162799655456383,3.4081432982103066,-1.305928902453917,0.870041860922445,0.7109180050861277,0.412734676886941,-0.8350872481249538,-1.464185828059065,1.7585329457490326,0.30488529608374504,0.7258587828680599,-0.14729501726281796,-1.2045063878568565,-0.6430587721865539,-2.2724570815353773,-2.553561707314152,0.9768058021660228,0.4303056433196866,1.6245922618130282,-0.23549547700826415,-2.0591693360893726,-1.2960784112600652,3.3273307436034143,0.3284682735194842,0.11795317635027698,0.489529093966273,0.9892508296374772,-1.7812976045494844,0.9437604508768493,-0.5476168142387847,0.09928951062579959,0.6286074616052897
0.452543052014557,-0.9453165515147532,-0.7192459204222662,-0.17328182692413643,0.15700211091233576,-0.2723554988213366,-0.438848311435484,-0.8014087102972667,-0.9658811191288866,0.024449357455429394,-0.3192039722634165,-0.5148878110607065,-0.7006161104143603,0.28172976374631525,0.028153824816600774,0.5799106900034058,-0.7174188892860172,-0.24694005790476645,-0.8288012002281667,-0.8810335752152204,0.5357027513723364,0.46818318040391094,0.7432760756255314,0.7162799655456383,1.0991570747124535,-0.20629632626682712,0.45158189135157717,-1.1648432908346062,-1.4135003826255916,-0.26793207747852477,1.3508549849857021,1.2637459857894495,0.01504199713851488,-0.20839442976899275,0.743858956646225,-0.8083556217864841,-0.9728898625454123,-0.382870768005895,0.09655548366242901,0.18822458409165915,1.0293742724700201,1.6779298382458914,0.11071852068160574,-1.1808311986366977,-0.45581105018836876,0.018745328243258506,0.17818794219487388,-0.6982935902069327,-0.3187054215934875,-0.6602920637782641,0.5263278273158499,-0.24288886304720844,-0.16841778207215158,0.2945458019489214,-1.0325827493382598,-0.21961991168324327
10.11376480389829,27.164879742432532,-3.86318862696054,-2.076287803886197,-9.483816719853344,-21.968503378536017,12.26751911726032,17.86471384267098,15.160823071197246,-14.37530771520046,28.405164468174913,25.536478491563432,-4.3421880209243096,25.232855467493284,3.1115111878445476,-6.200253663445827,4.337521985535908,-11.034994253884186,24.50898918781903,-3.261006202707444,-12.170595542286426,-19.514685815414754,12.282945520311443,3.4081432982103066,-0.20629632626682712,26.533210635082472,-12.052851671784607,12.40261227250777,12.471350746923097,4.4427033953857755,-13.082718637231938,-17.34722748812619,13.075803852580506,3.335248372136661,1.6640087303313948,2.9904187547580023,-4.083963195370202,-2.8709885373715354,-17.485006829728476,-20.051181444282776,2.095246548364336,-5.274434686596455,11.590016388752463,4.215025334052211,-13.093404655276842,-9.78807101060598,23.98262386476288,5.990413261592655,2.495283111816622,7.002594932117974,4.7342484895238615,-12.092347270344236,7.910983902737265,-5.5851341121308655,5.969169865005949,5.812980012144724
-4.421058902074333,-12.579159241740877,1.510558922844305,0.8814020904320617,4.3352399204269165,9.834798060517612,-5.684574853172371,-8.331155019048884,-7.163385461836491,6.501608788705047,-12.93526602583075,-11.703232342842917,1.7329900323378828,-11.306299448739718,-1.396339875193635,2.989848294087701,-2.193254360530491,4.904222126984367,-11.341407372870481,1.1857817822325663,5.672398813943254,8.96783995355166,-5.30607227686636,-1.305928902453917,0.45158189135157717,-12.052851671784607,5.591773595138184,-5.982319768877109,-6.094458087676876,-2.0942135667654456,6.35019089239827,8.248170487546513,-5.901703397936368,-1.5745597578359585,-0.509136307066521,-1.6144310749121933,1.5275775060639878,1.172023671340239,7.9298482818813065,9.11892526302925,-0.6108212520938325,2.9296773212525595,-5.199354384404005,-2.289021434797586,5.765939170864594,4.427580783169111,-10.7753274510352,-2.9336581534348785,-1.2310888675266225,-3.378488936227694,-1.9669287479274995,5.383144666054035,-3.6284771907149542,2.6189093291084427,-3.0330922517346015,-2.6974549388154854
4.210472894036547,13.412495687393974,-1.0764101520228302,-0.7861384316506395,-4.514142083791899,-9.83750446973818,6.068645203766941,8.995554540138436,7.912224871930736,-6.634551739273576,13.373375146182761,12.244644035240858,-1.3148243396843722,11.329554458261807,1.4034818888615015,-3.415818808495191,2.6930636952410034,-4.834263444857845,12.07771817954872,-0.6419939746703266,-6.118352725607923,-9.42994525736967,4.925003919287623,0.870041860922445,-1.1648432908346062,12.40261227250777,-5.982319768877109,6.837489744099863,7.1111542922987585,2.303879618606323,-7.331322144006891,-9.207637791397461,5.998509861126121,1.7366363949081314,0.04111446572808614,2.1620903876192856,-0.9310286277134122,-0.9475749165613262,-8.134794859719392,-9.404134230552124,-0.0385052335230255,-4.058927758516334,5.222105452151651,3.087839868124353,-5.577537018611041,-4.519475212573967,10.855402048143329,3.4345597204389566,1.4577461183375675,3.8630379766652156,1.6647804935253296,-5.324453966720769,3.8019586693717127,-2.855160096679432,3.7502002472648948,2.8869958860039677
4.11660957329886,13.64883223298599,-0.9170272206454757,-0.7486955258453271,-4.557547043326984,-9.794222815710423,6.178071568693777,9.191604741823806,8.14320799520899,-6.6520681988517865,13.4691979076683,12.382318619941497,-1.160039451451914,11.286861119867735,1.3996997105734983,-3.5520697038331686,2.858851746628326,-4.787637550122416,12.285471522580307,-0.44552960928236485,-6.249613085749175,-9.552046450952549,4.767183271236979,0.7109180050861277,-1.4135003826255916,12.471350746923097,-6.094458087676876,7.1111542922987585,7.441097153298272,2.368145697862315,-7.647606110048151,-9.507794525739575,6.006003835422335,1.7865343454831266,-0.12565226810824282,2.347343328226148,-0.7144841493345478,-0.8633964223255398,-8.171213321389548,-9.46340958645643,-0.26947223419080085,-4.442648363882069,5.206737962972366,3.3582890040571898,-5.485403905978552,-4.53186580182274,10.83509091950487,3.597397635210663,1.5318749945414845,4.018127141482352,1.5497294298479218,-5.27960544030282,3.8466308095538606,-2.9263641313810815,3.988615761308372,2.9414907468386633
1.5804755996290225,4.704572941398158,-0.4875193988765099,-0.3073708985816221,-1.6056609171236091,-3.584162807585811,2.1271039235764753,3.1321390548094468,2.7188437724840244,-2.388412590776873,4.777056417806226,4.3430771906792,-0.5709019463990573,4.123362167580174,0.5098653327417991,-1.151241193086701,0.871665003896513,-1.7769310772825848,4.239510165151544,-0.3532860915587545,-2.131616562235685,-3.334815829908975,1.8783016866602231,0.412734676886941,-0.26793207747852477,4.4427033953857755,-2.0942135667654456,2.303879618606323,2.368145697862315,0.7935170381320784,-2.4561852272829725,-3.1446477328427798,2.1645847220881813,0.5972453980887055,0.11768288315907116,0.667649277273023,-0.4701878249088408,-0.39456519857073585,-2.9192820622117996,-3.364214167099197,0.12847265920718212,-1.2312325705259377,1.8979124277935187,0.9498994093109803,-2.073773183120711,-1.6267116605324596,3.9380967374490066,1.1416268790506043,0.4814536316332743,1.3013522744900046,0.6729570983163303,-1.9531015684136916,1.3473373377822877,-0.9885984201759249,1.2091726876861222,1.010409294863172
-4.3822510693693255,-14.229672524651916,1.0520547683597068,0.8081677884006399,4.770946658823579,10.327633948990965,-6.43964483134465,-9.562556245014482,-8.440464095328487,6.988648416077793,-14.117658852351893,-12.951291504345878,1.305198704314353,-11.897631698937076,-1.4746158571379024,3.6622934119907335,-2.9168196734723826,5.062328128662233,-12.811027254031682,0.5763332481799881,6.502943888500733,9.982259650989988,-5.101726225022601,-0.8350872481249538,1.3508549849857021,-13.082718637231938,6.35019089239827,-7.331322144006891,-7.647606110048151,-2.4561852272829725,7.872345609338091,9.838169845807839,-6.314455913012316,-1.8521724451402588,0.040845806536983296,-2.3680210440913965,0.8702835002787626,0.9544426617960686,8.576494162914098,9.923418568799457,0.1569797440103352,4.463659898377141,-5.486116506122712,-3.384918594303262,5.821334826081964,4.760921147775092,-11.410086012679393,-3.695417121666623,-1.5709897697015722,-4.14228652031544,-1.6934019432133587,5.57893065751159,-4.022340618892988,3.0396625461039815,-4.065589086424386,-3.0647172038503885
-6.0660069158280034,-18.51526885198992,1.755060192884928,1.1626345973467285,6.286115711550193,13.90703018453206,-8.373683146897651,-12.361231833380982,-10.784240682472232,9.308692220693633,-18.672257579844377,-17.020944772314735,2.083534870655111,-16.0054735313874,-1.9804280006741517,4.600533424071285,-3.539024768163056,6.872384318538697,-16.68021009840012,1.1997605492989434,8.41074256369956,13.084058930598992,-7.167757153458154,-1.464185828059065,1.2637459857894495,-17.34722748812619,8.248170487546513,-9.207637791397461,-9.507794525739575,-3.1446477328427798,9.838169845807839,12.50260239347,-8.428837311212737,-2.3682462380829246,-0.30954514310690195,-2.762654591268508,1.6367460950338548,1.4602509985097392,11.391106910603876,13.142609802505987,-0.294350542054107,5.132016574055322,-7.370925115043294,-3.9365523023206275,7.986862201072475,6.340378044323786,-15.30460401078693,-4.586778567760149,-1.9392453867405182,-5.20135407873339,-2.5159984389177046,7.55935092175747,-5.28212159022697,3.90974373607942,-4.916928806973227,-3.9798930653585844
5.040642718506864,13.30903656763525,-1.9834871374320788,-1.0433559235712602,-4.664860440214942,-10.873394504963688,6.009020366870874,8.73344241379952,7.381217622011696,-7.093571001681462,13.987861269624844,12.550968949029645,-2.2179526370628615,12.48578769248149,1.5389432210271146,-2.998997554525771,2.064865875735553,-5.473528073133922,12.010372202636331,-1.7034300833034817,-5.9508836884696334,-9.583363746837978,6.142327946740403,1.7585329457490326,0.01504199713851488,13.075803852580506,-5.901703397936368,5.998509861126121,6.006003835422335,2.1645847220881813,-6.314455913012316,-8.428837311212737,6.456284135658809,1.624241482749046,0.9005152378197367,1.3902289218528168,-2.119438529077502,-1.457928884320355,-8.620966263713475,-9.877972602008402,1.14374444877277,-2.4252288721114663,5.733022139158096,1.9551208978304213,-6.511841957254232,-4.829747942803088,11.857624801584548,2.8828244381749952,1.1978721405308024,3.386513945006169,2.3929572875707605,-5.995037261410449,3.887238848881511,-2.725688021062114,2.836800418773978,2.846142870898352
1.1830239357713748,3.5366944383856547,-0.361039893868444,-0.22950166332996957,-1.2059800734003012,-2.6877765110817196,1.5991357495912013,2.3557449937119603,2.046704603107823,-1.7924895707008672,3.586905489996361,3.262552212583759,-0.4237144666560974,3.0923177802270314,0.3824071416732247,-0.8677554491925049,0.658878865082129,-1.3318014391907993,3.1868753625738475,-0.25922174920273516,-1.6032004209019812,-2.5056277325714365,1.4045121227512136,0.30488529608374504,-0.20839442976899275,3.335248372136661,-1.5745597578359585,1.7366363949081314,1.7865343454831266,0.5972453980887055,-1.8521724451402588,-2.3682462380829246,1.624241482749046,0.4495865313872034,0.08336552453250407,0.5064382297424164,-0.3463340770938139,-0.29350803141294335,-2.191361405228958,-2.5258497843366827,0.08953467415440387,-0.9351305324733663,1.4234976893879006,0.7206792723458448,-1.5531582118903098,-1.2208336404049178,2.954009786867222,0.8613291374577912,0.3634183447686131,0.9809344034108358,0.5014714350867849,-1.4639969601327039,1.0122005194197805,-0.7437639361293144,0.9142858291451359,0.759697939414492
1.0005659412701873,1.1974360383823288,-0.7589275327958023,-0.26082886612673234,-0.5373730048411332,-1.6832963802294107,0.5325127701556919,0.6635439790133361,0.3660713919508594,-0.9617663889873674,1.71358940523196,1.383377429826804,-0.7786717790399723,1.9119654850597942,0.23121677309709193,-0.022198604148836676,-0.19942010214701764,-0.9214945008587847,1.0969329228252465,-0.8294846702265277,-0.4591576238671397,-1.0056478092301626,1.3486479731470695,0.7258587828680599,0.743858956646225,1.6640087303313948,-0.509136307066521,0.04111446572808614,-0.12565226810824282,0.11768288315907116,0.040845806536983296,-0.30954514310690195,0.9005152378197367,0.08336552453250407,0.6262066873799161,-0.3537867935731272,-0.948845803385562,-0.45942352710225887,-1.1237560982920813,-1.235234579946297,0.8524158834060005,0.797926406814898,0.865349764943728,-0.5272961540651885,-1.2056407301421141,-0.6534000265014673,1.7554832054400638,-0.07371626361642501,-0.049888617411083636,0.021390248944087774,0.6851929741096681,-0.9906532466832474,0.4224255744012886,-0.1770600933100565,-0.30563235863047633,0.24429084463509618
0.7599495041563722,3.586741762510721,0.10058330200170455,-0.09851043582175101,-1.1284616015820645,-2.158928052213836,1.6282933203521885,2.487336853383368,2.315291974516558,-1.55774055022834,3.271751365355021,3.1043766453855426,0.03596589619494585,2.501947258811497,0.3132154524771904,-1.079105192957994,0.9778949991440805,-1.0057003416403798,3.218761700039118,0.2808447380944668,-1.6872366838765882,-2.425776745895474,0.7843011122743554,-0.14729501726281796,-0.8083556217864841,2.9904187547580023,-1.6144310749121933,2.1620903876192856,2.347343328226148,0.667649277273023,-2.3680210440913965,-2.762654591268508,1.3902289218528168,0.5064382297424164,-0.3537867935731272,0.8986815152394968,0.25837691350243586,-0.03369461990005536,-1.9425285599083844,-2.28303935563707,-0.5118505834300976,-1.7653796580618784,1.1626110706669106,1.296259836024544,-1.07682835465171,-1.0621324690498581,2.4420981908889385,1.141302120472455,0.49533209631344405,1.2225648502315078,0.13072782613221082,-1.1218398316937361,0.9681010251622273,-0.8090172249799706,1.3782061856218473,0.7799285590811385
-2.0428971899804242,-3.5092220331867154,1.2804730930628054,0.4929687074154533,1.3835123512542773,3.787022812794932,-1.573812287298966,-2.1432937370940697,-1.5573186115622366,2.2925466804641528,-4.282064883725332,-3.6409823278211206,1.3405667540594886,-4.321290524134134,-0.5268427936905827,0.4676538385795748,-0.04181758555491317,2.003058415509589,-3.188205840109902,1.3315960069423074,1.4695329832846575,2.7140084214449662,-2.6583664759366052,-1.2045063878568565,-0.9728898625454123,-4.083963195370202,1.5275775060639878,-0.9310286277134122,-0.7144841493345478,-0.4701878249088408,0.8702835002787626,1.6367460950338548,-2.119438529077502,-0.3463340770938139,-0.948845803385562,0.25837691350243586,1.5482017671097401,0.8128039321166164,2.7273084053805574,3.056648663087951,-1.2796473297877091,-0.6865161254794834,-1.9677462327820188,0.4020921697950967,2.5257278353669173,1.5590713192133625,-4.025168508179879,-0.32550123722857277,-0.11010273090435874,-0.5232840489681447,-1.2441631011662353,2.1696376945748215,-1.1197835269251524,0.6298241518277085,-0.016070549029281837,-0.7350661596921615
