V1,V2,V3,V4,V5,V6,V7,V8,V9,V10,V11,V12,V13,V14,V15,V16,V17,V18,V19,V20,V21,V22,V23,V24,V25,V26,V27,V28,V29,V30,V31,V32,V33,V34,V35,V36,V37,V38,V39,V40,V41,V42,V43,V44,V45,V46,V47,V48,V49,V50,V51,V52,V53,V54,V55,V56
23.877986712853716,66.78482857816124,-8.45052345483049,-4.803387583578582,-23.103776141296237,-52.73771262401532,30.174323062594194,44.14080679636868,37.81046282203444,-34.75813887897952,69.01313578487829,62.322961761727825,-9.630485967422654,60.61222596316007,7.482254731164496,-15.689903955925782,11.358567151834166,-26.35564394492962,60.22562376530549,-6.797293379919353,-30.059067384100043,-47.71814633117315,28.7615262834231,7.354696253891819,-1.8465810910893552,64.35235166621884,-29.671404952842018,31.391179925660968,31.862274554299074,11.061359762370921,-33.26235662438546,-43.45783735383853,31.57027865161216,8.312995095822963,3.1075837997477542,8.21590064598021,-8.672736559413272,-6.466079707617691,-42.359092147454454,-48.67091282060738,3.799100162930712,-14.800172522918508,27.86356457344138,11.631051667970697,-31.072171109397942,-23.66915409283331,57.71898031390394,15.328170580069518,6.419064453391428,17.726797149528412,10.791440434733826,-28.91488669659983,19.318089301351307,-13.85375505628119,15.686997117295004,14.312480648188032
66.78482857816124,191.25575475582482,-22.50688543910023,-13.26868465921191,-65.8203469675805,-148.97155462447043,86.43576647671468,126.76527848010052,109.14956203555262,-98.59502804491656,196.30950916248983,177.7366116267269,-25.890028475158676,171.2784581937092,21.156844756805018,-45.65460559150782,33.65202147824274,-74.22460068634504,172.42426657501608,-17.493113163757062,-86.3043331826804,-136.23493891074577,80.04404209838495,19.406309476396203,-7.454273361533371,182.86738954708,-85.03548867416289,91.35134355507981,93.18887820113561,31.90195085860332,-97.03196737339934,-125.76208570069043,89.47724548946478,23.98950062921512,7.308848897013877,24.925270106203453,-22.624912088314414,-17.55978359697903,-120.29060774354926,-138.37089127615133,8.693184724871275,-45.34850077942093,78.7748220035837,35.3600575242081,-87.17521259262729,-67.14431748758442,163.28443235388883,44.868012246651816,18.842608680975843,51.591861538150035,29.53332891662522,-81.48889493812739,55.11029539283229,-39.87292859428674,46.55996261471491,41.02186894178306
-8.45052345483049,-22.50688543910023,3.2760752880385473,1.741925914394416,7.872882977664221,18.29300622960043,-10.162938076410045,-14.78557251788763,-12.522511048154248,11.952335846072303,-23.593540473861854,-21.190682063472114,3.672763731372612,-21.008461480829045,-2.590010302479435,5.104959619605149,-3.5437836900208577,9.198475488265535,-20.308521038973264,2.7895729440331882,10.073796977273751,16.18708704642859,-10.28005011976518,-2.897389864246047,0.07458692506316564,-22.046786704079,9.983300728924632,-10.211233502774695,-10.24646150305042,-3.67090808840273,10.760399373828996,14.314448223641902,-10.875150689212559,-2.7552059950931485,-1.4494145566737837,-2.4155194174079133,3.4820467279067797,2.421284014510776,14.53199951011922,16.657939006121218,-1.8332163465970606,4.238184618504249,-9.648013789036257,-3.401032873096879,10.928673277287517,8.13809439671861,-19.95964005183878,-4.920012485348766,-2.046958186609227,-5.765093855871214,-3.983426462954049,10.077406489544835,-6.563909063567767,4.6185961981302865,-4.872861229498913,-4.814693107817505
-4.803387583578582,-13.26868465921191,1.741925914394416,0.9724449431943091,4.60297734125077,10.554340749892834,-5.994097724154161,-8.75655347020227,-7.479772285380574,6.940783917072774,-13.76078548088535,-12.40978766924617,1.976219452974169,-12.12791317664547,-1.4966314536619942,3.0903774572407547,-2.214905082888218,5.282843030127482,-11.967305002826523,1.4238588952810094,5.963795182986415,9.496113426054814,-5.800679214386177,-1.522835826793811,0.2863011933396806,-12.83831405129502,5.89268283112129,-6.182637938206883,-6.258059682890633,-2.1892906053357075,6.542420255627744,8.58541136354217,-6.307008286601571,-1.6447940030011492,-0.6765644423355622,-1.5803443131357546,1.8053593234869247,1.320298082674224,8.453586886339464,9.707434770279571,-0.8361341465270143,2.8302045348361595,-5.573807357797087,-2.2345333219956975,6.240612492804335,4.726293755352267,-11.54223118382298,-3.009235358276426,-1.2582181979459737,-3.491193471354142,-2.195019527615833,5.793733081197249,-3.845964647882156,2.7450613774049506,-3.055795530884648,-2.842296566249213
-23.103776141296237,-65.8203469675805,7.872882977664221,4.60297734125077,22.67776309067864,51.42275331269584,-29.74493723084376,-43.599269567748486,-37.49833660568356,34.002227011876265,-67.65929044987216,-61.223441562229866,9.036866858863707,-59.11793150640379,-7.301397690080359,15.657675716529942,-11.49686922157517,25.63828435279954,-59.34304660493836,6.168372786754562,29.684813485116095,46.916452849526756,-27.721388347633972,-6.802954796414303,2.4026940606666782,-63.04032367347583,29.260049944164866,-31.32916894298812,-31.924880985362222,-10.962106204141778,33.259963174894075,43.18249869150301,-30.863477747612574,-8.242208210590405,-2.634796411189035,-8.47310319017751,7.952424266486049,6.115061775187453,41.47412626292225,47.69606325315262,-3.15595607447283,15.383976668584346,-27.18681994167244,-12.01501331754995,30.136998679825684,23.155553771278665,-56.344928267477016,-15.36824465998769,-6.450109872922153,-17.69315291123885,-10.266782854039233,28.143115864433813,-18.982054980953,13.707197917349134,-15.90066339981033,-14.115031732915376
-52.73771262401532,-148.97155462447043,18.29300622960043,10.554340749892834,51.42275331269584,116.96148586785621,-67.31526436938383,-98.57865939203359,-84.62671831313342,77.22165847797648,-153.5054690541162,-138.7749841848537,20.926454542056796,-134.44642160501013,-16.60115231647208,35.2359029387589,-25.706306976160313,58.377740023844005,-134.3250365559668,14.51344827434047,67.1233757128864,106.30341808730654,-63.39249383451872,-15.861209249631527,4.831395438412694,-143.07787095287702,66.20650910218048,-70.50015346735871,-71.71157134527358,-24.747678216014418,74.77993261537333,97.36840900256588,-70.11460998324068,-18.60328736928087,-6.408688606741296,-18.785839211921928,18.618239976366766,14.108558162815449,94.1528371437,108.23369608792373,-7.755275402477558,33.98845972513838,-61.8175987488989,-26.619213979491942,68.715553434858,52.586912672467896,-128.0884660345624,-34.511015075448306,-14.469750495314086,-39.81367863146587,-23.62084430127046,64.06526207783482,-43.02151104123054,30.968168257392414,-35.529763043654974,-31.936979018699358
30.174323062594194,86.43576647671468,-10.162938076410045,-5.994097724154161,-29.74493723084376,-67.31526436938383,39.06374269044877,57.291914247723675,49.333358598174975,-44.553948511117994,88.71286671960895,80.32210439822646,-11.691937064663326,77.39534638159209,9.560186736986541,-20.63681136519555,15.214466075540074,-33.538431340047595,77.9248691996825,-7.89557712773881,-39.0053628253341,-61.56759085889609,36.16292247974932,8.761882285161278,-3.380104546635086,82.6373689910387,-38.431104415257636,41.292699567306435,42.125680680966475,14.418877268408263,-43.86165939268413,-56.84346452827858,40.43334118374515,10.842714974880064,3.2948926850523055,11.271914952907109,-10.213592946474245,-7.930977723752188,-54.35863030380225,-62.52982666154847,3.91744301587729,-20.51009105825072,35.59605220220081,15.991204098612565,-39.38842239237343,-30.341765974178884,73.7840445949106,20.28261340764582,8.518078191673155,23.320624479750304,13.340132528803272,-36.82111746346995,24.90533914192257,-18.021148793323928,21.05070340689319,18.53952285815166
44.14080679636868,126.76527848010052,-14.78557251788763,-8.75655347020227,-43.599269567748486,-98.57865939203359,57.291914247723675,84.04848523792947,72.412708811293,-65.27563649654064,130.0113652900466,117.74688153561361,-17.028254249712017,113.34477095865414,14.001761171785581,-30.316469892871883,22.39240420484597,-49.0987928699325,114.27997841961364,-11.440630394676969,-57.22028867028548,-90.26456270575389,52.87245112356957,12.733440548298919,-5.109713102254361,121.09446893819431,-56.36691613740297,60.66160258696103,61.91763098918355,21.16231827461248,-64.45186989226019,-83.45787775802295,59.23322452576673,15.914641163900258,4.720257501996746,16.629563832209925,-14.823365929161609,-11.564019944690214,-79.64997659662173,-91.63405105168835,5.5913114693479615,-30.28847132959684,52.13279318497476,23.59687160401162,-57.6391192185681,-44.45378389722998,108.06902816110646,29.814562545016315,12.524857180484137,34.25983337089452,19.467905151109676,-53.90855807712516,36.5108335745749,-26.443522430016184,30.987815831989217,27.192180353871557
37.81046282203444,109.14956203555262,-12.522511048154248,-7.479772285380574,-37.49833660568356,-84.62671831313342,49.333358598174975,72.412708811293,62.457002857933574,-56.088570187909475,111.78117135091419,101.29314506261476,-14.454015677854533,97.31085679624711,12.022719525706991,-26.192487364977776,19.418971548657098,-42.12183394031567,98.39336518645001,-9.608009644943609,-49.29616305317764,-77.66961585878339,45.23930764723351,10.760125906683426,-4.666235147781451,104.09173512882009,-48.54183886306427,52.410873732672925,53.552484196862245,18.249198000769514,-55.71406688038674,-72.02144833399231,50.8872251602635,13.725634813336917,3.8685848623348225,14.490611637584903,-12.491252978543864,-9.839178768122476,-68.45659439760247,-78.77589903251405,4.545222121593239,-26.444309765228883,44.762760469455834,20.570235682808175,-49.40688857409098,-38.19776210269659,92.80415445182878,25.791009826262798,10.840969281790315,29.600674569914922,16.59386557364986,-46.25521635022282,31.411080312959758,-22.7932873070603,26.883024391045996,23.41769909049766
-34.75813887897952,-98.59502804491656,11.952335846072303,6.940783917072774,34.002227011876265,77.22165847797648,-44.553948511117994,-65.27563649654064,-56.088570187909475,51.02207886925444,-101.47448254971279,-91.77884097119298,13.69555626864111,-88.77152599565073,-10.962516715967306,23.386373550481004,-17.11599185935934,38.52232201225452,-88.89691990906968,9.425347730801176,44.44518400526583,70.31743597924854,-41.74337346393082,-10.346155987287416,3.3954345982808136,-94.56444906413788,43.82384142142982,-46.792508875406895,-47.638916963535706,-16.399460059249108,49.65444670655069,64.56174186483203,-46.31935359150151,-12.329121326794654,-4.096299560835273,-12.560849149025268,12.120225320959433,9.250053519868818,62.221275897624224,71.54093396456815,-4.93302222665653,22.765585781557043,-40.82013350933055,-17.80491716028859,45.313449543351346,34.745696155686396,-84.59029569105613,-22.92938216097432,-9.618641304636036,-26.425616015364195,-15.507934133243703,42.280529802161176,-28.453937015141875,20.51391328922192,-23.664417789439398,-21.14025730709562
69.01313578487829,196.30950916248983,-23.593540473861854,-13.76078548088535,-67.65929044987216,-153.5054690541162,88.71286671960895,130.0113652900466,111.78117135091419,-101.47448254971279,201.88247147218266,182.64851364579005,-27.06495433567501,176.47267753365264,21.794516367361105,-46.65115264200917,34.21481877879506,-76.5494960022169,176.99431037461983,-18.528439596759576,-88.5201981189472,-139.9563563600933,82.8337574888127,20.400212024192136,-7.021997331217857,188.11268086534125,-87.26394121746166,93.3426902304839,95.08686809516733,32.67962652771646,-99.07986831350952,-128.704860673892,92.11247331808116,24.570192873907285,7.963988819789974,25.178045571958332,-23.865275971169783,-18.301989272849926,-123.76415159188686,-142.32082657606549,9.558083843923944,-45.68565998845055,81.15258512473315,35.69849208120702,-90.00395493099583,-69.10402112023931,168.18267496474093,45.77134900251953,19.206891632089935,52.71506550077181,30.711952439618063,-84.02461778860453,56.62811882218702,-40.868813611537846,47.31494063080698,42.09584442678003
62.322961761727825,177.7366116267269,-21.190682063472114,-12.40978766924617,-61.223441562229866,-138.7749841848537,80.32210439822646,117.74688153561361,101.29314506261476,-91.77884097119298,182.64851364579005,165.29336599530285,-24.334049000462553,159.5446675236296,19.705250282463265,-42.310264880015424,31.090986802409212,-69.18099321736106,160.24399467411567,-16.57663425406937,-80.16771271300424,-126.67288290976717,74.76277403505365,18.303214675634216,-6.575949463103129,170.17193774404046,-79.01430847188382,84.65809854298189,86.28649630873863,29.610450831060454,-89.88493690538026,-116.6600254907705,83.30371239043829,22.26406327351717,7.05023315417256,22.936754196131016,-21.384462209116595,-16.473908155515335,-111.95246565405652,-128.7539592511716,8.433422874739453,-41.662079362973465,73.37195490775923,32.52778568873435,-81.30644318185837,-62.50172193285853,152.0683916600084,41.5388258286121,17.436077828511262,47.81095590488802,27.668122892482927,-75.94233404877048,51.24915453262633,-37.02221124835435,43.003369457434246,38.116611779879264
-9.630485967422654,-25.890028475158676,3.672763731372612,1.976219452974169,9.036866858863707,20.926454542056796,-11.691937064663326,-17.028254249712017,-14.454015677854533,13.69555626864111,-27.06495433567501,-24.334049000462553,4.129330470012269,-24.036319433899624,-2.964048155089978,5.913197910682581,-4.140042845295783,10.510359318068657,-23.358583526359727,3.097345253012221,11.600595036792088,18.596598096666977,-11.69402982892406,-3.239341187167609,0.20829228364265603,-25.280340610595005,11.487535182721592,-11.828402155516587,-11.89653303929873,-4.235431109877531,12.478324278596599,16.540154342535494,-12.457124515533215,-3.1796956929249616,-1.5773212099629217,-2.857573334520262,3.8803918715572956,2.7311207118002208,16.65890912747652,19.104687207237397,-1.9851346886555838,5.0428877001761485,-11.040583178135876,-4.028296196287748,12.469174253416279,9.325275913188321,-22.846300770747956,-5.714551179712837,-2.3806571607856744,-6.678450013416154,-4.50469698193265,11.517780096626307,-7.538561425390668,5.324169018648541,-5.697840474565773,-5.540355133791289
60.61222596316007,171.2784581937092,-21.008461480829045,-12.12791317664547,-59.11793150640379,-134.44642160501013,77.39534638159209,113.34477095865414,97.31085679624711,-88.77152599565073,176.47267753365264,159.5446675236296,-24.036319433899624,154.54614456632106,19.08322374685744,-40.52225406429303,29.57132219691954,-67.10163190941537,154.438168472087,-16.659048888183122,-77.17747414277214,-122.21535430013571,72.85234115107359,18.213113784879628,-5.585201382867122,164.48232973805233,-76.12110512996439,81.07718852047235,82.47683497183905,28.45654154409539,-86.00232935138581,-111.96661780331195,80.60045540607777,21.39148278731498,7.346013072946878,21.618363097231786,-21.37513947144246,-16.20777260603578,-108.23694431737307,-124.42633623141776,8.885908443050672,-39.11941400276168,71.05982161639325,30.633928180935722,-78.97963038434307,-60.45229723251224,147.24020960339524,39.692317556079985,16.642885812489745,45.78696483275857,27.13861947014225,-73.63992677034533,49.460537903904765,-35.60817672281517,40.872881513425384,36.71967734084456
7.482254731164496,21.156844756805018,-2.590010302479435,-1.4966314536619942,-7.301397690080359,-16.60115231647208,9.560186736986541,14.001761171785581,12.022719525706991,-10.962516715967306,21.794516367361105,19.705250282463265,-2.964048155089978,19.08322374685744,2.3564281970537415,-5.00759421988009,3.6560883364392125,-8.284880435768793,19.076576526524068,-2.0519347073001706,-9.533840180070815,-15.09517419006529,8.992085945076287,2.2448718184545013,-0.6963257023205711,20.313150439850062,-9.402892066300625,10.01922184705543,10.193549968167247,3.5157143941410336,-10.628543822866403,-13.83433123772188,9.95324989141989,2.6428751854240926,0.9026720949000652,2.674488211166747,-2.6337716893310508,-1.9992128642632658,-13.366719672650342,-15.366502922099551,1.0911336000478278,-4.840944111032053,8.774495316907155,3.7900961300202485,-9.750440756138431,-7.465362493898226,18.181616797175327,4.905818423295465,2.057143883596981,5.658218554419468,3.348191305780276,-9.09234260664178,6.108879898817516,-4.399067449565049,5.053587423783301,4.535826151752513
-15.689903955925782,-45.65460559150782,5.104959619605149,3.0903774572407547,15.657675716529942,35.2359029387589,-20.63681136519555,-30.316469892871883,-26.192487364977776,23.386373550481004,-46.65115264200917,-42.310264880015424,5.913197910682581,-40.52225406429303,-5.00759421988009,11.012408137862186,-8.210704936047515,17.52029045771528,-41.15187501226858,3.863980463309415,20.636809939280536,32.454467055835025,-18.74029040521775,-4.370804992664685,2.121779370813847,-43.42741203141421,20.308853027596317,-22.03635521582343,-22.55218477048218,-7.650854513384346,23.44327196516339,30.22755470019074,-21.21170011680325,-5.75545360968262,-1.4932843704493346,-6.170674882787647,5.0512111330400185,4.0403642779734685,28.55396909620864,32.870662845550825,-1.7295514289876392,11.293669940530926,-18.643125212182042,-8.765061579479022,20.523787909017514,15.927085973097608,-38.660063302962726,-10.864049564467225,-4.570611050021789,-12.446141974702012,-6.833240188062467,19.244134346562376,-13.12183133094146,9.549566363746417,-11.372914817572658,-9.797744389430605
11.358567151834166,33.65202147824274,-3.5437836900208577,-2.214905082888218,-11.49686922157517,-25.706306976160313,15.214466075540074,22.39240420484597,19.418971548657098,-17.11599185935934,34.21481877879506,31.090986802409212,-4.140042845295783,29.57132219691954,3.6560883364392125,-8.210704936047515,6.197492850801588,-12.752285747038156,30.32688243890277,-2.592916485351882,-15.24018189352409,-23.868067917125387,13.513033494240737,3.00747146978936,-1.8442029461616434,31.826340574339405,-14.977909779304506,16.431178612575046,16.874594812519266,5.668532587268965,-17.509880092816044,-22.450133291875694,15.514513247183553,4.266039401309896,0.894937326161523,4.729146679722103,-3.4371014631232226,-2.8542598689781538,-20.91575836835911,-24.09820333920482,0.9919690670045015,-8.708077085346309,13.609929756384123,6.7261306496097095,-14.894178800080981,-11.657256147227717,28.23643452336353,8.133605120028063,3.428504515850964,9.280974151518668,4.859431642985995,-14.014533294532754,9.644674616148828,-7.06470868979643,8.594663653231363,7.226367282077882
-26.35564394492962,-74.22460068634504,9.198475488265535,5.282843030127482,25.63828435279954,58.377740023844005,-33.538431340047595,-49.0987928699325,-42.12183394031567,38.52232201225452,-76.5494960022169,-69.18099321736106,10.510359318068657,-67.10163190941537,-8.284880435768793,17.52029045771528,-12.752285747038156,29.14865821841106,-66.92931933893573,7.329177230194876,33.43300119123795,52.98610984218723,-31.700317445888825,-7.984911621276258,2.299717508449267,-71.35868142331223,32.98403753676794,-35.054279560309794,-35.63363663149417,-12.319279223541985,37.17068567858325,48.44853962825144,-34.98066443602857,-9.25995734960155,-3.2720708077557537,-9.290686365965154,9.386240164920366,7.077039518023681,46.96180793404429,53.97730712341662,-3.9725588838444312,16.78751050487484,-30.851048235645333,-13.161094214105079,34.32705067862776,26.232947918168545,-63.919362070857055,-17.14674108906105,-7.186680062361983,-19.795983141826344,-11.837028786070125,31.98562525442875,-21.44587170541787,15.419839599343563,-17.6213991087316,-15.910798604128713
60.22562376530549,172.42426657501608,-20.308521038973264,-11.967305002826523,-59.34304660493836,-134.3250365559668,77.9248691996825,114.27997841961364,98.39336518645001,-88.89691990906968,176.99431037461983,160.24399467411567,-23.358583526359727,154.438168472087,19.076576526524068,-41.15187501226858,30.32688243890277,-66.92931933893573,155.44764343214217,-15.791363688496762,-77.80418985853566,-122.8252872898613,72.18712081756001,17.513030569393308,-6.697661858068612,164.87672347235457,-76.66197756045959,82.34148397436947,83.99294092922241,28.75849466297573,-87.45940549939054,-113.36549997223197,80.67684636146977,21.625477699269656,6.60577043746663,22.456362274644622,-20.420371661190117,-15.84090462566883,-108.45699087378478,-124.75702361495841,7.860110478858752,-40.852395790355445,71.0290873559112,31.85704213207196,-78.61061682005608,-60.53981309737914,147.22811096958756,40.44012987542842,16.98250822095038,46.503457537510265,26.639789807640856,-73.47914399580222,49.68617871812422,-35.94507747656352,41.95840743658199,36.982382772316726
-6.797293379919353,-17.493113163757062,2.7895729440331882,1.4238588952810094,6.168372786754562,14.51344827434047,-7.89557712773881,-11.440630394676969,-9.608009644943609,9.425347730801176,-18.528439596759576,-16.57663425406937,3.097345253012221,-16.659048888183122,-2.0519347073001706,3.863980463309415,-2.592916485351882,7.329177230194876,-15.791363688496762,2.4515874422551605,7.797712146575235,12.641258370436796,-8.323668980151938,-2.4899170914893145,-0.2532360741191473,-17.339862942550237,7.750187872295041,-7.7275486361419015,-7.68473813200069,-2.8208612801445185,8.108110403744046,10.937544939966859,-8.586500933001286,-2.1151184217842416,-1.3550230507337726,-1.6766882826692489,3.0241416131425174,2.019506828777542,11.440630925979775,13.092312144991492,-1.738986067960176,2.868170657738527,-7.645255190000367,-2.3486809584614607,8.753889518022806,6.4169351316143235,-15.801946557921964,-3.6844145164082884,-1.5248824100850256,-4.362109875455686,-3.2930144426955965,8.02166158152764,-5.1321448598296895,3.5612095621287656,-3.552264878615382,-3.737199893808791
-30.059067384100043,-86.3043331826804,10.073796977273751,5.963795182986415,29.684813485116095,67.1233757128864,-39.0053628253341,-57.22028867028548,-49.29616305317764,44.44518400526583,-88.5201981189472,-80.16771271300424,11.600595036792088,-77.17747414277214,-9.533840180070815,20.636809939280536,-15.24018189352409,33.43300119123795,-77.80418985853566,7.797712146575235,38.955790174398714,61.4557779715301,-36.006814118763224,-8.676378346620949,3.4692119274327218,-82.44981641212618,38.375473731648675,-41.29318695688957,-42.1461828169182,-14.406711694676178,43.87225716817981,56.81404170050585,-40.33129342962591,-10.834225246647675,-3.2207206529361265,-11.31562480765071,10.101804099159821,7.877196166718804,54.23187800731518,62.39083793767082,-3.8163387457485096,20.607878054090676,-35.49758546316119,-16.056103276311227,39.24987719604629,30.267844139124637,-73.58441308836645,-20.293995189087337,-8.525141001462496,-23.321063224002746,-13.260171014510574,36.70780039018556,-24.8582718766814,18.002262816300235,-21.089915204019242,-18.51283890106187
-47.71814633117315,-136.23493891074577,16.18708704642859,9.496113426054814,46.916452849526756,106.30341808730654,-61.56759085889609,-90.26456270575389,-77.66961585878339,70.31743597924854,-139.9563563600933,-126.67288290976717,18.596598096666977,-122.21535430013571,-15.09517419006529,32.454467055835025,-23.868067917125387,52.98610984218723,-122.8252872898613,12.641258370436796,61.4557779715301,97.08091757523653,-57.229407311699795,-13.975058652565323,5.111514174156131,-130.38996506974965,60.56648530064475,-64.93806118943154,-66.20225351199751,-22.703753940893833,68.95499195334497,89.4627507210137,-63.82162700805854,-17.07139336781363,-5.351829219649045,-17.62683403929229,16.318613234685742,12.595814872791074,85.77815346320789,98.65663448844093,-6.392483234235049,32.03118270710274,-56.206085262183464,-24.999804621871956,62.262002098797154,47.886564019611086,-116.49437009908199,-31.87133786026855,-13.379824806686516,-36.67415434371588,-21.162617716596255,58.16653383682084,-39.27547483210606,28.383995727497577,-33.01571721110448,-29.21747452135312
28.7615262834231,80.04404209838495,-10.28005011976518,-5.800679214386177,-27.721388347633972,-63.39249383451872,36.16292247974932,52.87245112356957,45.23930764723351,-41.74337346393082,82.8337574888127,74.76277403505365,-11.69402982892406,72.85234115107359,8.992085945076287,-18.74029040521775,13.513033494240737,-31.700317445888825,72.18712081756001,-8.323668980151938,-36.006814118763224,-57.229407311699795,34.68004324594199,8.963576490681715,-2.019053607408277,77.25613005574861,-35.55646835243223,37.49312604108782,38.013907986121076,13.237340886049621,-39.706925230978555,-51.96834793585177,37.921685266216635,9.946947496582231,3.867013361490247,9.721699678584493,-10.592876907775677,-7.835783313635398,-50.859728120939444,-58.42428843667386,4.749356664730982,-17.472868725050706,33.48682566840701,13.756468799119475,-37.403138411543715,-28.42557490718072,69.35840910148774,18.284401353345828,7.652251588187774,21.172268767581475,13.056866917558478,-34.77363811561438,23.172370887165183,-16.586705754229193,18.654721395187078,17.15092159469939
7.354696253891819,19.406309476396203,-2.897389864246047,-1.522835826793811,-6.802954796414303,-15.861209249631527,8.761882285161278,12.733440548298919,10.760125906683426,-10.346155987287416,20.400212024192136,18.303214675634216,-3.239341187167609,18.213113784879628,2.2448718184545013,-4.370804992664685,3.00747146978936,-7.984911621276258,17.513030569393308,-2.4899170914893145,-8.676378346620949,-13.975058652565323,8.963576490681715,2.5694733551569633,0.028576861796188163,19.07060366398485,-8.605198443399498,8.742163295427522,8.75154398657187,3.1555964257364844,-9.201857045559592,-12.286250065882804,9.41695289640523,2.3677419470647,1.3178787061562258,2.0227349620046353,-3.097243615921553,-2.1288851694331616,-12.573448740031687,-14.406342012434237,1.674453975087831,-3.527214625279635,8.36257269007985,2.844603507456547,-9.500633050621648,-7.044367640129453,17.296170854938335,4.200650394265192,1.7452378692786215,4.935547271444873,3.493504022723823,-8.745664784985683,5.6687001291109995,-3.9740350611573545,4.131354051104671,4.149921611576113
-1.8465810910893552,-7.454273361533371,0.07458692506316564,0.2863011933396806,2.4026940606666782,4.831395438412694,-3.380104546635086,-5.109713102254361,-4.666235147781451,3.3954345982808136,-7.021997331217857,-6.575949463103129,0.20829228364265603,-5.585201382867122,-0.6963257023205711,2.121779370813847,-1.8442029461616434,2.299717508449267,-6.697661858068612,-0.2532360741191473,3.4692119274327218,5.111514174156131,-2.019053607408277,0.028576861796188163,1.3172075063487434,-6.453176463732525,3.344521590859845,-4.249849083427194,-4.55300401888271,-1.3499449753364152,4.6238893019270915,5.522229258144488,-3.0454549889309495,-1.0218081825251406,0.4689532102660273,-1.6336421143236581,-0.16651064266325738,0.23049548811777223,4.207077563566692,4.9139915823893965,0.6975455996694346,3.1724913985732175,-2.586979940823871,-2.350480880365869,2.5407464545354466,2.3143553406620816,-5.411882916204755,-2.2092904913709774,-0.9524032567269921,-2.402509944903006,-0.5013281569432892,2.552064141502599,-2.0474589610070932,1.648266445751922,-2.5902235174942234,-1.6151402280506297
64.35235166621884,182.86738954708,-22.046786704079,-12.83831405129502,-63.04032367347583,-143.07787095287702,82.6373689910387,121.09446893819431,104.09173512882009,-94.56444906413788,188.11268086534125,170.17193774404046,-25.280340610595005,164.48232973805233,20.313150439850062,-43.42741203141421,31.826340574339405,-71.35868142331223,164.87672347235457,-17.339862942550237,-82.44981641212618,-130.38996506974965,77.25613005574861,19.07060366398485,-6.453176463732525,175.28961356155688,-81.28602921999568,86.89204478740363,88.49694659427276,30.43278557037747,-92.22329233025798,-119.83871789620328,85.84303339556682,22.880330320623756,7.483271039018557,23.39724661412386,-22.320974093663377,-17.087681044498765,-115.33076253106853,-132.61659482439666,8.992429110605972,-42.43695170536522,75.63715726127101,33.170733592341016,-83.91446215885661,-64.39812222104308,156.74812790303798,42.597723971566374,17.873031645458056,49.07187636882435,28.66466833806156,-78.32458958672152,52.75917121458545,-38.062284496169205,44.00862154108814,39.211972042267135
-29.671404952842018,-85.03548867416289,9.983300728924632,5.89268283112129,29.260049944164866,66.20650910218048,-38.431104415257636,-56.36691613740297,-48.54183886306427,43.82384142142982,-87.26394121746166,-79.01430847188382,11.487535182721592,-76.12110512996439,-9.402892066300625,20.308853027596317,-14.977909779304506,32.98403753676794,-76.66197756045959,7.750187872295041,38.375473731648675,60.56648530064475,-35.55646835243223,-8.605198443399498,3.344521590859845,-81.28602921999568,37.809097532735244,-40.63661957397333,-41.460447668367365,-14.187264635415302,43.16681570448975,55.934206561489646,-39.770061610356166,-10.66870034553076,-3.2274593684741157,-11.101715568741517,10.02853580687317,7.793982098124775,53.469075219112234,61.507927960443475,-3.8346163796917128,20.204062623254753,-35.01037877297675,-15.75027703414011,38.734325491178055,29.844568094715857,-72.57092635166461,-19.962598243244702,-8.384157029775716,-22.950104775963215,-13.111864358388262,36.21292425132264,-24.500008440975524,17.730878500239065,-20.724180654932443,-18.239490084311186
31.391179925660968,91.35134355507981,-10.211233502774695,-6.182637938206883,-31.32916894298812,-70.50015346735871,41.292699567306435,60.66160258696103,52.410873732672925,-46.792508875406895,93.3426902304839,84.65809854298189,-11.828402155516587,81.07718852047235,10.01922184705543,-22.03635521582343,16.431178612575046,-35.054279560309794,82.34148397436947,-7.7275486361419015,-41.29318695688957,-64.93806118943154,37.49312604108782,8.742163295427522,-4.249849083427194,86.89204478740363,-40.63661957397333,44.095944143112625,45.12909251194451,15.309189675069943,-46.9117268868118,-60.485681540964315,42.441118461906306,11.516624026415409,2.9848168928977037,12.349924915176938,-10.102628388654256,-8.082468528769406,-57.132376887514226,-65.76973592408211,3.456311436836373,-22.60368583871143,37.301451958461364,17.542259005457073,-41.06291994772753,-31.867587627068918,77.35175067969492,21.739995572114296,9.14636381436526,24.90534508114664,13.67000267850606,-38.50333394644593,26.2553863358455,-19.108165532401323,22.759636763156607,19.60461448698636
31.862274554299074,93.18887820113561,-10.24646150305042,-6.258059682890633,-31.924880985362222,-71.71157134527358,42.125680680966475,61.91763098918355,53.552484196862245,-47.638916963535706,95.08686809516733,86.28649630873863,-11.89653303929873,82.47683497183905,10.193549968167247,-22.55218477048218,16.874594812519266,-35.63363663149417,83.99294092922241,-7.68473813200069,-42.1461828169182,-66.20225351199751,38.013907986121076,8.75154398657187,-4.55300401888271,88.49694659427276,-41.460447668367365,45.12909251194451,46.23212208248968,15.63971656496036,-48.03387761293511,-61.833944996696246,43.201123701019675,11.766696909511587,2.8850513561601803,12.73875807872137,-10.083574164743778,-8.148792291998197,-58.17958840222847,-66.99115413044966,3.3061070971649644,-23.35624059684459,37.949315430551714,18.10124850806026,-41.707223387925175,-32.44444315120972,78.70579406664513,22.27491606776768,9.376564272363984,25.48933908388947,13.807207857385487,-39.14551519404663,26.76222036423674,-19.512447472139332,23.381881767751803,20.002421098891237
11.061359762370921,31.90195085860332,-3.67090808840273,-2.1892906053357075,-10.962106204141778,-24.747678216014418,14.418877268408263,21.16231827461248,18.249198000769514,-16.399460059249108,32.67962652771646,29.610450831060454,-4.235431109877531,28.45654154409539,3.5157143941410336,-7.650854513384346,5.668532587268965,-12.319279223541985,28.75849466297573,-2.8208612801445185,-14.406711694676178,-22.703753940893833,13.237340886049621,3.1555964257364844,-1.3499449753364152,30.43278557037747,-14.187264635415302,15.309189675069943,15.63971656496036,5.332392830246525,-16.27257194034284,-21.041833796562518,14.879163879200261,4.0105103594643,1.1408879325764871,4.22630173281828,-3.665100701112318,-2.881925911721474,-20.01480274921972,-23.030876688764266,1.3424899834827488,-7.710066542859105,13.089674704907724,5.999072164726299,-14.45210691853296,-11.168438258836577,27.13744740658993,7.531913842351705,3.1656201471828394,8.646325206013595,4.8588113119418885,-13.52780962818924,9.182100639288567,-6.660725382941159,7.846800152924599,6.844240732640922
-33.26235662438546,-97.03196737339934,10.760399373828996,6.542420255627744,33.259963174894075,74.77993261537333,-43.86165939268413,-64.45186989226019,-55.71406688038674,49.65444670655069,-99.07986831350952,-89.88493690538026,12.478324278596599,-86.00232935138581,-10.628543822866403,23.44327196516339,-17.509880092816044,37.17068567858325,-87.45940549939054,8.108110403744046,43.87225716817981,68.95499195334497,-39.706925230978555,-9.201857045559592,4.6238893019270915,-92.22329233025798,43.16681570448975,-46.9117268868118,-48.03387761293511,-16.27257194034284,49.91892657079242,64.3132986396609,-45.033040606921844,-12.24206107346187,-3.0898348548168193,-13.188697471180095,10.61877082512658,8.536538316025862,60.63366585937983,69.80837029444166,-3.560436712767491,24.159497136073504,-39.56934875264688,-18.7370632078956,43.52477251256022,33.81689779425389,-82.06001341804728,-23.141117083209974,-9.73843253355897,-26.49594094500052,-14.450593281525826,40.83092055555695,-27.877319129180314,20.30645531718681,-24.25784746741756,-20.825457814905786
-43.45783735383853,-125.76208570069043,14.314448223641902,8.58541136354217,43.18249869150301,97.36840900256588,-56.84346452827858,-83.45787775802295,-72.02144833399231,64.56174186483203,-128.704860673892,-116.6600254907705,16.540154342535494,-111.96661780331195,-13.83433123772188,30.22755470019074,-22.450133291875694,48.44853962825144,-113.36549997223197,10.937544939966859,56.81404170050585,89.4627507210137,-51.96834793585177,-12.286250065882804,5.522229258144488,-119.83871789620328,55.934206561489646,-60.485681540964315,-61.833944996696246,-21.041833796562518,64.3132986396609,83.07124880276335,-58.569485707719465,-15.827020856321177,-4.350363522198954,-16.7901590821776,14.243529563557813,11.272199021083283,78.80738262103583,90.69758576165681,-5.089823959566989,30.66864295575318,-51.50702462463296,-23.83906082406354,56.804918300399706,43.968469892000684,-106.79367446712972,-29.78175083552403,-12.521921197801328,-34.16146590060484,-19.02715365207825,53.20659651197459,-36.17758701649914,26.27569401283831,-31.08476367002681,-26.984187038258092
31.57027865161216,89.47724548946478,-10.875150689212559,-6.307008286601571,-30.863477747612574,-70.11460998324068,40.43334118374515,59.23322452576673,50.8872251602635,-46.31935359150151,92.11247331808116,83.30371239043829,-12.457124515533215,80.60045540607777,9.95324989141989,-21.21170011680325,15.514513247183553,-34.98066443602857,80.67684636146977,-8.586500933001286,-40.33129342962591,-63.82162700805854,37.921685266216635,9.41695289640523,-3.0454549889309495,85.84303339556682,-39.770061610356166,42.441118461906306,43.201123701019675,14.879163879200261,-45.033040606921844,-58.569485707719465,42.05135897193893,11.185901214759008,3.743881551770522,11.376016021397614,-11.03613388687885,-8.410573424420184,-56.48404944917905,-64.94178358830194,4.51315602081818,-20.61105399676601,37.06212778940293,16.124319239433003,-41.15301612089211,-31.543122601150685,76.80101478569911,20.79283053943946,8.72149566635207,23.968157541359457,14.096593348172561,-38.392442745517954,25.826104767886793,-18.613619835779907,21.448806108086583,19.184690090245674
8.312995095822963,23.98950062921512,-2.7552059950931485,-1.6447940030011492,-8.242208210590405,-18.60328736928087,10.842714974880064,15.914641163900258,13.725634813336917,-12.329121326794654,24.570192873907285,22.26406327351717,-3.1796956929249616,21.39148278731498,2.6428751854240926,-5.75545360968262,4.266039401309896,-9.25995734960155,21.625477699269656,-2.1151184217842416,-10.834225246647675,-17.07139336781363,9.946947496582231,2.3677419470647,-1.0218081825251406,22.880330320623756,-10.66870034553076,11.516624026415409,11.766696909511587,4.0105103594643,-12.24206107346187,-15.827020856321177,11.185901214759008,3.0163914929872373,0.8530390457151575,3.1824291858167095,-2.7492292584874907,-2.164149069025559,-15.047576227915034,-17.31559536342763,1.0027681225395957,-5.806926677333575,9.839993017344685,4.517459046225616,-10.862069538855529,-8.396424910692955,20.400493955940906,5.666780111111131,2.381891017831461,6.504340249544086,3.649460070098476,-10.168496786746898,6.904083726338156,-5.009231930668419,5.905671745379549,5.1468180285508875
3.1075837997477542,7.308848897013877,-1.4494145566737837,-0.6765644423355622,-2.634796411189035,-6.408688606741296,3.2948926850523055,4.720257501996746,3.8685848623348225,-4.096299560835273,7.963988819789974,7.05023315417256,-1.5773212099629217,7.346013072946878,0.9026720949000652,-1.4932843704493346,0.894937326161523,-3.2720708077557537,6.60577043746663,-1.3550230507337726,-3.2207206529361265,-5.351829219649045,3.867013361490247,1.3178787061562258,0.4689532102660273,7.483271039018557,-3.2274593684741157,2.9848168928977037,2.8850513561601803,1.1408879325764871,-3.0898348548168193,-4.350363522198954,3.743881551770522,0.8530390457151575,0.8328077668257878,0.46636862085713143,-1.634315648766933,-1.0042902491654824,-4.950346331184165,-5.639641188409494,1.0931395826875212,-0.7013843222247226,3.365255156285601,0.6373627264524775,-3.9606106218160937,-2.7881171114240546,6.939043614227523,1.3764593474529565,0.5600064755835004,1.683958252191479,1.605665893020645,-3.572239319931205,2.179840020904285,-1.4545075809711785,1.2098875244063205,1.5556942177605124
8.21590064598021,24.925270106203453,-2.4155194174079133,-1.5803443131357546,-8.47310319017751,-18.785839211921928,11.271914952907109,16.629563832209925,14.490611637584903,-12.560849149025268,25.178045571958332,22.936754196131016,-2.857573334520262,21.618363097231786,2.674488211166747,-6.170674882787647,4.729146679722103,-9.290686365965154,22.456362274644622,-1.6766882826692489,-11.31562480765071,-17.62683403929229,9.721699678584493,2.0227349620046353,-1.6336421143236581,23.39724661412386,-11.101715568741517,12.349924915176938,12.73875807872137,4.22630173281828,-13.188697471180095,-16.7901590821776,11.376016021397614,3.1824291858167095,0.46636862085713143,3.675503728545445,-2.27241967108131,-1.995663208584831,-15.366447926777052,-17.724169789284538,0.4645029374154063,-6.81619329439831,9.95458448060619,5.235340805141585,-10.8083618740006,-8.555350368491261,20.665769354610447,6.1443746301157836,2.5962576516457267,6.976249277802629,3.4298176584297146,-10.217481959594604,7.117425049865791,-5.257046203441201,6.568110527689493,5.356666384384541
-8.672736559413272,-22.624912088314414,3.4820467279067797,1.8053593234869247,7.952424266486049,18.618239976366766,-10.213592946474245,-14.823365929161609,-12.491252978543864,12.120225320959433,-23.865275971169783,-21.384462209116595,3.8803918715572956,-21.37513947144246,-2.6337716893310508,5.0512111330400185,-3.4371014631232226,9.386240164920366,-20.420371661190117,3.0241416131425174,10.101804099159821,16.318613234685742,-10.592876907775677,-3.097243615921553,-0.16651064266325738,-22.320974093663377,10.02853580687317,-10.102628388654256,-10.083574164743778,-3.665100701112318,10.61877082512658,14.243529563557813,-11.03613388687885,-2.7492292584874907,-1.634315648766933,-2.27241967108131,3.7468937313189876,2.540758905372577,14.721393797387345,16.857961580622572,-2.0866006798054544,3.9299307567721,-9.81228159812804,-3.1901766622572634,11.187545815098753,8.251952991245616,-20.28828547569716,-4.837499807779568,-2.006413950391342,-5.703207082230191,-4.157152578349323,10.277037053328723,-6.621959984369956,4.620689157856042,-4.715992045860407,-4.836105889696178
