V1,V2,V3,V4,V5,V6,V7,V8,V9,V10,V11,V12,V13,V14,V15,V16,V17,V18,V19,V20,V21,V22,V23,V24,V25,V26,V27,V28,V29,V30,V31,V32,V33,V34,V35,V36,V37,V38,V39,V40,V41,V42,V43,V44,V45,V46,V47,V48,V49,V50,V51,V52,V53,V54,V55,V56
9.932390123716504,-0.8061426047355611,-9.865628136933374,14.328427255225693,-14.88990951851582,31.88723903666953,17.944340692833205,-3.5174583377830366,-11.909774892295239,-19.98275863340237,-7.863232485842704,8.40724201320204,-7.72221466216489,18.63692365890906,-11.276042184676156,-17.792944569560802,2.5979027436174507,10.429627816200446,8.493281280670846,6.9443065177159795,-2.635607221631643,-12.067064572544778,-5.484497716365667,-27.977644734376923,-9.660367467604743,-6.350486012216182,-13.925412079849536,8.8832619549858,16.345257594832592,-9.827783820515974,1.8679500278913237,-10.633723566919965,-5.603867735065939,-11.717108258692711,-12.216842679860926,-16.387546866530137,0.2640633628491605,-4.103701540844637,-3.728393118203722,-16.98326144763094,13.677441358215326,5.738533391598887,-2.8991170657532823,13.629990081835118,-12.500177756538243,19.961356032524556,-0.5849727382461393,-2.764946143041418,7.881511083057522,14.092399796770959,8.643578120353425,-14.357275782322546,5.733399783070815,4.668265102133248,-4.8222294048532435,-8.327289001731605
-0.8061426047355611,0.10706827347234629,0.8064465477536313,-1.2249900987838436,1.2582691423593613,-2.4690676857710536,-1.5237936100128746,0.4745913542538241,0.9429529919617761,1.6311764361601002,0.6358406049450148,-0.6931810641265185,0.6796900417808982,-1.5543278088721977,0.9204359819336139,1.4564248003807732,-0.17101632312461335,-0.9067237181284844,-0.6405292782236708,-0.44460730987921976,0.36313531624042505,0.9149735983150802,0.3422930720894985,2.14587353827078,0.7722275718984782,0.5219385578277272,1.1096673516621378,-0.6638889548933637,-1.3729029245745548,0.8356667772366575,-0.05284802232860568,0.9613773854349741,0.4601315542175072,0.955981615740869,1.0913476674661309,1.3402323220169554,-0.1244776527612843,0.3123613454402012,0.2519461703996797,1.3106262212344948,-1.0904230668664654,-0.3268921894394673,0.12693602155427422,-1.2330627379529817,1.0350193288335638,-1.695681343237818,-0.031915402879815716,0.2754295787521478,-0.6540440281389346,-1.2018714129155,-0.6651679480977092,1.175025994990315,-0.4316977692365966,-0.35613057685218097,0.510783048119608,0.6838933290368497
-9.865628136933374,0.8064465477536313,9.883789490459977,-14.431402405173445,14.893817156922246,-31.55572359154135,-17.985730105000567,3.934164497964008,11.727859016207905,19.960742055965646,7.81722415086173,-8.35114394780436,7.720407448339605,-18.57658782065733,11.215272690631325,17.681004303859666,-2.5020340673662234,-10.567701486500223,-8.388348403203329,-6.651672814869722,2.9720404125264634,11.84044415642983,5.260748679195662,27.477722767114265,9.604277897147668,6.295723618858147,13.776923125255113,-8.727074899345377,-16.436901217680337,9.827667799862322,-1.6298986643161657,10.850755426352105,5.538303821269445,11.612067612390417,12.347479646113165,16.364751993420807,-0.45228385434340923,4.134272288565691,3.486302983352319,16.69816850295178,-13.521139968357087,-5.431160221752254,2.6132245741653524,-13.826855681256232,12.49132615822768,-19.948360434734063,0.4109611796970094,2.8218478302405137,-7.901446250816362,-14.131182061091925,-8.463079166260055,14.3210696404324,-5.593718998537962,-4.607740382658334,5.027845923378138,8.25512087251689
14.328427255225693,-1.2249900987838436,-14.431402405173445,21.19744445743872,-21.775727819332687,45.593216755313634,26.33501926094289,-6.300623938247669,-16.920924896187,-29.094004691007054,-11.356291920827509,12.141926891498148,-11.31653651376012,27.08265421481747,-16.30717859866158,-25.69994914149796,3.5221121784260165,15.59116278222576,12.085872368638158,9.31709376725275,-4.785032911314925,-17.000383256582637,-7.364862138601532,-39.50254677331827,-13.942231347148718,-9.141321814738708,-19.93941991893141,12.52782249911868,24.09340739283125,-14.37258154594339,2.0644441219399505,-16.113520109373663,-8.02676411593964,-16.84901616852843,-18.226392209040142,-23.851696041079137,0.9353164971116849,-6.028172618660983,-4.824215688009021,-24.030539885329897,19.561124930806645,7.5022007842653835,-3.4474325212853216,20.469406604009347,-18.228147015029634,29.161328682675276,-0.3627304987716679,-4.220824287793004,11.55293876846316,20.702334483028014,12.147366092531923,-20.86066363666697,8.000829740328701,6.641192029278964,-7.639641845176014,-11.985442607370631
-14.88990951851582,1.2582691423593613,14.893817156922246,-21.775727819332687,22.494107528515524,-47.543755740623986,-27.158675069261736,5.980125227310333,17.711487768640264,30.096698766695525,11.793480574124162,-12.61520663874501,11.68954545887237,-28.05766718635885,16.927080141669947,26.695497522730303,-3.7623128198091433,-15.939364499526613,-12.626418820573932,-10.00162981300515,4.51675231740865,17.854424177255588,7.898510370278129,41.45068117714426,14.480123726995453,9.512907461302643,20.790946626960192,-13.146005944430922,-24.78545625068523,14.849006740250333,-2.43625317794035,16.378024880271493,8.37401490407456,17.540079161772518,18.6649099631885,24.678949213611354,-0.7231292549666667,6.198037401076381,5.284926656358231,25.19142731271129,-20.40911598642961,-8.146949232907668,3.9246660868615573,-20.89928682034453,18.847806129199288,-30.143510288594925,0.5972945628491051,4.285463681640263,-11.91489152240784,-21.341427797303417,-12.778063350163732,21.603465614011235,-8.442839889454332,-6.940917325300097,7.629091048219646,12.473169288871189
31.88723903666953,-2.4690676857710536,-31.55572359154135,45.593216755313634,-47.543755740623986,102.83331999904107,57.23245321637421,-10.252845779511663,-38.421986851160774,-63.992843038195915,-25.24246717293843,26.961229737059398,-24.588756201838375,59.64202212581263,-36.168743904342975,-57.08067832363203,8.54210540146003,33.0706113589417,27.45613072810099,22.910980526581945,-7.632964462966545,-39.08923817079952,-18.1096633347966,-90.53225296398941,-31.03514698248935,-20.3848055679875,-44.82805688887055,28.789079680908163,52.10791926009368,-31.369607932790423,6.534510301597547,-33.526526017159995,-18.01016270512441,-37.63519130903096,-38.6963009323309,-52.478444190662934,0.3414003576512016,-13.160324349355069,-12.367645573917532,-54.91204302686188,44.0410163104663,19.120914192806318,-9.920163628162296,43.06913222412068,-39.985263681166025,63.735098404643956,-2.2967029530775616,-8.648350469770476,25.17652908666103,44.92540599238664,27.995010057105702,-45.99413761740053,18.619117528207354,15.083532906236389,-14.873180635447548,-26.73208377504221
17.944340692833205,-1.5237936100128746,-17.985730105000567,26.33501926094289,-27.158675069261736,57.23245321637421,32.80693521434214,-7.417102899634252,-21.298481046888185,-36.31953696570256,-14.215363307520741,15.204483160630929,-14.115143488009283,33.84591124054925,-20.40642936981688,-32.17638661084253,4.4959217607513,19.304985912559324,15.190315575787814,11.934274648110664,-5.612042547819502,-21.447273453961312,-9.426838101940545,-49.805808267379845,-17.452847159456987,-11.459960940994284,-25.030031757737568,15.794764386491611,29.961206478733157,-17.92768988639651,2.828120021901748,-19.872407905277434,-10.080554116380746,-21.12754721602454,-22.596308196828435,-29.779885676861156,0.9647449920878253,-7.491778014773212,-6.270502511334804,-30.27810427252472,24.56593852707204,9.687024192841113,-4.603271152319717,25.324528063911295,-22.74861702975912,36.387643449781116,-0.637852592621459,-5.202823825803767,14.391832629492095,25.783118090635334,15.342772139579726,-26.061935484147398,10.127634571612495,8.349597436011203,-9.30977713800267,-15.025899941659995
-3.5174583377830366,0.4745913542538241,3.934164497964008,-6.300623938247669,5.980125227310333,-10.252845779511663,-7.417102899634252,4.156194809274061,3.6219246306882096,7.668720998395537,2.809458722601159,-3.0211616797169603,3.1871809047952055,-7.082613725925513,4.087899283613207,6.386566554735492,-0.3779873369588599,-4.956859734303538,-2.582468310143849,-0.7818937851171421,3.2630871224067124,3.304195883297433,0.6198332868860221,7.88162419397014,3.419201896330888,2.2143107758617533,4.580369231157975,-2.4477237212366254,-6.964940089021739,3.9537019895538457,0.8363299404556492,5.5739272701494045,1.866893993883215,4.038620946695937,5.765213661552524,6.2752696500841765,-1.4321396614279647,1.6612787750337181,0.050147305367569145,4.906315123819487,-4.449014790946312,-0.16509997539032983,-0.7108209964573786,-6.744934454467272,4.878041431742135,-7.960856561741273,-0.9415382957000293,1.5499406643572475,-3.2076152695417557,-5.87601496202125,-2.314534957637549,5.420669023058129,-1.399729703640457,-1.4210223371535964,3.3473291666724605,2.899822759706964
-11.909774892295239,0.9429529919617761,11.727859016207905,-16.920924896187,17.711487768640264,-38.421986851160774,-21.298481046888185,3.6219246306882096,14.410488962438343,23.824897562429108,9.421574812503058,-10.076108431506105,9.179023401798577,-22.253767296001104,13.501097506742978,21.321224529558005,-3.223697348010698,-12.236204150292405,-10.260389080652905,-8.665042298791148,2.682307694959622,14.66709613880732,6.838425353126118,33.96584949202063,11.577993108552192,7.626351316140802,16.77079009715936,-10.788696190559017,-19.343076088474927,11.69117689092502,-2.545711505053403,12.370789190472165,6.750228283948314,14.078742159370337,14.357739410616148,19.54298804509343,-0.050837964586713094,4.860583420417748,4.747002071730917,20.593367178724186,-16.484265037531422,-7.2542175794308275,3.8342859922260244,-15.952003714579545,14.89186811007394,-23.761829316763894,0.9341422031231669,3.20570009801912,-9.358842147958418,-16.717035452352263,-10.523407577481041,17.140574207063285,-7.007695505148453,-5.641247614877804,5.453215537072334,10.000942430150445
-19.98275863340237,1.6311764361601002,19.960742055965646,-29.094004691007054,30.096698766695525,-63.992843038195915,-36.31953696570256,7.668720998395537,23.824897562429108,40.35224540313703,15.828849435547362,-16.91533815704164,15.604810585361758,-37.58309368946269,22.706166980958223,35.80789901956168,-5.12099747417722,-21.261812922341797,-17.02195714456873,-13.639870643829749,5.7785337352124015,24.081754835248606,10.781950004544322,55.86869356296074,19.4467221908259,12.760650966588985,27.94255950838644,-17.74168047631728,-33.15391540817463,19.861361014566388,-3.454845408098225,21.78056977039284,11.237506183658114,23.538734993215574,24.86518014662253,33.08605297711815,-0.78758977034095,8.33243930897147,7.2110506805769985,33.93866506490262,-27.431131863429318,-11.182867633925023,5.474751606479816,-27.80983878536612,25.249406212406114,-40.32370552094238,0.9479657083824101,5.664994304794375,-15.953963616394637,-28.531710702576895,-17.22593393647612,28.9654838958781,-11.399327724908964,-9.35236990632576,10.0224631994839,16.73233734029112
-7.863232485842704,0.6358406049450148,7.81722415086173,-11.356291920827509,11.793480574124162,-25.24246717293843,-14.215363307520741,2.809458722601159,9.421574812503058,15.828849435547362,6.22587900776136,-6.655103103577207,6.114155675117177,-14.757107192145483,8.927897297659964,14.086056099997473,-2.0527084622114313,-8.27059385410275,-6.7231704456261925,-5.484720179054088,2.106665543648313,9.545149565875874,4.332978406419569,22.13105806435748,7.649447436593146,5.026044631999102,11.021116895692003,-7.028309419719532,-12.95423918970405,7.783463488912096,-1.4662572759190127,8.436444003579087,4.433692278082927,9.273557127543592,9.683169250395611,12.98041115303155,-0.21827087452387237,3.255202669421491,2.9365542927068358,13.435234660728169,-10.823931757535615,-4.5295413364811665,2.279759783241757,-10.806560501107583,9.90112592712678,-15.808127008360199,0.4539759861903323,2.191912914087832,-6.244864762624446,-11.1640697516419,-6.834915782476164,11.370805575507061,-4.5326327897430305,-3.694814494394,3.829855495124374,6.590575244982632
8.40724201320204,-0.6931810641265185,-8.35114394780436,12.141926891498148,-12.61520663874501,26.961229737059398,15.204483160630929,-3.0211616797169603,-10.076108431506105,-16.91533815704164,-6.655103103577207,7.119114295383248,-6.549653390672815,15.785244830072015,-9.545752090596805,-15.0639070503226,2.1895699478664037,8.841208556624231,7.176952306151261,5.850007653703376,-2.2653940246649316,-10.199143396686697,-4.617828231930374,-23.652932803726053,-8.173778881412497,-5.37721090254498,-11.782451760298402,7.505510318392354,13.844910872699787,-8.327797985457659,1.5581766840916023,-9.022901834165333,-4.745126355856446,-9.919553617985873,-10.364288353032011,-13.872730494312373,0.24803673831306625,-3.4673983518034017,-3.14542400678477,-14.359894543901051,11.5729113486888,4.824486510604712,-2.429020705959182,11.566541304539694,-10.585127054621708,16.914444284308054,-0.47656217978941684,-2.3527593499611155,6.674099855996917,11.941954837963586,7.308390228768842,-12.154449650203944,4.845516651689882,3.9458584147515943,-4.1099451670518805,-7.050918166525126
-7.72221466216489,0.6796900417808982,7.720407448339605,-11.31653651376012,11.68954545887237,-24.588756201838375,-14.115143488009283,3.1871809047952055,9.179023401798577,15.604810585361758,6.114155675117177,-6.549653390672815,6.09305401295587,-14.573103565419599,8.7808518494157,13.85230499616668,-1.931849689207492,-8.287659394890472,-6.52024139724288,-5.130259556441297,2.409555017844127,9.230047127495057,4.044935409688667,21.442444510776443,7.501033070341205,4.939004992948166,10.773920220026046,-6.788594054956759,-12.866765538416951,7.720281531489589,-1.218297121221347,8.533184320392962,4.348977024130115,9.102332392492752,9.727037563525316,12.797870105528276,-0.4262766796053736,3.1954298305232687,2.7268427446008614,13.035231347624276,-10.577335756623686,-4.157266147399638,1.9875354377350936,-10.89692657061404,9.781658985534387,-15.6722615273034,0.27242382822664424,2.24958170422448,-6.18225419169729,-11.094608536250774,-6.613876641806134,11.20502523040271,-4.365433664415915,-3.5872258640425785,4.0143655116289985,6.4756337010961635
18.63692365890906,-1.5543278088721977,-18.57658782065733,27.08265421481747,-28.05766718635885,59.64202212581263,33.84591124054925,-7.082613725925513,-22.253767296001104,-37.58309368946269,-14.757107192145483,15.785244830072015,-14.573103565419599,35.053569717750804,-21.173486275271774,-33.40283114791229,4.783157627671106,19.771666104178774,15.858629297863747,12.748524206722315,-5.33087940216784,-22.481181277007018,-10.065781485844646,-52.16309145569139,-18.12205811229723,-11.913260811105092,-26.07191763165126,16.548470010607236,30.85429449318291,-18.52166906600718,3.256148238748279,-20.2458946480906,-10.500035061823574,-21.971646042400796,-23.164172739052262,-30.820234691044984,0.7230770230802355,-7.722515776482139,-6.796522871710127,-31.684794861715964,25.600720419412173,10.451921665471753,-5.153376547908423,25.893776208209555,-23.526753222119293,37.609111294716364,-0.9055106981669954,-5.2876240167353625,14.85326405620537,26.58965354615853,16.09913922708292,-26.991153929139937,10.656052399908416,8.718231430757008,-9.324687739718533,-15.620945082531533
-11.276042184676156,0.9204359819336139,11.215272690631325,-16.30717859866158,16.927080141669947,-36.168743904342975,-20.40642936981688,4.087899283613207,13.501097506742978,22.706166980958223,8.927897297659964,-9.545752090596805,8.7808518494157,-21.173486275271774,12.804568985396502,20.202540516787415,-2.9318707151798464,-11.882284518078594,-9.629078656077725,-7.829522271540183,3.06794019038267,13.668036540917365,6.183980682368748,31.696387899631123,10.967521955744367,7.208181986227638,15.797758385654753,-10.0626603591251,-18.595613316043522,11.172443354068788,-2.0720048256187553,12.131618303020662,6.357735085389662,13.298214329058844,13.916104577696514,18.620424058924495,-0.3427971702215063,4.66666964031384,4.190498219347367,19.244609473908756,-15.51471334902224,-6.454700332101854,3.234696620075853,-15.53613032369211,14.20614007957908,-22.690163973946902,0.6269211063267688,3.157106558421603,-8.961649386364709,-16.02757732871996,-9.788243211455793,16.310829383098742,-6.488286119143726,-5.292478171615948,5.527474454618175,9.4518570696577
-17.792944569560802,1.4564248003807732,17.681004303859666,-25.69994914149796,26.695497522730303,-57.08067832363203,-32.17638661084253,6.386566554735492,21.321224529558005,35.80789901956168,14.086056099997473,-15.0639070503226,13.85230499616668,-33.40283114791229,20.202540516787415,31.87844994029189,-4.63693650389948,-18.715730132614787,-15.197568374540888,-12.388566792905083,4.789283855662764,21.588249696659155,9.782283170135138,50.061452688005126,17.302894293668157,11.37729948217755,24.936290165282173,-15.890354170947337,-29.308568046469144,17.621104754688076,-3.3019894718770275,19.097951981232576,10.038331624305949,20.989648494301065,21.928981250207855,29.36588603714297,-0.5160036102362011,7.349629657904223,6.649136451820551,30.392387432830375,-24.491651208858464,-10.221246068338624,5.143574292624851,-24.473616256425032,22.40409602642239,-35.7891031037224,1.0131385308508143,4.973085247807528,-14.128282146780197,-25.27131244309257,-15.465054396257388,25.726794584817977,-10.254034061246282,-8.354184420322687,8.689623930710678,14.91869402853788
2.5979027436174507,-0.17101632312461335,-2.5020340673662234,3.5221121784260165,-3.7623128198091433,8.54210540146003,4.4959217607513,-0.3779873369588599,-3.223697348010698,-5.12099747417722,-2.0527084622114313,2.1895699478664037,-1.931849689207492,4.783157627671106,-2.9318707151798464,-4.63693650389948,0.7811761728058287,2.4961294635660605,2.304038128107078,2.1303025951699293,-0.25583478986030667,-3.3369776813223364,-1.683464159577708,-7.694104918715941,-2.528953482572589,-1.666098006170231,-3.7073569140828044,2.4553679345789217,4.060901026852257,-2.4812568935894044,0.7677541064499205,-2.4476294496657514,-1.4856135167260853,-3.0834423288562527,-2.9264863492590747,-4.201665739526725,-0.18275698703882115,-1.0400092470705253,-1.2067353616583927,-4.647826951523472,3.65002180470691,1.8514477396091586,-1.0811584794898803,3.207498929514502,-3.1868894192762367,5.052221625935517,-0.3676786525103968,-0.6147084046120745,1.9859189623564797,3.5210216969699646,2.3979159686936353,-3.6945647472210097,1.6159226432913707,1.2654755083496396,-0.9539255235829085,-2.1854717443163243
10.429627816200446,-0.9067237181284844,-10.567701486500223,15.59116278222576,-15.939364499526613,33.0706113589417,19.304985912559324,-4.956859734303538,-12.236204150292405,-21.261812922341797,-8.27059385410275,8.841208556624231,-8.287659394890472,19.771666104178774,-11.882284518078594,-18.715730132614787,2.4961294635660605,11.516372375703089,8.749620108876265,6.571364549163442,-3.780359436445214,-12.251553333469205,-5.197657753534737,-28.4936696557252,-10.151874593034172,-6.646838582354337,-14.468442195836236,9.03366923270457,17.69662606267538,-10.519806843600751,1.3123974514474466,-11.965148201635223,-5.823697872986906,-12.246488926137829,-13.448228416825033,-17.427974812627216,0.8463442489839138,-4.424903698009792,-3.339974348158294,-17.34935923420322,14.1863974140518,5.228455103433851,-2.286717234625961,15.143216268049521,-13.328409202372832,21.33460505553833,-0.11921026409966419,-3.140727916801753,8.4662969848161609,15.18175192129015,8.743243548883823,-15.230960660941584,5.741210108484738,4.806897671817168,-5.7657199095416,-8.714458063810294
8.493281280670846,-0.6405292782236708,-8.388348403203329,12.085872368638158,-12.626418820573932,27.45613072810099,15.190315575787814,-2.582468310143849,-10.260389080652905,-17.02195714456873,-6.7231704456261925,7.176952306151261,-6.52024139724288,15.858629297863747,-9.629078656077725,-15.197568374540888,2.304038128107078,8.749620108876265,7.340123374268882,6.19050924516564,-1.9148162604198757,-10.461353892560698,-4.895316133447729,-24.215188623771287,-8.269400601465929,-5.4291009643313055,-11.957443647997644,7.706663350305566,13.8268199099596,-8.329424917990844,1.8172385585057464,-8.842583090583387,-4.799772114466688,-10.026821788909842,-10.231924815086547,-13.958973574400648,0.018582605061099947,-3.5034044554993393,-3.3508252073885956,-14.681450696594103,11.749086540337725,5.192597917606059,-2.7297171357067445,11.37324954550155,-10.629462575261345,16.926115998501924,-0.6715188532616283,-2.2708692842919,6.687856986233979,11.9207516474563,7.491546692213717,-12.236637481377214,4.989563390963432,4.031346347953907,-3.8746403882872964,-7.119838680216074
6.9443065177159795,-0.44460730987921976,-6.651672814869722,9.31709376725275,-10.00162981300515,22.910980526581945,11.934274648110664,-0.7818937851171421,-8.665042298791148,-13.639870643829749,-5.484720179054088,5.850007653703376,-5.130259556441297,12.748524206722315,-7.829522271540183,-12.388566792905083,2.1303025951699293,6.571364549163442,6.19050924516564,5.825275528215161,-0.5008002895043123,-8.995857847807752,-4.602451979090847,-20.726292030720938,-6.75922987437706,-4.456965315665466,-9.937675030388517,6.617189995702384,10.760231690504874,-6.595926604310966,2.1697087785600733,-6.3991715527589195,-3.981370573109085,-8.251840280461826,-7.710180909090294,-11.19258571440227,-0.5923335251628293,-2.760960183026273,-3.327888813208176,-12.511170062961202,9.78812771319527,5.094192511672518,-3.0267412063154793,8.423393734236459,-8.482572690124266,13.436195320757303,-1.0726227418248886,-1.599435234701712,5.274751502742093,9.34238984872255,6.469295520367427,-9.84838801541866,4.369521042458086,3.4002935195012123,-2.4221912581484895,-5.846609877386922
-2.635607221631643,0.36313531624042505,2.9720404125264634,-4.785032911314925,4.51675231740865,-7.632964462966545,-5.612042547819502,3.2630871224067124,2.682307694959622,5.7785337352124015,2.106665543648313,-2.2653940246649316,2.409555017844127,-5.33087940216784,3.06794019038267,4.789283855662764,-0.25583478986030667,-3.780359436445214,-1.9148162604198757,-0.5008002895043123,2.5643350360660206,2.4263388146860008,0.3980280276557104,5.801497327811305,2.5627423007222068,1.6567545388802978,3.413910763727274,-1.7992066630674588,-5.281163224412974,2.986160281171561,0.7031688300015868,4.270394391677271,1.391885662508464,3.0195479274930523,4.3929677421566895,4.727646383659685,-1.140390791634055,1.2579256972094726,-0.029729267402857078,3.619276648688831,-3.312989548110019,-0.02948326137552323,-0.6218214285477531,-5.151882654297396,3.6788108600768896,-6.009341019209854,-0.7638984389572194,1.1895367579877791,-2.4256749847107275,-4.448102437483798,-1.6951931755414646,4.079750590543274,-1.016010022685438,-1.0534458080291715,2.5910580531819156,2.169479845073405
-12.067064572544778,0.9149735983150802,11.84044415642983,-17.000383256582637,17.854424177255588,-39.08923817079952,-21.447273453961312,3.304195883297433,14.66709613880732,24.081754835248606,9.545149565875874,-10.199143396686697,9.230047127495057,-22.481181277007018,13.668036540917365,21.588249696659155,-3.3369776813223364,-12.251553333469205,-10.461353892560698,-8.995857847807752,2.4263388146860008,14.983362971181657,7.104455671389096,34.66508675285368,11.737797734905566,7.726441376615032,17.035103105100028,-11.025544597840497,-19.467916666207078,11.78200639410598,-2.7682820963751467,12.317958499247041,6.8467953119737786,14.27167618688471,14.363063924996696,19.75347068532371,0.12575580058090458,4.918099557972199,4.95112467931236,21.002126934408654,-16.748153292745503,-7.594509749410896,4.100584683093896,-15.920526994144117,15.036896623554032,-23.953630580415656,1.0934606178338215,3.168430616422093,-9.437353385377591,-16.82629229893601,-10.749253967229816,17.331594652927564,-7.175291721071788,-5.749274968615991,5.311988615052605,10.132824898057214
-5.484497716365667,0.3422930720894985,5.260748679195662,-7.364862138601532,7.898510370278129,-18.1096633347966,-9.426838101940545,0.6198332868860221,6.838425353126118,10.781950004544322,4.332978406419569,-4.617828231930374,4.044935409688667,-10.065781485844646,6.183980682368748,9.782283170135138,-1.683464159577708,-5.197657753534737,-4.895316133447729,-4.602451979090847,0.3980280276557104,7.104455671389096,3.639081020519678,16.36559633709079,5.34191751796243,3.517322103656573,7.8476412587368625,-5.229193673283873,-8.5084335157207,5.207500987604201,-1.7128542942678548,5.061270185407371,3.1403569629663823,6.5133400267651975,6.088577498586409,8.846374018628378,0.47168241181103415,2.1912187012895927,2.6175329947308486,9.878945117072764,-7.728359362051747,-4.027211563761379,2.3877056295298753,-6.6535050950331325,6.702466132468383,-10.60698770587809,0.8476893135766587,1.259386590657243,-4.170135507496036,-7.378992207881519,-5.105031187836382,7.782069284135455,-3.4482255806655875,-2.687664275327733,1.9103605098409877,4.614075165633574
-27.977644734376923,2.14587353827078,27.477722767114265,-39.50254677331827,41.45068117714426,-90.53225296398941,-49.805808267379845,7.88162419397014,33.96584949202063,55.86869356296074,22.13105806435748,-23.652932803726053,21.442444510776443,-52.16309145569139,31.696387899631123,50.061452688005126,-7.694104918715941,-28.4936696557252,-24.215188623771287,-20.726292030720938,5.801497327811305,34.66508675285368,16.36559633709079,80.22007683579135,27.210043830448004,17.914257384947092,39.47025071052638,-25.50584529513891,-45.21543917503298,27.355150893740866,-6.304163118321787,28.689900635398693,15.8699385780527,33.084865177226376,33.41228420581411,45.8273957773053,0.18445706007645485,11.406626464500894,11.393901502867454,48.61109731202817,-38.802936051134004,-17.460258714211644,9.377011564127006,-37.05822382274649,34.89441165200972,-55.61054435040155,2.4464162740744246,7.394162632507399,-21.907827775516104,-39.07934079362968,-24.869849935163806,40.204853211135784,-16.590694013900656,-13.309500946762931,12.444752703577604,23.49323308031756
-9.660367467604743,0.7722275718984782,9.604277897147668,-13.942231347148718,14.480123726995453,-31.03514698248935,-17.452847159456987,3.419201896330888,11.577993108552192,19.4467221908259,7.649447436593146,-8.173778881412497,7.501033070341205,-18.12205811229723,10.967521955744367,17.302894293668157,-2.528953482572589,-10.151874593034172,-8.269400601465929,-6.75922987437706,2.5627423007222068,11.737797734905566,5.34191751796243,27.210043830448004,9.400470426735314,6.173088354114513,13.543364449601356,-8.645119113145624,-15.908862448409756,9.555415311729208,-1.8183550466854128,10.348949272879945,5.44530414199847,11.391415147663114,11.87878654021974,15.946598481657926,-0.24953422181792362,4.004829672058171,3.614405315558022,16.517186647164355,-13.300733862765489,-5.5896082292678955,2.819060363996224,-13.254560604362844,12.161063544517862,-19.40704665138606,0.571610904904823,2.683283600112593,-7.670449602957853,-13.705635160386064,-8.402506443989836,13.968673117590681,-5.573865704084925,-4.543628833531776,4.6839445441340555,8.094780709882594
-6.350486012216182,0.5219385578277272,6.295723618858147,-9.141321814738708,9.512907461302643,-20.3848055679875,-11.459960940994284,2.2143107758617533,7.626351316140802,12.760650966588985,5.026044631999102,-5.37721090254498,4.939004992948166,-11.913260811105092,7.208181986227638,11.37729948217755,-1.666098006170231,-6.646838582354337,-5.4291009643313055,-4.456965315665466,1.6567545388802978,7.726441376615032,3.517322103656573,17.914257384947092,6.173088354114513,4.06334929486369,8.908365352298539,-5.684510709393207,-10.427677083992618,6.280138049395462,-1.2117156154313213,6.771650497449609,3.588220953962558,7.496543631546468,7.79585640175076,10.465996123592717,-0.15769676225442153,2.61109407793847,2.408467329932757,10.8730630313385,-8.751446597770233,-3.6860430411615916,1.8756503841623362,-8.692446978805236,7.98424117188865,-12.757364710358454,0.38626990663735405,1.7651930182352067,-5.030461618945948,-8.999906816219399,-5.5389672007576545,9.172017320164834,-3.6754710389107137,-2.985228278301385,3.067518567012158,5.328167452773461
-13.925412079849536,1.1096673516621378,13.776923125255113,-19.93941991893141,20.790946626960192,-44.82805688887055,-25.030031757737568,4.580369231157975,16.77079009715936,27.94255950838644,11.021116895692003,-11.782451760298402,10.773920220026046,-26.07191763165126,15.797758385654753,24.936290165282173,-3.7073569140828044,-14.468442195836236,-11.957443647997644,-9.937675030388517,3.413910763727274,17.035103105100028,7.8476412587368625,39.47025071052638,13.543364449601356,8.908365352298539,19.56625870984934,-12.537856420867445,-22.772120156872898,13.722204046444173,-2.7995187749498456,14.689066399321645,7.871929972973232,16.441936750701025,16.95515218220634,22.917178964635514,-0.20994086852864471,5.725747630303822,5.382995550487389,23.944909652155555,-19.224138154403008,-8.269481167301555,4.274615650039457,-18.87827222680462,17.47037853570084,-27.879984031936534,0.9583801071869444,3.8087128936484795,-10.998813153672055,-19.65105314519686,-12.209477687149876,20.08770155366123,-8.115004533240935,-6.572429724918644,6.564024735287914,11.68182753669251
8.8832619549858,-0.6638889548933637,-8.727074899345377,12.52782249911868,-13.146005944430922,28.789079680908163,15.794764386491611,-2.4477237212366254,-10.788696190559017,-17.74168047631728,-7.028309419719532,7.505510318392354,-6.788594054956759,16.548470010607236,-10.0626603591251,-15.890354170947337,2.4553679345789217,9.03366923270457,7.706663350305566,6.617189995702384,-1.7992066630674588,-11.025544597840497,-5.229193673283873,-25.50584529513891,-8.645119113145624,-5.684510709393207,-12.537856420867445,8.117135470820067,14.348613399425485,-8.673264031007573,2.030533047606957,-9.084445817839407,-5.034995842669488,-10.501187225992824,-10.578756434701658,-14.551602310953992,-0.09137563649340903,-3.634033091746114,-3.626539350062906,-15.45351733814028,12.325039081260396,5.587315959231369,-3.0078903830818207,11.729317246038557,-11.075118714537956,17.63193544559004,-0.8006474324515666,-2.3304006623101845,6.954188691102336,12.391257864081373,7.904809228950915,-12.764955213594838,5.276159689316157,4.233941243849682,-3.914411809130049,-7.455018069516989
16.345257594832592,-1.3729029245745548,-16.436901217680337,24.09340739283125,-24.78545625068523,52.10791926009368,29.961206478733157,-6.964940089021739,-19.343076088474927,-33.15391540817463,-12.95423918970405,13.844910872699787,-12.866765538416951,30.85429449318291,-18.595613316043522,-29.308568046469144,4.060901026852257,17.69662606267538,13.8268199099596,10.760231690504874,-5.281163224412974,-19.467916666207078,-8.5084335157207,-45.21543917503298,-15.908862448409756,-10.427677083992618,-22.772120156872898,14.348613399425485,27.40511230293811,-16.35695066164518,2.470049023054414,-18.24993578458543,-9.161152339484506,-19.224938554557944,-20.67972083564572,-27.179943948341617,0.9591104887711615,-6.872501565872257,-5.589466558623108,-27.49630339099048,22.342636422496444,8.706970170243055,-4.063987721917903,23.203224558929346,-20.762421904888484,33.191779114256,-0.5032510999204476,-4.766520328183371,13.151606794711206,23.548452650542206,13.91012142843717,-23.77539520382376,9.172715147818238,7.596371377906886,-8.585206099056895,-13.672399207315465
-9.827783820515974,0.8356667772366575,9.827667799862322,-14.37258154594339,14.849006740250333,-31.369607932790423,-17.92768988639651,3.9537019895538457,11.69117689092502,19.861361014566388,7.783463488912096,-8.327797985457659,7.720281531489589,-18.52166906600718,11.172443354068788,17.621104754688076,-2.4812568935894044,-10.519806843600751,-8.329424917990844,-6.595926604310966,2.986160281171561,11.78200639410598,5.207500987604201,27.355150893740866,9.555415311729208,6.280138049395462,13.722204046444173,-8.673264031007573,-16.35695066164518,9.803039632024356,-1.6043508949899885,10.811009276909502,5.528920061647894,11.578691872201912,12.323697093923625,16.286605158180326,-0.48293718443435524,4.085836185005045,3.4904568967410263,16.625240912657887,-13.470683281319976,-5.3701307066998645,2.5871613136605456,-13.798877487450724,12.439713284471054,-19.90049471410608,0.3908403775382587,2.8320877234393724,-7.863082426372382,-14.088087803842853,-8.434156212398163,14.25774153481721,-5.5722721662729295,-4.579442467588043,5.041244794617037,8.234363120279907
1.8679500278913237,-0.05284802232860568,-1.6298986643161657,2.0644441219399505,-2.43625317794035,6.534510301597547,2.828120021901748,0.8363299404556492,-2.545711505053403,-3.454845408098225,-1.4662572759190127,1.5581766840916023,-1.218297121221347,3.256148238748279,-2.0720048256187553,-3.3019894718770275,0.7677541064499205,1.3123974514474466,1.8172385585057464,2.1697087785600733,0.7031688300015868,-2.7682820963751467,-1.7128542942678548,-6.304163118321787,-1.8183550466854128,-1.2117156154313213,-2.7995187749498456,2.030533047606957,2.470049023054414,-1.6043508949899885,1.1222094855984466,-1.0702807094132114,-1.1138146824347912,-2.260059175549045,-1.556847495654453,-2.840158526850913,-0.6400257850852533,-0.6664089311265791,-1.3533192536398495,-3.764057874499811,2.7751070087043757,2.040977654031549,-1.439183641270129,1.5761669988831188,-2.1190839008929214,3.2942805916611264,-0.7014038886771223,-0.225578057184368,1.2685509423415755,2.1946607090830557,2.009144824046926,-2.5277059403231217,1.402477506585978,0.997817153594517,-0.0624852116297931,-1.5908552954112523
-10.633723566919965,0.9613773854349741,10.850755426352105,-16.113520109373663,16.378024880271493,-33.526526017159995,-19.872407905277434,5.5739272701494045,12.370789190472165,21.78056977039284,8.436444003579087,-9.022901834165333,8.533184320392962,-20.2458946480906,12.131618303020662,19.097951981232576,-2.4476294496657514,-11.965148201635223,-8.842583090583387,-6.3991715527589195,4.270394391677271,12.317958499247041,5.061270185407371,28.689900635398693,10.348949272879945,6.771650497449609,14.689066399321645,-9.084445817839407,-18.24993578458543,10.811009276909502,-1.0702807094132114,12.520344018411066,5.918015810229726,12.467619856589867,13.969150008440451,17.85115031566869,-1.1038064519002673,4.545023581128721,3.1817505708781733,17.491309907963835,-14.394118551499641,-4.995277859977607,2.0214802064947626,-15.782511600022916,13.668918440176254,-21.913312149963343,-0.08421592933307867,3.3056543736796122,-8.705037119621384,-15.637099980493652,-8.782241700835794,15.58780185954281,-5.7416412093883435,-4.858658090438772,6.172888433311643,8.87739092504502
-5.603867735065939,0.4601315542175072,5.538303821269445,-8.02676411593964,8.37401490407456,-18.01016270512441,-10.080554116380746,1.866893993883215,6.750228283948314,11.237506183658114,4.433692278082927,-4.745126355856446,4.348977024130115,-10.500035061823574,6.357735085389662,10.038331624305949,-1.4856135167260853,-5.823697872986906,-4.799772114466688,-3.981370573109085,1.391885662508464,6.8467953119737786,3.1403569629663823,15.8699385780527,5.44530414199847,3.588220953962558,7.871929972973232,-5.034995842669488,-9.161152339484506,5.528920061647894,-1.1138146824347912,5.918015810229726,3.1721803320946536,6.6206672638154815,6.837383036529362,9.217770304240396,-0.10195975702114679,2.2918090272973157,2.168973946656516,9.628636729765287,-7.735422247784304,-3.305428537229658,1.7079239085135147,-7.613492383014477,7.030471739671475,-11.23394738743664,0.3743812664877181,1.543059223294554,-4.424320061156421,-7.915412202351323,-4.912249616386608,8.081469076809666,-3.2635241956417524,-2.639843409000126,2.660104827506226,4.705207848383026
-11.717108258692711,0.955981615740869,11.612067612390417,-16.84901616852843,17.540079161772518,-37.63519130903096,-21.12754721602454,4.038620946695937,14.078742159370337,23.538734993215574,9.273557127543592,-9.919553617985873,9.102332392492752,-21.971646042400796,13.298214329058844,20.989648494301065,-3.0834423288562527,-12.246488926137829,-10.026821788909842,-8.251840280461826,3.0195479274930523,14.27167618688471,6.5133400267651975,33.084865177226376,11.391415147663114,7.496543631546468,16.441936750701025,-10.501187225992824,-19.224938554557944,11.578691872201912,-2.260059175549045,12.467619856589867,6.6206672638154815,13.831803574881674,14.35985799866676,19.305688913689476,-0.26719113395410454,4.818945975494593,4.459960162555486,20.07889008362516,-16.15260802715656,-6.833510453888191,3.4881200264642223,-16.006958772690176,14.72542780130904,-23.52149154073662,0.731867196218808,3.245814183042006,-9.276573773776061,-16.591123893147195,-10.230189399485615,16.919255012990067,-6.790688958163021,-5.512748782108359,5.631602232156039,9.830126842015297
-12.216842679860926,1.0913476674661309,12.347479646113165,-18.226392209040142,18.6649099631885,-38.6963009323309,-22.596308196828435,5.765213661552524,14.357739410616148,24.86518014662253,9.683169250395611,-10.364288353032011,9.727037563525316,-23.164172739052262,13.916104577696514,21.928981250207855,-2.9264863492590747,-13.448228416825033,-10.231924815086547,-7.710180909090294,4.3929677421566895,14.363063924996696,6.088577498586409,33.41228420581411,11.87878654021974,7.79585640175076,16.95515218220634,-10.578756434701658,-20.67972083564572,12.323697093923625,-1.556847495654453,13.969150008440451,6.837383036529362,14.35985799866676,15.739281496955096,20.385497163876142,-0.9899679084340001,5.143010072094721,3.9648766628166054,20.342544925683836,-16.629424998378585,-6.131651234217187,2.7079948942046235,-17.713482770936686,15.596370771901833,-24.9970706648747,0.15066456770203643,3.686021945963834,-9.897392710453389,-17.771418581977954,-10.265200088110936,17.823035449340235,-6.741892225155488,-5.625536523149465,6.7445973829056545,10.220658770869123
-16.387546866530137,1.3402323220169554,16.364751993420807,-23.851696041079137,24.678949213611354,-52.478444190662934,-29.779885676861156,6.2752696500841765,19.54298804509343,33.08605297711815,12.98041115303155,-13.872730494312373,12.797870105528276,-30.820234691044984,18.620424058924495,29.36588603714297,-4.201665739526725,-17.427974812627216,-13.958973574400648,-11.19258571440227,4.727646383659685,19.75347068532371,8.846374018628378,45.8273957773053,15.946598481657926,10.465996123592717,22.917178964635514,-14.551602310953992,-27.179943948341617,16.286605158180326,-2.840158526850913,17.85115031566869,9.217770304240396,19.305688913689476,20.385497163876142,27.128747922996183,-0.641449059744807,6.828334181472792,5.923376420626451,27.8382897766411,-22.498404763626997,-9.177660725108664,4.498483147483502,-22.797629759817973,20.70348283886866,-33.066686495328156,0.7822783441064751,4.644703112308468,-13.080150286269664,-23.394302007619086,-14.131656656034727,23.751147749352672,-9.352238629436298,-7.6699335939992075,8.213034599282146,13.723468136841252
0.2640633628491605,-0.1244776527612843,-0.45228385434340923,0.9353164971116849,-0.7231292549666667,0.3414003576512016,0.9647449920878253,-1.4321396614279647,-0.050837964586713094,-0.78758977034095,-0.21827087452387237,0.24803673831306625,-0.4262766796053736,0.7230770230802355,-0.3427971702215063,-0.5160036102362011,-0.18275698703882115,0.8463442489839138,0.018582605061099947,-0.5923335251628293,-1.140390791634055,0.12575580058090458,0.47168241181103415,0.18445706007645485,-0.24953422181792362,-0.15769676225442153,-0.20994086852864471,-0.09137563649340903,0.9591104887711615,-0.48293718443435524,-0.6400257850852533,-1.1038064519002673,-0.10195975702114679,-0.26719113395410454,-0.9899679084340001,-0.641449059744807,0.6314882712761225,-0.18602524748181556,0.4676375922816375,0.055837917721422436,0.18535552677194633,-0.7157938304658383,0.7195741336224871,1.2457099267640985,-0.5350157079308999,0.9504751045121045,0.5153713945728623,-0.34364719703071167,0.39412282693645373,0.7821585519351193,-0.10689520685820249,-0.5296985433957113,-0.13362870324705983,0.013115532801989705,-0.8893370740618145,-0.2049041502042898
