V1,V2,V3,V4,V5,V6,V7,V8,V9,V10,V11,V12,V13,V14,V15,V16,V17,V18,V19,V20,V21,V22,V23,V24,V25,V26,V27,V28,V29,V30,V31,V32,V33,V34,V35,V36,V37,V38,V39,V40,V41,V42,V43,V44,V45,V46,V47,V48,V49,V50,V51,V52,V53,V54,V55,V56
58406.56211170924,-17696.468837266228,-45969.251223264444,-110462.78609866316,-219027.42059673212,21375.907043260813,-6679.552640613536,1826.1713175752536,-50226.289625957164,-64679.92946014032,86483.70923011919,34883.33818014267,89844.22009551754,-149877.99975631808,106551.35198107387,-8797.30940633301,67341.72374431958,40439.08318345484,-5355.151991621105,-22790.94377755907,-84751.91548848322,12766.294096118412,35661.68326461823,-20260.194676188126,-18851.803647564655,-103898.22904130594,55177.543858432306,114301.52951282456,50281.72805656616,75930.14334257772,103155.89524197858,-60270.00160255181,-6040.589572137363,-10594.74451759222,42228.57695844898,61901.73742458712,93958.18655211385,-34751.061544149445,-74162.59606391953,45110.5163842215,-67037.7206822186,7837.73656973122,78574.01545420934,-20947.967909543113,-83714.350063521,-157911.77210451823,-20748.347189494714,-104167.71685565081,-53597.3855529023,-107673.16743089023,6702.6668452769645,-104133.6354267695,44477.70638410945,152723.62013564847,-46166.05271968011,15773.921076399762
-17696.468837266228,5361.844056158979,13928.226304499169,33468.864869564786,66362.7014629899,-6476.495452299171,2023.8103053762159,-553.1584657871338,15217.980371648426,19597.302184351083,-26203.50389537661,-10569.205292135068,-27221.68407572085,45411.21935100368,-32283.752768923525,2665.492081148167,-20403.71204812453,-12252.656982289669,1622.5484989231302,6905.43341732034,25678.90022517426,-3868.081796846797,-10805.124982054056,6138.473004708346,5711.875986515005,31479.906930187484,-16718.07040049464,-34631.923932920174,-15234.824778010843,-23005.936271145805,-31254.907324008473,18261.176631045244,1830.2254662101284,3210.0369322758966,-12794.752502813777,-18755.433844263076,-28468.255423422936,10529.154951757731,22470.364820807903,-13668.024436425329,20311.670111758118,-2374.6471191820474,-23807.04853957601,6346.8592918204,25364.568197265686,47845.33755832449,6286.469987772625,31561.52888723944,16239.396172895542,32623.60160215762,-2030.7512277659166,31551.278085245605,-13476.239542608893,-46273.42207670719,13987.873478718957,-4779.303202777972
-45969.251223264444,13928.226304499169,36180.7855876524,86940.53486338344,172387.20105481797,-16823.578784781257,5257.226161103004,-1436.9620935865291,39531.10223910634,50907.01447077743,-68067.56435888185,-27455.08087448852,-70712.46102080849,117962.57953667195,-83861.93457463721,6924.035878045307,-53001.7692772118,-31828.173834449593,4214.779461263311,17937.836902964846,66704.772296762,-10047.910461027224,-28067.927874571724,15945.633311642394,14837.478708875744,81773.84648798252,-43427.61405715279,-89961.66995541293,-39574.7691042408,-59761.48482889852,-81189.39141012418,47436.156624530675,4754.299975467047,8338.511912594468,-33236.44458259365,-48720.06659879633,-73950.58632594872,27351.068122355162,58370.29275898577,-35504.785402161535,52762.68346096469,-6168.545093905597,-61842.37309780421,16486.929244056515,65888.46736028243,124285.58317992272,16330.123761638017,81985.7769446298,42184.38494336835,84744.74673007836,-5275.147358886009,81959.27670699469,-35006.68178128709,-120202.28458471301,36335.646468509294,-12414.954710415168
-110462.78609866316,33468.864869564786,86940.53486338344,208916.05049633046,414240.7040934974,-40427.765539672684,12633.41829660691,-3454.886342002259,94992.07249961428,122327.36386864542,-163564.41139664635,-65973.85616480882,-169920.24560080998,283460.71311651904,-201517.86083997763,16638.100625685835,-127361.92102801758,-76481.04214018978,10127.85187822161,43103.20706842157,160288.1807127989,-24144.216827705117,-67445.53765829589,38318.2581713945,35653.947239867986,196500.07928356697,-104355.5280064664,-216175.74889336943,-95096.11549852275,-143605.07552999406,-195096.6566936646,113986.43206533321,11424.467956061955,20037.480046075874,-79866.6311014872,-117073.31199506643,-177700.19462447733,65723.69097502116,140262.48516981653,-85316.05942255036,126786.69863648867,-14824.014730004488,-148604.32953560064,39619.020696170955,158326.97249065473,298654.9475464497,39241.3457339994,197009.34178877287,101367.71566892654,203639.79945903705,-12676.733080123864,196945.23276168032,-84119.9832707785,-288842.44204847305,87312.16227461513,-29832.786203414817
-219027.42059673212,66362.7014629899,172387.20105481797,414240.7040934974,821363.6529920636,-80160.25722416339,25048.5532782823,-6847.677567504718,188351.04537597418,242553.08155662834,-324318.09528251074,-130814.15973595207,-336920.1130019497,562049.7809621021,-399572.72107129905,32990.370947073876,-252534.67348968846,-151648.8664483697,20082.1178941341,85467.39324574903,317824.20013658865,-47874.41390432003,-133733.30221594463,75976.27843856438,70695.19737929948,389623.4218305253,-206918.36813951732,-428636.1220319813,-188559.17241684557,-284741.76571493066,-386839.3410793505,226015.79202216776,22652.495036735494,39730.69270586976,-158359.14467885613,-232134.40309874836,-352348.01945933147,130318.19687652508,278113.2554094717,-169166.92032293387,251394.87969115915,-29391.54455045871,-294656.68170226645,78555.48450313346,313933.2437123878,592176.749783877,77807.16930501915,390633.9832895855,200992.87502641365,403779.4166918804,-25135.09008645207,390506.34037238295,-166793.60352400556,-572721.0374033361,173125.34242439762,-59152.970232710744
21375.907043260813,-6476.495452299171,-16823.578784781257,-40427.765539672684,-80160.25722416339,7823.903252521886,-2444.736729347893,669.1660140783849,-18381.97162541166,-23671.50551384463,31651.68347720867,12766.829838419355,32881.664721512934,-54852.94606646826,38996.13439611768,-3219.6199666566163,24646.081585886503,14799.542834878206,-1959.8519329520118,-8340.768422173074,-31017.264473026946,4671.979904575124,13051.227535821989,-7415.551307031292,-6899.428716275676,-38025.066485819305,20194.275628828556,41832.78345404829,18401.93569441327,27789.147169464846,37753.81849150519,-22057.326891134468,-2210.7700992235223,-3877.6850289436147,15455.064404501605,22655.230664133578,34386.81998405987,-12718.29405431696,-27142.426343242212,16509.29032767136,-24534.47499104305,2868.997982416906,28756.38704192798,-7667.239235390403,-30637.54013015743,-57793.27711891879,-7593.760399339354,-38123.75991218009,-19615.657452843814,-39406.949407908476,2453.4277902449903,-38111.015831950295,16278.043177287313,55894.33229306132,-16895.433277146993,5773.006601112903
-6679.552640613536,2023.8103053762159,5257.226161103004,12633.41829660691,25048.5532782823,-2444.736729347893,764.3411372275292,-209.78193888455533,5744.355157198882,7396.903492116892,-9890.582053300905,-3989.308691931196,-10275.056483695946,17140.817798724758,-12185.615458468512,1006.0697817281471,-7701.6436123718095,-4624.432307454958,612.2639547051906,2605.855099680334,9691.740221813208,-1459.6992759821728,-4077.9790049661574,2317.6182906112936,2155.9700933598647,11882.192490388243,-6310.044468405817,-13072.113407016992,-5750.03224343276,-8683.906740384362,-11797.755270610354,6892.116369392019,690.8692191635873,1211.600742634846,-4830.0524823779615,-7079.432840383285,-10744.958636244824,3974.174326842762,8482.037837883863,-5158.721458698821,7666.631951259672,-896.952634954332,-8985.423693890556,2396.2626555426114,9573.958377697818,18059.728846553928,2373.28966059734,11912.692603278205,6129.856913634373,12314.150776363134,-766.6931513500737,11909.046123379365,-5086.968378348821,-17466.155925455714,5279.262051707356,-1803.9410624578861
1826.1713175752536,-553.1584657871338,-1436.9620935865291,-3454.886342002259,-6847.677567504718,669.1660140783849,-209.78193888455533,59.563699133650175,-1570.9296939310912,-2021.8297113445337,2704.0927336109676,1090.6337977286312,2809.53058932312,-4686.642943327791,3331.60610468731,-274.9776887806189,2106.021643579594,1263.3389990116812,-167.0785397858396,-711.1742148174969,-2647.9383779074587,398.3532350935442,1113.912941744307,-635.1503351948105,-589.4311169219226,-3248.5894527239766,1724.9104408482435,3574.4167674131304,1571.1421711874798,2374.5224705195847,3226.618589864184,-1882.912013306026,-188.96614527385248,-331.33021052593864,1321.6148260058012,1935.8763125464507,2936.63657840657,-1086.3723336787557,-2319.922997275525,1409.5528429018511,-2095.7484805549884,246.63628692135927,2455.284878452568,-656.6021010978337,-2617.1326155211555,-4938.182319533153,-649.7185688988567,-3256.481414264832,-1676.2033387180181,-3367.3503215149317,210.17776565220365,-3255.6398846166053,1391.230726677007,4775.381980102639,-1442.0874829126278,493.1642246084518
-50226.289625957164,15217.980371648426,39531.10223910634,94992.07249961428,188351.04537597418,-18381.97162541166,5744.355157198882,-1570.9296939310912,43192.02750740416,55621.07058213614,-74371.04967677142,-29997.602099010743,-77261.0003548403,128886.7358833913,-91628.09517496165,7565.198863214619,-57910.19668998459,-34775.20829611568,4604.990233422618,19598.51559501035,72881.34302319564,-10978.112693392575,-30666.780914202467,17422.930263000268,16211.504707189251,89346.59434142652,-47449.262616632746,-98292.89196010344,-43239.248045986555,-65295.84104524902,-88708.47493720103,51828.46262024979,5194.603194186975,9110.785892901422,-36314.68046269677,-53232.00851698209,-80798.44557222747,29883.882372155636,63776.03841489235,-38792.36794373339,57648.66180699417,-6740.356771064106,-67568.83080390266,18014.34054627613,71989.84423469863,135795.4089416124,17842.70314527233,89578.04444517648,46090.96368599636,92592.91427006118,-5763.93294187426,89549.0450006078,-38248.61567586885,-131333.76517120542,39699.99258836833,-13564.648762904
-64679.92946014032,19597.302184351083,50907.01447077743,122327.36386864542,242553.08155662834,-23671.50551384463,7396.903492116892,-2021.8297113445337,55621.07058213614,71627.32617167561,-95772.80418939971,-38630.075041158365,-99494.21099811156,165976.21287297018,-117995.87853661866,9742.263071747644,-74574.77055320023,-44782.910193676886,5930.366631230637,25239.100516727784,93855.37234719751,-14137.664828475117,-39492.285252608635,22435.957592401744,20876.67880056712,115057.83832369915,-61103.99191405667,-126578.38547036293,-55682.664558657445,-84085.74511804411,-114235.51008908688,66743.85704100045,6689.399426156937,11732.619567458803,-46764.23712417229,-68550.4122266007,-104050.35170551731,38483.66050501109,82128.25288070497,-49956.031316638364,74238.30755906404,-8679.278373270945,-87013.8259199395,23197.589473674474,92706.35461484606,174872.82353851118,22976.784121587014,115356.23501503633,59354.28566630507,119238.03751817449,-7422.388341955776,115318.65567526892,-49255.05629654564,-169127.53391204032,51125.05597241718,-17468.172334325373
86483.70923011919,-26203.50389537661,-68067.56435888185,-163564.41139664635,-324318.09528251074,31651.68347720867,-9890.582053300905,2704.0927336109676,-74371.04967677142,-95772.80418939971,128058.09321905597,51652.41561073596,133034.07506060458,-221927.26296395453,157772.64085288453,-13026.335061397041,99714.19545015709,59878.914197258506,-7929.469923315913,-33746.95824483425,-125493.74731276685,18903.290347722985,52804.92358466481,-29999.666652813434,-27914.224212696932,-153844.1028003327,81702.43148898394,169248.47116162858,74453.09614736449,112431.25064848308,152744.93767735595,-89242.91711419748,-8944.416930597645,-15687.824774327546,62528.71899099441,91659.10480707815,139125.6713487445,-51456.55741470007,-109814.01682624288,66796.01167844346,-99264.05486731284,11605.512496093823,116346.0265006863,-31018.089562762932,-123957.4660151892,-233823.03205889644,-30722.50252365596,-154243.1135448043,-79362.70827737433,-159433.74604042445,9924.761872147743,-154192.67097890246,65859.02030280752,226140.80911532207,-68358.94462534536,23356.751137690724
34883.33818014267,-10569.205292135068,-27455.08087448852,-65973.85616480882,-130814.15973595207,12766.829838419355,-3989.308691931196,1090.6337977286312,-29997.602099010743,-38630.075041158365,51652.41561073596,20834.102679573334,53659.467089587524,-89514.62311199735,63637.816638803895,-5254.188623001232,40219.833141709765,24152.23369743026,-3198.388829914947,-13611.949323003204,-50618.150839977294,7624.685749638693,21298.96682753266,-12100.388157655687,-11259.235904244448,-62053.22764206367,32954.86609783681,68266.60979080445,30030.780003909495,45349.238297336655,61609.85016675858,-35996.29314676695,-3607.736178461961,-6327.744030759868,25220.929238202865,36970.82832215831,56116.56600430258,-20755.085383655478,-44293.545842033505,26942.253886171937,-40038.26419587056,4681.056198773099,46928.38232215616,-12511.164679500465,-49998.31687589417,-94312.78477743884,-12391.907016414156,-62214.24207455436,-32010.986304105558,-64307.81427291898,4003.1902675067836,-62193.807126024534,26564.248451600342,91214.17496730646,-27572.677529243505,9420.982147074064
89844.22009551754,-27221.68407572085,-70712.46102080849,-169920.24560080998,-336920.1130019497,32881.664721512934,-10275.056483695946,2809.53058932312,-77261.0003548403,-99494.21099811156,133034.07506060458,53659.467089587524,138203.4672001159,-230550.8163838068,163903.2568385546,-13532.493905985013,103588.88667426552,62205.50235982359,-8237.525789815018,-35058.04770502551,-130369.78471508017,19637.699903482513,54856.61143634132,-31165.613052179193,-28998.896551948434,-159822.06401000987,84877.0850555598,175825.07578383817,77345.99315437203,116800.09971868912,158680.3690007578,-92710.42426581398,-9291.988920189056,-16297.405815719088,64958.62958031971,95220.77610207663,144531.5396751318,-53455.98767474516,-114081.27192178079,69391.39587924314,-103121.14846291597,12056.705185947525,120866.68702784691,-32223.597593664388,-128774.10313956483,-242908.87517498925,-31916.451790149233,-160236.47604191172,-82446.60335649936,-165629.00392648406,10310.485710786039,-160184.14182144986,68418.2277670532,234928.0559017684,-71014.99415427752,24264.32180844374
-149877.99975631808,45411.21935100368,117962.57953667195,283460.71311651904,562049.7809621021,-54852.94606646826,17140.817798724758,-4686.642943327791,128886.7358833913,165976.21287297018,-221927.26296395453,-89514.62311199735,-230550.8163838068,384604.5892353538,-273423.18874082086,22574.907896031542,-172806.83147544795,-103771.28941082934,13741.834806971649,58483.86986256853,217482.851947345,-32759.65812430769,-91511.827314119,51990.2638732637,48375.93362958595,266614.9721775154,-141591.77059150123,-293311.09606277937,-129028.58908505573,-194845.81363886895,-264710.28258383716,154659.55177382543,15500.883901988196,27187.25226172461,-108363.91148526543,-158847.12203089232,-241107.4260070348,89175.21841236936,190310.22983451316,-115758.7618784227,172026.6475793628,-20112.848916652747,-201629.76405426758,53755.194636534165,214820.9867969254,405220.26279768406,53242.94497988761,267306.2540981577,137537.37424850563,276302.01049368596,-17199.832329203517,267219.05364489433,-114135.24800494929,-391906.71324715886,118467.29327776245,-40477.70702690225
106551.35198107387,-32283.752768923525,-83861.93457463721,-201517.86083997763,-399572.72107129905,38996.13439611768,-12185.615458468512,3331.60610468731,-91628.09517496165,-117995.87853661866,157772.64085288453,63637.816638803895,163903.2568385546,-273423.18874082086,194382.14165637453,-16048.958865781073,122851.8489230021,73773.1728024677,-9769.410741304408,-41577.552689653,-154613.2172718512,23289.584081163513,65057.731138349154,-36960.81268629787,-34391.42986560212,-189542.0267229507,100660.61554027523,208520.8284740404,91729.13970481184,138519.76797979668,188187.83977041094,-109950.77204477027,-11019.878444251293,-19328.018263034588,77037.89592642759,112927.6543214648,171408.30898496276,-63396.51108847553,-135295.24858353575,82295.31405273544,-122297.24302712754,14298.487279200148,143342.87589865577,-38215.54990351383,-152720.5099952268,-288079.25581191713,-37851.36564276076,-190033.60492223763,-97778.01463210795,-196428.7037238574,12227.709007880003,-189971.4720658368,81140.94047368321,278614.43825342914,-84220.89835553945,28776.44099849306
-8797.30940633301,2665.492081148167,6924.035878045307,16638.100625685835,32990.370947073876,-3219.6199666566163,1006.0697817281471,-274.9776887806189,7565.198863214619,9742.263071747644,-13026.335061397041,-5254.188623001232,-13532.493905985013,22574.907896031542,-16048.958865781073,1325.084181803417,-10143.134984669794,-6091.075211243888,806.6011544178649,3432.843565204798,12765.554402657634,-1922.905342722911,-5371.466584466384,3051.578372839,2839.5043972531003,15649.358641501325,-8310.913776092886,-17216.294809994382,-7573.578719666794,-11436.752686963502,-15537.500119701912,9078.043641502878,909.8480215222976,1595.7849016906728,-6360.5450200100195,-9323.72968584115,-14152.200763653143,5234.277398624506,11170.513231232686,-6794.671315344241,10097.373711241602,-1180.4873409224397,-11835.01150397437,3155.1512137214377,12609.295532488948,23784.959989236362,3125.140631148421,15689.93342754868,8072.957845721217,16217.901554278083,-1009.5327630796492,15684.844260874599,-6699.338119190779,-23003.540147585678,6953.687687647864,-2375.8928241006683
67341.72374431958,-20403.71204812453,-53001.7692772118,-127361.92102801758,-252534.67348968846,24646.081585886503,-7701.6436123718095,2106.021643579594,-57910.19668998459,-74574.77055320023,99714.19545015709,40219.833141709765,103588.88667426552,-172806.83147544795,122851.8489230021,-10143.134984669794,77643.93426472014,46625.39720672906,-6174.304110166094,-26277.2440175096,-97717.06179916525,14719.159370163215,41117.08090358548,-23359.947886701357,-21735.80665997376,-119792.847629712,63618.590611889034,131787.74821385863,57973.766459334045,87546.27040260276,118937.18283536882,-69489.9612454503,-6964.718881096404,-12215.519374256748,48689.15615706835,71371.67891190255,108331.91754496426,-40067.32179750197,-85508.46352950064,52011.498145467114,-77293.3030352398,9037.081540299987,90594.16061504703,-24152.929707279196,-96521.24931338445,-182069.70271842254,-23922.710457011402,-120103.38385109392,-61796.997297186535,-124145.40372716794,7728.126331511843,-120064.23904450188,51282.205244757904,176087.73314566613,-53228.42618293462,18187.04197105496
40439.08318345484,-12252.656982289669,-31828.173834449593,-76481.04214018978,-151648.8664483697,14799.542834878206,-4624.432307454958,1263.3389990116812,-34775.20829611568,-44782.910193676886,59878.914197258506,24152.23369743026,62205.50235982359,-103771.28941082934,73773.1728024677,-6091.075211243888,46625.39720672906,27999.456541590473,-3707.869140081265,-15780.359457214692,-58680.69783158119,8839.375191029918,24691.644627993537,-14026.851857128007,-13052.492791408293,-71936.28493614959,38203.38374733017,79138.95956864441,34814.14387084923,52571.87176176862,71421.77010810094,-41729.962495941225,-4182.3114393963,-7335.400769216735,29237.547719372695,42858.84975452909,65054.54481613482,-24060.746569385967,-51347.820015229554,31233.73386530729,-46415.2834589774,5425.970807272111,54403.08863794452,-14503.052808981698,-57961.92054729564,-109333.51231736601,-14365.237224879675,-72122.9622672249,-37109.3286113374,-74549.58574371574,4640.400465192778,-72099.46721139616,30795.05595904045,105741.62372857142,-31964.77515670652,10921.431177232413
-5355.151991621105,1622.5484989231302,4214.779461263311,10127.85187822161,20082.1178941341,-1959.8519329520118,612.2639547051906,-167.0785397858396,4604.990233422618,5930.366631230637,-7929.469923315913,-3198.388829914947,-8237.525789815018,13741.834806971649,-9769.410741304408,806.6011544178649,-6174.304110166094,-3707.869140081265,491.0717181049176,2089.878900776136,7770.986059182049,-1170.6290894641943,-3269.8897898612972,1857.3649970469457,1728.4626845822952,9526.1438370677,-5059.197142678708,-10479.933652487836,-4610.331143030217,-6961.732609552241,-9457.907220041225,5526.21410096707,553.8247946895854,971.4225232527918,-3871.57715867065,-5675.567235773615,-8614.946696604855,3186.263214511253,6799.557428696868,-4136.176748600785,6146.531018866455,-718.3867152240738,-7204.471344957102,1920.4501438086813,7675.497214894932,14478.3763159603,1902.1901641997663,9550.98362410016,4914.0971717249795,9872.176459404032,-614.4910945894749,9547.747215544006,-4077.903430329971,-14002.768351802473,4233.01226649563,-1446.2820173745029
-22790.94377755907,6905.43341732034,17937.836902964846,43103.20706842157,85467.39324574903,-8340.768422173074,2605.855099680334,-711.1742148174969,19598.51559501035,25239.100516727784,-33746.95824483425,-13611.949323003204,-35058.04770502551,58483.86986256853,-41577.552689653,3432.843565204798,-26277.2440175096,-15780.359457214692,2089.878900776136,8894.158941834441,33072.35971789343,-4982.027894558817,-13916.250999902351,7904.808258925669,7356.182799580196,40542.28257534035,-21531.206205457212,-44601.48397500159,-19621.07900819334,-29628.52536014227,-40251.91079471844,23518.937027982294,2357.043418519037,4134.197756264979,-16477.25984261696,-24154.57752405635,-36664.2445634311,13560.382029895036,28938.399908341064,-17603.145421733527,26159.04235178726,-3057.4616408768816,-30661.36948725956,8173.239555744409,32666.37036666159,61618.53660101028,8095.640274829855,40647.827144307004,20914.03205112301,42014.92310170174,-2615.154242812671,40634.281761027545,-17355.314462137896,-59594.38866326128,18015.280884406267,-6155.2003346827605
-84751.91548848322,25678.90022517426,66704.772296762,160288.1807127989,317824.20013658865,-31017.264473026946,9691.740221813208,-2647.9383779074587,72881.34302319564,93855.37234719751,-125493.74731276685,-50618.150839977294,-130369.78471508017,217482.851947345,-154613.2172718512,12765.554402657634,-97717.06179916525,-58680.69783158119,7770.986059182049,33072.35971789343,122982.39248515721,-18525.411576029423,-51748.42359282214,29397.58020210336,27355.25012990437,150763.39291143257,-80066.65514054595,-165858.8588585685,-72963.0081609951,-110179.46600496036,-149685.23274670247,87457.1012937991,8765.226819004365,15373.64833680123,-61275.524857709104,-89823.33011392769,-136340.64130038914,50426.305237996916,107614.09470223653,-65459.158937882916,97276.54603296633,-11371.832962411409,-114017.43261632671,30395.647319061598,121475.47336693906,229140.1251225451,30106.474861588296,151154.88029239952,77773.14352102377,156240.51873738837,-9725.549651394822,151105.2200832317,-64539.72386675613,-221612.21744595675,66991.17626990225,-22889.069026913014
12766.294096118412,-3868.081796846797,-10047.910461027224,-24144.216827705117,-47874.41390432003,4671.979904575124,-1459.6992759821728,398.3532350935442,-10978.112693392575,-14137.664828475117,18903.290347722985,7624.685749638693,19637.699903482513,-32759.65812430769,23289.584081163513,-1922.905342722911,14719.159370163215,8839.375191029918,-1170.6290894641943,-4982.027894558817,-18525.411576029423,2790.6798822525056,7795.16811924442,-4427.836850518946,-4120.5570026335035,-22709.688195544564,12060.608824658479,24983.420771882764,10990.72108368858,16596.40437625391,22547.027516555987,-13174.097447195683,-1320.2969049442843,-2315.730151635653,9229.770217662253,13530.129682910012,20537.410643456406,-7595.818211530396,-16209.83800053626,9860.400868651113,-14652.971764033498,1712.626735550616,17174.905210513738,-4578.202681054103,-18298.099140549988,-34515.5378413326,-4534.779812204732,-22768.76180634598,-11715.006274456458,-23534.568287465885,1464.838469633973,-22761.243101497512,9721.598739466159,33381.71006486626,-10091.26049252321,3447.8212177130217
35661.68326461823,-10805.124982054056,-28067.927874571724,-67445.53765829589,-133733.30221594463,13051.227535821989,-4077.9790049661574,1113.912941744307,-30666.780914202467,-39492.285252608635,52804.92358466481,21298.96682753266,54856.61143634132,-91511.827314119,65057.731138349154,-5371.466584466384,41117.08090358548,24691.644627993537,-3269.8897898612972,-13916.250999902351,-51748.42359282214,7795.16811924442,21774.693070900103,-12369.63347468582,-11510.47208772914,-63437.82189194438,33690.24496934666,69789.58015547969,30701.29812432541,46360.99821747043,62984.013870110735,-36800.14353474934,-3688.199529346102,-6468.858724019402,25783.24514106562,37795.574308081385,57369.18359138833,-21218.265489657657,-45281.47562140585,27543.850729894428,-40931.82008566728,4784.831219327501,47976.1175968848,-12789.609150572021,-51114.21240683853,-96416.90611489961,-12668.02397646029,-63602.58790441672,-32725.160635692388,-65742.384450506,4092.205467377556,-63581.69950715282,27156.817701528304,93249.39352206659,-28188.540761842927,9631.205444246143
-20260.194676188126,6138.473004708346,15945.633311642394,38318.2581713945,75976.27843856438,-7415.551307031292,2317.6182906112936,-635.1503351948105,17422.930263000268,22435.957592401744,-29999.666652813434,-12100.388157655687,-31165.613052179193,51990.2638732637,-36960.81268629787,3051.578372839,-23359.947886701357,-14026.851857128007,1857.3649970469457,7904.808258925669,29397.58020210336,-4427.836850518946,-12369.63347468582,7029.078744824673,6539.352748886637,36040.45417988856,-19139.919329280077,-39649.56395328739,-17441.148748287455,-26339.066087748306,-35783.800284320554,20905.537660302605,2095.4390434529,3675.202974955639,-14649.145423939482,-21472.880909605625,-32591.638855624766,12054.402968568314,25726.393371498983,-15647.379250785374,23253.945455081917,-2719.8506453622704,-27254.91734774156,7267.5904943169635,29038.716001777484,54777.27132993781,7197.88578667675,36133.6017525124,18592.19598323379,37350.40987003203,-2325.4787780964944,36121.89077861361,-15428.865881151203,-52977.21532713405,16013.218042657827,-5471.663458714208
-18851.803647564655,5711.875986515005,14837.478708875744,35653.947239867986,70695.19737929948,-6899.428716275676,2155.9700933598647,-589.4311169219226,16211.504707189251,20876.67880056712,-27914.224212696932,-11259.235904244448,-28998.896551948434,48375.93362958595,-34391.42986560212,2839.5043972531003,-21735.80665997376,-13052.492791408293,1728.4626845822952,7356.182799580196,27355.25012990437,-4120.5570026335035,-11510.47208772914,6539.352748886637,6084.777846649558,33535.09654712872,-17809.538299318865,-36892.944081498805,-16229.374830350875,-24507.895671253573,-33295.4905848953,19453.271733377565,1949.7174320218276,3419.6335360581597,-13630.103500487447,-19979.928229809244,-30326.755415145875,11216.551229925533,23937.397597923362,-14560.273147800157,21637.691299595186,-2529.779560470977,-25361.220910098567,6761.333174808629,27020.433089399743,50968.98550065676,6696.934097974234,33622.04439039985,17299.588061747414,34753.51255208074,-2163.392025320149,33611.09465536923,-14356.047668523472,-49294.41577338742,14900.974929754246,-5091.322503809104
-103898.22904130594,31479.906930187484,81773.84648798252,196500.07928356697,389623.4218305253,-38025.066485819305,11882.192490388243,-3248.5894527239766,89346.59434142652,115057.83832369915,-153844.1028003327,-62053.22764206367,-159822.06401000987,266614.9721775154,-189542.0267229507,15649.358641501325,-119792.847629712,-71936.28493614959,9526.1438370677,40542.28257534035,150763.39291143257,-22709.688195544564,-63437.82189194438,36040.45417988856,33535.09654712872,184822.45107893692,-98154.12264468212,-203328.65454606194,-89445.13055029845,-135070.6548275857,-183501.94738122926,107213.05094979466,10745.489100819841,18846.730884344153,-75119.67790180113,-110115.73428409958,-167140.27913815368,61817.94502585639,131926.42701474426,-80246.19980406231,119252.07481902724,-13942.424381960127,-139773.6726824381,37263.92474905985,148917.87376223312,280906.09795082355,36908.868544757104,185301.75760388846,95343.3782224892,191537.60745518605,-11923.20398235066,185241.23325723514,-79120.57324093828,-271676.97806290165,82123.8639341846,-28059.902276094053
55177.543858432306,-16718.07040049464,-43427.61405715279,-104355.5280064664,-206918.36813951732,20194.275628828556,-6310.044468405817,1724.9104408482435,-47449.262616632746,-61103.99191405667,81702.43148898394,32954.86609783681,84877.0850555598,-141591.77059150123,100660.61554027523,-8310.913776092886,63618.590611889034,38203.38374733017,-5059.197142678708,-21531.206205457212,-80066.65514054595,12060.608824658479,33690.24496934666,-19139.919329280077,-17809.538299318865,-98154.12264468212,52127.2853125339,107982.26790836023,47501.94879032925,71732.10595931401,97452.6991030776,-56938.101755052616,-5706.597672237975,-10009.098920406092,39893.55894449444,58479.47242458075,88763.79701453555,-32829.8626615794,-70062.14424616724,42616.59035874155,-63331.44326410474,7404.2135011506125,74230.22300792958,-19789.722605640898,-79085.84635965043,-149181.33742158144,-19601.046208218508,-98408.95936788828,-50633.999240014025,-101720.35154847978,6332.135660953888,-98376.46707794731,42018.457761127596,144280.07709192423,-43613.792546083416,14901.877688831186
114301.52951282456,-34631.923932920174,-89961.66995541293,-216175.74889336943,-428636.1220319813,41832.78345404829,-13072.113407016992,3574.4167674131304,-98292.89196010344,-126578.38547036293,169248.47116162858,68266.60979080445,175825.07578383817,-293311.09606277937,208520.8284740404,-17216.294809994382,131787.74821385863,79138.95956864441,-10479.933652487836,-44601.48397500159,-165858.8588585685,24983.420771882764,69789.58015547969,-39649.56395328739,-36892.944081498805,-203328.65454606194,107982.26790836023,223688.02411845088,98401.00422024322,148595.27221977283,201876.21116737288,-117947.90829329343,-11821.446099848585,-20733.902085747843,82641.57674243615,121141.69028661192,183875.72576468,-68007.71907880966,-145136.34698772497,88280.98843406519,-131192.6355310881,15338.820316981013,153768.84668934855,-40995.532303674445,-163828.76745494982,-309033.26043529774,-40604.7245086697,-203855.90054235834,-104890.09558338285,-210716.3819181464,13117.24564879257,-203789.27188176257,87042.93889088117,298879.9067291399,-90346.55225854939,30869.527932428868
50281.72805656616,-15234.824778010843,-39574.7691042408,-95096.11549852275,-188559.17241684557,18401.93569441327,-5750.03224343276,1571.1421711874798,-43239.248045986555,-55682.664558657445,74453.09614736449,30030.780003909495,77345.99315437203,-129028.58908505573,91729.13970481184,-7573.578719666794,57973.766459334045,34814.14387084923,-4610.331143030217,-19621.07900819334,-72963.0081609951,10990.72108368858,30701.29812432541,-17441.148748287455,-16229.374830350875,-89445.13055029845,47501.94879032925,98401.00422024322,43287.5467429526,65367.509221370994,88805.55529245408,-51886.57654022718,-5200.262077337372,-9120.869174304367,36353.80123468588,53290.51450565625,80888.28615006407,-29916.972904063154,-63845.590237211356,38835.66397979592,-57712.37750301952,6746.813379625454,67644.30550713232,-18033.254784786113,-72069.2476744969,-135944.66053360532,-17861.715778931997,-89677.28698439147,-46141.450659283604,-92694.62480812513,5769.992414946444,-89647.94209698311,38290.33367726464,131478.46039739068,-39744.56588354649,13579.646581759962
75930.14334257772,-23005.936271145805,-59761.48482889852,-143605.07552999406,-284741.76571493066,27789.147169464846,-8683.906740384362,2374.5224705195847,-65295.84104524902,-84085.74511804411,112431.25064848308,45349.238297336655,116800.09971868912,-194845.81363886895,138519.76797979668,-11436.752686963502,87546.27040260276,52571.87176176862,-6961.732609552241,-29628.52536014227,-110179.46600496036,16596.40437625391,46360.99821747043,-26339.066087748306,-24507.895671253573,-135070.6548275857,71732.10595931401,148595.27221977283,65367.509221370994,98711.55835329457,134105.80855263936,-78352.4365927202,-7852.968978264581,-13773.367171434033,54898.811470364155,80474.0432743124,122148.08426306277,-45177.31169972758,-96413.8512188104,58644.875985032726,-87150.98427655653,10189.57207905802,102148.13851604634,-27233.188572032213,-108831.27910717852,-205290.01975240055,-26973.707230871492,-135420.72702327743,-69678.36525874553,-139978.2620907537,8713.653363691406,-135376.70671616375,57822.56576159483,198545.14826547017,-60017.02508001634,20506.524961967552
103155.89524197858,-31254.907324008473,-81189.39141012418,-195096.6566936646,-386839.3410793505,37753.81849150519,-11797.755270610354,3226.618589864184,-88708.47493720103,-114235.51008908688,152744.93767735595,61609.85016675858,158680.3690007578,-264710.28258383716,188187.83977041094,-15537.500119701912,118937.18283536882,71421.77010810094,-9457.907220041225,-40251.91079471844,-149685.23274670247,22547.027516555987,62984.013870110735,-35783.800284320554,-33295.4905848953,-183501.94738122926,97452.6991030776,201876.21116737288,88805.55529245408,134105.80855263936,182191.50381101482,-106446.26311167012,-10668.761194969184,-18712.11884897212,74583.57673356908,109329.19392396261,165945.53090351901,-61376.17991865473,-130984.37491040953,79672.39521446302,-118399.88304593749,13843.599371732147,138774.2859789397,-36998.50789660721,-147853.68069066343,-278899.4760656437,-36645.648524117365,-183977.5794010803,-94662.34775764683,-190169.50102315005,11838.331049167753,-183917.57294029987,78555.5337560973,269736.00162102724,-81536.40449750301,27859.40516670085
-60270.00160255181,18261.176631045244,47436.156624530675,113986.43206533321,226015.79202216776,-22057.326891134468,6892.116369392019,-1882.912013306026,51828.46262024979,66743.85704100045,-89242.91711419748,-35996.29314676695,-92710.42426581398,154659.55177382543,-109950.77204477027,9078.043641502878,-69489.9612454503,-41729.962495941225,5526.21410096707,23518.937027982294,87457.1012937991,-13174.097447195683,-36800.14353474934,20905.537660302605,19453.271733377565,107213.05094979466,-56938.101755052616,-117947.90829329343,-51886.57654022718,-78352.4365927202,-106446.26311167012,62193.84603455102,6233.257087251864,10932.69671536042,-43575.144195699475,-63876.424739508206,-96956.5845597811,35859.888910413465,76528.09507485459,-46550.33361235697,69176.74867589292,-8086.82609362914,-81081.78892496532,21615.28405744969,86385.52255264291,162949.42584904446,21409.730991439694,107491.42132009851,55307.197240265734,111107.96043633463,-6916.109585332176,107456.17916540998,-45896.45703702842,-157596.10522605962,47639.83987801926,-16277.200002760252
-6040.589572137363,1830.2254662101284,4754.299975467047,11424.467956061955,22652.495036735494,-2210.7700992235223,690.8692191635873,-188.96614527385248,5194.603194186975,6689.399426156937,-8944.416930597645,-3607.736178461961,-9291.988920189056,15500.883901988196,-11019.878444251293,909.8480215222976,-6964.718881096404,-4182.3114393963,553.8247946895854,2357.043418519037,8765.226819004365,-1320.2969049442843,-3688.199529346102,2095.4390434529,1949.7174320218276,10745.489100819841,-5706.597672237975,-11821.446099848585,-5200.262077337372,-7852.968978264581,-10668.761194969184,6233.257087251864,624.7436966485124,1095.734196583029,-4367.489213623766,-6402.082709667637,-9717.408044173282,3594.0566125617966,7670.196997543492,-4665.444174695809,6933.251513096762,-810.6684488731946,-8126.310886785312,2166.5607727962224,8658.030173461753,16331.777183947004,2145.9100050688103,10773.318273139437,5543.246535442802,11135.924049254443,-693.2239740512437,10769.833319212974,-4600.071147147523,-15795.181375582779,4774.597762430919,-1631.384442635908
-10594.74451759222,3210.0369322758966,8338.511912594468,20037.480046075874,39730.69270586976,-3877.6850289436147,1211.600742634846,-331.33021052593864,9110.785892901422,11732.619567458803,-15687.824774327546,-6327.744030759868,-16297.405815719088,27187.25226172461,-19328.018263034588,1595.7849016906728,-12215.519374256748,-7335.400769216735,971.4225232527918,4134.197756264979,15373.64833680123,-2315.730151635653,-6468.858724019402,3675.202974955639,3419.6335360581597,18846.730884344153,-10009.098920406092,-20733.902085747843,-9120.869174304367,-13773.367171434033,-18712.11884897212,10932.69671536042,1095.734196583029,1921.9092491854096,-7660.006035509428,-11228.771413577811,-17043.626134022048,6303.71324744874,13452.74046478949,-8182.797188898377,12160.317128418023,-1421.7756768261486,-14253.00219449864,3799.9593739635925,15185.273098339923,28644.551278027986,3763.6480668498953,18895.695547044274,9722.271922295457,19531.54095470889,-1215.9173009669294,18889.38291881927,-8067.995499888804,-27703.434208020768,8374.248890412728,-2861.3346383898843
42228.57695844898,-12794.752502813777,-33236.44458259365,-79866.6311014872,-158359.14467885613,15455.064404501605,-4830.0524823779615,1321.6148260058012,-36314.68046269677,-46764.23712417229,62528.71899099441,25220.929238202865,64958.62958031971,-108363.91148526543,77037.89592642759,-6360.5450200100195,48689.15615706835,29237.547719372695,-3871.57715867065,-16477.25984261696,-61275.524857709104,9229.770217662253,25783.24514106562,-14649.145423939482,-13630.103500487447,-75119.67790180113,39893.55894449444,82641.57674243615,36353.80123468588,54898.811470364155,74583.57673356908,-43575.144195699475,-4367.489213623766,-7660.006035509428,30532.739201982415,44755.83267413864,67932.27623188806,-25125.3088014953,-53621.249818738834,32615.090920769948,-48469.048274568624,5667.60053056283,56809.12610496745,-15146.380707294786,-60526.73510439797,-114172.61925846738,-15001.934409691685,-75314.0014440689,-38751.986795345365,-77849.29884068228,4846.264452778098,-75289.82536988998,32158.459209121625,110421.2028410862,-33378.03260569453,11404.691997256243
61901.73742458712,-18755.433844263076,-48720.06659879633,-117073.31199506643,-232134.40309874836,22655.230664133578,-7079.432840383285,1935.8763125464507,-53232.00851698209,-68550.4122266007,91659.10480707815,36970.82832215831,95220.77610207663,-158847.12203089232,112927.6543214648,-9323.72968584115,71371.67891190255,42858.84975452909,-5675.567235773615,-24154.57752405635,-89823.33011392769,13530.129682910012,37795.574308081385,-21472.880909605625,-19979.928229809244,-110115.73428409958,58479.47242458075,121141.69028661192,53290.51450565625,80474.0432743124,109329.19392396261,-63876.424739508206,-6402.082709667637,-11228.771413577811,44755.83267413864,65606.16566701084,99580.66673460859,-36830.611994375555,-78600.82108329544,47809.88234254604,-71049.35932840133,8307.027632696685,83275.8192392985,-22201.836047101166,-88723.90684023107,-167361.7131010758,-21990.13382603282,-110401.27808001745,-56804.829715669985,-114116.71986681921,7103.877505631655,-110365.16131765592,47139.42506571981,161862.97305575982,-48928.486248579284,16717.87040285334
93958.18655211385,-28468.255423422936,-73950.58632594872,-177700.19462447733,-352348.01945933147,34386.81998405987,-10744.958636244824,2936.63657840657,-80798.44557222747,-104050.35170551731,139125.6713487445,56116.56600430258,144531.5396751318,-241107.4260070348,171408.30898496276,-14152.200763653143,108331.91754496426,65054.54481613482,-8614.946696604855,-36664.2445634311,-136340.64130038914,20537.410643456406,57369.18359138833,-32591.638855624766,-30326.755415145875,-167140.27913815368,88763.79701453555,183875.72576468,80888.28615006407,122148.08426306277,165945.53090351901,-96956.5845597811,-9717.408044173282,-17043.626134022048,67932.27623188806,99580.66673460859,151150.3289604137,-55903.84470848695,-119304.34624200505,72569.38045276786,-107843.23697328733,12607.795434451322,126402.07780811917,-33698.09477780671,-134670.85853667484,-254031.1397398417,-33377.283125246984,-167574.00688456578,-86221.57368588903,-173212.65999031183,10782.2274672202,-167519.12857568593,71550.73566963169,245685.2491203066,-74267.61906042778,25375.403173205927
