V1,V2,V3,V4,V5,V6,V7,V8,V9,V10,V11,V12,V13,V14,V15,V16,V17,V18,V19,V20,V21,V22,V23,V24,V25,V26,V27,V28,V29,V30,V31,V32,V33,V34,V35,V36,V37,V38,V39,V40,V41,V42,V43,V44,V45,V46,V47,V48,V49,V50,V51,V52,V53,V54,V55,V56
2.438774345930687,-0.7395335721211911,-1.9214375733838964,-4.604720950444353,-9.14671534862951,0.8904110354555054,-0.27301682268069377,0.06385812301475487,-2.0949920750235833,-2.7038796313905404,3.6092840664993173,1.4569276244495497,3.747792370888903,-6.252745557198845,4.4463972809115795,-0.3689464486910347,2.808926365902934,1.6940650660008123,-0.22463662200978327,-0.9577686274715722,-3.5475959506141965,0.5359798067815323,1.4936595764155887,-0.8394398495849869,-0.7876497540625028,-4.337261679287731,2.303599799543685,4.768950602932844,2.1050124083642454,3.166743256063702,4.299850818437804,-2.5241162945704847,-0.25208814117761685,-0.4426960925484299,1.755781020470006,2.580674722315942,3.9275817913871,-1.451757756370678,-3.090702191838916,1.8862947670597539,-2.7988724322978147,0.3198409213264118,3.2868308010242058,-0.8653884683539357,-3.4972482494472867,-6.5862892976770935,-0.8613444329589706,-4.350750578485229,-2.2349178333685424,-4.489716877693413,0.2773456301457478,-4.349247747710392,1.8544134177595024,6.374377732121934,-1.9342467559443692,0.6579923695437688
-0.7395335721211911,0.23825566799020423,0.6155652737560443,1.302947346071572,2.8249615848407035,-0.19422748763233466,0.0024569685379679036,0.19772317137644943,0.5911273784924228,0.8645430927675359,-1.0912438756231444,-0.44523516292741583,-1.1013119279153167,1.857387911161016,-1.3394527083730827,0.1192673953082555,-0.8108357096357036,-0.6080209742975302,0.09926803280018778,0.414754662608228,1.2486186059858924,-0.23386787678173437,-0.5507778861204735,0.10511486649864658,0.2390891354618123,1.3119647964871755,-0.7232554259615477,-1.3934515554767726,-0.7264141715052588,-0.9236022745875465,-1.1913117543327019,0.9001352967616711,0.06798534650519282,0.12661026440534184,-0.42401390556357255,-0.7457678701414641,-1.289787306767223,0.4555651609373408,0.8420864055871288,-0.6530232075779764,0.8765677101475068,0.04187051331102447,-1.125136813644043,0.11843759891273621,1.09400431874385,1.9278630337946252,0.1754250265607594,1.3609401455787977,0.6456569442396856,1.2934890410900706,-0.028971669545908334,1.3436940984033292,-0.5152377665425857,-1.9143378463875043,0.7085372921072607,-0.20249652687981043
-1.9214375733838964,0.6155652737560443,1.5915942249091295,3.4057996582304177,7.326283173868577,-0.5242351729183238,0.02454598921492576,0.4620980078085947,1.54657183614273,2.236067498144857,-2.8348037088710485,-1.1561045585846415,-2.8685664773945176,4.8326894086151775,-3.480680749976355,0.3089786707867486,-2.1159961696296787,-1.5574191238895583,0.24996608806524526,1.0473428131442772,3.2022331296064714,-0.5898335061008704,-1.4070390855215116,0.31008601028342914,0.6214809702237429,3.4088838045270067,-1.872001655732159,-3.6324384533678487,-1.8667381010787347,-2.407218856503348,-3.121275604838656,2.3065556682646227,0.17889611301722613,0.3313115137168363,-1.1265084527411473,-1.9449852312492666,-3.326664699970022,1.179882109747213,2.210119227399235,-1.6760109876436409,2.269495563340389,0.07540581162583929,-2.891771029136263,0.3411856001511593,2.8343238192629094,5.022976646387306,0.47609907491086223,3.525224003732308,1.6842701154056612,3.375205235878449,-0.08883134263080256,3.485039927264925,-1.3498235779459518,-4.977088550845631,1.8116102113585875,-0.52482468066767
-4.604720950444353,1.302947346071572,3.4057996582304177,9.334596813557592,16.9329597789959,-2.181233854517056,1.062801054835216,-1.5828317902359876,4.25160840544274,4.801777715035914,-6.844604267883968,-2.726931039157512,-7.321141295799961,12.082098522515746,-8.465466412100566,0.6411986416302523,-5.582254818145928,-2.562677693972418,0.2179641694241862,0.9756415439906365,5.539341313688875,-0.5370194597591935,-2.1659137398192567,2.5820148406870795,1.4832902230796665,8.215346686579384,-4.191408956810095,-9.362742082170842,-3.3789687288470387,-6.234146950698764,-8.881777958985296,3.859227667401865,0.5313305349332684,0.8836776036969276,-4.051529269485333,-5.129739170844526,-6.756588957117642,2.638545689191944,6.4790851500080695,-3.025007013929944,5.106109961348025,-1.5368601081723168,-5.347375654656424,2.608884826341234,6.378444594217502,12.919182447842177,2.2046100825023958,7.940005537224628,4.441623436873984,8.946066172396316,-0.8920623978210998,8.046109302224055,-3.818934876026691,-12.16859578704661,2.8322719314046574,-1.226307472277079
-9.14671534862951,2.8249615848407035,7.326283173868577,16.9329597789959,34.49469041476219,-3.060069845166903,0.7328743730627669,0.5521286342645791,7.695886688374371,10.302842395662193,-13.527337285136774,-5.476547178385784,-13.930353697406884,23.31464587309198,-16.64710608739384,1.4089935864796892,-10.386537238816059,-6.697378998493693,0.9571576618559442,4.0468721534107095,13.937258650774336,-2.2719896520546143,-5.960213783240078,2.6005624703957313,2.954317312631441,16.256346739333917,-8.732351008897428,-17.69503324189927,-8.215503441459061,-11.745562803115943,-15.717679234848443,9.95829848798564,0.9141321490676843,1.6314501218366808,-6.191639140386451,-9.547499482716672,-15.092627480790238,5.50100991642139,11.245631280524385,-7.372823635039727,10.601477658741167,-0.6924976212738797,-12.797698827405018,2.7221566369658725,13.238966643727426,24.454001555857293,2.9178967883897657,16.47107608781452,8.266972770193414,16.59427428452828,-0.8382684962427813,16.4029664542003,-6.783417665019582,-23.841633287339587,7.699892035729256,-2.4798108138894777
0.8904110354555054,-0.19422748763233466,-0.5242351729183238,-2.181233854517056,-3.060069845166903,0.7374060784387618,-0.5308466924683004,1.1942510383519847,-1.0035812393398715,-0.7474860523815708,1.3325607207926644,0.5137214637334601,1.5553716187219464,-2.48649127457675,1.6677614764905455,-0.09682142316269769,1.2454117056338458,0.110033947955655,0.08712345829399287,0.3224084285615912,-0.36119201095177694,-0.19091515977822773,0.016037525689311924,-1.1158121876057343,-0.2870506773872646,-1.5998603544722874,0.704911555077261,2.0242331564094327,0.294153860425545,1.3514274265316144,2.175464260599255,-0.19473304334572616,-0.13825518761915503,-0.20397502521731709,1.223686716750437,1.1375237454156601,0.899077547546016,-0.4470840799271566,-1.640764230067778,0.24853640941587185,-0.868644756738903,0.8666107151718857,0.5050492601454502,-1.090769900723817,-1.0959040267699827,-2.773419484142179,-0.7769640584523599,-1.362132816380988,-0.9869700161457632,-2.002133193452087,0.3996651699843859,-1.4535998828894379,0.9309519381177609,2.4253224948503167,-0.04759828888867484,0.2229146221884413
-0.27301682268069377,0.0024569685379679036,0.02454598921492576,1.062801054835216,0.7328743730627669,-0.5308466924683004,0.4990828458295157,-1.2621202392414657,0.4888434799744788,0.042804722529607014,-0.4280637709688578,-0.1427018451249468,-0.628124494389068,0.9339150265850721,-0.5559088839411634,-0.005165832818210773,-0.5530392967565229,0.35601082474635143,-0.15252953532505828,-0.6083946118576643,-0.598571235452752,0.3487334712220007,0.39526904416110853,0.9515282803313212,0.08527229470506023,0.5070987450872307,-0.12057895172174642,-0.8407356699959637,0.27505753859813525,-0.5717613593261633,-1.1353494508794157,-0.49571914516257576,0.07603659255023758,0.0913024169259641,-0.8273541079071238,-0.5077519720979354,0.12728175862950472,0.07435799124227405,0.8977081168167933,0.25112258566642465,0.158366763254374,-0.8369635326782879,0.3701974148495669,0.9326182703008558,0.19840426384409407,1.1490378697815469,0.5926139635822277,0.2501489002403991,0.4394095042579576,0.9028862673230288,-0.347792313343782,0.3442815017020294,-0.48007824762715817,-0.8262343590108971,-0.48746478743737875,-0.059105826805940315
0.06385812301475487,0.19772317137644943,0.4620980078085947,-1.5828317902359876,0.5521286342645791,1.1942510383519847,-1.2621202392414657,3.379760079365366,-0.740855649020387,0.62590742791942,0.1512853072886136,-0.01590906945651102,0.6517339664832337,-0.7782593982152407,0.2627229255563941,0.10977111705645988,0.7129228973379584,-1.4237651534623283,0.4758442820844526,1.9057257571577613,2.592519358913762,-1.091588239117945,-1.4795884957075576,-2.3398081297082935,-0.01506257719900986,-0.16765064846068659,-0.31756715691563364,0.9475154199501483,-1.3174128858257035,0.6599972261535837,1.8681909981853764,2.029558207412194,-0.13696583805740298,-0.1274566591449724,1.7378258649095315,0.6474897691772208,-1.4293912842990264,0.20002700666652465,-1.5634904765412359,-1.20409362871775,0.3527676667662751,2.1673040160739805,-1.9073365941166633,-2.267145623505799,0.42903546019080185,-1.2647898689556558,-1.357682049593059,0.5292584309198123,-0.5621104994423664,-1.1841022311137237,0.8628265551011117,0.27130223328329656,0.7816576868431969,0.4627773395977877,1.846155715804887,-0.025810821683910037
-2.0949920750235833,0.5911273784924228,1.54657183614273,4.25160840544274,7.695886688374371,-1.0035812393398715,0.4888434799744788,-0.740855649020387,1.9391060820852681,2.1814917179536604,-3.111348011554638,-1.2406494567561321,-3.3312256336909396,5.494804103026807,-3.8484293979260324,0.29317820746335793,-2.5425570465329517,-1.1571819757684314,0.09484614339835706,0.43026783153635045,2.501723593631835,-0.2354335111434128,-0.9742957919776534,1.19262561867037,0.675685961524783,3.7365007251035167,-1.9014109251010967,-4.263461029601612,-1.529744380065356,-2.8368611752760455,-4.0498203829164545,1.7426769951073617,0.2431717475817023,0.40412441974691943,-1.8513144313056804,-2.333854551185305,-3.0622447400645787,1.1987074825218909,2.9558723952797683,-1.365049356677821,2.3170291400042617,-0.7133855765983445,-2.4181323652017266,1.1987447867526861,2.8984657920128427,5.878291218402082,1.0110118795513072,3.6063570733947965,2.0216400420885794,4.072460712842479,-0.4122511223634117,3.657821558792302,-1.7418481342627137,-5.5352592011011055,1.2762404212761098,-0.5561618554437328
-2.7038796313905404,0.8645430927675359,2.236067498144857,4.801777715035914,10.302842395662193,-0.7474860523815708,0.042804722529607014,0.62590742791942,2.1814917179536604,3.1419957382586885,-3.988551928937546,-1.6265882586212612,-4.039662979429289,6.803065386536993,-4.897802876214282,0.4346524869552131,-2.9819141074838527,-2.1811208651122502,0.34779224903067657,1.4593049317973845,4.486182510185555,-0.8213273582985264,-1.9684421646332921,0.45428525656188123,0.874804688503317,4.796899598543377,-2.6305171080834615,-5.117101299592478,-2.6172881444534615,-3.3906244927138913,-4.40435810319822,3.230574872638899,0.2528823036491122,0.46753582402695687,-1.5966558344012975,-2.7400214580375395,-4.669478799413688,1.6585397125991443,3.120463489576174,-2.3482945050996884,3.18945595794046,0.09024847300063035,-4.054129851916277,0.4956787857790426,3.984644494885019,7.074198330308355,0.6795223135943386,4.955398128950108,2.373001936162614,4.755915321321474,-0.1315457637509869,4.901233667399558,-1.9047399524339104,-7.005005593625164,2.535387356772042,-0.7377270396970558
3.6092840664993173,-1.0912438756231444,-2.8348037088710485,-6.844604267883968,-13.527337285136774,1.3325607207926644,-0.4280637709688578,0.1512853072886136,-3.111348011554638,-3.988551928937546,5.346282438625576,2.1548957641755773,5.559591349107253,-9.271344740224308,6.587781129014425,-0.5413525553291307,4.169183001689939,2.4821579670766973,-0.3260256885188642,-1.387169199036685,-5.207619703443901,0.7772208420533924,2.187232012357115,-1.2768086271782624,-1.164530791081922,-6.42174989359308,3.4068068928313404,7.073281437243682,3.0912281596770086,4.70001283908353,6.3953708194077095,-3.700717631092423,-0.3744989675271998,-0.6554459111988702,2.629810943495349,3.833378548392059,5.789803251384423,-2.1448827840413065,-4.600233194515814,2.7748831105101384,-4.139277038904078,0.5085132864291902,4.833935488875517,-1.3208709132530636,-5.167418085459461,-9.773357025593961,-1.2974407225626603,-6.4307188808000895,-3.318779868374259,-6.667689797451992,0.42344514290768187,-6.430871199610923,2.7569399889235457,9.442269287324347,-2.83159545026064,0.9749106502190571
1.4569276244495497,-0.44523516292741583,-1.1561045585846415,-2.726931039157512,-5.476547178385784,0.5137214637334601,-0.1427018451249468,-0.01590906945651102,-1.2406494567561321,-1.6265882586212612,2.1548957641755773,0.8712872865438702,2.229688537257556,-3.724817895755449,2.6534288243490174,-0.222612928513535,1.667680006868321,1.0355651579549212,-0.14174795505015123,-0.6028485602666158,-2.1620574788564024,0.3376232652082731,0.9163887926395624,-0.46487903023256505,-0.4707483250173199,-2.5900312703128248,1.3818005573285086,2.8356551056853845,1.2796119585190902,1.882200175142796,2.5404008149293014,-1.5414301051636212,-0.1486023001417972,-0.26278292351963295,1.0215228649471388,1.5319511295820396,2.37056319300373,-0.871054830538779,-1.8225471832069624,1.1464724547473817,-1.6784122710822558,0.1566533905125076,1.995132103332413,-0.4807955161822192,-2.0975532803899744,-3.916389966503951,-0.49318505252201267,-2.6091646051192643,-1.3268033150109864,-2.66455086906311,0.15215066424772256,-2.6043545841363587,1.0960791415943942,3.802968189791206,-1.185795225594206,0.39358103864882826
3.747792370888903,-1.1013119279153167,-2.8685664773945176,-7.321141295799961,-13.930353697406884,1.5553716187219464,-0.628124494389068,0.6517339664832337,-3.3312256336909396,-4.039662979429289,5.559591349107253,2.229688537257556,5.853837764874235,-9.716791417479795,6.861796113608897,-0.5447545846019474,4.422740150328598,2.3624530176404765,-0.26791675320282277,-1.157580396945634,-5.014135694872684,0.6450350443651238,2.048688724755581,-1.6653953682803677,-1.2084524371921723,-6.676019326786187,3.4820380234153214,7.465102827308227,3.0089265268111562,4.964711115685412,6.897763657643792,-3.5358505028324796,-0.4079903685279468,-0.69764298097012,2.9783355061112795,4.065210182682141,5.787496625785522,-2.1923233980079524,-4.993798415305101,2.697635207023509,-4.235552393907324,0.8441998839131136,4.7274153416734075,-1.7001120248042096,-5.289471453767594,-10.308017165569396,-1.5427149783534115,-6.583204477819881,-3.5197530041840963,-7.079503383061558,0.56503216698153,-6.621224693285709,2.9700780139572585,9.847784568625807,-2.6624722031357173,1.005938622443489
-6.252745557198845,1.857387911161016,4.8326894086151775,12.082098522515746,23.31464587309198,-2.48649127457675,0.9339150265850721,-0.7782593982152407,5.494804103026807,6.803065386536993,-9.271344740224308,-3.724817895755449,-9.716791417479795,16.157056800860296,-11.436020185256337,0.9190677045077897,-7.320678790608366,-4.075714922052283,0.49153008968687417,2.1085399729242744,8.611866352943922,-1.1780308149985457,-3.5575511730053537,2.565230815515739,2.0163805658626597,11.133711601505482,-5.8450061522167225,-12.379812268701196,-5.1453360601603135,-8.231230894790908,-11.34808131422149,6.091000038681137,0.6685517209423282,1.1528726858033438,-4.814985571148319,-6.73043506063249,-9.796736547273701,3.6795031398722076,8.196244561239814,-4.6165422857002625,7.106640233941672,-1.2106142178637949,-8.070352348716954,2.6317168928931576,8.872593658632807,17.099822488798793,2.4517503378777157,11.0428508624786,5.82696116772502,11.715132997176818,-0.8640340547355034,11.082150191557105,-4.888189580725071,-16.40373986100841,4.615813418073956,-1.6827260133873794
4.4463972809115795,-1.3394527083730827,-3.480680749976355,-8.465466412100566,-16.64710608739384,1.6677614764905455,-0.5559088839411634,0.2627229255563941,-3.8484293979260324,-4.897802876214282,6.587781129014425,2.6534288243490174,6.861796113608897,-11.436020185256337,8.119332073845662,-0.6640250234093381,5.1506975269599575,3.024649540792039,-0.390842762534145,-1.6653936928221567,-6.354900625288473,0.9326543774103392,2.660337858227592,-1.6250218999004806,-1.4344251233830612,-7.912502691696112,4.188680142114749,8.732495922244562,3.7770973504858683,5.803377823566467,7.918500666935353,-4.511671610181006,-0.46424352968026317,-0.8099838366536346,3.2781824892257814,4.735866552057439,7.0982019657508735,-2.636995375813693,-5.70075653847672,3.3904279669475463,-5.089970213453149,0.6751651581155316,5.910233226785745,-1.678129676275654,-6.354171376548199,-12.065292676743875,-1.6285429023954947,-7.907847234206565,-4.1000665603376225,-8.238589854391616,0.5408934593396102,-7.9137277302843385,3.4129477877368024,11.639150660634897,-3.4455095640671445,1.2001709431275944
-0.3689464486910347,0.1192673953082555,0.3089786707867486,0.6411986416302523,1.4089935864796892,-0.09682142316269769,-0.005165832818210773,0.10977111705645988,0.29317820746335793,0.4346524869552131,-0.5413525553291307,-0.222612928513535,-0.5447545846019474,0.9190677045077897,-0.6640250234093381,0.06196169499992089,-0.40137300194233155,-0.30841459687525,0.049845037857896915,0.21161893336171628,0.6298800783528705,-0.1183409154098425,-0.27808762301658047,0.04827686308346601,0.12012231480213094,0.6529136166628738,-0.3590375779035342,-0.691244485469797,-0.3677204780006994,-0.45605664119273337,-0.5868021789180146,0.45572524191795233,0.034093493826571765,0.0640636894312436,-0.20372962932185293,-0.3667902766060707,-0.6462840300578844,0.2277967226931278,0.41430718343520234,-0.32658532899905757,0.4354482740501194,0.02712325242460082,-0.56552224099819,0.04981761568596904,0.5472072840502835,0.9523773963035762,0.08293916892612847,0.6790775436625995,0.3183576365064568,0.6378128466119088,-0.012719187081684057,0.6711451347763724,-0.2545040054819856,-0.95139548232984406,0.3590735320411556,-0.09975353887355876
2.808926365902934,-0.8108357096357036,-2.1159961696296787,-5.582254818145928,-10.386537238816059,1.2454117056338458,-0.5530392967565229,0.7129228973379584,-2.5425570465329517,-2.9819141074838527,4.169183001689939,1.667680006868321,4.422740150328598,-7.320678790608366,5.1506975269599575,-0.40137300194233155,3.3567595389126583,1.6732011103041067,-0.1681469550218159,-0.7384682700851244,-3.5786576854187206,0.4089920090400578,1.4337110230747308,-1.4039212879097906,-0.9057593620556508,-5.006469383617665,2.5831308386279095,5.649047083718945,2.1643541297178084,3.7579268872440528,5.285574367730527,-2.5106925221940983,-0.31474060490440664,-0.5312183759720857,2.3435317562634244,3.0836942874913014,4.234736586021943,-1.627172302628902,-3.8408368804717616,1.9369025924871388,-3.1445673639796388,0.7765969374479866,3.409513072463909,-1.4224272370157582,-3.929655883940568,-7.795408824918747,-1.2448622823040856,-4.890299228758283,-2.670423738099761,-5.374884121539971,0.4808667817225204,-4.936687955441455,2.274686662734205,7.399117404419235,-1.8691215027622525,0.7503751332615933
1.6940650660008123,-0.6080209742975302,-1.5574191238895583,-2.562677693972418,-6.697378998493693,0.110033947955655,0.35601082474635143,-1.4237651534623283,-1.1571819757684314,-2.1811208651122502,2.4821579670766973,1.0355651579549212,2.3624530176404765,-4.075714922052283,3.024649540792039,-0.30841459687525,1.6732011103041067,1.8148375312880352,-0.3652634893247291,-1.5042536517950402,-3.6311742350859992,0.8526032343416019,1.6973981602466806,0.4238476661111685,-0.5496383524252798,-2.9891667486126408,1.7640677397089377,2.9550391909639773,2.058813149285989,1.9486348551775203,2.223661391476146,-2.6640950142490305,-0.11851929137695932,-0.25729707831162246,0.4841072824935084,1.5402365197319925,3.393916795345698,-1.11187029146467,-1.5024951519306187,1.8546966132260423,-2.1290115662201328,-0.7160050133975219,3.14923587432605,0.3745308719496284,-2.6555468294900746,-4.09972551545601,-0.01805413742114861,-3.301506223944098,-1.3333699027004626,-2.654773865821601,-0.17905699276921536,-3.188502961012012,0.9695247705905985,4.299009564441355,-2.1678842990725093,0.4756183894735815
-0.22463662200978327,0.09926803280018778,0.24996608806524526,0.2179641694241862,0.9571576618559442,0.08712345829399287,-0.15252953532505828,0.4758442820844526,0.09484614339835706,0.34779224903067657,-0.3260256885188642,-0.14174795505015123,-0.26791675320282277,0.49153008968687417,-0.390842762534145,0.049845037857896915,-0.1681469550218159,-0.3652634893247291,0.09015014287221496,0.3645292490525155,0.7108182235324109,-0.20818814161176039,-0.35513708770216434,-0.25518326907090855,0.07287565391490179,0.39263747949151157,-0.2678101392654392,-0.32268577916420094,-0.3891635546194245,-0.21103108776937046,-0.14670771888016007,0.531527136080161,0.00429786923700669,0.02350236807239591,0.07825813794275127,-0.15692563459712858,-0.5815686146118906,0.16781892767680198,0.07381406082844363,-0.35440676620879347,0.32042540893784177,0.2788973114534067,-0.5883779488188307,-0.23931163428713115,0.39654749975283077,0.4542678278273988,-0.11093530457785919,0.49362616414695426,0.13526737283276963,0.26375471100729686,0.09706959769295453,0.45583777713837337,-0.06633921118504459,-0.5465119751013712,0.44905642434994064,-0.0675599318399606
-0.9577686274715722,0.414754662608228,1.0473428131442772,0.9756415439906365,4.0468721534107095,0.3224084285615912,-0.6083946118576643,1.9057257571577613,0.43026783153635045,1.4593049317973845,-1.387169199036685,-0.6028485602666158,-1.157580396945634,2.1085399729242744,-1.6653936928221567,0.21161893336171628,-0.7384682700851244,-1.5042536517950402,0.3645292490525155,1.4809779942264059,2.9295491640485007,-0.8439223154292995,-1.4559126371233553,-0.9977157057247776,0.3118941173074613,1.6735278950887422,-1.122939159918349,-1.4036244359893608,-1.6105886522791828,-0.9159432381999839,-0.686524763556139,2.1892997422398772,0.02404464150877824,0.10666402739286547,0.27579527587692926,-0.6845439667898044,-2.419914097201187,0.7063964818297722,0.36711232676195515,-1.4597406731848124,1.3451478312024066,1.1090117715863408,-2.431958577430091,-0.9416261766371086,1.6712456465727215,1.9666399157366283,-0.42469923164135687,2.0777756744931972,0.5914543978375052,1.1566164451618708,0.38089682285325144,1.9285922622919685,-0.3093533096797016,-2.336288755541315,1.844285473607532,-0.28407071707656845
-3.5475959506141965,1.2486186059858924,3.2022331296064714,5.539341313688875,13.937258650774336,-0.36119201095177694,-0.598571235452752,2.592519358913762,2.501723593631835,4.486182510185555,-5.207619703443901,-2.1620574788564024,-5.014135694872684,8.611866352943922,-6.354900625288473,0.6298800783528705,-3.5786576854187206,-3.6311742350859992,0.7108182235324109,2.9295491640485007,7.296947243317018,-1.6602812839283956,-3.3815134563831917,-0.6244081050413405,1.1494856594699023,6.2674984896598245,-3.653948609911539,-6.284316461381145,-4.152498626117274,-4.150211631835267,-4.860710913719353,5.3379107947971765,0.26256122616311806,0.550765327716341,-1.2110373893858328,-3.295867203014536,-6.933267938165803,2.3012752222830932,3.3181618895900136,-3.7432230455736706,4.412891140980398,1.2517206157755782,-6.367906862261581,-0.5238199084605601,5.501432544894296,8.71746668990831,0.19176824636115722,6.841886701293004,2.8525221811683403,5.686584607127257,0.2776050233283361,6.633316459065609,-2.1148768463893686,-9.039668597816688,4.322115971245568,-0.9925790252355617
0.5359798067815323,-0.23386787678173437,-0.5898335061008704,-0.5370194597591935,-2.2719896520546143,-0.19091515977822773,0.3487334712220007,-1.091588239117945,-0.2354335111434128,-0.8213273582985264,0.7772208420533924,0.3376232652082731,0.6450350443651238,-1.1780308149985457,0.9326543774103392,-0.1183409154098425,0.4089920090400578,0.8526032343416019,-0.20818814161176039,-0.8439223154292995,-1.6602812839283956,0.4814320949719179,0.8268453910502952,0.5772055751330362,-0.1741932162060837,-0.9368108082472405,0.6326540370742721,0.7799568896627491,0.9111355887643925,0.5096209923434345,0.37195954811892007,-1.240874831784163,-0.012205247524193028,-0.058217730918196195,-0.16586387194177588,0.38035093504210926,1.3666678771630913,-0.3972039179670871,-0.19485693676128388,0.8277846969612981,-0.7574711144279905,-0.6370807230649502,1.3768981064101198,0.5427589132255056,-0.9392635078972247,-1.0951965082704826,0.24750451363351245,-1.1684821380246009,-0.32823810619630156,-0.6412139780417601,-0.2200252189614191,-1.0823642572230094,0.1677265266029716,1.3064897449959383,-1.0465099155523496,0.15995869823590614
1.4936595764155887,-0.5507778861204735,-1.4070390855215116,-2.1659137398192567,-5.960213783240078,0.016037525689311924,0.39526904416110853,-1.4795884957075576,-0.9742957919776534,-1.9684421646332921,2.187232012357115,0.9163887926395624,2.048688724755581,-3.5575511730053537,2.660337858227592,-0.27808762301658047,1.4337110230747308,1.6973981602466806,-0.35513708770216434,-1.4559126371233553,-3.3815134563831917,0.8268453910502952,1.5988782486833308,0.5305528727224289,-0.4842790768706846,-2.6332049054821667,1.5830731972415522,2.5519155625356866,1.9056873620581554,1.6822361818511093,1.8455631919802098,-2.488285829799902,-0.095330572458238,-0.21805899975058537,0.31644489237891044,1.3224132150553567,3.0960606000767656,-0.9963670233502384,-1.227130853453833,1.721363886846484,-1.9082401916836529,-0.7753702651852316,2.9110522014857376,0.4776229833037582,-2.3762162516772727,-3.5472365697093426,0.07255155430436408,-2.955365012126989,-1.1440139944960803,-2.2733462301632867,-0.21559782870253416,-2.8373005695518145,0.8062739697221547,3.7731116281988006,-2.037921469082459,0.42342641598304365
-0.8394398495849869,0.10511486649864658,0.31008601028342914,2.5820148406870795,2.6005624703957313,-1.1158121876057343,0.9515282803313212,-2.3398081297082935,1.19262561867037,0.45428525656188123,-1.2768086271782624,-0.46487903023256505,-1.6653953682803677,2.565230815515739,-1.6250218999004806,0.04827686308346601,-1.4039212879097906,0.4238476661111685,-0.25518326907090855,-0.9977157057247776,-0.6244081050413405,0.5772055751330362,0.5305528727224289,1.8847100170727051,0.2685859263914623,1.5277764580332343,-0.5288930726642956,-2.20403176795131,0.21594066080257862,-1.4815622784556834,-2.681882620999789,-0.5694709598490256,0.1771657479892211,0.23387704796714098,-1.761701084420307,-1.2809410769432006,-0.2970983720940561,0.3359611958529913,2.079644184482824,0.21599257012723705,0.6659519752206239,-1.5927826591540992,0.24009285373265726,1.834962257213195,0.8461009167475028,3.007440844543821,1.2122786228802247,1.0531169517302164,1.1115305623436171,2.2709565737826143,-0.6841919215228818,1.2319972613508405,-1.1411059620527404,-2.392924353225233,-0.6367123620229445,-0.1947480063455197
-0.7876497540625028,0.2390891354618123,0.6214809702237429,1.4832902230796665,2.954317312631441,-0.2870506773872646,0.08527229470506023,-0.01506257719900986,0.675685961524783,0.874804688503317,-1.164530791081922,-0.4707483250173199,-1.2084524371921723,2.0163805658626597,-1.4344251233830612,0.12012231480213094,-0.9057593620556508,-0.5496383524252798,0.07287565391490179,0.3118941173074613,1.1494856594699023,-0.1741932162060837,-0.4842790768706846,0.2685859263914623,0.2547021364483274,1.4001825451192025,-0.743489580894355,-1.5384176416749793,-0.6824104615655063,-1.0207664869585382,-1.385181646194336,0.8185725408892202,0.08142740285868554,0.14326094157561156,-0.5634498358548271,-0.8312792457574388,-1.2701865001301327,0.4691673012374115,0.9954219120269512,-0.6100435921885308,0.90343972682026,-0.10007076825519706,-1.0639508862045675,0.2751020283210073,1.1302518826587777,2.1232158718743173,0.2759236046288128,1.4054764438743648,0.7202045965299917,1.4468086518567107,-0.08856813972918043,1.4051312932362463,-0.5976643508582568,-2.0572510672958004,0.6275823957833944,-0.21205881534181303
-4.337261679287731,1.3119647964871755,3.4088838045270067,8.215346686579384,16.256346739333917,-1.5998603544722874,0.5070987450872307,-0.16765064846068659,3.7365007251035167,4.796899598543377,-6.42174989359308,-2.5900312703128248,-6.676019326786187,11.133711601505482,-7.912502691696112,0.6529136166628738,-5.006469383617665,-2.9891667486126408,0.39263747949151157,1.6735278950887422,6.2674984896598245,-0.9368108082472405,-2.6332049054821667,1.5277764580332343,1.4001825451192025,7.715452422464365,-4.0927737721309665,-8.495364963286873,-3.721189018712457,-5.6430012723559715,-7.6763496551506085,4.45567356892594,0.45003240151485796,0.7883315407784227,-3.1511182628510337,-4.601080295513213,-6.961969811493955,2.5782530990325947,5.5210307426916545,-3.3367893928239165,4.972972062805621,-0.6028279071878606,-5.8151183284269505,1.5761908315783337,6.211574491889033,11.734728988689096,1.5533674707758025,7.728639965526871,3.9841434871109254,8.004444387486801,-0.5062495611917144,7.729119592747339,-3.3098174772669773,-11.34305753149049,3.4100538799622293,-1.170441739939381
2.303599799543685,-0.7232554259615477,-1.872001655732159,-4.191408956810095,-8.732351008897428,0.704911555077261,-0.12057895172174642,-0.31756715691563364,-1.9014109251010967,-2.6305171080834615,3.4068068928313404,1.3818005573285086,3.4820380234153214,-5.8450061522167225,4.188680142114749,-0.3590375779035342,2.5831308386279095,1.7640677397089377,-0.2678101392654392,-1.122939159918349,-3.653948609911539,0.6326540370742721,1.5830731972415522,-0.5288930726642956,-0.743489580894355,-4.0927737721309665,2.2223305213736357,4.4142757981698955,2.1407850467792664,2.9305187308498657,3.8675211324139864,-2.618986609031192,-0.22270866229997355,-0.4034446825702342,1.4722556267162248,2.3773444954883147,3.8843331802194765,-1.39828059663129,-2.7548055388708876,1.926511354734444,-2.695857884055337,0.05941152612267652,3.330871306049249,-0.5689008612388725,-3.362048464758765,-6.1069890443696835,-0.6644997087508961,-4.184284727907442,-2.0575751087712986,-4.126999348051081,0.16478850805879328,-4.151930224626789,1.6697953940862025,5.991625099992302,-2.040124347536739,0.6282655172424998
4.768950602932844,-1.3934515554767726,-3.6324384533678487,-9.362742082170842,-17.69503324189927,2.0242331564094327,-0.8407356699959637,0.9475154199501483,-4.263461029601612,-5.117101299592478,7.073281437243682,2.8356551056853845,7.465102827308227,-12.379812268701196,8.732495922244562,-0.691244485469797,5.649047083718945,2.9550391909639773,-0.32268577916420094,-1.4036244359893608,-6.284316461381145,0.7799568896627491,2.5519155625356866,-2.20403176795131,-1.5384176416749793,-8.495364963286873,4.4142757981698955,9.526569583235142,3.7816040125933434,6.334578233649975,8.83672762351631,-4.425660613007955,-0.5243729383215131,-0.8931728648633582,3.846619442983646,5.189509419866224,7.308381869302399,-2.7810474664032725,-6.405336398816883,3.3851850883928476,-5.371160731679348,1.150713310793418,5.943174451239977,-2.2398458933102288,-6.712151385341308,-13.148549089036138,-2.0095791861462775,-8.352249126120272,-4.4941261825666015,-9.041451367204798,0.7500983124662672,-8.411304853451668,3.804846393188174,12.538454656474604,-3.320827936682961,1.2769889686310205
2.1050124083642454,-0.7264141715052588,-1.8667381010787347,-3.3789687288470387,-8.215503441459061,0.294153860425545,0.27505753859813525,-1.3174128858257035,-1.529744380065356,-2.6172881444534615,3.0912281596770086,1.2796119585190902,3.0089265268111562,-5.1453360601603135,3.7770973504858683,-0.3677204780006994,2.1643541297178084,2.058813149285989,-0.3891635546194245,-1.6105886522791828,-4.152498626117274,0.9111355887643925,1.9056873620581554,0.21594066080257862,-0.6824104615655063,-3.721189018712457,2.1407850467792664,3.7816040125933434,2.3748800958912604,2.4978714530334782,2.997452415167891,-3.0300548550100115,-0.16483663337941828,-0.3354950043734307,0.827282669438213,1.990665650109853,4.011818643828921,-1.349697553102113,-2.065017124193509,2.136243486313409,-2.5877642510231733,-0.6007992197215217,3.646084406315194,0.1656611990468166,-3.230046445214547,-5.239002978117907,-0.20092973395947977,-4.015929808036668,-1.7236899258273255,-3.4404986143879492,-0.10784204947012495,-3.91035357626276,1.3027171372355406,5.380828669798219,-2.4399736058290222,0.5849219494290944
3.166743256063702,-0.9236022745875465,-2.407218856503348,-6.234146950698764,-11.745562803115943,1.3514274265316144,-0.5717613593261633,0.6599972261535837,-2.8368611752760455,-3.3906244927138913,4.70001283908353,1.882200175142796,4.964711115685412,-8.231230894790908,5.803377823566467,-0.45605664119273337,3.7579268872440528,1.9486348551775203,-0.21103108776937046,-0.9159432381999839,-4.150211631835267,0.5096209923434345,1.6822361818511093,-1.4815622784556834,-1.0207664869585382,-5.6430012723559715,2.9305187308498657,6.334578233649975,2.4978714530334782,4.214186377405796,5.88547726900595,-2.9199032849391102,-0.3488467410420089,-0.5929931880062119,2.5717344141925036,3.454327560576843,4.84104882378312,-1.8447765713006248,-4.267715451169557,2.2394504434093,-3.565692766854061,0.7830166986205886,3.930420527906546,-1.509495148949511,-4.452613346634767,-8.746303710993956,-1.34677348525068,-5.542116415130748,-2.990741325956891,-6.0171564799015655,0.5049184189163959,-5.582313786276182,2.53334829324606,8.331074708054764,-2.1884379776019203,0.8488471256729601
4.299850818437804,-1.1913117543327019,-3.121275604838656,-8.881777958985296,-15.717679234848443,2.175464260599255,-1.1353494508794157,1.8681909981853764,-4.0498203829164545,-4.40435810319822,6.3953708194077095,2.5404008149293014,6.897763657643792,-11.34808131422149,7.918500666935353,-0.5868021789180146,5.285574367730527,2.223661391476146,-0.14670771888016007,-0.686524763556139,-4.860710913719353,0.37195954811892007,1.8455631919802098,-2.681882620999789,-1.385181646194336,-7.6763496551506085,3.8675211324139864,8.83672762351631,2.997452415167891,5.88547726900595,8.494918499357524,-3.361403435725473,-0.5117375274792015,-0.8397310202072668,3.9766699759303332,4.854063247367437,6.130246011405549,-2.436120700988479,-6.220493821886404,2.6769461549931757,-4.71589584050194,1.6852297840529624,4.760962770438369,-2.693722125430591,-5.895738745544505,-12.184687214453913,-2.2126668133957335,-7.338207854700563,-4.203796839740489,-8.473329678693295,0.9327804956425572,-7.468443005808521,3.6506476789457545,11.394662246522312,-2.425055585058754,1.138863408077923
-2.5241162945704847,0.9001352967616711,2.3065556682646227,3.859227667401865,9.95829848798564,-0.19473304334572616,-0.49571914516257576,2.029558207412194,1.7426769951073617,3.230574872638899,-3.700717631092423,-1.5414301051636212,-3.5358505028324796,6.091000038681137,-4.511671610181006,0.45572524191795233,-2.5106925221940983,-2.6640950142490305,0.531527136080161,2.1892997422398772,5.3379107947971765,-1.240874831784163,-2.488285829799902,-0.5694709598490256,0.8185725408892202,4.45567356892594,-2.618986609031192,-4.425660613007955,-3.0300548550100115,-2.9199032849391102,-3.361403435725473,3.9125851696858396,0.17998135929585365,0.3861436265018918,-0.7679119068578993,-2.3116010139968437,-5.015843840421008,1.6502632205869896,2.2792519890667773,-2.7303053752754516,3.1614923322450887,1.0083781729860466,-4.638765226090965,-0.4965422162445037,3.9426365997286736,6.139830912608203,0.06325500052064593,4.902247066964866,2.0009774800314717,3.9856557384162294,0.24382539030865677,4.740478310882898,-1.4645276359790385,-6.414226827952869,3.1787458064491108,-0.7078863266777113
-0.25208814117761685,0.06798534650519282,0.17889611301722613,0.5313305349332684,0.9141321490676843,-0.13825518761915503,0.07603659255023758,-0.13696583805740298,0.2431717475817023,0.2528823036491122,-0.3744989675271998,-0.1486023001417972,-0.4079903685279468,0.6685517209423282,-0.46424352968026317,0.034093493826571765,-0.31474060490440664,-0.11851929137695932,0.00429786923700669,0.02404464150877824,0.26256122616311806,-0.012205247524193028,-0.095330572458238,0.1771657479892211,0.08142740285868554,0.45003240151485796,-0.22270866229997355,-0.5243729383215131,-0.16483663337941828,-0.3488467410420089,-0.5117375274792015,0.17998135929585365,0.03125795288461416,0.050573456008097026,-0.24617376461872995,-0.2882224359165909,-0.34625215401270387,0.14080509197823338,0.3764472972145392,-0.1457016317499091,0.2719784370214604,-0.11662018431289806,-0.2621805427864007,0.17555236328745907,0.34132884498891186,0.7213905589652565,0.14051498426716386,0.4243613134621107,0.24988812326536358,0.504169795247264,-0.06198375506444769,0.43457949814232405,-0.21994042086284266,-0.6695977483119302,0.12656583269731833,-0.06597183758843596
-0.4426960925484299,0.12661026440534184,0.3313115137168363,0.8836776036969276,1.6314501218366808,-0.20397502521731709,0.0913024169259641,-0.1274566591449724,0.40412441974691943,0.46753582402695687,-0.6554459111988702,-0.26278292351963295,-0.69764298097012,1.1528726858033438,-0.8099838366536346,0.0640636894312436,-0.5312183759720857,-0.25729707831162246,0.02350236807239591,0.10666402739286547,0.550765327716341,-0.058217730918196195,-0.21805899975058537,0.23387704796714098,0.14326094157561156,0.7883315407784227,-0.4034446825702342,-0.8931728648633582,-0.3354950043734307,-0.5929931880062119,-0.8397310202072668,0.3861436265018918,0.050573456008097026,0.08508422784179975,-0.3754539442444474,-0.4864083729789568,-0.6590984556736054,0.25521108643381807,0.6113457722711373,-0.2974887957957104,0.49156517299569,-0.13260703827196937,-0.5268965364118573,0.2330022362525851,0.6168045883948908,1.229651509430755,0.20203526118487408,0.7665427531844415,0.42174119249770653,0.849261863870147,-0.08031061984624344,0.7759914454379694,-0.36169246386086545,-1.1656909835033844,0.28566027177204073,-0.11714595367836371
1.755781020470006,-0.42401390556357255,-1.1265084527411473,-4.051529269485333,-6.191639140386451,1.223686716750437,-0.8273541079071238,1.7378258649095315,-1.8513144313056804,-1.5966558344012975,2.629810943495349,1.0215228649471388,2.9783355061112795,-4.814985571148319,3.2781824892257814,-0.20372962932185293,2.3435317562634244,0.4841072824935084,0.07825813794275127,0.27579527587692926,-1.2110373893858328,-0.16586387194177588,0.31644489237891044,-1.761701084420307,-0.5634498358548271,-3.1511182628510337,1.4722556267162248,3.846619442983646,0.827282669438213,2.5717344141925036,3.9766699759303332,-0.7679119068578993,-0.24617376461872995,-0.3754539442444474,2.1136418827998904,2.1517548859185207,2.062491746486635,-0.9262325795618213,-2.968572065902765,0.7335922577082891,-1.8049337181290712,1.3106463644673971,1.3703566924855528,-1.7490209635297091,-2.2573845594791835,-5.294689750662849,-1.288977704428858,-2.812186704624773,-1.8633404469476258,-3.7705101138261887,0.6270783708799953,-2.9387893858273717,1.7023619590083998,4.7400693221785914,-0.44323747917423734,0.45358274132962606
2.580674722315942,-0.7457678701414641,-1.9449852312492666,-5.129739170844526,-9.547499482716672,1.1375237454156601,-0.5077519720979354,0.6474897691772208,-2.333854551185305,-2.7400214580375395,3.833378548392059,1.5319511295820396,4.065210182682141,-6.73043506063249,4.735866552057439,-0.3667902766060707,3.0836942874913014,1.5402365197319925,-0.15692563459712858,-0.6845439667898044,-3.295867203014536,0.38035093504210926,1.3224132150553567,-1.2809410769432006,-0.8312792457574388,-4.601080295513213,2.3773444954883147,5.189509419866224,1.990665650109853,3.454327560576843,4.854063247367437,-2.3116010139968437,-0.2882224359165909,-0.4864083729789568,2.1517548859185207,2.8354543955386453,3.896436163185803,-1.4957638316779804,-3.5264349675785396,1.7858955796291582,-2.8935181864394575,0.7077494634677569,3.139441965155046,-1.3038820254397676,-3.6118113384583346,-7.165824900238654,-1.1409372787494085,-4.496509721566782,-2.4545759513110057,-4.940063156996527,0.4387213843306953,-4.536912640531893,2.088357405891605,6.800106907971017,-1.7221639076521413,0.6910223766465776
