V1,V2,V3,V4,V5,V6,V7,V8,V9,V10,V11,V12,V13,V14,V15,V16,V17,V18,V19,V20,V21,V22,V23,V24,V25,V26,V27,V28,V29,V30,V31,V32,V33,V34,V35,V36,V37,V38,V39,V40,V41,V42,V43,V44,V45,V46,V47,V48,V49,V50,V51,V52,V53,V54,V55,V56
375745.2523149738,-420078.6411937334,-49734.050155871606,506756.87573930545,-344617.2201215734,234679.94322713296,137691.23480587025,719063.4286639025,-58063.600342172496,7766.70848609548,319406.16877490515,-401820.06088934507,-28833.367584564432,-178725.76373902478,440749.497903254,-269145.72783550055,40550.756539035014,204519.29444769525,64374.12963517422,326871.90328091796,319141.6534861217,131568.21248768017,-31482.027385147725,38808.650299217254,-258267.74971785647,263229.45505385875,-152480.36441351427,182225.92868211123,109581.00469676693,154495.8173214011,439400.77347823605,172168.5115748952,10287.287917867572,-281555.6307436269,250510.1987654869,268098.2638434486,164559.89658143392,-270833.7550816905,-272405.39811205474,-567013.0949341601,569464.6537443956,160999.9672920489,-172109.58848531495,265957.9701390033,97992.6002664825,-99346.72294832626,-90703.87705687767,-399080.11094600573,-74821.09457051332,250880.87875653774,179753.65743300173,-77290.4054640118,-253827.93349263273,-136701.33889105453,-156647.6495787261,107432.08114914938
-420078.6411937334,469643.46244828234,55601.611512998636,-566548.1327097645,385278.40725089284,-262368.537902774,-153935.41012934124,-803904.7015799755,64914.484616700545,-8683.103953562944,-357091.9611406814,449230.6709430402,32234.66391858848,199813.03489562988,-492753.52852010133,300903.00710127613,-45336.140797367785,-228650.1138728644,-71970.07448818878,-365439.30655714276,-356796.6014071806,-147091.54175548835,35197.230046042256,-43387.72185890958,288740.0413440413,-294287.2964374137,170471.42116768291,-203725.61639306415,-122510.73479055979,-172725.45400920828,-491245.34966138785,-192483.00721440912,-11501.908684230746,314776.4021010219,-280067.4322501799,-299730.6451536939,-183976.38963884296,302788.47374387627,304545.29207357706,633914.3106693237,-636654.2351765289,-179996.45320340883,192417.0596122073,-297337.9725529558,-109555.22542101302,111068.64932595706,101406.56021522133,446168.19703482534,83649.28031412598,-280481.046125649,-200962.05677545647,86410.65118520129,283776.6150768145,152831.35105152728,175129.88324595787,-120109.05984378488
-49734.050155871606,55601.611512998636,6583.181010209351,-67074.83176591335,45613.527913135404,-31063.067518822023,-18226.207475171705,-95175.65922995716,7685.303132325368,-1027.9967242121663,-42277.14062540721,53184.829366065926,3816.9160860314646,23656.484248608187,-58337.41125115021,35623.45129915259,-5366.701412458874,-27070.38201336316,-8520.212289464991,-43264.77675265117,-42241.864835057204,-17414.60345594415,4166.485909818956,-5136.667426759775,34184.72690826546,-34841.3712640886,20182.306582701378,-24120.175342208233,-14503.900491503013,-20448.51109139992,-58159.12609409406,-22787.908478162713,-1361.0255602251784,37266.563484298495,-33157.75700149932,-35485.75360846307,-21781.02493159609,35848.12760273317,36056.340310400534,75050.08201298893,-75375.21391049783,-21309.813001899824,22780.16175740953,-35202.3540914506,-12969.912561820933,13149.484768906963,12005.141291061716,52821.61826826912,9903.255041931636,-33207.39864589151,-23792.647268218207,10229.582773930979,33596.89881838571,18093.28024126134,20734.264687922943,-14218.89261049294
506756.87573930545,-566548.1327097645,-67074.83176591335,683448.5184508037,-464775.458186746,316506.0236022585,185700.00977918203,969780.3495389946,-78308.73204677756,10474.739175615028,430773.9300790841,-541923.3213757208,-38886.649231918615,-241042.3001214084,594426.3607614948,-362989.3218075232,54689.75930163468,275829.32609933184,86819.62145828636,440842.8531223237,430417.2322295677,177442.27039675644,-42459.00081813896,52340.13143525099,-348318.3061847625,355010.0344624441,-205645.9329918656,245762.8008494724,147788.83168396036,208364.22122178972,592607.3363902674,232198.839023516,13874.28023872723,-379726.1067450917,337855.951647662,361576.4652058335,221937.28150262765,-365265.6891346663,-367385.28747577604,-764714.4173067547,768020.6462941059,217136.10853419753,-232119.36216369868,358689.932659951,132159.9077667305,-133986.11414537055,-122329.82102999832,-538228.1239196823,-100909.09710234174,338355.76953507855,242428.5737203617,-104239.4808555194,-342330.4841176159,-184365.30384680067,-211266.16882733538,144890.7453406657
-344617.2201215734,385278.40725089284,45613.527913135404,-464775.458186746,316068.3863923642,-215237.57787361727,-126282.96745264619,-659494.1522393242,53253.47947913232,-7123.302963986754,-292945.2359349875,368532.4968282634,26444.12955115787,163919.33314693658,-404237.0717510716,246849.89736604292,-37192.13822185376,-187576.22748354467,-59041.64091875897,-299793.1084043457,-292702.9416760505,-120668.54133922244,28874.540944196713,-35593.70999656108,236871.81136522695,-241422.57957646291,139848.55176913328,-167129.06026378114,-100503.35619218365,-141697.69348657088,-402999.80864082364,-157906.06420454502,-9435.765080951856,258231.11085188587,-229757.12311533507,-245888.10738258535,-150927.53903172383,248396.63005929196,249837.85358116205,520040.22693716997,-522287.9436093116,-147662.54491841065,157851.96150802742,-243925.24871888635,-89875.13142570846,91116.67911809734,83190.26376433048,366020.172116889,68622.82763024163,-230096.42131960113,-164861.9447631869,70888.16979795505,232800.00189158935,125377.29444590941,143670.1720568088,-98533.1254921278
234679.94322713296,-262368.537902774,-31063.067518822023,316506.0236022585,-215237.57787361727,146575.51674920847,86000.26610048211,449106.2166731093,-36264.79360625656,4850.8450489730185,199492.47023426066,-250964.64141662163,-18009.38920904761,-111627.35703780981,275278.5944319191,-168099.17064071275,25325.74174167302,127736.9887405976,40205.54363259019,204154.41768236083,199326.79827367899,82173.97523037995,-19661.89811503333,24238.640522388712,-161307.01294846242,164405.79290360617,-95234.67711895943,113814.17248911642,68440.58949602391,96492.48532002396,274436.62799241894,107530.74060395882,6424.080374299218,-175850.96638156901,156461.5626041086,167446.6119732769,102778.96546990162,-169155.65141798047,-170137.58552534902,-354139.7919127205,355672.0904024966,100555.50584901217,-107494.03072092879,166109.655344053,61202.56199393441,-62048.90329760734,-56650.18092767544,-249252.38464396555,-46730.8999668737,156694.09240310514,112269.54305619957,-48272.262980393774,-158533.73168253474,-85378.6685051123,-97838.09778172302,67097.4257982949
137691.23480587025,-153935.41012934124,-18226.207475171705,185700.00977918203,-126282.96745264619,86000.26610048211,50461.4692756607,263498.26714630355,-21277.0993417329,2846.045667974348,117046.60171610746,-147244.3750826412,-10567.843060278106,-65494.32746099463,161509.37754477313,-98624.33074117171,14857.320511960292,74945.7084351748,23588.20596459542,119780.37664818115,116948.66407421038,48213.30857724083,-11534.600165209564,14221.03109380944,-94642.2795612898,96460.14056175892,-55875.56702178433,66778.5004032524,40154.410352157465,56611.9934849282,161016.0340872417,63088.96103111921,3767.436668397647,-103173.90643134422,91798.88720924064,98244.07958357171,60301.560408578196,-99247.63984327413,-99824.28582133964,-207779.55546573945,208680.3546208071,58996.96806657827,-63067.568772763516,97459.36426742794,35907.351967412345,-36404.85799374631,-33236.30659684738,-146238.23350680384,-27417.512507314314,91936.91152934635,65871.4199951571,-28320.44332517026,-93014.67459085201,-50091.48260943236,-57404.08290549242,39364.76386822106
719063.4286639025,-803904.7015799755,-95175.65922995716,969780.3495389946,-659494.1522393242,449106.2166731093,263498.26714630355,1376071.5799807885,-111116.34128477606,14863.157927849023,611247.1530092198,-768963.3358632348,-55177.85163739642,-342027.2097625657,843462.7365254898,-515065.0521569817,77602.65095379938,391388.4476859278,123193.1806044903,625534.9144399491,610741.2366812113,251781.89899998624,-60247.688205891565,74268.18121896064,-494246.67702444334,503741.99199874187,-291801.7387545792,348725.03284920397,209705.4852294133,295659.32795392786,840881.4342408323,329479.31065311347,19687.440890453025,-538813.3008288065,479401.2469807792,513059.4875779302,314918.4904108654,-518294.0657805298,-521301.5157937499,-1085092.992773236,1089783.8362952445,308105.8720367316,-329366.4930934409,508963.7279850386,187528.9121687124,-190119.92738326357,-173580.5191792812,-763720.4876887876,-143185.23685083195,480109.98175315233,343994.17301434185,-147911.31809731026,-485750.38916857715,-261605.97334455597,-299776.27048693097,205593.7204876935
-58063.600342172496,64914.484616700545,7685.303132325368,-78308.73204677756,53253.47947913232,-36264.79360625656,-21277.0993417329,-111116.34128477606,8972.538121511208,-1200.1837720379829,-49357.53443910692,62093.01802195599,4455.510261340386,27618.318321365263,-68108.76492613998,41591.037941522016,-6266.384051436012,-31604.198868760246,-9947.75151314517,-50511.3096278597,-49316.703277771594,-20331.112778142124,4864.9793379594985,-5997.081683179009,39909.879921947555,-40676.62726745927,23562.686967563393,-28159.127182850494,-16933.52401878332,-23874.23811067203,-67900.31358995341,-26605.146379278944,-1589.791966217463,43508.63429225282,-38711.14527570251,-41429.00497982276,-25429.358324374058,41851.6640449668,42094.499817997246,87620.13339665845,-87998.85269608547,-24879.246340257705,26596.032693662895,-41098.28789360669,-15142.80406322585,15351.997575359019,14016.490104463935,61669.70464986322,11562.067669229453,-38768.31791076568,-27777.143339972554,11943.742912088348,39223.82976014557,21124.458038106895,24206.597028398075,-16601.557371081457
7766.70848609548,-8683.103953562944,-1027.9967242121663,10474.739175615028,-7123.302963986754,4850.8450489730185,2846.045667974348,14863.157927849023,-1200.1837720379829,160.5398190977606,6602.1637523022655,-8305.697494081296,-595.9691329333374,-3694.2810425495663,9110.383948323544,-5563.319906273968,838.2166619372387,4227.44376596877,1330.6399851806948,6756.502019033317,6596.707375725801,2719.5296266542446,-650.759086051435,802.1843630604883,-5338.425983618642,5440.988342253366,-3151.7985191233024,3766.612964860296,2265.0699257997735,3193.479990378475,9082.494779408478,3558.7681012750777,212.6648677877751,-5819.8137409539095,5178.082711674856,5541.630765115384,3401.488715334662,-5598.161717734403,-5630.639335760637,-11720.257204293395,11770.90623623384,3327.905466241787,-3557.5478543581557,5497.394640825456,2025.5408286508527,-2053.5166235384895,-1874.8827286035316,-8249.086105369484,-1546.5686390075853,5185.722477173389,3715.5223612195855,-1597.6296502515177,-5246.660996542837,-2825.663391944482,-3237.92018102556,2220.673988494724
319406.16877490515,-357091.9611406814,-42277.14062540721,430773.9300790841,-292945.2359349875,199492.47023426066,117046.60171610746,611247.1530092198,-49357.53443910692,6602.1637523022655,271514.6568355983,-341571.03121648415,-24510.398656590478,-151927.7854993731,374663.3107901101,-228789.5616074538,34470.216741531796,173853.7499619867,54721.654632688784,277860.6667475787,271289.6475789902,111840.9844876972,-26761.326157901192,32989.64623528559,-219543.26746516122,223760.96247117053,-129617.4292387581,154903.37545973394,93150.26355369794,131330.35495547083,373516.9506273805,146353.34245122835,8744.457211400857,-239339.03696298195,212948.77924014768,227899.70987056821,139885.6780981329,-230225.21988641453,-231561.32204023746,-481995.1643081442,484079.51423351513,136859.5138325563,-146303.28504905722,226080.26743394104,83299.34067619692,-84450.62603059578,-77103.46907817277,-339241.5860530043,-63602.36537533546,213264.2195034397,152801.62174958337,-65701.12726956882,-215769.0559351365,-116204.01170689953,-133160.0917552832,91323.21122947198
-401820.06088934507,449230.6709430402,53184.829366065926,-541923.3213757208,368532.4968282634,-250964.64141662163,-147244.3750826412,-768963.3358632348,62093.01802195599,-8305.697494081296,-341571.03121648415,429705.13327508135,30833.480618107504,191128.1936163442,-471336.3092183603,287824.583394172,-43365.76608177023,-218711.9153442007,-68842.01349439975,-349555.69210348243,-341288.56850413437,-140698.23720993,33667.51060005874,-41501.90736129842,276190.02274736273,-281496.1920023807,163061.97003080932,-194870.62427273812,-117185.92888733398,-165218.16728905292,-469893.63451879437,-184116.91415783754,-11002.122272507506,301094.8516577297,-267894.40804643097,-286702.956355992,-175979.9875531731,289627.8067168637,291308.2253509382,606361.5268357771,-608982.2086195634,-172173.03988346312,184053.821520937,-284414.30690251425,-104793.55994450589,106241.12623974665,96999.08145398153,426775.8895252509,80013.52619342464,-268289.9050584872,-192227.25211795006,82654.99746132585,271442.3703270109,146188.7376312184,167517.87433469677,-114888.77798678464
-28833.367584564432,32234.66391858848,3816.9160860314646,-38886.649231918615,26444.12955115787,-18009.38920904761,-10567.843060278106,-55177.85163739642,4455.510261340386,-595.9691329333374,-24510.398656590478,30833.480618107504,2213.3346689345713,13715.011628913979,-33820.53850319448,20651.8170199207,-3110.743828880098,-15694.069019263548,-4939.206440510395,-25082.476740678365,-24489.69687170898,-10096.222282036822,2415.0423287358008,-2977.904679005653,19818.7517623982,-20199.35565939951,11700.560281831084,-13984.221225062403,-8408.31049807946,-11854.362246902605,-33717.40054670119,-13210.838774905495,-788.4777663778126,21604.90725070274,-19223.203225246605,-20572.879876167757,-12627.287102292292,20783.251171520897,20904.142152973778,43509.998475999535,-43699.0982212009,-12354.08592171792,13206.397437057305,-20408.477255321162,-7518.853556281143,7623.281853314155,6959.500463309486,30622.387646503998,5741.284261091816,-19252.52735276595,-13794.057765058895,5929.989623506898,19477.798244848447,10488.975913908582,12020.912761123705,-8242.535413097452
-178725.76373902478,199813.03489562988,23656.484248608187,-241042.3001214084,163919.33314693658,-111627.35703780981,-65494.32746099463,-342027.2097625657,27618.318321365263,-3694.2810425495663,-151927.7854993731,191128.1936163442,13715.011628913979,85012.18190659146,-209645.1679578588,128020.5440559325,-19287.951417321634,-97280.97560852181,-30619.80033184556,-155478.671744859,-151801.84748782244,-62581.349583698175,14974.408702551604,-18459.556382367737,122846.85475040652,-125206.88221499321,72528.2408009036,-86677.24220840416,-52122.781424724366,-73486.65172286173,-209003.74452859667,-81892.88735333059,-4892.942140212545,133923.63371640546,-119156.84625847651,-127522.73665622073,-78273.88897092282,128824.02721282611,129571.67543867922,269703.4291960024,-270869.817731688,-76580.57714568685,81864.88396056172,-126504.64315907107,-46610.61871866083,47254.86945440066,43143.67600676696,189824.66943672142,35589.09241812584,-119333.4221914975,-85501.15682931895,36763.40629935484,120734.95013777737,65022.617191818696,74510.60709036635,-51100.37328389081
440749.497903254,-492753.52852010133,-58337.41125115021,594426.3607614948,-404237.0717510716,275278.5944319191,161509.37754477313,843462.7365254898,-68108.76492613998,9110.383948323544,374663.3107901101,-471336.3092183603,-33820.53850319448,-209645.1679578588,517000.9123015618,-315710.15015954175,47567.38655760207,239901.3335969464,75511.76534424342,383421.71718874417,374353.5771438583,154329.43404395768,-36929.48940845112,45522.76082565917,-302948.02690368803,308768.29834480054,-178859.92791750454,213750.03197095395,128539.34961457283,181225.20446212636,515418.3738318053,201954.83816464472,12068.250065271099,-330265.9063330513,293848.763114696,314479.5392191706,193029.51450963187,-317687.65631669114,-319530.80595069623,-665107.6291416301,667982.0011879726,188853.74828967502,-201885.61333381815,311969.19257280405,114946.41386368782,-116534.10518741165,-106396.79149949708,-468123.47458183626,-87765.50639243392,294282.3922841589,210850.65935000026,-90663.05722977017,-297740.46431986423,-160352.13379838812,-183747.3891898326,126019.83321093419
-269145.72783550055,300903.00710127613,35623.45129915259,-362989.3218075232,246849.89736604292,-168099.17064071275,-98624.33074117171,-515065.0521569817,41591.037941522016,-5563.319906273968,-228789.5616074538,287824.583394172,20651.8170199207,128020.5440559325,-315710.15015954175,192791.52531121185,-29048.336460160237,-146496.8879813128,-46112.32075127528,-234138.84286576492,-228600.87058330252,-94241.83085442902,22552.032100687007,-27798.833618304176,184996.40490003192,-188550.74005067343,109221.91599987335,-130526.5084215304,-78493.76519954603,-110667.24711186043,-314743.3718822588,-123325.51856465444,-7370.574209679022,201679.1696070814,-179440.1924955677,-192038.43207206336,-117874.88552549592,193996.96891054173,195122.17823574273,406151.726993811,-407905.8791424457,-115324.96029482361,123283.15726691215,-190505.66238828414,-70193.40645253894,71162.36030440046,64972.58841676294,285863.58144966094,53594.66414804187,-179704.00011219116,-128756.49855997863,55364.944725853406,181816.67193313665,97920.89592466142,112205.83818900376,-76956.1922357818
40550.756539035014,-45336.140797367785,-5366.701412458874,54689.75930163468,-37192.13822185376,25325.74174167302,14857.320511960292,77602.65095379938,-6266.384051436012,838.2166619372387,34470.216741531796,-43365.76608177023,-3110.743828880098,-19287.951417321634,47567.38655760207,-29048.336460160237,4377.526973913642,22071.92876818016,6948.129499283735,35276.9703305412,34442.18757094027,14198.775863615332,-3398.564341950201,4188.435993165185,-27872.232800091057,28407.883380446536,-16456.12992030495,19664.89867458618,11826.782581044266,16674.736594479768,47421.371275180485,18581.558465385107,1111.4079311464432,-30386.601966332262,27035.36575956608,28933.446563524292,17760.037179603227,-29228.07477512496,-29397.317731498326,-61193.30487044279,61456.62955557244,17375.878347287442,-18575.096595194806,28702.674189061123,10576.412428714231,-10721.887135045985,-9789.860908910701,-43071.143652987106,-8075.043772718117,27074.243668270625,19398.66544124312,-8342.534026871332,-27393.41395286249,-14754.21392041226,-16905.136417039317,11595.988651525791
204519.29444769525,-228650.1138728644,-27070.38201336316,275829.32609933184,-187576.22748354467,127736.9887405976,74945.7084351748,391388.4476859278,-31604.198868760246,4227.44376596877,173853.7499619867,-218711.9153442007,-15694.069019263548,-97280.97560852181,239901.3335969464,-146496.8879813128,22071.92876818016,111320.48051785874,35039.05429033396,177917.39570094846,173709.78476120147,71612.97818342982,-17135.78605889933,21123.671184464518,-140575.92375734134,143276.59934291354,-82995.53716494876,99186.1087722095,59645.29281489132,84092.57897302511,239167.20904060703,93711.8712216986,5599.428687389196,-153251.61344551484,136353.47253550467,145926.7091503044,89570.47005833466,-147415.63236564663,-148271.07458495526,-308626.9853951079,309961.3484476558,87632.79020191776,-93679.79698697687,144761.74546316024,53337.694644892414,-54074.73323508068,-49370.4215049783,-217220.57544279651,-40725.35783915504,136555.20950560065,97840.45680961199,-42069.433708549244,-138159.3255173625,-74406.98676057176,-85263.78766908884,58475.652097249964
64374.12963517422,-71970.07448818878,-8520.212289464991,86819.62145828636,-59041.64091875897,40205.54363259019,23588.20596459542,123193.1806044903,-9947.75151314517,1330.6399851806948,54721.654632688784,-68842.01349439975,-4939.206440510395,-30619.80033184556,75511.76534424342,-46112.32075127528,6948.129499283735,35039.05429033396,11029.357302010238,56001.39369014848,54676.67416372648,22540.65701606373,-5394.271946441733,6648.960515425105,-44247.26737962447,45097.442422666645,-26123.73145754785,31218.944933930685,18774.300606094916,26469.741290092672,75280.39679437267,29497.2149311853,1763.236497938782,-48237.76752006242,42918.43166253223,45931.66209686949,28193.421586151944,-46399.933710797384,-46668.95232488112,-97143.36799562338,97562.56452774999,27583.541569580277,-29487.052956662872,45565.11544984317,16789.100011359595,-17020.661231999446,-15540.402800901042,-68373.29566834122,-12818.825411138643,42981.204502231965,30795.761350528428,-13242.528697669974,-43486.83585966793,-23421.039811515995,-26837.210498512017,18406.86814491668
326871.90328091796,-365439.30655714276,-43264.77675265117,440842.8531223237,-299793.1084043457,204154.41768236083,119780.37664818115,625534.9144399491,-50511.3096278597,6756.502019033317,277860.6667475787,-349555.69210348243,-25082.476740678365,-155478.671744859,383421.71718874417,-234138.84286576492,35276.9703305412,177917.39570094846,56001.39369014848,284355.89711457706,277630.83196191845,114454.98370195884,-27387.678405172435,33760.88244289447,-224674.619848768,228991.0529282913,-132647.340992666,158523.14622536654,95328.13245443295,134401.23699025513,382248.1828641048,149775.0057404097,8949.854436332951,-244934.03312902173,217926.27931086477,233226.63061896327,143155.83635779953,-235605.99893459908,-236973.02373274148,-493261.8636605069,495393.8721032804,140058.96375847835,-149723.6926052314,231364.8401565323,85247.17949772433,-86424.81718988986,-78906.53405614401,-347172.6968629301,-65089.23585012561,218248.13460966237,156372.75547965898,-67237.90282845737,-220812.4704842846,-118921.22339012526,-136272.20279677524,93459.32415775215
319141.6534861217,-356796.6014071806,-42241.864835057204,430417.2322295677,-292702.9416760505,199326.79827367899,116948.66407421038,610741.2366812113,-49316.703277771594,6596.707375725801,271289.6475789902,-341288.56850413437,-24489.69687170898,-151801.84748782244,374353.5771438583,-228600.87058330252,34442.18757094027,173709.78476120147,54676.67416372648,277630.83196191845,271065.0382856613,111748.28883369004,-26739.57477437769,32962.39730922478,-219361.35049598684,223575.62606212328,-129510.21757411413,154774.64576989296,93073.41196660457,131222.17632136584,373207.9759691084,146232.5449676045,8737.708219130307,-239141.18852255167,212772.4610640146,227710.994901029,139770.0748075432,-230034.33664024767,-231369.17921978125,-481596.312202362,483678.42148354626,136746.43000673986,-146182.48652357576,225893.14558351485,83230.75417049055,-84380.81242299083,-77040.03569689376,-338961.4966709181,-63549.81097967067,213087.17665619697,152674.86997449008,-65647.24648783008,-215590.40045891638,-116108.30788206146,-133049.64408465644,91248.33384591967
131568.21248768017,-147091.54175548835,-17414.60345594415,177442.27039675644,-120668.54133922244,82173.97523037995,48213.30857724083,251781.89899998624,-20331.112778142124,2719.5296266542446,111840.9844876972,-140698.23720993,-10096.222282036822,-62581.349583698175,154329.43404395768,-94241.83085442902,14198.775863615332,71612.97818342982,22540.65701606373,114454.98370195884,111748.28883369004,46068.990847903886,-11023.37329249186,13588.928114726375,-90433.1847981704,92170.5144616504,-53391.36380549929,63807.05636639218,38369.982791906805,54096.92438250537,153857.24253561685,60285.127778229406,3601.949747325661,-98587.33740681624,87716.81029140438,93875.32257433535,57621.00716271738,-94833.246284111,-95383.61564438643,-198541.05594614157,199399.65358573012,56374.48321925767,-60264.51070356477,93125.8633482862,34312.23522600816,-34786.48058695563,-31760.061848318233,-139738.67987706012,-26198.767043894535,87846.76452749768,62941.30187472778,-27063.260752876056,-88878.52418920482,-47866.15726967591,-54850.657155510715,37617.371886119516
-31482.027385147725,35197.230046042256,4166.485909818956,-42459.00081813896,28874.540944196713,-19661.89811503333,-11534.600165209564,-60247.688205891565,4864.9793379594985,-650.759086051435,-26761.326157901192,33667.51060005874,2415.0423287358008,14974.408702551604,-36929.48940845112,22552.032100687007,-3398.564341950201,-17135.78605889933,-5394.271946441733,-27387.678405172435,-26739.57477437769,-11023.37329249186,2638.531277980708,-3251.741489848199,21638.911177175636,-22054.77306013894,12775.903441878761,-15267.041392657728,-9181.866220771337,-12945.642179722663,-36816.121039820384,-14426.016410624168,-862.8758630405168,23590.989921836306,-20989.2067573654,-22462.80141634629,-13788.212013001355,22691.52822131256,22822.91543180203,47508.112160724806,-47712.5233772082,-13489.96645453568,14420.997848115163,-22283.642828292985,-8211.13271417317,8324.06145736132,7600.485918296955,33438.796393733915,6269.154732715149,-21019.368402024567,-15060.359237514664,6476.842820837244,21267.181143458638,11454.620561449881,13124.481909665396,-9002.708031576985
38808.650299217254,-43387.72185890958,-5136.667426759775,52340.13143525099,-35593.70999656108,24238.640522388712,14221.03109380944,74268.18121896064,-5997.081683179009,802.1843630604883,32989.64623528559,-41501.90736129842,-2977.904679005653,-18459.556382367737,45522.76082565917,-27798.833618304176,4188.435993165185,21123.671184464518,6648.960515425105,33760.88244289447,32962.39730922478,13588.928114726375,-3251.741489848199,4008.355051727471,-26675.013801327983,27187.50485509945,-15748.898253350004,18820.959787390442,11318.112985319918,15957.21240916111,45383.39410267416,17782.468220999777,1062.681154993972,-29080.44453751802,25873.824492907923,27690.394378170684,16996.562545207657,-27972.847741452613,-28135.122481138937,-58563.75113628013,58816.78892723176,16628.881870868856,-17776.36811092525,27469.36369425439,10121.24585743162,-10261.014447692305,-9368.441010535007,-41219.062001173486,-7727.896343728457,25911.956990562645,18565.691102438832,-7983.073949518542,-26216.49470561179,-14119.302218455947,-16179.212286968224,11096.315234300113
-258267.74971785647,288740.0413440413,34184.72690826546,-348318.3061847625,236871.81136522695,-161307.01294846242,-94642.2795612898,-494246.67702444334,39909.879921947555,-5338.425983618642,-219543.26746516122,276190.02274736273,19818.7517623982,122846.85475040652,-302948.02690368803,184996.40490003192,-27872.232800091057,-140575.92375734134,-44247.26737962447,-224674.619848768,-219361.35049598684,-90433.1847981704,21638.911177175636,-26675.013801327983,177519.87236026896,-180930.25580901784,104807.0109140514,-125252.84375193012,-75320.14542596387,-106192.1125165844,-302021.0763118677,-118339.48898389634,-7070.71004317264,193526.52847621334,-172187.66957554617,-184276.7974932008,-113109.80045055565,186157.1481610768,187237.48799669478,389735.171334229,-391420.49161325477,-110662.88346113161,118299.00884996045,-182805.62968545753,-67354.82778941322,68285.71296370863,62344.92806910585,274306.5091952568,51428.0736869107,-172442.67724708657,-123553.41941045778,53125.15261261676,174468.10846682248,93961.13784589258,107671.53238953688,-73842.86627588011
263229.45505385875,-294287.2964374137,-34841.3712640886,355010.0344624441,-241422.57957646291,164405.79290360617,96460.14056175892,503741.99199874187,-40676.62726745927,5440.988342253366,223760.96247117053,-281496.1920023807,-20199.35565939951,-125206.88221499321,308768.29834480054,-188550.74005067343,28407.883380446536,143276.59934291354,45097.442422666645,228991.0529282913,223575.62606212328,92170.5144616504,-22054.77306013894,27187.50485509945,-180930.25580901784,184406.18539814404,-106820.5531929071,127658.9777330544,76767.26056538986,108232.42905999723,307823.4746712385,120613.11112850903,7206.724606534,-197244.58759398945,175495.66416057103,187817.03409410277,115282.89463297195,-189733.42175296674,-190834.46360831466,-397222.67368590564,398940.1847620832,112788.97268290285,-120571.83848683257,186317.63469740216,68648.95708202997,-69597.62869588828,-63542.818330109236,-279576.64897870366,-52416.12545913025,175755.40192217022,125926.9909457387,-54145.95727586654,-177819.9122273506,-95766.45945166578,-109740.00194829072,75261.7675722235
-152480.36441351427,170471.42116768291,20182.306582701378,-205645.9329918656,139848.55176913328,-95234.67711895943,-55875.56702178433,-291801.7387545792,23562.686967563393,-3151.7985191233024,-129617.4292387581,163061.97003080932,11700.560281831084,72528.2408009036,-178859.92791750454,109221.91599987335,-16456.12992030495,-82995.53716494876,-26123.73145754785,-132647.340992666,-129510.21757411413,-53391.36380549929,12775.903441878761,-15748.898253350004,104807.0109140514,-106820.5531929071,61877.80664445024,-73948.43515515512,-44469.00614852763,-62695.965137585015,-178312.48649854603,-69867.57477106922,-4174.961876914001,114257.69745959943,-101659.01838292401,-108796.38588968279,-66779.84076221913,109906.32284013298,110544.01317313655,230098.53890093166,-231093.09028876267,-65335.20246562553,69843.63715145373,-107927.88970040572,-39766.40477291724,40315.75142179653,36808.59663853718,161950.34985029348,30363.057076897458,-101809.16438422474,-72945.3114215263,31365.37102887512,103005.38080569115,55474.79597347109,63568.73663154668,-43597.23474093229
182225.92868211123,-203725.61639306415,-24120.175342208233,245762.8008494724,-167129.06026378114,113814.17248911642,66778.5004032524,348725.03284920397,-28159.127182850494,3766.612964860296,154903.37545973394,-194870.62427273812,-13984.221225062403,-86677.24220840416,213750.03197095395,-130526.5084215304,19664.89867458618,99186.1087722095,31218.944933930685,158523.14622536654,154774.64576989296,63807.05636639218,-15267.041392657728,18820.959787390442,-125252.84375193012,127658.9777330544,-73948.43515515512,88375.40980774889,53143.11113010479,74924.92665966353,213096.33622813894,83496.0606375934,4988.014763404295,-136545.84606113267,121490.36010245043,130020.11193156242,79806.43465058511,-131347.25654399817,-132109.77953512545,-274984.8263158154,276174.842153985,78079.94087202047,-83467.57349394972,128981.94828258434,47522.83472153887,-48180.119357390584,-43987.96166657073,-193540.89575952236,-36285.88963950407,121671.10118375276,87175.92997445453,-37482.57329941076,-123099.37235866525,-66295.21209568776,-75970.08364753613,52099.97690584017
109581.00469676693,-122510.73479055979,-14503.900491503013,147788.83168396036,-100503.35619218365,68440.58949602391,40154.410352157465,209705.4852294133,-16933.52401878332,2265.0699257997735,93150.26355369794,-117185.92888733398,-8408.31049807946,-52122.781424724366,128539.34961457283,-78493.76519954603,11826.782581044266,59645.29281489132,18774.300606094916,95328.13245443295,93073.41196660457,38369.982791906805,-9181.866220771337,11318.112985319918,-75320.14542596387,76767.26056538986,-44469.00614852763,53143.11113010479,31958.20938913939,45057.403569744536,128145.75492598649,50211.16286564124,3000.8196401380933,-82112.36970417555,73057.94958701581,78187.2476001998,47991.99261856463,-78984.68544312031,-79442.82628662602,-165362.10133931765,166076.36162276243,46953.80517698165,-50193.92104259224,77563.17833560199,28578.755458871743,-28973.29414559792,-26453.128738670785,-116387.46327201364,-21820.717841255377,73165.41905351332,52422.43126583363,-22541.42193249941,-74025.51902513424,-39867.81356760713,-45683.92872592333,31332.135284708846
154495.8173214011,-172725.45400920828,-20448.51109139992,208364.22122178972,-141697.69348657088,96492.48532002396,56611.9934849282,295659.32795392786,-23874.23811067203,3193.479990378475,131330.35495547083,-165218.16728905292,-11854.362246902605,-73486.65172286173,181225.20446212636,-110667.24711186043,16674.736594479768,84092.57897302511,26469.741290092672,134401.23699025513,131222.17632136584,54096.92438250537,-12945.642179722663,15957.21240916111,-106192.1125165844,108232.42905999723,-62695.965137585015,74924.92665966353,45057.403569744536,63525.90379935286,180670.13253681184,70791.92986390779,4231.188920402373,-115768.69287222462,103002.8063739458,110234.4743061154,67663.039478641,-111358.56638654838,-112004.36641562794,-233140.59794435144,234147.1964342342,66199.33210637627,-70767.5868397012,109354.68404615282,40292.87527840945,-40848.904725417466,-37296.02013762329,-164092.7861755801,-30764.64004309818,103153.94494925639,73909.05034697015,-31781.081811628886,-104366.95872866044,-56209.17287844904,-64408.61555750254,44175.092644329605
439400.77347823605,-491245.34966138785,-58159.12609409406,592607.3363902674,-402999.80864082364,274436.62799241894,161016.0340872417,840881.4342408323,-67900.31358995341,9082.494779408478,373516.9506273805,-469893.63451879437,-33717.40054670119,-209003.74452859667,515418.3738318053,-314743.3718822588,47421.371275180485,239167.20904060703,75280.39679437267,382248.1828641048,373207.9759691084,153857.24253561685,-36816.121039820384,45383.39410267416,-302021.0763118677,307823.4746712385,-178312.48649854603,213096.33622813894,128145.75492598649,180670.13253681184,513840.8493105572,201336.48811534283,12030.887198578117,-329254.9535697978,292949.53802027245,313517.19244503626,192438.61882186125,-316715.704471104,-318553.35080567416,-663072.0833029061,665938.1076865701,188275.6178861771,-201267.51292808648,311014.4529372832,114594.32236760753,-116177.39636541177,-106070.8440014888,-466690.23702563194,-87496.83487360009,293382.24281640525,210205.62899803632,-90385.16055438781,-296829.3307392208,-159860.97898162136,-183185.26196381502,125633.54616306908
172168.5115748952,-192483.00721440912,-22787.908478162713,232198.839023516,-157906.06420454502,107530.74060395882,63088.96103111921,329479.31065311347,-26605.146379278944,3558.7681012750777,146353.34245122835,-184116.91415783754,-13210.838774905495,-81892.88735333059,201954.83816464472,-123325.51856465444,18581.558465385107,93711.8712216986,29497.2149311853,149775.0057404097,146232.5449676045,60285.127778229406,-14426.016410624168,17782.468220999777,-118339.48898389634,120613.11112850903,-69867.57477106922,83496.0606375934,50211.16286564124,70791.92986390779,201336.48811534283,78889.31642046574,4714.627628078292,-129010.99986272934,114785.20107645777,122844.11481199061,75402.69968161898,-124097.06960262128,-124816.91668617439,-259809.06881736103,260931.40338417838,73771.54484670327,-78862.23729731885,121863.58622716389,44901.499011743705,-45521.44579246796,-41561.80949762363,-182862.29404652453,-34283.65560900774,114954.16193805204,82363.70583252869,-35415.89397683829,-116305.40058311862,-62638.30246820029,-71776.47845095072,49227.39473694796
10287.287917867572,-11501.908684230746,-1361.0255602251784,13874.28023872723,-9435.765080951856,6424.080374299218,3767.436668397647,19687.440890453025,-1589.791966217463,212.6648677877751,8744.457211400857,-11002.122272507506,-788.4777663778126,-4892.942140212545,12068.250065271099,-7370.574209679022,1111.4079311464432,5599.428687389196,1763.236497938782,8949.854436332951,8737.708219130307,3601.949747325661,-862.8758630405168,1062.681154993972,-7070.71004317264,7206.724606534,-4174.961876914001,4988.014763404295,3000.8196401380933,4231.188920402373,12030.887198578117,4714.627628078292,282.7879204694022,-7709.361835291569,6858.640671532,7340.135156761174,4505.941692321649,-7414.467210230236,-7457.144127319824,-15524.608382168013,15590.535533227621,4408.506686446504,-4712.91652804013,7281.737978006547,2683.7971800169385,-2720.2386602450338,-2484.295546151411,-10928.130758763862,-2048.7512486200735,6867.714273053234,4920.878052366357,-2117.3112668367867,-6949.470028636329,-3743.8837514737284,-4288.360361399472,2943.0539899335336
-281555.6307436269,314776.4021010219,37266.563484298495,-379726.1067450917,258231.11085188587,-175850.96638156901,-103173.90643134422,-538813.3008288065,43508.63429225282,-5819.8137409539095,-239339.03696298195,301094.8516577297,21604.90725070274,133923.63371640546,-330265.9063330513,201679.1696070814,-30386.601966332262,-153251.61344551484,-48237.76752006242,-244934.03312902173,-239141.18852255167,-98587.33740681624,23590.989921836306,-29080.44453751802,193526.52847621334,-197244.58759398945,114257.69745959943,-136545.84606113267,-82112.36970417555,-115768.69287222462,-329254.9535697978,-129010.99986272934,-7709.361835291569,210977.5189182874,-187713.82836835392,-200892.99238430205,-123309.39463099689,202942.35709538436,204119.77303973434,424878.0959384737,-426714.2418989538,-120641.86942920627,128966.77586493317,-199289.36139514408,-73429.06052388142,74443.27836597236,67967.46953687184,299042.4832383177,56065.57924633186,-187990.80374144833,-134693.71076268828,57916.59433027103,190199.88922373374,102434.7413821698,117379.84508602468,-80502.9055127468
250510.1987654869,-280067.4322501799,-33157.75700149932,337855.951647662,-229757.12311533507,156461.5626041086,91798.88720924064,479401.2469807792,-38711.14527570251,5178.082711674856,212948.77924014768,-267894.40804643097,-19223.203225246605,-119156.84625847651,293848.763114696,-179440.1924955677,27035.36575956608,136353.47253550467,42918.43166253223,217926.27931086477,212772.4610640146,87716.81029140438,-20989.2067573654,25873.824492907923,-172187.66957554617,175495.66416057103,-101659.01838292401,121490.36010245043,73057.94958701581,103002.8063739458,292949.53802027245,114785.20107645777,6858.640671532,-187713.82836835392,167015.71855839857,178741.7142945803,109712.49303908406,-180565.4303477066,-181613.22515321962,-378028.95279559656,379663.321161186,107339.08119671958,-114745.9102928626,177314.79162999248,65331.95476836221,-66234.70596664438,-60472.551495850676,-266067.74758716935,-49883.41130180349,167262.76818193748,119842.13330448835,-51529.77965625671,-169227.6581578706,-91139.17716570245,-104437.3111088215,71625.33864151685
268098.2638434486,-299730.6451536939,-35485.75360846307,361576.4652058335,-245888.10738258535,167446.6119732769,98244.07958357171,513059.4875779302,-41429.00497982276,5541.630765115384,227899.70987056821,-286702.956355992,-20572.879876167757,-127522.73665622073,314479.5392191706,-192038.43207206336,28933.446563524292,145926.7091503044,45931.66209686949,233226.63061896327,227710.994901029,93875.32257433535,-22462.80141634629,27690.394378170684,-184276.7974932008,187817.03409410277,-108796.38588968279,130020.11193156242,78187.2476001998,110234.4743061154,313517.19244503626,122844.11481199061,7340.135156761174,-200892.99238430205,178741.7142945803,191290.98585648855,117415.27169402585,-193242.76604768695,-194364.1361760799,-404569.94741953,406319.1139821059,114875.22523620087,-122802.06866847038,189763.871230686,69918.80660981513,-70884.96265431806,-64718.22649483346,-284748.0133351961,-53385.66346602985,179006.15619471925,128256.14155087135,-55147.580790295135,-181108.95343589116,-97537.9185435404,-111769.76084693694,76654.0096838405
164559.89658143392,-183976.38963884296,-21781.02493159609,221937.28150262765,-150927.53903172383,102778.96546990162,60301.560408578196,314918.4904108654,-25429.358324374058,3401.488715334662,139885.6780981329,-175979.9875531731,-12627.287102292292,-78273.88897092282,193029.51450963187,-117874.88552549592,17760.037179603227,89570.47005833466,28193.421586151944,143155.83635779953,139770.0748075432,57621.00716271738,-13788.212013001355,16996.562545207657,-113109.80045055565,115282.89463297195,-66779.84076221913,79806.43465058511,47991.99261856463,67663.039478641,192438.61882186125,75402.69968161898,4505.941692321649,-123309.39463099689,109712.49303908406,117415.27169402585,72070.27600530945,-118613.01906750171,-119301.1569937286,-248327.15790431743,249400.24230917697,70511.19778578833,-75376.84588206913,116478.01674256756,42916.90496354985,-43509.6394567579,-39724.790669439106,-174780.51327837407,-32768.48384723988,109874.30167700729,78723.96085954539,-33850.406096244864,-111165.5120469522,-59869.779629197816,-68604.58772704007,47051.387361457564
