V1,V2,V3,V4,V5,V6,V7,V8,V9,V10,V11,V12,V13,V14,V15,V16,V17,V18,V19,V20,V21,V22,V23,V24,V25,V26,V27,V28,V29,V30,V31,V32,V33,V34,V35,V36,V37,V38,V39,V40,V41,V42,V43,V44,V45,V46,V47,V48,V49,V50,V51,V52,V53,V54,V55,V56
0.9496933795888122,0.4054587209044646,-0.23020489517042034,1.5109979617280733,-0.7219475978736632,2.060659863795121,0.22776814624158562,0.13051098060435123,-1.3560883497250207,-0.693610067128835,-0.4085962135472149,-0.11924063707656293,-0.8776588896956108,0.4382386811108634,-0.6356108985193498,-1.229521261085173,-0.287873602831872,0.5892526966972476,0.3838681987293372,0.2491627612502055,-0.619166118265955,-0.18409799652834688,-0.09430158447489535,-1.486545762090843,-0.3753049506247083,-0.25657489033611913,-0.47813943468804393,0.6480475288170822,1.2486361442207408,-0.3367816356419399,0.7608351365950773,-0.9013445802830328,-0.5444715999225673,-0.4235039362648308,-0.6862657605316279,-0.7710809115202651,-0.2187044426749981,0.5758302375212985,-0.5753618215093607,0.03229305724420448,1.0550193545880135,0.39579439706044034,0.5185412437479615,0.601648805402027,-1.0875426346310824,0.6049327041746722,-0.626042318029133,-0.8862924415183858,0.1850035361531745,0.6050897140105057,0.6953047799835391,0.33321610160163645,0.29150745454071314,0.46068700731918405,-0.2921278160026932,-0.2735736617878717
0.4054587209044646,0.459759800445181,0.16135408897183207,0.7118485953383151,0.1379821829093518,0.4338403312828706,-0.24985137006244795,0.2200570607971325,-0.5640828880134036,0.17106737414388629,-0.02298951423264081,-0.33525612371862873,-0.38251120136288286,-0.25439153458929076,-0.06713886509961266,-0.2681207170393574,-0.4173290331916006,0.12757214394008987,0.09251100708948447,0.06641543399650056,-0.4544148010364068,0.19108311132779277,-0.029994176925961617,-0.14992992882181674,0.0457464475417748,0.1061741572275965,0.18276489683909852,0.10613118668424137,0.3565153167752367,0.21188262444922312,0.660412217523674,-0.2908685685506586,-0.29634023090290756,0.08298433704534929,-0.016327614076896396,-0.088507489109916307,-0.1703431101563177,0.5501697912295136,-0.3940858256347025,0.6336688360278193,0.4140705594735386,0.030085921424123873,0.29625852955061643,0.13216135355808725,-0.41207872651085053,-0.2468068345876232,-0.4904642196729583,-0.5133548376225765,-0.22265954869585455,0.06284012758967793,0.28014821192359946,0.7151460017698797,0.03119848351022783,0.3377888629396974,-0.05289128656992114,0.18446451225657032
-0.23020489517042034,0.16135408897183207,0.9488389090608675,-0.3264176176838262,0.40127609699255173,-0.7840533393899425,-1.608755189927448,0.35809870329108934,-0.07980143557977493,0.8130956793537709,0.25676187443770426,-0.5994160494331736,0.36336653662544505,-0.8084241774332699,0.4298511167908027,0.5132088613411403,0.1000350666101806,-0.3119566908694593,-0.6565482772840856,-0.8774658700193636,0.0807599877952493,0.9001445770442769,0.7740129622683064,1.0402524576386085,0.43123509203607824,0.4396245721389922,0.42034777621122393,0.06651088866743422,-0.6369300653355329,0.15819701563862804,-0.13864802243313978,0.40495457422078446,0.01657833585123599,0.10576697632914815,0.41690199843053266,0.9651853917106622,-0.17321717876298462,0.7753417994536806,0.2987995485387468,0.7638309870726576,-0.9383255297739361,0.3128571647865777,0.6336347408245065,-0.6334644550663024,0.6031171286782285,-0.5253395378321395,-0.36937485759999406,0.06830870562665277,-0.1848271574862282,-0.7535526209168493,-0.295423860738348,0.752018487987886,-0.24014024865471498,-0.42209115309189793,0.1693697045849531,0.1927386805898132
1.5109979617280733,0.7118485953383151,-0.3264176176838262,2.5590136264489947,-1.0213950654234751,3.03005982605727,0.4638863900511992,0.12855471132840546,-2.2114760125697908,-0.9892046207086163,-0.6658720035418398,-0.26321018119972506,-1.4218061547935728,0.5797540942148259,-0.9416732878085662,-1.7914241120245633,-0.5819093233372878,1.0118376728123986,0.8109159376868549,0.5910949492764429,-1.1572025672025004,-0.29796295237170145,-0.2736174088020604,-2.2168213626161197,-0.5100526603565722,-0.4321020639720465,-0.6319134020320525,0.9140541443973295,2.021507971983378,-0.2868590422136451,1.5306983865391888,-1.3747335290454208,-0.906303260638958,-0.41320723088994854,-0.9597673286727818,-1.2584772502335104,-0.35702148430610714,0.8604977965943893,-1.0118507019911243,0.220588852031304,1.7680836911631772,0.4717968929406881,0.678705311028437,0.8325100878689653,-1.7950443674124228,0.7082098944974569,-0.9526219093720151,-1.5186872179450508,0.1483442335174449,0.9163390725381011,1.113235842304311,0.8586301489794282,0.5012400177853581,0.8789180015629321,-0.4565772583237639,-0.3610870938633469
-0.7219475978736632,0.1379821829093518,0.40127609699255173,-1.0213950654234751,1.3724820076963227,-2.40215414102012,-0.2718698246881382,0.05899030844968316,1.1849135471793315,1.2043798843749356,0.5290801951598006,-0.2179282719596339,0.6300620055318364,-0.9320032490856095,0.8140346117578258,1.417776256506359,-0.3373015505570705,-0.5791695097824013,-0.18451437620684294,0.045864045351965525,0.11010897638987142,0.33819424471071113,-0.1729915709501784,1.8602978193840085,0.5868793225953687,0.48303423961990377,1.01592871429073,-0.9018899424383611,-1.1885398846393462,0.9635882596223554,0.08704159377596687,0.85366848217872,0.329093834898601,0.8770466508930145,1.0000358140489307,0.7706265509133342,0.08091428903085239,-0.1857398212237512,0.11496558652049868,0.8726164552276108,-0.6521636847519632,-0.7252147557534339,-0.5872617840679174,-0.5683559370947283,0.8203750867132809,-1.3230025039147657,0.2651830625801917,0.4960883725171356,-0.6921310827792555,-0.6530977196003526,-0.5328447657170493,0.5802822272832587,-0.3290632152220488,0.05578520003738813,0.3358644897705625,0.7483551288724014
2.060659863795121,0.4338403312828706,-0.7840533393899425,3.03005982605727,-2.40215414102012,5.8704583880386725,0.5945975450277622,0.20482072482445837,-2.9731207361256122,-2.329871216020982,-1.0548584440581255,0.17281899382903265,-1.9725819190142129,1.7904337970667938,-1.8977775504171188,-3.444799418691618,0.024430227633090752,1.2028382005926999,0.5559899123899082,0.11678473858182789,-0.7562251599708932,-0.5652881829411168,0.02029049699092363,-4.232730405516903,-1.2221806950568215,-0.7682537270736857,-1.8371934758635635,1.9216062267001808,3.019792382607731,-1.7731802918653454,0.6233844659023521,-2.228835116700245,-1.0984403269710838,-1.9816973362624783,-2.170066259667138,-1.8512588525704545,-0.3657528577303557,1.0489762575634312,-0.9338381000754755,-0.9471677451366465,2.1365612712109563,1.526383003055518,1.5048593609654521,1.847285717674333,-2.432809923753344,2.5160273918289073,-1.2071194615217902,-1.6049224883633184,1.0807148701516651,1.7698661787094767,1.576202026405314,-0.6109734094693893,0.7779740272052268,0.4219647565788584,-0.7481679990035325,-1.1599082741211484
0.22776814624158562,-0.24985137006244795,-1.608755189927448,0.4638863900511992,-0.2718698246881382,0.5945975450277622,3.902839293172778,-0.999230889830727,0.4853338133699679,-1.6727226434529383,-0.5713234811674288,1.537841432967038,-0.014576514646119467,1.9360653378615857,-0.4501434644524126,-0.21099613220047025,-0.10916311476979985,1.0695418776127763,1.7484903396933862,2.089460348325338,-0.2779523057953171,-2.2259758924298962,-1.821713643554962,-1.6069986104704148,-0.7544044592820465,-0.6136187077608635,-0.7133212030961894,-0.4352819100546954,0.6985007981122089,0.2943797506025276,0.6156382015153821,-0.16550365776689832,-0.19664921969593754,0.05567415079022593,-0.23006627170288108,-1.9864984547097693,0.4121567575111933,-2.0378162580788417,-0.39279226217175756,-2.07633722381547,1.505382894467862,-0.8882570414895747,-2.5122638334710112,1.1959213624032818,-0.6701261823165588,1.0811791764887206,1.0437725390849069,0.6202142540369503,0.14951771220800164,1.4200377571629144,0.44910269190993385,-1.8084932326448613,0.4928676768506805,1.1972941972451026,-0.2761696002553983,-0.2221853285800504
0.13051098060435123,0.2200570607971325,0.35809870329108934,0.12855471132840546,0.05899030844968316,0.20482072482445837,-0.999230889830727,0.36340852046708355,-0.3039846954835342,0.3966381706141121,0.13539297091280506,-0.4510501954930231,-0.19859972748145016,-0.4954141902670973,0.015131585857928785,-0.18332289406844654,-0.12325856859777047,-0.25514548246282903,-0.44707353577832354,-0.5081488260882726,-0.046158730882250795,0.5765771872178408,0.4226011519293203,0.1988571567791536,0.1372326806718924,0.1768938635758933,0.18353033848990777,0.18580290205237218,0.01329510613280685,-0.10899332137098167,-0.015218023413030912,-0.15238219051524096,-0.046397070512450074,-0.10175604694815225,-0.04772034856286585,0.39961117252135764,-0.1568881479000261,0.7117663750010828,-0.06615142218155595,0.6872650939461965,-0.14527680503602863,0.26543848210739135,0.7893218878433219,-0.12195929280428777,-0.03974744963258952,-0.24409193301593873,-0.46252321869330626,-0.343669437516545,-0.06198153231465663,-0.24043865065270853,0.02656387482581047,0.5541833110254878,-0.11337297109586425,-0.18831495468755383,0.035060673180212575,0.10283719437939642
-1.3560883497250207,-0.5640828880134036,-0.07980143557977493,-2.2114760125697908,1.1849135471793315,-2.9731207361256122,0.4853338133699679,-0.3039846954835342,2.260797467505846,0.8134130870071685,0.5850877559353371,0.4645581788293841,1.2049117212050209,-0.3618230100328431,0.8550496591944354,1.7538142317842764,0.24916686132345708,-0.8112659403579546,-0.28452263878680195,0.09003467113852319,0.8703699545729039,-0.15849338392516357,-0.32732324231312176,1.9447111531135943,0.4112190663044268,0.31111170787270476,0.6915900965721861,-1.1481678010919214,-1.733968747217664,0.5960530214551587,-1.0121170173061316,1.2415867788993948,0.8037128330694835,0.6502325316058792,0.9787548366873693,0.7480415433217031,0.4117315919965619,-1.214033470461865,0.6649222115728819,-0.25978182402387534,-1.134256813261106,-0.8637827899833156,-1.2241153030476282,-0.5271883378236811,1.4211672497172438,-0.8132829224939506,1.0732736170822545,1.3894585968287712,-0.3273737091651517,-0.5581881012764502,-0.9208357777094133,-0.8411897171704475,-0.38089711225265305,-0.38431864250979514,0.4016500735490676,0.49969651715347313
-0.693610067128835,0.17106737414388629,0.8130956793537709,-0.9892046207086163,1.2043798843749356,-2.329871216020982,-1.6727226434529383,0.3966381706141121,0.8134130870071685,1.7165087082907438,0.6685233225011533,-0.8358027478107092,0.3994875486955202,-1.6559616397204717,0.8309715046344445,1.2540989657582788,-0.33366944494013046,-0.9494425556290829,-0.7619907446201005,-0.6295098300473649,0.14551205146064353,1.1423553945914884,0.4793353888292761,2.197504192348158,0.7990908722033544,0.5173001144608396,1.1816684694288413,-0.6624393170825169,-1.1568161355786855,0.7431342508874826,-0.0725216336251916,0.697935059063626,0.42275376316017527,0.9046256487463277,0.893105445179667,1.358977300478593,-0.07362570667854737,0.5641692994033565,0.16449478608720963,1.6812428199208655,-0.9665002945888888,-0.40618350524152513,0.5519821813271271,-1.042488290922755,0.822258358685049,-1.7191794330027617,-0.12180745152860417,-0.022480864104155805,-0.6749669097793954,-1.1104229515500934,-0.6205294440520971,1.3966708821228402,-0.45831364833695465,-0.3846148463703009,0.3821263588345589,0.7176134427380721
-0.4085962135472149,-0.02298951423264081,0.25676187443770426,-0.6658720035418398,0.5290801951598006,-1.0548584440581255,-0.5713234811674288,0.13539297091280506,0.5850877559353371,0.6685233225011533,0.319739448332184,-0.21880956428568535,0.27018687484150383,-0.5870188673548444,0.3550484344951169,0.574123440277369,-0.05375512064744689,-0.4850913793341583,-0.37815232059780707,-0.2833334066561997,0.2227750528588182,0.40012413860508794,0.1608179371813884,0.9458520163922001,0.29993615109463856,0.22983289891663727,0.45646870662195455,-0.3331553243809713,-0.6122070769031739,0.23265550716217914,-0.2657144032622528,0.3607304741930266,0.2594752033496547,0.28198976717890406,0.3740178318247376,0.5835950908279548,0.02919093902355415,0.07842426671150936,0.15561008473882115,0.5260775050695868,-0.4952756047521467,-0.18369456498353012,0.12484577745976275,-0.3587537993811732,0.4626142971046746,-0.6164504011851266,0.06402280755745514,0.18516113066612497,-0.22847674625243117,-0.42152356441358213,-0.3242228469373032,0.2725038327328792,-0.2147770856704102,-0.24217849770856564,0.1807964376373213,0.29283973817209175
-0.11924063707656293,-0.33525612371862873,-0.5994160494331736,-0.26321018119972506,-0.2179282719596339,0.17281899382903265,1.537841432967038,-0.4510501954930231,0.4645581788293841,-0.8358027478107092,-0.21880956428568535,0.8324180425661115,0.3089336816093478,1.0241181049636956,-0.14940543945103943,0.004957978223477756,0.30362589829913333,0.37724951924897354,0.5099463866850826,0.5896055433346203,0.22438548272061962,-0.9520490885243339,-0.5666193169160716,-0.6218626079254489,-0.360984486814001,-0.19943811809294534,-0.47540100312451616,-0.10923065946233881,-5.720591087141965e-4,-0.13016463344246926,-0.28148171167391545,0.1258368650235418,0.03177888482537803,-0.2592377646999287,-0.1072977374998013,-0.6689616999039882,0.23691293772002872,-1.001766102282013,0.16003814164073388,-1.3208557988392207,0.2004562246958131,-0.18186879009989845,-1.119758252491127,0.4966394913715275,0.07571020670142238,0.7982059858760903,0.5975950219271122,0.6875273991473994,0.2660848375320021,0.5352216563219327,0.026738911113025527,-1.3354891401543905,0.1595097786577212,0.20256595068447678,-0.08304835613083333,-0.23271819128725074
-0.8776588896956108,-0.38251120136288286,0.36336653662544505,-1.4218061547935728,0.6300620055318364,-1.9725819190142129,-0.014576514646119467,-0.19859972748145016,1.2049117212050209,0.3994875486955202,0.27018687484150383,0.3089336816093478,1.1645045868083737,-0.08630646724430165,0.685008237104227,1.2871544734994427,0.4558511045678139,-0.2207363989814949,-0.2705359332379245,-0.2521522996014902,0.5709471443778041,-0.05267501271842038,0.1481906633915641,1.3120225117545807,0.2812403483498707,0.3414534659636492,0.28679278279295983,-0.5137153221752221,-1.350085052120401,0.3571956874516447,-0.709806328903579,1.028005252535819,0.37276045368555893,0.28352495868195654,0.7566674531059666,0.6435178321401209,0.20810940539182146,-0.646615806300518,0.7239819913624544,-0.5341190530400799,-1.207101011564583,-0.27105294880917624,-0.9196933622642117,-0.5351719659182145,1.2738673331578616,-0.2028093407256132,0.6183123240089413,1.1993694007941875,-0.08925526029064446,-0.5734099207837695,-0.6572486217113752,-0.6648377795903947,-0.26818722579944726,-0.3467230312856784,0.2449111315480368,0.1681354777255431
0.4382386811108634,-0.25439153458929076,-0.8084241774332699,0.5797540942148259,-0.9320032490856095,1.7904337970667938,1.9360653378615857,-0.4954141902670973,-0.3618230100328431,-1.6559616397204717,-0.5870188673548444,1.0241181049636956,-0.08630646724430165,1.7386383340277725,-0.6593369112329267,-0.8830681365116377,0.41224281018807474,0.8857030667911048,0.7860301110383588,0.6959385251480608,0.013858980804167862,-1.279679850303596,-0.6060771913799264,-1.8802992195162105,-0.7496600049247276,-0.4119299344693511,-1.0928064308933203,0.4416604708189665,0.790814553136407,-0.5990244621704425,-0.0940161623375908,-0.4018539575255856,-0.3278787193659267,-0.8505512789416717,-0.6682892686227407,-1.2801620509298135,0.16233513598598054,-0.8696368744391563,-0.02015196342848784,-1.8940384384028455,0.7324753095049009,0.2551957099441999,-0.9847341868452109,1.0427331516046894,-0.511286228381628,1.6888526517623164,0.3529882565940242,0.42866169602671755,0.6151573763736388,1.0734907724514864,0.4644967536153458,-1.7221169154386704,0.4107152644961252,0.3726823537281106,-0.3117171365915027,-0.6208466627194537
-0.6356108985193498,-0.06713886509961266,0.4298511167908027,-0.9416732878085662,0.8140346117578258,-1.8977775504171188,-0.4501434644524126,0.015131585857928785,0.8550496591944354,0.8309715046344445,0.3550484344951169,-0.14940543945103943,0.685008237104227,-0.6593369112329267,0.6617450636667044,1.1339472474558758,0.0011319710692711273,-0.37353670327387634,-0.2771827649075433,-0.19092552452923842,0.21706139673684163,0.30845937921558786,0.13392558587566378,1.448646568006626,0.4373900379598435,0.3395586615572881,0.6273108878355541,-0.5550387352124114,-1.0383280668056685,0.5844899453084765,-0.17888097598534788,0.7507415111434832,0.2996982156999749,0.6041453278347159,0.7469808258628412,0.7152471584525529,0.06953668365495115,-0.15427936600163245,0.33292642758553304,0.39887717761341224,-0.8123991780477755,-0.39573670259912946,-0.38572487447887427,-0.6469263081431614,0.8556192166607476,-0.8216361924085563,0.2658149229938611,0.5218685586152716,-0.3659096207659859,-0.6633879492313721,-0.5117991213037838,0.3036647496411584,-0.2822683230248343,-0.1641621722647619,0.25092844403413295,0.3954980366809112
-1.229521261085173,-0.2681207170393574,0.5132088613411403,-1.7914241120245633,1.417776256506359,-3.444799418691618,-0.21099613220047025,-0.18332289406844654,1.7538142317842764,1.2540989657582788,0.574123440277369,0.004957978223477756,1.2871544734994427,-0.8830681365116377,1.1339472474558758,2.0858521867773283,0.07304322443593195,-0.5919703058844296,-0.253542648742557,-0.04995296241001835,0.4580730478215148,0.23098159489761924,-0.03408717437452712,2.4438831222476547,0.6931292747062855,0.48749950207396026,1.0069039150745749,-1.1094417589476708,-1.8315741738924967,1.0553040366796511,-0.3722111487200494,1.4009280029253819,0.5922821447332037,1.090336885686466,1.319003054733477,1.0460557250068696,0.22822396183976051,-0.7080630189641572,0.6150511677715239,0.33421943539678634,-1.3384542360822513,-0.8543679952324228,-1.0914475818426086,-1.0322827911071633,1.5114667105284176,-1.3222655595863586,0.7626529358515203,1.117056480132332,-0.6057429485831644,-1.0012183126997733,-0.9285317773568909,0.17374907191304423,-0.4282767868239264,-0.22323287895791297,0.43245951826717205,0.6463445235245222
-0.287873602831872,-0.4173290331916006,0.1000350666101806,-0.5819093233372878,-0.3373015505570705,0.024430227633090752,-0.10916311476979985,-0.12325856859777047,0.24916686132345708,-0.33366944494013046,-0.05375512064744689,0.30362589829913333,0.4558511045678139,0.41224281018807474,0.0011319710692711273,0.07304322443593195,0.6104643805894079,0.002429170823916912,-0.25555766243208766,-0.40434280677225104,0.4895247742082616,-0.07016121407655741,0.3263421051978731,-0.0670678940068161,-0.10240732516975742,-0.006591748622412788,-0.3836819913102525,0.19313088221603822,-0.32779566862572573,-0.4422107591571104,-0.7866541588237835,0.26210542136632653,0.14996515854735334,-0.43490694985883227,-0.08563723173275674,0.17544615789133042,0.09763515062585351,-0.2737438105454062,0.5193498869886307,-0.817520378579592,-0.6334513389347572,0.3430061931022384,-0.09522681853208183,-0.05959241328371692,0.4832288375760852,0.6248652750829143,0.28894918473779857,0.5998655351774046,0.38148726697551505,-0.0743398700822484,-0.22178778816544328,-0.8719032041727475,-0.016501098719816233,-0.47246998634261045,0.014244807992043976,-0.32908006865258055
0.5892526966972476,0.12757214394008987,-0.3119566908694593,1.0118376728123986,-0.5791695097824013,1.2028382005926999,1.0695418776127763,-0.25514548246282903,-0.8112659403579546,-0.9494425556290829,-0.4850913793341583,0.37724951924897354,-0.2207363989814949,0.8857030667911048,-0.37353670327387634,-0.5919703058844296,0.002429170823916912,0.8866155712660588,0.7194774736870672,0.5878201187229648,-0.45797308165331535,-0.7322592369592507,-0.3524415676066108,-1.2261850574099167,-0.40049536592741897,-0.254243624044863,-0.5690369442003107,0.3693680985022146,0.7498896789003792,-0.06557285312845422,0.6325843545629799,-0.37579904832722816,-0.4589779354368578,-0.22675441782247588,-0.33641565427986614,-0.9133432245997347,-0.04072387064844694,-0.21397874149832444,-0.23541370784826512,-0.8319004259869301,0.712484510839188,0.11518247241435511,-0.5757073956734151,0.4814242699555261,-0.5618684018801143,0.8182223565288607,-0.06233698688665222,-0.13248034190137378,0.2109223786100618,0.5753164622208617,0.4662068990169123,-0.34495672259640187,0.3001108889367796,0.5654447559147519,-0.25465715427014574,-0.3285363438573905
0.3838681987293372,0.09251100708948447,-0.6565482772840856,0.8109159376868549,-0.18451437620684294,0.5559899123899082,1.7484903396933862,-0.44707353577832354,-0.28452263878680195,-0.7619907446201005,-0.37815232059780707,0.5099463866850826,-0.2705359332379245,0.7860301110383588,-0.2771827649075433,-0.253542648742557,-0.25555766243208766,0.7194774736870672,1.0401941456847008,1.1256410463183115,-0.4941546199693158,-0.970118491883363,-0.8799179821835016,-0.9215128098157184,-0.3196179466310691,-0.3425683339811888,-0.29036448348816285,-0.10010190574150937,0.675081576220886,0.30399108332645397,0.8334060937952261,-0.2558478730400504,-0.29136237642694524,0.19593126744882192,-0.1407061097891193,-1.0676381195791884,0.08269267865490776,-0.7019777382446963,-0.41970209062702035,-0.6651804217859275,1.004256589181401,-0.41232858805514283,-1.043005719928742,0.5040120392943208,-0.6449186139514912,0.3462272118650052,0.27887896135051843,-0.11689493590945452,-0.043296906172041495,0.6815709470438638,0.3914155234434849,-0.26934131584048465,0.32074477217247543,0.7924639286576962,-0.18926252536691593,-0.09255015718499406
0.2491627612502055,0.06641543399650056,-0.8774658700193636,0.5910949492764429,0.045864045351965525,0.11678473858182789,2.089460348325338,-0.5081488260882726,0.09003467113852319,-0.6295098300473649,-0.2833334066561997,0.5896055433346203,-0.2521522996014902,0.6959385251480608,-0.19092552452923842,-0.04995296241001835,-0.40434280677225104,0.5878201187229648,1.1256410463183115,1.3807030601273778,-0.4679758062327993,-1.1070790512448134,-1.1371074666642882,-0.7015222066010504,-0.28580270486190884,-0.36822946195310724,-0.11423700182966243,-0.3780262315016592,0.5486600671534732,0.4921960010240113,0.8552245680837558,-0.18862241712301214,-0.16210759804984942,0.43538128502794327,-0.019502734808338015,-1.1203253913450584,0.16088047926014262,-0.9585018593246649,-0.4893650604061335,-0.5743068469851804,1.1307295550117693,-0.7268779110955103,-1.2892094012079185,0.5043364196793659,-0.6175364436483474,0.08073772907832878,0.4476633171769473,-0.06989136447134807,-0.1734554462768672,0.7029788103277625,0.32333359674926654,-0.2840130716436712,0.2768490056301988,0.9033293542245694,-0.14572403350569735,0.06161288286051507
-0.619166118265955,-0.4544148010364068,0.0807599877952493,-1.1572025672025004,0.11010897638987142,-0.7562251599708932,-0.2779523057953171,-0.046158730882250795,0.8703699545729039,0.14551205146064353,0.2227750528588182,0.22438548272061962,0.5709471443778041,0.013858980804167862,0.21706139673684163,0.4580730478215148,0.4895247742082616,-0.45797308165331535,-0.4941546199693158,-0.4679758062327993,0.6982217753346787,0.11989563606993323,0.2668764887252457,0.5853567827768723,0.07885981997785284,0.11780735377263901,-0.018524703501278158,-0.1616046242678143,-0.7443917852517996,-0.2759139051026836,-1.0306740462425454,0.4708940578446038,0.4093468532539414,-0.2155078638728685,0.1500071479792061,0.5079034862917536,0.16895532721458711,-0.3577340954668053,0.5551928875451638,-0.41941537874864493,-0.834077032611268,0.08071823690883122,-0.06800592096973113,-0.19368715457392008,0.7414875636681013,0.12889207229327398,0.4122879152866716,0.7272995459480306,0.19144804757490447,-0.26492972781920826,-0.44875034633008526,-0.7924395886830468,-0.17339879267917274,-0.6058102861180739,0.1525300741129144,-0.05933103374373429
-0.18409799652834688,0.19108311132779277,0.9001445770442769,-0.29796295237170145,0.33819424471071113,-0.5652881829411168,-2.2259758924298962,0.5765771872178408,-0.15849338392516357,1.1423553945914884,0.40012413860508794,-0.9520490885243339,-0.05267501271842038,-1.279679850303596,0.30845937921558786,0.23098159489761924,-0.07016121407655741,-0.7322592369592507,-0.970118491883363,-1.1070790512448134,0.11989563606993323,1.3359844701098502,0.9397715247678871,1.110718029185763,0.511310287654896,0.3645477199723059,0.5725164129362439,0.10557084691365937,-0.4288110064699186,-0.028299837135743886,-0.24884051841155236,0.1202057208844845,0.15693305716770653,0.12358171589147161,0.2155523572981279,1.1867041517707524,-0.2280326203970243,1.1520462323242642,0.1351925462033731,1.4385149468902725,-0.7966082417510449,0.3673850366183848,1.4395418309286274,-0.7218419470281541,0.34449330922892474,-0.8834978122664142,-0.5760587328224694,-0.43541982301396415,-0.21336229865833317,-0.8403735481347441,-0.28180290395456836,1.2347529008438383,-0.29570568556995497,-0.6392669738029176,0.19387397616678634,0.2487871226158588
-0.09430158447489535,-0.029994176925961617,0.7740129622683064,-0.2736174088020604,-0.1729915709501784,0.02029049699092363,-1.821713643554962,0.4226011519293203,-0.32732324231312176,0.4793353888292761,0.1608179371813884,-0.5666193169160716,0.1481906633915641,-0.6060771913799264,0.13392558587566378,-0.03408717437452712,0.3263421051978731,-0.3524415676066108,-0.8799179821835016,-1.1371074666642882,0.2668764887252457,0.9397715247678871,1.0176699154763684,0.4836171918764749,0.23125401513165425,0.25033942866891373,0.051785459542869464,0.41127793478486485,-0.32687768564473557,-0.39584184170306874,-0.5536752730051395,0.08530998897887941,0.06938636410880362,-0.2940101616439308,-0.02382032625892789,0.8811847180070276,-0.17892300240554884,0.895515052346458,0.3801553882761202,0.504405225089171,-0.8778303583018446,0.643692679813382,1.1505524825992117,-0.5179379899372987,0.42774793670280675,-0.0641219562382118,-0.44282647883031345,-0.09303971821091492,0.16068883096050166,-0.6267636128798679,-0.2160972397220289,0.4368433606191151,-0.20508703403564826,-0.7020158466251974,0.0847899863988176,-0.11495396082206781
-1.486545762090843,-0.14992992882181674,1.0402524576386085,-2.2168213626161197,1.8602978193840085,-4.232730405516903,-1.6069986104704148,0.1988571567791536,1.9447111531135943,2.197504192348158,0.9458520163922001,-0.6218626079254489,1.3120225117545807,-1.8802992195162105,1.448646568006626,2.4438831222476547,-0.0670678940068161,-1.2261850574099167,-0.9215128098157184,-0.7015222066010504,0.5853567827768723,1.110718029185763,0.4836171918764749,3.4589744963266655,1.0994850674684633,0.7638956088099094,1.5609428754778125,-1.241613888556265,-2.2938647247136994,1.1791848443438708,-0.5675239331453396,1.5768829825437538,0.804431544517658,1.344791046091039,1.5928649630506255,1.9041212214216134,0.12024570455050392,-0.05607118201527005,0.69303502695167285,1.4271958854615228,-1.8836355575164232,-0.8086872176008827,-0.24924258058183493,-1.5671150489333046,1.8385642075793764,-2.150085646541257,0.4698806510173127,0.888599041756122,-0.8572949071484314,-1.6206065801112246,-1.2042791544498648,1.0293419497346743,-0.6893304313838766,-0.6225998416880029,0.6151873551247196,0.9482188609915047
-0.3753049506247083,0.0457464475417748,0.43123509203607824,-0.5100526603565722,0.5868793225953687,-1.2221806950568215,-0.7544044592820465,0.1372326806718924,0.4112190663044268,0.7990908722033544,0.29993615109463856,-0.360984486814001,0.2812403483498707,-0.7496600049247276,0.4373900379598435,0.6931292747062855,-0.10240732516975742,-0.40049536592741897,-0.3196179466310691,-0.28580270486190884,0.07885981997785284,0.511310287654896,0.23125401513165425,1.0994850674684633,0.39685869760566733,0.2511466053365713,0.5510229190755637,-0.33033748134025515,-0.6120047862161562,0.3939240673033703,-0.03297706190625786,0.41691289906790213,0.20066988632242636,0.4605640173700161,0.4795692029244305,0.6581218536312157,-0.02493519967643132,0.19818117859339304,0.13499372719487612,0.7067157863621403,-0.5407820198298333,-0.20035937239054413,0.1482699150235949,-0.5488840471605994,0.4647661473362423,-0.8016317247784197,0.006656804377920488,0.07644521209799474,-0.31993256640139045,-0.5610687344086885,-0.33034168008262565,0.6277042127394138,-0.2089882903290019,-0.1870556785313371,0.18868773361989546,0.32334114963940963
-0.25657489033611913,0.1061741572275965,0.4396245721389922,-0.4321020639720465,0.48303423961990377,-0.7682537270736857,-0.6136187077608635,0.1768938635758933,0.31111170787270476,0.5173001144608396,0.22983289891663727,-0.19943811809294534,0.3414534659636492,-0.4119299344693511,0.3395586615572881,0.48749950207396026,-0.006591748622412788,-0.254243624044863,-0.3425683339811888,-0.36822946195310724,0.11780735377263901,0.3645477199723059,0.25033942866891373,0.7638956088099094,0.2511466053365713,0.33503498478524385,0.3479737618428228,-0.1627546615956481,-0.5737775732466406,0.2202191176070555,-0.13780636030458118,0.35883780729794873,0.06604370528454244,0.10625179756016279,0.3751514217240384,0.52900309785065,-0.03467649368077015,0.24073446033612927,0.17148412815938927,0.3689263500010468,-0.5421956850991309,-0.0010629869669216143,0.04468633435828236,-0.2468488066350958,0.47624345244886396,-0.3591949064310166,-0.09981268337853223,0.26591483867878063,-0.19072017614502124,-0.3767710411894619,-0.22572024556573828,0.20098445451086266,-0.18350774741258416,-0.15507618705691387,0.1401993876210905,0.2484384418530234
-0.47813943468804393,0.18276489683909852,0.42034777621122393,-0.6319134020320525,1.01592871429073,-1.8371934758635635,-0.7133212030961894,0.18353033848990777,0.6915900965721861,1.1816684694288413,0.45646870662195455,-0.47540100312451616,0.28679278279295983,-1.0928064308933203,0.6273108878355541,1.0069039150745749,-0.3836819913102525,-0.5690369442003107,-0.29036448348816285,-0.11423700182966243,-0.018524703501278158,0.5725164129362439,0.051785459542869464,1.5609428754778125,0.5510229190755637,0.3479737618428228,0.9150853203263178,-0.6390991259344844,-0.8064562509703838,0.7512174711875615,0.18829296850245797,0.5267392511253589,0.269055675323766,0.8201946146972157,0.7334046352652979,0.7625966296635072,-0.01540308969282407,0.1832835561802863,-0.0010614364493726361,1.146742008231293,-0.46791033899090034,-0.5260462622424825,0.014238141853200548,-0.6512297284320925,0.5135340604674967,-1.3169249137962329,0.013184693106972172,0.018642190322046746,-0.5966645020763083,-0.6766491867515523,-0.39879181476775255,0.9818019372133815,-0.2953964104825335,-0.02403583449430454,0.265910911695272,0.6106545329308193
0.6480475288170822,0.10613118668424137,0.06651088866743422,0.9140541443973295,-0.9018899424383611,1.9216062267001808,-0.4352819100546954,0.18580290205237218,-1.1481678010919214,-0.6624393170825169,-0.3331553243809713,-0.10923065946233881,-0.5137153221752221,0.4416604708189665,-0.5550387352124114,-1.1094417589476708,0.19313088221603822,0.3693680985022146,-0.10010190574150937,-0.3780262315016592,-0.1616046242678143,0.10557084691365937,0.41127793478486485,-1.241613888556265,-0.33033748134025515,-0.1627546615956481,-0.6390991259344844,0.8196636720091859,0.8491087092391709,-0.7201129783967436,0.01364017803575058,-0.6553095807159777,-0.36382986651691035,-0.7609512527126745,-0.702929448873368,-0.3095958805334371,-0.18856637878056884,0.6383544293248428,-0.11060385659860854,-0.26403673858058796,0.3228983503366245,0.7651334788088009,0.8199640846423962,0.3800386054670275,-0.5883708651247999,0.8883773389254417,-0.5324486475725042,-0.492396693297998,0.445738075715619,0.3315757749701738,0.4316533476543322,-0.09473184589088285,0.19135602707391314,-0.10720443703657997,-0.22552992441687886,-0.4711613522865027
1.2486361442207408,0.3565153167752367,-0.6369300653355329,2.021507971983378,-1.1885398846393462,3.019792382607731,0.6985007981122089,0.01329510613280685,-1.733968747217664,-1.1568161355786855,-0.6122070769031739,-5.720591087141965e-4,-1.350085052120401,0.790814553136407,-1.0383280668056685,-1.8315741738924967,-0.32779566862572573,0.7498896789003792,0.675081576220886,0.5486600671534732,-0.7443917852517996,-0.4288110064699186,-0.32687768564473557,-2.2938647247136994,-0.6120047862161562,-0.5737775732466406,-0.8064562509703838,0.8491087092391709,1.9170401125074659,-0.616485216913448,0.9065987177078841,-1.3388746387782555,-0.6302829018349497,-0.6176736442854343,-1.1239053847846259,-1.2578515876760714,-0.21026067028470075,0.46581025219681,-0.8194847823382473,-0.16802134679494318,1.6474027714733859,0.469101925169283,0.6716837144257797,0.9244043155308287,-1.6722964416530146,0.9327533018675239,-0.6150749444493278,-1.262877616099564,0.3612850788093256,1.0244783268533186,0.9639558916794424,0.21951170490017508,0.4935308839385623,0.5751531166333954,-0.43041751858576044,-0.5000659042700288
-0.3367816356419399,0.21188262444922312,0.15819701563862804,-0.2868590422136451,0.9635882596223554,-1.7731802918653454,0.2943797506025276,-0.10899332137098167,0.5960530214551587,0.7431342508874826,0.23265550716217914,-0.13016463344246926,0.3571956874516447,-0.5990244621704425,0.5844899453084765,1.0553040366796511,-0.4422107591571104,-0.06557285312845422,0.30399108332645397,0.4921960010240113,-0.2759139051026836,-0.028299837135743886,-0.39584184170306874,1.1791848443438708,0.3939240673033703,0.2202191176070555,0.7512174711875615,-0.7201129783967436,-0.616485216913448,1.0055629287108852,0.6389593599855089,0.5452811615608096,0.08901106900468696,0.9699702499115591,0.7859557032759734,0.2135799488363229,0.04418653304831349,-0.2853257242498332,-0.11505483017081868,0.6051426188445393,-0.09273297028251411,-0.7657456913334947,-0.7902503062439691,-0.45676132897522903,0.3571815029233025,-1.0727923026948754,0.22511572411550562,0.15465552935950272,-0.6221770291671548,-0.38361462403731494,-0.24552957778446396,0.7358697136706162,-0.14402691226413109,0.42927756167561854,0.17392954342662043,0.5545959731611652
0.7608351365950773,0.660412217523674,-0.13864802243313978,1.5306983865391888,0.08704159377596687,0.6233844659023521,0.6156382015153821,-0.015218023413030912,-1.0121170173061316,-0.0725216336251916,-0.2657144032622528,-0.28148171167391545,-0.709806328903579,-0.0940161623375908,-0.17888097598534788,-0.3722111487200494,-0.7866541588237835,0.6325843545629799,0.8334060937952261,0.8552245680837558,-1.0306740462425454,-0.24884051841155236,-0.5536752730051395,-0.5675239331453396,-0.03297706190625786,-0.13780636030458118,0.18829296850245797,0.01364017803575058,0.9065987177078841,0.6389593599855089,1.59622058518295,-0.5144119014706473,-0.5406717432206889,0.5358154910370035,-0.021589268380773345,-0.7172002084182441,-0.19900680800338094,0.32379431323759206,-0.8142097002017386,0.6594778632430446,1.1847058765255765,-0.3385690887992793,-0.1950890336731673,0.20683379261287224,-0.9694693447292616,-0.41587781876568775,-0.4525389011524058,-0.9410266590859244,-0.41705005560033154,0.3358716152179889,0.57018416292768,1.2037095252452046,0.2320322243090772,0.9738514602842769,-0.17377785134092266,0.21239779488987826
-0.9013445802830328,-0.2908685685506586,0.40495457422078446,-1.3747335290454208,0.85366848217872,-2.228835116700245,-0.16550365776689832,-0.15238219051524096,1.2415867788993948,0.697935059063626,0.3607304741930266,0.1258368650235418,1.028005252535819,-0.4018539575255856,0.7507415111434832,1.4009280029253819,0.26210542136632653,-0.37579904832722816,-0.2558478730400504,-0.18862241712301214,0.4708940578446038,0.1202057208844845,0.08530998897887941,1.5768829825437538,0.41691289906790213,0.35883780729794873,0.5267392511253589,-0.6553095807159777,-1.3388746387782555,0.5452811615608096,-0.5144119014706473,1.0301733332972032,0.4131644912019555,0.5176904599811725,0.852738128419096,0.7505677957884258,0.17867741603707218,-0.5442301861653115,0.5853568978173294,-0.08593790715545489,-1.1182581051429745,-0.41821665055614454,-0.7874869259507057,-0.6485373149210348,1.1782588360081068,-0.6126253723305842,0.580320028335143,0.9906263835232896,-0.2721143851701602,-0.6630768495836579,-0.6770452678868708,-0.23679486062273403,-0.285172023614502,-0.2971281282763562,0.2915401478509292,0.32596133437672364
-0.5444715999225673,-0.29634023090290756,0.01657833585123599,-0.906303260638958,0.329093834898601,-1.0984403269710838,-0.19664921969593754,-0.046397070512450074,0.8037128330694835,0.42275376316017527,0.2594752033496547,0.03177888482537803,0.37276045368555893,-0.3278787193659267,0.2996982156999749,0.5922821447332037,0.14996515854735334,-0.4589779354368578,-0.29136237642694524,-0.16210759804984942,0.4093468532539414,0.15693305716770653,0.06938636410880362,0.804431544517658,0.20066988632242636,0.06604370528454244,0.269055675323766,-0.36382986651691035,-0.6302829018349497,0.08901106900468696,-0.5406717432206889,0.4131644912019555,0.3988306772030811,0.24686541305148885,0.2847928798002687,0.44523037512609587,0.13248298677529335,-0.3139106595016268,0.3010657912998209,0.07507748165082247,-0.5231985245226833,-0.2389464221090226,-0.09505738343784453,-0.36103980307682715,0.5325416240844839,-0.40068308123667895,0.3710058764353507,0.376690767204559,-0.06932653612185315,-0.33928188201137893,-0.4044962733073354,-0.15506898881081718,-0.17591406608472307,-0.34048223311776404,0.16729866234600804,0.13251362918530657
-0.4235039362648308,0.08298433704534929,0.10576697632914815,-0.41320723088994854,0.8770466508930145,-1.9816973362624783,0.05567415079022593,-0.10175604694815225,0.6502325316058792,0.9046256487463277,0.28198976717890406,-0.2592377646999287,0.28352495868195654,-0.8505512789416717,0.6041453278347159,1.090336885686466,-0.43490694985883227,-0.22675441782247588,0.19593126744882192,0.43538128502794327,-0.2155078638728685,0.12358171589147161,-0.2940101616439308,1.344791046091039,0.4605640173700161,0.10625179756016279,0.8201946146972157,-0.7609512527126745,-0.6176736442854343,0.9699702499115591,0.5358154910370035,0.5176904599811725,0.24686541305148885,1.1522026272519552,0.7530779872160538,0.33905042901366234,0.054208977044365086,-0.2761570218184179,-0.08183194564461066,0.8033552951421924,-0.1295842103343681,-0.8338034867918762,-0.5291495764241881,-0.7124091521530569,0.3572124515970299,-1.3093468540840292,0.2930494749433062,-0.021467375714964484,-0.6142651031451819,-0.5439579843403195,-0.34045041893073136,0.9751975637572725,-0.18586138162138507,0.28409761287034324,0.19843703045044325,0.5260521653885591
-0.6862657605316279,-0.016327614076896396,0.41690199843053266,-0.9597673286727818,1.0000358140489307,-2.170066259667138,-0.23006627170288108,-0.04772034856286585,0.9787548366873693,0.893105445179667,0.3740178318247376,-0.1072977374998013,0.7566674531059666,-0.6682892686227407,0.7469808258628412,1.319003054733477,-0.08563723173275674,-0.33641565427986614,-0.1407061097891193,-0.019502734808338015,0.1500071479792061,0.2155523572981279,-0.02382032625892789,1.5928649630506255,0.4795692029244305,0.3751514217240384,0.7334046352652979,-0.702929448873368,-1.1239053847846259,0.7859557032759734,-0.021589268380773345,0.852738128419096,0.2847928798002687,0.7530779872160538,0.8917613801083146,0.6758465863648868,0.09443058554955955,-0.2840715364175631,0.28910364164752483,0.42148847170052073,-0.7766034325187002,-0.5541994892239853,-0.6509228989125325,-0.648198922257464,0.8938387102626191,-0.9550300283667481,0.3374055106761147,0.5952007569300752,-0.48064041235502464,-0.6558520144534189,-0.5277315276605217,0.34849332195645094,-0.2797198846289223,-0.030317029414914213,0.2706698550579908,0.49554794610026404
