V1,V2,V3,V4,V5,V6,V7,V8,V9,V10,V11,V12,V13,V14,V15,V16,V17,V18,V19,V20,V21,V22,V23,V24,V25,V26,V27,V28,V29,V30,V31,V32,V33,V34,V35,V36,V37,V38,V39,V40,V41,V42,V43,V44,V45,V46,V47,V48,V49,V50,V51,V52,V53,V54,V55,V56
1.2527863721250596,0.6911712335566302,0.011166172565589081,2.0299199395825482,-0.7513753036705405,2.440683325289135,-0.4305555521863848,0.3837379399527242,-1.9168775894005161,-0.4454103519805794,-0.40333496069352814,-0.5493009771485621,-1.2349398016972695,0.0419657317776214,-0.6988495448783956,-1.5056626030371238,-0.5314618986893138,0.5744460838206745,0.25627881586488094,0.05460214992299819,-0.9091469136550366,0.21360472318231566,0.13619899098599483,-1.5298105434120584,-0.28441364897236154,-0.20789104017502144,-0.33984944230734876,0.8437208551478305,1.5449573822726572,-0.31029064178715143,1.1324150573252818,-1.1706677569346602,-0.7064135107580786,-0.3686288191757173,-0.7759366797720106,-0.6500479452768793,-0.39474213035702316,1.2059508721505987,-0.8088158262192403,0.6946606236967038,1.2349738455555783,0.5538452308479539,1.1415043096748012,0.5082812500348731,-1.3915769939033678,0.3403696764305561,-1.0753899006927117,-1.4327904099369124,0.07452372433601029,0.4899325473929034,0.8578493930985992,1.088389552300172,0.2833336576487959,0.5180943810045722,-0.3205765225406369,-0.20300072246544715
0.6911712335566302,0.6905955851750559,0.3462642800487539,1.1724749467299398,0.024391388857682262,0.963915902978308,-0.7207065199598941,0.4170686836697366,-1.0721815585515908,0.2338936647202417,-0.05926959450642673,-0.6175965039880738,-0.6624624349854873,-0.4222348790674104,-0.1815048063413258,-0.5961634410291878,-0.5550681655325383,0.17318371440411237,-0.00712183465516037,-0.12039708837637539,-0.6645540197973175,0.4565439033591617,0.16370952332759078,-0.3508892299308682,0.053560780853105956,0.14920283160140443,0.18450039452383396,0.34247057924846297,0.643448037151104,0.13633173939741552,0.9081082308076173,-0.5444359222226389,-0.47655437389284266,-0.026322598338538297,-0.15402425850585144,-0.04996577781921124,-0.30738677489273536,1.0520705816240716,-0.5642029456696588,1.0127200719407867,0.5612316743320337,0.25193809921798627,0.7796166329117064,0.17141901573241566,-0.6717267701113007,-0.26508183209326636,-0.8761774082288246,-0.8962164657293636,-0.23962021574248404,0.05608585645703845,0.45544697276103746,1.14973464401585,0.050629906700151835,0.372903559460683,-0.10272873856256533,0.18124541146598236
0.011166172565589081,0.3462642800487539,0.8209719805685785,0.1387075681882476,0.41748297448613075,-0.5033810753431933,-1.223239746971622,0.31441724647570357,-0.34285085861288006,0.6870357642071974,0.15351191777554743,-0.5861852774167654,0.14197922608061636,-0.7062130042501555,0.33436110038785005,0.3589851876047454,-0.12768131687667422,-0.08866799345613281,-0.33898961664827254,-0.5385960468382275,-0.21410175744066878,0.7120367235110187,0.5148624970582693,0.7560827524451416,0.37018239259362185,0.3799215560736277,0.4233125949502533,0.06283784292400302,-0.3259529510712051,0.325915876994731,0.32482435512404084,0.23375322749574734,-0.15577378815319123,0.20767800115354434,0.3761770858894073,0.6488975948881207,-0.211263037524766,0.7767993447621112,0.03707750478088698,0.8355518623980522,-0.5093749585998476,0.19588629356720408,0.46295040103167184,-0.4580255400993958,0.27266106847174676,-0.5508948434774888,-0.45877162686650763,-0.15805746961668785,-0.28703526475042324,-0.5508019503791995,-0.0952852209234959,0.9540040943587667,-0.14219423200718523,-0.08711468720976016,0.10426844460964613,0.24361757347371626
2.0299199395825482,1.1724749467299398,0.1387075681882476,3.4676203967311126,-1.157346012258419,3.763960842056547,-0.7300722269283307,0.5448598617172072,-3.240523190796694,-0.6166622468417865,-0.6872302638030594,-1.0021390847842588,-2.007708847040042,-0.05281109624090709,-1.070846651742717,-2.292192398142833,-0.9257944637274407,1.0214919434486582,0.5806370533275471,0.19542944322399622,-1.636052270464152,0.40740580778007485,0.1862586370757927,-2.33825940459334,-0.3643509676417906,-0.35951252456575833,-0.4614091770732653,1.3122305208822775,2.5448384279093443,-0.2997977892607964,2.132248722913844,-1.828981776740984,-1.2029904178757198,-0.3806083170639904,-1.1387379328417502,-1.0315864429943205,-0.6611074686157002,1.9519310261947418,-1.3649213452202928,1.2803985761613939,2.008170788433623,0.8235374171165011,1.7816818056705552,0.6513661669101148,-2.2946538347829,0.34110568107024763,-1.7228507148082841,-2.4360104226959476,0.009931435147944305,0.7096742703968606,1.3904831196628127,2.1200411313695526,0.5048734404724874,0.9216751535838125,-0.5169629554511591,-0.3040168853758326
-0.7513753036705405,0.024391388857682262,0.41748297448613075,-1.157346012258419,1.2165688605851273,-2.128854023631746,-0.2026235872785253,0.02789736541768797,1.2173696388044495,0.9438791017636176,0.47290002863951963,-0.026484200217700538,0.7745442696696787,-0.6142504044415948,0.7451008106271902,1.3188647247030634,-0.09304427506653362,-0.5163872776055212,-0.25629092278145543,-0.10392310139189913,0.29152029162203114,0.23408514563448735,-0.08526898204443767,1.642852386129529,0.47862250833374176,0.5085131518045412,0.7848578743659,-0.7571206170089525,-1.240899782162989,0.7233067661965407,-0.22048854442037885,0.8981950662498501,0.31576768953347667,0.5480855180819598,0.8999006745441432,0.7427903207055373,0.10790773517788953,-0.2679559705544651,0.2844806388241696,0.44165823180699093,-0.8255031686130604,-0.515608541854741,-0.6657191269454544,-0.41034719694748245,0.9428651936011354,-0.8999623121456489,0.32317887604852036,0.7723104410065644,-0.5049093586181198,-0.5565553381722679,-0.5445342104659884,0.07391196580282637,-0.30414182558300146,-0.0802785647227144,0.316668841870478,0.6031239232454151
2.440683325289135,0.963915902978308,-0.5033810753431933,3.763960842056547,-2.128854023631746,6.02334532859789,-0.3220399846296067,0.5986136881882439,-3.59789072421713,-1.640806146793515,-0.9196514454230582,-0.5908931127841509,-2.6180815516321188,0.8922098876646366,-1.897337483749369,-3.6701258217729453,-0.6114995228919642,0.991770657774871,0.43034211566244496,0.024578340935811026,-1.2853775892734158,0.09811657033124996,0.1585940213185595,-3.9745284988021643,-0.9624883639251102,-0.679021808813171,-1.3315075777621843,1.9453436725994822,3.4140695336104607,-1.4616455964266708,1.3953779412753164,-2.6105790117102523,-1.2670197174644977,-1.5888284176922487,-2.1519268485613763,-1.6202753955480376,-0.6113082687427819,1.9564926948969596,-1.4614952174022409,0.48461639016635033,2.5691356384839903,1.472129032835583,2.4069857746502876,1.6457079238271275,-2.9635423538826924,1.6434749788484022,-1.8555805703508796,-2.5819285511029255,0.6815349905604866,1.5548872920537047,1.789309134978811,0.8800824647054317,0.7274612819905465,0.6360341441080289,-0.7358444655233188,-0.8263637700389059
-0.4305555521863848,-0.7207065199598941,-1.223239746971622,-0.7300722269283307,-0.2026235872785253,-0.3220399846296067,3.3942632159055153,-1.0575999917042467,1.227677872656208,-1.5626494114789609,-0.40551596634832493,1.7589948615479796,0.8549361248700187,2.0099308130056777,-0.10277379217282308,0.42848134246623376,0.5748560433414074,0.8038699150478297,1.2017447451798955,1.4197955527331965,0.42648941646823013,-2.060153305449956,-1.316404264415008,-0.8952023245903341,-0.6350522418204636,-0.3874965348905255,-0.79943764326915,-0.48287176778425933,-0.25469805095337655,0.05002140867057058,-0.43941296300533306,0.5068589691398614,0.12904798442361268,-0.19830657978228697,0.0541671309291222,-1.3364547352226703,0.5465963727340102,-2.3242866300641025,0.3748139160152202,-2.7178604294703144,0.31190309477065836,-0.6486870901932171,-2.7061099518456566,0.8237692360565313,0.3546322311234459,1.3671076329454352,1.4312324760416522,1.5752794079219112,0.39459637298656136,0.9725889850160527,-0.07123202590693034,-2.6463403479762504,0.2944415788938156,0.5253402410485526,-0.11892661150916503,-0.3628493363584791
0.3837379399527242,0.4170686836697366,0.31441724647570357,0.5448598617172072,0.02789736541768797,0.5986136881882439,-1.0575999917042467,0.4690236570093925,-0.6253984242917306,0.41841765498428596,0.10360489208819902,-0.6072862062505194,-0.5193139181789548,-0.597061591437424,-0.1060805085851723,-0.45743325761843445,-0.3518901283078747,-0.21444244674360333,-0.3812412424427911,-0.42400213564058453,-0.2721789343026055,0.6416950180735729,0.3675491301008442,-0.024464945745428394,0.11386137069131487,0.14680072129525573,0.22571576248909384,0.2676814560299504,0.330081513640197,-0.08435483022382452,0.2960357241748027,-0.4114722981626563,-0.1692434538600815,-0.08204331736961964,-0.169046593648055,0.269873068734203,-0.23779306261038502,0.9712378587402218,-0.3176485922350122,1.008947746424444,0.2015407264006238,0.2749938355690671,1.0324325083255825,-0.005970350335734635,-0.37773589694016113,-0.3412586198585582,-0.6990032323392767,-0.7117185550620769,-0.13382850060371346,-0.13636860027121614,0.20744644032305257,0.9016648436684108,-0.07253588186985488,-0.021533067331494626,-0.012589276164998834,0.1558959627093085
-1.9168775894005161,-1.0721815585515908,-0.34285085861288006,-3.240523190796694,1.2173696388044495,-3.59789072421713,1.227677872656208,-0.6253984242917306,3.2228411095368816,0.4784071260828027,0.632382589741202,1.1173162371221173,1.8714144000750175,0.22090293017846707,0.9876809713918128,2.205953281466022,0.7599381851126089,-0.9044799695526178,-0.30852216870393406,0.13828802912174593,1.485489313794129,-0.6472545111737845,-0.4983738103348291,2.116105708887578,0.2884506833731883,0.3081903445823066,0.453811507297492,-1.394274602628684,-2.3542991891107596,0.417281754953646,-1.8665206984507066,1.7285825035522,1.1155851726428518,0.4213399411992978,1.1135361652973808,0.744851195296585,0.6840993860789972,-2.1072861506983402,1.1703914727921083,-1.3281346374823049,-1.6610524017777757,-0.974555707753746,-2.0435363576467247,-0.42066378599386955,2.068691760176876,-0.3201007536672258,1.7504530174882365,2.3711325731258848,-0.08198610536882901,-0.4738027115928399,-1.2572952859179436,-2.1619670251329035,-0.4262840514367958,-0.6653744329346881,0.476740134467213,0.361260962029329
-0.4454103519805794,0.2338936647202417,0.6870357642071974,-0.6166622468417865,0.9438791017636176,-1.640806146793515,-1.5626494114789609,0.41841765498428596,0.4784071260828027,1.457120657595721,0.5518429131412226,-0.8192342619067302,0.1303300922423424,-1.460954126698101,0.5989315017091346,0.8410943252200356,-0.3679167375787032,-0.8257460997060116,-0.6745257577996819,-0.5745796086710195,0.04117440477774511,1.067715893470509,0.43972467778333435,1.697288978503527,0.6569953231729875,0.416312829432702,0.9868447722566555,-0.4616914547591817,-0.7764983249297578,0.5534703958911078,0.030941807322580422,0.4167475302295303,0.29877576484149443,0.6952479573826122,0.6344594934307077,1.1204557496917784,-0.11351147364844055,0.6758400644722532,0.019029920867836496,1.6115138598845435,-0.6626382213016767,-0.2602347001213411,0.727753318611963,-0.807592280056552,0.49753162369947096,-1.4623574364123009,-0.26005648471064025,-0.24409240576717503,-0.5686694718799609,-0.881495344994859,-0.42468625529930076,1.3530385056429606,-0.36199792664626107,-0.31115059323075933,0.29480889944064487,0.6013943590571518
-0.40333496069352814,-0.05926959450642673,0.15351191777554743,-0.6872302638030594,0.47290002863951963,-0.9196514454230582,-0.40551596634832493,0.10360489208819902,0.632382589741202,0.5518429131412226,0.29984692051465606,-0.12382587622280668,0.25248763278838315,-0.4542624555011271,0.29361177825774226,0.49627946347840246,-0.024360347780673006,-0.4782810191095995,-0.348240933569574,-0.23534777739514007,0.26877746335877867,0.30254035729843054,0.09391972581369736,0.8092867305200289,0.23602813167935016,0.19720242519298672,0.37894521624829997,-0.3231449974286811,-0.5665995953463099,0.15749141073383466,-0.33847972819527467,0.32294988381721024,0.2666859861290431,0.19092167131431384,0.30824533306834306,0.4947592668535857,0.057515805241424404,-0.013615618302827974,0.15295738779856194,0.3872978820179579,-0.43473413387337234,-0.17555637471945074,0.06754357670255516,-0.24480244037647783,0.4261942970032102,-0.48958884993147506,0.10926507104283043,0.233707294030159,-0.17564086637563048,-0.318301539410106,-0.2999418580927608,0.0829629060027412,-0.191835992067883,-0.24048340215789551,0.16453153256385203,0.25691499665076417
-0.5493009771485621,-0.6175965039880738,-0.5861852774167654,-1.0021390847842588,-0.026484200217700538,-0.5908931127841509,1.7589948615479796,-0.6072862062505194,1.1173162371221173,-0.8192342619067302,-0.12382587622280668,1.124783038772928,0.8374310840137108,1.1712302125360259,0.08525856975039434,0.5117912478578738,0.5975702985718899,0.2700060273590236,0.4206287805025851,0.5312758000130907,0.5896090016875654,-1.1140178655516624,-0.5758647507078486,-0.18980177870860457,-0.31506650703227657,-0.11133685914601141,-0.46430368615728446,-0.3338798268412121,-0.5745110889527125,-0.0920962213722185,-0.7674553214026679,0.5698583928888226,0.251209116214543,-0.24405279425936274,0.14150238030471335,-0.48301194943518605,0.37966643588860904,-1.466712952818904,0.5260205659074338,-1.7981108822840657,-0.3046757917872211,-0.2971762685012455,-1.6213875257724515,0.36942885707752443,0.6332207229389752,0.8817696003554726,0.9973666080450171,1.3285394549297775,0.31870618918592913,0.3937594734413349,-0.2728775055833977,-1.9348252741210417,0.06965489913797432,0.004900631980256561,0.014405383601304101,-0.2290217656838953
-1.2349398016972695,-0.6624624349854873,0.14197922608061636,-2.007708847040042,0.7745442696696787,-2.6180815516321188,0.8549361248700187,-0.5193139181789548,1.8714144000750175,0.1303300922423424,0.25248763278838315,0.8374310840137108,1.6954944879110427,0.3863618250320763,0.8511342190072357,1.7585244845258616,0.7083884825174455,-0.09451672640723179,-0.03911338986113103,0.05153145596872072,0.8350702116234039,-0.5893320347289467,-0.16325232517958155,1.462933418300798,0.20178481184101646,0.3407572619431853,0.18063581085076588,-0.7973057765715166,-1.7920340511152812,0.4815443591004122,-1.0099466026810506,1.4390760688872866,0.5131498702775422,0.32247751265355357,0.9869290760605935,0.48290572898517264,0.4079550328866483,-1.4202734468516227,1.0057981827351028,-1.3466083418551194,-1.4480221343474704,-0.5289706278178594,-1.8643024554125585,-0.46594239717580105,1.7109509326716041,0.06424959590883286,1.1524541580201524,1.9249474365373498,-0.02733243348675069,-0.4800652266213349,-0.8568928250205969,-1.5106805682342992,-0.27095207896198603,-0.30091356680092246,0.2855187253125598,0.1390295284188729
0.0419657317776214,-0.4222348790674104,-0.7062130042501555,-0.05281109624090709,-0.6142504044415948,0.8922098876646366,2.0099308130056777,-0.597061591437424,0.22090293017846707,-1.460954126698101,-0.4542624555011271,1.1712302125360259,0.3863618250320763,1.6871660296463693,-0.36523951797259274,-0.3097466808615544,0.5706125765059151,0.7551122968034412,0.7021911819065458,0.6512701886264409,0.25949843710980697,-1.326005882864109,-0.6109305918714725,-1.29381234352707,-0.6222951425234295,-0.2794418406609896,-0.9360066691478075,0.1666767202866342,0.2171193152609244,-0.4142225004249398,-0.38377107710463015,0.03895677001932669,-0.143046730874347,-0.6890419244515172,-0.33466685014912234,-1.0258804813080904,0.2655586649848749,-1.198718927446867,0.2582483405469296,-2.0891311911601047,0.2660948236498278,0.0779730994201611,-1.413572263396377,0.8312488704516227,0.007163869093568219,1.5437324256560974,0.6551625711213974,0.9320194674043338,0.5476395927381178,0.851578201723596,0.17842671842226565,-2.001366150580944,0.2997576856210795,0.24713363744173475,-0.1985893815728215,-0.5179170201895982
-0.6988495448783956,-0.1815048063413258,0.33436110038785005,-1.070846651742717,0.7451008106271902,-1.897337483749369,-0.10277379217282308,-0.1060805085851723,0.9876809713918128,0.5989315017091346,0.29361177825774226,0.08525856975039434,0.8511342190072357,-0.36523951797259274,0.6522840395104531,1.1804983663748003,0.14879018582800443,-0.2545055654065916,-0.1804031139232811,-0.1033667464637455,0.3145117694531907,0.06880245813516545,0.048250659689777806,1.3215256486155476,0.347891801121423,0.3141166488372608,0.4779656226913495,-0.559687662680897,-1.1101153595562934,0.531431370975596,-0.3158953063688409,0.8408583352919449,0.30837989307930114,0.503180752929766,0.7437591759937802,0.586667532233403,0.13226944976487634,-0.4177339151824967,0.44573376202944726,-0.02527390127717699,-0.8694291422977971,-0.3984625840201594,-0.7050596173149203,-0.5505956329338694,0.9643494670425885,-0.5566132309082746,0.4344223551121697,0.7861684990523579,-0.2684086585662754,-0.5645459512617457,-0.5365636301399782,-0.11100105073523375,-0.25215555380448984,-0.15526755737224998,0.23513356662291432,0.309808436699784
-1.5056626030371238,-0.5961634410291878,0.3589851876047454,-2.292192398142833,1.3188647247030634,-3.6701258217729453,0.42848134246623376,-0.45743325761843445,2.205953281466022,0.8410943252200356,0.49627946347840246,0.5117912478578738,1.7585244845258616,-0.3097466808615544,1.1804983663748003,2.3225146841105433,0.4712252842993248,-0.44033862482899433,-0.1374152950311924,0.04500630665802212,0.785793847352972,-0.21767090729197489,-0.1567859644536523,2.356611204212742,0.55016229173017,0.45808605424554394,0.720882252041431,-1.1734050919342316,-2.146429833133742,0.9289449706984733,-0.8293332457012206,1.7094382981157208,0.6958040776671102,0.8851122001956051,1.3751285128751474,0.9076825191992307,0.3926510565272549,-1.3323494362678474,0.9620935539546509,-0.5920891294969124,-1.6465912191964136,-0.8625829407257387,-1.7749232620013378,-0.9190150743219796,1.8996175150241035,-0.8023358198644065,1.2082528310190166,1.8012230505857996,-0.38801768218184773,-0.8805249539165935,-1.0851914954795685,-0.7797581563990905,-0.3997581818050484,-0.32771820529772855,0.43705308454053104,0.4661260998793914
-0.5314618986893138,-0.5550681655325383,-0.12768131687667422,-0.9257944637274407,-0.09304427506653362,-0.6114995228919642,0.5748560433414074,-0.3518901283078747,0.7599381851126089,-0.3679167375787032,-0.024360347780673006,0.5975702985718899,0.7083884825174455,0.5706125765059151,0.14879018582800443,0.4712252842993248,0.6134811089328766,0.028428075399929302,-0.002214595911778919,-0.026512232012484028,0.5706703566815585,-0.4294057161401738,-0.02670689200534407,0.1619632388156364,-0.09515469440441733,-0.038422792984143236,-0.2999339265884487,-0.13872467804090372,-0.58616686771923,-0.18923669801005472,-0.8046034001107075,0.5222153837745146,0.27828735736668553,-0.19003181191845478,0.13218201982281672,0.03589051561088675,0.23330206043446086,-0.8291390781222834,0.5817782096455195,-1.1244156469792939,-0.6325594708059529,-0.01755486388427969,-0.7638764642714209,-0.06150078466239216,0.6731341042368107,0.5266828235461714,0.6760603181982124,0.945410225419645,0.28978870143005936,-0.021256936218656333,-0.3523032963735567,-1.191578770417118,-0.018688938317921712,-0.32854119643195867,0.061245547276232014,-0.23647993982098178
0.5744460838206745,0.17318371440411237,-0.08866799345613281,1.0214919434486582,-0.5163872776055212,0.991770657774871,0.8038699150478297,-0.21444244674360333,-0.9044799695526178,-0.8257460997060116,-0.4782810191095995,0.2700060273590236,-0.09451672640723179,0.7551122968034412,-0.2545055654065916,-0.44033862482899433,0.028428075399929302,0.9455541654236753,0.6616189476178964,0.4625429955174906,-0.5099253560559165,-0.6089712327404163,-0.19596428156918327,-1.0248042217852982,-0.31517006232987194,-0.16974266523490092,-0.4981737325344604,0.3954392711375217,0.6182316431893818,0.03538449199292333,0.708044706150444,-0.26367397154511124,-0.49964107136306846,-0.13959894336040082,-0.21098491448998813,-0.764072320831893,-0.0868191428273931,-0.07638326619071018,-0.16216314178896793,-0.7468793729278307,0.5224501389697146,0.158564265748147,-0.5600690968111558,0.3004441616555272,-0.4191253355254596,0.7289533893981371,-0.1321011922117515,-0.10309749788500615,0.16485029445084254,0.3966417902949098,0.4164860743928922,-0.15107739227577574,0.2603560570571146,0.5494626682583935,-0.233685989160627,-0.30631275238849526
0.25627881586488094,-0.00712183465516037,-0.33898961664827254,0.5806370533275471,-0.25629092278145543,0.43034211566244496,1.2017447451798955,-0.3812412424427911,-0.30852216870393406,-0.6745257577996819,-0.348240933569574,0.4206287805025851,-0.03911338986113103,0.7021911819065458,-0.1804031139232811,-0.1374152950311924,-0.002214595911778919,0.6616189476178964,0.7618516109733745,0.7122787008658007,-0.32201693006941073,-0.7197334350344918,-0.506562061216171,-0.707144210224969,-0.2435013396532087,-0.24084979896665001,-0.337795327776084,0.03667910440534281,0.4335205224017622,0.1624505618098208,0.5376511911750805,-0.08672206516159774,-0.25274705169616746,0.05969034206607069,-0.088933693266263,-0.7423220354968901,0.05309758322784661,-0.5335673283808472,-0.15648803319722862,-0.7336114251037859,0.5299584901021941,-0.1640378592239421,-0.8337808468114438,0.28633295695711797,-0.3383780100092994,0.44434197578005624,0.2448790076636732,0.060674359638605034,0.06155131746924115,0.4374236845033797,0.25001307723371236,-0.3198153089147673,0.25692819077592655,0.4984269062081162,-0.15020204593696537,-0.18767360046634082
0.05460214992299819,-0.12039708837637539,-0.5385960468382275,0.19542944322399622,-0.10392310139189913,0.024578340935811026,1.4197955527331965,-0.42400213564058453,0.13828802912174593,-0.5745796086710195,-0.23534777739514007,0.5312758000130907,0.05153145596872072,0.6512701886264409,-0.1033667464637455,0.04500630665802212,-0.026512232012484028,0.4625429955174906,0.7122787008658007,0.8149537169759414,-0.15678356235282032,-0.8137205049804395,-0.6517674449926949,-0.48571976189703886,-0.2292824028929988,-0.25697485164822503,-0.2312858192135818,-0.1889608491298302,0.2271408246862207,0.2089631327058917,0.3261489920247647,0.008207572225470474,-0.06866549242640828,0.17288629163756056,-0.010675174013968896,-0.7100063278602358,0.14897085308618424,-0.7922569807814839,-0.11389487833525942,-0.7554594120702914,0.5046251964447582,-0.38049214561998523,-0.9940609534029441,0.2786563779341661,-0.20366765195431694,0.29886737136689084,0.43869644920815704,0.21015202668314967,0.023385228409511974,0.4284404427599318,0.1276689871336899,-0.5150598062699567,0.1868655113802514,0.4610216495752657,-0.09767475701825387,-0.09560821339041853
-0.9091469136550366,-0.6645540197973175,-0.21410175744066878,-1.636052270464152,0.29152029162203114,-1.2853775892734158,0.42648941646823013,-0.2721789343026055,1.485489313794129,0.04117440477774511,0.26877746335877867,0.5896090016875654,0.8350702116234039,0.25949843710980697,0.3145117694531907,0.785793847352972,0.5706703566815585,-0.5099253560559165,-0.32201693006941073,-0.15678356235282032,0.9066136102146545,-0.25841337837802447,-0.07143697512047566,0.7416192411756635,0.037773594344439984,0.07433786428670867,-0.009185247299877453,-0.47019315037263604,-1.0226601452670874,-0.16412285105780047,-1.2547823714541666,0.7138417881120964,0.5896595660988109,-0.11167356519771521,0.29407732489279326,0.37555501034459593,0.3366620746759605,-0.9672746142832316,0.6705069095143511,-0.8443801710102442,-0.8755850813984445,-0.22286259835670533,-0.6919570225890485,-0.11142729251312224,0.9625316000275707,0.16064952289076198,0.8401492326014564,1.1544009531272437,0.18100736167545808,-0.15668622301287263,-0.5987866689522693,-1.3404928327946206,-0.18165219027100657,-0.5612447969935781,0.20033115337276408,-0.011035225288243862
0.21360472318231566,0.4565439033591617,0.7120367235110187,0.40740580778007485,0.23408514563448735,0.09811657033124996,-2.060153305449956,0.6416950180735729,-0.6472545111737845,1.067715893470509,0.30254035729843054,-1.1140178655516624,-0.5893320347289467,-1.326005882864109,0.06880245813516545,-0.21767090729197489,-0.4294057161401738,-0.6089712327404163,-0.7197334350344918,-0.8137205049804395,-0.25841337837802447,1.3090945035891857,0.7210459617883024,0.64927514907946,0.43433707331773513,0.23358764968883314,0.5831078101473444,0.19894551967184618,0.15834877097377234,0.025794721221938533,0.299063267089518,-0.3066316183392959,-0.03610787143474915,0.18570154171461783,-0.004417912578067313,0.8503024902195233,-0.3187558697797378,1.3930220883208457,-0.29450108237435474,1.825624816934405,-0.13906670859874615,0.3168023495034272,1.6850251010131474,-0.4950455640309517,-0.2651174368153587,-0.9960124924757481,-0.8447422357763387,-1.01897938223286,-0.31320110246005695,-0.5821607490072678,0.02859891332751784,1.7132719048800484,-0.17723551916553787,-0.3201169851368288,0.09705444984224945,0.29365676367029114
0.13619899098599483,0.16370952332759078,0.5148624970582693,0.1862586370757927,-0.08526898204443767,0.1585940213185595,-1.316404264415008,0.3675491301008442,-0.4983738103348291,0.43972467778333435,0.09391972581369736,-0.5758647507078486,-0.16325232517958155,-0.6109305918714725,0.048250659689777806,-0.1567859644536523,-0.02670689200534407,-0.19596428156918327,-0.506562061216171,-0.6517674449926949,-0.07143697512047566,0.7210459617883024,0.6357050239151812,0.26505612912005366,0.18998021730778666,0.13857757260751163,0.15405373457356533,0.29159132333198634,0.017969367477580843,-0.1353702693289937,-0.004464420047974011,-0.12732329880645651,-0.04637398172403399,-0.02991473350175955,-0.04752688957123638,0.5163511902586728,-0.19845763677693212,0.8317703234799666,0.025567396338691983,0.7256501818745391,-0.297388877130109,0.3629747895014706,0.9630234958770415,-0.3674377112962411,0.01547844639923112,-0.280791740329145,-0.4913769126660062,-0.43085734937181897,-0.017633625958968,-0.4145355046605486,-0.01678245610038098,0.7720650296788623,-0.11872263689215214,-0.2922187526205884,0.029504214497146138,0.008191772366511594
-1.5298105434120584,-0.3508892299308682,0.7560827524451416,-2.33825940459334,1.642852386129529,-3.9745284988021643,-0.8952023245903341,-0.024464945745428394,2.116105708887578,1.697288978503527,0.8092867305200289,-0.18980177870860457,1.462933418300798,-1.29381234352707,1.3215256486155476,2.356611204212742,0.1619632388156364,-1.0248042217852982,-0.707144210224969,-0.48571976189703886,0.7416192411756635,0.64927514907946,0.26505612912005366,3.041182993987492,0.8831785899706183,0.649821711246946,1.2322566503087242,-1.2123236806974953,-2.2543327422934194,1.0014102751628913,-0.7954658896892434,1.6092016612304427,0.8079380442529934,1.096963079673312,1.46912316652237,1.571236368466953,0.2370531216918832,-0.5326364840958278,0.8131899766895846,0.6744351381666897,-1.8242364448565669,-0.7962275583239883,-0.7346573063115511,-1.2858401105101,1.8731413498670009,-1.6174028582583833,0.7537716637643551,1.2486221156972028,-0.6484718306325832,-1.3270471461118478,-1.1779508815011994,0.2647398277928972,-0.5934209620859077,-0.5905005434458895,0.5572841014001444,0.7602007979491309
-0.28441364897236154,0.053560780853105956,0.37018239259362185,-0.3643509676417906,0.47862250833374176,-0.9624883639251102,-0.6350522418204636,0.11386137069131487,0.2884506833731883,0.6569953231729875,0.23602813167935016,-0.31506650703227657,0.20178481184101646,-0.6222951425234295,0.347891801121423,0.55016229173017,-0.09515469440441733,-0.31517006232987194,-0.2435013396532087,-0.2292824028929988,0.037773594344439984,0.43433707331773513,0.18998021730778666,0.8831785899706183,0.3310725018610749,0.20230924357206778,0.4528260713756882,-0.256347984409811,-0.46532728017336317,0.3297517670699673,0.014311673041725103,0.32771346878731444,0.14679461429988833,0.38017375272075093,0.3854150976890682,0.5327031785889402,-0.03223196107485922,0.189452254592258,0.09064702503956501,0.608812441942107,-0.4217323266870061,-0.15261149688672426,0.14362696853536855,-0.4491433118495906,0.3461501229848776,-0.6676439890405491,-0.011500369939057963,0.027752565487015553,-0.270665364726305,-0.4547900682296821,-0.25490198643131584,0.5621751618620757,-0.15805500268536066,-0.1419910048884426,0.15093587015098453,0.26389794719648446
-0.20789104017502144,0.14920283160140443,0.3799215560736277,-0.35951252456575833,0.5085131518045412,-0.679021808813171,-0.3874965348905255,0.14680072129525573,0.3081903445823066,0.416312829432702,0.19720242519298672,-0.11133685914601141,0.3407572619431853,-0.2794418406609896,0.3141166488372608,0.45808605424554394,-0.038422792984143236,-0.16974266523490092,-0.24084979896665001,-0.25697485164822503,0.07433786428670867,0.23358764968883314,0.13857757260751163,0.649821711246946,0.20230924357206778,0.3442351749302071,0.3141509793717592,-0.1733891842963605,-0.5330213454215702,0.25242883307821257,-0.06274735336255001,0.3436667918546371,0.010292087650444436,0.06863683230419618,0.372859975663615,0.40548554052555863,-0.025888739143214344,0.1730202418925557,0.12574157541597544,0.26161360002071454,-0.4425493819093858,-0.029799259371362796,-0.11910927555071397,-0.1186125252110015,0.4296614151068226,-0.2689098886209086,-0.09345337615935118,0.3165970329546464,-0.19893381022614268,-0.2701450922980441,-0.17114266730025748,0.08663159559834996,-0.15503858323158226,-0.048036171265158516,0.1216058139943744,0.26170271013594504
-0.33984944230734876,0.18450039452383396,0.4233125949502533,-0.4614091770732653,0.7848578743659,-1.3315075777621843,-0.79943764326915,0.22571576248909384,0.453811507297492,0.9868447722566555,0.37894521624829997,-0.46430368615728446,0.18063581085076588,-0.9360066691478075,0.4779656226913495,0.720882252041431,-0.2999339265884487,-0.4981737325344604,-0.337795327776084,-0.2312858192135818,-0.009185247299877453,0.5831078101473444,0.15405373457356533,1.2322566503087242,0.4528260713756882,0.3141509793717592,0.7286295959067834,-0.4301434998583913,-0.6168604504317985,0.5282209293993753,0.11557202768485818,0.3745452800809627,0.19246603369588458,0.5718682297766253,0.5431481673291588,0.6887954146373136,-0.04984571740575307,0.31325425764911924,-0.002436246139014112,1.0197793886117084,-0.41624847138049836,-0.3127918085429098,0.20626753132469744,-0.5173321357630195,0.3916337902298819,-1.0381359406268922,-0.09779646941177629,-0.04810292782866596,-0.4589227794061168,-0.5709235876146497,-0.3013981321803578,0.8538598485005086,-0.24794368088397348,-0.08309692166666931,0.21255185854095549,0.4808866158842002
0.8437208551478305,0.34247057924846297,0.06283784292400302,1.3122305208822775,-0.7571206170089525,1.9453436725994822,-0.48287176778425933,0.2676814560299504,-1.394274602628684,-0.4616914547591817,-0.3231449974286811,-0.3338798268412121,-0.7973057765715166,0.1666767202866342,-0.559687662680897,-1.1734050919342316,-0.13872467804090372,0.3954392711375217,0.03667910440534281,-0.1889608491298302,-0.47019315037263604,0.19894551967184618,0.29159132333198634,-1.2123236806974953,-0.256347984409811,-0.1733891842963605,-0.4301434998583913,0.7602074825348472,1.0754107535399964,-0.47876810613809745,0.49400600262803473,-0.8200246489605161,-0.4632014234784677,-0.4960307028293112,-0.6710516567496556,-0.3867779990431248,-0.2704363805447797,0.8639033977668452,-0.4000865623753453,0.2402156869296796,0.6685083230649024,0.6112425629926815,0.9556138408002922,0.3503822229476913,-0.885618503853593,0.5182236319468665,-0.727843682656163,-0.8959284138838388,0.23755106624626626,0.3305546915567741,0.5630243735329964,0.5017544917898479,0.20838473941103078,0.1433480398663309,-0.23920850565164262,-0.31194346074006196
1.5449573822726572,0.643448037151104,-0.3259529510712051,2.5448384279093443,-1.240899782162989,3.4140695336104607,-0.25469805095337655,0.330081513640197,-2.3542991891107596,-0.7764983249297578,-0.5665995953463099,-0.5745110889527125,-1.7920340511152812,0.2171193152609244,-1.1101153595562934,-2.146429833133742,-0.58616686771923,0.6182316431893818,0.4335205224017622,0.2271408246862207,-1.0226601452670874,0.15834877097377234,0.017969367477580843,-2.2543327422934194,-0.46532728017336317,-0.5330213454215702,-0.6168604504317985,1.0754107535399964,2.242335016599101,-0.6358296356951543,1.247545814339397,-1.6508523991443431,-0.7564631529421256,-0.5450833625466535,-1.2439325448566574,-1.0068265380684631,-0.41363183769891504,1.2431893872664346,-1.0636335841196622,0.7121935662629318,1.7836308664742007,0.6797987515487632,1.5646092767369808,0.7332301479851674,-2.007211240091092,0.5426958994203361,-1.1312170787924067,-1.9503207776109521,0.24195970622410407,0.8232541727015846,1.1063415283057023,1.1775996884279756,0.4669876748305759,0.528509052995229,-0.44463559277383696,-0.42719973646719295
-0.31029064178715143,0.13633173939741552,0.325915876994731,-0.2997977892607964,0.7233067661965407,-1.4616455964266708,0.05002140867057058,-0.08435483022382452,0.417281754953646,0.5534703958911078,0.15749141073383466,-0.0920962213722185,0.4815443591004122,-0.4142225004249398,0.531431370975596,0.9289449706984733,-0.18923669801005472,0.03538449199292333,0.1624505618098208,0.2089631327058917,-0.16412285105780047,0.025794721221938533,-0.1353702693289937,1.0014102751628913,0.3297517670699673,0.25242883307821257,0.5282209293993753,-0.47876810613809745,-0.6358296356951543,0.7602355623705919,0.40893676596915235,0.5625993632424954,0.03109080409871182,0.677871698523339,0.685247462256684,0.2859638463432971,0.0180184962569365,-0.1750656295356505,0.0703943144075161,0.3095143113838374,-0.3425121572768298,-0.4628491262390056,-0.6682529689494497,-0.4486109585344292,0.48253111401048804,-0.7028794207334835,0.1653861630969914,0.3013465299338231,-0.43018282465652197,-0.41054186369131923,-0.25027810212799195,0.48073095659444637,-0.1322400837533409,0.24694639419472683,0.1445285565215245,0.3726247762584304
1.1324150573252818,0.9081082308076173,0.32482435512404084,2.132248722913844,-0.22048854442037885,1.3953779412753164,-0.43941296300533306,0.2960357241748027,-1.8665206984507066,0.030941807322580422,-0.33847972819527467,-0.7674553214026679,-1.0099466026810506,-0.38377107710463015,-0.3158953063688409,-0.8293332457012206,-0.8046034001107075,0.708044706150444,0.5376511911750805,0.3261489920247647,-1.2547823714541666,0.299063267089518,-0.004464420047974011,-0.7954658896892434,0.014311673041725103,-0.06274735336255001,0.11557202768485818,0.49400600262803473,1.247545814339397,0.40893676596915235,1.7978570416026158,-0.8162227945071502,-0.7869654586911009,0.3041473213237203,-0.23515998806406824,-0.4848317135501426,-0.42779534015285736,1.173773349690956,-0.8954181924523211,1.1483895906842787,1.1268630805066508,0.16749243638176176,0.6935457289237492,0.0825756590615472,-1.2021574747952426,-0.35754830764668477,-1.0358222979828071,-1.4538432878421588,-0.3439027889748909,0.16505497243188372,0.7523812794682951,1.858534815717101,0.24091676680301752,0.830328678839485,-0.2395929959886947,0.09329381128498146
-1.1706677569346602,-0.5444359222226389,0.23375322749574734,-1.828981776740984,0.8981950662498501,-2.6105790117102523,0.5068589691398614,-0.4114722981626563,1.7285825035522,0.4167475302295303,0.32294988381721024,0.5698583928888226,1.4390760688872866,0.03895677001932669,0.8408583352919449,1.7094382981157208,0.5222153837745146,-0.26367397154511124,-0.08672206516159774,0.008207572225470474,0.7138417881120964,-0.3066316183392959,-0.12732329880645651,1.6092016612304427,0.32771346878731444,0.3436667918546371,0.3745452800809627,-0.8200246489605161,-1.6508523991443431,0.5625993632424954,-0.8162227945071502,1.3369804837164052,0.5190954840760259,0.46216510166309643,0.979102947885059,0.6118631730788127,0.3338785956360326,-1.1506446853228276,0.8352962936903154,-0.8073617497934961,-1.3271695996976454,-0.551165844190163,-1.4955592326987095,-0.5608374749592079,1.5098698189651456,-0.30168253281443225,1.0071660821428727,1.5822503025580301,-0.1691712384741718,-0.5606432052422886,-0.8256006154284816,-0.9896692229657553,-0.2677706104432327,-0.3060686890204745,0.3138662605701493,0.2508579618098395
-0.7064135107580786,-0.47655437389284266,-0.15577378815319123,-1.2029904178757198,0.31576768953347667,-1.2670197174644977,0.12904798442361268,-0.1692434538600815,1.1155851726428518,0.29877576484149443,0.2666859861290431,0.251209116214543,0.5131498702775422,-0.143046730874347,0.30837989307930114,0.6958040776671102,0.27828735736668553,-0.49964107136306846,-0.25274705169616746,-0.06866549242640828,0.5896595660988109,-0.03610787143474915,-0.04637398172403399,0.8079380442529934,0.14679461429988833,0.010292087650444436,0.19246603369588458,-0.4632014234784677,-0.7564631529421256,0.03109080409871182,-0.7869654586911009,0.5190954840760259,0.5210114237832818,0.2144624183395498,0.2885458550404998,0.382362542615596,0.22767074111837365,-0.6428858478312515,0.41706942500229555,-0.24592108390913564,-0.5896040664320643,-0.3249883748787189,-0.3492803148638413,-0.31435271768583317,0.6596910746947667,-0.277037115163986,0.6179070112261691,0.6225665759396882,0.005137380771670244,-0.2741510859752322,-0.49502687287647795,-0.5523484034191364,-0.17434956907316795,-0.4030799827730987,0.18391169695112444,0.08557009157411606
-0.3686288191757173,-0.026322598338538297,0.20767800115354434,-0.3806083170639904,0.5480855180819598,-1.5888284176922487,-0.19830657978228697,-0.08204331736961964,0.4213399411992978,0.6952479573826122,0.19092167131431384,-0.24405279425936274,0.32247751265355357,-0.6890419244515172,0.503180752929766,0.8851122001956051,-0.19003181191845478,-0.13959894336040082,0.05969034206607069,0.17288629163756056,-0.11167356519771521,0.18570154171461783,-0.02991473350175955,1.096963079673312,0.38017375272075093,0.06863683230419618,0.5718682297766253,-0.4960307028293112,-0.5450833625466535,0.677871698523339,0.3041473213237203,0.46216510166309643,0.2144624183395498,0.8833521700360394,0.5826653160022842,0.3770719215715018,0.026820840445610634,-0.16280049517780085,0.0774488306317145,0.5379225458441343,-0.30479188565920595,-0.5364209537055511,-0.31059571989720275,-0.7298414538283651,0.4020705347600308,-0.95602365815511825,0.2398632683284933,0.021057739935360406,-0.3962821373050377,-0.5608692086304929,-0.32990035529288614,0.7763239785474134,-0.16161460299572344,0.08509766013140398,0.1553067662066108,0.30714832573981565
-0.7759366797720106,-0.15402425850585144,0.3761770858894073,-1.1387379328417502,0.8999006745441432,-2.1519268485613763,0.0541671309291222,-0.169046593648055,1.1135361652973808,0.6344594934307077,0.30824533306834306,0.14150238030471335,0.9869290760605935,-0.33466685014912234,0.7437591759937802,1.3751285128751474,0.13218201982281672,-0.21098491448998813,-0.088933693266263,-0.010675174013968896,0.29407732489279326,-0.004417912578067313,-0.04752688957123638,1.46912316652237,0.3854150976890682,0.372859975663615,0.5431481673291588,-0.6710516567496556,-1.2439325448566574,0.685247462256684,-0.23515998806406824,0.979102947885059,0.2885458550404998,0.5826653160022842,0.8910275933152182,0.591609361116118,0.1605411511031433,-0.5409333373304414,0.46412389043091173,-0.07922222440645134,-0.9338696462321162,-0.4904136844950115,-0.965041260991928,-0.5571336068493231,1.0721018211761024,-0.6107762773124483,0.507235215973189,0.9325155187754689,-0.34358730825800426,-0.5754711043003188,-0.5726123164773239,-0.14766227942701224,-0.25429039277942067,-0.07973467739863725,0.2560551952697788,0.37620585546620694
-0.6500479452768793,-0.04996577781921124,0.6488975948881207,-1.0315864429943205,0.7427903207055373,-1.6202753955480376,-1.3364547352226703,0.269873068734203,0.744851195296585,1.1204557496917784,0.4947592668535857,-0.48301194943518605,0.48290572898517264,-1.0258804813080904,0.586667532233403,0.9076825191992307,0.03589051561088675,-0.764072320831893,-0.7423220354968901,-0.7100063278602358,0.37555501034459593,0.8503024902195233,0.5163511902586728,1.571236368466953,0.5327031785889402,0.40548554052555863,0.6887954146373136,-0.3867779990431248,-1.0068265380684631,0.2859638463432971,-0.4848317135501426,0.6118631730788127,0.382362542615596,0.3770719215715018,0.591609361116118,1.1151801930640666,-0.00574647683016936,0.3288448062183474,0.3542946497723297,0.890580069684811,-1.018615203370508,-0.09551361866861141,0.4352414007359774,-0.7264856791859702,0.8250702751303772,-0.9459540351268731,0.0076657281515506584,0.2704644965359329,-0.30851907442292104,-0.8212733165555525,-0.5515250064911928,0.5693993835214487,-0.3521983347066144,-0.5434757158022082,0.29159582841186266,0.38779492125583
