V1,V2,V3,V4,V5,V6,V7,V8,V9,V10,V11,V12,V13,V14,V15,V16,V17,V18,V19,V20,V21,V22,V23,V24,V25,V26,V27,V28,V29,V30,V31,V32,V33,V34,V35,V36,V37,V38,V39,V40,V41,V42,V43,V44,V45,V46,V47,V48,V49,V50,V51,V52,V53,V54,V55,V56
1.146690242754186,0.5833876709730444,-0.08496804360112621,1.8390233674262064,-0.7557522056527308,2.3346873625389404,-0.16712145878692783,0.288182978098222,-1.712525544944475,-0.5650536214810915,-0.4123196250071062,-0.37285183322840065,-1.0967778102469294,0.21990524211739063,-0.6850992170614515,-1.4200851822456892,-0.42990085034657827,0.5917211079156758,0.3038335238422314,0.1241210189759753,-0.7949560975555572,0.049439688748449145,0.04993033808060617,-1.543861857828435,-0.3321002870265398,-0.2250670314166558,-0.41153617110302054,0.7832246429924692,1.4392644426594474,-0.33722261852854807,0.9810671800170061,-1.075959052787878,-0.6533875047901878,-0.41576498466633005,-0.7535741946577513,-0.7086188261439208,-0.32724145029346247,0.9660637106691978,-0.716827576707691,0.41378252885143935,1.1689879851387543,0.5086607305115975,0.8993149894393955,0.5649971007647283,-1.2775577593417113,0.4766173921541786,-0.9102244029317016,-1.2139173039041478,0.12953661023116728,0.548778791906269,0.8043107885450481,0.7678782364062656,0.28916563455140964,0.49693626255885637,-0.3147675610375167,-0.23938766130982764
0.5833876709730444,0.6227029414212496,0.3057595500061093,0.9808858502596287,0.09228622678260667,0.7813484374610005,-0.5752929809269652,0.36587670688426643,-0.8710841823965296,0.2162853605194292,-0.03436371026288603,-0.5094345843698718,-0.5381126397453853,-0.35080005978724244,-0.1323220652042471,-0.47421426941149847,-0.497614047551993,0.14548493736322637,-0.0016328212023960802,-0.08901712825744086,-0.5708861365649249,0.3710057956374172,0.1085441832234468,-0.26721532796917236,0.050364086147074376,0.16790533087124113,0.18614203401706308,0.2634146406357106,0.5072666705909256,0.1533263128304767,0.7895923545024295,-0.43886276579672734,-0.41995219835046216,-0.028627306694271035,-0.09491960648161257,-0.04187688130851807,-0.26070260198173933,0.893720799594505,-0.4909941566655559,0.8684965658587974,0.47560347943632786,0.19575520144390776,0.6030172245918541,0.18647855770937774,-0.5494945768755579,-0.23250900497289148,-0.757123996407232,-0.7184712642051972,-0.23236708389822466,0.06083111074468527,0.39002401591359054,0.9501609120311635,0.0342333501713369,0.3506922451107954,-0.07958112326231237,0.19467004810030814
-0.08496804360112621,0.3057595500061093,0.8544029870619392,-0.030466771059184113,0.48158150881919654,-0.6780177363457994,-1.2958078268443536,0.3215738199082807,-0.20542250581767915,0.7623267035695471,0.20389417197959356,-0.5837157607210938,0.2260737384365395,-0.7567675276243793,0.3907859322638721,0.46043780598300965,-0.08909973947225881,-0.17201330705270418,-0.41687929327795564,-0.6052353544035068,-0.1312298786100703,0.7564407109076572,0.5513962096586951,0.9014861182783113,0.4053939411500599,0.41581964524864073,0.46557268109010996,0.013941743534201141,-0.4569744041322533,0.32797406334266455,0.20973383570414414,0.3148375779935729,-0.09700349435720174,0.21528176427568269,0.4306226261865555,0.7491901730615823,-0.19203727293669998,0.748179607256546,0.10307375123196712,0.8422952242700196,-0.6345168504643183,0.18375514217804895,0.4573350505482687,-0.5076034280285404,0.38904285957117013,-0.5953529197411341,-0.41515968576866197,-0.06759716827619727,-0.2930570025162039,-0.6140959432463983,-0.16665756535413523,0.9036453644844966,-0.17893302321819615,-0.1608068991008736,0.1351365629175637,0.26794530000143135
1.8390233674262064,0.9808858502596287,-0.030466771059184113,3.1268477162844306,-1.1501736324592262,3.543779807899533,-0.2874495547868081,0.38224499552450625,-2.8752718854915327,-0.7979362479969282,-0.6945767340226755,-0.7080510488644479,-1.7767809472321103,0.22505465570668606,-1.0383242212023138,-2.129585006215541,-0.7593212036628579,1.035111294226877,0.6598979627446139,0.31994371759771345,-1.4389157570582876,0.13520165865156175,0.03644713917657153,-2.33493614975326,-0.4349309473747402,-0.3934436239351204,-0.5657123702511754,1.1946335441272444,2.357581302062414,-0.33430437665214097,1.8727752107275855,-1.6616489735725806,-1.0968077984272608,-0.43488125423355967,-1.0942259912464365,-1.1224349432616236,-0.5461180785328247,1.5388506143980571,-1.209492715241755,0.825330262785989,1.8972376315902513,0.7283622054578024,1.3747851834593523,0.728396676221501,-2.0999639627877453,0.5393079703484199,-1.4299131357173605,-2.072111861473855,0.09377342283726793,0.7961504496817832,1.2885688271436562,1.5963959312627678,0.5108127437044447,0.8829837521370385,-0.5010048905673354,-0.35721082659697073
-0.7557522056527308,0.09228622678260667,0.48158150881919654,-1.1501736324592262,1.3183839834072593,-2.238413230245064,-0.3432730834869953,0.08293286253028564,1.2210258137244105,1.0874422187524118,0.5226124421641866,-0.12501722013653585,0.7514490708933207,-0.762990615985858,0.7915236596674858,1.3699679380985486,-0.1729423970940228,-0.5801531976954404,-0.3030955602224745,-0.13684414737101916,0.252262572910156,0.33684320091485265,-0.06339969794273383,1.7789011157813075,0.5376016803265378,0.5557840866595306,0.8920383096720914,-0.7982159182842407,-1.2791924666663301,0.7973477172233148,-0.15281955364657426,0.9062688646872318,0.3141860375716654,0.6187388474447637,0.9581010167577132,0.8271045989454858,0.08727381786544756,-0.16836773009317108,0.24365004886303626,0.6420123444780739,-0.8370590846865168,-0.5460938466450308,-0.5870108098543465,-0.45910810864927704,0.9485022583554167,-1.053644132813704,0.2562054120238708,0.70642225056661,-0.5795010746570802,-0.6201510285251459,-0.5537710465564786,0.25163235933915534,-0.3345799921454982,-0.06854797482505211,0.336995534728306,0.6792571479802632
2.3346873625389404,0.7813484374610005,-0.6780177363457994,3.543779807899533,-2.238413230245064,6.056086467665479,0.18429697347658996,0.42585463954463637,-3.3677992122100457,-1.9760993412330234,-0.9946375338426294,-0.2459753641256076,-2.4056195265525466,1.3176465865534177,-1.9337948474287263,-3.6321866958389584,-0.39724673871634447,1.1152938692001788,0.5489664991400932,0.1451705411809581,-1.1119588651126564,-0.2403667107879984,0.02262986993693293,-4.173239782299729,-1.100057283193878,-0.7291297841570363,-1.552995010552611,1.9311932859653056,3.3230287917399415,-1.5753567532715498,1.148094745464304,-2.50100476173456,-1.2303164058806082,-1.7613491002397828,-2.1843650340612695,-1.8034628391703187,-0.5094565746582304,1.5613096913796047,-1.3047932620061253,-0.11853037236682962,2.5009615750051437,1.4692950632725892,1.9846666413803158,1.81127790257591,-2.8236637041017145,2.0291825729340487,-1.6000849631388416,-2.208978183811447,0.8343657000710083,1.7200716197826813,1.7510399111702304,0.2470265744182365,0.77129986150991,0.6204296528903901,-0.7567847644491178,-0.952476388711656
-0.16712145878692783,-0.5752929809269652,-1.2958078268443536,-0.2874495547868081,-0.3432730834869953,0.18429697347658996,3.3999754702031666,-0.9981379335397732,0.8603435648365014,-1.6500566906292369,-0.48443359768565014,1.6522161712476526,0.5390857145846264,2.009812744323097,-0.2692969394204805,0.10086251047577995,0.41400532789072353,0.9001601940423882,1.3042779944380218,1.5139907221063473,0.2184212588533428,-2.046466854299138,-1.3666207927344762,-1.2314934517531058,-0.6987956883025561,-0.46512686087186417,-0.8494556866648125,-0.3512075614346515,0.11513179173135737,0.009381388519907208,-0.16248939104267848,0.2312620355293506,-0.0022778934546272794,-0.23257531871256948,-0.12010017288638947,-1.5197528448146103,0.47753241576731525,-2.1220307229017097,0.15368243965468112,-2.5328500725701777,0.6600297092228032,-0.5949246022797574,-2.484783530819399,0.9549037737361276,-1.3475104217636538e-4,1.3851382846309626,1.2347520685354065,1.2269256829517081,0.38616622613033885,1.1157255743464345,0.121960406072123,-2.3918775378289743,0.36657363555307404,0.6688249264045335,-0.18773493741602815,-0.38541746085132866
0.288182978098222,0.36587670688426643,0.3215738199082807,0.38224499552450625,0.08293286253028564,0.42585463954463637,-0.9981379335397732,0.435230575324392,-0.47505944617424634,0.42271141470730644,0.12678263247286864,-0.5395844789184376,-0.3946034145536879,-0.5586906199976953,-0.05046182892040673,-0.339108682474721,-0.2931406287939858,-0.23491390971140153,-0.39761351090867014,-0.4333089336217568,-0.19534112119749156,0.6011051914759397,0.357536430855249,0.07501682011819387,0.12352532849082211,0.17635342845073632,0.23205224717610373,0.2124003959861055,0.19491671934881424,-0.06684266233210996,0.19726437060052734,-0.3083773657543228,-0.12857778097055417,-0.08302558330899341,-0.10464295282111753,0.3099372230154254,-0.20479076771903554,0.8669626448113776,-0.2400106271709863,0.9018687346272772,0.08857634718891486,0.247211851375964,0.9048002339668086,-0.02247066062871406,-0.24846057850766595,-0.3196238721386602,-0.6157410578689629,-0.5592114583451309,-0.1279901017134567,-0.16215235635721248,0.14416491135865095,0.7621958184020544,-0.09348539193640217,-0.056240897193256305,0.0090790120056283,0.16435160339800145
-1.712525544944475,-0.8710841823965296,-0.20542250581767915,-2.8752718854915327,1.2210258137244105,-3.3677992122100457,0.8603435648365014,-0.47505944617424634,2.861347732512328,0.6407092354015349,0.6323152143559864,0.8435761068129354,1.6261019859371593,-0.03398734581801749,0.9477383604899939,2.0377382317001493,0.5719997361202446,-0.9003353137516606,-0.3491733489680351,0.06350179985632123,1.2693131821449524,-0.4138263432749199,-0.39272320766966234,2.086505855857313,0.348828700885465,0.3339725906630637,0.5587604275809461,-1.290969518965146,-2.145940935710837,0.47110137377059824,-1.57337753924006,1.5512376715975473,1.0014995237700217,0.48786596031207186,1.067846182830338,0.794386088317494,0.5726630060701186,-1.7211182070709043,0.991291172156658,-0.8848374075493317,-1.5028586312091883,-0.906047205756169,-1.6806871830134424,-0.4704020268990884,1.8469578884748943,-0.5178246581180184,1.4669966038010955,2.002794776203474,-0.17615491576907757,-0.5311371342602124,-1.140485797122466,-1.6478258953761296,-0.42314665984021743,-0.5893481362493594,0.4564020855598169,0.4231822912288266
-0.5650536214810915,0.2162853605194292,0.7623267035695471,-0.7979362479969282,1.0874422187524118,-1.9760993412330234,-1.6500566906292369,0.42271141470730644,0.6407092354015349,1.6062244542364077,0.6188276583324789,-0.8442871140986654,0.2530678116742893,-1.5779780419820237,0.7146795067538254,1.0407489751577765,-0.36188504682857126,-0.903386176485827,-0.733438326221875,-0.6177129571787966,0.09101686968770006,1.127599605147126,0.4673743942319334,1.9569778174649213,0.7344814117949422,0.47734440185207316,1.0964769629653506,-0.5601371255156903,-0.9656017620400609,0.6474971550912041,-0.018236103625801345,0.5512289373358723,0.3580069260717992,0.7934242301519648,0.7636666735912594,1.254519250940379,-0.09912737374126471,0.6471437323670615,0.08296027766118001,1.680691436337622,-0.8147616982345909,-0.3258945574895271,0.6678877734532297,-0.9199104600358564,0.6540609128458504,-1.604670958143868,-0.20987666300943156,-0.14605115701893134,-0.6294267802301543,-0.9990831538718324,-0.5196439854160289,1.3951669905214623,-0.41356482651129767,-0.35170059260589576,0.3410994190954961,0.6701181251151627
-0.4123196250071062,-0.03436371026288603,0.20389417197959356,-0.6945767340226755,0.5226124421641866,-0.9946375338426294,-0.48443359768565014,0.12678263247286864,0.6323152143559864,0.6188276583324789,0.3199691482120974,-0.16653580154365835,0.2655627154303731,-0.5208354385146323,0.3278758863541518,0.5399972493036383,-0.04496921003079286,-0.49652412482101493,-0.37310052221117745,-0.2633141685295348,0.25470027024909764,0.3517939172396627,0.12023636899205986,0.8882444249085188,0.2687069048331039,0.22619362836212456,0.42667117287426565,-0.3374548095385794,-0.6038745593094461,0.19614923365518722,-0.31382198391832605,0.34641383263626774,0.2654292600550678,0.2261097133773628,0.3467702505010909,0.5453152930364459,0.045410912005260096,0.03301134241997355,0.1523791076080565,0.4627431969474764,-0.4682017722805186,-0.1824891346648003,0.09070822904769792,-0.2846225219968123,0.45194148373655524,-0.5544582641842907,0.08364339760863497,0.223668221995631,-0.20753572631658526,-0.36421199073452737,-0.3139449222812734,0.15998631864591703,-0.20826837538638915,-0.24124832820067005,0.17664102397075682,0.2876784557634939
-0.37285183322840065,-0.5094345843698718,-0.5837157607210938,-0.7080510488644479,-0.12501722013653585,-0.2459753641256076,1.6522161712476526,-0.5395844789184376,0.8435761068129354,-0.8442871140986654,-0.16653580154365835,1.0122630745941925,0.6303323659401406,1.1305445305180457,-0.01825763324562438,0.2889205355513457,0.4987043964603809,0.3160964179140668,0.4407511068201079,0.5298324671052722,0.4556020125270372,-1.0451617349782771,-0.5528013202683956,-0.38547151384483735,-0.34237876466184564,-0.1439669021818193,-0.4893900627516492,-0.22270202773691442,-0.3423125079094482,-0.1345406818746752,-0.5975362148373229,0.3869791689062828,0.15901561123760535,-0.28260875532544893,0.027565603091631186,-0.5539168534633128,0.3211009155316697,-1.269732510391123,0.39161022391068157,-1.630663704211805,-0.11741842307615552,-0.22387157881830524,-1.4041999453225011,0.4307580058016885,0.41572550671222525,0.8839872340441504,0.8291323376075049,1.0821464622809784,0.31579596144601285,0.4547615274973506,-0.1504257334874909,-1.7236376261111521,0.10633977922270406,0.06768778314053754,-0.027773753487308893,-0.24522039531848322
-1.0967778102469294,-0.5381126397453853,0.2260737384365395,-1.7767809472321103,0.7514490708933207,-2.4056195265525466,0.5390857145846264,-0.3946034145536879,1.6261019859371593,0.2530678116742893,0.2655627154303731,0.6303323659401406,1.4915120082200564,0.18955910761757117,0.7999219408257884,1.5976641695199476,0.5870632284601882,-0.14207533720700538,-0.11492645441099404,-0.043265443620869905,0.717166691312996,-0.38858074091782324,-0.06345139670322872,1.427955046024109,0.24031879468028122,0.34946065558142814,0.24523563517857727,-0.7087516805989283,-1.6304763722396953,0.4657152674817301,-0.8641731841160897,1.2873947286323248,0.4554982717061831,0.3332661769652922,0.9179725673947071,0.541102965740412,0.3302659518168877,-1.1245993289834884,0.8827497729961742,-1.009355880525495,-1.3410739975700225,-0.45445255778022475,-1.524719101346183,-0.4923599117475902,1.5411172032187392,-0.06903618975945564,0.9443453518772779,1.6427478345534123,-0.07317135331768239,-0.5176374024578974,-0.7786211208564177,-1.1611948253169628,-0.27313307466625797,-0.29422519642362677,0.27310306709019505,0.17181777069233267
0.21990524211739063,-0.35080005978724244,-0.7567675276243793,0.22505465570668606,-0.762990615985858,1.3176465865534177,2.009812744323097,-0.5586906199976953,-0.03398734581801749,-1.5779780419820237,-0.5208354385146323,1.1305445305180457,0.18955910761757117,1.7488981077748582,-0.5025164494985793,-0.572291049242952,0.5145471825191196,0.8280639880304441,0.7466147763941701,0.6737216990891647,0.1585758803093973,-1.3289416906113325,-0.6160055079171116,-1.5811431801091547,-0.6921357413624928,-0.334737807497115,-1.0259683405972788,0.2966887696979444,0.4704258513237606,-0.5083620224727033,-0.2681529226192538,-0.15347897581999387,-0.2328504721700837,-0.7882018848660426,-0.4882426514716639,-1.1545681398998828,0.22353524025491303,-1.0684548384342267,0.14243529363136498,-2.047644522003408,0.4702657246448755,0.16760856325572718,-1.2510544074385666,0.9508547610939856,-0.21710824715975469,1.6492389243020245,0.5267789861690837,0.7366339145807087,0.5897948394129194,0.968966947706492,0.3102668288188486,-1.9282859212935124,0.35383041186740444,0.30581462354073347,-0.25230904180152286,-0.5723088834853653
-0.6850992170614515,-0.1323220652042471,0.3907859322638721,-1.0383242212023138,0.7915236596674858,-1.9337948474287263,-0.2692969394204805,-0.05046182892040673,0.9477383604899939,0.7146795067538254,0.3278758863541518,-0.01825763324562438,0.7999219408257884,-0.5025164494985793,0.6714033695526097,1.1838433665549803,0.08949528238838206,-0.3125995852479822,-0.23421043295945562,-0.15388208571715314,0.28028070824885504,0.1805335155632967,0.09439233089441972,1.4066602910482056,0.39474650300722386,0.33726581035057257,0.5528789124722406,-0.5652272327411972,-1.1065374170960807,0.5626867261400076,-0.266776063980947,0.8201322879441619,0.3086832543225551,0.5512129868049447,0.7615681795043068,0.6612591814721839,0.1059661081156298,-0.30261570615390193,0.408755308182191,0.16066422177272524,-0.8703664952241721,-0.3986996860209966,-0.5747343169507997,-0.6033541859172441,0.9422393320864737,-0.6798521781707261,0.3632732596952812,0.6904258716834991,-0.3153393625843828,-0.6223856592893727,-0.5371510790827458,0.0661922942496571,-0.27277952149244167,-0.16584242324121357,0.24728541720294747,0.354050940894404
-1.4200851822456892,-0.47421426941149847,0.46043780598300965,-2.129585006215541,1.3699679380985486,-3.6321866958389584,0.10086251047577995,-0.339108682474721,2.0377382317001493,1.0407489751577765,0.5399972493036383,0.2889205355513457,1.5976641695199476,-0.572291049242952,1.1838433665549803,2.260740215372076,0.3308224699597798,-0.5210405159511754,-0.21779270397841685,-0.03696895458108027,0.6730232288242608,9.799660189287254e-4,-0.06858882424314212,2.4467638454376437,0.6274200627326005,0.4844972371947596,0.8493010877376759,-1.14789899606953,-2.060107703830654,0.9795956074264367,-0.6739577516726499,1.6139111166924245,0.6661825495365821,0.97230946827366,1.372057139167493,1.0130155295269774,0.3242879238053676,-1.063841453066389,0.8503219704373743,-0.20312173177582657,-1.581455734557053,-0.8455649087498707,-1.4767699293279255,-1.0030702744724438,1.784862672218863,-1.0304132129989305,1.029667783370033,1.5433825538712607,-0.47630036800572917,-0.9685408566294521,-1.0464032354998798,-0.3804132729501333,-0.4229822174383555,-0.3191389207201378,0.44486125899313217,0.5397398762920781
-0.42990085034657827,-0.497614047551993,-0.08909973947225881,-0.7593212036628579,-0.1729423970940228,-0.39724673871634447,0.41400532789072353,-0.2931406287939858,0.5719997361202446,-0.36188504682857126,-0.04496921003079286,0.4987043964603809,0.5870632284601882,0.5145471825191196,0.08949528238838206,0.3308224699597798,0.5746978839895398,0.03912093450829905,-0.03355569846157036,-0.0854793540771768,0.5039859654449956,-0.3380337446195852,0.04239103812775999,0.06368655582570285,-0.10042088875501876,-0.05295679050060469,-0.3173161962025696,-0.04721449855109487,-0.45573266115781474,-0.24004380634430658,-0.7318324961134389,0.4129501301295162,0.22852292398323082,-0.22611826123881112,0.05700358353212372,0.03720241554523546,0.18937016330100656,-0.6669026029812518,0.5216611591513343,-0.9995518039771729,-0.5636673672332727,0.06152924177453685,-0.5664722781823424,-0.057872080090807236,0.5597453457054751,0.5252328500411427,0.5556049851764223,0.7849997916466596,0.30050981820724326,-0.017940073602446864,-0.28994367034949936,-1.0370355913708391,-0.004787956789205307,-0.33146785623851666,0.038709675628437815,-0.2589431458991146
0.5917211079156758,0.14548493736322637,-0.17201330705270418,1.035111294226877,-0.5801531976954404,1.1152938692001788,0.9001601940423882,-0.23491390971140153,-0.9003353137516606,-0.903386176485827,-0.49652412482101493,0.3160964179140668,-0.14207533720700538,0.8280639880304441,-0.3125995852479822,-0.5210405159511754,0.03912093450829905,0.9447516233057006,0.6848727280136391,0.5001627151526022,-0.4894535788429078,-0.6620473212518934,-0.23849196751772694,-1.1374972533420327,-0.3594491673707822,-0.21300966310220185,-0.5538721083023186,0.4112771620074098,0.6858396205005973,-0.026187346501610764,0.6714329351907751,-0.3162941083490893,-0.49152003614008827,-0.19097163177839432,-0.2769465994233413,-0.8314847973409994,-0.07112174155497572,-0.12625995271928947,-0.17931126820574364,-0.8132416112509774,0.5909346358823563,0.1647691338825266,-0.5566827774758062,0.3673569914887752,-0.47751542563717436,0.7998013966267079,-0.10759729309438128,-0.11612925789871908,0.20373366569150558,0.4682597578218026,0.4415411754566321,-0.24042670782133316,0.2816993464510335,0.5471280055181662,-0.24944486902683813,-0.3396379953505385
0.3038335238422314,-0.0016328212023960802,-0.41687929327795564,0.6598979627446139,-0.3030955602224745,0.5489664991400932,1.3042779944380218,-0.39761351090867014,-0.3491733489680351,-0.733438326221875,-0.37310052221117745,0.4407511068201079,-0.11492645441099404,0.7466147763941701,-0.23421043295945562,-0.21779270397841685,-0.03355569846157036,0.6848727280136391,0.8179998649538133,0.7844416265377315,-0.35359025253238785,-0.7709458776695371,-0.5665580605263779,-0.817996443223458,-0.2781977014498062,-0.2858739720524473,-0.3688997943754371,0.046394133620864295,0.5308394190341309,0.14458628903042856,0.5824564299597884,-0.1546431399026842,-0.2656208376265309,0.05283993974058787,-0.1435390746750466,-0.8281603454582137,0.05638795515926824,-0.5588788723972442,-0.20981551029925471,-0.7469156920907835,0.6436110712391794,-0.18111141937854106,-0.8337615253923194,0.34208489799873837,-0.4327127034492929,0.4705048650646262,0.2460379929058326,-0.0012207774504783887,0.07132562792380857,0.5060687326810925,0.2940944280979909,-0.3253219996248402,0.2832747380371555,0.5406518386921332,-0.16973406861689433,-0.2031037320683142
0.1241210189759753,-0.08901712825744086,-0.6052353544035068,0.31994371759771345,-0.13684414737101916,0.1451705411809581,1.5139907221063473,-0.4333089336217568,0.06350179985632123,-0.6177129571787966,-0.2633141685295348,0.5298324671052722,-0.043265443620869905,0.6737216990891647,-0.15388208571715314,-0.03696895458108027,-0.0854793540771768,0.5001627151526022,0.7844416265377315,0.9021465115966874,-0.22274234620701575,-0.8567654046060501,-0.7176403444132213,-0.5936300222149695,-0.2559472013450969,-0.2988220216820848,-0.2448292194594725,-0.1797153255602613,0.3431519006799957,0.21836825801651205,0.42392156219412835,-0.07004047350888527,-0.09815422189725254,0.19052925166697562,-0.05727079279912417,-0.8024215130030438,0.1418650539537763,-0.7914830946695204,-0.19090892095800363,-0.7275092309028364,0.6438037141940514,-0.4066288921875798,-0.9887152462950634,0.3283513877620714,-0.3211505202885869,0.2956378404481191,0.41769739074445655,0.11533696656965148,0.013277227997161068,0.49329121446536806,0.1852548309802006,-0.46192727458870747,0.21576223610729217,0.5305379853505429,-0.11940778329616332,-0.09761315785424683
-0.7949560975555572,-0.5708861365649249,-0.1312298786100703,-1.4389157570582876,0.252262572910156,-1.1119588651126564,0.2184212588533428,-0.19534112119749156,1.2693131821449524,0.09101686968770006,0.25470027024909764,0.4556020125270372,0.717166691312996,0.1585758803093973,0.28028070824885504,0.6730232288242608,0.5039859654449956,-0.4894535788429078,-0.35359025253238785,-0.22274234620701575,0.8051823318265912,-0.13812969125837846,0.010280840219724238,0.6887504008355578,0.05559741443090976,0.08462726263933949,0.010195326712631606,-0.3839004800897841,-0.9055941556497559,-0.17053997343105304,-1.1270504247902489,0.6162138613206138,0.5210311542687491,-0.11515068145900802,0.25105904088194064,0.3995045161014754,0.27718403134399794,-0.7589768419786598,0.5968724296008501,-0.65864797568053,-0.8137503550128851,-0.15008416083410422,-0.4900581754237099,-0.13151181955615696,0.8541547908253625,0.11143269987360264,0.6869513151893262,0.9756708977837258,0.15990757047162926,-0.18199294452292697,-0.5337316302867849,-1.1087363545436841,-0.1751116840613497,-0.5408539998261583,0.18265173501356818,-0.00679035250182656
0.049439688748449145,0.3710057956374172,0.7564407109076572,0.13520165865156175,0.33684320091485265,-0.2403667107879984,-2.046466854299138,0.6011051914759397,-0.4138263432749199,1.127599605147126,0.3517939172396627,-1.0451617349782771,-0.38858074091782324,-1.3289416906113325,0.1805335155632967,9.799660189287254e-4,-0.3380337446195852,-0.6620473212518934,-0.7709458776695371,-0.8567654046060501,-0.13812969125837846,1.2919352161318038,0.7407874023528173,0.869524144497347,0.477806271275141,0.2842208177051301,0.6240788113026396,0.10654843641583306,-0.07680491132094353,0.06995116964572448,0.14397909603097878,-0.12799677857843458,0.04386231706634148,0.2237481827583231,0.11553586435576244,0.9589502175591234,-0.2760193017393897,1.2600804101732694,-0.16150301221791238,1.7141286922221755,-0.34945763790575485,0.26891651598691513,1.5258151686479393,-0.579923657929816,-0.0434027602066023,-1.0204520057434066,-0.7182521164163826,-0.7997264227397334,-0.31834482372360984,-0.6729847658319458,-0.0921602334115896,1.56434810939906,-0.22227240595364917,-0.3949085451840858,0.14135534299491806,0.3162517335894219
0.04993033808060617,0.1085441832234468,0.5513962096586951,0.03644713917657153,-0.06339969794273383,0.02262986993693293,-1.3666207927344762,0.357536430855249,-0.39272320766966234,0.4673743942319334,0.12023636899205986,-0.5528013202683956,-0.06345139670322872,-0.6160055079171116,0.09439233089441972,-0.06858882424314212,0.04239103812775999,-0.23849196751772694,-0.5665580605263779,-0.7176403444132213,0.010280840219724238,0.7407874023528173,0.6822580286581046,0.3672673421263761,0.20962467672600232,0.16300013860717055,0.15784252588691824,0.26881624902210133,-0.09952769547427837,-0.15086893864926965,-0.12222306339046814,-0.04499166193860115,-6.151398983601617e-4,-0.0416958685671248,-0.005698775204807563,0.5948672580062889,-0.178715051478941,0.7873436214188395,0.10950085309322152,0.6669875327582834,-0.43138009003652733,0.37287279492106584,0.9342348013001228,-0.4167541401674345,0.13555400889379657,-0.2712750097959084,-0.4380936414358716,-0.3232668655594379,9.141125908952931e-4,-0.46943674856360207,-0.08231827268190935,0.686581934158931,-0.1442873248761638,-0.36710253435064744,0.05096389936916009,0.001472694369557873
-1.543861857828435,-0.26721532796917236,0.9014861182783113,-2.33493614975326,1.7789011157813075,-4.173239782299729,-1.2314934517531058,0.07501682011819387,2.086505855857313,1.9569778174649213,0.8882444249085188,-0.38547151384483735,1.427955046024109,-1.5811431801091547,1.4066602910482056,2.4467638454376437,0.06368655582570285,-1.1374972533420327,-0.817996443223458,-0.5936300222149695,0.6887504008355578,0.869524144497347,0.3672673421263761,3.2932116550515715,0.999019966512647,0.7173867583315549,1.405664601770313,-1.251523088242762,-2.3216435188334215,1.1022414438309176,-0.7115720368245416,1.6310385893496784,0.822445862353858,1.2272419766331253,1.5568278630003058,1.7544284966857715,0.18986154402674596,-0.33084658174534987,0.7769344962638356,1.0243002058719421,-1.891485999647078,-0.8170380894962294,-0.535632459499264,-1.4349476191022468,1.8985351635342487,-1.8879951738457323,0.6427795916289134,1.118211907104265,-0.7563111082523175,-1.4846416906512423,-1.214681380334722,0.6080213692233607,-0.6483335607806326,-0.6176066681237783,0.5956213061831307,0.8617711225528015
-0.3321002870265398,0.050364086147074376,0.4053939411500599,-0.4349309473747402,0.5376016803265378,-1.100057283193878,-0.6987956883025561,0.12352532849082211,0.348828700885465,0.7344814117949422,0.2687069048331039,-0.34237876466184564,0.24031879468028122,-0.6921357413624928,0.39474650300722386,0.6274200627326005,-0.10042088875501876,-0.3594491673707822,-0.2781977014498062,-0.2559472013450969,0.05559741443090976,0.477806271275141,0.20962467672600232,0.999019966512647,0.36865063904726997,0.22656172306757472,0.5065461477442621,-0.296301956487169,-0.5383594726441834,0.3674888046419071,-0.0030029515016819193,0.3755806559417279,0.17382070459432328,0.4264432713767398,0.43637733688144115,0.599132967619813,-0.029153668954889564,0.19414955487344593,0.11125377504387825,0.666160393936756,-0.4826984330081698,-0.1784368601908246,0.1467699292411032,-0.5043144861963251,0.404153454113848,-0.7441533324122104,-6.54903183346515e-4,0.04873142993357685,-0.2996143922210045,-0.5110253890034865,-0.2940084920702302,0.6064396423710193,-0.18201800120207345,-0.16467511401947782,0.17100159995735634,0.2956266137384824
-0.2250670314166558,0.16790533087124113,0.41581964524864073,-0.3934436239351204,0.5557840866595306,-0.7291297841570363,-0.46512686087186417,0.17635342845073632,0.3339725906630637,0.47734440185207316,0.22619362836212456,-0.1439669021818193,0.34946065558142814,-0.334737807497115,0.33726581035057257,0.4844972371947596,-0.05295679050060469,-0.21300966310220185,-0.2858739720524473,-0.2988220216820848,0.08462726263933949,0.2842208177051301,0.16300013860717055,0.7173867583315549,0.22656172306757472,0.3759597689771173,0.35418660508690564,-0.1872593798985512,-0.5738398713774023,0.26470493351611435,-0.07673294317442783,0.3597226276455284,0.01842938804585749,0.0724793109640884,0.39730147518656245,0.4600163154760954,-0.03188053004707272,0.2153915346776176,0.12786537599051329,0.3288614703917597,-0.47860576078064226,-0.027245606980532366,-0.08067572370821967,-0.13226000274001878,0.4570691346431223,-0.3148261991598075,-0.11801429991244418,0.31860246270735715,-0.22012487850740747,-0.300805315869928,-0.18630657682864382,0.12199928486762888,-0.1741888293024412,-0.06631887240320898,0.13503022160956474,0.2917406499313918
-0.41153617110302054,0.18614203401706308,0.46557268109010996,-0.5657123702511754,0.8920383096720914,-1.552995010552611,-0.8494556866648125,0.23205224717610373,0.5587604275809461,1.0964769629653506,0.42667117287426565,-0.4893900627516492,0.24523563517857727,-1.0259683405972788,0.5528789124722406,0.8493010877376759,-0.3173161962025696,-0.5538721083023186,-0.3688997943754371,-0.2448292194594725,0.010195326712631606,0.6240788113026396,0.15784252588691824,1.405664601770313,0.5065461477442621,0.35418660508690564,0.814047387648797,-0.5043082528955847,-0.7310624758952807,0.6034558504833365,0.10586970940630255,0.4536934165935195,0.22833399235842128,0.6491779210112327,0.6304495528808153,0.771045598629459,-0.041730575535013616,0.2998779081565903,0.0213619212076165,1.0929639640061783,-0.493945172257504,-0.3691399230557196,0.16976018084914135,-0.5855953299810006,0.47821336603213327,-1.15298492026511,-0.07258735525294828,-0.002376218946927772,-0.5116765628927566,-0.6429081115976929,-0.3568440134191746,0.9061645304813979,-0.2815197888975391,-0.09526043687782773,0.2428555160391601,0.5382625615281731
0.7832246429924692,0.2634146406357106,0.013941743534201141,1.1946335441272444,-0.7982159182842407,1.9311932859653056,-0.3512075614346515,0.2124003959861055,-1.290969518965146,-0.5601371255156903,-0.3374548095385794,-0.22270202773691442,-0.7087516805989283,0.2966887696979444,-0.5652272327411972,-1.14789899606953,-0.04721449855109487,0.4112771620074098,0.046394133620864295,-0.1797153255602613,-0.3839004800897841,0.10654843641583306,0.26881624902210133,-1.251523088242762,-0.296301956487169,-0.1872593798985512,-0.5043082528955847,0.7537520182658268,1.0183231181254921,-0.5338565567774296,0.367961412581066,-0.7696359747728198,-0.4334803891143239,-0.5626606176735423,-0.6792522708690125,-0.4169621391247572,-0.23090606073198705,0.7293930077668555,-0.32501545735422066,0.03631506576259801,0.606697627090335,0.6203354410627332,0.8354351327888051,0.38853063386224057,-0.810013645551544,0.6464112812104713,-0.6331526324809016,-0.7545134648924234,0.2983039277677779,0.36790287634072855,0.5315088429213987,0.2749729033455713,0.21445858587232094,0.10382110356955684,-0.24049527501559398,-0.3596626275976152
1.4392644426594474,0.5072666705909256,-0.4569744041322533,2.357581302062414,-1.2791924666663301,3.3230287917399415,0.11513179173135737,0.19491671934881424,-2.145940935710837,-0.9656017620400609,-0.6038745593094461,-0.3423125079094482,-1.6304763722396953,0.4704258513237606,-1.1065374170960807,-2.060107703830654,-0.45573266115781474,0.6858396205005973,0.5308394190341309,0.3431519006799957,-0.9055941556497559,-0.07680491132094353,-0.09952769547427837,-2.3216435188334215,-0.5383594726441834,-0.5738398713774023,-0.7310624758952807,1.0183231181254921,2.1480382177075374,-0.6676587412760218,1.094005670387132,-1.5470769312111035,-0.7074123107875481,-0.5978008728546518,-1.2304447359804376,-1.1201652961502073,-0.3336228564957477,0.9335201511880535,-0.9562389022828154,0.3267163859726193,1.7320068267377082,0.625237661200787,1.239588316287799,0.805503591545826,-1.8918084073560775,0.7390635380285769,-0.92163371388881965,-1.6922460342855634,0.31987225812309117,0.9114868284726924,1.0566871491190188,0.7812833715106569,0.48929953673457394,0.5264373956086886,-0.44863738827899313,-0.4924979946815683
-0.33722261852854807,0.1533263128304767,0.32797406334266455,-0.33430437665214097,0.7973477172233148,-1.5753567532715498,0.009381388519907208,-0.06684266233210996,0.47110137377059824,0.6474971550912041,0.19614923365518722,-0.1345406818746752,0.4657152674817301,-0.5083620224727033,0.5626867261400076,0.9795956074264367,-0.24004380634430658,-0.026187346501610764,0.14458628903042856,0.21836825801651205,-0.17053997343105304,0.06995116964572448,-0.15086893864926965,1.1022414438309176,0.3674888046419071,0.26470493351611435,0.6034558504833365,-0.5338565567774296,-0.6676587412760218,0.8115523868085961,0.43056020129560724,0.5755371176249164,0.058437717110830505,0.7455535305409742,0.7227271497557701,0.3293533463098647,0.01802444869758629,-0.16027965378475412,0.04583603799389589,0.42657367825185816,-0.33730006754499614,-0.5158644416976884,-0.6420787029045002,-0.48385979367266596,0.48615567101952295,-0.820928865693266,0.1634443144335562,0.26811090926055636,-0.47989513047294857,-0.44515775765720156,-0.27051850301075375,0.57213108229668,-0.1514593326572683,0.25114608121141263,0.16275802330529932,0.4246453408335678
0.9810671800170061,0.7895923545024295,0.20973383570414414,1.8727752107275855,-0.15281955364657426,1.148094745464304,-0.16248939104267848,0.19726437060052734,-1.57337753924006,-0.018236103625801345,-0.31382198391832605,-0.5975362148373229,-0.8641731841160897,-0.2681529226192538,-0.266776063980947,-0.6739577516726499,-0.7318324961134389,0.6714329351907751,0.5824564299597884,0.42392156219412835,-1.1270504247902489,0.14397909603097878,-0.12222306339046814,-0.7115720368245416,-0.0030029515016819193,-0.07673294317442783,0.10586970940630255,0.367961412581066,1.094005670387132,0.43056020129560724,1.6410586432159413,-0.6890926842221656,-0.6918086604539567,0.32612257485027385,-0.17323425642334883,-0.5156114159533692,-0.35007244143975075,0.9003140039634558,-0.8090430728606204,0.9287196455413796,1.0578330704893575,0.056167830640138194,0.4293556725085281,0.10548366235165879,-1.0670344900766506,-0.31870196493660563,-0.833598658055948,-1.2303328585489324,-0.3281652078222132,0.19599475623949614,0.6658718359284999,1.5743331504819429,0.23037524429759682,0.8111475850589124,-0.21343856430204863,0.09957758723291533
-1.075959052787878,-0.43886276579672734,0.3148375779935729,-1.6616489735725806,0.9062688646872318,-2.50100476173456,0.2312620355293506,-0.3083773657543228,1.5512376715975473,0.5512289373358723,0.34641383263626774,0.3869791689062828,1.2873947286323248,-0.15347897581999387,0.8201322879441619,1.6139111166924245,0.4129501301295162,-0.3162941083490893,-0.1546431399026842,-0.07004047350888527,0.6162138613206138,-0.12799677857843458,-0.04499166193860115,1.6310385893496784,0.3755806559417279,0.3597226276455284,0.4536934165935195,-0.7696359747728198,-1.5470769312111035,0.5755371176249164,-0.6890926842221656,1.2321593858099973,0.47974412890878376,0.49995620283776393,0.9488701286133079,0.68247896941063,0.27262184240853105,-0.9106148864833986,0.7374125967440447,-0.5027976836165834,-1.2579632588382732,-0.509018293816234,-1.2248710228713207,-0.607111087128435,1.3923008583847605,-0.44992810958167834,0.8408515751884977,1.355220158905835,-0.22406137666775972,-0.613860555018589,-0.7753412760105902,-0.6745742825732101,-0.2789155264943849,-0.30103559528458756,0.3109623210479042,0.2940145395686176
-0.6533875047901878,-0.41995219835046216,-0.09700349435720174,-1.0968077984272608,0.3141860375716654,-1.2303164058806082,-0.0022778934546272794,-0.12857778097055417,1.0014995237700217,0.3580069260717992,0.2654292600550678,0.15901561123760535,0.4554982717061831,-0.2328504721700837,0.3086832543225551,0.6661825495365821,0.22852292398323082,-0.49152003614008827,-0.2656208376265309,-0.09815422189725254,0.5210311542687491,0.04386231706634148,-6.151398983601617e-4,0.822445862353858,0.17382070459432328,0.01842938804585749,0.22833399235842128,-0.4334803891143239,-0.7074123107875481,0.058437717110830505,-0.6918086604539567,0.47974412890878376,0.487070531186595,0.2518540545757603,0.28855355854541437,0.4115876961733201,0.19370556028496413,-0.5263861941579709,0.37437261282951395,-0.11060156370636724,-0.5639528722833649,-0.3052653724123644,-0.24295399224793895,-0.35817358616453393,0.6104498383436221,-0.34835381378812724,0.53607721797033,0.5139683216964797,-0.02537296964069232,-0.31235912545211186,-0.4688622274220406,-0.37607653823472526,-0.17619365045111454,-0.3855819309229901,0.17919449085449524,0.10073761176423088
-0.41576498466633005,-0.028627306694271035,0.21528176427568269,-0.43488125423355967,0.6187388474447637,-1.7613491002397828,-0.23257531871256948,-0.08302558330899341,0.48786596031207186,0.7934242301519648,0.2261097133773628,-0.28260875532544893,0.3332661769652922,-0.7882018848660426,0.5512129868049447,0.97230946827366,-0.22611826123881112,-0.19097163177839432,0.05283993974058787,0.19052925166697562,-0.11515068145900802,0.2237481827583231,-0.0416958685671248,1.2272419766331253,0.4264432713767398,0.0724793109640884,0.6491779210112327,-0.5626606176735423,-0.5978008728546518,0.7455535305409742,0.32612257485027385,0.49995620283776393,0.2518540545757603,0.9812860642748613,0.6384644923548152,0.42803541635943804,0.032527506870089186,-0.17572866956778396,0.07191904678977913,0.6363379400347169,-0.3239301549798858,-0.6036803762391231,-0.3116957318952726,-0.802728728354404,0.4306170219286259,-1.0875491785401605,0.26461277881108286,0.002511123622819379,-0.4465078258333273,-0.6175301498451405,-0.36736554385374676,0.8752724996184575,-0.18199017733759051,0.08416625549773116,0.1762217496714924,0.35194121508648724
-0.7535741946577513,-0.09491960648161257,0.4306226261865555,-1.0942259912464365,0.9581010167577132,-2.1843650340612695,-0.12010017288638947,-0.10464295282111753,1.067846182830338,0.7636666735912594,0.3467702505010909,0.027565603091631186,0.9179725673947071,-0.4882426514716639,0.7615681795043068,1.372057139167493,0.05700358353212372,-0.2769465994233413,-0.1435390746750466,-0.05727079279912417,0.25105904088194064,0.11553586435576244,-0.005698775204807563,1.5568278630003058,0.43637733688144115,0.39730147518656245,0.6304495528808153,-0.6792522708690125,-1.2304447359804376,0.7227271497557701,-0.17323425642334883,0.9488701286133079,0.28855355854541437,0.6384644923548152,0.9067823627322327,0.6658740214835925,0.1293228564863228,-0.41056476710202777,0.41302749147162643,0.1362981333869368,-0.9178491767767312,-0.49635750991914557,-0.8196200654271851,-0.6069135769453865,1.0340810118730166,-0.7533985979922406,0.42594656321414226,0.8176528752919339,-0.40025236961894284,-0.6326085554604994,-0.5682819235747486,0.05328479060591051,-0.275566360105354,-0.08265250758905968,0.26948738398266436,0.43083748572340863
