V1,V2,V3,V4,V5,V6,V7,V8,V9,V10,V11,V12,V13,V14,V15,V16,V17,V18,V19,V20,V21,V22,V23,V24,V25,V26,V27,V28,V29,V30,V31,V32,V33,V34,V35,V36,V37,V38,V39,V40,V41,V42,V43,V44,V45,V46,V47,V48,V49,V50,V51,V52,V53,V54,V55,V56
1.14626551423494,0.5888938040641188,-0.07558754366864809,1.845932770514961,-0.7478566321250435,2.3160895898766056,-0.20346326075033483,0.2956763240941172,-1.720535867818583,-0.5354558948946996,-0.40515766149607835,-0.39867354470402583,-1.1111480648750383,0.18279505985425842,-0.6801230724867908,-1.4148367801199477,-0.4433731847091862,0.5770010849566352,0.2965306474081169,0.11850037524054881,-0.8037718877068407,0.0758238063942576,0.05830982909351247,-1.5196115442918203,-0.31862455210829094,-0.22670633070546922,-0.3924704530715756,0.7781076525333012,1.4429874288523747,-0.3268039476976541,0.9953371934408423,-1.0797490894981352,-0.6486670404095207,-0.3937766045907232,-0.7490053287462466,-0.6916410254298297,-0.3319734599127376,0.9856781624566736,-0.7255517776381646,0.45999866859584176,1.170729277876969,0.5025800817325056,0.9300104427988294,0.5429097291957947,-1.2853366643977013,0.4384915783460716,-0.918915239387039,-1.2421276975062367,0.11751305584982498,0.5319173506896696,0.8012999887264411,0.8186315999167676,0.28598529486323393,0.49308257817798096,-0.3115763587849266,-0.2310612079482667
0.5888938040641188,0.6044216652410308,0.28501307279780835,1.0044041912160118,0.05823951824203392,0.7832757551091661,-0.571336319984328,0.3510394848118366,-0.8948253681335185,0.2126312724416576,-0.04550386124036599,-0.5208534186953677,-0.564203507130257,-0.36565156010926564,-0.14289988911366514,-0.48504344589621573,-0.4995834055517184,0.15158371244958596,0.01784809510293175,-0.06704753519359029,-0.5835568283831274,0.37109136820009,0.10611030560344337,-0.2803255652670107,0.05116410296603876,0.13375627170827079,0.180574061075854,0.2652779583679614,0.541485104201853,0.15284862992032106,0.8080043587808247,-0.45601469013520957,-0.4096465762755274,0.005214894347833616,-0.1104878478719135,-0.05618409533849395,-0.2601858091913573,0.8816450875989936,-0.4987842649754371,0.879277230944785,0.501172942821729,0.18225620534441545,0.6237613675218971,0.15425906934244832,-0.5775810925866391,-0.25470062072138205,-0.7416803688817095,-0.7615743540915846,-0.2282861004238435,0.05441122162240433,0.3910001443366782,0.9938774885911414,0.0426061589411908,0.3497042237576741,-0.08452418944632105,0.17810190051066582
-0.07558754366864809,0.28501307279780835,0.8465069375916694,-0.021706283607466667,0.4273747173476276,-0.6204499570080626,-1.323028850975906,0.3221733210025197,-0.234863973271396,0.7371795892423527,0.19258860410795764,-0.5867016342428469,0.21007139235418254,-0.7460580198801134,0.36873036597964615,0.42110107895917365,-0.06580800560952896,-0.17060572288422293,-0.43163651400600356,-0.6275203092406909,-0.11919285733744461,0.7648816540309029,0.5780072088175708,0.86114230962655125,0.39304902541749887,0.39508305134020855,0.4345422511814334,0.04440160141106276,-0.42965414291662624,0.2853330566652085,0.1810735681275154,0.292025105606384,-0.09184867206170852,0.19222514013175865,0.39636274462488374,0.7461572632685718,-0.19352139087502118,0.7576953012476219,0.11368321657665802,0.8223305525389477,-0.6355597722992069,0.21170847887636235,0.50329683399283,-0.5142688362077869,0.37589977474989456,-0.5636294686005906,-0.417207638274908,-0.08648275668189592,-0.26409571900356776,-0.6126122347815396,-0.1632351016414006,0.892997371699891,-0.1742656193696345,-0.18748910605111066,0.12795466214671553,0.23726473709620638
1.845932770514961,1.0044041912160118,-0.021706283607466667,3.140517300029831,-1.1220411755074453,3.525966513573145,-0.33244586483170235,0.4038546021698995,-2.880958728604479,-0.7503369729152689,-0.6783258146023857,-0.7449848697733645,-1.80453955384854,0.17053668905898417,-1.0320250486468445,-2.1289706610658037,-0.7945346725410489,1.0082863089053247,0.6455831098575152,0.3150412486280775,-1.4557660968478217,0.1706588235162905,0.0387883016308023,-2.302680943512098,-0.41796382562504264,-0.3854673582058737,-0.529773106886157,1.1827861182096258,2.3625003405565703,-0.31512420011888786,1.8990923251041036,-1.6741843138653183,-1.0949920386908798,-0.40979552416150605,-1.0867879815013743,-1.1023446554253769,-0.5546651145673496,1.5772351793058,-1.2341089481609309,0.9053334993464331,1.9136735093295167,0.7154260801220605,1.4175394318009895,0.7171587730299201,-2.1172359261113316,0.48240928710174164,-1.4559018320603552,-2.113618594609767,0.06894552512933284,0.7817274890873095,1.2914094068118138,1.6659118058744877,0.5026829185050347,0.8892839737907322,-0.49583510137971,-0.33180665625099676
-0.7478566321250435,0.05823951824203392,0.4273747173476276,-1.1220411755074453,1.2611958877274987,-2.2211790545779366,-0.26468772297869686,0.044066825909102186,1.2030360933295694,1.0403427819507134,0.4953139610902576,-0.10237628669120628,0.7310516792815611,-0.7325015806137821,0.770045707843552,1.3522635637304112,-0.16479058811313982,-0.5472734282802311,-0.25158575678199463,-0.07869783223976864,0.23986513575689558,0.28988391670702157,-0.09287898403944735,1.726953111080856,0.5196619524266383,0.5028925156520386,0.8611566413969137,-0.7979974988659083,-1.2312456565018088,0.7928143035126192,-0.13350415185192613,0.8861673818117589,0.32353607280862,0.6510260419464505,0.9327144833731393,0.7728077422077299,0.09754546106660344,-0.22646903643284483,0.23818965104657755,0.5938749320719333,-0.7898142723877976,-0.5714338155953449,-0.6141929004218982,-0.4760939610208457,0.9131183425981032,-1.041968456025071,0.2979954183764017,0.679187873943743,-0.5620656662137301,-0.6021469471914924,-0.5469476618231225,0.25008216150501317,-0.31631848823865233,-0.05421575565308917,0.32462524509376306,0.6466909333268551
2.3160895898766056,0.7832757551091661,-0.6204499570080626,3.525966513573145,-2.2211790545779366,5.97329229888311,0.04607383099299585,0.4499910571822768,-3.3809226841255344,-1.8945726449921738,-0.9737019376386274,-0.3124912165259603,-2.4003646023006855,1.220163071021891,-1.9015828012602982,-3.5927501395242576,-0.40164076314973557,1.0806412464558433,0.5019552855757341,0.09046259411768509,-1.114843732381109,-0.15857076609188805,0.08299543279426726,-4.080786965488692,-1.0589893344120862,-0.7181462985538366,-1.5089038108831447,1.9281910190213338,3.290969954033361,-1.556166507872539,1.150942875749143,-2.4826048208720235,-1.2138863538634679,-1.7138738513152103,-2.157706461242727,-1.7276371577802643,-0.5228466071241924,1.6200646983113416,-1.2910901676499584,-0.024499114267270885,2.446928783869188,1.4735231606684198,2.0621943862253755,1.7279216759714437,-2.795039859696217,1.9472013667575976,-1.621156576618194,-2.245312390570457,0.8147200867447929,1.6462885826286853,1.7239610865529622,0.35819793124385024,0.7518864574925312,0.5852722816150456,-0.7437953902997679,-0.9397130515919678
-0.20346326075033483,-0.571336319984328,-1.323028850975906,-0.33244586483170235,-0.26468772297869686,0.04607383099299585,3.4824315863203803,-1.0185034266830337,0.9457646792325071,-1.607868788553228,-0.46335145397951116,1.6688825773426479,0.56210066834138706,1.9855064221909735,-0.23262569344592587,0.1793454390453924,0.3770271302391593,0.8835303523064978,1.3398911460084917,1.5800115918276512,0.2116046888652128,-2.078165065790505,-1.4304796860947933,-1.1541953841715773,-0.6792945051163537,-0.45840254626176913,-0.7958987595889154,-0.4249035541044685,0.06950377960714788,0.08181137525053989,-0.1310058587027389,0.2700118917504607,0.017882394363571065,-0.16140513272534315,-0.06687910300597324,-1.525348069921747,0.49302861554378535,-2.183855016489479,0.1395204886813581,-2.5090405398005386,0.6749161134423344,-0.6744120136766274,-2.5729408936642817,0.94453071358390694,0.02012042541967799,1.3099895277164637,1.2766938626859627,1.252305499633488,0.3409533098518329,1.1106631787651073,0.10226207498650977,-2.3784791415238,0.3581211235299991,0.7071338005734359,-0.17402628628899278,-0.3400624152308095
0.2956763240941172,0.3510394848118366,0.3221733210025197,0.4038546021698995,0.044066825909102186,0.4499910571822768,-1.0185034266830337,0.42769259370007706,-0.5092588098301699,0.4113833165441798,0.11407501481699019,-0.5502539525205714,-0.4082874507117085,-0.5616037765777594,-0.061748083627351034,-0.35601056025456407,-0.28024190269220306,-0.22450746038998043,-0.3928610729001406,-0.43797599258590075,-0.20038238409104317,0.6100545665856629,0.37456262228895004,0.05551532877154539,0.12203709008660872,0.15501055768069855,0.21558428394805756,0.2306831787069925,0.2208081789540465,-0.0816311909272662,0.2006686952097895,-0.3205738745698153,-0.12710028209818763,-0.07713188961572984,-0.12191188668108487,0.30690592110277476,-0.2077841213149845,0.8712416720476814,-0.23592276103106297,0.8979906777968555,0.0909175434126856,0.2591703802792917,0.9331196182190191,-0.046403329165480095,-0.2631613511214237,-0.3152800637715185,-0.6122984688572207,-0.5854852946275724,-0.11462534104762394,-0.16981363870047023,0.14580741266732739,0.7860096387895207,-0.08597928798586889,-0.06878870635527257,0.0036930268101774888,0.14159859173811581
-1.720535867818583,-0.8948253681335185,-0.234863973271396,-2.880958728604479,1.2030360933295694,-3.3809226841255344,0.9457646792325071,-0.5092588098301699,2.8766477530445576,0.5976141811064397,0.6145303078912275,0.884151032999663,1.6467408574055196,0.014297361620864962,0.9456189993091505,2.0512423031234324,0.5897330581332206,-0.8675845256706315,-0.3081162693911312,0.10611964972348081,1.2715054061265791,-0.46732736523117,-0.4225377286423288,2.0616706756919303,0.3343549101317925,0.31431909004294933,0.5349007445318258,-1.2997091535700231,-2.1440322430468473,0.47716343751548673,-1.5716313007004497,1.5639718846509272,1.003848500410795,0.4975332277232128,1.0689558542212285,0.7562297072298928,0.5851641066845625,-1.7833821378963717,1.002369724983283,-0.9567211428961373,-1.4930703249095776,-0.9248275993749262,-1.750219836685417,-0.46712736229924057,1.8520562803411424,-0.48780087889161555,1.5083262923067182,2.0323713679236244,-0.16479225105515366,-0.5136028734287064,-1.142609875476364,-1.696589658390454,-0.4122025804815117,-0.5739155838018521,0.4511502416445905,0.40595088160535914
-0.5354558948946996,0.2126312724416576,0.7371795892423527,-0.7503369729152689,1.0403427819507134,-1.8945726449921738,-1.607868788553228,0.4113833165441798,0.5976141811064397,1.5545055315665495,0.5944435379091256,-0.828076834036382,0.22909727811688693,-1.5351003265468175,0.6851365296566191,0.9936602000354811,-0.3560247658097353,-0.8700077272879239,-0.7066154645914265,-0.5963282856362744,0.07718349026891727,1.0978681940888015,0.4564053286193269,1.8828593181502826,0.7106314389923847,0.4545567275315443,1.0596365530592726,-0.5343974829615808,-0.9160225612370163,0.6248957038722182,-0.0035898799524419324,0.5205491073773323,0.34279625212845244,0.7734390794818805,0.7306768392836048,1.209793207430947,-0.10017271249969291,0.6384598277825284,0.07208085960381325,1.6403903243109699,-0.7754259755293343,-0.3127775146198759,0.6649731035693236,-0.8961420045007015,0.6168370636885424,-1.5586141234248325,-0.21150053015190487,-0.16447898994769344,-0.6089066956525757,-0.9676986337979238,-0.49635629690771044,1.374615400172236,-0.3973536440726264,-0.33771109785020376,0.3270140558249431,0.6444826523173014
-0.40515766149607835,-0.04550386124036599,0.19258860410795764,-0.6783258146023857,0.4953139610902576,-0.9737019376386274,-0.46335145397951116,0.11407501481699019,0.6145303078912275,0.5944435379091256,0.3062934087760165,-0.157701527797963,0.2613473238357324,-0.5022909937503464,0.3180789831408524,0.5282270030722496,-0.03528470220643723,-0.4775458406269359,-0.3563838414253221,-0.250618635360977,0.2499972030478009,0.3362031575623455,0.11745683853214374,0.8610292170723524,0.26006739638664855,0.20971459227902844,0.4081497329100232,-0.327719747066044,-0.5847479359581537,0.18856712099769263,-0.30843795104981536,0.3391048430726797,0.26309290654496725,0.2271939162159622,0.334857612992315,0.5262762032976008,0.046868185742271154,0.018690294845081203,0.15432978672215503,0.43644370969365176,-0.4573309784481102,-0.1802581901895476,0.0832509830044051,-0.2881686271436532,0.4408891947050932,-0.5369123599082786,0.09373111247140607,0.21762774308943045,-0.19628656910945108,-0.35717555439626164,-0.30914388573573265,0.15350839266921812,-0.20006695275225653,-0.23848731181803473,0.17060670889526247,0.2706591538176155
-0.39867354470402583,-0.5208534186953677,-0.5867016342428469,-0.7449848697733645,-0.10237628669120628,-0.3124912165259603,1.6688825773426479,-0.5502539525205714,0.884151032999663,-0.828076834036382,-0.157701527797963,1.0204856614233626,0.6534555666043047,1.121550249153949,2.5970546830178867e-4,0.32812328632502624,0.5009616416515915,0.30613765447187424,0.44418818903102053,0.5406639997436271,0.4662115581577386,-1.0517629177276335,-0.5633901479940233,-0.3455103240358198,-0.3328066951927625,-0.14184462289279073,-0.4740678643303819,-0.24816631544868514,-0.37329513287269944,-0.1150439139695106,-0.6061657473764951,0.412452417111025,0.17397328436630963,-0.2588035218890677,0.04981387032968134,-0.5434432115269349,0.32929703230997087,-1.2984884220360629,0.402452710743222,-1.6348299771693546,-0.13514266895816238,-0.24720542201184217,-1.4351300729476033,0.41368268414882703,0.4408729889260388,0.8613757118224087,0.8538858027880685,1.1048716767284965,0.30635304458258755,0.44197611820809374,-0.16822834491011265,-1.7297660440738858,0.10062139781891413,0.06581843853555996,-0.020543548761930524,-0.23568907338820572
-1.1111480648750383,-0.564203507130257,0.21007139235418254,-1.80453955384854,0.7310516792815611,-2.4003646023006855,0.56210066834138706,-0.4082874507117085,1.6467408574055196,0.22909727811688693,0.2613473238357324,0.6534555666043047,1.5038807357396597,0.2164910740393101,0.7932279897128655,1.5957355146423002,0.6123525855176749,-0.14381149079418729,-0.11568613163762909,-0.044250086608552036,0.7412287755190149,-0.4051502054319271,-0.06443840436162519,1.4135102915131188,0.23054741276212917,0.3383184409255232,0.22406720211412587,-0.7062891292039334,-1.6354465930022968,0.44363669113827375,-0.9010332988874069,1.2933548456708743,0.4679427413720663,0.3172262189986673,0.9072887612397682,0.5350054776132497,0.339519792862875,-1.1554611651194429,0.900985233346976,-1.0543661427206517,-1.353338325827533,-0.4493190308273051,-1.5372873886908192,-0.4884144571986353,1.5522069443127566,-0.04022532583373565,0.9695796520509292,1.6664010687917794,-0.05411197252931182,-0.5098752876051094,-0.7870294983648508,-1.21050594407482,-0.2700884973209147,-0.311788395538133,0.272312741532452,0.15469638014844522
0.18279505985425842,-0.36565156010926564,-0.7460580198801134,0.17053668905898417,-0.7325015806137821,1.220163071021891,1.9855064221909735,-0.5616037765777594,0.014297361620864962,-1.5351003265468175,-0.5022909937503464,1.121550249153949,0.2164910740393101,1.7100875465249454,-0.473535923875459,-0.518949710590619,0.5174488877709095,0.800144372503081,0.7307177749376846,0.6657725943569976,0.1757706793554989,-1.310857378609065,-0.6089523942506048,-1.5088584627879673,-0.6702121778298687,-0.32875849042106686,-0.9963405629548658,0.26686445694461913,0.42397615669105576,-0.48638823936496134,-0.28696946329122924,-0.12033249464938625,-0.20750969900008404,-0.7521512925947568,-0.45810670065945025,-1.1181028242980164,0.22977959120323851,-1.0837512703431182,0.16033672944163557,-2.025050109287915,0.43270040407187005,0.14393098612853578,-1.2582152835864273,0.9099171211789209,-0.17886417960472087,1.6016145820210785,0.5492381798361557,0.7537108078836624,0.5756290494493257,0.9338500513891843,0.28065375860931446,-1.909673616407931,0.34018785662185697,0.2883896524346276,-0.23951436085889566,-0.5578119300712762
-0.6801230724867908,-0.14289988911366514,0.36873036597964615,-1.0320250486468445,0.770045707843552,-1.9015828012602982,-0.23262569344592587,-0.061748083627351034,0.9456189993091505,0.6851365296566191,0.3180789831408524,2.5970546830178867e-4,0.7932279897128655,-0.473535923875459,0.6565302977698891,1.1653631239149018,0.09766895401776486,-0.30258936072607256,-0.22027366306670249,-0.13897040561249002,0.2841658865292869,0.1580406456221196,0.0814865397097194,1.3716715711924639,0.38089783627598817,0.3236137599199591,0.5324244348143222,-0.5592160084316364,-1.0883506335633897,0.5479177748314931,-0.2737493833674754,0.8098765619611324,0.3085136225103697,0.5383128827432062,0.7451622691233099,0.6375089428549435,0.11086947146028639,-0.3236310553566057,0.4078348315639682,0.12824840103904275,-0.85370654226301,-0.39690545674055644,-0.5865674399558979,-0.5869470856149088,0.9290431611548071,-0.6531106855924702,0.3751470363875593,0.6931629525099158,-0.3024318171632687,-0.6022344627111493,-0.5304320770671114,0.03556175111919669,-0.26460731781461067,-0.16344539575556813,0.24177946853358862,0.3406491946555162
-1.4148367801199477,-0.48504344589621573,0.42110107895917365,-2.1289706610658037,1.3522635637304112,-3.5927501395242576,0.1793454390453924,-0.35601056025456407,2.0512423031234324,0.9936602000354811,0.5282270030722496,0.32812328632502624,1.5957355146423002,-0.518949710590619,1.1653631239149018,2.239712687410271,0.3382295912152026,-0.5049657685395482,-0.19358822070091697,-0.005850241471321425,0.6806134794525284,-0.04635473380936044,-0.10059119652072228,2.3961888634179274,0.6035625687546625,0.47149213032359744,0.8219176020744021,-1.1475684574087224,-2.0432371744860744,0.9642053387757378,-0.6852397853048748,1.603624952320008,0.6644783712667509,0.950069936117473,1.354137243686116,0.970982007081015,0.334439533859462,-1.1048426411209968,0.8474345817866389,-0.261137908569969,-1.5532966945476152,-0.8509271330581893,-1.5175931055458887,-0.9641352785121442,1.7713414349067054,-0.9854904603067581,1.0495489537831149,1.5632501494776703,-0.4609127864478528,-0.9304732713365672,-1.0357108866443236,-0.44604891186364404,-0.4130812939327658,-0.3056981042282293,0.43771504493670377,0.5278639287663346
-0.4433731847091862,-0.4995834055517184,-0.06580800560952896,-0.7945346725410489,-0.16479058811313982,-0.40164076314973557,0.3770271302391593,-0.28024190269220306,0.5897330581332206,-0.3560247658097353,-0.03528470220643723,0.5009616416515915,0.6123525855176749,0.5174488877709095,0.09766895401776486,0.3382295912152026,0.5939155918024441,0.024834631526073393,-0.06735518315277203,-0.12575248241602752,0.5286963723655567,-0.32206683153863425,0.06791008639116801,0.08072413991150591,-0.09857052838258325,-0.03195289854091722,-0.31999757402620005,-0.03942712062189045,-0.48812145419230646,-0.2572195151517682,-0.7723209583985604,0.42869908332866746,0.2311498689971127,-0.25676548031862934,0.06255277265366901,0.06564045721878588,0.1892852575850761,-0.6526615039220786,0.5437576434765713,-1.011300067960593,-0.6060664698454684,0.08479839003716315,-0.5566472306549296,-0.05248929342289639,0.5930777430772379,0.5456768772568276,0.5478255096462676,0.8181396877504399,0.30928367128781725,-0.028005226262248068,-0.3008222064072658,-1.0714957950274306,-0.014430455804112263,-0.3556719387932431,0.043820142306607496,-0.2584136436479288
0.5770010849566352,0.15158371244958596,-0.17060572288422293,1.0082863089053247,-0.5472734282802311,1.0806412464558433,0.8835303523064978,-0.22450746038998043,-0.8675845256706315,-0.8700077272879239,-0.4775458406269359,0.30613765447187424,-0.14381149079418729,0.800144372503081,-0.30258936072607256,-0.5049657685395482,0.024834631526073393,0.9124652706237407,0.6681292954255205,0.493941811899742,-0.48030620174882566,-0.6444134789133247,-0.24342566104155378,-1.1008069955427615,-0.34769142115108176,-0.20148720338332224,-0.5281162183409303,0.3912708488978936,0.6662838447666305,-0.016471189959268665,0.6618064818816074,-0.3092701735253334,-0.47972747719556574,-0.18310740655471727,-0.26477863314224126,-0.810315940232699,-0.06929310837448818,-0.12045941443137594,-0.18466208784048704,-0.7757153251417032,0.5850947222518132,0.15209421891685804,-0.5455960296309695,0.3678601036545442,-0.4698802114216935,0.7667990300838889,-0.10930171503716264,-0.11532340075142453,0.18859657929172374,0.46100838639502956,0.4325901500937345,-0.2290735078166773,0.27283161656133315,0.5413842454409026,-0.24104064939363432,-0.3184232830614059
0.2965306474081169,0.01784809510293175,-0.43163651400600356,0.6455831098575152,-0.25158575678199463,0.5019552855757341,1.3398911460084917,-0.3928610729001406,-0.3081162693911312,-0.7066154645914265,-0.3563838414253221,0.44418818903102053,-0.11568613163762909,0.7307177749376846,-0.22027366306670249,-0.19358822070091697,-0.06735518315277203,0.6681292954255205,0.8263523652413768,0.8127872550194469,-0.3609512525616573,-0.7818224929457601,-0.6020863895815228,-0.7863630408526572,-0.2711082717617756,-0.27168979679100624,-0.3354319474874912,0.01091540715456301,0.512401564103306,0.17874023098320108,0.601985025335221,-0.14734414829923834,-0.26212595688292956,0.07534578538262945,-0.12081745695784392,-0.8318655263740625,0.060536853554554564,-0.5701100022304193,-0.23010392208374328,-0.7156231285353807,0.6644086618895036,-0.21767482911863623,-0.8654578509017864,0.35896291028104943,-0.4323892451332847,0.43310368927505133,0.24698226143696256,0.004645265861480386,0.043311406855647334,0.5133989509402828,0.29356087335358516,-0.3183388329262465,0.275778728832065,0.5673413648435889,-0.16299267126828668,-0.16877487862299345
0.11850037524054881,-0.06704753519359029,-0.6275203092406909,0.3150412486280775,-0.07869783223976864,0.09046259411768509,1.5800115918276512,-0.43797599258590075,0.10611964972348081,-0.5963282856362744,-0.250618635360977,0.5406639997436271,-0.044250086608552036,0.6657725943569976,-0.13897040561249002,-0.005850241471321425,-0.12575248241602752,0.493941811899742,0.8127872550194469,0.9525276356716322,-0.2394711661757177,-0.8827268929608822,-0.7709212917103396,-0.5650494554189536,-0.24962886443289206,-0.28802609968497656,-0.2094849449678763,-0.22349139210107818,0.32945808493703727,0.26639047423665957,0.4616726313460872,-0.060166657775235534,-0.0984257200786023,0.2241116813747504,-0.029046575578353148,-0.8201641215069018,0.14799844296825093,-0.8176664933619001,-0.21801908448878402,-0.7021797779911513,0.6777988493867373,-0.4557033842545246,-1.0449916408953452,0.3490638566021542,-0.327378514261471,0.2541964235661266,0.42668383207678845,0.12231290951312498,-0.021061085778340732,0.5081333723008242,0.18808492340867144,-0.4535265986494736,0.2129416610934479,0.5724658493623365,-0.1138280022352089,-0.060076031569083047
-0.8037718877068407,-0.5835568283831274,-0.11919285733744461,-1.4557660968478217,0.23986513575689558,-1.114843732381109,0.2116046888652128,-0.20038238409104317,1.2715054061265791,0.07718349026891727,0.2499972030478009,0.4662115581577386,0.7412287755190149,0.1757706793554989,0.2841658865292869,0.6806134794525284,0.5286963723655567,-0.48030620174882566,-0.3609512525616573,-0.2394711661757177,0.8190265332486696,-0.1415381483149404,0.026543327223773644,0.6882832233531362,0.05269663653188061,0.08766408532736522,-0.004923781542224824,-0.3740132662409424,-0.9214539870475501,-0.18233046739893008,-1.1499005478306215,0.6303922168267156,0.5215281641955778,-0.12972721381114782,0.25280031947099313,0.40687347356641884,0.27915512803565457,-0.7662938286344912,0.6192165467581873,-0.6936509954279467,-0.8431249299041857,-0.13485396734091645,-0.5003540965951706,-0.1378318353922363,0.8775418392244546,0.1377449788330892,0.6949834717141579,1.0020380825486328,0.17355118035374334,-0.18873737316457717,-0.541736425137815,-1.1382871885129304,-0.17593583203355967,-0.5552684610628791,0.1825874333195049,-0.019915727828449574
0.0758238063942576,0.37109136820009,0.7648816540309029,0.1706588235162905,0.28988391670702157,-0.15857076609188805,-2.078165065790505,0.6100545665856629,-0.46732736523117,1.0978681940888015,0.3362031575623455,-1.0517629177276335,-0.4051502054319271,-1.310857378609065,0.1580406456221196,-0.04635473380936044,-0.32206683153863425,-0.6444134789133247,-0.7818224929457601,-0.8827268929608822,-0.1415381483149404,1.3006973992873148,0.7696183675637691,0.817507724352214,0.4637123943178281,0.27680454573463276,0.5924525383387419,0.14747284787636744,-0.044079832665477214,0.033579462605931684,0.13707715299986173,-0.15419570183466735,0.02939576354126618,0.18897253018431123,0.08430979405505759,0.9512967358282313,-0.2848232125885986,1.2910197915093007,-0.15864650947697928,1.6973373868717638,-0.3460684540234118,0.3081642320079572,1.5672203710128605,-0.571726239230667,-0.06163083370422302,-0.977227706732944,-0.7417537416988674,-0.81862893407262,-0.2940064556276787,-0.6656090249179828,-0.07666988914864438,1.5592126595071383,-0.21574172108557566,-0.4067673070433408,0.1314354600198281,0.2904713272476963
0.05830982909351247,0.10611030560344337,0.5780072088175708,0.0387883016308023,-0.09287898403944735,0.08299543279426726,-1.4304796860947933,0.37456262228895004,-0.4225377286423288,0.4564053286193269,0.11745683853214374,-0.5633901479940233,-0.06443840436162519,-0.6089523942506048,0.0814865397097194,-0.10059119652072228,0.06791008639116801,-0.24342566104155378,-0.6020863895815228,-0.7709212917103396,0.026543327223773644,0.7696183675637691,0.7256116993150812,0.3445714166678892,0.20429013087158313,0.17084473533288894,0.13486217315408044,0.3056964399124007,-0.09419779367348138,-0.19294628413365503,-0.15742564961780964,-0.054937602322517126,-0.007183058421330935,-0.089353264835108,-0.02732133331270858,0.616198612699798,-0.1863993204649861,0.8260741481660627,0.12582848863138724,0.6584281441589841,-0.4606478380446418,0.421854514900484,0.986654249645548,-0.4108152537429086,0.14139834914385777,-0.23214913292172726,-0.4620023658733073,-0.321796443030473,0.024358962399456594,-0.4736823785434372,-0.07963878098505701,0.6692609661234188,-0.1450742963542922,-0.4000145418415515,0.04830724484275347,-0.017644447844528243
-1.5196115442918203,-0.2803255652670107,0.86114230962655125,-2.302680943512098,1.726953111080856,-4.080786965488692,-1.1541953841715773,0.05551532877154539,2.0616706756919303,1.8828593181502826,0.8610292170723524,-0.3455103240358198,1.4135102915131188,-1.5088584627879673,1.3716715711924639,2.3961888634179274,0.08072413991150591,-1.1008069955427615,-0.7863630408526572,-0.5650494554189536,0.6882832233531362,0.817507724352214,0.3445714166678892,3.2017504803988324,0.9641915603604283,0.6929604820181396,1.3545383487956955,-1.2268111765341032,-2.2760219370643395,1.0685439499360456,-0.7166291255338112,1.6034531767473055,0.8096620510944863,1.1896051223996413,1.5184462144884883,1.6963635741094316,0.19570522467347923,-0.36322687207628784,0.7729828234883356,0.9471459557683582,-1.8520329437530862,-0.8031155435955466,-0.5626152286764419,-1.3913799896507586,1.8668362831091168,-1.8144180799581746,0.6548617324293948,1.1236985021792665,-0.7257153645773248,-1.4370913872116813,-1.1916385388500639,0.5402781724585516,-0.629589484400594,-0.6044115266635349,0.5801682323756259,0.83024888657119
-0.31862455210829094,0.05116410296603876,0.39304902541749887,-0.41796382562504264,0.5196619524266383,-1.0589893344120862,-0.6792945051163537,0.12203709008660872,0.3343549101317925,0.7106314389923847,0.26006739638664855,-0.3328066951927625,0.23054741276212917,-0.6702121778298687,0.38089783627598817,0.6035625687546625,-0.09857052838258325,-0.34769142115108176,-0.2711082717617756,-0.24962886443289206,0.05269663653188061,0.4637123943178281,0.20429013087158313,0.9641915603604283,0.35602697483865214,0.22035519956930463,0.48995005608741354,-0.28464295880946455,-0.5192507982503184,0.35424316912615045,-0.0021676130841490724,0.36085625973232976,0.16659882108065677,0.41030056996794273,0.4208041549386335,0.5796559473654936,-0.029260256161192367,0.1923707966029802,0.10625594096383198,0.6468978888196943,-0.4655607931327147,-0.1706374020520646,0.14563777034404024,-0.4858563119806043,0.3893844728984638,-0.7187871428875776,-0.004631516310750878,0.04507152607860968,-0.28972935721464543,-0.49375763758112257,-0.2827317057869407,0.5879087801669551,-0.17652590344805685,-0.15871932954849338,0.16500021355879896,0.286490182696157
-0.22670633070546922,0.13375627170827079,0.39508305134020855,-0.3854673582058737,0.5028925156520386,-0.7181462985538366,-0.45840254626176913,0.15501055768069855,0.31431909004294933,0.4545567275315443,0.20971459227902844,-0.14184462289279073,0.3383184409255232,-0.32875849042106686,0.3236137599199591,0.47149213032359744,-0.03195289854091722,-0.20148720338332224,-0.27168979679100624,-0.28802609968497656,0.08766408532736522,0.27680454573463276,0.17084473533288894,0.6929604820181396,0.22035519956930463,0.3385044965986452,0.32980205465508844,-0.17568498912180827,-0.5462815149528366,0.2461324234641239,-0.08449986547732448,0.3487944056149494,0.032242766237456186,0.08920332726387531,0.37522388445524407,0.44592451799625793,-0.02757340252719866,0.19089569719728894,0.1381443798807611,0.30325932590762555,-0.4714677746522817,-0.02763561407994677,-0.06581109677293093,-0.16467849090228415,0.4431824047680365,-0.3081683001949003,-0.0917042565559503,0.29575278432176905,-0.19944664905588616,-0.3064634788214439,-0.19075544297374358,0.13117983447236523,-0.1647297221474616,-0.0821451543746249,0.12868529085232522,0.2596593807034864
-0.3924704530715756,0.180574061075854,0.4345422511814334,-0.529773106886157,0.8611566413969137,-1.5089038108831447,-0.7958987595889154,0.21558428394805756,0.5349007445318258,1.0596365530592726,0.4081497329100232,-0.4740678643303819,0.22406720211412587,-0.9963405629548658,0.5324244348143222,0.8219176020744021,-0.31999757402620005,-0.5281162183409303,-0.3354319474874912,-0.2094849449678763,-0.004923781542224824,0.5924525383387419,0.13486217315408044,1.3545383487956955,0.48995005608741354,0.32980205465508844,0.7919287922686098,-0.4965377127761812,-0.6910103783509852,0.597828298026287,0.1275331059306523,0.43164517160917903,0.22113423607276514,0.6512890743142469,0.6095469129866201,0.728996894913445,-0.03923972109852361,0.2778244255952597,0.007477200075976732,1.0652449225607408,-0.4523945223614572,-0.3757604221752486,0.15394917836486494,-0.5719972577495966,0.4447067829890046,-1.1321177457536857,-0.06288724363731323,-0.02091631679819441,-0.502253365487953,-0.617382078547152,-0.34038458593621246,0.8982465087275654,-0.267544595716422,-0.07608624832235848,0.23256753663588914,0.5223761964347369
0.7781076525333012,0.2652779583679614,0.04440160141106276,1.1827861182096258,-0.7979974988659083,1.9281910190213338,-0.4249035541044685,0.2306831787069925,-1.2997091535700231,-0.5343974829615808,-0.327719747066044,-0.24816631544868514,-0.7062891292039334,0.26686445694461913,-0.5592160084316364,-1.1475684574087224,-0.03942712062189045,0.3912708488978936,0.01091540715456301,-0.22349139210107818,-0.3740132662409424,0.14747284787636744,0.3056964399124007,-1.2268111765341032,-0.28464295880946455,-0.17568498912180827,-0.4965377127761812,0.7657285584775089,1.0049533445442278,-0.5462482917877506,0.34850166315075604,-0.7665094930527965,-0.4298116311772054,-0.5721810490767681,-0.6781937185359579,-0.3794819343300581,-0.2378451070198656,0.766434642447793,-0.3140022859317455,0.06668658196506078,0.5743447863088416,0.64271546144054,0.8836423361163304,0.36972582332591686,-0.7953575180401354,0.635671311321871,-0.6518751749590863,-0.7611888937842328,0.3002658873354387,0.3435790837142674,0.5229212622799894,0.2979456572844048,0.20589928681559896,0.07686755287585123,-0.235875171972444,-0.35931706880206454
1.4429874288523747,0.541485104201853,-0.42965414291662624,2.3625003405565703,-1.2312456565018088,3.290969954033361,0.06950377960714788,0.2208081789540465,-2.1440322430468473,-0.9160225612370163,-0.5847479359581537,-0.37329513287269944,-1.6354465930022968,0.42397615669105576,-1.0883506335633897,-2.0432371744860744,-0.48812145419230646,0.6662838447666305,0.512401564103306,0.32945808493703727,-0.9214539870475501,-0.044079832665477214,-0.09419779367348138,-2.2760219370643395,-0.5192507982503184,-0.5462815149528366,-0.6910103783509852,1.0049533445442278,2.129786517471594,-0.6388441729428658,1.1202818443525413,-1.5431040429572747,-0.7147557601141455,-0.5823676157533011,-1.2067503979140168,-1.0922281502374593,-0.3433306340935452,0.9763561303837635,-0.973338440541634,0.3962167827027899,1.7289973290482976,0.6174391528601799,1.2592574183960454,0.8025704194676913,-1.8878388047415002,0.692025640475311,-0.9541870446970591,-1.7066292698517807,0.29036625762118734,0.8943223258857748,1.0574793836446237,0.8339679569698061,0.47697472218226544,0.5382262355142473,-0.4409754388826306,-0.4586840773265592
-0.3268039476976541,0.15284862992032106,0.2853330566652085,-0.31512420011888786,0.7928143035126192,-1.556166507872539,0.08181137525053989,-0.0816311909272662,0.47716343751548673,0.6248957038722182,0.18856712099769263,-0.1150439139695106,0.44363669113827375,-0.48638823936496134,0.5479177748314931,0.9642053387757378,-0.2572195151517682,-0.016471189959268665,0.17874023098320108,0.26639047423665957,-0.18233046739893008,0.033579462605931684,-0.19294628413365503,1.0685439499360456,0.35424316912615045,0.2461324234641239,0.597828298026287,-0.5462482917877506,-0.6388441729428658,0.818371526048194,0.45188313224874077,0.5577459346468415,0.05812825979051909,0.755853451322852,0.7111234975715112,0.2876260283868743,0.024730682416964658,-0.19257332048248557,0.023545653218022638,0.4134643004200318,-0.2871343771279648,-0.5412401635609497,-0.6711257728019764,-0.459808404249698,0.4539092662525472,-0.8188117224625443,0.17829351898628465,0.2553074255839736,-0.4827834984923583,-0.4144625750764372,-0.25703908974777057,0.5600110450916171,-0.14159987453078568,0.27808080525473955,0.15703177841248311,0.42576130180104177
0.9953371934408423,0.8080043587808247,0.1810735681275154,1.8990923251041036,-0.13350415185192613,1.150942875749143,-0.1310058587027389,0.2006686952097895,-1.5716313007004497,-0.0035898799524419324,-0.30843795104981536,-0.6061657473764951,-0.9010332988874069,-0.28696946329122924,-0.2737493833674754,-0.6852397853048748,-0.7723209583985604,0.6618064818816074,0.601985025335221,0.4616726313460872,-1.1499005478306215,0.13707715299986173,-0.15742564961780964,-0.7166291255338112,-0.0021676130841490724,-0.08449986547732448,0.1275331059306523,0.34850166315075604,1.1202818443525413,0.45188313224874077,1.6794509860113485,-0.7118149965417765,-0.6922906304267737,0.35180008768562576,-0.1760525088890569,-0.5371605983442758,-0.35073824367701645,0.9006311694489056,-0.8459021037046913,0.9737903442975167,1.1118645019682711,0.025221249578417582,0.4315040662696842,0.1202187843586355,-1.1056342172743092,-0.3565502333558783,-0.8404971417652192,-1.268172645063779,-0.3494930568017094,0.21255201483669708,0.6798382007018291,1.6117190616155685,0.2327915517792819,0.8406705312780685,-0.21440380723611138,0.12024755479591542
-1.0797490894981352,-0.45601469013520957,0.292025105606384,-1.6741843138653183,0.8861673818117589,-2.4826048208720235,0.2700118917504607,-0.3205738745698153,1.5639718846509272,0.5205491073773323,0.3391048430726797,0.412452417111025,1.2933548456708743,-0.12033249464938625,0.8098765619611324,1.603624952320008,0.42869908332866746,-0.3092701735253334,-0.14734414829923834,-0.060166657775235534,0.6303922168267156,-0.15419570183466735,-0.054937602322517126,1.6034531767473055,0.36085625973232976,0.3487944056149494,0.43164517160917903,-0.7665094930527965,-1.5431040429572747,0.5577459346468415,-0.7118149965417765,1.2299640776947438,0.48494878705322897,0.484093312342039,0.9359777961603983,0.6633198801165764,0.2806143516011118,-0.9396898292138618,0.7463069673248879,-0.5481950561275815,-1.2537367516888234,-0.507782808610194,-1.244942218072598,-0.5924255267412405,1.3936091608074217,-0.4171296570695365,0.8592481376297461,1.3733523958522427,-0.20741966200776857,-0.5971443268750282,-0.7752369817970498,-0.7228968596995701,-0.2746091593350646,-0.30474936488150206,0.30726699050137335,0.2796725726185737
-0.6486670404095207,-0.4096465762755274,-0.09184867206170852,-1.0949920386908798,0.32353607280862,-1.2138863538634679,0.017882394363571065,-0.12710028209818763,1.003848500410795,0.34279625212845244,0.26309290654496725,0.17397328436630963,0.4679427413720663,-0.20750969900008404,0.3085136225103697,0.6644783712667509,0.2311498689971127,-0.47972747719556574,-0.26212595688292956,-0.0984257200786023,0.5215281641955778,0.02939576354126618,-0.007183058421330935,0.8096620510944863,0.16659882108065677,0.032242766237456186,0.22113423607276514,-0.4298116311772054,-0.7147557601141455,0.05812825979051909,-0.6922906304267737,0.48494878705322897,0.47454649261515425,0.22978959432493268,0.2922828088692276,0.4033336851253946,0.19381570938287418,-0.5278283469502385,0.3758091964379636,-0.13411595994414052,-0.5670215027422363,-0.29708979021657334,-0.2681960123489207,-0.3323551437099673,0.617703525449947,-0.32160351474106774,0.5300336003095527,0.5382839539918615,-0.023815354631267584,-0.29840360408584926,-0.4625990783663665,-0.4091440175546086,-0.17504588708422805,-0.3758818775681796,0.17787431746419183,0.10372863361302245
-0.3937766045907232,0.005214894347833616,0.19222514013175865,-0.40979552416150605,0.6510260419464505,-1.7138738513152103,-0.16140513272534315,-0.07713188961572984,0.4975332277232128,0.7734390794818805,0.2271939162159622,-0.2588035218890677,0.3172262189986673,-0.7521512925947568,0.5383128827432062,0.950069936117473,-0.25676548031862934,-0.18310740655471727,0.07534578538262945,0.2241116813747504,-0.12972721381114782,0.18897253018431123,-0.089353264835108,1.1896051223996413,0.41030056996794273,0.08920332726387531,0.6512890743142469,-0.5721810490767681,-0.5823676157533011,0.755853451322852,0.35180008768562576,0.484093312342039,0.22978959432493268,0.9540515293181309,0.63588610387162,0.39001571140607577,0.03357827609581906,-0.18040584389267067,0.03938176154069678,0.6305441858495787,-0.27588278582174924,-0.6135421567713032,-0.35212298076637344,-0.7313233530084527,0.40352442504705605,-1.0655671619268543,0.24825642764208533,0.013482380742697996,-0.4595011860606527,-0.5685441830892419,-0.3410638485768231,0.8364415821390796,-0.17594852462737184,0.12570296957915925,0.17231714409748405,0.37480775893737667
-0.7490053287462466,-0.1104878478719135,0.39636274462488374,-1.0867879815013743,0.9327144833731393,-2.157706461242727,-0.06687910300597324,-0.12191188668108487,1.0689558542212285,0.7306768392836048,0.334857612992315,0.04981387032968134,0.9072887612397682,-0.45810670065945025,0.7451622691233099,1.354137243686116,0.06255277265366901,-0.26477863314224126,-0.12081745695784392,-0.029046575578353148,0.25280031947099313,0.08430979405505759,-0.02732133331270858,1.5184462144884883,0.4208041549386335,0.37522388445524407,0.6095469129866201,-0.6781937185359579,-1.2067503979140168,0.7111234975715112,-0.1760525088890569,0.9359777961603983,0.2922828088692276,0.63588610387162,0.8885521818988159,0.6331646139170225,0.1366251847181659,-0.44328885450808864,0.40921896037059785,0.1007161923827993,-0.8906708596619685,-0.504538410942284,-0.8383404389740546,-0.5936723016632388,1.015106599206047,-0.7314211881403974,0.44615312297286,0.8153452809164417,-0.3876905233956079,-0.609993581550317,-0.5615496390850863,0.02460585208647701,-0.2657892313949005,-0.07559356289813939,0.2630003240670974,0.41598982062549705
