V1,V2,V3,V4,V5,V6,V7,V8,V9,V10,V11,V12,V13,V14,V15,V16,V17,V18,V19,V20,V21,V22,V23,V24,V25,V26,V27,V28,V29,V30,V31,V32,V33,V34,V35,V36,V37,V38,V39,V40,V41,V42,V43,V44,V45,V46,V47,V48,V49,V50,V51,V52,V53,V54,V55,V56
6504.438951191153,-3000.4931490891113,-3074.450593814177,-3595.2968571205924,-6410.071087826911,-7747.046815552553,-878.448650035226,3185.037651008679,-2880.1060610332243,1845.6469406725428,7782.545971627896,2727.2344981107067,3584.7322899302007,-480.1088647888731,-5700.065085688623,-3309.396881821802,-3305.9232466278345,-4754.969556957748,-345.38941535621,-10910.864301929045,-6035.217746937718,-2557.383758219283,6537.711248019015,3479.5913136708627,-650.5766535411415,-139.2206480875582,-496.9363128405357,-2333.319912376412,680.2243049482436,-1692.9280388968734,1389.6865993350252,-6742.95494408935,-10263.142071568112,-3831.080867419761,5941.714393999192,-3237.588062354442,-5016.020834641653,2379.7986772751055,1544.7410196267224,-790.9136359297303,-950.716047733011,5032.456107331982,2043.8714309410582,-380.2788972956237,10162.782234066626,2700.30645544656,-2778.2543169282812,-2428.609091855983,1756.0149644829953,-3031.422941875144,1656.4936994242094,1979.0379723350622,-1459.6621264128541,-3605.6155774174763,-932.8661358032492,-6257.628192012188
-3000.4931490891113,1384.7515067120682,1418.6778428672271,1658.5378836169732,2957.083560484473,3573.114434659314,406.0489360121663,-1468.3305084133804,1328.4388478317242,-852.4456244211788,-3590.2298231443833,-1258.5339337917678,-1653.7060782078372,221.0796504923644,2629.7303098684456,1526.4764472440006,1525.289869341218,2193.591562024598,159.81956062696014,5033.999077279218,2782.7822554653135,1180.56872667257,-3015.0590041539353,-1605.2893839694925,299.9318135905718,64.26935540946188,229.53212218730414,1075.2962748166492,-313.6685989703918,780.9631043411895,-640.627223177527,3110.604842573634,4733.22902114078,1766.810460828038,-2741.601410847205,1493.9299325455586,2314.849710590346,-1097.2522567979179,-711.922687023585,365.22300070397125,438.962378017456,-2320.178242340988,-943.0785667728666,176.50371443089324,-4687.777223825218,-1245.3279927811693,1280.4415845232243,1118.8150586325855,-810.6183506497983,1398.0606185242048,-764.407581984488,-912.7191771110254,673.9770664379962,1663.2242745182507,430.49949531872494,2887.259737322555
-3074.450593814177,1418.6778428672271,1453.5090655529018,1699.4108412866628,3029.932598780997,3661.387798454104,415.7876901094466,-1504.8173978990137,1361.2396979178968,-873.1182677981341,-3678.6837257191028,-1289.4115082868366,-1694.4485228281726,226.65963579793507,2694.4550642575086,1564.1561820018533,1562.7975415535798,2247.6175046033172,163.59960094144836,5157.821327673788,2851.789441270962,1209.3962243247927,-3089.6350889239593,-1644.812329934933,307.3810798431621,65.83111105045964,235.09146828775437,1102.1456648634867,-321.44234346478873,800.2102460845106,-656.5553034058692,3187.251405700409,4850.27764553746,1810.510239768096,-2808.957964702763,1530.611970981419,2371.5946918239765,-1124.4818570591149,-729.6874999329165,374.1023561279256,449.6521816467536,-2377.7937879600872,-966.2425306721035,180.5040978211835,-4803.431530418552,-1276.125944955789,1312.379311422848,1146.8860111046522,-830.414813034401,1432.6298824746998,-783.1612809395208,-935.2818171243905,690.3862402332071,1704.2332304639756,441.057920808352,2958.2305823275315
-3595.2968571205924,1658.5378836169732,1699.4108412866628,1987.2855610847555,3543.1412891880623,4282.117423567988,485.5980772717991,-1760.4675375215427,1591.9620979132412,-1020.2250486622331,-4301.77423525474,-1507.4907967221518,-1981.4485557854928,265.35986322850306,3150.6979804377643,1829.24859393798,1827.3460843700327,2628.2925500278598,190.93562607116945,6030.971710915865,3335.8794184530784,1413.626289135302,-3613.652567962556,-1923.337985699676,359.5922924038227,76.95323920881457,274.69279583740695,1289.6789661064663,-375.9857763956889,935.758818006446,-768.1196743968876,3727.141774502537,5672.84992672578,2117.58848962836,-3284.2897806738774,1789.5831995309068,2772.6287866124426,-1315.3986688721068,-853.8157310425373,437.1907604009344,525.5221086030848,-2781.6050973397655,-1129.749495737059,210.24938222797343,-5617.41797950444,-1492.5645574369823,1535.6083339739814,1342.3299804745109,-970.65663454154,1675.5881695068979,-915.6324036186843,-1093.8919204680647,806.8537531006293,1992.9844551319318,515.6464551058532,3458.9073574653753
-6410.071087826911,2957.083560484473,3029.932598780997,3543.1412891880623,6317.09809653527,7634.535841836345,865.8629940470956,-3138.642769380935,2838.2892762876413,-1819.0762301395823,-7669.666851489414,-2687.7602965193296,-3532.739404823143,473.0660422380617,5617.425960548908,3261.3566734005244,3258.0126318004964,4686.006955799118,340.47699428910124,10752.731275357239,5947.4092802296755,2520.445733111365,-6442.706777385473,-3429.139275412454,641.1049274297851,137.20762604799202,489.7840924713758,2299.2588315792996,-670.3342913593036,1668.372458843857,-1369.4387209203771,6645.141500340511,10114.015108043259,3775.407132781712,-5855.6481495904445,3190.6991539551077,4943.435661282637,-2345.16447967096,-1522.1991979984589,779.5140008299901,937.0022966481239,-4959.193069044257,-2014.2675473526815,374.9771154693184,-10015.277235574162,-2661.0664010544633,2737.718177166597,2393.082707290923,-1730.6513953301146,2987.3776583512235,-1632.5120614715954,-1950.2844350569983,1438.6106388263318,3553.2944377919234,919.3654481800495,6166.962359301277
-7747.046815552553,3573.114434659314,3661.387798454104,4282.117423567988,7634.535841836345,9227.613211112845,1045.4908995265002,-3794.3754269140736,3430.4772275112045,-2197.2520513435534,-9269.193244176871,-3247.816523641716,-4269.497030109767,572.2043570730965,6788.729244634476,3941.769771915967,3937.2318629107976,5663.238320449631,410.90752310371175,12994.509380139465,7189.383910157337,3045.1527816964986,-7787.421443618673,-4144.193208936159,775.0270351467433,165.76534384473243,591.5896240146843,2780.0793437841776,-810.2892241492586,2016.331135484947,-1655.5777194084733,8031.0543294970785,12224.910458582712,4563.4085641544,-7076.172209246045,3855.6901666840163,5973.374228822823,-2834.960383119621,-1840.4767712183552,941.6531643660979,1131.9634632845032,-5995.081866362825,-2434.098750978509,451.9060564421619,-12104.581803813,-3216.473828578235,3310.108587025709,2893.991929343018,-2090.946880187606,3610.8606256151083,-1972.6977601875478,-2357.3075557758593,1737.920116122495,4294.473426685726,1110.9240700141188,7452.509184560295
-878.448650035226,406.0489360121663,415.7876901094466,485.5980772717991,865.8629940470956,1045.4908995265002,119.71589601370529,-428.94003175436274,388.77277634630445,-250.63885019448458,-1051.2535821461076,-368.9294176566237,-484.2253122619871,64.32396905259358,770.2004621767392,446.7547964318795,446.8312990162506,642.3443767119379,47.289288752502294,1474.6350983367993,813.4291571401399,346.5005733063168,-881.9172174139492,-470.13815935419615,87.62620485399232,18.86428540173923,67.50099140155528,313.7300652001465,-91.71066870489435,228.6564661414732,-187.11268794299622,910.7739078333761,1384.5682939253031,516.7928310092678,-803.3590519269728,437.8177673311947,678.6955996186173,-320.6845484747923,-207.75054196052005,107.30626031248195,128.91798602377025,-677.9595599382181,-276.34799051051033,52.773814040010556,-1372.121269594748,-364.2645971445838,373.6848843013479,326.0235143146546,-237.90295022021846,408.96842974080164,-224.06853350486486,-267.000908212926,197.9669142202219,486.8955176458514,126.20888963028955,845.9311597464198
3185.037651008679,-1468.3305084133804,-1504.8173978990137,-1760.4675375215427,-3138.642769380935,-3794.3754269140736,-428.94003175436274,1561.0063404026378,-1410.5271138128214,902.2008709937168,3810.6593387182174,1334.7519568532693,1755.2283878547553,-235.67755874114894,-2790.719188414041,-1620.7233816398798,-1618.4175212427542,-2328.1873967272695,-168.39403562233636,-5341.500983672044,-2957.1364374688665,-1251.0170639807482,3202.486175369196,1703.6190129136164,-318.83162136768544,-68.11376691202832,-242.90009041466962,-1144.1361709956848,333.2545038785804,-828.94639068703475,681.1383129021282,-3301.707661604786,-5027.268585023283,-1876.6603376281562,2908.45246544349,-1584.7167662243148,-2454.774850015264,1166.1250995867872,757.4007444768441,-386.72974002090456,-464.94686811787335,2466.151863628612,1000.4661461683801,-184.601419173891,4976.872836527216,1322.7418617068847,-1362.160970944994,-1191.434223814525,859.0219002619855,-1484.8921634050234,810.7431271997638,969.3917086476838,-713.8072300525373,-1765.6353020185304,-456.54445883717466,-3063.257097130804
-2880.1060610332243,1328.4388478317242,1361.2396979178968,1591.9620979132412,2838.2892762876413,3430.4772275112045,388.77277634630445,-1410.5271138128214,1275.3403254284572,-816.9880098900544,-3446.0118824552537,-1207.4904537159885,-1587.2746866205478,212.68706720268085,2523.866733079622,1465.4137259753695,1463.76812400008,2105.4282029633964,152.81268291520024,4831.04614734425,2672.6562556301874,1132.1955334929705,-2895.0371386837987,-1540.7050964108175,288.103213743389,61.627442191164235,219.96562308337872,1033.4271760944787,-301.2267212779732,749.6077736919976,-615.4399751332072,2985.707934074761,4544.71901143645,1696.4793493762647,-2630.7770854448454,1433.4761466733348,2220.8198193575713,-1053.8963730808334,-684.1575029749831,350.11348760865786,420.8680975063137,-2228.642729799398,-904.9398732875335,168.11854775933784,-4500.078258283643,-1195.745238680664,1230.4612291299463,1075.7290035473184,-777.4095663700487,1342.3664008486412,-733.4189162044054,-876.3453983869389,646.1770304698931,1596.5461653520097,413.0270987854548,2770.6847356817348
1845.6469406725428,-852.4456244211788,-873.1182677981341,-1020.2250486622331,-1819.0762301395823,-2197.2520513435534,-250.63885019448458,902.2008709937168,-816.9880098900544,525.4725592970648,2208.566609633462,774.6419636270361,1017.2992062171221,-135.57198326957877,-1617.9002904196077,-938.8090956512044,-938.5147547719178,-1349.4447943324574,-98.83120380728525,-3097.3747388775396,-1710.395193010627,-727.0945470044678,1853.7783508785674,987.6093789700305,-184.29991059034808,-39.576248266242324,-141.5015013532388,-660.2982419931011,192.81954937144127,-480.40199082706033,393.5931399077716,-1913.4710610315346,-2910.2598030392287,-1086.2958370892795,1687.1420749050192,-919.3991604033998,-1424.9239154479972,674.3592965297146,437.2061638464739,-225.052306845552,-270.4348134393472,1425.8081681058695,580.3561221385668,-109.72252277493095,2883.2012161669527,765.6749900598915,-786.3751165382562,-686.6067123052065,499.2311576120815,-859.6141451149767,470.48361505968404,561.2008516133932,-415.25376891766336,-1023.0260451388882,-264.98873749994266,-1776.6622966642974
7782.545971627896,-3590.2298231443833,-3678.6837257191028,-4301.77423525474,-7669.666851489414,-9269.193244176871,-1051.2535821461076,3810.6593387182174,-3446.0118824552537,2208.566609633462,9311.844809669885,3263.250329909769,4289.147041012656,-574.3579856996832,-6820.1875186760435,-3959.660362406806,-3955.592887174832,-5689.338082158787,-413.3771301477193,-13055.034820911664,-7220.830090342706,-3060.1113484859256,7822.175155517342,4163.367445779819,-778.3698291077089,-166.57835034673482,-594.6509313872577,-2791.557068165169,813.8644013995979,-2025.5935416749007,1662.6481401930687,-8067.952073319342,-12279.558900537291,-4583.767589968189,7109.420732797413,-3873.868459797497,-6001.88788058641,2847.30012229462,1848.1209655956889,-946.4158329004326,-1137.624636096688,6021.023589917879,2445.542868660047,-455.2649499181216,12159.681157347646,3230.830901655543,-3323.8937030837237,-2905.475306109668,2101.2063709453637,-3627.012644102196,1982.05347319917,2367.8609143005297,-1746.6390450400977,-4314.097914783284,-1116.2155582768255,-7487.392935149057
2727.2344981107067,-1258.5339337917678,-1289.4115082868366,-1507.4907967221518,-2687.7602965193296,-3247.816523641716,-368.9294176566237,1334.7519568532693,-1207.4904537159885,774.6419636270361,3263.250329909769,1143.8510715891541,1503.0953172178943,-201.01418460697892,-2390.191306317478,-1387.4921879169574,-1386.334197213831,-1993.7952896014701,-145.18469844995514,-4575.424067344098,-2529.56730008777,-1072.9175364388338,2740.6098853396647,1459.0754177460317,-272.64474984040453,-58.398513969087894,-208.57647429273783,-977.5429287811903,285.1276836731648,-709.8418209121158,582.3515258780502,-2827.306864198836,-4302.368011120032,-1605.981143397956,2491.8134533261214,-1357.8031647959835,-2103.8747472387554,997.4225766589755,647.1981432361752,-331.89901087079284,-398.91933778296436,2109.1004147005556,857.1481899187062,-160.2532410912355,4260.916537325944,1131.9649972101668,-1164.0204251479677,-1017.180304237644,736.7020992181906,-1270.7942252822722,694.7464623504212,829.6279903559678,-612.4965901152286,-1511.7576416420818,-391.268454029767,-2624.2184201364116
3584.7322899302007,-1653.7060782078372,-1694.4485228281726,-1981.4485557854928,-3532.739404823143,-4269.497030109767,-484.2253122619871,1755.2283878547553,-1587.2746866205478,1017.2992062171221,4289.147041012656,1503.0953172178943,1975.6326431485957,-264.55393193232055,-3141.4606764530213,-1823.8660561471722,-1821.994469821221,-2620.5771326367512,-190.40913261446295,-6013.309590934914,-3325.992577931416,-1409.5303567825383,3602.9819023588852,1917.6983094412676,-358.5241467524522,-76.72753165850474,-273.90494070824263,-1285.8169500568968,374.8748610558511,-933.01219283929,765.8319249098154,-3716.195271999244,-5656.103604267704,-2111.3342699060145,3274.6881639207504,-1784.3528930030118,-2764.5468859231682,1311.4976050755827,851.2619337448663,-435.93213340403696,-524.0054155009879,2773.346593209235,1126.4464094196526,-209.7069129439225,5600.8921231069635,1488.1563067523716,-1531.0164204427404,-1338.2864932115344,967.8440511066925,-1670.6425378700299,912.9592674462533,1090.662707552292,-804.5272082344121,-1987.12422373212,-514.1434717732798,-3448.7868312948635
-480.1088647888731,221.0796504923644,226.65963579793507,265.35986322850306,473.0660422380617,572.2043570730965,64.32396905259358,-235.67755874114894,212.68706720268085,-135.57198326957877,-574.3579856996832,-201.01418460697892,-264.55393193232055,35.686950926320584,420.55099623592713,244.36818134104115,243.84876829771557,350.8963318975899,25.183834626830745,804.8414278763256,446.2696387193141,188.23487678277928,-483.0591683667313,-256.74104391712336,48.1314668212395,10.245414361443471,36.49362226308359,172.89662051712523,-50.283700627431855,124.948563411123,-102.84858583623532,497.6629227496836,758.2756653281002,283.0739315697036,-438.13810281897014,238.70316055162607,369.6396862333052,-176.00536348126366,-114.43987395552215,58.14221573008488,69.92361487201734,-372.2713296106749,-150.70912564468952,27.38784621646224,-750.3367641097316,-199.51811260112603,205.80233530090482,180.20640179040478,-129.25706608792348,223.96619318615012,-122.10172129912975,-146.20877238841663,107.34203567939021,266.1673700333002,68.75136451546753,461.5033072954556
-5700.065085688623,2629.7303098684456,2694.4550642575086,3150.6979804377643,5617.425960548908,6788.729244634476,770.2004621767392,-2790.719188414041,2523.866733079622,-1617.9002904196077,-6820.1875186760435,-2390.191306317478,-3141.4606764530213,420.55099623592713,4995.304060774887,2900.073231389903,2897.2218227327903,4167.003611133967,302.90948766620966,9561.961399106078,5288.278230924468,2241.525254770913,-5728.855317819675,-3049.3619753514945,570.0388092136178,122.02281382037556,435.62102209507105,2044.2678483050845,-596.0503433816582,1483.581211641685,-1217.624318896685,5909.124897460776,8993.406093486507,3357.0895887899233,-5207.259058458481,2837.4136879998196,4396.166691477581,-2085.2439389774686,-1353.396715867842,693.2821434239854,833.3332131369245,-4409.510427695769,-1791.2291662255723,333.7630336744994,-8905.855524104796,-2366.219726643986,2434.130460754274,2127.569806916683,-1539.126296151109,2656.384655779047,-1451.7685148703629,-1734.1997778267844,1279.4537056259505,3159.7042634555933,817.5834661415062,5484.070480130064
-3309.396881821802,1526.4764472440006,1564.1561820018533,1829.24859393798,3261.3566734005244,3941.769771915967,446.7547964318795,-1620.7233816398798,1465.4137259753695,-938.8090956512044,-3959.660362406806,-1387.4921879169574,-1823.8660561471722,244.36818134104115,2900.073231389903,1683.8307366312379,1681.959783622546,2419.2529258685354,175.61838440204593,5551.165604556613,3070.958016572267,1300.9822606827254,-3326.5109386240815,-1770.3534696785075,331.0464000882193,70.8158537695019,252.7662957203713,1187.4147945278867,-346.1228131327724,861.3450445926686,-707.1554030162612,3430.7348724865074,5222.06223793656,1949.3240331001714,-3022.9346660879414,1647.1544410361278,2551.8831935968337,-1210.9513384387474,-786.1032571269168,402.32214477109204,483.6232088439434,-2560.770213716624,-1039.843752805094,193.23512228180263,-5170.806541753772,-1373.9621522383322,1413.8151943846856,1236.004483516543,-893.3140727755051,1542.4368251820445,-842.7461032143755,-1006.9611599606314,742.5197778261867,1834.5119634366517,474.596938002501,3183.685874430446
-3305.9232466278345,1525.289869341218,1562.7975415535798,1827.3460843700327,3258.0126318004964,3937.2318629107976,446.8312990162506,-1618.4175212427542,1463.76812400008,-938.5147547719178,-3955.592887174832,-1386.334197213831,-1821.994469821221,243.84876829771557,2897.2218227327903,1681.959783622546,1680.373227647613,2416.799181235219,175.75795223709557,5545.873604744332,3066.8965402134763,1300.1737228570469,-3322.497370526304,-1768.5928103752733,330.58217582898607,70.77981537138476,252.69847972260183,1185.4669981750023,-345.6773350130398,860.4485796391439,-706.1298679598347,3427.1875267357154,5215.813252777205,1946.9715374530715,-3020.2136455073864,1645.7120727964923,2549.8402276499028,-1209.3128926028132,-784.8379382706398,402.14825323726546,483.37867325221384,-2557.222620120831,-1038.9146567565297,193.74475840189172,-5165.168521176274,-1372.309562360687,1411.5633610359027,1233.7095531615096,-892.751470423404,1540.5969635830222,-842.0394905436754,-1005.7682659182589,742.1570094200339,1832.55885063202,474.20823646284407,3180.748093619637
-4754.969556957748,2193.591562024598,2247.6175046033172,2628.2925500278598,4686.006955799118,5663.238320449631,642.3443767119379,-2328.1873967272695,2105.4282029633964,-1349.4447943324574,-5689.338082158787,-1993.7952896014701,-2620.5771326367512,350.8963318975899,4167.003611133967,2419.2529258685354,2416.799181235219,3476.0738880564213,252.58980139289136,7976.385223907403,4411.698368119659,1869.7099345190188,-4779.134616168165,-2543.7337346904787,475.5559490980569,101.78587088126504,363.3379216543831,1705.5219111815352,-497.2421100705008,1237.5905205395586,-1015.8210569138275,4929.351673438163,7502.479227174285,2800.5584554625257,-4343.738360072734,2366.8782469995376,3667.0803837011795,-1739.6046359782715,-1129.1239240993978,578.2600528982359,695.085871468109,-3678.6363188436626,-1494.1882757592439,278.21410990610195,-7429.283874199828,-1973.9521150303387,2030.763184228904,1775.0908054414474,-1283.8223796736597,2216.006981829427,-1211.0096469561342,-1446.7023875915058,1067.1922059610429,2635.821750508595,681.9915460813494,4574.669171522918
-345.38941535621,159.81956062696014,163.59960094144836,190.93562607116945,340.47699428910124,410.90752310371175,47.289288752502294,-168.39403562233636,152.81268291520024,-98.83120380728525,-413.3771301477193,-145.18469844995514,-190.40913261446295,25.183834626830745,302.90948766620966,175.61838440204593,175.75795223709557,252.58980139289136,18.73017322333206,580.0250553546291,319.48091151293585,136.46422303897975,-346.53974016020976,-184.89093067124327,34.408452515981466,7.426562450486005,26.61950256276156,123.06439945034036,-36.030087698176956,89.91198985938414,-73.4505965458662,358.11863519746663,544.0710556611721,203.0666299472467,-316.05533360222023,172.2551591238582,267.1102839779257,-125.9376601188773,-81.50352184126176,42.29530239667596,50.798428294023424,-266.21399336112535,-108.72364353065524,21.048271076466094,-539.4063772353644,-143.13452179849259,146.61026800441616,127.78387664683632,-93.69552414669214,160.70945126919239,-88.16970667421558,-104.9231145890533,78.0101365665625,191.42375107639975,49.6692096693721,332.77057148751305
-10910.864301929045,5033.999077279218,5157.821327673788,6030.971710915865,10752.731275357239,12994.509380139465,1474.6350983367993,-5341.500983672044,4831.04614734425,-3097.3747388775396,-13055.034820911664,-4575.424067344098,-6013.309590934914,804.8414278763256,9561.961399106078,5551.165604556613,5545.873604744332,7976.385223907403,580.0250553546291,18303.532345703454,10122.115840139075,4291.015930881686,-10965.651535733074,-5837.056720629004,1091.0681332537938,233.58296073354293,833.9726101573839,3912.616746940603,-1140.8924814290856,2839.828172806824,-2330.545670653096,11311.080428470112,17214.38896733214,6425.826773636728,-9967.851827811302,5431.462013420619,8415.395641124365,-3991.2793907423275,-2590.344614827927,1327.211783005066,1595.3026836032122,-8439.994516501394,-3428.8043304723856,639.3328707588536,-17047.15943258076,-4529.196252383846,4658.832101843567,4071.8924593188503,-2946.382709352882,5084.618894274423,-2779.0380878285587,-3319.451796254214,2449.3582936302782,6048.17620656492,1565.063943590749,10497.686668003058
-6035.217746937718,2782.7822554653135,2851.789441270962,3335.8794184530784,5947.4092802296755,7189.383910157337,813.4291571401399,-2957.1364374688665,2672.6562556301874,-1710.395193010627,-7220.830090342706,-2529.56730008777,-3325.992577931416,446.2696387193141,5288.278230924468,3070.958016572267,3066.8965402134763,4411.698368119659,319.48091151293585,10122.115840139075,5602.386587067618,2371.197589971075,-6067.669380317208,-3228.2699746964754,603.9982083785982,129.08113687050295,460.4925570298074,2167.134071776286,-631.3910033898333,1570.7667375030253,-1290.307844493276,6256.363814142532,9525.098060947472,3555.64646362111,-5511.69665987059,3003.1670515770716,4652.237672387378,-2209.2299963756736,-1434.6435300401959,733.0998289805357,881.3294691341022,-4672.018667068455,-1895.9364059214524,350.6662521025952,-9430.28047574476,-2506.155317757567,2580.176006004151,2256.4296975843054,-1628.1910370155672,2813.4088941201685,-1536.4598003237015,-1836.6920931483692,1353.0871353243583,3345.601475299423,865.231870239053,5804.971463390463
-2557.383758219283,1180.56872667257,1209.3962243247927,1413.626289135302,2520.445733111365,3045.1527816964986,346.5005733063168,-1251.0170639807482,1132.1955334929705,-727.0945470044678,-3060.1113484859256,-1072.9175364388338,-1409.5303567825383,188.23487678277928,2241.525254770913,1300.9822606827254,1300.1737228570469,1869.7099345190188,136.46422303897975,4291.015930881686,2371.197589971075,1006.6659583367539,-2569.410519724181,-1368.3116986189175,255.54046855870274,54.79446818604464,195.78284708901205,915.9577589887323,-267.2886903722962,665.6399739755309,-545.7949980924799,2651.2847797824297,4033.6617206877804,1505.6542253659672,-2337.0832566981508,1273.531728912344,1973.4864527436775,-934.94422783752,-606.4497794958849,311.4733299560678,374.33512818506875,-1976.8899523728933,-803.9210095279167,150.98319445656054,-3995.3511414475456,-1061.253358099355,1090.7521581928359,952.8322148210547,-691.1962931129142,1191.4284215217162,-651.6589148755276,-777.8190023754295,574.7722491114994,1417.5800616973597,367.0127239781509,2461.1988870332934
6537.711248019015,-3015.0590041539353,-3089.6350889239593,-3613.652567962556,-6442.706777385473,-7787.421443618673,-881.9172174139492,3202.486175369196,-2895.0371386837987,1853.7783508785674,7822.175155517342,2740.6098853396647,3602.9819023588852,-483.0591683667313,-5728.855317819675,-3326.5109386240815,-3322.497370526304,-4779.134616168165,-346.53974016020976,-10965.651535733074,-6067.669380317208,-2569.410519724181,6572.135847042498,3497.200081683284,-654.1236185997544,-139.87166068253558,-499.10806316119925,-2346.5826120023303,683.8517967436351,-1701.5662027438798,1397.3358226225,-6777.346119369171,-10317.086819089573,-3851.258426577495,5971.24541130146,-3253.6115062752215,-5040.477985364715,2392.66066239722,1553.4740442722223,-794.4881594968414,-955.0802484418175,5059.813128247879,2054.0197273727563,-380.87039356854234,10215.159273032272,2714.5198006194146,-2793.919776456803,-2442.907295072097,1764.2850423247132,-3047.345082953652,1664.6337037397136,1989.4212652466272,-1466.3362661797498,-3624.115193446169,-937.4281128061567,-6288.868867689679
3479.5913136708627,-1605.2893839694925,-1644.812329934933,-1923.337985699676,-3429.139275412454,-4144.193208936159,-470.13815935419615,1703.6190129136164,-1540.7050964108175,987.6093789700305,4163.367445779819,1459.0754177460317,1917.6983094412676,-256.74104391712336,-3049.3619753514945,-1770.3534696785075,-1768.5928103752733,-2543.7337346904787,-184.89093067124327,-5837.056720629004,-3228.2699746964754,-1368.3116986189175,3497.200081683284,1861.4773535990437,-347.9801526823253,-74.48196078878041,-265.9118927559305,-1247.9553776622804,363.86308108571103,-905.6480089550538,743.3079925078223,-3607.2137433590447,-5490.054270753349,-2049.343817691741,3178.739210354415,-1732.0801724094692,-2683.5974103042963,1272.9587589160915,826.2016444401341,-423.196174147684,-508.6897586361241,2691.825780847579,1093.437721589569,-203.70420392454213,5436.579870604828,1444.462653934171,-1485.9475827069955,-1298.8252890628485,939.5357904727587,-1621.595776076155,886.220723954988,1058.6425332422866,-781.0202392851952,-1928.8363990493165,-499.0880081493789,-3347.7240482061698
-650.5766535411415,299.9318135905718,307.3810798431621,359.5922924038227,641.1049274297851,775.0270351467433,87.62620485399232,-318.83162136768544,288.103213743389,-184.29991059034808,-778.3698291077089,-272.64474984040453,-358.5241467524522,48.1314668212395,570.0388092136178,331.0464000882193,330.58217582898607,475.5559490980569,34.408452515981466,1091.0681332537938,603.9982083785982,255.54046855870274,-654.1236185997544,-347.9801526823253,65.12737992550947,13.913340949024708,49.619819146489284,233.68393900635522,-68.0707491970418,169.32457443334116,-139.12310000546128,674.4037049280046,1026.844774560386,383.31888613739966,-594.0922270438926,323.6972120934641,501.4272549140305,-238.17953175619877,-154.69588199670667,79.00359468647366,94.98011623449183,-503.71541101914727,-204.36477049210018,37.730520772132735,-1016.5651067100996,-270.1789697005992,278.21760165738186,243.340282095434,-175.4753324749193,303.29959529377305,-165.60420571992935,-198.00639440217142,145.8122756302345,360.64590239866214,93.25605660585383,625.7067429745401
-139.2206480875582,64.26935540946188,65.83111105045964,76.95323920881457,137.20762604799202,165.76534384473243,18.86428540173923,-68.11376691202832,61.627442191164235,-39.576248266242324,-166.57835034673482,-58.398513969087894,-76.72753165850474,10.245414361443471,122.02281382037556,70.8158537695019,70.77981537138476,101.78587088126504,7.426562450486005,233.58296073354293,129.08113687050295,54.79446818604464,-139.87166068253558,-74.48196078878041,13.913340949024708,2.991337494726826,10.659860798087795,49.86698218740808,-14.54649094831984,36.23263591228769,-29.717735006096795,144.32975132871007,219.58189496421082,81.96757624507974,-127.21924879809072,69.32894290261807,107.43086536787196,-50.89167576766308,-33.01527341607151,16.955908543604437,20.377676445920507,-107.61411932769334,-43.76659945018189,8.214228254664551,-217.49348308424234,-57.776399183456505,59.38450662082497,51.867638026885935,-37.62462119494222,64.85938116124582,-35.475644253857936,-42.34701255168044,31.284033347974802,77.17285618726608,19.97664613054826,133.97595834055218
-496.9363128405357,229.53212218730414,235.09146828775437,274.69279583740695,489.7840924713758,591.5896240146843,67.50099140155528,-242.90009041466962,219.96562308337872,-141.5015013532388,-594.6509313872577,-208.57647429273783,-273.90494070824263,36.49362226308359,435.62102209507105,252.7662957203713,252.69847972260183,363.3379216543831,26.61950256276156,833.9726101573839,460.4925570298074,195.78284708901205,-499.10806316119925,-265.9118927559305,49.619819146489284,10.659860798087795,38.105634266008984,177.76340538164314,-51.91232973534497,129.34626831844668,-105.96724762449479,515.1981591835482,783.5549642295367,292.4738434883171,-454.2701777814658,247.55452660344426,383.6759430469502,-181.5562473837214,-117.70354935498298,60.602626681903615,72.82207027791955,-383.8673951206499,-156.26567911916032,29.563106659458597,-776.28569161972,-206.15092698857637,211.70805439190326,184.8356258040837,-134.42743460293232,231.44227220533014,-126.6820148997697,-151.0992205745836,111.81692948277555,275.4470295202723,71.34990045932966,478.37151713170226
-2333.319912376412,1075.2962748166492,1102.1456648634867,1289.6789661064663,2299.2588315792996,2780.0793437841776,313.7300652001465,-1144.1361709956848,1033.4271760944787,-660.2982419931011,-2791.557068165169,-977.5429287811903,-1285.8169500568968,172.89662051712523,2044.2678483050845,1187.4147945278867,1185.4669981750023,1705.5219111815352,123.06439945034036,3912.616746940603,2167.134071776286,915.9577589887323,-2346.5826120023303,-1247.9553776622804,233.68393900635522,49.86698218740808,177.76340538164314,838.8314722987193,-244.2135577658337,607.2691508997253,-499.2586237105543,2418.7374887998817,3683.621465261528,1375.1028670847925,-2130.2746188109263,1160.6763323027344,1797.74730654121,-854.6251156823464,-555.2707836963546,283.08514462518417,340.3721141677307,-1807.467333772592,-732.7823610560555,134.57753719671285,-3646.1849181336465,-969.2211826899219,998.6169133810723,873.7543596354548,-628.961161054762,1088.0186906135568,-593.7743466745345,-710.292788194702,522.5379160530094,1293.5079492105044,334.35596535212443,2243.7248076959577
680.2243049482436,-313.6685989703918,-321.44234346478873,-375.9857763956889,-670.3342913593036,-810.2892241492586,-91.71066870489435,333.2545038785804,-301.2267212779732,192.81954937144127,813.8644013995979,285.1276836731648,374.8748610558511,-50.283700627431855,-596.0503433816582,-346.1228131327724,-345.6773350130398,-497.2421100705008,-36.030087698176956,-1140.8924814290856,-631.3910033898333,-267.2886903722962,683.8517967436351,363.86308108571103,-68.0707491970418,-14.54649094831984,-51.91232973534497,-244.2135577658337,71.16193312475552,-177.04365254761743,145.41077079553804,-705.1517462660253,-1073.5209517083517,-400.7351013633235,621.2488818054115,-338.49932409934553,-524.3875260388857,248.98009607222903,161.67156047852114,-82.64321940835434,-99.35079177170792,526.5321145926757,213.69994692886758,-39.56955168889939,1062.8679089948741,282.45317547746004,-290.7628907904264,-254.26526257540849,183.53615588947204,-317.0847277613894,173.18215378985042,207.0030446184904,-152.53198302671245,-377.0764233956803,-97.52721521332441,-654.2988708789874
-1692.9280388968734,780.9631043411895,800.2102460845106,935.758818006446,1668.372458843857,2016.331135484947,228.6564661414732,-828.94639068703475,749.6077736919976,-480.40199082706033,-2025.5935416749007,-709.8418209121158,-933.01219283929,124.948563411123,1483.581211641685,861.3450445926686,860.4485796391439,1237.5905205395586,89.91198985938414,2839.828172806824,1570.7667375030253,665.6399739755309,-1701.5662027438798,-905.6480089550538,169.32457443334116,36.23263591228769,129.34626831844668,607.2691508997253,-177.04365254761743,440.6270389142085,-361.6837412685511,1755.007945292216,2671.1832720796924,997.1121816651564,-1546.4885294005662,842.6653846614616,1305.5600643706707,-619.3819822685739,-402.0354969443735,205.86557137382422,247.45829017392813,-1309.7783686853027,-531.9723251218218,99.01092050518595,-2645.0866156485486,-702.8063388110783,723.0706038106952,632.0627804772213,-457.0606605030269,788.9882022687857,-431.14582537067724,-515.0831827614493,379.92973131946826,938.440145407009,242.80522758757354,1628.707830327351
1389.6865993350252,-640.627223177527,-656.5553034058692,-768.1196743968876,-1369.4387209203771,-1655.5777194084733,-187.11268794299622,681.1383129021282,-615.4399751332072,393.5931399077716,1662.6481401930687,582.3515258780502,765.8319249098154,-102.84858583623532,-1217.624318896685,-707.1554030162612,-706.1298679598347,-1015.8210569138275,-73.4505965458662,-2330.545670653096,-1290.307844493276,-545.7949980924799,1397.3358226225,743.3079925078223,-139.12310000546128,-29.717735006096795,-105.96724762449479,-499.2586237105543,145.41077079553804,-361.6837412685511,297.214548825106,-1440.5849837499768,-2193.536146646104,-818.8417994550814,1268.972613728076,-691.4159325136688,-1071.0121931469864,508.8246477091487,330.4996021917738,-168.7200600300909,-202.84620314369843,1076.0868770088584,436.511174778689,-80.49373638507575,2171.5060582819524,577.1513724445724,-594.3925355690666,-519.9172673914053,374.77850783108573,-647.9003995502849,353.7268221606688,422.97362374891253,-311.41426354346294,-770.37826719016,-199.18926228276834,-1336.5180897848506
-6742.95494408935,3110.604842573634,3187.251405700409,3727.141774502537,6645.141500340511,8031.0543294970785,910.7739078333761,-3301.707661604786,2985.707934074761,-1913.4710610315346,-8067.952073319342,-2827.306864198836,-3716.195271999244,497.6629227496836,5909.124897460776,3430.7348724865074,3427.1875267357154,4929.351673438163,358.11863519746663,11311.080428470112,6256.363814142532,2651.2847797824297,-6777.346119369171,-3607.2137433590447,674.4037049280046,144.32975132871007,515.1981591835482,2418.7374887998817,-705.1517462660253,1755.007945292216,-1440.5849837499768,6990.233925992992,10639.340895103453,3971.5027170202047,-6159.692213359156,3356.3719036702846,5200.089414981741,-2466.996691939952,-1601.2960730576126,819.9638777157887,985.6297471032457,-5216.822344552388,-2118.8473872482955,394.36660971956525,-10535.415690668791,-2799.2809459359864,2879.971719194262,2517.4619018679214,-1820.484100567926,3142.539117436684,-1717.275360466514,-2051.577932524258,1513.275895704436,3737.828103480323,967.0984426657305,6487.184499370839
-10263.142071568112,4733.22902114078,4850.27764553746,5672.84992672578,10114.015108043259,12224.910458582712,1384.5682939253031,-5027.268585023283,4544.71901143645,-2910.2598030392287,-12279.558900537291,-4302.368011120032,-5656.103604267704,758.2756653281002,8993.406093486507,5222.06223793656,5215.813252777205,7502.479227174285,544.0710556611721,17214.38896733214,9525.098060947472,4033.6617206877804,-10317.086819089573,-5490.054270753349,1026.844774560386,219.58189496421082,783.5549642295367,3683.621465261528,-1073.5209517083517,2671.1832720796924,-2193.536146646104,10639.340895103453,16196.004900285563,6045.791371121649,-9373.968287729202,5107.694357557515,7912.848751419913,-3756.0204524578444,-2438.6191505273587,1247.2628384442107,1499.3690765238969,-7942.923113376046,-3224.505780658241,598.0370869369091,-16036.099411798412,-4261.314356781039,4385.855082328776,3834.78082384859,-2769.71026970807,4783.794405703512,-2613.2374100226903,-3123.0414222101354,2301.9875830950714,5689.265706725537,1471.6303823446865,9872.577090335775
-3831.080867419761,1766.810460828038,1810.510239768096,2117.58848962836,3775.407132781712,4563.4085641544,516.7928310092678,-1876.6603376281562,1696.4793493762647,-1086.2958370892795,-4583.767589968189,-1605.981143397956,-2111.3342699060145,283.0739315697036,3357.0895887899233,1949.3240331001714,1946.9715374530715,2800.5584554625257,203.0666299472467,6425.826773636728,3555.64646362111,1505.6542253659672,-3851.258426577495,-2049.343817691741,383.31888613739966,81.96757624507974,292.4738434883171,1375.1028670847925,-400.7351013633235,997.1121816651564,-818.8417994550814,3971.5027170202047,6045.791371121649,2256.832019899293,-3499.1227503830614,1906.601712496723,2953.6950389723893,-1402.0942768677849,-910.3384519640509,465.56516827112773,559.6711525911038,-2965.0468845617575,-1203.650011911667,223.17782689500538,-5986.052678085229,-1590.7058778527794,1637.2434780961155,1431.5508366278982,-1033.8597375479126,1785.7391184080955,-975.46747605428925,-1165.7994826735312,859.2600303950296,2123.7220131642234,549.3271479768792,3685.248628902497
5941.714393999192,-2741.601410847205,-2808.957964702763,-3284.2897806738774,-5855.6481495904445,-7076.172209246045,-803.3590519269728,2908.45246544349,-2630.7770854448454,1687.1420749050192,7109.420732797413,2491.8134533261214,3274.6881639207504,-438.13810281897014,-5207.259058458481,-3022.9346660879414,-3020.2136455073864,-4343.738360072734,-316.05533360222023,-9967.851827811302,-5511.69665987059,-2337.0832566981508,5971.24541130146,3178.739210354415,-594.0922270438926,-127.21924879809072,-454.2701777814658,-2130.2746188109263,621.2488818054115,-1546.4885294005662,1268.972613728076,-6159.692213359156,-9373.968287729202,-3499.1227503830614,5428.4497470815795,-2957.97181359678,-4583.135183644395,2173.3128995526677,1410.3615308057704,-722.9041839952287,-868.9068664796205,4595.654912730432,1867.3136731502188,-348.58234364364915,9283.229021869007,2466.332835017383,-2536.6000771633094,-2216.8417554994116,1604.7297881582112,-2768.794642231502,1513.481012958944,1807.5874984351158,-1334.0916401478455,-3293.6296117049587,-852.3507560977929,-5716.952557240266
-3237.588062354442,1493.9299325455586,1530.611970981419,1789.5831995309068,3190.6991539551077,3855.6901666840163,437.8177673311947,-1584.7167662243148,1433.4761466733348,-919.3991604033998,-3873.868459797497,-1357.8031647959835,-1784.3528930030118,238.70316055162607,2837.4136879998196,1647.1544410361278,1645.7120727964923,2366.8782469995376,172.2551591238582,5431.462013420619,3003.1670515770716,1273.531728912344,-3253.6115062752215,-1732.0801724094692,323.6972120934641,69.32894290261807,247.55452660344426,1160.6763323027344,-338.49932409934553,842.6653846614616,-691.4159325136688,3356.3719036702846,5107.694357557515,1906.601712496723,-2957.97181359678,1611.813678611026,2497.3942757022173,-1184.171444016585,-768.4356766377667,393.93442595895226,473.4921450779753,-2504.016442255322,-1017.5016924794302,190.02815899381247,-5058.323957651058,-1343.8559429864608,1382.0703823830188,1207.8027975354105,-874.4505084458461,1508.662127338557,-824.7080092731647,-984.92076148264,726.9883802010544,1794.668454451421,464.4522829568652,3115.1711772279627
-5016.020834641653,2314.849710590346,2371.5946918239765,2772.6287866124426,4943.435661282637,5973.374228822823,678.6955996186173,-2454.774850015264,2220.8198193575713,-1424.9239154479972,-6001.88788058641,-2103.8747472387554,-2764.5468859231682,369.6396862333052,4396.166691477581,2551.8831935968337,2549.8402276499028,3667.0803837011795,267.1102839779257,8415.395641124365,4652.237672387378,1973.4864527436775,-5040.477985364715,-2683.5974103042963,501.4272549140305,107.43086536787196,383.6759430469502,1797.74730654121,-524.3875260388857,1305.5600643706707,-1071.0121931469864,5200.089414981741,7912.848751419913,2953.6950389723893,-4583.135183644395,2497.3942757022173,3869.682402228775,-1834.388469907096,-1190.2322839970805,610.5043842674721,733.7739957282897,-3878.891052431605,-1576.540352400162,294.92408793238286,-7836.75442015298,-2081.8959611379532,2140.707499556442,1870.5601849601244,-1355.0620440742978,2337.2274279903536,-1277.849598441743,-1525.84778925136,1126.6272995521376,2780.470986631593,719.6590759650824,4826.6475562653495
