V1,V2,V3,V4,V5,V6,V7,V8,V9,V10,V11,V12,V13,V14,V15,V16,V17,V18,V19,V20,V21,V22,V23,V24,V25,V26,V27,V28,V29,V30,V31,V32,V33,V34,V35,V36,V37,V38,V39,V40,V41,V42,V43,V44,V45,V46,V47,V48,V49,V50,V51,V52,V53,V54,V55,V56
1.6227950319735556,-0.9021632905745472,-0.8745019451486347,-0.9044909337802987,-1.629476095607117,-1.7878889943967151,-0.4205002740193657,0.5667695704374411,-0.6815607486901608,0.7185106013483821,1.9784796321578209,0.7946541621715206,0.9123129501977485,-0.02313158848542687,-1.4945566330738185,-0.7903968860216075,-0.8909697150782544,-1.217424159243959,-0.207109620137586,-2.925604088248636,-1.1967765969463229,-0.8468097110619253,1.439203519398408,0.9068992098149286,-0.11846080240401748,-0.045631619177201134,-0.19642844668601306,-0.32115142866637336,0.14104994460375558,-0.42682258013269064,0.23978606348428647,-1.7030788617392651,-2.278247514600413,-0.84170410973007,1.6529940623112491,-0.9138635001761891,-1.4879043542125454,0.45974290149543534,0.22208777779418223,-0.2894987516758539,-0.33492183393190283,0.9393235393680205,0.5693265235481347,-0.36075767810624204,2.460562380693605,0.5945965113209586,-0.4068587545522635,-0.23799889364480864,0.578239910970873,-0.674741351454575,0.479005764869417,0.44208466236049365,-0.5206246291733525,-0.8886539205080825,-0.27442860385350687,-1.71389130989971
-0.9021632905745472,2.058973682630608,1.575990115901046,0.5790446555081993,1.2121623816213714,-0.47550589989164666,2.2758542532004586,1.995448392243121,0.004470150688047131,-3.0164700496824586,-1.4731256873584697,-1.600284766941571,-0.6893426470998752,-0.9671865123403786,1.5655040258538895,0.08182572205864604,1.166477390700053,0.9924549093289461,1.3412856258801806,3.6899039105794444,-2.4673518169284345,2.5885667780640897,1.1456170697395556,-0.8977755282780671,-0.37936186347192474,0.13589843115682804,0.8439174161531853,-2.4682894523838126,0.21240526767716714,0.28215594189029,0.9511781083168745,1.1579674436323835,-1.5958257278244787,-0.6893084795846481,-2.6490874517452725,1.5846229301650228,3.2253315754040623,1.1029212964813697,1.532748059767849,1.095386070789269,1.1770093183866601,2.68478609751097,-0.9184547228372564,2.896499917152288,-0.6083937503278212,0.4717426509265696,-2.6773524269749966,-3.5991075356407713,-1.7424470260180542,-0.4521814049202132,-0.9331022170866059,0.27835404425705595,1.8761729917190202,0.3835758626483071,0.5753960325185437,2.5016094053869735
-0.8745019451486347,1.575990115901046,1.2338772239998488,0.5407570676266711,1.0924111202864577,-0.06476943095972099,1.6555831868537938,1.31136561365018,0.10532715884022033,-2.2184905329170945,-1.327339430464544,-1.2389065973939668,-0.6191039850539313,-0.6733201415761589,1.3194567805129434,0.17571891515237734,0.9497846116050135,0.8769454692321138,0.9695911912336935,3.0205112618881014,-1.547151642476408,1.9383219036816066,0.5859382543261825,-0.7641673872136265,-0.24774217674489526,0.10193488625794897,0.6199755943374055,-1.679076036951958,0.12750468052648434,0.26138874431968795,0.6296643452744046,1.0655675733872616,-0.7752093716960655,-0.35620148250968736,-2.101457441428305,1.2458395475048092,2.479952554487438,0.7028497946375692,1.0392695078225729,0.8098692435492746,0.8737963831155668,1.7379243480447724,-0.7279886215131549,2.0808821263511104,-0.7945335823123739,0.24099923796922115,-1.8125342042234496,-2.4828502427349814,-1.3059412723897863,-0.21529906183451875,-0.7247505150157036,0.1285363903130298,1.3908982641306502,0.4016058916604451,0.4437707277580614,2.007413166615996
-0.9044909337802987,0.5790446555081993,0.5407570676266711,0.5078900829652133,0.9231601704526778,0.9246614813704709,0.3343360896949093,-0.20290328401742477,0.3616961392325266,-0.528551136882082,-1.1209896439216365,-0.4996023966511415,-0.5174159131864505,-0.035037589345233384,0.8689504744478284,0.4230571663024894,0.5294475197586244,0.6940306496529715,0.17537296951667009,1.7316392492986172,0.5138547261662954,0.5757144354017298,-0.7070206189981656,-0.5248005222698244,0.04415405448931628,0.030842297411178787,0.14543105425488714,0.04948408662697541,-0.06435778661945617,0.2400423091705713,-0.08056809592648595,0.9596537351270844,1.129871998308366,0.41251944584039457,-1.0059941492863635,0.5621046248386276,0.9466794096069593,-0.18984118133288766,-0.04274235031685962,0.20702278673180913,0.23510650700749688,-0.36662893870190033,-0.3466969075427989,0.33290552935363454,-1.3343830453460228,-0.292138231420485,0.08466914730963711,-0.04996590336195983,-0.3917963181612908,0.3355879523397743,-0.29965175083763557,-0.2207299760362733,0.3678345523482327,0.48993774165319565,0.17365813363612562,1.031133995050141
-1.629476095607117,1.2121623816213714,1.0924111202864577,0.9231601704526778,1.6964808078247193,1.5061835249686206,0.823771072965976,-0.1146158758654674,0.6105251666264319,-1.2361047492272943,-2.060039619203153,-1.0257585813362466,-0.951877580190305,-0.16954757899323905,1.645200703974257,0.7233083726001416,1.02661372994785,1.2844617185074167,0.4491874562213473,3.343397809617452,0.5854794893612529,1.2666318817430562,-1.0623855415385086,-0.9879415121118464,0.031519460509219284,0.06755608657730298,0.3417313110045327,-0.19805398889750778,-0.08447969454155152,0.4374778352107354,-0.02751934852703342,1.751497952758539,1.7245374851855053,0.6175736848691984,-2.0000316959302817,1.1292446968775183,1.965617138763778,-0.19436588500508903,0.10271061027655289,0.47454576251310937,0.5312299946373378,-0.31249235970903877,-0.6901698392856149,0.8925581043552838,-2.3211586553616823,-0.43928094225596903,-0.1624433349161629,-0.4947977581818235,-0.8601124666223025,0.5148365998426886,-0.6120508507722384,-0.3408693801316616,0.8347982515978429,0.8705358031815775,0.3586969338294198,2.025413636988607
-1.7878889943967151,-0.47550589989164666,-0.06476943095972099,0.9246614813704709,1.5061835249686206,3.356331663287546,-1.4633660144278653,-2.80456914337304,1.1044571081402732,1.6775399387464998,-1.8275953540958656,0.21756733113361473,-0.8332785079047903,0.9502184745724972,0.9534476535303313,1.2082167965564712,0.3483868092462545,1.043527890986451,-0.9288236359949438,1.2764111264736646,4.274442994338677,-1.0649966200477765,-3.4215524014665686,-0.6279275701504771,0.5504060256214508,-0.05401188565024992,-0.4768055509278289,2.851130920463878,-0.42973384093041755,0.42780802733277473,-1.287371377274614,1.6772626846451673,5.210935143691302,2.019216513408406,-0.18878535314569114,-0.008787702785763572,-0.6233596472709779,-1.7884207291706349,-1.8073356503743785,-0.5628235232102057,-0.5659497171245185,-4.060719595017499,-0.059140259295430084,-2.146362999301888,-3.4277198127028314,-1.4120396263264197,3.1877183151875492,3.7827761571630587,0.7036999671856018,1.5239255575386972,0.10131840936519845,-0.9815212276963549,-0.9234883809469799,1.0833504104558482,-0.09657736393106009,0.4271087780791992
-0.4205002740193657,2.2758542532004586,1.6555831868537938,0.3343360896949093,0.823771072965976,-1.4633660144278653,2.786568015984205,2.882589114561612,-0.31415258953143527,-3.6176188582330955,-1.0020198934720228,-1.7249360532829234,-0.4752576907300599,-1.2789941719938944,1.3504945140083955,-0.2640274521814046,1.1108966138654746,0.7293829422291599,1.661289711887816,3.463725381709038,-3.797275854539903,2.9963939964405952,2.1781784542449714,-0.7511711711507271,-0.5531858516299472,0.15675040531435916,1.014245049686443,-3.3872657229755796,0.3448076819942683,0.16936576927507907,1.3598445464295288,0.7183010316689193,-3.162606704015517,-1.2992401991205103,-2.696871274346291,1.6484879733532403,3.5300125722302194,1.662029576729159,2.114055926691046,1.3001661684670367,1.38586029496353,3.9615471641624427,-0.9366797022696032,3.628244251407481,0.35812180465649635,0.8979048078857466,-3.70168487905091,-4.830956482358735,-2.0129730964838197,-0.9099051867647248,-0.9984862897898579,0.5727055970563742,2.215435708797333,0.08549236571261998,0.625536893379323,2.4749863176151767
0.5667695704374411,1.995448392243121,1.31136561365018,-0.20290328401742477,-0.1146158758654674,-2.80456914337304,2.882589114561612,3.6258992657187483,-0.7938501958500211,-3.631510051676848,0.13726856516322744,-1.4411759468497456,0.0484111106426663,-1.4620894521573689,0.567913320630872,-0.8065736245250428,0.6845021517595968,0.0430129526100705,1.7468628268433974,2.0393987482106444,-5.065712249562553,2.845877303393356,3.3893766081695804,-0.2670369744831689,-0.7016773129973636,0.14804003012754172,1.0213947851340248,-4.038877131917055,0.48064334018465726,-0.08238465396684017,1.692602253482885,-0.28171502534585086,-5.0424498254764085,-2.0108151080674306,-1.989405483895725,1.2778294044987508,3.0380821217154197,2.1761508464823867,2.5346491055692884,1.285325791861188,1.3530723992388844,5.085816865402413,-0.6943704938944009,3.8737836173176867,1.9864036234197715,1.397891396902584,-4.4495991734520945,-5.618810616188513,-1.906217748508558,-1.4629685151746048,-0.8218531661910248,0.9319034754793737,2.1721550204998974,-0.47431904575425893,0.5314242247504752,1.6989556548505858
-0.6815607486901608,0.004470150688047131,0.10532715884022033,0.3616961392325266,0.6105251666264319,1.1044571081402732,-0.31415258953143527,-0.7938501958500211,0.37695260554947974,0.32731021749818856,-0.7411630753010655,-0.05522416843818994,-0.339419488206757,0.24546103607306785,0.45102427657043476,0.4179975542800089,0.21289007714169278,0.43558830837921736,-0.208102885752326,0.7328150458008947,1.2562842868152033,-0.1529989341872483,-1.0725611708757665,-0.28658471576595984,0.15636648811797024,-0.0074072335787541,-0.09415466237217926,0.7712276355747912,-0.12901936748538415,0.1682297092202511,-0.36136680166710505,0.6649135151810366,1.6455843897101465,0.6317708935198605,-0.278346764936024,0.12532430742601772,0.04846874379666497,-0.5200456111727143,-0.49146040772669486,-0.10335725811765127,-0.09779302650082951,-1.165558843736617,-0.09399547904449726,-0.4970656530668831,-1.2165737760476132,-0.4425561579840364,0.8688245865951344,0.996901614127949,0.09890678443243471,0.482238386507012,-0.04107120864422619,-0.3115505153865097,-0.16275802253544938,0.399964243741398,0.01365433281836995,0.3478666447045273
0.7185106013483821,-3.0164700496824586,-2.2184905329170945,-0.528551136882082,-1.2361047492272943,1.6775399387464998,-3.6176188582330955,-3.631510051676848,0.32731021749818856,4.7156562933564565,1.5031359311957737,2.298543351575961,0.710033675321433,1.636558113554407,-1.8961610763350494,0.25089383651861524,-1.5222737530049988,-1.0694533231114771,-2.152010374616615,-4.762710547100683,4.734030257006029,-3.933640846862571,-2.632209343078669,1.0629718568737414,0.6957300689966921,-0.20593342247346047,-1.3215476737259906,4.305395367943184,-0.42624550011782825,-0.26434655375639504,-1.7161493108118928,-1.108955598680932,3.800984855905732,1.5718826765673282,3.6391176314239377,-2.2136935483361944,-4.6885411594340685,-2.0791582135364477,-2.6846816533407942,-1.6983295883792349,-1.8131696164529174,-4.972948260670941,1.2635017081568556,-4.689789677945911,-0.18672284544534856,-1.0848821329110225,4.698826408765246,6.164723276161955,2.6437516150530502,1.0913937481306148,1.332582184427559,-0.6849884529191917,-2.8967971390265723,-0.20788373135031718,-0.8320190516443168,-3.3614274849820016
1.9784796321578209,-1.4731256873584697,-1.327339430464544,-1.1209896439216365,-2.060039619203153,-1.8275953540958656,-1.0020198934720228,0.13726856516322744,-0.7411630753010655,1.5031359311957737,2.5015680011098103,1.2464545489752632,1.1559229547257366,0.2066684051963059,-1.9981873644211923,-0.8779394010040092,-1.2470869103832156,-1.5598895185918744,-0.5463635742533013,-4.061318504800282,-0.7083265002071968,-1.5398882277786874,1.288348119367879,1.1999720349547123,-0.03776497732559592,-0.08212078291422162,-0.41555176843867575,0.242750061530051,0.1022834555744653,-0.5311457838349699,0.03246012813230841,-2.126934550248079,-2.0916043502963446,-0.7488627328036351,2.4299064777428425,-1.3721314003290759,-2.3887139079346564,0.23492704428280697,-0.12613368678958414,-0.5769056010602398,-0.6457903096904715,0.37667324760287874,0.8383945813131083,-1.0859232344490175,2.8178150089796103,0.5326603729169966,0.19976694903997047,0.6040294632264193,1.0455167914113959,-0.6243807401305718,0.7437737188526862,0.41338908851993983,-1.0149802084996709,-1.0569454887238696,-0.435902325165934,-2.460669407775265
0.7946541621715206,-1.600284766941571,-1.2389065973939668,-0.4996023966511415,-1.0257585813362466,0.21756733113361473,-1.7249360532829234,-1.4411759468497456,-0.05522416843818994,2.298543351575961,1.2464545489752632,1.2508982517012697,0.5822441311633892,0.7176896933288591,-1.2783218061492023,-0.1210530326049985,-0.9355405931807894,-0.8309506479025683,-1.0134993175017397,-2.9675475842459025,1.7442326890037783,-1.9900129854990172,-0.742587129168104,0.736876925288593,0.27317164309034536,-0.10456406617860074,-0.6427136651127282,1.8116067629957633,-0.14725930320114855,-0.24238589543896794,-0.6892842670139716,-0.9910501848536861,1.0135883980217126,0.4486556555317907,2.0964204016187122,-1.2483254348954227,-2.5124942532070467,-0.7854107620607405,-1.123238504491332,-0.8368580339041831,-0.9010330433257259,-1.925577810504417,0.7265541450117758,-2.18206044470363,0.6399243223644597,-0.3056335907143613,1.9605939761329523,2.65910885689095,1.3401676181005593,0.28498015654278536,0.7305722959528618,-0.17339277822118054,-1.4352537518582364,-0.3529949285449637,-0.44891103603706245,-1.9913549047824712
0.9123129501977485,-0.6893426470998752,-0.6191039850539313,-0.5174159131864505,-0.951877580190305,-0.8332785079047903,-0.4752576907300599,0.0484111106426663,-0.339419488206757,0.710033675321433,1.1559229547257366,0.5822441311633892,0.5341989250152388,0.10161375031906415,-0.9261379830884782,-0.40253241423310604,-0.579393533204094,-0.7213498866232891,-0.25982360485198036,-1.8860920077628018,-0.30644650054540734,-0.7238005510395535,0.5815509480703147,0.555905487068969,-0.014493327306794394,-0.038581316714975736,-0.1963614315206395,0.12902792129383572,0.045271961128253393,-0.245184214175425,0.007957425924549283,-0.9821752579664484,-0.9460546303515034,-0.33784594054302364,1.1316527061335202,-0.6397031383401077,-1.1169785233058662,0.09959421200813078,-0.06885713005263819,-0.2720249486327696,-0.30415728930899916,0.15298556674286098,0.39044307074099854,-0.5181018496513362,1.2945015058334586,0.24043247290829844,0.11087799480461069,0.30264105508280886,0.4912684879461012,-0.2825666434495883,0.34729551765635347,0.18722252076828544,-0.4782791832092512,-0.4866832898465473,-0.20373856745500077,-1.1447043256920375
-0.02313158848542687,-0.9671865123403786,-0.6733201415761589,-0.035037589345233384,-0.16954757899323905,0.9502184745724972,-1.2789941719938944,-1.4620894521573689,0.24546103607306785,1.636558113554407,0.2066684051963059,0.7176896933288591,0.10161375031906415,0.6170675052828338,-0.44099007529576456,0.2362945017081162,-0.4096316683148092,-0.1812447181639921,-0.7686821164258324,-1.2567444174276268,1.9884543349418518,-1.3205039855300658,-1.2449570783820523,0.23469450207869988,0.28177203944985796,-0.06890284469936397,-0.4595383911125947,1.6701494977574147,-0.18498882123492838,-0.02219804940335998,-0.6858381579798185,-0.10853298284301177,1.83379089161156,0.7402218752605193,1.0651508762209412,-0.6643692690715979,-1.4878595684884974,-0.8614869357128047,-1.0453729552282,-0.5839456773248463,-0.6187635130608009,-2.031458148926822,0.3707473070358947,-1.69141592736945,-0.5131153796056932,-0.5133275137418392,1.8328896998087867,2.351436222224998,0.8859668530050522,0.5302002114291161,0.41273651879048645,-0.33609256198709725,-0.9910567427986241,0.08220702983459797,-0.2621544884034467,-0.9501105188372941
-1.4945566330738185,1.5655040258538895,1.3194567805129434,0.8689504744478284,1.645200703974257,0.9534476535303313,1.3504945140083955,0.567913320630872,0.45102427657043476,-1.8961610763350494,-1.9981873644211923,-1.2783218061492023,-0.9261379830884782,-0.44099007529576456,1.7229797430288802,0.5592617898437322,1.137140641706276,1.2700951926644737,0.7691368583642472,3.667724995200815,-0.37550840147566006,1.7788023625313747,-0.40766049504999424,-1.0208644681230081,-0.10086997315311333,0.09416212403869777,0.5274693250600879,-0.9527224795229507,0.007262185102284345,0.4142811657131921,0.2907014882891848,1.6680694081003922,0.7479947868331157,0.22932272825349867,-2.338460223072733,1.3494333466037196,2.5015138786413607,0.21741900311961376,0.5766902018528761,0.7074195862925486,0.7758396118057537,0.6476267572204607,-0.8083075032630719,1.6039498598733641,-1.9078142125325224,-0.16917483701413913,-0.9948666635364177,-1.5408862731157902,-1.2028286984679004,0.23119556554481172,-0.7556650294185732,-0.15993522538995986,1.2279352664916359,0.7663124108502759,0.45218570799152363,2.3089810564031046
-0.7903968860216075,0.08182572205864604,0.17571891515237734,0.4230571663024894,0.7233083726001416,1.2082167965564712,-0.2640274521814046,-0.8065736245250428,0.4179975542800089,0.25089383651861524,-0.8779394010040092,-0.1210530326049985,-0.40253241423310604,0.2362945017081162,0.5592617898437322,0.46707674926770737,0.27986345257182615,0.5205021438483621,-0.18067530907622453,0.9511942326861054,1.302203920788001,-0.07374242180993369,-1.1477396327568927,-0.3513765062610588,0.15987501839343976,-0.0031519373981939926,-0.07301771908564055,0.7641234537583284,-0.13545699621855298,0.1975603414569647,-0.3657767995754277,0.7810561196079013,1.7668910052474212,0.6756622073794455,-0.4078778802029043,0.1979608919485523,0.1740997971232487,-0.5358661809691662,-0.488431742334558,-0.07357146446195811,-0.06438625406972785,-1.1938233438429577,-0.13904981543542413,-0.44331305022789846,-1.372877003461067,-0.47380285654481924,0.8647959737059295,0.9726261225784179,0.04463018924399705,0.5185783052327079,-0.08022772327782085,-0.3356448303330321,-0.11072930105859442,0.45820568710676746,0.036587158711120456,0.4792066067345121
-0.8909697150782544,1.166477390700053,0.9497846116050135,0.5294475197586244,1.02661372994785,0.3483868092462545,1.1108966138654746,0.6845021517595968,0.21289007714169278,-1.5222737530049988,-1.2470869103832156,-0.9355405931807894,-0.579393533204094,-0.4096316683148092,1.137140641706276,0.27986345257182615,0.7784051066858289,0.8044449344234397,0.6420845841109286,2.4954980840298915,-0.6928888792959341,1.3776047925142787,0.04829145364297378,-0.6675591736771086,-0.1268521857671048,0.07268524466889854,0.42446318744304146,-0.9642992555946885,0.047894003253241474,0.25366046670884784,0.33570058289652527,1.0260785257177578,0.017364754399390274,-0.03657271720821528,-1.6531374963331014,0.9657049142902777,1.8503793440582046,0.3329957175313818,0.5917939815935782,0.5616136623894701,0.6108476556696791,0.866293602616938,-0.5719553733019799,1.3598267321902788,-1.023667605809817,0.019291798241760152,-1.0278776900198514,-1.4773567566401198,-0.9298226602287731,0.013940267240667298,-0.5503584269507896,-0.016845564365621915,0.9696343560018549,0.4403141024948855,0.3328895443842096,1.6084530821230625
-1.217424159243959,0.9924549093289461,0.8769454692321138,0.6940306496529715,1.2844617185074167,1.043527890986451,0.7293829422291599,0.0430129526100705,0.43558830837921736,-1.0694533231114771,-1.5598895185918744,-0.8309506479025683,-0.7213498866232891,-0.1812447181639921,1.2700951926644737,0.5205021438483621,0.8044449344234397,0.97732893380891,0.4038074255260078,2.613047058289435,0.26303682806319756,1.0646221100016326,-0.6854284889679605,-0.7602090879056326,-0.0014679458616751585,0.05663476963303337,0.2962647180657869,-0.29551123080731767,-0.04684083276971004,0.3292376483151889,0.03992448336505389,1.3205508472509258,1.1291601451508888,0.39691737488479634,-1.5907453152773035,0.9038578486326632,1.6023001675828323,-0.06965272014100302,0.16905839179836762,0.40649882334340953,0.45200988059921277,-0.0547216952226301,-0.5490110662683483,0.8169309708921743,-1.692123111084283,-0.28344976493238905,-0.28327034575853377,-0.5777481830422398,-0.7217594384481686,0.33851223806631625,-0.49454514822501616,-0.22539550090998217,0.7121789203401907,0.6443281519643579,0.29158654916610277,1.599764454989658
-0.207109620137586,1.3412856258801806,0.9695911912336935,0.17537296951667009,0.4491874562213473,-0.9288236359949438,1.661289711887816,1.7468628268433974,-0.208102885752326,-2.152010374616615,-0.5463635742533013,-1.0134993175017397,-0.25982360485198036,-0.7686821164258324,0.7691368583642472,-0.18067530907622453,0.6420845841109286,0.4038074255260078,0.9918961939813098,1.9978456715181814,-2.3138014520010564,1.7751691802491345,1.348303404495047,-0.4254780868319873,-0.3352085655668872,0.0928423951751606,0.6035092331692485,-2.0428307275348083,0.21089597244996722,0.08990858037931135,0.8231668803449184,0.3834305375432276,-1.9630064739131479,-0.8036760753439499,-1.5730536410922467,0.9640594816458571,2.077882808578997,1.0110159679375796,1.2755748309139554,0.7727516321387233,0.8229115260282751,2.404956386476647,-0.5467432594612383,2.1687159030711163,0.28417107948140313,0.5557292445136566,-2.233945567345618,-2.9072592942771256,-1.1925817601238713,-0.5651840759607138,-0.5860125317697498,0.35615707398377844,1.3156391062469355,0.02637423303199716,0.3678917255453548,1.437910877858423
-2.925604088248636,3.6899039105794444,3.0205112618881014,1.7316392492986172,3.343397809617452,1.2764111264736646,3.463725381709038,2.0393987482106444,0.7328150458008947,-4.762710547100683,-4.061318504800282,-2.9675475842459025,-1.8860920077628018,-1.2567444174276268,3.667724995200815,0.9511942326861054,2.4954980840298915,2.613047058289435,1.9978456715181814,8.008298771313012,-1.9928372235135532,4.332677554150367,-0.016794707558746343,-2.1565457657057063,-0.3764217412804817,0.22870925177013307,1.327558782020536,-2.927846100605876,0.13105941926670117,0.828872269996154,1.0045759423514535,3.35022961852299,0.3150052401956197,-0.01579390880884096,-5.272346345424976,3.0739901495582282,5.859809780066032,0.970985627444286,1.793959587468019,1.7599002986300267,1.9164868517033495,2.5555484653701908,-1.8238207871923864,4.222168796113293,-3.42980057860683,-0.008957916176301104,-3.1134811144161794,-4.514787207406865,-2.925113066874973,0.12033296805412347,-1.7470769562374593,-0.10254625990694208,3.040906620940406,1.4557838652412216,1.0549759348781833,5.1419716951190155
-1.1967765969463229,-2.4673518169284345,-1.547151642476408,0.5138547261662954,0.5854794893612529,4.274442994338677,-3.797275854539903,-5.065712249562553,1.2562842868152033,4.734030257006029,-0.7083265002071968,1.7442326890037783,-0.30644650054540734,1.9884543349418518,-0.37550840147566006,1.302203920788001,-0.6928888792959341,0.26303682806319756,-2.3138014520010564,-1.9928372235135532,7.184153291474936,-3.6349472838759,-4.975308329665677,0.12264872628879853,0.9825787820472814,-0.18867173940145834,-1.332986245490279,5.560776939433098,-0.6888849481865337,0.2243357426276918,-2.3581565372604554,0.8315218655761438,7.438074903201907,2.948484104938862,2.260971853215331,-1.4912663961293695,-3.7263628687208867,-3.071860891353296,-3.49515976008796,-1.666290456532105,-1.7461497801842139,-7.143413054769794,0.7912087203484269,-5.156989786810484,-3.3427327813506937,-2.052233850767055,6.140255343902474,7.6809265269045,2.4318831699833106,2.161622384545757,0.9878357719012085,-1.3801735278862208,-2.8076362377261326,0.8776706706456588,-0.6480776282449027,-1.851065936461233
-0.8468097110619253,2.5885667780640897,1.9383219036816066,0.5757144354017298,1.2666318817430562,-1.0649966200477765,2.9963939964405952,2.845877303393356,-0.1529989341872483,-3.933640846862571,-1.5398882277786874,-1.9900129854990172,-0.7238005510395535,-1.3205039855300658,1.7788023625313747,-0.07374242180993369,1.3776047925142787,1.0646221100016326,1.7751691802491345,4.332677554150367,-3.6349472838759,3.3220337790684678,1.8945402245005833,-1.0086951089195417,-0.5439020980272032,0.17411166609682394,1.1015576559940699,-3.4315700564914446,0.3219545683704514,0.28356330166813815,1.349605212846014,1.1761501826364105,-2.7029995653760066,-1.1343629032709273,-3.215248294385155,1.941049738951789,4.037524020059113,1.6071389752298277,2.1362270909616545,1.4215139192347248,1.5218988865175607,3.8706738360368202,-1.115324717195342,3.853880684598953,-0.2515997115622166,0.7807318454593516,-3.736006541470672,-4.949902513286477,-2.233896096296797,-0.7728876412941043,-1.15683053932327,0.48210767814102157,2.4293706002256745,0.3136546624159577,0.7182090638187906,3.000704170581606
1.439203519398408,1.1456170697395556,0.5859382543261825,-0.7070206189981656,-1.0623855415385086,-3.4215524014665686,2.1781784542449714,3.3893766081695804,-1.0725611708757665,-2.632209343078669,1.288348119367879,-0.742587129168104,0.5815509480703147,-1.2449570783820523,-0.40766049504999424,-1.1477396327568927,0.04829145364297378,-0.6854284889679605,1.348303404495047,-0.016794707558746343,-4.975308329665677,1.8945402245005833,3.7073410807975358,0.3127229269588662,-0.6610718377046576,0.0976169999130828,0.743690397303241,-3.591530886276213,0.48835016207067317,-0.3223593510938404,1.5674811076333122,-1.2467782906964058,-5.596774529954021,-2.192250319393066,-0.6954637405659844,0.534343063850622,1.67641454537869,2.1050950829124355,2.2660894828631433,0.9108023428009994,0.9409242409836556,4.839594462266759,-0.24729369344319604,3.0483324305176587,3.1313239138729863,1.5296206668281798,-3.9881970532960382,-4.87270179374291,-1.2624939641967219,-1.6319297679742555,-0.40813775566377614,1.046800829933236,1.520577612778406,-0.9261974241800024,0.28484226316799927,0.4147486148626997
0.9068992098149286,-0.8977755282780671,-0.7641673872136265,-0.5248005222698244,-0.9879415121118464,-0.6279275701504771,-0.7511711711507271,-0.2670369744831689,-0.28658471576595984,1.0629718568737414,1.1999720349547123,0.736876925288593,0.555905487068969,0.23469450207869988,-1.0208644681230081,-0.3513765062610588,-0.6675591736771086,-0.7602090879056326,-0.4254780868319873,-2.1565457657057063,0.12264872628879853,-1.0086951089195417,0.3127229269588662,0.6064455307300693,0.04651540420096923,-0.05343548919159638,-0.29544762591541385,0.4894392315608803,0.00526349195128693,-0.24975475929911142,-0.14010308291027856,-1.0053243332457364,-0.5500792286431354,-0.17794445136277193,1.361049353520034,-0.7829482791044329,-1.4376437115715957,-0.08623519876532036,-0.29444947712218617,-0.39780707342927774,-0.43745669938584775,-0.2855237683733546,0.4701069523399293,-0.8827359294645364,1.1834022228872267,0.12950427923880692,0.5064737356779933,0.8100850702496143,0.6822032753719872,-0.16798288388249435,0.4363072079397156,0.11453957264181387,-0.6919885464173722,-0.46879531021890525,-0.26024919971911636,-1.3494188255468342
-0.11846080240401748,-0.37936186347192474,-0.24774217674489526,0.04415405448931628,0.031519460509219284,0.5504060256214508,-0.5531858516299472,-0.7016773129973636,0.15636648811797024,0.6957300689966921,-0.03776497732559592,0.27317164309034536,-0.014493327306794394,0.28177203944985796,-0.10086997315311333,0.15987501839343976,-0.1268521857671048,-0.0014679458616751585,-0.3352085655668872,-0.3764217412804817,0.9825787820472814,-0.5439020980272032,-0.6610718377046576,0.04651540420096923,0.1361827211562472,-0.028266602330891077,-0.19568238772751648,0.7800783246720479,-0.09351741291439179,0.018481314822794092,-0.32756351577871506,0.06370455553803246,0.9842066144055985,0.3922315148745271,0.37395643731529415,-0.2412548824133314,-0.5770111587330788,-0.42169469360443046,-0.489664719761199,-0.24581445586078224,-0.25863767457936504,-0.9853136520967969,0.13026978286523372,-0.7440767863109148,-0.3963885632757686,-0.272788277814119,0.8597920116472646,1.0841529341465486,0.36391775604669685,0.285775432780652,0.15577781867281795,-0.18218037119109584,-0.4156297837979546,0.09633284134173718,-0.10087324285148608,-0.31788986682226306
-0.045631619177201134,0.13589843115682804,0.10193488625794897,0.030842297411178787,0.06755608657730298,-0.05401188565024992,0.15675040531435916,0.14804003012754172,-0.0074072335787541,-0.20593342247346047,-0.08212078291422162,-0.10456406617860074,-0.038581316714975736,-0.06890284469936397,0.09416212403869777,-0.0031519373981939926,0.07268524466889854,0.05663476963303337,0.0928423951751606,0.22870925177013307,-0.18867173940145834,0.17411166609682394,0.0976169999130828,-0.05343548919159638,-0.028266602330891077,0.009127426469060373,0.057665921874122415,-0.1788137442920252,0.016673327405831332,0.015185998594458103,0.070222818017816,0.06287653779068315,-0.1390783748988494,-0.058460655116015024,-0.1692679018774802,0.10210185287383801,0.21203511527827118,0.08348453440847797,0.1112958593326179,0.07445716231190772,0.07973512559567304,0.2011854301389424,-0.0587283419896274,0.20147351710676237,-0.015287653955301345,0.04021928681455494,-0.1946225582642087,-0.25812513717323327,-0.11710613761432467,-0.039739420612443795,-0.060792621384644044,0.02476598092203036,0.127249999509863,0.017149559861637423,0.03772502369351132,0.15811167970559162
-0.19642844668601306,0.8439174161531853,0.6199755943374055,0.14543105425488714,0.3417313110045327,-0.4768055509278289,1.014245049686443,1.0213947851340248,-0.09415466237217926,-1.3215476737259906,-0.41555176843867575,-0.6427136651127282,-0.1963614315206395,-0.4595383911125947,0.5274693250600879,-0.07301771908564055,0.42446318744304146,0.2962647180657869,0.6035092331692485,1.327558782020536,-1.332986245490279,1.1015576559940699,0.743690397303241,-0.29544762591541385,-0.19568238772751648,0.057665921874122415,0.3703782468783708,-1.20976430929673,0.12011734989278754,0.07283778933536203,0.4825772233654891,0.30575706329755303,-1.0745685493459285,-0.44404405879724335,-1.016271661528482,0.6184831804979718,1.3114260719705289,0.5852330468122893,0.7544344449410074,0.4758714162490752,0.5079616566022868,1.3991933148268147,-0.3528904621963371,1.315484759429806,0.060476529646134265,0.3065096867780202,-1.3204901265341054,-1.7314801083205835,-0.7403429384102551,-0.3085998022866485,-0.372541397545921,0.19373993514841717,0.8115597017248989,0.05545438639871464,0.23268718976896618,0.9380914336199047
-0.32115142866637336,-2.4682894523838126,-1.679076036951958,0.04948408662697541,-0.19805398889750778,2.851130920463878,-3.3872657229755796,-4.038877131917055,0.7712276355747912,4.305395367943184,0.242750061530051,1.8116067629957633,0.12902792129383572,1.6701494977574147,-0.9527224795229507,0.7641234537583284,-0.9642992555946885,-0.29551123080731767,-2.0428307275348083,-2.927846100605876,5.560776939433098,-3.4315700564914446,-3.591530886276213,0.4894392315608803,0.7800783246720479,-0.1788137442920252,-1.20976430929673,4.561791755892725,-0.5221546994646364,0.008206442155915306,-1.8905118209432135,-0.021838698511059924,5.3154273284880995,2.133279864982994,2.6132052705438653,-1.6487656458137316,-3.781168457354067,-2.399745186986445,-2.858656548597045,-1.5307826622168688,-1.6175944806557951,-5.636106861278686,0.9103346042305022,-4.51031721934263,-1.7777275432511386,-1.4811604277557826,5.0150265338726685,6.388576794794046,2.3005060155497423,1.5394982226269958,1.038430067641121,-0.9782241715108836,-2.5936052953207467,0.3635836390193471,-0.66428615114326,-2.292978590032782
0.14104994460375558,0.21240526767716714,0.12750468052648434,-0.06435778661945617,-0.08447969454155152,-0.42973384093041755,0.3448076819942683,0.48064334018465726,-0.12901936748538415,-0.42624550011782825,0.1022834555744653,-0.14725930320114855,0.045271961128253393,-0.18498882123492838,0.007262185102284345,-0.13545699621855298,0.047894003253241474,-0.04684083276971004,0.21089597244996722,0.13105941926670117,-0.6888849481865337,0.3219545683704514,0.48835016207067317,0.00526349195128693,-0.09351741291439179,0.016673327405831332,0.12011734989278754,-0.5221546994646364,0.06659245799842745,-0.02876883957590088,0.22336105878677479,-0.10851443994798564,-0.7323951487324274,-0.28924165088766457,-0.1794045051388214,0.12166585182553387,0.31850612396076305,0.29356321482955694,0.3285672974744814,0.149267797538867,0.155853826072524,0.680476530182803,-0.06283656636344488,0.4719697432719201,0.3555777060304305,0.20150517590186504,-0.5775632470499663,-0.7174844152662486,-0.21505383278664983,-0.2131358274693076,-0.0829200452866925,0.13632046148284147,0.2510530847363457,-0.09782867773993584,0.055113327148834323,0.1403216799677628
-0.42682258013269064,0.28215594189029,0.26138874431968795,0.2400423091705713,0.4374778352107354,0.42780802733277473,0.16936576927507907,-0.08238465396684017,0.1682297092202511,-0.26434655375639504,-0.5311457838349699,-0.24238589543896794,-0.245184214175425,-0.02219804940335998,0.4142811657131921,0.1975603414569647,0.25366046670884784,0.3292376483151889,0.08990858037931135,0.828872269996154,0.2243357426276918,0.28356330166813815,-0.3223593510938404,-0.24975475929911142,0.018481314822794092,0.015185998594458103,0.07283778933536203,0.008206442155915306,-0.02876883957590088,0.11364198314125977,-0.03184655464981924,0.45387864919447357,0.516541708251912,0.18802500008655526,-0.4845936259145134,0.2712594353728842,0.4603969959088604,-0.08165404811317988,-0.010692808297730973,0.10316911551373628,0.11672614503905424,-0.1546454689214371,-0.1672283696539116,0.17271449502417613,-0.6250868529102177,-0.13329313315861485,0.02339448838966215,-0.04485724381296528,-0.19307604897318884,0.1536475463301883,-0.1451255386476284,-0.10122127164230128,0.182627442639494,0.2304835119754503,0.0843432024403172,0.4952618870094328
0.23978606348428647,0.9511781083168745,0.6296643452744046,-0.08056809592648595,-0.02751934852703342,-1.287371377274614,1.3598445464295288,1.692602253482885,-0.36136680166710505,-1.7161493108118928,0.03246012813230841,-0.6892842670139716,0.007957425924549283,-0.6858381579798185,0.2907014882891848,-0.3657767995754277,0.33570058289652527,0.03992448336505389,0.8231668803449184,1.0045759423514535,-2.3581565372604554,1.349605212846014,1.5674811076333122,-0.14010308291027856,-0.32756351577871506,0.070222818017816,0.4825772233654891,-1.8905118209432135,0.22336105878677479,-0.03184655464981924,0.7905930371917714,-0.10456389541432685,-2.3297294655421954,-0.9301838419189306,-0.9604979043112547,0.6146500334659172,1.45006049656011,1.0138629412076252,1.1860825561784838,0.60787378676015,0.6404186153683593,2.3719037366670426,-0.33498890796816955,1.8239100150654943,0.8923883533770028,0.6465255785338548,-2.081942129898477,-2.6334710824553174,-0.9040159883462514,-0.6757706428128029,-0.3935584219286712,0.43029677338783684,1.0279694184002,-0.20820352907267206,0.2538852180280014,0.8252676343994811
-1.7030788617392651,1.1579674436323835,1.0655675733872616,0.9596537351270844,1.751497952758539,1.6772626846451673,0.7183010316689193,-0.28171502534585086,0.6649135151810366,-1.108955598680932,-2.126934550248079,-0.9910501848536861,-0.9821752579664484,-0.10853298284301177,1.6680694081003922,0.7810561196079013,1.0260785257177578,1.3205508472509258,0.3834305375432276,3.35022961852299,0.8315218655761438,1.1761501826364105,-1.2467782906964058,-1.0053243332457364,0.06370455553803246,0.06287653779068315,0.30575706329755303,-0.021838698511059924,-0.10851443994798564,0.45387864919447357,-0.10456389541432685,1.8162052772473694,2.0031910430254487,0.7264613688691063,-1.9693926545351916,1.105245203950759,1.8867489229746675,-0.29849490057042033,-0.008512585914596344,0.4303513854400928,0.4856881779644189,-0.5509838707676664,-0.6788750641776297,0.7438915849779988,-2.47964057374334,-0.5151972194253023,0.03323265259345002,-0.25625614348211706,-0.7994378872140538,0.5959257389532457,-0.5932359780335148,-0.3928141408841991,0.7615632966684115,0.9177483521472679,0.3453678638156272,2.008921480063512
-2.278247514600413,-1.5958257278244787,-0.7752093716960655,1.129871998308366,1.7245374851855053,5.210935143691302,-3.162606704015517,-5.0424498254764085,1.6455843897101465,3.800984855905732,-2.0916043502963446,1.0135883980217126,-0.9460546303515034,1.83379089161156,0.7479947868331157,1.7668910052474212,0.017364754399390274,1.1291601451508888,-1.9630064739131479,0.3150052401956197,7.438074903201907,-2.7029995653760066,-5.596774529954021,-0.5500792286431354,0.9842066144055985,-0.1390783748988494,-1.0745685493459285,5.3154273284880995,-0.7323951487324274,0.516541708251912,-2.3297294655421954,2.0031910430254487,8.459636836962694,3.308575350305476,0.8590936514169748,-0.695361124792134,-2.318558111183744,-3.1425064584462006,-3.355718731574022,-1.311214818347638,-1.3510152025242008,-7.212813510705544,0.30736780618611137,-4.448722272989279,-4.850756725950946,-2.309237895308886,5.907456596853535,7.191907073907142,1.7999239196389556,2.4677003296256532,0.552863039735274,-1.5838107708799944,-2.1852833375368403,1.4507415281208274,-0.39180049841424885,-0.4400367426203959
-0.84170410973007,-0.6893084795846481,-0.35620148250968736,0.41251944584039457,0.6175736848691984,2.019216513408406,-1.2992401991205103,-2.0108151080674306,0.6317708935198605,1.5718826765673282,-0.7488627328036351,0.4486556555317907,-0.33784594054302364,0.7402218752605193,0.22932272825349867,0.6756622073794455,-0.03657271720821528,0.39691737488479634,-0.8036760753439499,-0.01579390880884096,2.948484104938862,-1.1343629032709273,-2.192250319393066,-0.17794445136277193,0.3922315148745271,-0.058460655116015024,-0.44404405879724335,2.133279864982994,-0.28924165088766457,0.18802500008655526,-0.9301838419189306,0.7264613688691063,3.308575350305476,1.2964518005054204,0.4281933134069781,-0.32592260093600783,-1.0101868173069608,-1.247908524228251,-1.3458293903241194,-0.5441945772154948,-0.5625182673158735,-2.8701340149084045,0.15200292808086877,-1.8161122542025534,-1.8406185496076033,-0.9045405587131913,2.3684734421633618,2.896038139436545,0.7559422664650265,0.9646822789992788,0.24700503027151424,-0.6187357466934782,-0.9089771363956647,0.5430077332777379,-0.1718398809900562,-0.26184746454099744
1.6529940623112491,-2.6490874517452725,-2.101457441428305,-1.0059941492863635,-2.0000316959302817,-0.18878535314569114,-2.696871274346291,-1.989405483895725,-0.278346764936024,3.6391176314239377,2.4299064777428425,2.0964204016187122,1.1316527061335202,1.0651508762209412,-2.338460223072733,-0.4078778802029043,-1.6531374963331014,-1.5907453152773035,-1.5730536410922467,-5.272346345424976,2.260971853215331,-3.215248294385155,-0.6954637405659844,1.361049353520034,0.37395643731529415,-0.1692679018774802,-1.016271661528482,2.6132052705438653,-0.1794045051388214,-0.4845936259145134,-0.9604979043112547,-1.9693926545351916,0.8590936514169748,0.4281933134069781,3.605749122764158,-2.1268549602306037,-4.179691729735938,-1.040825143758663,-1.6136496883428584,-1.332927843386962,-1.441821374131831,-2.6058006576530315,1.2485874435299535,-3.3623321599501614,1.6626630761675447,-0.28560707785221623,2.811089220954915,3.902778516248008,2.1675474391758485,0.23173522571840124,1.2286857730743026,-0.13194138405900985,-2.293012387377203,-0.7825020453535392,-0.7492599398567908,-3.4663667848373376
-0.9138635001761891,1.5846229301650228,1.2458395475048092,0.5621046248386276,1.1292446968775183,-0.008787702785763572,1.6484879733532403,1.2778294044987508,0.12532430742601772,-2.2136935483361944,-1.3721314003290759,-1.2483254348954227,-0.6397031383401077,-0.6643692690715979,1.3494333466037196,0.1979608919485523,0.9657049142902777,0.9038578486326632,0.9640594816458571,3.0739901495582282,-1.4912663961293695,1.941049738951789,0.534343063850622,-0.7829482791044329,-0.2412548824133314,0.10210185287383801,0.6184831804979718,-1.6487656458137316,0.12166585182553387,0.2712594353728842,0.6146500334659172,1.105245203950759,-0.695361124792134,-0.32592260093600783,-2.1268549602306037,1.2589842840319474,2.4956878468859762,0.6799973265619755,1.0197903193973348,0.8088229769523844,0.8733884740706247,1.6878409633246227,-0.7365131561643906,2.0665192790043077,-0.8609062957073611,0.21977400713248563,-1.7780088983853575,-2.4453933969266393,-1.30782226893847,-0.1919117131263049,-0.7307797205639239,0.1134074796583843,1.3900524185846945,0.4241748165958378,0.44685126951814813,2.035973074680767
