V1,V2,V3,V4,V5,V6,V7,V8,V9,V10,V11,V12,V13,V14,V15,V16,V17,V18,V19,V20,V21,V22,V23,V24,V25,V26,V27,V28,V29,V30,V31,V32,V33,V34,V35,V36,V37,V38,V39,V40,V41,V42,V43,V44,V45,V46,V47,V48,V49,V50,V51,V52,V53,V54,V55,V56
0.45601019861539016,0.33543793538931377,0.2539971068620502,0.16443293187839794,1.1646760803790475,-0.9699333770260664,1.5304091530274444,-1.0395674669759059,0.3598626858559702,-0.09969337092403968,-0.5151103587208374,-0.3674206643134523,-0.576291824383177,-0.11310609698261702,-0.5271839211347968,-0.14914541305142007,-0.4840282822525665,0.14359148146218567,0.5850760182116114,0.5904957239210501,-0.017088752988931588,-0.3943243404408804,-1.1699827995610974,-0.05415812951022139,-0.07075020169994815,-0.09639589847559855,0.5415715632989473,0.10316727902190292,0.19013380399578603,1.0928123681451842,0.2840755662164009,-0.31228768483682007,-0.0727178058025496,0.31824818647303005,0.1436663433888075,-0.8068257820602768,0.811480341952638,-0.9068134626379594,0.26610548144438495,0.5311394599855174,1.0217984199285164,0.08184870889812637,-0.7813770722208238,-0.32445693813580195,-0.6096061662771218,-0.9698080556109893,-0.5350633440184349,-0.26235411562488875,-0.33190859782132887,0.6408702512596288,1.0193117249457049,0.2695699134062493,0.23292430726138375,0.6123135743900535,-0.007975087293664735,0.10878846743360072
0.33543793538931377,0.5100306873621115,-0.8657576248503421,0.6270420042246707,1.334797278592421,-1.3273335070265206,2.963068512303547,-0.9066595807354182,0.6641561236118562,0.013762129541561072,-0.25137209649478587,0.19798769081247825,-0.6380682546545067,0.00993361581939856,-0.12718719538252055,0.39238880814501165,-1.232845920891501,0.37856288216773387,1.5728359605993212,2.1068842615626155,-0.7678351375553472,-1.2046691297064258,-2.0936967646125813,0.02460697770458295,-0.038784974700008024,-0.2966331810437551,0.8065348661003648,-0.9222975593465262,0.44228476104657694,1.6822339229444396,1.5733539538984314,-0.20796201511941406,-0.10383120294221462,1.310430510407458,0.4718203411140622,-1.3936099543074276,0.5185613548024329,-1.3937004786594378,-0.7521813132439201,0.5596644157345675,1.9082916870381692,-1.3578741512163435,-1.8786447971390983,0.21677667437841194,-0.9734678990341016,-1.3638858582704307,0.22483504167449192,-0.4453221225062428,-0.875766479599592,0.8471553191499374,0.7091199910845027,0.6330493280815289,0.27299662528969115,1.573677371058784,-0.028065458519052247,0.6531727687367309
0.2539971068620502,-0.8657576248503421,5.190102068630186,-2.3902021760038576,-0.8671312416420642,1.420780468766332,-7.282599556990526,-0.21826668477301445,-1.295801906851154,-0.1595326211908701,-0.9096704149282034,-2.5959765864943765,0.5855379899045718,-0.8210750735334421,-1.476773989676427,-2.136337990577829,3.507298676474857,-1.287497726617811,-4.823797853181883,-7.2072372095994695,3.46748801214683,4.007180700302732,4.64892638730174,0.11055348782513323,0.030585015199005368,1.0643690564047301,-1.1407897345400195,4.4944294126913675,-1.480635827162382,-2.8577366826109176,-5.989763301121588,-0.20699621841930463,0.24459601689601587,-4.447251197181245,-1.3357000009800402,3.1869525387440807,1.0797269356488504,2.575372824881937,4.610749874036411,-0.011552510422911963,-4.571582249681416,6.445659349998741,5.277305941866517,-2.5587112288501626,2.049572272984456,1.7774742963677328,-3.304953008757066,0.9721583799176428,2.4447024426358817,-1.3528362577802158,0.9677426041259933,-1.5225849174919677,-0.35006461354483104,-4.633472435562001,0.17350892261004702,-2.3639511575669614
0.16443293187839794,0.6270420042246707,-2.3902021760038576,1.282464667073492,1.1204457625894801,-1.2552564176554333,4.5109513947882975,-0.5322365951813319,0.8410813149176684,-0.0028720862091335397,0.12174869201672006,1.0520275439803182,-0.645941032059067,0.35048938407222524,0.3880607960509492,0.9348683798753665,-2.0066204408889194,0.727130277751832,2.7226955938835293,3.8888402874641375,-1.7070782787048089,-2.21065184677988,-2.9916219039670136,-0.11492085856386948,-0.0677745900606149,-0.5853212886285043,0.8744063401988471,-2.12381936441239,0.8558458659220313,2.0541906108392554,3.101732424975194,-0.10028381296299405,-0.16943928477936135,2.3556249672309306,0.728162594332583,-2.0663454492078968,-0.03130515350295017,-1.8165349982196217,-2.0935830149200663,0.31329744556783706,2.871452049398842,-3.093277147946276,-3.058557395450919,1.0651073011362866,-1.3862752597676395,-1.4412433532315123,1.287128267910934,-0.6380927096372296,-1.3892997857624025,1.066506015985321,0.15870425474225028,0.8944190761634657,0.3190902719987307,2.642422718391146,-0.09442586854273773,1.2129892236711246
1.1646760803790475,1.334797278592421,-0.8671312416420642,1.1204457625894801,4.062748837678084,-3.8918065686449363,6.915218842002569,-3.0437808848204755,1.7110389403174144,0.032266515441404416,-1.1468108667711716,-0.34689406751667207,-1.8494186905054608,-0.3238829420867222,-0.9419300973125889,0.5281176675559112,-2.71834984445908,0.7324892736189954,3.3193363334139234,4.176006159994319,-1.2055369182489575,-2.408452437915903,-5.087623050391571,0.1902583212163713,-0.09076093736333156,-0.5665569160967543,2.240072973278315,-1.3534507303676777,0.8566951116025837,4.452156423158061,2.896248764122695,-0.7317372725536979,-0.2287249518147551,2.658385814887049,1.0692555265931605,-3.323763327167407,2.099977467464149,-3.589330613205246,-0.7200750417267802,1.8635359502566646,4.493194689344734,-2.0429510475478945,-4.154873016248026,-0.29764366153875876,-2.3863065133644805,-3.8466560532739704,-0.49179314867657953,-1.0925475155534343,-1.9633689031507886,2.222636158851732,2.655824077607709,1.543623540111843,0.7492526957444038,3.3937588204053792,-0.015904843275059758,1.2628475930808383
-0.9699333770260664,-1.3273335070265206,1.420780468766332,-1.2552564176554333,-3.8918065686449363,3.9195462190591486,-7.15944337292291,2.7308608654427045,-1.7943317852770069,-0.16194541185464734,0.8839355126686854,0.02336383465299834,1.7203578273076694,0.29502402638221176,0.6011463961643111,-0.8643102826820274,2.9501157156994737,-0.779953992354408,-3.6156465137464133,-4.718343260367008,1.5403653147557013,2.654409407469299,5.215874551383851,-0.3170288609879707,0.03145647032161114,0.6287494761271614,-2.267953495483544,1.8748600969635945,-0.8871879459937464,-4.488671807285779,-3.4175570905059525,0.5799494066129376,0.204912263970221,-3.082682419091848,-1.2171619640555584,3.357234640085228,-1.7714423541000166,3.5930146204451208,1.2393968354952503,-1.7936006365765602,-4.619654452797526,2.7452079288356512,4.462399131816861,0.022908440291687576,2.375488926243241,3.8563156852606864,0.0031470070429655142,1.1137976100973828,2.1531257029996023,-2.1199161175445704,-2.241876550713255,-1.6953434380381387,-0.6980026180289092,-3.673231707339413,0.01077793115629788,-1.5033227445261608
1.5304091530274444,2.963068512303547,-7.282599556990526,4.5109513947882975,6.915218842002569,-7.15944337292291,18.751282419004028,-4.326881368686031,3.9243571260720556,0.060800994973916195,-0.7447166543795277,2.50459865631197,-3.491189975646046,0.604842987183333,0.1791822782288611,3.0697290068527043,-8.020186992247192,2.6463440643797203,10.513439030683372,14.489229046871563,-5.764852324019513,-8.252702898762596,-12.923088287358379,-0.0766153327376142,-0.25067797412865594,-2.116094504309446,4.520817535317772,-7.056585846668154,3.102681934543031,9.810084961088846,11.150032354041501,-0.9457651227557761,-0.6630538492310738,8.933451046879522,3.010352376931363,-8.722384905777407,1.908085716805994,-8.3240044668088,-6.347880997671303,2.6490483737862545,12.018572234674036,-10.333472634697756,-12.223906163963624,2.5710165794523014,-5.997711807099331,-7.596672878815146,3.0261837584283464,-2.763805670795643,-5.64173810086364,4.96955989504596,2.9321802643159,3.920326143648801,1.5653903422581135,10.370175817526563,-0.26203777737186756,4.4982813081350805
-1.0395674669759059,-0.9066595807354182,-0.21826668477301445,-0.5322365951813319,-3.0437808848204755,2.7308608654427045,-4.326881368686031,2.5308534467265202,-1.079628516319849,0.10657008801121355,1.1429797531276586,0.7272985150660386,1.4291847946405893,0.32497361004736836,1.0983861814876583,0.06186894312341366,1.5270590212768043,-0.4066888392744736,-1.8309163026243758,-2.0693571861342144,0.3393216977978663,1.2606334401225718,3.2755824983216435,-0.03317040368295278,0.11599732878401962,0.3003523675143099,-1.5276859822365243,0.20750720677038534,-0.5032543720058426,-3.0205551652593052,-1.2320191974529484,0.68603201003311,0.16341827596597971,-1.2688561441664863,-0.5514946598970059,2.1791511471898914,-1.906775602636081,2.452165383839978,-0.2660374506983669,-1.4192732947689035,-2.8520563848745106,0.4188913433911609,2.3879612310144465,0.6648206402061154,1.6138258649936543,2.6862285426002512,1.0145747722750378,0.7229724815050237,1.0892429331644407,-1.6138266142149966,-2.3748333267632606,-0.8997518780270795,-0.5720442320214127,-1.9002435337457446,0.005464264335115787,-0.5310490646527699
0.3598626858559702,0.6641561236118562,-1.295801906851154,0.8410813149176684,1.7110389403174144,-1.7943317852770069,3.9243571260720556,-1.079628516319849,0.9129977254915247,0.09056105162996943,-0.23203445008407764,0.35005972859690265,-0.7806929691149083,-0.006999761723255149,-0.03887056346600012,0.6492781169283318,-1.6897790438262916,0.4943816081613596,2.139149573291578,2.9190337416169077,-1.1077780809264341,-1.6355091636026082,-2.7694574253943025,0.11642219440119612,-0.01646692463495793,-0.39947915334601686,1.0844176289765506,-1.3876860898921406,0.5633983520684989,2.2258810183579114,2.222133214769087,-0.20644256909101272,-0.11862905824912773,1.869633928161547,0.6830402481305244,-1.8073456663753114,0.5715459325271883,-1.8177026704831198,-1.14471233156043,0.7348947380374553,2.5141999042645713,-2.011125125398156,-2.550104018540795,0.34898310699513874,-1.2499538441314793,-1.8175574892355082,0.4538407470904169,-0.585737882059932,-1.21781224898237,1.051655280360735,0.77944535895516,0.8999802696095692,0.33169033295834127,2.139549079990777,-0.027698396722923308,0.9433499023302473
-0.09969337092403968,0.013762129541561072,-0.1595326211908701,-0.0028720862091335397,0.032266515441404416,-0.16194541185464734,0.060800994973916195,0.10657008801121355,0.09056105162996943,0.12720911927456904,0.11808151122065244,0.07849349123941374,0.06474325625311761,-0.0657537372768777,0.15953031429515427,0.19308397251343454,-0.11258147122578979,-0.021324899424775876,0.09082590958680974,0.18980154905021143,-0.11552167130800914,-0.05427687655475952,-0.058573185647557466,0.1587379603723471,0.05884993962745268,0.0042100360163515845,0.08249489519455988,-0.22896434285401399,-0.05139443464508598,0.08305348558236127,0.195728464954993,0.091551284651086,0.027259890819732815,0.21035128739645184,0.10973382126719489,0.032283613984238166,-0.10312728838832888,-0.005955626364100524,-0.1742578543378411,0.057712521070454076,0.019847339331735697,-0.28319602858426235,-0.1261980995780157,0.045953627289336496,0.038802963994623914,-0.10793966750152466,0.16761986216767105,-7.32570087399375e-4,-0.11333337489249738,-0.07564062002534948,-0.16139157226736728,0.11810578185185931,-0.03687331382536922,0.10443326815772982,0.021469115195538086,0.12995826823384626
-0.5151103587208374,-0.25137209649478587,-0.9096704149282034,0.12174869201672006,-1.1468108667711716,0.8839355126686854,-0.7447166543795277,1.1429797531276586,-0.23203445008407764,0.11808151122065244,0.6616118464380581,0.715764302433572,0.5440464340306214,0.23114352452064837,0.7414097331787385,0.41248615153976115,0.0906600544176071,0.007076321229944691,-0.03633628065827402,0.24848786336931836,-0.4063500379286196,-0.0716487279956499,0.6845277173882814,0.032029785468303804,0.06756287628018079,-0.025968320219437787,-0.44707524517856,-0.655895197096556,-0.017481109883426264,-0.8278656121862943,0.42755765371217175,0.35580905836646864,0.04393595023196341,0.1929351461735569,0.004389219272937475,0.4696966986167237,-1.0031138483780033,0.6592618874608629,-0.8515726869576223,-0.575263205241154,-0.5320939557210015,-0.8715687355689282,0.1915864760941785,0.6716658737229848,0.3988864693675103,0.8342290785726183,0.9748227677902891,0.16397105258284858,0.060037429840202036,-0.5144268070085017,-1.2072312861930357,-0.11269507576381725,-0.20525258660254772,-0.08767992417004783,-0.014516817677572527,0.17070465765441958
-0.3674206643134523,0.19798769081247825,-2.5959765864943765,1.0520275439803182,-0.34689406751667207,0.02336383465299834,2.50459865631197,0.7272985150660386,0.35005972859690265,0.07849349123941374,0.715764302433572,1.4558858861167705,0.0576387573803738,0.5047403678775115,0.9765418134217483,1.0335113827105036,-1.3296001624902507,0.5403807464077562,1.9097427980285397,3.010662587703509,-1.6097184252856784,-1.657485053696805,-1.4645851866403996,-0.09813249984508268,0.0012049529517777974,-0.4518769662689619,0.1612428160867542,-2.1280303468499806,0.6180555238137021,0.6346343892551384,2.617755437443478,0.25661268780360663,-0.08654888976489121,1.838385339651486,0.49940107636069797,-1.0363822109726388,-0.9968233392953256,-0.6544953608851175,-2.318144412540071,-0.36637499766201526,1.541770196786255,-3.0306414688182093,-1.9867523009570982,1.4301403292373245,-0.6165162303917069,-0.1770686730331002,1.8598486100856488,-0.29826936257059167,-0.9128239274479953,0.2796056387366006,-1.046585964558251,0.500724348491038,0.03662179073773387,1.7957098817080597,-0.08934085301862543,1.0110694854608828
-0.576291824383177,-0.6380682546545067,0.5855379899045718,-0.645941032059067,-1.8494186905054608,1.7203578273076694,-3.491189975646046,1.4291847946405893,-0.7806929691149083,0.06474325625311761,0.5440464340306214,0.0576387573803738,0.9100663427874615,0.05232986131247346,0.44666893496349913,-0.22954800280467344,1.3476656200413615,-0.4200694723566727,-1.7125479066396745,-2.1687528624262917,0.6654430110234112,1.279702665975141,2.516586857396478,0.031112897506320576,0.08310332256154192,0.32272429281444054,-1.0147934345534169,0.7135341886160745,-0.5087483074177859,-2.1092112345260268,-1.5174531649157803,0.3798640244509629,0.13458566129210459,-1.3124146820002154,-0.48189520586516277,1.7026019859348733,-0.950935760640664,1.7609169702107133,0.4732240202558112,-0.796449989045793,-2.272701592553495,1.101416445979628,2.0877745574674926,0.01859046874153392,1.2193920893409584,1.7579935980579957,0.13993606409857468,0.5491629217507844,0.9459840995757358,-1.128467063340474,-1.2462523873030242,-0.7031595462657354,-0.3830257159612994,-1.72298873371513,0.03245331031336648,-0.6141326432231679
-0.11310609698261702,0.00993361581939856,-0.8210750735334421,0.35048938407222524,-0.3238829420867222,0.29502402638221176,0.604842987183333,0.32497361004736836,-0.006999761723255149,-0.0657537372768777,0.23114352452064837,0.5047403678775115,0.05232986131247346,0.2531212159309687,0.2892779797250537,0.22307051690521285,-0.30286815652981347,0.18764589333008053,0.5098928458361087,0.8146625098176007,-0.4690763196252548,-0.4815235176307077,-0.2929109299002929,-0.16268363686524903,-0.03953554163366965,-0.14692374378798698,-0.09460515300237167,-0.5739019149753567,0.2333558785731183,-0.010992650485808685,0.7173939234687852,0.05975841466760799,-0.044218725203378544,0.42105728712217333,0.061907393182795235,-0.2729755728666465,-0.3878387560942948,-0.08834951204958263,-0.7134246631622163,-0.2589021914022216,0.37527714782336824,-0.8434016554067147,-0.47893919778525856,0.519858992221141,-0.15935218880601587,0.17724933718088048,0.5945737539612982,-0.06388858508343288,-0.1770991696721345,0.06840353308310196,-0.38593019405274354,0.033622010159985644,0.009002020073740603,0.45559498438062773,-0.048674626787469366,0.23227502224485158
-0.5271839211347968,-0.12718719538252055,-1.476773989676427,0.3880607960509492,-0.9419300973125889,0.6011463961643111,0.1791822782288611,1.0983861814876583,-0.03887056346600012,0.15953031429515427,0.7414097331787385,0.9765418134217483,0.44666893496349913,0.2892779797250537,0.8913863439815133,0.6759203718881823,-0.3527335954424593,0.15059819412890713,0.5506121761012482,1.1135771678728845,-0.8043353414993353,-0.5446812516021835,0.07212365614608557,0.057877348335673595,0.07374264404644038,-0.14740146646718183,-0.2556782666473761,-1.1813661054277638,0.14298059169708013,-0.40456150025390925,1.1372955283684891,0.3734789581281423,0.019545585847665758,0.7486629722409556,0.18728466980642802,0.06837114096673665,-1.0700754249531168,0.30214533719916653,-1.3593550032491197,-0.5104470980827943,0.0486201140897729,-1.6197066232901822,-0.46946996067402813,0.9218583461198767,0.1371431545572741,0.528550274316768,1.3203458994969584,0.03622983666903996,-0.2578585696724299,-0.3342183883408298,-1.2596037875871846,0.10535076219639611,-0.15662485413591612,0.48409286758577935,-0.027926907484976744,0.4635285576821919
-0.14914541305142007,0.39238880814501165,-2.136337990577829,0.9348683798753665,0.5281176675559112,-0.8643102826820274,3.0697290068527043,0.06186894312341366,0.6492781169283318,0.19308397251343454,0.41248615153976115,1.0335113827105036,-0.22954800280467344,0.22307051690521285,0.6759203718881823,1.0193950195921924,-1.5385371805063601,0.4887368134355571,2.0328209955286933,3.0599351823061873,-1.4629475326600034,-1.6513637802853518,-2.0085861709097776,0.1323060580753566,0.04616778474961731,-0.41737356693199257,0.60576273320557394,-1.9697712716839249,0.5349165634990574,1.3401944149907934,2.557767855530713,0.1412452064772266,-0.07181130507454575,1.9897374588538694,0.656934618356323,-1.2948486541752797,-0.41992898938281337,-1.1189806243215457,-1.9287823190932893,0.143432050331246,1.9144312728308617,-2.7826760681197262,-2.2732197406601338,0.9862868922818454,-0.8246778548208216,-0.9387576122388454,1.3854497674085262,-0.41018737764763574,-1.1116604010342763,0.5189698573374232,-0.41579271777511634,0.756836414633907,0.12407981175503079,1.9782779463998523,-0.04303972604420095,1.0685952143208797
-0.4840282822525665,-1.232845920891501,3.507298676474857,-2.0066204408889194,-2.71834984445908,2.9501157156994737,-8.020186992247192,1.5270590212768043,-1.6897790438262916,-0.11258147122578979,0.0906600544176071,-1.3296001624902507,1.3476656200413615,-0.30286815652981347,-0.3527335954424593,-1.5385371805063601,3.5307765455059714,-1.1507008537973769,-4.626656381580669,-6.487170480268016,2.684178298060126,3.653331041187561,5.486449606709066,-0.0410536031948247,0.06651122033262725,0.9299711417759262,-1.8869049491267242,3.3664247424996403,-1.3306866871260206,-4.094051946566189,-5.079453788492958,0.2759510107203428,0.2672117935747944,-4.0483097414514475,-1.3640639808612884,3.6708152112163033,-0.5102266239267511,3.45821791504218,3.0891056017829626,-1.021663471192727,-5.117169173145695,4.882664126331261,5.347084100040853,-1.334587267081466,2.4958054549890876,3.133321154389386,-1.6659946321633152,1.1624865174130372,2.4988366899369945,-1.999298290165362,-0.8774865878008061,-1.7311812931854687,-0.6117453744379884,-4.556347122593935,0.10973878198123412,-2.0707957951507403
0.14359148146218567,0.37856288216773387,-1.287497726617811,0.727130277751832,0.7324892736189954,-0.779953992354408,2.6463440643797203,-0.4066888392744736,0.4943816081613596,-0.021324899424775876,0.007076321229944691,0.5403807464077562,-0.4200694723566727,0.18764589333008053,0.15059819412890713,0.4887368134355571,-1.1507008537973769,0.4190157839999139,1.5600811469429419,2.199215781396315,-0.9387684754178629,-1.259833714034173,-1.7687761938943818,-0.08110161065871815,-0.0489313400500509,-0.33530834139383786,0.5315278648946145,-1.1490855398360529,0.49747778825944095,1.2400233706532495,1.7318607736510678,-0.09350711142553451,-0.10261838048299594,1.3218778480092235,0.40907959882578887,-1.2274151927583568,0.07101111761182706,-1.0966393603151123,-1.12004579721895,0.22152193825488115,1.6907175894782784,-1.6846043264834416,-1.7621363971943014,0.5529950582916083,-0.8316640316339255,-0.8869552225480872,0.6483522007366934,-0.38026434399248055,-0.7936969729066418,0.6595756652497282,0.20082672217727832,0.5142489778118384,0.20287274811352418,1.5164017258944238,-0.054849423112103224,0.672231770237734
0.5850760182116114,1.5728359605993212,-4.823797853181883,2.7226955938835293,3.3193363334139234,-3.6156465137464133,10.513439030683372,-1.8309163026243758,2.139149573291578,0.09082590958680974,-0.03633628065827402,1.9097427980285397,-1.7125479066396745,0.5098928458361087,0.5506121761012482,2.0328209955286933,-4.626656381580669,1.5600811469429419,6.129214989325728,8.625758856988242,-3.620338040320707,-4.876168997565654,-7.133964570468484,-0.048418651290303545,-0.11270968261155613,-1.261182382007697,2.3540321283176713,-4.518593189069508,1.8174369893709952,5.21469463286457,6.7792810135216035,-0.34294517034664873,-0.3633303482468679,5.332110174614597,1.7504953886059862,-4.821926981940078,0.4990619365926281,-4.464462493113316,-4.234343769411217,1.1790867703868986,6.70684430150615,-6.56966821573308,-7.025947158209734,1.9214674845844386,-3.27034463923522,-3.9109405624001066,2.3696939192399435,-1.518847175265515,-3.2518417164407047,2.5974570534744736,0.9774916521951095,2.212364883573608,0.7939217463935849,6.007818825121955,-0.16631682359740685,2.7237702148367133
0.5904957239210501,2.1068842615626155,-7.2072372095994695,3.8888402874641375,4.176006159994319,-4.718343260367008,14.489229046871563,-2.0693571861342144,2.9190337416169077,0.18980154905021143,0.24848786336931836,3.010662587703509,-2.1687528624262917,0.8146625098176007,1.1135771678728845,3.0599351823061873,-6.487170480268016,2.199215781396315,8.625758856988242,12.275728593407887,-5.287613689894265,-6.905184466780419,-9.754585086907271,-0.04166695018835715,-0.12452416816519399,-1.7875346285069267,3.1267666413528974,-6.67153441628588,2.5485359922545974,6.989732410462066,9.753486343499429,-0.3198336197522499,-0.4906266089039004,7.6127022169694145,2.4767653985508757,-6.5843749741852005,0.25484080564172235,-6.000450051693465,-6.352700955816415,1.413380732810424,9.216595628257904,-9.659788383399002,-9.824010017724868,3.005696709773759,-4.429148422699915,-5.152083985975626,3.778987880007975,-2.067643812615251,-4.563837035272726,3.4277819188910117,0.8348371771039753,3.076328578883974,1.025462131442788,8.43363382475828,-0.23900582209475482,3.922595961594345
-0.017088752988931588,-0.7678351375553472,3.46748801214683,-1.7070782787048089,-1.2055369182489575,1.5403653147557013,-5.764852324019513,0.3393216977978663,-1.1077780809264341,-0.11552167130800914,-0.4063500379286196,-1.6097184252856784,0.6654430110234112,-0.4690763196252548,-0.8043353414993353,-1.4629475326600034,2.684178298060126,-0.9387684754178629,-3.620338040320707,-5.287613689894265,2.417261365720222,2.9504086437740713,3.7888848342976646,0.02993232258478203,0.030223395006181635,0.7705332907419056,-1.0925935691379596,3.1049494477968014,-1.080074786925868,-2.543658516179402,-4.305284274468931,-0.021524306047841498,0.19124725568288048,-3.28168583590137,-1.032039342785807,2.5664081346528294,0.361875516865527,2.2201165083173597,3.0746833452357283,-0.3087632015565702,-3.6419321668295783,4.46619385290736,4.04620584542955,-1.591893144419917,1.6889851659230883,1.7577079920804588,-2.0455258892502264,0.7959585753766926,1.8841859919233808,-1.2151034025910474,0.2052256629565737,-1.227590867104002,-0.34102390818117473,-3.511573050872038,0.11205181923256323,-1.721861423896422
-0.3943243404408804,-1.2046691297064258,4.007180700302732,-2.21065184677988,-2.408452437915903,2.654409407469299,-8.252702898762596,1.2606334401225718,-1.6355091636026082,-0.05427687655475952,-0.0716487279956499,-1.657485053696805,1.279702665975141,-0.4815235176307077,-0.5446812516021835,-1.6513637802853518,3.653331041187561,-1.259833714034173,-4.876168997565654,-6.905184466780419,2.9504086437740713,3.9074974216909424,5.556056991384026,0.08694193079862873,0.09648959255499351,1.0169529748523158,-1.764707612492561,3.684945752635633,-1.471009784804288,-3.977404036042451,-5.460854585280742,0.23080710107748056,0.2922905567560257,-4.24345125151946,-1.3674201113725073,3.7783070732920967,-0.22185188420199253,3.4369879902972174,3.518047898527771,-0.8035431526398145,-5.258987782827631,5.356699103856155,5.551265949123171,-1.6707290792636933,2.5511341852970277,2.9208807879482235,-2.0491965912263512,1.1818831624910089,2.5566958603914296,-2.0006512520310653,-0.5829112331543611,-1.7082008022365025,-0.6054845778404823,-4.764510186744172,0.14380437836170804,-2.1772423554220084
-1.1699827995610974,-2.0936967646125813,4.64892638730174,-2.9916219039670136,-5.087623050391571,5.215874551383851,-12.923088287358379,3.2755824983216435,-2.7694574253943025,-0.058573185647557466,0.6845277173882814,-1.4645851866403996,2.516586857396478,-0.2929109299002929,0.07212365614608557,-2.0085861709097776,5.486449606709066,-1.7687761938943818,-7.133964570468484,-9.754585086907271,3.7888848342976646,5.556056991384026,8.976535819195695,-0.011873843919490725,0.16551662503748704,1.4120040176292727,-3.2449606877314867,4.62200672602629,-2.0703574635177615,-6.9438754428923835,-7.444844189559695,0.722189406621826,0.4500999615272349,-6.042967770706601,-2.077453716276216,6.027105644040909,-1.598764889408598,5.844798177909,4.048526659171126,-2.019400609424199,-8.293737064855693,6.775372352613492,8.359476372971113,-1.5115231408674554,4.163881796403565,5.466990619124747,-1.762825666076548,1.9195697490751473,3.8741822527077665,-3.4969861002632556,-2.335145779991209,-2.734960186748505,-1.1105457108399257,-7.063636870427935,0.16092062433762674,-3.0292038984723
-0.05415812951022139,0.02460697770458295,0.11055348782513323,-0.11492085856386948,0.1902583212163713,-0.3170288609879707,-0.0766153327376142,-0.03317040368295278,0.11642219440119612,0.1587379603723471,0.032029785468303804,-0.09813249984508268,0.031112897506320576,-0.16268363686524903,0.057877348335673595,0.1323060580753566,-0.0410536031948247,-0.08110161065871815,-0.048418651290303545,-0.04166695018835715,0.02993232258478203,0.08694193079862873,-0.011873843919490725,0.22818023648936694,0.07563318558990441,0.04991465150631589,0.14426230093080608,-0.05529663595189578,-0.12779826965056043,0.13849549470608585,-0.014562894792182528,0.06868251259173913,0.04241320088477788,0.1034326021918557,0.10591943897744233,0.09593222853848533,0.04893624776837401,-0.012857214275006093,0.05879109145388644,0.17192220594506255,-0.06443129406056407,-0.025294511555958528,-0.008491778241547366,-0.13809515474408193,0.07253225910336589,-0.21753054417942308,-0.036055961425160946,0.010066325227281729,-0.07841069601426523,-0.08167840134823806,-0.008116933735249356,0.1302104805026768,-0.03451638043086168,-0.014387526010294005,0.039780916670618886,0.06918134314114918
-0.07075020169994815,-0.038784974700008024,0.030585015199005368,-0.0677745900606149,-0.09076093736333156,0.03145647032161114,-0.25067797412865594,0.11599732878401962,-0.01646692463495793,0.05884993962745268,0.06756287628018079,0.0012049529517777974,0.08310332256154192,-0.03953554163366965,0.07374264404644038,0.04616778474961731,0.06651122033262725,-0.0489313400500509,-0.11270968261155613,-0.12452416816519399,0.030223395006181635,0.09648959255499351,0.16551662503748704,0.07563318558990441,0.03153449259233546,0.03234129950348014,-0.02949604623834484,-0.004356241664225345,-0.06962525940722944,-0.10817063025987023,-0.07226184654020637,0.05768360701749531,0.02311813259796805,-0.032245272191915794,0.006691353020935803,0.14515196529845834,-0.07873511849967034,0.12124915260637725,0.010600273943369279,-0.01367994228421507,-0.16972828828126232,0.017925762611341156,0.12242000015131867,-0.016199927365830875,0.10766889541646663,0.06327343437326156,0.03672436267716773,0.04031756355618113,0.030755627484973392,-0.1106169791558461,-0.12203356430990642,-0.002155799674300164,-0.04075424676211861,-0.10503139101732435,0.01383043935632073,-0.0058587789303076645
-0.09639589847559855,-0.2966331810437551,1.0643690564047301,-0.5853212886285043,-0.5665569160967543,0.6287494761271614,-2.116094504309446,0.3003523675143099,-0.39947915334601686,0.0042100360163515845,-0.025968320219437787,-0.4518769662689619,0.32272429281444054,-0.14692374378798698,-0.14740146646718183,-0.41737356693199257,0.9299711417759262,-0.33530834139383786,-1.261182382007697,-1.7875346285069267,0.7705332907419056,1.0169529748523158,1.4120040176292727,0.04991465150631589,0.03234129950348014,0.27349139562373626,-0.4252182472172697,0.9535651110586717,-0.3961897538222458,-0.9883017335565927,-1.4145243360178026,0.06088701166843802,0.07689882933025732,-1.087496111194283,-0.33719285766157236,0.9744927751102362,-0.031414747448255474,0.8725617688828012,0.9272854933619135,-0.17222286764226535,-1.3494227083663266,1.3932743253095572,1.4207031163147459,-0.45286654378611435,0.657826404715024,0.709667527254868,-0.5553890150761758,0.3054942824648031,0.6447645214377602,-0.5113527942442776,-0.1249121471414287,-0.42528799558948616,-0.15674727608022648,-1.2228936110704032,0.042645776058916895,-0.5509508085913503
0.5415715632989473,0.8065348661003648,-1.1407897345400195,0.8744063401988471,2.240072973278315,-2.267953495483544,4.520817535317772,-1.5276859822365243,1.0844176289765506,0.08249489519455988,-0.44707524517856,0.1612428160867542,-1.0147934345534169,-0.09460515300237167,-0.2556782666473761,0.60576273320557394,-1.8869049491267242,0.5315278648946145,2.3540321283176713,3.1267666413528974,-1.0925935691379596,-1.764707612492561,-3.2449606877314867,0.14426230093080608,-0.02949604623834484,-0.4252182472172697,1.339509250106759,-1.3356976364970774,0.6092558016590227,2.7049499649072906,2.311616816795714,-0.32424315975492407,-0.13847944075911964,2.0074220990435148,0.7607276956487748,-2.11268470875542,0.9301914304837864,-2.192503893034459,-0.9980200940757022,0.996834294048738,2.910874318787112,-1.9529334495978055,-2.857753294538873,0.16864328734240217,-1.4823574583229584,-2.2674482638624776,0.20546396171992232,-0.6905155744499323,-1.3638726373543235,1.2978223097136612,1.2124784148483625,1.0362955890422811,0.4210622751998749,2.3735973620022532,-0.021590767055440104,0.993146369124632
0.10316727902190292,-0.9222975593465262,4.4944294126913675,-2.12381936441239,-1.3534507303676777,1.8748600969635945,-7.056585846668154,0.20750720677038534,-1.3876860898921406,-0.22896434285401399,-0.655895197096556,-2.1280303468499806,0.7135341886160745,-0.5739019149753567,-1.1813661054277638,-1.9697712716839249,3.3664247424996403,-1.1490855398360529,-4.518593189069508,-6.67153441628588,3.1049494477968014,3.684945752635633,4.62200672602629,-0.05529663595189578,-0.004356241664225345,0.9535651110586717,-1.3356976364970774,4.050868944880106,-1.3038138594941209,-3.0779499613223953,-5.484917938248376,-0.12491763144938832,0.21512098616801312,-4.197382745685351,-1.336430091941248,3.0901217985575364,0.6384138361867633,2.658354411868156,4.009214986865978,-0.33641621314049275,-4.439454833355394,5.791731434165378,5.043320910020805,-2.0816114776759016,2.0119728019103307,2.12008791680389,-2.7509331392095873,0.9621680082926833,2.3826020953859186,-1.3903194531544596,0.504656192919422,-1.5674246776194372,-0.37350854323852706,-4.384597889287064,0.12853944397226647,-2.221997055433413
0.19013380399578603,0.44228476104657694,-1.480635827162382,0.8558458659220313,0.8566951116025837,-0.8871879459937464,3.102681934543031,-0.5032543720058426,0.5633983520684989,-0.05139443464508598,-0.017481109883426264,0.6180555238137021,-0.5087483074177859,0.2333558785731183,0.14298059169708013,0.5349165634990574,-1.3306866871260206,0.49747778825944095,1.8174369893709952,2.5485359922545974,-1.080074786925868,-1.471009784804288,-2.0703574635177615,-0.12779826965056043,-0.06962525940722944,-0.3961897538222458,0.6092558016590227,-1.3038138594941209,0.5962141943410637,1.4437229699914866,1.9967866727320893,-0.12947050598637305,-0.12591732982831452,1.5128573828733378,0.4586837770489827,-1.451796263680212,0.10686098215764447,-1.2911093716134627,-1.2801143277340468,0.249868793669235,1.9862950614304624,-1.922665053516614,-2.047614923434491,0.6385144074393939,-0.987387756039191,-1.0237655839413924,0.7272774252876144,-0.4482224109368385,-0.9105617810142127,0.7920613557683661,0.2715108399589685,0.5819824569159859,0.24679896203416152,1.7626126885955185,-0.06893306808313915,0.7634009550592218
1.0928123681451842,1.6822339229444396,-2.8577366826109176,2.0541906108392554,4.452156423158061,-4.488671807285779,9.810084961088846,-3.0205551652593052,2.2258810183579114,0.08305348558236127,-0.8278656121862943,0.6346343892551384,-2.1092112345260268,-0.010992650485808685,-0.40456150025390925,1.3401944149907934,-4.094051946566189,1.2400233706532495,5.21469463286457,6.989732410462066,-2.543658516179402,-3.977404036042451,-6.9438754428923835,0.13849549470608585,-0.10817063025987023,-0.9883017335565927,2.7049499649072906,-3.0779499613223953,1.4437229699914866,5.6110459040496945,5.221084883607411,-0.6716485116911859,-0.32585695418473176,4.392288127475344,1.5880200677374874,-4.600695861072453,1.7290100399447106,-4.636129010915715,-2.481964928676035,1.8919987645683347,6.314468636686014,-4.523086389750677,-6.231035210610296,0.6671581829867607,-3.2133887004990065,-4.582757306962329,0.7565696590616158,-1.485611962934289,-2.9206202602436133,2.779887913234201,2.339216927638453,2.146184274368126,0.8990868126021597,5.212429366219647,-0.08468035569126572,2.1747530069758785
0.2840755662164009,1.5733539538984314,-5.989763301121588,3.101732424975194,2.896248764122695,-3.4175570905059525,11.150032354041501,-1.2320191974529484,2.222133214769087,0.195728464954993,0.42755765371217175,2.617755437443478,-1.5174531649157803,0.7173939234687852,1.1372955283684891,2.557767855530713,-5.079453788492958,1.7318607736510678,6.7792810135216035,9.753486343499429,-4.305284274468931,-5.460854585280742,-7.444844189559695,-0.014562894792182528,-0.07226184654020637,-1.4145243360178026,2.311616816795714,-5.484917938248376,1.9967866727320893,5.221084883607411,7.830543912837921,-0.1257276914419867,-0.3701857809459319,6.065462652961645,1.9557446464372845,-5.0191833483115555,-0.14744937952707243,-4.496118337744306,-5.298674901852367,0.9182677659137947,7.071672661830194,-7.912473753100693,-7.67128406133982,2.5982257578857517,-3.347000765406725,-3.7734721346180033,3.3142966713922446,-1.5704650184143771,-3.5763046354131305,2.5183799166455416,0.23680973411933443,2.38703831967918,0.7349146029798849,6.611744381390571,-0.19197097333037103,3.1516765694319435
-0.31228768483682007,-0.20796201511941406,-0.20699621841930463,-0.10028381296299405,-0.7317372725536979,0.5799494066129376,-0.9457651227557761,0.68603201003311,-0.20644256909101272,0.091551284651086,0.35580905836646864,0.25661268780360663,0.3798640244509629,0.05975841466760799,0.3734789581281423,0.1412452064772266,0.2759510107203428,-0.09350711142553451,-0.34294517034664873,-0.3198336197522499,-0.021524306047841498,0.23080710107748056,0.722189406621826,0.06868251259173913,0.05768360701749531,0.06088701166843802,-0.32424315975492407,-0.12491763144938832,-0.12947050598637305,-0.6716485116911859,-0.1257276914419867,0.21918241904343663,0.051277080121392114,-0.14842510587122953,-0.06461725462483683,0.5140597647157981,-0.5414593947909582,0.5712430110647239,-0.21727645902916695,-0.32540028798875203,-0.6365954429728684,-0.1269570957798055,0.45867025451995924,0.22314907056004724,0.39236215054862605,0.5906861543315652,0.38334685450924055,0.16542375611306825,0.18128560565666038,-0.421155378270425,-0.6858099197018795,-0.14351128630291338,-0.1557088211974897,-0.35703994461517835,0.009444105522368705,-0.03546014873688776
-0.0727178058025496,-0.10383120294221462,0.24459601689601587,-0.16943928477936135,-0.2287249518147551,0.204912263970221,-0.6630538492310738,0.16341827596597971,-0.11862905824912773,0.027259890819732815,0.04393595023196341,-0.08654888976489121,0.13458566129210459,-0.044218725203378544,0.019545585847665758,-0.07181130507454575,0.2672117935747944,-0.10261838048299594,-0.3633303482468679,-0.4906266089039004,0.19124725568288048,0.2922905567560257,0.4500999615272349,0.04241320088477788,0.02311813259796805,0.07689882933025732,-0.13847944075911964,0.21512098616801312,-0.12591732982831452,-0.32585695418473176,-0.3701857809459319,0.051277080121392114,0.031960825397503834,-0.2774236351717682,-0.08421457909505838,0.3210185982596204,-0.0773089452949756,0.2914253933819459,0.20723634879140507,-0.07317650591289687,-0.42868317740939454,0.3254652761501363,0.4166831708296432,-0.09985687373662179,0.22325944730131506,0.23619151196857818,-0.08535536262836549,0.09683142412983849,0.17939095332879923,-0.19441115828225355,-0.12722058089179497,-0.11036714814768506,-0.06276799181086662,-0.3559578542385907,0.015166403584623948,-0.13840789797920736
0.31824818647303005,1.310430510407458,-4.447251197181245,2.3556249672309306,2.658385814887049,-3.082682419091848,8.933451046879522,-1.2688561441664863,1.869633928161547,0.21035128739645184,0.1929351461735569,1.838385339651486,-1.3124146820002154,0.42105728712217333,0.7486629722409556,1.9897374588538694,-4.0483097414514475,1.3218778480092235,5.332110174614597,7.6127022169694145,-3.28168583590137,-4.24345125151946,-6.042967770706601,0.1034326021918557,-0.032245272191915794,-1.087496111194283,2.0074220990435148,-4.197382745685351,1.5128573828733378,4.392288127475344,6.065462652961645,-0.14842510587122953,-0.2774236351717682,4.798182270523342,1.5972661984887855,-4.021540414094728,0.15295203293446014,-3.7160423195496093,-3.9405800694767845,0.9543417143322016,5.671952971819379,-6.045617747483758,-6.100267020852647,1.8062392024869227,-2.698339142058557,-3.2971289267808914,2.3633522212846594,-1.2763142292153706,-2.8760329869306562,2.064306864930994,0.4726295112428381,1.9841373658684047,0.6115822940487011,5.226727265253463,-0.12694869206647727,2.4785293233888246
0.1436663433888075,0.4718203411140622,-1.3357000009800402,0.728162594332583,1.0692555265931605,-1.2171619640555584,3.010352376931363,-0.5514946598970059,0.6830402481305244,0.10973382126719489,0.004389219272937475,0.49940107636069797,-0.48189520586516277,0.061907393182795235,0.18728466980642802,0.656934618356323,-1.3640639808612884,0.40907959882578887,1.7504953886059862,2.4767653985508757,-1.032039342785807,-1.3674201113725073,-2.077453716276216,0.10591943897744233,0.006691353020935803,-0.33719285766157236,0.7607276956487748,-1.336430091941248,0.4586837770489827,1.5880200677374874,1.9557446464372845,-0.06461725462483683,-0.08421457909505838,1.5972661984887855,0.5637234330428691,-1.3488866728255593,0.1742014404844697,-1.3020912512994975,-1.1937450223364574,0.43519252847965667,1.9123558641136444,-1.9135983359761717,-2.0425433455472635,0.484474774633968,-0.9110760127850922,-1.250623641515842,0.6623310786204055,-0.4342264661219781,-0.98480127677468,0.7130934351872751,0.2845512436792058,0.7085673084995097,0.21243577471508354,1.7351548679556894,-0.027073806813715857,0.8267559934045384
-0.8068257820602768,-1.3936099543074276,3.1869525387440807,-2.0663454492078968,-3.323763327167407,3.357234640085228,-8.722384905777407,2.1791511471898914,-1.8073456663753114,0.032283613984238166,0.4696966986167237,-1.0363822109726388,1.7026019859348733,-0.2729755728666465,0.06837114096673665,-1.2948486541752797,3.6708152112163033,-1.2274151927583568,-4.821926981940078,-6.5843749741852005,2.5664081346528294,3.7783070732920967,6.027105644040909,0.09593222853848533,0.14515196529845834,0.9744927751102362,-2.11268470875542,3.0901217985575364,-1.451796263680212,-4.600695861072453,-5.0191833483115555,0.5140597647157981,0.3210185982596204,-4.021540414094728,-1.3488866728255593,4.094591882271515,-1.0443267119611703,3.92141400744257,2.75778498294702,-1.2743903099270537,-5.604364455470078,4.55503226308587,5.6178766675906715,-1.08393429018305,2.8310959589678326,3.571761912707579,-1.212537892296906,1.2955769924267877,2.5695737771397034,-2.3844903219113296,-1.5633060021624985,-1.7807748046435745,-0.7613139348626281,-4.7573234294914695,0.12667428794247365,-2.006803370979369
