V1,V2,V3,V4,V5,V6,V7,V8,V9,V10,V11,V12,V13,V14,V15,V16,V17,V18,V19,V20,V21,V22,V23,V24,V25,V26,V27,V28,V29,V30,V31,V32,V33,V34,V35,V36,V37,V38,V39,V40,V41,V42,V43,V44,V45,V46,V47,V48,V49,V50,V51,V52,V53,V54,V55,V56
29837634.62898503,-4143438.8735646233,304789.0331332973,-2443081.7389213587,-17304171.920325927,17687238.13879172,-6986687.93533341,-12720030.70615236,-8020441.9662430985,-22164778.971488707,-5441176.532143809,-464761.22790686646,20835323.76364009,-36869458.82464969,-15363640.146617051,25246139.610821858,-21619368.33039834,-12013842.023276754,-52605324.480399765,7117059.199679578,-23350959.04992406,-2303795.940871668,-31668995.07335006,-52781808.38444572,4641322.246740024,-4851321.935496026,-12609865.195670443,-8830023.615673533,2140935.875188727,-10971367.536587393,7363356.714811919,-13783444.251553921,2623430.7364789736,12075584.841984916,20048292.52966102,25246546.449600216,6461534.683367785,22745115.122795526,-38861547.953076094,-31315198.06964912,-441154.88092102617,8822914.514732301,12388209.750469876,-23545720.016276214,-8420196.869235562,2013174.974733341,-11133488.238202523,-27146119.925630216,-94803.01458640401,-28597771.637553018,-11754896.89401275,19329372.21679489,11930441.12658069,60204711.03127014,8595903.150493385,4050309.391771304
-4143438.8735646233,575385.0053112862,-42325.05841050169,339261.417118194,2402964.3726110444,-2456160.833204265,970215.503506367,1766383.3868544542,1113769.1694100471,3077938.239457228,755596.9570834158,64540.87605493328,-2893322.70252519,5119923.343907614,2133490.68201979,-3505836.133334228,3002200.0537286266,1668316.2314420093,7305103.430001127,-988319.187469985,3242658.662910753,319918.46568927524,4397753.995844928,7329610.01308097,-644522.8959008487,673685.9887810161,1751083.6385296483,1226192.582445746,-297303.0089331804,1523552.490299627,-1022522.1427170285,1914053.8349398032,-364305.26593159395,-1676890.5759826174,-2784030.41898941,-3505892.1383151156,-897289.0161720364,-3158528.138128432,5396555.174828023,4348622.01382928,61261.571313058776,-1225205.0449392442,-1720303.2286447948,3269705.22918318,1169280.2447617159,-279562.4564054314,1546066.499929157,3769679.1996982098,13165.066925208484,3971264.6235502814,1632358.2307077483,-2684197.301868494,-1656734.799646699,-8360400.538252228,-1193680.1989278826,-562450.8420932593
304789.0331332973,-42325.05841050169,3113.422774654633,-24955.874958886252,-176760.70248799794,180673.88050421656,-71368.53898344762,-129934.2164578179,-81928.26953015696,-226411.3922958884,-55581.357427834024,-4747.6477344582445,212831.2260744467,-376618.7783112285,-156938.39656535833,257887.3677810507,-220840.1721038085,-122720.38654289958,-537359.4004074472,72700.22505340514,-238528.14447518974,-23532.981772993153,-323496.37522998446,-539162.0531461329,47410.73768960441,-49556.028564148255,-128808.71420347202,-90198.06513710928,21869.425744232252,-112071.6829379018,75216.18090276659,-140796.70519043593,26798.061600266727,123351.13258810808,204791.72049074108,257891.47672551873,66004.09894248252,232339.58446950774,-396967.55869359063,-319882.1723590447,-4506.38041847519,90125.4012997449,126544.520938362,-240517.70012892337,-86011.5701040768,20564.482123699003,-113727.85116355639,-277295.5156636275,-968.418393879207,-292124.03013414645,-120075.3798202484,197448.09262131332,121868.4736479025,614986.4283938323,87806.44613664484,41373.55927549388
-2443081.7389213587,339261.417118194,-24955.874958886252,200037.5878294343,1416851.8099349902,-1448216.9051381857,572064.4106034263,1041505.9319650251,656707.3606090216,1814834.4470783246,445519.13850431837,38054.229250009244,-1705979.6785553861,3018841.825015331,1257962.5920656219,-2067133.7583050637,1770176.6229912536,983683.821821975,4307281.952907214,-582739.1224578965,1911957.9209945332,188633.01131065184,2593032.0268667373,4321732.354273481,-380027.76295268314,397222.31828631315,1032485.7252499072,722995.2656526683,-175298.1448420395,898326.8124858045,-602905.7486995024,1128577.451885791,-214804.44114075566,-988739.25934424,-1641538.2014994782,-2067167.0869983046,-529065.2963877926,-1862351.8744548075,3181952.5766420867,2564063.473581306,36121.4050398646,-722413.1922770906,-1014336.7536551134,1927904.762694277,689439.0277290505,-164837.14182364172,911601.0879873419,2222702.6311564622,7762.390536187593,2341562.7132168063,962481.5701539452,-1582673.5525530935,-976855.016632765,-4929513.697368491,-703825.7031733696,-331636.112834963
-17304171.920325927,2402964.3726110444,-176760.70248799794,1416851.8099349902,10035459.256795121,-10257616.201532306,4051891.1044366783,7376911.627028786,4651411.038057253,12854341.57425435,3155580.177226558,269535.54779644957,-12083331.235778011,21382239.413575653,8910058.461860504,-14641359.56945206,12538033.552004019,6967361.578173222,30508168.024116293,-4127499.269336742,13542260.167631675,1336073.8946253282,18366259.190818608,30610519.039107945,-2691709.2624917687,2813497.2656006766,7313021.946454618,5120923.4723898675,-1241624.0597205956,6362784.143018282,-4270338.07564161,7993632.696342175,-1521444.2888920417,-7003168.940716606,-11626896.832610816,-14641595.583317919,-3747331.432217323,-13190904.222237602,22537540.801066715,18161076.767899305,255845.33863771992,-5116800.629435504,-7184474.084234923,13655210.598952273,4883246.875911247,-1167529.6758841865,6456805.030616068,15743242.688436177,54980.4676349979,16585120.097079333,6817187.68302492,-11209962.877802446,-6918993.671130397,-34915390.522139624,-4985146.7331415145,-2348954.661739793
17687238.13879172,-2456160.833204265,180673.88050421656,-1448216.9051381857,-10257616.201532306,10484692.729020504,-4141589.4725349993,-7540217.098954713,-4754381.292361222,-13138900.562276969,-3225437.5281885713,-275503.6702208005,12350823.136719739,-21855584.647414148,-9107302.792002115,14965479.307541018,-12815591.348089674,-7121599.215331887,-31183536.188975375,4218870.888611929,-13842047.881275162,-1365649.861359827,-18772838.235775232,-31288151.8306227,2751296.336343171,-2875781.741756318,-7474911.480956581,-5234287.300851129,1269109.5097777143,-6503638.908801431,4364872.325218925,-8170588.781285607,1555124.1950246717,7158199.644318072,11884284.257014418,14965720.029193237,3830287.222568401,13482914.671999749,-23036459.00154114,-18563111.96493994,-261509.13222843345,5230072.830888731,7343517.96204106,-13957499.625631832,-4991347.848382931,1193376.0808237805,-6599742.168637488,-16091755.077911297,-56197.7226418988,-16952269.386867646,-6968101.686481058,11458121.224268999,7072160.728064117,35688321.4592237,5095503.820421371,2400953.7427635198
-6986687.93533341,970215.503506367,-71368.53898344762,572064.4106034263,4051891.1044366783,-4141589.4725349993,1635981.5304475261,2978483.471770237,1878042.2545871863,5190035.690139471,1274089.756756323,108827.68456515769,-4878735.020122661,8633238.977812123,3597502.5009135394,-5911558.074409782,5062324.493229676,2813123.798577506,12317900.57737483,-1666508.619247351,5467787.991266453,539449.2414142531,7415514.156721594,12359224.959258717,-1086797.675851188,1135971.182297851,2952686.7030838435,2067611.3237729229,-501314.58882687,2569021.578559416,-1724181.16151641,3227488.1990689808,-614294.1017143154,-2827581.4866486215,-4694446.099846327,-5911653.089894628,-1513013.045982763,-5325925.823242128,9099699.359880134,7332669.363260904,103299.49528072598,-2065946.5129346275,-2900784.570977256,5513393.046695774,1971646.9250482079,-471399.0611044418,2606983.731023573,6356451.581235488,22198.846984550077,6696365.877269869,2752490.3814334115,-4526106.2644541925,-2793594.9721442102,-14097348.939152485,-2012789.913109801,-948407.7651523578
-12720030.70615236,1766383.3868544542,-129934.2164578179,1041505.9319650251,7376911.627028786,-7540217.098954713,2978483.471770237,5422655.256481561,3419181.509375701,9449028.541069068,2319619.741323635,198132.52898694214,-8882271.439200241,15717756.966426516,6549647.311943104,-10762638.915166078,9216516.177892279,5121600.075278936,22426086.987791833,-3034061.4522196576,9954707.01300736,982126.5754209781,13500755.650528615,22501322.713109057,-1978634.1992331825,2068159.7627571423,5375689.639412912,3764312.782780982,-912698.2152209152,4677185.133021855,-3139060.550980278,5875995.903944107,-1118389.7918620312,-5147921.824881558,-8546753.31349085,-10762811.974570448,-2754605.9431139976,-9696431.286388744,16566999.497763602,13349927.866685428,188068.03404215086,-3761281.8629282727,-5281196.117487321,10037735.883783896,3589599.2750351364,-858233.5503952135,4746299.247013802,11572616.27429783,40415.412684667135,12191467.473475356,5011210.184822185,-8240272.107306086,-5086045.686338808,-25665767.773954354,-3664504.5443916707,-1726680.2586737387
-8020441.9662430985,1113769.1694100471,-81928.26953015696,656707.3606090216,4651411.038057253,-4754381.292361222,1878042.2545871863,3419181.509375701,2155918.42160155,5957956.090076337,1462604.8167981557,124929.9457970194,-5600595.244435216,9910617.646231107,4129790.8843571665,-6786235.357821061,5811348.7226837035,3229355.0643216916,14140463.734821051,-1913086.1191486544,6276804.770333403,619266.391253585,8512717.58376012,14187902.437692633,-1247600.843744687,1304050.140006678,3389567.7632902865,2373536.226019632,-575489.32441424,2949135.3844858585,-1979291.9576508899,3705029.017293016,-705185.354059736,-3245951.93342667,-5389038.834260359,-6786344.402513627,-1736879.2607006521,-6113952.634693364,10446095.661338184,8417614.963614075,118583.74111694058,-2371625.076677816,-3329986.168949803,6329157.621204624,2263372.8234549216,-541147.5376016597,2992714.4769858336,7296955.544048721,25483.407728800925,7687163.7414540425,3159750.3240484633,-5195791.37118327,-3206936.7464663126,-16183200.174378503,-2310603.355570392,-1088734.6665803727
-22164778.971488707,3077938.239457228,-226411.3922958884,1814834.4470783246,12854341.57425435,-13138900.562276969,5190035.690139471,9449028.541069068,5957956.090076337,16465025.980239278,4041957.952842546,345245.8923708305,-15477444.781192208,27388343.712435815,11412824.423562314,-18754003.32900712,16059869.434181718,8924439.177479282,39077674.5405976,-5286881.630714946,17346175.53665448,1711366.7063212418,23525198.19865545,39208775.23199628,-3447789.413350357,3603786.6242749086,9367192.852415184,6559350.917371329,-1590386.6239598964,8150040.59860022,-5469842.71018628,10238981.875438912,-1948806.1768723745,-8970304.521827562,-14892801.533307744,-18754305.66944484,-4799927.608439379,-16896126.39184423,28868160.405320376,23262381.74651912,327710.2924860663,-6554070.025197198,-9202536.896143822,17490852.806330394,6254912.907237768,-1495479.6270554895,8270471.1517115785,20165396.828273054,70424.04371806658,21243751.035432767,8732082.549967581,-14358754.031685188,-8862485.091254532,-44722851.55291275,-6385435.614693467,-3008757.7377918484
-5441176.532143809,755596.9570834158,-55581.357427834024,445519.13850431837,3155580.177226558,-3225437.5281885713,1274089.756756323,2319619.741323635,1462604.8167981557,4041957.952842546,992251.8302315245,84754.93620293481,-3799520.0455543315,6723498.439866565,2801706.3511523423,-4603874.481463409,3942498.0860206634,2190838.0379105713,9593083.501130512,-1297863.7080180603,4258269.289926669,420118.1514599905,5775143.6508075455,9625265.91791109,-846389.38629779,884686.1259197255,2299528.471683327,1610239.61330353,-390419.39197158813,2000733.6580772167,-1342778.9662901813,2513541.5068614827,-478406.94008898374,-2202097.802322859,-3655997.1409684415,-4603948.169894854,-1178322.603927179,-4147788.6357216006,7086772.738139208,5710623.788860233,80448.87139596394,-1608942.8583864712,-2259107.5287801344,4293786.681604172,1535502.499597004,-367122.1340375502,2030298.8806583125,4950353.9916034,17288.367883623632,5215076.565156137,2143617.694510003,-3524895.8319173865,-2175629.2340972363,-10978903.094854252,-1567544.527965592,-738612.2186169386
-464761.22790686646,64540.87605493328,-4747.6477344582445,38054.229250009244,269535.54779644957,-275503.6702208005,108827.68456515769,198132.52898694214,124929.9457970194,345245.8923708305,84754.93620293481,7240.397454992852,-324538.6070284412,574292.9273241682,239309.6763193402,-393243.16608450684,336751.2059436783,187131.42584682116,819400.3894427976,-110857.96925320177,363722.33653324336,35883.897101333154,493288.07837995834,822148.4155926531,-72294.93289858293,75567.06684052444,196415.2316607798,137540.16598938548,-33347.405439272414,170894.1358295857,-114694.87331978738,214695.0673081502,-40862.933059151845,-188093.47124257433,-312279.3116545281,-393249.06860182167,-100647.31802333388,-354286.1450881609,605320.5911210576,487775.8385834637,6871.646023560471,-137429.1410827773,-192962.6834532334,366756.755652684,131155.44374565853,-31358.352634768733,173420.2112824611,422837.93216849107,1476.8018947143971,445449.4197931074,183098.65833422018,-301081.7139240069,-185832.46573220962,-937770.3198088056,-133892.57012055867,-63088.809227551406
20835323.76364009,-2893322.70252519,212831.2260744467,-1705979.6785553861,-12083331.235778011,12350823.136719739,-4878735.020122661,-8882271.439200241,-5600595.244435216,-15477444.781192208,-3799520.0455543315,-324538.6070284412,14549099.749840586,-25745577.403165556,-10728277.395213857,17629128.682724815,-15096590.281016408,-8389146.377696106,-36733776.10327884,4969771.82084595,-16305742.590908926,-1608717.4775765925,-22114144.979711287,-36857012.68583732,3240989.23334727,-3387630.405188586,-8805343.423337998,-6165918.020356909,1494994.0397572229,-7661197.074116129,5141759.100594284,-9624841.930278761,1831915.3954804642,8432260.914132105,13999523.54381016,17629412.612600375,4512025.5760597,15882688.062780658,-27136632.69111751,-21867091.46388127,-308054.1123641649,6160953.6765934685,8650563.634146443,-16441742.529502569,-5879739.617383221,1405780.2678083517,-7774404.701827524,-18955866.063950937,-66200.04762057184,-19969540.05640794,-8208327.85038889,13497508.878157899,8330908.416853759,42040351.924494006,6002433.700120059,2828290.721173285
-36869458.82464969,5119923.343907614,-376618.7783112285,3018841.825015331,21382239.413575653,-21855584.647414148,8633238.977812123,15717756.966426516,9910617.646231107,27388343.712435815,6723498.439866565,574292.9273241682,-25745577.403165556,45558472.704168,18984383.981475007,-31195888.806194756,26714397.50822762,14845139.253031347,65002804.23887954,-8794334.206716925,28854070.554821655,2846729.503068764,39132416.690023005,65220878.70670326,-5735141.058376053,5994632.9009578945,15581626.917048197,10910992.951526515,-2645488.67543347,13556986.126501216,-9098677.226641113,17031782.589427155,-3241692.925798534,-14921433.44388981,-24773066.459621083,-31196390.926369242,-7984322.507897065,-28105448.5336829,48020034.146004304,38695238.49223988,545121.8012013749,-10902208.02393478,-15307734.052862255,29094731.818255275,10404580.893530775,-2487619.8130181865,13757314.950112617,33543636.800133545,117145.36859130912,35337398.81947257,14525169.57037692,-23884719.27548008,-14742083.479390828,-74393134.35441294,-10621696.21665838,-5004844.0115668215
-15363640.146617051,2133490.68201979,-156938.39656535833,1257962.5920656219,8910058.461860504,-9107302.792002115,3597502.5009135394,6549647.311943104,4129790.8843571665,11412824.423562314,2801706.3511523423,239309.6763193402,-10728277.395213857,18984383.981475007,7910863.069836307,-12999442.31073438,11131988.313034926,6186024.633616144,27086908.940428276,-3664631.5960234846,12023598.202607261,1186242.9656073917,16306622.803516112,27177781.6436336,-2389854.508741373,2497985.4053441766,6492921.7867275635,4546651.011077592,-1102385.0870377668,5649246.267292422,-3791452.327922836,7097207.094358729,-1350825.6055795818,-6217816.6143657565,-10323028.548804583,-12999651.665343283,-3327096.7120100507,-11711644.450459432,20010126.26810231,16124449.419555668,227154.253377459,-4542990.383067817,-6378789.607261423,12123882.433774369,4335627.544947348,-1036600.2690898211,5732723.794863229,13977757.59582722,48814.876835482835,14725224.859797144,6052691.894485786,-9952850.825635051,-6143080.875396068,-30999894.50650082,-4426100.225619012,-2085537.105267074
25246139.610821858,-3505836.133334228,257887.3677810507,-2067133.7583050637,-14641359.56945206,14965479.307541018,-5911558.074409782,-10762638.915166078,-6786235.357821061,-18754003.32900712,-4603874.481463409,-393243.16608450684,17629128.682724815,-31195888.806194756,-12999442.31073438,21361196.491636258,-18292522.402759157,-10165119.711414907,-44510277.495605625,6021867.219348327,-19757650.900350355,-1949281.192019919,-26795685.95842208,-44659603.04375092,3927103.2257012078,-4104788.2352317297,-10669425.21298395,-7471236.359672117,1811482.625879965,-9283064.358909184,6230264.091863743,-11662410.651882347,2219729.898616447,10217361.56262639,16963207.78840779,21361540.477773815,5467216.582311213,19245036.22398078,-32881428.901405152,-26496331.39542547,-373268.827082243,7465221.058992404,10481878.718782555,-19922441.958883625,-7124474.208561198,1703382.482328475,-9420237.967713252,-22968802.766108908,-80214.54013225551,-24197070.466142576,-9946022.124465818,16354917.172861142,10094552.837394191,50940249.70771241,7273142.49072026,3427036.83651597
-21619368.33039834,3002200.0537286266,-220840.1721038085,1770176.6229912536,12538033.552004019,-12815591.348089674,5062324.493229676,9216516.177892279,5811348.7226837035,16059869.434181718,3942498.0860206634,336751.2059436783,-15096590.281016408,26714397.50822762,11131988.313034926,-18292522.402759157,15664683.203701384,8704834.513414405,38116088.12248887,-5156787.026068994,16919336.534325283,1669254.363768127,22946312.28590552,38243962.11643077,-3362949.441042405,3515108.8105386253,9136693.267009325,6397944.902980158,-1551251.4415071823,7949492.097318839,-5335246.329816073,9987029.929041004,-1900851.355690914,-8749571.472988693,-14526333.242775654,-18292816.98345817,-4681815.540254936,-16480362.251848008,28157798.924081385,22689961.98934125,319646.3401875095,-6392793.750171998,-8976089.040499825,17060454.271175727,6100997.4130634535,-1458680.5542196906,8066959.801314458,19669185.63533959,68691.19953059133,20721004.731974293,8517211.688686807,-14005427.48849982,-8644405.02222996,-43622353.25065102,-6228308.52180525,-2934720.830100629
-12013842.023276754,1668316.2314420093,-122720.38654289958,983683.821821975,6967361.578173222,-7121599.215331887,2813123.798577506,5121600.075278936,3229355.0643216916,8924439.177479282,2190838.0379105713,187131.42584682116,-8389146.377696106,14845139.253031347,6186024.633616144,-10165119.711414907,8704834.513414405,4837260.202532202,21181037.011825167,-2865616.6676222854,9402043.365772681,927601.9132145616,12751221.767763205,21252096.83960784,-1868784.5793556594,1953338.6749573257,5077243.321710042,3555325.5033593983,-862027.7696249173,4417517.51432391,-2964785.9125835765,5549773.914699201,-1056299.7699389989,-4862120.279904568,-8072255.742099024,-10165283.633870587,-2601675.900486429,-9158105.854775306,15647235.622946482,12608769.111362375,177626.8297357199,-3552463.1698390725,-4987995.840861832,9480461.83349379,3390312.9284601356,-810585.7866227942,4482793.663052336,10930128.850732889,38171.5085869053,11514622.697260525,4732998.214329109,-7782789.112669004,-4803679.58525747,-24240858.486272585,-3461059.3303129696,-1630818.9085668079
-52605324.480399765,7305103.430001127,-537359.4004074472,4307281.952907214,30508168.024116293,-31183536.188975375,12317900.57737483,22426086.987791833,14140463.734821051,39077674.5405976,9593083.501130512,819400.3894427976,-36733776.10327884,65002804.23887954,27086908.940428276,-44510277.495605625,38116088.12248887,21181037.011825167,92745966.17866045,-12547751.319247292,41168972.779940374,4061712.492290918,55834111.15557789,93057115.08383913,-8182896.222189104,8553138.569732245,22231857.23499856,15567798.740236476,-3774582.0553405513,19343100.5370414,-12981987.61388894,24300938.67001398,-4625245.981479878,-21289893.382750113,-35346198.119525746,-44510994.07807059,-11392027.041773796,-40100839.008648746,68514959.56438874,55210346.11655453,777779.4542160699,-15555264.54038958,-21841067.036144905,41512347.85810615,14845250.73746189,-3549334.454723396,19628929.2442383,47860043.09255985,167142.90668119985,50419381.77210688,20724504.152115464,-34078704.57711872,-21033997.030651055,-106144084.54346849,-15155030.630395789,-7140908.884346009
7117059.199679578,-988319.187469985,72700.22505340514,-582739.1224578965,-4127499.269336742,4218870.888611929,-1666508.619247351,-3034061.4522196576,-1913086.1191486544,-5286881.630714946,-1297863.7080180603,-110857.96925320177,4969771.82084595,-8794334.206716925,-3664631.5960234846,6021867.219348327,-5156787.026068994,-2865616.6676222854,-12547751.319247292,1697605.521731405,-5569816.746673932,-549515.6588002924,-7553886.949599663,-12589847.195840038,1107077.2143251041,-1157167.8841312518,-3007783.8400144265,-2106192.57439529,510669.3236385532,-2616959.2623194717,1756354.0135511907,-3287713.219631199,625757.0013134873,2880344.0197412237,4782044.145534041,6021964.19285444,1541245.7205068266,5425307.189538962,-9269499.404511567,-7469496.795915351,-105227.04741544789,2104496.8028975083,2954913.1963731293,-5616272.47792677,-2008437.923086128,480195.17334998056,-2655629.475671553,-6475062.408508436,-22613.02710650311,-6821319.46587541,-2803851.5949010975,4610562.898627164,2845723.393474389,14360404.38735153,2050348.5557794562,966105.0887665282
-23350959.04992406,3242658.662910753,-238528.14447518974,1911957.9209945332,13542260.167631675,-13842047.881275162,5467787.991266453,9954707.01300736,6276804.770333403,17346175.53665448,4258269.289926669,363722.33653324336,-16305742.590908926,28854070.554821655,12023598.202607261,-19757650.900350355,16919336.534325283,9402043.365772681,41168972.779940374,-5569816.746673932,18274481.09457524,1802952.879298615,24784183.179129336,41307089.425412215,-3632302.8350783456,3796648.582586398,9868491.640409952,6910384.096445896,-1675498.408165052,8586201.79868693,-5762569.288008121,10786935.690107888,-2053099.2926712802,-9450363.296225486,-15689811.284043696,-19757969.384995833,-5056802.681344238,-17800346.98705576,30413081.58168464,24507301.5790133,345248.19469570887,-6904820.55602043,-9695023.883099267,18426901.043974545,6589653.5357309375,-1575512.4205496842,8713077.455451727,21244577.15767155,74192.89800264422,22380641.050696112,9199392.56902256,-15127183.524865756,-9336773.73269542,-47116259.50220051,-6727161.391407743,-3169775.723909996
-2303795.940871668,319918.46568927524,-23532.981772993153,188633.01131065184,1336073.8946253282,-1365649.861359827,539449.2414142531,982126.5754209781,619266.391253585,1711366.7063212418,420118.1514599905,35883.897101333154,-1608717.4775765925,2846729.503068764,1186242.9656073917,-1949281.192019919,1669254.363768127,927601.9132145616,4061712.492290918,-549515.6588002924,1802952.879298615,177879.16830125655,2445196.5603726334,4075339.7007505414,-358361.4157070708,374574.90949469415,973621.5466990822,681775.1370571462,-165304.36902252038,847110.8583074195,-568532.1937891038,1064235.023604061,-202558.29902368766,-932368.9107410056,-1547950.1112931108,-1949312.9246556247,-498901.8871008723,-1756174.5468741178,3000542.1692996756,2417880.5186608713,34061.997077018685,-681226.4479613913,-956507.2657480545,1817990.0279116211,650132.7930788053,-155439.0818848524,859627.7673416078,2095980.705028745,7319.75639139965,2208064.253015406,907608.0056355058,-1492441.0966414057,-921162.3522569843,-4648469.849743241,-663699.072812619,-312728.90103563643
-31668995.07335006,4397753.995844928,-323496.37522998446,2593032.0268667373,18366259.190818608,-18772838.235775232,7415514.156721594,13500755.650528615,8512717.58376012,23525198.19865545,5775143.6508075455,493288.07837995834,-22114144.979711287,39132416.690023005,16306622.803516112,-26795685.95842208,22946312.28590552,12751221.767763205,55834111.15557789,-7553886.949599663,24784183.179129336,2445196.5603726334,33612760.75044036,56021426.42070373,-4926195.233590159,5149085.156271942,13383827.338990847,9371989.26788673,-2272340.798666323,11644763.32658899,-7815301.9768035915,14629437.598328684,-2784449.996123843,-12816754.491352743,-21278807.485035658,-26796117.420951854,-6858127.976538287,-24141154.59469977,41246773.784451485,33237247.36259177,468231.9572407148,-9364443.567062099,-13148567.246417185,24990898.710460287,8937007.415148187,-2136739.0777817,11816835.318905694,28812282.396787733,100621.88495694268,30353032.966795594,12476383.800376901,-20515762.11016948,-12662702.04187516,-63899928.70791222,-9123498.37229429,-4298907.230014119
-52781808.38444572,7329610.01308097,-539162.0531461329,4321732.354273481,30610519.039107945,-31288151.8306227,12359224.959258717,22501322.713109057,14187902.437692633,39208775.23199628,9625265.91791109,822148.4155926531,-36857012.68583732,65220878.70670326,27177781.6436336,-44659603.04375092,38243962.11643077,21252096.83960784,93057115.08383913,-12589847.195840038,41307089.425412215,4075339.7007505414,56021426.42070373,93369308.67618154,-8210348.652880429,8581832.188137015,22306442.48198582,15620026.046517026,-3787245.7605691105,19407993.779589444,-13025539.851423768,24382465.62090932,-4640763.514040925,-21361318.145645685,-35464779.73473,-44660322.41694101,-11430245.597554965,-40235371.66086678,68744818.37207592,55395569.89182152,780388.7588356963,-15607450.03608628,-21914341.198266044,41651615.81846121,14895054.949745905,-3561241.6218445087,19694780.70847559,48020606.6419424,167703.54511539874,50588531.51171379,20794031.83119337,-34193033.464496925,-21104563.461773936,-106500182.98236331,-15205873.908207497,-7164865.861033203
4641322.246740024,-644522.8959008487,47410.73768960441,-380027.76295268314,-2691709.2624917687,2751296.336343171,-1086797.675851188,-1978634.1992331825,-1247600.843744687,-3447789.413350357,-846389.38629779,-72294.93289858293,3240989.23334727,-5735141.058376053,-2389854.508741373,3927103.2257012078,-3362949.441042405,-1868784.5793556594,-8182896.222189104,1107077.2143251041,-3632302.8350783456,-358361.4157070708,-4926195.233590159,-8210348.652880429,721969.8580893064,-754635.9488057044,-1961497.5323158663,-1373533.3836607614,333028.11926764325,-1706625.0002214944,1145389.5079536117,-2144050.7988080247,408081.4776722528,1878388.8598214015,3118564.4592839056,3927166.455424157,1005108.6593639132,3538062.284208431,-6045015.582296054,-4871161.065673225,-68622.79155134682,1372427.5242252161,1927018.4565690127,-3662598.5013973378,-1309783.6507494776,313154.6823579489,-1731843.3692053065,-4222650.144919161,-14746.871560312144,-4448458.377246344,-1828505.0354493102,3006734.55906221,1855811.3573807038,9365000.639826627,1337115.2296449712,630036.2173722401
-4851321.935496026,673685.9887810161,-49556.028564148255,397222.31828631315,2813497.2656006766,-2875781.741756318,1135971.182297851,2068159.7627571423,1304050.140006678,3603786.6242749086,884686.1259197255,75567.06684052444,-3387630.405188586,5994632.9009578945,2497985.4053441766,-4104788.2352317297,3515108.8105386253,1953338.6749573257,8553138.569732245,-1157167.8841312518,3796648.582586398,374574.90949469415,5149085.156271942,8581832.188137015,-754635.9488057044,788781.1539867535,2050246.4436116961,1435680.4770441907,-348095.67842805805,1783842.7242272529,-1197214.0913204632,2241059.234581874,-426544.87335880735,-1963377.8314539806,-3259666.190821185,-4104853.9175695633,-1050585.7192628838,-3698144.690558624,6318526.110617054,5091559.55322008,71727.75871543278,-1434524.2840835336,-2014207.3624653728,3828315.7181223873,1369045.2436493323,-327324.0191826801,1810202.9456021374,4413707.389464655,15414.215016388149,4649732.527784405,1911237.3164563281,-3142777.037976351,-1939778.5982143383,-9788727.377091592,-1397613.7469125055,-658542.429223715
-12609865.195670443,1751083.6385296483,-128808.71420347202,1032485.7252499072,7313021.946454618,-7474911.480956581,2952686.7030838435,5375689.639412912,3389567.7632902865,9367192.852415184,2299528.471683327,196415.2316607798,-8805343.423337998,15581626.917048197,6492921.7867275635,-10669425.21298395,9136693.267009325,5077243.321710042,22231857.23499856,-3007783.8400144265,9868491.640409952,973621.5466990822,13383827.338990847,22306442.48198582,-1961497.5323158663,2050246.4436116961,5329132.340040799,3731710.0444599995,-904794.1787565754,4636676.601727003,-3111872.972860403,5825105.838009603,-1108704.2669470466,-5103336.734924837,-8472731.40437826,-10669597.293476809,-2730748.6094936216,-9612452.032747438,16423516.445128793,13234307.451504286,186439.14658974888,-3728705.711975712,-5235457.163598908,9950800.517016929,3558511.011965471,-850800.0441105963,4705191.166244677,11472387.503014892,40065.24300175295,12085878.888979161,4967808.738340673,-8168903.928573511,-5041996.723415113,-25443480.67638161,-3632767.2433458897,-1711726.0791008472
-8830023.615673533,1226192.582445746,-90198.06513710928,722995.2656526683,5120923.4723898675,-5234287.300851129,2067611.3237729229,3764312.782780982,2373536.226019632,6559350.917371329,1610239.61330353,137540.16598938548,-6165918.020356909,10910992.951526515,4546651.011077592,-7471236.359672117,6397944.902980158,3555325.5033593983,15567798.740236476,-2106192.57439529,6910384.096445896,681775.1370571462,9371989.26788673,15620026.046517026,-1373533.3836607614,1435680.4770441907,3731710.0444599995,2613120.340695297,-633579.1762111961,3246820.4047009386,-2179081.140710116,4079013.9244867335,-776366.6940571412,-3573597.603920558,-5933007.192822988,-7471356.479151315,-1912199.4303848275,-6731093.59779827,11500522.293588998,9267287.235830132,130553.54481145358,-2611016.3289489863,-3666114.292929659,6968021.313103689,2491837.2496492723,-595770.777884702,3294798.225249575,8033508.52599144,28055.6788125488,8463104.242714284,3478694.7681279453,-5720253.281221589,-3530644.264817624,-17816728.663116977,-2543835.174820959,-1198631.3363386067
2140935.875188727,-297303.0089331804,21869.425744232252,-175298.1448420395,-1241624.0597205956,1269109.5097777143,-501314.58882687,-912698.2152209152,-575489.32441424,-1590386.6239598964,-390419.39197158813,-33347.405439272414,1494994.0397572229,-2645488.67543347,-1102385.0870377668,1811482.625879965,-1551251.4415071823,-862027.7696249173,-3774582.0553405513,510669.3236385532,-1675498.408165052,-165304.36902252038,-2272340.798666323,-3787245.7605691105,333028.11926764325,-348095.67842805805,-904794.1787565754,-633579.1762111961,153618.57410723387,-787226.9208937002,528341.6092290155,-989001.9671408681,188238.93357987513,866457.8470972193,1438522.3798662443,1811512.0469390815,463633.5490696274,1632027.0570118416,-2788427.650207191,-2246955.504402217,-31654.110900976757,633069.210897981,888889.7407923654,-1689472.6775971458,-604173.4816652118,144450.8630370655,-798859.1535335649,-1947811.652140766,-6802.327025724347,-2051971.7971673282,-843447.4110422086,1386937.533081662,856043.4636589973,4319860.196026158,616780.8047181555,290621.4171162909
-10971367.536587393,1523552.490299627,-112071.6829379018,898326.8124858045,6362784.143018282,-6503638.908801431,2569021.578559416,4677185.133021855,2949135.3844858585,8150040.59860022,2000733.6580772167,170894.1358295857,-7661197.074116129,13556986.126501216,5649246.267292422,-9283064.358909184,7949492.097318839,4417517.51432391,19343100.5370414,-2616959.2623194717,8586201.79868693,847110.8583074195,11644763.32658899,19407993.779589444,-1706625.0002214944,1783842.7242272529,4636676.601727003,3246820.4047009386,-787226.9208937002,4034197.4305793177,-2707523.5838738168,5068204.272144098,-964641.40778865,-4440220.593094668,-7371803.789034394,-9283213.817948192,-2375921.3829961605,-8363431.782703886,14289481.355186539,11514670.910916856,162213.6957964641,-3244206.279306552,-4555173.389888187,8657816.09611358,3096125.8044189247,-740249.2548948579,4093809.8512555645,9981691.539104395,34859.32559653367,10515467.26425448,4322302.995417718,-7107455.295854184,-4386850.849478316,-22137412.39025332,-3160733.49695087,-1489308.1055826459
7363356.714811919,-1022522.1427170285,75216.18090276659,-602905.7486995024,-4270338.07564161,4364872.325218925,-1724181.16151641,-3139060.550980278,-1979291.9576508899,-5469842.71018628,-1342778.9662901813,-114694.87331978738,5141759.100594284,-9098677.226641113,-3791452.327922836,6230264.091863743,-5335246.329816073,-2964785.9125835765,-12981987.61388894,1756354.0135511907,-5762569.288008121,-568532.1937891038,-7815301.9768035915,-13025539.851423768,1145389.5079536117,-1197214.0913204632,-3111872.972860403,-2179081.140710116,528341.6092290155,-2707523.5838738168,1817135.8531414112,-3401489.6495727752,647412.1286361517,2980023.0516040735,4947534.740750143,6230364.204963516,1594583.1326258667,5613059.014051109,-9590285.543054482,-7727990.7981408285,-108868.60491650793,2177326.5742650726,3057172.681391072,-5810633.055275428,-2077943.0411313232,496813.303982755,-2747532.3806706965,-6699142.855485558,-23395.645170926004,-7057382.73160779,-2900883.6131039085,4770119.312149906,2944204.239825776,14857370.197994655,2121304.1354355114,999538.6507326573
-13783444.251553921,1914053.8349398032,-140796.70519043593,1128577.451885791,7993632.696342175,-8170588.781285607,3227488.1990689808,5875995.903944107,3705029.017293016,10238981.875438912,2513541.5068614827,214695.0673081502,-9624841.930278761,17031782.589427155,7097207.094358729,-11662410.651882347,9987029.929041004,5549773.914699201,24300938.67001398,-3287713.219631199,10786935.690107888,1064235.023604061,14629437.598328684,24382465.62090932,-2144050.7988080247,2241059.234581874,5825105.838009603,4079013.9244867335,-989001.9671408681,5068204.272144098,-3401489.6495727752,6367238.807620528,-1211889.610722449,-5578295.745732981,-9261274.295587143,-11662598.835502578,-2984894.7802457353,-10507066.790015921,17952025.683777865,14466002.38358139,203790.72264571404,-4075730.03107739,-5722712.459250557,10876904.768974908,3889695.751274437,-929982.5015524388,5143095.229996641,12540103.294323156,43794.02481363055,13210691.286524126,5430154.329067602,-8929170.015411276,-5511246.956465058,-27811462.66403366,-3970862.8510533012,-1871033.5986857044
2623430.7364789736,-364305.26593159395,26798.061600266727,-214804.44114075566,-1521444.2888920417,1555124.1950246717,-614294.1017143154,-1118389.7918620312,-705185.354059736,-1948806.1768723745,-478406.94008898374,-40862.933059151845,1831915.3954804642,-3241692.925798534,-1350825.6055795818,2219729.898616447,-1900851.355690914,-1056299.7699389989,-4625245.981479878,625757.0013134873,-2053099.2926712802,-202558.29902368766,-2784449.996123843,-4640763.514040925,408081.4776722528,-426544.87335880735,-1108704.2669470466,-776366.6940571412,188238.93357987513,-964641.40778865,647412.1286361517,-1211889.610722449,230661.58740954983,1061728.2670963039,1762716.9263936034,2219765.869985332,568120.9480431252,1999831.0434311426,-3416845.3181950008,-2753343.5559497112,-38787.86909630478,775741.7747455254,1089215.519424321,-2070223.0174290575,-740333.7965505199,177005.27798969968,-978895.245196064,-2386782.901569966,-8335.36305021122,-2514417.242630529,-1033532.0874947128,1699506.6392717003,1048966.809267608,5293411.355595349,755782.3880970448,356117.66973239573
12075584.841984916,-1676890.5759826174,123351.13258810808,-988739.25934424,-7003168.940716606,7158199.644318072,-2827581.4866486215,-5147921.824881558,-3245951.93342667,-8970304.521827562,-2202097.802322859,-188093.47124257433,8432260.914132105,-14921433.44388981,-6217816.6143657565,10217361.56262639,-8749571.472988693,-4862120.279904568,-21289893.382750113,2880344.0197412237,-9450363.296225486,-932368.9107410056,-12816754.491352743,-21361318.145645685,1878388.8598214015,-1963377.8314539806,-5103336.734924837,-3573597.603920558,866457.8470972193,-4440220.593094668,2980023.0516040735,-5578295.745732981,1061728.2670963039,4887108.216118959,8113741.604306947,10217526.211708706,2615046.7874106504,9205172.29992901,-15727651.51130682,-12673569.324861895,-178539.7350697559,3570720.472106817,5013630.589417588,-9529184.986869872,-3407736.659675354,814751.7655500728,-4505832.4586714255,-10986302.324035017,-38367.71544720628,-11573800.08229891,-4757322.651086592,7822787.483628832,4828367.119455474,24365440.014420394,3478846.736312686,1639200.1316268498
20048292.52966102,-2784030.41898941,204791.72049074108,-1641538.2014994782,-11626896.832610816,11884284.257014418,-4694446.099846327,-8546753.31349085,-5389038.834260359,-14892801.533307744,-3655997.1409684415,-312279.3116545281,13999523.54381016,-24773066.459621083,-10323028.548804583,16963207.78840779,-14526333.242775654,-8072255.742099024,-35346198.119525746,4782044.145534041,-15689811.284043696,-1547950.1112931108,-21278807.485035658,-35464779.73473,3118564.4592839056,-3259666.190821185,-8472731.40437826,-5933007.192822988,1438522.3798662443,-7371803.789034394,4947534.740750143,-9261274.295587143,1762716.9263936034,8113741.604306947,13470707.039651541,16963481.053337354,4341588.751126585,15282737.048589306,-26111576.532855757,-21041086.421138026,-296417.6785574641,5928230.437835698,8323798.253641429,-15820673.858673293,-5657639.06819671,1352678.3900914625,-7480734.954112796,-18239829.13480397,-63699.39694116629,-19215212.703707587,-7898267.292825172,12987655.295412526,8016217.624514118,40452324.05724212,5775698.439476324,2721455.21162352
25246546.449600216,-3505892.1383151156,257891.47672551873,-2067167.0869983046,-14641595.583317919,14965720.029193237,-5911653.089894628,-10762811.974570448,-6786344.402513627,-18754305.66944484,-4603948.169894854,-393249.06860182167,17629412.612600375,-31196390.926369242,-12999651.665343283,21361540.477773815,-18292816.98345817,-10165283.633870587,-44510994.07807059,6021964.19285444,-19757969.384995833,-1949312.9246556247,-26796117.420951854,-44660322.41694101,3927166.455424157,-4104853.9175695633,-10669597.293476809,-7471356.479151315,1811512.0469390815,-9283213.817948192,6230364.204963516,-11662598.835502578,2219765.869985332,10217526.211708706,16963481.053337354,21361884.655275144,5467304.609885056,19245346.200281683,-32881958.870097674,-26496758.552507974,-373274.83150938404,7465341.18566066,10482047.756376065,-19922762.785917085,-7124589.1784991,1703409.7605756782,-9420389.32693705,-22969172.649263572,-80215.78330448442,-24197460.11951699,-9946182.278150681,16355180.438017113,10094715.58228352,50941070.19318214,7273259.776056187,3427092.1428003036
6461534.683367785,-897289.0161720364,66004.09894248252,-529065.2963877926,-3747331.432217323,3830287.222568401,-1513013.045982763,-2754605.9431139976,-1736879.2607006521,-4799927.608439379,-1178322.603927179,-100647.31802333388,4512025.5760597,-7984322.507897065,-3327096.7120100507,5467216.582311213,-4681815.540254936,-2601675.900486429,-11392027.041773796,1541245.7205068266,-5056802.681344238,-498901.8871008723,-6858127.976538287,-11430245.597554965,1005108.6593639132,-1050585.7192628838,-2730748.6094936216,-1912199.4303848275,463633.5490696274,-2375921.3829961605,1594583.1326258667,-2984894.7802457353,568120.9480431252,2615046.7874106504,4341588.751126585,5467304.609885056,1399287.6107878305,4925603.360002555,-8415722.024014845,-6781510.614276146,-95535.00020097975,1910659.8370455701,2682747.6742901905,-5098979.582777286,-1823448.5352060508,435966.28991896997,-2411029.8679690417,-5878669.733883785,-20530.23347540021,-6193034.409164787,-2545599.7948801327,4185901.9960133475,2583614.9238396334,13037723.690754747,1861498.9571950943,877120.9163975059
