V1,V2,V3,V4,V5,V6,V7,V8,V9,V10,V11,V12,V13,V14,V15,V16,V17,V18,V19,V20,V21,V22,V23,V24,V25,V26,V27,V28,V29,V30,V31,V32,V33,V34,V35,V36,V37,V38,V39,V40,V41,V42,V43,V44,V45,V46,V47,V48,V49,V50,V51,V52,V53,V54,V55,V56
2.079268931016309,0.7841086076942991,-0.10401215012135173,-0.21214270721051193,-1.3503421874358494,0.22172881831263963,0.05932990472311981,-0.055804933340825584,0.12070596287744831,-1.806444747729002,0.7374174318299833,0.9244404623500913,1.0619564678038467,-1.2084687705432506,-0.7727343652608387,1.2124402991726255,-1.0676589477454412,-1.090889473492131,-2.1115977089616713,0.31554504835150443,-1.8082464120952342,-0.8620031598005491,-1.3966206598080997,-2.939262928369566,0.22939710168179406,0.6993610866533894,-1.1820751189117593,-0.021621195121367145,0.6206298180820676,-0.4622351990468878,-0.09321400444823735,-1.4668555655712177,0.6306830391545204,0.8247333965468643,1.1965364110523964,1.5883701250455775,0.24994820748186775,1.217112324481199,-2.8855588394947307,-2.5469935911611286,0.02255090448386272,0.2684457973408156,1.1366018406018918,-1.1702822895919909,-0.9532521129711418,-0.2434570120176577,0.232761595190978,-1.3263764192392125,0.09502797896104438,-1.373885843601718,-0.5189863951039779,0.6779803191644586,0.9830437321615443,3.259131912622861,0.7436235588453308,0.45305442705903737
0.7841086076942991,2.968327652710637,-0.3463378662420558,-0.18498875005511015,-0.8711976321228688,-2.4255383286950023,1.3836206399948454,2.0482050442245674,1.7397144624259957,-1.3342926917791094,3.052049086793021,2.7313808486596427,-0.5623219333205474,2.9198879264511852,0.4476735272439766,-0.9050466959802977,0.6905355440256425,-1.0406441904952768,3.0673626260897957,-0.32438286809530537,-1.1378890791925367,-2.070601370166432,1.4791154532242168,0.7204705929329714,-0.15445806776026605,2.8448752166418902,-1.2044698624023296,1.4738177583467706,1.414201688474204,0.5770310024949662,-1.5481086524786218,-1.8192678828631097,1.3499769646570454,0.2702075456548679,-0.050550943520637076,0.18246516948070374,-0.3948658592241038,-0.44930988186446275,-1.5329222625939072,-1.8716215197509964,0.1358459792428837,-0.770558920022197,1.108605976733777,0.7330711982241387,-1.2684274815067271,-1.0469610116060886,2.5931244332032124,0.9079556597447226,0.2899082477534797,1.020266064702309,0.5458233082547782,-1.4043267280285365,0.7497957834704869,-1.0945093322695585,0.647927259631417,0.5964369200329748
-0.10401215012135173,-0.3463378662420558,0.04244213407610373,0.023525281800958333,0.10850663509959382,0.280243620749597,-0.16000650307336453,-0.23530710960715234,-0.19990091603312213,0.1650269775371362,-0.3562712013851993,-0.32092957924755405,0.06045624326745263,-0.33130424281984766,-0.04745801100053022,0.09687761234635224,-0.07202937840591349,0.12722250749884967,-0.34105516145817505,0.03803111645516121,0.14128819003650428,0.2434718015587178,-0.1646682596444694,-0.06834926081033267,0.014260113146740023,-0.33355990277856024,0.14557622054514474,-0.16786043129187894,-0.16401664140361508,-0.0633153899267489,0.17624916261226695,0.2159573506111483,-0.15973958702856672,-0.035218432780301845,-0.002696273380962919,-0.028856067151669218,0.04590448615389338,0.04534213115416656,0.19404349146140457,0.2313350113337032,-0.018575498318826596,0.08416732888036588,-0.13533902879311877,-0.0752828235275535,0.15354055798838318,0.1230128300401451,-0.3022318111064358,-0.09611933706626431,-0.03326176783568269,-0.10818647906738939,-0.06133333435504482,0.15935286262637977,-0.09219190439961597,0.10705579976390546,-0.07725837764693792,-0.0710326039175793
-0.21214270721051193,-0.18498875005511015,0.023525281800958333,0.02928118768243708,0.15221790727411103,0.07566269474567974,-0.06220532168649874,-0.07674273758989705,-0.07748271565326463,0.20951394168934953,-0.1775755869478081,-0.18987029769157493,-0.07070485438541078,-0.0056674544375032955,0.049345970065682664,-0.06699118263218329,0.06684682987432726,0.1340554552929894,0.06410968313440812,-0.012212518767866215,0.20300057730314167,0.1535831255966037,0.06481056135130957,0.22424445926877218,-0.01276734710372181,-0.1755569005099159,0.15141454414208447,-0.05490122216085304,-0.1074839946151773,0.01933291769563738,0.06426937300148085,0.19517483573349556,-0.1052806005114007,-0.07918714188662952,-0.10155275338057483,-0.1473261212332827,-0.010316769399391842,-0.09173052565604717,0.31030080495606,0.29590011256821797,-0.01042845904593183,0.008438279532475898,-0.14280504953669193,0.0744411942825529,0.1330450959224399,0.06497975074208776,-0.12280962592367342,0.07804844620521655,-0.018413512339676065,0.08339582715206931,0.024022534216142533,-0.0031727932670431456,-0.11484874990943346,-0.2411976244164834,-0.09140067661975255,-0.06127442475280513
-1.3503421874358494,-0.8711976321228688,0.10850663509959382,0.15221790727411103,0.9262677252922734,0.19459650630175176,-0.22307851363178657,-0.24406875279828955,-0.30794904780111854,1.2616909448409448,-0.8532874254737249,-0.9230383780402563,-0.560465991034842,0.3297508834558266,0.40213552985274376,-0.6027749570313035,0.5453842370979817,0.79323150286279,0.8492008960513133,-0.14560105900659906,1.2368050962764514,0.7958414823494265,0.6371334737342838,1.6626126571491862,-0.11537904664798132,-0.8034354618005513,0.8708865462722216,-0.18703055084569975,-0.5635887532666838,0.19874087347615182,0.2655964141547253,1.1245759494975511,-0.5596122689416144,-0.5300778189498186,-0.7087800589372985,-0.9764719157947485,-0.09759859298786104,-0.6686680700682058,1.934514422667198,1.7778436628353267,-0.031276884935107226,-0.05498660494907539,-0.8301235480968359,0.6007032788808241,0.7416314591454747,0.2874640699390702,-0.4895125817126836,0.6706224446636279,-0.09619511068178781,0.6845331235407813,0.23747354085362923,-0.21634795874831458,-0.6899222030767866,-1.8031044339757578,-0.5337416975496923,-0.35181257055098236
0.22172881831263963,-2.4255383286950023,0.280243620749597,0.07566269474567974,0.19459650630175176,2.3847639850911553,-1.271386919159357,-1.9486097833206815,-1.5769506262886468,0.42003838360149337,-2.5301076793844364,-2.139002934636492,1.0224283083128056,-3.306654182245779,-0.778128889209377,1.4083575820646506,-1.1402648613187838,0.47604102759874256,-3.8575077860465066,0.45366416466939635,0.23220465325317663,1.5479217381618968,-2.039730822485058,-2.037745281052007,0.24664851534417265,-2.350740003858571,0.5844265725207216,-1.391803564129532,-1.0382388759565329,-0.7557085771480587,1.4088369937419214,1.0292438653149458,-0.9789481063821394,0.12693744192177536,0.5973816703435921,0.5660772055238709,0.49178290780694545,0.9874300639194965,0.10815339580640337,0.5823047653451807,-0.12052972925742896,0.8417374634531015,-0.5177293452368955,-1.2259627519524863,0.7541390095588629,0.87133859771841915,-2.3317102389753073,-1.463619050993353,-0.22782436041983428,-1.5928710137487485,-0.7553004593445156,1.634795615499177,-0.2502776693215202,2.534394697844847,-0.26134175676812677,-0.3511419265549131
0.05932990472311981,1.3836206399948454,-0.16000650307336453,-0.06220532168649874,-0.22307851363178657,-1.271386919159357,0.6970571242437865,1.0532108853211812,0.865297215562082,-0.38383457928117926,1.428803066539717,1.241467883983795,-0.4598884289435223,1.6819523508593839,0.3547165956370179,-0.6616796502337418,0.5256561128620295,-0.35011534449575554,1.9072309374966367,-0.21873716884840286,-0.2843280173052152,-0.9113990873731589,0.9808326823434056,0.8504560275516068,-0.11711757292834012,1.3367216121790495,-0.4209412411726235,0.7533658538736854,0.6171575668943501,0.36819531657099486,-0.7697064067726386,-0.6835322062179805,0.5823215043035419,1.9997479604433335e-4,-0.22205996053967278,-0.16552500000034848,-0.23886366080376079,-0.42537885710384815,-0.30767847712374113,-0.536941439726709,0.06784951674270528,-0.43762558224826936,0.3788595704910934,0.5638784778821371,-0.49019057250169207,-0.49542192568545346,1.2831323475884795,0.6808530183275152,0.13116154152975112,0.7415281436828028,0.3626859380609574,-0.8267001658076333,0.22087606363836143,-1.0904371655120142,0.20927413081810883,0.22842098125397686
-0.055804933340825584,2.0482050442245674,-0.23530710960715234,-0.07674273758989705,-0.24406875279828955,-1.9486097833206815,1.0532108853211812,1.6039632401486372,1.3080019951001673,-0.4569931314727308,2.125791907425592,1.8206621054046315,-0.7739447622948241,2.6448746886750634,0.5931366052323883,-1.0883096637158076,0.8747364075769213,-0.4572946018486068,3.0479813498386155,-0.35264164773838486,-0.30466398673995687,-1.327369766516611,1.5901795890287158,1.496225516082639,-0.1930512348088419,1.980593331505849,-0.5559938290440897,1.1475866162113575,0.8962930204348412,0.5935824365480948,-1.1673253462665012,-0.9394675836880905,0.8432561640715508,-0.05484038302544262,-0.4208557378369287,-0.364656523649584,-0.38416100549344057,-0.7349027280506187,-0.2663597415156514,-0.637132185581317,0.09906066989242794,-0.6826244452759731,0.4960132543699015,0.9402622346213957,-0.678216529026076,-0.7338474604942414,1.9337557979261677,1.126480444105611,0.19373878633129055,1.2267617393664956,0.5880388245258017,-1.3037413986275384,0.2669930329415696,-1.8865391136379204,0.2648747980984978,0.3167954175522212
0.12070596287744831,1.7397144624259957,-0.19990091603312213,-0.07748271565326463,-0.30794904780111854,-1.5769506262886468,0.865297215562082,1.3080019951001673,1.0816458137556457,-0.5191033452337658,1.8032332720562807,1.563230315695032,-0.547912312500999,2.0697808432693665,0.4231663161460961,-0.7918421287014871,0.631308492082447,-0.46276763725814624,2.3260049489397265,-0.2611063569239079,-0.3942619981464881,-1.157566516666559,1.1896453124422284,0.9860198597135111,-0.13959071915832388,1.6753294926049564,-0.5494407336897577,0.9389112394857018,0.785587958425276,0.44997062280929195,-0.9666406292846035,-0.8899321932087129,0.7423963385147949,0.023482665011432213,-0.24848736204067814,-0.17160133598139027,-0.29625533656483327,-0.5056583661673775,-0.45035225996384143,-0.7255623042435657,0.08022824100948342,-0.5372479899292439,0.4968897124832459,0.6772127210737369,-0.6311080496969508,-0.6184520716736917,1.6007051064460462,0.814804102835272,0.16717819167391706,0.8965796397661121,0.43942332218005775,-1.011965836724953,0.29763198450368256,-1.2828396838936504,0.27637329725332743,0.2967763187918778
-1.806444747729002,-1.3342926917791094,0.1650269775371362,0.20951394168934953,1.2616909448409448,0.42003838360149337,-0.38383457928117926,-0.4569931314727308,-0.5191033452337658,1.7290980581417326,-1.3189823943021697,-1.3850685462023864,-0.6878000315653912,0.22534228909184523,0.4909737024236783,-0.7209201761382017,0.6603477343958513,1.1016360622982995,0.8908172609820294,-0.16648077962695987,1.6825977764985154,1.175724228419537,0.7237816577828705,2.1078618735540857,-0.14021431403056925,-1.2377468144934478,1.212390427639811,-0.34365263117338357,-0.8281835528511756,0.21785603559344216,0.4514543221403983,1.584599180519988,-0.8198703750239236,-0.7070596437385799,-0.9169208672388846,-1.2784633951892033,-0.09761906875325528,-0.8354709027518439,2.6159802834795745,2.4355362971481203,-0.049986726399228014,-0.019932355130462237,-1.1535576103279575,0.7294782461146985,1.0500509257951542,0.4445040527273762,-0.8139302487233148,0.808534534364656,-0.14486368133204386,0.8174050376087981,0.27000158533461505,-0.1838607131942191,-0.9468031123267228,-2.2642166835248085,-0.7360950343933812,-0.49783526208359485
0.7374174318299833,3.052049086793021,-0.3562712013851993,-0.1775755869478081,-0.8532874254737249,-2.5301076793844364,1.428803066539717,2.125791907425592,1.8032332720562807,-1.3189823943021697,3.156020856508642,2.797802405445904,-0.6268224547362653,3.0879326406076584,0.49354778371364577,-0.9781618711356631,0.7576134779346029,-1.0447586287456836,3.265700003763824,-0.34630925147172925,-1.1112611273756043,-2.123575538641239,1.5941302445932253,0.8541458223343563,-0.1636745758017806,2.9233854926761014,-1.2035368860906548,1.531196763296949,1.4464581503699208,0.6197305288912356,-1.610743481897418,-1.8398843633571846,1.384532254457732,0.255786836449957,-0.09401228823012506,0.12392665477907056,-0.4306867336891398,-0.5205440240299493,-1.4866499467589196,-1.8474455697786638,0.13689992917362,-0.8028678212682824,1.1090213454004125,0.8050143007734792,-1.283103580966072,-1.073330348105477,2.6849145576036006,0.9876584033113202,0.2993016430260565,1.117641565545624,0.5886970008618413,-1.4839662145155816,0.7421452855483789,-1.2596288462665635,0.6399859146739117,0.6053779315433536
0.9244404623500913,2.7313808486596427,-0.32092957924755405,-0.18987029769157493,-0.9230383780402563,-2.139002934636492,1.241467883983795,1.8206621054046315,1.563230315695032,-1.3850685462023864,2.797802405445904,2.5365226513018535,-0.3868299502508676,2.471309753804431,0.3158706199702657,-0.6772963637319566,0.4994473240056071,-1.0451226012058226,2.5062206600591868,-0.2569505702297056,-1.210405107013077,-1.937946154559492,1.1677094503058234,0.32685955039436787,-0.11296682409487034,2.6139959008124016,-1.2022912439655502,1.3107576032397033,1.3263762129467989,0.4635280492346889,-1.3874455000170454,-1.7781617083736077,1.2706415729101324,0.32830581336623565,0.08433632130649037,0.3350112689112855,-0.323455598398123,-0.26747864209250977,-1.6783174409302422,-1.9446424763920593,0.12577567223873912,-0.6580710030268677,1.1117121181498442,0.5258666365908442,-1.2345521056501423,-0.9613578147592821,2.3380647203665506,0.6668469985152304,0.26797485492063594,0.7589047756689854,0.43076017070620526,-1.1795149549630395,0.7747308117933738,-0.623289610778844,0.658293082911095,0.5798988352047457
1.0619564678038467,-0.5623219333205474,0.06045624326745263,-0.07070485438541078,-0.560465991034842,1.0224283083128056,-0.4598884289435223,-0.7739447622948241,-0.547912312500999,-0.6878000315653912,-0.6268224547362653,-0.3868299502508676,0.8943430796613487,-1.841550809202528,-0.662725243028942,1.1101908613255953,-0.939185921665679,-0.3289686928096079,-2.4751666610994474,0.32460355499352,-0.7622281441810034,0.18952878948401,-1.4433194612303213,-2.167211636769232,0.20007482073729488,-0.5747245887796407,-0.33214430053427146,-0.5431086149899766,-0.10465805794517004,-0.5077011959902868,0.49570670909887826,-0.2960944555983557,-0.08048140521679714,0.43667244628636703,0.7906370583110448,0.9667320483537658,0.3095048532323267,0.953504373667355,-1.315220043812331,-0.9740511930735628,-0.037726502766305715,0.44600203794127474,0.3350132625330535,-1.0193861294812308,-0.1570445260705575,0.22037188175724134,-0.787972521797295,-1.1849158749732185,-0.04240193294230614,-1.2578101389755543,-0.5358617160937565,0.9482127942486347,0.36628804679512167,2.5068628829297923,0.2516318028157959,0.07821910032432199
-1.2084687705432506,2.9198879264511852,-0.33130424281984766,-0.0056674544375032955,0.3297508834558266,-3.306654182245779,1.6819523508593839,2.6448746886750634,2.0697808432693665,0.22534228909184523,3.0879326406076584,2.471309753804431,-1.841550809202528,4.982517700514047,1.3850300821753605,-2.4225263698789936,2.0021799652566,-0.1650115051076655,6.115289926014879,-0.7468482625343174,0.4802950292246653,-1.70800692242153,3.3579676433029086,4.026010279209914,-0.4303718824304417,2.854200451897599,-0.2675267221385026,1.8825356715666777,1.1263952596049465,1.2207484206910815,-1.8584737288572843,-0.745825385605624,1.0438478997091238,-0.5288599012188301,-1.3264372477950588,-1.4594433408574654,-0.7758590159721798,-1.8650973926081549,1.1165086939660065,0.33204452298326614,0.15009370953985346,-1.24741673628117,0.19896749451674542,2.162382622986184,-0.5976899442376764,-1.06338045971381,3.0352882415450426,2.547879701924485,0.2659381564235338,2.7480642762555565,1.2442265074176806,-2.4961710389180665,-0.09345613598851286,-4.8372337760599855,0.024215351819068122,0.27558114817613666
-0.7727343652608387,0.4476735272439766,-0.04745801100053022,0.049345970065682664,0.40213552985274376,-0.778128889209377,0.3547165956370179,0.5931366052323883,0.4231663161460961,0.4909737024236783,0.49354778371364577,0.3158706199702657,-0.662725243028942,1.3850300821753605,0.4922797782608831,-0.8278564445809022,0.698984272182793,0.23115652094980127,1.8548638279304965,-0.2415984665375903,0.5468898359095599,-0.16225924028789696,1.0762193966310114,1.601242483614459,-0.15066418966639206,0.4550347203137686,0.22996815061491624,0.4170393264275061,0.09411733569729484,0.37964845193942487,-0.3824290024253144,0.19673313832127615,0.07345157395203873,-0.3185578588634405,-0.5831135915334577,-0.7071947977279479,-0.22957667715806626,-0.7046976567971185,0.9502315842323232,0.6950789638827213,0.0285122116634815,-0.33922797524963483,-0.23415407197576685,0.759009324784088,0.10204240910264692,-0.17427284582053948,0.6079639099145986,0.8827036789576332,0.03454278441012364,0.9361498397842549,0.3992230471666753,-0.7125467731236302,-0.2608352918721538,-1.8556609074271666,-0.1760868279729673,-0.05098266807700563
1.2124402991726255,-0.9050466959802977,0.09687761234635224,-0.06699118263218329,-0.6027749570313035,1.4083575820646506,-0.6616796502337418,-1.0883096637158076,-0.7918421287014871,-0.7209201761382017,-0.9781618711356631,-0.6772963637319566,1.1101908613255953,-2.4225263698789936,-0.8278564445809022,1.4042834830513555,-1.1789769702312256,-0.31705363786119267,-3.200583266205987,0.4126043742022631,-0.82165267018188,0.3844619162691914,-1.8362784059722546,-2.650104338681788,0.25737516151840106,-0.9105463971901434,-0.3017671437938832,-0.7668389480014474,-0.23738092540097336,-0.6510278531387295,0.7124186501289493,-0.21406718160392615,-0.1967363436817276,0.5048298556132984,0.9541264630998266,1.137401724867345,0.39178377226350253,1.1700593381086395,-1.45746200323944,-1.020642965835344,-0.054858259294778104,0.6019654416850486,0.3160118751518642,-1.2798292278410643,-0.09230382341057236,0.34732778410859433,-1.142177045079032,-1.492975660575584,-0.0728946979709968,-1.582047998957643,-0.6806756504554865,1.2424618639373781,0.38036658446736826,3.0851920973152835,0.2456005532084599,0.04878914769773405
-1.0676589477454412,0.6905355440256425,-0.07202937840591349,0.06684682987432726,0.5453842370979817,-1.1402648613187838,0.5256561128620295,0.8747364075769213,0.631308492082447,0.6603477343958513,0.7576134779346029,0.4994473240056071,-0.939185921665679,2.0021799652566,0.698984272182793,-1.1789769702312256,0.9955520900916781,0.3022742455679845,2.6647261740732713,-0.34278628955147644,0.7421629970295822,-0.2720615532081083,1.5378847735634134,2.256442027872455,-0.21602589228463692,0.695964386196053,0.29690938313907805,0.6175090385186124,0.16452828755690715,0.545082174782715,-0.5720877011678553,0.23433750605447232,0.1317359141590915,-0.4393620015590565,-0.819419268797626,-0.9864096196241989,-0.32944166595736407,-0.9973033269790814,1.2993897432669503,0.9352296279537863,0.03977677383735111,-0.4939842868617974,-0.30551972736927985,1.0815361816300493,0.11769330297045417,-0.26503259284312614,0.9051021880909089,1.2565456782974171,0.055427765915842024,1.3355922063957522,0.5698759184676122,-1.0269447317212241,-0.34964419195313395,-2.6239101472671438,-0.23182781500906843,-0.05815520259500977
-1.090889473492131,-1.0406441904952768,0.12722250749884967,0.1340554552929894,0.79323150286279,0.47604102759874256,-0.35011534449575554,-0.4572946018486068,-0.46276763725814624,1.1016360622982995,-1.0447586287456836,-1.0451226012058226,-0.3289686928096079,-0.1650115051076655,0.23115652094980127,-0.31705363786119267,0.3022742455679845,0.7219755652610769,0.19659662571333,-0.06153867941392989,1.05492112014307,0.8650956250535412,0.257836240270401,1.1115836779051451,-0.0653246089912544,-0.9736772983152608,0.7977856460788083,-0.33769159070903637,-0.6037146623336374,0.06442898094547536,0.4072036309560225,1.0691596564765737,-0.5947751975768039,-0.42471326804327747,-0.5104065405364188,-0.7328888425685318,-0.012228831218360388,-0.42166038622029445,1.6190249020095409,1.5502757759338663,-0.041032458853332794,0.06214393356550516,-0.7564936749265617,0.33722205007705525,0.7147388651534069,0.35136005194342745,-0.7128253838469045,0.3653536246650056,-0.110203415147538,0.3560848497416797,0.09658056691114517,0.03578682098307977,-0.604981260816231,-1.1614164217374932,-0.4749142660400851,-0.3387685794961876
-2.1115977089616713,3.0673626260897957,-0.34105516145817505,0.06410968313440812,0.8492008960513133,-3.8575077860465066,1.9072309374966367,3.0479813498386155,2.3260049489397265,0.8908172609820294,3.265700003763824,2.5062206600591868,-2.4751666610994474,6.115289926014879,1.8548638279304965,-3.200583266205987,2.6647261740732713,0.19659662571333,7.734492917214344,-0.964720618066883,1.1800068729734363,-1.6491502689952529,4.325093211897723,5.6353503536695735,-0.5775508902144771,3.0229003389575575,0.10536030858877095,2.1627404098596306,1.0726685584269653,1.5566273124517869,-2.091275539997796,-0.3381497029359662,0.9693244299745368,-0.8969918976949118,-1.9392943889211527,-2.2204695996642525,-0.9665690614603412,-2.553762723622368,2.2889303084353854,1.2708049186525072,0.16412042336504068,-1.5279275671136598,-0.17077169029315736,2.8850141888638854,-0.34816962124550893,-1.1339480333278187,3.3894707628857965,3.382714145809295,0.27033318196577855,3.6212829922982253,1.6025210271409402,-3.091935191819466,-0.45101523938273036,-6.6737865627542226,-0.22798247987934897,0.1551429232517232
0.31554504835150443,-0.32438286809530537,0.03803111645516121,-0.012212518767866215,-0.14560105900659906,0.45366416466939635,-0.21873716884840286,-0.35264164773838486,-0.2611063569239079,-0.16648077962695987,-0.34630925147172925,-0.2569505702297056,0.32460355499352,-0.7468482625343174,-0.2415984665375903,0.4126043742022631,-0.34278628955147644,-0.06153867941392989,-0.964720618066883,0.12620996351369923,-0.2005356783680082,0.15723684158714443,-0.5494494400794613,-0.7577817898951942,0.07275926031618171,-0.32578728219185016,-0.05405412341321544,-0.2469260269704526,-0.09727172192095236,-0.19421565086942338,0.23196556975239171,-0.018082193804778435,-0.08814266380563726,0.1350721099354828,0.26452183190836387,0.31299181564285133,0.120227101021681,0.3364244677762444,-0.36659958618186267,-0.2362674404294115,-0.022639504943377187,0.18269790700972932,0.05918340938241518,-0.3704830236475961,0.007975642858010704,0.12399382457859853,-0.3840488623139711,-0.43656283939094315,-0.026313443487821296,-0.46235473091243684,-0.2043803107787961,0.381849320294397,0.08714000806780209,0.8840654813186433,0.054223148506736214,-4.6033845919543994e-4
-1.8082464120952342,-1.1378890791925367,0.14128819003650428,0.20300057730314167,1.2368050962764514,0.23220465325317663,-0.2843280173052152,-0.30466398673995687,-0.3942619981464881,1.6825977764985154,-1.1112611273756043,-1.210405107013077,-0.7622281441810034,0.4802950292246653,0.5468898359095599,-0.82165267018188,0.7421629970295822,1.05492112014307,1.1800068729734363,-0.2005356783680082,1.65212345415699,1.0464856948009569,0.8767808036135534,2.247685954055891,-0.1559924788176898,-1.0477854908502302,1.1585741918518555,-0.2349142713945235,-0.7427789974147173,0.2745815940631399,0.33951504078918393,1.492805052912424,-0.7367152399329504,-0.710227725973718,-0.9541422024432199,-1.313616156218522,-0.13771637582511237,-0.9066335139728354,2.5860609891983497,2.371313225085015,-0.039851011665093396,-0.08154218526651058,-1.104179812529877,0.8167491640502761,0.9827318983558823,0.37469478405899914,-0.6274852281266199,0.9130896640341153,-0.12614953229119266,0.9339631608199531,0.3269481280198325,-0.3085365078930392,-0.9199797700530375,-2.4408992120225665,-0.7119682500893876,-0.46645719731471375
-0.8620031598005491,-2.070601370166432,0.2434718015587178,0.1535831255966037,0.7958414823494265,1.5479217381618968,-0.9113990873731589,-1.327369766516611,-1.157566516666559,1.175724228419537,-2.123575538641239,-1.937946154559492,0.18952878948401,-1.70800692242153,-0.16225924028789696,0.3844619162691914,-0.2720615532081083,0.8650956250535412,-1.6491502689952529,0.15723684158714443,1.0464856948009569,1.4999752089681802,-0.7331273489664892,0.02604513061332569,0.060681472639082745,-1.9737227902770473,0.9844593164245747,-0.9595590553976161,-1.0293248672909945,-0.300632687195948,1.0303665935971476,1.4380303252813968,-0.9904094797653281,-0.3179137947213653,-0.16920677516211435,-0.3842305358158162,0.220072474786084,0.09206465119194526,1.487776643506091,1.6505454137622617,-0.09047430582761155,0.45595219288711897,-0.9152872462329913,-0.28259616671148863,0.9891511330371449,0.7226864987473974,-1.7329340101989388,-0.368211655190942,-0.20628321815558318,-0.4384896913143441,-0.26990713391639576,0.8030767519316934,-0.6552813919950364,0.16721172053181646,-0.5467194284419836,-0.46713589477689865
-1.3966206598080997,1.4791154532242168,-0.1646682596444694,0.06481056135130957,0.6371334737342838,-2.039730822485058,0.9808326823434056,1.5901795890287158,1.1896453124422284,0.7237816577828705,1.5941302445932253,1.1677094503058234,-1.4433194612303213,3.3579676433029086,1.0762193966310114,-1.8362784059722546,1.5378847735634134,0.257836240270401,4.325093211897723,-0.5494494400794613,0.8767808036135534,-0.7331273489664892,2.4544494090851696,3.35628852904737,-0.329019946349784,1.4696939570882737,0.22733326355717318,1.124398224921885,0.4642998370147902,0.876146508293883,-1.0715103378206898,0.038407384479459815,0.41452299200880177,-0.584858608871404,-1.1782931096927562,-1.3877487237167472,-0.5441026441645406,-1.5067274127280805,1.6064566148610264,1.0291259564103936,0.0845298429126135,-0.8267507966460161,-0.25238331942889475,1.6657249645438517,-0.04527993646488516,-0.5535782014554663,1.7299865311713583,1.9475480626841815,0.12630307345710504,2.081037633474016,0.9104564943368025,-1.7067114819295517,-0.3768356170662749,-3.94052685317855,-0.23004594206687173,0.015288262225132833
-2.939262928369566,0.7204705929329714,-0.06834926081033267,0.22424445926877218,1.6626126571491862,-2.037745281052007,0.8504560275516068,1.496225516082639,0.9860198597135111,2.1078618735540857,0.8541458223343563,0.32685955039436787,-2.167211636769232,4.026010279209914,1.601242483614459,-2.650104338681788,2.256442027872455,1.1115836779051451,5.6353503536695735,-0.7577817898951942,2.247685954055891,0.02604513061332569,3.35628852904737,5.421203258068542,-0.48491189789396966,0.7838981678902636,1.1531407340514261,1.0408040174764177,-0.0773288769211867,1.166995146986121,-0.8956863215276509,1.2163816081330523,-0.13085681568044819,-1.1987253510333513,-2.0339531205192505,-2.5363219286187157,-0.691522977522553,-2.3450739834610794,3.7789343490212564,2.9787420137890988,0.06372608934781832,-0.9704342562585757,-1.140476117080749,2.4546071930315465,0.7220098326185994,-0.31338935154507996,1.3923555761043824,2.841143679016966,0.03722120322920889,2.993411767784232,1.246126370514563,-2.1009330546202905,-1.131735647198423,-6.2047834751274165,-0.804536041963771,-0.35133890162644277
0.22939710168179406,-0.15445806776026605,0.014260113146740023,-0.01276734710372181,-0.11537904664798132,0.24664851534417265,-0.11711757292834012,-0.1930512348088419,-0.13959071915832388,-0.14021431403056925,-0.1636745758017806,-0.11296682409487034,0.20007482073729488,-0.4303718824304417,-0.15066418966639206,0.25737516151840106,-0.21602589228463692,-0.0653246089912544,-0.5775508902144771,0.07275926031618171,-0.1559924788176898,0.060681472639082745,-0.329019946349784,-0.48491189789396966,0.05029638158176529,-0.1548323085499518,-0.06041363913427662,-0.13702228125559326,-0.03990843992594743,-0.11752265301438795,0.12602742385770702,-0.04666354804896233,-0.02841183051939928,0.09509779839560974,0.1784167288036934,0.20822941959203836,0.06625467032099454,0.21171110765810947,-0.27745881937943406,-0.19770162871501024,-0.007392931288999281,0.11254956735698503,0.06444862630134617,-0.23568585998574831,-0.02497175049357492,0.05956100715219853,-0.19715675286571654,-0.27371043801097017,-0.012492751564028709,-0.2877462076737648,-0.1213101759254342,0.2217442444130139,0.07379781604677176,0.5651267821479593,0.045417364089744554,0.011999449010969885
0.6993610866533894,2.8448752166418902,-0.33355990277856024,-0.1755569005099159,-0.8034354618005513,-2.350740003858571,1.3367216121790495,1.980593331505849,1.6753294926049564,-1.2377468144934478,2.9233854926761014,2.6139959008124016,-0.5747245887796407,2.854200451897599,0.4550347203137686,-0.9105463971901434,0.695964386196053,-0.9736772983152608,3.0229003389575575,-0.32578728219185016,-1.0477854908502302,-1.9737227902770473,1.4696939570882737,0.7838981678902636,-0.1548323085499518,2.731218851702164,-1.1303929290584689,1.4222733579207252,1.3451785913435599,0.5691788419799716,-1.4879313480826337,-1.7113588045260502,1.2847842019491327,0.2349068627481855,-0.08227592274799096,0.13096088544838586,-0.3874484403664643,-0.4671981952303536,-1.3980609046596457,-1.736196453095997,0.13459765877778437,-0.7507160201526546,1.0393380229079185,0.7390017419610481,-1.1995551267665951,-1.0067649321001637,2.5002759080671195,0.9155176429887611,0.27604338951859553,1.0214376870949873,0.5430159556460626,-1.3774937488456318,0.6961360145622055,-1.150128578296637,0.6041025226016019,0.5619700587210745
-1.1820751189117593,-1.2044698624023296,0.14557622054514474,0.15141454414208447,0.8708865462722216,0.5844265725207216,-0.4209412411726235,-0.5559938290440897,-0.5494407336897577,1.212390427639811,-1.2035368860906548,-1.2022912439655502,-0.33214430053427146,-0.2675267221385026,0.22996815061491624,-0.3017671437938832,0.29690938313907805,0.7977856460788083,0.10536030858877095,-0.05405412341321544,1.1585741918518555,0.9844593164245747,0.22733326355717318,1.1531407340514261,-0.06041363913427662,-1.1303929290584689,0.8882343178535753,-0.40869887580589853,-0.6884098120836143,0.05026335595645911,0.4817884204391232,1.1931870363418546,-0.6728725872671608,-0.45662238355134616,-0.537168290710881,-0.7869853788157494,-0.006188412257406215,-0.4365002962058247,1.7668379720707252,1.707166862662323,-0.048706318546158554,0.09699077162250733,-0.8390564954488146,0.33178988695208106,0.7992005412506564,0.41005308200872037,-0.8422918562718226,0.3538533998335451,-0.12600268517745405,0.3459746103190326,0.08579916551382885,0.0847183207542793,-0.6666407230742326,-1.1949470190727598,-0.52876290053866,-0.3779745076567081
-0.021621195121367145,1.4738177583467706,-0.16786043129187894,-0.05490122216085304,-0.18703055084569975,-1.391803564129532,0.7533658538736854,1.1475866162113575,0.9389112394857018,-0.34365263117338357,1.531196763296949,1.3107576032397033,-0.5431086149899766,1.8825356715666777,0.4170393264275061,-0.7668389480014474,0.6175090385186124,-0.33769159070903637,2.1627404098596306,-0.2469260269704526,-0.2349142713945235,-0.9595590553976161,1.124398224921885,1.0408040174764177,-0.13702228125559326,1.4222733579207252,-0.40869887580589853,0.8229998202856973,0.6499482129442485,0.42164145946881854,-0.840146371880362,-0.6893070471770987,0.6103326930127667,-0.029809420082568202,-0.2908516580341545,-0.2460441993614395,-0.2731130553708984,-0.5156837052187503,-0.21774794648809886,-0.4791757391946219,0.06810917984707301,-0.48754364920659143,0.36499560954472837,0.6642629147238973,-0.49320909300285626,-0.5259953959299171,1.3850068384124845,0.793870933518868,0.14053090239459815,0.8678272890869194,0.4153145239881825,-0.9258204758973754,0.20037291031587262,-1.3203678962470315,0.19721514758974668,0.2318844508140491
0.6206298180820676,1.414201688474204,-0.16401664140361508,-0.1074839946151773,-0.5635887532666838,-1.0382388759565329,0.6171575668943501,0.8962930204348412,0.785587958425276,-0.8281835528511756,1.4464581503699208,1.3263762129467989,-0.10465805794517004,1.1263952596049465,0.09411733569729484,-0.23738092540097336,0.16452828755690715,-0.6037146623336374,1.0726685584269653,-0.09727172192095236,-0.7427789974147173,-1.0293248672909945,0.4642998370147902,-0.0773288769211867,-0.03990843992594743,1.3451785913435599,-0.6884098120836143,0.6499482129442485,0.7103022500958674,0.19424075462744075,-0.7002033100000604,-1.0018361759774697,0.6797781233548896,0.23090130512033777,0.13524422758776647,0.29295212899902856,-0.14005056768629637,-0.036616575335347755,-1.0599174281836283,-1.1634215791584472,0.05851310096145459,-0.3074321165642957,0.6390590770021016,0.1710209238583731,-0.6841644989572147,-0.49225896187175056,1.1722835114185965,0.22444078483091615,0.1418081084885683,0.27026356199944457,0.17007450298928165,-0.5273297912157602,0.46158704301148984,-0.049457174322749695,0.3865017118088007,0.3243594252676235
-0.4622351990468878,0.5770310024949662,-0.0633153899267489,0.01933291769563738,0.19874087347615182,-0.7557085771480587,0.36819531657099486,0.5935824365480948,0.44997062280929195,0.21785603559344216,0.6197305288912356,0.4635280492346889,-0.5077011959902868,1.2207484206910815,0.37964845193942487,-0.6510278531387295,0.545082174782715,0.06442898094547536,1.5566273124517869,-0.19421565086942338,0.2745815940631399,-0.300632687195948,0.876146508293883,1.166995146986121,-0.11752265301438795,0.5691788419799716,0.05026335595645911,0.42164145946881854,0.19424075462744075,0.3149376099702118,-0.40652003187053953,-0.031318016200278694,0.17407717139902645,-0.1933605371968618,-0.40646377064207806,-0.4718959775783282,-0.19593115603797973,-0.5282359898859995,0.5159896438452725,0.3104326493410279,0.029885259894167304,-0.3031357824743016,-0.06148401640045798,0.5906304655786513,-0.04397947020056564,-0.21326600695829867,0.6530022979722424,0.6898369580062236,0.05079556660930736,0.7399495199370032,0.324557143518921,-0.6176843565003217,-0.1119390243053726,-1.3786087617087495,-0.06323425373113059,0.019688373906942187
-0.09321400444823735,-1.5481086524786218,0.17624916261226695,0.06426937300148085,0.2655964141547253,1.4088369937419214,-0.7697064067726386,-1.1673253462665012,-0.9666406292846035,0.4514543221403983,-1.610743481897418,-1.3874455000170454,0.49570670909887826,-1.8584737288572843,-0.3824290024253144,0.7124186501289493,-0.5720877011678553,0.4072036309560225,-2.091275539997796,0.23196556975239171,0.33951504078918393,1.0303665935971476,-1.0715103378206898,-0.8956863215276509,0.12602742385770702,-1.4879313480826337,0.4817884204391232,-0.840146371880362,-0.7002033100000604,-0.40652003187053953,0.8676150809546979,0.7893417111632166,-0.6608207582177396,-0.018689117143457317,0.22977964458230618,0.16470677204796855,0.2689697540488035,0.46219237742010794,0.38390258004300115,0.6301834687928755,-0.06759416809265707,0.4813132622700008,-0.43551156711486044,-0.6144628218930325,0.5562680229958449,0.5478420341658631,-1.426173912646294,-0.7349442552084172,-0.15001835610734027,-0.8134605101071732,-0.395386094397137,0.906746501093524,-0.2594197601170036,1.1671635235508333,-0.24151078410327503,-0.2635371106411282
-1.4668555655712177,-1.8192678828631097,0.2159573506111483,0.19517483573349556,1.1245759494975511,1.0292438653149458,-0.6835322062179805,-0.9394675836880905,-0.8899321932087129,1.584599180519988,-1.8398843633571846,-1.7781617083736077,-0.2960944555983557,-0.745825385605624,0.19673313832127615,-0.21406718160392615,0.23433750605447232,1.0691596564765737,-0.3381497029359662,-0.018082193804778435,1.492805052912424,1.4380303252813968,0.038407384479459815,1.2163816081330523,-0.04666354804896233,-1.7113588045260502,1.1931870363418546,-0.6893070471770987,-1.0018361759774697,-0.031318016200278694,0.7893417111632166,1.6417273351699708,-0.9739417703658415,-0.5671056081485314,-0.6066362350048081,-0.9246570976645745,0.05678210290167463,-0.42731932897927083,2.2493689221860413,2.229056243708952,-0.07024809385885115,0.22492593823545698,-1.1234690529583964,0.2669279958238088,1.1014819618668497,0.6206052832451097,-1.3475341925174427,0.27119472246878606,-0.18933205928309782,0.23717735391909342,0.016909104291005766,0.3046278037347535,-0.8739962632586777,-1.201865473820517,-0.7000206686381607,-0.5233748142177477
0.6306830391545204,1.3499769646570454,-0.15973958702856672,-0.1052806005114007,-0.5596122689416144,-0.9789481063821394,0.5823215043035419,0.8432561640715508,0.7423963385147949,-0.8198703750239236,1.384532254457732,1.2706415729101324,-0.08048140521679714,1.0438478997091238,0.07345157395203873,-0.1967363436817276,0.1317359141590915,-0.5947751975768039,0.9693244299745368,-0.08814266380563726,-0.7367152399329504,-0.9904094797653281,0.41452299200880177,-0.13085681568044819,-0.02841183051939928,1.2847842019491327,-0.6728725872671608,0.6103326930127667,0.6797781233548896,0.17407717139902645,-0.6608207582177396,-0.9739417703658415,0.6568884509416083,0.23548190866287114,0.15519759542146017,0.30527846341843945,-0.13281042795680492,-0.012921665294960452,-1.060930567810192,-1.1509964175541225,0.058630710002393185,-0.27830556196366407,0.6277997190085148,0.13412947634581007,-0.6681533814430525,-0.4695205196512113,1.1141701256855974,0.18221573582974954,0.13530659522271013,0.22690716815755316,0.15260509464431746,-0.4859099481490756,0.45590695125494646,0.019845587835984186,0.3761432584928711,0.3157436153825803
0.8247333965468643,0.2702075456548679,-0.035218432780301845,-0.07918714188662952,-0.5300778189498186,0.12693744192177536,1.9997479604433335e-4,-0.05484038302544262,0.023482665011432213,-0.7070596437385799,0.255786836449957,0.32830581336623565,0.43667244628636703,-0.5288599012188301,-0.3185578588634405,0.5048298556132984,-0.4393620015590565,-0.42471326804327747,-0.8969918976949118,0.1350721099354828,-0.710227725973718,-0.3179137947213653,-0.584858608871404,-1.1987253510333513,0.09509779839560974,0.2349068627481855,-0.45662238355134616,-0.029809420082568202,0.23090130512033777,-0.1933605371968618,-0.018689117143457317,-0.5671056081485314,0.23548190866287114,0.33112118666705,0.48282654785979934,0.6357877694932077,0.10373945030637463,0.4943559052170171,-1.1395777798367153,-0.9963658590062207,0.0033799576786828173,0.12038441735636071,0.4402266182610956,-0.48073758478938416,-0.3637199575663607,-0.07934360464446641,0.05267241053735593,-0.5495332437551957,0.035137274152875375,-0.5652594707272107,-0.21764124530914852,0.2957354555122447,0.38459968678269385,1.329192090076646,0.28904970761240023,0.1748381475534996
1.1965364110523964,-0.050550943520637076,-0.002696273380962919,-0.10155275338057483,-0.7087800589372985,0.5973816703435921,-0.22205996053967278,-0.4208557378369287,-0.24848736204067814,-0.9169208672388846,-0.09401228823012506,0.08433632130649037,0.7906370583110448,-1.3264372477950588,-0.5831135915334577,0.9541264630998266,-0.819419268797626,-0.5104065405364188,-1.9392943889211527,0.26452183190836387,-0.9541422024432199,-0.16920677516211435,-1.1782931096927562,-2.0339531205192505,0.1784167288036934,-0.08227592274799096,-0.537168290710881,-0.2908516580341545,0.13524422758776647,-0.40646377064207806,0.22977964458230618,-0.6066362350048081,0.15519759542146017,0.48282654785979934,0.7832335813247888,0.9906116464379988,0.23345859988348863,0.869121874492497,-1.5769782495755695,-1.2942430499184898,-0.010832396511728683,0.31970832969231555,0.5265009330297307,-0.8940022151407183,-0.37844465086095735,0.03965598466597584,-0.33555465036152,-1.028030990497128,0.0071241748563142795,-1.0781809113284706,-0.43697554009154865,0.7010603298739801,0.49442584092553965,2.3105165245434636,0.3577005792902509,0.1811474531296424
1.5883701250455775,0.18246516948070374,-0.028856067151669218,-0.1473261212332827,-0.9764719157947485,0.5660772055238709,-0.16552500000034848,-0.364656523649584,-0.17160133598139027,-1.2784633951892033,0.12392665477907056,0.3350112689112855,0.9667320483537658,-1.4594433408574654,-0.7071947977279479,1.137401724867345,-0.9864096196241989,-0.7328888425685318,-2.2204695996642525,0.31299181564285133,-1.313616156218522,-0.3842305358158162,-1.3877487237167472,-2.5363219286187157,0.20822941959203836,0.13096088544838586,-0.7869853788157494,-0.2460441993614395,0.29295212899902856,-0.4718959775783282,0.16470677204796855,-0.9246570976645745,0.30527846341843945,0.6357877694932077,0.9906116464379988,1.2846631588736803,0.2747412759999831,1.0775492293654663,-2.1361024906818535,-1.805280481746417,-0.0048666165281118084,0.33487550035147134,0.761782110512336,-1.0760452113671655,-0.5840845963744133,-0.037539884923212696,-0.21690747726446405,-1.232103893924927,0.033096825016744796,-1.2928018450590044,-0.5159485396062596,0.7804292969655119,0.6925476100822985,2.8572982308581696,0.5156666925366538,0.27922846564066606
