V1,V2,V3,V4,V5,V6,V7,V8,V9,V10,V11,V12,V13,V14,V15,V16,V17,V18,V19,V20,V21,V22,V23,V24,V25,V26,V27,V28,V29,V30,V31,V32,V33,V34,V35,V36,V37,V38,V39,V40,V41,V42,V43,V44,V45,V46,V47,V48,V49,V50,V51,V52,V53,V54,V55,V56
0.023520186521659287,0.008970312889624882,0.023732233117684774,0.12891925443800833,-0.10777382738274494,0.2721079140149148,0.09849680505857052,-0.4307279566769717,-0.045466482096272944,-0.11964641365288624,-0.2572277369187541,-0.09875868399165323,-0.023703324216203463,-0.36049620064492743,0.011400325789203074,-0.1817528662230191,-0.05882304428156924,-0.09389779413307252,0.155303511254139,-0.2679494926727602,-0.0012640483509320805,0.14015933818189566,-0.05367476704509855,0.042769982659322824,0.14725388830278896,0.24791894982399812,0.14724227530961365,-0.09939585768634893,0.013432816850595206,-0.09436435289942757,-0.06670960577905186,-0.16433658672441226,0.1403487607479407,0.15268147273152285,-0.14155417911186535,-0.007641408930354911,0.16919363401136253,-0.0732938028245589,0.02750671613658049,-0.12963536591527908,-0.08174976061250303,-0.09709897806248527,0.044581658352143394,0.11618642241780176,-0.1497099450342329,-0.07120744030789605,0.13225642036661003,-0.01860591633433034,-0.07967132498388478,0.24502929114784647,-0.18497107087319986,-0.0867647712322328,0.10913090966172553,-0.12688196893723358,-0.006253093975113303,-0.10671559103587133
0.008970312889624882,0.140936819916457,0.3346047426339498,-0.7863602656231116,0.43536566643305796,0.9008668122409104,-0.6944885949513484,1.7572980160979974,-0.44336828609396856,0.34877117821073883,-0.15642581114445864,-0.1063302896392739,0.3090337366664182,-0.6061073812954497,0.08327039222589924,-0.053205508905373775,0.3397825171861177,-0.9649527037071415,0.40300776899582147,0.9925117195402247,1.6461017506997508,-0.5777693972455815,-0.9675448362783448,-1.3800577384353545,0.1082329716396513,0.15326176763570482,-0.1348239931055755,0.41708610761291015,-0.8328956825640961,0.27581393511403623,1.0097578455992886,1.1698295662389664,0.019147054726349026,0.03699071039080001,0.9262997620978429,0.3397069292220225,-0.8277312177888414,0.0982486095675793,-0.874502447827475,-0.8601537343131859,0.211182998867963,1.2466271468244476,-1.1934616709715185,-1.2835715963080496,0.22330946041953412,-0.6943894906612097,-0.7182490874657975,0.3921816789526167,-0.35526792483330466,-0.464574260383833,0.3914483684873771,0.18740359763074108,0.5170568056108655,0.07205140964034844,1.1572645233216032,-0.10290384948348649
0.023732233117684774,0.3346047426339498,0.79548416053582,-1.8489685788102794,1.0185617397013693,2.1666359643775577,-1.634109378303686,4.114071841297927,-1.0558941571447535,0.8134487063841882,-0.40020233331560506,-0.2630852582401653,0.7294464537626112,-1.4786051170356869,0.19822401249563099,-0.14742162434538528,0.7982092972328849,-2.297626368483321,0.9720390450586561,2.3205803105612244,3.9005607979667523,-1.3523433167635146,-2.298610033648513,-3.2656581878392617,0.27386445624853856,0.39205641790827556,-0.30253188580558377,0.9770709256718318,-1.972449414298216,0.6428464221944223,2.384730678030279,2.7523614380343373,0.061451102188062594,0.10595188415431006,2.178493310611654,0.8038633330147515,-1.9415876880306635,0.22440622059395635,-2.069413292084289,-2.05342119139118,0.49164127497023213,2.9429812917292852,-2.823038572102214,-3.027411057051374,0.5120081826164854,-1.6540947153539314,-1.6872492524952925,0.9274795075885987,-0.8513343934230226,-1.0724516543288347,0.9063261093712263,0.4337982411474982,1.2378058031382058,0.15599787198496945,2.7411301837082407,-0.2560529467560267
0.12891925443800833,-0.7863602656231116,-1.8489685788102794,5.794535202008672,-3.492987575248678,-3.3467040306910842,4.99970076332264,-14.06876097130146,2.340517759342412,-3.061016613292217,-1.0677475100373084,-0.12840734263450335,-2.065662812370133,0.8595081575519341,-0.41633636958428355,-1.1025228172200114,-2.5292598276424805,5.133936598145815,-1.2321919654193452,-8.139395051508757,-10.023679916012155,4.614077196140085,5.464271918545107,8.730946313538551,0.4954287836241088,1.0117777566106916,1.9751822140295237,-3.317818332667943,5.173079816054192,-2.4171958094015826,-6.666516052265532,-8.405656802422993,0.9837616133495636,0.9724665965556931,-6.745930518254685,-2.126977446481816,6.361695359841033,-1.172931040937313,5.535396997503588,4.216212665764464,-1.9270876900577585,-8.345166575264436,7.610731811953007,8.719843231132447,-2.532520192658193,3.665299987540476,5.407973585246947,-2.5321248170984747,1.5364332202001674,4.749074206628584,-3.831988408953013,-1.8204407324048706,-2.2902722108815934,-1.4336517251262255,-7.088807638204687,-0.2112700471319406
-0.10777382738274494,0.43536566643305796,1.0185617397013693,-3.492987575248678,2.155122217803458,1.4959086662819907,-2.9980798548865963,8.665411926934867,-1.2652795997202457,1.9216142588081022,0.9959265786509057,0.22107350885386634,1.212608524473455,0.056722358123821356,0.22108093675589005,0.9036846603157315,1.5313446780209359,-2.7825165047449025,0.4710194096887162,5.043224781043739,5.7125663765800185,-2.8422519096321293,-3.0326478685375484,-5.037780083689902,-0.5044126767187196,-0.9504278279346464,-1.3466631488824048,2.0398627540783347,-2.9665359452877724,1.5188347676252505,3.9006023681708832,5.039937122856874,-0.7708179779301406,-0.7866397807563291,4.0575551476202945,1.224943042686136,-3.8799924627113396,0.7783309277653607,-3.1943259721277113,-2.2056893948906655,1.2195376858962186,4.8995123962619385,-4.402525046848098,-5.146124402608108,1.6677410663669796,-1.9793542015550638,-3.2795071604636794,1.4699522096141209,-0.7538366408324989,-3.0759523022452355,2.4614673461420216,1.1685177605901793,1.1412032057492885,1.0086824153630967,4.049547168815645,0.28117539341951014
0.2721079140149148,0.9008668122409104,2.1666359643775577,-3.3467040306910842,1.4959086662819907,7.823305816119672,-3.0912523338686944,6.103879414147801,-3.0069778670345,0.8945355479409346,-3.3559287338585984,-1.5546568804999923,1.5688162324753516,-6.958738239213289,0.5891554748530088,-2.0432765986028985,1.409038715024912,-6.499239697680418,3.8092568790046855,3.2090518728367705,9.547600217370515,-2.0151377319536623,-6.127624249968952,-7.610594182550666,2.030598504975283,3.2503172099817492,0.6166573319355799,1.4769131452085507,-4.711590500602298,0.7062143569258426,5.223678357716284,5.220626131969167,1.4435804474240936,1.6746295073752402,4.029392282999208,1.8956047493611807,-3.1951492131916313,-0.12597869040135992,-4.819664429250815,-6.231201798919635,0.4534472216392835,6.318674534852941,-6.5076526187672945,-6.33953582853228,-0.12526751108360104,-4.7150384383349975,-2.9155490728929747,2.1029489364369796,-2.8249324157118023,-0.3636971126787258,0.515045378038936,0.2608243062025286,4.038730435975055,-0.7901289893500683,6.656460987620022,-1.6125935450195508
0.09849680505857052,-0.6944885949513484,-1.634109378303686,4.99970076332264,-2.9980798548865963,-3.0912523338686944,4.323317083396476,-12.073428737051527,2.077299130937068,-2.610487303268793,-0.7849051731320797,-0.05428019912170135,-1.795794495512246,0.9628806379514993,-0.3718162132002901,-0.8602022381979861,-2.182260184861365,4.552428765306579,-1.1717331302094796,-6.9747352044787885,-8.780811184600365,3.9612035437138045,4.818727031788521,7.62357443798149,0.34769331049209806,0.7411944258481052,1.6438980597110224,-2.8484747125119294,4.5238894039029915,-2.061998583212738,-5.802313306844795,-7.269311820937709,0.7789729334641642,0.7636170777454103,-5.827528602395839,-1.8597395201545162,5.474376542182294,-0.9845194042061373,4.832944524271535,3.7693545420144687,-1.6398152736339604,-7.253580965605536,6.641327701749476,7.572667547089244,-2.130606246436259,3.2520916355974845,4.660087384513725,-2.2071922779384225,1.3921137056227353,4.017586346539859,-3.2485025045042435,-1.544275750386226,-2.0709375687009968,-1.181969423064419,-6.207354141094209,-0.1225586296604208
-0.4307279566769717,1.7572980160979974,4.114071841297927,-14.06876097130146,8.665411926934867,6.103879414147801,-12.073428737051527,34.862056744349935,-5.116179968056995,7.730376486365616,3.957404286285353,0.870065781007614,4.887513987083005,0.13587885950233744,0.8927633208633913,3.599942167244342,6.162407892206983,-11.253004309970992,1.9323567469528506,20.282176257734363,23.052062050441254,-11.431468801191796,-12.24997487553321,-20.32046619899657,-1.9990902113699645,-3.7744487304795826,-5.399681511437758,8.208106483260448,-11.969844410253737,6.106636214517327,15.720753405369303,20.292151720736495,-3.0783941511312922,-3.13291792530055,16.337996617683064,4.938408748974708,-15.614819267602437,3.123972142618631,-12.884715987984285,-8.934302017205935,4.90461752878988,19.750128454132224,-17.75664049689285,-20.732813813506674,6.694877742191712,-8.007221191203623,-13.203808142833147,5.928649926993063,-3.0640263000743464,-12.351768058826258,9.88886717738572,4.693307553304611,4.63038969704898,4.038454363763519,16.337194053450556,1.1088121799212796
-0.045466482096272944,-0.44336828609396856,-1.0558941571447535,2.340517759342412,-1.2652795997202457,-3.0069778670345,2.077299130937068,-5.116179968056995,1.4107715928300577,-0.9907463155535756,0.6848112345548822,0.4059633240002101,-0.9401514010659414,2.1623531154002955,-0.26644558220259423,0.30727872949883955,-1.0076426554254854,3.0669218665273723,-1.3687359230463254,-2.869758513392561,-5.105662064739763,1.6820421610684977,3.042635039770527,4.248787265404039,-0.450672690471657,-0.6685793294260537,0.3041222251520003,-1.216949576602606,2.574133525831965,-0.7827187960521018,-3.079615796259217,-3.4994949440172753,-0.16803297692547547,-0.23490159193396506,-2.762995681544922,-1.0470839942771006,2.435722655804534,-0.24807621944083758,2.692153988539064,2.7697910263450787,-0.5929374860329478,-3.792432514328473,3.6680533785557166,3.889746113531724,-0.5769275040247958,2.2105629712734713,2.126295014102048,-1.202870123343688,1.16483237693494,1.2504375707796305,-1.0710223159877281,-0.5134938646628752,-1.6885500548461787,-0.1247731895078088,-3.5841421983731228,0.4020104934403666
-0.11964641365288624,0.34877117821073883,0.8134487063841882,-3.061016613292217,1.9216142588081022,0.8945355479409346,-2.610487303268793,7.730376486365616,-0.9907463155535756,1.7469929155455923,1.1532752598502736,0.30963283177756445,1.0352521390987732,0.5036373676536847,0.16784049846533355,0.9794465805195527,1.343377009383552,-2.1877820305766833,0.19063948243392453,4.519894692420933,4.7370139862595915,-2.5329003846254405,-2.4452103652333177,-4.230988880357581,-0.6049462394089938,-1.1028489791092477,-1.3039565995941456,1.8177279673240248,-2.4770196968122202,1.3790892075940582,3.3171345200219498,4.384761101305177,-0.8180617343574113,-0.8446772580508828,3.543174233363549,1.0242388820935155,-3.43090707858318,0.7387547224647422,-2.6832834059182975,-1.6642452360848194,1.1162105881346411,4.185686940066977,-3.706833018711882,-4.411696285377146,1.5732378030060752,-1.5510094052197516,-2.88763119259497,1.2426913474550674,-0.5244928420356539,-2.861080717682046,2.275893189105219,1.0785655985422455,0.8068801681813239,0.9970888683105202,3.3638226602837062,0.3688821627767676
-0.2572277369187541,-0.15642581114445864,-0.40020233331560506,-1.0677475100373084,0.9959265786509057,-3.3559287338585984,-0.7849051731320797,3.957404286285353,0.6848112345548822,1.1532752598502736,2.876765730230535,1.1223290295963166,0.1272976541603938,4.200755974415061,-0.1584515866863144,2.0112415220141293,0.5016398860342025,1.4373817386563712,-1.8621244963180188,2.5072412706566745,-0.6870806541079324,-1.2891595506030837,0.9972186596062913,0.12249552865029043,-1.6537304871748526,-2.7729119179056285,-1.5494769768223893,0.9081658430870815,0.20894666230696243,0.9107925460055355,0.3030539665474935,1.3033656629674555,-1.5379611397811064,-1.6879711081967677,1.1539725675205557,-0.0575473379055351,-1.495843868016515,0.7581663480231543,0.07407474806734421,1.7832183112979112,0.8002654220498867,0.5272753461020324,0.02146491415212005,-0.7288707220385935,1.5378851304886285,1.0768951373293878,-1.1374168622057477,0.03488078798486904,1.0238094242737692,-2.4806547155779155,1.8518386443415717,0.8688959182558199,-1.4093893693810644,1.3559625841602878,-0.4213294270549351,1.2090314663066069
-0.09875868399165323,-0.1063302896392739,-0.2630852582401653,-0.12840734263450335,0.22107350885386634,-1.5546568804999923,-0.05428019912170135,0.870065781007614,0.4059633240002101,0.30963283177756445,1.1223290295963166,0.45342894022855357,-0.05826389827596472,1.7676268991976485,-0.08742462472926689,0.765333228185175,0.07013744095345228,0.8636188222392821,-0.82984436265757755,0.5923352827886577,-0.8175991595762933,-0.2814283199634509,0.7010599281945981,0.5168694038689833,-0.6514448282147626,-1.0826700609830158,-0.5297359681638433,0.19497572696933066,0.3620788678975376,0.24425032178136216,-0.23253062459412627,0.08433569533795605,-0.5781404780351209,-0.6395842266920775,0.11228001428956617,-0.13759543352027173,-0.27302198297237756,0.24818071088009408,0.3261822191179144,0.9563310779736798,0.22534144450510224,-0.2297921211384417,0.4155891202283758,0.16794662596726653,0.49520868681971625,0.6372067315376694,-0.17733845392561887,-0.12096385185245022,0.5016337075745352,-0.7629157735757602,0.5544008064428843,0.2587803009877139,-0.7004141498016024,0.4791295623708978,-0.551997082817305,0.4843856600248383
-0.023703324216203463,0.3090337366664182,0.7294464537626112,-2.065662812370133,1.212608524473455,1.5688162324753516,-1.795794495512246,4.887513987083005,-0.9401514010659414,1.0352521390987732,0.1272976541603938,-0.05826389827596472,0.7605212482455601,-0.7181933860868247,0.17091336043354088,0.22239647434056847,0.8987241618715627,-2.055785300069416,0.6373913596768884,2.80731277223418,3.813681473491361,-1.6040783484398085,-2.1379357090301916,-3.276688904602335,-0.029004376032845374,-0.11624529097007817,-0.5921072634133394,1.1548898520297584,-1.9542662165908857,0.8177933238929117,2.4648362176515755,3.0209241824623083,-0.22227989832574763,-0.20452078747633073,2.4138749454471817,0.8011458867097178,-2.2378414309354238,0.3669280650592344,-2.077012123177244,-1.7453052666344042,0.6447456505213166,3.07093994120006,-2.84823109089849,-3.1927103199969684,0.8016247419921422,-1.4723692613688428,-1.9147636423745025,0.9435819629256403,-0.6711970284120964,-1.541699790044926,1.2579631972312912,0.5987902205805673,0.989933787940322,0.40809422931705996,2.691190790366324,-0.035334930031313126
-0.36049620064492743,-0.6061073812954497,-1.4786051170356869,0.8595081575519341,0.056722358123821356,-6.958738239213289,0.9628806379514993,0.13587885950233744,2.1623531154002955,0.5036373676536847,4.200755974415061,1.7676268991976485,-0.7181933860868247,7.219838493286024,-0.4437257546972903,2.7784317563573633,-0.3164138489938298,4.638284525840451,-3.579280406586385,0.43342605766772496,-5.607691372719467,-0.031232401332813402,4.0694101081801595,4.110654818326497,-2.4685141575887624,-4.057840321885987,-1.635457092265522,-0.009145448895793239,2.6578034538424773,0.3988012540082891,-2.4924842917265466,-1.6437369321695465,-2.060927896599556,-2.3111875428608246,-1.144216396552814,-1.0457620397521339,0.41582703835939255,0.7075817270036724,2.6002201746331792,4.790074504777389,0.4375887418109667,-2.880935866450744,3.4445311860444376,2.7190471463935664,1.3668821001782903,3.394269105015746,0.5728317492190721,-1.0780246923689076,2.354339516941056,-1.908054488818978,1.2955864210276435,0.598204759589105,-3.318455440281576,1.5636226288170285,-3.8599421193842347,1.8720542343503597
0.011400325789203074,0.08327039222589924,0.19822401249563099,-0.41633636958428355,0.22108093675589005,0.5891554748530088,-0.3718162132002901,0.8927633208633913,-0.26644558220259423,0.16784049846533355,-0.1584515866863144,-0.08742462472926689,0.17091336043354088,-0.4437257546972903,0.05095687398076175,-0.07903331568480963,0.17914092102256882,-0.5783047988094533,0.27271747499507154,0.4977553991780105,0.9435767583551122,-0.29398812211805664,-0.5691627691287785,-0.7799195051746511,0.10124324473247348,0.1540536777256669,-0.037997934505264064,0.21254396555592295,-0.473925328970502,0.13302996865257352,0.5612405691914208,0.6271025591744335,0.048506068017706974,0.061811542240202966,0.4932940458399694,0.19277487783085073,-0.42952219042158435,0.036756901291168646,-0.49408656690786323,-0.5278293322857219,0.09912976053464587,0.688881566628443,-0.6723474391758448,-0.7051510963404412,0.08812991204570363,-0.41719933963452643,-0.3764031865507506,0.21991490790125792,-0.22492842392856544,-0.20099979207762228,0.17514558247546105,0.08436710622158637,0.3256186335496716,0.0075483390502699465,0.6619714054550161,-0.08752044219567894
-0.1817528662230191,-0.053205508905373775,-0.14742162434538528,-1.1025228172200114,0.9036846603157315,-2.0432765986028985,-0.8602022381979861,3.599942167244342,0.30727872949883955,0.9794465805195527,2.0112415220141293,0.765333228185175,0.22239647434056847,2.7784317563573633,-0.07903331568480963,1.4303261818111397,0.506118339454326,0.630783187860314,-1.1736967731464436,2.2301412800494185,0.19883287875505506,-1.1754495716685112,0.31146838895734563,-0.4939938236347591,-1.1485757766535396,-1.9378439666584653,-1.175691742968196,0.8318598091926579,-0.20049120547648783,0.7740816076151353,0.6456660562788472,1.4359174482486938,-1.1023180267839434,-1.2038933759194277,1.2246826305700746,0.10227555882255873,-1.4298896918472719,0.5888417071729898,-0.3155985318451538,0.9248950931862769,0.6666435413928035,0.9067878951351784,-0.48819915619483967,-1.0690283183281866,1.2046310879709312,0.4848724204489744,-1.1244084492389517,0.19054704776259881,0.5897077972611473,-1.9876919720011779,1.5023940541963416,0.7067024535530374,-0.7993006815936894,1.0097056332653105,0.18475751640631843,0.8296432278942916
-0.05882304428156924,0.3397825171861177,0.7982092972328849,-2.5292598276424805,1.5313446780209359,1.409038715024912,-2.182260184861365,6.162407892206983,-1.0076426554254854,1.343377009383552,0.5016398860342025,0.07013744095345228,0.8987241618715627,-0.3164138489938298,0.17914092102256882,0.506118339454326,1.1059831410173713,-2.210236183420785,0.5120218452978357,3.5689792722064464,4.344086588634682,-2.021895495560605,-2.3600333462741143,-3.7897519261259687,-0.2368807603072819,-0.47603024627153623,-0.8778945345994696,1.4528490393928746,-2.243451762576977,1.061520253812057,2.900213035181125,3.6692848082847145,-0.44687041364204794,-0.44572144556749593,2.9453591846614233,0.9238304602852442,-2.782727695022095,0.5191704312687887,-2.4026810578762228,-1.8070286237383657,0.8468259109896035,3.630455879346387,-3.3046181830085573,-3.7980054158364154,1.1197148897369353,-1.5768780130769553,-2.36334518910426,1.0998399782266073,-0.653041023933841,-2.095670647069947,1.6883199448449007,0.8022669076149864,0.9765588265296791,0.6408154814296965,3.073699653302936,0.10772424940933849
-0.09389779413307252,-0.9649527037071415,-2.297626368483321,5.133936598145815,-2.7825165047449025,-6.499239697680418,4.552428765306579,-11.253004309970992,3.0669218665273723,-2.1877820305766833,1.4373817386563712,0.8636188222392821,-2.055785300069416,4.638284525840451,-0.5783047988094533,0.630783187860314,-2.210236183420785,6.669190800051446,-2.9507649375346645,-6.31716533757306,-11.136439112927073,3.6988773383473412,6.62471231172259,9.276640542184769,-0.9508835325713557,-1.4041001641432387,0.6956534583944801,-2.676145043557096,5.617738317539312,-1.727762447111494,-6.731194178647326,-7.6679332678423755,-0.33548010514393956,-0.4796246661570763,-6.057363083771371,-2.2851230678172527,5.349512412371217,-0.5572197086542894,5.878046893046479,6.01321633971448,-1.3114850843661319,-8.293420637290849,8.010627065437566,8.508753603672881,-1.2911286168203793,4.8061859066526,4.666853416134197,-2.627745071672375,2.5236389334446665,2.780674181138019,-2.3764468940503236,-1.138818074969808,-3.6589171601749895,-0.2995425820357586,-7.818638310290893,0.853553047324386
0.155303511254139,0.40300776899582147,0.9720390450586561,-1.2321919654193452,0.4710194096887162,3.8092568790046855,-1.1717331302094796,1.9323567469528506,-1.3687359230463254,0.19063948243392453,-1.8621244963180188,-0.82984436265757755,0.6373913596768884,-3.579280406586385,0.27271747499507154,-1.1736967731464436,0.5120218452978357,-2.9507649375346645,1.893335167023586,0.9493441739964661,4.110085303382742,-0.6419189068064789,-2.726347961990579,-3.2083390188265866,1.1124310022323902,1.8007112883636303,0.5040371843943127,0.47498826012428985,-2.0069478207254514,0.15157440054281246,2.1424041455079377,1.9836586587477132,0.8489589808684301,0.9674826396587808,1.5066179076010948,0.8044792620055298,-1.1028745401221864,-0.17309589175022738,-2.031176781428895,-2.8929743737757887,0.062184296186478014,2.5639641331404572,-2.7302597187506903,-2.543426002382161,-0.2963800447225513,-2.1455391257663963,-1.041139657977169,0.8752404190801581,-1.3450666103279858,0.23977470642217005,-0.07758278439240403,-0.027826330020899192,1.9160479219433644,-0.5454706514403574,2.857407129884383,-0.8672497211348198
-0.2679494926727602,0.9925117195402247,2.3205803105612244,-8.139395051508757,5.043224781043739,3.2090518728367705,-6.9747352044787885,20.282176257734363,-2.869758513392561,4.519894692420933,2.5072412706566745,0.5923352827886577,2.80731277223418,0.43342605766772496,0.4977553991780105,2.2301412800494185,3.5689792722064464,-6.31716533757306,0.9493441739964661,11.817752006935098,13.132143369399364,-6.650496775462158,-6.925160765000918,-11.616642661910772,-1.2835351943394255,-2.393951950862692,-3.2202984847023175,4.773244697499552,-6.831083763103383,3.5710458488376404,9.02145802710584,11.7220453834941,-1.8909578656799804,-1.935878001675949,9.446131643116708,2.8213554462731127,-9.06115044180294,1.8513760670846033,-7.366142699691256,-4.961162311908681,2.8735412518800088,11.344926479161861,-10.15806168155195,-11.925550635023791,3.960427009796328,-4.490335272658462,-7.650954832599491,3.395094746153955,-1.6662780460582651,-7.277325726931662,5.814590891383265,2.7589782829473632,2.530686490390118,2.4255125625549496,9.312798745845384,0.7365929119780031
-0.0012640483509320805,1.6461017506997508,3.9005607979667523,-10.023679916012155,5.7125663765800185,9.547600217370515,-8.780811184600365,23.052062050441254,-5.105662064739763,4.7370139862595915,-0.6870806541079324,-0.8175991595762933,3.813681473491361,-5.607691372719467,0.9435767583551122,0.19883287875505506,4.344086588634682,-11.136439112927073,4.110085303382742,13.132143369399364,19.740101183096318,-7.570067379376462,-11.350105839774937,-16.743519243431063,0.6205557447886371,0.6955654594283802,-2.295846062235797,5.459890379028253,-10.049275869991416,3.741746338693417,12.411537787412922,14.778750731597949,-0.41786627243043006,-0.2575829692505537,11.757006592080655,4.106667429971407,-10.70148620311634,1.5165550436196382,-10.611745132777163,-9.715753804262443,2.912276626075408,15.393774009894962,-14.514575848734143,-15.920211427567592,3.3681847361359245,-7.998027066188843,-9.22334758831214,4.78911681793035,-3.89336734292254,-6.699480544781669,5.5463256416516185,2.6457205269051127,5.695710048411303,1.4486402891293233,13.900287667335737,-0.7410999534282997
0.14015933818189566,-0.5777693972455815,-1.3523433167635146,4.614077196140085,-2.8422519096321293,-2.0151377319536623,3.9612035437138045,-11.431468801191796,1.6820421610684977,-2.5329003846254405,-1.2891595506030837,-0.2814283199634509,-1.6040783484398085,-0.031232401332813402,-0.29398812211805664,-1.1754495716685112,-2.021895495560605,3.6988773383473412,-0.6419189068064789,-6.650496775462158,-7.570067379376462,3.749160590413233,4.025137307631556,6.671066807697587,0.6506624169716763,1.229698376037716,1.7671009139808482,-2.6914175730821945,3.929921627304553,-2.0014345149694543,-5.160578397849802,-6.658325925098514,1.0049331861509647,1.0235230139480207,-5.359925511807631,-1.6219853956164536,5.121245391875415,-1.0227925674249096,4.229908831858573,2.938774496018786,-1.6067927807199662,-6.481473909295067,5.829118444676519,6.804895618547974,-2.192272660505562,2.6318453767490966,4.330418113330561,-1.9459067804571113,1.0089038744511478,4.046689681918987,-3.2398207653280857,-1.537957205706661,-1.5252277590021868,-1.3212923047382181,-5.365294831377215,-0.3598354430470806
-0.05367476704509855,-0.9675448362783448,-2.298610033648513,5.464271918545107,-3.0326478685375484,-6.127624249968952,4.818727031788521,-12.24997487553321,3.042635039770527,-2.4452103652333177,0.9972186596062913,0.7010599281945981,-2.1379357090301916,4.0694101081801595,-0.5691627691287785,0.31146838895734563,-2.3600333462741143,6.62471231172259,-2.726347961990579,-6.925160765000918,-11.350105839774937,4.025137307631556,6.653279905156416,9.529864676015105,-0.7011570896151814,-0.9799576790306229,0.9761484616436203,-2.907476981521251,5.748272403030309,-1.9316211099276444,-6.981350754410375,-8.114059297157626,-0.08742878294658177,-0.20981936346333738,-6.430194602186599,-2.3433147233034686,5.758912616492805,-0.7008075635158616,6.039073064415061,5.891241781086808,-1.483972093051373,-8.626667295560067,8.243451859130175,8.883264450986719,-1.587236725937935,4.767039021418515,4.9952361746206915,-2.7109656693925155,2.4259803392598775,3.2793265851722366,-2.757368703820371,-1.3184947415948944,-3.5305386102123433,-0.5361081759473945,-7.9793477046409524,0.6758831362964788
0.042769982659322824,-1.3800577384353545,-3.2656581878392617,8.730946313538551,-5.037780083689902,-7.610594182550666,7.62357443798149,-20.32046619899657,4.248787265404039,-4.230988880357581,0.12249552865029043,0.5168694038689833,-3.276688904602335,4.110654818326497,-0.7799195051746511,-0.4939938236347591,-3.7897519261259687,9.276640542184769,-3.2083390188265866,-11.616642661910772,-16.743519243431063,6.671066807697587,9.529864676015105,14.27624701266949,-0.26310015532733877,-0.14659941640919055,2.210279386857843,-4.80828187749195,8.546636014430046,-3.341818449537644,-10.645745784333997,-12.828094893102765,0.6050477695619121,0.49189072280881047,-10.224301882541212,-3.496817194237081,9.37828908572766,-1.4172205836190381,9.04865097734813,8.007882314553518,-2.6159248905543544,-13.228623349231006,12.389325223541876,13.710007071904275,-3.124043457597676,6.655344896727441,8.058688154449703,-4.0947812142786715,3.1592238944889,6.120190473716119,-5.034390462375061,-2.399031317343405,-4.635579379919951,-1.455579734099921,-11.800020513680705,0.43767566829864907
0.14725388830278896,0.1082329716396513,0.27386445624853856,0.4954287836241088,-0.5044126767187196,2.030598504975283,0.34769331049209806,-1.9990902113699645,-0.450672690471657,-0.6049462394089938,-1.6537304871748526,-0.6514448282147626,-0.029004376032845374,-2.4685141575887624,0.10124324473247348,-1.1485757766535396,-0.2368807603072819,-0.9508835325713557,1.1124310022323902,-1.2835351943394255,0.6205557447886371,0.6506624169716763,-0.7011570896151814,-0.26310015532733877,0.9538001924130752,1.5948770345191767,0.8601874481004615,-0.45654425711510105,-0.2355706811813596,-0.47814541259415666,-0.030425351431182225,-0.5757639204869707,0.8752897282730169,0.9631596980533085,-0.5248065319950889,0.08026984623349655,0.7328926690889428,-0.4163141002805976,-0.1647195110682535,-1.1323876782953286,-0.42396562082179656,-0.12440054653770932,-0.17962893519241063,0.23391022208921067,-0.8412295135763596,-0.708404207876396,0.54419620345799,0.03535647570325169,-0.6307730979402233,1.3421898563244978,-0.9957927920814137,-0.4668542397489638,0.8722189704685901,-0.7592462029720177,0.4010367110101878,-0.7002735292177027
0.24791894982399812,0.15326176763570482,0.39205641790827556,1.0117777566106916,-0.9504278279346464,3.2503172099817492,0.7411944258481052,-3.7744487304795826,-0.6685793294260537,-1.1028489791092477,-2.7729119179056285,-1.0826700609830158,-0.11624529097007817,-4.057840321885987,0.1540536777256669,-1.9378439666584653,-0.47603024627153623,-1.4041001641432387,1.8007112883636303,-2.393951950862692,0.6955654594283802,1.229698376037716,-0.9799576790306229,-0.14659941640919055,1.5948770345191767,2.6734001255875475,1.4891359818611802,-0.8656781967420614,-0.21868375443336646,-0.8713716266167485,-0.27109496843291464,-1.2311950469394168,1.4813512955025434,1.6263972685127313,-1.0921026701216483,0.06233193730449981,1.4235371256672134,-0.7278938419050671,-0.08943139462129995,-1.7350545454653665,-0.765781361310224,-0.48189474744998423,-0.04548204240337487,0.6756853321228256,-1.4761415933876212,-1.0514404913250042,1.0800525901247375,-0.025271101298906924,-0.9933480316712021,2.3789420094377816,-1.7749910875420771,-0.8328899308884178,1.3678669993619368,-1.3041482919666623,0.42930600972534494,-1.1662507855704083
0.14724227530961365,-0.1348239931055755,-0.30253188580558377,1.9751822140295237,-1.3466631488824048,0.6166573319355799,1.6438980597110224,-5.399681511437758,0.3041222251520003,-1.3039565995941456,-1.5494769768223893,-0.5297359681638433,-0.5921072634133394,-1.635457092265522,-0.037997934505264064,-1.175691742968196,-0.8778945345994696,0.6956534583944801,0.5040371843943127,-3.2202984847023175,-2.295846062235797,1.7671009139808482,0.9761484616436203,2.210279386857843,0.8601874481004615,1.4891359818611802,1.1977509618792377,-1.2622096569001526,1.249210910114404,-1.0298775962055864,-1.863137890623415,-2.756813633879359,0.935506648818277,0.9990497273423402,-2.260118500483317,-0.5262064983605723,2.3117932149851708,-0.6396039858923768,1.4028851824520154,0.3046680194986087,-0.853711550330297,-2.397697533525064,1.9644112816632222,2.584158792790461,-1.337194043717529,0.47424223662388515,1.9056809141271487,-0.6721434918530395,-0.05444652186108,2.3291239941359203,-1.813122974345283,-0.8565927587341208,0.029492498717610456,-0.9717263330021485,-1.6522559251265276,-0.5896177482564317
-0.09939585768634893,0.41708610761291015,0.9770709256718318,-3.317818332667943,2.0398627540783347,1.4769131452085507,-2.8484747125119294,8.208106483260448,-1.216949576602606,1.8177279673240248,0.9081658430870815,0.19497572696933066,1.1548898520297584,-0.009145448895793239,0.21254396555592295,0.8318598091926579,1.4528490393928746,-2.676145043557096,0.47498826012428985,4.773244697499552,5.459890379028253,-2.6914175730821945,-2.907476981521251,-4.80828187749195,-0.45654425711510105,-0.8656781967420614,-1.2622096569001526,1.9329353272579788,-2.8337670798025774,1.4356595690196554,3.7158372534215633,4.787289607334827,-0.7132178526260157,-0.7243773778974917,3.8536201873901326,1.1687319663035622,-3.6790707660369266,0.7316227661166295,-3.048802023089216,-2.130994142867679,1.1526673021513547,4.666957476960705,-4.200796953313566,-4.897148897338791,1.5687035967486218,-1.904798196299275,-3.1125877143184018,1.4022247832943922,-0.7349334678422675,-2.8976558938580603,2.321185266133831,1.1016484697256077,1.1091609609452102,0.9420137611498683,3.8686839373842674,0.25052266376321564
0.013432816850595206,-0.8328956825640961,-1.972449414298216,5.173079816054192,-2.9665359452877724,-4.711590500602298,4.5238894039029915,-11.969844410253737,2.574133525831965,-2.4770196968122202,0.20894666230696243,0.3620788678975376,-1.9542662165908857,2.6578034538424773,-0.473925328970502,-0.20049120547648783,-2.243451762576977,5.617738317539312,-2.0069478207254514,-6.831083763103383,-10.049275869991416,3.929921627304553,5.748272403030309,8.546636014430046,-0.2355706811813596,-0.21868375443336646,1.249210910114404,-2.8337670798025774,5.123061280053942,-1.9561933105173495,-6.354398689679304,-7.612624558025953,0.2894066938008503,0.214375608757714,-6.0621983245764035,-2.0945867967891028,5.539840879014713,-0.8121322064526115,5.41688001029052,4.875061578140325,-1.5274058047878034,-7.889266416762902,7.413093811208815,8.167381181130802,-1.796396337747813,4.032497046161228,4.767569601215445,-2.4481456875570644,1.9384920841202284,3.5442933082657992,-2.9244228040334033,-1.3941524919017556,-2.8397805111478935,-0.806730746462372,-7.079138391222146,0.3189171102285218
-0.09436435289942757,0.27581393511403623,0.6428464221944223,-2.4171958094015826,1.5188347676252505,0.7062143569258426,-2.061998583212738,6.106636214517327,-0.7827187960521018,1.3790892075940582,0.9107925460055355,0.24425032178136216,0.8177933238929117,0.3988012540082891,0.13302996865257352,0.7740816076151353,1.061520253812057,-1.727762447111494,0.15157440054281246,3.5710458488376404,3.741746338693417,-2.0014345149694543,-1.9316211099276444,-3.341818449537644,-0.47814541259415666,-0.8713716266167485,-1.0298775962055864,1.4356595690196554,-1.9561933105173495,1.0893902772303066,2.620702373109601,3.4645292977044524,-0.6459578287401504,-0.6680100591562823,2.7989125294405834,0.8094399094231094,-2.7103924711439693,0.5834093691488768,-2.1193609051906814,-1.3142036616711938,0.8811099603226787,3.3059384401875933,-2.927682091860005,-3.485705099397984,1.2426129335532958,-1.2247731456179916,-2.2805464338037202,0.9813825434043723,-0.4138325788540869,-2.2602077945425108,1.7977205834039247,0.8521908511880675,0.6374430348086653,0.7878735597688544,2.657504627534883,0.2913830338826604
-0.06670960577905186,1.0097578455992886,2.384730678030279,-6.666516052265532,3.9006023681708832,5.223678357716284,-5.802313306844795,15.720753405369303,-3.079615796259217,3.3171345200219498,0.3030539665474935,-0.23253062459412627,2.4648362176515755,-2.4924842917265466,0.5612405691914208,0.6456660562788472,2.900213035181125,-6.731194178647326,2.1424041455079377,9.02145802710584,12.411537787412922,-5.160578397849802,-6.981350754410375,-10.645745784333997,-0.030425351431182225,-0.27109496843291464,-1.863137890623415,3.7158372534215633,-6.354398689679304,2.620702373109601,7.993890540710525,9.761724450975198,-0.6623894085596604,-0.6000874468233306,7.795379698919627,2.604685569911673,-7.210209356263476,1.1623254412817978,-6.747974781073815,-5.735963068328976,2.062866055150442,9.952256055449666,-9.25040139699914,-10.3415265573711,2.5439297114532735,-4.822412102931231,-6.174711445015052,3.0628100598835633,-2.2185039578035295,-4.911925345613274,4.0139556280848145,1.9113005152827052,3.2693825938760646,1.273425548667337,8.756437641654463,-0.1610526769697767
-0.16433658672441226,1.1698295662389664,2.7523614380343373,-8.405656802422993,5.039937122856874,5.220626131969167,-7.269311820937709,20.292151720736495,-3.4994949440172753,4.384761101305177,1.3033656629674555,0.08433569533795605,3.0209241824623083,-1.6437369321695465,0.6271025591744335,1.4359174482486938,3.6692848082847145,-7.6679332678423755,1.9836586587477132,11.7220453834941,14.778750731597949,-6.658325925098514,-8.114059297157626,-12.828094893102765,-0.5757639204869707,-1.2311950469394168,-2.756813633879359,4.787289607334827,-7.612624558025953,3.4645292977044524,9.761724450975198,12.224824573098974,-1.3015712551729997,-1.2757743535065917,9.798778750309097,3.1299150478251208,-9.202953241761605,1.6518956973978272,-8.132425956526681,-6.3522783988386955,2.7538065379966934,12.201509633225344,-11.174347349232205,-12.738469099587611,3.5759626990464097,-5.47808774599611,-7.833991570161271,3.7134178998443437,-2.3478439389713825,-6.745617556194517,5.45519867522719,2.5935415380062885,3.4927987535717127,1.981167166217117,10.44747231081227,0.19917235650681714
0.1403487607479407,0.019147054726349026,0.061451102188062594,0.9837616133495636,-0.7708179779301406,1.4435804474240936,0.7789729334641642,-3.0783941511312922,-0.16803297692547547,-0.8180617343574113,-1.5379611397811064,-0.5781404780351209,-0.22227989832574763,-2.060927896599556,0.048506068017706974,-1.1023180267839434,-0.44687041364204794,-0.33548010514393956,0.8489589808684301,-1.8909578656799804,-0.41786627243043006,1.0049331861509647,-0.08742878294658177,0.6050477695619121,0.8752897282730169,1.4813512955025434,0.935506648818277,-0.7132178526260157,0.2894066938008503,-0.6459578287401504,-0.6623894085596604,-1.3015712551729997,0.8541465354660938,0.9286144703835152,-1.0994934353853436,-0.13306836779202108,1.2434258153872697,-0.47349293853625646,0.3854872909906946,-0.580745456075342,-0.5524780483899745,-0.9046987009711811,0.5705769615307111,1.0347535796134888,-0.972241079926337,-0.26504852287594666,0.9890176277389975,-0.21110544291917077,-0.4008305050783001,1.6185627157429125,-1.230432895462527,-0.5789494835161113,0.538886809224994,-0.7959270130089414,-0.32807589234828893,-0.628283292372339
0.15268147273152285,0.03699071039080001,0.10595188415431006,0.9724665965556931,-0.7866397807563291,1.6746295073752402,0.7636170777454103,-3.13291792530055,-0.23490159193396506,-0.8446772580508828,-1.6879711081967677,-0.6395842266920775,-0.20452078747633073,-2.3111875428608246,0.061811542240202966,-1.2038933759194277,-0.44572144556749593,-0.4796246661570763,0.9674826396587808,-1.935878001675949,-0.2575829692505537,1.0235230139480207,-0.20981936346333738,0.49189072280881047,0.9631596980533085,1.6263972685127313,0.9990497273423402,-0.7243773778974917,0.214375608757714,-0.6680100591562823,-0.6000874468233306,-1.2757743535065917,0.9286144703835152,1.0140452118020236,-1.0837218088171934,-0.10506190082147439,1.2515265929577313,-0.5020250874675986,0.31380953726922717,-0.7333912574034269,-0.5735033372429289,-0.8327846303526041,0.4767974344373368,0.9724423127862506,-1.028305453873668,-0.371331627018509,0.987429633925509,-0.1820305919359684,-0.4783092903796238,1.7022508495389987,-1.288711536461326,-0.6065362812826006,0.6459242528718144,-0.8558610372183668,-0.21928915694478945,-0.6941988319779993
-0.14155417911186535,0.9262997620978429,2.178493310611654,-6.745930518254685,4.0575551476202945,4.029392282999208,-5.827528602395839,16.337996617683064,-2.762995681544922,3.543174233363549,1.1539725675205557,0.11228001428956617,2.4138749454471817,-1.144216396552814,0.4932940458399694,1.2246826305700746,2.9453591846614233,-6.057363083771371,1.5066179076010948,9.446131643116708,11.757006592080655,-5.359925511807631,-6.430194602186599,-10.224301882541212,-0.5248065319950889,-1.0921026701216483,-2.260118500483317,3.8536201873901326,-6.0621983245764035,2.7989125294405834,7.795379698919627,9.798778750309097,-1.0994934353853436,-1.0837218088171934,7.859222751617036,2.493009045874314,-7.397697329378757,1.347511487652562,-6.481952004744843,-4.994448559451569,2.228260469414855,9.750687934906274,-8.909697597728389,-10.18556394882982,2.9128217386495145,-4.325628118508944,-6.292381756848067,2.9625892150977675,-1.8317844032999373,-5.4773927722103855,4.423724579191373,2.1024443357548983,2.7287415373150266,1.6334808608133184,8.313472502638193,0.20700448722716672
-0.007641408930354911,0.3397069292220225,0.8038633330147515,-2.126977446481816,1.224943042686136,1.8956047493611807,-1.8597395201545162,4.938408748974708,-1.0470839942771006,1.0242388820935155,-0.0575473379055351,-0.13759543352027173,0.8011458867097178,-1.0457620397521339,0.19277487783085073,0.10227555882255873,0.9238304602852442,-2.2851230678172527,0.8044792620055298,2.8213554462731127,4.106667429971407,-1.6219853956164536,-2.3433147233034686,-3.496817194237081,0.08026984623349655,0.06233193730449981,-0.5262064983605723,1.1687319663035622,-2.0945867967891028,0.8094399094231094,2.604685569911673,3.1299150478251208,-0.13306836779202108,-0.10506190082147439,2.493009045874314,0.8574131914321012,-2.282396964831031,0.33964264534995603,-2.21630458315153,-1.9776383303747422,0.6324585448880171,3.2339008817427124,-3.0338593146597588,-3.35129211963519,0.7500049225019314,-1.6395279050074334,-1.9623009344729838,1.0021458844706628,-0.782937745988945,-1.4752746251392532,1.2148797862320535,0.5793059539002696,1.1489365418889652,0.34363531065971115,2.894076263201694,-0.11873040906099132
