V1,V2,V3,V4,V5,V6,V7,V8,V9,V10,V11,V12,V13,V14,V15,V16,V17,V18,V19,V20,V21,V22,V23,V24,V25,V26,V27,V28,V29,V30,V31,V32,V33,V34,V35,V36,V37,V38,V39,V40,V41,V42,V43,V44,V45,V46,V47,V48,V49,V50,V51,V52,V53,V54,V55,V56
366.6286651439268,-225.08160909022342,18.186682843480593,223.59322901578258,-324.6428836363005,337.3565817445338,-722.8005550358498,-406.5697035846849,79.4764450027639,269.9071529763051,452.8561443680253,178.19982367921364,-190.49861266586512,174.90919346495906,-422.27610981747256,255.526118756448,403.1898414766465,-58.92239541858282,-236.29961582122093,-192.55851080213245,-157.53632261256814,59.543987608462295,273.5431492147187,124.43893616631004,634.1610768957399,218.9444786572256,143.89519680761873,315.5947110744555,-201.38438679308294,-370.3807981474416,222.64943166760537,-42.46067517138342,240.87193932327014,126.97259200737416,265.50072863257355,276.7143337328878,371.3785265300321,-5.839553658025692,93.05948543127066,84.52913249805131,384.94228779458604,-309.97395865825,-130.2280827951398,65.83663922400282,-308.7173932969351,283.26377250870235,-452.2355280916314,13.35967624651042,62.578071499218616,-178.59464177057907,-319.2847203695675,-195.9082139410027,325.35509793138937,-129.96579947491233,-105.8319228398785,109.11843223436905
-225.08160909022342,138.19698055343721,-11.136206242908614,-137.34389377632456,199.35491878867796,-207.05038276398264,443.68494599850914,249.7888965799144,-48.82979459673239,-165.66352171641546,-278.01816724933474,-109.40465755964489,116.98277802864868,-107.41263034800035,259.2550357605583,-156.86731687453738,-247.4955999520643,36.09412061363107,145.09617641785456,118.32064927874137,96.85991642785326,-36.61757791914784,-168.01822656909695,-76.52087981437933,-389.32982867604096,-134.41762197396417,-88.3624579992528,-193.70582164755677,123.56257535361551,227.4174547213092,-136.59927602373097,26.1821698155106,-147.8852894631398,-77.95823753013211,-162.90963515113276,-169.85607922461577,-228.08257489296548,3.5990055827630902,-57.2113055952993,-51.96006192724055,-236.30470338034604,190.41932425648534,79.8421159901269,-40.53877219751719,189.55838706180208,-173.95569492149383,277.56987467715186,-8.164572215043625,-38.44816865144454,109.59094489857347,196.06276552975513,120.29741948390148,-199.70457594307038,79.80082913710334,65.07551873410569,-66.99229561307517
18.186682843480593,-11.136206242908614,0.9713887503081681,10.90335428267676,-15.993435828636905,16.889319737196402,-36.020241389383266,-19.722899049621024,3.8532982256282966,13.483272001207705,22.47011980750836,8.831971526279201,-9.379270093132366,8.600072981061585,-20.93135778489056,12.692133573068523,20.08380427674685,-3.1178698847737327,-11.658404033152031,-9.297181841577284,-7.458819241959117,2.8069499495715093,13.368308338310834,5.867984519833542,31.460104253416205,10.857209276780148,7.086910576865969,15.762068830993046,-10.172073387165069,-18.299718540739153,11.273334929409922,-1.8279486043602973,11.93204724167995,6.2836736646352405,13.392218964313242,13.800849567197883,18.21862780443274,-0.2572120090333996,4.422880705480315,4.0273346791698605,19.15356252305146,-15.092177393733957,-6.7254353613187225,2.970660109038216,-15.244065406302886,13.913722475273008,-22.609252651262935,0.7508072636516124,3.0386141101561486,-8.996386186405083,-15.726622139245867,-9.66432450040459,16.235906672930305,-6.4133366812286985,-4.998566089570419,5.407156331754387
223.59322901578258,-137.34389377632456,10.90335428267676,136.8797211049976,-198.2828015217992,205.3135999414521,-440.34056699176176,-249.16303137352517,48.71189866646203,164.34650436389538,276.15894524248387,108.69676030320937,-116.36656520016656,106.87800748142726,-257.5668102427228,155.78837259325817,245.65799296933514,-35.400727187186334,-144.28112829337104,-118.1307085774416,-97.05034014584547,36.711512764586985,167.37012801276265,76.7246324541527,386.7362998630943,133.53431484825575,87.89469765717719,192.17816747019654,-122.31284840055561,-226.07761455287482,135.15421835420332,-26.65524653812587,146.94129515933153,77.47482150803157,161.30531195268043,168.5456812173593,227.0447376837375,-3.6493412353969465,57.28136799210203,52.00804314136714,234.59492100926235,-189.81448440103517,-78.693217431468085,40.95960047835411,-188.46499894950523,173.13294019442841,-275.31202548485265,7.908168074888619,38.33829162109925,-108.53609883786098,-195.02388288266562,-119.61932349454281,198.15579806496888,-79.35655028190148,-65.22986960671032,66.56294602731876
-324.6428836363005,199.35491878867796,-15.993435828636905,-198.2828015217992,287.6462411095131,-298.4826236826539,639.7769627539205,360.7217822962633,-70.51730010291617,-238.8480280532597,-400.9884085457092,-157.80544730129978,168.79819239024727,-154.9999551663059,373.9478446849258,-226.2380683503962,-356.8881861891681,51.86627672029119,209.33966060836448,170.91138301805532,140.0577362522897,-52.9607333303336,-242.53772578872767,-110.67149349786534,-561.5413701254513,-193.87910043392017,-127.4991240817147,-279.2820984920492,178.03727455617454,328.0846146571522,-196.7943497854677,38.04015175049312,-213.31652891816887,-112.45681046839444,-234.74923781327706,-244.91516474808446,-329.1738086419934,5.2233402913830576,-82.7098846774995,-75.10816641752456,-340.7720169156406,274.93056293325435,114.89524251266948,-58.76386678988278,273.4761967504456,-251.03879745012227,400.17325995342065,-11.688521315693984,-55.51999022326316,157.92993605092272,282.89910943772423,173.56251762150976,-287.94493174181787,115.13314488186086,94.11016595661792,-96.63069990680687
337.3565817445338,-207.05038276398264,16.889319737196402,205.3135999414521,-298.4826236826539,310.7769695704145,-665.4826733749973,-373.11567178991174,72.93174904549052,248.57045425714185,416.71675374600284,163.95590736987305,-175.13536678622026,160.7722532678278,-388.5332528346021,235.16345118970926,371.1915069673684,-54.65819636410952,-217.2915426672654,-176.61194883309852,-144.15475632153627,54.46401659615165,251.25370014625688,113.8169866766572,583.5449516937825,201.45883037099418,132.29390709431615,290.6357404323429,-185.72238271961305,-340.64951679748566,205.39502733784116,-38.445309661786574,221.60740973007645,116.803831878526,244.81006291159036,254.79945434423502,341.27179706469735,-5.301702291980568,85.19540018620562,77.40183928952887,354.34739715771326,-284.591053975965,-120.4304323573903,59.914042499025825,-283.9142065327185,260.3317245670345,-416.5336792849507,12.4892529496554,57.44012107470834,-164.6515218715522,-293.54371773808333,-180.15178102785885,299.59895634332094,-119.50996114286816,-96.81612125768123,100.39254989802288
-722.8005550358498,443.68494599850914,-36.020241389383266,-440.34056699176176,639.7769627539205,-665.4826733749973,1425.4366434956219,800.479499314855,-156.4733558249075,-532.3465708476753,-892.8217061114718,-351.30149272277856,375.40501069045166,-344.6479912883761,832.4888286734517,-503.81009005174485,-795.0964502543815,116.64042165772821,465.70781938313013,379.00471918544866,309.70729911108856,-117.04194701670103,-538.803081425794,-244.58641806292266,-1250.2660706449249,-431.6413043736045,-283.56707688393095,-622.4431864676584,397.4839195339621,730.0316632005723,-439.5244301615558,83.03400190573431,-474.84307448316815,-250.29106935265128,-523.989303725836,-545.7454529982215,-731.6754036859777,11.436872597568922,-182.9975958046307,-166.23244713396946,-759.0673861135211,610.42931563425,257.39338959603623,-129.07138770597822,608.4650916260383,-558.0993075837454,892.0239572289349,-26.547028046006922,-123.22826563847477,352.4500420017102,629.1957398359931,386.11254314480726,-641.6727061362005,256.1327364251493,208.03251082567508,-215.1092989568539
-406.5697035846849,249.7888965799144,-19.722899049621024,-249.16303137352517,360.7217822962633,-373.11567178991174,800.479499314855,453.7309508256657,-88.70819014794438,-298.7000793410968,-502.14912193919173,-197.66099374233502,211.70619857292309,-194.45348646275127,468.38085260398424,-283.25492130536776,-446.57690347564034,64.08680244098498,262.446416297082,215.17653852731658,176.9878422377192,-66.97598793658888,-304.63547887502534,-139.95809084385087,-703.2337767180564,-242.82163556777408,-159.90158220394144,-349.28570796793974,222.14984640310155,411.2021682395364,-245.43419084779447,48.87754768455301,-267.22066791738183,-140.90076691954746,-292.99612475778054,-306.383624187373,-413.1488713616073,6.685854330402288,-104.44282489490242,-94.80289214346489,-426.5018233462636,345.5736894392604,142.70615819449878,-74.90799008493522,342.80108469680493,-315.00700959558213,500.3691113583255,-14.246880240449478,-69.81858410305804,197.16768102504997,354.78770640719875,217.59785600058643,-360.1794000135568,144.34076604267923,118.9774595055385,-121.0412015242987
79.4764450027639,-48.82979459673239,3.8532982256282966,48.71189866646203,-70.51730010291617,72.93174904549052,-156.4733558249075,-88.70819014794438,17.343503894549524,58.38756212689727,98.16073999937049,38.6393468893213,-41.386525295215485,38.01474068630307,-91.55990619545125,55.370634579212606,87.29467150017354,-12.521734650302529,-51.305500400000284,-42.070074337299395,-34.60839136130748,13.096708914478581,59.55648791273454,27.36814272375611,137.46822545360553,47.466586010193126,31.258896045046654,68.27560215971748,-43.420557597726855,-80.38405016706292,47.970796911316086,-9.562767053247565,52.23664845367997,27.543611208872477,57.268613182340765,59.88974930385922,80.7684298957275,-1.3077739225948628,20.42228456043516,18.53732878024033,83.37129580741258,-67.56125085417429,-27.888424563300546,14.651834375144636,-67.01276962916087,61.58201326185047,-97.80744970044124,2.7824109205279015,13.65021031033403,-38.5387460793407,-69.35711686350596,-42.537615989842806,70.40498185685712,-28.21664072324278,-23.265377389337424,23.66158917370627
269.9071529763051,-165.66352171641546,13.483272001207705,164.34650436389538,-238.8480280532597,248.57045425714185,-532.3465708476753,-298.7000793410968,58.38756212689727,198.83382915676174,333.3970770052257,131.1789210100404,-140.1464245622317,128.66131890496794,-310.85424723625226,188.13841521297192,296.93838083063696,-43.64594061436945,-173.8759900392269,-141.40937339593066,-115.48732471203787,43.63490043233926,201.10396452085791,91.19116058816473,466.8658803689475,161.1790187575064,105.8633075985472,232.48418938287548,-148.50841411526622,-272.5695824709984,164.2263046964036,-30.87764355757722,177.30400058733767,93.45602376044343,195.76432935005508,203.8164959265256,273.12467864224334,-4.254106602997673,68.24334546315563,62.00120210057557,283.47187789960856,-227.80860077294696,-96.23769736211881,48.06324902584834,-227.1774550758707,208.34546257773982,-333.1739513931218,9.956484438445106,45.97954881673585,-131.66893795472205,-234.89972883245824,-144.15205078573592,239.65478811805264,-95.63248686542536,-77.56764891813243,80.32420078541318
452.8561443680253,-278.01816724933474,22.47011980750836,276.15894524248387,-400.9884085457092,416.71675374600284,-892.8217061114718,-502.14912193919173,98.16073999937049,333.3970770052257,559.3672905505811,220.11108321648462,-235.29733335814254,216.04035425614123,-521.5935716175356,315.62656153661743,498.0269695267935,-72.79970692096815,-291.8703112359207,-237.8205617080912,-194.55116621148292,73.53513201919212,337.8597692268188,153.6753700074475,783.3141453037068,270.43797687064324,177.7332307934498,389.8297422485821,-248.7690297116412,-457.4854021742927,275.04050676019625,-52.41955570058757,297.52214013930154,156.83427347054425,327.9699615575414,341.80714152465873,458.7038084458505,-7.210008605736743,114.92753451576415,104.39153503903354,475.48702353897,-382.85084056826776,-160.88399009301764,81.29063907223326,-381.3182960842106,349.86875987801756,-558.6192820206588,16.509612494840585,77.29241622055372,-220.6165113437813,-394.36652047010625,-241.98104193453463,401.8859123033555,-160.52702776498217,-130.6977523770166,134.78167348095795
178.19982367921364,-109.40465755964489,8.831971526279201,108.69676030320937,-157.80544730129978,163.95590736987305,-351.30149272277856,-197.66099374233502,38.6393468893213,131.1789210100404,220.11108321648462,86.61530238263323,-92.59985491785764,85.0232085787957,-205.2499484500252,124.1970672358176,195.96200119589827,-28.618400716453568,-114.86102318428868,-93.62016283930107,-76.6084007237433,28.957441724705664,132.9776399630088,60.51597982586694,308.2346336363866,106.418254176684,69.94562239714676,153.3835014537476,-97.86413582058,-180.0317301079408,108.1949184527322,-20.667954592302003,117.07760872069478,61.71682294244773,129.02381613808618,134.48995044244725,180.53046336762623,-2.841725702506685,45.252247091881806,41.10281933865781,187.09612838675542,-150.69350582322778,-63.26937936867052,32.03146403467451,-150.05952012936461,137.69460629482487,-219.79156791461057,6.483988046918449,30.423650598401,-86.79236076605095,-155.2001492682329,-95.2274404723036,158.12859320644094,-63.173015742095586,-51.466641181401556,53.03779516780391
-190.49861266586512,116.98277802864868,-9.379270093132366,-116.36656520016656,168.79819239024727,-175.13536678622026,375.40501069045166,211.70619857292309,-41.386525295215485,-140.1464245622317,-235.29733335814254,-92.59985491785764,99.05589253857201,-90.95980101972924,219.43199608345753,-132.75410298952124,-209.4135025553506,30.418783177937062,122.8440482346945,100.3102989029689,82.2140150595139,-31.08895272830013,-142.3362753675433,-64.96644989411053,-329.5094456350278,-113.76743352609215,-74.82008503814623,-163.87211099647087,104.4564908184765,192.5243512792866,-115.45976566608097,22.34404931525709,-125.17451669226752,-65.98991295092542,-137.73191494629557,-143.7095837419143,-193.1739156562488,3.0678443915952083,-48.549737608759315,-44.086412877112316,-199.95852917501986,161.3513434416257,67.39811988088667,-34.50594119358595,160.48012478251408,-147.31908888943744,234.80532979297905,-6.851228385485054,-32.58474794674597,92.66179234619396,166.01277392373248,101.85010662699774,-168.95676612208726,67.5618151501228,55.24359191656106,-56.70272913259119
174.90919346495906,-107.41263034800035,8.600072981061585,106.87800748142726,-154.9999551663059,160.7722532678278,-344.6479912883761,-194.45348646275127,38.01474068630307,128.66131890496794,216.04035425614123,85.0232085787957,-90.95980101972924,83.53124322617778,-201.4744361090583,121.88767081946706,192.260113664987,-27.894483918479303,-112.80218609529797,-92.14425541312727,-75.54920203140117,28.567910649060313,130.72228414458849,59.70314887974568,302.5388741550636,104.45564307495621,68.70462992785015,150.44430861369165,-95.87399377787354,-176.7796858277118,105.96876100578898,-20.562700857920284,114.93174438411135,60.59055431161095,126.41955175400403,131.9319648952069,177.3991555505917,-2.8215851964667573,44.60980326180152,40.51030161270224,183.58171261303363,-148.1943435136158,-61.83550474485648,31.73350134002263,-147.35792314161026,135.29023497684022,-215.5562078417334,6.276116961763605,29.927715126473103,-85.05297025061682,-152.44506690496837,-93.52179082000195,155.11166545225404,-62.03966523523006,-50.76662145513208,52.06427560291093
-422.27610981747256,259.2550357605583,-20.93135778489056,-257.5668102427228,373.9478446849258,-388.5332528346021,832.4888286734517,468.38085260398424,-91.55990619545125,-310.85424723625226,-521.5935716175356,-205.2499484500252,219.43199608345753,-201.4744361090583,486.37954294415835,-294.30826519849103,-464.3730600666224,67.82484592007522,272.1799300491116,221.83968585667188,181.52111747833692,-68.61617847894144,-315.10724791317085,-143.3911987822317,-730.4229514226485,-252.17895833630683,-165.74836538772897,-363.471681987417,231.91705505439663,426.617191772892,-256.4009922345113,48.96525685760083,-277.43836581464757,-146.2491812285267,-305.7581270973916,-318.7078102902214,-427.7924940667511,6.73390950887519,-107.22648414550103,-97.39044429688943,-443.3636954623718,357.0872908968165,149.93963806316918,-75.8906685612057,355.591729628218,-326.2824475020545,520.8467396953034,-15.36679952998813,-72.09554190222593,205.6795583303717,367.7714502363855,225.65976604037078,-374.71981263602197,149.69608793054692,121.94838706868059,-125.68128742284894
255.526118756448,-156.86731687453738,12.692133573068523,155.78837259325817,-226.2380683503962,235.16345118970926,-503.81009005174485,-283.25492130536776,55.370634579212606,188.13841521297192,315.62656153661743,124.1970672358176,-132.75410298952124,121.88767081946706,-294.30826519849103,178.097056354636,281.02994137115013,-41.114480670941944,-164.67667897998106,-134.14250859433753,-109.70868194129224,41.464311552698994,190.60056364520753,86.65412353204323,441.9887375536206,152.59498258308588,100.27706365067972,219.98341867430221,-140.40353987087403,-258.1242375196464,155.23652434719597,-29.524615662399476,167.87511055093685,88.4912607905718,185.100803215761,192.88047726931907,258.78672498315797,-4.0621355381886,64.81164753813779,58.87203953890072,268.306477574161,-215.97133370149353,-90.82987353062947,45.812042500444115,-215.14723580325324,197.38899738123013,-315.2366851286231,9.332293297778028,43.60032353665694,-124.51004476799083,-222.50179840112813,-136.52853098740852,226.78424156243707,-90.57156777149143,-73.69881050306289,76.05007888401158
403.1898414766465,-247.4955999520643,20.08380427674685,245.65799296933514,-356.8881861891681,371.1915069673684,-795.0964502543815,-446.57690347564034,87.29467150017354,296.93838083063696,498.0269695267935,195.96200119589827,-209.4135025553506,192.260113664987,-464.3730600666224,281.02994137115013,443.50280557745197,-65.03635285186708,-259.78762532005413,-211.45018312544525,-172.8107297383741,65.30572615164512,300.5790476936833,136.47664671450184,697.4117445573014,240.7753717667631,158.18401734694945,347.19546777455326,-221.69377478324694,-407.2305708349681,245.13726148916828,-46.35592136261008,264.8750021859395,139.61745914573183,292.2538688320657,304.4081481492427,408.1669069128892,-6.3832725342575,102.1049375050183,92.75325473987678,423.40688181705946,-340.5432065068174,-143.53997501502892,72.04038547750785,-339.4198731682401,311.33968994749324,-497.55514286078306,14.797629239549634,68.743677608188,-196.57814448158697,-350.9898430956875,-215.38350203032596,357.9201149213183,-142.88218735218453,-116.07910314954205,119.99270739975304
-58.92239541858282,36.09412061363107,-3.1178698847737327,-35.400727187186334,51.86627672029119,-54.65819636410952,116.64042165772821,64.08680244098498,-12.521734650302529,-43.64594061436945,-72.79970692096815,-28.618400716453568,30.418783177937062,-27.894483918479303,67.82484592007522,-41.114480670941944,-65.03635285186708,10.021553739382252,37.79909139782206,30.227358461890006,24.31142515773708,-9.156843449831282,-43.39587749802444,-19.137019679986395,-101.93010158396429,-35.17858405702954,-22.982464629407875,-51.02226643245266,32.883766956468406,59.32084542253949,-36.432440736217195,6.038199731653133,-38.66644489332535,-20.365653219439245,-43.30055087272205,-44.68652504347891,-59.11140003873206,0.8471507079017645,-14.409722886585113,-13.11428059072753,-62.034699129899025,49.01598712238812,21.68116240529277,-9.746201175071038,49.418489068238294,-45.13286860000062,73.18253291161889,-2.3954776385429195,-9.87410981200425,29.09370897113149,50.998950367192954,31.335917464217882,-52.56345060268538,20.790824255074124,16.298572620045896,-17.52061961973503
-236.29961582122093,145.09617641785456,-11.658404033152031,-144.28112829337104,209.33966060836448,-217.2915426672654,465.70781938313013,262.446416297082,-51.305500400000284,-173.8759900392269,-291.8703112359207,-114.86102318428868,122.8440482346945,-112.80218609529797,272.1799300491116,-164.67667897998106,-259.78762532005413,37.79909139782206,152.35908157150462,124.33985513536695,101.85970735586633,-38.510898281845336,-176.48731901430764,-80.48073255283099,-408.72685123066,-141.1168330199891,-92.78921131287224,-203.31069694051396,129.6302590248746,238.78402292012765,-143.2929171275684,27.620686901213112,-155.26101868408227,-81.85018477633494,-170.91813213320063,-178.27907863868484,-239.54631428204368,3.792813123630263,-60.15446537709449,-54.63222794545027,-248.05031726937037,200.04239673567858,83.69319962196813,-42.7026783012283,199.03773907678584,-182.69512774831216,291.3149771922586,-8.530870488130937,-40.39181950546457,114.98285499353244,205.8865327058271,126.31533936497577,-209.6095330610814,83.79652501420223,68.44019060565446,-70.3347081324657
-192.55851080213245,118.32064927874137,-9.297181841577284,-118.1307085774416,170.91138301805532,-176.61194883309852,379.00471918544866,215.17653852731658,-42.070074337299395,-141.40937339593066,-237.8205617080912,-93.62016283930107,100.3102989029689,-92.14425541312727,221.83968585667188,-134.14250859433753,-211.45018312544525,30.227358461890006,124.33985513536695,102.07522262127809,84.05413914277443,-31.81346885141159,-144.4080622613488,-66.48211363429319,-333.05713314447144,-115.0058201844648,-75.76383372640616,-165.36050711404724,105.09406319175727,194.79699419824232,-116.09088101329901,23.32806643794561,-126.56891851064768,-66.74225966689099,-138.62133247813807,-145.05477052585817,-195.80406962272633,3.1865815894858165,-49.58914214800971,-45.008974305995515,-201.95733649241916,163.84897287158546,67.41684849803245,-35.66874017853652,162.40026673394837,-149.28406439608065,236.86599738571155,-6.692432434249075,-33.105634759582045,93.28953121517353,168.1043623611985,103.08966987848069,-170.5237896047402,68.38622773443093,56.51151351943846,-57.33123722561673
-157.53632261256814,96.85991642785326,-7.458819241959117,-97.05034014584547,140.0577362522897,-144.15475632153627,309.70729911108856,176.9878422377192,-34.60839136130748,-115.48732471203787,-194.55116621148292,-76.6084007237433,82.2140150595139,-75.54920203140117,181.52111747833692,-109.70868194129224,-172.8107297383741,24.31142515773708,101.85970735586633,84.05413914277443,69.52948669743239,-26.33853482381032,-118.57164754111079,-55.043156633059525,-272.4699675406117,-94.09441264211411,-62.09193549024572,-135.05731657370512,85.58580470020449,159.52128340857485,-94.48310602411487,19.679648167189555,-103.58177320575776,-54.63335574441142,-112.92998294419193,-118.50740616550887,-160.62550600842147,2.6757097255051123,-40.98320013353636,-37.18065133165137,-165.09605045434915,134.65357839575543,54.5856471572802,-29.813571697675386,133.01135458804518,-122.43060741088595,193.40339401711813,-5.2877140289353,-27.221707965031584,76.02477788288925,137.76727097298507,84.45139234878508,-139.30069696641644,56.022006622837935,46.771052908293065,-46.91663354803202
59.543987608462295,-36.61757791914784,2.8069499495715093,36.711512764586985,-52.9607333303336,54.46401659615165,-117.04194701670103,-66.97598793658888,13.096708914478581,43.63490043233926,73.53513201919212,28.957441724705664,-31.08895272830013,28.567910649060313,-68.61617847894144,41.464311552698994,65.30572615164512,-9.156843449831282,-38.510898281845336,-31.81346885141159,-26.33853482381032,9.982297327421035,44.85175126224163,20.855826225452866,102.99071716130753,35.56726902344687,23.478813024368517,51.028339756102326,-32.321431653892276,-60.30918338365619,35.67702791195062,-7.485941593501458,39.15574992870279,20.653525506611977,42.65062708465977,44.78547070830601,60.747617754629644,-1.0176259318459695,15.523623178169363,14.078221567036879,62.39560951739875,-50.945780013374446,-20.588235252127568,11.317549036964717,-50.28750586695566,46.29497189252454,-73.0756696783919,1.9826219457818266,10.303166000293038,-28.71572551158513,-52.09193017879753,-31.932403584523254,52.63692225187255,-21.17850981393607,-17.720114819087264,17.733473555943405
273.5431492147187,-168.01822656909695,13.368308338310834,167.37012801276265,-242.53772578872767,251.25370014625688,-538.803081425794,-304.63547887502534,59.55648791273454,201.10396452085791,337.8597692268188,132.9776399630088,-142.3362753675433,130.72228414458849,-315.10724791317085,190.60056364520753,300.5790476936833,-43.39587749802444,-176.48731901430764,-144.4080622613488,-118.57164754111079,44.85175126224163,204.67470590772,93.72965240472007,473.14272169611957,163.36562878930593,107.50902164757322,235.1558609051887,-149.7238473431441,-276.5546650233458,165.4553932648644,-32.48782478676731,179.76326636342253,94.7774729891283,197.44640244808588,206.24161684543452,277.67822333272517,-4.4512512083739235,69.9936092182877,63.548951597475295,287.03695039070953,-232.09785584017052,-96.39269888900866,49.977855622651205,-230.53831839341265,211.74399334540672,-336.90322924260056,9.711758904485203,46.88016658567112,-132.8517639194517,-238.54353276605235,-146.32373706630742,242.46828241080743,-97.0656688894964,-79.69095726175703,81.43015258457251
124.43893616631004,-76.52087981437933,5.867984519833542,76.7246324541527,-110.67149349786534,113.8169866766572,-244.58641806292266,-139.95809084385087,27.36814272375611,91.19116058816473,153.6753700074475,60.51597982586694,-64.96644989411053,59.70314887974568,-143.3911987822317,86.65412353204323,136.47664671450184,-19.137019679986395,-80.48073255283099,-66.48211363429319,-55.043156633059525,20.855826225452866,93.72965240472007,43.58349910456784,215.22673389678974,74.32758536106773,49.06489082284002,106.64525887772663,-67.54319777679896,-126.03282858735993,74.55598393507175,-15.640260570780532,81.82645095135422,43.16037172778546,89.12942659896602,93.5865388854096,126.94933130420165,-2.125101613317476,32.43952761916852,29.42506421656446,130.3914490841554,-106.46230628700225,-43.026788545082134,23.65034837694992,-105.09105036492178,96.75472701247767,-152.71153998828538,4.1460017937867715,21.526424983652483,-60.006806758067675,-108.86195458527882,-66.72817293808917,110.00205371115624,-44.26288216344072,-37.030484389253544,37.06138072010965
634.1610768957399,-389.32982867604096,31.460104253416205,386.7362998630943,-561.5413701254513,583.5449516937825,-1250.2660706449249,-703.2337767180564,137.46822545360553,466.8658803689475,783.3141453037068,308.2346336363866,-329.5094456350278,302.5388741550636,-730.4229514226485,441.9887375536206,697.4117445573014,-101.93010158396429,-408.72685123066,-333.05713314447144,-272.4699675406117,102.99071716130753,473.14272169611957,215.22673389678974,1096.9267745912964,378.7134650723839,248.8968911676118,545.890096717138,-348.35333887770116,-640.6529776561533,385.139933994072,-73.43060875547518,416.6422948366468,219.62691263919345,459.26008932889465,478.65259767486515,642.3693839596187,-10.100768257325813,160.95714340472782,146.19611784649234,665.8505182072342,-536.1563741990578,-225.27345225406907,113.86000713294996,-533.9906248384143,489.9496704077995,-782.2559480570458,23.110333787415293,108.24594647229216,-308.93329950411174,-552.2662849414053,-338.8684644715938,562.7785551367712,-224.79678719442708,-183.04431693610564,188.74185674983354
218.9444786572256,-134.41762197396417,10.857209276780148,133.53431484825575,-193.87910043392017,201.45883037099418,-431.6413043736045,-242.82163556777408,47.466586010193126,161.1790187575064,270.43797687064324,106.418254176684,-113.76743352609215,104.45564307495621,-252.17895833630683,152.59498258308588,240.7753717667631,-35.17858405702954,-141.1168330199891,-115.0058201844648,-94.09441264211411,35.56726902344687,163.36562878930593,74.32758536106773,378.7134650723839,130.751608750517,85.9353103092199,188.46168512627315,-120.25621755583941,-221.19028335324978,132.9533879537931,-25.370866654508415,143.84695909098093,75.82750357641459,158.54361298995025,165.24868042625891,221.79203911195543,-3.4894877566441123,55.58333074952593,50.48555508380566,229.88012470026882,-185.1267542637762,-77.75768419317701,39.33047473327074,-184.3652956326872,169.1650437020721,-270.06102606131424,7.97320858496066,37.37531283971935,-106.64857054942522,-190.67790528585104,-116.99758797520782,194.29307067034438,-77.61426805633482,-63.212962550129525,65.16338866209308
143.89519680761873,-88.3624579992528,7.086910576865969,87.89469765717719,-127.4991240817147,132.29390709431615,-283.56707688393095,-159.90158220394144,31.258896045046654,105.8633075985472,177.7332307934498,69.94562239714676,-74.82008503814623,68.70462992785015,-165.74836538772897,100.27706365067972,158.18401734694945,-22.982464629407875,-92.78921131287224,-75.76383372640616,-62.09193549024572,23.478813024368517,107.50902164757322,49.06489082284002,248.8968911676118,85.9353103092199,56.51465766826128,123.78562900364767,-78.90613261459956,-145.42264059908098,87.21860351827945,-16.870256321195686,94.5510740566585,49.84566220631294,104.04166986458907,108.55261966925002,145.91016068963475,-2.31633869868098,36.66706952261619,33.297287075064986,151.0406710597666,-121.8698995297186,-50.91663218471992,26.05676787396684,-121.21832045721615,111.2762580503872,-177.36552710116055,5.177920548891203,24.61021300861283,-69.99492721055087,-125.396466013051,-76.93115418443686,127.62557777688173,-51.0335282052249,-41.72198935781158,42.8307718672891
315.5947110744555,-193.70582164755677,15.762068830993046,192.17816747019654,-279.2820984920492,290.6357404323429,-622.4431864676584,-349.28570796793974,68.27560215971748,232.48418938287548,389.8297422485821,153.3835014537476,-163.87211099647087,150.44430861369165,-363.471681987417,219.98341867430221,347.19546777455326,-51.02226643245266,-203.31069694051396,-165.36050711404724,-135.05731657370512,51.028339756102326,235.1558609051887,106.64525887772663,545.890096717138,188.46168512627315,123.78562900364767,271.8309586730745,-173.634208104941,-318.7109198073289,192.01022502152708,-36.11989150823967,207.31677902042833,109.27550461454975,228.88672743839146,238.31005733072618,319.3679532985668,-4.97597834189296,79.80617444157461,72.50700669449141,331.4496932465732,-266.38557375879805,-112.51165451222246,56.216199529019725,-265.6357717643185,243.62175103731707,-389.5577685408522,11.636946252706627,53.765072670580246,-153.94668632868522,-274.66772959706753,-168.55449879939374,280.2152947518959,-111.82310401525709,-90.7120404199425,93.92106903516245
-201.38438679308294,123.56257535361551,-10.172073387165069,-122.31284840055561,178.03727455617454,-185.72238271961305,397.4839195339621,222.14984640310155,-43.420557597726855,-148.50841411526622,-248.7690297116412,-97.86413582058,104.4564908184765,-95.87399377787354,231.91705505439663,-140.40353987087403,-221.69377478324694,32.883766956468406,129.6302590248746,105.09406319175727,85.58580470020449,-32.321431653892276,-149.7238473431441,-67.54319777679896,-348.35333887770116,-120.25621755583941,-78.90613261459956,-173.634208104941,111.10831947130411,203.2561413690993,-122.91303757453078,22.585420041439097,-132.267694137191,-69.70696084302196,-146.4334318185464,-152.2040132600681,-203.45558085947414,3.1225780074452825,-50.60431327852248,-45.98609897601705,-211.60743238528488,169.51579648462763,72.23971355195566,-35.37803527426286,169.3910012518232,-155.22207320028377,248.88409428121255,-7.570131210176049,-34.20558809686015,98.47214220006255,175.08450197059855,107.47316652843547,-178.97250794456264,71.29533077341162,57.465060262070054,-59.92181440267528
-370.3807981474416,227.4174547213092,-18.299718540739153,-226.07761455287482,328.0846146571522,-340.64951679748566,730.0316632005723,411.2021682395364,-80.38405016706292,-272.5695824709984,-457.4854021742927,-180.0317301079408,192.5243512792866,-176.7796858277118,426.617191772892,-258.1242375196464,-407.2305708349681,59.32084542253949,238.78402292012765,194.79699419824232,159.52128340857485,-60.30918338365619,-276.5546650233458,-126.03282858735993,-640.6529776561533,-221.19028335324978,-145.42264059908098,-318.7109198073289,203.2561413690993,374.2502406600897,-224.6909645103077,43.18780126755011,-243.35624171916547,-128.28820520507512,-267.9877856972697,-279.47299847649595,-375.3944679766164,5.934195942441941,-94.2157015920467,-85.56621846775775,-388.823324501248,313.44742958129495,131.2826577468311,-66.81944445774965,311.95153836433894,-286.3048117968293,456.6821990390681,-13.40272026242553,-63.29025003463002,180.28136367523516,322.67058470537995,197.97216635700335,-328.5846905770851,131.3296283844451,107.17856992815217,-110.24061008493052
222.64943166760537,-136.59927602373097,11.273334929409922,135.15421835420332,-196.7943497854677,205.39502733784116,-439.5244301615558,-245.43419084779447,47.970796911316086,164.2263046964036,275.04050676019625,108.1949184527322,-115.45976566608097,105.96876100578898,-256.4009922345113,155.23652434719597,245.13726148916828,-36.432440736217195,-143.2929171275684,-116.09088101329901,-94.48310602411487,35.67702791195062,165.4553932648644,74.55598393507175,385.139933994072,132.9533879537931,87.21860351827945,192.01022502152708,-122.91303757453078,-224.6909645103077,135.9834777976012,-24.860465752214072,146.22877216000828,77.06141189970019,161.98464692446515,168.30748500252292,224.85957153201002,-3.4399508519712643,55.87243902339534,50.77627010680202,233.97582038784708,-187.30549306631556,-79.97205431276934,38.996822880294125,-187.25073371239841,171.55771287000465,-275.23515903441626,8.403361289374487,37.7934018899544,-108.92575882695888,-193.52894815416468,-118.80153779650018,197.90939800594353,-78.80948800866533,-63.433998901841136,66.2467855339054
-42.46067517138342,26.1821698155106,-1.8279486043602973,-26.65524653812587,38.04015175049312,-38.445309661786574,83.03400190573431,48.87754768455301,-9.562767053247565,-30.87764355757722,-52.41955570058757,-20.667954592302003,22.34404931525709,-20.562700857920284,48.96525685760083,-29.524615662399476,-46.35592136261008,6.038199731653133,27.620686901213112,23.32806643794561,19.679648167189555,-7.485941593501458,-32.48782478676731,-15.640260570780532,-73.43060875547518,-25.370866654508415,-16.870256321195686,-36.11989150823967,22.585420041439097,43.18780126755011,-24.860465752214072,6.039183840072363,-27.961310610112278,-14.764657790678303,-29.85004891504908,-31.742561788371525,-43.83072247567701,0.8067633470738369,-11.556170890466166,-10.459207782044787,-44.34229364221073,37.04197567392971,14.01140572837991,-8.815493741742527,36.03489660764542,-33.36270940892787,51.66120111919098,-1.1931508072088266,-7.508478745680524,20.126545704887086,37.42684098159215,22.903019403614,-37.290402034381906,15.189551605251173,13.26936047086174,-12.660242821677018
240.87193932327014,-147.8852894631398,11.93204724167995,146.94129515933153,-213.31652891816887,221.60740973007645,-474.84307448316815,-267.22066791738183,52.23664845367997,177.30400058733767,297.52214013930154,117.07760872069478,-125.17451669226752,114.93174438411135,-277.43836581464757,167.87511055093685,264.8750021859395,-38.66644489332535,-155.26101868408227,-126.56891851064768,-103.58177320575776,39.15574992870279,179.76326636342253,81.82645095135422,416.6422948366468,143.84695909098093,94.5510740566585,207.31677902042833,-132.267694137191,-243.35624171916547,146.22877216000828,-27.961310610112278,158.25665016096755,83.42397988990865,174.38309416829563,181.7865603307154,244.04125303333385,-3.844919468663491,61.18503575477075,55.571322333240715,252.89298673700924,-203.71913311384642,-85.49757809491645,43.321742254437304,-202.8423029541861,186.13139766595154,-297.0771727535615,8.755529832416261,41.13137546012771,-117.30617920027208,-209.7944830972135,-128.72512489652885,213.734456699448,-85.39270081418,-69.58873533749187,71.69061339264354
126.97259200737416,-77.95823753013211,6.2836736646352405,77.47482150803157,-112.45681046839444,116.803831878526,-250.29106935265128,-140.90076691954746,27.543611208872477,93.45602376044343,156.83427347054425,61.71682294244773,-65.98991295092542,60.59055431161095,-146.2491812285267,88.4912607905718,139.61745914573183,-20.365653219439245,-81.85018477633494,-66.74225966689099,-54.63335574441142,20.653525506611977,94.7774729891283,43.16037172778546,219.62691263919345,75.82750357641459,49.84566220631294,109.27550461454975,-69.70696084302196,-128.28820520507512,77.06141189970019,-14.764657790678303,83.42397988990865,43.97776154286355,91.90339828587865,95.81851562765593,128.66128817731513,-2.029425420390879,32.269595840979406,29.308498707820448,133.30395254578684,-107.41218267372528,-45.045702036091775,22.863437353195906,-106.9317050890339,98.12928842132976,-156.58449570403445,4.608095394214304,21.686563358159532,-61.82334301502088,-110.60023867166605,-67.86018237075146,112.658706674424,-45.017347075291504,-36.70532751747817,37.791404362533704
265.50072863257355,-162.90963515113276,13.392218964313242,161.30531195268043,-234.74923781327706,244.81006291159036,-523.989303725836,-292.99612475778054,57.268613182340765,195.76432935005508,327.9699615575414,129.02381613808618,-137.73191494629557,126.41955175400403,-305.7581270973916,185.100803215761,292.2538688320657,-43.30055087272205,-170.91813213320063,-138.62133247813807,-112.92998294419193,42.65062708465977,197.44640244808588,89.12942659896602,459.26008932889465,158.54361298995025,104.04166986458907,228.88672743839146,-146.4334318185464,-267.9877856972697,161.98464692446515,-29.85004891504908,174.38309416829563,91.90339828587865,192.99511123155148,200.6425024225825,268.28554144970553,-4.125451500873658,66.76762406131714,60.67193563152458,278.96244067304536,-223.56213106143537,-95.16776198879943,46.720237279226225,-223.33994932737824,204.67859480025095,-328.07571178594566,9.956490753016585,45.11375811191153,-129.78694082015548,-230.85723660008418,-141.70433114040355,235.92732195861896,-94.00295376586097,-75.8278224785581,79.00119616359828
276.7143337328878,-169.85607922461577,13.800849567197883,168.5456812173593,-244.91516474808446,254.79945434423502,-545.7454529982215,-306.383624187373,59.88974930385922,203.8164959265256,341.80714152465873,134.48995044244725,-143.7095837419143,131.9319648952069,-318.7078102902214,192.88047726931907,304.4081481492427,-44.68652504347891,-178.27907863868484,-145.05477052585817,-118.50740616550887,44.78547070830601,206.24161684543452,93.5865388854096,478.65259767486515,165.24868042625891,108.55261966925002,238.31005733072618,-152.2040132600681,-279.47299847649595,168.30748500252292,-31.742561788371525,181.7865603307154,95.81851562765593,200.6425024225825,208.94917897805885,280.0796543837109,-4.373959873576131,70.02716160733713,63.61020873116488,290.6116238479266,-233.65077784059153,-98.5840282749839,49.36320679240555,-232.9323421676955,213.63520159729225,-341.53220217400076,10.176316936165513,47.16889054485975,-134.9571321993818,-240.86169166964604,-147.81192363733194,245.6730493632771,-98.04935060544001,-79.60053946526575,82.35021438054483
371.3785265300321,-228.08257489296548,18.21862780443274,227.0447376837375,-329.1738086419934,341.27179706469735,-731.6754036859777,-413.1488713616073,80.7684298957275,273.12467864224334,458.7038084458505,180.53046336762623,-193.1739156562488,177.3991555505917,-427.7924940667511,258.78672498315797,408.1669069128892,-59.11140003873206,-239.54631428204368,-195.80406962272633,-160.62550600842147,60.747617754629644,277.67822333272517,126.94933130420165,642.3693839596187,221.79203911195543,145.91016068963475,319.3679532985668,-203.45558085947414,-375.3944679766164,224.85957153201002,-43.83072247567701,244.04125303333385,128.66128817731513,268.28554144970553,280.0796543837109,376.79004628634215,-6.011080488627561,94.83481935487555,86.11244104223812,389.7562488138506,-314.8269036313748,-131.13281704891153,67.55926641176828,-312.9232602382157,287.3391010690847,-457.57468189514043,13.27312582672368,63.581548917169755,-180.50316643378434,-323.7502560667386,-198.604419337895,329.2858126820926,-131.74913468043002,-107.94296779444821,110.54848426928258
