V1,V2,V3,V4,V5,V6,V7,V8,V9,V10,V11,V12,V13,V14,V15,V16,V17,V18,V19,V20,V21,V22,V23,V24,V25,V26,V27,V28,V29,V30,V31,V32,V33,V34,V35,V36,V37,V38,V39,V40,V41,V42,V43,V44,V45,V46,V47,V48,V49,V50,V51,V52,V53,V54,V55,V56
99.13089857375365,-60.486427773657034,5.123355004555969,60.46470857426775,-87.16845748065,90.98063468830676,-194.67411626929143,-110.14275849489906,21.623680521119958,72.39966799389364,122.35885869832954,48.08110918266255,-51.719041436639095,46.87209103155909,-114.22481282097966,68.86558124924274,108.5362080085196,-16.105888087979245,-63.780881712410206,-52.02626861814954,-42.61390213897455,15.834739531399768,74.09067906641349,33.70972442826491,171.02487718171884,59.12958165921046,38.832298383662355,85.25263178705177,-54.19404171850062,-99.65619690753935,60.08060449426966,-11.15751133086538,64.7476276943006,34.13990852874402,71.67567187896123,74.55904839146054,100.25838389050287,-1.7005676255563626,25.563776349662305,22.59922084903495,104.37660557297548,-83.43388243128351,-35.03494648202607,18.250920357373627,-83.33855964342422,76.14816998008668,-122.22358764414822,3.2739398598264544,16.424548053819937,-48.26701471267358,-86.19698254142024,-52.71419055302506,88.36379663657124,-35.06190456378152,-28.49967814804912,29.413718688784233
-60.486427773657034,37.901391591293404,-2.5755036500099666,-36.87087258508484,54.816082474398804,-56.14295894154018,120.8104636031722,66.61883453450746,-12.829959043426781,-45.73323939723415,-74.8888313182694,-29.609012126521446,30.984562551214893,-29.726439374293786,69.5612403138904,-42.62171837393671,-67.51132971814602,9.363054052653672,39.21382340015121,31.843609634460446,25.94749343487955,-10.367114523488302,-44.8557086388646,-20.392580724822082,-105.53308864742709,-36.2636768078601,-23.891846659451144,-52.23616049081612,33.75631511224708,62.114357342781865,-36.97983679649847,7.6700099991573065,-40.524340782298374,-21.34398268638495,-44.03120032401684,-46.183192195332985,-61.58895034754416,0.7089864974543438,-14.514069181860188,-14.478221236114615,-62.892317412774894,51.91346507139063,21.85519811126206,-9.925603256887902,51.20649178129569,-47.65265544862735,74.71757984460974,-2.9099540697672213,-11.344601540242179,29.506070958209175,52.94709265419257,32.84644024611263,-52.861747351991816,21.608576135979696,17.69598599475958,-18.190335030517844
5.123355004555969,-2.5755036500099666,0.5698923178997688,3.1368606767970997,-3.6034348803233343,4.354167079069749,-8.941114596323446,-6.019671075089609,1.3198423623645983,2.878030413735916,6.197320378974657,2.3345751164165542,-2.991619805368541,1.7980416248502806,-5.979774748358999,3.2255897393838406,4.897257181960742,-1.0898613466145588,-3.1318062920680303,-2.6341193957231965,-2.232068387834659,0.4280738007857744,4.025057578090472,1.8399575254083083,8.18706249769681,2.9540290467258536,1.8978326514008355,4.28475433828891,-2.419950372249515,-4.426471241570871,2.9287843785104646,-0.09876091334117729,2.78290854421348,1.480240049728811,3.541137785366786,3.4732031915214234,4.952332269394685,-0.27046389584864367,1.9227975374446882,0.785080188533469,5.836725349155769,-3.75615765551742,-1.5458745751422507,1.6141664013375012,-4.110248742535396,3.274793360528888,-6.240456004995936,-0.3372565101818474,0.11665290396498042,-2.465554629246106,-4.259848769048468,-2.3474209571846054,5.1524504386650305,-1.6920894524367949,-1.3029744416673639,1.385233281873386
60.46470857426775,-36.87087258508484,3.1368606767970997,36.88266481489509,-53.13095243661816,55.47767499319602,-118.69039387259734,-67.18883034924943,13.195880410077592,44.12839277683984,74.625975002769,29.320937359590804,-31.555076117162326,28.56573784780534,-69.67029639047585,41.99119462834348,66.1726499728511,-9.833146467822225,-38.89668779632144,-31.731005497577026,-25.994238237572723,9.641889186677519,45.19704458386013,20.564470302985274,104.28713821917746,36.06095110994388,23.680490651320508,51.99651974531532,-33.0387226837019,-60.755901056394706,36.63594416855008,-6.787345030985705,39.469914714534866,20.812381782181472,43.70871308615244,45.45750275110549,61.142407175198116,-1.0432200209840314,15.613835157773106,13.772423539912221,63.676869759008724,-50.86662313049562,-21.358999776159514,11.157736254484025,-50.82364613205029,46.42480241426095,-74.5429693481796,1.979546937857972,9.987673862723929,-29.43541701050283,-52.567401909139555,-32.135998321542274,53.917585000922166,-21.383496433290272,-17.37710720993608,17.936249730294342
-87.16845748065,54.816082474398804,-3.6034348803233343,-53.13095243661816,79.31693117230937,-81.03275330742902,174.50141290055083,95.89127612647715,-18.418169167903724,-66.213069328978,-107.96932016564679,-42.7236316947543,44.54035443670525,-43.0607539660953,100.22016419869765,-61.54148301150067,-97.54487304340203,13.402132293022236,56.570367966630435,45.910138192082705,37.38299238296907,-15.078989496043135,-64.57372386511908,-29.353791153761883,-152.3182075716357,-52.29682790767446,-34.4700124975912,-75.32146242645146,48.78245595858418,89.77140632927092,-53.355644299238584,11.222862207053941,-58.60051301191347,-30.860127793392586,-63.51293525574047,-66.69147597061715,-88.83891113880755,0.957260730493328,-20.703826169463014,-21.000082056032635,-90.47984207543372,75.01134087336997,31.589899435989278,-14.066417891035874,73.86492549085851,-68.90681553344446,107.70521368351493,-4.3726353726163225,-16.608956928091356,42.532954416419955,76.37265947404191,47.46993168829808,-75.97326612770601,31.18273697199509,25.562376365597938,-26.262239765702386
90.98063468830676,-56.14295894154018,4.354167079069749,55.47767499319602,-81.03275330742902,83.90014049865599,-179.955130397442,-100.72040923342946,19.61672322914509,67.42980202803285,112.44513094722672,44.299706425465466,-47.107430865849985,43.73011782729309,-104.75124779125049,63.584475551395904,100.42641059232163,-14.488800601571358,-58.72440091396883,-47.81136020825312,-39.07539129630883,14.979544607534553,67.77822189806696,30.82735679077508,157.71201073722509,54.38570314305334,35.765300325815204,78.37979485232809,-50.175327597146634,-92.28987066167728,55.34623299201844,-10.784539068343083,60.06802701765916,31.657236551463036,65.9731510886957,68.86881122584674,92.27822756014619,-1.353956419231971,22.778489910221147,21.174233373405833,95.29627243043456,-77.21090390193307,-32.45675659019547,15.985539976286324,-76.7124250475641,70.63607370947115,-112.26686675798398,3.5795205623448285,15.9118463965919,-44.336520090050165,-79.33344948000192,-48.81295294220316,80.43403684341092,-32.313284380621106,-26.349769051701138,27.1484780894308
-194.67411626929143,120.8104636031722,-8.941114596323446,-118.69039387259734,174.50141290055083,-179.955130397442,386.44465276280334,215.11969142658518,-41.727404340030404,-145.34192518826717,-240.76032123743065,-94.97476874982331,100.40962663483948,-94.33900030331606,224.05093681476404,-136.46475990418256,-215.76386361859997,30.685791394302225,125.85668039408831,102.37123639274256,83.5734899381226,-32.53456658766255,-144.78907631653618,-65.84302493787426,-338.2692929772583,-116.49779201501435,-76.66394010740886,-167.85864264594966,107.83327603502585,198.36845967397852,-118.64766679002753,23.66380233306945,-129.22440509356102,-68.08789665502339,-141.37038898926542,-147.83577081150676,-197.7345669736781,2.6740362965328517,-48.00250200345719,-45.774569094549285,-203.37027332550696,165.89835196527562,69.7746959087329,-33.379521377339614,164.3877799084416,-151.95007998643237,240.32045954543727,-8.279278420898835,-34.95149413974347,94.90926629542231,169.99352041139505,104.91394381035312,-171.38982279944548,69.28630931485553,56.59023283853713,-58.255609820252936
-110.14275849489906,66.61883453450746,-6.019671075089609,-67.18883034924943,95.89127612647715,-100.72040923342946,215.11969142658518,122.74799569778229,-24.24744713332161,-79.50814149674514,-135.8205242918125,-53.261357194124294,57.81709789811824,-51.40739150335655,127.00798413081237,-76.15822981990522,-119.83174282944547,18.172587730392635,70.68921424218334,57.74837028689893,47.37819528734538,-17.17956175080243,-82.53861667242576,-37.56215912189805,-189.33563419882526,-65.59198635776876,-43.03215520426169,-94.58705967272799,59.81107914375642,109.95299849552659,-66.57508955174823,11.88359989592361,-71.3382383482307,-37.627699146364115,-79.4726416325995,-82.44891121986426,-111.15370853056776,2.0893078196063253,-29.056990951541692,-24.68962290642956,-116.46074825783764,92.1133506052119,38.64209643278453,-21.00102992446729,92.38799993796397,-83.88507188912642,135.73135182451497,-3.0860865325640643,-17.469882130709887,53.60954431313867,95.56548027896783,58.17283899356454,-98.81599094016056,38.820769663323006,31.482758043898524,-32.534129900839
21.623680521119958,-12.829959043426781,1.3198423623645983,13.195880410077592,-18.418169167903724,19.61672322914509,-41.727404340030404,-24.24744713332161,4.852139876179908,15.218184410190036,26.60789182511204,10.388491927969648,-11.495641472304563,9.809848524058113,-24.969939863823964,14.800777649861526,23.203723650229314,-3.6842917081502717,-13.803595290418535,-11.31275265393226,-9.314874281387352,3.196412414611517,16.293356625258653,7.4187465362141705,36.87675610318044,12.831333535286229,8.399027161559632,18.514552635256003,-11.570269112263775,-21.25897001946235,12.990946142134648,-2.1168199087028876,13.750581666605896,7.258672711893201,15.529011675780113,16.01541070334816,21.71864012559817,-0.49298809693610535,5.977222835116117,4.673441762872977,23.064975669040564,-17.832899699262025,-7.4665118855157715,4.426816397372422,-18.04904210519779,16.16901588637961,-26.61342733837656,0.3762933900250293,3.098728460281787,-10.512307008426815,-18.673685855134856,-11.25052365759675,19.665338484110443,-7.566803102683029,-6.103936613833982,6.326069322517893
72.39966799389364,-45.73323939723415,2.878030413735916,44.12839277683984,-66.213069328978,67.42980202803285,-145.34192518826717,-79.50814149674514,15.218184410190036,55.32524768973617,89.72025898883412,35.54137141903888,-36.86619446172815,36.00122558291414,-83.20236541489615,51.239732243750105,81.28401203746554,-11.033417792639813,-47.04807803311698,-38.151450316705684,-31.039247368584068,12.668089826338107,53.55421893827655,24.341698164869165,126.74818651392967,43.47224458894051,28.66858369338068,62.60956041701061,-40.65671452839959,-74.83190136830572,44.37499758829249,-9.502116169386506,48.882178235877745,25.738479140353927,52.806201204157645,55.52414009220793,73.87063860765463,-0.7235015427141478,16.96385291065722,17.592900237254685,74.97284261609194,-62.506303482225746,-26.337670848118883,11.428795589180408,-61.42209182346894,57.49022560939103,-89.47669633765157,3.8282955571860717,14.06608979458405,-35.32900338346778,-63.504614408855815,-39.56395519106926,62.87488859862665,-25.949872244937094,-21.295953695380376,21.86509427688242
122.35885869832954,-74.8888313182694,6.197320378974657,74.625975002769,-107.96932016564679,112.44513094722672,-240.76032123743065,-135.8205242918125,26.60789182511204,89.72025898883412,151.08351294971175,59.409818611509486,-63.70865194756703,58.113383571831434,-140.96154374137416,85.14039490226163,134.26418019089002,-19.773524515850927,-78.79398062673576,-64.23987086740104,-52.58615201526555,19.70816164200535,91.37216376674141,41.568575180059426,211.37257087796712,73.02784938239371,47.97747882668342,105.2774815305113,-67.05228019534856,-123.30837905196154,74.2344691103597,-13.969739904262742,80.15339265833971,42.257390035681816,88.54115412475701,92.19153985437232,123.84670976114748,-2.0244417054930133,31.306523053844646,28.050604074480223,128.65474517513405,-103.21632269592395,-43.35402389432969,22.249925850694773,-102.94861657659963,94.26104907323217,-150.89797409545744,4.2487988950064155,20.578458645552736,-59.592296756069224,-106.47588065513567,-65.22438644823407,108.82844875400804,-43.32515483790228,-35.247835079924606,36.36115385640648
48.08110918266255,-29.609012126521446,2.3345751164165542,29.320937359590804,-42.7236316947543,44.299706425465466,-94.97476874982331,-53.261357194124294,10.388491927969648,35.54137141903888,59.409818611509486,23.39477773636269,-24.92834481483929,23.04187651571167,-55.36480582407818,33.56603878657387,52.9940090116244,-7.684958531072675,-31.01660069062253,-25.261153729002288,-20.654196604097923,7.872774932672747,35.83961819058497,16.301968070191126,83.27325165271505,28.729751604013803,18.888541631753398,41.40948045845041,-26.47348261729218,-48.692815564519364,29.227832279644996,-5.647237152344564,31.682045569045624,16.698884127348375,34.84533360913908,36.35087411919578,48.74109267462276,-0.7349230308655063,12.102789685124181,11.149681138234472,50.40789543124061,-40.74178781444049,-17.123428799425348,8.521634260251298,-40.51852292966164,37.25917831462896,-59.31970911270105,1.8373773917802732,8.32734101839848,-23.42539652416057,-41.90400083365948,-25.753776485155658,42.570394867104,-17.06492584935601,-13.906871570662927,14.33289833661578
-51.719041436639095,30.984562551214893,-2.991619805368541,-31.555076117162326,44.54035443670525,-47.107430865849985,100.40962663483948,57.81709789811824,-11.495641472304563,-36.86619446172815,-63.70865194756703,-24.92834481483929,27.32247317842345,-23.801164530834253,59.68122296349855,-35.58086598725498,-55.88397094730821,8.672693596650436,33.10404155249489,27.086981596329053,22.262748874001304,-7.856345017919932,-38.863878062033926,-17.690877946409,-88.55415136806714,-30.744925188376676,-20.147721572482038,-44.348386980374855,27.879953268679156,51.2388244782081,-31.167267064359212,5.321451696623681,-33.19352265978547,-17.514952318283093,-37.23061337228162,-38.51144796765595,-52.07017833103382,1.0802721284027443,-13.97031803337274,-11.385030340792023,-54.926835185409224,42.9533017369309,18.0018134893136,-10.224289924847467,43.27593247481698,-39.03035444570026,63.694923123283644,-1.174265829904561,-7.8080792727236075,25.159016227490813,44.76888701973849,27.11291831503811,-46.71813110525277,18.16299332258055,14.691048597725366,-15.203591314222551
46.87209103155909,-29.726439374293786,1.7980416248502806,28.56573784780534,-43.0607539660953,43.73011782729309,-94.33900030331606,-51.40739150335655,9.809848524058113,36.00122558291414,58.113383571831434,23.04187651571167,-23.801164530834253,23.44096716419451,-53.85155296175291,33.244525278231556,52.77685334588814,-7.0882162355931335,-30.494078671862418,-24.71131590475756,-20.088391033665722,8.285552268758988,34.630671703141026,15.738626161452254,82.19923846058671,28.166643579944562,18.58423375113135,40.558761663590616,-26.403862028796905,-48.60223420721618,28.768288612796077,-6.253600297901236,31.767793587527805,16.72394363468594,34.22386734342828,36.030927106387075,47.87407882429989,-0.43008094553370413,10.855236466559784,11.470114657414777,48.445753749260376,-40.587406953598645,-17.107707993548726,7.255734628839041,-39.80783081170889,37.3587234188195,-57.946264695462354,2.5853346931416064,9.26440246877712,-22.88058315137235,-41.15556743350419,-25.695901230792586,40.58182929332351,-16.82448993512156,-13.823264149684396,14.184058849462248
-114.22481282097966,69.5612403138904,-5.979774748358999,-69.67029639047585,100.22016419869765,-104.75124779125049,224.05093681476404,127.00798413081237,-24.969939863823964,-83.20236541489615,-140.96154374137416,-55.36480582407818,59.68122296349855,-53.85155296175291,131.64488439215762,-79.26822483647078,-124.88613737292468,18.623812272784132,73.4509812164603,59.93500798282537,49.10854871572935,-18.151126279886377,-85.42591474121772,-38.86860743661448,-196.91079583277792,-68.10966101516482,-44.719909261066285,-98.19928934796083,62.354562529906836,114.65117253614066,-69.19146375332421,12.736061868752662,-74.46709151391993,-39.267222035327634,-82.55558738663946,-85.82724518401427,-115.46929458176484,2.007891099545301,-29.61208779122768,-25.937845354578457,-120.39045568519337,96.00365095530408,40.30310980512471,-21.199450003465817,95.98069999266887,-87.56812691388424,140.8235075902898,-3.640141234717164,-18.746513206974715,55.617460376855774,99.27444685341084,60.65132140257314,-101.97057931747698,40.36545776711054,32.796003750241454,-33.857024658225185
68.86558124924274,-42.62171837393671,3.2255897393838406,41.99119462834348,-61.54148301150067,63.584475551395904,-136.46475990418256,-76.15822981990522,14.800777649861526,51.239732243750105,85.14039490226163,33.56603878657387,-35.58086598725498,33.244525278231556,-79.26822483647078,48.20528381698525,76.17836600903293,-10.907238313774952,-44.48791658009464,-36.202032633403334,-29.570909071449528,11.427151906502791,51.25631533982972,23.3110353397404,119.52326259734843,41.18854543555354,27.09601134705205,59.356880365715725,-38.06509331346387,-70.02234528189398,41.931014509066316,-8.273358400630494,45.59600089117515,24.027471259063525,49.971685243579884,52.21218869745671,69.89960942749518,-0.9819032402695126,17.101405904081364,16.11778507741615,72.02669906243655,-58.569109485075145,-24.628205228021173,11.945012926129328,-58.11018923996937,53.62155931416165,-84.99200209780791,2.827868105689706,12.2110005381353,-33.56308648879498,-60.09382533110238,-37.032712626487,60.745821085227554,-24.488149565477073,-19.984190102175557,20.580963487162894
108.5362080085196,-67.51132971814602,4.897257181960742,66.1726499728511,-97.54487304340203,100.42641059232163,-215.76386361859997,-119.83174282944547,23.203723650229314,81.28401203746554,134.26418019089002,52.9940090116244,-55.88397094730821,52.77685334588814,-124.88613737292468,76.17836600903293,120.4973411908978,-17.033323254724454,-70.21603443782594,-57.089980438216145,-46.586990142888716,18.24885437286552,80.66396197466703,36.67997716233386,188.77559477446493,64.97827468204409,42.77197236360141,93.6235026660554,-60.22642353652705,-110.80226729486992,66.1948150307058,-13.331133808293474,72.20670588542026,38.04242103208144,78.85940293055332,82.52373453802936,110.30639823849822,-1.4363769358145366,26.585890018996395,25.63550114485028,113.24967714629317,-92.64892571221414,-38.977462720494984,18.41602348391258,-91.70577013893785,84.91307442116484,-134.00060212558037,4.765583179295848,19.693564216781926,-52.916586895277035,-94.83087209228147,-58.59698589732255,95.38203014718438,-38.6672649285361,-31.599923013296657,32.51903445947886
-16.105888087979245,9.363054052653672,-1.0898613466145588,-9.833146467822225,13.402132293022236,-14.488800601571358,30.685791394302225,18.172587730392635,-3.6842917081502717,-11.033417792639813,-19.773524515850927,-7.684958531072675,8.672693596650436,-7.0882162355931335,18.623812272784132,-10.907238313774952,-17.033323254724454,2.8342527138093794,10.223705041421432,8.406590841031424,6.948233287475529,-2.2436990753424015,-12.203439639779704,-5.559406946170094,-27.23755378268872,-9.521128608966272,-6.217293577773906,-13.748266935265525,8.484156721115278,15.580542576359774,-9.613543852740632,1.4093454036246216,-10.044389015627603,-5.3069861388670505,-11.508509014269919,-11.79428189628593,-16.095874704646306,0.43068479307264185,-4.661624340620075,-3.347655511184797,-17.332823720273023,13.086989683927458,5.468821376209811,-3.5315269365987088,13.374166701069472,-11.813015717505706,19.79462339017632,-0.10387357234225401,-2.0511698805708276,7.818680782386059,13.840089653344117,8.24706537013273,-14.851469660464906,5.59460927524197,4.486791032691494,-4.664807744103624
-63.780881712410206,39.21382340015121,-3.1318062920680303,-38.89668779632144,56.570367966630435,-58.72440091396883,125.85668039408831,70.68921424218334,-13.803595290418535,-47.04807803311698,-78.79398062673576,-31.01660069062253,33.10404155249489,-30.494078671862418,73.4509812164603,-44.48791658009464,-70.21603443782594,10.223705041421432,41.12572014114669,33.50343355938084,27.402008958267093,-10.398550862212502,-47.56437571852606,-21.63613365710831,-110.38873786216003,-38.09889998476766,-25.043430599499835,-54.91723656822728,35.07372695221201,64.50910585509186,-38.750511891435515,7.436695777948711,-41.962255399465604,-22.11901681177805,-46.203820581080166,-48.1757571575029,-64.62995720714467,0.9955787658126826,-16.123250788547526,-14.747047006948893,-66.91733950832634,53.98091663697981,22.684278272939174,-11.381237357000094,53.72614301308765,-49.35034884969336,78.67967935122321,-2.3797406605919225,-10.962021686589454,31.070294012327597,55.56428772612002,34.11943388525036,-56.53739230889138,22.623808534754037,18.42856829675459,-18.99766303235278
-52.02626861814954,31.843609634460446,-2.6341193957231965,-31.731005497577026,45.910138192082705,-47.81136020825312,102.37123639274256,57.74837028689893,-11.31275265393226,-38.151450316705684,-64.23987086740104,-25.261153729002288,27.086981596329053,-24.71131590475756,59.93500798282537,-36.202032633403334,-57.089980438216145,8.406590841031424,33.50343355938084,27.314819499603928,22.359749495788332,-8.380783704279517,-38.85011495582812,-17.6745553490783,-89.87536861117441,-31.051069096400205,-20.39984572033681,-44.764031810908705,28.510734980571883,52.43184489644102,-31.563553938961768,5.941635172183833,-34.08210322211808,-17.968459826051827,-37.64666419580719,-39.19913147476802,-52.659504449239975,0.86001101880615,-13.309321967619184,-11.928828218684519,-54.70099770935535,43.88825083362835,18.434387808175796,-9.458930242630588,43.77353633935009,-40.082126970734336,64.16013962936172,-1.808471433366001,-8.751430901061843,25.337376901567744,45.27339052797477,27.733629738052695,-46.27091522094567,18.422505831223535,14.988022659479801,-15.461106782880977
-42.61390213897455,25.94749343487955,-2.232068387834659,-25.994238237572723,37.38299238296907,-39.07539129630883,83.5734899381226,47.37819528734538,-9.314874281387352,-31.039247368584068,-52.58615201526555,-20.654196604097923,22.262748874001304,-20.088391033665722,49.10854871572935,-29.570909071449528,-46.586990142888716,6.948233287475529,27.402008958267093,22.359749495788332,18.322263417689353,-6.768639657332927,-31.86839446727106,-14.500643054448881,-73.4543814244629,-25.408018696639072,-16.68207738198474,-36.63663553893025,23.25861247722907,42.76876341419863,-25.808461636813025,4.750278543989123,-27.778076397037538,-14.648216185970716,-30.794181650947575,-32.012089935956745,-43.07608816309201,0.7484518412210805,-11.047370351430912,-9.678709874896613,-44.91043206360947,35.81142502019677,15.034475304090844,-7.911376319830443,35.80569502126506,-32.67131785335627,52.53182890078834,-1.3587249354254936,-6.988356916594803,20.744421689869874,37.03476613867636,22.622997912514833,-38.04151939519119,15.061392288725834,12.235209327629963,-12.63132127458008
15.834739531399768,-10.367114523488302,0.4280738007857744,9.641889186677519,-15.078989496043135,14.979544607534553,-32.53456658766255,-17.17956175080243,3.196412414611517,12.668089826338107,19.70816164200535,7.872774932672747,-7.856345017919932,8.285552268758988,-18.151126279886377,11.427151906502791,18.24885437286552,-2.2436990753424015,-10.398550862212502,-8.380783704279517,-6.768639657332927,3.0297029604850994,11.586115795373969,5.260230899198918,28.15561294158945,9.576319982939864,6.343255836206718,13.771809734769088,-9.14539410258827,-16.845609495579797,9.824913443642155,-2.3933698356240964,11.063859189528728,5.816987822363607,11.660414750291936,12.399744501889133,16.309100582644184,-0.03901154357534996,3.3157340125260193,4.097527147849088,16.110483113476906,-14.040267564356046,-5.935029018400677,2.0577221886688783,-13.564750197635044,13.005725155563745,-19.624191637544257,1.168939673274878,3.561716653586395,-7.749915766662621,-14.018831962963363,-8.904311324490608,13.367719849138346,-5.752453733706443,-4.769685225557822,4.870529691201307
74.09067906641349,-44.8557086388646,4.025057578090472,45.19704458386013,-64.57372386511908,67.77822189806696,-144.78907631653618,-82.53861667242576,16.293356625258653,53.55421893827655,91.37216376674141,35.83961819058497,-38.863878062033926,34.630671703141026,-85.42591474121772,51.25631533982972,80.66396197466703,-12.203439639779704,-47.56437571852606,-38.85011495582812,-31.86839446727106,11.586115795373969,55.50433345016081,25.258700364481204,127.41042380675363,44.129459324451055,28.95453826503065,63.63795240489388,-40.26229110751229,-74.01962236416205,44.794797375225784,-8.03213925645066,48.031699799731356,25.333913672271315,53.46958401177919,55.48736890509093,74.78781889609121,-1.389783805896813,19.49593789095145,16.641263508584025,78.30126675224469,-62.00469033288085,-26.01488472093302,14.072944960707588,-62.162195299068166,56.48394787571087,-91.30606467789416,2.1185297418298163,11.807952910447572,-36.06085234526824,-64.29961944859714,-39.15949899045674,66.42251926787327,-26.125523140730035,-21.191513842613908,21.896385473529715
33.70972442826491,-20.392580724822082,1.8399575254083083,20.564470302985274,-29.353791153761883,30.82735679077508,-65.84302493787426,-37.56215912189805,7.4187465362141705,24.341698164869165,41.568575180059426,16.301968070191126,-17.690877946409,15.738626161452254,-38.86860743661448,23.3110353397404,36.67997716233386,-5.559406946170094,-21.63613365710831,-17.6745553490783,-14.500643054448881,5.260230899198918,25.258700364481204,11.495087862437467,57.94999479656674,20.074934176811077,13.170511303722634,28.95064754037452,-18.30725354714813,-33.65670515161028,20.37508213956636,-3.6410840311003265,21.83730502918909,11.518293456432117,24.322274380733013,25.234044107675857,34.02034679697675,-0.6373713240776328,8.887159816583987,7.561092078345985,35.637274554590434,-28.19492696425586,-11.828497509531388,6.4220545445396695,-28.27682995922376,25.68093571087941,-41.53945588076842,0.949767079566252,5.351326092745853,-16.40546415631954,-29.2494198286882,-17.805738857502142,30.237082324989572,-11.883502239461622,-9.637067226780294,9.958659594237886
171.02487718171884,-105.53308864742709,8.18706249769681,104.28713821917746,-152.3182075716357,157.71201073722509,-338.2692929772583,-189.33563419882526,36.87675610318044,126.74818651392967,211.37257087796712,83.27325165271505,-88.55415136806714,82.19923846058671,-196.91079583277792,119.52326259734843,188.77559477446493,-27.23755378268872,-110.38873786216003,-89.87536861117441,-73.4543814244629,28.15561294158945,127.41042380675363,57.94999479656674,296.46086263067866,102.23304313678304,67.23051208578032,147.33717433114344,-94.31608240024184,-173.48065606773108,104.03752185913963,-20.269639472253175,112.91133658913958,59.50706868120141,124.01404249975218,129.4556173690587,173.46247380399666,-2.5463232675255356,42.823063392908765,39.80104662561303,179.1398506709343,-145.13653838589266,-61.00984816280003,30.054622042466963,-144.20208069330238,132.77726949278593,-211.03729764961383,6.725392566835923,29.90545256741664,-83.34260818428554,-149.12915303257603,-91.7553025272217,151.20318691687265,-60.74184590727408,-49.531244300971665,51.032695636507206
59.12958165921046,-36.2636768078601,2.9540290467258536,36.06095110994388,-52.29682790767446,54.38570314305334,-116.49779201501435,-65.59198635776876,12.831333535286229,43.47224458894051,73.02784938239371,28.729751604013803,-30.744925188376676,28.166643579944562,-68.10966101516482,41.18854543555354,64.97827468204409,-9.521128608966272,-38.09889998476766,-31.051069096400205,-25.408018696639072,9.576319982939864,44.129459324451055,20.074934176811077,102.23304313678304,35.30431526248512,23.199757077836612,50.890997762253676,-32.45409276417755,-59.685482878655826,35.89774682093583,-6.8146647414175865,38.80945322336672,20.458770211957738,42.809656513768346,44.60299677848633,59.879424957231976,-0.9540787406855622,15.048669022735183,13.60614152992295,62.11357970566385,-49.953761972298146,-20.9861434320394,10.66247778846922,-49.776139955057765,45.639149687996046,-72.93187003011282,2.1205834007422992,10.042806504612772,-28.80231589727736,-51.480397157946804,-31.57030585903301,52.513110563005526,-20.95244172542514,-17.05607232379385,17.58936357263105
38.832298383662355,-23.891846659451144,1.8978326514008355,23.680490651320508,-34.4700124975912,35.765300325815204,-76.66394010740886,-43.03215520426169,8.399027161559632,28.66858369338068,47.97747882668342,18.888541631753398,-20.147721572482038,18.58423375113135,-44.719909261066285,27.09601134705205,42.77197236360141,-6.217293577773906,-25.043430599499835,-20.39984572033681,-16.68207738198474,6.343255836206718,28.95453826503065,13.170511303722634,67.23051208578032,23.199757077836612,15.251308164126335,33.4381955034437,-21.366603407102723,-39.29766891817345,23.60015159245582,-4.5413893772809555,25.5654840766445,13.475198212690454,28.137611188478175,29.345668506170814,39.356652490632364,-0.601560119676025,9.800214313093166,8.988035883687594,40.73160844286382,-32.88354839433397,-13.818843455124085,6.909720501154956,-32.716997166215435,30.063348284237428,-47.9079177749258,1.4622167458598352,6.6970537784038084,-18.920078140670245,-33.83594889780667,-20.785753621549542,34.40653496349532,-13.776324572028598,-11.224708094158006,11.570025880971283
85.25263178705177,-52.23616049081612,4.28475433828891,51.99651974531532,-75.32146242645146,78.37979485232809,-167.85864264594966,-94.58705967272799,18.514552635256003,62.60956041701061,105.2774815305113,41.40948045845041,-44.348386980374855,40.558761663590616,-98.19928934796083,59.356880365715725,93.6235026660554,-13.748266935265525,-54.91723656822728,-44.764031810908705,-36.63663553893025,13.771809734769088,63.63795240489388,28.95064754037452,147.33717433114344,50.890997762253676,33.4381955034437,73.36728698626388,-46.75671995835518,-85.99132364858094,51.73648629834357,-9.785842627714572,55.906235496430504,29.473352274467285,61.70296535877309,64.26732277321611,86.31225835870079,-1.38867468820355,21.74320457302226,19.590405875666573,89.58360216725285,-71.97196214511712,-30.235551910041,15.428258918320957,-71.74858109302568,65.7541817140855,-105.13898014399543,3.0194796683552143,14.41435067426005,-41.51757475546606,-74.2062384875591,-45.48195986537552,75.7575716131034,-30.203182655715274,-24.577562249784783,25.35016806159195
-54.19404171850062,33.75631511224708,-2.419950372249515,-33.0387226837019,48.78245595858418,-50.175327597146634,107.83327603502585,59.81107914375642,-11.570269112263775,-40.65671452839959,-67.05228019534856,-26.47348261729218,27.879953268679156,-26.403862028796905,62.354562529906836,-38.06509331346387,-60.22642353652705,8.484156721115278,35.07372695221201,28.510734980571883,23.25861247722907,-9.14539410258827,-40.26229110751229,-18.30725354714813,-94.31608240024184,-32.45409276417755,-21.366603407102723,-46.75671995835518,30.105312035742664,55.38644358473968,-33.06941396853847,6.6958084016991934,-36.10152226518196,-19.01895297926893,-39.3920840599047,-41.24091753277944,-55.09782001976618,0.7029463283177028,-13.22655179297214,-12.8297187400126,-56.514499499167066,46.30902817076336,19.484269750239022,-9.140142355660853,45.80735271825085,-42.45025239156184,66.91842457076727,-2.4197651051873574,-9.895657424136077,26.427591406384998,47.367465686604284,29.291571436961856,-47.57930350675248,19.315470090479277,15.792206259928912,-16.24801577944578
-99.65619690753935,62.114357342781865,-4.426471241570871,-60.755901056394706,89.77140632927092,-92.28987066167728,198.36845967397852,109.95299849552659,-21.25897001946235,-74.83190136830572,-123.30837905196154,-48.692815564519364,51.2388244782081,-48.60223420721618,114.65117253614066,-70.02234528189398,-110.80226729486992,15.580542576359774,64.50910585509186,52.43184489644102,42.76876341419863,-16.845609495579797,-74.01962236416205,-33.65670515161028,-173.48065606773108,-59.685482878655826,-39.29766891817345,-85.99132364858094,55.38644358473968,101.90321718196338,-60.81955242801547,12.3503329889906,-66.42845980670053,-34.9952449750456,-72.4449957323074,-75.85949663868777,-101.33439912572615,1.2770092629807512,-24.272816030375445,-23.62594299794828,-103.88274703396391,85.19667296412898,35.8491721291945,-16.755463661615728,84.2480626427019,-78.11737720221313,123.0549070434965,-4.491809660452972,-18.250582263487804,48.59396822419113,87.11706555677259,53.889545187204455,-87.4438720138147,35.531114938793806,29.053706163450315,-29.88941423906418
60.08060449426966,-36.97983679649847,2.9287843785104646,36.63594416855008,-53.355644299238584,55.34623299201844,-118.64766679002753,-66.57508955174823,12.990946142134648,44.37499758829249,74.2344691103597,29.227832279644996,-31.167267064359212,28.768288612796077,-69.19146375332421,41.931014509066316,66.1948150307058,-9.613543852740632,-38.750511891435515,-31.563553938961768,-25.808461636813025,9.824913443642155,44.794797375225784,20.37508213956636,104.03752185913963,35.89774682093583,23.60015159245582,51.73648629834357,-33.06941396853847,-60.81955242801547,36.52136486385478,-7.037517212273794,39.569292540332334,20.855643013760716,43.54136479452358,45.417209106254774,60.89842295376782,-0.9272735732328309,15.149692481992524,13.91276311158567,63.01247383930036,-50.89248066972855,-21.387125001150103,10.674038448311105,-50.62484024043676,46.52597118879966,-74.1279989135359,2.2727240479071806,10.38164069818675,-29.27720601232879,-52.355798905392405,-32.17076629975838,53.221039363717395,-21.315301873640237,-17.370275230741203,17.903627257798277
-11.15751133086538,7.6700099991573065,-0.09876091334117729,-6.787345030985705,11.222862207053941,-10.784539068343083,23.66380233306945,11.88359989592361,-2.1168199087028876,-9.502116169386506,-13.969739904262742,-5.647237152344564,5.321451696623681,-6.253600297901236,12.736061868752662,-8.273358400630494,-13.331133808293474,1.4093454036246216,7.436695777948711,5.941635172183833,4.750278543989123,-2.3933698356240964,-8.03213925645066,-3.6410840311003265,-20.269639472253175,-6.8146647414175865,-4.5413893772809555,-9.785842627714572,6.6958084016991934,12.3503329889906,-7.037517212273794,2.004599311373843,-8.169702067543481,-4.287718712327386,-8.322112276474728,-8.98611120674342,-11.643421563931808,-0.09478829700315605,-1.93474536453201,-3.1440322408166765,-11.054349706522315,10.261038116166313,4.357893483261764,-1.0036908596817564,9.688236070445715,-9.606502378227601,13.875369947113875,-1.162168370450674,-2.994869590297424,5.477107003616737,10.007108960226326,6.523099339415681,-9.02796011358359,4.134826447179671,3.4742177969122143,-3.522129845062668
64.7476276943006,-40.524340782298374,2.78290854421348,39.469914714534866,-58.60051301191347,60.06802701765916,-129.22440509356102,-71.3382383482307,13.750581666605896,48.882178235877745,80.15339265833971,31.682045569045624,-33.19352265978547,31.767793587527805,-74.46709151391993,45.59600089117515,72.20670588542026,-10.044389015627603,-41.962255399465604,-34.08210322211808,-27.778076397037538,11.063859189528728,48.031699799731356,21.83730502918909,112.91133658913958,38.80945322336672,25.5654840766445,55.906235496430504,-36.10152226518196,-66.42845980670053,39.569292540332334,-8.169702067543481,43.33119281542883,22.82338314135635,47.11844036699188,49.403212739376606,65.9079490468387,-0.7741389260293828,15.587022093869665,15.466455581998504,67.35920631493526,-55.522885701838604,-23.372373404486872,10.681473726160442,-54.79696106634449,50.95471012861599,-79.97371310459594,3.0725790096671566,12.08114741564654,-31.58127775193762,-56.66037653898381,-35.127771137686075,56.63485977941226,-23.12125202496091,-18.92817811815772,19.46051810000367
34.13990852874402,-21.34398268638495,1.480240049728811,20.812381782181472,-30.860127793392586,31.657236551463036,-68.08789665502339,-37.627699146364115,7.258672711893201,25.738479140353927,42.257390035681816,16.698884127348375,-17.514952318283093,16.72394363468594,-39.267222035327634,24.027471259063525,38.04242103208144,-5.3069861388670505,-22.11901681177805,-17.968459826051827,-14.648216185970716,5.816987822363607,25.333913672271315,11.518293456432117,59.50706868120141,20.458770211957738,13.475198212690454,29.473352274467285,-19.01895297926893,-34.9952449750456,20.855643013760716,-4.287718712327386,22.82338314135635,12.022298283025497,24.83673858731742,26.03184134153882,34.74182872330221,-0.41562460300925813,8.24365697062077,8.139530878049026,35.53477988057646,-29.251823310033714,-12.312491647111921,5.660625230222932,-28.884581166399617,26.840131675794257,-42.164215716868405,1.5992140531841241,6.338528391361209,-16.649951247038004,-29.867253267404735,-18.50559115889532,29.886468652147467,-12.186765927341309,-9.973389977890426,10.255545483580747
71.67567187896123,-44.03120032401684,3.541137785366786,43.70871308615244,-63.51293525574047,65.9731510886957,-141.37038898926542,-79.4726416325995,15.529011675780113,52.806201204157645,88.54115412475701,34.84533360913908,-37.23061337228162,34.22386734342828,-82.55558738663946,49.971685243579884,78.85940293055332,-11.508509014269919,-46.203820581080166,-37.64666419580719,-30.794181650947575,11.660414750291936,53.46958401177919,24.322274380733013,124.01404249975218,42.809656513768346,28.137611188478175,61.70296535877309,-39.3920840599047,-72.4449957323074,43.54136479452358,-8.322112276474728,47.11844036699188,24.83673858731742,51.91821262510804,54.12206378157953,72.61562917958857,-1.134091377129553,18.165829546524407,16.539502812408085,75.24047120281159,-60.627739556840346,-25.47367899126818,12.837800559425663,-60.36430466997116,55.40416573915628,-88.4211410169943,2.6337611022971497,12.271370600175809,-34.921821285251106,-62.429684772615694,-38.32054068257603,63.58202486698177,-25.41112889673239,-20.696550862041647,21.338243425554296
74.55904839146054,-46.183192195332985,3.4732031915214234,45.45750275110549,-66.69147597061715,68.86881122584674,-147.83577081150676,-82.44891121986426,16.01541070334816,55.52414009220793,92.19153985437232,36.35087411919578,-38.51144796765595,36.030927106387075,-85.82724518401427,52.21218869745671,82.52373453802936,-11.79428189628593,-48.1757571575029,-39.19913147476802,-32.012089935956745,12.399744501889133,55.48736890509093,25.234044107675857,129.4556173690587,44.60299677848633,29.345668506170814,64.26732277321611,-41.24091753277944,-75.85949663868777,45.417209106254774,-8.98611120674342,49.403212739376606,26.03184134153882,54.12206378157953,56.565612972912255,75.69595414256757,-1.0548638381592785,18.48382541499837,17.466494872980835,77.96609814597107,-63.45206968073713,-26.680930251938975,12.892131528416513,-62.92926263073744,58.085215348832975,-92.03408126160215,3.0868210831237146,13.271699690325958,-36.349831507948416,-65.07629934550573,-40.123985145993586,65.73814497239918,-26.51420357338375,-21.646102228807695,22.289097941766833
100.25838389050287,-61.58895034754416,4.952332269394685,61.142407175198116,-88.83891113880755,92.27822756014619,-197.7345669736781,-111.15370853056776,21.71864012559817,73.87063860765463,123.84670976114748,48.74109267462276,-52.07017833103382,47.87407882429989,-115.46929458176484,69.89960942749518,110.30639823849822,-16.095874704646306,-64.62995720714467,-52.659504449239975,-43.07608816309201,16.309100582644184,74.78781889609121,34.02034679697675,173.46247380399666,59.879424957231976,39.356652490632364,86.31225835870079,-55.09782001976618,-101.33439912572615,60.89842295376782,-11.643421563931808,65.9079490468387,34.74182872330221,72.61562917958857,75.69595414256757,101.57190155567461,-1.5835553244045624,25.404218327931815,23.14207296384325,105.23460469082029,-84.80221018212036,-35.632256388283864,17.955068862316708,-84.43504742054071,77.5080294731983,-123.67374303718326,3.690007426464799,17.162865528473564,-48.84026734809747,-87.324485977167555,-53.598569497558636,88.93052079385063,-35.549363444179114,-28.951496099036554,29.84920346992051
