V1,V2,V3,V4,V5,V6,V7,V8,V9,V10,V11,V12,V13,V14,V15,V16,V17,V18,V19,V20,V21,V22,V23,V24,V25,V26,V27,V28,V29,V30,V31,V32,V33,V34,V35,V36,V37,V38,V39,V40,V41,V42,V43,V44,V45,V46,V47,V48,V49,V50,V51,V52,V53,V54,V55,V56
0.22138265319496503,-0.07818077025533053,0.010190894557584191,0.22331164653440858,-0.7943933397613964,0.17299317421703453,0.024348361177515928,0.18251742506757318,-0.21751619681941614,-0.14794041328426458,0.2924077094041598,-0.4211561630466525,0.03077909506678154,-0.059394047960805066,0.005237557690051573,-0.21097579696086127,-0.592872398671024,0.14638666341734818,0.03209370440071431,0.1449835387595099,0.3883433592260755,0.23404195887055168,0.20611918868438378,0.1785918781277547,0.13397669552028615,-0.09421527978747594,-0.28310392844173643,0.14803852714426516,0.17601340102510796,0.0596973759780944,-0.2347247657296186,0.11068794228189194,0.28620054741788675,-0.29496017853064604,-0.11876102918013966,0.08349129381519586,0.1349081086524291,0.2044904560751405,-0.07936028860278242,0.1957234763466271,0.4332656100273587,0.005081353629642356,-0.0416832623207031,-0.22528742677847535,-0.36591914777930984,0.22264991195730058,-0.1641505578800132,0.07295283190579246,-0.07779810484361913,0.36410713879817475,-0.08151492851434716,0.13114890699809256,3.7638088272771416e-4,-0.18371280164218168,-0.20508957303878134,0.47742832896067455
-0.07818077025533053,0.8740596972222732,0.2597998476864755,0.31531767683158424,0.5909935562320314,-0.25436209893745404,-0.016697356675033633,0.3276518605171392,0.6019708585808246,-0.9543407955323874,-0.3845754926652314,0.6821885703014196,-1.0496860566528412,0.13244008912166882,-0.25799804545019384,0.3373677493679123,0.30877502543183055,0.014900020669994156,0.8964373945963748,-0.03894843131906323,0.286311353546365,-1.169702426268588,-0.5187079071023011,-1.1591243797135606,-0.5182390210839607,-0.031054540970863534,0.4724875988236695,0.736327948149121,-0.06535486011420061,-0.692351376991547,-0.3471277753751409,-0.24211327220045933,0.1416630037057824,-0.7575816160589861,0.26966155120636676,0.68978286204436845,0.3916449079883558,0.6300342892557182,0.31488991713890974,-0.6500360207072182,-1.1366532082039527,-0.4608449754810075,0.822537874310955,0.9529777784567414,0.0884220062336348,-1.0629209746907504,0.3791492487190342,0.30254002832110316,0.2582085549740157,-0.39826017691798904,0.530038133104404,-0.03389817795588239,-0.18059887224575188,0.6326947665833907,0.07690487299934125,0.30981033676836617
0.010190894557584191,0.2597998476864755,0.32626177540406615,0.594046943404123,0.023232519661455602,-0.5945202470423231,-0.4218127493272574,0.4014058699152481,-0.565021601391756,-0.8699105504179531,-0.08028092762310868,-0.40142079946497494,-0.34324211278869077,0.21214226642611672,-0.18279411921975616,0.42175863068791614,-0.4274011534032006,0.013940027542584657,0.5232867518361535,0.4817601985238558,-0.3498335725995744,-0.40074337429720985,-0.16189272346753059,-1.0063085890879697,0.159588489905335,-0.32657879691893515,-0.18224498615122867,0.009911960733394861,0.3220464813042841,0.3068645149072757,-0.3677734209234556,-0.19017039688598228,-0.07640240059215685,-0.19985939597952512,0.19281891444868887,0.2214084620709054,0.5330701083137489,0.6246798491032042,0.07971680031186487,-0.025142871111525897,-0.6943363707354213,-0.23756483255636363,0.5440041077780411,0.5408818858125682,-0.5250711856594692,-0.4699354013920895,0.047725698719371955,-0.1583839353809633,-0.021749594512318095,0.1231399489956672,-0.07451995023452798,0.09773417841407604,-0.21591963766763467,0.03263093535733828,0.2576988471084241,1.0373669563375787
0.22331164653440858,0.31531767683158424,0.594046943404123,1.32915351693063,-0.7131576776614019,-0.9443014966953481,-0.8245931166823909,0.9366697510958363,-1.4549242697902813,-1.6991842191822204,0.1770792707586694,-1.2784687514778121,-0.5170300972085515,0.3013752753433507,-0.34561138973466077,0.6248298674659508,-1.420352862617148,0.15118498278175257,0.9635798271798502,1.113908213446979,-0.3604610846392595,-0.4012564311386198,-0.0790340204404128,-1.6546937838642475,0.4825310855218893,-0.7401594835794847,-0.6769893030336592,0.06055928944947238,0.8483279973755502,0.7806742101227735,-0.9390898729587087,-0.28103037023401944,0.09158640494067945,-0.5516865467236731,0.2948097955012439,0.4742877617163886,1.131946090814631,1.3426839994293285,0.06837957437525818,0.15199527654358727,-0.822449922212148,-0.4333341706436541,0.934941531690728,0.7074647136294248,-1.3395304562833144,-0.5802910484237709,-0.09782030973374405,-0.3070401249046347,-0.16151590463353474,0.6051625425277168,-0.26602919689840243,0.32709622781227765,-0.3859502714613513,-0.18598443482845517,0.29651185520510676,2.395944408903052
-0.7943933397613964,0.5909935562320314,0.023232519661455602,-0.7131576776614019,3.160673604646319,-0.34631202678107037,0.07790826976820513,-0.474311044627068,1.0341266452143,0.25814871506900255,-1.1821153205450168,1.8372092228579842,-0.7609838701801817,-0.06196098983758881,-0.14959597091180385,0.8669330956046595,2.35469408438099,-0.6171478899751638,0.315055668606485,-0.5465118570293483,-0.891665320309392,-1.2337070241347456,-1.1209382430842452,-0.7936318155336252,-1.0141115818045274,0.411971517081516,1.256772191774801,0.04103034715464318,-0.4968071729381733,-0.6707680658612236,0.44900095213491353,-0.6808086764759439,-0.8325792150640926,0.5149130863558942,0.7993632615139669,0.42437802320650586,-0.23547186061851696,-0.4466797107877437,0.6607648816350095,-1.2890184121160784,-1.9540436982374922,-0.29438335322073916,0.5514212673492049,1.044306728758589,1.507099071576246,-1.160053624889371,0.71510966944679,-0.1169619484643797,0.45597981920940567,-1.5829026865319837,0.6972148757561885,-0.5426621766004724,0.06602223418630493,0.9685254773273653,0.5018431183319225,-1.8981733976656447
0.17299317421703453,-0.25436209893745404,-0.5945202470423231,-0.9443014966953481,-0.34631202678107037,1.7597852673020757,1.1258468726055828,-0.46410946654385477,1.29365562885611,1.3748236227925157,0.25238175532397494,0.8648213364542477,-0.06494818228481153,-0.8676338243677422,0.23454502379988035,-0.9322517150851737,0.6748389088734986,-0.03688228941180976,-0.5497719009808083,-0.9113406511800006,1.703852943299106,0.5840014917202294,0.02895900165764711,2.1186512016161876,-0.8993439721027224,0.7055499736084183,0.4254547918698289,0.8216927156275214,-0.3366120221757801,-1.1553537657574877,0.06562151571418327,0.1239534435957759,0.6476871442026965,-0.5166026207558815,-0.021650327238965286,0.5333139925678002,-0.6784176260262483,-0.7816426709698336,0.2550589661061468,-0.5145685705653938,1.3428151525908525,0.16773928881643274,-0.6795006940450573,-1.057141910139736,1.0220876839947248,0.7570620354300289,-0.10113925844486556,0.5631120486590483,0.20645338601010463,-0.28923171621050353,0.5844346630838663,-0.19661948953993147,0.5512632454379771,0.14568524405955965,-1.0278499949359339,-2.011027050132269
0.024348361177515928,-0.016697356675033633,-0.4218127493272574,-0.8245931166823909,0.07790826976820513,1.1258468726055828,0.8566007803679628,-0.47433289162650005,1.3308254012634169,1.0004423991214852,-0.004576395218377593,1.003546979267652,-0.09488496534466694,-0.4611236185918445,0.19209053762816647,-0.6540841902013139,0.8211184930779178,-0.03411183336245287,-0.40365823313065224,-0.8591480590281607,1.07596289347912,0.1459277815731828,-0.03678650728559532,1.3473795492437541,-0.6984903073241499,0.5983510730586524,0.5278340902973202,0.5799328950552255,-0.5021650005507882,-1.0353311863729358,0.2918423235348211,0.15687348393534245,0.3630705441753431,-0.29161610772965324,-0.12240781959789432,0.22293153113224703,-0.6368981412955115,-0.6862536812422926,0.1382378799477271,-0.3833399749724332,0.733285932291003,0.14625601804772007,-0.4791070654777172,-0.5401317208187697,0.9162395840832565,0.3371485426459328,0.05339651774447221,0.4914026532574425,0.2195476838200134,-0.38353265197396347,0.48171647982741667,-0.20333583631956528,0.3472423881634966,0.27048084760501445,-0.6036982298468339,-1.6572005239699739
0.18251742506757318,0.3276518605171392,0.4014058699152481,0.9366697510958363,-0.474311044627068,-0.46410946654385477,-0.47433289162650005,0.7276845898545931,-0.8907351518705932,-1.2408363649227339,0.1220856841061078,-0.765893711795005,-0.5937680176232517,0.06890876802803088,-0.28667379973426316,0.4213807513472939,-0.9379027836680209,0.09568326685538438,0.8234129322682643,0.7441384464008638,0.04868150659347914,-0.3790787130731254,-0.165505498104284,-1.1175869736637907,0.12334374735504615,-0.476366796249963,-0.3874680098516525,0.30218140162511464,0.6419425859368649,0.33967509234726345,-0.8220333380020676,-0.28141924658161444,0.19229890787031456,-0.632376041128645,0.32795497318628836,0.6203964594930854,0.8607017686629762,1.034894511813042,0.17865123193937035,-0.12187884054769062,-0.617869278663004,-0.40434746417248835,0.7665959529272347,0.5129536119003787,-0.8411657364000826,-0.49122397814144336,-0.03229979493675945,-0.12297277957277603,-0.05487341319769429,0.34037848077549465,-0.013088863033512008,0.2122837978103975,-0.22568678182503082,-0.023407981572253666,0.06309387484316294,1.5628980665210768
-0.21751619681941614,0.6019708585808246,-0.565021601391756,-1.4549242697902813,1.0341266452143,1.29365562885611,1.3308254012634169,-0.8907351518705932,2.9716305162344114,1.2436234609160743,-0.5045066006713399,2.519922071515625,-0.5346011837699886,-0.29821802762902466,0.2350247805359079,-0.8041593178744301,2.0365775577665244,-0.04949153840040656,-0.32914631889237633,-1.707966695723294,1.3403841065688096,-0.7153814952732761,-0.3228639920225884,1.2463478434950215,-1.2857216563036513,1.0507878675103919,1.411026958261547,1.0333940180045647,-1.3120934806085893,-2.141220009971479,0.8466669735028485,0.2960068477257361,0.34652789129403117,-0.4488475414197312,-0.31219674833523803,0.18131404949193664,-1.1605421113359515,-1.0953538426163707,0.1882748735392651,-0.8236573115980002,0.2480513940060124,0.11212251839122302,-0.4482831029762832,-0.053181794053907556,1.817896509576472,-0.27437411047572974,0.48482287430675947,0.9952151242098952,0.5310721680385938,-1.0820195710554696,1.0169163103287526,-0.4278390755671265,0.3516299916697029,0.9496310542278558,-0.5618923184465237,-2.8430268420448916
-0.14794041328426458,-0.9543407955323874,-0.8699105504179531,-1.6991842191822204,0.25814871506900255,1.3748236227925157,1.0004423991214852,-1.2408363649227339,1.2436234609160743,2.574596024670879,0.12681432184912833,0.9478257008329105,1.2479830033158188,-0.50910759521532,0.5594900779040348,-0.9998382095172221,1.314248917830521,-0.1605153983701468,-1.673269053521746,-1.2323172145910521,0.40322743182793874,1.293443145281413,0.45228235230361835,2.767809628767977,-0.24744250240381802,0.8669729441225634,0.42037004827840424,-0.45966513400343767,-0.8684234607711636,-0.4727509902016114,1.2075862486621634,0.47837642586659695,-0.0986446197820675,1.0157544501415927,-0.49836297613120606,-0.895905488617023,-1.5211605562182728,-1.907814512658025,-0.26224259740075867,0.22967764545215943,1.813779166810508,0.7807224427899837,-1.616352433732489,-1.5232927273983552,1.440943412012884,1.4258961048995138,-0.17372915083095605,0.1845439602701597,0.009153687471418393,-0.374559765666019,-0.015822431174701956,-0.32898990689265195,0.589363914936576,-0.22815725048647328,-0.49242258337630557,-2.9198615725824286
0.2924077094041598,-0.3845754926652314,-0.08028092762310868,0.1770792707586694,-1.1821153205450168,0.25238175532397494,-0.004576395218377593,0.1220856841061078,-0.5045066006713399,0.12681432184912833,0.5003322068958558,-0.7665498751085985,0.42787847093163633,-0.08093900676732237,0.08450297035894383,-0.3567617010050982,-0.8605116815922284,0.19422263889289312,-0.2593438289522481,0.208375918648838,0.3285294806166704,0.6790498439108693,0.45588084020669917,0.5585533069342913,0.3890940105092186,-0.1309933644685188,-0.5176746279256519,-0.10839528158995874,0.23308757970667582,0.3524382941725954,-0.15394374306083144,0.2347998572918737,0.28635941825475497,-0.0669025197936804,-0.25869145765376417,-0.1824121282716876,0.0243911791405553,0.04341348605776701,-0.23922689812985692,0.48781173328126465,0.9127873064419376,0.16037663816697686,-0.33580941541219855,-0.5871665878708581,-0.4918592782343786,0.6213468443331923,-0.3211299237343151,-0.022339990969550073,-0.20469496636747161,0.5972839954158696,-0.29933913751466096,0.19191071751971575,0.042403245921342994,-0.4492236068428991,-0.24055873746666767,0.5260608092148303
-0.4211561630466525,0.6821885703014196,-0.40142079946497494,-1.2784687514778121,1.8372092228579842,0.8648213364542477,1.003546979267652,-0.765893711795005,2.519922071515625,0.9478257008329105,-0.7665498751085985,2.4813642505276756,-0.7260833582886863,-0.27699862882941173,0.09515896238327855,-0.27440017975783065,2.281055017781271,-0.24478122292780694,-0.06169861522586909,-1.4162855989304708,0.7524879289860912,-0.9790297054165714,-0.6522126227161332,0.6088487303126094,-1.3355847627936743,0.8997108495468321,1.4730872984674852,0.8430326559774246,-1.0921921397538448,-1.8280216559011941,0.699500236884582,-0.051376106536696595,0.004818172616183755,-0.2300299753876973,0.09277653174333707,0.3719445986624051,-0.8835047943395763,-0.8931216391887679,0.4017050387666051,-1.114976518875019,-0.518881369814426,-0.06266534538572119,-0.08486066009553221,0.33697577113696375,1.8519101846769277,-0.6367330304628832,0.6117354617901564,0.7059108327004677,0.5528172470014598,-1.3475843115164925,1.0291567494174059,-0.49441148975045635,0.28322480690007934,1.053005148848412,-0.2710227545567557,-2.7118092424474476
0.03077909506678154,-1.0496860566528412,-0.34324211278869077,-0.5170300972085515,-0.7609838701801817,-0.06494818228481153,-0.09488496534466694,-0.5937680176232517,-0.5346011837699886,1.2479830033158188,0.42787847093163633,-0.7260833582886863,1.6728299912944031,0.25160262989426985,0.40245747028668194,-0.48090691341011305,-0.33946565950811275,0.1086255408769157,-1.3241114591005858,-0.09929363964055565,-0.8058458837694594,1.3843081240227935,0.8977595938864462,1.2237016172674042,1.0203483338675554,0.022124954591548052,-0.5567664177671257,-1.2768705435355312,-0.26697403204148307,0.9724396289409314,0.9043731201803411,0.6059769177822676,-0.35903407244744895,1.3156781011118732,-0.7529196710054594,-1.531293566825578,-0.7662288494503882,-0.9991989058431456,-0.7494864431874053,1.231475045946805,1.4488591100538786,0.7507969685407994,-1.2404294076139408,-1.0684530373972718,-0.14616829218588506,1.294734858408766,-0.4153362373009913,-0.34353704530706297,-0.39641068749960856,0.5756793158725311,-0.8737051824360181,0.08147151545801282,0.07939366361055639,-0.8249184991180591,0.22159838744378996,-0.27435242611378763
-0.059394047960805066,0.13244008912166882,0.21214226642611672,0.3013752753433507,-0.06196098983758881,-0.8676338243677422,-0.4611236185918445,0.06890876802803088,-0.29821802762902466,-0.50910759521532,-0.08093900676732237,-0.27699862882941173,0.25160262989426985,0.6064358526509622,-0.02401495289806143,0.2348656830929139,-0.32252112293376994,0.1368180019799061,0.07120664330235313,0.2306699681505772,-0.8244347968942995,-0.257304387027792,0.19921569572819048,-0.8975268865270455,0.5941401959334793,-0.27214673941174855,-0.1699637887465214,-0.4844966734432585,-0.1103761110257652,0.4542823828148827,0.2667332432909775,0.20259699500439254,-0.2867214066033894,0.35097786045612195,-0.32432425310782337,-0.635783486906612,0.07432849852521278,0.17885454997432884,-0.35551885052120596,0.5205434694593357,-0.3902039922220934,0.06194715711634782,0.09894723689782986,0.44673841437573153,-0.47193413801075745,-0.27595520559229963,0.05005936738856015,-0.1407166020577753,-0.12712994848772077,0.2300186773607333,-0.3615104212578325,0.12309706496648612,-0.30514026963079044,-0.09370429587534156,0.5445608953866088,0.9046502859155894
0.005237557690051573,-0.25799804545019384,-0.18279411921975616,-0.34561138973466077,-0.14959597091180385,0.23454502379988035,0.19209053762816647,-0.28667379973426316,0.2350247805359079,0.5594900779040348,0.08450297035894383,0.09515896238327855,0.40245747028668194,-0.02401495289806143,0.1582544733046224,-0.2850793883246772,0.14661966950959185,0.017252005128853384,-0.44438346812077845,-0.25800343639308815,0.03416211418889944,0.36147249636761136,0.2163704850708368,0.6227528965791853,0.09054496686456057,0.1636145830739657,0.005219397544398739,-0.19004455881229204,-0.2229517542677736,-0.026188110753565873,0.3356380630185887,0.20553004329709934,-0.01636990727837473,0.2733925095699217,-0.2425628349403303,-0.36348723475135686,-0.36540893789334317,-0.43706801701861026,-0.16543645418063666,0.23430202628134636,0.5239579887916034,0.2380767527612888,-0.4345660312741698,-0.37798624646534146,0.19290133785310065,0.39480065014647786,-0.08435134161865718,0.041326439923914236,-0.0373650865877172,0.04100842950192995,-0.10790429433710554,-0.03901492005933645,0.09757331195693632,-0.13101493433010725,-0.07351220174589715,-0.48491786857143854
-0.21097579696086127,0.3373677493679123,0.42175863068791614,0.6248298674659508,0.8669330956046595,-0.9322517150851737,-0.6540841902013139,0.4213807513472939,-0.8041593178744301,-0.9998382095172221,-0.3567617010050982,-0.27440017975783065,-0.48090691341011305,0.2348656830929139,-0.2850793883246772,0.8610473104857287,-0.04267071398204131,-0.17246194270678752,0.6926990384816398,0.6289725976999877,-0.883292844807762,-0.655063494055532,-0.46098270712929046,-1.489789613342277,0.0707033946350855,-0.39626309134093374,-0.03451723484319643,-0.1734997098316194,0.4154458956309766,0.5034002907281662,-0.3901185812287947,-0.4732419860355804,-0.41086574846544954,0.06281754660034604,0.5234846263306343,0.33069032529370596,0.6667754308829322,0.6820058527914645,0.25746254636180343,-0.30996409424804017,-1.3621375998814609,-0.3643795944530113,0.8009405180789243,0.8732413434550049,-0.3516053919410331,-0.7911448808725872,0.1956218449259483,-0.3854317219320616,0.016344095047893525,-0.19574046252832944,-0.02882632456903785,0.00897091968164774,-0.25617704996605356,0.16913360238436712,0.5234229942883987,0.9298408087525845
-0.592872398671024,0.30877502543183055,-0.4274011534032006,-1.420352862617148,2.35469408438099,0.6748389088734986,0.8211184930779178,-0.9379027836680209,2.0365775577665244,1.314248917830521,-0.8605116815922284,2.281055017781271,-0.33946565950811275,-0.32252112293376994,0.14661966950959185,-0.04267071398204131,2.5259704300661867,-0.4464509877778236,-0.37475573364028103,-1.2816514187953725,0.10288852510733727,-0.6381098857218234,-0.6905464196918427,0.7605702233381368,-1.1796437621444928,0.8747211056807773,1.3852292686745467,0.3064310963819483,-0.9908208518892256,-1.3266424852527043,0.874876890455916,-0.1957146260351994,-0.38875859550937897,0.3925206637562468,0.2630055056375089,0.12851803830193798,-0.9587886443010413,-1.1759569797313425,0.424942243870167,-1.04738161902642,-0.590730431504843,0.06784576845797856,-0.2587932697994323,0.18050312735821278,1.9708482512533405,-0.4006015864742318,0.5540351169558895,0.3434796444355384,0.4798854865628591,-1.4596199939589307,0.8027033595949271,-0.5832035028395789,0.3423415369806829,0.8699050985892287,-0.06492169306120667,-2.995339006083226
0.14638666341734818,0.014900020669994156,0.013940027542584657,0.15118498278175257,-0.6171478899751638,-0.03688228941180976,-0.03411183336245287,0.09568326685538438,-0.04949153840040656,-0.1605153983701468,0.19422263889289312,-0.24478122292780694,0.1086255408769157,0.1368180019799061,0.017252005128853384,-0.17246194270678752,-0.4464509877778236,0.1770845628191083,0.0032101971014721294,0.05499235787825817,0.14672775795352705,0.07884469844748666,0.240955395539999,-0.030571459610491104,0.23364900059258106,-0.08923009167731598,-0.1841948923020858,0.018507450817887874,-0.006438427692951279,0.05078458880458473,-0.01810547155099,0.2021465081503973,0.16697787026806268,-0.1330952208424007,-0.25306264088540015,-0.1681923806720334,0.017490231101338887,0.12048181242156171,-0.19610203445576985,0.28970421567270604,0.29091052216790514,0.04340783944274018,-0.06887184295801062,-0.0693894266594686,-0.3039622763107167,0.09392561424835914,-0.08137315723020278,0.09397126255758151,-0.08060467043257674,0.3030148423417111,-0.11793499750327333,0.12542535787571532,-0.07410383323630283,-0.12129480571416121,-0.02690960855373849,0.45711841447948665
0.03209370440071431,0.8964373945963748,0.5232867518361535,0.9635798271798502,0.315055668606485,-0.5497719009808083,-0.40365823313065224,0.8234129322682643,-0.32914631889237633,-1.673269053521746,-0.2593438289522481,-0.06169861522586909,-1.3241114591005858,0.07120664330235313,-0.44438346812077845,0.6926990384816398,-0.37475573364028103,0.0032101971014721294,1.3565701756236432,0.5953888935259003,0.18919542101589934,-1.1943451340275608,-0.6378118021003129,-1.7688969814440634,-0.388386313469593,-0.3914458103740866,0.09039085631996686,0.787147197103931,0.5253397337951493,-0.2242765857931358,-0.9666018072192442,-0.5259940808009189,0.19121739003834667,-1.0310587597479786,0.6154682917032511,1.1327471535504112,1.0231605599858788,1.2916306740092909,0.4860943697605045,-0.7268570743709202,-1.4851425926046429,-0.7065204618996224,1.2885779844013423,1.1494401450453455,-0.5112904146086173,-1.225730081273977,0.2808040385524213,0.06095100261964606,0.17631466888935288,-0.14093429114313738,0.4318340338366498,0.09807037013166231,-0.2821823591323893,0.4902826657229642,0.11202323275747145,1.342139779032469
0.1449835387595099,-0.03894843131906323,0.4817601985238558,1.113908213446979,-0.5465118570293483,-0.9113406511800006,-0.8591480590281607,0.7441384464008638,-1.707966695723294,-1.2323172145910521,0.208375918648838,-1.4162855989304708,-0.09929363964055565,0.2306699681505772,-0.25800343639308815,0.6289725976999877,-1.2816514187953725,0.05499235787825817,0.5953888935259003,1.1148806822454334,-0.6791461179397436,0.010968045143126633,0.015579016854833313,-1.2580052204976335,0.6264404200105664,-0.7050984049995359,-0.7623454841355457,-0.3290296451287624,0.856835526632649,1.1006545893958621,-0.7393031833408567,-0.2828613739462844,-0.11727834258533582,-0.08357488688582272,0.3049764305618332,0.20029192731449103,0.9456632322828743,1.0097093556560002,0.00821797648328297,0.2864059985913048,-0.5730768694434618,-0.26545397316443964,0.634466175645352,0.39831831851116967,-1.2023572932899382,-0.23088720078879726,-0.1848604860044084,-0.5078333327332628,-0.2427760141374353,0.5899876738062421,-0.44727193700716106,0.27900608686473166,-0.2997532686018418,-0.37860012262535536,0.35627735166703284,2.0462458048415026
0.3883433592260755,0.286311353546365,-0.3498335725995744,-0.3604610846392595,-0.891665320309392,1.703852943299106,1.07596289347912,0.04868150659347914,1.3403841065688096,0.40322743182793874,0.3285294806166704,0.7524879289860912,-0.8058458837694594,-0.8244347968942995,0.03416211418889944,-0.883292844807762,0.10288852510733727,0.14672775795352705,0.18919542101589934,-0.6791461179397436,2.3149476229212858,0.007649925881051807,-0.10989915578993266,1.3837743567133374,-1.0724377501721685,0.5176654272714308,0.3747916751644815,1.5082683063793412,-0.10722547927221654,-1.5034913422081917,-0.5241406884741395,0.052164197655685474,1.0769712671065579,-1.4262480992096147,0.061892902145981185,1.1542302010912031,-0.15352951898939227,0.0010348130277081518,0.39628373375156034,-0.7352150236180369,0.9728142013744572,-0.1817636001569436,-0.07485878383786403,-0.5930208091607333,0.5560833888491427,0.22615038445287258,-0.03461068797231214,0.8280304652416742,0.28712669071308716,-0.10491871118542685,0.8379116830652925,-0.04909537250889881,0.3965980080210219,0.36042202442142146,-1.1855867444817074,-1.0575242735183796
0.23404195887055168,-1.169702426268588,-0.40074337429720985,-0.4012564311386198,-1.2337070241347456,0.5840014917202294,0.1459277815731828,-0.3790787130731254,-0.7153814952732761,1.293443145281413,0.6790498439108693,-0.9790297054165714,1.3843081240227935,-0.257304387027792,0.36147249636761136,-0.655063494055532,-0.6381098857218234,0.07884469844748666,-1.1943451340275608,0.010968045143126633,0.007649925881051807,1.6756375717614809,0.8079909769798671,1.78171964578251,0.6737164148002137,0.061465039230070594,-0.70126402927741,-0.793994733090964,0.10414685248320765,0.7951414249076874,0.3646773976601923,0.4160960834420517,0.035245643034529,0.7769181093893818,-0.45614704668992695,-0.8434070585746306,-0.5299602438033657,-0.792157334297987,-0.45852200644703833,0.9117518964714354,1.8432978754434919,0.6210104704025766,-1.1674318320170538,-1.4444547605327316,-0.19212659499746712,1.5532013959289679,-0.5716430450644271,-0.2688737137639415,-0.3600380096603802,0.6799611175572239,-0.6689653641861614,0.09860769987377292,0.27409400229565223,-0.8895449008412316,-0.29273460069024365,-0.34777420396454967
0.20611918868438378,-0.5187079071023011,-0.16189272346753059,-0.0790340204404128,-1.1209382430842452,0.02895900165764711,-0.03678650728559532,-0.165505498104284,-0.3228639920225884,0.45228235230361835,0.45588084020669917,-0.6522126227161332,0.8977595938864462,0.19921569572819048,0.2163704850708368,-0.46098270712929046,-0.6905464196918427,0.240955395539999,-0.6378118021003129,0.015579016854833313,-0.10989915578993266,0.8079909769798671,0.6913764325103872,0.6641553614979117,0.7002363983460003,-0.07199705870300385,-0.4919765005149788,-0.5322583093957756,-0.09349880795019866,0.49305292158662667,0.3546822921272379,0.49643585773165316,0.06674435658405564,0.4190816490631871,-0.6102548125175516,-0.838259567988813,-0.33046415490276293,-0.33896442519335807,-0.5397427972822088,0.8800655042215851,1.0942199602631997,0.40353566339973235,-0.6803610491035248,-0.6582260010407055,-0.40839885455354097,0.7808620637716602,-0.3179301549349023,-0.05004337261905435,-0.27267433257731255,0.6285376257543552,-0.5275668961786623,0.1761801890456656,-0.010738879529133128,-0.5456085519900353,-9.159693223999825e-4,0.3418082425096359
0.1785918781277547,-1.1591243797135606,-1.0063085890879697,-1.6546937838642475,-0.7936318155336252,2.1186512016161876,1.3473795492437541,-1.1175869736637907,1.2463478434950215,2.767809628767977,0.5585533069342913,0.6088487303126094,1.2237016172674042,-0.8975268865270455,0.6227528965791853,-1.489789613342277,0.7605702233381368,-0.030571459610491104,-1.7688969814440634,-1.2580052204976335,1.3837743567133374,1.78171964578251,0.6641553614979117,3.616701780414418,-0.38282916019330115,0.9436358167377216,0.16323229656956348,-0.022721683781672296,-0.6651029564077784,-0.697084944815139,0.8558337505023333,0.5824250965036518,0.43979509599132455,0.47648919359373426,-0.5637318865394152,-0.5365729685112653,-1.4816743055123385,-1.8407645820397898,-0.21971340749042947,0.270035741371835,2.7022215570709673,0.8135926119386638,-1.820590625404548,-2.1198090395910514,1.260125179157891,1.9336721102149714,-0.4271795817436558,0.39334562238300125,-0.018624350895792466,-0.01531217951777679,0.05778742566508936,-0.23600972577472099,0.7701815013089783,-0.4278172109052709,-1.0726959393032984,-2.894714281494141
0.13397669552028615,-0.5182390210839607,0.159588489905335,0.4825310855218893,-1.0141115818045274,-0.8993439721027224,-0.6984903073241499,0.12334374735504615,-1.2857216563036513,-0.24744250240381802,0.3890940105092186,-1.3355847627936743,1.0203483338675554,0.5941401959334793,0.09054496686456057,0.0707033946350855,-1.1796437621444928,0.23364900059258106,-0.388386313469593,0.6264404200105664,-1.0724377501721685,0.6737164148002137,0.7002363983460003,-0.38282916019330115,1.244562322852265,-0.5011124531913966,-0.8449455475131304,-1.061375350227459,0.22261315050158256,1.2959848332064654,0.23824847576283567,0.38030215704155756,-0.30036961969923975,0.7598746103083812,-0.5308719707495482,-1.1012048976088709,0.09718757100213857,0.0998011453598795,-0.6580422077468848,1.1891103782477215,0.46279466974443445,0.32701846547149765,-0.3446221772821933,-0.20851033290988935,-1.0401634574403267,0.5062556964124986,-0.33414456828970607,-0.45203025111446943,-0.4283504057347345,0.8561205010078954,-0.916728137408669,0.29573135777170245,-0.28085766788790023,-0.7342835631114956,0.5297935178460335,1.500724172319476
-0.09421527978747594,-0.031054540970863534,-0.32657879691893515,-0.7401594835794847,0.411971517081516,0.7055499736084183,0.5983510730586524,-0.476366796249963,1.0507878675103919,0.8669729441225634,-0.1309933644685188,0.8997108495468321,0.022124954591548052,-0.27214673941174855,0.1636145830739657,-0.39626309134093374,0.8747211056807773,-0.08923009167731598,-0.3914458103740866,-0.7050984049995359,0.5176654272714308,0.061465039230070594,-0.07199705870300385,0.9436358167377216,-0.5011124531913966,0.48163465871865363,0.4927762400101291,0.2591929891660717,-0.48015169383448614,-0.7207483478682208,0.3987948822619617,0.10322867231739932,0.09038748247243121,0.02440113245955428,-0.0875628731890588,0.007620142267609131,-0.5798222202938708,-0.662775208414612,0.08550741788582798,-0.2874026246043254,0.39158370697192435,0.15383988310024604,-0.4018346462700326,-0.3299868135905341,0.8324701737083252,0.20312472687207045,0.09850284874552254,0.29970391518216705,0.17468724269416325,-0.424182805865823,0.3300147052243545,-0.2086377502667322,0.24942665303753997,0.23979709185611553,-0.308278088657035,-1.4456092774546012
-0.28310392844173643,0.4724875988236695,-0.18224498615122867,-0.6769893030336592,1.256772191774801,0.4254547918698289,0.5278340902973202,-0.3874680098516525,1.411026958261547,0.42037004827840424,-0.5176746279256519,1.4730872984674852,-0.5567664177671257,-0.1699637887465214,0.005219397544398739,-0.03451723484319643,1.3852292686745467,-0.1841948923020858,0.09039085631996686,-0.7623454841355457,0.3747916751644815,-0.70126402927741,-0.4919765005149788,0.16323229656956348,-0.8449455475131304,0.4927762400101291,0.8985311979649955,0.5295716264018843,-0.5772831799407525,-1.061872461573318,0.3255321166628237,-0.12858021505629938,-0.037549107967039835,-0.17096566590585968,0.17242705645616913,0.3425017346110705,-0.41746220307658166,-0.42288197497700497,0.3167580492040211,-0.7716101839347769,-0.5275089778847805,-0.11346321948762852,0.09095974318577926,0.3312281204964344,1.0869753218011782,-0.5138775598089029,0.402225334866092,0.37553767636136126,0.3481832135076786,-0.8630033385054271,0.6509819845969117,-0.30139270193086615,0.14725914979661078,0.6787280234178504,-0.11740016612999049,-1.531291076291931
0.14803852714426516,0.736327948149121,0.009911960733394861,0.06055928944947238,0.04103034715464318,0.8216927156275214,0.5799328950552255,0.30218140162511464,1.0333940180045647,-0.45966513400343767,-0.10839528158995874,0.8430326559774246,-1.2768705435355312,-0.4844966734432585,-0.19004455881229204,-0.1734997098316194,0.3064310963819483,0.018507450817887874,0.787147197103931,-0.3290296451287624,1.5082683063793412,-0.793994733090964,-0.5322583093957756,-0.022721683781672296,-1.061375350227459,0.2591929891660717,0.5295716264018843,1.3975574735758212,0.018845707785982733,-1.2895712783348259,-0.6645113273032561,-0.2697374543003263,0.6866456644835385,-1.3616217013502403,0.39083649133382264,1.3145416262762455,0.2873779629611389,0.495737375231678,0.5665015889131123,-1.0015161490762985,-0.34346898087091776,-0.4762441713672346,0.6154446343538037,0.33001198693193806,0.39054724661119133,-0.6244347631106782,0.23504215214499688,0.6074024034225793,0.3619882713368024,-0.39340218304636304,0.879401489482799,-0.07841774395723332,0.1347246726740026,0.6494861308164153,-0.6536585405142903,-0.4144011794293573
0.17601340102510796,-0.06535486011420061,0.3220464813042841,0.8483279973755502,-0.4968071729381733,-0.3366120221757801,-0.5021650005507882,0.6419425859368649,-1.3120934806085893,-0.8684234607711636,0.23308757970667582,-1.0921921397538448,-0.26697403204148307,-0.1103761110257652,-0.2229517542677736,0.4154458956309766,-0.9908208518892256,-0.006438427692951279,0.5253397337951493,0.856835526632649,-0.10722547927221654,0.10414685248320765,-0.09349880795019866,-0.6651029564077784,0.22261315050158256,-0.48015169383448614,-0.5772831799407525,0.018845707785982733,0.8115257243085908,0.6856388562469902,-0.8175761083220879,-0.3477438985505211,0.08518252097843063,-0.3234881440141845,0.430140171042743,0.5446578212651204,0.8118560331278828,0.8330224583789351,0.19761721015219758,-0.03052438008525316,-0.3059702055616526,-0.2840357330085519,0.5345945829418485,0.14001140728733652,-0.8327155877432735,-0.08909227674701004,-0.18422183954079607,-0.343374981803361,-0.13886550003970752,0.4113269320917847,-0.18218156300258476,0.1915779401581976,-0.11103724989739884,-0.26588540842263014,0.009088432050881074,1.3703648098722792
0.0596973759780944,-0.692351376991547,0.3068645149072757,0.7806742101227735,-0.6707680658612236,-1.1553537657574877,-1.0353311863729358,0.33967509234726345,-2.141220009971479,-0.4727509902016114,0.3524382941725954,-1.8280216559011941,0.9724396289409314,0.4542823828148827,-0.026188110753565873,0.5034002907281662,-1.3266424852527043,0.05078458880458473,-0.2242765857931358,1.1006545893958621,-1.5034913422081917,0.7951414249076874,0.49305292158662667,-0.697084944815139,1.2959848332064654,-0.7207483478682208,-1.061872461573318,-1.2895712783348259,0.6856388562469902,1.8370595178970792,-0.10216865202360373,0.020079837400212894,-0.5258313524193761,0.9355198438582055,-0.08719088706903601,-0.828149576609644,0.478507083814928,0.3572943204408737,-0.4385823124821888,1.020887478358414,0.07346601387880453,0.1946565659922144,-0.08417374557145463,-0.13450631417774409,-1.2367459214909227,0.47197612700503416,-0.38961949917165983,-0.8347020458934181,-0.48873941254207853,0.8360223175478527,-1.029420579255829,0.2921193210405776,-0.28201890446722694,-0.8646007106412454,0.6563670805646975,1.8400731732870468
-0.2347247657296186,-0.3471277753751409,-0.3677734209234556,-0.9390898729587087,0.44900095213491353,0.06562151571418327,0.2918423235348211,-0.8220333380020676,0.8466669735028485,1.2075862486621634,-0.15394374306083144,0.699500236884582,0.9043731201803411,0.2667332432909775,0.3356380630185887,-0.3901185812287947,0.874876890455916,-0.01810547155099,-0.9666018072192442,-0.7393031833408567,-0.5241406884741395,0.3646773976601923,0.3546822921272379,0.8558337505023333,0.23824847576283567,0.3987948822619617,0.3255321166628237,-0.6645113273032561,-0.8175761083220879,-0.10216865202360373,1.1342952177523413,0.47426413758541863,-0.38356654179994826,0.9708604189866141,-0.6039502534092778,-1.1417479335696494,-0.9899012177822839,-1.1355587174441404,-0.44649781376530223,0.48816737269398086,0.5846896943099061,0.5348543500170102,-0.8920028123349405,-0.4026430452320637,0.7022666151801855,0.478920638474151,0.04593109411329433,0.06162140668268792,-0.028974542838204696,-0.2304540932185546,-0.2219654328931052,-0.16914128807848056,0.09369434158529547,-0.06379989513732841,0.23148821088527832,-1.3091191293730913
0.11068794228189194,-0.24211327220045933,-0.19017039688598228,-0.28103037023401944,-0.6808086764759439,0.1239534435957759,0.15687348393534245,-0.28141924658161444,0.2960068477257361,0.47837642586659695,0.2347998572918737,-0.051376106536696595,0.6059769177822676,0.20259699500439254,0.20553004329709934,-0.4732419860355804,-0.1957146260351994,0.2021465081503973,-0.5259940808009189,-0.2828613739462844,0.052164197655685474,0.4160960834420517,0.49643585773165316,0.5824250965036518,0.38030215704155756,0.10322867231739932,-0.12858021505629938,-0.2697374543003263,-0.3477438985505211,0.020079837400212894,0.47426413758541863,0.4744745155604194,0.08084322938077702,0.2689457155550544,-0.5868651969847463,-0.7029260396245426,-0.4574053942714602,-0.42756671719622386,-0.4343904446161173,0.6007561799171484,0.8095690020444687,0.33606333421340606,-0.578063217027894,-0.42343665689059834,-0.0504938380909715,0.4828168248812299,-0.13874356779223893,0.14156869075248135,-0.12159552125095828,0.31331865447888807,-0.2611091283369076,0.07412317613604581,0.004313632141826444,-0.24088910593387067,-0.021490968393714283,-0.11801359618264144
0.28620054741788675,0.1416630037057824,-0.07640240059215685,0.09158640494067945,-0.8325792150640926,0.6476871442026965,0.3630705441753431,0.19229890787031456,0.34652789129403117,-0.0986446197820675,0.28635941825475497,0.004818172616183755,-0.35903407244744895,-0.2867214066033894,-0.01636990727837473,-0.41086574846544954,-0.38875859550937897,0.16697787026806268,0.19121739003834667,-0.11727834258533582,1.0769712671065579,0.035245643034529,0.06674435658405564,0.43979509599132455,-0.30036961969923975,0.09038748247243121,-0.037549107967039835,0.6866456644835385,0.08518252097843063,-0.5258313524193761,-0.38356654179994826,0.08084322938077702,0.58605739352913,-0.7747778180592484,-0.048171714586563996,0.5097273007671621,0.09330206208785109,0.22936576909325185,0.09706173610635786,-0.15815752034906352,0.5138755641713377,-0.10952631647954864,0.038713567327422795,-0.2474691471347709,-0.09125592147653652,0.11262436735871682,-0.08953291129596454,0.36278261126579747,0.0619393554788032,0.2010564098770018,0.27093013286483725,0.08589405033336117,0.10394006776528815,0.05261126128442982,-0.5275054971483815,0.06496175235861508
-0.29496017853064604,-0.7575816160589861,-0.19985939597952512,-0.5516865467236731,0.5149130863558942,-0.5166026207558815,-0.29161610772965324,-0.632376041128645,-0.4488475414197312,1.0157544501415927,-0.0669025197936804,-0.2300299753876973,1.3156781011118732,0.35097786045612195,0.2733925095699217,0.06281754660034604,0.3925206637562468,-0.1330952208424007,-1.0310587597479786,-0.08357488688582272,-1.4262480992096147,0.7769181093893818,0.4190816490631871,0.47648919359373426,0.7598746103083812,0.02440113245955428,-0.17096566590585968,-1.3616217013502403,-0.3234881440141845,0.9355198438582055,0.9708604189866141,0.2689457155550544,-0.7747778180592484,1.5417386999593523,-0.37268850423714434,-1.3580622297735012,-0.6556697430338753,-0.9482584720249365,-0.49149167665403953,0.7728112465225763,0.3966900806591635,0.5609196395641247,-0.8324611854478451,-0.44672880284885325,0.20740563258340727,0.6737608403815154,-0.12473308036605787,-0.5079504943555908,-0.25371335762777913,0.02340573280516687,-0.6883788081269682,-0.08151709147153612,0.005198708614369913,-0.4715269526346808,0.5801730055184982,-0.5633610279120621
-0.11876102918013966,0.26966155120636676,0.19281891444868887,0.2948097955012439,0.7993632615139669,-0.021650327238965286,-0.12240781959789432,0.32795497318628836,-0.31219674833523803,-0.49836297613120606,-0.25869145765376417,0.09277653174333707,-0.7529196710054594,-0.32432425310782337,-0.2425628349403303,0.5234846263306343,0.2630055056375089,-0.25306264088540015,0.6154682917032511,0.3049764305618332,0.061892902145981185,-0.45614704668992695,-0.6102548125175516,-0.5637318865394152,-0.5308719707495482,-0.0875628731890588,0.17242705645616913,0.39083649133382264,0.430140171042743,-0.08719088706903601,-0.6039502534092778,-0.5868651969847463,-0.048171714586563996,-0.37268850423714434,0.7378285068961763,0.9234479973116407,0.5310236785386717,0.4850745669933979,0.5608917084376287,-0.7824411631312822,-0.8947073452709982,-0.4095198541229785,0.6697892980653694,0.43503677692237114,0.12130553979327516,-0.5322634374146736,0.15628042218330218,-0.1458545605413818,0.15848933506892038,-0.39621450930259194,0.3608639350697971,-0.09841515805686314,0.03716528991820408,0.2965428726286629,-0.054430245052866436,0.021427388596503248
