V1,V2,V3,V4,V5,V6,V7,V8,V9,V10,V11,V12,V13,V14,V15,V16,V17,V18,V19,V20,V21,V22,V23,V24,V25,V26,V27,V28,V29,V30,V31,V32,V33,V34,V35,V36,V37,V38,V39,V40,V41,V42,V43,V44,V45,V46,V47,V48,V49,V50,V51,V52,V53,V54,V55,V56
0.6889582325833356,-0.07271303218574751,0.18489341403588735,0.39966650335395304,-0.07670289228929852,0.8741321709207326,-0.35600283920008624,-0.27620534628415166,-0.3558848906934208,0.08713524151064458,0.2206858488674243,-0.12996938270197397,-0.3737385348636224,0.2543883711667136,-0.012914353922763813,0.1617578947731399,0.4598207741098472,-0.036900021960497034,0.30597948206082054,-0.4794531697783177,0.2828219963658822,0.30801958235419646,0.02925979704945297,-0.015250759084752548,0.5352548456253842,0.27233908268051327,-0.01922739728594299,0.13555318397986363,-0.3514583565040373,-0.30014718288277786,0.2131314748632011,-0.36668390373200405,0.17718656238144576,-0.3046811168871394,0.4614185555408829,0.6101726624565734,0.29955792879056053,0.06296183947352924,0.2537449760598731,0.3667507503795976,0.5189963913760736,-0.25297476817395464,0.2458184354872346,-0.23976384328119013,-0.15983928966323452,0.1037453324780239,-0.47549259123621684,-0.25155702554500337,0.18427929635355378,-0.14159749878971825,-0.012394037428969013,0.11473210307751922,0.5174497781844978,-0.14832627884483665,0.004780839600413767,-0.20915521400598744
-0.07271303218574751,1.0767736832924752,-0.26734541177827686,-0.11853380367669196,-0.01651991455946588,0.059820638106399225,0.36376607258733185,0.3007881544053966,0.17473373872004788,-0.8217389901491586,-0.6670170526510574,-0.1799650599864233,0.5535970560168326,0.1462085641931457,-0.0830755645517659,0.51599909372107855,-0.14947219261115935,0.4872988735470646,1.1257684045001406,-0.21015960187671553,0.2858764093883066,-0.16006923125298156,-0.7387488426652491,0.3745978109699536,-0.6063235596106844,-0.07344231735748397,-0.4239684515047598,0.09549419080969136,0.8476436660209834,0.3874299490969193,0.19501354220774764,-0.1990898625954055,-0.24232107936230393,-0.06689921891116404,0.3691134883276493,-0.01630967074145963,-0.40898855128323236,-0.22189455279079762,0.6363967259388108,0.13225073805241438,-0.21491980976911973,0.32901725657255676,0.268528214452494,-0.14875750923916414,-0.06625843993135097,-0.7661587751221615,-0.384810411728466,-0.18382685401070495,-0.1389554367192929,-0.09425877110089957,-0.43557466707119696,0.19461761085163473,-0.5698844200514833,0.08030048863246093,1.0846844411329342,-0.23769810022234963
0.18489341403588735,-0.26734541177827686,0.3627465556321947,-0.0046948593786531,0.19409900961065463,-0.22571624564432863,-0.11478207844605473,0.20683127297278878,-0.3226171938396451,0.1183837918701924,-0.014839995863542616,-0.03338856603426535,-0.296324262851828,0.2717773075483325,0.14187845849116643,-0.08510192469658648,0.13876029089703193,-0.30019175324071845,0.10827916100980302,0.11292636437317204,0.2473608658137061,-0.17279594661485764,6.213611971809845e-4,-0.27864846191596804,0.1410156468969057,-0.0808732205407361,0.008065265225339336,-0.10500845985003586,-0.3816199224876824,-0.1600763105399567,0.21810817336270244,0.4536463172286494,-0.03817069782043003,-0.36051361254049086,0.08842506255418506,0.3582500172218139,0.03782348797637721,0.3066395964571283,-0.3787998563264628,-0.07124015281872799,0.022292959282995184,-0.11326981159389109,-0.11734233197210531,-0.34905409192326264,0.01992761099940348,0.3192278068063434,0.09008706319090229,-0.19441673109536262,-0.0014534281453502293,-0.020913020918704645,0.21094677302780462,0.15919781449168594,0.3084803208429183,-0.0643724428741427,0.02281196001226187,-0.1830683845881274
0.39966650335395304,-0.11853380367669196,-0.0046948593786531,1.389018228861558,0.5835798289086459,1.3480886750793173,-0.14188879243600533,-0.4893299823427403,-0.35577225531995693,-0.5038633937601207,0.32190003906378517,-0.3348477248874186,-0.10391852240321495,0.016863264180910886,0.31865217983544813,0.09499458509369244,0.7279661155319962,0.447584463773609,0.2946330613510989,0.476892107502047,-0.0929815208055898,0.07347707742745374,0.42231807462836424,0.08130060231427351,0.5251356238230195,0.6430025317967444,0.41043512589321346,0.09762880124059387,0.041478379995268516,-0.0030460004491132133,0.29678354616209396,0.1567009969317168,0.916600662760282,-0.29934535894040687,-0.038363279492938725,0.3871175023083554,0.3489058122683254,-0.45283445574626235,0.397575636248572,0.34239891721252064,0.16003608857093665,-0.5625707183776781,0.6196714148329939,-0.4259406726912624,-0.12630990620045238,-0.07799551322664772,-0.11858413745949392,0.3145906947528456,0.5608025466026434,-0.27309622160140445,-0.01393414074058528,-0.11052148985301875,0.6136462236655994,0.4183857118497351,-0.3069771353714426,0.2172921054927161
-0.07670289228929852,-0.01651991455946588,0.19409900961065463,0.5835798289086459,1.4649868672337272,0.957595722428795,-0.06026311964433702,0.729532676212507,-0.023994113233506385,-0.45737706167968306,0.009390658614347649,-0.6990997776389591,0.2481283666190206,-0.42253915189492114,1.1680501547401005,-0.4677140815883846,0.2006595211169513,-0.27210058539165133,0.39716407903477274,1.2598823374314443,0.31865702359553166,-0.3602236813766074,-0.36752762663999405,-0.3792122885986065,-0.278556416685545,0.08350975390504323,0.7660654146033169,-0.3615749681534372,-0.2598449923209209,0.059117945926090855,0.11417386952871364,0.7441878850895925,0.6680954353641044,-0.20290757831932835,-0.026349286227389024,-0.29063609209426794,-0.835692580947165,-0.7672896088870789,-0.03492747794904191,0.07099928374557941,-0.9529302757613427,0.5290579166764501,-0.21281548226191876,-1.227871578468713,0.1483601644805872,0.29364787974001566,1.2417156186484801,0.41716318888774506,0.6863591378932913,0.10056199225759224,0.5731209181998581,-0.010853974056567123,0.5354368605724777,0.1771472014588624,-0.2630686348856561,0.4208094180495418
0.8741321709207326,0.059820638106399225,-0.22571624564432863,1.3480886750793173,0.957595722428795,3.87806016837602,-0.34793382707722226,0.044296263623503335,-0.4424456606317115,-0.0952647894536183,0.7264415718348153,-0.8849896759024525,0.01850820263151333,-0.9662831608633361,1.007971528246112,-0.3004647879432439,0.8952231450210447,0.13549114409705862,0.285980390949417,0.2756988180120829,0.7598115760139508,0.9218794810088191,-0.1373264486197372,-0.41873599686187585,0.6391186182960162,1.011074186215244,0.6295091459730648,0.20974375674835075,-0.644593631665419,0.057794040743453144,0.02208628990505139,-1.1175340680920718,1.1854799091591253,-0.002230890435342378,0.665406504975295,0.1856302701071361,-0.2869357962806467,-1.2109603953208872,0.9631299918957617,0.8041700913464689,0.5165907071401367,0.520901370576304,0.517581162871593,-0.9655527621894916,0.1561880216319723,-0.5756840574812734,-0.20300485695011297,0.6483527063370969,1.026540120026579,-0.28605495735316344,0.640217112716866,-0.06750197525667083,1.1528611022602675,0.24004234486151052,-0.6218469527211434,0.43596324602408093
-0.35600283920008624,0.36376607258733185,-0.11478207844605473,-0.14188879243600533,-0.06026311964433702,-0.34793382707722226,1.798612831993811,0.10979679673427001,-0.6712723010870586,-0.40513400885685275,-0.8426759743638026,-0.14626467840313678,-0.013872842861075999,-0.1242251615466281,0.4028315484181014,-0.307564884340928,-0.6261487616912819,0.543898649663196,0.41670046028651764,-0.5010887141976201,0.3182138100951542,0.4654188678150719,-0.09615811306905143,-0.13784981304276306,-0.8610749772637006,-0.12272988604860362,-0.8048453873190209,-0.4388443102524354,0.4245509488876851,0.8288742475803339,-0.5023666061097776,-0.7119588296327294,-0.5982067008703398,-0.470584211734364,-0.529437575374126,0.0011939635045645183,0.07060304120112033,0.4674058363853063,0.03074685314000954,0.06901634804888737,0.23507948934238357,0.0077907335182274065,0.9962859723092861,0.5316821731335142,0.6637612355884455,-1.038963263931751,-0.13598278014136098,-0.2653318394883939,-0.33096406654179156,0.17652185592415273,0.5487848240969762,0.5407519115507133,-0.6404047799698773,0.38589828648320285,0.15025455166989263,-0.6125756262286836
-0.27620534628415166,0.3007881544053966,0.20683127297278878,-0.4893299823427403,0.729532676212507,0.044296263623503335,0.10979679673427001,1.3793639028756148,-0.2013005829032717,-0.1732713563073984,-0.39558667080880944,-0.2613454407356746,0.3519186448945732,-0.22705372119800907,0.5011732102480613,-0.14463701255271558,-0.0852722597503813,-0.41734566543935364,0.5226267061679579,0.8971817949834962,0.9011409021326687,-0.5360590589659143,-0.7601159460010309,-0.7239788113015441,-0.5450154935091072,-0.2167032505335652,-0.09021980664412206,-0.0773862445955616,-0.2016478587656293,0.3899594827537321,0.4150785619277881,0.882959948888518,-0.13442527165824433,-0.20679818531621375,0.31359424402808767,-0.05356062846780669,-0.8762189792588617,-0.03264420941598572,-0.47555776326510146,-0.4099812005807627,-0.42250723851078525,0.8827040188781828,-0.5415049294566192,-0.9445357065293561,0.32818249732519755,-0.37274981288916637,0.20528421416999504,0.16555354436259964,-0.08503556158988136,-0.13739025844709546,0.4643551581106898,0.2683915122156001,0.017355800031208797,0.15819977946162542,0.7056201865074365,-0.05688596698899508
-0.3558848906934208,0.17473373872004788,-0.3226171938396451,-0.35577225531995693,-0.023994113233506385,-0.4424456606317115,-0.6712723010870586,-0.2013005829032717,1.1798829753879794,0.022220828137645608,0.2269358989014299,0.05403496180418724,0.4806564516324631,-0.2508365237786839,-0.12621152263536556,0.031727081450545425,-0.3224234592110823,-0.14526806880955775,-0.38901759213659565,0.152153479236653,-0.7899885328603456,-0.23257423492250576,-0.17178805198523728,0.6381256683927162,-0.19774799013344055,-0.2902507475582984,0.6235457656151737,-0.012036896225928297,0.3697903471609475,-0.39435225076422514,-0.3556608509301866,-0.06383619243204483,0.08484151436849846,0.8024820407319566,-0.08598800659969578,-0.9208985316557162,-0.4726762427008967,-0.706261065861599,0.3632614723546045,0.023497933728532646,-0.9204361158268494,0.3450471174099015,-0.6706630851545097,0.16197501692976743,-0.40481645845666425,0.69418680541554445,0.9429860232623444,0.20784144966865276,0.20026637022110427,0.34699960820530495,-0.5243155003366339,-0.5094224235557158,-0.32849727896945907,-0.413480688900131,-0.2671326893715017,0.6258996610763903
0.08713524151064458,-0.8217389901491586,0.1183837918701924,-0.5038633937601207,-0.45737706167968306,-0.0952647894536183,-0.40513400885685275,-0.1732713563073984,0.022220828137645608,1.082246987155541,0.598466433018974,0.30651949606689455,-0.45249343265200237,-0.25448216419523334,-0.18544074916005937,-0.4188186392839752,-0.09536478191315922,-0.5862407883367273,-1.160370730783138,-0.33723710111701827,-0.12319293549972526,0.38757829276308386,0.435488970235759,-0.32841769136709126,0.4775498159849345,-0.07799859608073179,0.1392264912758451,0.028402998397584284,-0.8316322258187362,-0.38379916579366236,-0.3432622291881164,-0.3683416863232279,-0.16501326575859218,0.3197355484400328,-0.08688063621564764,-0.10715763754980606,0.2736044837055975,0.2948816475380254,-0.48964819226650275,-0.11608264796205305,0.421533198969294,0.04008523764674149,-0.4553240892768531,0.4215188711285451,0.07626954287059153,0.5466553891268472,0.05677971443780604,0.03710194665966537,-0.09823961549048642,0.14264294579625322,0.334148164782241,-0.15398833019768282,0.2994170746863217,-0.3293594714162014,-0.833343105174721,0.11929763208015395
0.2206858488674243,-0.6670170526510574,-0.014839995863542616,0.32190003906378517,0.009390658614347649,0.7264415718348153,-0.8426759743638026,-0.39558667080880944,0.2269358989014299,0.598466433018974,0.8315791994391596,0.07560204834029721,-0.21552537487398357,-0.2989224386557859,-0.05538676327395587,-0.2020078566571083,0.36531610201693393,-0.3040602835309738,-0.8832960780583267,0.21172585611023978,-0.3436587527506748,0.19106039068730357,0.5085747908155268,-0.06774575100977555,0.7241470187192144,0.276442723961846,0.6143647227964956,0.1807781979338853,-0.5679702088474318,-0.4624803596643924,-0.07639359197000838,-0.07583682319032112,0.531996920483515,0.39130518035434525,-0.0045969994715349795,-0.1298233820469384,0.22374407329626103,-0.32800803484511526,-0.05880341776545202,0.06512383278149748,0.15282323332983574,-0.124162766886356,-0.3508383210892251,0.008134505371509965,-0.1928979370814712,0.610937221832897,0.1827849284867685,0.37097225530120453,0.33829933579482446,-0.02463957712004979,0.03971007452298429,-0.40378142366547976,0.5778651027662383,-0.13439799408371614,-0.8526896028210381,0.5009664340737098
-0.12996938270197397,-0.1799650599864233,-0.03338856603426535,-0.3348477248874186,-0.6990997776389591,-0.8849896759024525,-0.14626467840313678,-0.2613454407356746,0.05403496180418724,0.30651949606689455,0.07560204834029721,0.49613416470560134,-0.10599332503329438,0.26511011767157805,-0.7163360714880821,0.24611188356816358,-0.052483570853366274,0.035600943827383214,-0.41857959047674026,-0.25600319990739695,-0.25328549909623777,-0.10791109440086767,0.32840065379031075,0.0796448069663111,0.2105679992366709,-0.08135058714501121,-0.305689140173133,0.2377615847637553,0.08742135609319904,-0.04035715980564538,0.10422461795184737,0.1554690232314234,-0.2736983827254197,0.14657473232293344,-0.10567301561047412,0.12134880962956944,0.45399080220644095,0.4827071160880141,-0.2959035319586092,-0.2890130970575991,0.39312154053200504,-0.3429504474387557,-0.12907390544900746,0.5773203505799432,-0.09969257704889985,-0.008842822414157287,-0.59055370532546,-0.0786980766348047,-0.42260804799811036,-0.1284015825914045,-0.3300082382643239,-0.08335796676496003,-0.2541783003698084,-0.0011183678242284105,0.13455207720390222,-0.10504956542895205
-0.3737385348636224,0.5535970560168326,-0.296324262851828,-0.10391852240321495,0.2481283666190206,0.01850820263151333,-0.013872842861075999,0.3519186448945732,0.4806564516324631,-0.45249343265200237,-0.21552537487398357,-0.10599332503329438,0.607745927555811,-0.24094031405868183,0.042635230923759926,0.1729084848633338,-0.14825521671813127,0.18892486234500355,0.3107014527302045,0.46898291227346633,-0.05348323667147441,-0.3198116714140601,-0.40837491975461226,0.19407091926226672,-0.44646281557913253,-0.06600831176188868,0.10721823123940569,0.07236402303635944,0.5454196455591006,0.2515978474912231,0.06271747361071785,0.21580533032610053,0.08372418522882641,0.31665534209658425,0.0442234169145294,-0.47586917417302804,-0.5241678300590937,-0.4911055529662113,0.2856423925989096,-0.11059241807135724,-0.5394608758833079,0.4424674627651045,-0.20794948410144906,-0.18427361767709008,-0.05245363442800556,-0.3110608359688446,0.21252164630780981,0.2775354242053569,0.03756912865936502,-0.020947177951737176,-0.2623333726436111,-0.1376875816985152,-0.37725593785940637,0.11426815245655146,0.4319584907648091,0.2716135767471642
0.2543883711667136,0.1462085641931457,0.2717773075483325,0.016863264180910886,-0.42253915189492114,-0.9662831608633361,-0.1242251615466281,-0.22705372119800907,-0.2508365237786839,-0.25448216419523334,-0.2989224386557859,0.26511011767157805,-0.24094031405868183,0.881930929005924,-0.5694131637779359,0.5545194702223567,0.1954765665073493,0.14608979691467375,0.5717370201177353,-0.38014269689208036,0.006024166118906077,-0.36249295350585337,0.031482616345553445,0.23144522948066337,0.18240653228151968,-0.10616281571887158,-0.42869390955237685,0.13525068149674135,0.2493862764983453,-0.15251139703407265,0.497567954987182,0.5023540378543282,-0.2709270929624808,-0.46158068966349153,0.19767478662511578,0.7005924606204549,0.46050513240569557,0.6318888874583735,-0.1289648226269503,-0.06985463764992478,0.2722923526820749,-0.6278444972277906,0.1614451292599683,0.058130584876877583,-0.27698520550652606,0.09707060403372565,-0.6532290942456831,-0.5243311183279681,-0.33334179138054665,-0.19081988619917364,-0.4948621406758052,0.19539646728296803,-0.09576055097516814,-0.0418003666996409,0.7048084348321432,-0.4766731437741524
-0.012914353922763813,-0.0830755645517659,0.14187845849116643,0.31865217983544813,1.1680501547401005,1.007971528246112,0.4028315484181014,0.5011732102480613,-0.12621152263536556,-0.18544074916005937,-0.05538676327395587,-0.7163360714880821,0.042635230923759926,-0.5694131637779359,1.2819688037239718,-0.729758480642184,-0.12276047190812331,-0.278133438351736,0.19433897814431697,0.5615971933483586,0.31072738670511463,0.18100085789198062,-0.3339373918855037,-0.3402261558147745,-0.40999801445005296,-0.011117368094248866,0.5630454475804263,-0.5549211862600231,-0.39385886135350806,0.0702005368230846,-0.38290681866365506,-0.12251567261685528,0.3334381291072301,-0.1912600834419527,-0.1428513127095428,-0.3823644265452155,-0.728236051196065,-0.6123570177118616,0.0863915173444661,0.29184040955646,-0.7263123444014169,0.5833149109009557,0.058570172706249195,-0.7889738213278158,0.33230734438308285,0.22886354658311295,1.3114072190617025,0.1917521552542072,0.6206065089860286,0.34800294848739655,0.8283697731572983,0.12098302492007383,0.40695650733104793,-0.004913625473315332,-0.6120220450945879,0.22207733624911377
0.1617578947731399,0.51599909372107855,-0.08510192469658648,0.09499458509369244,-0.4677140815883846,-0.3004647879432439,-0.307564884340928,-0.14463701255271558,0.031727081450545425,-0.4188186392839752,-0.2020078566571083,0.24611188356816358,0.1729084848633338,0.5545194702223567,-0.729758480642184,0.7731298126490096,0.2955475948811555,0.3858837725283648,0.6277796330980446,-0.20345824166117502,0.03627483533951157,-0.3322576208665493,-0.12747079891451607,0.3340131859005134,0.1612177251363498,0.10399124987712292,-0.3983121441222686,0.42697400384505824,0.5551912800895455,0.04625231305424793,0.5835840406778633,0.2995357308567302,-0.06074555999774554,-0.09408940990004279,0.3884708069711466,0.4600860875378644,0.27794622001356667,0.19732588944039836,0.2503556283099524,-0.06906683266439122,0.32424519142921254,-0.3328012395589565,0.1078034474961483,0.06378039435505158,-0.33060070671226105,-0.3833772233909821,-1.0021967290249147,-0.1808302014749173,-0.2869567318275818,-0.3734624744509473,-0.7347499273959315,0.019870243452805064,-0.2391050395369578,0.10233463037519742,0.9497607554371357,-0.22223370896265693
0.4598207741098472,-0.14947219261115935,0.13876029089703193,0.7279661155319962,0.2006595211169513,0.8952231450210447,-0.6261487616912819,-0.0852722597503813,-0.3224234592110823,-0.09536478191315922,0.36531610201693393,-0.052483570853366274,-0.14825521671813127,0.1954765665073493,-0.12276047190812331,0.2955475948811555,0.744618555130819,0.05463121210354227,0.20539366315042706,0.36735230240136874,0.22663248122544913,-0.14513976920987312,0.20522133787823407,-0.16823049984517438,0.6670945776743641,0.4563517908934164,0.1706119712463658,0.3427931936986915,-0.22909031191860124,-0.14197945097523462,0.6096603856605457,0.460849549771718,0.5783633333360064,-0.22369753748156612,0.3578124780862981,0.5833824454872937,0.2879357076456968,-0.08789171033203859,0.030827431289694153,0.049119042512345376,0.40965284928144136,-0.3311587121667695,0.059704554315770535,-0.49125254277048336,-0.2017581881238152,-0.017823097965902646,-0.6009499164509522,0.17477926162332,0.21905054831583673,-0.4241654472887752,-0.13647359739180764,-0.06688215260271187,0.6028656586730898,0.2095999624142021,0.14288545100626523,0.07621180916064643
-0.036900021960497034,0.4872988735470646,-0.30019175324071845,0.447584463773609,-0.27210058539165133,0.13549114409705862,0.543898649663196,-0.41734566543935364,-0.14526806880955775,-0.5862407883367273,-0.3040602835309738,0.035600943827383214,0.18892486234500355,0.14608979691467375,-0.278133438351736,0.3858837725283648,0.05463121210354227,0.7505501924772752,0.46502099989377504,-0.2722256381748563,-0.1276488631393257,0.12885135639758308,0.10484633871518047,0.3714775758496741,-0.12784264450471217,0.24670851986304637,-0.39693636794164416,0.1466113982931162,0.7155330732054128,0.3977185904367469,0.05886181913977567,-0.33517699206298696,0.035523687322821476,-0.10784727242511724,-0.11331822806326332,0.16423074382831196,0.3456677409860783,0.007054841555534529,0.4808775261573477,0.14044742002048474,0.3133379216859812,-0.38166998141285113,0.725854803401331,0.3981246689577108,-0.0024324133835437944,-0.7501688416057299,-0.6731547542408675,-0.013498865938872987,-0.12103774105696277,-0.1876188293196751,-0.35470763153092344,0.07011823462222938,-0.3801607566986627,0.35768957959709274,0.4037829131619381,-0.18298003676712804
0.30597948206082054,1.1257684045001406,0.10827916100980302,0.2946330613510989,0.39716407903477274,0.285980390949417,0.41670046028651764,0.5226267061679579,-0.38901759213659565,-1.160370730783138,-0.8832960780583267,-0.41857959047674026,0.3107014527302045,0.5717370201177353,0.19433897814431697,0.6277796330980446,0.20539366315042706,0.46502099989377504,1.8520800644015087,-0.07459819920879386,0.7550069683062155,-0.35516248890308216,-0.8920383223367574,0.15567815833727303,-0.5001983177357915,0.01981917781536288,-0.5213619602030664,0.013982566669794942,0.683472358695524,0.37207545205700615,0.6377994439839058,0.27541293357275826,-0.12498753439354643,-0.7238755333285256,0.6228646630901896,0.6333907566960144,-0.36854878343315584,-0.0020032859857353983,0.5339683576920287,0.23275034295777128,-0.1309234552116382,0.11021884739548363,0.5168692269542898,-0.7771042374777319,-0.06302388238238965,-0.7597352169083723,-0.5345256102016318,-0.4471604768013216,-0.03153522246412048,-0.254458377582982,-0.2863835774965869,0.4979655834542906,-0.19100782140675157,0.18375417552913934,1.4548417519679073,-0.5699944986518324
-0.4794531697783177,-0.21015960187671553,0.11292636437317204,0.476892107502047,1.2598823374314443,0.2756988180120829,-0.5010887141976201,0.8971817949834962,0.152153479236653,-0.33723710111701827,0.21172585611023978,-0.25600319990739695,0.46898291227346633,-0.38014269689208036,0.5615971933483586,-0.20345824166117502,0.36735230240136874,-0.2722256381748563,-0.07459819920879386,1.995525158252256,0.12281592695200425,-0.939102683863869,-0.05843203610438999,-0.5347473142169205,-0.07241640190395608,0.13063674504856349,0.7664448142871475,0.013755554729175968,-0.12088463470804871,0.18568685159172202,0.5618214353942473,1.725959680744032,0.8120375645211882,0.08146573120545944,-0.17241755792344318,-0.3545292759980059,-0.6726690472747532,-0.6100982181127043,-0.5337028490938444,-0.523858828788704,-0.8785655403210131,0.38846739110618134,-0.6755218873588895,-1.10807447451388,0.054913625033410025,0.1968190783805299,0.7911598622342662,0.8263714293207459,0.39139731507231557,-0.24288326710303612,0.24552015606519087,-0.27424342452927225,0.3971535403361668,0.4791234400543272,-0.006775469954376641,0.683995731086124
0.2828219963658822,0.2858764093883066,0.2473608658137061,-0.0929815208055898,0.31865702359553166,0.7598115760139508,0.3182138100951542,0.9011409021326687,-0.7899885328603456,-0.12319293549972526,-0.3436587527506748,-0.25328549909623777,-0.05348323667147441,0.006024166118906077,0.31072738670511463,0.03627483533951157,0.22663248122544913,-0.1276488631393257,0.7550069683062155,0.12281592695200425,1.1567919612956459,0.005313682120287364,-0.5349984272498974,-0.7219925471851103,-0.12411960996920317,0.1214972578867083,-0.4938035180006327,0.07456951064887436,-0.3348666411530736,0.40252089555370374,0.4828915393070812,0.17395176822479613,-0.1478579388060065,-0.5638041093884676,0.543620143921532,0.6137978363767685,-0.27497263345294126,0.29147383642743185,-0.20227002835940128,-0.07204489705692209,0.47109071534991415,0.4362987843040427,0.12451635105546353,-0.6980249212960005,0.3565491234267654,-0.7626620634555309,-0.7016344765451803,-0.11314045847265802,-0.13024098818632557,-0.32872732755304024,0.4843494664331743,0.4894185455268579,0.2510710045968138,0.22070404637069324,0.7404377958518183,-0.46462296109905754
0.30801958235419646,-0.16006923125298156,-0.17279594661485764,0.07347707742745374,-0.3602236813766074,0.9218794810088191,0.4654188678150719,-0.5360590589659143,-0.23257423492250576,0.38757829276308386,0.19106039068730357,-0.10791109440086767,-0.3198116714140601,-0.36249295350585337,0.18100085789198062,-0.3322576208665493,-0.14513976920987312,0.12885135639758308,-0.35516248890308216,-0.939102683863869,0.005313682120287364,0.9703882917404649,0.22080158397632582,0.043217050266335946,0.13931359920939934,0.1936016683686928,-0.14415007809558664,-0.11226733838263638,-0.277136548578651,-0.0020435003207911365,-0.6373846748448426,-1.4463492190426233,-0.11212313433040978,0.0684775037396906,-0.06386890122538368,-0.02286060688568515,0.30737247263757905,-0.01909454802531945,0.40219629107688776,0.4716959736815686,0.5897674988042628,-0.020339221889110314,0.5580450554103474,0.5596766023955548,0.2174939139278909,-0.22550688260526996,-0.1568269155018453,-0.11691553555412494,0.11178309226020214,0.20119918121421781,0.35824588346443853,0.08633972654117325,0.09152456845925312,-0.14022701756267078,-0.6799766491391614,-0.13853411639218333
0.02925979704945297,-0.7387488426652491,6.213611971809845e-4,0.42231807462836424,-0.36752762663999405,-0.1373264486197372,-0.09615811306905143,-0.7601159460010309,-0.17178805198523728,0.435488970235759,0.5085747908155268,0.32840065379031075,-0.40837491975461226,0.031482616345553445,-0.3339373918855037,-0.12747079891451607,0.20522133787823407,0.10484633871518047,-0.8920383223367574,-0.05843203610438999,-0.5349984272498974,0.22080158397632582,0.9123689462017955,0.013879577911528657,0.602868494748712,0.25508966703400904,0.12435229378274543,0.09714972160468437,-0.2452398000581175,-0.15796411620165743,-0.1305897976103071,-0.033527986634055075,0.2596702646240486,0.08413717877982467,-0.46735270193541334,0.12781017750965093,0.7826590611110498,0.26130161227997956,-0.26985553750867247,-0.0629882347951038,0.4971260108906679,-0.7235971535034958,0.22113243935769034,0.5980650954777168,-0.0295640483415728,0.2700654017818079,-0.2258418449902826,0.174550635454484,-0.010487363940885902,-0.06920320595523363,0.0029693180622285876,-0.22203684078968813,0.22904139121057043,0.158039071198599,-0.7768389377580622,0.13788631688319233
-0.015250759084752548,0.3745978109699536,-0.27864846191596804,0.08130060231427351,-0.3792122885986065,-0.41873599686187585,-0.13784981304276306,-0.7239788113015441,0.6381256683927162,-0.32841769136709126,-0.06774575100977555,0.0796448069663111,0.19407091926226672,0.23144522948066337,-0.3402261558147745,0.3340131859005134,-0.16823049984517438,0.3714775758496741,0.15567815833727303,-0.5347473142169205,-0.7219925471851103,0.043217050266335946,0.013879577911528657,0.8640481341994801,-0.08535695858653679,-0.09948115848620726,0.10853999247695012,0.009946627470821609,0.660449988958296,-0.24878682762715654,-0.2591508572697375,-0.4683012990821105,-0.043489307472513686,0.30006461927456723,-0.07709834357123693,-0.2873617051028892,0.1265114757960538,-0.2840889551783868,0.6393624572541238,0.29441425016551387,-0.3266384569951458,-0.2929600765716873,0.16392995191636073,0.478019247982621,-0.40360464213304204,0.26773633079172166,0.20142306037774835,-0.19337933989808376,0.056952847214669505,0.21273647797306655,-0.6813339204912902,-0.2254548397764198,-0.40162191092795557,-0.24757770269931872,0.024547137989601966,0.11338937139244756
0.5352548456253842,-0.6063235596106844,0.1410156468969057,0.5251356238230195,-0.278556416685545,0.6391186182960162,-0.8610749772637006,-0.5450154935091072,-0.19774799013344055,0.4775498159849345,0.7241470187192144,0.2105679992366709,-0.44646281557913253,0.18240653228151968,-0.40999801445005296,0.1612177251363498,0.6670945776743641,-0.12784264450471217,-0.5001983177357915,-0.07241640190395608,-0.12411960996920317,0.13931359920939934,0.602868494748712,-0.08535695858653679,1.0053507036915161,0.4148603145842009,0.23722952612009915,0.3723769331343768,-0.5296616678580298,-0.45124077100111293,0.3246700799312833,0.07981301298718842,0.4658880322802751,0.009101768859829008,0.21807195326822906,0.518378235763,0.6514267385070199,0.10461420876297252,-0.10023238955731546,0.07239755764623272,0.6822341031484681,-0.5561945199628187,-0.06113574029655921,0.017459331090208634,-0.2790086405477971,0.38875985761997656,-0.609090373090668,0.10778351188696667,0.14437363075238213,-0.29493260156474055,-0.15774906546590592,-0.21926463917622627,0.6713684721881007,-0.027939795933328924,-0.4038577716981038,0.13507698849457056
0.27233908268051327,-0.07344231735748397,-0.0808732205407361,0.6430025317967444,0.08350975390504323,1.011074186215244,-0.12272988604860362,-0.2167032505335652,-0.2902507475582984,-0.07799859608073179,0.276442723961846,-0.08135058714501121,-0.06600831176188868,-0.10616281571887158,-0.011117368094248866,0.10399124987712292,0.4563517908934164,0.24670851986304637,0.01981917781536288,0.13063674504856349,0.1214972578867083,0.1936016683686928,0.25508966703400904,-0.09948115848620726,0.4148603145842009,0.4553413648102983,0.056805910511308476,0.2295474232181853,-0.07919729705670787,0.08449227875832416,0.20971073209558325,-0.118805530478941,0.4513530310667602,-0.07362169710319136,0.1115976060463577,0.29064729264776207,0.2823970800032909,-0.16606252500876048,0.20180888188931673,0.13674024272499755,0.454856326560073,-0.22000553708500248,0.3243423384674403,-0.10601441949940983,-0.0038488852351338653,-0.3209190644654243,-0.5154910645016697,0.24297249861485218,0.18904874711236494,-0.28243200675593294,0.01626356566819476,-0.05256320815494026,0.3438422606261648,0.27175732447768,-0.09775099481809602,0.08215686721672268
-0.01922739728594299,-0.4239684515047598,0.008065265225339336,0.41043512589321346,0.7660654146033169,0.6295091459730648,-0.8048453873190209,-0.09021980664412206,0.6235457656151737,0.1392264912758451,0.6143647227964956,-0.305689140173133,0.10721823123940569,-0.42869390955237685,0.5630454475804263,-0.3983121441222686,0.1706119712463658,-0.39693636794164416,-0.5213619602030664,0.7664448142871475,-0.4938035180006327,-0.14415007809558664,0.12435229378274543,0.10853999247695012,0.23722952612009915,0.056805910511308476,1.0906884592970856,-0.16561905086784046,-0.3456096620048006,-0.5084156618199629,-0.21019899206925205,0.28727518971615423,0.7060262107327736,0.4186903663700634,-0.13172001571248673,-0.603794749943265,-0.4260786261567488,-0.8648264431785749,0.0997246264722665,0.14799127728249356,-0.8489551721194916,0.21885190450340175,-0.5499684941251768,-0.5222938290112945,-0.24447402008411762,0.993615648958643,1.3102319212137217,0.45096155630409573,0.6900926581254889,0.26125829955362184,0.1045532272062807,-0.4667374758550034,0.5235748755586176,-0.21881694173468189,-0.9028985660144468,0.7700009372517094
0.13555318397986363,0.09549419080969136,-0.10500845985003586,0.09762880124059387,-0.3615749681534372,0.20974375674835075,-0.4388443102524354,-0.0773862445955616,-0.012036896225928297,0.028402998397584284,0.1807781979338853,0.2377615847637553,0.07236402303635944,0.13525068149674135,-0.5549211862600231,0.42697400384505824,0.3427931936986915,0.1466113982931162,0.013982566669794942,0.013755554729175968,0.07456951064887436,-0.11226733838263638,0.09714972160468437,0.009946627470821609,0.3723769331343768,0.2295474232181853,-0.16561905086784046,0.43765527243118846,0.10152469100488105,0.01610211502343132,0.4146337043939707,0.16584124329861683,0.12594810396350073,0.10852097832257715,0.28828692828171953,0.281813836848431,0.26386929509507906,0.07424645873989376,0.049970795694126054,-0.12666527285990564,0.46490060475193135,-0.15410801058401014,-0.07197500031207542,0.06894312345928147,-0.17375024251685478,-0.29630475716364574,-0.8560427572595255,0.11952270059902867,-0.15989663579004756,-0.36202671985867124,-0.3772093014189102,-0.10245623277556258,0.03505336888111158,0.12755350180558242,0.39673740868649665,0.015331853809529368
-0.3514583565040373,0.8476436660209834,-0.3816199224876824,0.041478379995268516,-0.2598449923209209,-0.644593631665419,0.4245509488876851,-0.2016478587656293,0.3697903471609475,-0.8316322258187362,-0.5679702088474318,0.08742135609319904,0.5454196455591006,0.2493862764983453,-0.39385886135350806,0.5551912800895455,-0.22909031191860124,0.7155330732054128,0.683472358695524,-0.12088463470804871,-0.3348666411530736,-0.277136548578651,-0.2452398000581175,0.660449988958296,-0.5296616678580298,-0.07919729705670787,-0.3456096620048006,0.10152469100488105,1.1276534693215912,0.3696301046818009,0.07064851041477033,-0.0071134739268052406,-0.17089259929349096,0.10170491992514888,-0.106601486723056,-0.19421077696808453,-0.03492357815425514,-0.13187866782076568,0.5343068941639116,-0.004476265292341954,-0.2841844076050373,-0.14286524068271886,0.3668143356373417,0.3578266010945132,-0.16524771249018036,-0.585650751691142,-0.2944572975321309,-0.07249174873479404,-0.22737128081294647,-0.05525444787014707,-0.6916672921067559,-0.015700815928014096,-0.7868807156337956,0.20675531518232598,0.7892652118971669,-0.08433709179932895
-0.30014718288277786,0.3874299490969193,-0.1600763105399567,-0.0030460004491132133,0.059117945926090855,0.057794040743453144,0.8288742475803339,0.3899594827537321,-0.39435225076422514,-0.38379916579366236,-0.4624803596643924,-0.04035715980564538,0.2515978474912231,-0.15251139703407265,0.0702005368230846,0.04625231305424793,-0.14197945097523462,0.3977185904367469,0.37207545205700615,0.18568685159172202,0.40252089555370374,-0.0020435003207911365,-0.15796411620165743,-0.24878682762715654,-0.45124077100111293,0.08449227875832416,-0.5084156618199629,0.01610211502343132,0.3696301046818009,0.6872475587990479,0.09101501908300344,0.022477557956571192,-0.16032250479766588,-0.19498219921377896,-0.13098548907773672,0.05294374279083202,-0.07265679335916363,0.15902832685115784,-0.030789599483604657,-0.17867657104224485,0.21941241895315958,0.15566314184215427,0.41846458109427664,0.06881240374241934,0.3769431805355689,-0.9775881973719642,-0.4983781547220944,0.12418052172215015,-0.25155968756387415,-0.1951583396716354,0.18891914694207806,0.2543843693875293,-0.370088020131441,0.4676091108470191,0.4952762815005419,-0.23935041068780888
0.2131314748632011,0.19501354220774764,0.21810817336270244,0.29678354616209396,0.11417386952871364,0.02208628990505139,-0.5023666061097776,0.4150785619277881,-0.3556608509301866,-0.3432622291881164,-0.07639359197000838,0.10422461795184737,0.06271747361071785,0.497567954987182,-0.38290681866365506,0.5835840406778633,0.6096603856605457,0.05886181913977567,0.6377994439839058,0.5618214353942473,0.4828915393070812,-0.6373846748448426,-0.1305897976103071,-0.2591508572697375,0.3246700799312833,0.20971073209558325,-0.21019899206925205,0.4146337043939707,0.07064851041477033,0.09101501908300344,0.9707819412591184,1.0998176753669395,0.22754583516961213,-0.3743844689804504,0.47073690291210757,0.7078639292356511,0.10790423399101208,0.24617747088651945,-0.24560503729502578,-0.2987498952752742,0.29308989325457613,-0.20610748694742453,-0.14150943720228423,-0.6159099394934567,-0.17981603015646233,-0.29907991498828146,-0.9010372940194921,0.03116805575480654,-0.15657173060165575,-0.5654237056455408,-0.3268754639015629,0.10073080772083297,0.24034150877979316,0.30258155021104494,0.94148148170929,-0.16308637786499902
-0.36668390373200405,-0.1990898625954055,0.4536463172286494,0.1567009969317168,0.7441878850895925,-1.1175340680920718,-0.7119588296327294,0.882959948888518,-0.06383619243204483,-0.3683416863232279,-0.07583682319032112,0.1554690232314234,0.21580533032610053,0.5023540378543282,-0.12251567261685528,0.2995357308567302,0.460849549771718,-0.33517699206298696,0.27541293357275826,1.725959680744032,0.17395176822479613,-1.4463492190426233,-0.033527986634055075,-0.4683012990821105,0.07981301298718842,-0.118805530478941,0.28727518971615423,0.16584124329861683,-0.0071134739268052406,0.022477557956571192,1.0998176753669395,2.4825112483248293,0.3804056891429233,-0.31368595974748964,1.9273402179587366e-4,0.291900743331772,-0.26549555527002383,0.20357501086266014,-0.9739210733674345,-0.8158423229701499,-0.6224230639404829,-0.13229371156306124,-0.8002380857816292,-1.0189051751538658,-0.17764397596458564,0.3835959423242208,0.14571536987061692,0.31286405930660566,-0.10427131185782597,-0.4351987407638716,-0.1982544314427112,-0.08441984961964333,0.24400875233930075,0.3934165634823183,0.7367048440931949,0.2050856799934263
0.17718656238144576,-0.24232107936230393,-0.03817069782043003,0.916600662760282,0.6680954353641044,1.1854799091591253,-0.5982067008703398,-0.13442527165824433,0.08484151436849846,-0.16501326575859218,0.531996920483515,-0.2736983827254197,0.08372418522882641,-0.2709270929624808,0.3334381291072301,-0.06074555999774554,0.5783633333360064,0.035523687322821476,-0.12498753439354643,0.8120375645211882,-0.1478579388060065,-0.11212313433040978,0.2596702646240486,-0.043489307472513686,0.4658880322802751,0.4513530310667602,0.7060262107327736,0.12594810396350073,-0.17089259929349096,-0.16032250479766588,0.22754583516961213,0.3804056891429233,0.894522231923571,0.10539089730839131,0.021605431490578447,-0.048273941092441555,-0.050113358981106686,-0.6736613021086738,0.19158563708318202,0.1319971434302378,-0.19984438806024754,-0.09591255118123221,-0.04947370416700841,-0.5604943703104307,-0.16787271103425622,0.25360808301205423,0.30660491666568696,0.5268705804657674,0.578338225501581,-0.17220396216310488,0.020667538194362112,-0.3134790150367183,0.6090920735364334,0.21593556743000758,-0.4450771869615191,0.5384666681758848
-0.3046811168871394,-0.06689921891116404,-0.36051361254049086,-0.29934535894040687,-0.20290757831932835,-0.002230890435342378,-0.470584211734364,-0.20679818531621375,0.8024820407319566,0.3197355484400328,0.39130518035434525,0.14657473232293344,0.31665534209658425,-0.46158068966349153,-0.1912600834419527,-0.09408940990004279,-0.22369753748156612,-0.10784727242511724,-0.7238755333285256,0.08146573120545944,-0.5638041093884676,0.0684775037396906,0.08413717877982467,0.30006461927456723,0.009101768859829008,-0.07362169710319136,0.4186903663700634,0.10852097832257715,0.10170491992514888,-0.19498219921377896,-0.3743844689804504,-0.31368595974748964,0.10539089730839131,0.7765402931400995,-0.13316486852142678,-0.7542829559536927,-0.2077019825378758,-0.5073264229620537,0.19810593634410317,-0.04378840917957082,-0.34497613340864847,0.30629659330397435,-0.486159296076036,0.3641490467029767,-0.17096598103535887,0.3053094016333823,0.4352383392981461,0.35664169023658726,0.09716470973916119,0.18395876160462937,-0.24709085119038326,-0.4477252598926326,-0.202165639757157,-0.21472286009472033,-0.45255584124988085,0.5505114625830323
0.4614185555408829,0.3691134883276493,0.08842506255418506,-0.038363279492938725,-0.026349286227389024,0.665406504975295,-0.529437575374126,0.31359424402808767,-0.08598800659969578,-0.08688063621564764,-0.0045969994715349795,-0.10567301561047412,0.0442234169145294,0.19767478662511578,-0.1428513127095428,0.3884708069711466,0.3578124780862981,-0.11331822806326332,0.6228646630901896,-0.17241755792344318,0.543620143921532,-0.06386890122538368,-0.46735270193541334,-0.07709834357123693,0.21807195326822906,0.1115976060463577,-0.13172001571248673,0.28828692828171953,-0.106601486723056,-0.13098548907773672,0.47073690291210757,1.9273402179587366e-4,0.021605431490578447,-0.13316486852142678,0.741319876126952,0.432870032211936,-0.16850344706280013,-0.05822827904643474,0.23961763913692566,0.12473303315383884,0.2586579731342645,0.23803275637567234,-0.1672874769229124,-0.5054775414492951,-0.18793461104185757,-0.16965711518730098,-0.5979003846643457,-0.1623919530797127,0.015759535566033902,-0.25253604699009186,-0.20283575642166765,0.1152677863277393,0.24145145564591933,-0.14792630543527643,0.6613406254876574,-0.1600122243112778
