V1,V2,V3,V4,V5,V6,V7,V8,V9,V10,V11,V12,V13,V14,V15,V16,V17,V18,V19,V20,V21,V22,V23,V24,V25,V26,V27,V28,V29,V30,V31,V32,V33,V34,V35,V36,V37,V38,V39,V40,V41,V42,V43,V44,V45,V46,V47,V48,V49,V50,V51,V52,V53,V54,V55,V56
357.240763723257,245.61566881740504,276.64820157076116,-238.72801834381224,-138.09868239977732,169.0432130350069,-38.50194233362439,-107.12586792028134,81.39330591688994,88.6828155351626,134.38816474026945,155.50911937560622,-272.9620300245197,-31.76928918396677,-132.49846069728932,20.53035698457295,15.899302492053106,-68.65633744127474,224.5593859205746,83.48506344285055,307.4132482637866,5.698834418344095,57.683626958758,313.76240749088424,-34.464629725365704,116.11446957838552,-69.57732474883842,77.2849317363535,-160.87279709851606,116.11505810464378,199.27392439506647,163.27163909735393,5.868628453591864,-103.62235661294373,-201.54187366899353,-73.0805138528438,-334.8141901096523,243.87952616674193,175.15564900034568,21.458994926662488,43.7040642469595,217.28788310628022,14.043968052315954,-352.53602015227034,-15.32904879153833,-47.81420246066132,387.65796139300807,102.95328509005144,-41.587026954518905,28.586633435682813,-61.903903217918554,218.70565148429833,-31.118307905219165,41.33100460310979,185.9875976510872,198.8730955394456
245.61566881740504,169.50529800228708,189.9317710100333,-164.08273868923254,-95.1248159255601,115.51752975803136,-26.027151860068226,-73.0135163411517,56.354258319553495,60.52379977081024,92.97888035622807,107.58334406681439,-187.55909226671608,-21.20527258897299,-90.9093890209862,13.830111640597401,11.068601212728879,-47.406444819094446,154.9605543622004,57.25186631531456,210.76736967647844,3.404519267757358,39.898257179539016,215.63680030532515,-23.76559045281248,80.55255627978885,-48.16558293168173,53.4732327215189,-110.1085731397794,79.85944671551171,136.51749297486015,111.6713288092387,4.337643595456494,-71.13403728388697,-138.44295770758322,-50.03593026617035,-229.9423142184025,167.50881368326753,119.85078091172178,14.172959460390944,30.075504211254355,148.96552441335766,9.960732190757113,-241.9690535422243,-10.864131187537637,-33.162831929713676,266.92479924025383,70.96026265284692,-28.50060314680945,19.79990557009801,-42.42047409934139,149.87787162029954,-21.152801064302686,28.207619679334,127.98906743269471,136.73461309506618
276.64820157076116,189.9317710100333,214.54807885550912,-184.9432218077344,-106.8663097215713,131.44375563961162,-30.051886070251385,-83.30100311665934,62.88940176046676,68.99305293402784,103.70009405943972,120.07740877911068,-211.41537033006853,-25.090608317643937,-102.75463920218998,16.003471678175725,12.306059737720657,-52.99972511495545,173.65315899856128,64.85569140743213,238.43991863974688,4.72004779925887,44.42297609278772,243.02277143301362,-26.789322568830993,89.49490612777474,-53.73086774155868,59.77103457283922,-124.78074984189247,89.94373325741861,154.5419356400496,126.72784216878607,4.323734743520809,-80.33053281831442,-156.28652478002692,-56.63905303340025,-259.3634093067749,189.07680700455117,136.05504354273182,16.989254908518422,33.72544998141631,168.37610729333943,10.659311615101576,-273.1996725173809,-11.598976104210772,-36.85788280566011,299.98030731366015,79.72259663185608,-32.24220187128139,22.10459760980427,-48.108072578939705,169.75519362849968,-24.247930215365102,32.11565076345943,144.11267697171672,154.05477331119485
-238.72801834381224,-164.08273868923254,-184.9432218077344,159.7279092376389,92.27674194962852,-113.13680367393039,25.661343251128145,71.61913722551702,-54.3056327529354,-59.38587199092414,-89.3947984397089,-103.92830038267833,182.41846380442908,21.537313283403314,88.56387635400716,-13.580037029318058,-10.600420495008036,45.73326154573695,-150.0115675999349,-55.739550868933705,-205.5244125687993,-4.030560563701191,-38.42624119792224,-209.88933789574276,23.135600021243356,-77.61774514610964,46.50623776962395,-51.59429955341289,107.6536006397636,-77.53330293120165,-133.4402620202742,-109.38568418482812,-3.7259770047026786,69.43695620635751,134.80802211839332,48.770785524071634,223.57573267620654,-163.19992362715482,-117.26232485600536,-14.442786357493228,-29.307951182051028,-145.14114382352622,-9.3244403053365,235.68698645821578,10.161199717386154,32.03182162667529,-259.04077231463316,-68.91554398242577,27.85932704268965,-18.939470608001663,41.43249236872095,-146.23195544214812,20.8568191176591,-27.626667143861905,-124.3843722771309,-132.84285646442524
-138.09868239977732,-95.1248159255601,-106.8663097215713,92.27674194962852,53.43447646153832,-65.1506783927026,14.755441498892296,41.23168142285346,-31.571395074994992,-34.158112288497954,-52.101977899055846,-60.303899219859666,105.48811439766423,12.10893423505575,51.166944216961774,-7.8516373965266215,-6.183106598820148,26.593834172345677,-86.96613050804422,-32.227360046683145,-118.67183625768507,-2.064846492850337,-22.363817955285096,-121.27460760165124,13.344038973346416,-45.09155812590021,26.98972633540787,-29.968031100645714,62.054336368191684,-44.89142322118171,-76.90491409504207,-62.960786769100665,-2.348391145243238,40.03247427561309,77.87704967018463,28.19038037853342,129.35198130119343,-94.23505910206563,-67.55283270886552,-8.133687769719371,-16.907851688457363,-83.87574915682642,-5.513969299766564,136.16736420369392,6.016401391683076,18.568675325226927,-149.96895613269933,-39.851429875786415,16.052709527229492,-11.085432175444245,23.89109453588545,-84.4070233747532,11.96278202414824,-15.91809430968772,-71.93125661796128,-76.8762666640322
169.0432130350069,115.51752975803136,131.44375563961162,-113.13680367393039,-65.1506783927026,81.07053878023694,-18.72985338247677,-51.4701080964318,38.09202741194408,42.628150490229025,62.69658965908001,72.79570736637395,-129.27058947988888,-16.060864150624514,-62.982147448402024,9.960246960601863,7.426065381049291,-32.13107416566402,105.62522011934877,39.8071962051941,146.27450453598178,3.4195898312713062,26.83635053699074,148.63838660658976,-16.41130080176646,54.04232251957824,-32.560459118694965,36.26337176780138,-76.69422570139956,54.936441875187406,94.92640570345347,78.02234156077667,2.2856550764306465,-49.25450697151301,-95.72010164639337,-34.737192432383445,-158.62518920734618,115.81534884565005,83.75972792809178,10.952503379894784,20.562032097167187,103.1773116410816,6.200276545759034,-167.31566822259512,-6.7270985484204,-22.28568726648524,182.94324345088134,48.64146893998546,-19.79719794061426,13.351253544576478,-29.58771252073053,104.2465082141979,-15.058015682870032,19.807997312934226,88.06190035878852,94.13921607102104
-38.50194233362439,-26.027151860068226,-30.051886070251385,25.661343251128145,14.755441498892296,-18.72985338247677,4.544608529332744,12.032049446454733,-8.543154001127638,-9.864744831377752,-14.262522006574526,-16.229995385605704,29.490181049832984,3.7900966694713523,14.433355459349274,-2.5088823965541045,-1.6469743946203523,7.309201991208487,-23.80775542845622,-9.195975334156305,-33.564168277079936,-0.8910789785381656,-6.058990288467824,-33.74457283875342,3.6469000740855257,-11.91391656793535,7.241191570347891,-8.135845018740408,17.60978182840138,-12.54746364033953,-21.673712973002825,-17.87170775491818,-0.49514918374240696,11.143065737086868,21.795842809365574,8.057472078863796,36.37227071436222,-26.32190685897597,-19.238258822792474,-2.7304630798374805,-4.581270831876507,-23.749433169052246,-1.290194995369317,38.24502667935577,1.4091037893915728,4.866479181564846,-41.47074131366363,-10.916305308303583,4.506670572373287,-3.0885122928127373,6.778892038466437,-23.95794670172419,3.513655242324368,-4.615516191142907,-19.94797495325719,-21.486612372847684
-107.12586792028134,-73.0135163411517,-83.30100311665934,71.61913722551702,41.23168142285346,-51.4701080964318,12.032049446454733,32.7980865636544,-24.034249331818863,-27.07628969369254,-39.74058824110234,-45.92509308446311,81.95938249059138,10.200518213597213,39.946363584188425,-6.469544725098999,-4.653577900320476,20.378525826943573,-66.767753947256,-25.252133239742495,-92.81818031335088,-2.222344977939387,-17.02119188997052,-94.1338009921683,10.294303262508251,-34.032800512451914,20.522082467585975,-22.868187158285682,48.71252643364844,-34.81913750682734,-60.20560884851505,-49.514938537492924,-1.454662239202524,31.161271025542717,60.600593960359056,22.12411388642838,100.68495520997003,-73.31407266156364,-53.13450754303908,-7.0558350109252705,-13.013049488227985,-65.57772730228696,-3.8782246791267,106.121898138304,4.22883227465903,14.007416682644577,-115.82374846095477,-30.696339589039116,12.549893847891394,-8.46937543209802,18.73727224706491,-66.13919963600034,9.584279479752738,-12.614539468901866,-55.68666929972252,-59.6646339221644
81.39330591688994,56.354258319553495,62.88940176046676,-54.3056327529354,-31.571395074994992,38.09202741194408,-8.543154001127638,-24.034249331818863,18.813003258726898,19.926510037058193,31.075601101003045,35.80679981200768,-62.118127116131745,-6.806006163147424,-30.084921184594535,4.552324832188042,3.7240669374385518,-15.793859383801145,51.516199954854336,18.98374962714161,69.68856264520593,0.938588147315803,13.292154246923861,71.36418447307233,-7.888244880638164,26.84663487553181,-16.040853063545033,17.84076030173542,-36.30476189786991,26.49980925724023,45.02146146311901,36.76838204041415,1.5621706046947659,-23.487672541228214,-45.83875832860144,-16.53854587622323,-76.18408981415239,55.42258393175126,39.532866004804525,4.538408746257728,9.91388738200338,49.257663166562935,3.3813589515618494,-80.04672393481955,-3.6824865234812143,-11.02666352037529,88.55035313084419,23.53719640309684,-9.397052266203977,6.661984138366417,-14.023926697775718,49.55349060228023,-6.936038583351916,9.295875702779652,42.44113266397761,45.342379279852665
88.6828155351626,60.52379977081024,68.99305293402784,-59.38587199092414,-34.158112288497954,42.628150490229025,-9.864744831377752,-27.07628969369254,19.926510037058193,22.42788902535669,32.77103613581861,38.11831831637957,-67.8319371908588,-8.535100210351537,-33.06378596211153,5.2378225524575,3.875511809037042,-16.81506844423545,55.3418679087997,20.88888075399505,76.81403348764003,1.8809569080892683,14.038673735636259,78.01860210230363,-8.613013618724729,28.277380211629232,-17.046771766766597,18.97732838156874,-40.31259923480232,28.807959412514478,49.8938618604615,41.03597700122547,1.1396554651820987,-25.878315151427287,-50.244002565424154,-18.239151579892592,-83.2227810707382,60.80559684630224,44.032065241083416,5.82236005997414,10.80182268453002,54.169592810952885,3.21223515133797,-87.8369229243815,-3.484604063783167,-11.67189218491865,95.93016660066296,25.51318755117455,-10.406033863611071,6.9637296186633675,-15.544160115941798,54.75083325634657,-7.934447432351977,10.415210861111126,46.19592895948964,49.37742283270743
134.38816474026945,92.97888035622807,103.70009405943972,-89.3947984397089,-52.101977899055846,62.69658965908001,-14.262522006574526,-39.74058824110234,31.075601101003045,32.77103613581861,51.77950214065807,59.00317022899937,-102.58153300771642,-10.862132292319634,-49.65079028154622,7.765617887966494,6.123795307164668,-26.26629795577467,85.00648252908084,31.364753049242392,114.99974162435284,1.3257824226189758,22.128317375447626,117.56517805361744,-12.806368024467801,44.20491332374478,-26.40682551429486,29.417957646208578,-59.8615637823646,43.80891743982886,74.07738010828155,60.45107430293886,2.8156927070585165,-38.53774285728335,-75.4639255943896,-27.4592486351475,-126.06786202174497,91.17560523646051,65.03011695211691,7.419366951058797,16.287393558291722,81.53963299554455,5.6414391319113015,-132.10932643327405,-6.187632575374956,-18.066938262139804,146.16733329855995,38.63811999183284,-15.447297571686637,11.164498797698903,-23.04339330259728,81.72254119920612,-11.39935406681347,15.372435961163884,69.85489563199101,74.90990611954665
155.50911937560622,107.58334406681439,120.07740877911068,-103.92830038267833,-60.303899219859666,72.79570736637395,-16.229995385605704,-45.92509308446311,35.80679981200768,38.11831831637957,59.00317022899937,68.44542167513636,-118.71211389598729,-13.180340932952445,-57.454800724225116,8.575625107499798,7.035882511527462,-30.077365140094507,98.34511632565916,36.0988063370819,133.16664661283176,1.9846823773998492,25.37789941637643,136.5812274920959,-15.066568681034056,51.38410298258588,-30.65198120714349,33.95563726409056,-69.56271543113347,50.53226203514779,86.32933795392171,70.54632239235532,2.8361167799512557,-45.055347906740536,-87.58423216698563,-31.577188910173497,-145.41017953759234,106.01708235548807,75.64456374661327,8.7050738279139,19.146247683277654,94.13016291728664,6.453798033237243,-153.0527779384207,-7.045838174432183,-21.18178074148834,169.19557813064503,45.02730439948417,-18.03414425856707,12.516832327320783,-26.77557884268181,94.63091624341973,-13.291388183891423,17.7592269672812,81.07147422813958,86.52785467469471
-272.9620300245197,-187.55909226671608,-211.41537033006853,182.41846380442908,105.48811439766423,-129.27058947988888,29.490181049832984,81.95938249059138,-62.118127116131745,-67.8319371908588,-102.58153300771642,-118.71211389598729,208.58714738136422,24.375180432802438,101.2674873163336,-15.734132323379749,-12.119312973402959,52.42684415670248,-171.48234877334352,-63.801503683397826,-234.98413733037594,-4.442502300320661,-44.04285316785005,-239.76143762003144,26.31335960236311,-88.60672842746177,53.10682157471593,-58.98637154506229,123.01223726880559,-88.71238663890183,-152.3539764416901,-124.85930179781953,-4.433847983180215,79.19745559050327,154.00641656168915,55.87822133883848,255.86819120722333,-186.36736477698727,-133.92525449307902,-16.48989235743747,-33.40104169866134,-166.10547862864885,-10.683404418824727,269.44022140152276,11.66533741566627,36.49005070020264,-296.13868989551736,-78.63150534471964,31.79411725039883,-21.810149007167443,47.31658826656934,-167.18152495333243,23.81691920906678,-31.615118354906976,-142.08117688139293,-151.94968912642486
-31.76928918396677,-21.20527258897299,-25.090608317643937,21.537313283403314,12.10893423505575,-16.060864150624514,3.7900966694713523,10.200518213597213,-6.806006163147424,-8.535100210351537,-10.862132292319634,-13.180340932952445,24.375180432802438,3.9261264870023527,12.032781532130764,-1.9151432566613897,-1.3047095660687182,5.690329157646966,-19.392816057643973,-7.618925000236223,-28.0834119996339,-1.2943275870826065,-4.657662041425132,-28.228511909057637,3.2246768810612942,-9.601730951486193,5.892789063769516,-6.562170022067799,14.915797049016719,-10.262604193173328,-18.485802698866685,-15.39521703196392,0.04762475709115725,9.559726276736496,18.308093013170218,6.579748092480106,29.799354938136737,-22.211641003162004,-16.47659653038158,-2.6526128923959695,-3.8879834905493738,-19.580611041489927,-0.8331626468740324,31.856113024773265,0.866128104539931,4.04058423445063,-34.05432533129488,-9.183482597296262,3.8568280360451666,-2.2507097651974837,5.7955090572992045,-20.132966503515895,3.0947902920238186,-3.8895926590481302,-16.652213011925372,-17.661291322422432
-132.49846069728932,-90.9093890209862,-102.75463920218998,88.56387635400716,51.166944216961774,-62.982147448402024,14.433355459349274,39.946363584188425,-30.084921184594535,-33.06378596211153,-49.65079028154622,-57.454800724225116,101.2674873163336,12.032781532130764,49.22275393299148,-7.702373882141492,-5.876194789599139,25.383388863030895,-83.11986224562985,-31.062110968981496,-114.23354387229993,-2.2854429015490156,-21.277245832815566,-116.3884139637821,12.801686092859004,-42.80691908330246,25.7038867547082,-28.590392416403756,59.80255110795591,-43.07530287747318,-74.04508482325397,-60.72870414986594,-2.064666659675431,38.468128650159386,74.83767540572639,27.156327526440148,124.25622856446364,-90.54150470798474,-65.18369912767146,-8.171421550915946,-16.15675452167125,-80.69543902360104,-5.089828311865491,130.877316177051,5.5451293321967725,17.627026306371445,-143.64297054977536,-38.15117385058377,15.44643134139549,-10.579348592377164,23.037296163137828,-81.32273106376549,11.62729808266033,-15.397291909904242,-68.98932734662449,-73.78041369321048
20.53035698457295,13.830111640597401,16.003471678175725,-13.580037029318058,-7.8516373965266215,9.960246960601863,-2.5088823965541045,-6.469544725098999,4.552324832188042,5.2378225524575,7.765617887966494,8.575625107499798,-15.734132323379749,-1.9151432566613897,-7.702373882141492,1.4480549540395216,0.8707635097153583,-3.9584402761014976,12.655121614514515,4.936547402668504,17.907311362583396,0.41040719832655975,3.2784779166457794,17.887628567640807,-1.8698457257954804,6.263390390350909,-3.817130895171729,4.320621080548684,-9.370337848101675,6.717720365786897,11.467492026507477,9.446802609164724,0.33999318198139183,-5.849695750603216,-11.556659355552995,-4.360347513520112,-19.515574715189878,13.922768586615305,10.199075044183893,1.4606586402229451,2.3932524761319995,12.754391819395437,0.6906662869191638,-20.385858376528873,-0.7673007540051201,-2.5217186604405923,22.07772288972733,5.732118073527138,-2.377276163227889,1.7148919687338098,-3.5880242482158367,12.775946075300409,-1.8657681641216137,2.480295203223461,10.56050579877606,11.482649087560183
15.899302492053106,11.068601212728879,12.306059737720657,-10.600420495008036,-6.183106598820148,7.426065381049291,-1.6469743946203523,-4.653577900320476,3.7240669374385518,3.875511809037042,6.123795307164668,7.035882511527462,-12.119312973402959,-1.3047095660687182,-5.876194789599139,0.8707635097153583,0.755619704398977,-3.093760725463947,10.117164400517238,3.7369522060852804,13.586022743925986,0.1424246066726613,2.5890254611759906,13.916840654266887,-1.572939635951116,5.275326409256867,-3.1593569983263614,3.5367474702818593,-7.031932574488415,5.19324053233595,8.731887499734786,7.118013054869763,0.3239264575778559,-4.5726717341020455,-8.974870210394085,-3.2056705759485933,-14.865640871128237,10.831035111393646,7.69817573436681,0.8590635084791184,1.9020418002231192,9.569051200352432,0.6697763161832921,-15.596036866117718,-0.7197065437126242,-2.1609719164311434,17.319556587969533,4.6227295760892595,-1.8211103035836462,1.3356090171860935,-2.7506133050326445,9.677083860557195,-1.3405524784794625,1.8016567923193243,8.328145307844796,8.874611481927452
-68.65633744127474,-47.406444819094446,-52.99972511495545,45.73326154573695,26.593834172345677,-32.13107416566402,7.309201991208487,20.378525826943573,-15.793859383801145,-16.81506844423545,-26.26629795577467,-30.077365140094507,52.42684415670248,5.690329157646966,25.383388863030895,-3.9584402761014976,-3.093760725463947,13.359976108022755,-43.342103688718495,-15.998332621490022,-58.83122791062156,-0.798735452389956,-11.261837513952502,-60.143769809468566,6.544778988500263,-22.525146185721646,13.456133441709387,-14.958187953236584,30.69565376095472,-22.35085309860281,-37.994614489466905,-31.04093749870997,-1.352531062011044,19.758843504104338,38.58131110196509,14.040280052229924,64.38552630994403,-46.64942445765731,-33.33339291154066,-3.8731570667271678,-8.372243845574278,-41.70218590492262,-2.8403807815383404,67.57366544734812,3.118429674332247,9.23048360102684,-74.631066692151,-19.744195741535354,7.9263387767382385,-5.625241875775665,11.79102541188703,-41.80396598512123,5.865576785751751,-7.877391195280901,-35.68134654567863,-38.242111230955594
224.5593859205746,154.9605543622004,173.65315899856128,-150.0115675999349,-86.96613050804422,105.62522011934877,-23.80775542845622,-66.767753947256,51.516199954854336,55.3418679087997,85.00648252908084,98.34511632565916,-171.48234877334352,-19.392816057643973,-83.11986224562985,12.655121614514515,10.117164400517238,-43.342103688718495,141.66459571276295,52.34820982550812,192.709131304827,3.118110980303515,36.47565403928747,197.14682342256393,-21.723082929345722,73.62964758383085,-44.028802354091475,48.88262795160336,-100.67669278055722,73.01453496787877,124.8178283564581,102.1034347425855,3.964362723901923,-65.03300125713702,-126.57361879012414,-45.75354760261386,-210.23981631527283,153.14552249209416,109.5830289475351,12.968541661875697,27.494020969730837,136.20671766587697,9.101395028057167,-221.231993590005,-9.927737255958638,-30.311503549203145,244.03314939108677,64.86992242051896,-26.05719285268662,18.103668500553905,-38.78497184699618,137.03756642851295,-19.343356527963305,25.793195323198397,117.0112423961872,125.01379953136681
83.48506344285055,57.25186631531456,64.85569140743213,-55.739550868933705,-32.227360046683145,39.8071962051941,-9.195975334156305,-25.252133239742495,18.98374962714161,20.88888075399505,31.364753049242392,36.0988063370819,-63.801503683397826,-7.618925000236223,-31.062110968981496,4.936547402668504,3.7369522060852804,-15.998332621490022,52.34820982550812,19.70077718082687,72.06041935078329,1.4267846288671275,13.354873675272003,73.23659167085688,-8.091433865869263,26.824460847166137,-16.155809718912117,18.054341051388345,-37.63843012435463,27.192045517116785,46.565447788074415,38.198199676262064,1.3159035319943178,-24.175105301454497,-47.202356653585966,-17.132635508821622,-78.38113618151408,57.041525346219935,41.119921753031996,5.224323220970343,10.056391951485573,50.86431032063944,3.1570097178572447,-82.45816922492774,-3.4228440552745028,-11.011174377265855,90.44597540471501,24.009289969795425,-9.704622096663453,6.755561447596412,-14.564941889890004,51.356379647577754,-7.344744873987403,9.729478715019868,43.49535927724892,46.546743753435315
307.4132482637866,210.76736967647844,238.43991863974688,-205.5244125687993,-118.67183625768507,146.27450453598178,-33.564168277079936,-92.81818031335088,69.68856264520593,76.81403348764003,114.99974162435284,133.16664661283176,-234.98413733037594,-28.0834119996339,-114.23354387229993,17.907311362583396,13.586022743925986,-58.83122791062156,192.709131304827,72.06041935078329,265.1650446876502,5.448478012601636,49.31901097304428,270.0998364010872,-29.682693086765536,99.18615641703107,-59.56477388742901,66.23179560897346,-138.89587072270916,99.91203128294559,171.9608063438925,141.08310414667747,4.699231271119259,-89.30917128297848,-173.65411287670685,-63.046994359015365,-288.32016189612,210.12525494424114,151.3761449119469,19.08479008703308,37.524061692780386,187.3227118385389,11.746481055063159,-303.76357706423994,-12.8028408421854,-40.85614436736707,333.1888173081291,88.48388711960877,-35.87564195083401,24.470892872480576,-53.47234449684746,188.7701537330711,-27.03426403002884,35.772168583324685,160.02971843736844,171.15815562524924
5.698834418344095,3.404519267757358,4.72004779925887,-4.030560563701191,-2.064846492850337,3.4195898312713062,-0.8910789785381656,-2.222344977939387,0.938588147315803,1.8809569080892683,1.3257824226189758,1.9846823773998492,-4.442502300320661,-1.2943275870826065,-2.2854429015490156,0.41040719832655975,0.1424246066726613,-0.798735452389956,3.118110980303515,1.4267846288671275,5.448478012601636,0.6844245666731442,0.6056002557165702,5.261206574161685,-0.6186780880946646,1.318054501624098,-0.8756835953097065,0.9532771012736836,-3.061815925708431,1.7866612330332272,3.7855145239009107,3.289092339746113,-0.32221082294131137,-1.9109256191094,-3.4530236873107802,-1.2524599944006531,-5.375772115079867,4.244592137267967,3.442617980324536,0.8874482472943255,0.744349167388852,3.709238068206133,-0.07272654697197325,-6.022002947629785,0.09643640643915269,-0.6109061826716802,5.868713117675419,1.631193944910672,-0.7910671744179157,0.21048687003514788,-1.1721287939272902,3.959779295734684,-0.7394255985428677,0.8231336638528438,2.9964805576328826,3.1323436197634256
57.683626958758,39.898257179539016,44.42297609278772,-38.42624119792224,-22.363817955285096,26.83635053699074,-6.058990288467824,-17.02119188997052,13.292154246923861,14.038673735636259,22.128317375447626,25.37789941637643,-44.04285316785005,-4.657662041425132,-21.277245832815566,3.2784779166457794,2.5890254611759906,-11.261837513952502,36.47565403928747,13.354873675272003,49.31901097304428,0.6056002557165702,9.536648558049906,50.54995369135599,-5.466776773398981,19.06510545928219,-11.349334014606562,12.570915330875513,-25.75833650193913,18.756729554617046,31.898925501203315,26.035462801806904,1.1830602015552638,-16.5998008385341,-32.34982514475595,-11.780500828112041,-54.053549432316,39.14537624665771,27.897146668770382,3.1466685175002542,7.09930244342709,35.01038218100355,2.4514518842443387,-56.73263820375367,-2.704333590864641,-7.820112297378747,62.771591938555495,16.59499535910232,-6.660697670145718,4.706312040646269,-9.852009777526199,34.99917082895017,-4.888209815112153,6.588043240990725,29.94840549116897,32.10179638200833
313.76240749088424,215.63680030532515,243.02277143301362,-209.88933789574276,-121.27460760165124,148.63838660658976,-33.74457283875342,-94.1338009921683,71.36418447307233,78.01860210230363,117.56517805361744,136.5812274920959,-239.76143762003144,-28.228511909057637,-116.3884139637821,17.887628567640807,13.916840654266887,-60.143769809468566,197.14682342256393,73.23659167085688,270.0998364010872,5.261206574161685,50.54995369135599,275.82715142658066,-30.353479583056284,102.0088578957275,-61.110738616060814,67.78789967159977,-141.49101330132999,101.90288291403918,175.3554501395543,143.7363516462206,4.938955363790233,-91.22601909157335,-177.12372716961414,-64.13147149158345,-293.89094924383807,214.42829593790952,154.06566011137255,18.959499506351918,38.530086736490475,190.8080460429606,12.27358606157813,-309.7618524392291,-13.38842963600607,-42.087414620450964,340.4588820845596,90.53273537977014,-36.60868556073545,24.904774387126906,-54.42235156348561,192.15531952658276,-27.40114801204882,36.3112273205789,163.42495421787308,174.59264818501293
-34.464629725365704,-23.76559045281248,-26.789322568830993,23.135600021243356,13.344038973346416,-16.41130080176646,3.6469000740855257,10.294303262508251,-7.888244880638164,-8.613013618724729,-12.806368024467801,-15.066568681034056,26.31335960236311,3.2246768810612942,12.801686092859004,-1.8698457257954804,-1.572939635951116,6.544778988500263,-21.723082929345722,-8.091433865869263,-29.682693086765536,-0.6186780880946646,-5.466776773398981,-30.353479583056284,3.4530096909084214,-11.251554894029493,6.759365907204086,-7.5200008899722235,15.504226236033142,-11.199437482766575,-19.27791512980826,-15.80783343939585,-0.47552830454392225,10.083499450286181,19.568764386382895,6.96665217610089,32.17913177886352,-23.681677458734395,-17.00006871086505,-2.0982796882443178,-4.203341396332979,-20.831482155446995,-1.3254005972976526,34.00504855716216,1.4162845754915603,4.662474256463811,-37.42077748928278,-10.047006456010232,4.02694156639773,-2.7259242324149127,6.040943371006706,-21.163724288653345,3.0190586282384446,-3.97166258009211,-18.07608973922894,-19.190205913860716
116.11446957838552,80.55255627978885,89.49490612777474,-77.61774514610964,-45.09155812590021,54.04232251957824,-11.91391656793535,-34.032800512451914,26.84663487553181,28.277380211629232,44.20491332374478,51.38410298258588,-88.60672842746177,-9.601730951486193,-42.80691908330246,6.263390390350909,5.275326409256867,-22.525146185721646,73.62964758383085,26.824460847166137,99.18615641703107,1.318054501624098,19.06510545928219,102.0088578957275,-11.251554894029493,38.69223820512534,-23.016313328760592,25.43645048990776,-51.803685628303946,37.707748726836364,64.35071924849197,52.52160171838595,2.2125618395625035,-33.639924647170226,-65.3196125926252,-23.499051586282555,-108.44278714016083,79.10255336270835,56.25833804034246,6.260562822095896,14.381530185136443,70.1387694158216,4.951819567808947,-114.14885834193205,-5.414686198674342,-15.965661893320421,126.50027371795842,33.689669191765375,-13.452676700302913,9.34020075569916,-19.912617097660377,70.42314930361587,-9.832157091231107,13.177208354528284,60.54863455214189,64.57270171487659
-69.57732474883842,-48.16558293168173,-53.73086774155868,46.50623776962395,26.98972633540787,-32.560459118694965,7.241191570347891,20.522082467585975,-16.040853063545033,-17.046771766766597,-26.40682551429486,-30.65198120714349,53.10682157471593,5.892789063769516,25.7038867547082,-3.817130895171729,-3.1593569983263614,13.456133441709387,-44.028802354091475,-16.155809718912117,-59.56477388742901,-0.8756835953097065,-11.349334014606562,-61.110738616060814,6.759365907204086,-23.016313328760592,13.730721204835799,-15.214515186259913,31.100910894243206,-22.612289934985878,-38.60859766081768,-31.54456236341131,-1.2705798755224413,20.16145017122404,39.19873919153125,14.111745876330358,65.03853378963362,-47.44462157880282,-33.83647869517491,-3.8795815162327685,-8.560312505292845,-42.084645935139314,-2.893230247912978,68.4616238292877,3.154212214742361,9.490044947070938,-75.71573700251092,-20.165108814505054,8.06532648913313,-5.606185710033981,11.98466540721729,-42.3332775503397,5.940516738595023,-7.936433749720343,-36.293989694423935,-38.717059833964115
77.2849317363535,53.4732327215189,59.77103457283922,-51.59429955341289,-29.968031100645714,36.26337176780138,-8.135845018740408,-22.868187158285682,17.84076030173542,18.97732838156874,29.417957646208578,33.95563726409056,-58.98637154506229,-6.562170022067799,-28.590392416403756,4.320621080548684,3.5367474702818593,-14.958187953236584,48.88262795160336,18.054341051388345,66.23179560897346,0.9532771012736836,12.570915330875513,67.78789967159977,-7.5200008899722235,25.43645048990776,-15.214515186259913,16.930960030938692,-34.50860682918784,25.161987619490276,42.801358380800984,34.97442523461828,1.4332137005810341,-22.33231401156491,-43.57237805510284,-15.700087714349303,-72.33044805672186,52.68081490164967,37.61652408277237,4.370485540711876,9.401903280286804,46.77272441566076,3.1739190496245913,-76.0396310613331,-3.4482560382738905,-10.455204508638744,84.05001469162293,22.364723316447687,-8.932912916827043,6.308721534013145,-13.349197268696582,47.116904707768775,-6.61233245286599,8.840513563510184,40.32694801858594,43.05716319291768
-160.87279709851606,-110.1085731397794,-124.78074984189247,107.6536006397636,62.054336368191684,-76.69422570139956,17.60978182840138,48.71252643364844,-36.30476189786991,-40.31259923480232,-59.8615637823646,-69.56271543113347,123.01223726880559,14.915797049016719,59.80255110795591,-9.370337848101675,-7.031932574488415,30.69565376095472,-100.67669278055722,-37.63843012435463,-138.89587072270916,-3.061815925708431,-25.75833650193913,-141.49101330132999,15.504226236033142,-51.803685628303946,31.100910894243206,-34.50860682918784,72.90531007685243,-52.22347307299569,-90.26561858689273,-74.11752770739254,-2.3190887967157416,46.855062317229,90.89237874666745,33.03230503564631,150.86099666830677,-110.05470306620819,-79.39219659827054,-10.12497479429928,-19.750303837938134,-98.14000096652585,-6.082628299112561,159.1160426964936,6.6440012776450175,21.38179285879956,-174.2842183228573,-46.29049631642582,18.838053785698037,-12.65679462512782,27.994937871000122,-98.8551987474897,14.218813991627023,-18.763974900563564,-83.69969184534258,-89.50892170012047
116.11505810464378,79.85944671551171,89.94373325741861,-77.53330293120165,-44.89142322118171,54.936441875187406,-12.54746364033953,-34.81913750682734,26.49980925724023,28.807959412514478,43.80891743982886,50.53226203514779,-88.71238663890183,-10.262604193173328,-43.07530287747318,6.717720365786897,5.19324053233595,-22.35085309860281,73.01453496787877,27.192045517116785,99.91203128294559,1.7866612330332272,18.756729554617046,101.90288291403918,-11.199437482766575,37.707748726836364,-22.612289934985878,25.161987619490276,-52.22347307299569,37.77471474660218,64.66523101782451,52.967744752974376,1.9593826410421356,-33.617980587795174,-65.5029626660997,-23.763864689945102,-108.87750776954513,79.22163403974537,56.890778708232816,6.9638739821199795,14.136991233888194,70.62345643905357,4.566981292140235,-114.54736540475162,-4.980214048662028,-15.502020303315367,125.99653243826036,33.44137639856976,-13.489275109423135,9.363325488147414,-20.125143820937907,71.10026501200312,-10.101356189446111,13.433619642032953,60.454032239830646,64.67442794064797
199.27392439506647,136.51749297486015,154.5419356400496,-133.4402620202742,-76.90491409504207,94.92640570345347,-21.673712973002825,-60.20560884851505,45.02146146311901,49.8938618604615,74.07738010828155,86.32933795392171,-152.3539764416901,-18.485802698866685,-74.04508482325397,11.467492026507477,8.731887499734786,-37.994614489466905,124.8178283564581,46.565447788074415,171.9608063438925,3.7855145239009107,31.898925501203315,175.3554501395543,-19.27791512980826,64.35071924849197,-38.60859766081768,42.801358380800984,-90.26561858689273,64.66523101782451,111.83586776290599,91.81353998852364,2.8429888757898927,-58.11153705944683,-112.6272141713292,-40.83281572993682,-186.72644169258183,136.40400629088265,98.31897492174053,12.458335320844636,24.52135266491058,121.430921640738,7.574609303375058,-197.0525022885742,-8.262486293211062,-26.594363460650428,215.97305492352186,57.44325056622253,-23.34780485744115,15.62979174997203,-34.67938381011811,122.38059863589153,-17.58770827388018,23.197224601841945,103.75934875499016,110.84855324808784
163.27163909735393,111.6713288092387,126.72784216878607,-109.38568418482812,-62.960786769100665,78.02234156077667,-17.87170775491818,-49.514938537492924,36.76838204041415,41.03597700122547,60.45107430293886,70.54632239235532,-124.85930179781953,-15.39521703196392,-60.72870414986594,9.446802609164724,7.118013054869763,-31.04093749870997,102.1034347425855,38.198199676262064,141.08310414667747,3.289092339746113,26.035462801806904,143.7363516462206,-15.80783343939585,52.52160171838595,-31.54456236341131,34.97442523461828,-74.11752770739254,52.967744752974376,91.81353998852364,75.43765974000253,2.203520594085893,-47.6799263287669,-92.35111298347799,-33.49629997002499,-153.029037238639,111.8602201650465,80.76698694568519,10.395633017150123,20.090705581965604,99.58998959340586,6.10412942396061,-161.58351766991436,-6.653571627544321,-21.719926355730127,176.83825139450744,47.044407991904414,-19.16678029346866,12.740693850001508,-28.474694617276363,100.43614733921613,-14.491382679145294,19.066984421778177,85.01222965929527,90.81656456384273
5.868628453591864,4.337643595456494,4.323734743520809,-3.7259770047026786,-2.348391145243238,2.2856550764306465,-0.49514918374240696,-1.454662239202524,1.5621706046947659,1.1396554651820987,2.8156927070585165,2.8361167799512557,-4.433847983180215,0.04762475709115725,-2.064666659675431,0.33999318198139183,0.3239264575778559,-1.352531062011044,3.964362723901923,1.3159035319943178,4.699231271119259,-0.32221082294131137,1.1830602015552638,4.938955363790233,-0.47552830454392225,2.2125618395625035,-1.2705798755224413,1.4332137005810341,-2.3190887967157416,1.9593826410421356,2.8429888757898927,2.203520594085893,0.4053544967944466,-1.4900983937756198,-3.1145769904653022,-1.1801536203707539,-5.5402099767802895,3.7145438534306985,2.4229526918503876,-0.001632405701938526,0.6721724981948233,3.4657439544458497,0.4277142076772058,-5.533205359606128,-0.4870751056451633,-0.8491601822289119,6.555418615281359,1.6486238965323228,-0.589920762311644,0.6566680875213126,-0.8777682567572327,3.279818162294115,-0.3490913061656642,0.5835084238466987,2.988148688620724,3.301284431807467
-103.62235661294373,-71.13403728388697,-80.33053281831442,69.43695620635751,40.03247427561309,-49.25450697151301,11.143065737086868,31.161271025542717,-23.487672541228214,-25.878315151427287,-38.53774285728335,-45.055347906740536,79.19745559050327,9.559726276736496,38.468128650159386,-5.849695750603216,-4.5726717341020455,19.758843504104338,-65.03300125713702,-24.175105301454497,-89.30917128297848,-1.9109256191094,-16.5998008385341,-91.22601909157335,10.083499450286181,-33.639924647170226,20.16145017122404,-22.33231401156491,46.855062317229,-33.617980587795174,-58.11153705944683,-47.6799263287669,-1.4900983937756198,30.248586566376602,58.5852498062355,21.15761002981387,96.98366832818179,-70.9657744928178,-51.05746713138578,-6.372622139059731,-12.778105047658256,-63.01187596559174,-3.990520119849473,102.39489460402147,4.34276838546532,13.92069294059609,-112.39691266355676,-29.95457104220386,12.137239725363747,-8.119527168464264,18.02615392410125,-63.553574063064374,9.106589120525634,-12.013637490727765,-54.0236525401768,-57.630092609795106
-201.54187366899353,-138.44295770758322,-156.28652478002692,134.80802211839332,77.87704967018463,-95.72010164639337,21.795842809365574,60.600593960359056,-45.83875832860144,-50.244002565424154,-75.4639255943896,-87.58423216698563,154.00641656168915,18.308093013170218,74.83767540572639,-11.556659355552995,-8.974870210394085,38.58131110196509,-126.57361879012414,-47.202356653585966,-173.65411287670685,-3.4530236873107802,-32.34982514475595,-177.12372716961414,19.568764386382895,-65.3196125926252,39.19873919153125,-43.57237805510284,90.89237874666745,-65.5029626660997,-112.6272141713292,-92.35111298347799,-3.1145769904653022,58.5852498062355,113.88897347970105,41.20362174519206,188.84076195841857,-137.81263549799888,-99.11781232640193,-12.330097402756216,-24.61890165035598,-122.57380760372354,-7.787507214503038,199.01007252663314,8.466693125343115,26.9304607188931,-218.59511773119334,-58.15435183085812,23.503623775669546,-16.05586093950356,35.051530987277815,-123.62527819759907,17.653620290831263,-23.366770048581934,-105.04475728766377,-112.20698697957138
-73.0805138528438,-50.03593026617035,-56.63905303340025,48.770785524071634,28.19038037853342,-34.737192432383445,8.057472078863796,22.12411388642838,-16.53854587622323,-18.239151579892592,-27.4592486351475,-31.577188910173497,55.87822133883848,6.579748092480106,27.156327526440148,-4.360347513520112,-3.2056705759485933,14.040280052229924,-45.75354760261386,-17.132635508821622,-63.046994359015365,-1.2524599944006531,-11.780500828112041,-64.13147149158345,6.96665217610089,-23.499051586282555,14.111745876330358,-15.700087714349303,33.03230503564631,-23.763864689945102,-40.83281572993682,-33.49629997002499,-1.1801536203707539,21.15761002981387,41.20362174519206,15.057800817468548,68.65300996715848,-49.84236110034499,-35.93302251952714,-4.54354425468546,-8.904428775695187,-44.63959223055338,-2.797600705509348,72.22399690059225,3.068276345439532,9.651932734905202,-79.17221139518135,-20.942607420781847,8.513672396948849,-5.856004777452904,12.674504068868263,-44.86209911377591,6.423120614195016,-8.524529992715596,-37.94980844642855,-40.69781589301968
-334.8141901096523,-229.9423142184025,-259.3634093067749,223.57573267620654,129.35198130119343,-158.62518920734618,36.37227071436222,100.68495520997003,-76.18408981415239,-83.2227810707382,-126.06786202174497,-145.41017953759234,255.86819120722333,29.799354938136737,124.25622856446364,-19.515574715189878,-14.865640871128237,64.38552630994403,-210.23981631527283,-78.38113618151408,-288.32016189612,-5.375772115079867,-54.053549432316,-293.89094924383807,32.17913177886352,-108.44278714016083,65.03853378963362,-72.33044805672186,150.86099666830677,-108.87750776954513,-186.72644169258183,-153.029037238639,-5.5402099767802895,96.98366832818179,188.84076195841857,68.65300996715848,314.0821784475258,-228.4410130898171,-164.2427148447037,-20.30177557990133,-40.8319132554779,-203.90670771814905,-13.067029909280537,330.50206119087034,14.278002559120957,44.586955529719226,-363.13892010972984,-96.29581789562997,38.952749473287675,-26.889376570743277,58.033300807832916,-205.1520987700638,29.224158905683343,-38.834403597164204,-174.17369849833327,-186.44859562338092
