V1,V2,V3,V4,V5,V6,V7,V8,V9,V10,V11,V12,V13,V14,V15,V16,V17,V18,V19,V20,V21,V22,V23,V24,V25,V26,V27,V28,V29,V30,V31,V32,V33,V34,V35,V36,V37,V38,V39,V40,V41,V42,V43,V44,V45,V46,V47,V48,V49,V50,V51,V52,V53,V54,V55,V56
1.6649490428109994,2.632004549627601,-0.6359683869728295,-0.5118923171500421,-1.063362804919278,-2.455299540185137,1.0610835472984548,1.4135040383071895,1.1680743308536354,-1.5075514572713378,3.0629431514196956,2.63418227141699,-1.103941058437386,2.931193863224564,0.2551589007033641,-0.31869255685089254,0.06649255151114895,-1.4224857133946374,2.3871493445299143,-0.8117447444207995,-0.7906190756549557,-1.8791342371352215,1.8394406259727465,1.0325543786369706,0.6026911272150749,2.8942647232320375,-1.1182271672547084,0.7421461024516125,0.42054638873728617,0.424039925762947,-0.4981729861642611,-1.0501888928975764,1.4622641294210494,0.17108208937699323,0.4703733902444393,-0.20441411256218242,-1.2914707842452424,-0.35699800710633794,-1.7447394763161759,-2.089608525569954,0.8692196521507537,0.5813145378702027,1.357580820996757,-0.5066643748294164,-1.7284069060356904,-1.103254407661019,3.0533382095668293,0.32325308035957856,0.05696333983923684,0.4080543363992118,0.7852727335250829,-1.3066039299912264,0.7517846338257783,-0.4049951212607716,0.1924593835446172,0.6694867949340997
2.632004549627601,6.849917059571582,-0.7721009291826304,-0.7121466081329307,-2.4098699053416714,-5.26960893438898,3.0828253453992023,4.404454530641264,3.7890067947747563,-3.460603460337702,6.885849955762369,6.422354706115829,-1.161548589987123,6.060948411581099,0.7043702675626972,-1.632116970242399,1.1016944272553288,-2.6716077304819614,6.178073471758519,-0.7610411704984336,-2.8642643126967418,-4.734827569718566,2.9680084835680565,1.0592925306880085,-0.1731638665785611,6.64736360511849,-3.0429318984223794,3.1315212793381377,3.0088271634830925,1.1277584951218915,-3.07339248498551,-4.138781519200275,3.135656641622208,0.6892083783708827,0.22607829812780653,0.7843276864173222,-1.0135685539980264,-0.47057603057538033,-4.149607159293319,-4.913677270179916,0.5460819946524609,-1.330437719683416,2.8403297303128783,0.8989456585319135,-3.1856350720238726,-2.490681305236023,6.0880544521084055,1.623569152677437,0.5786928681340338,1.6885396639346222,1.0885716693670626,-2.85294760919587,1.9220082210744294,-1.37821631895319,1.6566068840500614,1.5021085352660233
-0.6359683869728295,-0.7721009291826304,0.8485076154831445,0.12085086004371652,0.348918714986895,1.5018507847990108,-0.46054816050190156,-0.5685108392958037,-0.17146103089950837,0.8354209281946126,-1.2334722847514292,-1.029426525486105,0.5232461599380501,-1.5726287481678398,-0.27800959841176437,0.027946993589058715,0.23014535803037547,0.7103829253386926,-0.7089669214347114,0.820617644199344,0.5302651139762323,0.7656433689236024,-1.1148583638898382,-0.5022256986822579,-0.6938119220122729,-1.3146896369386143,0.35563305581835186,0.10368812595966619,0.1271267616605267,0.009102894250346168,-0.056408482475534726,0.21904244365756415,-0.7072629775074298,-0.07900668314490275,-0.6762052964407337,0.28602027093526877,0.6014566099250452,0.5167594970840601,1.0019446808614212,1.0154938854536697,-0.7786662178968735,-0.621662227281372,-0.7107777079129077,0.3129174994587516,1.012958928266519,0.5355342099305409,-1.2295437435915866,0.14677794641029224,0.0516517263187186,0.08239128010084627,-0.6349617934749199,0.9723294476864937,-0.3497732805214261,0.15519988252801645,0.42232264724891905,-0.04765603505780662
-0.5118923171500421,-0.7121466081329307,0.12085086004371652,0.4188749690638655,0.3079685642280178,0.5312849058963033,-0.40770888833767144,-0.37603099960468434,-0.2200659438350396,0.29818569463966965,-0.3786916567996364,-0.8044729891815063,0.3617794553903587,-0.4944069879213751,-0.05347701314041331,0.2727950850820459,0.027926326140920728,0.24326539108122952,-0.6409352329964941,0.33690208989284204,0.11138044379830492,0.2679700452555009,-0.4168075063991971,-0.6159782547486478,-0.06979354793073793,-0.9118537371910828,0.34590386934497036,-0.13111548731471329,0.09909708006175943,-0.039951941655777416,-0.24028563587488688,-0.07565671136390172,-0.1859584120975645,0.20580053416863034,0.005239032915742354,-0.00852714016048337,0.18756066426643916,-0.17931405993722163,0.24967365867087143,0.49852170732088746,-0.42554668522109246,-0.12604314419555132,-0.3367876007787436,0.3109405874524415,0.4286989517290663,0.4440743862533232,-0.9133028746551082,-0.23850802392912532,0.08026907037814503,0.10891575708607615,-0.16693588934660172,0.3029959012700171,-0.14422540743327897,0.11096275618306307,-0.16252257299534023,-0.12192654274352739
-1.063362804919278,-2.4098699053416714,0.348918714986895,0.3079685642280178,0.8775586722286524,1.948142852707219,-1.0662794051118503,-1.4953448303745682,-1.268619348624173,1.2567588896206188,-2.4961671249984927,-2.300615825208499,0.5458018420293267,-2.253503656534923,-0.2467212557673562,0.5166239031132087,-0.3092708333990353,1.020003935519018,-2.1743929534449546,0.3856920084720103,0.9475615516249343,1.6730360350792763,-1.1901684703353288,-0.5118653573392588,-0.07926454163144044,-2.419118397090416,1.0629118821384975,-1.0009231397095997,-0.898904890852609,-0.3897967735270055,0.9269853979794558,1.3338481097392245,-1.1522790385498978,-0.21564023062852872,-0.16156316284222216,-0.17350909336748613,0.5357434338130864,0.19724548488582574,1.491912111943593,1.7746800188334126,-0.3401773097311262,0.24151238696061916,-1.0573305066272334,-0.13499582965198198,1.2295312490047827,0.9144484292413392,-2.2938986562782198,-0.5112271713510309,-0.16593130964482308,-0.5334973477816288,-0.4614564526681508,1.0532723512658573,-0.6793108599475741,0.4584661533145126,-0.48992545236910245,-0.5426754951951841
-2.455299540185137,-5.26960893438898,1.5018507847990108,0.5312849058963033,1.948142852707219,5.162538897119592,-2.4480422817972447,-3.441914481878972,-2.62699397021841,3.214511729157762,-5.99664201349964,-5.273071008368696,1.386572369551578,-5.821977310471084,-0.7688650859135487,0.990208589604163,-0.42667649038196814,2.6011174208732704,-4.772854007789706,1.430599590920805,2.433763081387234,3.9842919027645936,-3.261911220852291,-1.2103225573111531,-0.7691307594148775,-5.745313576931912,2.335381732736266,-1.8686476247910921,-1.7778837291609229,-0.7376411855731817,1.9557386581772516,2.959300868880532,-2.9026108426890076,-0.5995877081502854,-0.9863166560997176,-0.10675207039807881,1.4748363768129527,0.9894577749654259,3.8756586263394945,4.339119317417673,-1.237235889293519,0.029808717114309848,-2.6611271382688138,-0.19012836382569048,3.2510457464003455,2.1728047850292573,-5.343966981096974,-0.8007422627571941,-0.3260931658129991,-1.0368240801312238,-1.4672689741423204,2.965298053700902,-1.6472251289886262,1.0500411666863358,-0.5074860687450726,-1.0469936997377105
1.0610835472984548,3.0828253453992023,-0.46054816050190156,-0.40770888833767144,-1.0662794051118503,-2.4480422817972447,1.565854770265578,2.1335897072368395,1.6736017015228335,-1.5827746667576748,2.8008147453149514,2.9944483820074286,-0.41754812882907816,2.6115985154662007,0.39147076476129644,-0.9322443985248264,0.48840657586630676,-1.0932552413291554,2.774601286357064,-0.4708932088155094,-1.4478115475361926,-2.0411611371950062,1.2715976308974923,0.5569548298959983,-0.16077124309196172,3.1422539804410285,-1.4264563945912732,1.3944013115378728,1.3687587789731968,0.40993803968780723,-1.294405676467714,-1.7811409862805654,1.2990535908322545,0.19210716025036081,0.09937102064133553,0.47738790381080165,-0.13251461359462066,-0.13687638877791228,-1.8690044008581135,-2.25990222850186,0.35053878207597733,-0.8120757986775509,1.2918462538537332,0.5171365831396765,-1.4372096395747176,-1.2488579586560566,2.6846137098836693,0.8340000305531877,0.22869000177193255,0.6202199350518895,0.49525003721880634,-1.4121278822498746,0.8738602469494944,-0.676529170893676,0.7790497897982326,0.5479059666586578
1.4135040383071895,4.404454530641264,-0.5685108392958037,-0.37603099960468434,-1.4953448303745682,-3.441914481878972,2.1335897072368395,3.04232637722605,2.5023886200404766,-2.2651267358086224,4.244062936243853,4.162207400597031,-0.48521386685315115,3.795660348808664,0.5385930228814899,-1.226977189040294,0.7901672021639821,-1.5934067849163194,3.9662627735127574,-0.46741971858496895,-2.1079935600945294,-3.0485164068498065,1.744543066405134,0.4925311191835536,-0.28329212925173786,4.3043578989975355,-2.004861919502207,2.118294522400127,2.18600932905419,0.6609857836730942,-2.1843733333304907,-2.8422877563423468,1.945767230999093,0.453255611972215,0.12774402450979072,0.6998680517175803,-0.22114168908529808,-0.31503796258445116,-2.739167274375511,-3.199413295594917,0.2456967000862663,-1.268992997808796,1.8022660696305632,0.9339870755137839,-1.9718513529069523,-1.6383466779530311,3.6819156016699797,1.1397244488128841,0.4141478941952265,1.087825931273824,0.6547805866653377,-1.946365200972502,1.2685398023028298,-0.9667036469158838,1.1357429279384479,0.8442807600280546
1.1680743308536354,3.7890067947747563,-0.17146103089950837,-0.2200659438350396,-1.268619348624173,-2.62699397021841,1.6736017015228335,2.5023886200404766,2.270674235932983,-1.7979793988358828,3.7367301820038894,3.4026726919315156,-0.3405538251494669,3.0757560956402465,0.3539234355151877,-0.9640719672715113,0.8095760929186415,-1.3175742545603553,3.4119985543437457,-0.06181086361661138,-1.6612319809549951,-2.630566749799821,1.2880301666966791,0.20178225894999055,-0.4215258417821395,3.4047840533696094,-1.6800945500442224,1.9941983523834277,2.056987465420385,0.6831559460313776,-2.1181735209337003,-2.625251062315678,1.6504104654048097,0.4942072265465453,-0.0899671514853188,0.6446070390404733,-0.24345329608540495,-0.19679479082328194,-2.205122262924383,-2.576704621404451,-0.11850216978607538,-1.2184068391602545,1.4149685492112072,0.8980717708717707,-1.4794000867342512,-1.226841131823288,3.006406228389643,1.0088183540670297,0.42728333542633523,1.1411012746300655,0.39376283752157226,-1.3847536290871083,1.0490709995669536,-0.7972428914836425,1.1469279421220147,0.8524979600973557
-1.5075514572713378,-3.460603460337702,0.8354209281946126,0.29818569463966965,1.2567588896206188,3.214511729157762,-1.5827746667576748,-2.2651267358086224,-1.7979793988358828,2.034725593616234,-3.8762472990074683,-3.3892345527554144,0.7905561062276064,-3.6546897418924256,-0.4710232939546281,0.6761206142427899,-0.3681244749759567,1.6263518353642858,-3.126663184545349,0.7638499447925817,1.594627272518054,2.5968084125697453,-1.964799129011703,-0.647291557180055,-0.3461641363304806,-3.6382526193292595,1.5317280118795071,-1.3437091531763228,-1.319246254874251,-0.5155166221075765,1.4369907206353845,2.0601112297642254,-1.8490829347850812,-0.4265546419295508,-0.5239519130495675,-0.1649100111270629,0.840617219631325,0.5824130738701524,2.4682446710927604,2.7656134680913373,-0.6241908965831915,0.22188932286877264,-1.6662133071664817,-0.2680354813695266,1.992312854157497,1.3575492019303517,-3.3580130091506066,-0.5851146314469655,-0.2550982938854506,-0.7639528449959205,-0.8531035448143204,1.8223225635771594,-1.064852620403472,0.6911009955376286,-0.4589279090632791,-0.7096734790942586
3.0629431514196956,6.885849955762369,-1.2334722847514292,-0.3786916567996364,-2.4961671249984927,-5.99664201349964,2.8008147453149514,4.244062936243853,3.7367301820038894,-3.8762472990074683,8.132014813745805,6.453525453318272,-1.5976767824419635,7.225821973047085,0.7559478097381775,-1.0460046959018356,0.8785241946724017,-3.299839628627305,6.236383030091571,-1.0404619760853682,-2.866878748203339,-5.282863520036368,3.7686846041094553,0.9660916330279223,0.5983874656897074,6.7782594876544024,-2.941013104950435,2.8693537151552473,2.8053384914685435,1.2465592457744394,-3.2201861367950406,-4.388951795873295,3.7826638127999908,1.0893801218862222,0.8498818143299947,0.23791712547708294,-2.0595791627875375,-1.184762617350447,-4.768368060084262,-5.276545135674572,0.7895417932024227,-0.3576981784593715,3.164678174098398,0.5359238537153639,-3.7427103191971907,-2.379411113321535,6.567914334689118,1.0838438730575155,0.6192606922258351,1.8884672561301756,1.5265311288044108,-3.2140176787402255,2.069671657594853,-1.29641459508233,1.0415964999164453,1.6700522112627707
2.63418227141699,6.422354706115829,-1.029426525486105,-0.8044729891815063,-2.300615825208499,-5.273071008368696,2.9944483820074286,4.162207400597031,3.4026726919315156,-3.3892345527554144,6.453525453318272,6.193105326051928,-1.2784045735031249,5.931824328204098,0.7398742628038335,-1.5474007415080144,0.862730838886806,-2.6166304611736626,5.794942602871522,-1.0784579196808375,-2.736496116887112,-4.43482325374775,3.0774387313270615,1.2980308365904432,0.09952552347396147,6.530789475669269,-2.878823680955895,2.712530274892494,2.5344936217663006,0.965402137405321,-2.5509895443689974,-3.623155617993049,2.9992333764798516,0.5380923370817176,0.4331694959053484,0.6069781343356575,-1.0789748523965277,-0.5205457259178218,-4.025661215462541,-4.776997548463074,0.8993649687038463,-0.9392420873558638,2.816642703344262,0.5974796376567746,-3.2484573749662573,-2.5086880268010403,5.973409187089569,1.4484260407941045,0.4523826627231352,1.3709750945988177,1.2192162047080914,-2.9340530308803205,1.834229341987757,-1.2942393142081654,1.3420475649913146,1.327919722206683
-1.103941058437386,-1.161548589987123,0.5232461599380501,0.3617794553903587,0.5458018420293267,1.386572369551578,-0.41754812882907816,-0.48521386685315115,-0.3405538251494669,0.7905561062276064,-1.5976767824419635,-1.2784045735031249,0.8707822020806656,-1.6831879602479445,-0.12352608876680987,-0.025739910093674236,0.18667035121571213,0.8648879343782346,-1.0686897377008509,0.6986256117257499,0.1978682570821992,0.8732872937346244,-1.2481798852476427,-0.8340887570537433,-0.6754956533654339,-1.5084493002704296,0.4669438412174196,-0.04519346811580884,0.24709134100376096,-0.16986083960823473,-0.1827842398309915,0.1463068186530429,-0.8044441749514335,-0.017530002368086196,-0.45844356758932064,0.38992330901344235,1.0814292162158503,0.2857993279005472,0.8828003760888423,1.0609878717405705,-0.7969574318101363,-0.8942312116537554,-0.7696630319931118,0.70772213977136,1.081358393583872,0.5898729736873585,-1.7725881998722548,0.03541961959022384,0.07443830540052424,-0.02811119057666395,-0.5838322477999771,0.7446815084616959,-0.34668957701890546,0.12231315867187419,0.19910047833633293,-0.33086540509363976
2.931193863224564,6.060948411581099,-1.5726287481678398,-0.4944069879213751,-2.253503656534923,-5.821977310471084,2.6115985154662007,3.795660348808664,3.0757560956402465,-3.6546897418924256,7.225821973047085,5.931824328204098,-1.6831879602479445,6.8000349575138985,0.7970362970705185,-0.9238812745426841,0.5215278273445426,-3.0970952220273986,5.498971451590985,-1.463237697984897,-2.626584467772989,-4.684485201577237,3.7883105180168037,1.2651133457204629,0.943645990490581,6.409473840764332,-2.6208612303379364,2.1941657759702875,2.0689707903744647,0.9656756208799399,-2.3933713083927812,-3.529667303367109,3.4555655324179315,0.8336102951288052,1.1127885828072404,0.0027368120159551794,-2.0279713723549597,-1.2170840412613664,-4.443635927789971,-4.918564757699518,1.260812670059809,0.15511016163571265,3.0278424932403882,0.13502047925713256,-3.7046893419031095,-2.339479835353151,6.17157772997457,0.8183480246533118,0.42232840480849626,1.3735014912039107,1.6602881081806693,-3.2467091269031294,1.88203286571317,-1.152354797554876,0.5699555629830293,1.3506290298138186
0.2551589007033641,0.7043702675626972,-0.27800959841176437,-0.05347701314041331,-0.2467212557673562,-0.7688650859135487,0.39147076476129644,0.5385930228814899,0.3539234355151877,-0.4710232939546281,0.7559478097381775,0.7398742628038335,-0.12352608876680987,0.7970362970705185,0.14732190252911873,-0.1898758252113995,0.060011545622601,-0.328054594541105,0.6375492493674882,-0.23866058850638752,-0.4290538497075525,-0.5430932531363625,0.43248762282637687,0.13341062358877256,0.08934325568509792,0.8222041417076557,-0.33033236813657996,0.2524807858844863,0.28699578336861603,0.0642552097876113,-0.29558210086894027,-0.4305277468877096,0.3820598769436058,0.07618226126857404,0.16717455073084392,0.05807825023386143,-0.07671952867235807,-0.1615037943553354,-0.5725609028898122,-0.6238593379256071,0.18410457319514834,-0.09578019659960145,0.37373777729140406,0.11665145024653013,-0.45235813568963007,-0.3246717642953019,0.6735171264863073,0.12186215551350515,0.046853592335629975,0.11461866015347702,0.21517399691251868,-0.48000120305114224,0.23913616220814474,-0.16910204654731464,0.05241687057746501,0.08718221109163295
-0.31869255685089254,-1.632116970242399,0.027946993589058715,0.2727950850820459,0.5166239031132087,0.990208589604163,-0.9322443985248264,-1.226977189040294,-0.9640719672715113,0.6761206142427899,-1.0460046959018356,-1.5474007415080144,-0.025739910093674236,-0.9238812745426841,-0.1898758252113995,0.724184211639525,-0.3977313239271438,0.3195594237869747,-1.461066091961661,0.05764092409485171,0.8128269485205397,0.9103095293226683,-0.30348425893543646,-0.20879850570184932,0.44594315803039686,-1.5595232946028728,0.7965729478131439,-0.9119881194590196,-0.9266346031225852,-0.19094009929281885,0.775072693807812,0.9740126219952123,-0.44927597886484005,-0.0014230139269335194,0.21564551943738786,-0.50857473006196,-0.39831083870497885,-0.17877970840244342,0.7702400034070238,1.047287268128134,0.018938639739798993,0.9232087998718473,-0.5355680068996506,-0.5376151656723432,0.49682104221517165,0.6638337235567655,-1.1539746307336176,-0.6632971831400579,-0.14153822811001934,-0.32374878607086727,-0.05828606755863109,0.5900773024416816,-0.41522752446409705,0.4072467736753329,-0.6880954311917759,-0.23237763490929456
0.06649255151114895,1.1016944272553288,0.23014535803037547,0.027926326140920728,-0.3092708333990353,-0.42667649038196814,0.48840657586630676,0.7901672021639821,0.8095760929186415,-0.3681244749759567,0.8785241946724017,0.862730838886806,0.18667035121571213,0.5215278273445426,0.060011545622601,-0.3977313239271438,0.4265159456906201,-0.1770401830957705,0.9870298531242178,0.31501022379661187,-0.5251306316106307,-0.7030423339555549,-0.010274984606968381,-0.22815177902469744,-0.4828230203898974,0.748632815415479,-0.4974029755035707,0.8264108945553391,0.9319841761519134,0.23863012388073304,-0.9276303879001242,-0.99510879284099,0.3304510879222182,0.18226034127923119,-0.2883265508093015,0.4189200131689552,0.2970580301940081,0.09167000126580763,-0.4777829200236926,-0.5813051056706822,-0.40686582461948645,-0.852668769758054,0.2412515286188032,0.614463731211634,-0.12842363731038686,-0.2457185900940753,0.5339321182731819,0.4528547597727921,0.20472626538656802,0.47875304442969824,-0.11250098926363275,-0.18695944682536003,0.2712661701690838,-0.26928114872113335,0.6029231928486571,0.254018269653639
-1.4224857133946374,-2.6716077304819614,0.7103829253386926,0.24326539108122952,1.020003935519018,2.6011174208732704,-1.0932552413291554,-1.5934067849163194,-1.3175742545603553,1.6263518353642858,-3.299839628627305,-2.6166304611736626,0.8648879343782346,-3.0970952220273986,-0.328054594541105,0.3195594237869747,-0.1770401830957705,1.4441429122642755,-2.4238938630333355,0.691689837347709,1.0695424163167637,2.085321960804681,-1.7804339968298781,-0.6394973174710192,-0.5291259495181497,-2.841402159540249,1.1365336784749889,-0.9011266938035586,-0.7927480118501756,-0.4452273961453113,0.9614562178263384,1.483254233676437,-1.5790706447104403,-0.37303640568944535,-0.541030179478751,0.09856827739678901,1.0978405146382346,0.5663201004818827,1.9720959314903277,2.1835076522269463,-0.6325886284756299,-0.2787364713449368,-1.3687167791966233,0.10138658970819675,1.7031915283563457,1.0265700666085644,-2.840658466014254,-0.2968296332037955,-0.16618123563411602,-0.5943749571292405,-0.7801821779285351,1.4248990010535243,-0.8271837798236787,0.4721050227939813,-0.18501693517666132,-0.6388660214678434
2.3871493445299143,6.178073471758519,-0.7089669214347114,-0.6409352329964941,-2.1743929534449546,-4.772854007789706,2.774601286357064,3.9662627735127574,3.4119985543437457,-3.126663184545349,6.236383030091571,5.794942602871522,-1.0686897377008509,5.498971451590985,0.6375492493674882,-1.461066091961661,0.9870298531242178,-2.4238938630333355,5.580036404055856,-0.7005237833897482,-2.5740360505064124,-4.27856881175323,2.705017587552797,0.9727218909629411,-0.13330685707145223,6.00269602225854,-2.739887021402317,2.8131772644393678,2.696727282978378,1.0204316004484937,-2.7625763724588297,-3.7244482333288573,2.841369504710939,0.6240670280663492,0.2168367819260704,0.6862453342762118,-0.9463303476929035,-0.44152533854501846,-3.7481537123868143,-4.435079749506304,0.5077484025212026,-1.1671154486217346,2.568816081074925,0.793498130417139,-2.888529203951837,-2.24744012997497,5.511401144068307,1.4549344103703012,0.5197646494007124,1.5256281245733911,0.9963284116210849,-2.5845243809783107,1.7337409429530866,-1.2486307676979613,1.475764886373773,1.3580858263750824
-0.8117447444207995,-0.7610411704984336,0.820617644199344,0.33690208989284204,0.3856920084720103,1.430599590920805,-0.4708932088155094,-0.46741971858496895,-0.06181086361661138,0.7638499447925817,-1.0404619760853682,-1.0784579196808375,0.6986256117257499,-1.463237697984897,-0.23866058850638752,0.05764092409485171,0.31501022379661187,0.691689837347709,-0.7005237833897482,0.9410391397475979,0.35142956072028947,0.6143873700447193,-1.1711539888082627,-0.819996167966917,-0.7473400539700543,-1.4008803644442882,0.3573749990177751,0.22266950791716325,0.4036482635312651,0.036347713165951895,-0.4137609058332806,-0.11064221618889296,-0.6175114882315452,0.08764245300237182,-0.6312810001893187,0.3535110075870521,0.7130115997157518,0.358420176723912,0.8477252796275621,0.9692794484484049,-0.9823779374390188,-0.8270532086175046,-0.7165763019650252,0.6044616300616173,1.049649016332886,0.6211295662445978,-1.4067128119105128,0.11142813959563302,0.13799925335576632,0.23901259371873784,-0.6503386042354454,0.9187388085097483,-0.3005782173887294,0.11986403385605324,0.41668319118247066,-0.055403400053393524
-0.7906190756549557,-2.8642643126967418,0.5302651139762323,0.11138044379830492,0.9475615516249343,2.433763081387234,-1.4478115475361926,-2.1079935600945294,-1.6612319809549951,1.594627272518054,-2.866878748203339,-2.736496116887112,0.1978682570821992,-2.626584467772989,-0.4290538497075525,0.8128269485205397,-0.5251306316106307,1.0695424163167637,-2.5740360505064124,0.35142956072028947,1.58576638777385,2.0961840885911944,-1.171065943529264,-0.14880050664864408,0.15357061078428214,-2.849948069964166,1.319932625580486,-1.39728743935603,-1.5712885287648786,-0.39886935391770434,1.6070820195608715,2.0378537381440753,-1.3432249609141869,-0.3853136463130003,-0.2070093928239816,-0.49650734778755967,0.019482408908703445,0.36348071585820935,1.9714792451604093,2.191266795915931,-0.1342132323769991,0.9432441235483462,-1.222822679105226,-0.8074522524095896,1.3414776034615055,1.0724877127645949,-2.306862142065004,-0.6979945007381956,-0.3089432285581703,-0.7413941647595813,-0.4834467536633457,1.4317648058967625,-0.8823467058480363,0.6674332436743086,-0.6605828579458349,-0.4840695544054605
-1.8791342371352215,-4.734827569718566,0.7656433689236024,0.2679700452555009,1.6730360350792763,3.9842919027645936,-2.0411611371950062,-3.0485164068498065,-2.630566749799821,2.5968084125697453,-5.282863520036368,-4.43482325374775,0.8732872937346244,-4.684485201577237,-0.5430932531363625,0.9103095293226683,-0.7030423339555549,2.085321960804681,-4.27856881175323,0.6143873700447193,2.0961840885911944,3.539576405287054,-2.336426709003907,-0.5568006585934241,-0.15928007755202894,-4.625084174803326,2.0644269438327174,-2.098318720158886,-2.1210625616797736,-0.8154189698713704,2.3262133201828634,3.0915539365738556,-2.4457721481619905,-0.6937341824655969,-0.4386827053456399,-0.3728760953990879,1.0058178505060693,0.6810752594591778,3.1901912499664946,3.5683729360934273,-0.40592947588600903,0.6564945699811648,-2.091756405580404,-0.6323161138316729,2.409884211363243,1.6572058020445446,-4.293574880861266,-0.8983225039233484,-0.4488340182691632,-1.2870140517471313,-0.9269147369454819,2.17131359182874,-1.4106350301543216,0.943744261677796,-0.8873137634535895,-1.0699432241265752
1.8394406259727465,2.9680084835680565,-1.1148583638898382,-0.4168075063991971,-1.1901684703353288,-3.261911220852291,1.2715976308974923,1.744543066405134,1.2880301666966791,-1.964799129011703,3.7686846041094553,3.0774387313270615,-1.2481798852476427,3.7883105180168037,0.43248762282637687,-0.30348425893543646,-0.010274984606968381,-1.7804339968298781,2.705017587552797,-1.1711539888082627,-1.171065943529264,-2.336426709003907,2.3722671119848533,1.078613660678789,0.94194460080638,3.4673854452593615,-1.2688643740752925,0.7278813935959084,0.5074865652014224,0.420455505979209,-0.6782247629570006,-1.3422376849293411,1.8649716229541973,0.31677583250945024,0.865951797088826,-0.3229190718256492,-1.5148746858751756,-0.7479182700188289,-2.3383468192056203,-2.606578227184435,1.1465423304831983,0.7824248550283985,1.7014990748505694,-0.47230577452602673,-2.2110709627880514,-1.3056970505887442,3.5145461300718934,0.20403370307630037,0.08072778716469137,0.4512037532588978,1.1093073648960787,-1.8467672023234367,0.9500198580491518,-0.5093184588522233,-0.06653179863463467,0.662976387440993
1.0325543786369706,1.0592925306880085,-0.5022256986822579,-0.6159782547486478,-0.5118653573392588,-1.2103225573111531,0.5569548298959983,0.4925311191835536,0.20178225894999055,-0.647291557180055,0.9660916330279223,1.2980308365904432,-0.8340887570537433,1.2651133457204629,0.13341062358877256,-0.20879850570184932,-0.22815177902469744,-0.6394973174710192,0.9727218909629411,-0.819996167966917,-0.14880050664864408,-0.5568006585934241,1.078613660678789,1.114967581350514,0.5336950966852487,1.5685952526875697,-0.4844016014989565,-0.04639470967706164,-0.43449887741780396,0.04870583562920725,0.5551014312061755,0.2333765698700439,0.5195553428456935,-0.25450274370171894,0.3232667511165726,-0.2735254641274365,-0.749491425321405,-0.00626894827208866,-0.6234311804236763,-0.9404549278297464,0.9668249583229463,0.7468738851186171,0.6943955946826547,-0.7810286167392074,-0.9793682017288344,-0.7255343108632514,1.7010229320063999,0.12851974040308775,-0.17051679866272657,-0.23113578738319743,0.51597210403216065,-0.7067671178501294,0.2699924746970823,-0.13741409618299702,-0.09667543058619704,0.19829612197767832
0.6026911272150749,-0.1731638665785611,-0.6938119220122729,-0.06979354793073793,-0.07926454163144044,-0.7691307594148775,-0.16077124309196172,-0.28329212925173786,-0.4215258417821395,-0.3461641363304806,0.5983874656897074,0.09952552347396147,-0.6754956533654339,0.943645990490581,0.08934325568509792,0.44594315803039686,-0.4828230203898974,-0.5291259495181497,-0.13330685707145223,-0.7473400539700543,0.15357061078428214,-0.15928007755202894,0.94194460080638,0.5336950966852487,0.9640513977349121,0.3589050587521811,0.12849045180726107,-0.6633232016049222,-0.8182101214238747,-0.07970127066721631,0.6735112024413017,0.5101978117159068,0.40826352831746654,0.01715219497588234,0.7127151282407004,-0.6515324140783286,-1.0164427267457583,-0.5047151480924501,-0.4043513017661992,-0.3179030201323298,0.8198362367671154,1.327209968644769,0.3662856616384073,-0.8405565098661782,-0.6941910912031635,-0.1321943726059294,0.6686474534248004,-0.5218447261984498,-0.16764227226475625,-0.28758164999369107,0.5653490093450242,-0.4800286902641802,0.06087581746007394,0.12760856065135245,-0.7763043926156205,-0.010157791279614633
2.8942647232320375,6.64736360511849,-1.3146896369386143,-0.9118537371910828,-2.419118397090416,-5.745313576931912,3.1422539804410285,4.3043578989975355,3.4047840533696094,-3.6382526193292595,6.7782594876544024,6.530789475669269,-1.5084493002704296,6.409473840764332,0.8222041417076557,-1.5595232946028728,0.748632815415479,-2.841402159540249,6.00269602225854,-1.4008803644442882,-2.849948069964166,-4.625084174803326,3.4673854452593615,1.5685952526875697,0.3589050587521811,6.979960384050677,-2.985539209461747,2.619310048427331,2.3849036696008166,0.9451027650021143,-2.398917710029882,-3.569318124009298,3.198074938881609,0.5074557332399043,0.6545427227756515,0.4826447509507459,-1.3149456958392702,-0.6476777669257986,-4.302155236115624,-5.088797460514157,1.234147191174245,-0.6515409990040766,3.0504143953828993,0.39222200165984955,-3.595396305127219,-2.7089822466091276,6.421755785516663,1.3991425745338737,0.4026937228114173,1.2807793409242465,1.4398751925713393,-3.241863570816522,1.9297271354780823,-1.3291406252723015,1.1858531445854419,1.336296174728172
-1.1182271672547084,-3.0429318984223794,0.35563305581835186,0.34590386934497036,1.0629118821384975,2.335381732736266,-1.4264563945912732,-2.004861919502207,-1.6800945500442224,1.5317280118795071,-2.941013104950435,-2.878823680955895,0.4669438412174196,-2.6208612303379364,-0.33033236813657996,0.7965729478131439,-0.4974029755035707,1.1365336784749889,-2.739887021402317,0.3573749990177751,1.319932625580486,2.0644269438327174,-1.2688643740752925,-0.4844016014989565,0.12849045180726107,-2.985539209461747,1.3717115857215574,-1.4005318336143768,-1.3558849231459371,-0.47189929223309823,1.346337651728332,1.8182646807018157,-1.342488574093984,-0.2655611583634764,-0.0782651746847869,-0.404097044019229,0.3235189520362392,0.16607027849202344,1.8271469906744717,2.184999370958282,-0.2552799441456112,0.6882577115654989,-1.2537648235128398,-0.4489697354504286,1.394941330677792,1.1422607584223186,-2.668038320386115,-0.7668477877220233,-0.24998039548125392,-0.709523608194162,-0.46769526595213806,1.2880708448749498,-0.8525974615708546,0.6289345172011995,-0.7685457864616316,-0.627927514562531
0.7421461024516125,3.1315212793381377,0.10368812595966619,-0.13111548731471329,-1.0009231397095997,-1.8686476247910921,1.3944013115378728,2.118294522400127,1.9941983523834277,-1.3437091531763228,2.8693537151552473,2.712530274892494,-0.04519346811580884,2.1941657759702875,0.2524807858844863,-0.9119881194590196,0.8264108945553391,-0.9011266938035586,2.8131772644393678,0.22266950791716325,-1.39728743935603,-2.098318720158886,0.7278813935959084,-0.04639470967706164,-0.6633232016049222,2.619310048427331,-1.4005318336143768,1.8510107814849588,1.9625518611702022,0.5920853694688559,-1.9787258209645247,-2.3322316907615677,1.2170108920403777,0.4176856838349799,-0.3104208288745472,0.7357164016071599,0.12458963027994341,-0.0077134664556067,-1.6623695035981039,-1.9804034745004506,-0.39712797678127043,-1.4313843007358897,1.021679704626122,1.022813867199738,-0.9620274031656074,-0.932688686217236,2.2043385127073765,0.9827178370948442,0.4125036796797986,1.046601968642528,0.12686103893810496,-0.9530434041270003,0.8325827104827934,-0.687899204412582,1.188787032025308,0.7057192706876817
0.42054638873728617,3.0088271634830925,0.1271267616605267,0.09909708006175943,-0.898904890852609,-1.7778837291609229,1.3687587789731968,2.18600932905419,2.056987465420385,-1.319246254874251,2.8053384914685435,2.5344936217663006,0.24709134100376096,2.0689707903744647,0.28699578336861603,-0.9266346031225852,0.9319841761519134,-0.7927480118501756,2.696727282978378,0.4036482635312651,-1.5712885287648786,-2.1210625616797736,0.5074865652014224,-0.43449887741780396,-0.8182101214238747,2.3849036696008166,-1.3558849231459371,1.9625518611702022,2.263071550871725,0.5816069023143465,-2.3277550512424283,-2.6163162080167903,1.1833152920496566,0.5513466133240481,-0.33031844869807164,0.874184352182968,0.422971209261565,-0.10350886815677678,-1.6998822115956134,-1.9053517999335985,-0.6726029843031522,-1.7807843925156388,0.9249278294593423,1.4078629013243382,-0.7942408722491067,-0.8040165130694171,1.8142562271192102,0.9773028006991219,0.49839144776612654,1.1691630533938948,0.038518864908226653,-0.9327940380257107,0.8393992904251922,-0.7169884468922051,1.2217240670947311,0.6380282934342726
0.424039925762947,1.1277584951218915,0.009102894250346168,-0.039951941655777416,-0.3897967735270055,-0.7376411855731817,0.40993803968780723,0.6609857836730942,0.6831559460313776,-0.5155166221075765,1.2465592457744394,0.965402137405321,-0.16986083960823473,0.9656756208799399,0.0642552097876113,-0.19094009929281885,0.23863012388073304,-0.4452273961453113,1.0204316004484937,0.036347713165951895,-0.39886935391770434,-0.8154189698713704,0.420455505979209,0.04870583562920725,-0.07970127066721631,0.9451027650021143,-0.47189929223309823,0.5920853694688559,0.5816069023143465,0.2511334203710389,-0.6452318009080587,-0.79456264264413,0.539766867806581,0.1918489136587885,-0.030978545942467486,0.12274817967360803,-0.24417164087612386,-0.08315103128314717,-0.6412252759159781,-0.7373282110749245,-0.07103689079278361,-0.23887164950195716,0.4140749500299656,0.18679897335305032,-0.44101242468905705,-0.3088695341998088,0.9385537072907301,0.253282444711222,0.13634390049081074,0.3978698975444581,0.11582372090982943,-0.34346293013628215,0.3030575077464781,-0.2089338965941596,0.3258811124948131,0.318926916145854
-0.4981729861642611,-3.07339248498551,-0.056408482475534726,-0.24028563587488688,0.9269853979794558,1.9557386581772516,-1.294405676467714,-2.1843733333304907,-2.1181735209337003,1.4369907206353845,-3.2201861367950406,-2.5509895443689974,-0.1827842398309915,-2.3933713083927812,-0.29558210086894027,0.775072693807812,-0.9276303879001242,0.9614562178263384,-2.7625763724588297,-0.4137609058332806,1.6070820195608715,2.3262133201828634,-0.6782247629570006,0.5551014312061755,0.6735112024413017,-2.398917710029882,1.346337651728332,-1.9787258209645247,-2.3277550512424283,-0.6452318009080587,2.5071834594213636,2.812465434162748,-1.3812135397022063,-0.7084178167747893,0.20114688845872075,-0.7682579494525992,-0.175432365352222,0.3044853879091436,1.8901310046710382,2.0113168353358217,0.7099794364023329,1.6210553491076707,-1.001364618704745,-1.4075316557686983,0.9096081527591614,0.7464592113951889,-1.912497957720726,-0.8562570727382955,-0.5439692392769196,-1.3014548867473923,-0.12198785123428947,1.0063078097071894,-0.8936163486046498,0.7118128808795634,-1.1119691742426527,-0.7102376081543667
-1.0501888928975764,-4.138781519200275,0.21904244365756415,-0.07565671136390172,1.3338481097392245,2.959300868880532,-1.7811409862805654,-2.8422877563423468,-2.625251062315678,2.0601112297642254,-4.388951795873295,-3.623155617993049,0.1463068186530429,-3.529667303367109,-0.4305277468877096,0.9740126219952123,-0.99510879284099,1.483254233676437,-3.7244482333288573,-0.11064221618889296,2.0378537381440753,3.0915539365738556,-1.3422376849293411,0.2333765698700439,0.5101978117159068,-3.569318124009298,1.8182646807018157,-2.3322316907615677,-2.6163162080167903,-0.79456264264413,2.812465434162748,3.3278303969410064,-1.9438681990515254,-0.7894644766502157,0.024917099675852292,-0.7720471550062137,0.1645892451258538,0.45317108303521986,2.6245012859773635,2.8687609574749975,0.4196471919950842,1.5692925330639271,-1.535417189524169,-1.3611584636519338,1.567630644686891,1.1999952366442386,-3.039886093595867,-1.0274703224807953,-0.5893972507356942,-1.4774090648858849,-0.41311557045281044,1.5710879440846743,-1.211257636725571,0.9071943401803803,-1.2270565759887357,-0.9347946543629175
1.4622641294210494,3.135656641622208,-0.7072629775074298,-0.1859584120975645,-1.1522790385498978,-2.9026108426890076,1.2990535908322545,1.945767230999093,1.6504104654048097,-1.8490829347850812,3.7826638127999908,2.9992333764798516,-0.8044441749514335,3.4555655324179315,0.3820598769436058,-0.44927597886484005,0.3304510879222182,-1.5790706447104403,2.841369504710939,-0.6175114882315452,-1.3432249609141869,-2.4457721481619905,1.8649716229541973,0.5195553428456935,0.40826352831746654,3.198074938881609,-1.342488574093984,1.2170108920403777,1.1833152920496566,0.539766867806581,-1.3812135397022063,-1.9438681990515254,1.7868735248383154,0.4916623352302447,0.5102136648185119,0.037684195751948736,-1.029549806227594,-0.623021014123199,-2.270402322240557,-2.4910242705600503,0.5014334544714324,-0.014020223642165765,1.5161429455161752,0.15994346988289468,-1.8298632601560163,-1.1350330066223036,3.097432359346439,0.43213099600822763,0.2573835605545453,0.8027942077649253,0.7928091068906847,-1.5873766244428662,0.9672116828470534,-0.5888726166651043,0.35904986347431583,0.7363001318262304
0.17108208937699323,0.6892083783708827,-0.07900668314490275,0.20580053416863034,-0.21564023062852872,-0.5995877081502854,0.19210716025036081,0.453255611972215,0.4942072265465453,-0.4265546419295508,1.0893801218862222,0.5380923370817176,-0.017530002368086196,0.8336102951288052,0.07618226126857404,-0.0014230139269335194,0.18226034127923119,-0.37303640568944535,0.6240670280663492,0.08764245300237182,-0.3853136463130003,-0.6937341824655969,0.31677583250945024,-0.25450274370171894,0.01715219497588234,0.5074557332399043,-0.2655611583634764,0.4176856838349799,0.5513466133240481,0.1918489136587885,-0.7084178167747893,-0.7894644766502157,0.4916623352302447,0.3139769568896714,0.10685719315311817,0.05163681495504455,-0.20733262195887237,-0.28299361341209034,-0.6005732358747169,-0.530595055948946,-0.1823521422854251,-0.17340786870234873,0.28837447526761795,0.30156991060212146,-0.3110659088706045,-0.09375019321356001,0.4812244268252385,0.042702217055969084,0.16033288847958344,0.4000601281198357,0.11678874483756463,-0.29636475057579426,0.24349232682461738,-0.13901425563049524,0.10402206501675107,0.21160379809286634
0.4703733902444393,0.22607829812780653,-0.6762052964407337,0.005239032915742354,-0.16156316284222216,-0.9863166560997176,0.09937102064133553,0.12774402450979072,-0.0899671514853188,-0.5239519130495675,0.8498818143299947,0.4331694959053484,-0.45844356758932064,1.1127885828072404,0.16717455073084392,0.21564551943738786,-0.2883265508093015,-0.541030179478751,0.2168367819260704,-0.6312810001893187,-0.2070093928239816,-0.4386827053456399,0.865951797088826,0.3232667511165726,0.7127151282407004,0.6545427227756515,-0.0782651746847869,-0.3104208288745472,-0.33031844869807164,-0.030978545942467486,0.20114688845872075,0.024917099675852292,0.5102136648185119,0.10685719315311817,0.62566410404339,-0.3961046104099006,-0.6795897897885483,-0.506858688861762,-0.6510516580510258,-0.5718959063825775,0.6165259962930367,0.7982389414164996,0.45342138748371613,-0.41008946649123706,-0.7165340376235029,-0.23903943956640417,0.7331367152090755,-0.32306285909059734,-0.06608198220455874,-0.10792224490668238,0.5134543710943196,-0.6321509244931789,0.18717770264502057,-0.010796425384833509,-0.539167071145295,0.011825321789795116
-0.20441411256218242,0.7843276864173222,0.28602027093526877,-0.00852714016048337,-0.17350909336748613,-0.10675207039807881,0.47738790381080165,0.6998680517175803,0.6446070390404733,-0.1649100111270629,0.23791712547708294,0.6069781343356575,0.38992330901344235,0.0027368120159551794,0.05807825023386143,-0.50857473006196,0.4189200131689552,0.09856827739678901,0.6862453342762118,0.3535110075870521,-0.49650734778755967,-0.3728760953990879,-0.3229190718256492,-0.2735254641274365,-0.6515324140783286,0.4826447509507459,-0.404097044019229,0.7357164016071599,0.874184352182968,0.12274817967360803,-0.7682579494525992,-0.7720471550062137,0.037684195751948736,0.05163681495504455,-0.3961046104099006,0.5475022079835217,0.6887708309649171,0.25130438765958535,-0.21094870601277432,-0.3299290872008684,-0.4511238664625196,-1.0840199599784126,0.06458840890714726,0.7243378991943505,0.11297690982357811,-0.1990902289231366,0.12343066014212854,0.5098546360782237,0.16778133734814646,0.3190469505375469,-0.23743170717227124,-0.06087768823732834,0.17142876433409465,-0.24232655428578384,0.6474527548376208,0.09619237518573218
