V1,V2,V3,V4,V5,V6,V7,V8,V9,V10,V11,V12,V13,V14,V15,V16,V17,V18,V19,V20,V21,V22,V23,V24,V25,V26,V27,V28,V29,V30,V31,V32,V33,V34,V35,V36,V37,V38,V39,V40,V41,V42,V43,V44,V45,V46,V47,V48,V49,V50,V51,V52,V53,V54,V55,V56
1.7949030286065795,-0.9314892565741956,1.3638828881026643,1.7248964355155196,-1.6019096373778892,-0.5911625171046162,1.5589163781381925,0.5882599885145106,-2.505388710448482,0.33177493227665855,3.4742411056336775,2.3319232601576076,-1.8629017425162875,2.0034420827922377,-6.052807229053089,2.911993610180275,-0.0926205073379783,-2.651701038710774,2.0646481553091847,-0.09963322549237953,-1.6559646720009404,0.25190613206192874,-5.127016172113158,3.979591832633181,4.744959325104632,-3.4004335012173774,-3.432342744344417,0.03527148463170563,-4.3478675769068165,3.878734646919156,3.4187210421518675,-0.295044070933199,-1.1819575367604895,-0.6512532784556361,-2.1684740111109617,-4.91597845375522,4.154676978521814,-2.1382655043492114,-1.046839849653647,4.0691597661514995,1.918349779427826,2.0548886296783784,-3.0754723089464133,-2.2374402548305072,1.224066119009774,-6.025382714149086,1.6561636926077934,5.0805280634064385,3.807628946078428,-0.40500769229531913,0.5226015271855686,-0.9799399355587856,-2.496610590772062,-8.91347661464173,2.319989028568286,-1.2356584523409682
-0.9314892565741956,2.4816340776574766,-1.4597471282577938,-1.6489481603939902,0.8199290776462889,-0.8574419861798588,-0.6177490731287276,0.572150524906102,3.1148591334166706,-1.186570083131687,-1.2902983421560226,-0.471919244432151,1.344345735048432,-0.1792236881949113,5.508411226135368,-2.9248525963312826,0.32950103143177034,1.632908528185429,-0.3118069089206514,-0.1420741058207441,0.7112529444111343,-1.4229009604558684,5.288167601925126,-3.2611080916253403,-4.145485358350277,4.632084553769398,2.275865679389952,0.7064687874792055,4.551664962455965,-3.1368296792622083,-3.7757151499283896,-0.7839446416632262,1.8528104714515663,0.7735167679085616,2.030257386480056,4.478470520019612,-3.9311353883931344,1.687393761429277,-0.16815000787991644,-4.816646331251514,-1.5226836692487937,-2.082036286020705,3.42576351513535,2.1909365883653322,-1.904251319534907,4.680730287367345,0.04522804784973919,-4.108821271910938,-3.1970419774654317,0.7713957466128455,-0.14827814765068195,0.10005755411165189,2.679896407549519,7.487714939522726,-1.6958428767416074,1.4404586773323629
1.3638828881026643,-1.4597471282577938,1.4674723748785552,1.6920931090052747,-1.2750051197369694,0.0479522674045997,1.198088156634836,0.18811420522751635,-2.6215550144035915,0.6808178029056231,2.560757512314509,1.5883251171923471,-1.5477566427758023,1.1907435349430053,-5.757559932662971,2.817902289450993,-0.10991769547688976,-2.169126236964532,1.4045400651399884,0.09980171305032985,-1.3027052896995595,0.6837609736231413,-5.215183089147454,3.5551122052324255,4.317275120944842,-3.8490506351667966,-2.9608592058068037,-0.14392240398270978,-4.2240313808787056,3.554267619572003,3.3764099934602183,0.016832771887144063,-1.44850442173274,-0.6713934717741953,-2.1682497995636014,-4.5864442295012,4.120396740183284,-1.883375842367001,-0.5394004392330297,4.311203169195736,1.616744677176233,1.8553109698682304,-3.1971483892327224,-2.060009740990898,1.5430379746858516,-5.396994727388051,0.9096512724161484,4.694395760915835,3.544066519222446,-0.4787070771204064,0.3025360054102051,-0.5758809866783916,-2.5246420308950257,-8.248828294685888,2.147570248677931,-1.2818008905271605
1.7248964355155196,-1.6489481603939902,1.6920931090052747,2.006764536518696,-1.5760720295583892,-0.09048249107144204,1.4826681296831263,0.2816756330474712,-3.1155582159774506,0.7327730626061396,3.2210631811672235,2.0249998988388955,-1.9268690941942117,1.596547943883779,-6.88675259110605,3.3801195258597447,-0.15117788212156555,-2.6834076082048894,1.7787750283955952,0.044727463450289565,-1.6014804160625955,0.7334924234268313,-6.136390661645421,4.330392296515747,5.247289260531284,-4.472559656659677,-3.5952600419242735,-0.17217555769474693,-5.082160466144981,4.27351554726382,4.057644124347638,-0.0034531747228678804,-1.6589191986532072,-0.7987687791470269,-2.5444737431187403,-5.5353301188045645,4.857472941735426,-2.300626441935846,-0.7450578835497275,5.064567080889268,2.0169247532320873,2.2999127632144494,-3.759456242307233,-2.5204897727514735,1.744502689069433,-6.531767055405099,1.2453709991523514,5.623367049277072,4.24641272747139,-0.5740218075891612,0.42432653022250444,-0.7782792079880224,-2.9923020988268396,-9.910620251693459,2.5468135461105144,-1.516959062843789
-1.6019096373778892,0.8199290776462889,-1.2750051197369694,-1.5760720295583892,1.455747368967742,0.5095998298636176,-1.4282607719379945,-0.5598992245882592,2.240303623476099,-0.3100092988008215,-3.1513626769796796,-2.124943503700351,1.656392548263538,-1.789832368623058,5.5005830415149175,-2.6214929183254685,0.05323547979661917,2.38929278741767,-1.898060353030428,0.04708697823270638,1.520689996848135,-0.22000999590834594,4.699229629369369,-3.579074674580049,-4.258111011491277,3.0964306058866846,3.1303142151329273,-0.07834836932892825,3.8910542773267776,-3.532433612775609,-3.050457956583701,0.3153835030071027,1.0829711071049029,0.5840607218880693,2.005576837693451,4.429218194896859,-3.821598590177384,1.9224161869915461,0.9431945377627348,-3.7006056326884167,-1.6926678030460152,-1.7912450537911933,2.8063268361927944,1.9794437560760696,-1.14190262041576,5.466688414915014,-1.479835793144466,-4.643224042334501,-3.471456448516327,0.3413946775351272,-0.4469281806871558,0.8706765859873459,2.2649834258467663,8.106060392626976,-2.1513442723097165,1.1159053208869623
-0.5911625171046162,-0.8574419861798588,0.0479522674045997,-0.09048249107144204,0.5095998298636176,0.8982193312759391,-0.5917459390588976,-0.6772503522235656,-0.2453148835009464,0.49987919056722774,-1.399727417263524,-1.161927015703247,0.3994995475131047,-1.1673326450520132,0.509219749499274,-0.10648462442156106,-0.10753520383442054,0.7017618233293512,-1.0771878814475797,0.1874806313039036,0.5915048130708418,0.6723655426011678,0.025880818467839174,-0.5856623395336868,-0.5530960818447834,-0.6244432596004273,0.7767294873691639,-0.39326925430145987,0.07431174071685667,-0.5511200886996837,0.04891856860549725,0.5979812514589833,-0.3661490158789049,-0.04357936592425604,0.11632512072916702,0.44927737246961813,-0.21700593589402456,0.35323141355835636,0.7539076196369844,0.3137629747141505,-0.34169241673101725,-0.12152138130927398,-0.12028654166569568,0.14842859565357125,0.39003136364792573,0.9884929270458155,-1.0776873305984087,-0.7066881539377018,-0.46770387540346625,-0.17829439666744593,-0.2640754490874041,0.5682861422932052,-0.02551705697719665,1.1148660939755546,-0.3980612284988004,-0.07488426462953177
1.5589163781381925,-0.6177490731287276,1.198088156634836,1.4826681296831263,-1.4282607719379945,-0.5917459390588976,1.4221518737896126,0.6364553482070213,-2.022867287939642,0.21851893918492737,3.1333566213047437,2.151103494460967,-1.5772663372442806,1.8196272578379353,-5.185632952343515,2.4362025273779806,-0.0149069455890092,-2.312255423921451,1.9377885264163004,-0.04637582919971525,-1.510053692152102,0.09859907949121616,-4.3921883432391695,3.391056231689446,4.00649703793906,-2.786583998586495,-3.030378621863563,0.1589027178806772,-3.5903669799733238,3.368427810770919,2.793159186927848,-0.4099619834727175,-0.9564847924394004,-0.5316462244189524,-1.9012511813250377,-4.15953390558688,3.60938984812253,-1.8267376993733486,-0.9836130173932983,3.3927189376471523,1.5937551752554373,1.63725886373605,-2.595783244283937,-1.829013242222447,1.0198731970944308,-5.220825796677513,1.5212026400319014,4.4347115731205795,3.3012888630229633,-0.27440476984401213,0.4383890238617943,-0.8824152972450652,-2.098121735946795,-7.700985174995527,2.0831371080203542,-1.0213412335812824
0.5882599885145106,0.572150524906102,0.18811420522751635,0.2816756330474712,-0.5598992245882592,-0.6772503522235656,0.6364553482070213,0.6127608340078261,-0.04145493564537499,-0.3137603154316544,1.4194089915428618,1.1342979456061477,-0.4409001536429371,1.032000721561027,-1.0736969782062578,0.3690045305260582,0.12541366233543816,-0.7844099549898599,1.070067930930089,-0.06877071846381803,-0.6558448889026495,-0.4819524758058883,-0.6857330065869682,0.8199956659254803,0.8547935074653596,0.05477063873188017,-0.9882815251131596,0.3789332119534551,-0.4452423445597342,0.8670960220298798,0.2544091877380409,-0.5615742373526524,0.11633395279702122,-0.028621423259481728,-0.40051761858693463,-0.8268122920644421,0.7247689654651069,-0.4677916474189627,-0.6607496204307869,0.24386699394159456,0.37894542985324603,0.18546911626837423,-0.28770405049207487,-0.2679649697435616,-0.0907670659349537,-1.4062068871879614,0.9368151418716087,1.154551735514902,0.8044034290636315,0.1334486143975104,0.20247338359935893,-0.4940200899345735,-0.26234598394366865,-1.85909330179088,0.6405077306064456,-0.07458648662918525
-2.505388710448482,3.1148591334166706,-2.6215550144035915,-3.1155582159774506,2.240303623476099,-0.2453148835009464,-2.022867287939642,-0.04145493564537499,5.153648866678925,-1.3956946192696147,-4.411602813201212,-2.6073030832031168,2.941771294339907,-2.014536182101472,10.662257767909523,-5.365819033252592,0.3689631286262854,3.9485032371677993,-2.222049838812778,-0.06069347545812843,2.2004198564157744,-1.5264827998360488,9.620491629675586,-6.6617978309579655,-8.171072920087218,7.394564028191222,5.279819619822458,0.5848785446396163,8.167626425406075,-6.478971619597676,-6.596238527617222,-0.41313610712063986,2.7952830045374784,1.307899152888717,3.8915878948185743,8.643194659243637,-7.48119156186204,3.5198980501385018,0.8175551702329846,-8.184853205280783,-3.147753705475872,-3.7702882990968245,5.995529400188309,4.05194113805461,-2.89306270288976,9.877811773813105,-1.48895631450989,-8.495790268764088,-6.469379744140934,1.0651094332425832,-0.6069123985523024,0.9940440924422524,4.767694826295625,15.137412849728134,-3.73212329563919,2.4607603596386074
0.33177493227665855,-1.186570083131687,0.6808178029056231,0.7327730626061396,-0.3100092988008215,0.49987919056722774,0.21851893918492737,-0.3137603154316544,-1.3956946192696147,0.5914579855726653,0.4187606340239518,0.08658903234616942,-0.5336579856146639,-0.06786013381146086,-2.405975942355607,1.279226109591666,-0.13872202135117345,-0.639090408956065,0.0356874781535661,0.112152619521772,-0.2625561950799613,0.7044217271312955,-2.3863897413102233,1.369931259816127,1.7571653640162377,-2.143449600423943,-0.9386919097573473,-0.3290281851277303,-1.9876067768271042,1.3465967848758502,1.6565723565934534,0.3860189813860143,-0.8743998269849901,-0.3457884047809135,-0.9177643273722925,-1.9281496242496328,1.7630587484473006,-0.702314263050323,0.16424660704782498,2.1900967500883697,0.6102462769462633,0.8677958794213206,-1.5522650618681137,-0.9277078065829876,0.9135288410823041,-1.9777208197598073,-0.15512633630154724,1.7762958603209622,1.3848454947407431,-0.34665592088916414,0.019268741190915126,0.030387550258836243,-1.1985500688916824,-3.22916079057189,0.7418966726148242,-0.6477092544793263
3.4742411056336775,-1.2902983421560226,2.560757512314509,3.2210631811672235,-3.1513626769796796,-1.399727417263524,3.1333566213047437,1.4194089915428618,-4.411602813201212,0.4187606340239518,6.946289241953008,4.777060630743035,-3.5039115406802552,4.096503789645804,-11.315769143104314,5.330295652861954,-0.05545356559431395,-5.112186121054446,4.288405649833666,-0.164908078187543,-3.319833417924618,0.16066263612553214,-9.503482452116128,7.463517899336052,8.815512516552326,-5.9897289952579,-6.645775013102816,0.33260161922642484,-7.872963406538628,7.362936856628997,6.125076887275905,-0.896354252659244,-2.0344899238170906,-1.159433830318051,-4.1047207617688315,-9.121470012520694,7.814006272008341,-4.024757641641066,-2.216845215744162,7.33972396030853,3.549435402032984,3.650660288593521,-5.616860539921,-4.045954732383575,2.147853173153754,-11.446811077097198,3.4336356278389655,9.67448514802285,7.2053265814632255,-0.6080968584679737,1.0073573050784785,-1.9920189395088583,-4.560757703233895,-16.83199644219595,4.517766656878946,-2.219766423083627
2.3319232601576076,-0.471919244432151,1.5883251171923471,2.0249998988388955,-2.124943503700351,-1.161927015703247,2.151103494460967,1.1342979456061477,-2.6073030832031168,0.08658903234616942,4.777060630743035,3.363291387662155,-2.2760269978834264,2.9181776984140475,-7.160373718618686,3.307668637409033,0.026238800854215268,-3.387556787628313,3.042678760023645,-0.13648590599308433,-2.2695867254155226,-0.146272003835262,-5.900351023396579,4.783193350829447,5.594329360592022,-3.4771174591599956,-4.383142989301208,0.37848143490782676,-4.838305616365792,4.742376268727246,3.719393663162456,-0.7999467171792748,-1.1311863105245572,-0.6937760104208581,-2.5981991070270434,-5.757148792675515,4.930213921819169,-2.5923151376334235,-1.6297370109292992,4.4169800282455824,2.2735921934052206,2.2393290875805687,-3.4297610014068995,-2.50920658621637,1.2076105810706999,-7.4046327819583,2.481990833533492,6.236699776108477,4.618361095864651,-0.29271182923067063,0.6944982564224753,-1.4156934719629766,-2.800898195214523,-10.780834375950363,2.959362501739122,-1.3373122019469617
-1.8629017425162875,1.344345735048432,-1.5477566427758023,-1.9268690941942117,1.656392548263538,0.3994995475131047,-1.5772663372442806,-0.4409001536429371,2.941771294339907,-0.5336579856146639,-3.5039115406802552,-2.2760269978834264,2.0079215117342946,-1.9209251271893286,6.713455090665285,-3.284835574562908,0.15307967480827667,2.7979730365780924,-1.9948940748636685,0.0747088467810632,1.6836868217952359,-0.5051254298659715,5.795579066422495,-4.355817605901667,-5.240149250781398,4.059247432611398,3.645746710398649,0.107089185327051,4.945131906358956,-4.228012089342371,-3.9264142439768515,0.12089595141683124,1.4555645420540653,0.7582864200204409,2.410998457291037,5.461870320799774,-4.628554788961744,2.328089285825706,0.9503920309385963,-4.723823743165451,-2.0948881193342035,-2.3319902716639334,3.5278103567055985,2.519166873488331,-1.501433327235431,6.534761644211362,-1.550670847987801,-5.535837056809302,-4.171428589075715,0.5281094447241532,-0.5236925093985315,0.9427910078120534,2.8472002152494547,9.772229100470032,-2.487642879643183,1.4313877807909874
2.0034420827922377,-0.1792236881949113,1.1907435349430053,1.596547943883779,-1.789832368623058,-1.1673326450520132,1.8196272578379353,1.032000721561027,-2.014536182101472,-0.06786013381146086,4.096503789645804,2.9181776984140475,-1.9209251271893286,2.6127157714826534,-5.725376817176667,2.638135012416795,0.015280699384360014,-2.8479297859830077,2.630806172923415,-0.2016568871448994,-1.9063511237657587,-0.27567760935221364,-4.573656486496863,3.9301356645180126,4.5713317216848,-2.551781539797966,-3.6109245744760465,0.34617726655405523,-3.8655760293787407,3.839047603968686,2.955237664590089,-0.7257371379462031,-0.781450426564253,-0.5400297160929057,-2.0232920090332898,-4.656411326680872,3.858565746526949,-2.139399418611958,-1.472869042641514,3.370691249126802,1.9187470858644373,1.863222177351197,-2.638159898622093,-2.056256844323038,0.8129763313824644,-6.048611452413051,2.241861863044749,5.027065957767253,3.7165291035135453,-0.21112049431282937,0.6407648364084472,-1.2733379926327952,-2.187250360416327,-8.705946774717022,2.3673973022275843,-1.033907187734094
-6.052807229053089,5.508411226135368,-5.757559932662971,-6.88675259110605,5.5005830415149175,0.509219749499274,-5.185632952343515,-1.0736969782062578,10.662257767909523,-2.405975942355607,-11.315769143104314,-7.160373718618686,6.713455090665285,-5.725376817176667,23.700037568287335,-11.626989555949775,0.5254263523018129,9.351095910245203,-6.284749914164771,-0.07795234553489566,5.589307220124338,-2.391213242536694,20.99888603272263,-14.987017268336032,-18.138469137885703,15.200471431787896,12.46213823252244,0.5554672366707837,17.48513953707031,-14.745339880293441,-13.947063424589153,0.08567538614924532,5.605912997713838,2.735649342103694,8.710583302739696,19.0908703978821,-16.64729412458241,7.9712880272475495,2.707720085685511,-17.292151431080182,-7.023880891391449,-7.974381784542763,12.849873404619245,8.715567449467201,-5.87576890107324,22.58415696126147,-4.499724353329151,-19.38455851739271,-14.633251458458489,1.9572382663840862,-1.5304742212378073,2.794997653077951,10.252750824438769,34.173959562697355,-8.766651998126118,5.190296631228646
2.911993610180275,-2.9248525963312826,2.817902289450993,3.3801195258597447,-2.6214929183254685,-0.10648462442156106,2.4362025273779806,0.3690045305260582,-5.365819033252592,1.279226109591666,5.330295652861954,3.307668637409033,-3.284835574562908,2.638135012416795,-11.626989555949775,5.760638697920223,-0.31647555118341786,-4.512262053083236,2.8727003521223424,0.026023963544769987,-2.6312461641402223,1.3258127717777317,-10.340106268941993,7.343035226035004,8.92779808858468,-7.637393936149184,-6.000896596286913,-0.40508196494932286,-8.705864712343333,7.179073872384315,6.975153516291664,0.12918432160185786,-2.835938898693202,-1.3710520142029734,-4.247380825954838,-9.401562832868457,8.142295257535888,-3.898385573006038,-1.2007166845509425,8.615128198478534,3.465956514639548,4.008770105540373,-6.369002544446954,-4.344841329066003,2.9506103289192422,-10.990576258179455,2.0429895913642797,9.422730576130688,7.135929919057944,-1.0340668797179111,0.7371550894209342,-1.2936458997760034,-5.082628710305801,-16.683580427047573,4.210519803326649,-2.590991816325996
-0.0926205073379783,0.32950103143177034,-0.10991769547688976,-0.15117788212156555,0.05323547979661917,-0.10753520383442054,-0.0149069455890092,0.12541366233543816,0.3689631286262854,-0.13872202135117345,-0.05545356559431395,0.026238800854215268,0.15307967480827667,0.015280699384360014,0.5254263523018129,-0.31647555118341786,0.07432422437079102,0.14691419914383516,0.05587715157271007,0.023518957513998535,0.01981823237604191,-0.19228603684268208,0.4865139197053073,-0.3361257655401555,-0.4460549175070936,0.4957421487784776,0.1718666018741986,0.1459727836508382,0.521619633099723,-0.27540629350857326,-0.4464671038784293,-0.16652642431741566,0.19786322937047546,0.08904381486485077,0.15833484114859556,0.467758686166182,-0.3318028796664529,0.17262169420813275,-0.05115754614254028,-0.4999812851382381,-0.1904016438293942,-0.2882697136006346,0.33908176310727645,0.27274938040877184,-0.1811690478569959,0.4241675768541647,0.038786201302458995,-0.343250678749996,-0.28232791339480046,0.11823318696091013,-0.03095209270047899,-7.485849436026597e-4,0.27558335765210035,0.6825285352539122,-0.09953042042109389,0.1572587504956231
-2.651701038710774,1.632908528185429,-2.169126236964532,-2.6834076082048894,2.38929278741767,0.7017618233293512,-2.312255423921451,-0.7844099549898599,3.9485032371677993,-0.639090408956065,-5.112186121054446,-3.387556787628313,2.7979730365780924,-2.8479297859830077,9.351095910245203,-4.512262053083236,0.14691419914383516,3.973414483501984,-3.001560837438912,0.08292347121534954,2.466150006031447,-0.5405485969202829,8.040423086750241,-6.0667773866982735,-7.2579428550828755,5.464676051585903,5.19956857208435,0.0013661374464418,6.741460535820717,-5.947212848341409,-5.3185525663444935,0.35844899813712394,1.9381488182842135,1.0234117702543197,3.3904251569362027,7.560946803859375,-6.481131286499246,3.2503571365762114,1.4592481980931873,-6.438654209340683,-2.8872955061847567,-3.1327294468484785,4.846104262376819,3.4273493061627036,-2.0241153214336904,9.19352348437383,-2.328243162080145,-7.805200693684537,-5.857187018914248,0.6544092643938784,-0.7381125152862131,1.390265226292854,3.9083811037445115,13.694256490384992,-3.5682492327837876,1.9448918683221483
2.0646481553091847,-0.3118069089206514,1.4045400651399884,1.7787750283955952,-1.898060353030428,-1.0771878814475797,1.9377885264163004,1.070067930930089,-2.222049838812778,0.0356874781535661,4.288405649833666,3.042678760023645,-1.9948940748636685,2.630806172923415,-6.284749914164771,2.8727003521223424,0.05587715157271007,-3.001560837438912,2.769023064692651,-0.10571767929003524,-2.0427819386242163,-0.1965751220160542,-5.169758725351739,4.19705574144944,4.8865361966087475,-2.974983951152554,-3.8984034293674488,0.3998825154932143,-4.179004933402947,4.188712368898889,3.195034452100745,-0.7859449329110378,-0.9576323193369272,-0.5952621598109694,-2.300074674014169,-5.031082181042482,4.347810182276998,-2.2774196700629386,-1.4828356081211391,3.821754899190603,1.9764614667266933,1.9074013520858453,-2.9852551735101636,-2.1603506899222094,1.0369753528043926,-6.53668383380325,2.245400012053849,5.518989528471464,4.075018455088397,-0.21809783626177864,0.6102042610939836,-1.2730468290715564,-2.4353832120822894,-9.502579703123496,2.6456182695331143,-1.153159507810086
-0.09963322549237953,-0.1420741058207441,0.09980171305032985,0.044727463450289565,0.04708697823270638,0.1874806313039036,-0.04637582919971525,-0.06877071846381803,-0.06069347545812843,0.112152619521772,-0.164908078187543,-0.13648590599308433,0.0747088467810632,-0.2016568871448994,-0.07795234553489566,0.026023963544769987,0.023518957513998535,0.08292347121534954,-0.10571767929003524,0.09583983733440521,0.03679001435711973,0.11558042920025788,-0.19919025954276864,-0.0508987723243439,-0.04703658661168659,-0.21796499911279657,0.02762974683622909,-0.001624863068824769,-0.019223629798353816,0.020134006185323253,0.021219580467013183,0.029606230283772406,-0.11262844490156844,-0.01443146704542067,-0.0914036510181919,6.229227164685116e-4,0.14575733599817636,0.035200399000884716,0.11862800578893627,0.17459767809474788,-0.08330841669381306,-0.07736356207858924,-0.12492514544286941,0.0437195355857361,0.1487556554666623,0.023240218667283676,-0.18640526471507757,0.05310316099660705,0.03882982001649645,-0.004509330996322907,-0.07495581868790303,0.10525511122783712,-0.0688213102859145,-0.055906354154272385,0.05707952091561596,-0.03776692164163662
-1.6559646720009404,0.7112529444111343,-1.3027052896995595,-1.6014804160625955,1.520689996848135,0.5915048130708418,-1.510053692152102,-0.6558448889026495,2.2004198564157744,-0.2625561950799613,-3.319833417924618,-2.2695867254155226,1.6836868217952359,-1.9063511237657587,5.589307220124338,-2.6312461641402223,0.01981823237604191,2.466150006031447,-2.0427819386242163,0.03679001435711973,1.6065029453315116,-0.14074428210429532,4.758883304085225,-3.6370467644262336,-4.3055299307009625,3.0504163715721666,3.2424681639397797,-0.1552184527541446,3.878985806721111,-3.6192494562540847,-3.022677531522277,0.4172206429142179,1.0553231129512353,0.5769694787133268,2.0550093903387623,4.477009133858679,-3.9011081086413752,1.9574129609356825,1.0265508655199576,-3.6893536692836073,-1.70398123997978,-1.7606185140863992,2.8175949090644994,1.9691288096195376,-1.1267278031812733,5.601415779433992,-1.5890738935939281,-4.766836725051606,-3.5514622872019204,0.30498965101041897,-0.45841891183133554,0.9239449410546663,2.27261990014162,8.279962307084752,-2.238852605626939,1.1091396100879005
0.25190613206192874,-1.4229009604558684,0.6837609736231413,0.7334924234268313,-0.22000999590834594,0.6723655426011678,0.09859907949121616,-0.4819524758058883,-1.5264827998360488,0.7044217271312955,0.16066263612553214,-0.146272003835262,-0.5051254298659715,-0.27567760935221364,-2.391213242536694,1.3258127717777317,-0.19228603684268208,-0.5405485969202829,-0.1965751220160542,0.11558042920025788,-0.14074428210429532,0.871216522155229,-2.4321928713313987,1.3350423337871873,1.7574229869339155,-2.339068661627962,-0.8083921620209417,-0.4595390977447004,-2.0967255579628272,1.2786451674631971,1.775128538188665,0.559941527253905,-0.9708004540890574,-0.37353455777106614,-0.8968398544205364,-1.9412749502700442,1.7430271797930157,-0.6753153559534878,0.31261877875026134,2.3284045853520974,0.6084388563446408,0.9415174554452238,-1.6218465492969254,-0.9788037997868149,0.9979423123544445,-1.859901708066779,-0.35300923817213203,1.676469683078382,1.3317937063874346,-0.41815593133170426,-0.008171426234226033,0.12730777515448413,-1.2498439640491383,-3.1178644265016104,0.6518630177758532,-0.6919365402260391
-5.127016172113158,5.288167601925126,-5.215183089147454,-6.136390661645421,4.699229629369369,0.025880818467839174,-4.3921883432391695,-0.6857330065869682,9.620491629675586,-2.3863897413102233,-9.503482452116128,-5.900351023396579,5.795579066422495,-4.573656486496863,20.99888603272263,-10.340106268941993,0.4865139197053073,8.040423086750241,-5.169758725351739,-0.19919025954276864,4.758883304085225,-2.4321928713313987,18.837689864469187,-13.120729167972916,-15.941544620325624,13.898907619611075,10.826402437688284,0.6245697447609367,15.563429773114125,-12.967776194749199,-12.453836687785518,-0.14026899440583473,5.193318453547695,2.46112940810874,7.78562248685535,16.856719011894278,-14.860924378147754,6.959223119338109,2.0808220494266454,-15.629187325828514,-6.0849836790382446,-7.007839626331316,11.573810688174904,7.683356749504908,-5.467248974417747,19.77592985066688,-3.5223695998898354,-17.07248304377664,-12.90862480329901,1.8050036179800175,-1.2232515064399498,2.228425177262235,9.189548753897203,30.11373089020931,-7.71911486981044,4.674426950589419
3.979591832633181,-3.2611080916253403,3.5551122052324255,4.330392296515747,-3.579074674580049,-0.5856623395336868,3.391056231689446,0.8199956659254803,-6.6617978309579655,1.369931259816127,7.463517899336052,4.783193350829447,-4.355817605901667,3.9301356645180126,-14.987017268336032,7.343035226035004,-0.3361257655401555,-6.0667773866982735,4.19705574144944,-0.0508987723243439,-3.6370467644262336,1.3350423337871873,-13.120729167972916,9.593477454900412,11.575848017362402,-9.358454370223107,-7.999428196703724,-0.2995619146232014,-11.049805784919592,9.377693188863065,8.795073683912708,-0.1528311963812872,-3.4087823811309943,-1.7133183323610608,-5.450749487525346,-12.129591179507985,10.437244423608341,-5.11405276436726,-1.8998323963359383,10.756667682431663,4.5505257505204115,5.1184816653102905,-8.01098692822521,-5.563034968956392,3.547977368102129,-14.423415383637689,3.130328387790114,12.305421609779117,9.280866132667686,-1.2099082670424923,1.0612896968172543,-1.9238256257397797,-6.425323048792464,-21.707707215164646,5.547743582792766,-3.2424501865232225
4.744959325104632,-4.145485358350277,4.317275120944842,5.247289260531284,-4.258111011491277,-0.5530960818447834,4.00649703793906,0.8547935074653596,-8.171072920087218,1.7571653640162377,8.815512516552326,5.594329360592022,-5.240149250781398,4.5713317216848,-18.138469137885703,8.92779808858468,-0.4460549175070936,-7.2579428550828755,4.8865361966087475,-0.04703658661168659,-4.3055299307009625,1.7574229869339155,-15.941544620325624,11.575848017362402,14.005575156409495,-11.503579248786188,-9.57954784162359,-0.46315158715962795,-13.459887690553984,11.30017904571634,10.738750563751443,-0.04889693268277202,-4.213211214552894,-2.0961422160270935,-6.591456341304703,-14.689760445931888,12.635460408507516,-6.163656911518101,-2.1733867903665565,13.144987574875485,5.496252709155773,6.242516267424542,-9.763877265174985,-6.768136082971157,4.376657735048723,-17.36436763671561,3.6140960723587123,14.822484663760369,11.197156319307892,-1.521015937920022,1.2538323316263735,-2.24060255649076,-7.824016658271173,-26.192516989876818,6.653132126489481,-3.96275991524379
-3.4004335012173774,4.632084553769398,-3.8490506351667966,-4.472559656659677,3.0964306058866846,-0.6244432596004273,-2.786583998586495,0.05477063873188017,7.394564028191222,-2.143449600423943,-5.9897289952579,-3.4771174591599956,4.059247432611398,-2.551781539797966,15.200471431787896,-7.637393936149184,0.4957421487784776,5.464676051585903,-2.974983951152554,-0.21796499911279657,3.0504163715721666,-2.339068661627962,13.898907619611075,-9.358454370223107,-11.503579248786188,10.790867957676486,7.421911503345091,0.8449866349877234,11.602304291490997,-9.192834372722633,-9.381226981276676,-0.6456492517627342,4.123357371357553,1.8748974799285893,5.633237692444494,12.237785512298267,-10.78964603240988,4.932241071672618,0.9767809245990371,-11.844212695040552,-4.341734442119716,-5.239649634091589,8.668146363811434,5.681854850971021,-4.310218878489038,13.939344769715385,-1.829364026573378,-12.090141673139893,-9.206454818150082,1.521749903817983,-0.753254987933187,1.2519195882907217,6.85063079940951,21.496245445803737,-5.351893620508715,3.5408929351119696
-3.432342744344417,2.275865679389952,-2.9608592058068037,-3.5952600419242735,3.1303142151329273,0.7767294873691639,-3.030378621863563,-0.9882815251131596,5.279819619822458,-0.9386919097573473,-6.645775013102816,-4.383142989301208,3.645746710398649,-3.6109245744760465,12.46213823252244,-6.000896596286913,0.1718666018741986,5.19956857208435,-3.8984034293674488,0.02762974683622909,3.2424681639397797,-0.8083921620209417,10.826402437688284,-7.999428196703724,-9.57954784162359,7.421911503345091,6.873839447733218,-0.0028021583316172973,8.947111309909872,-7.903291822404849,-7.062312790235478,0.45741993444771756,2.661547162686916,1.3677637385826613,4.573689450239389,10.020768015631505,-8.7168409850689,4.279288361166955,1.8384821473941804,-8.678455513971755,-3.755367036472585,-4.082222033663993,6.527773030270855,4.502632120339133,-2.8071928673359228,12.171033208754833,-2.9346073152224896,-10.395937327740267,-7.799286414246224,0.8677701866916584,-0.9151447046504986,1.7567021851089297,5.23742441127515,18.20483607123262,-4.782741438521212,2.6084114463133106
0.03527148463170563,0.7064687874792055,-0.14392240398270978,-0.17217555769474693,-0.07834836932892825,-0.39326925430145987,0.1589027178806772,0.3789332119534551,0.5848785446396163,-0.3290281851277303,0.33260161922642484,0.37848143490782676,0.107089185327051,0.34617726655405523,0.5554672366707837,-0.40508196494932286,0.1459727836508382,0.0013661374464418,0.3998825154932143,-0.001624863068824769,-0.1552184527541446,-0.4595390977447004,0.6245697447609367,-0.2995619146232014,-0.46315158715962795,0.8449866349877234,-0.0028021583316172973,0.33382053376932647,0.7081107741312931,-0.20466625767060817,-0.6412279635223066,-0.4225049361697878,0.36848595535212025,0.13645657746339035,0.1616310606234656,0.5157740803323879,-0.3586939448107582,0.13911583435339092,-0.286616140736021,-0.7624295579699853,-0.18052625956202523,-0.38878578931647567,0.4849674380616162,0.3485831611048929,-0.3429906536727517,0.28408142116107277,0.3549795728114709,-0.24135636575912545,-0.23628704204313278,0.22332764538982758,0.021617657287828815,-0.1571188615407441,0.3795354920347249,0.588120263824883,0.00464189718343193,0.23657039376998504
-4.3478675769068165,4.551664962455965,-4.2240313808787056,-5.082160466144981,3.8910542773267776,0.07431174071685667,-3.5903669799733238,-0.4452423445597342,8.167626425406075,-1.9876067768271042,-7.872963406538628,-4.838305616365792,4.945131906358956,-3.8655760293787407,17.48513953707031,-8.705864712343333,0.521619633099723,6.741460535820717,-4.179004933402947,-0.019223629798353816,3.878985806721111,-2.0967255579628272,15.563429773114125,-11.049805784919592,-13.459887690553984,11.602304291490997,8.947111309909872,0.7081107741312931,13.192893558790328,-10.759202427472538,-10.59192030141392,-0.3199878754087174,4.31905579789205,2.0836334095388587,6.362339687442235,14.174065518349035,-12.21646672219921,5.861505082742269,1.7221001187502623,-13.043717682205143,-5.239156981226354,-6.112160013978412,9.618706881545519,6.592765954228564,-4.4746399209202075,16.47281039577136,-2.9717107152428417,-14.108178068166275,-10.700603119053165,1.6093505653019513,-1.1076812132202034,1.9008409556118313,7.680015895220841,25.03841414721574,-6.2610611811110815,3.9280282768484334
3.878734646919156,-3.1368296792622083,3.554267619572003,4.27351554726382,-3.532433612775609,-0.5511200886996837,3.368427810770919,0.8670960220298798,-6.478971619597676,1.3465967848758502,7.362936856628997,4.742376268727246,-4.228012089342371,3.839047603968686,-14.745339880293441,7.179073872384315,-0.27540629350857326,-5.947212848341409,4.188712368898889,0.020134006185323253,-3.6192494562540847,1.2786451674631971,-12.967776194749199,9.377693188863065,11.30017904571634,-9.192834372722633,-7.903291822404849,-0.20466625767060817,-10.759202427472538,9.24462146578003,8.546681961623035,-0.24839282963514506,-3.3558307848850326,-1.6688376031662624,-5.419830405211511,-11.86700761719007,10.34424554697485,-4.9990214167329885,-1.8756972480514933,10.56740932171813,4.394667907991464,4.9034201583353765,-7.889799874834024,-5.380382379394464,3.527326793622507,-14.18792260921845,3.0616471374310676,12.157626350443296,9.154037880244674,-1.139995888329988,1.0013606534178736,-1.8709554315843884,-6.307606557090754,-21.373208780293982,5.538146462296294,-3.1727193342976503
3.4187210421518675,-3.7757151499283896,3.3764099934602183,4.057644124347638,-3.050457956583701,0.04891856860549725,2.793159186927848,0.2544091877380409,-6.596238527617222,1.6565723565934534,6.125076887275905,3.719393663162456,-3.9264142439768515,2.955237664590089,-13.947063424589153,6.975153516291664,-0.4464671038784293,-5.3185525663444935,3.195034452100745,0.021219580467013183,-3.022677531522277,1.775128538188665,-12.453836687785518,8.795073683912708,10.738750563751443,-9.381226981276676,-7.062312790235478,-0.6412279635223066,-10.59192030141392,8.546681961623035,8.521992582978998,0.358045499946308,-3.5072944853559354,-1.679478590532754,-5.0685030324772065,-11.318112606169207,9.7425632580213275,-4.66014815448844,-1.2826858565326118,10.496324511478559,4.176225932248471,4.917114615974622,-7.72110668005488,-5.288761305169517,3.6259405544111707,-13.075074183964514,2.248321848947421,11.201839240895701,8.50934382899997,-1.3260207254227598,0.8648608600727753,-1.4560332594896614,-6.161153050041836,-19.917304214292184,4.945892876189395,-3.1617835220812993
-0.295044070933199,-0.7839446416632262,0.016832771887144063,-0.0034531747228678804,0.3153835030071027,0.5979812514589833,-0.4099619834727175,-0.5615742373526524,-0.41313610712063986,0.3860189813860143,-0.896354252659244,-0.7999467171792748,0.12089595141683124,-0.7257371379462031,0.08567538614924532,0.12918432160185786,-0.16652642431741566,0.35844899813712394,-0.7859449329110378,0.029606230283772406,0.4172206429142179,0.559941527253905,-0.14026899440583473,-0.1528311963812872,-0.04889693268277202,-0.6456492517627342,0.45741993444771756,-0.4225049361697878,-0.3199878754087174,-0.24839282963514506,0.358045499946308,0.5722778888460383,-0.3237555975937803,-0.08798642193307572,0.06721241230145143,-0.0023018372844219514,-0.07285012238800957,0.11078120125338077,0.5147846413378651,0.4488701938179536,-0.03797571207124701,0.2055177774909417,-0.2236968903007384,-0.13614909950753495,0.2919820665398886,0.436890333763261,-0.6894733174821577,-0.3544399125736528,-0.19686757125528706,-0.2265930082819073,-0.10672188484384576,0.3406823570170903,-0.15893043021343278,0.4211798153253681,-0.3010156719077431,-0.1401764692044394
-1.1819575367604895,1.8528104714515663,-1.44850442173274,-1.6589191986532072,1.0829711071049029,-0.3661490158789049,-0.9564847924394004,0.11633395279702122,2.7952830045374784,-0.8743998269849901,-2.0344899238170906,-1.1311863105245572,1.4555645420540653,-0.781450426564253,5.605912997713838,-2.835938898693202,0.19786322937047546,1.9381488182842135,-0.9576323193369272,-0.11262844490156844,1.0553231129512353,-0.9708004540890574,5.193318453547695,-3.4087823811309943,-4.213211214552894,4.123357371357553,2.661547162686916,0.36848595535212025,4.31905579789205,-3.3558307848850326,-3.5072944853559354,-0.3237555975937803,1.5947389313794962,0.7062677858365517,2.0914218830697253,4.504247069944949,-4.004459997450355,1.789948725196067,0.2545976015796919,-4.471753828025085,-1.56809279831606,-1.9331364922835057,3.25757853670325,2.0964556362017595,-1.669972039874376,5.0643966109045495,-0.5248987983065878,-4.417700172019167,-3.3732991636405645,0.5918715757001661,-0.24061764283867482,0.3836027264334131,2.5632706385597412,7.87150649731261,-1.9459850745410339,1.3333575888126719
-0.6512532784556361,0.7735167679085616,-0.6713934717741953,-0.7987687791470269,0.5840607218880693,-0.04357936592425604,-0.5316462244189524,-0.028621423259481728,1.307899152888717,-0.3457884047809135,-1.159433830318051,-0.6937760104208581,0.7582864200204409,-0.5400297160929057,2.735649342103694,-1.3710520142029734,0.08904381486485077,1.0234117702543197,-0.5952621598109694,-0.01443146704542067,0.5769694787133268,-0.37353455777106614,2.46112940810874,-1.7133183323610608,-2.0961422160270935,1.8748974799285893,1.3677637385826613,0.13645657746339035,2.0836334095388587,-1.6688376031662624,-1.679478590532754,-0.08798642193307572,0.7062677858365517,0.3326536520735225,0.9999154749933946,2.2159141317789053,-1.9198655084019778,0.9061441458737454,0.2254188200511516,-2.0842451829529662,-0.8082020451477876,-0.9599341114486596,1.529909799836813,1.034105291107157,-0.732384828057576,2.5460048480783444,-0.40380049836593895,-2.189384300646386,-1.6645808508257744,0.26547360482760657,-0.15917980833404385,0.2659516597769484,1.2172640842662104,3.8944966951718287,-0.9660604927351084,0.6263996004821987
-2.1684740111109617,2.030257386480056,-2.1682497995636014,-2.5444737431187403,2.005576837693451,0.11632512072916702,-1.9012511813250377,-0.40051761858693463,3.8915878948185743,-0.9177643273722925,-4.1047207617688315,-2.5981991070270434,2.410998457291037,-2.0232920090332898,8.710583302739696,-4.247380825954838,0.15833484114859556,3.3904251569362027,-2.300074674014169,-0.0914036510181919,2.0550093903387623,-0.8968398544205364,7.78562248685535,-5.450749487525346,-6.591456341304703,5.633237692444494,4.573689450239389,0.1616310606234656,6.362339687442235,-5.419830405211511,-5.0685030324772065,0.06721241230145143,2.0914218830697253,0.9999154749933946,3.249083468308307,6.966837827011572,-6.182669745475659,2.896285112483132,0.9561854191207184,-6.3872531958468155,-2.5095150904000962,-2.83595642097417,4.7535989383877295,3.1361228359214106,-2.2181677391865464,8.268974882375163,-1.5822105625194618,-7.146546443115331,-5.386370277021965,0.693977017789594,-0.5177307223978969,0.9817521715184251,3.7735964868377043,12.553144999730472,-3.268184498555056,1.9063490685385116
-4.91597845375522,4.478470520019612,-4.5864442295012,-5.5353301188045645,4.429218194896859,0.44927737246961813,-4.15953390558688,-0.8268122920644421,8.643194659243637,-1.9281496242496328,-9.121470012520694,-5.757148792675515,5.461870320799774,-4.656411326680872,19.0908703978821,-9.401562832868457,0.467758686166182,7.560946803859375,-5.031082181042482,6.229227164685116e-4,4.477009133858679,-1.9412749502700442,16.856719011894278,-12.129591179507985,-14.689760445931888,12.237785512298267,10.020768015631505,0.5157740803323879,14.174065518349035,-11.86700761719007,-11.318112606169207,-0.0023018372844219514,4.504247069944949,2.2159141317789053,6.966837827011572,15.435822193677474,-13.343008026256916,6.45237467645823,2.189446064367883,-13.929008255447734,-5.731734503705484,-6.5349959663292205,10.336151127946131,7.098636231966595,-4.691731634024635,18.20460312741067,-3.6597355592378724,-15.57755238553678,-11.771084619573667,1.614878204835056,-1.273830330792229,2.2802046897898665,8.265920206022454,27.522427939904414,-6.998105758943915,4.191986787142006
