V1,V2,V3,V4,V5,V6,V7,V8,V9,V10,V11,V12,V13,V14,V15,V16,V17,V18,V19,V20,V21,V22,V23,V24,V25,V26,V27,V28,V29,V30,V31,V32,V33,V34,V35,V36,V37,V38,V39,V40,V41,V42,V43,V44,V45,V46,V47,V48,V49,V50,V51,V52,V53,V54,V55,V56
585828813.6006099,-4340638373.259085,5532235365.064751,2059637794.8476663,47665528.670886375,-3154168786.4667687,3403959586.8262105,-3801974053.5864663,1437296322.8648539,-1649676348.0198798,-4547796107.285181,-3539548465.387658,-1619970689.2255461,325914057.77519995,3874795460.744519,-1380216346.1672332,1650887611.6562073,-4618197668.159915,-4978138231.38945,-365237805.33242077,-4002713910.7040343,747800090.995223,-3318612913.45616,3608959158.907065,-1689754353.7975833,3102869000.8997717,-2477099008.1831846,-1088668077.7353303,-57310005.912609905,-1640258527.5228152,2115042662.0179393,-783313548.0404915,-2019847630.3498142,-812397157.3535796,-218703164.08763832,673888503.562916,2735376391.1350217,-1635532567.9307303,3410970262.3384757,5179440236.731549,-3207731495.490051,4223447935.601019,645667783.9760048,1771283252.9727674,-6681757022.312447,2653319921.413676,-3826000139.7542095,-2475283601.079376,3673305236.9878616,1266063635.6745343,-3980038498.6044617,-3773858221.341578,902154106.5561668,-1828838009.2688725,-699645660.401027,2712564833.2681694
-4340638373.259085,32161513847.619873,-40990529273.57218,-15260674527.642424,-353172842.71700394,23370489408.43814,-25221288658.656464,28170335942.995434,-10649499362.287903,12223107328.331478,33696427787.25463,26225920518.78566,12003006301.24767,-2414826712.7088027,-28709898672.356907,10226571139.908466,-12232082065.832018,34218060914.21572,36885003517.970726,2706191974.867053,29657697285.74117,-5540747905.374677,24588921259.316437,-26740211914.973656,12520061191.531458,-22990388914.70877,18353810476.604767,8066374221.4689255,424632599.44896656,12153326952.852259,-15671191200.200491,5803881216.8413515,14965853398.816166,6019373224.570514,1620458614.015581,-4993107592.86661,-20267490196.35545,12118310445.285252,-25273233541.008392,-38376530034.32655,23767356793.675846,-31293203346.388786,-4784009076.259915,-13124141193.770622,49507791829.801956,-19659501217.482628,28348354755.785496,18340359407.160873,-27216977570.08711,-9380768366.257576,29489686144.056232,27962014572.86062,-6684418118.230783,13550587241.3687,5183952599.184256,-20098470303.946014
5532235365.064751,-40990529273.57218,52243296074.18571,19450052286.852783,450126254.0015774,-29786182789.265053,32145065557.994846,-35903688663.07684,13573012061.16238,-15578608678.778868,-42946809537.04571,-33425490101.09938,-15298085267.071945,3077747693.319088,36591372767.85355,-13033981101.282495,15590047171.697832,-43611641984.218475,-47010716710.088356,-3449098879.185198,-37799362136.57628,7061800333.40913,-31339099939.99369,34080965357.410652,-15957082655.235367,29301736674.69515,-23392319440.749035,-10280764463.606482,-541203224.4365301,-15489672115.34171,19973264464.093,-7397169301.322186,-19074296525.83924,-7671818420.396246,-2065308759.1005836,6363821178.139726,25831344697.510418,-15445042836.368614,32211270408.750446,48911698785.16165,-30291998661.020874,39883849184.20325,6097320698.747441,16726995387.878288,-63098727251.51909,25056449891.48609,-36130577403.30908,-23375175768.45243,34688613263.54035,11955987586.52729,-37585228384.58118,-35638178673.05445,8519432196.243705,-17270509890.33215,-6607057173.078017,25615925271.78756
2059637794.8476663,-15260674527.642424,19450052286.852783,7241207243.693233,167580911.04449797,-11089323534.181946,11967529862.414673,-13366856118.60758,5053199436.535278,-5799878187.908361,-15988992919.894,-12444228811.000605,-5695440002.906127,1145837993.571196,13622879241.251896,-4852519519.014207,5804136710.701218,-16236508425.962723,-17501975693.78745,-1284091138.6554306,-14072610749.773878,2629091118.8776045,-11667470819.38947,12688260657.672802,-5940783130.475437,10908965422.331474,-8708903733.680532,-3827503648.808622,-201488646.37782082,-5766767321.349743,7435997866.67872,-2753948171.301301,-7101314285.78977,-2856199371.920378,-768909436.6423391,2369235174.223205,9616946915.069185,-5750151948.790223,11992177767.527384,18209706704.947216,-11277637555.235647,14848660217.230001,2270017692.4564734,6227419771.254265,-23491502958.442486,9328455460.157436,-13451326245.892836,-8702521185.86796,12914486497.516273,4451185150.652018,-13992889274.2912,-13268007394.011261,3171763922.4009943,-6429768901.1220875,-2459791344.5910444,9536746785.856571
47665528.670886375,-353172842.71700394,450126254.0015774,167580911.04449797,3878273.5946655124,-256636621.11993155,276960662.3472766,-309344818.01739377,116944555.8122034,-134224700.32660154,-370028080.13524157,-287992752.1112628,-131807720.5070509,26517758.289174337,315269877.41177934,-112300284.65770467,134323255.54298013,-375756250.65326947,-405042549.2980038,-29717304.7729533,-325677871.0072229,60844202.74258872,-270016494.50713694,293640300.8693536,-137485617.04999095,252462649.61479825,-201547335.0794825,-88578677.83588468,-4662987.068595566,-133458425.2615017,172088889.05921486,-63733729.73033344,-164343415.7670926,-66100093.82345155,-17794621.906857062,54830439.77343946,222561883.91857737,-133073902.79639137,277531081.61533374,421421338.5483959,-260994711.1687102,343637729.34702486,52534283.39405642,144119157.79189748,-543656235.825923,215885419.35758635,-311299681.5300502,-201399627.07091343,298875773.6337442,103012333.88645265,-323832900.20170915,-307057193.60159713,73403103.67003809,-148802056.87838998,-56926151.91626719,220705838.49324268
-3154168786.4667687,23370489408.43814,-29786182789.265053,-11089323534.181946,-256636621.11993155,16982402564.497545,-18327304561.29616,20470259606.61989,-7738566450.035761,8882044598.36657,24485850152.00616,19057330466.47326,8722105959.938282,-1754758261.8140082,-20862338322.263824,7431241377.994907,-8888566183.518122,24864900140.403084,26802860964.14821,1966481776.4152517,21551065775.550797,-4026240519.5441985,17867788394.19761,-19431045511.80806,9097829127.201914,-16706198693.62092,13336982064.006683,5861512435.183846,308563574.7000053,8831337982.062784,-11387629628.633682,4217449002.8606906,10875088779.759474,4374038448.635289,1177522645.7624757,-3628292145.223121,-14727576792.551102,8805892884.002195,-18365050836.138813,-27886693796.69793,17270790264.58333,-22739522798.36525,-3476348594.0321503,-9536789973.355804,35975337792.25932,-14285775450.013836,20599618777.228767,13327207709.231403,-19777492099.617065,-6816630235.994097,21428978777.73989,20318880775.195244,-4857300050.179261,9846671307.25302,3766971599.8074446,-14604756777.974674
3403959586.8262105,-25221288658.656464,32145065557.994846,11967529862.414673,276960662.3472766,-18327304561.29616,19778714541.595238,-22091378465.171978,8351413393.13313,-9585447989.088833,-26424979122.549877,-20566554014.958576,-9412843193.284328,1893724339.5181656,22514507407.975822,-8019750063.529182,9592486041.63173,-26834047543.259514,-28925482964.082108,-2122215057.701833,-23257777842.811153,4345094045.502247,-19282807513.966576,20969864998.140156,-9818321327.734932,18029227042.635887,-14393189145.711424,-6325708224.10927,-332999914.3720705,-9530725720.995632,12289459965.782846,-4551445065.781227,-11736329028.656195,-4720435436.826327,-1270775208.379214,3915630605.0199018,15893910437.727207,-9503265525.248476,19819450088.648388,30095148701.525215,-18638530796.9901,24540353367.387997,3751654055.538416,10292045175.468916,-38824363632.77595,15417121142.10807,-22230982088.894142,-14382640720.623373,21343748026.42335,7356465492.777626,-23126022307.598248,-21928011360.32557,5241968387.377522,-10626467209.488247,-4065292620.7673764,15761363831.885302
-3801974053.5864663,28170335942.995434,-35903688663.07684,-13366856118.60758,-309344818.01739377,20470259606.61989,-22091378465.171978,24674455030.558514,-9327918333.681635,10706244778.72719,29514770211.116653,22971337572.147457,10513457837.480324,-2115151670.7730658,-25147059131.66526,8957474636.037292,-10714105770.040888,29971669736.77743,32307650233.307358,2370359101.184649,25977237881.74975,-4853152454.346975,21537486563.423813,-23421806460.616978,10966347276.390522,-20137328804.076542,16076140240.410603,7065353725.299372,371936564.9483694,10645124004.447348,-13726428514.485958,5083631461.733604,13108621687.636402,5272381352.762312,1419363023.6555345,-4373473181.154305,-17752336231.879406,10614452973.990072,-22136877094.421616,-33614081368.10568,20817876563.2381,-27409780994.09088,-4190323361.96229,-11495462189.756277,43363976404.966866,-17219797438.15915,24830382073.48019,16064358421.348324,-23839406476.106033,-8216634251.918716,25830076577.587246,24491985915.071518,-5854895539.532066,11868987157.213753,4540634713.656123,-17604291361.516087
1437296322.8648539,-10649499362.287903,13573012061.16238,5053199436.535278,116944555.8122034,-7738566450.035761,8351413393.13313,-9327918333.681635,3526321466.316943,-4047383289.1413865,-11157748603.794983,-8684072682.831656,-3974502212.860019,799610853.3167001,9506581346.018187,-3386279120.913043,4050355053.887216,-11330474666.43469,-12213567536.092556,-896089339.7887354,-9820421694.472006,1834683266.6703453,-8142020382.210388,8854367710.841162,-4145712304.2286735,7612705460.569589,-6077415817.394532,-2670982700.8410172,-140606708.24282187,-4024277223.1372676,5189132000.3916235,-1921813432.374902,-4955576624.112905,-1993168344.9435048,-536575269.99736214,1653345560.3463666,6711084090.951967,-4012682362.1245728,8368613671.482088,12707450092.756588,-7869979386.18737,10361979559.13031,1584107696.1816587,4345738634.432443,-16393295415.767557,6509763398.358627,-9386864913.365126,-6072961824.263056,9012237006.322662,3106212201.6851053,-9764788911.057302,-9258937802.871546,2213381709.178242,-4486945821.96676,-1716539220.404384,6655117284.001876
-1649676348.0198798,12223107328.331478,-15578608678.778868,-5799878187.908361,-134224700.32660154,8882044598.36657,-9585447989.088833,10706244778.72719,-4047383289.1413865,4645439063.5689745,12806457288.392033,9967262200.560883,4561788819.574829,-917764201.8679667,-10911307673.969809,3886647787.7504654,-4648849946.800936,13004705969.461523,14018287787.809633,1028498693.0892748,11271522190.761005,-2105782602.3553655,9345114320.735006,-10162720628.400078,4758297523.697051,-8737585940.595007,6975436430.166725,3065656620.6634307,161383256.52304184,4618918762.390995,-5955896632.008918,2205787431.9775977,5687830281.2701435,2287686000.39077,615861543.4614062,-1897649790.6350358,-7702737785.4548435,4605610603.598088,-9605189841.848793,-14585148190.56306,9032875578.381449,-11893102574.740332,-1818181092.930751,-4987880457.431916,18815627149.730892,-7471669229.933345,10773901514.71871,6970324299.274592,-10343917253.47426,-3565197182.7763734,11207668908.99694,10627071438.861856,-2540438875.908124,5149952921.877907,1970181170.9477973,-7638501123.558066
-4547796107.285181,33696427787.25463,-42946809537.04571,-15988992919.894,-370028080.13524157,24485850152.00616,-26424979122.549877,29514770211.116653,-11157748603.794983,12806457288.392033,35304595766.8824,27477557216.21791,12575851900.707884,-2530074745.2371645,-30080083667.145973,10714636056.87095,-12815860347.521194,35851123926.815384,38645346838.07511,2835345465.674144,31073116138.058823,-5805181079.409502,25762431877.891624,-28016393260.021732,13117583327.396236,-24087609294.071217,19229749329.327103,8451343359.316696,444898265.57498896,12733346631.933174,-16419101573.866194,6080872474.980132,15680101401.188059,6306648876.037842,1697795288.1776125,-5231404535.61211,-21234759752.23722,12696658956.041084,-26479403084.00081,-40208056721.365425,24901658103.080967,-32786677013.754482,-5012326755.988542,-13750493155.10896,51870559955.449326,-20597754391.664837,29701285002.96927,19215656305.63276,-28515912640.9838,-9828467196.290598,30897086633.90209,29296506666.585938,-7003433155.707747,14197291415.38387,5431357653.661748,-21057673355.70979
-3539548465.387658,26225920518.78566,-33425490101.09938,-12444228811.000605,-287992752.1112628,19057330466.47326,-20566554014.958576,22971337572.147457,-8684072682.831656,9967262200.560883,27477557216.21791,21385775256.780575,9787782090.720339,-1969156480.8516352,-23411320880.338387,8339198309.287111,-9974580598.001728,27902919933.82308,30077662860.576836,2206748599.5066667,24184197779.046722,-4518170844.639339,20050893675.086308,-21805151202.524742,10209411511.55087,-18747379716.979855,14966508637.03047,6577678221.094084,346264197.9953514,9910360197.115185,-12778982257.724897,4732741381.917805,12203818625.551826,4908463094.259453,1321393607.8270094,-4071600718.2610416,-16527007700.135578,9881806187.961649,-20608912168.861317,-31293919534.76289,19380953681.2227,-25517861740.82869,-3901092541.5306153,-10702005056.375862,40370842608.457726,-16031226602.571112,23116501984.002064,14955540039.916906,-22193926999.12162,-7649493327.616722,24047194065.49082,22801463115.39874,-5450770107.285878,11049748020.583717,4227224175.330349,-16389181406.128502
-1619970689.2255461,12003006301.24767,-15298085267.071945,-5695440002.906127,-131807720.5070509,8722105959.938282,-9412843193.284328,10513457837.480324,-3974502212.860019,4561788819.574829,12575851900.707884,9787782090.720339,4479644862.617116,-901238056.6042862,-10714828173.309853,3816661069.747833,-4565138282.852195,12770530725.432089,13765861014.58239,1009978556.3918709,11068556320.194567,-2067863855.5854416,9176837203.945587,-9979720906.47192,4672615042.151868,-8580248564.210987,6849830012.730172,3010453458.4365993,158477234.17405987,4535746068.905047,-5848649028.30589,2166067901.821676,5585409738.031883,2246491726.4274282,604771748.1563319,-1863478883.6393695,-7564034880.241167,4522677549.18031,-9432229555.110598,-14322513983.727215,8870220932.16911,-11678943930.596031,-1785441175.4238784,-4898063884.160078,18476814869.996372,-7337127167.519984,10579896281.637758,6844809935.456302,-10157654730.488104,-3500998813.4488773,11005852842.609993,10435710169.046535,-2494693290.1850944,5057217916.271871,1934704194.1833582,-7500954925.511845
325914057.77519995,-2414826712.7088027,3077747693.319088,1145837993.571196,26517758.289174337,-1754758261.8140082,1893724339.5181656,-2115151670.7730658,799610853.3167001,-917764201.8679667,-2530074745.2371645,-1969156480.8516352,-901238056.6042862,181315720.84294707,2155664393.172674,-767855557.7004579,918438064.9274269,-2569241234.9766903,-2769486915.965788,-203192694.8737265,-2226829247.5828767,416023515.12956333,-1846243437.9355202,2007771721.1847465,-940060792.5803246,1726218658.3103034,-1378084129.4722219,-605658553.8935348,-31883267.604354035,-912524786.5604503,1176661376.2843945,-435780711.9230037,-1123701538.3937778,-451960790.7048593,-121671099.41585498,374904291.8535066,1521771548.1870928,-909895595.1727966,1897624588.0528338,2881477231.1785808,-1784556795.7448268,2349630173.7632294,359204263.99119705,985417754.2630364,-3717260908.7054844,1476121084.157835,-2128518099.0610049,-1377074165.0224876,2043569366.2921143,704348997.1575174,-2214214237.3966126,-2099509993.6747878,501895262.19261,-1017437182.7200618,-389233767.176724,1509080797.6126244
3874795460.744519,-28709898672.356907,36591372767.85355,13622879241.251896,315269877.41177934,-20862338322.263824,22514507407.975822,-25147059131.66526,9506581346.018187,-10911307673.969809,-30080083667.145973,-23411320880.338387,-10714828173.309853,2155664393.172674,25628715292.704826,-9129042326.320919,10919319231.185822,-30545734453.593296,-32926457334.871464,-2415759959.3423924,-26474794935.513065,4946107689.046879,-21950006494.34933,23870417860.210728,-11176392065.692842,20523030704.02735,-16384055847.99676,-7200680529.168554,-379060480.76866466,-10849016218.743855,13989338734.549623,-5181001193.827244,-13359698696.335423,-5373366321.185651,-1446548904.1835532,4457240841.524993,18092356990.22573,-10817757727.909672,22560877498.643578,34257911300.45788,-21216613387.248337,27934776374.794704,4270583047.7467327,11715641422.257797,-44194551713.51594,17549618173.315777,-25305972735.848064,-16372048364.641956,24296016409.919704,8374012197.96934,-26324814966.289886,-24961095079.852898,5967037738.615576,-12096320729.693197,-4627604115.542499,17941476530.972782
-1380216346.1672332,10226571139.908466,-13033981101.282495,-4852519519.014207,-112300284.65770467,7431241377.994907,-8019750063.529182,8957474636.037292,-3386279120.913043,3886647787.7504654,10714636056.87095,8339198309.287111,3816661069.747833,-767855557.7004579,-9129042326.320919,3251798338.6571593,-3889501533.036721,10880502574.064028,11728524790.661037,860502552.2584167,9430418994.926157,-1761821688.461741,7818672768.36777,-8502730336.784811,3981071819.9153666,-7310378761.661688,5836060747.100803,2564908796.975052,135022732.384592,3864459343.3564124,-4983053733.020535,1845491615.6052918,4758773643.388787,1914012780.0274527,515266021.75124097,-1587685526.0543244,-6444563875.616165,3853324953.6447687,-8036267259.445747,-12202793573.538992,7557435454.864749,-9950469736.280327,-1521197334.9584324,-4173154416.466459,15742261310.676634,-6251238319.794176,9014080244.841768,5831783636.985136,-8654330099.500029,-2982853839.2708883,9376995581.31409,8891233559.331135,-2125480714.1686122,4308753781.617363,1648369548.6404653,-6390819702.871175
1650887611.6562073,-12232082065.832018,15590047171.697832,5804136710.701218,134323255.54298013,-8888566183.518122,9592486041.63173,-10714105770.040888,4050355053.887216,-4648849946.800936,-12815860347.521194,-9974580598.001728,-4565138282.852195,918438064.9274269,10919319231.185822,-3889501533.036721,4652263335.639176,-13014254590.9402,-14028580625.130117,-1029253861.5670997,-11279798235.059563,2107328759.2865324,-9351975910.752457,10170182539.342863,-4761791272.490668,8744001456.487541,-6980558098.9263115,-3067907560.3108916,-161501751.44644263,-4622310173.018408,5960269711.309378,-2207407017.107066,-5692006534.83704,-2289365717.6294327,-616313735.8705535,1899043126.5894907,7708393470.465318,-4608992243.949996,9612242390.090107,14595857241.447529,-9039507909.896425,11901835008.542841,1819516080.6396096,4991542777.028696,-18829442401.88389,7477155254.3150215,-10781812182.013956,-6975442215.272445,10351512207.87771,3567814905.2991843,-11215898067.759554,-10634874297.457687,2542304176.499373,-5153734241.45152,-1971627762.6191268,7644109643.375537
-4618197668.159915,34218060914.21572,-43611641984.218475,-16236508425.962723,-375756250.65326947,24864900140.403084,-26834047543.259514,29971669736.77743,-11330474666.43469,13004705969.461523,35851123926.815384,27902919933.82308,12770530725.432089,-2569241234.9766903,-30545734453.593296,10880502574.064028,-13014254590.9402,36406112544.38694,39243591056.68561,2879237658.9750977,31554139432.618946,-5895047423.186813,26161243822.551903,-28450097358.457222,13320648354.210726,-24460494367.711464,19527432939.61465,8582173270.320885,451785454.6646787,12930463533.17881,-16673275320.119417,6175006623.082653,15922835152.18906,6404278126.6347065,1724077785.2478213,-5312388607.228565,-21563481663.208355,12893207918.056227,-26889314007.534096,-40830492265.179985,25287144952.049946,-33294226863.241062,-5089919422.353105,-13963355859.08709,52673535349.83486,-20916615224.78751,30161071846.550774,19513121750.417118,-28957349483.225414,-9980615492.676151,31375384927.486584,29750027392.174606,-7111848883.386654,14417070721.439163,5515437073.276401,-21383653903.894833
-4978138231.38945,36885003517.970726,-47010716710.088356,-17501975693.78745,-405042549.2980038,26802860964.14821,-28925482964.082108,32307650233.307358,-12213567536.092556,14018287787.809633,38645346838.07511,30077662860.576836,13765861014.58239,-2769486915.965788,-32926457334.871464,11728524790.661037,-14028580625.130117,39243591056.68561,42302221561.121826,3103644342.9361835,34013457013.098427,-6354505168.727664,28200241177.98723,-30667487084.71152,14358854601.11129,-26366935959.998985,21049393607.62412,9251064578.444765,486997440.5454492,13938258924.254873,-17972784032.99615,6656284281.790239,17163854844.928932,6903425118.820075,1858451749.5422266,-5726434147.2100115,-23244131191.52369,13898099620.759346,-28985056875.278706,-44012805243.95341,27258015375.456913,-35889166193.78846,-5486625798.883481,-15051654483.700993,56778890585.17374,-22546848229.879154,32511814271.12893,21033967009.8566,-31214274246.403584,-10758500853.730186,33820770450.167316,32068733168.99981,-7666143670.117517,15540731709.180584,5945308133.096987,-23050287725.163296
-365237805.33242077,2706191974.867053,-3449098879.185198,-1284091138.6554306,-29717304.7729533,1966481776.4152517,-2122215057.701833,2370359101.184649,-896089339.7887354,1028498693.0892748,2835345465.674144,2206748599.5066667,1009978556.3918709,-203192694.8737265,-2415759959.3423924,860502552.2584167,-1029253861.5670997,2879237658.9750977,3103644342.9361835,227709275.1477992,2495511335.8734236,-466219581.19818145,2069005261.8932383,-2250023031.686724,1053485519.3871833,-1934498676.7128878,1544359349.9554803,678735375.6589861,35730200.32204911,1022627107.1490643,-1318633571.257446,488360617.80855024,1259283768.6907296,506492934.15593153,136351544.781529,-420139044.5732482,-1705383632.7774005,1019680685.1782987,-2126585897.36273,-3229147051.184553,1999875706.2122192,-2633129030.0924644,-402544700.8325132,-1104315106.0102577,4165773712.62669,-1654225130.0360155,2385338280.519257,1543227525.867444,-2290139905.385973,-789333493.1973205,2481374240.1155243,2352830149.592929,-562452338.3405824,1140197896.7827792,436197468.48313373,-1691161656.7681978
-4002713910.7040343,29657697285.74117,-37799362136.57628,-14072610749.773878,-325677871.0072229,21551065775.550797,-23257777842.811153,25977237881.74975,-9820421694.472006,11271522190.761005,31073116138.058823,24184197779.046722,11068556320.194567,-2226829247.5828767,-26474794935.513065,9430418994.926157,-11279798235.059563,31554139432.618946,34013457013.098427,2495511335.8734236,27348806171.82022,-5109393322.461203,22674641086.78456,-24658450905.888107,11545357800.899302,-21200556607.42952,16924941957.518648,7438396278.691436,391574388.3530587,11207174309.333963,-14451168156.186438,5352041356.8931465,13800741839.730911,5550757023.043438,1494303759.1038904,-4604387534.184755,-18689639169.756603,11174883885.51346,-23305678747.79221,-35388866209.43462,21917036507.45055,-28856985910.387714,-4411567616.724096,-12102409374.845709,45653544491.3552,-18128982940.06052,26141397692.355995,16912538073.162476,-25098099723.445942,-8650463090.861046,27193874917.619587,25785134606.49657,-6164027290.702863,12495656029.997309,4780375003.322664,-18533777700.603287
747800090.995223,-5540747905.374677,7061800333.40913,2629091118.8776045,60844202.74258872,-4026240519.5441985,4345094045.502247,-4853152454.346975,1834683266.6703453,-2105782602.3553655,-5805181079.409502,-4518170844.639339,-2067863855.5854416,416023515.12956333,4946107689.046879,-1761821688.461741,2107328759.2865324,-5895047423.186813,-6354505168.727664,-466219581.19818145,-5109393322.461203,954553554.3320713,-4236150530.966662,4606772363.743532,-2156941466.0081816,3960757252.5244527,-3161972954.3454843,-1389665494.8861158,-73155206.32527119,-2093760921.4075933,2699814449.5730004,-999885852.5664402,-2578299679.893387,-1037010563.5978402,-279170710.5059784,860206723.4081758,3491659453.1968536,-2087728318.0727687,4354043048.79963,6611463608.568583,-4094612367.487342,5391156390.034237,824183475.773358,2261011660.26969,-8529144342.640707,3386915824.70598,-4883821327.006626,-3159655619.5850077,4688908991.605805,1616107778.0121725,-5080448560.44398,-4817263092.991122,1151583717.9021547,-2334479285.748787,-893085277.4315183,3462540904.281046
-3318612913.45616,24588921259.316437,-31339099939.99369,-11667470819.38947,-270016494.50713694,17867788394.19761,-19282807513.966576,21537486563.423813,-8142020382.210388,9345114320.735006,25762431877.891624,20050893675.086308,9176837203.945587,-1846243437.9355202,-21950006494.34933,7818672768.36777,-9351975910.752457,26161243822.551903,28200241177.98723,2069005261.8932383,22674641086.78456,-4236150530.966662,18799334246.757877,-20444092537.09106,9572148881.520275,-17577184501.507385,14032312121.71909,6167105240.248153,324650686.56854594,9291764091.055363,-11981329246.122076,4437327761.169612,11442066830.150272,4602081075.64633,1238913362.5631142,-3817454924.950812,-15495406183.89167,9264992399.020315,-19322521708.80617,-29340580163.28653,18171211327.699947,-23925058897.48911,-3657589721.6090527,-10033995163.976244,37850929554.80361,-15030571313.321032,21673589938.183094,14022028175.293612,-20808601285.455406,-7172018574.7976465,22546189025.626057,21378215523.145355,-5110537754.932407,10360032313.04082,3963364500.5416017,-15366182887.992579
3608959158.907065,-26740211914.973656,34080965357.410652,12688260657.672802,293640300.8693536,-19431045511.80806,20969864998.140156,-23421806460.616978,8854367710.841162,-10162720628.400078,-28016393260.021732,-21805151202.524742,-9979720906.47192,2007771721.1847465,23870417860.210728,-8502730336.784811,10170182539.342863,-28450097358.457222,-30667487084.71152,-2250023031.686724,-24658450905.888107,4606772363.743532,-20444092537.09106,22232751128.580177,-10409618497.920994,19115016615.994568,-15260002496.34882,-6706666764.898244,-353054453.09403366,-10104702774.747503,13029578632.7371,-4825550637.946086,-12443136017.589426,-5004718261.267349,-1347306191.606182,4151444978.9376764,16851103011.223034,-10075588819.639502,21013053796.971344,31907594603.09449,-19761014991.297726,26018268074.717793,3977593129.153987,10911871821.88499,-41162516517.535,16345599625.782566,-23569817553.206715,-15248818804.096626,22629150834.211994,7799500211.466843,-24518760544.740437,-23248600758.849125,5557659936.832861,-11266434040.62472,-4310120218.488616,16710573937.82506
-1689754353.7975833,12520061191.531458,-15957082655.235367,-5940783130.475437,-137485617.04999095,9097829127.201914,-9818321327.734932,10966347276.390522,-4145712304.2286735,4758297523.697051,13117583327.396236,10209411511.55087,4672615042.151868,-940060792.5803246,-11176392065.692842,3981071819.9153666,-4761791272.490668,13320648354.210726,14358854601.11129,1053485519.3871833,11545357800.899302,-2156941466.0081816,9572148881.520275,-10409618497.920994,4873897820.808595,-8949860923.81785,7144900932.183852,3140135110.197369,165303976.26039577,4731132926.898922,-6100591958.66422,2259375859.1640697,5826013079.060982,2343264110.0961657,630823570.7773908,-1943752178.6651337,-7889871685.188211,4717501453.043052,-9838542798.297506,-14939486574.559076,9252324464.854733,-12182039148.68913,-1862352831.4027176,-5109058348.512996,19272742760.39912,-7653189442.78438,11035647697.236454,7139664604.473848,-10595217197.995813,-3651811744.138364,11479953238.053104,10885250462.656597,-2602157481.537518,5275068277.296197,2018045670.2893846,-7824074428.197125
3102869000.8997717,-22990388914.70877,29301736674.69515,10908965422.331474,252462649.61479825,-16706198693.62092,18029227042.635887,-20137328804.076542,7612705460.569589,-8737585940.595007,-24087609294.071217,-18747379716.979855,-8580248564.210987,1726218658.3103034,20523030704.02735,-7310378761.661688,8744001456.487541,-24460494367.711464,-26366935959.998985,-1934498676.7128878,-21200556607.42952,3960757252.5244527,-17577184501.507385,19115016615.994568,-8949860923.81785,16434487038.038406,-13120067759.396334,-5766180079.644848,-303545058.57798094,-8687704023.54338,11202419828.650452,-4148855897.195818,-10698215006.440645,-4302898554.952663,-1158371273.6099539,3569281160.058777,14488045685.500996,-8662672766.145548,18066359406.936066,27433141203.0279,-16989896021.223166,22369684422.449768,3419808835.9922633,9381682455.751835,-35390230505.59324,14053429854.120089,-20264584062.171307,-13110452374.901697,19455828552.928535,6705763730.01571,-21080455249.54612,-19988412016.752415,4778300329.298844,-9686523842.73721,-3705705115.0783606,14367223230.520672
-2477099008.1831846,18353810476.604767,-23392319440.749035,-8708903733.680532,-201547335.0794825,13336982064.006683,-14393189145.711424,16076140240.410603,-6077415817.394532,6975436430.166725,19229749329.327103,14966508637.03047,6849830012.730172,-1378084129.4722219,-16384055847.99676,5836060747.100803,-6980558098.9263115,19527432939.61465,21049393607.62412,1544359349.9554803,16924941957.518648,-3161972954.3454843,14032312121.71909,-15260002496.34882,7144900932.183852,-13120067759.396334,10474082800.056118,4603287780.091185,242327717.73572052,6935614430.858312,-8943175827.688198,3312136872.256098,8540656332.091896,3435113032.549917,924757162.5100192,-2849447662.550941,-11566174268.581257,6915631343.016251,-14422832853.722872,-21900572290.674923,13563464834.922138,-17858286340.165745,-2730120115.610523,-7489635011.42986,28252918462.322803,-11219209429.0739,16177731339.992403,10466406594.61804,-15532081307.931545,-5353381235.054906,16829061998.238106,15957256192.777822,-3814638324.303226,7732997621.155819,2958358365.4112506,-11469718638.851336
-1088668077.7353303,8066374221.4689255,-10280764463.606482,-3827503648.808622,-88578677.83588468,5861512435.183846,-6325708224.10927,7065353725.299372,-2670982700.8410172,3065656620.6634307,8451343359.316696,6577678221.094084,3010453458.4365993,-605658553.8935348,-7200680529.168554,2564908796.975052,-3067907560.3108916,8582173270.320885,9251064578.444765,678735375.6589861,7438396278.691436,-1389665494.8861158,6167105240.248153,-6706666764.898244,3140135110.197369,-5766180079.644848,4603287780.091185,2023113508.6331077,106501375.6395843,3048155123.355119,-3930464633.8435736,1455661510.7568936,3753560067.782581,1509708690.6196904,406424450.43960583,-1252312765.1423535,-5083254514.035165,3039372694.411081,-6338736431.53947,-9625151790.228815,5961050064.410628,-7848594751.506885,-1199869125.2465913,-3291643382.5089397,12416964501.673008,-4930765839.024947,7110002318.157363,4599914141.276213,-6826243543.590447,-2352774451.7374125,7396257690.2084265,7013104998.871181,-1676507462.9651806,3398599584.7013407,1300178274.3257074,-5040862924.22446
-57310005.912609905,424632599.44896656,-541203224.4365301,-201488646.37782082,-4662987.068595566,308563574.7000053,-332999914.3720705,371936564.9483694,-140606708.24282187,161383256.52304184,444898265.57498896,346264197.9953514,158477234.17405987,-31883267.604354035,-379060480.76866466,135022732.384592,-161501751.44644263,451785454.6646787,486997440.5454492,35730200.32204911,391574388.3530587,-73155206.32527119,324650686.56854594,-353054453.09403366,165303976.26039577,-303545058.57798094,242327717.73572052,106501375.6395843,5606478.931737509,160461936.92633757,-206908751.1895051,76629389.4366151,197596085.6464196,79474557.58107258,21395123.282912362,-65924640.73234859,-267594276.95764998,159999609.8785735,-333685749.47218215,-506690256.7566867,313803465.7876281,-413168184.39098614,-63163886.46415741,-173279722.61589906,653657736.1827598,-259566920.25169957,374286969.8810961,242150121.82084766,-359349251.61334443,-123855489.77860318,389356115.1344258,369186071.0323899,-88255231.12270573,178910144.28131974,68444391.8529714,-265362685.5886442
-1640258527.5228152,12153326952.852259,-15489672115.34171,-5766767321.349743,-133458425.2615017,8831337982.062784,-9530725720.995632,10645124004.447348,-4024277223.1372676,4618918762.390995,12733346631.933174,9910360197.115185,4535746068.905047,-912524786.5604503,-10849016218.743855,3864459343.3564124,-4622310173.018408,12930463533.17881,13938258924.254873,1022627107.1490643,11207174309.333963,-2093760921.4075933,9291764091.055363,-10104702774.747503,4731132926.898922,-8687704023.54338,6935614430.858312,3048155123.355119,160461936.92633757,4592549863.928255,-5921895072.350844,2193194833.842811,5655359082.849352,2274625853.3136106,612345657.7767003,-1886816316.9164178,-7658763702.498753,4579317679.075728,-9550354869.548594,-14501883183.279537,8981307884.314772,-11825206160.08095,-1807801297.0893626,-4959405196.051529,18708210803.676987,-7429014292.278439,10712394496.230753,6930531484.064464,-10284864967.780334,-3544843864.46959,11143685559.559431,10566402656.660343,-2525935789.938201,5120552407.198479,1958933623.8085506,-7594893760.939158
2115042662.0179393,-15671191200.200491,19973264464.093,7435997866.67872,172088889.05921486,-11387629628.633682,12289459965.782846,-13726428514.485958,5189132000.3916235,-5955896632.008918,-16419101573.866194,-12778982257.724897,-5848649028.30589,1176661376.2843945,13989338734.549623,-4983053733.020535,5960269711.309378,-16673275320.119417,-17972784032.99615,-1318633571.257446,-14451168156.186438,2699814449.5730004,-11981329246.122076,13029578632.7371,-6100591958.66422,11202419828.650452,-8943175827.688198,-3930464633.8435736,-206908751.1895051,-5921895072.350844,7636028416.522104,-2828030194.341705,-7292341748.24075,-2933031981.009692,-789593328.5742648,2432968302.40466,9875645640.155458,-5904832742.685392,12314770907.187992,18699553218.33209,-11581009352.734066,15248093582.731575,2331081841.8455877,6394939211.437401,-24123431357.522533,9579393679.274849,-13813170912.423487,-8936621588.320494,13261890015.776773,4570923351.311732,-14369302147.786184,-13624920729.60294,3257085312.6701264,-6602731592.082622,-2525960460.482688,9793288103.584877
-783313548.0404915,5803881216.8413515,-7397169301.322186,-2753948171.301301,-63733729.73033344,4217449002.8606906,-4551445065.781227,5083631461.733604,-1921813432.374902,2205787431.9775977,6080872474.980132,4732741381.917805,2166067901.821676,-435780711.9230037,-5181001193.827244,1845491615.6052918,-2207407017.107066,6175006623.082653,6656284281.790239,488360617.80855024,5352041356.8931465,-999885852.5664402,4437327761.169612,-4825550637.946086,2259375859.1640697,-4148855897.195818,3312136872.256098,1455661510.7568936,76629389.4366151,2193194833.842811,-2828030194.341705,1047371008.1274983,2700744618.280188,1086258792.3793626,292428688.39158547,-901058436.1911186,-3657480373.02783,2186875739.318587,-4560819062.556142,-6925445826.058782,4289067869.314219,-5647185514.246618,-863324424.0319982,-2368388407.4627805,8934198323.195976,-3547762409.082682,5115756816.4595785,3309709486.28783,-4911587981.976518,-1692857667.6300395,5321721990.874401,5046037693.799028,-1206273092.2787144,2445345052.4380856,935498411.5720751,-3626978967.334778
-2019847630.3498142,14965853398.816166,-19074296525.83924,-7101314285.78977,-164343415.7670926,10875088779.759474,-11736329028.656195,13108621687.636402,-4955576624.112905,5687830281.2701435,15680101401.188059,12203818625.551826,5585409738.031883,-1123701538.3937778,-13359698696.335423,4758773643.388787,-5692006534.83704,15922835152.18906,17163854844.928932,1259283768.6907296,13800741839.730911,-2578299679.893387,11442066830.150272,-12443136017.589426,5826013079.060982,-10698215006.440645,8540656332.091896,3753560067.782581,197596085.6464196,5655359082.849352,-7292341748.24075,2700744618.280188,6964123923.214703,2801020425.034566,754054867.2355728,-2323463894.2736564,-9431157017.992321,5639064704.460349,-11760500760.971386,-17857913193.369495,11059764760.303116,-14561798797.298527,-2226163197.174135,-6107112185.173034,23037670369.78231,-9148238932.252419,13191459934.714842,8534397089.841613,-12664991399.292667,-4365192658.127382,13722560502.35627,13011682622.272585,-3110488582.077683,6305552129.115072,2412270608.88457,-9352506275.808348
-812397157.3535796,6019373224.570514,-7671818420.396246,-2856199371.920378,-66100093.82345155,4374038448.635289,-4720435436.826327,5272381352.762312,-1993168344.9435048,2287686000.39077,6306648876.037842,4908463094.259453,2246491726.4274282,-451960790.7048593,-5373366321.185651,1914012780.0274527,-2289365717.6294327,6404278126.6347065,6903425118.820075,506492934.15593153,5550757023.043438,-1037010563.5978402,4602081075.64633,-5004718261.267349,2343264110.0961657,-4302898554.952663,3435113032.549917,1509708690.6196904,79474557.58107258,2274625853.3136106,-2933031981.009692,1086258792.3793626,2801020425.034566,1126590441.207029,303286258.1653324,-934513789.9382112,-3793278774.3984447,2268072135.742654,-4730157479.74357,-7182580348.250328,4448316448.482141,-5856859575.104467,-895378752.2873167,-2456324178.146148,9265915714.510147,-3679487098.047664,5305699489.087133,3432595519.185748,-5093950080.118154,-1755711693.7217338,5519311932.966189,5233391768.079169,-1251060744.3281353,2536138143.4944134,970232485.5165902,-3761644883.5737724
-218703164.08763832,1620458614.015581,-2065308759.1005836,-768909436.6423391,-17794621.906857062,1177522645.7624757,-1270775208.379214,1419363023.6555345,-536575269.99736214,615861543.4614062,1697795288.1776125,1321393607.8270094,604771748.1563319,-121671099.41585498,-1446548904.1835532,515266021.75124097,-616313735.8705535,1724077785.2478213,1858451749.5422266,136351544.781529,1494303759.1038904,-279170710.5059784,1238913362.5631142,-1347306191.606182,630823570.7773908,-1158371273.6099539,924757162.5100192,406424450.43960583,21395123.282912362,612345657.7767003,-789593328.5742648,292428688.39158547,754054867.2355728,303286258.1653324,81646844.56021817,-251577840.65138513,-1021177959.0657786,610581350.1358514,-1273392452.5862505,-1933602347.3029199,1197518817.981125,-1576708769.4768786,-241042407.1992609,-661260155.5657961,2494451228.5550356,-990544420.3896668,1428332505.6039114,924079430.0447211,-1371328040.1093345,-472650229.58861,1485838513.7861023,1408866746.618792,-336794560.4368697,682746649.4788117,261193570.7771212,-1012661888.0100584
673888503.562916,-4993107592.86661,6363821178.139726,2369235174.223205,54830439.77343946,-3628292145.223121,3915630605.0199018,-4373473181.154305,1653345560.3463666,-1897649790.6350358,-5231404535.61211,-4071600718.2610416,-1863478883.6393695,374904291.8535066,4457240841.524993,-1587685526.0543244,1899043126.5894907,-5312388607.228565,-5726434147.2100115,-420139044.5732482,-4604387534.184755,860206723.4081758,-3817454924.950812,4151444978.9376764,-1943752178.6651337,3569281160.058777,-2849447662.550941,-1252312765.1423535,-65924640.73234859,-1886816316.9164178,2432968302.40466,-901058436.1911186,-2323463894.2736564,-934513789.9382112,-251577840.65138513,775185011.1756041,3146548377.0447483,-1881379967.6596208,3923695100.11126,5957995149.305331,-3689906209.0141106,4858301508.106781,742722253.5820184,2037536209.7038684,-7686134815.558035,3052157472.5009046,-4401110782.71785,-2847359369.6698527,4225463328.7209334,1456373788.6912282,-4578303635.959195,-4341131077.71686,1037762681.9885974,-2103742391.1010954,-804813891.5560427,3120307867.364312
2735376391.1350217,-20267490196.35545,25831344697.510418,9616946915.069185,222561883.91857737,-14727576792.551102,15893910437.727207,-17752336231.879406,6711084090.951967,-7702737785.4548435,-21234759752.23722,-16527007700.135578,-7564034880.241167,1521771548.1870928,18092356990.22573,-6444563875.616165,7708393470.465318,-21563481663.208355,-23244131191.52369,-1705383632.7774005,-18689639169.756603,3491659453.1968536,-15495406183.89167,16851103011.223034,-7889871685.188211,14488045685.500996,-11566174268.581257,-5083254514.035165,-267594276.95764998,-7658763702.498753,9875645640.155458,-3657480373.02783,-9431157017.992321,-3793278774.3984447,-1021177959.0657786,3146548377.0447483,12772133824.625202,-7636697056.756837,15926644978.564423,24184058932.228447,-14977674032.479109,19720299704.759857,3014779015.4307623,8270549832.772003,-31198739285.48886,12388992324.279528,-17864519836.30413,-11557697695.430794,17151550411.70935,5911557266.94173,-18583762183.804733,-17621056611.617786,4212375677.440114,-8539286905.770425,-3266814770.934954,12665621145.13822
