V1,V2,V3,V4,V5,V6,V7,V8,V9,V10,V11,V12,V13,V14,V15,V16,V17,V18,V19,V20,V21,V22,V23,V24,V25,V26,V27,V28,V29,V30,V31,V32,V33,V34,V35,V36,V37,V38,V39,V40,V41,V42,V43,V44,V45,V46,V47,V48,V49,V50,V51,V52,V53,V54,V55,V56
163963.0103225238,-1214865.6656021653,1548371.3868905695,576455.0179890834,13340.63586009167,-882793.8932879457,952706.5708815501,-1064103.2946779302,402273.0637287557,-461715.0947543635,-1272844.8275583754,-990655.0845705534,-453400.6428577344,91217.49037461261,1084484.108171954,-386297.4368817274,462053.5956462354,-1292549.2058965096,-1393290.483889687,-102223.5595757866,-1120286.3854574184,209295.5063514291,-928818.7411435732,1010081.6694944738,-472930.92756451113,868436.2769886422,-693294.8793006485,-304698.4934888819,-16040.204192897523,-459077.9988069407,591962.3136207858,-219235.50594125185,-565318.9752827967,-227375.34504477718,-61210.761484034396,188609.712631778,765582.4401625545,-457755.59362837573,954668.3089164841,1449631.3017234656,-897785.9456429359,1182066.16389003,180710.6093900458,495749.8652316691,-1870102.437909035,742616.0970417941,-1070827.3495873637,-692786.9072011888,1028090.8028412175,354348.1139078936,-1113940.410374458,-1056234.1523208125,252496.38619616613,-511858.1920464677,-195818.26888737813,759197.296790955
-1214865.6656021653,9001421.679365959,-11472501.960897151,-4271184.672456497,-98846.61633857327,6540973.902258756,-7058979.218201557,7884363.698117032,-2980600.809775838,3421025.322077907,9431015.899817368,7340157.220617159,3359422.888887441,-675866.0307959955,-8035377.223635047,2862230.9133326476,-3423536.970314452,9577011.619572436,10323440.460151473,757413.8850678658,8300648.893457904,-1550754.3188146402,6881990.740175063,-7484097.919270011,3504136.7432539104,-6434590.807520391,5136897.090545126,2257631.214447469,118847.0053320437,3401494.5342261656,-4386081.022599545,1624400.7262204252,4188669.8334364793,1684712.9485247347,453536.71962371975,-1397480.0820221235,-5672501.356762723,3391694.189002797,-7073517.462304664,-10740891.575520933,6652050.209599984,-8758397.379331367,-1338956.9445145323,-3673207.942961865,13856328.922778709,-5502336.219308609,7934187.739178814,5133132.4398756,-7617535.871799967,-2625506.1053172885,8253625.8297663545,7826058.327422194,-1870846.7721989914,3792562.33024123,1450893.9465087825,-5625195.506752216
1548371.3868905695,-11472501.960897151,14621947.689014936,5443715.362980544,125982.29164469447,-8336610.884802145,8996817.316911448,-10048788.07196154,3798838.700925238,-4360166.867952057,-12020030.389564404,-9355185.638935564,-4281654.404908133,861405.2752900732,10241259.713902937,-3647973.722510374,4363369.511109135,-12206104.241972772,-13157442.167104518,-965339.5509080386,-10579353.321461676,1976469.5030142854,-8771244.277893625,9538641.723672543,-4466097.925430216,8201022.642593161,-6547083.916867663,-2877398.2711725524,-151472.48171421036,-4335278.113037611,5590151.725531489,-2070332.1148205409,-5338546.93814021,-2147201.7470655967,-578042.9362905506,1781116.1403599072,7229721.601801541,-4322786.431111514,9015347.865254572,13689492.275420753,-8478177.528796703,11162762.450367501,1706529.042007221,4681581.273026134,-17660182.912272736,7012843.233560702,-10112291.100006858,-6542285.392409684,9708711.673243208,3346263.1220554514,-10519420.100647798,-9974476.749268582,2384434.0877774637,-4833701.577872019,-1849194.439490578,7169431.093934374
576455.0179890834,-4271184.672456497,5443715.362980544,2026681.9757714344,46902.859331290965,-3103699.734239026,3349493.415100388,-3741139.424207999,1414298.4333375415,-1623279.9476518794,-4475027.8966127895,-3482912.8839573064,-1594049.7407152713,320699.1390238586,3812795.836598203,-1358131.7782014702,1624472.0051320174,-4544302.884726375,-4898483.943595225,-359393.65509623167,-3938667.394101807,735834.7361067242,-3265512.6547649754,3551213.0275902594,-1662717.1279900502,3053220.7023855336,-2437463.450652453,-1071248.4655768075,-56392.93454058227,-1614013.2574421586,2081200.1422688311,-770779.7938874182,-1987528.299707731,-799398.0984483702,-215203.83479710747,663105.543291844,2691608.037490515,-1609362.801317237,3356392.062292884,5096564.93716428,-3156405.1040518773,4155869.386237971,635336.5986746744,1742941.3202814532,-6574843.445320831,2610864.6203076574,-3764781.223664054,-2435677.0413036407,3614529.5686993417,1245805.6216380382,-3916354.6527979467,-3713473.480966729,887718.9625205072,-1799575.2306407858,-688450.7085887144,2669161.69739145
13340.63586009167,-98846.61633857327,125982.29164469447,46902.859331290965,1085.5199224799112,-71828.09213524926,77516.12854691119,-86579.97340223713,32730.64018205693,-37566.80586007292,-103564.26768309188,-80603.92522206948,-36890.44924454482,7421.824861644663,88238.4639442015,-31430.77636559779,37594.5754877695,-105167.38513836359,-113363.93501789875,-8317.282062921822,-91151.43914482264,17029.211466406567,-75572.87199130353,82184.6216398377,-38479.875841608155,70659.76074283189,-56409.41806710993,-24791.539007698582,-1305.0364497479234,-37352.71716544135,48164.42962184848,-17837.80894050278,-45996.612394139884,-18500.122615528264,-4980.477171889109,15345.826138273582,62290.86994699642,-37245.0238249782,77675.9223044446,117948.0415046735,-73047.57419158165,96177.92584889091,14703.400034889402,40336.35306795962,-152159.33535317113,60422.320135505805,-87127.21950074304,-56368.053769573846,83650.00758472773,28831.2726174473,-90634.88375439451,-85939.7143700833,20544.220284152354,-41647.05914998229,-15932.50627020546,61771.59145772828
-882793.8932879457,6540973.902258756,-8336610.884802145,-3103699.734239026,-71828.09213524926,4753066.109743461,-5129477.830930804,5729252.534799916,-2165883.693498699,2485920.670618898,6853144.251910526,5333799.582071689,2441157.6512645935,-491124.66043591837,-5838989.563997338,2079868.9636038032,-2487747.138704453,6959232.815998558,7501631.623154405,550382.0531843026,6031751.275296318,-1126871.6136061978,5000869.6265127435,-5438396.091124756,2546317.8110085195,-4675761.073609346,3732778.220886096,1640530.1914937997,86360.90349776561,2471731.675981808,-3187189.0391616127,1180386.373677902,3043738.157211906,1224213.2200909257,329567.7609248721,-1015491.4435462323,-4121979.339894151,2464609.340213602,-5140043.316070837,-7804976.55340061,4833778.632598597,-6364377.925395611,-972966.7089650428,-2669173.8139103255,10068840.502697138,-3998327.741227663,5765458.769766741,3730042.2574966326,-5535360.555274153,-1907850.6444978262,5997580.272637064,5686884.436881103,-1359470.0229857068,2755904.4240665194,1054306.2405051484,-4087605.673587515
952706.5708815501,-7058979.218201557,8996817.316911448,3349493.415100388,77516.12854691119,-5129477.830930804,5535702.259592775,-6182974.324333562,2337408.442364745,-2682793.388439599,-7395869.441191218,-5756203.63437397,-2634483.853807071,530019.0690579767,6301399.505582344,-2244581.9472012916,2684762.414797372,-7510360.651311552,-8095716.0570563525,-593969.5624207393,-6509427.731709459,1216112.4648745623,-5396905.585843883,5869082.706761314,-2747968.394745507,5046051.766156316,-4028391.3633718966,-1770450.6785007897,-93200.88879182776,-2667475.704636846,3439596.547716823,-1273867.0324877673,-3284785.3046952947,-1321164.1426604846,-355666.40142368583,1095914.5907305006,4448416.577373978,-2659790.5798296137,5547102.735220807,8423084.26808984,-5216585.679888686,6868397.786497555,1050019.5446352959,2880555.8329309323,-10866232.521759974,4314971.576134813,-6222046.189490811,-4025439.25465292,5973725.503691665,2058940.5905143565,-6472552.47356469,-6137250.795462532,1467131.2555801673,-2974154.147724139,-1137801.6292238522,4411318.249308732
-1064103.2946779302,7884363.698117032,-10048788.07196154,-3741139.424207999,-86579.97340223713,5729252.534799916,-6182974.324333562,6905930.329738845,-2610714.359208942,2996482.980595367,8260646.238575653,6429258.767405875,2942525.339513274,-591992.4325082382,-7038203.472725758,2507033.919035172,-2998683.0214943993,8388524.146544911,9042322.626031294,663420.351551225,7270555.444873216,-1358308.9041226988,6027949.887970186,-6555336.74890492,3069280.6389587577,-5636071.318030323,4499418.695197698,1977463.7950719474,104098.31001071974,2979376.108792375,-3841777.3033753885,1422815.878995495,3668864.4363422124,1475643.4924854867,397253.7845109393,-1224055.5730004243,-4968555.504472225,2970791.9243127536,-6195708.469001338,-9407968.905587923,5826544.372255644,-7671498.221119943,-1172795.1395610457,-3217370.3800188866,12136786.858541666,-4819507.546657552,6949571.369299759,4496121.213796353,-6672215.354246898,-2299686.1844242676,7229367.76918693,6854860.540005569,-1638678.5404677438,3321913.160268815,1270840.948448261,-4927120.306794194
402273.0637287557,-2980600.809775838,3798838.700925238,1414298.4333375415,32730.64018205693,-2165883.693498699,2337408.442364745,-2610714.359208942,986953.1194265723,-1132788.8766273023,-3122850.4747363552,-2430513.6918824115,-1112390.76747688,223796.51018354337,2660718.843651684,-947757.8216044422,1133620.5826240457,-3171193.370730822,-3418355.003717473,-250799.08697690602,-2748557.048178447,513494.4062401099,-2278803.095600193,2478176.155261106,-1160309.2925879136,2130657.517191198,-1700957.9389460112,-747559.3901757047,-39353.26611024003,-1126321.830350667,1452343.5098819656,-537880.5792467663,-1386975.6166450183,-557851.51411182,-150177.6220210256,462741.336034839,1878310.1698095629,-1123076.657097735,2342222.4576238235,3556583.7349607013,-2202663.8349764375,2900129.2537365467,443362.87433466106,1216293.04631518,-4588184.677739588,1821964.1616382156,-2627212.4074602765,-1699711.3536934864,2522360.8807867826,869372.1899692446,-2732986.4809001456,-2591407.964146001,619485.1991387911,-1255814.3536122984,-480428.0631750334,1862646.040075841
-461715.0947543635,3421025.322077907,-4360166.867952057,-1623279.9476518794,-37566.80586007292,2485920.670618898,-2682793.388439599,2996482.980595367,-1132788.8766273023,1300176.5774492263,3584292.413890963,2789654.933971292,1276762.9429713346,-256865.81820417414,-3053874.163652351,1087801.9939174184,-1301129.3142692288,3639779.600823341,3923464.4825368375,287858.6249467119,3154692.591887245,-589369.7401908591,2615525.160758055,-2844359.3927102163,1331758.7605997156,-2445490.267890453,1952297.5626360895,858021.9798164292,45168.92056049855,1292749.372945225,-1666948.5367080292,617360.9179884243,1591921.7187134016,640282.2856467204,172367.40229926864,-531119.8494004701,-2155857.585458074,1289025.8554658606,-2688317.1790430313,-4082118.587253294,2528138.650563941,-3328662.8811520245,-508875.6126517703,-1396016.7172301374,5266152.709245068,-2091184.8183779095,3015417.2923192456,1950867.2780987178,-2895072.4413815695,-997833.6084480874,3136822.921958716,2974323.6717683277,-711022.1278302545,1441377.0611457143,551418.5294999091,-2137876.6192608834
-1272844.8275583754,9431015.899817368,-12020030.389564404,-4475027.8966127895,-103564.26768309188,6853144.251910526,-7395869.441191218,8260646.238575653,-3122850.4747363552,3584292.413890963,9881113.909863593,7690467.60323218,3519750.9884333583,-708121.6270325689,-8418868.406242225,2998831.312383451,-3586925.2470607776,10034076.61658796,10816127.6704855,793561.1965804005,8696799.577901836,-1624764.639348799,7210436.3664552085,-7841278.436006894,3671373.6606384027,-6741683.347572308,5382056.397200104,2365376.690516767,124518.53090469682,3563832.703447364,-4595406.422034331,1701924.7076385159,4388573.70368995,1765115.7066748,475182.53998884745,-1464173.5124719343,-5943221.355947659,3553563.82578868,-7411102.6217566505,-11253501.571446182,6969519.543156753,-9176393.308298567,-1402858.9990536578,-3848512.535070931,14517623.607496772,-5764935.665720112,8312849.215879705,5378111.736028592,-7981085.146987659,-2750808.923092347,8647531.151920175,8199558.32360158,-1960133.5506870463,3973563.664282871,1520137.6130157649,-5893659.4001260195
-990655.0845705534,7340157.220617159,-9355185.638935564,-3482912.8839573064,-80603.92522206948,5333799.582071689,-5756203.63437397,6429258.767405875,-2430513.6918824115,2789654.933971292,7690467.60323218,5985488.785472837,2739421.786464562,-551130.9967678215,-6552402.17309184,2333989.639501986,-2791703.296671927,7809518.835796755,8418189.673009176,617628.6942312064,6768716.282356101,-1264553.7047494054,5611879.836242881,-6102864.5076249195,2857428.322991395,-5247049.981992287,4188853.031334127,1840972.2383704658,96913.00761371745,2773729.302958658,-3576604.1876348057,1324608.0150381455,3415626.3641997753,1373789.3509301674,369834.0346411554,-1139566.7520126232,-4625608.212062174,2765737.4988942402,-5768058.976338966,-8758597.743243312,5424375.688584888,-7141984.476346842,-1091844.7184298688,-2995296.193352305,11299063.09772896,-4486848.156445825,6469887.711955993,4185783.0950841815,-6211675.78864077,-2140953.7919176575,6730371.374514372,6381714.009526938,-1525571.2420851467,3092623.1495178756,1183122.987675189,-4587033.242280812
-453400.6428577344,3359422.888887441,-4281654.404908133,-1594049.7407152713,-36890.44924454482,2441157.6512645935,-2634483.853807071,2942525.339513274,-1112390.76747688,1276762.9429713346,3519750.9884333583,2739421.786464562,1253771.6407916988,-252240.27070382665,-2998884.1662203893,1068213.9382610568,-1277699.4608616864,3574238.5303740413,3852814.2172076567,282674.87716591975,3097886.676868684,-578757.2003994638,2568428.5081615034,-2793141.5817922945,1307778.8278020797,-2401454.8201314034,1917142.6068619743,842571.3263672842,44355.222126881665,1269471.7892958662,-1636931.0574378408,606243.5228618617,1563255.2089667814,628752.4285146774,169264.09425415663,-521554.885773658,-2117036.326539562,1265814.7217935945,-2639908.9642491527,-4008611.340745078,2482613.8613336124,-3268723.675324732,-499712.37954353244,-1370878.756029352,5171324.533258096,-2053528.5609829694,2961119.4871964804,1915737.820330302,-2842941.7251996854,-979865.7167380957,3080337.954988995,2920765.120517154,-698218.9886691696,1415422.6922357695,541488.8067590877,-2099380.2788913813
91217.49037461261,-675866.0307959955,861405.2752900732,320699.1390238586,7421.824861644663,-491124.66043591837,530019.0690579767,-591992.4325082382,223796.51018354337,-256865.81820417414,-708121.6270325689,-551130.9967678215,-252240.27070382665,50747.01428627714,603330.9367670674,-214908.78328621644,257054.19941796904,-719083.730324778,-775129.0656240915,-56870.00277016114,-623248.816891842,116437.34418512948,-516729.6483832255,561938.5961135395,-263105.63732674794,483137.0461467065,-385700.634620731,-169512.8712534761,-8923.632688936716,-255398.83158588663,329326.27953633916,-121967.2274165049,-314503.7964918794,-126495.65595069295,-34053.400172028516,104929.14226585638,425916.32163805,-254663.12482428332,531110.4883273657,806473.1389751278,-499465.1055377785,657618.6940246974,100534.71021131324,275800.4631519017,-1040393.7728931626,413139.47934529674,-595733.2543340743,-385418.03329724655,571957.6432735793,197134.43017597834,-619718.2956957931,-587614.59352173,140471.2845995996,-284762.0151570871,-108939.51556510777,422364.1344269207
1084484.108171954,-8035377.223635047,10241259.713902937,3812795.836598203,88238.4639442015,-5838989.563997338,6301399.505582344,-7038203.472725758,2660718.843651684,-3053874.163652351,-8418868.406242225,-6552402.17309184,-2998884.1662203893,603330.9367670674,7173011.807002139,-2555052.5132693374,3056117.8066096646,-8549194.870071227,-9215514.540617613,-676126.7756039016,-7409813.404996583,1384325.71877509,-6143408.2691036295,6680895.615642245,-3128069.8950671563,5744022.876010677,-4585598.648862134,-2015338.8641056844,-106091.63188104042,-3036443.228224645,3915359.841632519,-1450066.9588898993,-3739135.02007523,-1503906.8438281643,-404863.40278447646,1247498.886080314,5063719.852015646,-3027693.697340615,6314378.781182437,9588164.094584338,-5938142.470134024,7818434.705780546,1195258.4727484607,3278994.6287486716,-12369248.560538672,4911817.779365185,-7082681.614558858,-4582237.611768688,6800013.30859563,2343733.4947448415,-7367835.538242934,-6986155.61869607,1670065.4225654826,-3385540.3882690473,-1295181.5499499992,5021492.791406009
-386297.4368817274,2862230.9133326476,-3647973.722510374,-1358131.7782014702,-31430.77636559779,2079868.9636038032,-2244581.9472012916,2507033.919035172,-947757.8216044422,1087801.9939174184,2998831.312383451,2333989.639501986,1068213.9382610568,-214908.78328621644,-2555052.5132693374,910119.1086825656,-1088600.624518717,3045254.36836608,3282600.398979665,240839.0050611325,2639402.364995834,-493101.77254830336,2188303.9507614924,-2379759.252010298,1114229.386514035,-2046041.7687681399,1633407.0553124086,717871.2397745952,37790.42340447063,1081591.6885089055,-1394665.982757536,516519.516274321,1331894.0729496842,535697.336475372,144213.53199781137,-444364.339441913,-1803716.0518720353,1078475.407326794,-2249204.7468278618,-3415339.596539703,2115188.5025031622,-2784955.1558187925,-425755.40809550043,-1167989.8614373126,4405972.127414224,-1749607.7209775427,2522876.747253521,1632209.9803933792,-2422189.2314979946,-834846.4337125627,2624450.203967334,2488494.2464602757,-594883.3062748967,1205941.6318290439,461348.6356447145,-1788673.9526367038
462053.5956462354,-3423536.970314452,4363369.511109135,1624472.0051320174,37594.5754877695,-2487747.138704453,2684762.414797372,-2998683.0214943993,1133620.5826240457,-1301129.3142692288,-3586925.2470607776,-2791703.296671927,-1277699.4608616864,257054.19941796904,3056117.8066096646,-1088600.624518717,1302084.0473959267,-3642452.5015264405,-3926344.4662517398,-288069.590750575,-3157009.6495476365,589802.7691908057,-2617446.9669902497,2846448.445703602,-1332737.936961194,2447286.396813408,-1953731.007081848,-858651.6185310628,-45201.62843382727,-1293699.7775082372,1668171.4163562506,-617813.3973245559,-1593089.4674626524,-640751.943754923,-172494.6485207058,531508.2910241407,2157439.3985787947,-1289972.7401620115,2690291.3383004656,4085114.9216077575,-2529994.0058441227,3331106.798327977,509249.3466403411,1397041.82895322,-5270018.301715509,2092719.7414386475,-3017632.2849645657,-1952299.3422816203,2897199.136724866,998566.3309933697,-3139125.693774206,-2976507.5288696624,711544.4692379258,-1442435.995811321,-551822.9043921935,2139446.773595743
-1292549.2058965096,9577011.619572436,-12206104.241972772,-4544302.884726375,-105167.38513836359,6959232.815998558,-7510360.651311552,8388524.146544911,-3171193.370730822,3639779.600823341,10034076.61658796,7809518.835796755,3574238.5303740413,-719083.730324778,-8549194.870071227,3045254.36836608,-3642452.5015264405,10189407.601012291,10983565.739760498,805846.0258978825,8831428.849013636,-1649916.4405060527,7322055.847315343,-7962663.994736052,3728207.1618322236,-6846046.801349427,5465372.623446301,2401993.7877372373,126446.36849544183,3619001.499573801,-4666545.578989641,1728271.5641525888,4456511.037311699,1792440.5937324264,482538.17462028196,-1486840.2723223388,-6035225.206422438,3608574.0778669296,-7525829.073244265,-11427710.424679473,7077410.765920237,-9318447.33117498,-1424575.722687885,-3908088.878744061,14742362.331554668,-5854179.269795197,8441534.683547582,5461367.075401872,-8104634.7503162995,-2793392.421202613,8781398.347836485,8326490.521384567,-1990476.9918725695,4035075.5677343085,1543670.1685749108,-5984895.189639659
-1393290.483889687,10323440.460151473,-13157442.167104518,-4898483.943595225,-113363.93501789875,7501631.623154405,-8095716.0570563525,9042322.626031294,-3418355.003717473,3923464.4825368375,10816127.6704855,8418189.673009176,3852814.2172076567,-775129.0656240915,-9215514.540617613,3282600.398979665,-3926344.4662517398,10983565.739760498,11839621.434476625,868653.737503608,9519746.34845589,-1778510.013349441,7892732.755230333,-8583270.389593692,4018780.897599357,-7379624.546999284,5891341.69200996,2589204.6309297397,136301.99883036458,3901063.9097917057,-5030255.4061587,1862973.1799685776,4803850.897370538,1932143.160002564,520146.3505743325,-1602725.5034043326,-6505609.4280521395,3889824.557730018,-8112389.043421011,-12318382.722067162,7629022.361535507,-10044723.689081606,-1535606.5178867236,-4212683.751137432,15891377.432857867,-6310452.260672561,9099463.756594451,5887024.284672618,-8736305.911534976,-3011108.2853411944,9465817.59543641,8975454.036405737,-2145613.7355786515,4349567.221690999,1663983.7020739033,-6451355.21346181
-102223.5595757866,757413.8850678658,-965339.5509080386,-359393.65509623167,-8317.282062921822,550382.0531843026,-593969.5624207393,663420.351551225,-250799.08697690602,287858.6249467119,793561.1965804005,617628.6942312064,282674.87716591975,-56870.00277016114,-676126.7756039016,240839.0050611325,-288069.590750575,805846.0258978825,868653.737503608,63731.796399068124,698447.9272984068,-130486.27518823525,579076.4497352731,-629740.2563225264,294850.98712335614,-541430.7604220378,432238.0431468623,189965.7773748787,10000.37325590458,286214.31840501394,-369061.83656552,136683.4865614822,352450.92242273444,141758.27881837898,38162.10282875098,-117589.72573155358,-477306.139945019,285389.9137703465,-595192.5531018458,-903779.7012485358,559729.0502986284,-736964.8727199973,-112664.89690116809,-309077.647675325,1165924.4672206554,-462987.6246031818,667612.4272218598,431921.3704320309,-640968.1179138153,-220920.03730192647,694491.5614310388,658514.2899869944,-157420.0738529621,319120.4256309914,122083.87119068045,-473325.19635248906
-1120286.3854574184,8300648.893457904,-10579353.321461676,-3938667.394101807,-91151.43914482264,6031751.275296318,-6509427.731709459,7270555.444873216,-2748557.048178447,3154692.591887245,8696799.577901836,6768716.282356101,3097886.676868684,-623248.816891842,-7409813.404996583,2639402.364995834,-3157009.6495476365,8831428.849013636,9519746.34845589,698447.9272984068,7654432.9212628305,-1430026.2351028395,6346219.606245227,-6901451.36888948,3231335.993906345,-5933649.754781831,4736982.813307929,2081871.3908946263,109594.2883341988,3136684.52076688,-4044618.043712864,1497938.3922870127,3862575.551011483,1553555.4519521913,418228.77467574656,-1288683.291151704,-5230888.794517447,3127646.604523002,-6522834.930437937,-9904698.239631647,6134178.633942648,-8076544.421495237,-1234717.4360545008,-3387243.906791078,12777594.563019756,-5073971.66152306,7316501.35527548,4733511.023890349,-7024501.306972326,-2421107.0095648444,7611069.805333047,7216789.282252385,-1725199.0607970743,3497306.752914618,1337939.5500097868,-5187266.871409435
209295.5063514291,-1550754.3188146402,1976469.5030142854,735834.7361067242,17029.211466406567,-1126871.6136061978,1216112.4648745623,-1358308.9041226988,513494.4062401099,-589369.7401908591,-1624764.639348799,-1264553.7047494054,-578757.2003994638,116437.34418512948,1384325.71877509,-493101.77254830336,589802.7691908057,-1649916.4405060527,-1778510.013349441,-130486.27518823525,-1430026.2351028395,267162.21408683236,-1185621.6508782257,1289351.7811360771,-603688.9214333016,1108543.9029099343,-884978.6072795817,-388941.95567442814,-20474.701139129884,-586005.810749735,755628.6136094963,-279849.6421138587,-721618.832162144,-290240.26470077323,-78134.95152124159,240755.84483492497,977251.599922182,-584317.2047442703,1218617.3711433138,1850427.966168403,-1146007.1657828833,1508886.398015127,230673.9576775701,632815.9769948282,-2387151.83684288,947935.9048080669,-1366892.8091232805,-884329.9449401948,1312340.4111823936,452319.1367435599,-1421924.8707197967,-1348264.1478152468,322307.36300242174,-653378.3516035676,-249958.18891176346,969102.2017414724
-928818.7411435732,6881990.740175063,-8771244.277893625,-3265512.6547649754,-75572.87199130353,5000869.6265127435,-5396905.585843883,6027949.887970186,-2278803.095600193,2615525.160758055,7210436.3664552085,5611879.836242881,2568428.5081615034,-516729.6483832255,-6143408.2691036295,2188303.9507614924,-2617446.9669902497,7322055.847315343,7892732.755230333,579076.4497352731,6346219.606245227,-1185621.6508782257,5261592.539739357,-5721929.601938343,2679071.4782538586,-4919534.213167923,3927388.435339807,1726059.973199103,90863.3168874737,2600596.7497668182,-3353354.566068131,1241926.3069960321,3202424.793851925,1288038.1506192195,346750.00716350327,-1068434.4458902003,-4336880.631409509,2593102.9841919844,-5408022.011746323,-8211892.707122645,5085789.92083761,-6696187.85215094,-1023692.8125911438,-2808332.4882810093,10593784.305290017,-4206782.460920395,6066043.874291533,3924509.7820220934,-5823949.379519018,-2007317.3837501511,6310266.99124033,5983372.922114849,-1430346.6883318005,2899584.908666676,1109272.9781263452,-4300715.035730939
1010081.6694944738,-7484097.919270011,9538641.723672543,3551213.0275902594,82184.6216398377,-5438396.091124756,5869082.706761314,-6555336.74890492,2478176.155261106,-2844359.3927102163,-7841278.436006894,-6102864.5076249195,-2793141.5817922945,561938.5961135395,6680895.615642245,-2379759.252010298,2846448.445703602,-7962663.994736052,-8583270.389593692,-629740.2563225264,-6901451.36888948,1289351.7811360771,-5721929.601938343,6222542.200900109,-2913463.1762932143,5349945.07849214,-4270996.611198396,-1877073.6134252578,-98813.27982829543,-2828122.764745563,3646741.0886017806,-1350583.2945823797,-3482606.461963528,-1400729.2462980812,-377086.7800252444,1161913.0849081941,4716316.125289054,-2819973.896314047,5881170.973373214,8930353.818544095,-5530747.524820523,7282039.032371642,1113255.8788866168,3054034.1056264685,-11520637.767342143,4574835.229041498,-6596762.875831539,-4267866.323647204,6333487.42916856,2182938.022011907,-6862354.057412878,-6506859.676166527,1555487.8772537073,-3153269.874271207,-1206323.8877585034,4676985.33864092
-472930.92756451113,3504136.7432539104,-4466097.925430216,-1662717.1279900502,-38479.875841608155,2546317.8110085195,-2747968.394745507,3069280.6389587577,-1160309.2925879136,1331758.7605997156,3671373.6606384027,2857428.322991395,1307778.8278020797,-263105.63732674794,-3128069.8950671563,1114229.386514035,-1332737.936961194,3728207.1618322236,4018780.897599357,294850.98712335614,3231335.993906345,-603688.9214333016,2679071.4782538586,-2913463.1762932143,1364116.6035881564,-2504903.551858959,1999727.5563208545,878866.1906626362,46265.08120975542,1324159.1805756288,-1707443.3762020238,632357.2727336654,1630593.7012481636,655836.4652957565,176556.7431602197,-544019.2285194537,-2208230.1443256526,1320343.1263330954,-2753629.1395099275,-4181289.0592351765,2589556.024336405,-3409530.619855241,-521238.7203651199,-1429932.4136764721,5394088.395835082,-2141987.7276325934,3088677.6834681826,1998261.6383060862,-2965409.275795237,-1022075.6442624696,3213029.2598170065,3046583.215179279,-728296.7576291905,1476396.1287701088,564813.7056864032,-2189816.312937608
868436.2769886422,-6434590.807520391,8201022.642593161,3053220.7023855336,70659.76074283189,-4675761.073609346,5046051.766156316,-5636071.318030323,2130657.517191198,-2445490.267890453,-6741683.347572308,-5247049.981992287,-2401454.8201314034,483137.0461467065,5744022.876010677,-2046041.7687681399,2447286.396813408,-6846046.801349427,-7379624.546999284,-541430.7604220378,-5933649.754781831,1108543.9029099343,-4919534.213167923,5349945.07849214,-2504903.551858959,4599713.665846343,-3672067.8718116907,-1613848.5648530312,-84956.53305346746,-2431530.5596068692,3135352.7067244416,-1161188.814005036,-2994234.945173852,-1204302.706444868,-324207.3019108295,998976.1111426877,4054939.4996062582,-2424524.42354827,5056444.8929648,7678035.905551514,-4755161.889707136,6260866.966507195,957142.2142514215,2625761.9909448577,-9905080.15530704,3933298.702845338,-5671688.197369826,-3669376.5543280956,5445332.294197538,1876821.1014898513,-5900035.090661724,-5594392.261686692,1337359.3066748916,-2711081.765843087,-1037159.127686023,4021124.1518442244
-693294.8793006485,5136897.090545126,-6547083.916867663,-2437463.450652453,-56409.41806710993,3732778.220886096,-4028391.3633718966,4499418.695197698,-1700957.9389460112,1952297.5626360895,5382056.397200104,4188853.031334127,1917142.6068619743,-385700.634620731,-4585598.648862134,1633407.0553124086,-1953731.007081848,5465372.623446301,5891341.69200996,432238.0431468623,4736982.813307929,-884978.6072795817,3927388.435339807,-4270996.611198396,1999727.5563208545,-3672067.8718116907,2931504.9063364025,1288376.3626061585,67823.11554440844,1941152.080767869,-2503031.9492319305,927006.7611609488,2390374.07718332,961425.549248799,258822.67067038358,-797508.4944579856,-3237161.4183361353,1935559.1822409374,-4036688.0845254418,-6129571.095747284,3796166.6436280566,-4998208.913355658,-764110.8680945184,-2096212.35157383,7907477.032753459,-3140052.276968142,4527852.184383384,2929356.476723686,-4347146.50461146,-1498313.8533722477,4710147.777899599,4466145.216700234,-1067647.750334156,2164325.1086759698,827990.605050366,-3210165.2291941666
-304698.4934888819,2257631.214447469,-2877398.2711725524,-1071248.4655768075,-24791.539007698582,1640530.1914937997,-1770450.6785007897,1977463.7950719474,-747559.3901757047,858021.9798164292,2365376.690516767,1840972.2383704658,842571.3263672842,-169512.8712534761,-2015338.8641056844,717871.2397745952,-858651.6185310628,2401993.7877372373,2589204.6309297397,189965.7773748787,2081871.3908946263,-388941.95567442814,1726059.973199103,-1877073.6134252578,878866.1906626362,-1613848.5648530312,1288376.3626061585,566232.733429194,29807.936365524016,853122.7015755485,-1100065.756584281,407413.37023631716,1050553.4096271326,422540.0581425605,113750.59653177486,-350499.9488972522,-1422710.6256158608,850664.9151012707,-1774096.728581263,-2693904.8650966133,1668389.5759538433,-2196678.6874079853,-335821.4743666281,-921270.9848982848,3475282.388332382,-1380031.6462924632,1989959.799922159,1287432.2562770024,-1910540.875848508,-658498.6632873225,2070077.8760069716,1962840.2981889755,-469223.80086903885,951205.9091683902,363896.33018324425,-1410845.5405674563
-16040.204192897523,118847.0053320437,-151472.48171421036,-56392.93454058227,-1305.0364497479234,86360.90349776561,-93200.88879182776,104098.31001071974,-39353.26611024003,45168.92056049855,124518.53090469682,96913.00761371745,44355.222126881665,-8923.632688936716,-106091.63188104042,37790.42340447063,-45201.62843382727,126446.36849544183,136301.99883036458,10000.37325590458,109594.2883341988,-20474.701139129884,90863.3168874737,-98813.27982829543,46265.08120975542,-84956.53305346746,67823.11554440844,29807.936365524016,1569.3204572747077,44909.9268911432,-57910.38326691572,21447.464162173783,55303.95582170659,22243.633216398408,5987.857622566339,-18451.646522172807,-74895.15977926765,44780.826387923975,-93392.45701435817,-141813.70953307388,87828.21385787518,-115638.29520777626,-17678.386121641634,-48497.809551393424,182947.26291630618,-72648.23221343305,104755.75900350342,67773.5375318381,-100574.94296864334,-34664.86400712953,108973.83728824808,103328.46299636342,-24700.927830160716,50073.46700309016,19156.507208892923,-74270.02148448631
-459077.9988069407,3401494.5342261656,-4335278.113037611,-1614013.2574421586,-37352.71716544135,2471731.675981808,-2667475.704636846,2979376.108792375,-1126321.830350667,1292749.372945225,3563832.703447364,2773729.302958658,1269471.7892958662,-255398.83158588663,-3036443.228224645,1081591.6885089055,-1293699.7775082372,3619001.499573801,3901063.9097917057,286214.31840501394,3136684.52076688,-586005.810749735,2600596.7497668182,-2828122.764745563,1324159.1805756288,-2431530.5596068692,1941152.080767869,853122.7015755485,44909.9268911432,1285372.1891121222,-1657429.4772834342,613834.4895256845,1582830.864472001,636625.9161685028,171385.04471574386,-528084.0702485301,-2143547.3410815513,1281667.9633625152,-2672970.563044951,-4058811.935817135,2513703.509886896,-3309659.581664597,-505970.7306622228,-1388047.2129489318,5236086.291895316,-2079245.239505202,2998204.911212519,1939729.1221928252,-2878547.243317388,-992137.2779715266,3118914.105021181,2957343.5265261247,-706963.668269279,1433149.89253385,548269.3721717141,-2125672.7786557046
591962.3136207858,-4386081.022599545,5590151.725531489,2081200.1422688311,48164.42962184848,-3187189.0391616127,3439596.547716823,-3841777.3033753885,1452343.5098819656,-1666948.5367080292,-4595406.422034331,-3576604.1876348057,-1636931.0574378408,329326.27953633916,3915359.841632519,-1394665.982757536,1668171.4163562506,-4666545.578989641,-5030255.4061587,-369061.83656552,-4044618.043712864,755628.6136094963,-3353354.566068131,3646741.0886017806,-1707443.3762020238,3135352.7067244416,-2503031.9492319305,-1100065.756584281,-57910.38326691572,-1657429.4772834342,2137186.120741437,-791514.8026411644,-2040994.5270943067,-820902.5594416381,-220992.20645760788,680944.753670053,2764014.1779583087,-1652654.733168552,3446679.7218513913,5233664.9745284645,-3241314.273317077,4267663.641289703,652427.2471087294,1789826.8858606382,-6751709.705386317,2681098.1474679164,-3866054.018846379,-2501197.8349418864,3711760.4931000224,1279318.078527726,-4021706.1809235783,-3813367.045283614,911598.5844514212,-1847983.7321887538,-706970.6969936268,2740962.5061713294
-219235.50594125185,1624400.7262204252,-2070332.1148205409,-770779.7938874182,-17837.80894050278,1180386.373677902,-1273867.0324877673,1422815.878995495,-537880.5792467663,617360.9179884243,1701924.7076385159,1324608.0150381455,606243.5228618617,-121967.2274165049,-1450066.9588898993,516519.516274321,-617813.3973245559,1728271.5641525888,1862973.1799685776,136683.4865614822,1497938.3922870127,-279849.6421138587,1241926.3069960321,-1350583.2945823797,632357.2727336654,-1161188.814005036,927006.7611609488,407413.37023631716,21447.464162173783,613834.4895256845,-791514.8026411644,293140.5767103178,755889.9191048623,304024.32189647877,81845.02486315367,-252190.79746524972,-1023662.8089015355,612066.4020091103,-1276489.9629232653,-1938306.6800634868,1200432.5291969606,-1580544.4017555246,-241628.71299234204,-662868.7021888503,2500519.963086633,-992954.370121938,1431806.5061343012,926327.5982701228,-1374663.3311030087,-473799.96255216864,1489453.2779003063,1412294.0108969396,-337613.677166986,684407.1279937385,261829.2646468894,-1015125.0409074898
-565318.9752827967,4188669.8334364793,-5338546.93814021,-1987528.299707731,-45996.612394139884,3043738.157211906,-3284785.3046952947,3668864.4363422124,-1386975.6166450183,1591921.7187134016,4388573.70368995,3415626.3641997753,1563255.2089667814,-314503.7964918794,-3739135.02007523,1331894.0729496842,-1593089.4674626524,4456511.037311699,4803850.897370538,352450.92242273444,3862575.551011483,-721618.832162144,3202424.793851925,-3482606.461963528,1630593.7012481636,-2994234.945173852,2390374.07718332,1050553.4096271326,55303.95582170659,1582830.864472001,-2040994.5270943067,755889.9191048623,1949132.3831687132,783954.9422439846,211045.6140313316,-650296.516805603,-2639609.951692585,1578271.0887351378,-3291549.5974909305,-4998105.3035753425,3095427.447848984,-4075582.242711238,-623062.4268888173,-1709269.3453815416,6447825.02754308,-2560425.8077534023,3692048.4106032015,2388622.542118031,-3544699.4111388554,-1221737.8022185278,3840694.9966684314,3641732.875558925,-870568.8200458315,1764808.5936021754,675150.9934632214,-2617595.688529019
-227375.34504477718,1684712.9485247347,-2147201.7470655967,-799398.0984483702,-18500.122615528264,1224213.2200909257,-1321164.1426604846,1475643.4924854867,-557851.51411182,640282.2856467204,1765115.7066748,1373789.3509301674,628752.4285146774,-126495.65595069295,-1503906.8438281643,535697.336475372,-640751.943754923,1792440.5937324264,1932143.160002564,141758.27881837898,1553555.4519521913,-290240.26470077323,1288038.1506192195,-1400729.2462980812,655836.4652957565,-1204302.706444868,961425.549248799,422540.0581425605,22243.633216398408,636625.9161685028,-820902.5594416381,304024.32189647877,783954.9422439846,315312.3153748738,84884.05866479027,-261553.92457415786,-1061669.992492785,634791.9053285831,-1323884.7867011032,-2010273.6704830518,1245003.0120223474,-1639228.3078746214,-250600.16343251005,-687480.3327755053,2593361.3211430395,-1029821.5719816776,1484968.2784199354,960721.0459566602,-1425703.4515945695,-491391.6914579919,1544754.9706987757,1464730.9917672027,-350149.0113833127,709818.6388546851,271550.5805754936,-1052815.707504267
-61210.761484034396,453536.71962371975,-578042.9362905506,-215203.83479710747,-4980.477171889109,329567.7609248721,-355666.40142368583,397253.7845109393,-150177.6220210256,172367.40229926864,475182.53998884745,369834.0346411554,169264.09425415663,-34053.400172028516,-404863.40278447646,144213.53199781137,-172494.6485207058,482538.17462028196,520146.3505743325,38162.10282875098,418228.77467574656,-78134.95152124159,346750.00716350327,-377086.7800252444,176556.7431602197,-324207.3019108295,258822.67067038358,113750.59653177486,5987.857622566339,171385.04471574386,-220992.20645760788,81845.02486315367,211045.6140313316,84884.05866479027,22851.831174782157,-70411.24238552152,-285808.50918278523,170890.81740050632,-356399.4938303408,-541179.5585613238,335163.19671547133,-441291.98003693746,-67463.4284034596,-185074.7132410457,698150.8847493947,-277235.0597765234,399764.7458752656,258632.8028875719,-383810.2677810586,-132286.2271082351,415858.8955594404,394316.11598589923,-94262.8106631067,191088.67399410825,73103.0610099677,-283425.84169392753
188609.712631778,-1397480.0820221235,1781116.1403599072,663105.543291844,15345.826138273582,-1015491.4435462323,1095914.5907305006,-1224055.5730004243,462741.336034839,-531119.8494004701,-1464173.5124719343,-1139566.7520126232,-521554.885773658,104929.14226585638,1247498.886080314,-444364.339441913,531508.2910241407,-1486840.2723223388,-1602725.5034043326,-117589.72573155358,-1288683.291151704,240755.84483492497,-1068434.4458902003,1161913.0849081941,-544019.2285194537,998976.1111426877,-797508.4944579856,-350499.9488972522,-18451.646522172807,-528084.0702485301,680944.753670053,-252190.79746524972,-650296.516805603,-261553.92457415786,-70411.24238552152,216961.96124702969,880662.8620765614,-526563.4671551202,1098170.4253058492,1667535.373543439,-1032738.5893623473,1359750.215021158,207874.3113973636,570269.1442098472,-2151210.303576321,854243.8643954905,-1231789.5928549743,-796924.4117311898,1182628.9952228116,407612.3999610243,-1281384.2539676817,-1215003.5046966332,290450.53435726237,-588798.4345223472,-225253.329600121,873316.7990625065
765582.4401625545,-5672501.356762723,7229721.601801541,2691608.037490515,62290.86994699642,-4121979.339894151,4448416.577373978,-4968555.504472225,1878310.1698095629,-2155857.585458074,-5943221.355947659,-4625608.212062174,-2117036.326539562,425916.32163805,5063719.852015646,-1803716.0518720353,2157439.3985787947,-6035225.206422438,-6505609.4280521395,-477306.139945019,-5230888.794517447,977251.599922182,-4336880.631409509,4716316.125289054,-2208230.1443256526,4054939.4996062582,-3237161.4183361353,-1422710.6256158608,-74895.15977926765,-2143547.3410815513,2764014.1779583087,-1023662.8089015355,-2639609.951692585,-1061669.992492785,-285808.50918278523,880662.8620765614,3574688.466055392,-2137371.978195917,4457577.452447367,6768678.195011137,-4191978.8209036444,5519352.63721083,843781.6251748682,2314776.1064837985,-8731959.487443626,3467453.6266219993,-4999952.738752841,-3234789.2721792576,4800405.535289106,1654537.0873130143,-5201256.7470550975,-4931812.654199887,1178966.9471676524,-2389990.2625018563,-914322.3453831777,3544876.175940173
