V1,V2,V3,V4,V5,V6,V7,V8,V9,V10,V11,V12,V13,V14,V15,V16,V17,V18,V19,V20,V21,V22,V23,V24,V25,V26,V27,V28,V29,V30,V31,V32,V33,V34,V35,V36,V37,V38,V39,V40,V41,V42,V43,V44,V45,V46,V47,V48,V49,V50,V51,V52,V53,V54,V55,V56
2.2354296450222906,-3.6039050000840493,-2.0927289129776883,-0.5933372550045358,-2.606619965912074,1.6719086991149312,-5.5023043739899835,-4.879954570921137,0.5132263057928351,6.638138978371752,1.8348753829641051,2.412321521845887,0.8656109355590186,2.1869121439402663,-1.9191672447062507,0.12984775090649864,-1.6093122173489174,-1.8881171012335025,-3.038646760772221,-5.2856625505958865,4.875747013494027,-4.985595014015324,-3.3671147542990396,0.4215391691194987,1.5176302315959695,-0.7508216536497234,-2.352874204882184,5.243032000294154,-0.7136606227278676,-0.050123625704736594,-2.668055089631572,-1.6253194662975998,4.22218248903177,1.1615980238235737,4.697519252953533,-2.207942830840457,-6.079577095468056,-3.1490433744924826,-3.3489487565778604,-1.6824506019927554,-1.9838301369946052,-6.83952758839194,2.043393558561613,-6.354601378118719,-0.22143594522704096,-1.7566761642874185,6.48467581920602,8.196745453883866,2.5035916901562745,1.1948470161071616,2.1342878140778967,-1.3733098814785427,-3.5072820357379837,-0.7435073099809745,-1.9348287131132407,-3.5761531011644796
-3.6039050000840493,37.3280829336276,26.71015482638182,3.7868320355965635,10.572514833719797,-29.235227848384827,47.13235714565186,51.007610150072864,-6.92243869752979,-60.84411574581828,-12.953403678263218,-28.069626712413537,-6.200814511697053,-22.129980445834246,20.06275794189648,-6.311362086177441,17.24252753674341,9.880164535073547,28.21285629309489,53.420311057156056,-68.2808546543307,49.874952228834644,40.78000038583128,-11.033328185845717,-9.769395638569371,2.57464801158772,17.0378160576475,-59.21179280368576,6.25252732134444,2.0051172570229894,23.9770708358989,8.63883773118817,-59.66768961234286,-24.341697658119756,-42.92564807821631,26.49155073966369,57.67192405433129,29.680443464741693,36.99768337736078,21.846238123006245,23.215696619996013,70.44056425735168,-14.895284134936203,61.83429476912544,11.603540297518942,16.78848682590034,-64.78095479337266,-83.9188179550534,-33.54300496123627,-17.209133618820186,-16.157570600694662,10.828879949389394,37.12048931154576,-0.5116102893759066,10.140412178495483,39.00793317914624
-2.0927289129776883,26.71015482638182,19.330123236904537,2.74393661870167,7.169176190609768,-20.984978121325234,33.2595281923473,36.24922056992971,-4.886303085265507,-43.13719112068889,-9.294561450490436,-20.215056223636967,-4.448972050551921,-15.73352928337788,14.512122937019067,-4.557751773494764,12.429054501917754,6.861522651545836,19.99855608023791,38.41856578300932,-49.0858379740359,35.57071609436613,29.03674818379408,-8.232972518071454,-6.7209633648735965,1.6499682004094676,11.89201488815818,-42.288844932011926,4.389184050469078,1.5450198327656333,16.902181175442127,6.1036730996258335,-42.72612918389599,-17.655306153553937,-30.597608386402765,19.12873627967792,41.08786695015814,20.956531927167692,26.392881454194093,15.758080697393746,16.675881996477678,49.998261961523795,-10.460556532092147,43.932503768541565,8.236950307108964,11.81368824142169,-45.97524241921339,-59.67712304947339,-24.245100723318618,-12.328995770357684,-11.35763785954993,7.520587918433815,26.53488973600299,-0.5324204558535652,6.899147002651847,28.098178756088725
-0.5933372550045358,3.7868320355965635,2.74393661870167,0.5050422239573493,1.276333184912277,-2.595124887231953,4.674165410525368,4.906847234953787,-0.5759885540884557,-6.0602822915063594,-1.561645771255698,-2.8649989228380353,-0.7423953571803644,-2.161984276744646,2.1855254908180743,-0.5001621360330697,1.8197843484355163,1.1475520690273473,2.7913315026436187,5.66249016899429,-6.50396232339303,5.0062868724480785,3.7764521499796677,-1.214829798090056,-0.9381227479535995,0.2585172425763536,1.6961171997452107,-5.746358249121358,0.5907957667125547,0.2597499368873261,2.310384408410159,1.0984196304429577,-5.500169697557228,-2.2571101000838545,-4.446057097330965,2.7283600323464876,5.864450268521605,2.835731987449224,3.5873142693571,2.180915456762698,2.3216008887513313,6.752937490714554,-1.5419566401769536,6.104066831231695,0.7696602789543904,1.554262401053309,-6.278292561149606,-8.176128829966443,-3.3685488137200563,-1.583741544464518,-1.6520922680662218,0.9937285130347213,3.7097884651817283,0.08186282229098234,1.032708187336172,4.072075942558877
-2.606619965912074,10.572514833719797,7.169176190609768,1.276333184912277,4.328638460579377,-7.28265914546297,14.119538034834457,14.374590314227746,-1.8160623126471476,-17.847572625735864,-4.183349656468018,-7.707202406584462,-1.9913826058001516,-6.29835909279234,5.687731759723405,-1.3737232901113645,4.847363706313785,3.5876241467005263,8.240815445087836,15.268324914593656,-17.868360555652373,14.25941534241959,11.032394539582565,-2.6072044590271735,-3.233321005773632,1.1427631237798832,5.4047813713298005,-16.34560499335647,1.8557442096178847,0.45721390106336895,7.065874230140186,3.12844092173132,-15.558230494236577,-5.886580645220414,-12.626013546601811,7.22043758996821,16.757944312139774,8.616762712763721,10.272980690302271,5.831206451570092,6.358716207017265,19.930575382952753,-4.721814094093805,17.808075082003878,2.491481983111123,4.847132213794315,-18.49873108388867,-23.801556159058716,-8.890273185745537,-4.468007767508097,-5.051365800058512,3.3232958394626197,10.443154959842452,0.5263696158518879,3.660338063559081,10.907024550105017
1.6719086991149312,-29.235227848384827,-20.984978121325234,-2.595124887231953,-7.28265914546297,24.174099130623965,-36.88504113607046,-40.62748185497037,5.783199037616133,47.694556189671516,9.34930082273779,22.033144649290765,4.492282783150599,17.522662623858842,-15.345731583031744,5.4395986928188504,-13.346295066483012,-7.087866466823023,-22.174336244636486,-41.19527967096366,55.059626868269355,-39.141634250688504,-33.01064485066282,8.603731748331432,7.604693770305721,-1.8673569508555556,-13.20467212085864,47.16813887470981,-4.970877469396515,-1.475045317996494,-18.972180252001337,-5.969361477345523,48.58135159504867,19.959924454863625,33.220855059755955,-20.75511727113954,-44.97561811422112,-23.592837838866576,-29.457763443018155,-17.329911579404865,-18.345646414608666,-56.13262856057998,11.401606520231065,-48.72829027260508,-10.378195244501718,-13.47617415963819,51.393605051928574,66.53277369571028,26.583804045077354,14.025230105233886,12.444324662456413,-8.639704421177337,-29.23537358939871,0.9786712839478381,-7.635635707372459,-30.324769552027938
-5.5023043739899835,47.13235714565186,33.2595281923473,4.674165410525368,14.119538034834457,-36.88504113607046,60.5202443580971,65.00639160968136,-8.918057200101837,-77.69626389387163,-16.229114958949197,-35.16518999816991,-7.771165235881912,-28.17979614170407,24.96076936805801,-7.922792028427321,21.559525830137527,12.868979129015178,36.040390237638086,66.97430148852679,-85.86254543784881,63.23663759977313,51.897477583497206,-13.194757688999458,-12.915995968786971,3.6546128780766125,22.14989339302099,-75.00873094858885,8.085279368124821,2.284154792580302,30.844457833729635,11.005873811833116,-75.43726472835937,-30.299582780914005,-54.42058400884737,33.075709569902926,73.19152330397772,38.11716554598615,46.933515026955575,27.330488549708726,29.189319389604933,89.90749585462915,-19.21294183022874,78.78117269921452,14.909107572528317,21.659687800138315,-82.67636086735472,-106.8372127575812,-41.85317399820021,-21.745423707568357,-20.82506495967423,14.181986235987708,46.942866093537,-0.3366745857440668,13.550670867826229,48.83005272869342
-4.879954570921137,51.007610150072864,36.24922056992971,4.906847234953787,14.374590314227746,-40.62748185497037,65.00639160968136,70.4387424756452,-9.76499925948419,-83.69775798449078,-17.18938165128207,-38.21368235039703,-8.239071240280763,-30.489078997399382,26.98747543539399,-8.86656435445823,23.34558113553825,13.387393328896614,38.85016547608286,72.35472547378195,-93.95054649690522,68.35642598423829,56.5577705290745,-14.605449908630879,-13.679550242420584,3.683836935245526,23.595649090314264,-81.49372369548658,8.700705990847624,2.536518469563079,33.21829314259402,11.430439371041222,-82.60228655524027,-33.483901570495185,-58.57447423002121,35.974756681082006,78.92946548451874,41.13909240327365,50.95224373714374,29.81690456065516,31.736580300615415,97.37130431811842,-20.4579921932496,85.09046402691484,16.71718607836631,23.40216182950466,-89.41871782129654,-115.6496253942698,-45.70016976145562,-23.824013505038163,-22.223533062020113,15.195329941186865,50.85727026680306,-0.8249077227086914,14.146833688740086,52.9207926184856
0.5132263057928351,-6.92243869752979,-4.886303085265507,-0.5759885540884557,-1.8160623126471476,5.783199037616133,-8.918057200101837,-9.76499925948419,1.4205553945914031,11.455839928304433,2.1503272803195252,5.168476598730292,1.0345575689446642,4.202473677658196,-3.5466461258255753,1.3045960159007173,-3.1131878355919627,-1.7180022853007295,-5.331415065290819,-9.633945890998579,13.05223312207628,-9.320177808719732,-7.945409680352914,1.8994999241078394,1.9051370543795587,-0.509065347737433,-3.237011204494567,11.2537379888405,-1.2158335402170917,-0.29890429700325677,-4.606978242362826,-1.3912218833949288,11.614705612934054,4.691110196863422,7.886628226496562,-4.845845637916849,-10.708240001579453,-5.722146397039501,-7.039586334744974,-4.067902428476026,-4.329387517252206,-13.517822877353007,2.7611959180180006,-11.683346189390031,-2.5701730477217213,-3.2924573032205333,12.364474374856355,15.956135104156155,6.218326098702658,3.3515349884617796,3.0140108467673414,-2.1474168798585036,-6.943994368417785,0.20389655568559717,-1.9301105201692605,-7.090850894364108
6.638138978371752,-60.84411574581828,-43.13719112068889,-6.0602822915063594,-17.847572625735864,47.694556189671516,-77.69626389387163,-83.69775798449078,11.455839928304433,99.93132868128633,20.96291799564519,45.51597810321494,10.037777683540405,36.28684292937881,-32.36130410137915,10.27325972926326,-27.91352036574493,-16.411389405818856,-46.35189614696851,-86.62798341023262,111.07418531816658,-81.52628403665668,-66.87848425762503,17.344763239363242,16.424103630466195,-4.538211276016133,-28.315483800909238,96.76767235280455,-10.36024626184927,-3.049101895090885,-39.58556158259999,-14.124493597309193,97.43840818879471,39.346380878840655,70.13820167500141,-42.85751681174998,-94.31622691336138,-48.95164091113446,-60.5197485383287,-35.40088597460349,-37.74235864295873,-115.70298866857298,24.616178745267785,-101.41567560619542,-19.204076368591146,-27.781677854214085,106.38846109353713,137.58753087737225,54.25817257363108,28.093271650503265,26.692336915690408,-18.09963143477094,-60.577187689702484,0.5964179500146065,-17.159224960702048,-63.20415530465316
1.8348753829641051,-12.953403678263218,-9.294561450490436,-1.561645771255698,-4.183349656468018,9.34930082273779,-16.229114958949197,-17.18938165128207,2.1503272803195252,20.96291799564519,5.011651829056566,9.749619887491178,2.3882331450307506,7.52608634414267,-7.245454917678119,1.8857570715090726,-6.112750148333698,-3.779362647454008,-9.681615823185856,-19.009047600732945,22.754031756943874,-17.21989080630929,-13.4216754532998,3.9578090577084564,3.3361035062542337,-0.9288982372855802,-5.908307217862445,20.015286501301293,-2.096091928385581,-0.791099120135407,-8.117662358045697,-3.4826463930957945,19.533028962077598,7.948473861085432,15.113829952728636,-9.24212813668138,-20.080538056331047,-9.990240623167901,-12.506063841255509,-7.479568397086142,-7.971779661485836,-23.70190815468097,5.276390612062304,-21.16854081432643,-3.181512784880868,-5.5546007534770006,21.942118031222485,28.48948544912872,11.51557728658433,5.6268711894412595,5.677867534313021,-3.5855324127043886,-12.769092803110892,-0.14007370657851154,-3.603711160099838,-13.738709834322638
2.412321521845887,-28.069626712413537,-20.215056223636967,-2.8649989228380353,-7.707202406584462,22.033144649290765,-35.16518999816991,-38.21368235039703,5.168476598730292,45.51597810321494,9.749619887491178,21.185093526641865,4.667083957558938,16.582272170161726,-15.176470918148608,4.774578769769921,-13.018751501138814,-7.300789735103173,-21.10358592559198,-40.280481318315715,51.492789307748225,-37.43552412547543,-30.58871840695807,8.497217606284087,7.185910198852769,-1.8206258829888016,-12.633056696165198,44.48426936698472,-4.6519132061076816,-1.5725354573549435,-17.88045318263887,-6.443624095800888,44.901356494559586,18.452433675171672,32.20575331299233,-20.023453869397397,-43.25963930918857,-22.154524155742415,-27.7770272821981,-16.504277556067308,-17.496755791467447,-52.73608401969712,11.081300002201882,-46.31414097583813,-8.696545206075019,-12.50873246298084,48.49374168693413,62.89060433883751,25.370369523337924,12.95400407158224,12.027274792040144,-8.008894753120606,-27.89900589562942,0.4881053483388128,-7.411028472893978,-29.44155094041471
0.8656109355590186,-6.200814511697053,-4.448972050551921,-0.7423953571803644,-1.9913826058001516,4.492282783150599,-7.771165235881912,-8.239071240280763,1.0345575689446642,10.037777683540405,2.3882331450307506,4.667083957558938,1.1383127592769413,3.605869272753439,-3.4625830560843767,0.9091091972736287,-2.9235277209806436,-1.801622914137257,-4.636687123310831,-9.08993193052597,10.912345412041768,-8.244937674627622,-6.440182464555405,1.8922372099215725,1.597903601337407,-0.44373629690385125,-2.828116901634023,9.592432442479383,-1.0048578037630667,-0.37676953213631215,-3.889947532077344,-1.656879094960126,9.375167056675076,3.815631349303119,7.230316500761809,-4.423358988742627,-9.610985275173292,-4.788546939116927,-5.99356850692243,-3.5827174530729646,-3.8179447063037597,-11.361323555104129,2.523340816253902,-10.139166784860913,-1.5406502362844956,-2.6645177596813827,10.514652523657075,13.650843339841542,5.51535113575667,2.700828782643019,2.7163110816442964,-1.7198343165717394,-6.114916408254959,-0.06023401605264096,-1.7229744890421124,-6.57264437271195
2.1869121439402663,-22.129980445834246,-15.73352928337788,-2.161984276744646,-6.29835909279234,17.522662623858842,-28.17979614170407,-30.489078997399382,4.202473677658196,36.28684292937881,7.52608634414267,16.582272170161726,3.605869272753439,13.206161080079434,-11.748334710154852,3.8073879058033397,-10.1470288711958,-5.851331941471654,-16.838187274788904,-31.456428483113815,40.64051493171665,-29.643505593419945,-24.439666855320187,6.358679847752789,5.923783003487279,-1.600133236505311,-10.232109794833672,35.2851758270743,-3.7639209874455952,-1.1146414146713952,-14.381361441436791,-5.0218716827788255,35.68348832719895,14.465039676689324,25.43977192364198,-15.616942336275681,-34.25020936263847,-17.803506056593527,-22.06086522967089,-12.924769416729712,-13.758940028469617,-42.14130945907651,8.887037761695995,-36.87419087482956,-7.140550897054351,-10.114401010101243,38.71823002248103,50.0865144065592,19.814525204632393,10.290950215931625,9.64810941043541,-6.566440391747139,-22.049482546239382,0.31849349942167843,-6.1434847470292855,-22.989378554672648
-1.9191672447062507,20.06275794189648,14.512122937019067,2.1855254908180743,5.687731759723405,-15.345731583031744,24.96076936805801,26.98747543539399,-3.5466461258255753,-32.36130410137915,-7.245454917678119,-15.176470918148608,-3.4625830560843767,-11.748334710154852,11.032009127892655,-3.262535905524329,9.393995627404125,5.3545385474221625,14.983223883284106,29.082179195131594,-36.363126800179444,26.68402177804885,21.447399735681707,-6.218751980487629,-5.0457761967313,1.2758270587660356,8.95852576418171,-31.497313287968897,3.26686813721483,1.1992664690786548,12.614985859956493,4.84213141846383,-31.48493286963452,-12.981795700232594,-23.106234746430797,14.377247936027999,30.913975520169092,15.607978399632556,19.66038998894024,11.772134263689436,12.476178735553068,37.210416907105,-7.931365807026618,32.87931484836398,5.757190039035476,8.752354925356299,-34.291362663799916,-44.534227430326055,-18.124068446112148,-9.081217629774045,-8.586849895631422,5.581465733570425,19.875628022573586,-0.22039770855430502,5.259481031843625,21.192180351331018
0.12984775090649864,-6.311362086177441,-4.557751773494764,-0.5001621360330697,-1.3737232901113645,5.4395986928188504,-7.922792028427321,-8.86656435445823,1.3045960159007173,10.27325972926326,1.8857570715090726,4.774578769769921,0.9091091972736287,3.8073879058033397,-3.262535905524329,1.2614562980654456,-2.861407573686384,-1.40456100234164,-4.785969388249681,-8.799097592056572,12.170941515567794,-8.454562021929517,-7.296740454523258,1.8764663332004352,1.613505075046588,-0.3634882145065562,-2.8045600341660997,10.310831306795777,-1.079269152568596,-0.31062189719426725,-4.109238611915544,-1.1481974898600273,10.802778122426316,4.478251880636404,7.0955272651514765,-4.494857440117976,-9.66330713191694,-5.130790596634471,-6.434653895100828,-3.787893321676282,-3.992855927987852,-12.25041095909701,2.401836689357808,-10.546610802015856,-2.453637640781335,-2.949565074219226,11.177497680235273,14.47185167180717,5.810196722905535,3.1214215534170857,2.63562848222499,-1.8747313017113738,-6.336848439747441,0.3214714966850811,-1.569733026837658,-6.522353895297739
-1.6093122173489174,17.24252753674341,12.429054501917754,1.8197843484355163,4.847363706313785,-13.346295066483012,21.559525830137527,23.34558113553825,-3.1131878355919627,-27.91352036574493,-6.112750148333698,-13.018751501138814,-2.9235277209806436,-10.1470288711958,9.393995627404125,-2.861407573686384,8.030236868973756,4.563324314752699,12.932839642346506,24.860453362786394,-31.41203860165924,22.97195901875083,18.61235325535233,-5.258682208268693,-4.39461468868775,1.122203472107237,7.751882910876042,-27.196693390134325,2.837971665847522,0.9913721437715377,10.928853894336624,4.071939162478376,-27.302871985305774,-11.221780608974736,-19.83227299902781,12.315928462795547,26.58507807021595,13.528348577443191,16.981416325378152,10.11707229671505,10.729263156844247,32.20759332412091,-6.827801676948623,28.373006117974352,5.13888677997475,7.6141650945708745,-29.65088114915543,-38.47247793805101,-15.56069573931078,-7.875408443659132,-7.400012318699897,4.872928071778324,17.110201853371947,-0.2281242387534728,4.563869545141201,18.138053992884373
-1.8881171012335025,9.880164535073547,6.861522651545836,1.1475520690273473,3.5876241467005263,-7.087866466823023,12.868979129015178,13.387393328896614,-1.7180022853007295,-16.411389405818856,-3.779362647454008,-7.300789735103173,-1.801622914137257,-5.851331941471654,5.3545385474221625,-1.40456100234164,4.563324314752699,3.088869115032517,7.585415124328753,14.282194754992306,-17.14809421542972,13.259694877546766,10.410067714299078,-2.6620734445703347,-2.827566434587623,0.9080546733869717,4.819038378242338,-15.367167539501192,1.689639077386915,0.4853305667011383,6.4637949379102935,2.7222981036175375,-14.903684573400357,-5.830606959574475,-11.644105146816313,6.867749190702332,15.50136554829426,7.92331712270229,9.63387626813778,5.576745974180863,6.016474871256368,18.52518140449334,-4.227454809268469,16.481978537917122,2.522228422435277,4.453307829179138,-17.148569616753715,-22.137470455404387,-8.533492017617553,-4.28718014152422,-4.541313078060408,2.9782065979586863,9.771018374707372,0.2702995846801481,3.118310090365848,10.2787522843799
-3.038646760772221,28.21285629309489,19.99855608023791,2.7913315026436187,8.240815445087836,-22.174336244636486,36.040390237638086,38.85016547608286,-5.331415065290819,-46.35189614696851,-9.681615823185856,-21.10358592559198,-4.636687123310831,-16.838187274788904,14.983223883284106,-4.785969388249681,12.932839642346506,7.585415124328753,21.50273003029591,40.131820458878344,-51.57232566403963,37.81043812888684,31.066585038254924,-8.030062258444168,-7.6219570651801885,2.1033128634922673,13.132484890147568,-44.91065148802153,4.810142010213238,1.4058594953970702,18.372743971995224,6.513875099475389,-45.26851127683951,-18.279700604033117,-32.50720772526516,19.86745024125872,43.73006740095493,22.723943787942876,28.087958291272972,16.421595343945427,17.506572379924624,53.709188379068216,-11.408048793035906,47.049806584270264,8.968392698348502,12.904018075507055,-49.37467287640311,-63.84831757250514,-25.16624367900892,-13.052179048906948,-12.373418093998378,8.407382997739917,28.09768391946294,-0.2988581145298406,7.953295577894659,29.29048853153422
-5.2856625505958865,53.420311057156056,38.41856578300932,5.66249016899429,15.268324914593656,-41.19527967096366,66.97430148852679,72.35472547378195,-9.633945890998579,-86.62798341023262,-19.009047600732945,-40.280481318315715,-9.08993193052597,-31.456428483113815,29.082179195131594,-8.799097592056572,24.860453362786394,14.282194754992306,40.131820458878344,77.01388554506697,-97.07432627979864,71.20755997678319,57.61039267405111,-16.16841501510585,-13.721938932164218,3.564339419060762,24.143881974845094,-84.21037224787514,8.817018161666862,3.0394102213193044,33.936352453607824,12.725312380319362,-84.39077140545285,-34.58691977165502,-61.52869038550958,38.09086641009379,82.45241081802679,41.98437015311698,52.59336362701084,31.27465228150006,33.200532302941944,99.8407099312128,-21.255034972016443,87.99269910040361,15.81584232742189,23.63242224382337,-91.94058075484926,-119.25305614571334,-48.08620525451615,-24.338519520855154,-23.024768643344654,15.167524118321019,53.004164264851,-0.5855883584815534,14.305488984596176,56.14737942777531
4.875747013494027,-68.2808546543307,-49.0858379740359,-6.50396232339303,-17.868360555652373,55.059626868269355,-85.86254543784881,-93.95054649690522,13.05223312207628,111.07418531816658,22.754031756943874,51.492789307748225,10.912345412041768,40.64051493171665,-36.363126800179444,12.170941515567794,-31.41203860165924,-17.14809421542972,-51.57232566403963,-97.07432627979864,126.95984965969144,-91.24766943955254,-75.7878583114961,20.367445247580605,17.630359443629246,-4.398965775833408,-30.793974366484555,109.21151435487482,-11.468319422952593,-3.628130466523109,-43.91838938888407,-14.79014837233146,111.39272664949331,45.76615691473252,77.96003677640029,-48.584669015302104,-105.13955879981943,-54.51799152619943,-68.20078632652618,-40.3121037245919,-42.70637381566974,-129.73440792360978,26.79356462903683,-113.2555190868369,-22.733809365772192,-30.968071586746667,119.0310998726584,154.22460236977767,61.899893315739554,32.147935047108206,29.16344997866469,-19.843797985298735,-68.0788295608648,1.7450153292769686,-17.936976623421252,-71.20812934262
-4.985595014015324,49.874952228834644,35.57071609436613,5.0062868724480785,14.25941534241959,-39.141634250688504,63.23663759977313,68.35642598423829,-9.320177808719732,-81.52628403665668,-17.21989080630929,-37.43552412547543,-8.244937674627622,-29.643505593419945,26.68402177804885,-8.454562021929517,22.97195901875083,13.259694877546766,37.81043812888684,71.20755997678319,-91.24766943955254,66.71334858381879,54.66679692019503,-14.546755222155774,-13.201998230699587,3.535400306471986,22.92179934393661,-79.23279129668775,8.409058659853857,2.6077693101725252,32.19877545011226,11.513827271285283,-79.87547031038865,-32.47089252272185,-57.38454636004468,35.2987296715097,77.14109228592336,39.84817800609806,49.52362027617533,29.137895985332463,30.99772640032965,94.43596429678797,-19.98985036653756,82.82356737261352,15.659368718453342,22.57478707617398,-86.8309579293572,-112.4108075470752,-44.70823589241883,-23.03526840583763,-21.685061053002723,14.612808449628615,49.627822127521334,-0.6421948415480165,13.72338686429584,51.993398411911116
-3.3671147542990396,40.78000038583128,29.03674818379408,3.7764521499796677,11.032394539582565,-33.01064485066282,51.897477583497206,56.5577705290745,-7.945409680352914,-66.87848425762503,-13.4216754532998,-30.58871840695807,-6.440182464555405,-24.439666855320187,21.447399735681707,-7.296740454523258,18.61235325535233,10.410067714299078,31.066585038254924,57.61039267405111,-75.7878583114961,54.66679692019503,45.63491583281168,-11.706990811694675,-10.881364218721314,2.85866736515438,18.76742381659573,-65.4658669947785,6.974869062579774,2.003781936550804,26.602113890416035,8.803332325686569,-66.79772352031772,-27.166899152789263,-46.65126181672051,28.787487781407478,63.00040590225763,32.99392607481152,40.92096400943537,23.944859687193393,25.44813901036796,78.18550290644102,-16.22158987652593,68.10883684702449,13.88226626396382,18.816379008260633,-71.70606522555951,-92.73982663835366,-36.69699807468201,-19.271964663781898,-17.654324502170578,12.182430690370204,40.722432283035666,-0.9174047965998989,11.137334183759034,42.24225913236547
0.4215391691194987,-11.033328185845717,-8.232972518071454,-1.214829798090056,-2.6072044590271735,8.603731748331432,-13.194757688999458,-14.605449908630879,1.8994999241078394,17.344763239363242,3.9578090577084564,8.497217606284087,1.8922372099215725,6.358679847752789,-6.218751980487629,1.8764663332004352,-5.258682208268693,-2.6620734445703347,-8.030062258444168,-16.16841501510585,20.367445247580605,-14.546755222155774,-11.706990811694675,3.801931523583684,2.465020898076892,-0.47238354787416703,-4.576234376952036,17.286130287438407,-1.705300554276128,-0.7781576224557942,-6.661361479072816,-2.5183099354910814,17.479980409594578,7.472434422492566,12.544875175321653,-8.103612942417744,-16.783223825561432,-8.287741145009136,-10.75386354121723,-6.63271747618051,-6.94526649596284,-20.069867993488657,4.118104422476564,-17.7464473379421,-3.1817089169577817,-4.609532157391355,18.473387902718194,24.125770203707877,10.265981762202424,5.049607463993335,4.475472435208872,-2.821245442954987,-10.911428907263149,0.3510311128979764,-2.4648787628686017,-11.850110995351644
1.5176302315959695,-9.769395638569371,-6.7209633648735965,-0.9381227479535995,-3.233321005773632,7.604693770305721,-12.915995968786971,-13.679550242420584,1.9051370543795587,16.424103630466195,3.3361035062542337,7.185910198852769,1.597903601337407,5.923783003487279,-5.0457761967313,1.613505075046588,-4.39461468868775,-2.827566434587623,-7.6219570651801885,-13.721938932164218,17.630359443629246,-13.201998230699587,-10.881364218721314,2.465020898076892,2.8919009549676975,-0.9094848984199685,-4.828720085128567,15.618937947813485,-1.744234307507131,-0.38461041438096494,-6.598363351138874,-2.336110278256447,15.628695591381463,6.099152634644761,11.370558798742449,-6.718168145228028,-15.312224376407784,-8.128353087934704,-9.797194161448129,-5.566426114374355,-6.00075230952765,-18.968147338064945,4.1376418150368846,-16.582017998289132,-3.154722114889464,-4.651655716216001,17.445294536873668,22.448390014925828,8.483907789432157,4.500450955048581,4.477346202429317,-3.123041852960632,-9.753040712469895,-0.0575753507568296,-3.090648679818855,-9.97099648563764
-0.7508216536497234,2.57464801158772,1.6499682004094676,0.2585172425763536,1.1427631237798832,-1.8673569508555556,3.6546128780766125,3.683836935245526,-0.509065347737433,-4.538211276016133,-0.9288982372855802,-1.8206258829888016,-0.44373629690385125,-1.600133236505311,1.2758270587660356,-0.3634882145065562,1.122203472107237,0.9080546733869717,2.1033128634922673,3.564339419060762,-4.398965775833408,3.535400306471986,2.85866736515438,-0.47238354787416703,-0.9094848984199685,0.3541533894811821,1.4432805061429634,-4.095674182803723,0.49902145595287073,0.050194069613866875,1.8591932130480684,0.7206789684296999,-3.9548646650088264,-1.4093013086172528,-3.0911705670513485,1.6779083389945553,4.146369863240103,2.2644802843593754,2.586674643529695,1.3822937119875958,1.5343958718518285,5.138217664812023,-1.216990592884601,4.512995950227086,0.7637129912302261,1.3059934549433483,-4.747005859452954,-6.049467187409866,-2.0811656712783653,-1.134434673440276,-1.305430844708463,0.9318958506663659,2.571549400367715,0.14992934805206873,1.0291201470555362,2.546612824489194
-2.352874204882184,17.0378160576475,11.89201488815818,1.6961171997452107,5.4047813713298005,-13.20467212085864,22.14989339302099,23.595649090314264,-3.237011204494567,-28.315483800909238,-5.908307217862445,-12.633056696165198,-2.828116901634023,-10.232109794833672,8.95852576418171,-2.8045600341660997,7.751882910876042,4.819038378242338,13.132484890147568,24.143881974845094,-30.793974366484555,22.92179934393661,18.76742381659573,-4.576234376952036,-4.828720085128567,1.4432805061429634,8.19060263567019,-27.1050340765063,2.9667068613135847,0.7685349202310091,11.284005578649486,4.080299959498165,-27.120378145000263,-10.7514729535662,-19.769199582267678,11.855777927865965,26.575736884381637,13.91755796001685,16.97870061285539,9.79093291401935,10.50295003046036,32.66746559242176,-7.078856456156522,28.63897071183654,5.336099584986265,7.922159555483586,-30.059794951687476,-38.77846650251471,-14.966004383544794,-7.813190927466431,-7.6613297548318835,5.247688316293233,16.973296518968517,0.015870912040903285,5.1272988143554,17.5596942115553
5.243032000294154,-59.21179280368576,-42.288844932011926,-5.746358249121358,-16.34560499335647,47.16813887470981,-75.00873094858885,-81.49372369548658,11.2537379888405,96.76767235280455,20.015286501301293,44.48426936698472,9.592432442479383,35.2851758270743,-31.497313287968897,10.310831306795777,-27.196693390134325,-15.367167539501192,-44.91065148802153,-84.21037224787514,109.21151435487482,-79.23279129668775,-65.4658669947785,17.286130287438407,15.618937947813485,-4.095674182803723,-27.1050340765063,94.48680932344259,-10.014123103299289,-3.0562943065488923,-38.30376631861871,-13.229279780563253,95.83403510803933,39.06046248486056,67.89865528838949,-41.92923844676391,-91.45839337733699,-47.465687533959894,-59.0466596238206,-34.725539456213745,-36.896003565195045,-112.59309646623915,23.567552228064542,-98.45721252386112,-19.282865954757057,-26.956715348303028,103.40124202245622,133.85210976358564,53.27377587365969,27.645578011819094,25.608632977538964,-17.40958194382075,-59.003642480997264,1.0935238257730988,-16.08793778279891,-61.624373931743946
-0.7136606227278676,6.25252732134444,4.389184050469078,0.5907957667125547,1.8557442096178847,-4.970877469396515,8.085279368124821,8.700705990847624,-1.2158335402170917,-10.36024626184927,-2.096091928385581,-4.6519132061076816,-1.0048578037630667,-3.7639209874455952,3.26686813721483,-1.079269152568596,2.837971665847522,1.689639077386915,4.810142010213238,8.817018161666862,-11.468319422952593,8.409058659853857,6.974869062579774,-1.705300554276128,-1.744234307507131,0.49902145595287073,2.9667068613135847,-10.014123103299289,1.0882773986685466,0.2826993124190632,4.136875844690869,1.416231914645843,-10.128051838210475,-4.049899444581151,-7.207377828565359,4.366541794639717,9.719114680943745,5.115392841708688,6.268748502767979,3.6245639243807637,3.875138747884026,12.043024878896713,-2.555864973236155,10.510598121147394,2.073019255649449,2.9204887991189485,-11.059728123876303,-14.274081748688289,-5.542618985701522,-2.919700108329362,-2.7741802916180394,1.920734179032748,6.241699864776146,-0.06262497761335555,1.821926111119277,6.439122915543118
-0.050123625704736594,2.0051172570229894,1.5450198327656333,0.2597499368873261,0.45721390106336895,-1.475045317996494,2.284154792580302,2.536518469563079,-0.29890429700325677,-3.049101895090885,-0.791099120135407,-1.5725354573549435,-0.37676953213631215,-1.1146414146713952,1.1992664690786548,-0.31062189719426725,0.9913721437715377,0.4853305667011383,1.4058594953970702,3.0394102213193044,-3.628130466523109,2.6077693101725252,2.003781936550804,-0.7781576224557942,-0.38461041438096494,0.050194069613866875,0.7685349202310091,-3.0562943065488923,0.2826993124190632,0.17677736208962902,1.1312895633397095,0.5036799194042353,-3.0324357552323535,-1.3435831767233561,-2.283201524746418,1.5150669781324038,3.0212475876034577,1.4076293995032354,1.89466844560106,1.2187268639684397,1.2647059744093623,3.4671828314162703,-0.7209393051172072,3.1225861592253956,0.45586439317246186,0.7611426439753491,-3.208872131879123,-4.225669237786713,-1.9005872229524279,-0.8764736724001041,-0.779811527190272,0.44285751664247697,1.962942295075548,-0.05776582830856545,0.3842593994713624,2.2184350983013057
-2.668055089631572,23.9770708358989,16.902181175442127,2.310384408410159,7.065874230140186,-18.972180252001337,30.844457833729635,33.21829314259402,-4.606978242362826,-39.58556158259999,-8.117662358045697,-17.88045318263887,-3.889947532077344,-14.381361441436791,12.614985859956493,-4.109238611915544,10.928853894336624,6.4637949379102935,18.372743971995224,33.936352453607824,-43.91838938888407,32.19877545011226,26.602113890416035,-6.661361479072816,-6.598363351138874,1.8591932130480684,11.284005578649486,-38.30376631861871,4.136875844690869,1.1312895633397095,15.75777807839335,5.473982991522834,-38.6862383552829,-15.534635963843984,-27.63280453648237,16.804557025349517,37.224892124161556,19.487046367741833,23.96839583093867,13.924217355624336,14.868372416641902,45.95490107711915,-9.755243816734893,40.16984464497376,7.812329798642893,11.100703638466133,-42.220843518011655,-54.536342882128515,-21.312475176671427,-11.153259044440881,-10.58539924780434,7.2717547007926875,23.91193794828815,-0.2474255157743679,6.888739259718613,24.777864282304805
-1.6253194662975998,8.63883773118817,6.1036730996258335,1.0984196304429577,3.12844092173132,-5.969361477345523,11.005873811833116,11.430439371041222,-1.3912218833949288,-14.124493597309193,-3.4826463930957945,-6.443624095800888,-1.656879094960126,-5.0218716827788255,4.84213141846383,-1.1481974898600273,4.071939162478376,2.7222981036175375,6.513875099475389,12.725312380319362,-14.79014837233146,11.513827271285283,8.803332325686569,-2.5183099354910814,-2.336110278256447,0.7206789684296999,4.080299959498165,-13.229279780563253,1.416231914645843,0.5036799194042353,5.473982991522834,2.5025495485208054,-12.666137761502728,-5.041814436117225,-10.199556423816666,6.09691903045498,13.496551529580806,6.703940055820993,8.280428715465895,4.898840205903844,5.261429311421922,15.779369023516768,-3.643821954443283,14.179852136739349,1.903352009012714,3.718348274464862,-14.653396146634984,-18.988686769957255,-7.5284447986528935,-3.643775293171564,-3.9038003672855446,2.4479005844957786,8.495358248665209,0.2656051942111719,2.596637921219476,9.134697372063073
4.22218248903177,-59.66768961234286,-42.72612918389599,-5.500169697557228,-15.558230494236577,48.58135159504867,-75.43726472835937,-82.60228655524027,11.614705612934054,97.43840818879471,19.533028962077598,44.901356494559586,9.375167056675076,35.68348832719895,-31.48493286963452,10.802778122426316,-27.302871985305774,-14.903684573400357,-45.26851127683951,-84.39077140545285,111.39272664949331,-79.87547031038865,-66.79772352031772,17.479980409594578,15.628695591381463,-3.9548646650088264,-27.120378145000263,95.83403510803933,-10.128051838210475,-3.0324357552323535,-38.6862383552829,-12.666137761502728,98.07557076937712,40.149137698006086,68.0675262370915,-42.30424566232599,-91.95818958188796,-48.0359239458434,-59.868406406296884,-35.204777311478566,-37.32927702628114,-114.12958635526643,23.48201317441935,-99.37318567094492,-20.456606650307506,-27.37517504323951,104.6263716850769,135.43537098425207,54.00258978793106,28.304607296656336,25.580775785759467,-17.61029803243746,-59.582180758302414,1.6139458166966187,-15.867896064561982,-61.9659982977732
1.1615980238235737,-24.341697658119756,-17.655306153553937,-2.2571101000838545,-5.886580645220414,19.959924454863625,-30.299582780914005,-33.483901570495185,4.691110196863422,39.346380878840655,7.948473861085432,18.452433675171672,3.815631349303119,14.465039676689324,-12.981795700232594,4.478251880636404,-11.221780608974736,-5.830606959574475,-18.279700604033117,-34.58691977165502,45.76615691473252,-32.47089252272185,-27.166899152789263,7.472434422492566,6.099152634644761,-1.4093013086172528,-10.7514729535662,39.06046248486056,-4.049899444581151,-1.3435831767233561,-15.534635963843984,-5.041814436117225,40.149137698006086,16.672503486976197,27.625447189886664,-17.43413240360743,-37.32124356475693,-19.33067922803115,-24.369348891720506,-14.502750348040736,-15.303001561307592,-46.20347342559503,9.36318451066056,-40.23886316978009,-8.353271595391297,-10.984241710021227,42.33591308584852,54.92124034873706,22.29610476278673,11.594010122793643,10.216322978391643,-6.961642780612091,-24.28908654342053,0.861020186210705,-6.092895595742539,-25.45520265054189
4.697519252953533,-42.92564807821631,-30.597608386402765,-4.446057097330965,-12.626013546601811,33.220855059755955,-54.42058400884737,-58.57447423002121,7.886628226496562,70.13820167500141,15.113829952728636,32.20575331299233,7.230316500761809,25.43977192364198,-23.106234746430797,7.0955272651514765,-19.83227299902781,-11.644105146816313,-32.50720772526516,-61.52869038550958,77.96003677640029,-57.38454636004468,-46.65126181672051,12.544875175321653,11.370558798742449,-3.0911705670513485,-19.769199582267678,67.89865528838949,-7.207377828565359,-2.283201524746418,-27.63280453648237,-10.199556423816666,68.0675262370915,27.625447189886664,49.531331514111905,-30.38350095035821,-66.45753643415112,-34.15908677762869,-42.44374549239826,-25.00140613720722,-26.620891230263453,-80.91013709616179,17.295209066355483,-71.16286393078572,-13.001304508752234,-19.302346407156293,74.47821996010929,96.43890025044396,38.37196651085256,19.625143922238912,18.73399372392553,-12.510828259863912,-42.65225697096662,0.3459473360933145,-11.911886455717745,-44.838137042912216
-2.207942830840457,26.49155073966369,19.12873627967792,2.7283600323464876,7.22043758996821,-20.75511727113954,33.075709569902926,35.974756681082006,-4.845845637916849,-42.85751681174998,-9.24212813668138,-20.023453869397397,-4.423358988742627,-15.616942336275681,14.377247936027999,-4.494857440117976,12.315928462795547,6.867749190702332,19.86745024125872,38.09086641009379,-48.584669015302104,35.2987296715097,28.787487781407478,-8.103612942417744,-6.718168145228028,1.6779083389945553,11.855777927865965,-41.92923844676391,4.366541794639717,1.5150669781324038,16.804557025349517,6.09691903045498,-42.30424566232599,-17.43413240360743,-30.38350095035821,18.93962512234966,40.79208948772489,20.825236651381587,26.174727677371255,15.597563369018836,16.521551375249114,49.63044436297602,-10.421436182477445,43.6207187878971,8.135547505941409,11.742569078021466,-45.64628566654331,-59.22923938414377,-23.989793132951398,-12.20563617593829,-11.310449206484106,7.4960582877866,26.31683931517284,-0.47613056746104676,6.9204936935481784,27.841460877519697
-6.079577095468056,57.67192405433129,41.08786695015814,5.864450268521605,16.757944312139774,-44.97561811422112,73.19152330397772,78.92946548451874,-10.708240001579453,-94.31622691336138,-20.080538056331047,-43.25963930918857,-9.610985275173292,-34.25020936263847,30.913975520169092,-9.66330713191694,26.58507807021595,15.50136554829426,43.73006740095493,82.45241081802679,-105.13955879981943,77.14109228592336,63.00040590225763,-16.783223825561432,-15.312224376407784,4.146369863240103,26.575736884381637,-91.45839337733699,9.719114680943745,3.0212475876034577,37.224892124161556,13.496551529580806,-91.95818958188796,-37.32124356475693,-66.45753643415112,40.79208948772489,89.26649343006676,46.040646174225365,57.17246154155275,33.628486165310974,35.79973287048371,109.04543124329174,-23.19889388858364,95.74885875342736,17.8373160667271,26.059916337436608,-100.314123944817,-129.8593577141022,-51.59693004821485,-26.515992319452113,-25.14807360787853,16.89362237098326,57.35450337519089,-0.5951407161702718,15.983180908489162,60.1452485632442
