V1,V2,V3,V4,V5,V6,V7,V8,V9,V10,V11,V12,V13,V14,V15,V16,V17,V18,V19,V20,V21,V22,V23,V24,V25,V26,V27,V28,V29,V30,V31,V32,V33,V34,V35,V36,V37,V38,V39,V40,V41,V42,V43,V44,V45,V46,V47,V48,V49,V50,V51,V52,V53,V54,V55,V56
1.4182814436763787,0.25267707442063164,0.33624738283758626,1.2757232182157006,-0.028330558894095515,0.7575739198576178,0.41176806433989444,-0.01248944085038746,-0.6158850238668082,0.4218093520311546,0.45655729907844744,0.19918669126697977,-0.12813896503898192,0.6645064510585948,-0.28178254620419574,0.7524752910908203,0.796045538174988,0.11470186155020266,0.2725641341277783,-0.855949903572109,-0.017483551079089592,-0.13021967274140736,0.13743894065471673,0.15265267664052215,0.6371244027709752,0.48835778539512714,-0.3446516954183911,1.1734243691137791,0.09895723760910574,-0.27530898561797224,0.15129693866901522,-0.19524457626827021,0.11792988731048655,-0.39574035715008377,0.29607612517529636,0.2450227892565505,0.8355209429495687,0.44848575361656784,0.24349683410602987,0.9205503245290672,0.7200193048340278,-0.31388134194514666,0.35422690713242544,0.10081810555770665,-0.47189618121195415,0.8185659148429543,-1.0207943174868905,-0.03586454987573585,-0.6295072579312305,0.1320617627676016,-0.568774876645695,0.5125975015741149,0.6963009695650353,-0.6420147957850516,0.2960610684558129,-0.1470709801231441
0.25267707442063164,0.49317548285744794,0.19798933214612585,0.2992804861570652,0.42980377260816066,0.11104444831399349,0.9501375626054314,0.5566184639780015,-0.5643455793393264,-0.38206955142421706,-0.5126524434134784,-0.2421024824122498,0.09985317282659524,0.21624234106976287,0.41597354582772117,0.10746370968381765,-0.010491262304009746,0.17157947197618714,0.8188062595559478,-0.11051435420301586,0.49390924712857454,-0.13399534083598835,-0.4159973171502763,-0.17214715414320755,-0.45643156304099425,-0.006271913745830658,-0.43317309691115446,0.04360947596324011,0.24741786359976695,0.3780836773764474,0.06570900695253991,0.06984486368155536,-0.2176875446899869,-0.5658114788840248,0.04404658169239345,0.15314196361974727,-0.12873312261470302,0.24916412292606774,0.03816148139260639,0.2578278317425892,-0.02600015957431787,0.18066224123737093,0.43214344019665596,-0.3109892564753371,0.19594554589224522,-0.27068583147179726,-0.1347049333772644,-0.18067375669597766,-0.25214134785546816,0.08796273637766046,0.18250205886319487,0.5440668846122677,-0.02574048284120616,0.01942160577689621,0.5583174015250241,-0.3887884697893844
0.33624738283758626,0.19798933214612585,0.23206025002073075,0.39254952255477654,0.42873607757969034,0.14842420313089663,0.04424013998847729,0.43357957712534023,-0.19483221444258522,-0.12454445067203794,-0.025112635759192887,-0.09603256974748652,0.10437640897213235,0.2476919749813727,0.15637563551823827,0.22809117013313834,0.29178362845526856,-0.08766005027392154,0.4213818372536508,0.24191753629143933,0.20950610433878739,-0.4027307581122567,-0.22550766339301426,-0.10608750542556031,0.011004308414858967,0.06445535723886046,0.012013265830128253,0.27324838114548816,0.041011680754970754,-0.026511130420091903,0.29277865457803176,0.5196467144441401,0.12165273673634776,-0.26611340135262157,0.17899750066770365,0.0876335741510638,-0.08970548178019154,0.034201765881624824,-0.06622884535633217,0.14754508843562147,-0.148671851789912,0.0998784435843268,-0.09248021772801733,-0.47452040531707174,-0.12977594006448268,0.2889842956111834,-0.03628351301914373,0.03429367968629866,-0.10678836100760183,-0.005531008231233687,-0.10092205563833881,0.20873152441614426,0.2732717781331261,-0.12112723675922682,0.36738790461410337,-0.011770983382745659
1.2757232182157006,0.2992804861570652,0.39254952255477654,1.8051687487083166,0.5574999665138272,0.09221519474342703,0.7326032214242009,-0.16653768861707202,-0.21905993834926712,0.09050133583896217,0.4063528839982613,0.07914712086282656,0.10201361303495655,0.8039868704082811,0.0953308989616503,0.682639105346817,0.6459162275964357,0.2076629220988693,0.27549267526055915,-0.48573919359055895,-0.7694712419211495,-0.5797902600563298,0.23895039564885762,0.6253933597151271,0.30914692915631453,0.3194843746130067,0.13499413355346154,1.031577608543163,0.5589955748780474,-0.4321447951684272,-0.1655001762849235,0.2573417988201231,0.3278991054948718,-0.3629264580821483,-0.2723414147613026,-0.37771796748415026,0.7172537311419342,0.1454855518840589,0.32685480851017623,1.1493602783084298,-0.250551595398894,-0.477083067486976,0.355145321198698,0.07128980825930874,-0.6977978833562357,1.692944347580342,0.12470085418473985,0.07880484966160647,-0.5108824581213414,0.5891049216217417,-0.7937957909357609,0.43024480381237146,0.6210473959809951,-0.8306297799079373,-0.05631697446273937,0.19669031807331047
-0.028330558894095515,0.42980377260816066,0.42873607757969034,0.5574999665138272,1.539903881854692,-0.5439440411886768,0.4987365619105633,1.3441232275273525,0.07755288423201802,-0.47549883912179325,-0.30587858390561184,-0.34798455739261897,0.6310371200191055,0.1735331377950795,0.8729976600469777,0.041165775063930744,0.05933586219888441,-0.33159801721099363,0.6622567394450195,1.3010836977707851,0.06493120223862836,-1.280387017332286,-0.6395566060471557,-0.19359629498623748,-0.7217786007372428,-0.26570886312839326,0.42599081587005266,0.1545043227757024,0.352569589277668,0.11922316221612639,0.23145140404896497,1.648471318243581,0.2191244439877907,-0.3160977621644274,-0.22592312175478932,-0.6900010520988733,-0.8316040579678933,-0.2698333076027584,-0.3985205470330056,0.06109354925001717,-1.4310184443274796,0.6299737974846359,-0.5535316166050139,-1.122992103977881,-0.10826768521302936,0.9558183435535825,1.2650513855974073,0.3492040284765592,-0.13193118734978754,0.3857501643021425,0.009087052422681778,0.31833985095187245,0.2019906666513132,-0.22615299123629407,0.4809091469023203,0.3484147245322872
0.7575739198576178,0.11104444831399349,0.14842420313089663,0.09221519474342703,-0.5439440411886768,1.1035039071738066,-0.5236621397068976,-0.05349960454425161,-0.7331134891057554,0.07907587022470813,0.07895370371679926,0.04227695041447378,-0.4226500204047799,0.3733098206342399,-0.49241567411489706,0.48852455985729093,0.6642913940098976,0.06966978197400459,0.6060367133274961,-0.6231488183471323,0.9052438731469922,0.37298679363551956,-0.10639558204976235,-0.3317016289938095,0.7197040369254373,0.4198088934519694,-0.5700098428489011,0.3866933460725822,-0.4181261291030604,-0.03477536374487009,0.7243677767340052,-0.34317301990501947,-0.0027594329823880594,-0.4527147696336693,0.9282560482912621,1.2273125141953423,0.4509512649865905,0.4207305479739019,0.16018529362078202,0.08739166776749427,1.280137192182275,-0.24408169043915937,0.3087046572639858,-0.26629808781316566,-0.044105435107722475,-0.7568256361996797,-1.6629188282729053,-0.35005855413314646,-0.07133656989918918,-0.6373302469389028,-0.06234880083116664,0.24511893581302743,0.443438136096848,0.13375515634379662,0.7118025026690366,-0.5651383236788662
0.41176806433989444,0.9501375626054314,0.04424013998847729,0.7326032214242009,0.4987365619105633,-0.5236621397068976,3.969238016356929,0.8568631765449949,-0.9077360238378971,0.18615331164702867,-0.8239912388084428,-0.06418518913570742,0.4860480631149031,-0.12194122337696951,0.9630610331503643,-0.19864472226579064,-0.9245850328554475,0.5658399207593764,0.22896793261139242,-1.2868049730523619,-0.13484072586242984,0.23806900358236552,-0.3205335714021272,0.056778210679902255,-1.586654369392591,-0.18969192762185083,-1.165578525644547,0.49657539309748877,1.0326442856029878,1.0608874142563345,-1.559475949954989,-1.2773005640039468,-1.0706736624966149,-0.5051697400904207,-1.214419604248495,-1.385910550422421,0.21227001679913,0.7627115371113551,0.12288831553018432,1.1775391435941094,-0.1737765422566661,0.6385281311192674,1.2497660866518203,1.135710988671014,0.6356644309713854,0.17979182732144122,0.37114890656931987,0.0071521398735007475,-1.4117645752422505,1.275909639750422,0.42250532555463205,1.3388869494660451,-0.6582537274966442,-0.6305755077908223,-0.03847489404745866,-0.4811621935149141
-0.01248944085038746,0.5566184639780015,0.43357957712534023,-0.16653768861707202,1.3441232275273525,-0.05349960454425161,0.8568631765449949,2.388769854131547,-0.4069492498786823,0.10935025635188088,-0.37572124783272304,-0.2254794777250473,0.7376802831544581,-0.25227828023390736,0.8205679396776036,-0.04845744860996416,-0.04131864462033264,-0.6645093071305805,0.5262472143191913,1.2288120371860904,1.058526362606386,-1.107157804726012,-1.0614625184067352,-1.0491261124922753,-0.8892629358612987,-0.25615588946739515,-0.200951458897055,0.5050118363702036,-0.08997311769624085,0.6014397848404568,0.35062422975223395,1.440751386124248,-0.24051717687685648,-0.28629883591184824,0.16654809390126327,-0.6379032133505861,-1.0986225323211216,0.12413957589720703,-0.8278291956407183,-0.2143233393505368,-0.7416075765571664,1.4650069260600358,-0.8530649312803342,-1.1947804352028064,0.36327289813522684,0.15894324411453564,0.37530836762466596,0.5121847006952331,-0.654808714513324,0.1692551497967166,0.504550633477099,0.6696701758328247,0.17519881860687386,-0.18450899307987637,0.9688998337936608,0.09571481693137074
-0.6158850238668082,-0.5643455793393264,-0.19483221444258522,-0.21905993834926712,0.07755288423201802,-0.7331134891057554,-0.9077360238378971,-0.4069492498786823,1.0472393974127996,0.287302500520872,0.545025865402926,0.19060278929833402,0.1900251017691956,-0.33931323000410696,-0.10998012870041594,-0.30329659808892967,-0.2133206574735722,-0.3081924808508042,-1.082236486605027,0.7241940275844018,-1.0187657910997505,-0.3192029306161838,0.4290684314248807,0.3519716421619937,0.1315377877433975,-0.22066257568072292,0.9213814746960922,-0.18701819588070195,-0.0341607462124597,-0.4698749679804861,-0.30091767210756903,0.49040991710891996,0.368292648055853,0.8031106671995122,-0.49025475594448453,-0.8384351319595467,-0.20744069939882237,-0.5742210928468946,-0.18346028306448994,-0.32700322538228604,-0.8734391449711203,-0.031121718419160886,-0.7901490201623733,0.2022596518960598,-0.2937244446275009,0.9333433434886204,1.1915252180480385,0.4407325296139173,0.35145315940863875,0.2425897320025738,-0.240243004818522,-0.7252648786172453,-0.07900687049285625,-0.13542187315753557,-0.883267637608821,0.8152348982923379
0.4218093520311546,-0.38206955142421706,-0.12454445067203794,0.09050133583896217,-0.47549883912179325,0.07907587022470813,0.18615331164702867,0.10935025635188088,0.287302500520872,1.4689824235911633,0.975969959742296,0.6382491008053798,0.16590354734200022,-0.39599571463753025,-0.48494003220322834,0.049400864126331476,0.018158653004791848,-0.3851958531666568,-1.577633831331304,-0.4942217024349517,-0.6166911851586303,0.08101934103489347,0.47355239277554545,-0.061591871332394146,0.4089893538131082,0.14054483016905295,0.02853795166926976,1.0792539838389126,-0.22336860438769385,-0.23730926379193687,-0.6497693729316777,-0.5135712272081773,-0.1282639456516018,0.8094407130963969,-0.3189933585923329,-1.0388022465191418,0.4836595139902776,0.18673942712149247,-0.27630861747966556,0.3186512714479954,0.4067357902056455,0.3866600078929789,-0.5947337795208095,0.9512892448374225,-0.18937225540802174,1.0004482215636108,-0.2814607282410009,0.6191074823929069,-0.7870410604759371,0.44038768924551835,-0.2633967156067988,-0.06414780565345274,0.20806465657132764,-0.7577915276801512,-0.7319921154733257,0.5658334945969984
0.45655729907844744,-0.5126524434134784,-0.025112635759192887,0.4063528839982613,-0.30587858390561184,0.07895370371679926,-0.8239912388084428,-0.37572124783272304,0.545025865402926,0.975969959742296,1.0709174328120812,0.49639770052083537,0.01891443685483395,-0.025765168427237316,-0.5766339022187987,0.2394354359244537,0.40066833485404707,-0.3456873203510281,-1.2060952036819603,-0.08411521170719413,-0.8344925468676715,-0.18941065172563704,0.584244222107406,0.2522050350351708,0.8118033516192023,0.20839907056436605,0.518214430480823,0.8363786740449781,-0.2249489611868651,-0.6575935032659915,-0.16019720062164483,0.07895824301273917,0.356781779462827,0.6898631780388971,-0.08908325585589992,-0.5679942547151974,0.49686631183357194,-0.12891107570312632,-0.10063225133950628,0.22535090475411046,0.10661545370623968,-0.12877603050191025,-0.6790441355482199,0.4512892185033677,-0.562367785793253,1.283417722015487,-0.038740802385877744,0.4761965826512309,-0.22743688676322504,0.1901613923815903,-0.5849498407512752,-0.3960163422404268,0.46420156028322784,-0.6070089316375727,-0.6835597103235865,0.6838862691621832
0.19918669126697977,-0.2421024824122498,-0.09603256974748652,0.07914712086282656,-0.34798455739261897,0.04227695041447378,-0.06418518913570742,-0.2254794777250473,0.19060278929833402,0.6382491008053798,0.49639770052083537,0.30991031403161895,-0.008304417278168755,-0.13413380626392415,-0.31466195710744094,0.03986606276185469,0.03653992981090735,-0.10728356323083826,-0.7612917989298349,-0.3303266451414266,-0.4080464116821118,0.13476074781366898,0.3354229543180635,0.09910483789165586,0.30592919571173477,0.09578530088269203,0.06405570973371418,0.43289314802311385,-0.09406100782125026,-0.19784866516501518,-0.3066442530608841,-0.3495843529037882,-0.004580100432841712,0.3965585412444603,-0.1506019516780082,-0.3859979277721866,0.33816296004806,0.05429041947301931,-0.03161914653589206,0.16422137003225193,0.2462408898264998,-0.00396022009133909,-0.1923756745117147,0.5325535282132242,-0.14830343680939692,0.4645606293917775,-0.1541502578902814,0.22492704858394777,-0.262484472260619,0.1710795834714397,-0.19398583368455682,-0.11895423069677749,0.09429600062191933,-0.32267978955700344,-0.43554591631646977,0.25927573660809156
-0.12813896503898192,0.09985317282659524,0.10437640897213235,0.10201361303495655,0.6310371200191055,-0.4226500204047799,0.4860480631149031,0.7376802831544581,0.1900251017691956,0.16590354734200022,0.01891443685483395,-0.008304417278168755,0.41428178095513196,-0.1780988647912161,0.3867130835431321,-0.12414444571094685,-0.18288783457261298,-0.2648435463296783,-0.22010899087357444,0.5499288114959926,-0.17586883807133613,-0.5506836274293652,-0.20378200515227385,-0.13445789680956324,-0.4483691740488755,-0.19142351406103184,0.20596035098177803,0.2210831249401198,0.15163636154263144,0.1048884019726046,-0.23095948871007838,0.5836923051900101,-0.028307946114797373,0.14822433404793897,-0.35236229475743086,-0.8051208626101659,-0.39399717976265536,-0.10846337450701211,-0.3170160991320458,0.03247287540975797,-0.7158790016598323,0.526862183607018,-0.4391321729390415,-0.1807954544513354,0.020132145419641697,0.635837163425672,0.7488096750876898,0.37207047180587777,-0.2842601159449499,0.38781511423124976,0.057470163684116726,0.12182504500334834,-0.016576946335759356,-0.2679610903844183,-0.06412837930294103,0.3455065749124369
0.6645064510585948,0.21624234106976287,0.2476919749813727,0.8039868704082811,0.1735331377950795,0.3733098206342399,-0.12194122337696951,-0.25227828023390736,-0.33931323000410696,-0.39599571463753025,-0.025765168427237316,-0.13413380626392415,-0.1780988647912161,0.6193503716414139,-0.033288996148482186,0.45874472378883907,0.5436217721489844,0.22364722182769883,0.7559424966477244,-0.2246581588233223,0.06775848362831474,-0.16338535755326178,-0.011533471384204273,0.2435923388683057,0.34898708822636976,0.24792847782132454,-0.039884803718465034,0.22059861582583554,0.15021016672179627,-0.2189270591522528,0.41003070506719147,0.20190548857234525,0.2595866229547308,-0.5099883248874643,0.30556353695345895,0.5988184075035963,0.342195509049233,0.0866855269460182,0.30295377251003647,0.4039071564928196,0.16790908275445948,-0.49490732980646746,0.39328871603573684,-0.3603287253815007,-0.32813422133479564,0.24716558176628564,-0.3760872886596037,-0.27113272416288275,0.08212081043392089,-0.12416312073433253,-0.34809417103441936,0.1939553541338433,0.3874723378609486,-0.07527262860334015,0.37583815359156214,-0.2217571472128325
-0.28178254620419574,0.41597354582772117,0.15637563551823827,0.0953308989616503,0.8729976600469777,-0.49241567411489706,0.9630610331503643,0.8205679396776036,-0.10998012870041594,-0.48494003220322834,-0.5766339022187987,-0.31466195710744094,0.3867130835431321,-0.033288996148482186,0.7320440047400949,-0.1866921171883217,-0.33515518741426586,-0.0020243818515420582,0.560549608494161,0.5648878106965943,0.16533052361603512,-0.5019878175605275,-0.4867279931260462,-0.13963783527807722,-0.8647265593614901,-0.28030688008924914,-0.02439341991598694,-0.23122522112532215,0.37127381306101864,0.398842315259473,-0.13425425766310964,0.5869880653984121,-0.1526533966679568,-0.3097816098231,-0.3387997467131205,-0.4638688170726158,-0.5930821481910116,-0.06143943280319289,-0.17513848563545703,0.021259570976811765,-0.8553221717107926,0.45514357425905877,0.03356634425886474,-0.4546526621839276,0.23767122536919785,0.08433287838974404,0.849838122648164,0.06467485659991314,-0.12019966328938284,0.3259919924743126,0.2788948098432398,0.3521662822906519,-0.22486649517949442,0.02938999931499419,0.3027849049763489,-0.029016946276092487
0.7524752910908203,0.10746370968381765,0.22809117013313834,0.682639105346817,0.041165775063930744,0.48852455985729093,-0.19864472226579064,-0.04845744860996416,-0.30329659808892967,0.049400864126331476,0.2394354359244537,0.03986606276185469,-0.12414444571094685,0.45874472378883907,-0.1866921171883217,0.4675654899585525,0.5798913327361717,0.03164970742934434,0.3458353808328242,-0.2582206183607578,0.09316190954157079,-0.16326514394167585,0.03173030570051304,0.07239585259473813,0.4817247373729617,0.28688623237681865,-0.06963793476069217,0.5317136055791215,-0.02345569188294879,-0.245494751129043,0.35346882565065735,0.15054730841692915,0.2088835839566117,-0.2864367764903168,0.34807590863356674,0.39738069239727986,0.3827275490273221,0.15523705203920063,0.1420790743145883,0.3795060569383164,0.35550401813208904,-0.2681376463133633,0.1137450762746572,-0.22491353263256952,-0.3300043545463734,0.38034171622052126,-0.5819361630029564,-0.07813020599880924,-0.13824250328418253,-0.10398005519697366,-0.3502445150206097,0.18076349579843728,0.4747131573099903,-0.23328228156514008,0.2930325473068074,-0.08917522970658057
0.796045538174988,-0.010491262304009746,0.29178362845526856,0.6459162275964357,0.05933586219888441,0.6642913940098976,-0.9245850328554475,-0.04131864462033264,-0.2133206574735722,0.018158653004791848,0.40066833485404707,0.03653992981090735,-0.18288783457261298,0.5436217721489844,-0.33515518741426586,0.5798913327361717,0.8500316963798474,-0.11760737698731764,0.41240102936299855,0.0407501468880384,0.21726795246676614,-0.32111847549421396,0.014777948765878757,-0.0036021931310831774,0.7941929961610051,0.3505236905524931,0.12651440268342942,0.5557646030559893,-0.22809653116298853,-0.4421852218443018,0.7408320722496379,0.5327854167153885,0.43143723004728746,-0.26620537596843685,0.6517414792763703,0.6869992704861767,0.3199225864734165,0.04319470443126824,0.08263411389512619,0.200902700539935,0.3871422120995492,-0.3280841104557515,-0.16477519195235027,-0.5766158774578967,-0.47835672248099187,0.4162474548341373,-0.717422252119831,-0.0586838638448134,0.06467101276721723,-0.3542315254311253,-0.4501714053046201,0.006778606472324995,0.6913892344468082,-0.16076602702047413,0.42750927803417527,-0.00893035743654319
0.11470186155020266,0.17157947197618714,-0.08766005027392154,0.2076629220988693,-0.33159801721099363,0.06966978197400459,0.5658399207593764,-0.6645093071305805,-0.3081924808508042,-0.3851958531666568,-0.3456873203510281,-0.10728356323083826,-0.2648435463296783,0.22364722182769883,-0.0020243818515420582,0.03164970742934434,-0.11760737698731764,0.5009892381913931,0.42138639191304084,-0.7466239510619379,-0.052481010390417686,0.5171171563618678,0.13772264039864518,0.3299024332424645,-0.07989140948133101,0.07669302399108524,-0.35285804450385266,-0.2964266306429021,0.2729738430754622,0.1308756964746125,-0.21006335506901475,-0.7753673473271392,-0.1655672933628256,-0.3345128169285252,-0.10503805088307211,0.3961681859978434,0.38470636809125536,0.18094728366762605,0.4280988897279849,0.28964996365012646,0.355869593176389,-0.49984828586289537,0.8480595308492264,0.40585429873332485,0.09472178362651228,-0.4660777457810681,-0.27937390648794574,-0.42128149721098884,0.07942658321496139,0.017164138381872772,0.0076338168261169065,0.16765387183666702,-0.21970753691265052,0.1535382221832056,-0.01445623321633095,-0.4292521806494047
0.2725641341277783,0.8188062595559478,0.4213818372536508,0.27549267526055915,0.6622567394450195,0.6060367133274961,0.22896793261139242,0.5262472143191913,-1.082236486605027,-1.577633831331304,-1.2060952036819603,-0.7612917989298349,-0.22010899087357444,0.7559424966477244,0.560549608494161,0.3458353808328242,0.41240102936299855,0.42138639191304084,2.4423105168638375,0.2293147360142108,1.4745534358959584,-0.1790554591997873,-0.8942776215633184,-0.32515832955688173,-0.34771474385745227,0.08654093531460284,-0.5960058833088802,-0.6358519326127198,0.15453698048886652,0.46598972230310853,1.1273131219542412,0.6116199797660544,0.005828675421637108,-1.4345734490278743,0.8638611721016417,1.658381563966422,-0.39604090827261484,0.21900378874177082,0.2811078364617871,-0.0488933418734022,0.16339943861567557,-0.2345834341427894,0.883575419612668,-1.4411165503246175,0.25239586613273635,-1.359283144209081,-0.6607402142023869,-0.8118936142302028,0.4461004922292638,-0.6626844593312561,0.32155059518643403,0.6392301368349049,0.12466278009224321,0.7193585387507536,1.5703136112196445,-1.0458343280466873
-0.855949903572109,-0.11051435420301586,0.24191753629143933,-0.48573919359055895,1.3010836977707851,-0.6231488183471323,-1.2868049730523619,1.2288120371860904,0.7241940275844018,-0.4942217024349517,-0.08411521170719413,-0.3303266451414266,0.5499288114959926,-0.2246581588233223,0.5648878106965943,-0.2582206183607578,0.0407501468880384,-0.7466239510619379,0.2293147360142108,2.243454930848051,0.22862278257473342,-1.3195796254419563,-0.6079959645984975,-0.457395897815283,-0.3694000461650542,-0.4187480298766822,1.0010228531614,-0.4394664444146245,-0.22791963426767944,-0.13489381756676222,0.7639668105641398,2.2428067234798297,0.5253842808386308,0.1919780316874724,0.16173658188499307,-0.3699698099230793,-1.3526702270476312,-0.7340702663313928,-0.6954086229043609,-0.9034777147558394,-1.594118597137077,0.731698065825163,-1.406230153202692,-1.5858530103237571,-0.08755006074201552,0.4906355195749736,1.4697911519560705,0.48236650123158453,0.5860781271735858,-0.1902694041686822,0.1673899562398935,-0.4411617897164128,0.1619323971913142,0.26578747260226177,0.35874168454755945,0.6649112653043417
-0.017483551079089592,0.49390924712857454,0.20950610433878739,-0.7694712419211495,0.06493120223862836,0.9052438731469922,-0.13484072586242984,1.058526362606386,-1.0187657910997505,-0.6166911851586303,-0.8344925468676715,-0.4080464116821118,-0.17586883807133613,0.06775848362831474,0.16533052361603512,0.09316190954157079,0.21726795246676614,-0.052481010390417686,1.4745534358959584,0.22862278257473342,1.953347863314598,0.15324691638941648,-0.9201713715007863,-1.0063158068448927,-0.19175087169697108,0.06328432312967075,-0.8399996071605432,-0.36106836552106486,-0.47341354910759115,0.6481785804720808,1.0654251129274328,0.25742469628214804,-0.3092877614042592,-0.8420454038704253,1.1117934705173158,1.4477027233512139,-0.5615470641494096,0.38528289012337213,-0.18993737675148034,-0.5555373617209348,0.8260805508559713,0.4731183626804227,0.21127392217695387,-1.124578474392982,0.5911552114301653,-1.909802009093759,-1.3297837546592113,-0.46349944905341095,0.12049152801619446,-0.8886921248255473,0.6885921841955692,0.49840833916082755,0.041954671828241065,0.7331874294561546,1.4695787478918938,-0.9266840553659165
-0.13021967274140736,-0.13399534083598835,-0.4027307581122567,-0.5797902600563298,-1.280387017332286,0.37298679363551956,0.23806900358236552,-1.107157804726012,-0.3192029306161838,0.08101934103489347,-0.18941065172563704,0.13476074781366898,-0.5506836274293652,-0.16338535755326178,-0.5019878175605275,-0.16326514394167585,-0.32111847549421396,0.5171171563618678,-0.1790554591997873,-1.3195796254419563,0.15324691638941648,1.2990034385567288,0.3863932380868496,0.15026393392921158,0.20748752552422373,0.14113386976489276,-0.6689358164458745,-0.4395399678935442,-0.11167188147332649,0.2176566397911008,-0.3549296751253324,-1.7163762094784571,-0.4305039336586501,0.010364080785872169,0.07145527541496592,0.6811930652187017,0.6288480472520379,0.3499345605093922,0.4458128817651385,-0.012273527641715706,1.2321909484134956,-0.5201291135969258,0.9130193464008495,1.0376314032442877,0.3575055346000252,-1.3083738822980127,-1.0542455285927865,-0.5052262743264169,0.09380387432287228,-0.27523355359107826,0.2312483489823178,-0.04648523513299681,-0.4491973680779134,0.3708703548335533,-0.26041004166169224,-0.6039750709990318
0.13743894065471673,-0.4159973171502763,-0.22550766339301426,0.23895039564885762,-0.6395566060471557,-0.10639558204976235,-0.3205335714021272,-1.0614625184067352,0.4290684314248807,0.47355239277554545,0.584244222107406,0.3354229543180635,-0.20378200515227385,-0.011533471384204273,-0.4867279931260462,0.03173030570051304,0.014777948765878757,0.13772264039864518,-0.8942776215633184,-0.6079959645984975,-0.9201713715007863,0.3863932380868496,0.6980735573393673,0.5589459410119278,0.5177222760935045,0.13200415961760423,0.2621516409347957,0.18392359579964487,0.041615195499903807,-0.43576719668657626,-0.4654165364176356,-0.6834266985044698,0.13958448022116846,0.48533668005992464,-0.3245830845563066,-0.2855468370050313,0.6463128102243646,-0.07843460053146432,0.26514389638686925,0.25908525300800894,0.2371810561105475,-0.5404781681043563,0.08841767082575777,0.8783602786044676,-0.3193535812200276,0.5859446054750055,0.015468294842173937,0.06691119329682374,0.026026046101708295,0.1988693034896873,-0.4059200200146316,-0.3773450595736207,0.012243155247872046,-0.27279286255609503,-0.8220324214267112,0.30198256545851637
0.15265267664052215,-0.17214715414320755,-0.10608750542556031,0.6253933597151271,-0.19359629498623748,-0.3317016289938095,0.056778210679902255,-1.0491261124922753,0.3519716421619937,-0.061591871332394146,0.2522050350351708,0.09910483789165586,-0.13445789680956324,0.2435923388683057,-0.13963783527807722,0.07239585259473813,-0.0036021931310831774,0.3299024332424645,-0.32515832955688173,-0.457395897815283,-1.0063158068448927,0.15026393392921158,0.5589459410119278,0.7642265824062315,0.22207026851174977,0.0650366044727626,0.3261686234497404,-0.02510194680440448,0.3684113467288284,-0.38022177704675325,-0.44713737237958895,-0.4023798811850183,0.21063438190698716,0.1506662094508376,-0.47841697366182273,-0.26714547129557126,0.5369634708155152,-0.15321201300571052,0.40499860537811677,0.43140169222431124,-0.2166003038740162,-0.6957999285657017,0.3776267835029108,0.6114894195905839,-0.3632534924689758,0.7347386370145371,0.46246237983649985,-0.07720544243577858,0.1446747210860524,0.33673388152184913,-0.4472819505943136,-0.22756659183613187,-0.028896519928786602,-0.22994887849550827,-0.6676281761584791,0.21279163597696016
0.6371244027709752,-0.45643156304099425,0.011004308414858967,0.30914692915631453,-0.7217786007372428,0.7197040369254373,-1.586654369392591,-0.8892629358612987,0.1315377877433975,0.4089893538131082,0.8118033516192023,0.30592919571173477,-0.4483691740488755,0.34898708822636976,-0.8647265593614901,0.4817247373729617,0.7941929961610051,-0.07989140948133101,-0.34771474385745227,-0.3694000461650542,-0.19175087169697108,0.20748752552422373,0.5177222760935045,0.22207026851174977,1.2803794048635013,0.43131769373874285,0.25826233821782063,0.4636140266772485,-0.44889138609641016,-0.7128750429760341,0.5446771072739298,-0.11654773549819299,0.4796889940049471,0.20186758670894123,0.624813357216759,0.7560304517560846,0.7026626755583473,-0.024786988250148665,0.2173239613467327,0.06074735051332122,0.8414973832917056,-0.6761015427719953,-0.2014755964197202,0.06444575830762848,-0.5647324390138897,0.3108121317421911,-0.9857348684812787,-0.06443047020962184,0.252946173597695,-0.4813646570537405,-0.5766319358333083,-0.4333334197878328,0.6056640241793099,-0.1180799929835807,-0.13995323685359623,0.1269002626929571
0.48835778539512714,-0.006271913745830658,0.06445535723886046,0.3194843746130067,-0.26570886312839326,0.4198088934519694,-0.18969192762185083,-0.25615588946739515,-0.22066257568072292,0.14054483016905295,0.20839907056436605,0.09578530088269203,-0.19142351406103184,0.24792847782132454,-0.28030688008924914,0.28688623237681865,0.3505236905524931,0.07669302399108524,0.08654093531460284,-0.4187480298766822,0.06328432312967075,0.14113386976489276,0.13200415961760423,0.0650366044727626,0.43131769373874285,0.2319789653267592,-0.14293027968850586,0.32425970642132523,-0.08527203614330774,-0.16401901395119836,0.17197262150825002,-0.22669510226847173,0.07597970726410598,-0.1210682259294372,0.2632268147457131,0.3700789509854479,0.39720256242142626,0.16227144507052202,0.1555891452603424,0.23233551097931227,0.5088909592711695,-0.26615121295725125,0.17382780441308182,0.07679875361898736,-0.17746713932122243,0.05274392774758461,-0.6240963703590497,-0.10864896341548463,-0.08539741511393652,-0.13348336340526654,-0.21336466684167238,0.0694390380949658,0.2608468130897545,-0.11235887478418127,0.10223385677892122,-0.126849765331578
-0.3446516954183911,-0.43317309691115446,0.012013265830128253,0.13499413355346154,0.42599081587005266,-0.5700098428489011,-1.165578525644547,-0.200951458897055,0.9213814746960922,0.02853795166926976,0.518214430480823,0.06405570973371418,0.20596035098177803,-0.039884803718465034,-0.02439341991598694,-0.06963793476069217,0.12651440268342942,-0.35285804450385266,-0.5960058833088802,1.0010228531614,-0.8399996071605432,-0.6689358164458745,0.2621516409347957,0.3261686234497404,0.25826233821782063,-0.14293027968850586,1.021330241216151,-0.06718830785371731,-0.02462224184727077,-0.5828100677354839,0.10042155876279141,1.0278504796223091,0.5803123401955991,0.5293720632205748,-0.2384238610611279,-0.5585871423503305,-0.27481984285196,-0.6135173439987158,-0.17858281392428715,-0.25892736329581195,-1.0073171028137533,-0.09998007563115847,-0.8531609970139851,-0.32540787355529777,-0.4717862582434664,1.1329930907306007,1.1497096004452836,0.39450102924041724,0.43619268054661925,0.1238990093692279,-0.38094735448334066,-0.6406640351125034,0.19923816253448073,-0.1494099809631305,-0.53409448699816,0.7881315489273042
1.1734243691137791,0.04360947596324011,0.27324838114548816,1.031577608543163,0.1545043227757024,0.3866933460725822,0.49657539309748877,0.5050118363702036,-0.18701819588070195,1.0792539838389126,0.8363786740449781,0.43289314802311385,0.2210831249401198,0.22059861582583554,-0.23122522112532215,0.5317136055791215,0.5557646030559893,-0.2964266306429021,-0.6358519326127198,-0.4394664444146245,-0.36106836552106486,-0.4395399678935442,0.18392359579964487,-0.02510194680440448,0.4636140266772485,0.32425970642132523,-0.06718830785371731,1.5043415788903196,0.006448772304176815,-0.29599835821930776,-0.22150317656752347,0.08220194674128746,0.06743851933822578,0.1730930069370127,-0.05891865100653047,-0.7098039123894841,0.576308716448512,0.32279317982078504,-0.16041656629354648,0.7955503132462955,0.290447244914295,0.25903754145132957,-0.35657351743339216,0.3015279822095705,-0.4588034316979434,1.4558061502398199,-0.46487053238250187,0.491132186301342,-0.948542188042786,0.46823828933718825,-0.5279563600703098,0.3808044197859591,0.6571967776079368,-0.9650005593452855,-0.11415111120990823,0.3813644538908142
0.09895723760910574,0.24741786359976695,0.041011680754970754,0.5589955748780474,0.352569589277668,-0.4181261291030604,1.0326442856029878,-0.08997311769624085,-0.0341607462124597,-0.22336860438769385,-0.2249489611868651,-0.09406100782125026,0.15163636154263144,0.15021016672179627,0.37127381306101864,-0.02345569188294879,-0.22809653116298853,0.2729738430754622,0.15453698048886652,-0.22791963426767944,-0.47341354910759115,-0.11167188147332649,0.041615195499903807,0.3684113467288284,-0.44889138609641016,-0.08527203614330774,-0.02462224184727077,0.006448772304176815,0.515927173522153,0.10756964369331995,-0.494646362874662,-0.14533372992892007,-0.09511915896137797,-0.16899239313397993,-0.5488789663085393,-0.5000766524597089,0.10404004867608335,0.024272629759293934,0.18107008713046954,0.4588232408637278,-0.47286393654948033,-0.11478996675964954,0.4315767827181365,0.2776261900650545,-0.02692725146511028,0.4833221445419584,0.6083126781565561,-0.029534495587980162,-0.19672779256864845,0.5004622352957047,-0.08897092286274075,0.25462431852195244,-0.16703666744197396,-0.2230189254558005,-0.1965787063369782,0.010018492154038671
-0.27530898561797224,0.3780836773764474,-0.026511130420091903,-0.4321447951684272,0.11922316221612639,-0.03477536374487009,1.0608874142563345,0.6014397848404568,-0.4698749679804861,-0.23730926379193687,-0.6575935032659915,-0.19784866516501518,0.1048884019726046,-0.2189270591522528,0.398842315259473,-0.245494751129043,-0.4421852218443018,0.1308756964746125,0.46598972230310853,-0.13489381756676222,0.6481785804720808,0.2176566397911008,-0.43576719668657626,-0.38022177704675325,-0.7128750429760341,-0.16401901395119836,-0.5828100677354839,-0.29599835821930776,0.10756964369331995,0.6343157745561542,-0.17150904922285698,-0.32501149700092896,-0.49082262748809063,-0.31857241538822656,-0.06447727037014878,0.02089669331405542,-0.3332711064336698,0.26206659234402085,-0.08939422972401764,-0.09074988018774194,0.09762594575662335,0.44268386912174035,0.3753084235381564,-0.014687567603346333,0.5468317230933538,-0.8804240457274796,-0.12111140228909408,-0.1550928141198487,-0.22820828432178686,0.0369088790749737,0.5368584159797487,0.4371885927971595,-0.3948016933887592,0.24367226533121644,0.3968510404475682,-0.4429886873011279
0.15129693866901522,0.06570900695253991,0.29277865457803176,-0.1655001762849235,0.23145140404896497,0.7243677767340052,-1.559475949954989,0.35062422975223395,-0.30091767210756903,-0.6497693729316777,-0.16019720062164483,-0.3066442530608841,-0.23095948871007838,0.41003070506719147,-0.13425425766310964,0.35346882565065735,0.7408320722496379,-0.21006335506901475,1.1273131219542412,0.7639668105641398,1.0654251129274328,-0.3549296751253324,-0.4654165364176356,-0.44713737237958895,0.5446771072739298,0.17197262150825002,0.10042155876279141,-0.22150317656752347,-0.494646362874662,-0.17150904922285698,1.3726564909751213,1.0508721231261497,0.4286321203565064,-0.5248846554544954,1.1224545150347895,1.3942248048610892,-0.3615058034454118,-0.1142220988916254,-0.08120090219317018,-0.5224153360237895,0.2732328416590443,-0.11628703569749554,-0.3095216959572433,-1.3924453821516338,-0.13373147457240087,-0.6962357101615231,-0.7337216416815914,-0.2858193799967466,0.6099896763044103,-0.9134122778765593,0.010908512085954059,-0.11224047881466878,0.5063986233172452,0.5184424386937827,1.018626521619378,-0.3048446778502694
-0.19524457626827021,0.06984486368155536,0.5196467144441401,0.2573417988201231,1.648471318243581,-0.34317301990501947,-1.2773005640039468,1.440751386124248,0.49040991710891996,-0.5135712272081773,0.07895824301273917,-0.3495843529037882,0.5836923051900101,0.20190548857234525,0.5869880653984121,0.15054730841692915,0.5327854167153885,-0.7753673473271392,0.6116199797660544,2.2428067234798297,0.25742469628214804,-1.7163762094784571,-0.6834266985044698,-0.4023798811850183,-0.11654773549819299,-0.22669510226847173,1.0278504796223091,0.08220194674128746,-0.14533372992892007,-0.32501149700092896,1.0508721231261497,2.666334743683482,0.7382350752893627,-0.09931991659022459,0.36044321832697973,-0.23943102998355242,-1.161184312297297,-0.6480519666645742,-0.6451889485683224,-0.5192364234787187,-1.5952989693990454,0.6251831260265447,-1.403800772698424,-1.943086190737994,-0.40284628784623877,1.0797913551750702,1.2605853946044465,0.5024072027490938,0.40267490809344125,-0.14926722911931575,-0.1497047498047897,-0.2095196466513399,0.6026821008808894,-0.021888067540752176,0.6599012611874481,0.6790579871870158
0.11792988731048655,-0.2176875446899869,0.12165273673634776,0.3278991054948718,0.2191244439877907,-0.0027594329823880594,-1.0706736624966149,-0.24051717687685648,0.368292648055853,-0.1282639456516018,0.356781779462827,-0.004580100432841712,-0.028307946114797373,0.2595866229547308,-0.1526533966679568,0.2088835839566117,0.43143723004728746,-0.1655672933628256,0.005828675421637108,0.5253842808386308,-0.3092877614042592,-0.4305039336586501,0.13958448022116846,0.21063438190698716,0.4796889940049471,0.07597970726410598,0.5803123401955991,0.06743851933822578,-0.09511915896137797,-0.49082262748809063,0.4286321203565064,0.7382350752893627,0.5053486608461188,0.09048809980970325,0.19439202849324563,0.15691775567016883,-0.00464023494728313,-0.3192650921953413,0.006927884277277944,-0.08035985253012623,-0.34311613129561364,-0.2957383025818887,-0.4136562013510783,-0.4593590736873298,-0.44018499884079587,0.6310082604278342,0.27603403287281814,0.08886334580255234,0.36570347464767855,-0.15313946447996096,-0.37946846539073553,-0.3540044443289441,0.36982976049543265,-0.0523275838609124,-0.055145204269684715,0.3341905930043663
-0.39574035715008377,-0.5658114788840248,-0.26611340135262157,-0.3629264580821483,-0.3160977621644274,-0.4527147696336693,-0.5051697400904207,-0.28629883591184824,0.8031106671995122,0.8094407130963969,0.6898631780388971,0.3965585412444603,0.14822433404793897,-0.5099883248874643,-0.3097816098231,-0.2864367764903168,-0.26620537596843685,-0.3345128169285252,-1.4345734490278743,0.1919780316874724,-0.8420454038704253,0.010364080785872169,0.48533668005992464,0.1506662094508376,0.20186758670894123,-0.1210682259294372,0.5293720632205748,0.1730930069370127,-0.16899239313397993,-0.31857241538822656,-0.5248846554544954,-0.09931991659022459,0.09048809980970325,0.9134949177386317,-0.4548703728850782,-0.9282447958428867,0.036428545407994416,-0.2772956290483669,-0.23645617483671494,-0.19919617083337746,-0.2835923641993109,0.16810572575806007,-0.7134199995110603,0.6462725421609077,-0.14531761029357101,0.7310086546312774,0.5867479158694261,0.5022179492355378,-0.05634041362786633,0.2833458505880507,-0.14500812484503203,-0.5399821474852985,-0.09790162017660065,-0.29008914171454525,-0.9199103133933688,0.6976474918489813
0.29607612517529636,0.04404658169239345,0.17899750066770365,-0.2723414147613026,-0.22592312175478932,0.9282560482912621,-1.214419604248495,0.16654809390126327,-0.49025475594448453,-0.3189933585923329,-0.08908325585589992,-0.1506019516780082,-0.35236229475743086,0.30556353695345895,-0.3387997467131205,0.34807590863356674,0.6517414792763703,-0.10503805088307211,0.8638611721016417,0.16173658188499307,1.1117934705173158,0.07145527541496592,-0.3245830845563066,-0.47841697366182273,0.624813357216759,0.2632268147457131,-0.2384238610611279,-0.05891865100653047,-0.5488789663085393,-0.06447727037014878,1.1224545150347895,0.36044321832697973,0.19439202849324563,-0.4548703728850782,1.1024819073116527,1.4131194497098813,-0.05489003448220579,0.12488086539223199,-0.002394214989571981,-0.3858245700918086,0.8188608154080875,-0.13343943033105712,-0.06164287751509667,-0.8868246333737748,-0.011927082491781003,-0.9609082835336407,-1.2392710515087852,-0.3380807681500559,0.36516405823210957,-0.8872615109295083,0.0690142315579767,-0.0032950716618867838,0.41734411827646306,0.45136626155073223,0.9009233902382168,-0.46522858218521806
