V1,V2,V3,V4,V5,V6,V7,V8,V9,V10,V11,V12,V13,V14,V15,V16,V17,V18,V19,V20,V21,V22,V23,V24,V25,V26,V27,V28,V29,V30,V31,V32,V33,V34,V35,V36,V37,V38,V39,V40,V41,V42,V43,V44,V45,V46,V47,V48,V49,V50,V51,V52,V53,V54,V55,V56
155717346.8763877,-95599373.61963551,7724702.115904831,94963440.75180614,-137885880.0154813,143287630.12811324,-306999788.2477602,-172679543.16712838,33755493.87239136,114637914.5665393,192341668.392994,75686634.60469954,-80910719.5996545,74288456.55244005,-179354171.53605697,108529665.5614181,171247963.37796393,-25027874.216197275,-100362653.03498286,-81782696.12110883,-66906256.029566675,25289680.735813506,116180349.06511283,52849936.11855872,269348416.5336935,92992370.84706607,61116358.860688075,134042201.65206993,-85536692.69146125,-157311553.81879652,94569351.44921584,-18031911.160154093,102305801.51774488,53929028.03427879,112769514.85072343,117531784.67335656,157733623.68084127,-2480288.027844844,39523590.38655444,35899187.4326163,163498208.0020386,-131653451.77073263,-55314374.436082385,27959485.699740298,-131120798.86199567,120307267.03808676,-192080863.21979183,5674408.05177942,26579748.090501454,-75857402.67256595,-135608542.15679544,-83208679.5531292,138188913.97885832,-55198746.192902744,-44947396.071868606,46345399.72237182
-95599373.61963551,58691215.58395402,-4742417.069060032,-58300797.02155986,84652122.97593883,-87968412.29162389,188476032.3893703,106012955.1770048,-20723471.72615293,-70379525.93429223,-118084101.9960397,-46466209.81315496,49673425.63580745,-45607828.396452926,110110702.54644188,-66629494.55279934,-105134068.30893385,15365334.001935117,61615529.94399223,50208757.85173288,41075681.70091387,-15526065.64268796,-71326469.39214724,-32446101.028352145,-165360767.9835468,-57090700.61793496,-37521096.79323729,-82292376.62083559,52513445.05192561,96578104.33392519,-58058854.47918309,11070311.634390105,-62808485.089091145,-33108587.39877704,-69232460.16565557,-72156155.32456593,-96837224.59755428,1522720.1132170935,-24264672.032828037,-22039547.835657768,-100376268.41006094,80825854.66754654,33959091.37873138,-17165134.559660845,80498843.15177616,-73860104.51043053,117923986.09363495,-3483683.6401014384,-16318075.477954471,46571048.95972209,83253998.30427177,51084210.58175577,-84838161.90214531,33888103.67305418,27594504.14832889,-28452778.76289121
7724702.115904831,-4742417.069060032,383201.16660296515,4710870.817186201,-6840132.03053213,7108098.324394207,-15229400.051961184,-8566149.391847638,1674515.770366646,5686865.512734688,9541532.079548799,3754602.082824839,-4013754.748626695,3685242.1661201688,-8897258.8335561,5383852.965725356,8495132.03731881,-1241563.0369853089,-4978710.207919539,-4057010.678555539,-3319032.216815583,1254549.9154853532,5763382.276671254,2621737.6067838557,13361621.119043697,4613091.363838588,3031811.5860372554,6649458.625286706,-4243235.76781237,-7803785.670659497,4691321.008837226,-894512.133674304,5075104.306889874,2675267.9285224616,5594180.16368509,5830422.911266253,7824723.699261851,-123040.32131188193,1960655.263113814,1780858.0008916247,8110689.086085784,-6530959.131984526,-2743991.1979397987,1386992.2410772908,-6504536.00227271,5968106.569276491,-9528594.309191957,281491.08683822135,1318546.443327314,-3763073.593451606,-6727160.384960344,-4127749.5542429113,6855166.052439114,-2738255.3075051755,-2229714.37078876,2299065.5387053257
94963440.75180614,-58300797.02155986,4710870.817186201,57912976.7902017,-84089010.11736648,87383240.46065478,-187222276.5948671,-105307750.71193734,20585618.10156357,69911355.33329259,117298598.86442454,46157113.30085067,-49342995.339485,45304441.64369573,-109378239.23030359,66186270.66823992,104434709.12013763,-15263123.19221733,-61205658.84740871,-49874765.699244164,-40802443.62318367,15422784.423512852,70852001.38057105,32230267.70724094,164260776.8986171,56710929.587901734,37271504.06557696,81744962.38352469,-52164121.71194018,-95935659.77919444,57672643.413494356,-10996670.070520865,62390678.494391106,32888346.324829254,68771921.43294008,71676167.76220268,96193056.8910893,-1512591.2171060527,24103262.816088036,21892938.88162206,99708559.6015532,-80288195.33320752,-33733192.984640904,17050951.500068184,-79963359.66132513,73368781.66233982,-117139548.14965186,3460509.1522082053,16209525.71526647,-46261255.46922518,-82700187.31873325,-50744394.6155379,84273814.15340962,-33662677.67394119,-27410943.249244794,28263508.863161437
-137885880.0154813,84652122.97593883,-6840132.03053213,-84089010.11736648,122096328.35042611,-126879512.85862985,271844706.0633423,152905704.97622624,-29890092.646902952,-101510528.14823483,-170316286.7744449,-67019625.75972611,71645490.36880179,-65781556.151856095,158816010.53792682,-96101743.66664092,-151638059.91581866,22161887.833358448,88869950.4142718,72417616.47585548,59244703.27906339,-22393716.23911956,-102876333.09571855,-46797996.91111908,-238504858.08743253,-82343651.44907893,-54117817.46742896,-118692794.18449208,75741736.84052956,139297533.275422,-83740049.08627608,15967046.989932405,-90590585.72214147,-47753521.33605478,-99856079.97989589,-104073014.33513439,-139671270.22658083,2196265.3910941132,-34997673.2478781,-31788309.30681268,-144775740.46127316,116577585.10577574,48980228.961795256,-24757794.88593467,116105926.35547559,-106530672.11170821,170085346.7265979,-5024622.886773517,-23536056.017665785,67170838.32610483,120079770.3212174,73680308.55133508,-122364657.3504554,48877841.207226634,39800391.56689016,-41038307.014847346
143287630.12811324,-87968412.29162389,7108098.324394207,87383240.46065478,-126879512.85862985,131850082.2830398,-282494360.12782747,-158895864.66526076,31061052.56277338,105487253.44168696,176988514.2436024,69645153.54580446,-74452239.61595452,68358581.61737263,-165037709.07641053,99866578.34404744,157578557.72305435,-23030091.515262518,-92351475.51941286,-75254613.35064633,-61565644.810672075,23271000.66961163,106906566.28750035,48631332.58877472,247848407.10081646,85569506.04341587,56237910.62642069,123342644.98297232,-78708957.5317674,-144754584.4650711,87020608.4354103,-16592563.064495808,94139517.6404413,49624289.30720527,103767992.96113266,108150127.63116209,145142963.33456162,-2282305.556609674,36368725.96868791,33033632.06960947,150447404.7046371,-121144570.97067915,-50899054.10499022,25727694.75102442,-120654435.31696941,110704064.88402624,-176748527.09100226,5221464.219695273,24458092.097177316,-69802290.35633118,-124783956.62684321,-76566771.74986255,127158356.52600749,-50792655.45096173,-41359591.76383001,42646003.46816616
-306999788.2477602,188476032.3893703,-15229400.051961184,-187222276.5948671,271844706.0633423,-282494360.12782747,605256076.9815915,340441088.3980684,-66549614.37270363,-226010888.37878335,-379205353.3014764,-149217677.67350787,159517061.804043,-146461143.59154004,353600249.21332985,-213968354.58946112,-337618703.7858414,49342941.71853121,197866929.71543142,161236181.67999148,131906989.42914177,-49859100.31842227,-229051824.9968984,-104194680.16752635,-531025661.56013376,-183336274.21334293,-120492094.49801098,-264266816.83258665,168637260.05508748,310142800.4409806,-186445322.37388715,35550266.262412205,-201697885.81549013,-106322132.12154624,-222327299.716721,-231716208.20664608,-310974918.04396415,4889935.706397793,-77921528.03826763,-70775949.70540187,-322339906.64113885,259557351.02772403,109053369.45906575,-55122669.91699008,258507214.38746634,-237188126.6964947,378691170.66284883,-11187207.690453038,-52402494.13551389,149554349.8306308,267354887.87870514,164047536.70521137,-272442139.02405125,108825405.7157328,88614669.10272321,-91370860.4120045
-172679543.16712838,106012955.1770048,-8566149.391847638,-105307750.71193734,152905704.97622624,-158895864.66526076,340441088.3980684,191489421.69415286,-37432459.62425936,-127125352.74827547,-213293329.93582565,-83931133.90192465,89724275.61707401,-82380652.47752026,198891113.09367982,-120351735.9855512,-189901899.67352828,27754145.639975615,111295096.30105655,90691235.86643907,74194314.1215249,-28044470.227351163,-128835804.46842805,-58606847.74730955,-298688376.0302273,-103121973.43968855,-67773726.69152877,-148643337.49663076,94854152.60482383,174447405.54543304,-104870733.3324364,19996116.241916362,-113449909.98739964,-59803484.37047367,-125053429.63943225,-130334450.39581075,-174915451.7545695,2750464.4095462556,-43828871.659003936,-39809663.84668419,-181307969.4067125,145994382.08751875,61339735.56468872,-31005096.43659339,145403707.90232164,-133412264.2039142,213004115.44681406,-6292517.512862736,-29475063.258851793,84120503.57613093,150380298.38250092,92272550.40025428,-153241749.1558531,61211512.14538053,49843488.77850412,-51393775.9888324
33755493.87239136,-20723471.72615293,1674515.770366646,20585618.10156357,-29890092.646902952,31061052.56277338,-66549614.37270363,-37432459.62425936,7317318.273105798,24850534.95568219,41694699.666731775,16406905.070709324,-17539351.807724915,16103815.866136063,-38879346.32139402,23526424.672734097,37122129.51243326,-5425396.04043374,-21756027.819964796,-17728373.64139041,-14503546.139554193,5482148.66278459,25184895.36613772,11456499.479545787,58387770.940029025,20158341.132322267,13248446.029958911,29056882.894663952,-18542142.79600005,-34101076.35446433,20500189.63097348,-3908851.9064802965,22177251.773136012,11690418.58324633,24445514.444876995,25477851.254597645,34192570.489028804,-537662.3797202832,8567692.608285068,7782015.261289642,35442183.6782374,-28539063.435687028,-11990725.799679471,6060893.932898899,-28423598.237918958,26079503.936456863,-41638163.872497655,1230064.6816430145,5761801.6090879785,-16443923.171318632,-29396424.93971857,-18037489.749979895,29955783.20774502,-11965660.668391803,-9743433.104487311,10046484.096353723
114637914.5665393,-70379525.93429223,5686865.512734688,69911355.33329259,-101510528.14823483,105487253.44168696,-226010888.37878335,-127125352.74827547,24850534.95568219,84395554.47251643,141600459.31695706,55719919.55938062,-59565849.61299963,54690592.2128456,-132039163.46443757,79898706.75254865,126071436.63639961,-18425328.20630646,-73886215.18277538,-60207793.132026315,-49255871.845199935,18618069.89265774,85531080.3410037,38907716.78366235,198292236.83540556,68460269.34867732,44993394.088338986,98680839.58848976,-62971457.082017295,-115811559.15467177,69621230.21278174,-13274956.055319298,75316746.3318197,39702137.13322693,83020050.85696992,86525997.71391729,116122282.83343028,-1825968.5140231207,29096962.290328644,26428706.852135938,120366124.17258519,-96922261.09990369,-40722018.19847913,20583557.627154484,-96530125.29336283,88569287.25059178,-141408456.42421502,4177456.8329664376,19567807.858803093,-55845637.17097635,-99833967.46815337,-61257591.67029149,101733615.5733876,-40636893.281795554,-33089928.432483427,34119127.64521196
192341668.392994,-118084101.9960397,9541532.079548799,117298598.86442454,-170316286.7744449,176988514.2436024,-379205353.3014764,-213293329.93582565,41694699.666731775,141600459.31695706,237579936.85495582,93487937.59495492,-99940713.7662762,91760911.50205298,-221537813.9160288,134055565.25169161,211525046.3378745,-30914366.130420823,-123967692.66658741,-101017777.23074442,-82642436.35150412,31237749.27779055,143505669.98548022,65280105.83466847,332698475.22969043,114863938.58356574,75490770.0713048,165568584.61917943,-105654704.15872301,-194310829.01403505,116811820.81577063,-22272971.01150702,126367864.36508109,66612997.73949171,139292616.1938388,145174959.70909706,194832168.58704808,-3063645.3188795233,48819437.512331784,44342584.56920972,201952568.25955343,-162618006.93077087,-68324173.889275,34535485.31099763,-161960075.28423044,148603228.58753353,-237257790.94639525,7009014.527693659,32831236.982429124,-93698869.67068353,-167503324.3430589,-102779148.27734932,170690592.71293122,-68181350.15004916,-55518908.890498966,57245719.244617656
75686634.60469954,-46466209.81315496,3754602.082824839,46157113.30085067,-67019625.75972611,69645153.54580446,-149217677.67350787,-83931133.90192465,16406905.070709324,55719919.55938062,93487937.59495492,36787594.966913514,-39326768.54215055,36108008.51833712,-87175346.4822974,52750996.091435686,83235312.75144963,-12164833.24733,-48781408.493638985,-39750594.23395167,-32519879.560562477,12292085.075509218,56469621.49392568,25687785.46294345,130917175.58086075,45199072.20092373,29705691.85978548,65151400.029802755,-41575229.546147004,-76461501.44179423,45965565.7066696,-8764436.127913484,49725878.32605732,26212279.91103543,54811780.716113225,57126488.676851936,76666648.99232182,-1205547.3632519844,19210496.245985888,17448850.486806836,79468533.08683936,-63990344.90176299,-26885629.326242726,13589747.200730652,-63731448.05467816,58475515.9344944,-93361172.84802254,2758054.2247742726,12919124.01632004,-36870596.84884682,-65912721.989576936,-40443695.49030667,67166914.98883829,-26829428.014757056,-21846745.07225959,22526246.561329264
-80910719.5996545,49673425.63580745,-4013754.748626695,-49342995.339485,71645490.36880179,-74452239.61595452,159517061.804043,89724275.61707401,-17539351.807724915,-59565849.61299963,-99940713.7662762,-39326768.54215055,42041202.99671563,-38600274.868542984,93192411.72378372,-56392004.29604279,-88980425.95569067,13004481.438167179,52148425.5920977,42494281.66855517,34764484.75023293,-13140515.613752846,-60367299.26866066,-27460822.19494999,-139953412.81328315,-48318827.55835767,-31756054.532393496,-69648315.99983948,44444857.643177055,81739068.80845924,-49138226.416525155,9369379.15076676,-53158084.897322305,-28021518.011235695,-58595029.75197531,-61069504.5344097,-81958376.71469122,1288757.57392392,-20536454.546324093,-18653214.28260853,-84953654.79485938,68407121.39102936,28741343.838962715,-14527746.942320507,68130355.27419443,-62511644.7148345,99805199.46017624,-2948421.5221955823,-13810834.121059641,39415499.663194455,70462186.30095083,43235222.22399775,-71802947.8950393,28681263.537707496,23354662.936707135,-24081065.485056117
74288456.55244005,-45607828.396452926,3685242.1661201688,45304441.64369573,-65781556.151856095,68358581.61737263,-146461143.59154004,-82380652.47752026,16103815.866136063,54690592.2128456,91760911.50205298,36108008.51833712,-38600274.868542984,35440977.24016487,-85564934.19326654,51776514.26464336,81697687.02377936,-11940108.90049735,-47880257.00536879,-39016271.328779615,-31919131.515800968,12065010.48545632,55426443.61233137,25213248.467504285,128498710.55618373,44364098.54812787,29156931.400495417,63947841.99151021,-40807200.28966246,-75049009.89207265,45116432.799440965,-8602528.621247668,48807280.56312448,25728053.967553243,53799229.28537963,56071177.41018482,75250366.92506641,-1183276.8304292075,18855615.228763018,17126514.006909486,78000490.16939749,-62808235.97875441,-26388964.65785709,13338699.111590018,-62554121.38941688,57395283.994633526,-91636488.46329984,2707104.538192154,12680466.828841109,-36189477.17259154,-64695100.06890312,-39696569.351753406,65926123.164593354,-26333801.366142195,-21443164.59513185,22110113.67983127
-179354171.53605697,110110702.54644188,-8897258.8335561,-109378239.23030359,158816010.53792682,-165037709.07641053,353600249.21332985,198891113.09367982,-38879346.32139402,-132039163.46443757,-221537813.9160288,-87175346.4822974,93192411.72378372,-85564934.19326654,206578904.21333528,-125003723.91190757,-197242228.85498172,28826933.84948806,115597015.42921631,94196748.40747312,77062166.6901809,-29128480.878627665,-133815729.0049126,-60872193.775209896,-310233657.8222358,-107107974.6126372,-70393402.6702664,-154388888.0943001,98520575.6892143,181190368.0624145,-108924329.82750522,20769031.788496684,-117835119.9499412,-62115084.58166258,-129887153.26687627,-135372302.86888954,-181676505.45700318,2856778.7165557235,-45523000.29929628,-41348437.64485878,-188316114.3449607,151637542.19537306,63710716.88075333,-32203544.248184487,151024036.27971682,-138569084.4295121,221237420.30738,-6535744.214652737,-30614371.22018576,87372035.82173912,156192988.23708498,95839186.12386847,-159165042.8975893,63577537.11072035,51770102.550483,-53380313.393431745
108529665.5614181,-66629494.55279934,5383852.965725356,66186270.66823992,-96101743.66664092,99866578.34404744,-213968354.58946112,-120351735.9855512,23526424.672734097,79898706.75254865,134055565.25169161,52750996.091435686,-56392004.29604279,51776514.26464336,-125003723.91190757,75641465.69832985,119353974.76511495,-17443572.20201511,-69949337.03420839,-56999742.398515485,-46631372.348769285,17626042.909338478,80973729.96838965,36834598.030027725,187726635.69081384,64812502.41261237,42596012.17258258,93422830.67003313,-59616149.93299365,-109640773.8904045,65911604.06286843,-12567625.769801488,71303645.5032776,37586688.479874045,78596495.51154426,81915634.9130969,109934941.7048998,-1728675.7871839376,27546590.359561168,25020506.292194247,113952659.24845512,-91757954.07971627,-38552227.562455215,19486804.738634765,-91386712.91552928,83850051.43437134,-133873792.92324492,3954868.7815888175,18525176.086835235,-52870015.52122004,-94514516.51409371,-57993604.38691918,96312946.77239282,-38471638.50477198,-31326798.056896556,32301158.794149555
171247963.37796393,-105134068.30893385,8495132.03731881,104434709.12013763,-151638059.91581866,157578557.72305435,-337618703.7858414,-189901899.67352828,37122129.51243326,126071436.63639961,211525046.3378745,83235312.75144963,-88980425.95569067,81697687.02377936,-197242228.85498172,119353974.76511495,188327541.87767422,-27524052.38771805,-110372417.13063419,-89939370.52144638,-73579214.51572934,27811971.56436695,127767705.38929737,58120974.176818706,296212136.123154,102267052.86279194,67211856.77829082,147411027.29456535,-94067776.1062359,-173001171.36226997,104001315.29196188,-19830341.627977017,112509368.19269297,59307690.992938645,124016689.1096785,129253928.8127597,173465335.8304846,-2727661.5711352136,43465511.863186754,39479627.46239146,179804855.1604831,-144784034.0000557,-60831206.229503,30748050.083257705,-144198255.8016894,132306227.03084312,-211238229.42391345,6240351.404605152,29230705.695335988,-83423112.34736529,-149133588.3988521,-91507576.3756007,151971314.62510416,-60704045.427596115,-49430267.28378115,50967702.12148989
-25027874.216197275,15365334.001935117,-1241563.0369853089,-15263123.19221733,22161887.833358448,-23030091.515262518,49342941.71853121,27754145.639975615,-5425396.04043374,-18425328.20630646,-30914366.130420823,-12164833.24733,13004481.438167179,-11940108.90049735,28826933.84948806,-17443572.20201511,-27524052.38771805,4022637.9870523713,16130918.60188645,13144630.780335868,10753595.532182317,-4064716.7800492346,-18673238.691508055,-8494375.16345219,-43291376.078963384,-14946320.353448365,-9823006.626359483,-21544108.087059405,13747996.555994865,25284104.740757555,-15199782.549128095,2898202.2300063227,-16443233.360114962,-8667813.397276793,-18125027.637441605,-18890449.532864626,-25351942.813319016,398647.6516208857,-6352481.149528508,-5769943.592785654,-26278463.622344684,21160172.841317326,8890474.999646224,-4493825.389727027,21074561.739951417,-19336542.38758304,30872447.91028368,-912026.327445041,-4272064.278378549,12192280.228056122,21795860.154337384,13373823.601490328,-22210594.29927179,8871890.596412376,7224228.930333017,-7448924.896860187
-100362653.03498286,61615529.94399223,-4978710.207919539,-61205658.84740871,88869950.4142718,-92351475.51941286,197866929.71543142,111295096.30105655,-21756027.819964796,-73886215.18277538,-123967692.66658741,-48781408.493638985,52148425.5920977,-47880257.00536879,115597015.42921631,-69949337.03420839,-110372417.13063419,16130918.60188645,64685550.216416255,52710430.77671676,43122295.1728249,-16299658.313112838,-74880341.46320197,-34062741.91766331,-173599938.01959822,-59935268.978060275,-39390601.22682041,-86392629.24974449,55129949.49039214,101390148.71888424,-60951661.20473548,11621894.509628635,-65937943.88288776,-34758236.79748441,-72681996.70187375,-75751365.9219686,-101662180.42580958,1598590.4272652587,-25473670.264697406,-23137677.25610517,-105377559.41635616,84853036.65418464,35651117.31159675,-18020395.79693092,84509732.00501963,-77540214.88611381,123799598.9637887,-3657259.1910723043,-17131129.653824843,48891471.22775923,87402163.96613304,53629502.79931958,-89065259.9559558,35576592.78656788,28969412.1321046,-29870450.48217465
-81782696.12110883,50208757.85173288,-4057010.678555539,-49874765.699244164,72417616.47585548,-75254613.35064633,161236181.67999148,90691235.86643907,-17728373.64139041,-60207793.132026315,-101017777.23074442,-39750594.23395167,42494281.66855517,-39016271.328779615,94196748.40747312,-56999742.398515485,-89939370.52144638,13144630.780335868,52710430.77671676,42952243.692839965,35139142.40724888,-13282131.794518417,-61017878.883566916,-27756767.966496825,-141461694.44472328,-48839560.70954566,-32098290.27174553,-70398917.56841777,44923841.264940485,82619973.21206012,-49667790.14871271,9470353.89768564,-53730971.18743819,-28323506.963345155,-59226509.74413104,-61727652.1567985,-82841644.22778842,1302646.3233894047,-20757775.763331782,-18854240.72871676,-85869201.90636925,69144346.92331879,29051090.199918494,-14684312.4167834,68864597.72697432,-63185334.649197385,100880802.42655304,-2980197.2647761167,-13959674.409725275,39840281.35094439,71221558.96580237,43701169.567896724,-72576769.17636007,28990362.287441306,23606356.98717436,-24340587.813803278
-66906256.029566675,41075681.70091387,-3319032.216815583,-40802443.62318367,59244703.27906339,-61565644.810672075,131906989.42914177,74194314.1215249,-14503546.139554193,-49255871.845199935,-82642436.35150412,-32519879.560562477,34764484.75023293,-31919131.515800968,77062166.6901809,-46631372.348769285,-73579214.51572934,10753595.532182317,43122295.1728249,35139142.40724888,28747260.32346549,-10866084.634651361,-49918601.58928335,-22707754.982097436,-115729522.02441467,-39955544.45345546,-26259545.457692817,-57593210.07286553,36752102.326803654,67591230.54444689,-40633117.31813773,7747676.893403051,-43957197.286354594,-23171402.8437259,-48453086.1798178,-50499265.63845016,-67772579.19793254,1065692.3387846816,-16981893.9101952,-15424615.616122678,-70249418.02343827,56566848.35017437,23766637.266135294,-12013205.8858081,56337986.18208491,-51691792.61636506,82530377.55823529,-2438093.1542633898,-11420380.905479468,32593252.491509505,58266211.33036004,35751837.122152686,-59374906.192094535,23716955.906403694,19312312.13913471,-19912984.94128051
25289680.735813506,-15526065.64268796,1254549.9154853532,15422784.423512852,-22393716.23911956,23271000.66961163,-49859100.31842227,-28044470.227351163,5482148.66278459,18618069.89265774,31237749.27779055,12292085.075509218,-13140515.613752846,12065010.48545632,-29128480.878627665,17626042.909338478,27811971.56436695,-4064716.7800492346,-16299658.313112838,-13282131.794518417,-10866084.634651361,4107237.0088221068,18868571.772072136,8583231.25119027,43744230.978403844,15102668.003935825,9925761.291508447,21769472.63337993,-13891809.549944136,-25548592.84009617,15358781.499947822,-2928520.275128951,16615240.288384892,8758484.589924313,18314626.49490654,19088055.470013294,25617139.829630617,-402817.39398331905,6418930.893655671,5830301.282311273,26553351.563023068,-21381521.83305814,-8983475.16576237,4540832.694847882,-21295014.57097022,19538815.264646843,-31195392.473965507,921567.5696167935,4316753.765710906,-12319818.80491964,-22023858.2192456,-13513722.50738738,22442929.381894875,-8964696.135208448,-7299799.1809897,7526845.383593578
116180349.06511283,-71326469.39214724,5763382.276671254,70852001.38057105,-102876333.09571855,106906566.28750035,-229051824.9968984,-128835804.46842805,25184895.36613772,85531080.3410037,143505669.98548022,56469621.49392568,-60367299.26866066,55426443.61233137,-133815729.0049126,80973729.96838965,127767705.38929737,-18673238.691508055,-74880341.46320197,-61017878.883566916,-49918601.58928335,18868571.772072136,86681887.53566347,39431214.04773664,200960224.73866624,69381390.83283591,45598772.61508394,100008573.83232751,-63818726.6790741,-117369782.82519552,70557972.1680943,-13453566.887137806,76330119.39785536,40236322.000135414,84137071.71805982,87690189.96139017,117684688.51952828,-1850537.1589665585,29488458.843523614,26784299.75509408,121985631.84384866,-98226332.82513684,-41269925.571744286,20860507.662388373,-97828921.89516905,89760970.79701784,-143311083.87163925,4233662.400036013,19831087.574633237,-56597031.06580287,-101177216.7167262,-62081801.5043728,103102426.46031101,-41183655.697453946,-33535147.41738571,34578194.54778331
52849936.11855872,-32446101.028352145,2621737.6067838557,32230267.70724094,-46797996.91111908,48631332.58877472,-104194680.16752635,-58606847.74730955,11456499.479545787,38907716.78366235,65280105.83466847,25687785.46294345,-27460822.19494999,25213248.467504285,-60872193.775209896,36834598.030027725,58120974.176818706,-8494375.16345219,-34062741.91766331,-27756767.966496825,-22707754.982097436,8583231.25119027,39431214.04773664,17937087.98478174,91415933.22092639,31561293.290401082,20742683.598176196,45493465.77468372,-29030861.501745727,-53391004.33536918,32096515.09532224,-6119969.009862563,34722239.75468633,18303328.01423576,38273588.45297315,39889886.52131084,53534253.53736789,-841801.3355605117,13414171.847784502,12184061.60571909,55490733.95747874,-44682732.103096,-18773509.850143895,9489354.218145188,-44501951.612550996,40831875.696923636,-65191589.461182095,1925874.6037385496,9021075.605689878,-25745743.583781652,-46025076.373551756,-28240741.787870836,46900845.95754583,-18734266.056223605,-15254992.806458563,15729470.473753339
269348416.5336935,-165360767.9835468,13361621.119043697,164260776.8986171,-238504858.08743253,247848407.10081646,-531025661.56013376,-298688376.0302273,58387770.940029025,198292236.83540556,332698475.22969043,130917175.58086075,-139953412.81328315,128498710.55618373,-310233657.8222358,187726635.69081384,296212136.123154,-43291376.078963384,-173599938.01959822,-141461694.44472328,-115729522.02441467,43744230.978403844,200960224.73866624,91415933.22092639,465899086.6006778,160851365.4462269,105714583.74693377,231856344.4095505,-147955082.11349195,-272105959.7257842,163579110.50353593,-31190275.07509524,176961053.6835414,93282467.87072802,195060414.9479971,203297839.43046412,272836024.40626663,-4290219.509671901,68364999.4259084,62095775.34207761,282807177.43463814,-227724461.1661632,-95678738.04120393,48362261.61279297,-226803116.71705362,208098665.26995364,-332247353.52598643,9815174.693679305,45975694.96179894,-131212557.29378009,-234565685.09592676,-143928256.1547344,239029021.19419426,-95478732.58181703,-77746701.14607446,80164864.87512942
92992370.84706607,-57090700.61793496,4613091.363838588,56710929.587901734,-82343651.44907893,85569506.04341587,-183336274.21334293,-103121973.43968855,20158341.132322267,68460269.34867732,114863938.58356574,45199072.20092373,-48318827.55835767,44364098.54812787,-107107974.6126372,64812502.41261237,102267052.86279194,-14946320.353448365,-59935268.978060275,-48839560.70954566,-39955544.45345546,15102668.003935825,69381390.83283591,31561293.290401082,160851365.4462269,55533832.38682337,36497893.300050125,80048256.55839436,-51081398.611456394,-93944410.6622811,56475584.63704613,-10768422.614291534,61095691.946779355,32205713.065359823,67344485.12718555,70188450.66734873,94196465.18028855,-1481195.639554975,23602973.102954224,21438527.133372646,97638999.67753291,-78621726.3453752,-33033023.847893156,16697040.492970083,-78303632.87021793,71845932.6645662,-114708189.11675361,3388682.705426004,15873079.449349517,-45301052.6011087,-80983654.70357344,-49691139.49208012,82524618.92492865,-32963972.133476716,-26841999.442566387,27676868.96671713
61116358.860688075,-37521096.79323729,3031811.5860372554,37271504.06557696,-54117817.46742896,56237910.62642069,-120492094.49801098,-67773726.69152877,13248446.029958911,44993394.088338986,75490770.0713048,29705691.85978548,-31756054.532393496,29156931.400495417,-70393402.6702664,42596012.17258258,67211856.77829082,-9823006.626359483,-39390601.22682041,-32098290.27174553,-26259545.457692817,9925761.291508447,45598772.61508394,20742683.598176196,105714583.74693377,36497893.300050125,23987111.269587856,52609240.173877545,-33571668.95475794,-61742057.63802974,37116830.90086611,-7077212.570703929,40153253.51089691,21166208.53514695,44260079.460579544,46129187.86878578,61907712.58180551,-973470.0057885281,15512323.808858108,14089808.76467749,64170211.77977949,-51671697.39741581,-21709933.00505804,10973613.13485878,-51462640.2695923,47218516.64242058,-75388408.55011815,2227106.9097131607,10432090.510688221,-29772715.36118773,-53224001.70034933,-32657964.160887033,54236752.693853974,-21664550.881060634,-17641073.67855233,18189765.89333364
134042201.65206993,-82292376.62083559,6649458.625286706,81744962.38352469,-118692794.18449208,123342644.98297232,-264266816.83258665,-148643337.49663076,29056882.894663952,98680839.58848976,165568584.61917943,65151400.029802755,-69648315.99983948,63947841.99151021,-154388888.0943001,93422830.67003313,147411027.29456535,-21544108.087059405,-86392629.24974449,-70398917.56841777,-57593210.07286553,21769472.63337993,100008573.83232751,45493465.77468372,231856344.4095505,80048256.55839436,52609240.173877545,115384137.97955045,-73630374.95320818,-135414502.50382575,81405728.56921494,-15521951.60055253,88065300.20625135,46422353.23737463,97072512.2042139,101171895.80546501,135777822.06983167,-2135043.153629325,34022086.48868126,30902184.217445593,140740002.35139278,-113327891.28940496,-47614865.63726643,24067652.637389973,-112869381.11605982,103561043.7956408,-165344082.31706896,4884556.492420811,22879968.444102865,-65298397.838569686,-116732451.00309598,-71626410.63136809,118953646.5545592,-47515332.28249784,-38690923.48969358,39894331.306208566
-85536692.69146125,52513445.05192561,-4243235.76781237,-52164121.71194018,75741736.84052956,-78708957.5317674,168637260.05508748,94854152.60482383,-18542142.79600005,-62971457.082017295,-105654704.15872301,-41575229.546147004,44444857.643177055,-40807200.28966246,98520575.6892143,-59616149.93299365,-94067776.1062359,13747996.555994865,55129949.49039214,44923841.264940485,36752102.326803654,-13891809.549944136,-63818726.6790741,-29030861.501745727,-147955082.11349195,-51081398.611456394,-33571668.95475794,-73630374.95320818,46985939.650245935,86412403.11206606,-51947645.71362041,9905063.07787365,-56197335.50074872,-29623615.169227403,-61945130.40542809,-64561080.69638078,-86644248.79489785,1362440.392728705,-21710600.528851446,-19719690.082702033,-89810777.0745883,72318217.31664702,30384596.10542769,-15358352.229165064,72025626.76597081,-66085674.04298217,105511441.88959211,-3116994.9220399396,-14600453.285606205,41669033.506154746,74490777.4288141,45707144.77138429,-75908194.00712411,30321080.52308039,24689938.05868534,-25457871.70448342
-157311553.81879652,96578104.33392519,-7803785.670659497,-95935659.77919444,139297533.275422,-144754584.4650711,310142800.4409806,174447405.54543304,-34101076.35446433,-115811559.15467177,-194310829.01403505,-76461501.44179423,81739068.80845924,-75049009.89207265,181190368.0624145,-109640773.8904045,-173001171.36226997,25284104.740757555,101390148.71888424,82619973.21206012,67591230.54444689,-25548592.84009617,-117369782.82519552,-53391004.33536918,-272105959.7257842,-93944410.6622811,-61742057.63802974,-135414502.50382575,86412403.11206606,158922083.32804835,-95537536.20257294,18216519.682125997,-103353191.43666561,-54481144.56727778,-113924029.69806994,-118735055.19329004,-159348473.38015077,2505680.431126579,-39928224.86963619,-36266717.740089074,-165172073.281267,133001297.80022483,55880673.82285906,-28245728.861806825,132463191.01405288,-121538953.00520681,194047353.66622016,-5732502.604139417,-26851868.235564522,76634017.53374034,136996879.0423423,84060556.17274576,-139603666.79805163,55763861.535165906,45407560.018304005,-46819876.07853722
94569351.44921584,-58058854.47918309,4691321.008837226,57672643.413494356,-83740049.08627608,87020608.4354103,-186445322.37388715,-104870733.3324364,20500189.63097348,69621230.21278174,116811820.81577063,45965565.7066696,-49138226.416525155,45116432.799440965,-108924329.82750522,65911604.06286843,104001315.29196188,-15199782.549128095,-60951661.20473548,-49667790.14871271,-40633117.31813773,15358781.499947822,70557972.1680943,32096515.09532224,163579110.50353593,56475584.63704613,37116830.90086611,81405728.56921494,-51947645.71362041,-95537536.20257294,57433307.48737479,-10951035.138950072,62131763.348665185,32751862.919913836,68486524.53912775,71378718.62705168,95793864.89757203,-1506314.021688625,24003236.265830576,21802085.438703083,99294778.27762312,-79955007.17637765,-33593203.54650202,16980191.323344745,-79631519.37163214,73064308.47107193,-116653430.12261875,3446148.605583607,16142258.069896076,-46069275.645509236,-82356989.45067026,-50533810.348971255,83924085.51206602,-33522980.797823124,-27297190.494507078,28146218.034386717
-18031911.160154093,11070311.634390105,-894512.133674304,-10996670.070520865,15967046.989932405,-16592563.064495808,35550266.262412205,19996116.241916362,-3908851.9064802965,-13274956.055319298,-22272971.01150702,-8764436.127913484,9369379.15076676,-8602528.621247668,20769031.788496684,-12567625.769801488,-19830341.627977017,2898202.2300063227,11621894.509628635,9470353.89768564,7747676.893403051,-2928520.275128951,-13453566.887137806,-6119969.009862563,-31190275.07509524,-10768422.614291534,-7077212.570703929,-15521951.60055253,9905063.07787365,18216519.682125997,-10951035.138950072,2088078.1985776038,-11846908.860659719,-6244927.573531718,-13058595.824117985,-13610062.0267454,-18265394.535374276,287214.54123967537,-4576791.023866562,-4157090.026330626,-18932926.88499852,15245337.16841729,6405348.973283766,-3237679.879459522,15183656.026988901,-13931460.541974926,22242769.958260275,-657091.4274577103,-3077908.69124658,8784210.474771965,15703332.19806709,9635481.493177306,-16002135.60461473,6391959.191908946,5204863.550588159,-5366750.641327349
102305801.51774488,-62808485.089091145,5075104.306889874,62390678.494391106,-90590585.72214147,94139517.6404413,-201697885.81549013,-113449909.98739964,22177251.773136012,75316746.3318197,126367864.36508109,49725878.32605732,-53158084.897322305,48807280.56312448,-117835119.9499412,71303645.5032776,112509368.19269297,-16443233.360114962,-65937943.88288776,-53730971.18743819,-43957197.286354594,16615240.288384892,76330119.39785536,34722239.75468633,176961053.6835414,61095691.946779355,40153253.51089691,88065300.20625135,-56197335.50074872,-103353191.43666561,62131763.348665185,-11846908.860659719,67214586.96369997,35431200.20174626,74089212.74955371,77218009.20054445,103630489.24471247,-1629541.0933495692,25966872.279241007,23585652.494391005,107417801.80889978,-86495899.78379531,-36341368.40324703,18369292.091503095,-86145948.00598808,79041492.67311282,-126196516.12524088,3728068.7533569457,17462811.01656918,-49838072.274193645,-89094381.06392257,-54667838.271457106,90789676.02910511,-36265400.802350804,-29530296.409441814,30448780.358287383
53929028.03427879,-33108587.39877704,2675267.9285224616,32888346.324829254,-47753521.33605478,49624289.30720527,-106322132.12154624,-59803484.37047367,11690418.58324633,39702137.13322693,66612997.73949171,26212279.91103543,-28021518.011235695,25728053.967553243,-62115084.58166258,37586688.479874045,59307690.992938645,-8667813.397276793,-34758236.79748441,-28323506.963345155,-23171402.8437259,8758484.589924313,40236322.000135414,18303328.01423576,93282467.87072802,32205713.065359823,21166208.53514695,46422353.23737463,-29623615.169227403,-54481144.56727778,32751862.919913836,-6244927.573531718,35431200.20174626,18677046.536373775,39055060.0976863,40704359.957139984,54627318.27173151,-858989.0371484401,13688062.30171597,12432836.5878847,56623745.60718294,-45595066.31300971,-19156828.36395061,9683107.882792873,-45410594.2652643,41665583.05546954,-66522673.975497976,1965197.741331997,9205268.893865844,-26271421.132585388,-46964818.2673275,-28817362.749230113,47858468.52623486,-19116783.164756384,-15566470.201789398,16050635.566253252
112769514.85072343,-69232460.16565557,5594180.16368509,68771921.43294008,-99856079.97989589,103767992.96113266,-222327299.716721,-125053429.63943225,24445514.444876995,83020050.85696992,139292616.1938388,54811780.716113225,-58595029.75197531,53799229.28537963,-129887153.26687627,78596495.51154426,124016689.1096785,-18125027.637441605,-72681996.70187375,-59226509.74413104,-48453086.1798178,18314626.49490654,84137071.71805982,38273588.45297315,195060414.9479971,67344485.12718555,44260079.460579544,97072512.2042139,-61945130.40542809,-113924029.69806994,68486524.53912775,-13058595.824117985,74089212.74955371,39055060.0976863,81666967.40036215,85115773.09625933,114229689.7895134,-1796208.788393755,28622733.198933702,25997963.98135465,118404364.8946275,-95342594.88706718,-40058319.195132874,20248081.854390904,-94956850.8838319,87125759.92509085,-139103742.7221823,4109370.5178937046,19248885.28174545,-54935449.844019085,-98206846.10598685,-60259198.057588406,100075534.69513328,-39974581.89213265,-32550619.15523787,33563044.544098325
117531784.67335656,-72156155.32456593,5830422.911266253,71676167.76220268,-104073014.33513439,108150127.63116209,-231716208.20664608,-130334450.39581075,25477851.254597645,86525997.71391729,145174959.70909706,57126488.676851936,-61069504.5344097,56071177.41018482,-135372302.86888954,81915634.9130969,129253928.8127597,-18890449.532864626,-75751365.9219686,-61727652.1567985,-50499265.63845016,19088055.470013294,87690189.96139017,39889886.52131084,203297839.43046412,70188450.66734873,46129187.86878578,101171895.80546501,-64561080.69638078,-118735055.19329004,71378718.62705168,-13610062.0267454,77218009.20054445,40704359.957139984,85115773.09625933,88710222.39045009,119053623.05010357,-1872062.8097301845,29831474.251700893,27095861.254065994,123404594.79048976,-99368924.13220316,-41749986.83800333,21103160.276532724,-98966889.92740355,90805091.33240828,-144978110.06370172,4282909.973668317,20061768.37516126,-57255380.342832305,-102354132.82103616,-62803951.22799897,104301735.94144638,-41662713.21708914,-33925235.649274394,34980415.904688895
157733623.68084127,-96837224.59755428,7824723.699261851,96193056.8910893,-139671270.22658083,145142963.33456162,-310974918.04396415,-174915451.7545695,34192570.489028804,116122282.83343028,194832168.58704808,76666648.99232182,-81958376.71469122,75250366.92506641,-181676505.45700318,109934941.7048998,173465335.8304846,-25351942.813319016,-101662180.42580958,-82841644.22778842,-67772579.19793254,25617139.829630617,117684688.51952828,53534253.53736789,272836024.40626663,94196465.18028855,61907712.58180551,135777822.06983167,-86644248.79489785,-159348473.38015077,95793864.89757203,-18265394.535374276,103630489.24471247,54627318.27173151,114229689.7895134,119053623.05010357,159776008.14468965,-2512403.424228337,40035353.815581076,36364021.53332639,165615233.78167814,-133358142.08990265,-56030602.41280154,28321513.736974478,-132818591.99717063,121865043.4538599,-194567986.38914844,5747882.4051520685,26923911.32590743,-76839628.00741555,-137364444.01309726,-84286091.80608727,139978226.79488915,-55913476.90917722,-45529389.27249234,46945494.55001773
