V1,V2,V3,V4,V5,V6,V7,V8,V9,V10,V11,V12,V13,V14,V15,V16,V17,V18,V19,V20,V21,V22,V23,V24,V25,V26,V27,V28,V29,V30,V31,V32,V33,V34,V35,V36,V37,V38,V39,V40,V41,V42,V43,V44,V45,V46,V47,V48,V49,V50,V51,V52,V53,V54,V55,V56
12.86420605291402,-7.554455295482452,0.7113273223702763,7.695494391987137,-11.376878135250175,11.819326692335133,-24.268967029317388,-13.964057805431166,2.1427367366476933,9.18842177814027,15.25097158795526,6.071554603529755,-6.778181303920701,6.196386071328198,-14.501679100912376,8.850053961448934,13.860133477170185,-1.8282062002953743,-7.679697602350115,-7.1926453671218535,-4.95474036704508,2.3808104099364833,9.304184176636936,4.126456857213782,21.73343779235175,7.602460495581456,4.394211890562162,10.819717925668366,-6.944025956695842,-12.48816368189895,7.684411876929534,-1.9181508573965096,7.985406309710329,3.9305464787781768,9.277247106529273,10.001015946991718,13.000376523540778,0.21313988910686685,3.2729565483279215,3.06166745325334,13.797607660344793,-10.771604547361989,-3.939953328344048,2.3699874661220606,-10.396579534892014,9.19707050028344,-16.171951370829444,0.1281763417950218,1.9615204253048542,-6.232575787559807,-10.781636116452702,-6.358630221403361,11.146961045743165,-4.375061374585301,-3.3268915041563996,3.2370712534863646
-7.554455295482452,5.756690542825814,-0.9503153134897468,-4.227633070293974,6.871371885459767,-5.560982487416258,15.387508358140302,8.505572971386085,-1.4927903606793205,-6.432984739597887,-9.727433198966613,-4.084702857964532,4.61952758171988,-4.012049469573379,8.895467919002403,-4.909034148994333,-8.294355840625641,1.9701705710759234,5.832222554278258,3.8496111747550854,3.5575831630053987,-0.9327643906050824,-6.251839247173697,-2.2210310533664726,-13.55889208290482,-4.179587086537726,-3.1954658479334923,-6.322074631639231,4.9931675650444625,8.217920893326003,-4.605138804516841,0.04178467574129405,-4.7765124123277625,-2.4672819139501803,-5.130650527102776,-5.9219782234021485,-8.081353803215242,-0.6231116966301395,-0.8438358203367792,-1.356682317878247,-7.944490908251286,6.87253394003068,3.280366356482618,-1.479368016972457,6.428863548477057,-7.0278031343275735,8.852000436653901,-0.05474981396446836,-1.111329618612061,3.5182781013789124,6.334431394685097,4.105104247651012,-7.102652447203551,2.974760230691862,2.8689903915229746,-2.2136077714975597
0.7113273223702763,-0.9503153134897468,0.43579954834979934,0.11442952007243508,-0.7361182437489207,-0.22640329647240448,-1.1152783214459958,-0.7046491930284922,-0.2889726166637762,0.915688944287419,0.7782300218331609,0.5055593115354773,-0.8557963049275622,0.6273018658008527,-0.7690163372155701,0.2094189017867332,0.6171258592777314,-0.4573007906282254,-0.7282335468457343,-0.5377771599312772,-0.18848395735847784,0.09034272674350909,0.7560079642758183,-0.10416536360473583,1.2557566079027083,0.17331692144066776,0.06629153762022635,0.36050330290967353,-0.8523723457642798,-0.8087532379892638,0.37282948101567115,0.20570193388999364,0.09588636220923866,-0.1333092543706221,0.28074057309658873,0.8337722892524032,0.9727622149894617,0.6825395063509099,-0.4877976080824805,-0.024810459664278806,0.91330396982353,-0.8484825204962142,-0.282991823846389,0.23757697108496942,-0.4036564040973589,0.8910835122706173,-0.750816502557298,-0.2980993559967647,-0.11804381526765659,-0.22645755806388784,-0.2364064536254135,-0.141644006168083,0.7340777168371885,-0.33715310356393596,-0.4258007284438796,-0.13292391592625585
7.695494391987137,-4.227633070293974,0.11442952007243508,4.874047404110103,-6.731486306844319,7.7195847008878475,-14.99673896207202,-8.489117185619016,1.764898234721839,5.279040009958246,9.353785615903387,3.5596130917897173,-3.6758646664355155,3.481454126230553,-8.789322928216352,5.532234471249802,8.4827016886004,-0.9014966100132331,-4.546937514139153,-4.075277484360302,-3.190441315956804,1.3709747300463997,5.47318100720713,2.780300547188397,13.109950375950014,4.751541691549146,2.9454122083228786,6.719140748104946,-3.8462163256749813,-7.529375871100921,4.671713793418653,-1.2529403561512837,5.163425753302535,2.7581008670118434,5.730853805428823,5.693808505475267,7.599828629877189,-0.4830618567137348,2.4451179724622483,1.9461085288110294,8.060616887668726,-6.288571240713637,-2.4895196253178513,1.3225434440033417,-6.469358427394182,5.434189492916554,-9.692236316353222,0.3975281550692897,1.4062457401244597,-3.824662447024386,-6.833587621713591,-4.105006640479711,6.65913914537609,-2.600479943815913,-1.9237754480698401,2.3340918777249224
-11.376878135250175,6.871371885459767,-0.7361182437489207,-6.731486306844319,10.09401092802498,-10.200017138437687,21.51266562138931,12.361819238030272,-1.84515402047861,-8.27381502039445,-13.536212285842629,-5.437833201187534,6.123824964776427,-5.556118428384331,12.848762384968122,-7.758015716506194,-12.244714037357634,1.7451721200396844,6.944144139566917,6.355605261458984,4.4175025412555495,-2.062871877102953,-8.329343590722647,-3.578432874007756,-19.29092713070853,-6.6603958856877,-3.904040700625313,-9.526712650903857,6.289654555363513,11.132054617801328,-6.794389005883654,1.5609959424205293,-7.011256818494882,-3.429934283856052,-8.141515292661195,-8.895263514497483,-11.574009939713493,-0.3385759315107144,-2.7001525535108595,-2.6413894126509208,-12.215266786118926,9.610436259910554,3.569657677427886,-2.1204860088065196,9.190914851112982,-8.322641077224452,14.228683947739642,-0.060930699708916666,-1.693867331814571,5.481381185231931,9.47537389216804,5.617031249235033,-9.920617329071193,3.916301629676483,3.052979132991263,-2.8348965978682847
11.819326692335133,-5.560982487416258,-0.22640329647240448,7.7195847008878475,-10.200017138437687,12.877039303754625,-22.329973023408677,-12.850198396408274,2.6174076810415836,7.377333410875647,13.875867202990383,5.106288265549778,-5.162376185927751,5.064263145557116,-13.258230568807775,8.72380484953915,12.949409782608637,-0.7524173226770142,-6.083093254920999,-6.481449691178303,-4.4926371073121265,2.4131176085940558,7.860821463083064,4.4490581005840495,19.61175140696367,7.5179570793396095,4.150769153834295,10.374584315901263,-5.246847114266742,-10.974230801961639,7.1227312047337055,-2.6720146681256653,7.923699145844731,4.183523243511387,9.040945135110784,8.672864699558904,11.346283185431755,-1.1611050913977479,4.550247600719111,3.3028275053902982,12.460915463680472,-9.267691050514392,-3.187922882557149,1.959191358366523,-9.751175662253164,7.237115299136022,-15.324580271590158,0.6677881940278827,2.2187045947086284,-5.9830789910443425,-10.545421254394913,-6.094624093769508,9.850012573162028,-3.7175679033029985,-2.326858120616483,3.427214372756901
-24.268967029317388,15.387508358140302,-1.1152783214459958,-14.99673896207202,21.51266562138931,-22.329973023408677,49.3429762850272,27.325034615195044,-6.13674338712183,-18.26685492803331,-30.853497551065175,-12.050135501489567,12.49549964886106,-11.505215013802008,28.385297212276388,-17.06550298183026,-27.079737097417574,4.240634273429086,16.491843382508588,12.15021931558028,11.212258508975497,-3.5392740047362556,-18.518272989561485,-8.55625671325997,-42.69277023767949,-14.595484723781718,-10.420187464148048,-21.23272152894024,13.5135496516337,25.21919983628028,-14.913613533190144,2.2116731073354052,-16.57545848743045,-9.115858589183128,-17.621950550147933,-17.925399587762943,-24.63267359734899,0.941155717563615,-6.128915099227101,-5.4571886424230795,-25.08655311363303,20.670047852840852,9.48877562955909,-4.278006276533075,21.02941381845593,-19.781846675500162,29.514410128391443,-1.3435145028777093,-4.457875065190369,11.86603579571013,21.70346334148722,13.670750818026907,-21.91081688745555,8.860207078111042,7.543709579675938,-8.027200461108361
-13.964057805431166,8.505572971386085,-0.7046491930284922,-8.489117185619016,12.361819238030272,-12.850198396408274,27.325034615195044,15.42854352116824,-2.9069915210212556,-10.22501377982113,-17.1280137094672,-6.75223648901621,7.271178834349185,-6.671696812079282,16.024326747008764,-9.71191913298832,-15.303259073870308,2.1974768544194005,8.88314825503647,7.4156777613536145,5.892128432988982,-2.323140967762161,-10.361917672239867,-4.695677791938711,-24.055884005951203,-8.325243090172375,-5.357818562231852,-11.973511160424138,7.645218547117983,14.010555116004117,-8.456600081341053,1.699447082164312,-9.087903965010803,-4.738695748473189,-10.106433770085475,-10.59344663805858,-14.137921922194321,0.1466529216824441,-3.54896296452399,-3.238329395652935,-14.715990617268384,11.785147720890212,4.841105404580463,-2.518152679927471,11.676876330969728,-10.646699511441621,17.28302272683568,-0.44597726820805017,-2.340378643972624,6.796666729037595,12.082918928222535,7.365437150040168,-12.340780916121727,4.914580917122251,3.95657190570932,-4.045791530839391
2.1427367366476933,-1.4927903606793205,-0.2889726166637762,1.764898234721839,-1.84515402047861,2.6174076810415836,-6.13674338712183,-2.9069915210212556,1.7861753518403358,1.7442815741834279,3.7171241050931854,1.2129581088678094,-0.6255238636234304,0.7276995301071469,-2.996672422641571,1.8754891397839173,2.9216135130150493,-0.4787568094742541,-2.1491756198635916,-0.3271952980227857,-1.8990268172334936,-0.09076551279034027,1.9006302181753507,1.3445498673220893,4.499618476407038,1.5809180224191108,2.0151595726604037,2.418344010589885,-1.0450078517878079,-2.896292128206974,1.543477375875453,0.22070460263216918,2.3981241532882422,1.8294936455471698,1.7769938358298927,0.9530239151880708,2.0412694787442907,-1.1748783661893947,1.0000979982855402,0.4761372332404389,1.6782351786467231,-1.8021909764330266,-1.725623928822293,0.21351327431349862,-2.623119808154969,2.577319422061826,-2.256518753079501,0.8383626425048414,0.900363635178318,-1.1815184493687936,-2.7940683955374177,-2.118996155390891,2.2508274851665933,-0.9896425644957472,-1.0686909000126408,1.8054286518872242
9.18842177814027,-6.432984739597887,0.915688944287419,5.279040009958246,-8.27381502039445,7.377333410875647,-18.26685492803331,-10.22501377982113,1.7442815741834279,7.378221229857373,11.521290840440098,4.746849936767315,-5.330201986925535,4.711103098552138,-10.66700443433031,6.104607948455294,10.034058490041524,-2.010369194646713,-6.537568917116223,-4.8263142213749886,-4.0683918906969,1.3263648332833646,7.26908972096644,2.803338520902648,16.164398943304956,5.214148149648395,3.6467389846505354,7.716450444996565,-5.672965211663625,-9.628495371786004,5.566613032420002,-0.5106948757170119,5.794573472010776,2.956885808304361,6.383248940487132,7.16637044815236,9.632398548941067,0.5156333825742534,1.50465641156135,1.841178612625278,9.718302996587669,-8.1214685726447,-3.5926040261005956,1.7574125459225982,-7.697804398494699,7.863131845536134,-11.037573737410733,0.09295617486124051,1.3815760609654997,-4.3439317077274975,-7.724544680953859,-4.854386748676116,8.405389863418655,-3.447505633966247,-3.1027318730513413,2.583549517943281
15.25097158795526,-9.727433198966613,0.7782300218331609,9.353785615903387,-13.536212285842629,13.875867202990383,-30.853497551065175,-17.1280137094672,3.7171241050931854,11.521290840440098,19.310434084754622,7.583377549043129,-7.946770839434418,7.286298771696231,-17.798945401354022,10.66284959107846,16.960980508140477,-2.702434315563438,-10.353055306565293,-7.705715943711502,-6.9709469611573684,2.247415112381386,11.648856885258825,5.2933424897052115,26.783988679923137,9.120207718019767,6.448546262066066,13.274556366147058,-8.561657140928036,-15.815717616428536,9.34934058179709,-1.3799204092851187,10.306631509820164,5.611933664375011,11.028974488885888,11.344470798030219,15.520996654233368,-0.42970590583309837,3.7347239719183247,3.4052955211109355,15.82164085622792,-13.022862956202548,-5.908380762202725,2.713407241419874,-13.139451562402327,12.420760964386092,-18.553880194554427,0.7549480539397949,2.737022072611963,-7.432428348362747,-13.531382002877997,-8.499994096498357,13.761577060395595,-5.565247794461669,-4.742642517875437,4.927595228454446
6.071554603529755,-4.084702857964532,0.5055593115354773,3.5596130917897173,-5.437833201187534,5.106288265549778,-12.050135501489567,-6.75223648901621,1.2129581088678094,4.746849936767315,7.583377549043129,3.0784082139276876,-3.4017556634400825,3.0420573591963387,-7.0341199578978655,4.099376141383439,6.64874699393901,-1.2166017158988551,-4.194693590365113,-3.1841328521078522,-2.668898007760828,0.9087731306354956,4.717820683110074,1.9227258551985613,10.62882926647592,3.504916836090635,2.4083690516866003,5.143163609946915,-3.615695279868072,-6.293789097193818,3.6826906944250535,-0.4513963962861636,3.8861627394490355,2.008097663889543,4.27652687827284,4.682538915857797,6.295521068175508,0.19396705706412928,1.1717524146026952,1.275016333694357,6.403247153327332,-5.291950908439264,-2.310462537178504,1.1375010566290384,-5.099888994428665,5.040155119677991,-7.353678479935695,0.11715167468165141,0.9556420290347122,-2.899149219488303,-5.168488538426098,-3.225392140343865,5.503236048966393,-2.2392708077108043,-1.9578831999489779,1.7462412646701972
-6.778181303920701,4.61952758171988,-0.8557963049275622,-3.6758646664355155,6.123824964776427,-5.162376185927751,12.49549964886106,7.271178834349185,-0.6255238636234304,-5.330201986925535,-7.946770839434418,-3.4017556634400825,4.155078214879333,-3.6103625623024853,7.596154535168425,-4.3224484187008185,-7.117671664351773,1.3905491954225444,4.404064145137912,3.9663423715974697,2.4980156050035975,-1.2091537885202697,-5.190003890515194,-1.7681807117671102,-11.50844929759208,-3.705466545015021,-2.0909738585697584,-5.409097693559228,4.223749083936936,6.714970999713684,-3.983840980798859,0.6402514070351495,-3.7816970895184583,-1.638225999547038,-4.606501613034576,-5.614031502419085,-7.156738119152875,-0.9307987458916684,-0.915264785914442,-1.3798224892109765,-7.456645480624415,5.979937748147359,2.144691084807737,-1.3786565519416343,5.2637663449772605,-5.297010796422675,8.352355225764452,0.30728236856614966,-0.755636000578585,3.1403904378350758,5.238700770241118,3.0880061159783656,-6.011492857566542,2.4175195132352654,2.03944217754792,-1.3186259883572984
6.196386071328198,-4.012049469573379,0.6273018658008527,3.481454126230553,-5.556118428384331,5.064263145557116,-11.505215013802008,-6.671696812079282,0.7276995301071469,4.711103098552138,7.286298771696231,3.0420573591963387,-3.6103625623024853,3.1891943176336452,-6.955109117281056,4.060524742666972,6.563534757557458,-1.1300365324331896,-3.9032510530483933,-3.573611556010438,-2.3136426016580436,1.1233303962649448,4.648008274835788,1.7452917330333435,10.496301330223906,3.4838195414758033,1.9768118569658244,5.036518886905712,-3.6767612935191183,-6.0891478164713195,3.661546054439871,-0.7101576387323549,3.5898326506453015,1.6319304969542958,4.301957065596653,5.023823416534634,6.442680231372268,0.5903859960102209,1.0990353513305748,1.3380964058895277,6.7594010548923364,-5.366851733266456,-1.931229811799605,1.2188945192847256,-4.876460857819794,4.687816711918625,-7.693525738152733,-0.1632914452881596,0.7781878658643684,-2.9169776267460583,-4.9275757876835256,-2.902154903058179,5.447707309743648,-2.1715381586771145,-1.7671850180694741,1.3241727593718373
-14.501679100912376,8.895467919002403,-0.7690163372155701,-8.789322928216352,12.848762384968122,-13.258230568807775,28.385297212276388,16.024326747008764,-2.996672422641571,-10.66700443433031,-17.798945401354022,-7.0341199578978655,7.596154535168425,-6.955109117281056,16.646868276809318,-10.061340619410414,-15.885710311203509,2.3241094340855932,9.272419599309092,7.7028083841731805,6.12658827323128,-2.4002997024381423,-10.793046003652291,-4.850255944329636,-25.001951167131406,-8.623525662575089,-5.56497749222235,-12.41806102943626,7.98942324882255,14.575945945434112,-8.78062129366797,1.7219422238972049,-9.416631886775365,-4.901123276659481,-10.473610834162002,-11.020938494658788,-14.708255938138668,0.09756374562693512,-3.6190978351963787,-3.3410734340215056,-15.289301839956758,12.266880454223493,5.051633595922111,-2.6239709724227485,12.121707684407006,-11.115351416909112,17.925682534741902,-0.4424683478035917,-2.414616405249062,7.047589367608588,12.524294839790336,7.642679783531326,-12.835132297279642,5.118430830397007,4.143722673358442,-4.1872613460762365
8.850053961448934,-4.909034148994333,0.2094189017867332,5.532234471249802,-7.758015716506194,8.72380484953915,-17.06550298183026,-9.71191913298832,1.8754891397839173,6.104607948455294,10.66284959107846,4.099376141383439,-4.3224484187008185,4.060524742666972,-10.061340619410414,6.2989375641994565,9.69230972817362,-1.0669870113993627,-5.201906926488768,-4.767581719820484,-3.5799185989787943,1.607470790502663,6.297740582678771,3.109009801964443,15.018771748813029,5.4114643862350675,3.2717188111816737,7.653240289717269,-4.488057063625605,-8.613350499656589,5.346963386800819,-1.4429387887488228,5.817892536911236,3.0432589884980557,6.545578966057045,6.63432428812549,8.779833239412923,-0.38560129556092626,2.6977503420950257,2.2171184135700592,9.333663361177486,-7.262010915564985,-2.7923534387177598,1.5471561022503708,-7.353803862335298,6.218918042686308,-11.161155928011071,0.36029426155928257,1.5477269711816302,-4.37367076786525,-7.742056075012298,-4.617677403946112,7.6434864661658075,-2.982976094958048,-2.2038328258043487,2.5535944238113775
13.860133477170185,-8.294355840625641,0.6171258592777314,8.4827016886004,-12.244714037357634,12.949409782608637,-27.079737097417574,-15.303259073870308,2.9216135130150493,10.034058490041524,16.960980508140477,6.64874699393901,-7.117671664351773,6.563534757557458,-15.885710311203509,9.69230972817362,15.198381873091645,-2.08136372655001,-8.6975094522348,-7.366156007819452,-5.818887816301394,2.3397376669459056,10.206026300427586,4.714615776498631,23.820939592526415,8.311657129466905,5.301955454514953,11.91597273808055,-7.473426746787842,-13.836923500484335,8.39444217468693,-1.7926272995835217,9.057941175477456,4.737262546575718,10.07975448828936,10.476620444210813,13.973459939058708,-0.2598683876496626,3.6724591986381916,3.265667702057294,14.597499685416903,-11.632152532099514,-4.737239612358057,2.4807169567701584,-11.59131138787441,10.419308056609124,-17.212096184660115,0.4819333047124287,2.3536811646537146,-6.769561966915866,-12.03761826227104,-7.313843342681249,12.19988743181498,-4.8410867431429025,-3.8404459228531493,4.035210484931153
-1.8282062002953743,1.9701705710759234,-0.4573007906282254,-0.9014966100132331,1.7451721200396844,-0.7524173226770142,4.240634273429086,2.1974768544194005,-0.4787568094742541,-2.010369194646713,-2.702434315563438,-1.2166017158988551,1.3905491954225444,-1.1300365324331896,2.3241094340855932,-1.0669870113993627,-2.08136372655001,0.8687712049302205,1.99619063423682,0.7593538471494051,1.1544888069929582,-0.01797474742009351,-1.8596220182660852,-0.45662994332966894,-3.6371711803334867,-0.8909086825766114,-1.0547895478683529,-1.5228155525547256,1.6054100335484751,2.382362525779871,-1.1575621242301772,-0.46767163406619056,-1.2054022917671448,-0.6790264303145392,-1.1060547408134835,-1.4467090471092283,-2.1488321408498186,-0.35434596447412353,0.2599871884724031,-0.13595857896400873,-1.847089561753147,1.901244430319804,1.2260276050383137,-0.3941609729352395,1.7062217642657995,-2.4199233060084384,1.8568766197837088,-0.013166539974239255,-0.25750818359741806,0.7913011709515471,1.5450509204442466,1.1663580510310139,-1.9653323882532743,0.8991706500853425,1.098117127337948,-0.6854458732004166
-7.679697602350115,5.832222554278258,-0.7282335468457343,-4.546937514139153,6.944144139566917,-6.083093254920999,16.491843382508588,8.88314825503647,-2.1491756198635916,-6.537568917116223,-10.353055306565293,-4.194693590365113,4.404064145137912,-3.9032510530483933,9.272419599309092,-5.201906926488768,-8.6975094522348,1.99619063423682,6.199728943292214,3.5508849063878816,4.045617454972343,-0.7700150339739201,-6.440163076717514,-2.5781757736745012,-14.109588352719374,-4.420346303151707,-3.7765604340563494,-6.71198535519303,4.936647699537949,8.642548212061515,-4.7931870981234335,-0.10025536646176651,-5.336179561307883,-3.030613824687038,-5.352360825875005,-5.689161777224618,-8.115440896581491,-0.03142171694920232,-1.1699696962330468,-1.4062120356024463,-7.807660416557308,6.937429608573461,3.7310858274349914,-1.412502743719174,6.9122981745326335,-7.46605632190598,8.860799817938767,-0.4316147759268052,-1.3962370024994095,3.655901260198878,6.896084258049648,4.6225505456950655,-7.347166565897426,3.1044277107229727,3.06388549099104,-2.7997860932493777
-7.1926453671218535,3.8496111747550854,-0.5377771599312772,-4.075277484360302,6.355605261458984,-6.481449691178303,12.15021931558028,7.4156777613536145,-0.3271952980227857,-4.8263142213749886,-7.705715943711502,-3.1841328521078522,3.9663423715974697,-3.573611556010438,7.7028083841731805,-4.767581719820484,-7.366156007819452,0.7593538471494051,3.5508849063878816,4.593948411039994,2.030917618748514,-1.6976697525361288,-4.856542941669442,-1.9627018028972436,-11.498065571136193,-4.11975034686904,-1.602008926348679,-5.698092241152011,3.782051072108404,6.349640438355552,-4.127051339906904,1.581426462369341,-3.8299525973962,-1.4879272382909186,-5.110059668876822,-5.996147048691234,-7.260087001206746,-0.7309409967483537,-1.7608708322481916,-1.811103071399787,-8.102475286021635,5.919260894315898,1.4085325077973365,-1.4143826842048457,5.237809614439582,-4.242613218257279,9.411919859993244,0.39824181377327417,-0.7715095581480577,3.427234746062178,5.449046984608904,2.873882989915497,-5.903551063916304,2.221748902352005,1.3966602695285595,-1.0194533663716085
-4.95474036704508,3.5575831630053987,-0.18848395735847784,-3.190441315956804,4.4175025412555495,-4.4926371073121265,11.212258508975497,5.892128432988982,-1.8990268172334936,-4.0683918906969,-6.9709469611573684,-2.668898007760828,2.4980156050035975,-2.3136426016580436,6.12658827323128,-3.5799185989787943,-5.818887816301394,1.1544888069929582,4.045617454972343,2.030917618748514,2.8886276487248677,-0.40903927837018683,-4.1159871539244035,-1.968969623753811,-9.27141841667875,-3.0406326963056713,-2.8053454828740287,-4.581281643578616,2.934285269316871,5.69923785331325,-3.1758042747309325,-0.03360444539536945,-3.845567264622015,-2.3840617766406305,-3.6164825650844414,-3.3775107636265345,-5.08590277982455,0.5708647379562042,-1.178093589343654,-0.9934477683107766,-4.827738041379168,4.35558967260997,2.612049861083703,-0.8198410611493432,4.739226288877319,-4.863292815013977,5.689360417205785,-0.6062667731526589,-1.1368765800683023,2.4474022441156427,4.843351836095457,3.317851802166326,-4.770483650079386,2.0145847644658295,1.9737157116163504,-2.2366583033192065
2.3808104099364833,-0.9327643906050824,0.09034272674350909,1.3709747300463997,-2.062871877102953,2.4131176085940558,-3.5392740047362556,-2.323140967762161,-0.09076551279034027,1.3263648332833646,2.247415112381386,0.9087731306354956,-1.2091537885202697,1.1233303962649448,-2.4002997024381423,1.607470790502663,2.3397376669459056,-0.01797474742009351,-0.7700150339739201,-1.6976697525361288,-0.40903927837018683,0.7226734263238532,1.3827105963099409,0.6328190526073303,3.526419876502477,1.4009225540914148,0.25410103688718955,1.8322928983528772,-1.042509705346257,-1.807310236470959,1.3175021229837542,-0.8386693173441772,1.1402033210333693,0.3369977253245795,1.7448046052797708,2.044082406850198,2.3078523051586224,0.24273226439754672,0.7972275788314399,0.7091693842235248,2.781915564506145,-1.8267454641973893,-0.12667725543966388,0.46515726613536457,-1.5668825478933726,0.9081087125158689,-3.3143922859981636,-0.20837947495031423,0.20791844788937314,-1.154288187110838,-1.7033751261753831,-0.7561599799251154,1.7806903388747322,-0.611690814500148,-0.1904746941311015,0.13580571000270067
9.304184176636936,-6.251839247173697,0.7560079642758183,5.47318100720713,-8.329343590722647,7.860821463083064,-18.518272989561485,-10.361917672239867,1.9006302181753507,7.26908972096644,11.648856885258825,4.717820683110074,-5.190003890515194,4.648008274835788,-10.793046003652291,6.297740582678771,10.206026300427586,-1.8596220182660852,-6.440163076717514,-4.856542941669442,-4.1159871539244035,1.3827105963099409,7.231697022856701,2.969190150097548,16.30623565169598,5.384038139699542,3.723647743014673,7.901049247294289,-5.526927640008347,-9.660151728609682,5.650599502768329,-0.6871807487640266,5.987525423949156,3.1120448378830647,6.5642567270194565,7.152868683789268,9.63846499675999,0.2538960545780207,1.8220002215521476,1.957806295346904,9.794951933015977,-8.10355796873346,-3.562968243146216,1.736489903175625,-7.8392867931755195,7.737787419633398,-11.26262158266903,0.2052079497820121,1.4827764776318784,-4.448792272674498,-7.95136714913617,-4.971474931578281,8.439254454521377,-3.435042527946448,-3.0059644985987712,2.7118817461233786
4.126456857213782,-2.2210310533664726,-0.10416536360473583,2.780300547188397,-3.578432874007756,4.4490581005840495,-8.55625671325997,-4.695677791938711,1.3445498673220893,2.803338520902648,5.2933424897052115,1.9227258551985613,-1.7681807117671102,1.7452917330333435,-4.850255944329636,3.109009801964443,4.714615776498631,-0.45662994332966894,-2.5781757736745012,-1.9627018028972436,-1.968969623753811,0.6328190526073303,2.969190150097548,1.7008411678300408,7.21827729487964,2.6647057874374283,1.9017832817363782,3.786099793300382,-1.950304148982753,-4.1996566519596294,2.574189922472025,-0.6077774136981063,3.0739031446873204,1.8091508981824362,3.1683730458367227,2.840146649496036,4.000029934984239,-0.6566579848669244,1.5378798363814408,1.0719167922692288,4.154419763510304,-3.326930078432617,-1.5641883201327111,0.6485016210616594,-3.7019368737131333,3.078870632420248,-5.125087670902432,0.4541837812467764,0.9255477344298854,-2.1051376545157985,-3.9563330444312923,-2.47933915154716,3.6378571368713035,-1.4356378644461767,-1.1028211617603962,1.5952405492839206
21.73343779235175,-13.55889208290482,1.2557566079027083,13.109950375950014,-19.29092713070853,19.61175140696367,-42.69277023767949,-24.055884005951203,4.499618476407038,16.164398943304956,26.783988679923137,10.62882926647592,-11.50844929759208,10.496301330223906,-25.001951167131406,15.018771748813029,23.820939592526415,-3.6371711803334867,-14.109588352719374,-11.498065571136193,-9.27141841667875,3.526419876502477,16.30623565169598,7.21827729487964,37.59018618789916,12.866492257804829,8.419132489600132,18.591016799003576,-12.137547700151588,-21.98191752075729,13.169646873694488,-2.4018065746227495,14.103420839076426,7.346329226034342,15.635368732792378,16.541883346584218,22.124666410549338,-0.030670132361122066,5.223366644750924,4.930195304327263,22.90017405661587,-18.480422376758824,-7.7166921087333025,3.952093796174869,-18.203201269805277,16.921236545655344,-26.761261203744887,0.6407611511712538,3.5984412602825655,-10.533827364322056,-18.747588342199304,-11.495061542058783,19.324906527234617,-7.736417958562982,-6.3596855934080905,6.301457092920022
7.602460495581456,-4.179587086537726,0.17331692144066776,4.751541691549146,-6.6603958856877,7.5179570793396095,-14.595484723781718,-8.325243090172375,1.5809180224191108,5.214148149648395,9.120207718019767,3.504916836090635,-3.705466545015021,3.4838195414758033,-8.623525662575089,5.4114643862350675,8.311657129466905,-0.8909086825766114,-4.420346303151707,-4.11975034686904,-3.0406326963056713,1.4009225540914148,5.384038139699542,2.6647057874374283,12.866492257804829,4.650490386902087,2.773158467810974,6.564715958649131,-3.8340853926578915,-7.362881708348848,4.586385884587505,-1.2761695140294436,4.977418718022676,2.5902954970707506,5.626955533195106,5.709933653807256,7.532926511089187,-0.3233232177973639,2.3370412522473134,1.916321917296915,8.032420499255299,-6.224294358748211,-2.3560909284358127,1.329913651030408,-6.293821329709405,5.283294726350397,-9.611520247982444,0.296164976459276,1.320839233210383,-3.758272570330623,-6.633649635805141,-3.9393474186407307,6.545197345700864,-2.547768800706644,-1.8612490919978129,2.1642157300021014
4.394211890562162,-3.1954658479334923,0.06629153762022635,2.9454122083228786,-3.904040700625313,4.150769153834295,-10.420187464148048,-5.357818562231852,2.0151595726604037,3.6467389846505354,6.448546262066066,2.4083690516866003,-2.0909738585697584,1.9768118569658244,-5.56497749222235,3.2717188111816737,5.301955454514953,-1.0547895478683529,-3.7765604340563494,-1.602008926348679,-2.8053454828740287,0.25410103688718955,3.723647743014673,1.9017832817363782,8.419132489600132,2.773158467810974,2.7807344393473072,4.20712401758904,-2.566323881491266,-5.235325015249496,2.8770169481327543,0.1440733576274717,3.658799248992499,2.386757710414326,3.264876023411632,2.8285508648932782,4.4767001067176135,-0.7941433958008834,1.1627018835403262,0.877963879221745,4.138617539505336,-3.858763255220853,-2.555572196459316,0.6838362870208402,-4.407571086316677,4.539362945711352,-4.950717456520386,0.7285523477694801,1.1425653961836808,-2.205529307809147,-4.528326967997427,-3.185787133990792,4.316716676775254,-1.843146152754169,-1.8605385663527858,2.275703142108319
10.819717925668366,-6.322074631639231,0.36050330290967353,6.719140748104946,-9.526712650903857,10.374584315901263,-21.23272152894024,-11.973511160424138,2.418344010589885,7.716450444996565,13.274556366147058,5.143163609946915,-5.409097693559228,5.036518886905712,-12.41806102943626,7.653240289717269,11.91597273808055,-1.5228155525547256,-6.71198535519303,-5.698092241152011,-4.581281643578616,1.8322928983528772,7.901049247294289,3.786099793300382,18.591016799003576,6.564715958649131,4.20712401758904,9.379543255742151,-5.695547462297572,-10.77752911923433,6.571632799439971,-1.483649479018073,7.185847127765439,3.815808805409186,7.939552050026079,8.0870959592684315,10.832302533027294,-0.4147013598965079,3.068380757537923,2.6056513829570225,11.34335674386865,-9.006597910566999,-3.6927829600202893,1.9030406091443344,-9.11017462125276,8.035237537690218,-13.47270984070179,0.4760319004995192,1.9110272770208558,-5.320984778059691,-9.515116642829092,-5.7845343881696945,9.49431046155634,-3.7546263160621525,-2.9338683379029415,3.257605245037922
-6.944025956695842,4.9931675650444625,-0.8523723457642798,-3.8462163256749813,6.289654555363513,-5.246847114266742,13.5135496516337,7.645218547117983,-1.0450078517878079,-5.672965211663625,-8.561657140928036,-3.615695279868072,4.223749083936936,-3.6767612935191183,7.98942324882255,-4.488057063625605,-7.473426746787842,1.6054100335484751,4.936647699537949,3.782051072108404,2.934285269316871,-1.042509705346257,-5.526927640008347,-1.950304148982753,-12.137547700151588,-3.8340853926578915,-2.566323881491266,-5.695547462297572,4.437041569520569,7.223819591622407,-4.163302420823508,0.3521811750234877,-4.162896587306623,-2.0054273428000395,-4.730870004504083,-5.574960843325156,-7.367568753443815,-0.7168674628651522,-0.8915676954306643,-1.3379713020261792,-7.455221647993256,6.211222002136505,2.619496960369656,-1.3789198273376915,5.671505808971661,-5.9428387318340965,8.346205425594372,0.10718676822156123,-0.9159297819622065,3.2327194216870336,5.624787312158609,3.4931612356528934,-6.344605348592787,2.605430733710717,2.360789062998738,-1.7248700406579733
-12.48816368189895,8.217920893326003,-0.8087532379892638,-7.529375871100921,11.132054617801328,-10.974230801961639,25.21919983628028,14.010555116004117,-2.896292128206974,-9.628495371786004,-15.815717616428536,-6.293789097193818,6.714970999713684,-6.0891478164713195,14.575945945434112,-8.613350499656589,-13.836923500484335,2.382362525779871,8.642548212061515,6.349640438355552,5.69923785331325,-1.807310236470959,-9.660151728609682,-4.1996566519596294,-21.98191752075729,-7.362881708348848,-5.235325015249496,-10.77752911923433,7.223819591622407,13.028470450026731,-7.639108511225343,0.9705394558601133,-8.310312060092414,-4.466827051002712,-8.930344937865504,-9.398710136284922,-12.823003500567935,0.07656109185697921,-2.762233160112127,-2.697788382412317,-13.007226153992015,10.78071117659086,4.898606157403868,-2.2658888876311796,10.705485093953502,-10.3771446466084,15.114026854205697,-0.500515288638938,-2.1529290975725695,6.035504073265049,10.942376703042314,6.893404839259744,-11.33418261182885,4.608491352434189,4.009848034523721,-3.926958301510492
7.684411876929534,-4.605138804516841,0.37282948101567115,4.671713793418653,-6.794389005883654,7.1227312047337055,-14.913613533190144,-8.456600081341053,1.543477375875453,5.566613032420002,9.34934058179709,3.6826906944250535,-3.983840980798859,3.661546054439871,-8.78062129366797,5.346963386800819,8.39444217468693,-1.1575621242301772,-4.7931870981234335,-4.127051339906904,-3.1758042747309325,1.3175021229837542,5.650599502768329,2.574189922472025,13.169646873694488,4.586385884587505,2.8770169481327543,6.571632799439971,-4.163302420823508,-7.639108511225343,4.640754710139749,-1.0079112537743533,4.963601128447675,2.563207299315997,5.570812589031787,5.849045520559879,7.760819118303051,-0.06907385506963373,1.9946630297862125,1.8058970887634096,8.125495117856019,-6.456848378310721,-2.5810965454330783,1.386790378369616,-6.3815449784307425,5.742538044056168,-9.557646848364929,0.2212593224425292,1.272301548988753,-3.74310170366194,-6.618255889039635,-4.001303123936268,6.750195704850853,-2.6754795082891203,-2.114110010639579,2.1711519604071423
-1.9181508573965096,0.04178467574129405,0.20570193388999364,-1.2529403561512837,1.5609959424205293,-2.6720146681256653,2.2116731073354052,1.699447082164312,0.22070460263216918,-0.5106948757170119,-1.3799204092851187,-0.4513963962861636,0.6402514070351495,-0.7101576387323549,1.7219422238972049,-1.4429387887488228,-1.7926272995835217,-0.46767163406619056,-0.10025536646176651,1.581426462369341,-0.03360444539536945,-0.8386693173441772,-0.6871807487640266,-0.6077774136981063,-2.4018065746227495,-1.2761695140294436,0.1440733576274717,-1.483649479018073,0.3521811750234877,0.9705394558601133,-1.0079112537743533,1.2641204053087276,-0.8554589509063106,-0.16820643007061434,-1.571861427695391,-1.6317615171465936,-1.6223023136403854,0.05192588165042199,-1.2118190305447611,-0.8078574107648542,-2.335493494415208,1.179143741641914,-0.43146678351276774,-0.33074627604934226,1.0755493652504835,0.15457907295993834,3.0219842829216126,0.16959412320799824,-0.18029693312844117,1.00356808798751,1.355281324892577,0.39435516304203116,-1.1308586436155244,0.27191514928201455,-0.3439806609049274,0.07743674666474835
7.985406309710329,-4.7765124123277625,0.09588636220923866,5.163425753302535,-7.011256818494882,7.923699145844731,-16.57545848743045,-9.087903965010803,2.3981241532882422,5.794573472010776,10.306631509820164,3.8861627394490355,-3.7816970895184583,3.5898326506453015,-9.416631886775365,5.817892536911236,9.057941175477456,-1.2054022917671448,-5.336179561307883,-3.8299525973962,-3.845567264622015,1.1402033210333693,5.987525423949156,3.0739031446873204,14.103420839076426,4.977418718022676,3.658799248992499,7.185847127765439,-4.162896587306623,-8.310312060092414,4.963601128447675,-0.8554589509063106,5.761057098577543,3.320055652877288,5.9563956440976265,5.664048514743321,7.945044594782564,-0.8200268122970827,2.45085589565977,1.9051819033962034,8.105402483084681,-6.654918769886948,-3.1904223981503312,1.3276532874599134,-7.107561953200639,6.390211245411303,-9.751383206145233,0.7007035558790999,1.6555203236403162,-3.987352657902194,-7.449633460719455,-4.725535906453859,7.180134773638372,-2.8858380010229543,-2.3925462142946268,2.9483962605894867
3.9305464787781768,-2.4672819139501803,-0.1333092543706221,2.7581008670118434,-3.429934283856052,4.183523243511387,-9.115858589183128,-4.738695748473189,1.8294936455471698,2.956885808304361,5.611933664375011,2.008097663889543,-1.638225999547038,1.6319304969542958,-4.901123276659481,3.0432589884980557,4.737262546575718,-0.6790264303145392,-3.030613824687038,-1.4879272382909186,-2.3840617766406305,0.3369977253245795,3.1120448378830647,1.8091508981824362,7.346329226034342,2.5902954970707506,2.386757710414326,3.815808805409186,-2.0054273428000395,-4.466827051002712,2.563207299315997,-0.16820643007061434,3.320055652877288,2.167467664282944,3.034375729118685,2.465473953511309,3.857845558212004,-0.9480392206035295,1.404222673904189,0.9190951487434845,3.7076349691807686,-3.2834315012952233,-2.0620197868676513,0.5720826756122485,-3.904627347326735,3.6311561125993665,-4.596912410294537,0.7147710430000446,1.0743668090607972,-2.026504268453524,-4.1189476983201185,-2.808815501541493,3.716895215702418,-1.5416965245192245,-1.4176318513544652,2.0271035271954143
9.277247106529273,-5.130650527102776,0.28074057309658873,5.730853805428823,-8.141515292661195,9.040945135110784,-17.621950550147933,-10.106433770085475,1.7769938358298927,6.383248940487132,11.028974488885888,4.27652687827284,-4.606501613034576,4.301957065596653,-10.473610834162002,6.545578966057045,10.07975448828936,-1.1060547408134835,-5.352360825875005,-5.110059668876822,-3.6164825650844414,1.7448046052797708,6.5642567270194565,3.1683730458367227,15.635368732792378,5.626955533195106,3.264876023411632,7.939552050026079,-4.730870004504083,-8.930344937865504,5.570812589031787,-1.571861427695391,5.9563956440976265,3.034375729118685,6.826545374329751,7.050861317385874,9.225767417732044,-0.235624962505561,2.753715140613678,2.323288223438258,9.865505605864612,-7.618158157936065,-2.7953837214320423,1.6472427791023116,-7.5930480156478914,6.398634466247679,-11.750719416566179,0.2677442912487801,1.5449238048563279,-4.563805067878635,-7.981783333659978,-4.702812103011576,7.9663267600134215,-3.096891989300298,-2.2523168921456085,2.510674197451793
10.001015946991718,-5.9219782234021485,0.8337722892524032,5.693808505475267,-8.895263514497483,8.672864699558904,-17.925399587762943,-10.59344663805858,0.9530239151880708,7.16637044815236,11.344470798030219,4.682538915857797,-5.614031502419085,5.023823416534634,-11.020938494658788,6.63432428812549,10.476620444210813,-1.4467090471092283,-5.689161777224618,-5.996147048691234,-3.3775107636265345,2.044082406850198,7.152868683789268,2.840146649496036,16.541883346584218,5.709933653807256,2.8285508648932782,8.0870959592684315,-5.574960843325156,-9.398710136284922,5.849045520559879,-1.6317615171465936,5.664048514743321,2.465473953511309,7.050861317385874,8.152035630319025,10.229254120032175,0.8594584215487656,2.168449176907588,2.3407278454454956,11.028563196327138,-8.440768159563255,-2.6320973427482683,1.9480667604743969,-7.6609866153519635,6.8170177820764515,-12.71641692013765,-0.3278090539444413,1.2214348945786624,-4.75249359294935,-7.863329435842949,-4.440320736586786,8.533077656714243,-3.318113712595638,-2.4373122456617082,1.8986710537551295
13.000376523540778,-8.081353803215242,0.9727622149894617,7.599828629877189,-11.574009939713493,11.346283185431755,-24.63267359734899,-14.137921922194321,2.0412694787442907,9.632398548941067,15.520996654233368,6.295521068175508,-7.156738119152875,6.442680231372268,-14.708255938138668,8.779833239412923,13.973459939058708,-2.1488321408498186,-8.115440896581491,-7.260087001206746,-5.08590277982455,2.3078523051586224,9.63846499675999,4.000029934984239,22.124666410549338,7.532926511089187,4.4767001067176135,10.832302533027294,-7.367568753443815,-12.823003500567935,7.760819118303051,-1.6223023136403854,7.945044594782564,3.857845558212004,9.225767417732044,10.229254120032175,13.319123207796906,0.574437409440013,2.847838356431961,2.9381794414407016,13.976960186958845,-11.0838324526559,-4.1771957203422305,2.453598526393773,-10.493822103792198,9.73414474352972,-16.172164133976505,0.0022256916490934133,1.8833604335474208,-6.225836223758652,-10.750436109905221,-6.405744412726835,11.410064206655678,-4.5309345587860435,-3.620299836182682,3.199594618077736
