V1,V2,V3,V4,V5,V6,V7,V8,V9,V10,V11,V12,V13,V14,V15,V16,V17,V18,V19,V20,V21,V22,V23,V24,V25,V26,V27,V28,V29,V30,V31,V32,V33,V34,V35,V36,V37,V38,V39,V40,V41,V42,V43,V44,V45,V46,V47,V48,V49,V50,V51,V52,V53,V54,V55,V56
142157086.39323768,-89596750.40816393,707858780.8837057,515984252.4889085,44667728.470011555,-365352276.1173502,-352891765.7742364,-603166376.4648104,-2475908117.137666,-160230030.1798771,-39118656.07686251,-1742073180.2944593,-357089215.3112646,583203286.625494,-921747062.0987133,1174897709.6612556,-253427390.22882447,806061180.4283566,754683495.4421248,530135874.34022707,-1200465372.8342814,-353351752.25768214,236258190.6276654,-1305802615.3714664,752418067.6543123,40055145.69842815,-499914350.00270045,-609505555.2438251,-479856424.5913411,-1154786008.0499713,885273837.2530107,100917855.50617026,-214468792.4893272,1449590932.196246,-1280066660.1872969,764266898.1207645,558273323.252688,-2056729002.1396565,1399295665.3051085,784634719.3233538,1059871610.494434,2421068309.7557945,1216578597.717045,-598504363.0401622,402821633.47081786,141915938.531616,387775979.57720345,1912464695.7587924,-889277899.6769071,-1269684775.61249,1221744605.8619375,1058915833.514955,669507308.5196157,-450320343.7827111,-324982080.66290075,202442412.92095402
-89596750.40816393,56469768.18028103,-446139184.337612,-325207230.0610906,-28152542.20329158,230269046.3355418,222415613.06980196,380155141.64652413,1560480222.9181979,100987509.10989991,24655151.348209947,1097969155.7456596,225061122.03177625,-367573089.05101424,580945654.1015332,-740497850.8563222,159726618.01489872,-508032798.8143877,-475651201.00784564,-334126513.6298614,756612274.8202024,222705526.75546193,-148905459.10977158,823002737.0251034,-474223379.30267537,-25245388.83127303,315078920.14034194,384150509.75350577,302437096.01350683,727822132.9230803,-557957827.5457475,-63605072.92804575,135172346.2691355,-913627596.7058598,806782244.3071842,-481691292.1047626,-351860585.4936074,1296285960.5213737,-881928209.6627809,-494528433.07780033,-668000834.3574876,-1525916568.1491995,-766767889.202829,377216834.63228446,-253884700.6598907,-89444763.25209339,-244401939.8522843,-1205361101.7998755,560481451.3899119,800238897.9713118,-770023847.8463049,-667398440.5052868,-421967562.8919325,283821514.1205059,204825093.0782632,-127592530.55483752
707858780.8837057,-446139184.337612,3524720907.0808835,2569298468.7628336,222419047.11057967,-1819239712.9983976,-1757193692.751651,-3003414232.338546,-12328567985.277195,-797851424.9730397,-194787928.4206958,-8674501080.994665,-1778094524.741882,2904009771.8485537,-4589758901.267811,5850300415.815458,-1261919529.4967952,4013711168.769459,3757880479.8527474,2639765233.877153,-5977612361.3511505,-1759484154.3799043,1176427002.4130616,-6502129949.468776,3746599980.1812887,199451097.39850888,-2489279795.9460616,-3034979620.734502,-2389403109.695322,-5750155957.359297,4408143666.743827,502511637.06543976,-1067928601.523883,7218111301.603256,-6373980010.289151,3805600194.026369,2779873198.61633,-10241302230.763433,6967670418.300789,3907019979.093322,5277538013.989721,12055497959.256067,6057846754.645981,-2980200143.677622,2005815102.2379677,706658007.1572545,1930896584.0258412,9522950734.857597,-4428081545.744813,-6322284325.019897,6083570441.784465,5272778806.410019,3333753103.1976233,-2242330776.5872087,-1618219854.9719706,1008044294.4006927
515984252.4889085,-325207230.0610906,2569298468.7628336,1872855978.23578,162129408.80579597,-1326110614.9097059,-1280882992.5509095,-2189298895.51655,-8986745810.751417,-581583194.3564401,-141988071.88440377,-6323162296.04966,-1296118376.36043,2116839334.801404,-3345643762.427999,4264498749.4085484,-919859472.8682121,2925741422.292054,2739257040.830503,1924221789.9463656,-4357301100.005436,-1282552594.2540576,857540830.825774,-4739641226.036288,2731034270.526467,145387226.83183444,-1814527429.7368724,-2212308065.405823,-1741723646.2511728,-4191499777.066815,3213257750.66445,366299180.8666339,-778452363.196377,5261546318.324051,-4646228030.956241,2774041692.479748,2026351629.3596723,-7465261174.905535,5078990764.34075,2847970297.3027973,3846991206.956265,8787695043.46317,4415786895.14995,-2172377293.720343,1462112265.8705838,515108964.2718026,1407501407.2967925,6941628396.628791,-3227791202.5120397,-4608545147.624626,4434537834.672725,3843522046.001056,2430095025.659473,-1634517223.5644746,-1179579860.18917,734800493.3725188
44667728.470011555,-28152542.20329158,222419047.11057967,162129408.80579597,14035221.216606837,-114798752.77427007,-110883487.94889489,-189523241.4512707,-777964672.8422301,-50346498.56725037,-12291624.035453202,-547383557.2876401,-112202385.20660436,183250562.65306067,-289625711.8320641,369169157.0187355,-79630401.30264409,253275603.3013252,237132022.0277794,166576044.7055046,-377202870.9337519,-111028022.15850885,74235601.54869083,-410301294.4402223,236420193.2698616,12585882.238714693,-157080022.3982765,-191515099.88412076,-150777545.05312923,-362849780.5680841,278165318.4980562,31709788.921991292,-67389069.17579947,455481578.7509673,-402214700.2373268,240143260.78266448,175417222.05819112,-646252781.662906,439678107.52419186,246543112.2470587,333026361.81316876,760733246.1815609,382265869.35472286,-188058373.98034087,126572143.6499516,44591956.414593324,121844591.23935702,600922935.2264678,-279423451.14080656,-398952568.88011014,383889101.1963971,332726042.66281974,210368483.0930445,-141496898.82287005,-102113878.50300784,63610214.528259896
-365352276.1173502,230269046.3355418,-1819239712.9983976,-1326110614.9097059,-114798752.77427007,938977360.5557663,906953098.7648697,1550173925.9861023,6363233026.141394,411800830.6773536,100537303.27095991,4477233027.363172,917740796.6297971,-1498867582.287354,2368945481.639977,-3019557897.144663,651323660.5521357,-2071625796.1107774,-1939582050.823234,-1362481136.1725786,3085268332.7110496,908135291.4610707,-607197783.562494,3355991391.9754915,-1933759764.8288858,-102944138.22122458,1284809997.856256,1566465998.0523038,1233259920.9820158,2967869612.834315,-2275207096.2353463,-259364968.4069604,551197718.2675526,-3725536029.2396283,3289848436.362994,-1964211972.5400887,-1434796074.3862808,5285917445.444866,-3596274163.487553,-2016558500.1181827,-2723933892.925744,-6222291417.188948,-3126680291.0564313,1538192270.4037774,-1035275866.4857386,-364732511.9109252,-996607629.5427274,-4915149488.057649,2285497777.8953876,3263166367.9702563,-3139957243.6743636,-2721477488.5848045,-1720674118.2886794,1157350413.4286847,835223526.1849697,-520289197.7111358
-352891765.7742364,222415613.06980196,-1757193692.751651,-1280882992.5509095,-110883487.94889489,906953098.7648697,876021040.0491731,1497304519.78913,6146211991.587194,397756171.1639157,97108431.69955325,4324534903.86703,886440818.3055677,-1447748003.3273664,2288151489.197299,-2916574464.409674,629109962.4610827,-2000972030.5269477,-1873431699.2300315,-1316013080.6761909,2980043815.381353,877162913.2690848,-586489019.9190861,3241533738.382985,-1867807985.0387914,-99433180.77928908,1240990952.7648497,1513040944.0099173,1191199015.6836166,2866649033.1634436,-2197610094.9656205,-250519204.32242167,532398863.0569427,-3598474883.790108,3177646618.938296,-1897221605.799689,-1385861683.8378386,5105638761.558619,-3473621554.159864,-1947782830.4890785,-2631032855.7315583,-6010077262.699104,-3020043399.0128245,1485731504.9019313,-999967298.8897802,-352293139.20746064,-962617860.5027807,-4747516019.586272,2207549808.5611978,3151874555.712737,-3032867535.5736322,-2628660227.9529324,-1661989723.7739573,1117878436.9575212,806737838.0446688,-502544491.79928833
-603166376.4648104,380155141.64652413,-3003414232.338546,-2189298895.51655,-189523241.4512707,1550173925.9861023,1497304519.78913,2559208881.889094,10505171197.05206,679849096.7559769,165978768.64009595,7391541257.093021,1515114116.1224294,-2474506353.7552223,3910932970.464464,-4985040233.172435,1075281469.2482767,-3420082771.5290246,-3202089474.125313,-2249343616.746959,5093522725.280902,1499256221.9691446,-1002433297.5347514,5540464094.735195,-3192477361.844774,-169952254.21041074,2121114994.4744723,2586105744.834549,2036010082.8061802,4899707152.894952,-3756178652.5648756,-428190101.73140436,909981823.9985331,-6150551712.660806,5431267548.197925,-3242751436.5664773,-2368729595.7349,8726612315.979176,-5937151068.159778,-3329171222.515442,-4496989463.707314,-10272488262.68041,-5161890441.754705,2539428159.6759048,-1709154791.3276377,-602143197.1775322,-1645316731.40813,-8114505097.884195,3773167716.5886726,5387217661.036195,-5183809591.944998,-4492934143.66072,-2840690591.153136,1910689766.8542573,1378884930.500533,-858954413.7117561
-2475908117.137666,1560480222.9181979,-12328567985.277195,-8986745810.751417,-777964672.8422301,6363233026.141394,6146211991.587194,10505171197.05206,43122162741.52032,2790679260.9198895,681318119.3273864,30341175695.90625,6219317731.438057,-10157479938.758966,16053797206.62343,-20462847503.32583,4413870238.915769,-14038930265.402239,-13144100256.707785,-9233220447.539783,20908151973.45288,6154223437.900064,-4114839349.1327357,22742779712.293385,-13104643967.249878,-697628685.8453985,8706861055.360786,10615578815.145565,8357518073.334584,20112567921.396786,-15418553785.717287,-1757656574.806387,3735339822.30227,-25247098497.18565,22294544155.005806,-13311011554.98658,-9723282104.979784,35821443497.301575,-24371120642.958714,-13665751900.14153,-18459471805.541965,-42167033962.78066,-21188791263.051567,10423974281.752718,-7015825792.226275,-2471708119.1587186,-6753780068.646087,-33308834560.201103,15488291363.117807,22113725933.238552,-21278766111.09451,-18442825319.37983,-11660611680.86418,7843096845.270464,5660117219.842928,-3525879905.2759967
-160230030.1798771,100987509.10989991,-797851424.9730397,-581583194.3564401,-50346498.56725037,411800830.6773536,397756171.1639157,679849096.7559769,2790679260.9198895,180600653.0756642,44091952.02786368,1963549237.554205,402487257.55558574,-657348027.683804,1038932095.8588996,-1324266699.9582846,285646529.6304434,-908538650.1982621,-850629134.6848618,-597533963.2946262,1353084872.7026284,398274637.21533096,-266294548.30878946,1471814019.6071086,-848075695.0099478,-45147501.352583975,563470267.4343643,686994198.8375423,540862305.8125428,1301598124.8417597,-997821897.9789281,-113747906.52120689,241734985.20154095,-1633882665.106616,1442806159.4488034,-861430909.9411583,-629248627.6713489,2318208390.5657206,-1577193178.8866878,-884388165.8922882,-1194616917.7527866,-2728867471.3132668,-1371246629.66238,674594385.5085622,-454033802.58032703,-159958224.52122912,-437075340.46553844,-2155603242.1213794,1002335011.870587,1431104388.9235282,-1377069411.5058181,-1193539629.2004201,-754624191.4817964,507571196.0905429,366298227.0318305,-228179648.39537412
-39118656.07686251,24655151.348209947,-194787928.4206958,-141988071.88440377,-12291624.035453202,100537303.27095991,97108431.69955325,165978768.64009595,681318119.3273864,44091952.02786368,10764636.450584363,479382096.08392555,98263481.89859743,-160485343.58571717,253645509.21132708,-323307271.36378264,69737916.01137674,-221811174.67481685,-207673110.9828125,-145882302.64642593,330342958.13638383,97235010.24648708,-65013311.66297437,359329563.5431603,-207049712.35441685,-11022338.587559171,137565971.06393442,167723178.56021476,132046449.62456922,317772952.3339285,-243608840.6464937,-27770482.459660973,59017325.35701801,-398897100.5989972,352247566.52136064,-210310262.6387918,-153625139.38840675,565968795.1053379,-385056895.73019487,-215915060.49517712,-291654495.72640634,-666227351.5739588,-334776980.35609293,164695879.77794978,-110848086.4498322,-39052297.386285804,-106707837.64115034,-526270277.3914228,244710674.4336906,349390689.5022404,-336198558.1238153,-291391485.7694354,-184234405.4492567,123918737.81206024,89428270.03694597,-55707917.16865838
-1742073180.2944593,1097969155.7456596,-8674501080.994665,-6323162296.04966,-547383557.2876401,4477233027.363172,4324534903.86703,7391541257.093021,30341175695.90625,1963549237.554205,479382096.08392555,21348348136.734093,4375972817.926713,-7146902285.519253,11295608816.01388,-14397859751.559055,3105642293.9504204,-9877928718.84523,-9248317568.031475,-6496584262.5816555,14711180334.434622,4330171835.882899,-2895241233.9326143,16002042365.249937,-9220555736.658209,-490858370.3544475,6126232643.234447,7469225137.887737,5880431502.745606,14151399609.70735,-10848645328.53281,-1236704365.9900832,2628221652.7783995,-17764105569.700047,15686659440.641367,-9365757991.044611,-6841396440.552982,25204318191.454826,-17147758979.005033,-9615356769.19004,-12988265005.967178,-29669137740.818604,-14908640884.75949,7334410313.428529,-4936403683.528557,-1739118020.6375213,-4752025748.310353,-23436421955.186695,10897713370.619158,15559433970.647825,-14971948068.539118,-12976552375.163103,-8204520488.781785,5518479692.54107,3982513865.765204,-2480843605.537725
-357089215.3112646,225061122.03177625,-1778094524.741882,-1296118376.36043,-112202385.20660436,917740796.6297971,886440818.3055677,1515114116.1224294,6219317731.438057,402487257.55558574,98263481.89859743,4375972817.926713,896984534.2252212,-1464968152.8668053,2315367766.146019,-2951265479.809944,636592872.3767301,-2024772469.1060896,-1895715117.074585,-1331666317.028647,3015489762.714242,887596273.6125804,-593464977.7209164,3280089961.7837725,-1890024511.9264784,-100615882.3920225,1255751842.8941302,1531037716.1737282,1205367659.0255318,2900746213.3049526,-2223749432.9051204,-253498989.3520297,538731448.2222079,-3641276721.750832,3215442940.875246,-1919787991.6058893,-1402345730.427475,5166367467.819795,-3514938331.707001,-1970950613.3853753,-2662327514.076081,-6081563756.797366,-3055965119.0053477,1503403447.1526423,-1011861348.0847328,-356483468.26452845,-974067659.4189217,-4803985056.562874,2233807373.79995,3189364333.510148,-3068941791.444084,-2659926664.9498096,-1681758158.238785,1131174973.368302,816333531.8618501,-508521976.4027449
583203286.625494,-367573089.05101424,2904009771.8485537,2116839334.801404,183250562.65306067,-1498867582.287354,-1447748003.3273664,-2474506353.7552223,-10157479938.758966,-657348027.683804,-160485343.58571717,-7146902285.519253,-1464968152.8668053,2392607238.965445,-3781492223.2638707,4820049593.871689,-1039692713.8752561,3306887768.5637608,3096109428.7096524,2174896746.7151294,-4924941624.063904,-1449635109.6841033,969255609.9753565,-5357090507.162057,3086815450.115518,164327318.4563614,-2050912126.8304596,-2500513007.585041,-1968623946.0732973,-4737540795.012885,3631859832.5283475,414018227.6797425,-879864016.3589898,5946985962.360322,-5251508055.483108,3135425596.302244,2290331390.0990114,-8437786293.621438,5740648271.065727,3218985133.273828,4348151915.851601,9932498148.041248,4991046563.436882,-2455380318.4542933,1652586633.0888643,582213971.7202846,1590861431.519562,7845938081.54035,-3648286607.6370473,-5208916094.718837,5012240252.478001,4344230814.918472,2746671820.2380905,-1847451375.7270572,-1333247765.6974714,830525468.2990205
-921747062.0987133,580945654.1015332,-4589758901.267811,-3345643762.427999,-289625711.8320641,2368945481.639977,2288151489.197299,3910932970.464464,16053797206.62343,1038932095.8588996,253645509.21132708,11295608816.01388,2315367766.146019,-3781492223.2638707,5976611291.610362,-7618041007.383423,1643224115.242589,-5226503615.683792,-4893370521.605861,-3437402931.7349653,7783821831.042137,2291134042.2531204,-1531898964.239372,8466828892.623004,-4878681479.292688,-259717711.9843411,3241446458.173597,3952036231.178257,3111390796.7608185,7487636662.865373,-5740118768.8974495,-654351740.0356692,1390616429.8420966,-9399152861.25459,8299956864.839227,-4955509337.551867,-3619846250.096386,13335838302.002453,-9073038169.2788,-5087574363.91991,-6872211365.569405,-15698215696.786076,-7888300038.217456,3880704458.0108647,-2611896930.8378015,-920183459.6260216,-2514340856.666014,-12400428021.638544,5766081124.168166,8232640689.337925,-7921796455.463513,-6866014104.316894,-4341087814.861433,2919878740.2237673,2107184988.5599394,-1312637339.416662
1174897709.6612556,-740497850.8563222,5850300415.815458,4264498749.4085484,369169157.0187355,-3019557897.144663,-2916574464.409674,-4985040233.172435,-20462847503.32583,-1324266699.9582846,-323307271.36378264,-14397859751.559055,-2951265479.809944,4820049593.871689,-7618041007.383423,9710276603.248716,-2094522812.9925818,6661922103.834475,6237296601.43798,4381458859.391313,-9921587837.909252,-2920376152.42828,1952623077.0408611,-10792177466.548904,6218573328.275561,331047157.5123668,-4131684467.5377684,-5037432184.164077,-3965910032.4581532,-9544057721.361391,7316597656.23264,834064345.9032519,-1772538395.2785738,11980556947.779503,-10579475336.931719,6316501359.146258,4614008813.664806,-16998422366.8274,11564877396.68221,6484837015.9399395,8759610662.522514,20009608303.20657,10054760170.40772,-4946509695.926776,3329234068.4096813,1172904675.9392676,3204884978.7117424,15806108942.052597,-7349690370.455908,-10493671298.51638,10097456117.640465,8751711371.641098,5533333753.54186,-3721800682.068989,-2685906924.8294873,1673142955.4547017
-253427390.22882447,159726618.01489872,-1261919529.4967952,-919859472.8682121,-79630401.30264409,651323660.5521357,629109962.4610827,1075281469.2482767,4413870238.915769,285646529.6304434,69737916.01137674,3105642293.9504204,636592872.3767301,-1039692713.8752561,1643224115.242589,-2094522812.9925818,451792054.5507844,-1436987677.5505924,-1345395250.2238586,-945087962.8000063,2140102997.2949066,629929993.0796955,-421184045.186698,2327890628.2203383,-1341356609.0487087,-71407422.09659903,891211211.0367217,1086582499.7511747,855453389.7219846,2058669123.5419781,-1578202283.1825397,-179909066.76405013,382339479.46403223,-2584226058.5273566,2282010425.20871,-1362479848.482594,-995249375.0537447,3666587975.7063847,-2494563287.9882703,-1398790129.5395625,-1889462588.1296241,-4316105789.580487,-2168828491.180598,1066970368.2244877,-718121325.6668209,-252997489.3236097,-691299020.2403252,-3409403986.2532253,1585340436.5171793,2263502351.106847,-2178038077.7041254,-1887758697.9152997,-1193549293.3732307,802798597.1322498,579354590.7354313,-360899718.1200284
806061180.4283566,-508032798.8143877,4013711168.769459,2925741422.292054,253275603.3013252,-2071625796.1107774,-2000972030.5269477,-3420082771.5290246,-14038930265.402239,-908538650.1982621,-221811174.67481685,-9877928718.84523,-2024772469.1060896,3306887768.5637608,-5226503615.683792,6661922103.834475,-1436987677.5505924,4570539844.740513,4279217348.51839,3005984156.360434,-6806896242.562177,-2003580251.721454,1339634633.3040948,-7404181008.637709,4266371886.583661,227121272.37063667,-2834621628.696667,-3456027277.700538,-2720888887.7010965,-6547884441.852194,5019692604.405512,572225893.171125,-1216084072.4177547,8219491617.928101,-7258252619.730515,4333557296.442594,3165529526.8870516,-11662094739.508286,7934306663.816638,4449047212.671131,6009699443.082791,13727976791.045454,6898261683.702221,-3393648154.8121123,2284085092.054016,804693821.3271565,2198773006.499638,10844085173.021711,-5042396497.520158,-7199385108.235295,6927554059.906464,6004279982.585887,3796250091.149279,-2553412970.779641,-1842718126.5143254,1147891918.3647625
754683495.4421248,-475651201.00784564,3757880479.8527474,2739257040.830503,237132022.0277794,-1939582050.823234,-1873431699.2300315,-3202089474.125313,-13144100256.707785,-850629134.6848618,-207673110.9828125,-9248317568.031475,-1895715117.074585,3096109428.7096524,-4893370521.605861,6237296601.43798,-1345395250.2238586,4279217348.51839,4006463511.906536,2814385168.617388,-6373030206.92141,-1875873674.3748863,1254247410.3610702,-6932244527.308027,3994436809.1066246,212644747.4087633,-2653945149.0927835,-3235742907.3190894,-2547461640.7684994,-6130527607.65102,4699741476.010146,535752679.2485528,-1138571861.971104,7695587901.1219,-6795617494.968625,4057339875.4844112,2963761246.474887,-10918762295.521418,7428580404.455559,4165468557.982083,5626646083.795017,12852966704.433975,6458572088.775023,-3177339778.5673666,2138499363.6673124,753403290.8985612,2058625001.4615455,10152891995.37409,-4720998241.405933,-6740502151.350347,6485997393.155769,5621572055.121225,3554280194.644652,-2390660502.44114,-1725264770.384626,1074726220.2718034
530135874.34022707,-334126513.6298614,2639765233.877153,1924221789.9463656,166576044.7055046,-1362481136.1725786,-1316013080.6761909,-2249343616.746959,-9233220447.539783,-597533963.2946262,-145882302.64642593,-6496584262.5816555,-1331666317.028647,2174896746.7151294,-3437402931.7349653,4381458859.391313,-945087962.8000063,3005984156.360434,2814385168.617388,1976996384.6831815,-4476806450.739682,-1317728473.4393868,881060141.4954087,-4869632813.4060955,2805936876.7335925,149374684.48526594,-1864293496.1298015,-2272983847.51173,-1789492962.6885986,-4306457783.794397,3301386039.9502597,376345470.70384866,-799802557.2409624,5405851916.059632,-4773657624.559067,2850123839.938801,2081927283.6639209,-7670006871.514,5218289509.285667,2926080044.5347114,3952500563.1824193,9028710422.474321,4536896303.862235,-2231957915.549081,1502212830.9599247,529236580.3142989,1446104190.110126,7132012700.405418,-3316318092.9727254,-4734941233.753559,4556161515.880837,3948936255.2353463,2496743932.922985,-1679346246.8312943,-1211931561.785401,754953470.8771696
-1200465372.8342814,756612274.8202024,-5977612361.3511505,-4357301100.005436,-377202870.9337519,3085268332.7110496,2980043815.381353,5093522725.280902,20908151973.45288,1353084872.7026284,330342958.13638383,14711180334.434622,3015489762.714242,-4924941624.063904,7783821831.042137,-9921587837.909252,2140102997.2949066,-6806896242.562177,-6373030206.92141,-4476806450.739682,10137497545.9354,2983928233.942763,-1995115295.270442,11027032604.636854,-6353899485.035721,-338251276.75480586,4221596566.2968206,5147054810.191858,4052214612.7483187,9751751766.513882,-7475818587.613461,-852214927.1870904,1811111681.9659128,-12241273134.84824,10809701734.159111,-6453958586.913532,-4714417065.1336355,17368335373.223755,-11816547728.653145,-6625957498.171242,-8950233878.158916,-20445049559.330296,-10273567922.155046,5054153701.206017,-3401683555.597309,-1198428967.8534002,-3274628429.8538,-16150075292.728313,7509631452.32923,10722030462.413527,-10317193002.413486,-8942162686.064201,-5653747994.53888,3802793049.828178,2744356578.739682,-1709553236.9764059
-353351752.25768214,222705526.75546193,-1759484154.3799043,-1282552594.2540576,-111028022.15850885,908135291.4610707,877162913.2690848,1499256221.9691446,6154223437.900064,398274637.21533096,97235010.24648708,4330171835.882899,887596273.6125804,-1449635109.6841033,2291134042.2531204,-2920376152.42828,629929993.0796955,-2003580251.721454,-1875873674.3748863,-1317728473.4393868,2983928233.942763,878306275.0274881,-587253494.9239415,3245759003.165513,-1870242629.7732582,-99562789.41385438,1242608555.8664255,1515013157.9720404,1192751716.1948411,2870385644.403324,-2200474629.47031,-250845750.45152915,533092832.5021178,-3603165413.0298276,3181788608.3649144,-1899694590.754666,-1387668122.8987896,5112293844.909535,-3478149339.9300294,-1950321720.7447953,-2634462346.604061,-6017911260.50465,-3023979956.298227,1487668121.9166884,-1001270733.3850528,-352752345.2469654,-963872610.926411,-4753704297.691302,2210427299.138884,3155982951.6655736,-3036820808.6396556,-2632086626.105992,-1664156089.287529,1119335565.9625738,807789402.3480365,-503199547.00762695
236258190.6276654,-148905459.10977158,1176427002.4130616,857540830.825774,74235601.54869083,-607197783.562494,-586489019.9190861,-1002433297.5347514,-4114839349.1327357,-266294548.30878946,-65013311.66297437,-2895241233.9326143,-593464977.7209164,969255609.9753565,-1531898964.239372,1952623077.0408611,-421184045.186698,1339634633.3040948,1254247410.3610702,881060141.4954087,-1995115295.270442,-587253494.9239415,392649668.50354785,-2170180689.9136224,1250482379.00997,66569712.351224,-830833431.7947847,-1012968706.9566077,-797498132.292758,-1919198403.1039264,1471282231.0689404,167720585.72988707,-356436743.9056879,2409149907.9206853,-2127408778.5707185,1270174561.4027581,927823218.2256414,-3418183966.2046504,2325561610.5281677,1304024892.9532037,1761455273.867529,4023698247.256585,2021894693.680497,-994685258.4965596,669470039.5398597,235857414.89579287,644464892.47676,3178423679.289525,-1477936789.3688316,-2110154590.676791,2030480349.9566507,1759866818.1352353,1112688713.5451756,-748410596.34572506,-540104475.5763401,336449483.6982075
-1305802615.3714664,823002737.0251034,-6502129949.468776,-4739641226.036288,-410301294.4402223,3355991391.9754915,3241533738.382985,5540464094.735195,22742779712.293385,1471814019.6071086,359329563.5431603,16002042365.249937,3280089961.7837725,-5357090507.162057,8466828892.623004,-10792177466.548904,2327890628.2203383,-7404181008.637709,-6932244527.308027,-4869632813.4060955,11027032604.636854,3245759003.165513,-2170180689.9136224,11994621702.171515,-6911435141.801644,-367931813.4282455,4592029025.540357,5598693460.074478,4407784313.386072,10607438787.838737,-8131799286.633729,-926994234.9316775,1970031309.4835625,-13315408203.96257,11758220698.342228,-7020274130.883641,-5128093048.349518,18892354803.99152,-12853414414.581678,-7207365431.204206,-9735590105.337252,-22239041448.734425,-11175042748.879093,5497640557.788414,-3700171102.682783,-1303587521.848597,-3561967270.6258626,-17567196048.495136,8168579129.329815,11662856535.409668,-11222495799.5088,-9726810689.743036,-6149847454.484573,4136476755.1780777,2985165652.876177,-1859561415.5537477
752418067.6543123,-474223379.30267537,3746599980.1812887,2731034270.526467,236420193.2698616,-1933759764.8288858,-1867807985.0387914,-3192477361.844774,-13104643967.249878,-848075695.0099478,-207049712.35441685,-9220555736.658209,-1890024511.9264784,3086815450.115518,-4878681479.292688,6218573328.275561,-1341356609.0487087,4266371886.583661,3994436809.1066246,2805936876.7335925,-6353899485.035721,-1870242629.7732582,1250482379.00997,-6911435141.801644,3982446208.5715156,212006424.9989628,-2645978470.238479,-3226029773.1678176,-2539814606.6715927,-6112124836.139977,4685633674.226037,534144443.56708366,-1135154068.483927,7672487092.316553,-6775218240.193169,4045160450.745533,2954864553.831586,-10885986081.472416,7406281105.212607,4152964550.205521,5609755876.424341,12814384346.909267,6439184585.118363,-3167801960.609219,2132079962.8712058,751141706.0651839,2052445369.2259846,10122414789.461332,-4706826630.776737,-6720268343.044902,6466527563.431564,5604697079.248613,3543610867.3702593,-2383484157.9461417,-1720085827.3756096,1071500080.1043324
40055145.69842815,-25245388.83127303,199451097.39850888,145387226.83183444,12585882.238714693,-102944138.22122458,-99433180.77928908,-169952254.21041074,-697628685.8453985,-45147501.352583975,-11022338.587559171,-490858370.3544475,-100615882.3920225,164327318.4563614,-259717711.9843411,331047157.5123668,-71407422.09659903,227121272.37063667,212644747.4087633,149374684.48526594,-338251276.75480586,-99562789.41385438,66569712.351224,-367931813.4282455,212006424.9989628,11286210.485891582,-140859262.46683595,-171738425.09201086,-135207605.19982925,-325380348.27402776,249440768.2497013,28435299.947011486,-60430184.04337529,408446586.504121,-360680275.5795352,215345031.58424813,157302882.54483128,-579517930.692912,394275050.7093715,221084007.11438835,298636623.3441405,682176649.4536179,342791447.9805286,-168638653.7021508,113501758.79803075,39987198.57303183,109262393.3242841,538869041.4818779,-250568980.15311837,-357755005.8740659,344247058.0760495,298367317.08748245,188644925.97913098,-126885318.03676753,-91569158.08118016,57041549.22174317
-499914350.00270045,315078920.14034194,-2489279795.9460616,-1814527429.7368724,-157080022.3982765,1284809997.856256,1240990952.7648497,2121114994.4744723,8706861055.360786,563470267.4343643,137565971.06393442,6126232643.234447,1255751842.8941302,-2050912126.8304596,3241446458.173597,-4131684467.5377684,891211211.0367217,-2834621628.696667,-2653945149.0927835,-1864293496.1298015,4221596566.2968206,1242608555.8664255,-830833431.7947847,4592029025.540357,-2645978470.238479,-140859262.46683595,1758015476.0143192,2143407563.2875113,1687479105.9246716,4060958987.944077,-3113183498.971583,-354891096.13431567,754208109.5301204,-5097679816.189932,4501525107.032856,-2687646461.1846433,-1963242585.8428743,7232761797.745725,-4920809803.7594805,-2759272621.0710745,-3727179852.02977,-8514009559.337107,-4278260869.474237,2104720401.92186,-1416575990.2205844,-499066322.173338,-1363665941.4307842,-6725437129.425361,3127264318.716678,4465015826.167595,-4296427826.817555,-3723818735.3567395,-2354411728.637052,1583611538.158758,1142842822.2799332,-711915740.5633016
-609505555.2438251,384150509.75350577,-3034979620.734502,-2212308065.405823,-191515099.88412076,1566465998.0523038,1513040944.0099173,2586105744.834549,10615578815.145565,686994198.8375423,167723178.56021476,7469225137.887737,1531037716.1737282,-2500513007.585041,3952036231.178257,-5037432184.164077,1086582499.7511747,-3456027277.700538,-3235742907.3190894,-2272983847.51173,5147054810.191858,1515013157.9720404,-1012968706.9566077,5598693460.074478,-3226029773.1678176,-171738425.09201086,2143407563.2875113,2613285290.746299,2057408213.688579,4951202267.348489,-3795655470.5487857,-432690307.984815,919545583.5014069,-6215192999.265908,5488349275.2345085,-3276832220.1470613,-2393624553.002488,8818327572.74003,-5999549549.042556,-3364160263.2617903,-4544252082.881077,-10380450422.57305,-5216141059.359913,2566117131.5771275,-1727117725.45506,-608471622.8850766,-1662608738.7824655,-8199787210.52047,3812823087.225153,5443836432.265802,-5238290577.177672,-4540154141.526899,-2870545781.105268,1930770801.3444755,1393376784.4531918,-867981883.4241604
-479856424.5913411,302437096.01350683,-2389403109.695322,-1741723646.2511728,-150777545.05312923,1233259920.9820158,1191199015.6836166,2036010082.8061802,8357518073.334584,540862305.8125428,132046449.62456922,5880431502.745606,1205367659.0255318,-1968623946.0732973,3111390796.7608185,-3965910032.4581532,855453389.7219846,-2720888887.7010965,-2547461640.7684994,-1789492962.6885986,4052214612.7483187,1192751716.1948411,-797498132.292758,4407784313.386072,-2539814606.6715927,-135207605.19982925,1687479105.9246716,2057408213.688579,1619772848.0807168,3898022251.2490916,-2988274096.6773252,-340651897.6390995,723947225.6181022,-4893147017.685437,4320911658.252316,-2579810764.958474,-1884471945.7309825,6942563693.846487,-4723373511.499733,-2648563087.5283365,-3577635244.7409616,-8172404305.941492,-4106605389.4019957,2020273287.4061344,-1359739101.9106126,-479042421.93724954,-1308951949.268914,-6455594273.433015,3001789955.9379807,4285867230.028576,-4124043439.4460735,-3574408984.4677134,-2259946317.0925155,1520072730.0259316,1096988856.1424868,-683351742.2633914
-1154786008.0499713,727822132.9230803,-5750155957.359297,-4191499777.066815,-362849780.5680841,2967869612.834315,2866649033.1634436,4899707152.894952,20112567921.396786,1301598124.8417597,317772952.3339285,14151399609.70735,2900746213.3049526,-4737540795.012885,7487636662.865373,-9544057721.361391,2058669123.5419781,-6547884441.852194,-6130527607.65102,-4306457783.794397,9751751766.513882,2870385644.403324,-1919198403.1039264,10607438787.838737,-6112124836.139977,-325380348.27402776,4060958987.944077,4951202267.348489,3898022251.2490916,9380684147.051302,-7191353368.32815,-819786973.1037176,1742196381.440654,-11775475788.738909,10398377657.287666,-6208376551.089673,-4535026986.440204,16707446230.719767,-11366911770.889402,-6373830666.454012,-8609665120.334826,-19667087192.9389,-9882644477.462027,4861836173.869776,-3272244799.899966,-1152827090.8844275,-3150024296.8161354,-15535542627.613083,7223879606.531989,10314042397.825806,-9924609562.662497,-8601901048.5142,-5438615076.772836,3658091523.477021,2639930021.2314234,-1644502375.6103811
885273837.2530107,-557957827.5457475,4408143666.743827,3213257750.66445,278165318.4980562,-2275207096.2353463,-2197610094.9656205,-3756178652.5648756,-15418553785.717287,-997821897.9789281,-243608840.6464937,-10848645328.53281,-2223749432.9051204,3631859832.5283475,-5740118768.8974495,7316597656.23264,-1578202283.1825397,5019692604.405512,4699741476.010146,3301386039.9502597,-7475818587.613461,-2200474629.47031,1471282231.0689404,-8131799286.633729,4685633674.226037,249440768.2497013,-3113183498.971583,-3795655470.5487857,-2988274096.6773252,-7191353368.32815,5512984176.823327,628459259.4368178,-1335590199.6649888,9027231505.36907,-7971530329.650855,4759421479.681104,3476610136.916554,-12808143611.905748,8714021063.476578,4886260736.934688,6600280245.169981,15077042517.745861,7576162627.058985,-3727146271.94836,2508545037.4833636,883772105.907098,2414849224.5872903,11909747205.0983,-5537919210.146951,-7906877832.515286,7608333601.951026,6594328207.630605,4169312412.531672,-2804340108.719025,-2023804378.5858521,1260696715.9781013
100917855.50617026,-63605072.92804575,502511637.06543976,366299180.8666339,31709788.921991292,-259364968.4069604,-250519204.32242167,-428190101.73140436,-1757656574.806387,-113747906.52120689,-27770482.459660973,-1236704365.9900832,-253498989.3520297,414018227.6797425,-654351740.0356692,834064345.9032519,-179909066.76405013,572225893.171125,535752679.2485528,376345470.70384866,-852214927.1870904,-250845750.45152915,167720585.72988707,-926994234.9316775,534144443.56708366,28435299.947011486,-354891096.13431567,-432690307.984815,-340651897.6390995,-819786973.1037176,628459259.4368178,71641970.09191898,-152252210.38601336,1029070106.249901,-908724183.0317688,542555972.6459377,396320352.2100424,-1460079728.5778594,993365305.7696162,557015167.0204105,752406880.3098296,1718725585.780494,863653767.1579704,-424880519.02066994,285964608.5095086,100746663.6928074,275283640.6922558,1357665949.131837,-631301758.0945565,-901354042.7232711,867321135.318279,751728371.461265,475285780.6568816,-319684121.79476494,-230706012.2195973,143714637.2743915
-214468792.4893272,135172346.2691355,-1067928601.523883,-778452363.196377,-67389069.17579947,551197718.2675526,532398863.0569427,909981823.9985331,3735339822.30227,241734985.20154095,59017325.35701801,2628221652.7783995,538731448.2222079,-879864016.3589898,1390616429.8420966,-1772538395.2785738,382339479.46403223,-1216084072.4177547,-1138571861.971104,-799802557.2409624,1811111681.9659128,533092832.5021178,-356436743.9056879,1970031309.4835625,-1135154068.483927,-60430184.04337529,754208109.5301204,919545583.5014069,723947225.6181022,1742196381.440654,-1335590199.6649888,-152252210.38601336,323563632.3144487,-2186961099.1467447,1931204125.902611,-1153030097.827113,-842252812.1966873,3102934914.387536,-2111081905.0028012,-1183758513.6470485,-1599001435.7975235,-3652604394.8540473,-1835421295.252811,902948362.3764075,-607726788.2769477,-214104979.39420357,-585027791.4602731,-2885287013.96573,1341631027.419763,1915541240.5155392,-1843215121.5600433,-1597559479.4689598,-1010068706.9170302,679386888.3884352,490292227.91943794,-305419737.3370369
1449590932.196246,-913627596.7058598,7218111301.603256,5261546318.324051,455481578.7509673,-3725536029.2396283,-3598474883.790108,-6150551712.660806,-25247098497.18565,-1633882665.106616,-398897100.5989972,-17764105569.700047,-3641276721.750832,5946985962.360322,-9399152861.25459,11980556947.779503,-2584226058.5273566,8219491617.928101,7695587901.1219,5405851916.059632,-12241273134.84824,-3603165413.0298276,2409149907.9206853,-13315408203.96257,7672487092.316553,408446586.504121,-5097679816.189932,-6215192999.265908,-4893147017.685437,-11775475788.738909,9027231505.36907,1029070106.249901,-2186961099.1467447,14781632972.600834,-13052975928.246513,7793310875.3594265,5692772472.3618555,-20972684457.021317,14268766785.576586,8001003714.045607,10807623581.801298,24687891149.0079,12405581399.982403,-6103012667.572817,4107615051.8221593,1447131924.0555975,3954192919.9963975,19501605986.026726,-9068061356.935875,-12947110751.490412,12458259738.925898,10797877421.277006,6827037257.183696,-4591964456.111864,-3313876853.936791,2064326824.645517
-1280066660.1872969,806782244.3071842,-6373980010.289151,-4646228030.956241,-402214700.2373268,3289848436.362994,3177646618.938296,5431267548.197925,22294544155.005806,1442806159.4488034,352247566.52136064,15686659440.641367,3215442940.875246,-5251508055.483108,8299956864.839227,-10579475336.931719,2282010425.20871,-7258252619.730515,-6795617494.968625,-4773657624.559067,10809701734.159111,3181788608.3649144,-2127408778.5707185,11758220698.342228,-6775218240.193169,-360680275.5795352,4501525107.032856,5488349275.2345085,4320911658.252316,10398377657.287666,-7971530329.650855,-908724183.0317688,1931204125.902611,-13052975928.246513,11526478902.803566,-6881912130.388393,-5027023888.451886,18520006951.86011,-12600087535.905537,-7065316064.41729,-9543712167.630484,-21800734026.610928,-10954794758.96988,5389288016.517711,-3627244738.154914,-1277895223.6730878,-3491764753.328535,-17220965639.10846,8007585281.705558,11432994263.662855,-11001312560.931885,-9535105785.182608,-6028640621.622177,4054951278.347182,2926331270.6464653,-1822911473.7780485
764266898.1207645,-481691292.1047626,3805600194.026369,2774041692.479748,240143260.78266448,-1964211972.5400887,-1897221605.799689,-3242751436.5664773,-13311011554.98658,-861430909.9411583,-210310262.6387918,-9365757991.044611,-1919787991.6058893,3135425596.302244,-4955509337.551867,6316501359.146258,-1362479848.482594,4333557296.442594,4057339875.4844112,2850123839.938801,-6453958586.913532,-1899694590.754666,1270174561.4027581,-7020274130.883641,4045160450.745533,215345031.58424813,-2687646461.1846433,-3276832220.1470613,-2579810764.958474,-6208376551.089673,4759421479.681104,542555972.6459377,-1153030097.827113,7793310875.3594265,-6881912130.388393,4108862296.8258557,3001396781.2094045,-11057414981.341066,7522912764.498738,4218364058.7947564,5698096452.186765,13016181023.126272,6540586728.567521,-3217687456.0410986,2165655250.59551,762970436.5820396,2084766598.5099452,10281819221.570112,-4780948175.77312,-6826096900.756446,6568360295.0948925,5692957990.175306,3599414476.3737893,-2421018476.417744,-1747173169.1458368,1088373708.3023782
558273323.252688,-351860585.4936074,2779873198.61633,2026351629.3596723,175417222.05819112,-1434796074.3862808,-1385861683.8378386,-2368729595.7349,-9723282104.979784,-629248627.6713489,-153625139.38840675,-6841396440.552982,-1402345730.427475,2290331390.0990114,-3619846250.096386,4614008813.664806,-995249375.0537447,3165529526.8870516,2963761246.474887,2081927283.6639209,-4714417065.1336355,-1387668122.8987896,927823218.2256414,-5128093048.349518,2954864553.831586,157302882.54483128,-1963242585.8428743,-2393624553.002488,-1884471945.7309825,-4535026986.440204,3476610136.916554,396320352.2100424,-842252812.1966873,5692772472.3618555,-5027023888.451886,3001396781.2094045,2192427487.318017,-8077099533.451524,5495255018.13697,3081384431.0800843,4162283161.4664702,9507917522.842,4777696242.658232,-2350421133.13743,1581944156.9255352,557326298.0912657,1522857498.5333076,7510550826.081006,-3492334722.6466756,-4986252589.407006,4797983973.174594,4158529674.358963,2629260911.0189953,-1768479092.120731,-1276255943.191253,795023319.9411856
