V1,V2,V3,V4,V5,V6,V7,V8,V9,V10,V11,V12,V13,V14,V15,V16,V17,V18,V19,V20,V21,V22,V23,V24,V25,V26,V27,V28,V29,V30,V31,V32,V33,V34,V35,V36,V37,V38,V39,V40,V41,V42,V43,V44,V45,V46,V47,V48,V49,V50,V51,V52,V53,V54,V55,V56
141176727.60834077,-88978863.79008682,702977170.0361674,512425867.127577,44359686.142348826,-362832694.9780185,-350458116.12784696,-599006756.4877416,-2458833496.821911,-159125034.8415901,-38848881.84903455,-1730059310.3494723,-354626618.769047,579181338.2277057,-915390412.1879406,1166795255.389247,-251679677.36622426,800502335.7720441,749478967.0289342,526479895.061605,-1192186596.1283977,-350914930.40443164,234628881.82144243,-1296797400.7958927,747229162.3243885,39778913.150599234,-496466787.606944,-605302218.348617,-476547187.7908604,-1146822250.2277808,879168717.8663777,100221895.08029926,-212989750.0403052,1439594109.370616,-1271238928.6368887,758996279.630698,554423299.5143979,-2042545169.3251858,1389645694.036073,779223638.1018486,1052562411.4146104,2404371881.541084,1208188699.280253,-594376893.736472,400043652.1713855,140937242.77542332,385101757.7142345,1899275753.762182,-883145167.0498503,-1260928640.7163353,1213319081.051168,1051613225.7646108,664890181.1668217,-447214796.8381667,-322740904.75037444,201046308.06897223
-88978863.79008682,56080335.37372257,-443062471.94589484,-322964501.4467133,-27958393.65917894,228681040.500485,220881766.9154968,377533475.4128145,1549718673.595473,100291068.33418415,24485121.875696056,1090397224.3306801,223509031.6395198,-365038192.50701064,576939275.0266492,-735391150.9907,158625094.3611719,-504529249.11058605,-472370964.7150965,-331822274.90521455,751394444.9514884,221169681.268181,-147878561.4834191,817327058.2082618,-470952989.7056747,-25071288.90065455,312906039.4506898,381501290.2396266,300351397.21692735,722802848.685437,-554109979.5594952,-63166432.87016146,134240156.3879107,-907326941.1162732,801218426.9732953,-478369401.4977643,-349434047.1832583,1287346375.7136629,-875846162.7476119,-491118013.6148788,-663394096.1128821,-1515393380.375989,-761480023.1075765,374615431.86980605,-252133834.0396652,-88827924.78348348,-242716469.25636572,-1197048562.6504085,556616199.7233229,794720205.5593309,-764713527.6646839,-662795856.5501758,-419057545.4034813,281864194.0759334,203412556.53774026,-126712613.40596798
702977170.0361674,-443062471.94589484,3500413352.69939,2551579799.995268,220885177.26826343,-1806693679.0213664,-1745075547.1234913,-2982701768.371241,-12243546406.359224,-792349197.3017076,-193444611.2374104,-8614679066.051064,-1765832240.5760636,2883982831.4681315,-4558106518.842182,5809954953.2201805,-1253216946.1144297,3986031387.8497443,3731964985.6803226,2621560604.7258306,-5936388916.608257,-1747350213.0264926,1168314001.6659677,-6457289270.866584,3720762279.7879944,198075621.57469934,-2472112960.443342,-3014049472.184408,-2372925054.391567,-5710501121.609459,4377743758.57304,499046162.9885177,-1060563838.9690938,7168332996.413917,-6330023092.898412,3779355610.093608,2760702342.0468454,-10170675075.44967,6919619230.111544,3880075973.278173,5241142496.252461,11972359554.825615,6016069988.965901,-2959647771.1656337,1991982387.2652318,701784677.2135369,1917580530.0856495,9457277551.366913,-4397544139.855232,-6278683916.897394,6041616277.681842,5236416109.628403,3310762521.2494965,-2226866977.1145663,-1607060115.4693582,1001092512.3566781
512425867.127577,-322964501.4467133,2551579799.995268,1859940190.0821595,161011314.76610988,-1316965350.153189,-1272049631.3219376,-2174200820.1339803,-8924770460.56719,-577572418.6087356,-141008878.67521402,-6279555833.172732,-1287179947.2595377,2102240962.7280264,-3322571178.8560987,4235089460.56026,-913515840.3506957,2905564613.800106,2720366285.720378,1910951767.4304361,-4327251817.739435,-1273707718.9404955,851626966.7375765,-4706955209.2142,2712200222.15753,144384592.00892264,-1802013893.1098764,-2197051311.7416105,-1729712186.7984626,-4162593911.4812675,3191098141.557179,363773069.585916,-773083917.396157,5225261084.2142725,-4614186220.124359,2754911051.7612133,2012377288.2047346,-7413778448.532549,5043964489.218489,2828329822.295881,3820461177.927676,8727092408.299372,4385334276.938047,-2157395914.877536,1452029092.0988617,511556615.1659623,1397794846.720699,6893756802.192227,-3205531366.269369,-4576763209.488754,4403955904.239886,3817015941.3712316,2413336346.4473453,-1623245092.4213378,-1171445116.3699975,729733084.2275012
44359686.142348826,-27958393.65917894,220885177.26826343,161011314.76610988,13938430.050820222,-114007065.43139857,-110118801.47384648,-188216231.15553734,-772599590.2966015,-49999293.707601085,-12206857.228529006,-543608632.7077442,-111428603.21729296,181986810.68159634,-287628364.25550824,366623253.49782944,-79081245.6796968,251528937.20254692,235496687.00636145,165427285.30218583,-374601564.4546569,-110262338.9327368,73723650.1257126,-407471731.10975885,234789767.23867258,12499086.138983179,-155996750.47038764,-190194353.12717083,-149737736.950198,-360347457.39107084,276247005.3006848,31491108.498673737,-66924333.520778924,452340438.3560191,-399440904.53581023,238487159.3459592,174207491.19797975,-641796024.6543175,436645952.69575334,244842875.47055116,330729710.0782128,755486996.8459144,379629646.88561946,-186761465.88003764,125699263.38886783,44284436.63294937,121004313.63480501,596778786.7084141,-277496461.4837565,-396201269.8426101,381241684.4271681,330431462.0120586,208917717.63591373,-140521092.89892516,-101409669.94842115,63171539.019715086
-362832694.9780185,228681040.500485,-1806693679.0213664,-1316965350.153189,-114007065.43139857,932501885.2328258,900698472.5532621,1539483452.0447645,6319350223.243463,408960926.08533025,99843967.25113408,4446356657.809681,911411775.1516939,-1488530932.5969753,2352608508.4041944,-2998734101.521893,646831933.2028733,-2057339230.443395,-1926206099.2449307,-1353085049.1669142,3063991377.8085117,901872512.4872713,-603010361.7674314,3332847447.980659,-1920423965.5166695,-102234203.92946997,1275949554.7971165,1555663168.9931614,1224754983.0332923,2947402275.4438314,-2259516571.6015425,-257576308.1876953,547396490.0655897,-3699843592.2980313,3267160634.4378686,-1950666165.4821036,-1424901281.4293826,5249464140.5858755,-3571473155.943498,-2002651695.38077,-2705148810.9331126,-6179380590.77096,-3105117746.612946,1527584425.6253946,-1028136287.1866791,-362217204.85468495,-989734718.2431222,-4881253112.533711,2269736285.568901,3240662573.755688,-3118303137.3002787,-2702709346.708685,-1708807822.826101,1149368970.6826117,829463569.0641658,-516701124.1295439
-350458116.12784696,220881766.9154968,-1745075547.1234913,-1272049631.3219376,-110118801.47384648,900698472.5532621,869979730.7850721,1486978649.4561186,6103825832.177543,395013122.84548366,96438742.22605518,4294711587.317789,880327651.0609312,-1437763889.9046106,2272371696.0639195,-2896460874.0634294,624771427.5724183,-1987172714.8539765,-1860511940.7251952,-1306937451.6056805,2959492520.960818,871113729.2973276,-582444412.0996726,3219179129.405496,-1854927009.389308,-98747459.12588501,1232432699.2549605,1502606550.4796653,1182984142.6157835,2846879743.8730226,-2182454703.0033894,-248791547.19711795,528727277.51669306,-3573658699.4064603,3155732595.094429,-1884137784.8169901,-1376304357.4180284,5070428713.690803,-3449666396.5564303,-1934350323.82317,-2612888447.7317,-5968629930.056687,-2999216255.2174597,1475485445.6257792,-993071218.2791193,-349863617.8735441,-955979353.0531554,-4714775695.777415,2192325869.293466,3130138263.907914,-3011951952.607799,-2610532182.31977,-1650528133.8609092,1110169205.045438,801174326.951719,-499078791.1423662
-599006756.4877416,377533475.4128145,-2982701768.371241,-2174200820.1339803,-188216231.15553734,1539483452.0447645,1486978649.4561186,2541559794.0013766,10432724320.57443,675160649.2635044,164834128.24192017,7340566925.842114,1504665425.3597615,-2457441400.4279857,3883961979.464154,-4950661869.675515,1067865999.0648923,-3396496833.7619395,-3180006884.87024,-2233831454.585129,5058396233.310465,1488916892.1002426,-995520210.640695,5502255358.257924,-3170461060.6583767,-168780211.4388183,2106487136.1467214,2568271167.943883,2021969133.9982674,4865917272.445056,-3730274894.7157993,-425237171.7139804,903706310.7721515,-6108135625.203961,5393811864.534165,-3220388429.968399,-2352394111.312978,8666430926.004652,-5896206656.877335,-3306212238.6200647,-4465976847.718782,-10201646038.942947,-5126292465.083747,2521915485.697514,-1697367936.6742592,-597990633.3581284,-1633970123.5554976,-8058544986.667683,3747146796.95098,5350065758.875951,-5148060454.102462,-4461949494.403521,-2821100319.2273264,1897513065.3089368,1369375717.90392,-853030801.125318
-2458833496.821911,1549718673.595473,-12243546406.359224,-8924770460.56719,-772599590.2966015,6319350223.243463,6103825832.177543,10432724320.57443,42824779106.44766,2771433882.434655,676619541.0092018,30131933660.088486,6176427412.465029,-10087430847.631306,15943085306.606432,-20321729442.736824,4383430838.548161,-13942113504.614061,-13053454517.5902,-9169545332.808165,20763962956.921257,6111782029.10377,-4086462157.317796,22585938541.243824,-13014270330.782587,-692817624.8663671,8646815876.130377,10542370533.932732,8299882070.246219,19973865496.038555,-15312222718.796131,-1745535237.0075734,3709579775.4048934,-25072986777.15552,22140794153.57609,-13219214744.457119,-9656227375.034702,35574407857.07061,-24203049934.37441,-13571508691.598503,-18332169637.04697,-41876237188.148735,-21042666872.069523,10352087364.05087,-6967442509.8423,-2454662463.3149967,-6707203933.787559,-33079126640.376865,15381479364.510702,21961222909.615753,-21132021226.014843,-18315637950.152813,-11580196533.097433,7789008448.4481945,5621083318.781867,-3501564358.084579
-159125034.8415901,100291068.33418415,-792349197.3017076,-577572418.6087356,-49999293.707601085,408960926.08533025,395013122.84548366,675160649.2635044,2771433882.434655,179355175.68905994,43787880.42595168,1950008000.91855,399711582.21851414,-652814754.4573739,1031767302.0786592,-1315134151.4019554,283676623.71815425,-902273089.5368803,-844762935.7695531,-593413186.1609075,1343753585.2019699,395528013.39637756,-264458099.5882581,1461663939.5669262,-842227105.3975972,-44836150.36160897,559584403.9754604,682256476.5359876,537132353.7822737,1292621905.714067,-990940612.707273,-112963466.1318837,240067906.74138597,-1622614910.076695,1432856126.49325,-855490218.6800712,-624909136.5068892,2302221315.843737,-1566316371.903395,-878289154.3658911,-1186378473.7860203,-2710048365.858151,-1361790093.1241307,669942176.1226804,-450902646.4818677,-158855103.6379385,-434061135.1151889,-2140737542.277111,995422602.7889262,1421235054.962826,-1367572719.2830582,-1185308614.5423753,-749420072.0480644,504070829.74433714,363772122.3294773,-226606051.68958178
-38848881.84903455,24485121.875696056,-193444611.2374104,-141008878.67521402,-12206857.228529006,99843967.25113408,96438742.22605518,164834128.24192017,676619541.0092018,43787880.42595168,10690400.22544686,476076130.39819276,97585826.84467953,-159378587.52406362,251896292.13491353,-321077645.448411,69256981.99428266,-220281496.91415927,-206240933.63824758,-144876253.6303999,328064811.97383124,96564447.84873235,-64564959.9608974,356851516.8740405,-205621834.1559773,-10946325.16713998,136617274.01531634,166566508.17618918,131135816.88302132,315581492.7806234,-241928839.509604,-27578968.714058653,58610323.81479607,-396146184.0798221,349818359.46994996,-208859898.68724892,-152565693.39731634,562065701.0342752,-382401425.50444835,-214426044.1406513,-289643157.04079956,-661632843.8056438,-332468255.8202804,163560086.56769034,-110083644.11443573,-38782980.788187586,-105971947.72896703,-522640956.4554225,243023074.7092372,346981184.34778917,-333880029.9518138,-289381960.8822932,-182963868.58966595,123064156.25923546,88811545.30742748,-55323738.31770372
-1730059310.3494723,1090397224.3306801,-8614679066.051064,-6279555833.172732,-543608632.7077442,4446356657.809681,4294711587.317789,7340566925.842114,30131933660.088486,1950008000.91855,476076130.39819276,21201123392.701374,4345794769.775506,-7097615059.50638,11217710839.740738,-14298567703.154974,3084224833.973906,-9809807498.510653,-9184538338.933113,-6451781828.73451,14609727531.37564,4300309645.324868,-2875274764.0747366,15891687382.45986,-9156967961.647589,-487473260.76803535,6083984267.528593,7417715074.81369,5839878246.95021,14053807225.889647,-10773829749.296524,-1228175674.0955157,2610096631.694241,-17641598859.638596,15578479435.046318,-9301168856.837536,-6794216076.370408,25030501497.512367,-17029502783.712975,-9549046325.400236,-12898693954.44178,-29464530284.46667,-14805826333.297884,7283829974.653755,-4902360732.566524,-1727124530.3781645,-4719254324.032135,-23274797214.88834,10822559403.14324,15452131350.840513,-14868696931.35796,-12887062097.525509,-8147939603.875073,5480422567.231685,3955049230.9959116,-2463734948.5833607
-354626618.769047,223509031.6395198,-1765832240.5760636,-1287179947.2595377,-111428603.21729296,911411775.1516939,880327651.0609312,1504665425.3597615,6176427412.465029,399711582.21851414,97585826.84467953,4345794769.775506,890798654.290218,-1454865284.022413,2299400281.2342677,-2930912649.601613,632202733.051969,-2010809018.3221843,-1882641685.2977457,-1322482738.4462922,2994694022.187018,881475137.9951543,-589372261.5643938,3257469457.2870526,-1876990324.3050554,-99922004.46463133,1247091793.7639155,1520479211.3924963,1197055074.6565754,2880741779.419185,-2208413776.065469,-251750782.71353835,535016191.2334905,-3616165362.7918806,3193268262.02439,-1906548545.9210556,-1392674724.9772792,5130738616.206612,-3490698240.9575686,-1957358334.595829,-2643967288.5336957,-6039623431.411013,-3034890248.0293403,1493035516.7573078,-1004883242.4661188,-354025049.13874936,-967350190.6508881,-4770855304.989707,2218402354.324086,3167369500.7225103,-3047777429.3641024,-2641582996.3939247,-1670160239.1504838,1123374044.472667,810703845.9303117,-505015053.18341154
579181338.2277057,-365038192.50701064,2883982831.4681315,2102240962.7280264,181986810.68159634,-1488530932.5969753,-1437763889.9046106,-2457441400.4279857,-10087430847.631306,-652814754.4573739,-159378587.52406362,-7097615059.50638,-1454865284.022413,2376107087.0106306,-3755413895.27647,4786809056.329547,-1032522674.643278,3284082458.1853676,3074757710.2866383,2159897992.9557776,-4890977718.9681635,-1439637982.1981456,962571326.5783693,-5320146371.079424,3065527825.8158865,163194066.9625441,-2036768408.9655526,-2483268704.413286,-1955047712.6970053,-4704869263.400888,3606813415.31301,411163031.23610926,-873796204.752539,5905973726.639084,-5215292048.310495,3113802741.5545664,2274536563.704601,-8379596736.318907,5701059003.224196,3196786026.3801885,4318165729.158576,9864000600.221046,4956626778.441059,-2438447264.1299458,1641189889.7641687,578198845.9409794,1579890364.0813024,7791830090.683685,-3623126906.357123,-5172993814.748541,4977674309.315808,4314271669.335731,2727729930.539235,-1834710785.4900365,-1324053280.967705,824797910.4251606
-915390412.1879406,576939275.0266492,-4558106518.842182,-3322571178.8560987,-287628364.25550824,2352608508.4041944,2272371696.0639195,3883961979.464154,15943085306.606432,1031767302.0786592,251896292.13491353,11217710839.740738,2299400281.2342677,-3755413895.27647,5935394750.551175,-7565504664.518353,1631891938.7111847,-5190460046.784394,-4859624340.503989,-3413697548.8414345,7730142212.8693075,2275333680.5211244,-1521334520.0242953,8408439048.664523,-4845036598.321986,-257926619.13630548,3219092451.1087127,3924781779.5067005,3089933693.3466287,7435999628.284299,-5700533152.67238,-649839130.1269152,1381026313.2383146,-9334333425.796736,8242717821.467421,-4921334628.150802,-3594882682.2264314,13243870278.625,-9010467720.573048,-5052488893.66847,-6824818492.229423,-15589955995.707407,-7833899906.346625,3853941932.0779448,-2593884490.037623,-913837592.7961977,-2497001192.416228,-12314910873.90982,5726316463.588604,8175865878.916325,-7867165322.043261,-6818663969.190047,-4311150344.370298,2899742362.5786276,2092653195.8109145,-1303584990.4906712
1166795255.389247,-735391150.9907,5809954953.2201805,4235089460.56026,366623253.49782944,-2998734101.521893,-2896460874.0634294,-4950661869.675515,-20321729442.736824,-1315134151.4019554,-321077645.448411,-14298567703.154974,-2930912649.601613,4786809056.329547,-7565504664.518353,9643311563.22656,-2080078342.4872954,6615979449.620668,6194282294.677216,4351242977.819424,-9853165530.925047,-2900236344.4780564,1939157190.5517588,-10717751306.974783,6175688142.937699,328764154.9715599,-4103191106.6344047,-5002692509.7330265,-3938559902.805595,-9478238977.633818,7266140158.997264,828312382.8471711,-1760314427.884356,11897935359.507536,-10506516036.356974,6272940832.12945,4582189196.418438,-16881196042.529087,11485122461.846329,6440115594.701809,8699201705.849527,19871615918.887424,9985419466.252337,-4912397050.806934,3306274651.110997,1164815966.2374747,3182783110.8015356,15697105176.129047,-7299004655.730784,-10421303728.855698,10027820969.16141,8691356890.896997,5495174190.080713,-3696134005.225464,-2667384088.4488196,1661604449.4410748
-251679677.36622426,158625094.3611719,-1253216946.1144297,-913515840.3506957,-79081245.6796968,646831933.2028733,624771427.5724183,1067865999.0648923,4383430838.548161,283676623.71815425,69256981.99428266,3084224833.973906,632202733.051969,-1032522674.643278,1631891938.7111847,-2080078342.4872954,448676358.23896855,-1427077770.6277196,-1336116992.7180037,-938570346.8917925,2125344191.8836086,625585803.0099183,-418279431.07661897,2311836781.820806,-1332106203.247999,-70914974.65267518,885065145.7007586,1079089094.2006485,849553921.2695031,2044471911.0541103,-1567318517.110328,-178668358.7645067,379702749.36750984,-2566404444.5291605,2266272982.733592,-1353083770.3590522,-988385830.6925895,3641302062.591059,-2477360015.9039063,-1389143644.600301,-1876432275.7087967,-4286340602.7846794,-2153871585.970959,1059612213.9387277,-713168941.1688595,-251252741.18815482,-686531610.5733849,-3385891692.657979,1574407443.5530822,2247892545.976199,-2163017660.3658113,-1874740136.041734,-1185318212.0700238,797262252.2497419,575359184.1231357,-358410843.1835133
800502335.7720441,-504529249.11058605,3986031387.8497443,2905564613.800106,251528937.20254692,-2057339230.443395,-1987172714.8539765,-3396496833.7619395,-13942113504.614061,-902273089.5368803,-220281496.91415927,-9809807498.510653,-2010809018.3221843,3284082458.1853676,-5190460046.784394,6615979449.620668,-1427077770.6277196,4539020002.812462,4249706555.7057633,2985253969.4098125,-6759953802.308815,-1989762948.9569716,1330396102.7733533,-7353119509.791196,4236949680.0077624,225554974.54871562,-2815073210.1948786,-3432193455.6134977,-2702124804.995126,-6502728226.268289,4985075267.550845,568279648.2418534,-1207697584.379463,8162807487.529949,-7208197487.725606,4303671758.712807,3143699066.2186127,-11581669364.11452,7879589256.167617,4418365221.124239,5968254715.9979725,13633304460.60295,6850689159.399063,-3370244518.24829,2268333342.044502,799144406.3974586,2183609594.7475104,10769301042.014004,-5007622587.664614,-7149735944.608232,6879779526.408442,5962872629.761265,3770069988.3899145,-2535803853.265809,-1830010178.207286,1139975704.2955534
749478967.0289342,-472370964.7150965,3731964985.6803226,2720366285.720378,235496687.00636145,-1926206099.2449307,-1860511940.7251952,-3180006884.87024,-13053454517.5902,-844762935.7695531,-206240933.63824758,-9184538338.933113,-1882641685.2977457,3074757710.2866383,-4859624340.503989,6194282294.677216,-1336116992.7180037,4249706555.7057633,3978833713.048903,2794976306.940207,-6329079839.668524,-1862937075.2617948,1245597736.2585907,-6884437646.90906,3966889950.0719647,211178284.13549623,-2635642730.9043775,-3213428233.685483,-2529893565.4477973,-6088249612.560094,4667330620.082153,532057964.76789224,-1130719921.8653452,7642516771.136031,-6748752836.408493,4029359217.6467037,2943322241.633863,-10843463168.213062,7377350639.908222,4136742211.648549,5587843009.938714,12764328711.411594,6414031798.519462,-3155427870.7825413,2123751617.408259,748207591.1679078,2044428093.2549918,10082874544.112242,-4688440792.312332,-6694017585.070268,6441267969.604845,5582803973.321815,3529768790.3645496,-2374173775.7709484,-1713366816.376444,1067314579.2545344
526479895.061605,-331822274.90521455,2621560604.7258306,1910951767.4304361,165427285.30218583,-1353085049.1669142,-1306937451.6056805,-2233831454.585129,-9169545332.808165,-593413186.1609075,-144876253.6303999,-6451781828.73451,-1322482738.4462922,2159897992.9557776,-3413697548.8414345,4351242977.819424,-938570346.8917925,2985253969.4098125,2794976306.940207,1963362412.406684,-4445933022.992422,-1308641014.4945197,874984081.0404909,-4836050334.804238,2786586277.063199,148344550.9349177,-1851436757.4749718,-2257308655.0805516,-1777152071.4064138,-4276759132.6033654,3278618671.181186,373750077.1328334,-794286873.9679871,5368571506.372864,-4740737020.240303,2830468513.4401627,2067569675.7829006,-7617112156.136966,5182302587.376789,2905900900.79918,3925242909.334473,8966445671.47537,4505608478.09358,-2216565650.4978237,1491853111.4155066,525586802.843287,1436131412.9261334,7082828157.528972,-3293447748.192676,-4702287629.515294,4524740831.311355,3921703181.949315,2479525622.443062,-1667764961.019622,-1203573710.7276871,749747080.6298859
-1192186596.1283977,751394444.9514884,-5936388916.608257,-4327251817.739435,-374601564.4546569,3063991377.8085117,2959492520.960818,5058396233.310465,20763962956.921257,1343753585.2019699,328064811.97383124,14609727531.37564,2994694022.187018,-4890977718.9681635,7730142212.8693075,-9853165530.925047,2125344191.8836086,-6759953802.308815,-6329079839.668524,-4445933022.992422,10067586259.514174,2963350151.3817754,-1981356369.4317665,10950986812.13574,-6310081049.096369,-335918592.40494114,4192483144.0396028,5111559144.574608,4024269300.2883387,9684500701.075777,-7424263054.0958605,-846337792.170496,1798621701.381676,-12156853567.936575,10735154721.870998,-6409450112.772691,-4681905001.845379,17248558015.58747,-11735057198.167553,-6580262866.887262,-8888510325.434996,-20304054238.804665,-10202718252.76623,5019298710.0655775,-3378224504.4606957,-1190164234.8205626,-3252045589.75512,-16038699429.553595,7457842734.94059,10648088058.050013,-10246042481.114809,-8880494794.75641,-5614758017.608932,3776567824.819359,2725430655.6476383,-1697763634.513822
-350914930.40443164,221169681.268181,-1747350213.0264926,-1273707718.9404955,-110262338.9327368,901872512.4872713,871113729.2973276,1488916892.1002426,6111782029.10377,395528013.39637756,96564447.84873235,4300309645.324868,881475137.9951543,-1439637982.1981456,2275333680.5211244,-2900236344.4780564,625585803.0099183,-1989762948.9569716,-1862937075.2617948,-1308641014.4945197,2963350151.3817754,872249206.0833893,-583203615.0518403,3223375255.4688306,-1857344864.0678015,-98876173.93862228,1234039146.868841,1504565163.4497857,1184526135.2287536,2850590586.297491,-2185299482.801736,-249115841.36346316,529416461.1346071,-3578316881.320964,3159846020.093651,-1886593715.3121238,-1378098338.7227616,5077037901.55154,-3454162957.329952,-1936871705.1143274,-2616294287.7857246,-5976409902.216098,-3003125664.798382,1477408707.137747,-994365663.8901811,-350319657.08762306,-957225450.3343921,-4720921297.622927,2195183515.815108,3134218327.1043878,-3015877962.6919565,-2613934950.981527,-1652679559.4548907,1111616285.2434483,802218639.346702,-499729328.8898658
234628881.82144243,-147878561.4834191,1168314001.6659677,851626966.7375765,73723650.1257126,-603010361.7674314,-582444412.0996726,-995520210.640695,-4086462157.317796,-264458099.5882581,-64564959.9608974,-2875274764.0747366,-589372261.5643938,962571326.5783693,-1521334520.0242953,1939157190.5517588,-418279431.07661897,1330396102.7733533,1245597736.2585907,874984081.0404909,-1981356369.4317665,-583203615.0518403,389941836.196654,-2155214459.5277815,1241858669.7167332,66110627.23439356,-825103750.1043211,-1005982964.657316,-791998341.0406284,-1905963023.391681,1461135818.4010608,166563933.21889794,-353978647.00218666,2392535672.657721,-2112737516.378376,1261415048.797013,921424665.2836491,-3394611123.184384,2309523825.746944,1295031938.0946202,1749307739.0750623,3995949592.3922844,2007951088.9104316,-987825604.4655355,664853169.1969802,234230869.9608795,640020465.288646,3156504296.601058,-1467744484.8347435,-2095602318.6516173,2016477535.8753393,1747730237.813692,1105015271.55464,-743249327.7693808,-536379749.7803886,334129225.0652869
-1296797400.7958927,817327058.2082618,-6457289270.866584,-4706955209.2142,-407471731.10975885,3332847447.980659,3219179129.405496,5502255358.257924,22585938541.243824,1461663939.5669262,356851516.8740405,15891687382.45986,3257469457.2870526,-5320146371.079424,8408439048.664523,-10717751306.974783,2311836781.820806,-7353119509.791196,-6884437646.90906,-4836050334.804238,10950986812.13574,3223375255.4688306,-2155214459.5277815,11911903119.049831,-6863771769.294816,-365394443.00950277,4560360987.640371,5560083156.068758,4377386883.423697,10534286642.74679,-8075719909.399422,-920601398.9102237,1956445370.495367,-13223581072.797964,11677132408.910358,-6971860171.390727,-5092728148.845684,18762067341.82428,-12764773334.017488,-7157661232.829275,-9668450495.655472,-22085674210.958122,-11097976233.113623,5459727145.531191,-3674653590.039854,-1294597583.2358804,-3537402853.9178166,-17446047286.772778,8112246107.039715,11582425906.439442,-11145102032.979998,-9659731625.59813,-6107436223.810815,4107950345.191436,2964579036.6975884,-1846737310.772509
747229162.3243885,-470952989.7056747,3720762279.7879944,2712200222.15753,234789767.23867258,-1920423965.5166695,-1854927009.389308,-3170461060.6583767,-13014270330.782587,-842227105.3975972,-205621834.1559773,-9156967961.647589,-1876990324.3050554,3065527825.8158865,-4845036598.321986,6175688142.937699,-1332106203.247999,4236949680.0077624,3966889950.0719647,2786586277.063199,-6310081049.096369,-1857344864.0678015,1241858669.7167332,-6863771769.294816,3954982040.388483,210544363.79265106,-2627730992.707149,-3203782084.281306,-2522299267.6400537,-6069973752.19329,4653320110.016222,530460819.97135186,-1127325698.5291352,7619575272.57981,-6728494261.139299,4017263785.947862,2934486903.3069024,-10810912988.969759,7355205123.457692,4124324435.337561,5571069282.608259,12726012429.635885,6394777997.021246,-3145955828.5387225,2117376486.7649465,745961602.9160883,2038291077.6537733,10052607518.339912,-4674366913.44915,-6673923315.301916,6421932409.785082,5566045372.44853,3519173042.0374227,-2367046921.545109,-1708223588.9445047,1064110687.5372049
39778913.150599234,-25071288.90065455,198075621.57469934,144384592.00892264,12499086.138983179,-102234203.92946997,-98747459.12588501,-168780211.4388183,-692817624.8663671,-44836150.36160897,-10946325.16713998,-487473260.76803535,-99922004.46463133,163194066.9625441,-257926619.13630548,328764154.9715599,-70914974.65267518,225554974.54871562,211178284.13549623,148344550.9349177,-335918592.40494114,-98876173.93862228,66110627.23439356,-365394443.00950277,210544363.79265106,11208377.325066507,-139887853.8741774,-170554064.34010804,-134275172.16366386,-323136425.78650826,247720548.3514738,28239201.4150568,-60013438.99714242,405629813.8073306,-358192913.9858231,213859946.3221613,156218073.7111352,-575521397.6340898,391556009.26283777,219559344.12185624,296577133.7687798,677472150.4454168,340427453.219382,-167475669.91895193,112719015.92496479,39711434.6104301,108508886.41145384,535152835.60985994,-248840979.76006818,-355287817.83552635,341873024.9825203,296309684.73221225,187343972.82004678,-126010278.03927332,-90937669.13349594,56648173.235841274
-496466787.606944,312906039.4506898,-2472112960.443342,-1802013893.1098764,-155996750.47038764,1275949554.7971165,1232432699.2549605,2106487136.1467214,8646815876.130377,559584403.9754604,136617274.01531634,6083984267.528593,1247091793.7639155,-2036768408.9655526,3219092451.1087127,-4103191106.6344047,885065145.7007586,-2815073210.1948786,-2635642730.9043775,-1851436757.4749718,4192483144.0396028,1234039146.868841,-825103750.1043211,4560360987.640371,-2627730992.707149,-139887853.8741774,1745891663.122866,2128625968.5795894,1675841733.4281518,4032953371.6029563,-3091714032.538279,-352443658.4995148,749006859.52785,-5062524655.641983,4470481211.862344,-2669111628.4261355,-1949703463.9703736,7182882458.248193,-4886874392.964358,-2740243832.39237,-3701476078.7812476,-8455294343.052329,-4248756672.8362484,2090205605.7146707,-1406806848.54732,-495624608.03849995,-1354261683.6452262,-6679056456.147769,3105697746.6388893,4434223710.170884,-4266798345.278932,-3698138141.402736,-2338174984.6095037,1572690468.2045825,1134961428.3185625,-707006151.6784962
-605302218.348617,381501290.2396266,-3014049472.184408,-2197051311.7416105,-190194353.12717083,1555663168.9931614,1502606550.4796653,2568271167.943883,10542370533.932732,682256476.5359876,166566508.17618918,7417715074.81369,1520479211.3924963,-2483268704.413286,3924781779.5067005,-5002692509.7330265,1079089094.2006485,-3432193455.6134977,-3213428233.685483,-2257308655.0805516,5111559144.574608,1504565163.4497857,-1005982964.657316,5560083156.068758,-3203782084.281306,-170554064.34010804,2128625968.5795894,2595263275.3880262,2043219696.8216665,4917057260.821261,-3769479468.474301,-429706343.16290885,913204115.6623578,-6172331125.7121105,5450499938.507015,-3254234182.032634,-2377117385.333961,8757513686.278332,-5958174818.735177,-3340959984.229794,-4512913529.404415,-10308863658.73431,-5180168953.818282,2548420402.282898,-1715206992.904786,-604275416.3047472,-1651142879.9512475,-8143238967.749336,3786528692.0118294,5406294069.730685,-5202165721.781442,-4508843848.708807,-2850749618.650272,1917455614.8391066,1383767631.5987322,-861996014.644246
-476547187.7908604,300351397.21692735,-2372925054.391567,-1729712186.7984626,-149737736.950198,1224754983.0332923,1182984142.6157835,2021969133.9982674,8299882070.246219,537132353.7822737,131135816.88302132,5839878246.95021,1197055074.6565754,-1955047712.6970053,3089933693.3466287,-3938559902.805595,849553921.2695031,-2702124804.995126,-2529893565.4477973,-1777152071.4064138,4024269300.2883387,1184526135.2287536,-791998341.0406284,4377386883.423697,-2522299267.6400537,-134275172.16366386,1675841733.4281518,2043219696.8216665,1608602398.6679392,3871140296.514696,-2967666043.7153378,-338302657.86707014,718954663.9311461,-4859402377.934603,4291113328.714378,-2562019600.1763134,-1871476050.3081894,6894685649.316708,-4690799681.816354,-2630297785.682802,-3552962776.8874536,-8116044904.066083,-4078284981.4941163,2006340864.3633838,-1350361924.8092947,-475738798.7485173,-1299925015.9206507,-6411074519.098534,2981088693.4767647,4256310577.598224,-4095602773.4083476,-3549758765.8907437,-2244361035.4622316,1509589843.1477935,1089423685.1770742,-678639139.4579595
-1146822250.2277808,722802848.685437,-5710501121.609459,-4162593911.4812675,-360347457.39107084,2947402275.4438314,2846879743.8730226,4865917272.445056,19973865496.038555,1292621905.714067,315581492.7806234,14053807225.889647,2880741779.419185,-4704869263.400888,7435999628.284299,-9478238977.633818,2044471911.0541103,-6502728226.268289,-6088249612.560094,-4276759132.6033654,9684500701.075777,2850590586.297491,-1905963023.391681,10534286642.74679,-6069973752.19329,-323136425.78650826,4032953371.6029563,4917057260.821261,3871140296.514696,9315992077.513454,-7141759594.047758,-814133471.1884109,1730181661.8649914,-11694268502.91658,10326667261.750376,-6165561685.847303,-4503752052.050612,16592226566.925703,-11288522067.613775,-6329874778.984465,-8550290234.020796,-19531456939.044353,-9814490735.822742,4828307463.26789,-3249678398.0497627,-1144876842.3549774,-3128300764.9651904,-15428404769.8213,7174061521.347842,10242913604.048815,-9856166416.945847,-8542579705.622197,-5401108722.301423,3632864204.489915,2621724255.645465,-1633161383.8008602
879168717.8663777,-554109979.5594952,4377743758.57304,3191098141.557179,276247005.3006848,-2259516571.6015425,-2182454703.0033894,-3730274894.7157993,-15312222718.796131,-990940612.707273,-241928839.509604,-10773829749.296524,-2208413776.065469,3606813415.31301,-5700533152.67238,7266140158.997264,-1567318517.110328,4985075267.550845,4667330620.082153,3278618671.181186,-7424263054.0958605,-2185299482.801736,1461135818.4010608,-8075719909.399422,4653320110.016222,247720548.3514738,-3091714032.538279,-3769479468.474301,-2967666043.7153378,-7141759594.047758,5474964950.278367,624125212.0020998,-1326379560.7892394,8964976953.4351,-7916556216.205494,4726599052.175629,3452634369.131365,-12719814732.652174,8653926506.636946,4852563587.082406,6554762692.080928,14973066617.066004,7523915090.330458,-3701442730.272917,2491245342.9797783,877677342.9189259,2398195685.0901513,11827613942.4905,-5499728023.972678,-7852349582.477495,7555864204.328494,6548851701.617598,4140559557.799812,-2785000520.845631,-2009847604.0470192,1252002565.491361
100221895.08029926,-63166432.87016146,499046162.9885177,363773069.585916,31491108.498673737,-257576308.1876953,-248791547.19711795,-425237171.7139804,-1745535237.0075734,-112963466.1318837,-27578968.714058653,-1228175674.0955157,-251750782.71353835,411163031.23610926,-649839130.1269152,828312382.8471711,-178668358.7645067,568279648.2418534,532057964.76789224,373750077.1328334,-846337792.170496,-249115841.36346316,166563933.21889794,-920601398.9102237,530460819.97135186,28239201.4150568,-352443658.4995148,-429706343.16290885,-338302657.86707014,-814133471.1884109,624125212.0020998,71147905.1442056,-151202232.53748262,1021973323.7657691,-902457342.882066,538814340.565206,393587205.7359965,-1450010571.7966557,986514754.5260878,553173819.9131116,747218052.1282017,1706872727.9868133,857697746.4021384,-421950412.88307786,283992509.037417,100051883.85857885,273385200.4375045,1348303069.1278448,-626948107.9130235,-895138029.3105699,861339823.2652718,746544222.4910194,472008064.41534865,-317479482.2232519,-229114992.92583704,142723537.1380876
-212989750.0403052,134240156.3879107,-1060563838.9690938,-773083917.396157,-66924333.520778924,547396490.0655897,528727277.51669306,903706310.7721515,3709579775.4048934,240067906.74138597,58610323.81479607,2610096631.694241,535016191.2334905,-873796204.752539,1381026313.2383146,-1760314427.884356,379702749.36750984,-1207697584.379463,-1130719921.8653452,-794286873.9679871,1798621701.381676,529416461.1346071,-353978647.00218666,1956445370.495367,-1127325698.5291352,-60013438.99714242,749006859.52785,913204115.6623578,718954663.9311461,1730181661.8649914,-1326379560.7892394,-151202232.53748262,321332238.45814687,-2171879145.9202266,1917885951.0595212,-1145078449.296989,-836444378.9671053,3081536125.3248277,-2096523237.9290137,-1175594952.5582423,-1587974232.3992279,-3627414916.787545,-1822763668.1328166,896721354.0500048,-603535718.307124,-212628445.9131826,-580993260.7173951,-2865389191.454877,1332378729.1469295,1902331081.72372,-1830503745.827965,-1586542220.2460785,-1003102963.9054921,674701628.4263477,486911022.62152505,-303313469.33029974
1439594109.370616,-907326941.1162732,7168332996.413917,5225261084.2142725,452340438.3560191,-3699843592.2980313,-3573658699.4064603,-6108135625.203961,-25072986777.15552,-1622614910.076695,-396146184.0798221,-17641598859.638596,-3616165362.7918806,5905973726.639084,-9334333425.796736,11897935359.507536,-2566404444.5291605,8162807487.529949,7642516771.136031,5368571506.372864,-12156853567.936575,-3578316881.320964,2392535672.657721,-13223581072.797964,7619575272.57981,405629813.8073306,-5062524655.641983,-6172331125.7121105,-4859402377.934603,-11694268502.91658,8964976953.4351,1021973323.7657691,-2171879145.9202266,14679694306.5864,-12962958610.39108,7739565817.831335,5653513370.6876545,-20828050404.72607,14170365001.786276,7945826343.118129,10733090901.09096,24517635894.046898,12320028712.973286,-6060924423.933516,4079287680.9710903,1437152059.3027756,3926923595.1377015,19367116941.20328,-9005525229.849451,-12857823512.306917,12372343765.968096,10723411953.068617,6779955918.325634,-4560296863.505387,-3291023344.6937203,2050090594.9209177
-1271238928.6368887,801218426.9732953,-6330023092.898412,-4614186220.124359,-399440904.53581023,3267160634.4378686,3155732595.094429,5393811864.534165,22140794153.57609,1432856126.49325,349818359.46994996,15578479435.046318,3193268262.02439,-5215292048.310495,8242717821.467421,-10506516036.356974,2266272982.733592,-7208197487.725606,-6748752836.408493,-4740737020.240303,10735154721.870998,3159846020.093651,-2112737516.378376,11677132408.910358,-6728494261.139299,-358192913.9858231,4470481211.862344,5450499938.507015,4291113328.714378,10326667261.750376,-7916556216.205494,-902457342.882066,1917885951.0595212,-12962958610.39108,11446988775.736624,-6834452357.604949,-4992355992.815023,18392287314.466267,-12513193475.044168,-7016591481.961219,-9477895806.944742,-21650389490.994144,-10879247140.765682,5352121836.555293,-3602230148.047746,-1269082467.0139167,-3467684474.6695213,-17102204588.277039,7952362522.274157,11354148835.285234,-10925444141.724989,-9469348776.745506,-5987065270.372618,4026987093.006116,2906150394.378025,-1810340118.2142172
758996279.630698,-478369401.4977643,3779355610.093608,2754911051.7612133,238487159.3459592,-1950666165.4821036,-1884137784.8169901,-3220388429.968399,-13219214744.457119,-855490218.6800712,-208859898.68724892,-9301168856.837536,-1906548545.9210556,3113802741.5545664,-4921334628.150802,6272940832.12945,-1353083770.3590522,4303671758.712807,4029359217.6467037,2830468513.4401627,-6409450112.772691,-1886593715.3121238,1261415048.797013,-6971860171.390727,4017263785.947862,213859946.3221613,-2669111628.4261355,-3254234182.032634,-2562019600.1763134,-6165561685.847303,4726599052.175629,538814340.565206,-1145078449.296989,7739565817.831335,-6834452357.604949,4080526324.6018567,2980698230.2016153,-10981159662.672369,7471032455.1185255,4189272928.8942413,5658800634.719777,12926417454.204012,6495480840.243292,-3195497298.3293915,2150720229.0208197,757708758.8862466,2070389409.846824,10210912648.690235,-4747977293.580111,-6779022046.8848505,6523062871.75422,5653697609.111886,3574591812.271041,-2404322391.8692346,-1735124128.119307,1080867950.0319505
554423299.5143979,-349434047.1832583,2760702342.0468454,2012377288.2047346,174207491.19797975,-1424901281.4293826,-1376304357.4180284,-2352394111.312978,-9656227375.034702,-624909136.5068892,-152565693.39731634,-6794216076.370408,-1392674724.9772792,2274536563.704601,-3594882682.2264314,4582189196.418438,-988385830.6925895,3143699066.2186127,2943322241.633863,2067569675.7829006,-4681905001.845379,-1378098338.7227616,921424665.2836491,-5092728148.845684,2934486903.3069024,156218073.7111352,-1949703463.9703736,-2377117385.333961,-1871476050.3081894,-4503752052.050612,3452634369.131365,393587205.7359965,-836444378.9671053,5653513370.6876545,-4992355992.815023,2980698230.2016153,2177307836.207699,-8021397382.462211,5457358057.290657,3060134260.7518916,4133578782.602573,9442348012.986366,4744747786.790439,-2334211909.481468,1571034585.7440577,553482805.3278059,1512355407.0370176,7458755768.409939,-3468250513.305757,-4951865865.129941,4764895606.906438,4129851180.689948,2611128722.892245,-1756283118.9256096,-1267454491.5138216,789540595.7500827
