V1,V2,V3,V4,V5,V6,V7,V8,V9,V10,V11,V12,V13,V14,V15,V16,V17,V18,V19,V20,V21,V22,V23,V24,V25,V26,V27,V28,V29,V30,V31,V32,V33,V34,V35,V36,V37,V38,V39,V40,V41,V42,V43,V44,V45,V46,V47,V48,V49,V50,V51,V52,V53,V54,V55,V56
579.5178549955621,125.36261603080852,-583.0527696820564,-172.20336088451313,-158.18421740551375,-788.4122029407267,49.09914475986381,-36.48993278319633,-220.22494507327073,-381.2179492578255,573.9706375107485,365.383055064756,-584.08154034628,883.9409734350616,104.37443271426561,212.5972330346304,-355.44855527435107,-469.0188909416127,128.87477414825975,-673.4216591010387,18.162921796898935,-228.7606045176137,831.8780464431403,568.4951364696951,722.5315712659676,596.8102869355484,-34.20953699521737,-428.5122445106518,-590.6608772287497,-54.43762936032292,532.4711941292177,356.78876191138374,371.52969985341207,-45.31163435584677,538.0398416842353,-452.5274495505054,-756.7080020900731,-332.7560027531898,-419.39195785661195,-429.7215061062158,739.4339198085964,965.6941784841881,393.7146359151004,-665.3838003611672,-664.1256787777504,-258.3346935600724,781.246739489109,-296.9160856710509,-141.82725383496313,-243.62241092002475,479.59073496756224,-494.9818751416014,107.3034726293484,40.81096603883336,-518.7111051207039,14.885118930413984
125.36261603080852,27.37332525043568,-125.95018954591423,-37.33875166741931,-34.058591002057526,-171.09354838300914,11.254513289485644,-7.5502105702956515,-47.389050703680226,-82.23120249741274,123.82176976522513,79.2895674507288,-126.33443264013692,190.67045980631417,22.270945177409686,45.811823293043844,-77.10388080802919,-101.68353739492271,28.01556577994029,-145.40662725032016,3.8979517457211443,-48.48809020572202,179.86808260920841,122.99809070872769,156.49136149329033,128.79604482049504,-7.371239216084721,-92.68399779402546,-127.100410851637,-11.612200042094747,114.7806969908954,76.76901799045278,80.23370205865386,-9.386095823561025,115.57502281923803,-97.71521873632868,-162.9167971708685,-71.70087502111298,-90.34358568876627,-92.72561906835443,159.6817466780145,209.04679283689606,84.97165703502067,-143.71865614864885,-143.76470626624607,-56.00887568873565,169.00216869709269,-64.19191159226612,-30.42649527639381,-52.65070143665123,103.82374909048397,-106.79041847838826,23.249088164373998,8.871206147066486,-112.0540902004954,2.713950584200033
-583.0527696820564,-125.95018954591423,586.8809617471587,173.2997771191642,159.3026856730999,792.8465953597683,-48.9093418589817,36.950153399920104,221.83527456792018,383.7673758129548,-577.7139623623088,-367.5173389102686,587.7778235186264,-889.9863968512997,-105.38713608506181,-213.90679495812665,357.40755389850966,471.6306363673148,-129.70890675629732,677.975637262308,-18.325951910925273,231.09627492388515,-837.1932994009244,-572.2750479666289,-726.773576423994,-600.97114877538,34.472621364861396,431.1740504111256,595.0447386911189,54.95584757983333,-536.2857621304806,-359.5540731650488,-373.89478092696044,46.140358129437914,-542.1045019138979,455.5163453609337,762.058733613769,335.0563758973454,422.24561252513706,432.5790680491275,-744.4009891473235,-971.4562245050777,-396.34492769595084,669.6964972608004,668.1523126796471,259.9242941775429,-786.1876962248464,298.6470724073388,142.9947475711622,245.216252083738,-482.52285552376657,498.43388074073255,-107.90434662902345,-40.85037159874063,522.0572673609942,-15.421030584029761
-172.20336088451313,-37.33875166741931,173.2997771191642,51.36327118065275,47.02661337838224,234.33953985823547,-14.787819057088576,10.710927643058511,65.45528512546439,113.27102844722035,-170.27155525363628,-108.75487026036375,173.57001434632807,-262.5459794375585,-31.05285563990619,-62.95702175295651,105.63792307883686,139.28468048191627,-38.384223598117785,200.2455660407326,-5.345120282390399,67.85141687616073,-247.17923244474437,-169.17475236436925,-214.62641994909043,-177.56166749361782,10.245117645443253,127.34226986614314,175.57601307554614,16.241698040545998,-158.4157640847863,-106.1926776873796,-110.28050207149363,13.635467698420324,-159.80076281790843,134.3804680532631,224.62927331168825,98.71929681521496,124.54695874686098,127.73065278456328,-219.88185947333318,-286.83751268214945,-117.0150141287241,197.73813480629443,197.37451093095578,76.93484606249409,-232.2507828617704,88.07972377887404,42.1974954146519,72.54276474707343,-142.51703280619654,147.16416627286407,-31.880776455833203,-12.063234065410548,154.05410130023364,-4.337270741186088
-158.18421740551375,-34.058591002057526,159.3026856730999,47.02661337838224,43.315893636823745,214.7955402299542,-12.998378103173868,10.168654972039754,60.31506442571507,104.23736916945194,-156.7935878352182,-99.62141353592658,159.43515759776184,-241.6315532690954,-28.744053262274473,-58.06955161523364,96.86497389144739,127.80405354132662,-35.098834773288516,184.08353001576188,-4.951609530018873,63.16189710325266,-227.1116484622227,-155.25849643246545,-197.0282900117346,-163.24160137891226,9.401113724253559,116.97770891376199,161.77434267027687,15.02072922552153,-145.7464172423559,-97.78646974128814,-101.45819818883727,12.772115435940936,-147.46192452849883,123.60619185126852,207.03899267954665,90.96395899332977,114.7424754121467,117.49912953119495,-202.11657035399634,-263.41442631253426,-107.6315312176973,181.80021903214055,181.20898571953947,70.49441077352542,-213.2844969565689,81.00701029791006,38.93565798109191,66.61367212695515,-130.84234074276182,135.36076877337547,-29.25983530810329,-11.08924395305167,141.66096394629463,-4.4191007895749594
-788.4122029407267,-171.09354838300914,792.8465953597683,234.33953985823547,214.7955402299542,1073.9403505478126,-68.12300546379561,48.93086196251392,299.02545222804105,518.0916037793285,-780.3846295346324,-497.5650855036872,794.6946593402942,-1201.5927575560504,-141.3060870624738,-288.9587797048018,484.0434039333646,638.6942310379382,-175.7116704614129,915.5301960296513,-24.735524161229208,309.0397076941531,-1131.7234721955426,-773.4564610725531,-983.5522759948127,-811.1375234301692,46.3856180587717,582.9679375210766,802.0473167811045,73.61171109070317,-723.3680508892969,-484.38419184600394,-505.2700935730175,60.58383211789778,-730.1827217135752,615.4210893972158,1027.9672503064191,452.27046701746684,569.7097405809837,584.0310910967222,-1005.3022901043951,-1314.3141427662265,-535.1783764875044,904.734476749137,903.783281722005,351.6437752362426,-1062.8958005138813,403.94660903375313,192.33942050015654,331.1670348073653,-652.7227482283014,672.7863609614852,-146.05621531596952,-55.536843181051786,705.4755964623604,-19.14417214427615
49.09914475986381,11.254513289485644,-48.9093418589817,-14.787819057088576,-12.998378103173868,-68.12300546379561,5.753982566330661,-2.235434402968249,-18.011208690516394,-31.699898209492417,47.74836817724302,31.557665617762858,-49.393828418749536,73.4206975289981,8.02974334496651,17.592665596473104,-30.661408938401074,-40.3084572216515,11.201490076151991,-56.30808875146851,1.4398133613881776,-16.82603930249467,70.18658215583505,48.108762382057904,61.68179676279377,49.718388322973546,-2.826862076488167,-36.25828071558211,-48.279575224733726,-4.193724280561562,44.036127844926256,29.121658503571663,31.123015549381538,-2.7412148092683375,43.495589421661734,-37.84715727618083,-62.09876399302097,-27.44603001406008,-34.58275654962654,-35.816513926045765,61.889831719821785,82.16150763505452,32.84030441803599,-55.80063031756403,-56.49361840107568,-22.175899277953462,66.13100830774533,-25.086319047946645,-11.352602417761,-20.512982420759627,40.79433992565304,-41.152431136173604,9.192851493272505,3.6326810332177786,-43.523237078098596,-0.024294528917145293
-36.48993278319633,-7.5502105702956515,36.950153399920104,10.710927643058511,10.168654972039754,48.93086196251392,-2.235434402968249,2.7628082489854173,14.198393430699106,24.31534017944688,-36.62665431889723,-22.664041534567627,36.808273621032455,-56.411459306367526,-6.981341080953442,-13.638640962947447,22.097044612001614,29.24503925167061,-7.938101253554632,42.7570076473236,-1.1951270780725411,15.741702408359599,-52.51170336817745,-35.765459079884664,-45.25464220276769,-37.974496464164474,2.1828508280162997,27.000682558677198,38.08583778476579,3.6373201058026177,-34.051517796827845,-23.00413485901807,-23.58939084600956,3.392454323397521,-34.968332583428825,28.747064050439608,48.70735637556159,21.349528324464917,26.914885496315694,27.360967037090198,-46.917272565864394,-60.63267337746216,-25.05248842413661,42.187328187779016,41.688375934372864,16.08789907320236,-49.19266942964406,18.756458107218393,9.26390996588004,15.389254211781987,-30.102566847092685,31.548193418353893,-6.7063893992903125,-2.505488063286148,32.88171565051539,-1.6157489079721492
-220.22494507327073,-47.389050703680226,221.83527456792018,65.45528512546439,60.31506442571507,299.02545222804105,-18.011208690516394,14.198393430699106,84.00702331578572,145.14886972682987,-218.38692133692368,-138.67073861576586,222.02187901733353,-336.5671282810456,-40.07850205177297,-80.86514483596476,134.82320874645933,177.91705619468323,-48.90434425948526,256.35467326717577,-6.926361528287904,88.08424304652105,-316.2770853995695,-216.22242141340317,-274.3168114959779,-227.33244916863612,13.076298969800835,162.87216765001105,225.34390797303004,20.921547856948795,-202.9736119077159,-136.2183887168944,-141.2928674371817,17.84272078140549,-205.41830444432577,172.16496364826418,288.4047569065371,126.72900231777481,159.7816363910042,163.60208824629868,-281.4564037674512,-366.7573650263662,-149.87864317780748,253.14268461365492,252.2925268246305,98.13285092035146,-296.9843923537972,112.77902279176979,54.24497980532456,92.72137978495499,-182.1872912871398,188.5310567788499,-40.72423677119396,-15.37477174009276,197.28358755492397,-6.220985816358082
-381.2179492578255,-82.23120249741274,383.7673758129548,113.27102844722035,104.23736916945194,518.0916037793285,-31.699898209492417,24.31534017944688,145.14886972682987,251.02361180869858,-377.82782313695515,-240.1719073206138,384.2600834723551,-582.0459561118621,-69.01854919652013,-139.94351624839237,233.59578629920225,308.2529863295974,-84.68806717618298,443.3592999783101,-11.96775849312458,151.517644513306,-547.3401760270085,-374.0839932441871,-475.06612327612083,-393.0374882961563,22.566448078895917,281.9067356316387,389.31906702476317,36.01432952115803,-350.8021295295493,-235.23918469142873,-244.50134879246266,30.339985154133306,-354.7884905802229,297.8524720822009,498.538580246105,219.14439992714088,276.2584553379308,282.94616529406534,-486.79661056128737,-635.0567141182689,-259.22104093153627,437.9528012326757,436.78892225701026,169.88195744503452,-513.982382288101,195.28824935985872,93.59922379074162,160.37456628110235,-315.4159402733722,325.97080054267354,-70.54178835471598,-26.750242144192118,341.36386914281513,-10.303392621936721
573.9706375107485,123.82176976522513,-577.7139623623088,-170.27155525363628,-156.7935878352182,-780.3846295346324,47.74836817724302,-36.62665431889723,-218.38692133692368,-377.82782313695515,569.2682674707132,361.477152672534,-578.6581853781788,876.4686084650697,103.73949691708627,210.9449291899825,-351.7835245718021,-464.4109341594845,127.58260111664914,-667.2564614066933,18.156449706028496,-227.83522116527928,824.2603394129325,563.0271621350518,715.586473217377,591.3132004589579,-33.79385929297173,-424.4557172284223,-585.7860719253085,-54.00074321801601,527.6775855713513,353.74433285577845,368.3045321353174,-45.19823861097146,533.8957551797985,-448.6391761172597,-750.7076396153085,-330.17900341884445,-415.8224946482844,-425.7933898910002,732.6093697410986,956.5466428896175,390.1641855731949,-659.2685888556562,-657.7085822481173,-255.58877181845904,773.8190889016048,-294.2375842474181,-140.7148896621976,-241.1329940072445,475.0229257958449,-490.61414613038744,106.21994113658702,40.25673192092455,-514.1153397391407,15.382359287706553
365.383055064756,79.2895674507288,-367.5173389102686,-108.75487026036375,-99.62141353592658,-497.5650855036872,31.557665617762858,-22.664041534567627,-138.67073861576586,-240.1719073206138,361.477152672534,230.67563747967392,-368.2774691491262,556.8742137761897,65.60499204306888,133.77438516444093,-224.27823636409397,-295.84117306763414,81.4372765605658,-424.48321528528083,11.40856231171671,-143.40528672010956,524.4553869251425,358.6283358119365,455.6700652234563,376.1957536535801,-21.5883992982927,-270.17686360620417,-371.9473417240195,-34.23252663540688,335.53330900356787,224.75484545494322,234.0818098829829,-28.358419830664456,338.57002710011585,-285.15254813653746,-476.39924462078733,-209.51211624284926,-264.08402714354355,-270.7789459929238,466.11058642537625,608.9256554778783,248.10166631177327,-419.3710506547335,-418.8324279376934,-163.0801238479828,492.65608220203757,-187.08375175626168,-89.26265064972571,-153.64482993308897,302.4587540379792,-311.9334500474403,67.67700457883493,25.700870757916142,-326.89594189594726,8.948833565182042
-584.08154034628,-126.33443264013692,587.7778235186264,173.57001434632807,159.43515759776184,794.6946593402942,-49.393828418749536,36.808273621032455,222.02187901733353,384.2600834723551,-578.6581853781788,-368.2774691491262,588.8443732096539,-891.2675115185879,-105.32637904301461,-214.2537909378159,358.19427270581014,472.7005876277844,-130.05100521253345,678.9173617792824,-18.386221708541452,230.79187045897876,-838.6796712578906,-573.2358548674224,-728.2808750913075,-601.6945341953483,34.454384644653175,431.9313097706421,595.555562000597,54.877321695993274,-536.8189527106283,-359.7917024625447,-374.5301284837704,45.80671036334595,-542.4653447042299,456.27579719948216,762.9594023168225,335.5525320705065,422.71556351232005,433.12637238472036,-745.4410886614189,-973.3920635008732,-396.8815265529196,670.7031520788196,669.4172454768894,260.3987019718859,-787.5643103011321,299.21839863901556,143.0213529435473,245.50750684519943,-483.46606853742134,499.0825569011838,-108.12060312854098,-40.93861508123748,522.9349444977177,-15.092520326435867
883.9409734350616,190.67045980631417,-889.9863968512997,-262.5459794375585,-241.6315532690954,-1201.5927575560504,73.4206975289981,-56.411459306367526,-336.5671282810456,-582.0459561118621,876.4686084650697,556.8742137761897,-891.2675115185879,1350.1385729014453,160.12150075160065,324.56208636663854,-541.6163569043404,-714.881273829699,196.63307389535436,-1028.161979383057,27.919661143519157,-351.46280002920213,1269.5517388553794,867.6788951019175,1101.780508196578,911.3885209516077,-52.2100949698406,-653.7309090391067,-902.8585250873357,-83.41610599017424,813.3895376373983,545.5103189839828,567.1055734700035,-70.30841679076356,822.7506425411399,-690.9664816131424,-1156.3795417436531,-508.4652269565818,-640.5239948693563,-655.9964902113369,1128.8487831533805,1472.831947259047,601.0897476342556,-1015.5379002761624,-1012.916332587898,-393.87597263818503,1191.995917880749,-452.85861021101465,-217.03238056337463,-371.67171780254216,731.5599951933729,-756.0269638668932,163.5352389071568,61.75145790179053,-791.7798268505427,23.930232845457716
104.37443271426561,22.270945177409686,-105.38713608506181,-31.05285563990619,-28.744053262274473,-141.3060870624738,8.02974334496651,-6.981341080953442,-40.07850205177297,-69.01854919652013,103.73949691708627,65.60499204306888,-105.32637904301461,160.12150075160065,19.355343354916958,38.360049593524,-63.69087276934605,-84.07095362716431,23.18291229366199,-121.9091615281234,3.3224155278120415,-42.687947721811284,150.0918131155205,102.72273252027702,129.82927485650788,108.22764340446912,-6.254126705841491,-77.23130391963039,-107.55666156232428,-10.103117690481973,96.74055846280878,65.11800451829356,67.06015524170154,-8.989315472558545,98.13878003754016,-81.79918015190134,-137.4065290244994,-60.31674809603071,-76.03833367033354,-77.77815606265156,133.81730634823944,173.67502174692137,71.25639943569439,-120.22149080513661,-119.5301249287064,-46.50364868635676,140.89074970058806,-53.38714559408156,-26.003596727781662,-44.05406467909472,86.32972395227803,-89.75243670112015,19.251764702228584,7.118222563851935,-93.66565450323502,3.4003279925690593
212.5972330346304,45.811823293043844,-213.90679495812665,-62.95702175295651,-58.06955161523364,-288.9587797048018,17.592665596473104,-13.638640962947447,-80.86514483596476,-139.94351624839237,210.9449291899825,133.77438516444093,-214.2537909378159,324.56208636663854,38.360049593524,78.26434220975855,-130.3051119406669,-172.05548320881996,47.12848299788357,-247.0015449899957,6.717249937930319,-84.39851776445732,305.1998484547472,208.2914341867365,265.05356867850145,218.8350808003196,-12.487691038949274,-157.1921292403245,-216.86225817977024,-19.970007275287436,195.29759787894147,130.86592630889925,136.45445806724425,-16.607696608615736,197.74766749979693,-166.14500128990267,-278.083166255671,-122.31431674770924,-154.06813168663496,-157.69382766339245,271.20118594296866,354.31489451356913,144.4828157698487,-244.15510448466546,-243.56461330935505,-94.55947798059083,286.48986934823637,-109.08168305099393,-52.06902718590869,-89.2532976759073,175.89459531475381,-181.60048865521608,39.35689858533966,15.031437369020304,-190.41329991452193,5.726154630289631
-355.44855527435107,-77.10388080802919,357.40755389850966,105.63792307883686,96.86497389144739,484.0434039333646,-30.661408938401074,22.097044612001614,134.82320874645933,233.59578629920225,-351.7835245718021,-224.27823636409397,358.19427270581014,-541.6163569043404,-63.69087276934605,-130.3051119406669,218.2194861500852,287.9126165242105,-79.10932221272826,412.70652418067476,-11.11056908051489,139.37072207230653,-510.1037849918291,-348.56885956620465,-443.3557927339856,-365.65703317896845,20.934972900184487,262.80404623478455,361.5830586071521,33.21306115208209,-326.11918102453393,-218.35458804289132,-227.77366715526216,27.3188088174554,-329.2321140952262,277.38219215600606,463.41443222638844,203.84703339003855,256.9002675380311,263.33648252443356,-453.1859165058263,-592.4642297352889,-241.27962496682008,407.88702575820696,407.4125771760251,158.5052345942464,-479.11075370539544,182.13498926721113,86.71917052725848,149.3381044465845,-294.20658758406523,303.26202609391345,-65.85678029802486,-25.13440386522782,318.00412532441675,-8.66618194860466
-469.0188909416127,-101.68353739492271,471.6306363673148,139.28468048191627,127.80405354132662,638.6942310379382,-40.3084572216515,29.24503925167061,177.91705619468323,308.2529863295974,-464.4109341594845,-295.84117306763414,472.7005876277844,-714.881273829699,-84.07095362716431,-172.05548320881996,287.9126165242105,379.94738418722955,-104.39883129480417,544.5689462048546,-14.721984523277039,184.06414499671,-673.1951143967216,-459.905024360137,-585.0788325867808,-482.43712676934763,27.56880319142432,346.78517606036183,477.17523641043226,43.79215079483327,-430.2703806255141,-288.099881092894,-300.6478913554546,36.00507268620901,-434.5452748176923,366.1326573605199,611.7263578080709,269.1392662723452,339.0344711004736,347.4619149418395,-597.9668564662843,-781.8680543700076,-318.38489514066634,538.2324976276527,537.5933497373397,209.0640086950931,-632.1991070660434,240.3999434631146,114.42726590773488,196.9545634271437,-388.2443990043498,400.1927024080599,-86.89028176493615,-33.124645371029764,419.7115830856924,-11.520090823330698
128.87477414825975,28.01556577994029,-129.70890675629732,-38.384223598117785,-35.098834773288516,-175.7116704614129,11.201490076151991,-7.938101253554632,-48.90434425948526,-84.68806717618298,127.58260111664914,81.4372765605658,-130.05100521253345,196.63307389535436,23.18291229366199,47.12848299788357,-79.10932221272826,-104.39883129480417,28.914729466750753,-149.83035306385113,4.0965738291703095,-50.54400905104786,185.20460605163763,126.7452011080819,160.83286960327214,132.77708042818108,-7.579077344086571,-95.33424954350124,-131.24545021100462,-12.038145790360295,118.38088701644884,79.34476130485957,82.60522894449984,-10.018765342153293,119.38726014738334,-100.71416908035407,-168.12007623344581,-74.00148123511954,-93.06739677580727,-95.46312646170989,164.50237810075654,214.9105167156817,87.51939020595628,-147.93536080552272,-147.81267603477514,-57.57522753359997,173.92305761772485,-65.94793984586876,-31.48919775520716,-54.139358913476535,106.79773336736444,-110.14112981171955,23.85322830159226,8.88946792380708,-115.39829404494891,3.1129574963375615
-673.4216591010387,-145.40662725032016,677.975637262308,200.2455660407326,184.08353001576188,915.5301960296513,-56.30808875146851,42.7570076473236,256.35467326717577,443.3592999783101,-667.2564614066933,-424.48321528528083,678.9173617792824,-1028.161979383057,-121.9091615281234,-247.0015449899957,412.70652418067476,544.5689462048546,-149.83035306385113,783.3012433798275,-21.159211245237422,267.3348330185877,-967.0211560601738,-661.162925464971,-839.289864363136,-694.4305588406999,39.877135058222926,498.0219879449769,687.6628672539999,63.594288091702246,-619.7426889638003,-415.6158309525868,-431.8435024066842,53.61746883646959,-626.4858591460717,526.1713186560869,880.4325245257069,387.0428152673139,487.822981595902,499.7629143190718,-860.0364790808474,-1121.894288676153,-457.8926096991049,773.6214021409384,771.6929971935106,300.266894278466,-908.1321797116931,344.8513063458991,165.3227822084832,283.3388149901122,-557.2932055123085,575.9031153614029,-124.6044615792042,-47.09181875229554,603.0132242316162,-18.005780034494197
18.162921796898935,3.8979517457211443,-18.325951910925273,-5.345120282390399,-4.951609530018873,-24.735524161229208,1.4398133613881776,-1.1951270780725411,-6.926361528287904,-11.96775849312458,18.156449706028496,11.40856231171671,-18.386221708541452,27.919661143519157,3.3224155278120415,6.717249937930319,-11.11056908051489,-14.721984523277039,4.0965738291703095,-21.159211245237422,0.6257461977340585,-7.3124521355996865,26.203498625751696,17.87819786602725,22.700304105587858,18.72886787346869,-1.0350524275924553,-13.449791423849048,-18.60960225146427,-1.6898225196275294,16.704210437518512,11.22360350721621,11.716932262001931,-1.4338287486057057,16.9725627270286,-14.301871620535882,-23.924705765799427,-10.563853160341374,-13.172940360951209,-13.463912866390334,23.217475400483366,30.351532462472548,12.364132866556396,-20.88603566209279,-20.83841867685568,-8.06161780559027,24.538684323385592,-9.331941061645963,-4.465156042162635,-7.572102731603794,15.080479376349858,-15.589282482583716,3.3505535857248896,1.1996139405427302,-16.350833156862894,0.5322679203569615
-228.7606045176137,-48.48809020572202,231.09627492388515,67.85141687616073,63.16189710325266,309.0397076941531,-16.82603930249467,15.741702408359599,88.08424304652105,151.517644513306,-227.83522116527928,-143.40528672010956,230.79187045897876,-351.46280002920213,-42.687947721811284,-84.39851776445732,139.37072207230653,184.06414499671,-50.54400905104786,267.3348330185877,-7.3124521355996865,94.6400732252444,-328.9607731294987,-224.87430683467582,-284.3552931881992,-237.34878381496927,13.705198304393221,169.26055697460703,236.346277227722,22.283705429790057,-212.30731928730265,-143.00259515094163,-147.16456572537024,20.01095015740278,-215.96157454224033,179.4506571371498,302.0229993128451,132.52621956417568,167.10927560239136,170.6959433082566,-293.43145436479256,-380.5153015031305,-156.35363521383167,263.69169777610716,261.8260220693058,101.67797623206917,-308.66852601355953,117.14896816918349,57.21257987295231,96.54027224424314,-189.08172238252544,196.90145972421928,-42.16755873061199,-15.667881825909557,205.44915179853618,-8.023312637998536
831.8780464431403,179.86808260920841,-837.1932994009244,-247.17923244474437,-227.1116484622227,-1131.7234721955426,70.18658215583505,-52.51170336817745,-316.2770853995695,-547.3401760270085,824.2603394129325,524.4553869251425,-838.6796712578906,1269.5517388553794,150.0918131155205,305.1998484547472,-510.1037849918291,-673.1951143967216,185.20460605163763,-967.0211560601738,26.203498625751696,-328.9607731294987,1194.5328041054336,816.4396866324619,1037.2188784191258,857.0407641277997,-49.07238955874242,-615.1846839057458,-848.3936812938929,-78.19456824354656,764.6625210761267,512.5376957603171,533.4680814697291,-65.34041352671322,772.8137965414311,-649.9122738540676,-1086.859899890976,-477.9987008223759,-602.1450124242139,-616.933601174216,1061.7669391709676,1386.3341490514435,565.3088019879265,-955.3053974796793,-953.3989546901047,-370.8390598108718,1121.6986666082387,-426.173842760469,-203.7609853964694,-349.6655733216646,688.5675179585678,-710.8986557854078,153.9799078461877,58.28196272451051,-744.841984702099,21.62366658474052
568.4951364696951,122.99809070872769,-572.2750479666289,-169.17475236436925,-155.25849643246545,-773.4564610725531,48.108762382057904,-35.765459079884664,-216.22242141340317,-374.0839932441871,563.0271621350518,358.6283358119365,-573.2358548674224,867.6788951019175,102.72273252027702,208.2914341867365,-348.56885956620465,-459.905024360137,126.7452011080819,-661.162925464971,17.87819786602725,-224.87430683467582,816.4396866324619,558.4000195226772,708.7261959608431,586.1147012093779,-33.63585041160504,-420.4457678473233,-580.0651740417851,-53.55228987875938,522.9457345017411,350.63984125207884,364.4561565569305,-45.00282689710923,528.2191479936463,-444.13201308125434,-742.67649700545,-326.5614207824232,-411.45524591334936,-421.6974962321922,725.9359022433179,947.2685517855384,386.4125549023947,-652.9358742699266,-651.597674921893,-253.65615817716974,766.772775914778,-291.02841536764316,-139.38910218516887,-239.15197262914577,470.6040293689817,-486.0599692404557,105.20424125914339,39.646742557056605,-508.99139191066496,14.768138272136264
722.5315712659676,156.49136149329033,-726.773576423994,-214.62641994909043,-197.0282900117346,-983.5522759948127,61.68179676279377,-45.25464220276769,-274.3168114959779,-475.06612327612083,715.586473217377,455.6700652234563,-728.2808750913075,1101.780508196578,129.82927485650788,265.05356867850145,-443.3557927339856,-585.0788325867808,160.83286960327214,-839.289864363136,22.700304105587858,-284.3552931881992,1037.2188784191258,708.7261959608431,901.145648131038,743.6533005043806,-42.53500108298845,-534.2610336522655,-735.7603985368257,-67.63890699241873,663.3392324079736,444.33106369035556,463.2136732061786,-55.95651585206554,670.0944981271718,-564.1855586461221,-942.9572509762822,-414.80155463540683,-522.5523341416354,-535.4892036217706,921.5642164941381,1204.3235685651573,490.67360594674346,-829.3721038587694,-828.133199193462,-322.0850555680362,974.0375065870056,-370.2634692641409,-176.54166735162428,-303.5350940309248,598.0748618941948,-616.8553008741426,133.8136381423676,50.88498987794218,-646.6954616987628,18.12950042417617
596.8102869355484,128.79604482049504,-600.97114877538,-177.56166749361782,-163.24160137891226,-811.1375234301692,49.718388322973546,-37.974496464164474,-227.33244916863612,-393.0374882961563,591.3132004589579,376.1957536535801,-601.6945341953483,911.3885209516077,108.22764340446912,218.8350808003196,-365.65703317896845,-482.43712676934763,132.77708042818108,-694.4305588406999,18.72886787346869,-237.34878381496927,857.0407641277997,586.1147012093779,743.6533005043806,615.7500445035541,-35.41501046055706,-441.3784229183074,-609.8256845354781,-56.49360933041738,549.5899440353752,368.6747892115405,382.6973751874603,-47.860002278089304,555.5809225279569,-466.33691871362066,-780.5059596984289,-343.0388043935012,-432.46932936877334,-443.0581783118205,762.4540478868878,994.098182349082,405.92026505188215,-685.738883054858,-683.8711328559184,-266.16752758900026,804.8931283127367,-305.52979636697313,-146.68643509574886,-251.24292504862146,493.85637131298415,-510.59207198704775,110.40669878229778,41.667418737587944,-534.4314217197376,16.157572189409535
-34.20953699521737,-7.371239216084721,34.472621364861396,10.245117645443253,9.401113724253559,46.3856180587717,-2.826862076488167,2.1828508280162997,13.076298969800835,22.566448078895917,-33.79385929297173,-21.5883992982927,34.454384644653175,-52.2100949698406,-6.254126705841491,-12.487691038949274,20.934972900184487,27.56880319142432,-7.579077344086571,39.877135058222926,-1.0350524275924553,13.705198304393221,-49.07238955874242,-33.63585041160504,-42.53500108298845,-35.41501046055706,2.0797133793395215,25.295716576308084,35.06681867858948,3.301520935341097,-31.639217534601922,-21.25160692953077,-21.89147888984013,2.8767672065704657,-31.939120520748066,26.679845091667428,44.727243854701605,19.604821908674303,24.832572327554256,25.459938994715657,-43.78915721878007,-56.871261345298684,-23.303873299613496,39.34292444394306,39.175564840974204,15.300373088453837,-46.140714731951185,17.462335933165104,8.468047296877923,14.490754066735692,-28.268155537117014,29.31331267481993,-6.325864682567675,-2.401081134652943,30.59373673919361,-0.9735410122197397
-428.5122445106518,-92.68399779402546,431.1740504111256,127.34226986614314,116.97770891376199,582.9679375210766,-36.25828071558211,27.000682558677198,162.87216765001105,281.9067356316387,-424.4557172284223,-270.17686360620417,431.9313097706421,-653.7309090391067,-77.23130391963039,-157.1921292403245,262.80404623478455,346.78517606036183,-95.33424954350124,498.0219879449769,-13.449791423849048,169.26055697460703,-615.1846839057458,-420.4457678473233,-534.2610336522655,-441.3784229183074,25.295716576308084,316.8674259691543,436.85725432187957,40.26894747207478,-393.80006710843793,-263.9048097359137,-274.7395321512903,33.57519780517386,-397.9324473028333,334.6648504822802,559.6378093724021,246.10147269518083,310.1325048375429,317.76944763635487,-546.8327357563676,-714.0711213910153,-291.1539543429171,492.0384037630736,491.08629264780194,191.0317620351676,-577.7264776689682,219.5315647904114,104.90907857752234,180.14496628354476,-354.6453357738613,366.0783401995875,-79.33359979987665,-30.119320601393436,383.59014698666226,-11.053059986431201
-590.6608772287497,-127.100410851637,595.0447386911189,175.57601307554614,161.77434267027687,802.0473167811045,-48.279575224733726,38.08583778476579,225.34390797303004,389.31906702476317,-585.7860719253085,-371.9473417240195,595.555562000597,-902.8585250873357,-107.55666156232428,-216.86225817977024,361.5830586071521,477.17523641043226,-131.24545021100462,687.6628672539999,-18.60960225146427,236.346277227722,-848.3936812938929,-580.0651740417851,-735.7603985368257,-609.8256845354781,35.06681867858948,436.85725432187957,604.5075566082527,56.123807378737816,-544.4778435185925,-365.45113285382706,-378.98372161123854,47.93296372423613,-551.0300254044039,461.83782154823524,773.6418788346409,339.9657095305104,428.55167523414315,438.8069778500244,-754.9855373043068,-983.7053018485011,-402.01899499633646,678.9871486439862,676.698835347033,263.22669567828495,-796.6192078559028,302.45444876369226,145.5293401356422,248.68283401282542,-488.6860813621911,505.7546399732474,-109.21252612469983,-41.14307234034345,529.1876794716468,-16.720762125022787
-54.43762936032292,-11.612200042094747,54.95584757983333,16.241698040545998,15.02072922552153,73.61171109070317,-4.193724280561562,3.6373201058026177,20.921547856948795,36.01432952115803,-54.00074321801601,-34.23252663540688,54.877321695993274,-83.41610599017424,-10.103117690481973,-19.970007275287436,33.21306115208209,43.79215079483327,-12.038145790360295,63.594288091702246,-1.6898225196275294,22.283705429790057,-78.19456824354656,-53.55228987875938,-67.63890699241873,-56.49360933041738,3.301520935341097,40.26894747207478,56.123807378737816,5.310754710572918,-50.51928445849413,-34.00629150010262,-34.92883624351326,4.752696086048293,-51.208756075269214,42.59015756635105,71.59545759640262,31.38152546451364,39.68256136713306,40.605271306509046,-69.81578415159154,-90.48660003196133,-37.175848610131396,62.711206231758204,62.31364511567497,24.28005325727288,-73.45335320062131,27.815689110182582,13.587908291084576,23.04600559823679,-44.979218664367764,46.80214399221727,-10.044750711358448,-3.759753008314516,48.79585207898797,-1.7860266451051996
532.4711941292177,114.7806969908954,-536.2857621304806,-158.4157640847863,-145.7464172423559,-723.3680508892969,44.036127844926256,-34.051517796827845,-202.9736119077159,-350.8021295295493,527.6775855713513,335.53330900356787,-536.8189527106283,813.3895376373983,96.74055846280878,195.29759787894147,-326.11918102453393,-430.2703806255141,118.38088701644884,-619.7426889638003,16.704210437518512,-212.30731928730265,764.6625210761267,522.9457345017411,663.3392324079736,549.5899440353752,-31.639217534601922,-393.80006710843793,-544.4778435185925,-50.51928445849413,490.61851647535224,329.2012869043177,341.48251986005477,-42.98098538310528,496.1387007563061,-416.12319936201214,-696.7386040071663,-306.1638828548048,-386.0567716653489,-395.4440655036069,680.4424651438535,886.7967607268928,362.2778716119756,-611.9409359314249,-610.0851635295013,-237.43778259966226,718.1259519151835,-272.5808493761664,-131.03176282374537,-224.23263772369077,440.5572492512318,-455.71578956578225,98.48435029280554,37.15873928966858,-476.87151018772886,14.69013505654806
356.78876191138374,76.76901799045278,-359.5540731650488,-106.1926776873796,-97.78646974128814,-484.38419184600394,29.121658503571663,-23.00413485901807,-136.2183887168944,-235.23918469142873,353.74433285577845,224.75484545494322,-359.7917024625447,545.5103189839828,65.11800451829356,130.86592630889925,-218.35458804289132,-288.099881092894,79.34476130485957,-415.6158309525868,11.22360350721621,-143.00259515094163,512.5376957603171,350.63984125207884,444.33106369035556,368.6747892115405,-21.25160692953077,-263.9048097359137,-365.45113285382706,-34.00629150010262,329.2012869043177,221.05443971974822,228.88190872745903,-29.245814964502113,333.06407599646445,-278.99008858836777,-467.4195802589976,-205.34366693668724,-258.9209217462316,-265.16655538499185,456.2989921269792,594.0858183897352,242.9302483135202,-410.23910877822914,-408.76791495183517,-159.11232727185507,481.3168100031295,-182.57862298004875,-88.0417549604654,-150.34927820752435,295.1937115350167,-305.6928164161186,65.9496821265044,24.747977404533835,-319.6630285861392,10.196640339998705
371.52969985341207,80.23370205865386,-373.89478092696044,-110.28050207149363,-101.45819818883727,-505.2700935730175,31.123015549381538,-23.58939084600956,-141.2928674371817,-244.50134879246266,368.3045321353174,234.0818098829829,-374.5301284837704,567.1055734700035,67.06015524170154,136.45445806724425,-227.77366715526216,-300.6478913554546,82.60522894449984,-431.8435024066842,11.716932262001931,-147.16456572537024,533.4680814697291,364.4561565569305,463.2136732061786,382.6973751874603,-21.89147888984013,-274.7395321512903,-378.98372161123854,-34.92883624351326,341.48251986005477,228.88190872745903,238.32708488115767,-29.170525264593216,345.3396395842369,-290.303381331468,-485.63488849170943,-213.58438352812627,-269.04853991012726,-275.5646938446507,474.15170285040256,619.1583881855447,252.49741891423236,-426.67961658354363,-425.7514690479053,-165.50608139162208,500.88276098377594,-190.42240715519696,-91.02121201933704,-156.11496401548973,307.48148143309106,-317.4839210099438,68.76922046433339,26.091995937715367,-332.7019672948712,9.798391266489839
-45.31163435584677,-9.386095823561025,46.140358129437914,13.635467698420324,12.772115435940936,60.58383211789778,-2.7412148092683375,3.392454323397521,17.84272078140549,30.339985154133306,-45.19823861097146,-28.358419830664456,45.80671036334595,-70.30841679076356,-8.989315472558545,-16.607696608615736,27.3188088174554,36.00507268620901,-10.018765342153293,53.61746883646959,-1.4338287486057057,20.01095015740278,-65.34041352671322,-45.00282689710923,-55.95651585206554,-47.860002278089304,2.8767672065704657,33.57519780517386,47.93296372423613,4.752696086048293,-42.98098538310528,-29.245814964502113,-29.170525264593216,4.867729980431645,-43.84959272410707,35.70925588758309,60.634550958085335,26.442728748313584,33.5151750721573,34.205682552225866,-58.82428061966517,-75.0063419218949,-31.304569678405734,52.594042891310316,51.791413353869096,20.25270871174938,-61.36140800619527,23.002994613407466,11.7992351439709,19.42597146998259,-37.38800688112163,39.59715900444569,-8.284409132674169,-2.8757816178247717,40.824959966907606,-2.1852409973972966
538.0398416842353,115.57502281923803,-542.1045019138979,-159.80076281790843,-147.46192452849883,-730.1827217135752,43.495589421661734,-34.968332583428825,-205.41830444432577,-354.7884905802229,533.8957551797985,338.57002710011585,-542.4653447042299,822.7506425411399,98.13878003754016,197.74766749979693,-329.2321140952262,-434.5452748176923,119.38726014738334,-626.4858591460717,16.9725627270286,-215.96157454224033,772.8137965414311,528.2191479936463,670.0944981271718,555.5809225279569,-31.939120520748066,-397.9324473028333,-551.0300254044039,-51.208756075269214,496.1387007563061,333.06407599646445,345.3396395842369,-43.84959272410707,502.4784455581586,-420.80132119901793,-705.2611199004825,-309.88669528933826,-390.6547776132466,-399.85362406724425,687.8085015449741,895.9900448922024,366.3139450887166,-618.6198358637826,-616.3188280573008,-239.62044289734956,725.5703546289615,-275.5985868381983,-132.69902018012965,-226.51494016187038,445.0703025792397,-460.813244672322,99.46614427716679,37.519132962086715,-482.14463184755965,15.586160606319996
-452.5274495505054,-97.71521873632868,455.5163453609337,134.3804680532631,123.60619185126852,615.4210893972158,-37.84715727618083,28.747064050439608,172.16496364826418,297.8524720822009,-448.6391761172597,-285.15254813653746,456.27579719948216,-690.9664816131424,-81.79918015190134,-166.14500128990267,277.38219215600606,366.1326573605199,-100.71416908035407,526.1713186560869,-14.301871620535882,179.4506571371498,-649.9122738540676,-444.13201308125434,-564.1855586461221,-466.33691871362066,26.679845091667428,334.6648504822802,461.83782154823524,42.59015756635105,-416.12319936201214,-278.99008858836777,-290.303381331468,35.70925588758309,-420.80132119901793,353.68572445322565,591.6865220348941,260.22595076888126,327.73633591343764,335.6923713271022,-577.7059030750822,-754.1374154319336,-307.61153141937945,519.7760114389262,518.6015035186842,201.64454768815688,-610.2039289152664,231.873815556571,110.95403837552782,190.18604442814117,-374.5625449594907,386.86871629773253,-83.74079385756185,-31.64964429155788,405.3026194972234,-12.015677565869428
-756.7080020900731,-162.9167971708685,762.058733613769,224.62927331168825,207.03899267954665,1027.9672503064191,-62.09876399302097,48.70735637556159,288.4047569065371,498.538580246105,-750.7076396153085,-476.39924462078733,762.9594023168225,-1156.3795417436531,-137.4065290244994,-278.083166255671,463.41443222638844,611.7263578080709,-168.12007623344581,880.4325245257069,-23.924705765799427,302.0229993128451,-1086.859899890976,-742.67649700545,-942.9572509762822,-780.5059596984289,44.727243854701605,559.6378093724021,773.6418788346409,71.59545759640262,-696.7386040071663,-467.4195802589976,-485.63488849170943,60.634550958085335,-705.2611199004825,591.6865220348941,990.812627688061,435.5887714573034,548.7841899677073,561.84207686956,-966.6321868197032,-1260.6518101900751,-514.7877223362916,869.6033451699817,866.9828479810338,337.0083966546415,-1020.3717839821363,387.74329689644424,186.07242333234564,318.22621881390626,-626.1443976678303,647.4904639407731,-139.95910630149103,-52.86337707991052,677.9727544480014,-21.076898229172176
