V1,V2,V3,V4,V5,V6,V7,V8,V9,V10,V11,V12,V13,V14,V15,V16,V17,V18,V19,V20,V21,V22,V23,V24,V25,V26,V27,V28,V29,V30,V31,V32,V33,V34,V35,V36,V37,V38,V39,V40,V41,V42,V43,V44,V45,V46,V47,V48,V49,V50,V51,V52,V53,V54,V55,V56
9.377038970758315,2.233116703973258,-9.228311922811713,-2.7842290044621416,-2.398276137254387,-13.230433273167128,1.3194812442334334,-0.3190659436736244,-3.311604369101581,-5.944698685668878,9.06358794927287,6.066499981271269,-9.408276952736138,13.78591447212755,1.3639185668424454,3.367861319920041,-5.952202346470294,-7.838218069144086,2.1529111072639338,-10.555182734099345,0.27532527861960027,-2.781479186566478,13.349027668022003,9.073447057810432,11.894687939405522,9.246245346831632,-0.4954560338121158,-6.910868086723896,-8.861919172981263,-0.6966696649292323,8.12957823150543,5.282333168680418,5.923506479496606,-0.24790232032775683,7.943948317877878,-7.166900976606563,-11.567702418561653,-5.161648979098114,-6.456985925569741,-6.714095246533037,11.6110678892067,15.800095434339847,6.1649651433664605,-10.540391083708524,-10.818091881242497,-4.220527954186548,12.573788045957217,-4.8378672628476025,-2.021448473297279,-3.834841665611412,7.8160546151262595,-7.676575362556893,1.7769842710005088,0.7560757841066402,-8.261919056558547,-0.21217194304957648
2.233116703973258,0.8029663857393052,-1.9952623230277076,-0.7729996550981334,-0.41120645283808926,-3.6895408795140647,0.9981566880597282,0.2937608784498547,-0.5240501725336926,-1.1691280376638062,1.7420652441058915,1.7149224361986881,-2.190208085123669,2.6371892869286175,-0.009429535651118585,0.5996514178391227,-1.645693219653735,-2.084998166669708,0.6264340572703423,-2.2166430752251793,0.009927718435430315,0.41064472139208896,3.035554294110675,2.1534334299029507,3.0037069090499022,1.8787213650642116,-0.10412113689126473,-1.6243610346757356,-1.3857845070664097,-0.006399670586749305,1.5177230974240121,0.8209747690329802,1.2415732287008296,0.3695515082313711,1.018377832387344,-1.4768238519504757,-1.879076906297124,-0.8862499621885102,-1.1401520217098868,-1.3645143261959425,2.4677141027553273,3.874283092990789,1.257050391319421,-2.2744785889100045,-2.66681757036646,-1.1463640538231334,2.9719447160734527,-1.1034696634805519,-0.2149287669854907,-0.8888224996431243,1.9186909766175606,-1.5057278415952309,0.4660846155466684,0.2582178427266056,-1.7706804613545541,-0.5916585266578581
-9.228311922811713,-1.9952623230277076,9.31443717084732,2.787183359808027,2.5411060719124627,12.517907834195475,-0.7742283752598924,0.57843957804299,3.535923129620641,6.091665392591514,-9.094278947396921,-5.843990659905063,9.304665197289047,-14.096224164794394,-1.7027282537893087,-3.343090884193178,5.643887402030211,7.423008022384384,-2.0625661928378833,10.788225043216592,-0.2774701335161234,3.706592739224299,-13.250688962700337,-9.118199599831492,-11.465831886353753,-9.594651952114978,0.5699824869918467,6.82755514351735,9.488828482834224,0.9014307418620013,-8.572294619753885,-5.769948281279324,-5.896326150012403,0.8100118585176127,-8.626675957580117,7.198387677199749,12.063015955845573,5.281858373661296,6.6953943504192734,6.876968610744711,-11.845720025054334,-15.33002303604712,-6.2953475771520475,10.62259040312444,10.57372907400783,4.148657337096936,-12.468645425167981,4.690670373040373,2.2983630307456497,3.926548876597926,-7.630770500769858,7.932065033912678,-1.7039405738120672,-0.6288091377005985,8.25234807475026,-0.26320517977107527
-2.7842290044621416,-0.7729996550981334,2.787183359808027,1.0806106827346191,0.7471210412500231,3.981244708178967,-0.648056635315225,-0.07426256795267844,1.0036084840545758,1.757298518900775,-2.297446165321586,-2.032509374739891,2.7823175185295064,-3.8995768694462156,-0.44687446076072773,-0.7198099101211424,1.7901072773841589,2.2082283465034056,-0.7279899266033177,3.29953454076778,-5.065215291108299e-4,0.6597497506036673,-3.9098612083743753,-2.982198637976893,-3.4168129543284107,-3.0223192637650893,0.25901409949527665,2.0589547858982917,2.700318413197536,0.29916043406236353,-2.662176374855697,-1.7852349325957677,-1.5921675970553937,0.29662247718596546,-2.255575998080758,1.987649997482622,3.1144326506768323,1.3021866400714157,1.8275006236656466,2.051478668927559,-3.6424245028787494,-4.5131156357783935,-1.8581391482956797,3.1517187916767018,3.2387871145890132,1.472742249598914,-3.8462582493622066,1.2442734534883777,0.6693279609444589,1.3475635556644034,-2.3114984752390884,2.365881215594189,-0.5247904787104452,-0.16824741862960174,2.3288722469662324,0.17337747779204762
-2.398276137254387,-0.41120645283808926,2.5411060719124627,0.7471210412500231,0.7553869266279937,2.9868757726788417,0.07588473453386131,0.29057195422542886,1.0638719450420728,1.709813174366073,-2.456180586098695,-1.4502190911679032,2.4401193252211715,-3.938872933105992,-0.630481279408823,-0.8862502360436527,1.3545236873065747,1.7768372373432688,-0.5036387985957712,3.0109856487353013,-0.07511216041701532,1.4723976720867136,-3.5005312945203952,-2.4634968301142335,-2.8532628456090614,-2.7499273770686736,0.19102445787663394,1.787589524448613,2.866805362040636,0.3471749321321234,-2.525210879747036,-1.7965264173367197,-1.567831708937971,0.5053760235323961,-2.6665090730842613,1.945900141626596,3.4913496373845807,1.4786178447319094,1.9200558550623266,1.9284685960073213,-3.2953729111896073,-3.8684599254303156,-1.7552356179729738,2.890864335871939,2.708564864378992,1.073524057625334,-3.287079228478446,1.1837960901157176,0.758631138970069,1.0996951900735856,-1.9495716815452309,2.256950608708029,-0.419565005786849,-0.1056004020435756,2.207794417943407,-0.3168484978857516
-13.230433273167128,-3.6895408795140647,12.517907834195475,3.981244708178967,2.9868757726788417,19.870522820600396,-3.236415784277205,-0.2691787597183015,4.046391830343512,7.825054675619965,-12.141182816237245,-9.000417878429177,13.169625818164686,-18.118855249997864,-1.1214674512419511,-4.506207570222126,8.906211014792841,11.657563505806813,-3.2323770077486267,14.07872596833925,-0.32558569384604036,1.582039489344656,-18.549788655238686,-12.560848710494733,-17.269526713334308,-12.082995550842961,0.5780123646983928,9.696458767107035,10.779492536060891,0.5417087514265542,-10.310128124394344,-6.275274586220879,-8.10043302810987,-0.8143516071228272,-9.276285068844585,9.695125446481383,14.557481173652286,6.676077098102519,8.263860260749011,8.886331788970564,-15.544226743646652,-22.6931260968869,-8.190058480032576,14.311407176928018,15.452479115315349,6.107566899051355,-17.602109606099102,6.8652906607245825,2.183304054204274,5.188296476413469,-11.169159106634899,10.021265908293945,-2.608085541126729,-1.288829974908871,11.303062468191598,1.459970622897188
1.3194812442334334,0.9981566880597282,-0.7742283752598924,-0.648056635315225,0.07588473453386131,-3.236415784277205,1.9131693473261118,0.8858614022866216,0.21447150610323512,-0.20516246467975197,0.2465982678517561,1.5227835594526824,-1.194886270302992,0.30175470581029196,-0.6695999145782395,-0.01660140106460101,-1.4203580887540268,-1.6744146110026479,0.5844030114731408,-0.7062854916425528,-0.09624953343349296,2.3431187779685594,1.5144287912155723,1.2272850808542042,2.123056723530015,0.44388297131493026,-0.02315755580035844,-0.9165110022301737,0.6183942955204751,0.319993831503484,0.046208817939841565,-0.3994256548797076,0.4163853555121769,1.0865377833563616,-1.1112591071740496,-0.43203286554870707,0.5862172269359046,0.13070249923022653,0.10130079395289007,-0.33813708259531866,0.8509973841371141,2.5262710382591336,0.3233168939378699,-0.8765183044087382,-1.7511221756804753,-0.9337046374898403,1.6993506666197826,-0.5755215850447125,0.4057898556722087,-0.4563543092748321,1.2469617235651618,-0.2440047484237964,0.3604460192322475,0.31358666964509324,-0.6695849337881076,-1.4060195418556356
-0.3190659436736244,0.2937608784498547,0.57843957804299,-0.07426256795267844,0.29057195422542886,-0.2691787597183015,0.8858614022866216,0.5167984757898484,0.4619131146598872,0.5301451019228821,-0.8969471722086007,0.17307979268592333,0.38818535934433,-1.3440890925137856,-0.4861556558277679,-0.4086210017088767,-0.10232387624562303,-0.012075389615040866,0.08545820328032613,0.7383733810741131,-0.09070967415276539,1.5335495097484328,-0.6498275358705129,-0.29263146708846777,-0.18845603603177008,-0.7184062062466063,0.02500961947336425,0.26302846273648206,1.2568645004248142,0.22688718077978445,-0.8090803818802017,-0.7399228484085569,-0.4411792622477248,0.5568083937629242,-1.4386312597136093,0.5619867299245136,1.5849463879209145,0.651896573489739,0.7552946068510358,0.5341725556803354,-0.7721182494495891,-0.4060811040525771,-0.487400587987254,0.6693966508382424,0.24568447314176464,-0.0637658016298522,-0.4475927669013374,0.24664673833016965,0.416068638104497,0.1437785925710302,-0.19091320878979567,0.6813138532197961,-0.0037716403922380534,0.07311054102088863,0.5538242891920007,-0.7207984277334163
-3.311604369101581,-0.5240501725336926,3.535923129620641,1.0036084840545758,1.0638719450420728,4.046391830343512,0.21447150610323512,0.4619131146598872,1.5057064054674496,2.3963436110635508,-3.4709472115599374,-1.953075259509841,3.37817245078393,-5.542039908542461,-0.9164733910878434,-1.266068467047272,1.836726721160738,2.42860447710193,-0.6761415902988263,4.192591677362884,-0.11615419230439665,2.194082823601459,-4.858258749129702,-3.3902200044481345,-3.9219172312399304,-3.8302037332274455,0.2599869283292079,2.4713365459312175,4.058863322944478,0.49733274731577154,-3.534507122378662,-2.532791046207192,-2.1975241677559447,0.7480558126654575,-3.8114175594700037,2.727604199068812,4.962230504010604,2.1027023001598613,2.7118499692055367,2.693153366919592,-4.583815514656157,-5.335489136842219,-2.452492901844491,4.024427197190429,3.7264189546669138,1.4517473112999322,-4.537595717458971,1.6507773153675873,1.0821604365607949,1.5113024294480364,-2.6851020873372784,3.1589711394915807,-0.5732514200420586,-0.13625151931751872,3.083455884133897,-0.5198247463963961
-5.944698685668878,-1.1691280376638062,6.091665392591514,1.757298518900775,1.709813174366073,7.825054675619965,-0.20516246467975197,0.5301451019228821,2.3963436110635508,4.033599715339129,-6.026026925808472,-3.6538600392873404,6.014740524590087,-9.3579234602583945,-1.2469933070124406,-2.2318892807820716,3.5351675377094014,4.679197656199214,-1.2806211350478578,7.088007806474744,-0.19950276711038287,2.8579612933081218,-8.59582027269029,-5.8877161663696285,-7.3043231951037075,-6.3357159991546705,0.3783826798196262,4.407742991682042,6.437330152100953,0.6558187625754135,-5.7185427689782085,-3.920030714646164,-3.8660474877247193,0.7218363040239709,-5.94129716366889,4.7323540133860496,8.145808646018331,3.544378644265609,4.486492944192128,4.537030993762755,-7.770728814325211,-9.817138036529286,-4.1503262015771085,6.9484877876423,6.771708808032375,2.618733520135699,-8.045832540616935,3.0352781919872034,1.601981769954704,2.549601646537937,-4.888917957592946,5.2559657339931265,-1.0785648728004482,-0.36908096707404975,5.39754251182085,-0.4057208293510112
9.06358794927287,1.7420652441058915,-9.094278947396921,-2.297446165321586,-2.456180586098695,-12.141182816237245,0.2465982678517561,-0.8969471722086007,-3.4709472115599374,-6.026026925808472,9.645056389715347,5.318530116504921,-9.16455517525292,14.25057193922154,1.6430625603258078,3.7786302215495806,-5.476992185835947,-7.464298235576089,1.8639693940567075,-10.35458034122229,0.41633126633652673,-4.050533447154086,13.123474285729795,8.473836689337185,11.434196916431388,8.998107117651431,-0.3732110002204386,-6.696834437309334,-9.292377358798921,-0.749479214944972,8.053295067185378,5.3564944616520265,6.0920657574326675,-0.4732732768344455,8.752593789190632,-7.334767865672931,-12.49351022447994,-5.61739679886286,-6.7747152064184615,-6.685227429304862,11.343809314559739,15.343191788274252,6.162406911901419,-10.424824149748178,-10.329654422199074,-3.6886866068714226,12.060223252520212,-4.935602175976746,-2.1737868612571765,-3.5079989405088083,7.50386020633277,-7.685218285713858,1.6729275901132388,0.7013929858729793,-8.338576013903,0.5098641385116117
6.066499981271269,1.7149224361986881,-5.843990659905063,-2.032509374739891,-1.4502190911679032,-9.000417878429177,1.5227835594526824,0.17307979268592333,-1.953075259509841,-3.6538600392873404,5.318530116504921,4.264796314808224,-6.042377392002276,8.315787082987274,0.6527469425037887,1.8619634720015377,-4.037538913376609,-5.1678979018790265,1.531424446490062,-6.699369765383769,0.08880569236372393,-0.8869923512430681,8.49651276807439,6.032662236470597,7.758831031970405,5.897332254331584,-0.37493344144384017,-4.458874619843368,-5.222577582132626,-0.3829845142951224,5.085854559379154,3.211392599388213,3.6069309476100893,0.035805166127419276,4.415239111469035,-4.380636044567034,-6.6320527825631554,-2.9449555535631076,-3.822737989098902,-4.199013704856997,7.39922918286586,10.203499203794935,3.844025824745466,-6.652822424744012,-7.08336637411067,-2.96566405289675,8.183605940374068,-2.981067159399185,-1.1453735917279593,-2.5836630068926674,5.095162259680067,-4.771890768996313,1.1805451799584827,0.5153749231420478,-5.123448765719509,-0.6129656445663311
-9.408276952736138,-2.190208085123669,9.304665197289047,2.7823175185295064,2.4401193252211715,13.169625818164686,-1.194886270302992,0.38818535934433,3.37817245078393,6.014740524590087,-9.16455517525292,-6.042377392002276,9.452699895699558,-13.961501054916383,-1.44036155492054,-3.407655225428228,5.925862290979563,7.815000257060076,-2.144264307957788,10.661287977070442,-0.2856869376862713,3.0049095873960554,-13.425373351986819,-9.12287267135493,-11.896177504037103,-9.357828091369669,0.5041432255542815,6.939441614273344,9.045593709082258,0.7353065918028401,-8.254782812810388,-5.401291032722913,-5.971829213383792,0.3475031978774361,-8.146123952842128,7.235049386631024,11.77537134841372,5.241917321021995,6.555315865482281,6.786638520987772,-11.721839852509392,-15.824613616123246,-6.230641315286948,10.625632923880392,10.838285784932555,4.216026091088923,-12.628431217577337,4.8549043725873755,2.086468767530471,3.860710080795371,-7.832194357153729,7.775072617530838,-1.7735489316755155,-0.7364146367059937,8.326770903901624,0.10654357700285573
13.78591447212755,2.6371892869286175,-14.096224164794394,-3.8995768694462156,-3.938872933105992,-18.118855249997864,0.30175470581029196,-1.3440890925137856,-5.542039908542461,-9.3579234602583945,14.25057193922154,8.315787082987274,-13.961501054916383,21.84205733920898,2.8632034553774792,5.368409964667712,-8.18307282792901,-10.936615151339318,2.9150781983840264,-16.325074622100235,0.5216538671062744,-6.739012697405625,19.978863793558155,13.462050845006456,17.023479008887172,14.502029610900346,-0.79824495523864,-10.218161523771691,-14.880138899289154,-1.4548339539636423,13.088504502346849,8.940921925748867,9.082530624767058,-1.5179794321806779,13.846279980354685,-11.0764255865365,-19.11402671623531,-8.382698025791656,-10.462867311427969,-10.478924887794273,17.887491239691798,22.89547842581083,9.605254960444762,-16.098334687267585,-15.688489238070762,-5.922330314393816,18.585426016655045,-7.1712380941715415,-3.66631788606187,-5.765132794511597,11.348286970711714,-12.131723253381688,2.502704538827278,0.8890830604180929,-12.606511148695608,1.014662124582161
1.3639185668424454,-0.009429535651118585,-1.7027282537893087,-0.44687446076072773,-0.630481279408823,-1.1214674512419511,-0.6695999145782395,-0.4861556558277679,-0.9164733910878434,-1.2469933070124406,1.6430625603258078,0.6527469425037887,-1.44036155492054,2.8632034553774792,0.7619890721557584,0.5712795780308687,-0.5249339428576124,-0.6951964763254725,0.21117257737239384,-2.1457068725502877,0.05992712725595156,-1.9570829854785379,2.1253425182175447,1.5786128212161423,1.364168145305646,2.0908166156075216,-0.1883355568599635,-1.0454578898951994,-2.4919713609143708,-0.4308670087131009,2.053569682332231,1.6426531818306753,0.9878219307597117,-0.9016898629368973,2.446376285770647,-1.2881924456587244,-2.794595248323981,-1.0982137846195605,-1.489745829165435,-1.3951576096935772,2.3246575590354186,1.972773654289982,1.2535001106689665,-1.9240654536304556,-1.4543045158105508,-0.5776400360325536,1.9619032580532891,-0.6171849743901012,-0.7732559415195145,-0.7727141119633119,1.0400035035973858,-1.700291498728989,0.18814161398382212,-0.06320007353123161,-1.4083987587555147,0.7292121562125902
3.367861319920041,0.5996514178391227,-3.343090884193178,-0.7198099101211424,-0.8862502360436527,-4.506207570222126,-0.01660140106460101,-0.4086210017088767,-1.266068467047272,-2.2318892807820716,3.7786302215495806,1.8619634720015377,-3.407655225428228,5.368409964667712,0.5712795780308687,1.5481827067183462,-2.0335306840018372,-2.8486594288089395,0.647720790142004,-3.7418685989387708,0.1958107803917925,-1.5451618312019906,4.896915399410139,2.9884302768458584,4.318716124806566,3.1758294049292157,-0.07713907562200659,-2.4832100535531243,-3.3800572216152367,-0.22073603696598332,2.836359429222266,1.8502974365485587,2.346395475881798,-0.03329397657956969,3.2673614084131684,-2.7899888472986327,-4.774955655268465,-2.1960314939444627,-2.548200925943908,-2.441652562864642,4.093458069398941,5.802798867909612,2.2645528407137205,-3.850196160452176,-3.8272326840253186,-1.256763891841162,4.417093302215044,-1.937138663437295,-0.7571821886248457,-1.1885598115752578,2.7949962457988122,-2.7918716149727754,0.6253821482869356,0.29674667338605293,-3.1561256052629685,0.22443902422626802
-5.952202346470294,-1.645693219653735,5.643887402030211,1.7901072773841589,1.3545236873065747,8.906211014792841,-1.4203580887540268,-0.10232387624562303,1.836726721160738,3.5351675377094014,-5.476992185835947,-4.037538913376609,5.925862290979563,-8.18307282792901,-0.5249339428576124,-2.0335306840018372,3.9936706846358225,5.228260114173681,-1.4473428365747756,6.354113174958152,-0.1471208763683433,0.7722840786115732,-8.350148618385749,-5.655206330657514,-7.7552539674401135,-5.4606208792300395,0.2638284034121304,4.363308034484201,4.893711415875394,0.25573357907502536,-4.668641447125754,-2.8533939021610544,-3.6500680975919986,-0.33588716731739005,-4.223306539336266,4.370666067080955,6.593079965061277,3.0174753993539554,3.7403065726003777,4.013633039125671,-7.014236289879092,-10.197102045582817,-3.6976949707939024,6.4528665349520224,6.946137542199422,2.743726155920956,-7.9211406149744255,3.0875237726860276,0.9996494809840993,2.340987957658914,-5.0199313829452326,4.528322115380048,-1.1709142413632916,-0.5758299964202241,5.092890835648762,0.6266230213572475
-7.838218069144086,-2.084998166669708,7.423008022384384,2.2082283465034056,1.7768372373432688,11.657563505806813,-1.6744146110026479,-0.012075389615040866,2.42860447710193,4.679197656199214,-7.464298235576089,-5.1678979018790265,7.815000257060076,-10.936615151339318,-0.6951964763254725,-2.8486594288089395,5.228260114173681,6.933718833766349,-1.8492644858045872,8.30058870640965,-0.24372383784349225,1.1945430326971684,-11.0389836816055,-7.2903239968435285,-10.263395009514744,-7.064251037761996,0.2863407759672356,5.744042158137363,6.464612365899984,0.29817906063961913,-6.044319050416264,-3.6731334069561083,-4.912703923892488,-0.5312577034234393,-5.68826999396918,5.852724838405443,8.93019254156105,4.129378408759318,5.006308462462688,5.271766920283733,-9.153572152123404,-13.518933034991038,-4.871052831887233,8.504335935062905,9.125766303213931,3.4807389825821833,-10.371655977100355,4.175761100722058,1.2995381255843559,2.968692290439183,-6.612011867905637,5.94205046467943,-1.5399220406829548,-0.781744509437152,6.7919256201913,0.7211191405484914
2.1529111072639338,0.6264340572703423,-2.0625661928378833,-0.7279899266033177,-0.5036387985957712,-3.2323770077486267,0.5844030114731408,0.08545820328032613,-0.6761415902988263,-1.2806211350478578,1.8639693940567075,1.531424446490062,-2.144264307957788,2.9150781983840264,0.21117257737239384,0.647720790142004,-1.4473428365747756,-1.8492644858045872,0.5541969014665515,-2.360329853212886,0.029677545946337463,-0.24650047591057722,3.010769561668035,2.14454335842361,2.7669349012042495,2.0732608774345818,-0.1311284283261439,-1.5817930119635206,-1.8083258201407724,-0.12479594596861568,1.7782671124993261,1.112686630004456,1.2706678859619334,0.040262080987025106,1.5112182195841577,-1.5431951306653686,-2.300813604575389,-1.026140710530855,-1.330146231092733,-1.4742503044504882,2.6083774998887197,3.63138180180144,1.350927847145901,-2.3463320703312496,-2.5211376830808594,-1.06183706718369,2.905584816640977,-1.0546815289920917,-0.3894601100520973,-0.913656480309302,1.8141786023026027,-1.6750976423825674,0.4213480989386856,0.18455756255979874,-1.808081305945275,-0.2523745485694682
-10.555182734099345,-2.2166430752251793,10.788225043216592,3.29953454076778,3.0109856487353013,14.07872596833925,-0.7062854916425528,0.7383733810741131,4.192591677362884,7.088007806474744,-10.35458034122229,-6.699369765383769,10.661287977070442,-16.325074622100235,-2.1457068725502877,-3.7418685989387708,6.354113174958152,8.30058870640965,-2.360329853212886,12.600351840319458,-0.29234248811997826,4.676738186493636,-15.194291569504111,-10.623930243706157,-12.951744753987773,-11.321985828221148,0.7327409058719354,7.824902477865899,11.268260218045578,1.1731443612043795,-10.182055289335842,-6.965608795566828,-6.7204704542581775,1.2921557279507423,-10.244091952646729,8.258422488541537,14.032790671865117,6.064402130848424,7.801273647609256,8.023340196194805,-13.829445485801754,-17.36016703434423,-7.3263944601812465,12.28468839366663,12.06578725511807,4.818241048723677,-14.347842802799338,5.2629615913741254,2.8102827075586685,4.641275499053898,-8.692998468678804,9.294397838341027,-1.9251470697698057,-0.6417086331786248,9.457554808383321,-0.5038923472414597
0.27532527861960027,0.009927718435430315,-0.2774701335161234,-5.065215291108299e-4,-0.07511216041701532,-0.32558569384604036,-0.09624953343349296,-0.09070967415276539,-0.11615419230439665,-0.19950276711038287,0.41633126633652673,0.08880569236372393,-0.2856869376862713,0.5216538671062744,0.05992712725595156,0.1958107803917925,-0.1471208763683433,-0.24372383784349225,0.029677545946337463,-0.29234248811997826,0.03682403783470789,-0.22802874274933355,0.4227249310593187,0.18888039778187257,0.3667130478554221,0.22486430879146757,0.0159237924188836,-0.2033679723777764,-0.3090214328868418,-0.009067019097537777,0.20840753011684712,0.1357796076770138,0.236892432557356,0.015131524616263728,0.3433780846144791,-0.2726924354865968,-0.5121370209230917,-0.24928533238761988,-0.2510458894366796,-0.2023044696600935,0.3150304729658157,0.5049247695885707,0.19307280454942527,-0.32547409810893785,-0.302592152577133,-0.04969946026399979,0.34125269801483665,-0.20011017934198666,-0.0648783957314563,-0.055709490141186695,0.22794879567356724,-0.23242584778937506,0.04878861134880421,0.02886996630442411,-0.29683707496382306,0.0747858400265166
-2.781479186566478,0.41064472139208896,3.706592739224299,0.6597497506036673,1.4723976720867136,1.582039489344656,2.3431187779685594,1.5335495097484328,2.194082823601459,2.8579612933081218,-4.050533447154086,-0.8869923512430681,3.0049095873960554,-6.739012697405625,-1.9570829854785379,-1.5451618312019906,0.7722840786115732,1.1945430326971684,-0.24650047591057722,4.676738186493636,-0.22802874274933355,5.419804445936396,-4.537833561754511,-3.09925443227047,-2.616335882758902,-4.54860047881939,0.35218569024467805,2.1557560731274092,5.965886687460981,1.0393607242837355,-4.605686561305587,-3.8050342997237037,-2.301617730599319,2.2809465284155657,-6.137668916597462,2.9787402940068772,6.946216081304874,2.7741671011792453,3.58029644428389,3.1157465581605708,-5.029202104217696,-3.9605086032834818,-2.8105163828820965,4.211462708411113,2.839147278288942,0.9019260499011342,-3.9782872333456867,1.4055462813493198,1.882668972771781,1.5143512310442413,-2.0518964236162973,3.835391420950732,-0.3308853437502078,0.20150772785362128,3.1752303749627764,-2.2195295368925336
13.349027668022003,3.035554294110675,-13.250688962700337,-3.9098612083743753,-3.5005312945203952,-18.549788655238686,1.5144287912155723,-0.6498275358705129,-4.858258749129702,-8.59582027269029,13.123474285729795,8.49651276807439,-13.425373351986819,19.978863793558155,2.1253425182175447,4.896915399410139,-8.350148618385749,-11.0389836816055,3.010769561668035,-15.194291569504111,0.4227249310593187,-4.537833561754511,19.087153584024716,12.934502252263755,16.841356787447886,13.346747747327406,-0.7140653204550432,-9.851228541620959,-13.012325577507228,-1.0791715625436733,11.806454806888963,7.763781560812702,8.522316845706277,-0.590710354066582,11.780155461261412,-10.328919452547286,-16.939327677702224,-7.53277713019293,-9.403733592705226,-9.68524425030444,16.697926801387634,22.43274529504899,8.891911950063001,-15.134159858587836,-15.354511869373397,-5.9377657831215105,17.919221578633277,-6.908426268600857,-3.023984297568908,-5.475153980118475,11.09910853969887,-11.108766262501058,2.5058081885646777,1.027364418260552,-11.868933252011594,-0.011794831952511825
9.073447057810432,2.1534334299029507,-9.118199599831492,-2.982198637976893,-2.4634968301142335,-12.560848710494733,1.2272850808542042,-0.29263146708846777,-3.3902200044481345,-5.8877161663696285,8.473836689337185,6.032662236470597,-9.12287267135493,13.462050845006456,1.5786128212161423,2.9884302768458584,-5.655206330657514,-7.2903239968435285,2.14454335842361,-10.623930243706157,0.18888039778187257,-3.09925443227047,12.934502252263755,9.192204510908157,11.251268506695974,9.527207002390773,-0.642139799071361,-6.71082147163688,-9.10473933860215,-0.8964197846117555,8.46201048434768,5.675374346686806,5.602224720222141,-0.8058851114600954,8.063301261154168,-6.8811084181211815,-11.272970150878434,-4.881984819350766,-6.35794205366225,-6.715691353271162,11.686371559786677,14.978432206089636,6.130005981179938,-10.370900004549586,-10.45355728608432,-4.306513387448519,12.341731487666985,-4.441970401141,-2.211119602559965,-4.0140140580846015,7.519538764687209,-7.744198302520661,1.6894116463780635,0.6014833035708116,-7.9421151050197745,-0.03737051251217263
11.894687939405522,3.0037069090499022,-11.465831886353753,-3.4168129543284107,-2.8532628456090614,-17.269526713334308,2.123056723530015,-0.18845603603177008,-3.9219172312399304,-7.3043231951037075,11.434196916431388,7.758831031970405,-11.896177504037103,17.023479008887172,1.364168145305646,4.318716124806566,-7.7552539674401135,-10.263395009514744,2.7669349012042495,-12.951744753987773,0.3667130478554221,-2.616335882758902,16.841356787447886,11.251268506695974,15.359333344787357,11.167176283128558,-0.5158839808752875,-8.739506543909014,-10.466655294042852,-0.6447969457016699,9.681569671422883,6.079607645052982,7.494408045127737,0.3042779081184362,9.306251034967389,-8.989503834702013,-14.093147532202714,-6.413390093498065,-7.876864041487314,-8.234177469246122,14.264764769641728,20.310638204968,7.5878488099095,-13.118800839662617,-13.78930086745672,-5.300168213100436,15.829877476700846,-6.257657327217764,-2.2406739271527423,-4.655825603352962,9.980482481502131,-9.344839445795,2.2986926565876495,1.0837972204494153,-10.396552134342159,-0.7058618078224692
9.246245346831632,1.8787213650642116,-9.594651952114978,-3.0223192637650893,-2.7499273770686736,-12.082995550842961,0.44388297131493026,-0.7184062062466063,-3.8302037332274455,-6.3357159991546705,8.998107117651431,5.897332254331584,-9.357828091369669,14.502029610900346,2.0908166156075216,3.1758294049292157,-5.4606208792300395,-7.064251037761996,2.0732608774345818,-11.321985828221148,0.22486430879146757,-4.54860047881939,13.346747747327406,9.527207002390773,11.167176283128558,10.300083736505426,-0.7335322638028006,-6.871320452002036,-10.312378720869955,-1.1828657489304977,9.331115374999431,6.4998473360705065,5.852580236675879,-1.5301116699569373,9.365655704045707,-7.252305338825448,-12.522381122318906,-5.323355430208544,-6.980061049254533,-7.197983217208645,12.420972834314288,15.013266570984081,6.552138165815355,-10.904573563636351,-10.540933672517149,-4.310023453418898,12.665563578524702,-4.491854815857475,-2.657033550780912,-4.236056463538973,7.577212937790381,-8.380248440517752,1.661221601869155,0.47780477841943947,-8.297062027945335,0.6492406971798576
-0.4954560338121158,-0.10412113689126473,0.5699824869918467,0.25901409949527665,0.19102445787663394,0.5780123646983928,-0.02315755580035844,0.02500961947336425,0.2599869283292079,0.3783826798196262,-0.3732110002204386,-0.37493344144384017,0.5041432255542815,-0.79824495523864,-0.1883355568599635,-0.07713907562200659,0.2638284034121304,0.2863407759672356,-0.1311284283261439,0.7327409058719354,0.0159237924188836,0.35218569024467805,-0.7140653204550432,-0.642139799071361,-0.5158839808752875,-0.7335322638028006,0.09302984890142735,0.37485965304661917,0.708243819673223,0.13314992216253183,-0.6851506082326722,-0.5220360963195854,-0.26623739267086594,0.2574153184961945,-0.6047981925709183,0.3632019315625724,0.6744721489808839,0.23825049940411192,0.4016765539649144,0.4526565758669112,-0.8051796075262335,-0.7031371781334386,-0.3999105686819168,0.6347650272655968,0.5610348657720314,0.30678689305024487,-0.7332855985080325,0.16140222894188033,0.21968702404251744,0.32696438029505215,-0.3913388423577128,0.5433369707914028,-0.08044753065386802,0.012593933766433148,0.42106704500072695,-0.07744971111263195
-6.910868086723896,-1.6243610346757356,6.82755514351735,2.0589547858982917,1.787589524448613,9.696458767107035,-0.9165110022301737,0.26302846273648206,2.4713365459312175,4.407742991682042,-6.696834437309334,-4.458874619843368,6.939441614273344,-10.218161523771691,-1.0454578898951994,-2.4832100535531243,4.363308034484201,5.744042158137363,-1.5817930119635206,7.824902477865899,-0.2033679723777764,2.1557560731274092,-9.851228541620959,-6.71082147163688,-8.739506543909014,-6.871320452002036,0.37485965304661917,5.096405035732159,6.616656782058852,0.5377560374850775,-6.0564046178601005,-3.9578897556085755,-4.37204572810237,0.24675862468914592,-5.943201699578957,5.297620347719618,8.598565826636872,3.825316031357411,4.795546985023476,4.9782520664965455,-8.605271561943127,-11.619744768699544,-4.568999210347173,7.796016705054181,7.965383856323884,3.1116426068906815,-9.27862405984273,3.556303659276208,1.52440925453086,2.844305595205617,-5.75403411506133,5.700315841727214,-1.3045963935342586,-0.5434615938800558,6.101988053347495,0.10513528322068871
-8.861919172981263,-1.3857845070664097,9.488828482834224,2.700318413197536,2.866805362040636,10.779492536060891,0.6183942955204751,1.2568645004248142,4.058863322944478,6.437330152100953,-9.292377358798921,-5.222577582132626,9.045593709082258,-14.880138899289154,-2.4919713609143708,-3.3800572216152367,4.893711415875394,6.464612365899984,-1.8083258201407724,11.268260218045578,-0.3090214328868418,5.965886687460981,-13.012325577507228,-9.10473933860215,-10.466655294042852,-10.312378720869955,0.708243819673223,6.616656782058852,10.944597624917387,1.356549062942999,-9.527577941933316,-6.846038370268936,-5.8816424453972775,2.0693027401231476,-10.279596874254834,7.310045385020551,13.338421148572328,5.6400844301092965,7.288505908596285,7.236838861447528,-12.318118530932729,-14.24935992532606,-6.5878202579495495,10.796405990803605,9.966053851978485,3.8930652248576165,-12.157983169876223,4.402651320618734,2.9307174268789717,4.0676073469292415,-7.1795574266856095,8.49695250559658,-1.5291177908487006,-0.34912538359579603,8.260143162416684,-1.4357666670098705
-0.6966696649292323,-0.006399670586749305,0.9014307418620013,0.29916043406236353,0.3471749321321234,0.5417087514265542,0.319993831503484,0.22688718077978445,0.49733274731577154,0.6558187625754135,-0.749479214944972,-0.3829845142951224,0.7353065918028401,-1.4548339539636423,-0.4308670087131009,-0.22073603696598332,0.25573357907502536,0.29817906063961913,-0.12479594596861568,1.1731443612043795,-0.009067019097537777,1.0393607242837355,-1.0791715625436733,-0.8964197846117555,-0.6447969457016699,-1.1828657489304977,0.13314992216253183,0.5377560374850775,1.356549062942999,0.26332494640780746,-1.1633485350599653,-0.9447798293390426,-0.46591145250020977,0.5679728898085216,-1.2920791747961664,0.6321714954016073,1.4003758296623152,0.5165257317800883,0.7672130151553441,0.7514573068154313,-1.2739793874696266,-0.940523943765947,-0.6670749815103822,1.009876841743958,0.7428766041357157,0.3521484865304615,-1.0386332060559302,0.2587649219551883,0.43972671709392336,0.4634544191977388,-0.522474073866735,0.9227125257318983,-0.09165049753207485,0.055495479730978674,0.6961337484039748,-0.38425006015545016
8.12957823150543,1.5177230974240121,-8.572294619753885,-2.662176374855697,-2.525210879747036,-10.310128124394344,0.046208817939841565,-0.8090803818802017,-3.534507122378662,-5.7185427689782085,8.053295067185378,5.085854559379154,-8.254782812810388,13.088504502346849,2.053569682332231,2.836359429222266,-4.668641447125754,-6.044319050416264,1.7782671124993261,-10.182055289335842,0.20840753011684712,-4.605686561305587,11.806454806888963,8.46201048434768,9.681569671422883,9.331115374999431,-0.6851506082326722,-6.0564046178601005,-9.527577941933316,-1.1633485350599653,8.5290993434473,6.042120878967738,5.201451886812599,-1.6693536165782954,8.737270402616437,-6.476389367299212,-11.452404515335168,-4.823811605657154,-6.353951462012709,-6.487927898684668,11.156893180936779,13.081417832627011,5.897176982000553,-9.73733290137757,-9.220128883240296,-3.76550594907114,11.181169469018279,-3.9247028512331146,-2.5179419622670602,-3.7986113799751404,6.6243038274018895,-7.588682619290569,1.4337172438183459,0.3570342373394347,-7.3794815633055215,0.8691786084251201
5.282333168680418,0.8209747690329802,-5.769948281279324,-1.7852349325957677,-1.7965264173367197,-6.275274586220879,-0.3994256548797076,-0.7399228484085569,-2.532791046207192,-3.920030714646164,5.3564944616520265,3.211392599388213,-5.401291032722913,8.940921925748867,1.6426531818306753,1.8502974365485587,-2.8533939021610544,-3.6731334069561083,1.112686630004456,-6.965608795566828,0.1357796076770138,-3.8050342997237037,7.763781560812702,5.675374346686806,6.079607645052982,6.4998473360705065,-0.5220360963195854,-3.9578897556085755,-6.846038370268936,-0.9447798293390426,6.042120878967738,4.423915636406725,3.426091265158039,-1.5786171331491434,6.357234866082371,-4.322373950615139,-7.9975815713544005,-3.2914646681034685,-4.412527153483003,-4.447879398458816,7.616428172208434,8.302374394324685,4.027067684291799,-6.5399170171723915,-5.930579771291915,-2.45579907217563,7.351646093111137,-2.4786993406279882,-1.9024802112450943,-2.6105652076730426,4.251345011374437,-5.255975782518069,0.893388660160321,0.1311998274285186,-4.8901600321578185,0.9586710830834062
5.923506479496606,1.2415732287008296,-5.896326150012403,-1.5921675970553937,-1.567831708937971,-8.10043302810987,0.4163853555121769,-0.4411792622477248,-2.1975241677559447,-3.8660474877247193,6.0920657574326675,3.6069309476100893,-5.971829213383792,9.082530624767058,0.9878219307597117,2.346395475881798,-3.6500680975919986,-4.912703923892488,1.2706678859619334,-6.7204704542581775,0.236892432557356,-2.301617730599319,8.522316845706277,5.602224720222141,7.494408045127737,5.852580236675879,-0.26623739267086594,-4.37204572810237,-5.8816424453972775,-0.46591145250020977,5.201451886812599,3.426091265158039,3.8939897203388276,-0.2387491849650013,5.446433705269573,-4.69449221618187,-7.839430698308286,-3.5188685322185087,-4.293256530326756,-4.315787827041711,7.373778020118058,10.017232161822475,3.9734601703274706,-6.7508027075011565,-6.782713414148194,-2.5022232111049227,7.901239974376606,-3.1670005749478607,-1.360580764072391,-2.3346979498564155,4.917894026918307,-4.950170382999574,1.1050238892466206,0.4683429699995649,-5.363917322273127,0.152822636797869
-0.24790232032775683,0.3695515082313711,0.8100118585176127,0.29662247718596546,0.5053760235323961,-0.8143516071228272,1.0865377833563616,0.5568083937629242,0.7480558126654575,0.7218363040239709,-0.4732732768344455,0.035805166127419276,0.3475031978774361,-1.5179794321806779,-0.9016898629368973,-0.03329397657956969,-0.33588716731739005,-0.5312577034234393,0.040262080987025106,1.2921557279507423,0.015131524616263728,2.2809465284155657,-0.590710354066582,-0.8058851114600954,0.3042779081184362,-1.5301116699569373,0.2574153184961945,0.24675862468914592,2.0693027401231476,0.5679728898085216,-1.6693536165782954,-1.5786171331491434,-0.2387491849650013,1.4369518963392511,-2.0676383251531587,0.46552350999761033,1.758594729236947,0.5071942415341861,0.9345141550629438,0.8379580147773856,-1.3765417858074556,0.18089562254740332,-0.7118017402318426,0.8747496522097673,0.12465541470951641,0.19621975498958896,-0.6007485457130226,-0.12234382579380564,0.8109452135735521,0.5542231810128835,-0.05558145182675768,1.1262116904842099,0.05942159866213913,0.2721796804766061,0.4467880502545086,-1.0568988702126076
7.943948317877878,1.018377832387344,-8.626675957580117,-2.255575998080758,-2.6665090730842613,-9.276285068844585,-1.1112591071740496,-1.4386312597136093,-3.8114175594700037,-5.94129716366889,8.752593789190632,4.415239111469035,-8.146123952842128,13.846279980354685,2.446376285770647,3.2673614084131684,-4.223306539336266,-5.68826999396918,1.5112182195841577,-10.244091952646729,0.3433780846144791,-6.137668916597462,11.780155461261412,8.063301261154168,9.306251034967389,9.365655704045707,-0.6047981925709183,-5.943201699578957,-10.279596874254834,-1.2920791747961664,8.737270402616437,6.357234866082371,5.446433705269573,-2.0676383251531587,9.846270098866484,-6.758545622209818,-12.666236447259806,-5.370626333682478,-6.836404383191083,-6.626490244114038,11.175092280282081,12.759961733761966,6.039317275726359,-9.830625456076055,-8.862216254441027,-3.315486097624909,10.873139871280134,-4.048056196043282,-2.784050814259576,-3.589053442321233,6.399556889553147,-7.805095004841508,1.3425963236721146,0.2804936611513986,-7.582180851430047,1.6948687802757099
-7.166900976606563,-1.4768238519504757,7.198387677199749,1.987649997482622,1.945900141626596,9.695125446481383,-0.43203286554870707,0.5619867299245136,2.727604199068812,4.7323540133860496,-7.334767865672931,-4.380636044567034,7.235049386631024,-11.0764255865365,-1.2881924456587244,-2.7899888472986327,4.370666067080955,5.852724838405443,-1.5431951306653686,8.258422488541537,-0.2726924354865968,2.9787402940068772,-10.328919452547286,-6.8811084181211815,-8.989503834702013,-7.252305338825448,0.3632019315625724,5.297620347719618,7.310045385020551,0.6321714954016073,-6.476389367299212,-4.322373950615139,-4.69449221618187,0.46552350999761033,-6.758545622209818,5.687311427049236,9.581552222786906,4.2602378497209985,5.255994259563292,5.295880808728474,-9.05887356766249,-12.03444837011953,-4.8664994079603785,8.230756650486244,8.19533686156442,3.0700083484692082,-9.605321986502574,3.777103123291751,1.732211970364597,2.9012632621241856,-5.9349261318123645,6.095591407219491,-1.3257783821791864,-0.5272094697078212,6.494571478669739,-0.273366952449584
-11.567702418561653,-1.879076906297124,12.063015955845573,3.1144326506768323,3.4913496373845807,14.557481173652286,0.5862172269359046,1.5849463879209145,4.962230504010604,8.145808646018331,-12.49351022447994,-6.6320527825631554,11.77537134841372,-19.11402671623531,-2.794595248323981,-4.774955655268465,6.593079965061277,8.93019254156105,-2.300813604575389,14.032790671865117,-0.5121370209230917,6.946216081304874,-16.939327677702224,-11.272970150878434,-14.093147532202714,-12.522381122318906,0.6744721489808839,8.598565826636872,13.338421148572328,1.4003758296623152,-11.452404515335168,-7.9975815713544005,-7.839430698308286,1.758594729236947,-12.666236447259806,9.581552222786906,17.11178257948903,7.465159297719338,9.261121926810507,9.065076625239579,-15.3411728999018,-19.09758696953841,-8.307328395624417,13.78537021811036,13.053514554568231,4.778091551712858,-15.608954610042085,6.095764071939296,3.3852933469896986,4.844426179930706,-9.454783373028253,10.552682663621486,-2.049457771253659,-0.6599529366137755,10.824614382266793,-1.50565026942996
