V1,V2,V3,V4,V5,V6,V7,V8,V9,V10,V11,V12,V13,V14,V15,V16,V17,V18,V19,V20,V21,V22,V23,V24,V25,V26,V27,V28,V29,V30,V31,V32,V33,V34,V35,V36,V37,V38,V39,V40,V41,V42,V43,V44,V45,V46,V47,V48,V49,V50,V51,V52,V53,V54,V55,V56
59544416.98368573,-37528809.96054309,296496217.5479799,216126977.9587801,18709682.005466916,-153032738.82950625,-147813485.76249388,-252644388.9264478,-1037067578.6310098,-67114513.84445015,-16385377.833669689,-729690897.072282,-149571644.29409263,244282579.07664683,-386086215.01835835,492121785.30705565,-106151487.64455882,337629619.9272879,316109382.2169318,222054576.1066308,-502831146.5905284,-148006157.31661138,98959936.54898027,-546953074.480754,315160477.148695,16777639.182348307,-209395882.10299787,-255299639.81499067,-200994349.1557439,-483697727.16194254,370808911.78015345,42270807.51445698,-89833152.42650357,607180754.5661975,-536173221.72306,320123520.05653304,233840326.93059713,-861488740.8977152,586113902.1561695,328654857.10631436,443941549.2094139,1014097184.4059855,509580388.5203101,-250691641.91928983,168727285.38454807,59443408.95490675,162425210.0912056,801061686.454155,-372486067.53369755,-531824629.2621829,511744240.9917251,443541208.9364276,280432185.1007916,-188622762.48034802,-136123137.05586663,84795740.90332031
-37528809.96054309,23653125.8376529,-186871427.09498164,-136217443.58592707,-11792073.453892812,96451302.30065787,93161785.74347216,159233119.01253113,653628232.2616254,42299983.40141938,10327143.160501383,459899220.8009654,94269893.12372161,-153962956.67010695,243336938.93619704,-310167533.191328,66903652.84944112,-212796404.0860566,-199232934.12026173,-139953405.99489447,316917277.13964003,93283220.06705149,-62371064.541132435,344725819.9220781,-198634871.76476315,-10574372.193310324,131975063.97938702,160906633.08917028,126679865.53393641,304858136.97594565,-233708177.02630624,-26641844.026874132,56618764.02060172,-382685267.53037727,337931647.3337792,-201762908.2705708,-147381562.041804,542966895.2721986,-369407550.45579153,-207139918.10698816,-279801178.1803001,-639150778.9534832,-321171093.37475353,158002370.22939485,-106343037.89812058,-37465148.03191102,-102371055.6492132,-504881788.9320619,234765231.3216435,335190878.5569089,-322534895.78225625,-279548857.04928917,-176746817.0154099,118882477.52139147,85793759.05391565,-53443856.071568124
296496217.5479799,-186871427.09498164,1476376991.554474,1076185389.901834,93163223.41443378,-762013142.279712,-736024328.0330726,-1258020644.9108694,-5163987331.391118,-334190852.6729747,-81589556.7732029,-3633432020.6594915,-744778923.7990347,1216383742.6756039,-1922482550.2945776,2450477400.7220125,-528572050.69478416,1681197171.7340572,1574039030.016725,1105701346.995225,-2503803730.209773,-736983718.7675351,492762349.92552745,-2723505010.903919,1569314040.1976979,83542788.05728441,-1042668487.4119418,-1271242234.3950424,-1000833787.0305536,-2408530541.210642,1846410554.6790013,210483791.42753294,-447316328.87124676,3023403477.0932803,-2669827676.783278,1594027076.8958328,1164387461.305639,-4289707858.3851776,2918502928.5754986,1636508124.7889183,2210568127.230732,5049608259.62839,2537410990.3448095,-1248297109.3346343,840162766.159406,295993257.3189869,808782131.9659594,3988816625.6680975,-1854761804.451674,-2648174240.0847087,2548185704.306049,2208574669.1171503,1396387545.5566916,-939230552.4091895,-677813257.3745917,422232977.12062174
216126977.9587801,-136217443.58592707,1076185389.901834,784471039.6749289,67910093.61526588,-555459354.4696378,-536515153.5628223,-917017432.5693333,-3764219946.1142225,-243603981.2425801,-59473623.283263795,-2648541990.3372087,-542896699.7996982,886666765.8398393,-1401368109.1308093,1786242939.3056772,-385295572.72238773,1225486338.6107473,1147374835.10957,805986304.3298335,-1825114458.5857768,-537214488.714949,359192567.0378301,-1985262787.7011352,1143930616.5266092,60897405.20372315,-760039338.9298106,-926655134.4196547,-729544489.8845371,-1755666333.5445564,1345916438.8104634,153429362.98764563,-326065293.95229524,2203869789.4475474,-1946135408.2592282,1161944856.2412548,848764767.5253036,-3126925541.6398883,2127403928.6372988,1192910851.6186728,1611364262.206056,3680844841.4418573,1849612024.3751552,-909929590.2996626,612425484.4221056,215760351.7560868,589550988.0634642,2907594875.766399,-1352003971.2439113,-1930351423.1799843,1857466108.849151,1609911157.4677436,1017878146.0967944,-684639630.6294852,-494082967.0579632,307781117.99540216
18709682.005466916,-11792073.453892812,93163223.41443378,67910093.61526588,5878844.179843896,-48085009.0657605,-46445047.9017225,-79384370.65242234,-325861017.19614786,-21088312.30605475,-5148512.194693965,-229279001.2273032,-46997486.44899663,76756975.80414926,-121313643.14734685,154631490.7857014,-33354269.995141506,106087909.10092835,99325951.7433766,69772627.0109059,-157996519.46099496,-46505588.16653461,31094586.418263692,-171860242.67429784,99027792.84690715,5271766.524484851,-65795089.58849227,-80218688.03557353,-63155213.248506516,-151984533.16930446,116513302.29302114,13282072.19149564,-28226821.922666427,190784616.30439693,-168473063.42594227,100587250.90985982,73475874.73199962,-270691713.2837127,184165117.60236627,103267914.65258096,139492593.25811118,318643403.3669811,160117224.3724789,-78770793.79791798,53016451.65645574,18677943.71636976,51036253.364712864,251704693.48138875,-117040289.27030858,-167106676.57311916,160797137.4272176,139366799.4651431,88115682.64239892,-59267889.312703475,-42771779.594320074,26643998.539506383
-153032738.82950625,96451302.30065787,-762013142.279712,-555459354.4696378,-48085009.0657605,393303358.47744334,379889563.6200632,649311300.7141834,2665326157.238469,172488343.66214937,42111408.442002565,1875349566.9178584,384408136.6360245,-627820945.1152117,992264833.2273352,-1264782636.9466765,272815718.33850515,-867728464.4265543,-812420157.1156855,-570693638.9593283,1292306341.1671484,380384740.9838995,-254332998.369278,1405702353.5234268,-809981413.8775785,-43119543.751544,538160032.8459669,656135455.3783773,516567586.36866504,1243132300.585483,-953001243.5409831,-108638522.54422764,230876614.2335822,-1560491119.5459654,1377997482.4990702,-822736732.6357132,-600983728.0964516,2214077965.2880063,-1506348040.1070557,-844662783.1577611,-1140956527.2628376,-2606290859.3308296,-1309652299.6138816,644292622.2074617,-433639289.2549534,-152773142.24824443,-417442575.6172831,-2058776795.3916152,957311634.5431881,1366821337.5696876,-1315213530.7208843,-1139927629.1137755,-720727610.7059597,484771863.1019665,349844662.5963752,-217930162.59363922
-147813485.76249388,93161785.74347216,-736024328.0330726,-536515153.5628223,-46445047.9017225,379889563.6200632,366933252.7893377,627166235.3505752,2574423963.5846014,166605548.43805277,40675178.96237818,1811389894.0518386,371297717.8233431,-606408818.8528967,958423177.3510103,-1221646634.2591536,263511210.74232164,-838134179.6492014,-784712188.0136954,-551229865.7143699,1248231629.558301,367411541.8490682,-245658853.0292081,1357760218.212956,-782356619.372604,-41648931.603238754,519805833.4775437,633757649.3394572,498949807.82492775,1200734692.3762486,-920498690.6195172,-104933354.54549149,223002459.51000464,-1507269841.3958328,1331000234.8127184,-794676912.0799669,-580486897.4039271,2138565802.3045464,-1454973336.5973022,-815855164.4068491,-1102043672.1679966,-2517402092.6708317,-1264985995.7576797,622318722.004501,-418849818.3643382,-147562742.90358979,-403205501.35211796,-1988561251.2379599,924662074.192123,1320205257.868777,-1270357558.6972778,-1101049864.8434665,-696146858.9750946,468238492.48397034,337913047.3630977,-210497552.72477216
-252644388.9264478,159233119.01253113,-1258020644.9108694,-917017432.5693333,-79384370.65242234,649311300.7141834,627166235.3505752,1071959230.0078248,4400232941.916131,284763982.6026488,69522450.87111655,3096046958.1740904,634626025.2944964,-1036480430.8821168,1638147134.2667289,-2088051478.4891505,450396176.56493217,-1432547894.1675673,-1341238455.34277,-942167975.7802786,2133490836.9677162,627983732.1009045,-419882735.04130715,2320698270.0101204,-1337212292.1041913,-71186798.93178956,888457684.2091743,1083225344.6186466,852810341.3463621,2052308564.9163659,-1573326196.600962,-179353211.7229521,381158186.33654046,-2576241714.4695773,2274959820.4970436,-1358270267.5325634,-992174406.2583487,3655259515.2634463,-2486855970.5979214,-1394468362.970964,-1883624817.2822914,-4302770549.472282,-2162127579.075509,1063673806.4785635,-715902585.2120311,-252215816.54692137,-689163150.8367652,-3398870134.4463325,1580442295.371954,2256508929.789834,-2171308711.3979077,-1881926191.9034119,-1189861648.2356727,800318233.0767082,577564589.5127342,-359784665.5619142
-1037067578.6310098,653628232.2616254,-5163987331.391118,-3764219946.1142225,-325861017.19614786,2665326157.238469,2574423963.5846014,4400232941.916131,18062300695.362644,1168913726.328735,285379303.16865885,12708811525.680468,2605045290.5488467,-4254597758.476012,6724349940.289435,-8571140248.692988,1848809206.4827435,-5880395689.333805,-5505584045.963815,-3867459179.155989,8757662045.130669,2577779666.071011,-1723556076.2346032,9526120669.550522,-5489057245.730885,-292211204.28265494,3646986433.596358,4446478664.876498,3500659403.362268,8424420912.084411,-6458269647.679402,-736218213.0270085,1564597570.9398112,-10575088440.179146,9338371148.041245,-5575497098.715213,-4072728127.4604764,15004295763.98357,-10208173276.892344,-5724084887.045449,-7731999260.2426605,-17662232096.249878,-8875211604.764385,4366222515.454999,-2938673458.114825,-1035308352.7945007,-2828912064.720856,-13951855551.311672,6487480174.077506,9262632991.649567,-8912898785.833168,-7725026654.912275,-4884204804.989255,3285187119.061748,2370816598.0128655,-1476862453.2768068
-67114513.84445015,42299983.40141938,-334190852.6729747,-243603981.2425801,-21088312.30605475,172488343.66214937,166605548.43805277,284763982.6026488,1168913726.328735,75647024.91100888,18468509.757740505,822459137.0637563,168587228.16184255,-275339106.35784304,435170749.9860082,-554687005.6711109,119646909.7000921,-380553692.9990596,-356297509.69303733,-250285176.37198222,566757886.4414666,166822714.99634248,-111541071.3467762,616489194.8471191,-355227967.0715002,-18910641.02877923,236017136.91049922,287756805.4832826,226547487.27199244,545191966.0024397,-417951187.8576897,-47644847.35999912,101253965.61061984,-684373837.9326624,604338860.5645179,-360821979.7140491,-263569292.63729155,971012917.2430634,-660628679.8951962,-370437936.4338352,-500381442.44387156,-1143023023.7711425,-574365183.596503,282562976.98027766,-190178194.18766257,-67000664.33590737,-183074913.5263953,-902903552.7340417,419841567.13270456,599437416.2834787,-576804134.7121651,-499930205.11098355,-316084542.0364812,212603056.05123612,153428963.84153178,-95576129.95980622
-16385377.833669689,10327143.160501383,-81589556.7732029,-59473623.283263795,-5148512.194693965,42111408.442002565,40675178.96237818,69522450.87111655,285379303.16865885,18468509.757740505,4508913.618248974,200795670.21640092,41158987.19909461,-67221455.02625325,106242850.07242316,-135421620.53918326,29210668.748092506,-92908608.69359072,-86986689.57112104,-61104774.39900494,138368613.1967839,40728198.10460969,-27231703.813415337,150510044.27252877,-86725570.58157903,-4616855.484967488,57621366.575883,70253120.16512501,55309439.89654111,133103496.60802452,-102038855.90817961,-11632042.527430737,24720204.457637977,-167083441.55175295,147543654.16530976,-88091295.89430691,-64347965.97676341,237063679.21286592,-161286285.05399528,-90438941.44344926,-122163427.22807296,-279058330.34685534,-140225863.57543314,68985094.57662754,-46430219.79830618,-16357582.573784038,-44696020.26473484,-220435418.50748727,102500373.47190404,146347012.14364043,-140821310.35290736,-122053262.33474603,-77169070.76573649,51905037.98897049,37458239.10882042,-23334013.868605454
-729690897.072282,459899220.8009654,-3633432020.6594915,-2648541990.3372087,-229279001.2273032,1875349566.9178584,1811389894.0518386,3096046958.1740904,12708811525.680468,822459137.0637563,200795670.21640092,8942044157.192036,1832935359.5576673,-2993576618.3886204,4731318421.861205,-6030738155.610944,1300840250.063565,-4137503952.068836,-3873782811.867013,-2721182124.9773307,6161976716.581122,1813750999.2042677,-1212710922.3103344,6702671725.188746,-3862154393.560252,-205602662.79507393,2566055343.610221,3128585901.608978,2463098213.6737766,5927504994.14431,-4544101724.060369,-518010338.7845582,1100866161.8244364,-7440735714.059308,6570569324.546818,-3922974320.304668,-2865611366.0839725,10557169331.09377,-7182570614.171153,-4027522142.0650997,-5440310344.609601,-12427319344.998308,-6244685736.925925,3072116890.165901,-2067679402.3493216,-728453088.5196728,-1990450212.1492484,-9816662098.066103,4564654536.642091,6517279216.873087,-6271202806.500649,-5435404350.919571,-3436574297.4177957,2311489805.884146,1668129759.5132852,-1039134874.7692064
-149571644.29409263,94269893.12372161,-744778923.7990347,-542896699.7996982,-46997486.44899663,384408136.6360245,371297717.8233431,634626025.2944964,2605045290.5488467,168587228.16184255,41158987.19909461,1832935359.5576673,375714096.0143503,-613621711.43796,969823082.587895,-1236177434.8608673,266645528.7453334,-848103314.8799808,-794045898.57852006,-557786435.1146055,1263078643.337808,371781695.97646075,-248580827.65076417,1373910013.5112307,-791662311.7910224,-42144322.060586214,525988631.5264282,641295840.5911541,504884535.7582983,1215016756.6678472,-931447505.3349288,-106181477.32304248,225654948.23041672,-1525197970.0161657,1346831735.0794246,-804129147.9375645,-587391463.2030563,2164002842.017425,-1472279427.2661407,-825559303.3513819,-1115151862.9620996,-2547345177.3103414,-1280032293.2259583,629720854.4585291,-423831801.1751363,-149317918.8802936,-408001404.25198495,-2012214070.6858587,935660410.2928485,1335908358.2873359,-1285467748.0339034,-1114146234.4093726,-704427134.9881899,473807926.69282484,341932333.8381021,-213001303.0831021
244282579.07664683,-153962956.67010695,1216383742.6756039,886666765.8398393,76756975.80414926,-627820945.1152117,-606408818.8528967,-1036480430.8821168,-4254597758.476012,-275339106.35784304,-67221455.02625325,-2993576618.3886204,-613621711.43796,1002175880.3731594,-1583929127.240126,2018942919.0578227,-435489345.44882333,1385134636.8371704,1296847280.3874276,910984897.5511115,-2062878363.3367152,-607199258.868014,405985813.11311907,-2243889764.3537207,1292954371.9044902,68830718.31533025,-859052263.6979216,-1047373669.752802,-824584747.6516126,-1984382992.9550211,1521253577.8446226,173417129.71865842,-368542935.2025817,2490975449.145721,-2199665127.3854456,1313315388.9702437,959336258.4860799,-3534280832.816376,2404548117.8458533,1348315430.1490064,1821282199.0166311,4160361095.5925097,2090567310.3849018,-1028469233.6930251,692208246.6017963,243868191.16520524,666353812.096193,3286377209.7628827,-1528134155.140154,-2181824909.494288,2099444573.799994,1819639792.4184387,1150480615.4432428,-773829978.803759,-558448847.2006793,347876817.82964873
-386086215.01835835,243336938.93619704,-1922482550.2945776,-1401368109.1308093,-121313643.14734685,992264833.2273352,958423177.3510103,1638147134.2667289,6724349940.289435,435170749.9860082,106242850.07242316,4731318421.861205,969823082.587895,-1583929127.240126,2503384418.5064425,-3190919439.9786696,688286630.106594,-2189191680.0601745,-2049654381.1366174,-1439802677.4964366,3260358979.046534,959672459.9516585,-641656585.5404329,3546445717.7510796,-2043501677.1193962,-108786274.1205471,1357723660.0347874,1655363790.4075842,1303248087.9321258,3136297818.3033657,-2404326329.051531,-274084070.9065168,582478487.1298932,-3936962212.8260517,3476549113.42484,-2075682063.6408262,-1516221526.8156965,5585896116.949734,-3800364666.8605766,-2130999285.0226724,-2878518613.8109,-6575409818.176179,-3304121088.363864,1625485512.2724452,-1094028331.8455427,-385431279.0454938,-1053165651.3594941,-5194086878.688223,2415201011.993018,3448352823.1885085,-3318151515.3340626,-2875922807.5270724,-1818323304.4641762,1223030674.5338824,882622912.2406982,-549815890.823187
492121785.30705565,-310167533.191328,2450477400.7220125,1786242939.3056772,154631490.7857014,-1264782636.9466765,-1221646634.2591536,-2088051478.4891505,-8571140248.692988,-554687005.6711109,-135421620.53918326,-6030738155.610944,-1236177434.8608673,2018942919.0578227,-3190919439.9786696,4067280597.458307,-877319189.3186345,2790436114.498218,2612575983.757864,1835233262.2938347,-4155791164.363615,-1223239022.627681,817882566.9762012,-4520449396.907292,2604733487.670937,138663576.41064098,-1730611882.3217366,-2109996555.3461964,-1661175019.4952993,-3997657572.4089527,3064655818.096975,349359124.4073172,-742451664.2436441,5018218204.505338,-4431356234.97885,2645751966.8875566,1932639953.5317183,-7120018955.469442,4844105206.454112,2716261631.8998804,3669081319.2219653,8381294883.663465,4211572195.749208,-2071912441.921983,1394494686.8933685,491286976.2429522,1342409389.9837399,6620602362.791414,-3078517148.563484,-4395416053.788296,4229455970.363125,3665772594.53961,2317711630.084,-1558926518.6802566,-1125028417.5172737,700818540.7490332
-106151487.64455882,66903652.84944112,-528572050.69478416,-385295572.72238773,-33354269.995141506,272815718.33850515,263511210.74232164,450396176.56493217,1848809206.4827435,119646909.7000921,29210668.748092506,1300840250.063565,266645528.7453334,-435489345.44882333,688286630.106594,-877319189.3186345,189239208.35266605,-601901710.7549288,-563536984.6951903,-395862866.7938305,896411065.6081384,263854691.64706954,-176418630.11242405,975068453.0213464,-561845345.2120006,-29909963.919128776,373295861.0497102,455129766.10162306,358318214.4669537,862301386.8603768,-661051356.8865741,-75357344.01963384,160148058.58351734,-1082438012.7297215,955850909.7712772,-570693099.6546794,-416873652.28870267,1535799930.4731421,-1044881549.3879014,-585902151.4784636,-791426942.7808211,-1807859245.7505965,-908443126.8895948,446914959.80023205,-300794823.0237596,-105971417.85453406,-289559938.0596671,-1428074940.6442096,664041268.9153627,948098552.9755173,-912300686.810705,-790713245.1909391,-499934253.29516494,336263042.888468,242670500.90207046,-151167724.8553805
337629619.9272879,-212796404.0860566,1681197171.7340572,1225486338.6107473,106087909.10092835,-867728464.4265543,-838134179.6492014,-1432547894.1675673,-5880395689.333805,-380553692.9990596,-92908608.69359072,-4137503952.068836,-848103314.8799808,1385134636.8371704,-2189191680.0601745,2790436114.498218,-601901710.7549288,1914432388.665126,1792408023.7218342,1259097092.3836644,-2851160492.235042,-839226668.3121042,561124072.0473827,-3101341288.9786224,1787027528.294764,95132814.76498581,-1187319581.569415,-1447603736.2661457,-1139681085.436589,-2742669898.8586497,2102566092.8250487,239684549.82596892,-509373250.21523887,3442845157.033649,-3040217210.893874,1815169045.0662532,1325924826.899611,-4884826003.946151,3323391584.8421082,1863543557.5093677,2517243837.5609164,5750148623.259984,2889430142.243032,-1421475396.9411347,956719912.4123815,337056883.1205889,920985792.1149894,4542191641.293986,-2112075924.972538,-3015559757.8323836,2901699649.822838,2514973823.543423,1590110659.993783,-1069531534.0146992,-771847392.7293314,480810044.5844519
316109382.2169318,-199232934.12026173,1574039030.016725,1147374835.10957,99325951.7433766,-812420157.1156855,-784712188.0136954,-1341238455.34277,-5505584045.963815,-356297509.69303733,-86986689.57112104,-3873782811.867013,-794045898.57852006,1296847280.3874276,-2049654381.1366174,2612575983.757864,-563536984.6951903,1792408023.7218342,1678161392.7362912,1178843266.7903056,-2669429839.170418,-785735042.3010149,525358479.48442024,-2903664315.0986595,1673123845.6596014,89069126.53861342,-1111640796.2103922,-1355334650.3327663,-1067038738.9853176,-2567854348.0779157,1968550238.4496799,224407251.45373073,-476906213.199509,3223401004.0065,-2846436236.0341773,1699471644.9221737,1241411455.662035,-4573471163.143305,3111561305.612857,1744762805.2566676,2356796760.599779,5383638821.866351,2705260212.7870045,-1330871709.8466585,895739362.6173772,315573151.2326548,862282906.0629538,4252676036.639098,-1977453921.5222673,-2823350428.9617133,2716747671.924576,2354671435.511191,1488758298.4435625,-1001360462.920834,-722650466.897246,450163602.97053814
222054576.1066308,-139953405.99489447,1105701346.995225,805986304.3298335,69772627.0109059,-570693638.9593283,-551229865.7143699,-942167975.7802786,-3867459179.155989,-250285176.37198222,-61104774.39900494,-2721182124.9773307,-557786435.1146055,910984897.5511115,-1439802677.4964366,1835233262.2938347,-395862866.7938305,1259097092.3836644,1178843266.7903056,828091656.6849196,-1875170889.9645357,-551948381.0999022,369043948.0239979,-2039711520.9075341,1175304585.4980571,62567605.638246,-780884528.593205,-952070005.7476473,-749553313.6459802,-1803818048.549925,1382830164.0688586,157637387.5459465,-335008111.26332945,2264314139.178186,-1999511015.8844318,1193812891.9210598,872043381.5620298,-3212686044.094706,2185751090.437234,1225628175.0406055,1655558281.9336972,3781797390.294457,1900340337.2469103,-934885738.9117569,629222148.3774225,221677894.6984303,605720285.4570295,2987339914.4045806,-1389084655.9148717,-1983294131.9713862,1908409831.5235145,1654065323.7583783,1045794941.7444311,-703416872.9261695,-507633914.3834468,316222464.92159164
-502831146.5905284,316917277.13964003,-2503803730.209773,-1825114458.5857768,-157996519.46099496,1292306341.1671484,1248231629.558301,2133490836.9677162,8757662045.130669,566757886.4414666,138368613.1967839,6161976716.581122,1263078643.337808,-2062878363.3367152,3260358979.046534,-4155791164.363615,896411065.6081384,-2851160492.235042,-2669429839.170418,-1875170889.9645357,4246227864.2436275,1249858670.7087414,-835681006.1712216,4618821645.655449,-2661416677.6524086,-141681119.14469206,1768272780.6065917,2155913473.8017583,1697324859.1064963,4084653031.1661777,-3131347657.7790127,-356961741.5976433,758608606.8840722,-5127422702.567205,4527789673.207321,-2703327784.313285,-1974697306.721126,7274962017.613061,-4949520726.355594,-2775371853.3808484,-3748926429.1195674,-8563685338.439627,-4303222780.729461,2117000587.4802551,-1424841134.7025297,-501978170.88545024,-1371622377.4085586,-6764677317.47308,3145510632.504494,4491067375.410305,-4321495734.861878,-3745545701.8940196,-2368148762.375341,1592851266.2944078,1149510844.3213866,-716069479.006518
-148006157.31661138,93283220.06705149,-736983718.7675351,-537214488.714949,-46505588.16653461,380384740.9838995,367411541.8490682,627983732.1009045,2577779666.071011,166822714.99634248,40728198.10460969,1813750999.2042677,371781695.97646075,-607199258.868014,959672459.9516585,-1223239022.627681,263854691.64706954,-839226668.3121042,-785735042.3010149,-551948381.0999022,1249858670.7087414,367890454.41216105,-245979063.84724075,1359530027.5127766,-783376403.2007469,-41703219.93472975,520483388.29287505,634583737.8295885,499600177.462878,1202299822.379932,-921698539.5284361,-105070132.63862813,223293137.95463982,-1509234533.1075456,1332735163.0457692,-795712755.3298346,-581243548.8127412,2141353373.9447427,-1456869860.9444802,-816918612.8712839,-1103480160.8611047,-2520683468.658187,-1266634875.8653324,623129900.3543396,-419395779.34914964,-147755087.55594015,-403731070.4957099,-1991153295.25101,925867349.9798795,1321926115.1551664,-1272013440.5164425,-1102485057.989094,-697054270.4517996,468848830.70138747,338353509.4087301,-210771931.50709167
98959936.54898027,-62371064.541132435,492762349.92552745,359192567.0378301,31094586.418263692,-254332998.369278,-245658853.0292081,-419882735.04130715,-1723556076.2346032,-111541071.3467762,-27231703.813415337,-1212710922.3103344,-248580827.65076417,405985813.11311907,-641656585.5404329,817882566.9762012,-176418630.11242405,561124072.0473827,525358479.48442024,369043948.0239979,-835681006.1712216,-245979063.84724075,164466621.48233086,-909009513.6326926,523781445.36292756,27883623.460940372,-348005811.75025976,-424295633.92564976,-334042871.93010414,-803882189.6064962,616266447.4571558,70252033.3231686,-149298347.32970786,1009105000.9751787,-891093920.5444481,532029782.7225903,388631295.52765065,-1431752554.5497544,974092912.0676349,546208451.2953777,737809349.2073683,1685380395.1910985,846897918.9325836,-416637365.8723341,280416573.6301709,98792066.09182358,269942830.37372005,1331325717.0149825,-619053799.8608865,-883866771.269512,850494137.3260089,737144002.397105,466064706.7012742,-313481894.20186174,-226230060.45652664,140926413.89812303
-546953074.480754,344725819.9220781,-2723505010.903919,-1985262787.7011352,-171860242.67429784,1405702353.5234268,1357760218.212956,2320698270.0101204,9526120669.550522,616489194.8471191,150510044.27252877,6702671725.188746,1373910013.5112307,-2243889764.3537207,3546445717.7510796,-4520449396.907292,975068453.0213464,-3101341288.9786224,-2903664315.0986595,-2039711520.9075341,4618821645.655449,1359530027.5127766,-909009513.6326926,5024109416.880082,-2894948022.729465,-154113212.8643539,1923433422.3583877,2345088426.5315185,1846260034.373373,4443069104.438365,-3406114039.1306486,-388284064.51949036,825174240.4784858,-5577338694.523073,4925089661.341333,-2940536704.3603864,-2147971083.6777873,7913318155.163469,-5383826351.653428,-3018902424.2451687,-4077883499.8697968,-9315123089.284693,-4680817695.145829,2302761052.6249433,-1549866677.2953694,-546025252.5732284,-1491978134.2175946,-7358257499.613045,3421519773.3020067,4885145092.614367,-4700694046.642444,-4074206123.052701,-2575946726.471499,1732619196.7439396,1250376980.5595107,-778902432.3348472
315160477.148695,-198634871.76476315,1569314040.1976979,1143930616.5266092,99027792.84690715,-809981413.8775785,-782356619.372604,-1337212292.1041913,-5489057245.730885,-355227967.0715002,-86725570.58157903,-3862154393.560252,-791662311.7910224,1292954371.9044902,-2043501677.1193962,2604733487.670937,-561845345.2120006,1787027528.294764,1673123845.6596014,1175304585.4980571,-2661416677.6524086,-783376403.2007469,523781445.36292756,-2894948022.729465,1668101420.5390577,88801756.59297632,-1108303845.0267231,-1351266172.8574643,-1063835675.4827257,-2560146098.316159,1962640994.8399103,223733620.00875247,-475474624.2115431,3213724918.1675124,-2837891732.4540305,1694370128.2707515,1237684955.6955304,-4559742402.906597,3102220942.752533,1739525332.5742407,2349722069.0369706,5367478080.085761,2697139494.655,-1326876666.090176,893050509.6452616,314625855.8601786,859694483.485884,4239910247.0582557,-1971517950.8594153,-2814875225.035128,2708592470.5158105,2347603123.7617083,1484289306.5189266,-998354554.0886766,-720481196.7713907,448812290.60931385
16777639.182348307,-10574372.193310324,83542788.05728441,60897405.20372315,5271766.524484851,-43119543.751544,-41648931.603238754,-71186798.93178956,-292211204.28265494,-18910641.02877923,-4616855.484967488,-205602662.79507393,-42144322.060586214,68830718.31533025,-108786274.1205471,138663576.41064098,-29909963.919128776,95132814.76498581,89069126.53861342,62567605.638246,-141681119.14469206,-41703219.93472975,27883623.460940372,-154113212.8643539,88801756.59297632,4727381.7628631815,-59000806.13115702,-71934960.46535139,-56633532.75872115,-136289956.943755,104481637.411614,11910510.11190837,-25311999.39082494,171083372.88578972,-151075808.35191005,90200176.89659737,65888438.465236984,-242738917.906526,165147433.74013427,92604024.5891553,125087985.79134035,285738909.5036959,143582831.3819372,-70636579.06398465,47541746.145776846,16749178.590736551,45766030.316719934,225712581.0737018,-104954204.05453232,-149850519.25983763,144192533.12744737,124975183.49225335,79016476.93590291,-53147630.33622751,-38354979.20461961,23892623.728317592
-209395882.10299787,131975063.97938702,-1042668487.4119418,-760039338.9298106,-65795089.58849227,538160032.8459669,519805833.4775437,888457684.2091743,3646986433.596358,236017136.91049922,57621366.575883,2566055343.610221,525988631.5264282,-859052263.6979216,1357723660.0347874,-1730611882.3217366,373295861.0497102,-1187319581.569415,-1111640796.2103922,-780884528.593205,1768272780.6065917,520483388.29287505,-348005811.75025976,1923433422.3583877,-1108303845.0267231,-59000806.13115702,736368543.502156,897795227.8380258,706823430.9356097,1700987559.8645425,-1303998986.0512826,-148650932.8022013,315910260.69668895,-2135232089.9918675,1885524632.8336434,-1125757045.7710145,-822330691.6868981,3029540035.0371284,-2061147695.2152328,-1155758631.1694467,-1561179656.692003,-3566207977.1153827,-1792007389.9532473,881590586.4841244,-593352000.2079076,-209040674.29014283,-571189910.7632953,-2817040241.3422923,1309896927.3196418,1870232226.7772646,-1799616865.4607556,-1559771807.97745,-986177174.2150307,663317096.1922837,478695161.9768829,-298195529.87804735
-255299639.81499067,160906633.08917028,-1271242234.3950424,-926655134.4196547,-80218688.03557353,656135455.3783773,633757649.3394572,1083225344.6186466,4446478664.876498,287756805.4832826,70253120.16512501,3128585901.608978,641295840.5911541,-1047373669.752802,1655363790.4075842,-2109996555.3461964,455129766.10162306,-1447603736.2661457,-1355334650.3327663,-952070005.7476473,2155913473.8017583,634583737.8295885,-424295633.92564976,2345088426.5315185,-1351266172.8574643,-71934960.46535139,897795227.8380258,1094609864.6354394,861773237.8198042,2073877989.1924365,-1589861595.2362006,-181238183.78879526,385164096.0288357,-2603317590.910877,2298869273.424337,-1372545464.3635514,-1002601995.8573745,3693675690.743863,-2512992417.1716304,-1409123995.6477983,-1903421404.0380962,-4347991959.573795,-2184851183.086533,1074852843.7004173,-723426602.8348114,-254866563.24587512,-696406141.7480786,-3434591699.7100863,1597052483.5339649,2280224467.377287,-2194128807.8853226,-1901704925.9973996,-1202366898.1781905,808729446.0966439,583634698.725126,-363565943.30149084
-200994349.1557439,126679865.53393641,-1000833787.0305536,-729544489.8845371,-63155213.248506516,516567586.36866504,498949807.82492775,852810341.3463621,3500659403.362268,226547487.27199244,55309439.89654111,2463098213.6737766,504884535.7582983,-824584747.6516126,1303248087.9321258,-1661175019.4952993,358318214.4669537,-1139681085.436589,-1067038738.9853176,-749553313.6459802,1697324859.1064963,499600177.462878,-334042871.93010414,1846260034.373373,-1063835675.4827257,-56633532.75872115,706823430.9356097,861773237.8198042,678463750.1505406,1632739304.3460948,-1251678994.0203133,-142686651.09579805,303235080.03491765,-2049560763.3857696,1809872248.669599,-1080588607.2019897,-789336544.7559942,2907986637.8432283,-1978448835.3189058,-1109386446.6464303,-1498540876.996426,-3423122000.537725,-1720107170.9257877,846218772.6982214,-569545100.411422,-200653393.10224643,-548272215.3251438,-2704012913.9569807,1257340294.7216167,1795193416.5073106,-1727411333.9892156,-1497189513.9867563,-946609059.9769363,636703008.2307589,459488609.503152,-286231113.414327
-483697727.16194254,304858136.97594565,-2408530541.210642,-1755666333.5445564,-151984533.16930446,1243132300.585483,1200734692.3762486,2052308564.9163659,8424420912.084411,545191966.0024397,133103496.60802452,5927504994.14431,1215016756.6678472,-1984382992.9550211,3136297818.3033657,-3997657572.4089527,862301386.8603768,-2742669898.8586497,-2567854348.0779157,-1803818048.549925,4084653031.1661777,1202299822.379932,-803882189.6064962,4443069104.438365,-2560146098.316159,-136289956.943755,1700987559.8645425,2073877989.1924365,1632739304.3460948,3929226343.7852454,-3012195556.0417466,-343378854.89774436,729742501.9472824,-4932317188.538181,4355501024.207064,-2600462429.3639503,-1899557347.5055559,6998139667.483025,-4761184628.5430975,-2669765122.194149,-3606274601.8583922,-8237825286.298982,-4139479212.5847607,2036445791.3935943,-1370623962.5500627,-482877208.337201,-1319430252.2502487,-6507272004.925866,3025819609.617685,4320176060.204818,-4157056855.3752503,-3603022516.237094,-2278037432.0045757,1532241076.0248346,1105770369.059626,-688822046.4675688
370808911.78015345,-233708177.02630624,1846410554.6790013,1345916438.8104634,116513302.29302114,-953001243.5409831,-920498690.6195172,-1573326196.600962,-6458269647.679402,-417951187.8576897,-102038855.90817961,-4544101724.060369,-931447505.3349288,1521253577.8446226,-2404326329.051531,3064655818.096975,-661051356.8865741,2102566092.8250487,1968550238.4496799,1382830164.0688586,-3131347657.7790127,-921698539.5284361,616266447.4571558,-3406114039.1306486,1962640994.8399103,104481637.411614,-1303998986.0512826,-1589861595.2362006,-1251678994.0203133,-3012195556.0417466,2309187935.331427,263238655.54277068,-559430006.9650577,3781177926.094218,-3338983220.198722,1993548014.0783002,1456225144.782588,-5364864063.61398,3649985499.824922,2046676351.4360902,2764616588.663633,6315223036.37565,3173378115.0756974,-1561165590.3497894,1050737994.5130789,370179891.3948055,1011492236.6006149,4988558586.797181,-2319632310.4607058,-3311902647.6184955,3186853362.608502,2762123497.719479,1746372855.4811327,-1174635757.0273483,-847697816.6683064,528059858.65179026
42270807.51445698,-26641844.026874132,210483791.42753294,153429362.98764563,13282072.19149564,-108638522.54422764,-104933354.54549149,-179353211.7229521,-736218213.0270085,-47644847.35999912,-11632042.527430737,-518010338.7845582,-106181477.32304248,173417129.71865842,-274084070.9065168,349359124.4073172,-75357344.01963384,239684549.82596892,224407251.45373073,157637387.5459465,-356961741.5976433,-105070132.63862813,70252033.3231686,-388284064.51949036,223733620.00875247,11910510.11190837,-148650932.8022013,-181238183.78879526,-142686651.09579805,-343378854.89774436,263238655.54277068,30008208.34371391,-63772896.59236714,431039922.3759363,-380631406.1814752,227256901.99623522,166004135.71880442,-611574127.4802343,416084484.9916907,233313331.24970487,315155791.00085795,719911440.7282611,361753054.48832697,-177966946.46516168,119780142.14816457,42199101.67974766,115306273.89638312,568676732.873898,-264429273.7249312,-377544322.8424629,363289181.06657445,314871589.06578344,199079872.91169053,-133904014.56050086,-96634330.42398576,60196817.98361919
-89833152.42650357,56618764.02060172,-447316328.87124676,-326065293.95229524,-28226821.922666427,230876614.2335822,223002459.51000464,381158186.33654046,1564597570.9398112,101253965.61061984,24720204.457637977,1100866161.8244364,225654948.23041672,-368542935.2025817,582478487.1298932,-742451664.2436441,160148058.58351734,-509373250.21523887,-476906213.199509,-335008111.26332945,758608606.8840722,223293137.95463982,-149298347.32970786,825174240.4784858,-475474624.2115431,-25311999.39082494,315910260.69668895,385164096.0288357,303235080.03491765,729742501.9472824,-559430006.9650577,-63772896.59236714,135529000.7492027,-916038214.573263,808910949.9533205,-482962240.42013395,-352788974.0806225,1299706227.371609,-884255188.7849418,-495833252.9662569,-669763362.9648259,-1529942718.3093975,-768791017.1073467,378212125.16937846,-254554579.65027556,-89680764.4181769,-245046797.6829343,-1208541462.6101258,561960289.0996739,802350338.3710366,-772055566.4051974,-669159380.4016409,-423080929.7580717,284570380.49897754,205365525.97359353,-127929184.83048221
607180754.5661975,-382685267.53037727,3023403477.0932803,2203869789.4475474,190784616.30439693,-1560491119.5459654,-1507269841.3958328,-2576241714.4695773,-10575088440.179146,-684373837.9326624,-167083441.55175295,-7440735714.059308,-1525197970.0161657,2490975449.145721,-3936962212.8260517,5018218204.505338,-1082438012.7297215,3442845157.033649,3223401004.0065,2264314139.178186,-5127422702.567205,-1509234533.1075456,1009105000.9751787,-5577338694.523073,3213724918.1675124,171083372.88578972,-2135232089.9918675,-2603317590.910877,-2049560763.3857696,-4932317188.538181,3781177926.094218,431039922.3759363,-916038214.573263,6191486756.22672,-5467415389.065407,3264333593.1075606,2384494692.7846727,-8784692348.314072,5976665821.46116,3351328545.676131,4526919210.96723,10340856884.908426,5196245440.192,-2556329343.8379517,1720530081.8668993,606150765.6101742,1656267148.509025,8168511246.921776,-3798280061.7110806,-5423072329.002705,5218310474.3793535,4522836899.597166,2859596828.2227197,-1923406376.9640908,-1388062110.4989808,864671191.6426637
-536173221.72306,337931647.3337792,-2669827676.783278,-1946135408.2592282,-168473063.42594227,1377997482.4990702,1331000234.8127184,2274959820.4970436,9338371148.041245,604338860.5645179,147543654.16530976,6570569324.546818,1346831735.0794246,-2199665127.3854456,3476549113.42484,-4431356234.97885,955850909.7712772,-3040217210.893874,-2846436236.0341773,-1999511015.8844318,4527789673.207321,1332735163.0457692,-891093920.5444481,4925089661.341333,-2837891732.4540305,-151075808.35191005,1885524632.8336434,2298869273.424337,1809872248.669599,4355501024.207064,-3338983220.198722,-380631406.1814752,808910949.9533205,-5467415389.065407,4828021478.087237,-2882581910.3847084,-2105636899.9258487,7757355224.525201,-5277716964.796493,-2959403127.0075846,-3997512832.3867097,-9131532101.523142,-4588563847.669696,2257376126.265249,-1519320483.6938658,-535263686.21484965,-1462572860.9277449,-7213234213.183988,3354085324.1923404,4788864173.495696,-4608048457.778804,-3993907932.779237,-2525177606.2894683,1698471148.8470569,1225733404.426141,-763551108.9117626
320123520.05653304,-201762908.2705708,1594027076.8958328,1161944856.2412548,100587250.90985982,-822736732.6357132,-794676912.0799669,-1358270267.5325634,-5575497098.715213,-360821979.7140491,-88091295.89430691,-3922974320.304668,-804129147.9375645,1313315388.9702437,-2075682063.6408262,2645751966.8875566,-570693099.6546794,1815169045.0662532,1699471644.9221737,1193812891.9210598,-2703327784.313285,-795712755.3298346,532029782.7225903,-2940536704.3603864,1694370128.2707515,90200176.89659737,-1125757045.7710145,-1372545464.3635514,-1080588607.2019897,-2600462429.3639503,1993548014.0783002,227256901.99623522,-482962240.42013395,3264333593.1075606,-2882581910.3847084,1721052507.7387896,1257175608.22086,-4631547715.124944,3151073689.523786,1766918800.5988762,2386724713.42901,5452003345.939516,2739613152.291101,-1347771880.9880526,907113972.0559447,319580479.5398298,873232667.0536274,4306678948.0317135,-2002564761.8249135,-2859202947.1726046,2751246486.0297036,2384572398.955551,1507663402.4650607,-1014076311.0378357,-731827096.6137106,455880038.04824984
233840326.93059713,-147381562.041804,1164387461.305639,848764767.5253036,73475874.73199962,-600983728.0964516,-580486897.4039271,-992174406.2583487,-4072728127.4604764,-263569292.63729155,-64347965.97676341,-2865611366.0839725,-587391463.2030563,959336258.4860799,-1516221526.8156965,1932639953.5317183,-416873652.28870267,1325924826.899611,1241411455.662035,872043381.5620298,-1974697306.721126,-581243548.8127412,388631295.52765065,-2147971083.6777873,1237684955.6955304,65888438.465236984,-822330691.6868981,-1002601995.8573745,-789336544.7559942,-1899557347.5055559,1456225144.782588,166004135.71880442,-352788974.0806225,2384494692.7846727,-2105636899.9258487,1257175608.22086,918327885.4633465,-3383202308.117875,2301761837.2960825,1290679516.276661,1743428558.9822803,3982519761.887495,2001202645.339954,-984505659.7972659,662618690.9888862,233443652.6649266,637869445.7886193,3145895724.8110943,-1462811600.2413735,-2088559290.5870664,2009700435.6767423,1741856359.923441,1101301469.163207,-740751370.2462536,-534577051.7210814,333006263.0565539
