V1,V2,V3,V4,V5,V6,V7,V8,V9,V10,V11,V12,V13,V14,V15,V16,V17,V18,V19,V20,V21,V22,V23,V24,V25,V26,V27,V28,V29,V30,V31,V32,V33,V34,V35,V36,V37,V38,V39,V40,V41,V42,V43,V44,V45,V46,V47,V48,V49,V50,V51,V52,V53,V54,V55,V56
99748180.82579611,-62867867.412124015,496687343.75385994,362053639.4219693,31342262.114930853,-256358833.84258717,-247615595.7863054,-423227221.98822236,-1737284694.7993295,-112429527.2499646,-27448612.460973643,-1222370512.2193098,-250560844.40272906,409219605.88348067,-646767564.7653506,824397236.2766807,-177823855.175461,565593586.5175124,529543110.61770236,371983489.2892391,-842337445.5061387,-247938357.1887149,165776644.05700082,-916250034.6262757,527953514.8660243,28105724.482574314,-350777778.4068184,-427675269.9563107,-336703618.50168204,-810285342.8280598,621175187.2434777,70811612.36361222,-150487551.58957177,1017142810.2122947,-898191738.8883988,536267551.9922507,391726855.0573166,-1443156873.375386,981851840.8714113,550559158.2666237,743686211.3603262,1698804931.6268613,853643704.7736038,-419956000.23486733,282650173.38115,99578973.17366338,272093002.8624964,1341930107.2647743,-623984740.7506266,-890907022.1554856,857268567.3807776,743015565.8040007,469777045.49789286,-315978866.78830105,-228032046.49847555,142048932.71928495
-62867867.412124015,39623467.223677486,-313045048.4688513,-228190028.2807701,-19753956.45882173,161574206.68719113,156063643.01373816,266745645.56889096,1094951136.8585355,70860486.66224319,17299921.874835283,770418335.1617916,157919932.56978485,-257917124.44499633,407635479.78250307,-519589387.7718858,112076295.13691933,-356474297.0956951,-333752915.0380844,-234448473.29823282,530896488.28007853,156267068.43564177,-104483350.41566658,577481066.0133826,-332751047.168933,-17714077.21349734,221083238.7469356,269549098.55758595,212212777.41551414,510695143.72269624,-391505479.2335033,-44630137.35716296,94847157.92694832,-641070332.8423203,566099539.5355715,-337991100.6166711,-246892041.63472116,909572428.767482,-618827641.4485823,-346998611.1083153,-468719989.14541537,-1070698658.5385956,-538022436.6233985,264683907.01696363,-178144738.60664457,-62761221.69492439,-171490915.3781684,-845772659.9235944,393276244.9742991,561508232.1608496,-540307063.9091997,-468297303.8760562,-296084407.8471726,199150674.9715995,143720801.74376923,-89528585.1213466
496687343.75385994,-313045048.4688513,2473211200.0143175,1802814440.2720556,156066052.38696322,-1276516397.2475948,-1232980209.1694913,-2107422945.9787028,-8650657236.254862,-559833000.1005273,-136677966.53815705,-6086687086.136872,-1247645816.1456883,2037673246.110372,-3220522537.5443964,4105013955.121623,-885458337.268619,2816323810.511697,2636813618.9671173,1852259260.7946577,-4194345660.5450206,-1234587370.540724,825470303.7378018,-4562386934.527426,2628898365.870346,139949999.1583776,-1746667277.73054,-2129571613.5910845,-1676586228.4360144,-4034745016.830262,3093087530.9547877,352600231.9796619,-749339606.6946602,5064773689.49063,-4472467229.389802,2670297385.2781935,1950569622.5119216,-7186073464.110193,4889045393.95861,2741461189.5511775,3703120464.865323,8459050619.638129,4250644188.9978423,-2091134182.564692,1407431824.3224707,495844789.95730114,1354863316.4189868,6682023636.603012,-3107077457.1796093,-4436193620.320325,4268693876.4906073,3699781044.4316373,2339213722.154921,-1573389138.2076297,-1135465636.6487584,707320240.2277262
362053639.4219693,-228190028.2807701,1802814440.2720556,1314137630.6873603,113762274.9970911,-930499665.5904672,-898764539.4644667,-1536177953.2496057,-6305781642.398945,-408082826.3319626,-99629587.37231912,-4436809671.429166,-909454838.8506352,1485334836.227062,-2347557109.530736,2992295375.2746654,-645443089.1945975,2052921818.4005651,1922070249.3749242,1350179775.2789712,-3057412534.572988,-899936058.5115817,601715608.8617947,-3325691330.6650195,1916300530.8401124,102014691.9556844,-1273209902.422953,-1552322929.7057214,-1222125252.5881677,-2941073766.3867536,2254665054.960054,257023254.12018427,-546221148.8563367,3691899479.638735,-3260145556.6546636,1946477795.98598,1421841807.3309197,-5238192763.355641,3563804673.7285867,1998351705.629008,2699340455.452993,6166112544.942336,3098450599.0703764,-1524304475.2827792,1025928726.7252994,361439470.87806374,987609611.2071406,4870772338.711523,-2264862825.657258,-3233704390.891961,3111607678.569211,2696906229.4575057,1705138759.3021576,-1146901105.158655,-827682587.6008339,515591690.12281066
31342262.114930853,-19753956.45882173,156066052.38696322,113762274.9970911,9848175.005091166,-80551501.37387365,-77804255.08301881,-132983863.16653953,-545878948.1269052,-35326917.580922596,-8624734.396803075,-384085770.2380211,-78729693.48786174,128582476.93120661,-203223339.50644195,259037046.51810533,-55874721.919366196,177717349.75538936,166389790.15837485,116882371.55278285,-264674108.5162778,-77905671.28455813,52089322.0685522,-287898470.1193621,165890317.21795356,8831208.305808324,-110219242.88902602,-134381502.08920455,-105796947.7678837,-254602892.90790477,195181859.31729466,22249989.630941253,-47285275.76345244,319600380.4256121,-282224303.023981,168502703.70066667,123086011.642149,-453459908.11145383,308511467.52393615,172993324.1216115,233676523.65812072,533788074.4288883,268226691.6443297,-131956001.92084545,88812603.91445658,31289094.655784696,85495395.29680377,421653053.69230837,-196064660.77423015,-279935344.81539536,269365674.19945097,233465796.68439344,147610464.0339469,-99284943.38112417,-71650833.08724938,44633745.365945525
-256358833.84258717,161574206.68719113,-1276516397.2475948,-930499665.5904672,-80551501.37387365,658857647.4541848,636386999.3319329,1087719458.3189633,4464926331.201271,288950658.3186009,70544588.06981716,3141565860.081935,643956465.3858297,-1051719040.8626505,1662231606.9451041,-2118750564.1179376,457018020.6408403,-1453609592.422588,-1360957697.849161,-956019978.4650896,2164857983.4785013,637216515.3156257,-426055962.537259,2354817790.1872087,-1356872340.925706,-72233405.74332964,901520023.9226075,1099151210.1638856,865348584.8294772,2082482148.2596996,-1596457654.7225316,-181990109.8360642,386762074.4851545,-2614118302.0882487,2308406881.956553,-1378239916.7638588,-1006761617.2928724,3709000108.921869,-2523418385.0073323,-1414970205.968747,-1911318367.9799666,-4366031021.400594,-2193915750.639525,1079312221.0131693,-726427974.2333324,-255923960.28773457,-699295409.9018413,-3448841222.7658744,1603678376.468771,2289684721.412409,-2203231866.3064847,-1909594768.6365187,-1207355309.2581542,812084723.9331926,586056097.4156803,-365074315.057013
-247615595.7863054,156063643.01373816,-1232980209.1694913,-898764539.4644667,-77804255.08301881,636386999.3319329,614682723.787837,1050622277.763684,4312647933.069553,279095861.3351466,68138632.00329362,3034421289.137226,621994029.5490656,-1015849671.7951237,1605540421.2664034,-2046489586.21731,441431207.1838901,-1404033558.1021144,-1314541600.0036182,-923414470.572824,2091024490.927013,615483948.5179663,-411525125.29362917,2274505629.831055,-1310595576.1296237,-69769852.12328732,870773262.4128622,1061664145.1806668,835835467.4790348,2011458121.561651,-1542009720.1778798,-175783251.4799571,373571373.66838366,-2524962577.223716,2229677587.1264243,-1331234400.6404362,-972425541.8589537,3582502927.3690653,-2437356022.9627953,-1366711986.097109,-1846131962.743231,-4217125494.645357,-2119091228.867743,1042501773.9524693,-701652808.2887101,-247195554.06467327,-675445612.9741637,-3331216882.4357104,1548984176.294624,2211593955.316241,-2128089614.6201053,-1844467147.3209503,-1166177892.4824357,784388195.0891874,566068380.8088474,-352623285.19646704
-423227221.98822236,266745645.56889096,-2107422945.9787028,-1536177953.2496057,-132983863.16653953,1087719458.3189633,1050622277.763684,1795734821.8256085,7371223920.145992,477033627.4823467,116463277.6095171,5186465284.420561,1063118839.6573805,-1736301111.4128094,2744206840.7749414,-3497881864.1394515,754498935.6777995,-2399789157.331562,-2246828545.9653597,-1578309878.2230346,3574001398.56534,1051991739.8723029,-703383139.6803304,3887609320.8441257,-2240083959.846674,-119251376.07006806,1488334963.0640595,1814607698.2488244,1428618909.8363073,3438005710.7743335,-2635619488.1291738,-300450612.67581373,638512182.4377563,-4315693009.978929,3810988751.79555,-2275360059.0492253,-1662080125.0176382,6123252276.245807,-4165954951.9320397,-2335998727.6239605,-3155428472.3272705,-7207955946.49217,-3621973367.6582656,1781855168.384312,-1199272477.0295467,-422509281.8708913,-1154478858.0519097,-5693751482.357497,2647540302.35519,3780080013.8246503,-3637353503.769809,-3152582952.7085156,-1993243712.2848628,1340684682.6878414,967530123.0747283,-602707485.783301
-1737284694.7993295,1094951136.8585355,-8650657236.254862,-6305781642.398945,-545878948.1269052,4464926331.201271,4312647933.069553,7371223920.145992,30257776053.62539,1958151974.338856,478064405.09861857,21289667332.09767,4363944458.137728,-7127257394.16838,11264560258.785164,-14358283949.870655,3097105727.7327375,-9850776978.667978,-9222896457.638933,-6478726918.974787,14670743299.74132,4318269370.6977825,-2887283002.502411,15958057101.465612,-9195210935.97998,-489509134.1176337,6109393295.650414,7448694268.682563,5864267795.159095,14112501260.26257,-10818825352.519789,-1233305002.5262833,2620997386.0993295,-17715276872.841667,15643541078.89457,-9340014068.591587,-6822591301.849541,25135038373.408882,-17100624451.656057,-9588926767.829393,-12952563796.534805,-29587585347.407475,-14867661084.936455,7314250013.051413,-4922834852.539051,-1734337658.0472224,-4738963721.732954,-23372001603.08348,10867758519.591375,15516665316.642593,-14930794254.175098,-12940883360.950384,-8181968492.651441,5503310892.118009,3971567017.491104,-2474024440.798542
-112429527.2499646,70860486.66224319,-559833000.1005273,-408082826.3319626,-35326917.580922596,288950658.3186009,279095861.3351466,477033627.4823467,1958151974.338856,126723099.53927624,30938253.563066043,1377774891.6667585,282415549.99515414,-461245173.0732721,728993461.5505933,-929205835.0875059,200431244.03940737,-637499542.2826349,-596865839.2971361,-419275094.12596166,949426848.0545115,279459656.3970569,-186852428.10035998,1032736211.8482774,-595074152.6395231,-31678907.013667833,395373424.6727363,482047172.43376845,379509966.3033125,913299845.3769366,-700147432.4297031,-79814147.91286644,169619577.9644102,-1146455850.9675791,1012382099.7465001,-604445183.2028137,-441528505.2941333,1626630620.3737247,-1106678212.8215523,-620553733.0794443,-838233726.473998,-1914780140.492177,-962170512.504394,473346524.32419825,-318584510.6037012,-112238807.80583082,-306685168.96727604,-1512534530.086797,703314175.2030416,1004171251.1847985,-966256217.3890252,-837477819.1227736,-529501498.5335822,356150401.79921025,257022584.78113738,-160108126.86220288
-27448612.460973643,17299921.874835283,-136677966.53815705,-99629587.37231912,-8624734.396803075,70544588.06981716,68138632.00329362,116463277.6095171,478064405.09861857,30938253.563066043,7553284.55119672,336370793.6981056,68949102.69649719,-112608674.29444465,177976903.9886686,-226856873.38599703,48933404.77958229,-155639523.29068556,-145719186.86072832,-102362074.74533169,231793644.35287255,68227449.093973,-45618264.412528016,252132842.48952332,-145281763.07989016,-7734107.802182697,96526706.45010611,117687287.7893748,92653792.02876405,222973576.06468067,-170934417.01270458,-19485874.256068032,41411026.29090026,-279896423.8631327,247163576.78195256,-147569612.16157773,-107795035.4258574,397126580.8728062,-270185087.82431537,-151502362.8349102,-204646888.2242446,-467475579.1563075,-234904890.25096327,115563105.40754524,-77779414.65231195,-27402050.189815436,-74874302.49862203,-369271093.799003,171707546.90215585,245158975.45708302,-235902376.92913586,-204462340.52850235,-129272815.30937847,86950773.68753064,62749648.71251867,-39088894.780188315
-1222370512.2193098,770418335.1617916,-6086687086.136872,-4436809671.429166,-384085770.2380211,3141565860.081935,3034421289.137226,5186465284.420561,21289667332.09767,1377774891.6667585,336370793.6981056,14979618274.382772,3070514026.2628384,-5014808049.580109,7925854832.286583,-10102629096.417679,2179153898.105597,-6931103081.24527,-6489320202.29708,-4558495660.538019,10322478552.63149,3038376587.661649,-2031520575.6623056,11228245141.33442,-6469840398.337792,-344423417.0942251,4298628908.811663,5240974180.025721,4126156208.218315,9929693990.575138,-7612231390.226968,-867765468.4422295,1844159409.7535956,-12464642168.802101,11006948589.934923,-6571725299.651943,-4800442005.484371,17685258969.731403,-12032166710.093248,-6746862710.502836,-9113550640.521173,-20818114593.25015,-10461031833.167912,5146377886.417636,-3463754776.4554725,-1220296948.3355663,-3334381249.7331967,-16444769045.229906,7646661245.640191,10917677562.332972,-10505452949.06112,-9105332171.48611,-5756913099.746022,3872183398.905333,2794433419.351007,-1740747807.3344922
-250560844.40272906,157919932.56978485,-1247645816.1456883,-909454838.8506352,-78729693.48786174,643956465.3858297,621994029.5490656,1063118839.6573805,4363944458.137728,282415549.99515414,68949102.69649719,3070514026.2628384,629392299.4481177,-1027932633.2480965,1624637422.8881204,-2070831430.6088681,446681783.7007785,-1420733748.7713988,-1330177333.9812288,-934397966.9154038,2115896052.6359298,622804784.5454595,-416419985.8619382,2301559596.966086,-1326184374.3272398,-70599725.10083109,881130621.0032256,1074292043.8175051,845777261.00019,2035383286.0412445,-1560351059.8081362,-177874094.27513766,378014795.03534746,-2554995589.203702,2256198349.800826,-1347068686.509323,-983991997.7242362,3625114788.267763,-2466347003.9910026,-1382968257.6120813,-1868090665.7796068,-4267285834.4005985,-2144296628.7252684,1054901747.5112048,-709998574.1050035,-250135806.36891684,-683479659.2688441,-3370839836.5719666,1567408473.1797361,2237899623.456681,-2153402045.2147613,-1866406048.007755,-1180048923.6579604,793718052.3734647,572801446.6236275,-356817541.25580674
409219605.88348067,-257917124.44499633,2037673246.110372,1485334836.227062,128582476.93120661,-1051719040.8626505,-1015849671.7951237,-1736301111.4128094,-7127257394.16838,-461245173.0732721,-112608674.29444465,-5014808049.580109,-1027932633.2480965,1678834488.4793568,-2653381406.7062087,3382111932.839223,-729527168.8968369,2320362968.145144,2172464917.5425625,1526072314.4459412,-3455712127.046184,-1017173808.578306,680103161.0023288,-3758940520.5060353,2165943558.189455,115304495.0067993,-1439075312.8621528,-1754549349.8392708,-1381335691.6856647,-3324217509.0020537,2548387986.1071157,290506551.9690118,-617379247.0168002,4172855858.8399487,-3684855874.222877,2200052119.1836224,1607070005.0196295,-5920590059.38696,4028073703.552453,2258683820.3575473,3050992773.8115544,6969393126.7086725,3502096360.1877074,-1722880836.4408143,1159579971.6699486,408525427.5882352,1116268894.3012426,5505304518.674912,-2559914256.1077886,-3654970128.0679955,3516967457.9217086,3048241432.3128896,1927273020.353181,-1296311837.0561857,-935507631.325338,582759584.1556882
-646767564.7653506,407635479.78250307,-3220522537.5443964,-2347557109.530736,-203223339.50644195,1662231606.9451041,1605540421.2664034,2744206840.7749414,11264560258.785164,728993461.5505933,177976903.9886686,7925854832.286583,1624637422.8881204,-2653381406.7062087,4193643234.2150383,-5345394667.523593,1153010520.0125287,-3667310865.135957,-3433559450.1691675,-2411942293.8048034,5461719051.99672,1607633206.4508016,-1074896360.5620322,5940968546.782681,-3423252505.2856064,-182237621.35248822,2274444387.4696198,2773048002.0955243,2183187483.0482316,5253893100.900472,-4027702165.082009,-459142750.72105455,975761831.847234,-6595157670.261295,5823878490.862089,-3477160750.629678,-2539958346.7046647,9357434395.0598,-6366330898.039007,-3569827577.5878954,-4822064091.1611595,-11015057334.541224,-5535028876.884087,2722996226.198173,-1832704748.3486762,-645670422.7965225,-1764252016.3849084,-8701079681.350632,4045919320.115176,5776644362.517869,-5558532500.614703,-4817715623.294134,-3046036065.4330883,2048808116.4172165,1478560615.4055479,-921045794.7493445
824397236.2766807,-519589387.7718858,4105013955.121623,2992295375.2746654,259037046.51810533,-2118750564.1179376,-2046489586.21731,-3497881864.1394515,-14358283949.870655,-929205835.0875059,-226856873.38599703,-10102629096.417679,-2070831430.6088681,3382111932.839223,-5345394667.523593,6813465656.680222,-1469675874.0223064,4674509214.992933,4376559795.4082575,3074363448.566268,-6961737626.530458,-2049157138.5522604,1370108269.690812,-7572609260.554311,4363422128.587793,232287763.78581977,-2899102813.8569875,-3534644025.7313094,-2782782912.067976,-6696833897.437284,5133879176.866301,585242728.8667178,-1243747214.8662372,8406466328.929307,-7423361333.417341,4432135853.490245,3237538113.086372,-11927380830.233776,8114794066.557847,4550252902.411114,6146406415.853644,14040256992.28591,7055181423.417047,-3470845920.22976,2336042825.1282635,822998772.8028142,2248790083.8104506,11090763408.84289,-5157099531.997478,-7363154719.955693,7085140134.29447,6140863675.018657,3882606133.368838,-2611497299.633735,-1884635766.4502337,1174003844.7017343
-177823855.175461,112076295.13691933,-885458337.268619,-645443089.1945975,-55874721.919366196,457018020.6408403,441431207.1838901,754498935.6777995,3097105727.7327375,200431244.03940737,48933404.77958229,2179153898.105597,446681783.7007785,-729527168.8968369,1153010520.0125287,-1469675874.0223064,317011530.5938776,-1008299412.0923661,-944031226.5342569,-663145308.8102322,1501658384.09318,442006602.8410374,-295534632.46938217,1633424411.6490912,-941197409.9252928,-50104856.64497762,625341298.3742371,762428594.6654075,600250902.1697185,1444518209.4011002,-1107386277.0102587,-126237830.09861605,268278342.41246152,-1813288767.9209507,1601231385.6157665,-956019074.9843398,-698342355.6675967,2572755882.4249105,-1750374575.800995,-981497118.7714065,-1325790086.0582337,-3028506784.0328236,-1521814366.747668,748667237.59504,-503888322.63624114,-177522204.07365546,-485067761.2889843,-2392296112.54915,1112394946.0771375,1588244718.69817,-1528276510.2432318,-1324594507.5813437,-837484600.3199236,563304310.9546814,406519069.27546865,-253234581.81224713
565593586.5175124,-356474297.0956951,2816323810.511697,2052921818.4005651,177717349.75538936,-1453609592.422588,-1404033558.1021144,-2399789157.331562,-9850776978.667978,-637499542.2826349,-155639523.29068556,-6931103081.24527,-1420733748.7713988,2320362968.145144,-3667310865.135957,4674509214.992933,-1008299412.0923661,3207036991.5747914,3002623059.391058,2109226199.3087387,-4776234053.123341,-1405863683.6916776,939989141.24043715,-5195334291.612554,2993609710.1641927,159365490.01742432,-1988985268.4976156,-2425010545.7120533,-1909181761.614521,-4594491752.644593,3522196592.904212,401517035.14421934,-853296708.3631889,5767417977.995217,-5092939879.282927,3040752083.2745357,2221175317.413185,-8183009118.934404,5567310610.413958,3121788557.30989,4216860387.68767,9632588464.941057,4840342967.989265,-2381240627.494931,1602687129.1597488,564634143.7702415,1542825707.1738536,7609031639.663315,-3538127364.08676,-5051633973.674107,4860896718.084132,4213057683.717444,2663736644.869816,-1791667971.3620532,-1292990630.6301973,805447927.2400149
529543110.61770236,-333752915.0380844,2636813618.9671173,1922070249.3749242,166389790.15837485,-1360957697.849161,-1314541600.0036182,-2246828545.9653597,-9222896457.638933,-596865839.2971361,-145719186.86072832,-6489320202.29708,-1330177333.9812288,2172464917.5425625,-3433559450.1691675,4376559795.4082575,-944031226.5342569,3002623059.391058,2811238305.5039964,1974785835.1511576,-4471800775.519623,-1316255074.7397888,880074997.2168599,-4864187905.305537,2802799459.690412,149207663.5273815,-1862208963.4413884,-2270442344.0956807,-1787492067.3737166,-4301642581.350991,3297694643.622066,375924665.2061251,-798908269.714852,5399807442.618145,-4768320029.296416,2846937016.1833234,2079599407.0638103,-7661430765.73653,5212454756.22239,2922808290.951657,3948081133.0664263,9018615102.719477,4531823439.975603,-2229462284.4593453,1500533153.3663023,528644822.1482052,1444487250.055121,7124038145.702558,-3312610000.3564105,-4729646929.001879,4551067111.122052,3944520810.212717,2493952235.2838964,-1677468510.3851423,-1210576458.4130898,754109330.8850826
371983489.2892391,-234448473.29823282,1852259260.7946577,1350179775.2789712,116882371.55278285,-956019978.4650896,-923414470.572824,-1578309878.2230346,-6478726918.974787,-419275094.12596166,-102362074.74533169,-4558495660.538019,-934397966.9154038,1526072314.4459412,-2411942293.8048034,3074363448.566268,-663145308.8102322,2109226199.3087387,1974785835.1511576,1387210428.8468673,-3141266541.7205234,-924618120.054994,618218538.9209679,-3416903275.7966614,1968857873.5642507,104812594.40725435,-1308129544.5838552,-1594897654.9325817,-1255643823.7318187,-3021737012.434452,2316502538.725404,264072492.04155448,-561202062.4369926,3793155218.846892,-3349559812.8131385,1999862794.166798,1460837896.3898234,-5381857854.224345,3661547225.769973,2053159421.373749,2773373812.596685,6335227192.736208,3183430134.739861,-1566110752.9763174,1054066320.8972105,371352476.5033017,1014696247.9122386,5004360388.693806,-2326979998.2131615,-3322393460.0158563,3196948066.8696017,2770872824.244642,1751904681.5277286,-1178356543.8064797,-850382992.2063719,529732545.8266928
-842337445.5061387,530896488.28007853,-4194345660.5450206,-3057412534.572988,-264674108.5162778,2164857983.4785013,2091024490.927013,3574001398.56534,14670743299.74132,949426848.0545115,231793644.35287255,10322478552.63149,2115896052.6359298,-3455712127.046184,5461719051.99672,-6961737626.530458,1501658384.09318,-4776234053.123341,-4471800775.519623,-3141266541.7205234,7113236233.912969,2093750093.2057555,-1399924028.8232384,7737401416.703613,-4458377211.77088,-237342719.7444874,2962191953.6462326,3611563564.5917015,2843340743.469366,6842567773.331907,-5245600643.9614525,-597978551.745302,1270813155.0428638,-8589404556.111405,7584905614.262383,-4528586257.364791,-3307992148.5044975,12186939817.578112,-8291385036.699912,-4649273723.157861,-6280162104.426938,-14345795563.854593,-7208713517.763758,3546377108.514419,-2386878873.744048,-840908549.5522296,-2297727372.480082,-11332116257.374208,5269326311.132194,7523388808.470206,-7239324178.823711,-6274498744.777059,-3967097886.653007,2668327680.1958346,1925648471.2697816,-1199552056.4131143
-247938357.1887149,156267068.43564177,-1234587370.540724,-899936058.5115817,-77905671.28455813,637216515.3156257,615483948.5179663,1051991739.8723029,4318269370.6977825,279459656.3970569,68227449.093973,3038376587.661649,622804784.5454595,-1017173808.578306,1607633206.4508016,-2049157138.5522604,442006602.8410374,-1405863683.6916776,-1316255074.7397888,-924618120.054994,2093750093.2057555,616286217.7542797,-412061538.8950328,2277470395.679455,-1312303907.2811177,-69860795.3041102,871908295.2375375,1063047999.8564005,836924959.7672718,2014080011.0617669,-1544019694.6221094,-176012380.97890922,374058315.1325091,-2528253807.845294,2232583920.6705685,-1332969634.27356,-973693076.384017,3587172638.095932,-2440533060.428502,-1368493463.8340275,-1848538353.3360484,-4222622420.9863534,-2121853415.6631074,1043860651.1933839,-702567396.6599779,-247517767.81117344,-676326040.9559368,-3335559047.145092,1551003241.6713903,2214476717.1128416,-2130863530.44208,-1846871367.7941039,-1167697978.64873,785410627.2136443,566806238.0128691,-353082921.562254
165776644.05700082,-104483350.41566658,825470303.7378018,601715608.8617947,52089322.0685522,-426055962.537259,-411525125.29362917,-703383139.6803304,-2887283002.502411,-186852428.10035998,-45618264.412528016,-2031520575.6623056,-416419985.8619382,680103161.0023288,-1074896360.5620322,1370108269.690812,-295534632.46938217,939989141.24043715,880074997.2168599,618218538.9209679,-1399924028.8232384,-412061538.8950328,275512752.46056455,-1522763171.829053,877433166.009548,46710353.067941375,-582975674.4603808,-710775581.1914804,-559585103.3585097,-1346654986.1795673,1032363068.5638415,117685468.1185676,-250103020.9214091,1690442078.2471583,-1492751158.6353648,891250693.1375241,651031056.2114211,-2398456811.7636895,1631790196.4618237,915002649.8804374,1235970457.4777007,2823331501.56378,1418714483.2969687,-697946529.0612931,469750894.4145109,165495429.4256063,452205389.23656726,2230222831.6303163,-1037032410.9491801,-1480644313.5728216,1424738830.2677543,1234855876.370181,780746692.0088584,-525141569.57894254,-378978215.3896905,236078445.2413832
-916250034.6262757,577481066.0133826,-4562386934.527426,-3325691330.6650195,-287898470.1193621,2354817790.1872087,2274505629.831055,3887609320.8441257,15958057101.465612,1032736211.8482774,252132842.48952332,11228245141.33442,2301559596.966086,-3758940520.5060353,5940968546.782681,-7572609260.554311,1633424411.6490912,-5195334291.612554,-4864187905.305537,-3416903275.7966614,7737401416.703613,2277470395.679455,-1522763171.829053,8416335226.237168,-4849586464.00451,-258168832.62535295,3222115428.5928583,3928467454.7408094,3092835381.3254113,7442982608.921398,-5705886395.393634,-650449378.6385012,1382323204.3847437,-9343099090.735703,8250458373.5665655,-4925956143.765937,-3598258555.969322,13256307300.878996,-9018929250.282457,-5057233572.890483,-6831227527.351022,-15604596175.64601,-7841256546.23069,3857561083.2895513,-2596320348.1366367,-914695757.2173929,-2499346070.164007,-12326475532.176682,5731693919.199722,8183543652.716834,-7874553201.366775,-6825067224.248357,-4315198849.272031,2902465445.8479514,2094618360.158618,-1304809158.2960706
527953514.8660243,-332751047.168933,2628898365.870346,1916300530.8401124,165890317.21795356,-1356872340.925706,-1310595576.1296237,-2240083959.846674,-9195210935.97998,-595074152.6395231,-145281763.07989016,-6469840398.337792,-1326184374.3272398,2165943558.189455,-3423252505.2856064,4363422128.587793,-941197409.9252928,2993609710.1641927,2802799459.690412,1968857873.5642507,-4458377211.77088,-1312303907.2811177,877433166.009548,-4849586464.00451,2794385946.0029,148759768.16264564,-1856618938.0954294,-2263626873.37631,-1782126328.9950953,-4288729802.718915,3287795541.1172752,374796205.22236997,-796510086.9168419,5383598165.143615,-4754006366.848957,2838391009.0827312,2073356813.5729027,-7638432491.052042,5196807878.519193,2914034531.8812504,3936229684.0426173,8991542797.91743,4518219698.668114,-2222769828.9241257,1496028815.4900777,527057922.91627824,1440151151.902231,7102653029.185233,-3302666124.827791,-4715449356.315687,4537405603.596419,3932680048.7831707,2486465827.037324,-1672433043.4818857,-1206942519.6883469,751845626.5402123
28105724.482574314,-17714077.21349734,139949999.1583776,102014691.9556844,8831208.305808324,-72233405.74332964,-69769852.12328732,-119251376.07006806,-489509134.1176337,-31678907.013667833,-7734107.802182697,-344423417.0942251,-70599725.10083109,115304495.0067993,-182237621.35248822,232287763.78581977,-50104856.64497762,159365490.01742432,149207663.5273815,104812594.40725435,-237342719.7444874,-69860795.3041102,46710353.067941375,-258168832.62535295,148759768.16264564,7919260.361276004,-98837529.24617355,-120504688.98552166,-94871898.32553786,-228311501.234912,175026539.08129182,19952360.51218782,-42402395.06055691,286597066.6104499,-253080604.30050293,151102387.35226527,110375618.62400356,-406633680.74815136,276653243.5954319,155129287.35877454,209546077.87503937,478666814.7978813,240528447.74544674,-118329654.38202529,79641432.16768569,28058047.694759388,76666772.17936192,378111341.0153941,-175818178.02131468,-251028013.5402109,241549814.1324135,209357112.23793533,132367570.63517003,-89032351.125012,-64251857.98560969,40024672.053976715
-350777778.4068184,221083238.7469356,-1746667277.73054,-1273209902.422953,-110219242.88902602,901520023.9226075,870773262.4128622,1488334963.0640595,6109393295.650414,395373424.6727363,96526706.45010611,4298628908.811663,881130621.0032256,-1439075312.8621528,2274444387.4696198,-2899102813.8569875,625341298.3742371,-1988985268.4976156,-1862208963.4413884,-1308129544.5838552,2962191953.6462326,871908295.2375375,-582975674.4603808,3222115428.5928583,-1856618938.0954294,-98837529.24617355,1233556834.7874684,1503977118.0130725,1184063173.883846,2849476459.7726316,-2184445378.8852057,-249018477.67331558,529209544.0153094,-3576918328.2340455,3158611023.4329515,-1885856356.830628,-1377559721.5795865,5075053587.415571,-3452812928.9940925,-1936114696.7828548,-2615271732.6496906,-5974074076.4762745,-3001951921.3254313,1476831274.6555808,-993977026.2026476,-350182737.88487095,-956851327.5846734,-4719076168.282326,2194325548.671813,3132993346.0993648,-3014699234.7413726,-2612913318.7728834,-1652033624.7833064,1111181819.916465,801905098.7739257,-499534013.923538
-427675269.9563107,269549098.55758595,-2129571613.5910845,-1552322929.7057214,-134381502.08920455,1099151210.1638856,1061664145.1806668,1814607698.2488244,7448694268.682563,482047172.43376845,117687287.7893748,5240974180.025721,1074292043.8175051,-1754549349.8392708,2773048002.0955243,-3534644025.7313094,762428594.6654075,-2425010545.7120533,-2270442344.0956807,-1594897654.9325817,3611563564.5917015,1063047999.8564005,-710775581.1914804,3928467454.7408094,-2263626873.37631,-120504688.98552166,1503977118.0130725,1833678926.7285066,1443633459.5492134,3474138583.8625083,-2663319413.9475117,-303608298.02301806,645222840.6716704,-4361050233.773383,3851041615.6311355,-2299273718.5971713,-1679548312.8427312,6187606648.035415,-4209738453.2464423,-2360549689.108434,-3188591506.4206786,-7283710376.588152,-3660039710.493817,1800582173.0122786,-1211876632.1153886,-426949784.7377858,-1166612240.2534761,-5753591873.186571,2675365514.3733983,3819808033.0613256,-3675581490.1825624,-3185716080.3310113,-2014192375.182678,1354775057.702688,977698705.7703699,-609041842.4739406
-336703618.50168204,212212777.41551414,-1676586228.4360144,-1222125252.5881677,-105796947.7678837,865348584.8294772,835835467.4790348,1428618909.8363073,5864267795.159095,379509966.3033125,92653792.02876405,4126156208.218315,845777261.00019,-1381335691.6856647,2183187483.0482316,-2782782912.067976,600250902.1697185,-1909181761.614521,-1787492067.3737166,-1255643823.7318187,2843340743.469366,836924959.7672718,-559585103.3585097,3092835381.3254113,-1782126328.9950953,-94871898.32553786,1184063173.883846,1443633459.5492134,1136555334.4753687,2735147701.893714,-2096799479.6606355,-239027176.97059852,507976215.3610628,-3433402622.9026647,3031878945.553249,-1810190663.5359068,-1322288273.3251786,4871428614.238079,-3314276669.834129,-1858432501.3068316,-2510339907.7469583,-5734377953.041115,-2881505432.6145597,1417576782.301898,-954095959.3787063,-336132452.5923251,-918459845.8052942,-4529733978.988049,2106283230.5377848,3007289120.0644393,-2893741289.5940666,-2508076119.0654154,-1585749535.9395351,1066598178.9516503,769730482.8230833,-479491348.99816924
-810285342.8280598,510695143.72269624,-4034745016.830262,-2941073766.3867536,-254602892.90790477,2082482148.2596996,2011458121.561651,3438005710.7743335,14112501260.26257,913299845.3769366,222973576.06468067,9929693990.575138,2035383286.0412445,-3324217509.0020537,5253893100.900472,-6696833897.437284,1444518209.4011002,-4594491752.644593,-4301642581.350991,-3021737012.434452,6842567773.331907,2014080011.0617669,-1346654986.1795673,7442982608.921398,-4288729802.718915,-228311501.234912,2849476459.7726316,3474138583.8625083,2735147701.893714,6582198621.799546,-5045998296.8851595,-575224642.7704535,1222456959.5373032,-8262565851.947874,7296289482.506902,-4356267297.225915,-3182118479.824568,11723209930.313532,-7975886386.9547205,-4472362438.453699,-6041193264.434586,-13799918233.783081,-6934412015.097187,3411432562.4114165,-2296054837.394397,-808910818.1515721,-2210295673.5652003,-10900913586.199448,5068821169.314258,7237113475.502373,-6963857897.765042,-6035745403.7044,-3816144334.388232,2566794127.5841627,1852374887.7072318,-1153907444.1801605
621175187.2434777,-391505479.2335033,3093087530.9547877,2254665054.960054,195181859.31729466,-1596457654.7225316,-1542009720.1778798,-2635619488.1291738,-10818825352.519789,-700147432.4297031,-170934417.01270458,-7612231390.226968,-1560351059.8081362,2548387986.1071157,-4027702165.082009,5133879176.866301,-1107386277.0102587,3522196592.904212,3297694643.622066,2316502538.725404,-5245600643.9614525,-1544019694.6221094,1032363068.5638415,-5705886395.393634,3287795541.1172752,175026539.08129182,-2184445378.8852057,-2663319413.9475117,-2096799479.6606355,-5045998296.8851595,3868327329.0067954,440974624.9518186,-937151260.2793009,6334189472.389937,-5593429554.168496,3339570655.1183343,2439453039.01341,-8987163825.562752,6114417299.610962,3428570686.6071672,4631256617.1965885,10579195175.759325,5316009623.637116,-2615248170.158892,1760185230.7291799,620121458.7248281,1694441150.4733386,8356780849.431137,-3885823637.0834374,-5548064464.277932,5338583216.552034,4627080216.898865,2925505430.4962444,-1967737460.0382698,-1420054462.989969,884600318.6180722
70811612.36361222,-44630137.35716296,352600231.9796619,257023254.12018427,22249989.630941253,-181990109.8360642,-175783251.4799571,-300450612.67581373,-1233305002.5262833,-79814147.91286644,-19485874.256068032,-867765468.4422295,-177874094.27513766,290506551.9690118,-459142750.72105455,585242728.8667178,-126237830.09861605,401517035.14421934,375924665.2061251,264072492.04155448,-597978551.745302,-176012380.97890922,117685468.1185676,-650449378.6385012,374796205.22236997,19952360.51218782,-249018477.67331558,-303608298.02301806,-239027176.97059852,-575224642.7704535,440974624.9518186,50269433.79741107,-106831684.56953739,722073542.3260264,-637629726.2919532,380698371.0332191,278088381.9507684,-1024502544.303782,697020349.7389294,390844037.3523808,527945664.8170875,1205988070.9214349,606004908.5634966,-298128358.12532365,200654432.69466558,70691491.20679498,193159856.25471768,952641278.3029467,-442969137.13139,-632458277.1978678,608578211.6743364,527469571.8857204,333496508.471949,-224314597.0721763,-161880814.7428215,100841076.3350661
-150487551.58957177,94847157.92694832,-749339606.6946602,-546221148.8563367,-47285275.76345244,386762074.4851545,373571373.66838366,638512182.4377563,2620997386.0993295,169619577.9644102,41411026.29090026,1844159409.7535956,378014795.03534746,-617379247.0168002,975761831.847234,-1243747214.8662372,268278342.41246152,-853296708.3631889,-798908269.714852,-561202062.4369926,1270813155.0428638,374058315.1325091,-250103020.9214091,1382323204.3847437,-796510086.9168419,-42402395.06055691,529209544.0153094,645222840.6716704,507976215.3610628,1222456959.5373032,-937151260.2793009,-106831684.56953739,227036755.7998167,-1534537578.09789,1355079111.090661,-809053263.1046472,-590988376.9406368,2177254195.2932444,-1481294987.3867862,-830614647.5581895,-1121980538.0063612,-2562943942.544013,-1287870621.2177548,633576972.8164104,-426427152.4305813,-150232272.83463278,-410499816.6069588,-2024535940.857691,941389962.6744273,1344088844.1809301,-1293339360.2068832,-1120968752.3123999,-708740721.4398644,476709307.05227995,344026168.581112,-214305624.43416262
1017142810.2122947,-641070332.8423203,5064773689.49063,3691899479.638735,319600380.4256121,-2614118302.0882487,-2524962577.223716,-4315693009.978929,-17715276872.841667,-1146455850.9675791,-279896423.8631327,-12464642168.802101,-2554995589.203702,4172855858.8399487,-6595157670.261295,8406466328.929307,-1813288767.9209507,5767417977.995217,5399807442.618145,3793155218.846892,-8589404556.111405,-2528253807.845294,1690442078.2471583,-9343099090.735703,5383598165.143615,286597066.6104499,-3576918328.2340455,-4361050233.773383,-3433402622.9026647,-8262565851.947874,6334189472.389937,722073542.3260264,-1534537578.09789,10371913460.961676,-9158956725.67357,5468377284.339256,3994480416.5289116,-14716024178.617767,10012047692.414167,5614110313.310598,7583447425.34079,17322894635.582844,8704695681.782131,-4282336015.0831575,2882213888.0690923,1015417383.8583235,2774561298.3092127,13683804083.646492,-6362838789.381105,-9084673698.264332,8741658795.186106,7576608780.590677,4790366514.646545,-3222070121.874742,-2325267040.190808,1448488081.184264
-898191738.8883988,566099539.5355715,-4472467229.389802,-3260145556.6546636,-282224303.023981,2308406881.956553,2229677587.1264243,3810988751.79555,15643541078.89457,1012382099.7465001,247163576.78195256,11006948589.934923,2256198349.800826,-3684855874.222877,5823878490.862089,-7423361333.417341,1601231385.6157665,-5092939879.282927,-4768320029.296416,-3349559812.8131385,7584905614.262383,2232583920.6705685,-1492751158.6353648,8250458373.5665655,-4754006366.848957,-253080604.30050293,3158611023.4329515,3851041615.6311355,3031878945.553249,7296289482.506902,-5593429554.168496,-637629726.2919532,1355079111.090661,-9158956725.67357,8087850774.500598,-4828870882.647367,-3527340777.0524473,12995039841.063902,-8841175921.505701,-4957560976.39342,-6696591430.651349,-15297046484.713182,-7686713871.837989,3781532732.2346067,-2545149686.4369974,-896668094.5419385,-2450086665.88291,-12083534048.478033,5618728439.864324,8022254869.820783,-7719354285.585726,-6690552540.793335,-4230150953.461921,2845260995.458403,2053335700.6147468,-1279092782.7277167
536267551.9922507,-337991100.6166711,2670297385.2781935,1946477795.98598,168502703.70066667,-1378239916.7638588,-1331234400.6404362,-2275360059.0492253,-9340014068.591587,-604445183.2028137,-147569612.16157773,-6571725299.651943,-1347068686.509323,2200052119.1836224,-3477160750.629678,4432135853.490245,-956019074.9843398,3040752083.2745357,2846937016.1833234,1999862794.166798,-4528586257.364791,-1332969634.27356,891250693.1375241,-4925956143.765937,2838391009.0827312,151102387.35226527,-1885856356.830628,-2299273718.5971713,-1810190663.5359068,-4356267297.225915,3339570655.1183343,380698371.0332191,-809053263.1046472,5468377284.339256,-4828870882.647367,2883089050.1510625,2106007349.3571997,-7758719993.84161,5278645486.028091,2959923781.343666,3998216124.249222,9133138633.036955,4589371123.982814,-2257773271.768347,1519587780.597338,535357856.3191879,1462830174.8586824,7214503254.386895,-3354675415.7668123,-4789706689.407494,4608859162.256835,3994610589.9010816,2525621866.4802537,-1698769964.7971275,-1225949050.8463814,763685442.4087929
391726855.0573166,-246892041.63472116,1950569622.5119216,1421841807.3309197,123086011.642149,-1006761617.2928724,-972425541.8589537,-1662080125.0176382,-6822591301.849541,-441528505.2941333,-107795035.4258574,-4800442005.484371,-983991997.7242362,1607070005.0196295,-2539958346.7046647,3237538113.086372,-698342355.6675967,2221175317.413185,2079599407.0638103,1460837896.3898234,-3307992148.5044975,-973693076.384017,651031056.2114211,-3598258555.969322,2073356813.5729027,110375618.62400356,-1377559721.5795865,-1679548312.8427312,-1322288273.3251786,-3182118479.824568,2439453039.01341,278088381.9507684,-590988376.9406368,3994480416.5289116,-3527340777.0524473,2106007349.3571997,1538373210.2119148,-5667504905.002761,3855887207.8505664,2162132743.902012,2920573175.4290853,6671475196.342524,3352393613.142434,-1649233520.797574,1110011859.0245328,391062350.42152286,1068552183.4418073,5269971413.380333,-2450486599.6000605,-3498732545.0061603,3366629021.69182,2917939444.5155168,1844888632.092648,-1240898900.3721979,-895517851.2168102,557848587.4243313
