V1,V2,V3,V4,V5,V6,V7,V8,V9,V10,V11,V12,V13,V14,V15,V16,V17,V18,V19,V20,V21,V22,V23,V24,V25,V26,V27,V28,V29,V30,V31,V32,V33,V34,V35,V36,V37,V38,V39,V40,V41,V42,V43,V44,V45,V46,V47,V48,V49,V50,V51,V52,V53,V54,V55,V56
0.5604135104440814,-2.073881034187432,-0.2539776579078247,-0.47843048093626556,-2.4774728901861915,-0.7036972899668107,0.017684991749162566,-2.042861370709995,-0.7001429322869073,0.1343867495929249,-1.7670075971694463,-1.3490563167850012,-0.7213913986162656,-0.6411096042421839,-0.47543958193600644,-0.02196937695248081,-0.8362884981138272,-0.6271107559502214,0.2585973283862325,1.2491989095496554,0.9481075452301231,1.4944366485493372,0.9710084528717927,-0.4942968185170464,-0.4939990220941557,-0.2748395830791328,-0.4160211926165214,-0.03787616368437616,-2.6750530757182016,-0.6571444475424253,0.48460033284682846,1.1386871894600878,-0.017005285973080844,-0.05335392968353806,-0.31084916037474264,0.9405078045787141,2.141965737990828,-1.1292271462960872,-0.49365899894212556,0.10737110105486646,-1.935156251806302,0.2556310573224543,-0.3339439837068675,0.2729420020263742,-1.0007143074146285,0.9032592502380982,-3.424797745058503,-0.20028075682169544,-0.9585972667491861,1.9032905375303542,-1.5501014439708094,1.100045087418864,-0.8417713605143999,-0.9246221439907184,2.055811673762717,0.6852662181074497
-2.073881034187432,18.08286309148473,4.894532358124861,5.130524571216071,22.74016071488341,10.944860598586711,-2.608365130407498,27.244630132669396,13.173393107572823,-2.569527929985129,16.218271821104754,9.760422628867722,5.7546906317129505,8.738096429149346,2.9112155668288744,4.301117016248672,6.321386786652949,3.0728531941626773,-3.030692664525737,-10.475315542921289,-6.833240777942876,-12.363200913917833,-11.323264829938402,1.6110700684751496,2.5467515089584234,-3.1022416987875747,2.250629047007629,-1.1927963259588936,25.279431033728677,7.852427690225576,-1.1993200574052882,-12.892447495955773,1.8658362815085903,-1.7757306310805163,1.9505432145978803,-11.242612208812764,-24.51126921130853,7.251353351596974,5.31213228157482,-2.900501138854675,18.532512045569725,-6.029187981746918,7.7308046550956195,-2.8322405658887444,8.375064651024513,-6.142698754537273,32.27013005405038,5.565860239213113,10.229459007514132,-20.623269459633665,17.1416406752088,-7.873343929722554,10.856501839801668,6.985319932488885,-19.966205132717434,-4.989231078429392
-0.2539776579078247,4.894532358124861,1.628725111695047,1.4845023583981425,6.3196755119947134,3.4817245273293933,-1.027670716872324,8.47958899856176,4.284542491365443,-0.8391208159425693,4.461650434025656,2.4098493090494375,1.505262059726935,2.710331496507976,0.6696325502225977,1.6160939795683007,1.6066115548116162,0.5441269243334744,-0.8661989304861756,-2.7987333958542377,-1.737176139219219,-3.33950908266372,-3.3687235025232103,0.1686392359961972,0.5503282204293617,-1.4639123416364286,0.4538863077370698,-0.4948515207373129,7.051948627566084,2.409102889071745,0.008349083413278379,-3.865299939879791,0.6547257618534877,-0.7357667079988981,0.44325923771658365,-3.431321043973263,-7.30895306434737,1.7126484586654733,1.5540391846982902,-0.9747528452235458,5.233185736749827,-2.070060092983126,2.5815790781721843,-0.7667097029294313,2.288908905086421,-1.4820568328672916,9.031835212366254,1.960462628265064,2.9634547355127205,-6.036369095026835,5.074271553629478,-1.96631495745827,3.3306051430031642,1.7439885118202771,-5.641558051749855,-1.2755365025230339
-0.47843048093626556,5.130524571216071,1.4845023583981425,1.5200099798700297,6.393433344449475,3.3120344566554327,-0.7394011194568759,7.925282187752337,4.161928865229003,-0.8160115193344626,4.663838461977347,2.7091779531271634,1.6131814491535574,2.5971011901956085,0.7526553916419082,1.3459612254424274,1.7713490155601912,0.8353709072726,-0.9719134000400729,-2.935692501795832,-1.7704897785022742,-3.3146635222530128,-3.3726867439654566,0.278905748498497,0.5278870406813313,-1.0377440705847831,0.5989722355373185,-0.41080180617991374,7.281846851426505,2.2026523036859817,-0.21429801163898,-3.640251231145118,0.7192812911436424,-0.5750935525381619,0.521265515096519,-3.1750136378671607,-7.091628635761184,1.8796688901164667,1.5525242556595233,-0.979866181846996,5.226228637086776,-1.7980840039346575,2.4742620861600426,-0.9436488022752109,2.2208281298179053,-1.660285594133381,9.165135775408073,1.6100162448466637,2.998337379466992,-5.998413628887534,4.902367122520498,-2.1311265705566766,3.2155195149683116,1.992138152563447,-5.708609930125675,-1.2684605560250357
-2.4774728901861915,22.74016071488341,6.3196755119947134,6.393433344449475,29.062834472048376,13.931933922039722,-3.793964639004157,35.38003179050367,16.292978828220107,-3.1672685642010383,20.293734969269753,12.10297946067849,7.21154327171334,11.134178201726783,3.7090112134975946,5.723259744073722,7.8427186057360805,3.5120722495151067,-3.50535976423893,-13.254195202721064,-8.971110292224006,-16.19236972809847,-14.19284228582642,2.194924078175133,3.643220822533037,-4.372571720434282,2.7165851143596904,-1.5234916546152404,31.752341774096593,10.412070543839297,-1.3999546132363092,-16.89676386286304,1.948524666325699,-2.3937176252799905,2.4251980345082793,-14.823826474835142,-31.46176399543572,9.304847174208664,6.703597166592217,-3.4294903582068805,23.767913021298735,-8.011412991117973,9.569682137256981,-3.089827885167563,11.08434440455624,-7.715270121806817,41.050358845568795,7.656318470861413,12.85551357980666,-26.156508257254693,22.13216031720418,-9.97772865920183,13.833023716303494,8.512496576268857,-25.348355068589953,-6.672666010092983
-0.7036972899668107,10.944860598586711,3.4817245273293933,3.3120344566554327,13.931933922039722,7.603681528627915,-2.006081549420941,18.21823489161274,9.412829339618426,-1.847537037609413,9.966385726750284,5.51894998771013,3.3767270426836737,5.866035340217699,1.507889775445484,3.376923072688307,3.6363911409061855,1.40488753596219,-2.0100884884884187,-6.272808809994848,-3.793453683760195,-7.2702915265767984,-7.442000518985896,0.4133418707035764,1.1546412376869752,-2.9014551102507977,1.1117408583398882,-1.0253502798619838,15.691497098978072,5.108037066163027,-0.13588919264134272,-8.332478365180318,1.5329987738180133,-1.487825108285258,1.025934420358555,-7.3381895882324315,-15.926045841749971,3.8389624795287762,3.407920751862467,-2.1907962924511883,11.490988863501816,-4.370965418236213,5.661263073799731,-1.857257239835925,4.922008834075912,-3.3832279776468237,19.9769151259967,4.0698958480279455,6.560284603040232,-13.239861348245288,11.023687569606361,-4.418790176647566,7.265457023942672,4.0329110918379625,-12.462849303442232,-2.7946836596537814
0.017684991749162566,-2.608365130407498,-1.027670716872324,-0.7394011194568759,-3.793964639004157,-2.006081549420941,1.0435021619632612,-5.550745525649585,-2.0471573605037134,0.38968251112264074,-2.286568658487039,-1.1243267810577804,-0.791695164630108,-1.5858681966301906,-0.4104359452146554,-1.1329407503581457,-0.7732278971639178,0.031773102902148215,0.17894589251671714,1.5667416338710192,1.2672832957034934,2.372016973375186,1.7723270725516285,-0.24271893102805073,-0.6967317574215423,1.2145114462215632,-0.13643674690914734,0.2975239275027437,-3.742483423190199,-1.788556467514877,-0.10983830531890719,2.6786816378070792,-0.006182723128386504,0.5459778273316381,-0.21160967938367123,2.4588514023896466,4.484248465503754,-1.0876407930627494,-0.8622318662556568,0.33077783401279565,-3.2066616862976063,1.4950197139714227,-1.2381696277971637,-0.015879447695934343,-1.7312196537175915,0.7857681460752471,-5.246163405544193,-1.6293611161180075,-1.5757769949735076,3.4407738289716825,-3.229197299619565,1.132457635082991,-1.9461618336001725,-0.6723821429779505,3.2286232775625225,1.0252384608040666
-2.042861370709995,27.244630132669396,8.47958899856176,7.925282187752337,35.38003179050367,18.21823489161274,-5.550745525649585,45.83967892707633,21.615804892313072,-4.1976955709357755,24.548020582155353,13.80936689727374,8.473067166114092,14.423806603192284,4.089159628488335,8.272593278008298,9.066487463421462,3.32900864407661,-4.32213355515546,-15.758485461063822,-10.475802864426388,-19.47590515818402,-17.872303247335598,1.8643919246385756,3.990446110694215,-7.176247996918716,2.7644641332957463,-2.3162694689495984,38.650247724131695,13.382196111640011,-0.6824557971243292,-21.43942458468427,2.695131389592646,-3.655965118180466,2.663484576339644,-18.998807389970306,-39.78895987936379,10.434658277725301,8.370154578652022,-4.614761583105947,29.192711559876297,-10.952214354578508,12.898110293769511,-3.6451013689494944,13.426605561185822,-8.691892749610242,50.1158915583236,10.61853592525231,15.989350459688724,-32.72274967637716,27.901029806324157,-11.455898927860149,17.736345441192757,9.752225315799214,-31.111372779844594,-7.827764274688298
-0.7001429322869073,13.173393107572823,4.284542491365443,4.161928865229003,16.292978828220107,9.412829339618426,-2.0471573605037134,21.615804892313072,12.578738647184375,-2.4563392506811645,12.302353830641538,6.6617813112200555,4.052127233006025,7.34259592896179,1.611979640236717,4.152320794072737,4.435378896155766,1.9253244961722713,-2.968135258771136,-7.341911992259958,-3.8984194343584178,-7.821425330113014,-9.357829015089631,-0.04837859953063355,0.5427809482538376,-3.566825316803701,1.2952836798717744,-1.3789443751002706,19.204880562685734,5.7013527750864865,0.0564005477596922,-9.418596337339132,2.5802588910367033,-1.88195849258193,1.2057031723977936,-8.265724337827514,-19.032205664348123,4.082334086063984,4.210816267403729,-3.1395781431744356,13.413348771228453,-5.120790045095719,7.60161720750272,-2.953028805241418,5.168369496011073,-3.859258146930877,23.680575508215075,4.437547585657352,8.162156236313256,-16.190473971515694,12.95459460440298,-5.00912067032322,8.89223555659886,5.117277895022967,-14.936883235541542,-2.6558028826262454
0.1343867495929249,-2.569527929985129,-0.8391208159425693,-0.8160115193344626,-3.1672685642010383,-1.847537037609413,0.38968251112264074,-4.1976955709357755,-2.4563392506811645,0.48929675460895766,-2.3861957476351927,-1.290986627871249,-0.7883345192229514,-1.4135774493986628,-0.3146131635549199,-0.8013114373667407,-0.8637629416933699,-0.3710193427971174,0.5723875332931654,1.4339401021768687,0.7555747777082735,1.5079753330093448,1.8273158554272013,0.015978688763313986,-0.10524717635164205,0.6841196157526175,-0.25933698138929484,0.27748569269832224,-3.742275781319013,-1.1038579545792018,-0.013945543718646172,1.834094119245369,-0.5096072698143008,0.36228084721261716,-0.22741594080913374,1.6035369278463478,3.6967213486758226,-0.7902513232676264,-0.8229031881496651,0.6215804554443572,-2.6085392379175696,0.9927100436338943,-1.4847536971881719,0.5738810713384677,-0.9957620843569922,0.7535568218507263,-4.609387452650728,-0.8551420683066961,-1.5851712746946123,3.1472071813376057,-2.5129226289403603,0.9757306298142184,-1.7421293373676356,-0.9931777096744603,2.9059109481517518,0.5141743281370152
-1.7670075971694463,16.218271821104754,4.461650434025656,4.663838461977347,20.293734969269753,9.966385726750284,-2.286568658487039,24.548020582155353,12.302353830641538,-2.3861957476351927,14.666739227057747,8.731773503680573,5.147361855018849,8.000775569283356,2.5278764995109406,3.975951325273471,5.667093214828905,2.784227290711829,-2.898828598379222,-9.322754268621365,-5.918206562495913,-10.829433997260296,-10.316582453131716,1.244803987563465,2.0072417334773807,-2.9229983068618832,1.971723984132126,-1.1282160942847086,22.801643758601312,6.962445851305724,-0.9597053396280351,-11.448691221744882,1.9026106765139832,-1.6667239789811121,1.735664046631251,-9.988255423855543,-22.072500158961148,6.306892344971469,4.811241863628723,-2.7689699952425224,16.544799977424056,-5.446548383439478,7.247871491017928,-2.7548489643983376,7.301856542028629,-5.412320420863452,28.893248421618168,4.947130670830544,9.294293859814456,-18.655722545004174,15.370822631425106,-6.937905753445625,9.835358791928284,6.327304965098945,-17.9364895364986,-4.2602775401507085
-1.3490563167850012,9.760422628867722,2.4098493090494375,2.7091779531271634,12.10297946067849,5.51894998771013,-1.1243267810577804,13.80936689727374,6.6617813112200555,-1.290986627871249,8.731773503680573,5.4572177984382755,3.1481241295332354,4.478155833081396,1.6454472236473299,1.9748894804592714,3.501350341697697,1.9097459955947358,-1.655058644024945,-5.6637676082755055,-3.7137974603706345,-6.59729945273155,-5.911669171031733,1.0314180038931309,1.403989610126936,-1.1927345193469838,1.3307882096811836,-0.5184461046992509,13.512806603558502,3.9754354523062947,-0.8903534153527171,-6.604559212406593,0.959487711557729,-0.7675151699209384,1.120480258718422,-5.711147728975131,-12.691637511830885,4.062308262096699,2.785473726311615,-1.4611898475216212,9.794047317439778,-2.8976077195560426,3.861622770066175,-1.5995909337568603,4.435968094700781,-3.4384246310966504,17.153699624223815,2.605394070366459,5.3963684991651775,-10.802744004196319,8.884417646259003,-4.352099395786072,5.561525880615168,3.9135773018291413,-10.58689345553543,-2.6853808823328933
-0.7213913986162656,5.7546906317129505,1.505262059726935,1.6131814491535574,7.21154327171334,3.3767270426836737,-0.791695164630108,8.473067166114092,4.052127233006025,-0.7883345192229514,5.147361855018849,3.1481241295332354,1.850395688844846,2.7208155199970547,0.9581337286349183,1.272182578336904,2.0416731863039668,1.0312525961181367,-0.94858673922401,-3.341891160751354,-2.2015539891461655,-3.9483450999717156,-3.554312734656149,0.5685234807115236,0.8455562423341784,-0.8721400956174447,0.7442316431620439,-0.35391764063425524,8.01524655446467,2.4601774039409716,-0.4425941061516102,-4.032971977952783,0.5706252053253872,-0.5218420714849364,0.638048422805596,-3.512684243406162,-7.6787835741550845,2.365319054414533,1.6766977965760181,-0.8876886340761104,5.858409698762688,-1.835989512389504,2.3597341022830656,-0.898196324988786,2.6750462371089454,-1.9938655071900526,10.219059955389854,1.6782800680681658,3.2191094994120304,-6.490654024090414,5.376262307078738,-2.5499974593213652,3.3825469768538707,2.2427119253075363,-6.312024255258031,-1.5954545238932203
-0.6411096042421839,8.738096429149346,2.710331496507976,2.5971011901956085,11.134178201726783,5.866035340217699,-1.5858681966301906,14.423806603192284,7.34259592896179,-1.4135774493986628,8.000775569283356,4.478155833081396,2.7208155199970547,4.706773859718157,1.243762023109773,2.631479546013405,2.9474706904736583,1.2110480181484786,-1.612851179341076,-4.9716175652728865,-3.1033803045228243,-5.875471610177714,-5.850487855892195,0.41592027614479654,0.9489828240832933,-2.2496670355631343,0.8864883556035287,-0.7698411722382004,12.49902347205795,4.070149104635102,-0.17953634888764936,-6.570387909132299,1.140840003375463,-1.176052507982125,0.8608326900910753,-5.8077129944544454,-12.617422691068198,3.164324198344195,2.7104048971444343,-1.6528497545989678,9.164366174674857,-3.395119918636703,4.390136932612843,-1.4682972690829084,3.998347847631511,-2.7249281691351976,15.886223087713583,3.1571554496110914,5.21537829397943,-10.54083396437258,8.765711654107841,-3.569845160937727,5.6853787578159265,3.2632798792731874,-9.922845726117943,-2.23231795555747
-0.47543958193600644,2.9112155668288744,0.6696325502225977,0.7526553916419082,3.7090112134975946,1.507889775445484,-0.4104359452146554,4.089159628488335,1.611979640236717,-0.3146131635549199,2.5278764995109406,1.6454472236473299,0.9581337286349183,1.243762023109773,0.5639494182347634,0.5075012498011516,1.0564820142934537,0.5493701541690403,-0.3528157890208585,-1.7347471843072146,-1.2876401281975858,-2.197109291664862,-1.6405229553173681,0.4698592256349757,0.6378444132663724,-0.27670043495190777,0.4207001684858331,-0.11290336400606905,3.94389017481653,1.2769585867723343,-0.3496433348978605,-2.0675352942868823,0.09799449657013769,-0.18945914816495932,0.35079545989392114,-1.7994360753296503,-3.7452200444061643,1.3797545965921738,0.8052847268087014,-0.29445791145570027,2.997364638269466,-0.8432116920312317,0.9027855894155598,-0.30321369041691437,1.5150896156407443,-1.0972940800185655,5.165963974353185,0.8187840217572566,1.5258582511369148,-3.131432311967571,2.678789576406138,-1.4017147914664327,1.5817515906671034,1.1129755472869354,-3.1479768972685456,-0.9604657137099265
-0.02196937695248081,4.301117016248672,1.6160939795683007,1.3459612254424274,5.723259744073722,3.376923072688307,-1.1329407503581457,8.272593278008298,4.152320794072737,-0.8013114373667407,3.975951325273471,1.9748894804592714,1.272182578336904,2.631479546013405,0.5075012498011516,1.7717182939034035,1.3174850968320837,0.2723693003474216,-0.7713545876148541,-2.4367601978898383,-1.5156712689034828,-3.0253381507364367,-3.1055805783219324,0.015101462989250953,0.4444947175482135,-1.7373929045024694,0.28121922953774653,-0.5116047608051661,6.298794856025444,2.3437720351534064,0.20935890891375966,-3.7151521279375297,0.5778649643028724,-0.8199194602991772,0.34606084051495767,-3.3372407372504287,-6.921506325639079,1.37574841058373,1.4194255293754456,-0.916533696980315,4.804004230872485,-2.1447923965984446,2.545335438072477,-0.613935473485402,2.096596569917467,-1.1804398683856194,8.177102959871176,2.1121447833201916,2.7280056200851583,-5.594881572275666,4.81452457769195,-1.614331417776229,3.1642692515567816,1.4330408531865682,-5.137378753125595,-1.1506466271040483
-0.8362884981138272,6.321386786652949,1.6066115548116162,1.7713490155601912,7.8427186057360805,3.6363911409061855,-0.7732278971639178,9.066487463421462,4.435378896155766,-0.8637629416933699,5.667093214828905,3.501350341697697,2.0416731863039668,2.9474706904736583,1.0564820142934537,1.3174850968320837,2.269104042878636,1.2090083583442846,-1.083930483234786,-3.656782608666757,-2.375877775579492,-4.245595408767611,-3.885712615325101,0.6215358967593722,0.8737487568111835,-0.8454848077238216,0.8439251781837248,-0.3735180677873146,8.795351404767052,2.605632609531089,-0.526557995075486,-4.298931371162772,0.6701357624905642,-0.5340354123434611,0.7120216087808429,-3.728862257700831,-8.29022175562397,2.593875499127123,1.8320226043289625,-0.9888370510297765,6.352430336822081,-1.917686736698754,2.574751589599828,-1.0540685627316568,2.860672415858435,-2.2038653345699135,11.13038083906598,1.7087068375522292,3.522858747677314,-7.067906670262742,5.790219748773857,-2.8030624263040127,3.65753086873965,2.5148846437125716,-6.88063667800441,-1.6958895573679398
-0.6271107559502214,3.0728531941626773,0.5441269243334744,0.8353709072726,3.5120722495151067,1.40488753596219,0.031773102902148215,3.32900864407661,1.9253244961722713,-0.3710193427971174,2.784227290711829,1.9097459955947358,1.0312525961181367,1.2110480181484786,0.5493701541690403,0.2723693003474216,1.2090083583442846,0.91188051499301,-0.6612277881419174,-1.7462531377422108,-1.036396944468161,-1.7661084893899888,-1.7500098065034533,0.35960775948874835,0.2756451672281321,0.11765678598587746,0.53563290511356,-0.07664713073301156,4.1893637999550775,0.8689363138913252,-0.4777720174907785,-1.5664973449335484,0.4308749742710561,-0.06103158427593955,0.40859579566634713,-1.288029012601787,-3.3904815423413526,1.3030861035280157,0.8205291562479519,-0.4780301581257256,2.761875415586036,-0.503329513880649,1.0772363628779644,-0.7416437577741518,1.1226976070081631,-1.1617249465495165,5.032346710444947,0.28728490692992903,1.624439952990619,-3.110820497330494,2.3289836681082354,-1.4049626554901387,1.483633299779905,1.4356906531026958,-3.113929748306495,-0.6673709746162801
0.2585973283862325,-3.030692664525737,-0.8661989304861756,-0.9719134000400729,-3.50535976423893,-2.0100884884884187,0.17894589251671714,-4.32213355515546,-2.968135258771136,0.5723875332931654,-2.898828598379222,-1.655058644024945,-0.94858673922401,-1.612851179341076,-0.3528157890208585,-0.7713545876148541,-1.083930483234786,-0.6612277881419174,0.8514886881158824,1.6397412864638197,0.7201311891655376,1.4845557198223058,2.1385307749864015,0.06726038784660354,0.09719740740346332,0.5400333340815333,-0.3598702402671204,0.27578452490408184,-4.419087464959201,-1.01431469934314,0.07662931213782728,1.7790887857785842,-0.7695157232566262,0.33562032381365975,-0.30947058125524507,1.518387853612855,4.0049117601376025,-0.8718883688404983,-0.9422506434589144,0.7999678330338472,-2.838048647372849,0.9201941060489658,-1.7831577498574946,0.9258883246475612,-0.9154859271594846,0.9025193329886011,-5.181920165962531,-0.6528226986691814,-1.8736911052787697,3.5824119417217353,-2.6623616802969665,1.1213680254704101,-1.903518046565297,-1.343827704166925,3.2993651994652335,0.4150293813982012
1.2491989095496554,-10.475315542921289,-2.7987333958542377,-2.935692501795832,-13.254195202721064,-6.272808809994848,1.5667416338710192,-15.758485461063822,-7.341911992259958,1.4339401021768687,-9.322754268621365,-5.6637676082755055,-3.341891160751354,-4.9716175652728865,-1.7347471843072146,-2.4367601978898383,-3.656782608666757,-1.7462531377422108,1.6397412864638197,6.12636578149634,4.087396979627127,7.345259283954628,6.47314767813124,-1.0564893667049686,-1.6577094997641217,1.7321889752152513,-1.3269394188330508,0.651889865617194,-14.572151136056858,-4.6170088279079975,0.7612620471069724,7.56980269222517,-0.9407713425465396,0.98662074624773,-1.1409597513123682,6.6022334622630225,14.185678999066408,-4.318319726567626,-3.04703768089654,1.5811608377208501,-10.800707052140968,3.499892344749215,-4.294135459437078,1.5044478262256866,-4.992675932701726,3.619132528226475,-18.760204262817325,-3.2910109986544143,-5.861787533144687,11.86187933060349,-9.959867659327042,4.639082036163388,-6.240159823361727,-3.9986007545811386,11.564844460520828,3.0399402916205682
0.9481075452301231,-6.833240777942876,-1.737176139219219,-1.7704897785022742,-8.971110292224006,-3.793453683760195,1.2672832957034934,-10.475802864426388,-3.8984194343584178,0.7555747777082735,-5.918206562495913,-3.7137974603706345,-2.2015539891461655,-3.1033803045228243,-1.2876401281975858,-1.5156712689034828,-2.375877775579492,-1.036396944468161,0.7201311891655376,4.087396979627127,3.1565684683395387,5.438100620570116,3.9069892417046406,-1.0868720357221962,-1.636852440946096,1.0790526770219948,-0.8810417593311204,0.31549848502920536,-9.288513986016612,-3.31645788937837,0.6641227512722848,5.2922929890844035,-0.07541556276483224,0.5999201499407378,-0.7829855003259869,4.657375712649161,9.304177709970872,-3.226693236608438,-1.922986949989621,0.6410102107995986,-7.323294464637012,2.321837668092197,-2.2237711700994716,0.4962514993319021,-3.8023298079129875,2.4983750142918724,-12.428015539525028,-2.3936959136268117,-3.6424632803487973,7.5846234958548004,-6.700190124553566,3.242948220466295,-3.917442796580152,-2.458484561133048,7.5756840666347065,2.427138521247509
1.4944366485493372,-12.363200913917833,-3.33950908266372,-3.3146635222530128,-16.19236972809847,-7.2702915265767984,2.372016973375186,-19.47590515818402,-7.821425330113014,1.5079753330093448,-10.829433997260296,-6.59729945273155,-3.9483450999717156,-5.875471610177714,-2.197109291664862,-3.0253381507364367,-4.245595408767611,-1.7661084893899888,1.4845557198223058,7.345259283954628,5.438100620570116,9.579800526530205,7.37222304460677,-1.6587841589520471,-2.652596898593869,2.3176366449886934,-1.4985328126565416,0.6970521617120833,-17.017283948804927,-6.029018497875457,0.9566891463305753,9.633676498926361,-0.44886813715739066,1.2408146914765255,-1.3649734804412297,8.497648412241004,17.197924516213973,-5.530109539280759,-3.5641419684232014,1.4257408310054187,-13.25549400024824,4.434859158871,-4.535035697585814,1.1136592510079986,-6.666305634148164,4.367474858105581,-22.587163590501664,-4.489957990953818,-6.782947292634828,14.040048404983441,-12.284868405404582,5.689555210624835,-7.357305303870555,-4.43791213577281,13.83159017539185,4.1721486262455585
0.9710084528717927,-11.323264829938402,-3.3687235025232103,-3.3726867439654566,-14.19284228582642,-7.442000518985896,1.7723270725516285,-17.872303247335598,-9.357829015089631,1.8273158554272013,-10.316582453131716,-5.911669171031733,-3.554312734656149,-5.850487855892195,-1.6405229553173681,-3.1055805783219324,-3.885712615325101,-1.7500098065034533,2.1385307749864015,6.47314767813124,3.9069892417046406,7.37222304460677,7.527651875789784,-0.5620529167108025,-1.1598749961583625,2.4941779868883924,-1.2681774951049636,0.9543333199848151,-16.136586146683126,-4.9854997727792005,0.3782693571961472,8.17536865360609,-1.6049750295364045,1.3541204641151927,-1.1327469346702765,7.162264854178918,15.882824068997163,-4.105199694783481,-3.4652653059923604,2.1956221647550325,-11.62532102389426,4.113853234856539,-5.574653058275406,2.055277072275893,-4.958191974240766,3.6188986022127665,-20.344664042046105,-3.7117933729566968,-6.674570311945077,13.391611335547822,-10.980440670098803,4.6758724980816515,-7.207780804876981,-4.3384021582119985,12.683635425816702,2.798166922301731
-0.4942968185170464,1.6110700684751496,0.1686392359961972,0.278905748498497,2.194924078175133,0.4133418707035764,-0.24271893102805073,1.8643919246385756,-0.04837859953063355,0.015978688763313986,1.244803987563465,1.0314180038931309,0.5685234807115236,0.41592027614479654,0.4698592256349757,0.015101462989250953,0.6215358967593722,0.35960775948874835,0.06726038784660354,-1.0564893667049686,-1.0868720357221962,-1.6587841589520471,-0.5620529167108025,0.6540202268085512,0.8029546441201021,0.18333828661990692,0.3211098674486794,0.09588105769115315,1.937278884036086,0.7767874304951844,-0.46533397269854554,-1.2187311267843408,-0.36870129402575996,0.05378697589677741,0.2597434132059259,-1.056634279686444,-1.7970185047439404,1.1511280630441143,0.3416814793547438,0.1802869613351572,1.7435452565031113,-0.2987785954348445,-0.11658779081649086,0.15727043519545345,1.1908532667876432,-0.7918323438739824,2.8654238609427622,0.42175931441626935,0.630362956579285,-1.406574331726832,1.414804173100002,-1.0031872646905955,0.5935132552854387,0.5797588951393728,-1.654438562709238,-0.8803058013956516
-0.4939990220941557,2.5467515089584234,0.5503282204293617,0.5278870406813313,3.643220822533037,1.1546412376869752,-0.6967317574215423,3.990446110694215,0.5427809482538376,-0.10524717635164205,2.0072417334773807,1.403989610126936,0.8455562423341784,0.9489828240832933,0.6378444132663724,0.4444947175482135,0.8737487568111835,0.2756451672281321,0.09719740740346332,-1.6577094997641217,-1.636852440946096,-2.652596898593869,-1.1598749961583625,0.8029546441201021,1.184828429015624,-0.28513789370903025,0.3697957780392572,-0.005164584716459851,3.239576486298742,1.510021871679176,-0.43233354076524005,-2.3202812019024157,-0.4718690481101586,-0.14183039479839274,0.3269336841334846,-2.065185773561302,-3.4810761598458297,1.6007288099711687,0.6403748605747114,0.11957039482182594,2.979462861545873,-0.8998661256437618,0.2429376511794391,0.2851448079082918,1.9277954604967855,-1.0949024045210272,4.835323639030394,1.1268693050792464,1.1636694464491895,-2.624324041044167,2.6561695262343687,-1.4437010490471311,1.309669596191348,0.7590285083849939,-2.8402969484400464,-1.3657897062706252
-0.2748395830791328,-3.1022416987875747,-1.4639123416364286,-1.0377440705847831,-4.372571720434282,-2.9014551102507977,1.2145114462215632,-7.176247996918716,-3.566825316803701,0.6841196157526175,-2.9229983068618832,-1.1927345193469838,-0.8721400956174447,-2.2496670355631343,-0.27670043495190777,-1.7373929045024694,-0.8454848077238216,0.11765678598587746,0.5400333340815333,1.7321889752152513,1.0790526770219948,2.3176366449886934,2.4941779868883924,0.18333828661990692,-0.28513789370903025,1.9049469209222643,-0.03748667252357259,0.5232783895674032,-4.725328162972183,-2.0568767057473747,-0.46416994216246754,3.1395335888223688,-0.46289612524871276,0.8560154746677701,-0.17539244222853553,2.887322576489896,5.7165672651947155,-0.8210650354428789,-1.1349468225865218,0.7735901940369677,-3.751262307293195,2.0125349888533535,-2.227940881101719,0.3487719960230255,-1.6566496294473612,0.6896599616394574,-6.249432422685166,-2.0460269449384785,-2.1403901335509348,4.493667892894396,-3.976179532909997,1.039649434458109,-2.6541240128651875,-0.8538929967882735,3.96476918234063,0.8358160982454504
-0.4160211926165214,2.250629047007629,0.4538863077370698,0.5989722355373185,2.7165851143596904,1.1117408583398882,-0.13643674690914734,2.7644641332957463,1.2952836798717744,-0.25933698138929484,1.971723984132126,1.3307882096811836,0.7442316431620439,0.8864883556035287,0.4207001684858331,0.28121922953774653,0.8439251781837248,0.53563290511356,-0.3598702402671204,-1.3269394188330508,-0.8810417593311204,-1.4985328126565416,-1.2681774951049636,0.3211098674486794,0.3697957780392572,-0.03748667252357259,0.37093377125215754,-0.06973361504331774,3.043203160857714,0.8045535213742767,-0.3186593621066814,-1.384447615205351,0.189147277289124,-0.07903394941806656,0.27976522209054966,-1.167718055642887,-2.672070117722078,1.013077399496045,0.6035729593016085,-0.2894499755592459,2.167922279592119,-0.5089119366749543,0.726467684509192,-0.374594495546098,0.9942465533442588,-0.8600346149628767,3.8440672951926578,0.4270732877074744,1.1703045427168646,-2.319338098490386,1.8754631409382279,-1.0625369110730252,1.1559130223896965,0.9481262346807879,-2.349337521981115,-0.638039985516654
-0.03787616368437616,-1.1927963259588936,-0.4948515207373129,-0.41080180617991374,-1.5234916546152404,-1.0253502798619838,0.2975239275027437,-2.3162694689495984,-1.3789443751002706,0.27748569269832224,-1.1282160942847086,-0.5184461046992509,-0.35391764063425524,-0.7698411722382004,-0.11290336400606905,-0.5116047608051661,-0.3735180677873146,-0.07664713073301156,0.27578452490408184,0.651889865617194,0.31549848502920536,0.6970521617120833,0.9543333199848151,0.09588105769115315,-0.005164584716459851,0.5232783895674032,-0.06973361504331774,0.19412173941642996,-1.8122857967092623,-0.6124014824095642,-0.12000380480640876,0.9721423528269133,-0.2918694443311973,0.25578068235744067,-0.07547817238877169,0.8727564136706369,1.9358699042625087,-0.28848564518404396,-0.4273388642576012,0.3544099028941035,-1.2799317291564145,0.6012613112289202,-0.8477699817959983,0.2647366283630512,-0.47351382066028186,0.2920215233798012,-2.2344603121081525,-0.5352506571697937,-0.7984391056677264,1.6181525578119749,-1.30661971967387,0.40535343841737825,-0.9417956077011014,-0.4068123502518421,1.425924162504713,0.20460536160663434
-2.6750530757182016,25.279431033728677,7.051948627566084,7.281846851426505,31.752341774096593,15.691497098978072,-3.742483423190199,38.650247724131695,19.204880562685734,-3.742275781319013,22.801643758601312,13.512806603558502,8.01524655446467,12.49902347205795,3.94389017481653,6.298794856025444,8.795351404767052,4.1893637999550775,-4.419087464959201,-14.572151136056858,-9.288513986016612,-17.017283948804927,-16.136586146683126,1.937278884036086,3.239576486298742,-4.725328162972183,3.043203160857714,-1.8122857967092623,35.563297706685375,11.021491453584384,-1.4162654146352724,-18.073598683921993,2.9206974897908617,-2.6576756225782923,2.6699236362669976,-15.789128498350486,-34.633663869676276,9.83408852157578,7.52803454347822,-4.319512279456195,25.915308774228862,-8.654293534219866,11.324872517265407,-4.170509566264037,11.504654917830925,-8.424675606348924,45.196449306419126,7.919822956094358,14.495148337982139,-29.176928016542405,24.131437091793728,-10.828084114798656,15.455122694752106,9.7495559719067,-28.037824543504872,-6.727451811815496
-0.6571444475424253,7.852427690225576,2.409102889071745,2.2026523036859817,10.412070543839297,5.108037066163027,-1.788556467514877,13.382196111640011,5.7013527750864865,-1.1038579545792018,6.962445851305724,3.9754354523062947,2.4601774039409716,4.070149104635102,1.2769585867723343,2.3437720351534064,2.605632609531089,0.8689363138913252,-1.01431469934314,-4.6170088279079975,-3.31645788937837,-6.029018497875457,-4.9854997727792005,0.7767874304951844,1.510021871679176,-2.0568767057473747,0.8045535213742767,-0.6124014824095642,11.021491453584384,4.071184155321731,-0.2858584921880779,-6.4323325781391985,0.46265530345876343,-1.0321819924205229,0.7866615462286397,-5.726799524766283,-11.540461946243687,3.2542452288532324,2.3799893334178606,-1.1071685125002717,8.598028361171709,-3.2131050156314003,3.3745385014019345,-0.7447758511788005,4.216887534252039,-2.5945422969201823,14.599323606645456,3.2434538246348517,4.502710775134638,-9.356301389090664,8.188944116110314,-3.445724042763216,5.044241737917258,2.6958636189399807,-9.001404578185,-2.538406582532221
0.48460033284682846,-1.1993200574052882,0.008349083413278379,-0.21429801163898,-1.3999546132363092,-0.13588919264134272,-0.10983830531890719,-0.6824557971243292,0.0564005477596922,-0.013945543718646172,-0.9597053396280351,-0.8903534153527171,-0.4425941061516102,-0.17953634888764936,-0.3496433348978605,0.20935890891375966,-0.526557995075486,-0.4777720174907785,0.07662931213782728,0.7612620471069724,0.6641227512722848,0.9566891463305753,0.3782693571961472,-0.46533397269854554,-0.43233354076524005,-0.46416994216246754,-0.3186593621066814,-0.12000380480640876,-1.4162654146352724,-0.2858584921880779,0.4613008712226182,0.538408569768883,0.1316978933936133,-0.16255120188323452,-0.22394457376864257,0.41302518098971036,0.9315823072624796,-0.822443083635598,-0.21809112538078804,-0.07589146850522624,-1.0560001699622683,-0.045730905902153084,0.11426083037183374,0.09090064231976053,-0.6388242467671998,0.6289536395062314,-1.876066744082644,0.053500808691903455,-0.4373614487462863,0.8581613768643682,-0.7200328611097635,0.7433552792617405,-0.2849125174974686,-0.58058441031984,1.0826254740624417,0.5018674585183119
1.1386871894600878,-12.892447495955773,-3.865299939879791,-3.640251231145118,-16.89676386286304,-8.332478365180318,2.6786816378070792,-21.43942458468427,-9.418596337339132,1.834094119245369,-11.448691221744882,-6.604559212406593,-4.032971977952783,-6.570387909132299,-2.0675352942868823,-3.7151521279375297,-4.298931371162772,-1.5664973449335484,1.7790887857785842,7.56980269222517,5.2922929890844035,9.633676498926361,8.17536865360609,-1.2187311267843408,-2.3202812019024157,3.1395335888223688,-1.384447615205351,0.9721423528269133,-18.073598683921993,-6.4323325781391985,0.538408569768883,10.292323462420695,-0.8974555295778923,1.5958200229359694,-1.3015294649450306,9.110621200229879,18.65452528079373,-5.263674892650249,-3.8705873879019626,1.8980546461123526,-13.925249109813084,5.096864600512028,-5.580373614447461,1.4030430073319895,-6.6805872498820165,4.274257735086281,-23.780628784591,-5.07682193613332,-7.378435248665861,15.206571027887312,-13.190092435983289,5.6189004756779894,-8.193811579770268,-4.543983830772999,14.667894448594383,4.051941049684295
-0.017005285973080844,1.8658362815085903,0.6547257618534877,0.7192812911436424,1.948524666325699,1.5329987738180133,-0.006182723128386504,2.695131389592646,2.5802588910367033,-0.5096072698143008,1.9026106765139832,0.959487711557729,0.5706252053253872,1.140840003375463,0.09799449657013769,0.5778649643028724,0.6701357624905642,0.4308749742710561,-0.7695157232566262,-0.9407713425465396,-0.07541556276483224,-0.44886813715739066,-1.6049750295364045,-0.36870129402575996,-0.4718690481101586,-0.46289612524871276,0.189147277289124,-0.2918694443311973,2.9206974897908617,0.46265530345876343,0.1316978933936133,-0.8974555295778923,0.8980168845809812,-0.28170615147204836,0.14480515785541365,-0.7468226257226667,-2.5310517314060736,0.21048283075951207,0.6570396618128597,-0.8115704464929065,1.576618207962909,-0.6023721830083483,1.5830086430566008,-0.9145307068028965,0.18250946423217487,-0.4347123600885608,3.0988232816337216,0.2772358804338065,1.3101260944147752,-2.3976256690176707,1.5542786166061422,-0.5242197634038541,1.3524947866784334,0.8984537703966609,-2.043464826712306,0.08899184941749697
-0.05335392968353806,-1.7757306310805163,-0.7357667079988981,-0.5750935525381619,-2.3937176252799905,-1.487825108285258,0.5459778273316381,-3.655965118180466,-1.88195849258193,0.36228084721261716,-1.6667239789811121,-0.7675151699209384,-0.5218420714849364,-1.176052507982125,-0.18945914816495932,-0.8199194602991772,-0.5340354123434611,-0.06103158427593955,0.33562032381365975,0.98662074624773,0.5999201499407378,1.2408146914765255,1.3541204641151927,0.05378697589677741,-0.14183039479839274,0.8560154746677701,-0.07903394941806656,0.25578068235744067,-2.6576756225782923,-1.0321819924205229,-0.16255120188323452,1.5958200229359694,-0.28170615147204836,0.4024752310784253,-0.12640982608715787,1.4519440096497165,2.9973560737958116,-0.5182440243282149,-0.6208128248430509,0.4208042615140626,-2.022426584615069,0.967638355504178,-1.158645753958213,0.26274468823364333,-0.8721345618204862,0.4463651998937906,-3.426478096184309,-0.9452422870145955,-1.171749739901251,2.4255038958966626,-2.0758888657588574,0.6353724738709321,-1.3882643997701467,-0.5629640978186853,2.1704149477333057,0.43498460126088884
-0.31084916037474264,1.9505432145978803,0.44325923771658365,0.521265515096519,2.4251980345082793,1.025934420358555,-0.21160967938367123,2.663484576339644,1.2057031723977936,-0.22741594080913374,1.735664046631251,1.120480258718422,0.638048422805596,0.8608326900910753,0.35079545989392114,0.34606084051495767,0.7120216087808429,0.40859579566634713,-0.30947058125524507,-1.1409597513123682,-0.7829855003259869,-1.3649734804412297,-1.1327469346702765,0.2597434132059259,0.3269336841334846,-0.17539244222853553,0.27976522209054966,-0.07547817238877169,2.6699236362669976,0.7866615462286397,-0.22394457376864257,-1.3015294649450306,0.14480515785541365,-0.12640982608715787,0.23943124077083608,-1.1250715896726278,-2.4771379326871483,0.8643789331780102,0.5407611412631895,-0.2470411753413489,1.9537187686504427,-0.5390964423584605,0.6870160430941619,-0.294791848294485,0.9210292692380042,-0.7142850182393602,3.414108792110242,0.49157955403299436,1.052175307463918,-2.1091444115002447,1.748278734959281,-0.901387801721986,1.0580117597833818,0.7908105681089102,-2.0969826039983386,-0.5705784835895903
0.9405078045787141,-11.242612208812764,-3.431321043973263,-3.1750136378671607,-14.823826474835142,-7.3381895882324315,2.4588514023896466,-18.998807389970306,-8.265724337827514,1.6035369278463478,-9.988255423855543,-5.711147728975131,-3.512684243406162,-5.8077129944544454,-1.7994360753296503,-3.3372407372504287,-3.728862257700831,-1.288029012601787,1.518387853612855,6.6022334622630225,4.657375712649161,8.497648412241004,7.162264854178918,-1.056634279686444,-2.065185773561302,2.887322576489896,-1.167718055642887,0.8727564136706369,-15.789128498350486,-5.726799524766283,0.41302518098971036,9.110621200229879,-0.7468226257226667,1.4519440096497165,-1.1250715896726278,8.089574738092034,16.444147769978954,-4.592196498826195,-3.3977151514623234,1.6442770819533186,-12.235435443096616,4.555822281929742,-4.902705085322086,1.1610951146184914,-5.914465506728332,3.7034674905945315,-20.838844559138323,-4.567537036818956,-6.461312499430929,13.36125124816702,-11.640393546929156,4.8951802683626715,-7.214092774693817,-3.908073413859955,12.856474370408087,3.5707965501332026
2.141965737990828,-24.51126921130853,-7.30895306434737,-7.091628635761184,-31.46176399543572,-15.926045841749971,4.484248465503754,-39.78895987936379,-19.032205664348123,3.6967213486758226,-22.072500158961148,-12.691637511830885,-7.6787835741550845,-12.617422691068198,-3.7452200444061643,-6.921506325639079,-8.29022175562397,-3.3904815423413526,4.0049117601376025,14.185678999066408,9.304177709970872,17.197924516213973,15.882824068997163,-1.7970185047439404,-3.4810761598458297,5.7165672651947155,-2.672070117722078,1.9358699042625087,-34.633663869676276,-11.540461946243687,0.9315823072624796,18.65452528079373,-2.5310517314060736,2.9973560737958116,-2.4771379326871483,16.444147769978954,34.95249130091327,-9.479558931358298,-7.4241042201160665,4.131561889383074,-25.85461469227222,9.305326352862997,-11.306453604882067,3.529140416267039,-11.77030559977662,7.974583132093305,-44.63743216991608,-8.875033721674658,-14.24034090874466,28.964355203574787,-24.46531487295419,10.402755363415812,-15.565891642130726,-9.02173894557452,27.68547760682233,6.906890016798106
