V1,V2,V3,V4,V5,V6,V7,V8,V9,V10,V11,V12,V13,V14,V15,V16,V17,V18,V19,V20,V21,V22,V23,V24,V25,V26,V27,V28,V29,V30,V31,V32,V33,V34,V35,V36,V37,V38,V39,V40,V41,V42,V43,V44,V45,V46,V47,V48,V49,V50,V51,V52,V53,V54,V55,V56
4.029309529872537,2.3695923827597674,6.741398136150246,13.417836957091705,-13.416274816954386,50.837618394744055,9.458545585485574,-51.996547976581354,-10.567074358266323,-15.760425748921943,-41.91274051853959,-16.66939620651819,-1.243981585397571,-61.77165135203394,2.249639836231335,-28.66538603048797,-6.619707439285894,-23.352262193972905,27.685091829190736,-33.403927198370624,14.171280379169414,17.30530359237122,-16.788068219678593,-5.426329389302324,23.85951722351892,39.76654788718173,21.78163079415254,-12.070135227617127,-5.307136868986152,-12.352113594850579,-1.5601905021180014,-15.977844628737902,22.22216330565366,24.18479886391219,-14.386566351649682,1.5380797304981715,19.22397499451404,-11.006668166637755,-3.2926541282630533,-27.823499760001525,-11.05406395217042,-4.724528318723571,-2.9198485683781956,7.324043228377802,-21.66638101991272,-16.950834465438877,14.33001584579542,0.8372680827324513,-15.606063738654816,34.44814017557318,-25.519117578949622,-11.702093215059179,21.703671125676845,-19.411559616864906,9.007549459300922,-17.567802696573327
2.3695923827597674,2.188872950617303,4.376523377968721,9.395772500751256,-8.980663321100701,35.16990305618563,7.235367842618972,-37.10751602390645,-7.9339550180258,-10.914566032852232,-28.8694887532885,-11.0156367259031,-0.7403710804710227,-43.38420683920244,1.7123818816866734,-20.354821869178387,-4.412394097353388,-15.801465852947723,19.219611883935986,-23.636132559897863,9.576446018350302,11.85235651879129,-11.513994668808925,-3.433820782123908,16.815245698292937,28.538759817479438,15.494594543561142,-8.152181864162282,-3.3739500078512576,-8.945481554923564,-1.5986941864722628,-11.00922998945441,15.265434521420229,17.224567670728668,-9.890791154468005,1.367915109078344,13.695043123922558,-7.237376996588528,-2.390571848483359,-19.221518504689506,-7.4725488159651,-2.8637276319670075,-2.395948518203385,5.0169175585710235,-15.056168486070094,-12.191450579495257,10.459844222052922,0.20550336214457013,-10.871423637302808,24.212606454599612,-17.93181600018954,-8.460591995932255,14.912871689727613,-13.050421947234668,6.0597741336869,-12.585382830570213
6.741398136150246,4.376523377968721,11.882532163400336,23.687383993903808,-23.60423570799029,89.34584574628944,16.429529684269077,-92.4993602721613,-19.17836762019551,-27.819058379046627,-74.07976732570495,-29.295623504234644,-1.8262948019014507,-109.3942593206266,4.403208968539821,-51.46136930994672,-11.218098072789362,-41.01698322405797,49.19061193032667,-59.2095627123435,24.797110179774663,30.33802060507219,-29.810503195642003,-9.290066643407231,42.504383482173125,70.8548691638587,38.68645872862773,-21.51018793242594,-9.007825094713008,-21.6793996138148,-2.969460754284632,-27.96365894148886,39.43442607921314,42.84986603873339,-25.37166955667267,2.8536235827099143,34.35205258956052,-18.929726352904392,-5.5802622769783685,-49.19630710196404,-19.605288975620066,-7.933659991904152,-5.698736699207881,12.969906312342147,-38.00180415938241,-30.32652367788801,25.42445066189015,0.728269494593244,-27.680812233996043,60.76658853398841,-45.399706350443026,-21.285667725065878,38.25306922714762,-34.391411065590454,15.929106304167483,-30.852278843187836
13.417836957091705,9.395772500751256,23.687383993903808,48.23690402587107,-47.67873105997175,181.81179669613402,34.546664968069905,-189.0532216151501,-39.28514149820231,-56.52605047178057,-150.18530099416904,-58.94105877352165,-3.8626560804069388,-222.79728301746667,8.831566507659671,-104.49267416345239,-22.96806589940988,-82.98675338425015,99.77865753923173,-120.85249541507676,50.346017046806445,61.66356724701724,-60.265148171273275,-18.73624508424012,86.42656843681293,144.84331811714137,78.96437384073704,-43.2092193680321,-18.247570906318092,-44.755607265489395,-6.637716926377725,-56.94885488672777,79.79998197561684,87.68135185086176,-51.43006118250298,6.091018089527635,69.98934635163282,-38.420694337576,-11.704710867063293,-99.964192234063745,-39.52006378949369,-16.058480989872304,-11.656098877513173,26.168954986168764,-77.64229301490529,-61.9126141066619,52.373709208855395,1.7025967513552818,-56.14904217317546,124.15653413019146,-92.32271441420204,-43.2024284901645,77.56561575898482,-69.36213162131949,32.116793916055386,-63.449675329666995
-13.416274816954386,-8.980663321100701,-23.60423570799029,-47.67873105997175,47.49996455478024,-179.78801134350056,-33.738717095766646,186.82698491201378,38.376742362787596,56.00867066166616,148.66192248935096,58.64008299985853,3.762035424333898,220.15110990992383,-8.803344167001947,103.38169494916805,22.638566505185928,82.20003156774187,-98.74627839593485,119.31757825684359,-50.05616017032278,-61.25936465213289,59.83037659361388,18.791490069005437,-85.2899261978982,-142.96680642598304,-77.9605094699406,43.002914415683584,18.07680895968397,44.12147696646664,6.310445411082648,56.14715466993282,-79.2610192013187,-86.54594604360449,50.92602085837653,-6.025977448549161,-69.2577339628452,38.20476762190524,11.389141821605994,99.15547162602782,39.35301715387162,16.0155745383449,11.371153004935744,-25.77681022806493,76.94720422804647,61.08506922220396,-51.45944359774329,-1.542010572931075,55.4898052876486,-122.6508655808726,91.42154554030036,42.69376442670804,-76.81389050975073,68.96096571229312,-31.944666769178646,62.306831498198676
50.837618394744055,35.16990305618563,89.34584574628944,181.81179669613402,-179.78801134350056,685.8049683003054,130.1487090413883,-712.3242666181998,-148.08991408088775,-213.13669796181512,-566.4574456964265,-222.52765758945918,-14.792334468744617,-840.0102507239932,33.157462003760394,-393.4947204097749,-86.93227684854745,-313.2394991090294,376.3631694927011,-455.64178732764015,189.84835686385546,232.39573728665547,-227.06358903084563,-70.75527865541,325.96631532894145,545.7327740423399,297.60129210152166,-162.84896647189828,-69.20833701287948,-168.63877288156314,-24.91975265870199,-215.16187072904998,300.59598914980546,330.57646840948865,-193.96859920837392,22.607248816686422,263.59827083234705,-145.0967190211084,-44.267661325145646,-376.89923792872105,-148.86018955170906,-61.03728510202707,-43.876355637842536,98.91448930081853,-292.77232990783807,-233.25552535914696,197.53963191047828,7.136628192370036,-211.7136390487258,468.3675718287845,-347.8158078413207,-162.61982214279064,292.53562052021545,-261.8180241925959,121.12327544356825,-239.5637336008342
9.458545585485574,7.235367842618972,16.429529684269077,34.546664968069905,-33.738717095766646,130.1487090413883,26.207948859448667,-135.62191582619755,-27.99038752384588,-40.39501878804055,-106.63816613051313,-41.44052346180937,-3.132330439759024,-159.26257515169482,5.9215838601600295,-73.97375304188212,-16.796093891994225,-58.83664439216019,70.73224659861121,-86.56473226789956,35.94306604508794,44.25616838532889,-42.52210126824806,-13.406846797352562,61.3832221444027,103.9101910099134,56.60198846069079,-30.218209163596452,-13.08612956110911,-32.82323224147452,-5.242474948574715,-40.796483868345554,56.42532233155575,63.077915089827,-36.60250993911726,4.705688384983003,49.97944965198399,-27.622449810746577,-8.834450960289534,-71.22768012843373,-27.7900880717239,-11.454621824257254,-8.032514849698925,18.429152811445533,-56.012810881598945,-44.2183383001179,37.95058919050422,1.692718935171744,-39.882431952696905,89.24720050552222,-65.77940813686979,-30.367658076597582,55.21650099505646,-48.727119196443084,22.615077800709955,-46.06125731624852
-51.996547976581354,-37.10751602390645,-92.4993602721613,-189.0532216151501,186.82698491201378,-712.3242666181998,-135.62191582619755,742.818759517288,154.6683284500946,221.64474388145814,588.6721875339284,230.78167161188267,14.797561279432543,874.0740791889756,-35.21279033126404,410.53256760049965,89.59602129884433,324.90896024423415,-391.6347104047169,474.3987009842304,-197.20322782647162,-241.523236609181,236.2353808819267,73.16671585378333,-339.3378820614457,-569.1048361520513,-309.9984351007507,169.3740688681942,71.24552423471607,175.7091358971996,26.70239816736435,223.0973939912583,-312.8413254582154,-344.3917545675037,201.4816416524905,-24.114747638712668,-275.0291507782274,150.09048454021394,45.78212553150648,392.24437237313845,154.85885022429338,62.77695736042244,46.511206410936275,-102.5244176523731,304.55162358789823,243.34036474002028,-205.95547792736969,-6.108013735556906,220.12086003153632,-487.36289878173596,362.39398648390454,170.079165809484,-303.8566100439996,272.1906486277283,-125.88214842095901,249.03188175167867
-10.567074358266323,-7.9339550180258,-19.17836762019551,-39.28514149820231,38.376742362787596,-148.08991408088775,-27.99038752384588,154.6683284500946,33.575705386374956,45.916763188967586,122.8945266010279,47.89224846949996,2.960383326018725,182.48093373989838,-7.561189451915559,85.89908359440078,18.57663877472295,67.77798838963675,-82.03396494460173,99.10452962833011,-40.379512501354135,-49.40489338246873,48.92274029138857,14.58539597102359,-71.53421759462898,-118.87063196684115,-64.72428520387925,35.15174263506401,14.922374520027644,36.218154787410214,5.829668035563408,46.901540587007005,-64.60446304133305,-71.84951532457121,41.9324366252037,-4.63817744238759,-57.27951146281898,30.592481917670078,9.613622763093225,81.15395252627854,31.91069904438894,12.904182912671992,10.490230599116337,-21.97030433091814,62.615383457829424,51.03222365980607,-43.271298399301486,-1.3702907419860964,46.16285279172917,-101.62571615052295,75.32474655960927,35.89576254366959,-63.14463417846002,56.712603330088285,-26.116950938944438,52.47449117175956
-15.760425748921943,-10.914566032852232,-27.819058379046627,-56.52605047178057,56.00867066166616,-213.13669796181512,-40.39501878804055,221.64474388145814,45.916763188967586,66.38242728574869,176.13815310243754,69.28469257909013,4.519464651468002,261.2079791894226,-10.444628606027337,122.51131465897652,26.898997540344062,97.34329127360884,-117.11647893744204,141.640141684976,-59.05853463158559,-72.40262217479673,70.67039730946078,22.08083176354433,-101.31794590742649,-169.7820793681603,-92.56709466108003,50.793857960152266,21.437441535741254,52.43407110152627,7.733369518226582,66.7733972221747,-93.57049379167822,-102.79603125049117,60.347590882425216,-7.115168701287126,-82.12394011289695,45.09069093615257,13.631533775557932,117.35396428264005,46.35817800038303,18.922120886200542,13.690900491991147,-30.725071693209376,91.12935661947635,72.55225269439163,-61.33982530552164,-1.9668502172566646,65.82267021842333,-145.62686311470898,108.28105139792622,50.651403523025714,-91.00357935578273,81.5616207360893,-37.72071455263768,74.29583497315576
-41.91274051853959,-28.8694887532885,-74.07976732570495,-150.18530099416904,148.66192248935096,-566.4574456964265,-106.63816613051313,588.6721875339284,122.8945266010279,176.13815310243754,468.63673556049355,184.24706619640372,11.90126268371295,694.4361042970025,-27.81876056109609,325.9246634133342,71.48249265448766,259.0909176556682,-311.60073863724784,376.5691347289546,-156.68310563846305,-191.75279872180408,187.89539981330896,58.26299266967424,-269.90327072421235,-451.1009465011182,-245.97730800647895,135.01017941483667,57.12778256038908,138.81905079902174,20.452545594658176,177.7850190802969,-248.64427141485442,-273.06918755822727,160.39759485943935,-18.470766516766854,-218.06872933572996,119.5323089593262,36.26299917132648,311.53004878772043,123.22269799573034,50.29155835651034,36.795560201962466,-82.08177777443059,241.46672704135779,192.9733472187844,-163.04554126315034,-5.410553649059256,175.23056798618444,-386.8812291705207,287.6638908315574,134.94644622416376,-241.8395310760595,216.93375294961152,-100.30568005605784,197.67777233928396
-16.66939620651819,-11.0156367259031,-29.295623504234644,-58.94105877352165,58.64008299985853,-222.52765758945918,-41.44052346180937,230.78167161188267,47.89224846949996,69.28469257909013,184.24706619640372,72.77158948514392,4.689017630519549,272.55130492228227,-10.954301643891727,127.88829632773924,28.098119919731776,101.99393684070708,-122.5141613761213,147.67876995945952,-61.693797157381624,-75.47528788776994,73.92668605710038,23.117190636252136,-105.90817462409707,-176.75731150900037,-96.44626214435034,53.2736235415233,22.574673249609877,54.301765114883885,7.747205020719005,69.84485830550277,-97.80761852873093,-107.0476499780251,63.09004675700222,-7.106755541538826,-85.56610027441118,47.149238167492314,14.0960430416082,122.54715555492172,48.5418166988327,19.98565743270244,14.31702193804515,-32.29634762994574,94.8955840260254,75.59933099344627,-63.74744131805352,-2.2037660037661655,68.81633724295996,-151.83707743302406,112.955759263619,52.89996308912124,-95.12472527424798,85.60409592865096,-39.54690393939152,77.34641426337116
-1.243981585397571,-0.7403710804710227,-1.8262948019014507,-3.8626560804069388,3.762035424333898,-14.792334468744617,-3.132330439759024,14.797561279432543,2.960383326018725,4.519464651468002,11.90126268371295,4.689017630519549,0.5703213663437006,17.694426251720728,-0.4292045903809174,7.799945010230301,2.1584205391972664,6.7061026499007195,-7.779911800518174,9.591166669944903,-4.074344307294382,-5.010105394640728,4.60472692068056,1.6133391630893315,-6.726594684106267,-11.315552578603986,-6.2320353373849935,3.243133799353517,1.6899363963052443,3.7465788187765616,0.5074682787396648,4.764096990668149,-6.1097059541922025,-7.0072948953033185,4.115202151146791,-0.42232866884559456,-5.368621780922845,3.3233569540533243,1.1426959029389478,7.879948599890424,3.0014416305538067,1.5021660852918122,0.65928806532652,-2.1058623144710085,6.365361139109407,4.751853689843733,-4.231609039285505,-0.6469829156407618,4.417820377912739,-10.06804654015437,7.146275568289547,3.0633820841488495,-6.208171947201967,5.373271545217383,-2.497678457984806,5.341032838503212
-61.77165135203394,-43.38420683920244,-109.3942593206266,-222.79728301746667,220.15110990992383,-840.0102507239932,-159.26257515169482,874.0740791889756,182.48093373989838,261.2079791894226,694.4361042970025,272.55130492228227,17.694426251720728,1030.1478859829222,-41.2373810551785,483.36773001919204,106.00176297250162,383.6718546927909,-461.834739029408,558.8641104167012,-232.25478560983683,-284.40107257028296,278.35502240309893,86.24443071004198,-400.2045799891457,-669.8477993839801,-365.11136830176355,199.77522255129747,84.48050622230294,206.54140269475516,30.949376222580682,263.5643633240223,-368.44076686341543,-405.4882843769089,237.6975268165298,-27.800306128816764,-323.64772690814567,177.09331389195225,54.02643231396473,461.9667792308423,182.43257114681668,74.34456852215546,54.67777990432015,-121.44788918081461,358.4577738489365,286.47192740259595,-242.42156830074595,-7.936570097763414,259.7058279459027,-574.21258539761,426.703331657294,200.15459537728617,-358.4162094855427,321.11131660757206,-148.47339925271507,293.6790390423702
2.249639836231335,1.7123818816866734,4.403208968539821,8.831566507659671,-8.803344167001947,33.157462003760394,5.9215838601600295,-35.21279033126404,-7.561189451915559,-10.444628606027337,-27.81876056109609,-10.954301643891727,-0.4292045903809174,-41.2373810551785,2.0222813561188007,-19.849116391177652,-3.881381075160954,-15.238421863467147,18.76218619021859,-22.388909129073934,9.128765299758633,11.180764619007498,-11.244576349545486,-3.3028811379720184,16.256289889685128,27.0309038864972,14.658456527354168,-8.205826100173732,-3.185648082259395,-8.021453460707571,-1.3159113659710946,-10.37892999417141,14.841468919097036,16.22650919615319,-9.478024135837353,1.0989944341804367,13.169731090069922,-6.738506883469517,-1.9173481243361667,-18.565419947449783,-7.360773722115313,-2.822658655402959,-2.6054547095443508,4.93115814822456,-14.115809078415067,-11.65755369636812,9.69731401513528,-0.15256831719892772,-10.435782487393846,22.866985962819747,-17.232237778163,-8.432215217759467,14.27524911139462,-13.137863211792848,5.998488641237174,-11.521700700328957
-28.66538603048797,-20.354821869178387,-51.46136930994672,-104.49267416345239,103.38169494916805,-393.4947204097749,-73.97375304188212,410.53256760049965,85.89908359440078,122.51131465897652,325.9246634133342,127.88829632773924,7.799945010230301,483.36773001919204,-19.849116391177652,227.77510660171893,49.10006100077817,179.82161146391792,-216.95748643934698,262.21475615772255,-108.85989038070778,-133.27563672081774,130.98321858242463,40.24360393355711,-188.0166895494087,-314.63990315556345,-171.38529290167125,94.12153037322769,39.180476322301296,96.54485403128169,14.519712359036257,123.17401455310178,-173.36419073204235,-190.15040377552359,111.48905980262847,-13.186868722153696,-152.24062561170678,82.60066049682878,24.9360970946928,216.87628293652836,85.90879663591986,34.416528244847036,26.127574368372677,-56.920326492937036,167.81901180418342,134.71587819835406,-113.54218444198645,-2.70503824850445,121.95509181066592,-269.0012360250962,200.60083136071395,94.60511943360292,-168.09909655785088,150.91425595662557,-69.79132557249416,137.16844334905284
-6.619707439285894,-4.412394097353388,-11.218098072789362,-22.96806589940988,22.638566505185928,-86.93227684854745,-16.796093891994225,89.59602129884433,18.57663877472295,26.898997540344062,71.48249265448766,28.098119919731776,2.1584205391972664,106.00176297250162,-3.881381075160954,49.10006100077817,11.352134989911761,39.68883355656584,-47.35694974554331,57.499105219320526,-24.0187098407169,-29.38392029565517,28.44640695961774,9.034910407416247,-41.0310920197753,-68.62971859729151,-37.49880123511373,20.32830108621991,9.025299299392483,21.448645772810288,3.1187842083080297,27.45955762959555,-37.65852078489935,-41.75382256316333,24.505322817597627,-2.7349048142923427,-33.01824520010856,18.592798787632795,5.83379126451497,47.46144806601536,18.62143124727733,7.977696749500139,5.272302158140294,-12.548444884510033,37.10725730374984,29.25622765588572,-25.021952701473964,-1.5178405012455876,26.68481517676038,-59.32890339451023,43.65587771678545,20.12776713623684,-36.959484135322796,32.9060503985733,-15.224680016227923,30.600725387941473
-23.352262193972905,-15.801465852947723,-41.01698322405797,-82.98675338425015,82.20003156774187,-313.2394991090294,-58.83664439216019,324.90896024423415,67.77798838963675,97.34329127360884,259.0909176556682,101.99393684070708,6.7061026499007195,383.6718546927909,-15.238421863467147,179.82161146391792,39.68883355656584,143.38777572927233,-172.19890580784138,208.0125139888839,-86.65014675945471,-105.98105128880837,103.80974222822438,32.29787810563376,-149.11679718968824,-248.9617253061663,-135.8235869825608,74.60491225591042,31.761600260140515,76.63412547256516,11.150480257375406,98.43144716568042,-137.34362654253897,-150.80458442319437,88.68665795918456,-10.038964686697557,-120.31032062653418,66.24049484946565,20.0975099160729,172.13882488787323,68.07523622522805,28.01518158934381,20.175796703581796,-45.44924193132596,133.44612496704565,106.48599407530156,-90.03204944127326,-3.334877557525592,96.83969168364015,-213.80201765434074,158.81612457078754,74.3771845083491,-133.72394075557972,119.98018860538124,-55.457302882521184,109.30451039741807
27.685091829190736,19.219611883935986,49.19061193032667,99.77865753923173,-98.74627839593485,376.3631694927011,70.73224659861121,-391.6347104047169,-82.03396494460173,-117.11647893744204,-311.60073863724784,-122.5141613761213,-7.779911800518174,-461.834739029408,18.76218619021859,-216.95748643934698,-47.35694974554331,-172.19890580784138,207.45811496198684,-250.49761753741623,103.97820218040088,127.26160061436939,-124.86965725419633,-38.59758733519743,179.73497701790095,300.1836986559566,163.6274245857843,-89.82678562650719,-37.93558975237286,-92.18484450369994,-13.766737454962225,-118.25914032808029,165.1836865275737,181.68021035239627,-106.61517071865461,12.19610275749026,145.12249463443968,-79.20640169721763,-24.014216222123284,-207.16824414184524,-81.82622353530587,-33.44249830260746,-24.850957467816542,54.72102387336221,-160.41443995085143,-128.47874481467449,108.59097295999013,3.4728899987436224,-116.53749521068106,257.35772369523676,-191.3012754715245,-89.99749433122489,160.73298692239266,-144.47279464581686,66.68472168627822,-131.5262074903808
-33.403927198370624,-23.636132559897863,-59.2095627123435,-120.85249541507676,119.31757825684359,-455.64178732764015,-86.56473226789956,474.3987009842304,99.10452962833011,141.640141684976,376.5691347289546,147.67876995945952,9.591166669944903,558.8641104167012,-22.388909129073934,262.21475615772255,57.499105219320526,208.0125139888839,-250.49761753741623,303.3095453094188,-125.96090762922002,-154.17106430437101,150.93557673157162,46.70704496875817,-217.15068458784324,-363.5636769633997,-198.12045472573138,108.2261879153123,45.7826062374567,112.14989341533915,16.96922749319319,143.00479355676484,-199.78388463275147,-220.10628881821197,128.86376616766415,-15.102228673790284,-175.5629249791307,95.99847015598621,29.38108040077461,250.5899964246241,98.86508165665187,40.35412588767152,29.742691317339833,-65.82127943509624,194.48729969810046,155.4980612638819,-131.74263556838812,-4.375785891257079,140.82194839060668,-311.61714090917036,231.44685430554358,108.62692724345894,-194.33763103145196,174.0985076360633,-80.45593199673185,159.49859698160475
14.171280379169414,9.576446018350302,24.797110179774663,50.346017046806445,-50.05616017032278,189.84835686385546,35.94306604508794,-197.20322782647162,-40.379512501354135,-59.05853463158559,-156.68310563846305,-61.693797157381624,-4.074344307294382,-232.25478560983683,9.128765299758633,-108.85989038070778,-24.0187098407169,-86.65014675945471,103.97820218040088,-125.96090762922002,52.89802394135668,64.69147593747795,-63.062578880817796,-19.857552707318813,89.85236162616796,150.87769437614767,82.27039273874817,-45.17501103183657,-19.076648704543068,-46.76343848049304,-6.747078849759654,-59.27146901140337,83.5751904924742,91.39989459938647,-53.67805676909579,6.4286657695036205,72.97703097673052,-40.42749633584142,-12.164814488598887,-104.58919513866435,-41.44681990022234,-16.948314533021072,-11.823041952464985,27.05812139198795,-81.34271752619543,-64.42471317290534,54.444833804010656,1.8252274646974835,-58.45689795786588,129.49621769907836,-96.38536704814025,-44.88600569252241,81.00336846570801,-72.51655808403979,33.60864640432125,-65.91200068446456
17.30530359237122,11.85235651879129,30.33802060507219,61.66356724701724,-61.25936465213289,232.39573728665547,44.25616838532889,-241.523236609181,-49.40489338246873,-72.40262217479673,-191.75279872180408,-75.47528788776994,-5.010105394640728,-284.40107257028296,11.180764619007498,-133.27563672081774,-29.38392029565517,-105.98105128880837,127.26160061436939,-154.17106430437101,64.69147593747795,79.33923394362553,-77.12502973147423,-24.33835067661564,109.9241847803034,184.82841979972818,100.78621400890124,-55.33601757342233,-23.30439397529601,-57.372955022486344,-8.292999648756114,-72.49899610343115,102.23398513195009,111.92690374155309,-65.75820174434334,8.004288279803866,89.47436436936903,-49.46656643879247,-14.873051636796324,-128.0323707589616,-50.69856993749259,-20.60056696815441,-14.458111115112134,33.134690749471815,-99.66549774390191,-78.87016382522253,66.60953992941762,2.0751406234917296,-71.58228214319048,158.56560973782837,-118.06108292020343,-54.91230727108477,99.1980623474526,-88.67419019138926,41.132228094978835,-80.66659151816853
-16.788068219678593,-11.513994668808925,-29.810503195642003,-60.265148171273275,59.83037659361388,-227.06358903084563,-42.52210126824806,236.2353808819267,48.92274029138857,70.67039730946078,187.89539981330896,73.92668605710038,4.60472692068056,278.35502240309893,-11.244576349545486,130.98321858242463,28.44640695961774,103.80974222822438,-124.86965725419633,150.93557673157162,-63.062578880817796,-77.12502973147423,75.65718363385982,23.485986303956587,-108.0408519828459,-180.91200020654895,-98.61595577324621,54.32628853347092,22.66927147957644,55.64200630171093,8.087333554662345,70.94802015655326,-100.17421134495085,-109.40927238955034,64.31273775443813,-7.591328921972378,-87.56258818574216,47.98459571110477,14.365704778767043,125.15669806838999,49.68720277797894,20.03070196562544,14.625396585102715,-32.64653477401045,96.94232919719495,77.39840558599221,-65.18799847936586,-1.736559904842678,70.20654692901807,-154.88930819679356,115.56933316379511,54.24272431489829,-97.01509274107963,87.04045283443499,-40.299811501260265,78.8076998728037
-5.426329389302324,-3.433820782123908,-9.290066643407231,-18.73624508424012,18.791490069005437,-70.75527865541,-13.406846797352562,73.16671585378333,14.58539597102359,22.08083176354433,58.26299266967424,23.117190636252136,1.6133391630893315,86.24443071004198,-3.3028811379720184,40.24360393355711,9.034910407416247,32.29787810563376,-38.59758733519743,46.70704496875817,-19.857552707318813,-24.33835067661564,23.485986303956587,7.628558593757411,-33.17846690235027,-55.883352535467935,-30.515764093136372,16.87367319120595,7.178814754290142,17.455838882424544,2.3645143380862264,22.02468658087974,-31.156096661249254,-33.92092539342214,20.019327026459447,-2.4161534083627183,-27.091823163629087,15.290937890283734,4.504303239019709,39.055678753001104,15.478428223247487,6.45305569112381,4.137365720652061,-9.983601010983312,30.493855073549415,23.787566056581735,-20.09559978797531,-0.7896759669562231,21.67027909137536,-48.165190859932025,35.828680248519845,16.472552657015886,-30.222457989508754,27.065127408085676,-12.55381568791176,24.373761151766395
23.85951722351892,16.815245698292937,42.504383482173125,86.42656843681293,-85.2899261978982,325.96631532894145,61.3832221444027,-339.3378820614457,-71.53421759462898,-101.31794590742649,-269.90327072421235,-105.90817462409707,-6.726594684106267,-400.2045799891457,16.256289889685128,-188.0166895494087,-41.0310920197753,-149.11679718968824,179.73497701790095,-217.15068458784324,89.85236162616796,109.9241847803034,-108.0408519828459,-33.17846690235027,155.93192647548375,260.22250993041,141.8203516299821,-77.64161722609336,-32.84894028334069,-79.84373899045204,-12.097017239441888,-102.57153326842901,142.88049105419282,157.47559984305042,-92.29542459112251,10.498874422870978,125.67832418276993,-68.39425319701986,-20.911304292222383,-179.2205728812196,-70.7254280447777,-28.875021304571504,-21.741914818524275,47.52108011876585,-138.72168142013297,-111.43511861643978,94.29277707940396,3.086261438213505,-101.01509172186452,222.99640706170013,-165.63847339251703,-78.0795670723117,139.13238557079418,-124.9650837512711,57.6635522083595,-114.23394421467616
39.76654788718173,28.538759817479438,70.8548691638587,144.84331811714137,-142.96680642598304,545.7327740423399,103.9101910099134,-569.1048361520513,-118.87063196684115,-169.7820793681603,-451.1009465011182,-176.75731150900037,-11.315552578603986,-669.8477993839801,27.0309038864972,-314.63990315556345,-68.62971859729151,-248.9617253061663,300.1836986559566,-363.5636769633997,150.87769437614767,184.82841979972818,-180.91200020654895,-55.883352535467935,260.22250993041,436.15164868644104,237.58098041322071,-129.74482306135175,-54.58655619160063,-134.54451240632693,-20.532401736853068,-171.0684567636355,239.51832013514692,263.9048604652566,-154.38149388636853,18.385467630696002,210.72473695222982,-114.80870901992874,-35.09891326471745,-300.3728530740814,-118.52630129441938,-48.02146384837315,-35.83627220489562,78.73603348276194,-233.1256304369194,-186.541456069084,157.91968280809914,4.6916035208583144,-168.746767730911,373.4351963034042,-277.61356833379625,-130.42893871688491,232.8005542198511,-208.51475072052062,96.40008022550215,-190.9851299175177
21.78163079415254,15.494594543561142,38.68645872862773,78.96437384073704,-77.9605094699406,297.60129210152166,56.60198846069079,-309.9984351007507,-64.72428520387925,-92.56709466108003,-245.97730800647895,-96.44626214435034,-6.2320353373849935,-365.11136830176355,14.658456527354168,-171.38529290167125,-37.49880123511373,-135.8235869825608,163.6274245857843,-198.12045472573138,82.27039273874817,100.78621400890124,-98.61595577324621,-30.515764093136372,141.8203516299821,237.58098041322071,129.4585484834496,-70.74713273243776,-29.839322188370186,-73.29795978246098,-11.089972140262896,-93.32812476090571,130.54936093093207,143.78670276730338,-84.19732889035845,9.955066897095644,114.78313381604694,-62.675983367090936,-19.151078059446906,-163.71547412025782,-64.61449752821254,-26.246861232302425,-19.43728411985022,42.97282243486635,-127.07167947846706,-101.60136743810664,86.008599733447,2.6867444708762136,-92.00662428192486,203.53351402847525,-151.26953948389513,-70.9963517266121,126.96256898837781,-113.6914758232901,52.56900100992485,-104.10761712323426
-12.070135227617127,-8.152181864162282,-21.51018793242594,-43.2092193680321,43.002914415683584,-162.84896647189828,-30.218209163596452,169.3740688681942,35.15174263506401,50.793857960152266,135.01017941483667,53.2736235415233,3.243133799353517,199.77522255129747,-8.205826100173732,94.12153037322769,20.32830108621991,74.60491225591042,-89.82678562650719,108.2261879153123,-45.17501103183657,-55.33601757342233,54.32628853347092,16.87367319120595,-77.64161722609336,-129.74482306135175,-70.74713273243776,39.19247359289321,16.303912357997266,39.7373253547553,5.694104000525699,50.93430538246036,-71.89037535620359,-78.42818494797038,46.23022663650989,-5.356515143771461,-62.909937704237166,34.36729698300652,10.16795605850452,89.86582042570025,35.697174130160114,14.378469186994836,10.626186055145677,-23.59344342623182,69.46202589630887,55.529316945641376,-46.6320620674228,-1.1226043326311423,50.46347945906272,-111.09982501198435,82.97570368593432,39.020851815542535,-69.69935722178445,62.73499572005667,-29.01321871660181,56.40910742018664
-5.307136868986152,-3.3739500078512576,-9.007825094713008,-18.247570906318092,18.07680895968397,-69.20833701287948,-13.08612956110911,71.24552423471607,14.922374520027644,21.437441535741254,57.12778256038908,22.574673249609877,1.6899363963052443,84.48050622230294,-3.185648082259395,39.180476322301296,9.025299299392483,31.761600260140515,-37.93558975237286,45.7826062374567,-19.076648704543068,-23.30439397529601,22.66927147957644,7.178814754290142,-32.84894028334069,-54.58655619160063,-29.839322188370186,16.303912357997266,7.2935357038997015,16.90251171317413,2.4184289285310405,21.972930082101104,-29.969109200809317,-33.219171661150504,19.5624170295612,-2.0265658081850204,-26.305253761176456,14.766599147129089,4.583580976661897,37.82905724268133,14.851880969096676,6.451516577488345,4.34492659858201,-10.160979708942355,29.442191803272745,23.305301140721188,-19.873716190140076,-1.2565935529890608,21.329128129939622,-47.287656063353246,34.76701070923901,16.11149890824372,-29.476888427619507,26.476119586373702,-12.205416387692644,24.366463856017212
-12.352113594850579,-8.945481554923564,-21.6793996138148,-44.755607265489395,44.12147696646664,-168.63877288156314,-32.82323224147452,175.7091358971996,36.218154787410214,52.43407110152627,138.81905079902174,54.301765114883885,3.7465788187765616,206.54140269475516,-8.021453460707571,96.54485403128169,21.448645772810288,76.63412547256516,-92.18484450369994,112.14989341533915,-46.76343848049304,-57.372955022486344,55.64200630171093,17.455838882424544,-79.84373899045204,-134.54451240632693,-73.29795978246098,39.7373253547553,16.90251171317413,41.992156250881855,6.434358387857908,52.74954956490825,-73.77461085625573,-81.54224785542527,47.58160376876383,-5.904183177636178,-64.92674927702373,35.757791391733214,11.063103966823155,92.69828424807204,36.46704758562506,14.90434845747107,10.616800297476898,-24.004623203950533,72.39435465313647,57.388820148040146,-48.819840884769185,-1.753280206002258,51.869293558308996,-115.4091962185825,85.55867924565491,39.79738138107119,-71.78419138074257,63.920665621333114,-29.62368160138739,59.10724341996153
-1.5601905021180014,-1.5986941864722628,-2.969460754284632,-6.637716926377725,6.310445411082648,-24.91975265870199,-5.242474948574715,26.70239816736435,5.829668035563408,7.733369518226582,20.452545594658176,7.747205020719005,0.5074682787396648,30.949376222580682,-1.3159113659710946,14.519712359036257,3.1187842083080297,11.150480257375406,-13.766737454962225,16.96922749319319,-6.747078849759654,-8.292999648756114,8.087333554662345,2.3645143380862264,-12.097017239441888,-20.532401736853068,-11.089972140262896,5.694104000525699,2.4184289285310405,6.434358387857908,1.3437301026127246,7.9003025344720434,-10.715488189463256,-12.431824810743409,6.967496228125779,-0.9491438176425961,-9.79628046541469,5.045884881279705,1.7455894537540966,13.705851403498702,5.204833650405161,2.1202805817929793,1.9026001783041382,-3.583667695256473,10.748569705981792,8.787608318018775,-7.682564202128963,-0.230852945030206,7.693958362423592,-17.450523528612116,12.749567636275145,6.111483396776344,-10.509152371812883,9.345451739477598,-4.265613213202521,9.169543047747055
-15.977844628737902,-11.00922998945441,-27.96365894148886,-56.94885488672777,56.14715466993282,-215.16187072904998,-40.796483868345554,223.0973939912583,46.901540587007005,66.7733972221747,177.7850190802969,69.84485830550277,4.764096990668149,263.5643633240223,-10.37892999417141,123.17401455310178,27.45955762959555,98.43144716568042,-118.25914032808029,143.00479355676484,-59.27146901140337,-72.49899610343115,70.94802015655326,22.02468658087974,-102.57153326842901,-171.0684567636355,-93.32812476090571,50.93430538246036,21.972930082101104,52.74954956490825,7.9003025344720434,67.93001380055085,-93.8109114411862,-103.74349634228194,60.84050327912373,-6.749283056552868,-82.47525142037318,45.40199616976825,14.022353901298668,117.98417124123004,46.39605124152915,19.38829074045829,13.994142343877456,-31.385614290808103,91.5803085549181,73.16760764696049,-62.20395241591178,-2.757047445262047,66.4828092832843,-147.12083914894072,108.81419717781722,50.96543357835485,-91.728479183269,82.23633640721512,-37.92003716742731,75.6244715097977
22.22216330565366,15.265434521420229,39.43442607921314,79.79998197561684,-79.2610192013187,300.59598914980546,56.42532233155575,-312.8413254582154,-64.60446304133305,-93.57049379167822,-248.64427141485442,-97.80761852873093,-6.1097059541922025,-368.44076686341543,14.841468919097036,-173.36419073204235,-37.65852078489935,-137.34362654253897,165.1836865275737,-199.78388463275147,83.5751904924742,102.23398513195009,-100.17421134495085,-31.156096661249254,142.88049105419282,239.51832013514692,130.54936093093207,-71.89037535620359,-29.969109200809317,-73.77461085625573,-10.715488189463256,-93.8109114411862,132.68422601121387,144.84895616727783,-85.12121683463347,10.16715307646549,115.9548377929229,-63.59476645911896,-19.02996586994217,-165.73135933076472,-65.82500097828404,-26.476295588051926,-19.251529537921982,43.088465382616135,-128.46360366048555,-102.43359445033853,86.25565441217117,2.2345552800230744,-92.88887692623702,205.038649739868,-153.039541675651,-71.744276444098,128.41130385015683,-115.12995412731128,53.34837778902893,-104.25435440643234
24.18479886391219,17.224567670728668,42.84986603873339,87.68135185086176,-86.54594604360449,330.57646840948865,63.077915089827,-344.3917545675037,-71.84951532457121,-102.79603125049117,-273.06918755822727,-107.0476499780251,-7.0072948953033185,-405.4882843769089,16.22650919615319,-190.15040377552359,-41.75382256316333,-150.80458442319437,181.68021035239627,-220.10628881821197,91.39989459938647,111.92690374155309,-109.40927238955034,-33.92092539342214,157.47559984305042,263.9048604652566,143.78670276730338,-78.42818494797038,-33.219171661150504,-81.54224785542527,-12.431824810743409,-103.74349634228194,144.84895616727783,159.80628301935423,-93.46391327763833,11.043831660597995,127.42645996210652,-69.6771471782712,-21.372844960616494,-181.8454054022269,-71.65625452581872,-29.29618369366971,-21.561318773016243,47.687754685372624,-141.2653614023427,-112.8290544817315,95.68923498251044,3.2198394457192387,-102.10670670185569,226.2369254902768,-167.92403995099755,-78.74509153759013,140.95187887816533,-126.23467899001749,58.329234046237886,-115.82789547944785
-14.386566351649682,-9.890791154468005,-25.37166955667267,-51.43006118250298,50.92602085837653,-193.96859920837392,-36.60250993911726,201.4816416524905,41.9324366252037,60.347590882425216,160.39759485943935,63.09004675700222,4.115202151146791,237.6975268165298,-9.478024135837353,111.48905980262847,24.505322817597627,88.68665795918456,-106.61517071865461,128.86376616766415,-53.67805676909579,-65.75820174434334,64.31273775443813,20.019327026459447,-92.29542459112251,-154.38149388636853,-84.19732889035845,46.23022663650989,19.5624170295612,47.58160376876383,6.967496228125779,60.84050327912373,-85.12121683463347,-93.46391327763833,54.93188673815385,-6.368652453719177,-74.65407534747973,40.994166278659314,12.415981530727551,106.675254545242,42.18707428529091,17.21683498215504,12.495760337327647,-28.06660154578326,82.75063252822484,66.00677730338988,-55.76686211104663,-1.8563917515081683,59.966338137490446,-132.43848230992285,98.47674899196987,46.10988970647478,-82.8228901643143,74.23052758282648,-34.33949971449246,67.63267597587314
1.5380797304981715,1.367915109078344,2.8536235827099143,6.091018089527635,-6.025977448549161,22.607248816686422,4.705688384983003,-24.114747638712668,-4.63817744238759,-7.115168701287126,-18.470766516766854,-7.106755541538826,-0.42232866884559456,-27.800306128816764,1.0989944341804367,-13.186868722153696,-2.7349048142923427,-10.038964686697557,12.19610275749026,-15.102228673790284,6.4286657695036205,8.004288279803866,-7.591328921972378,-2.4161534083627183,10.498874422870978,18.385467630696002,9.955066897095644,-5.356515143771461,-2.0265658081850204,-5.904183177636178,-0.9491438176425961,-6.749283056552868,10.16715307646549,11.043831660597995,-6.368652453719177,1.1442559853777678,8.96414695008188,-4.821051482741959,-1.4392954929439359,-12.60288113763705,-5.0390556503522035,-1.7365365947260158,-1.3103559758591157,2.931088088966572,-9.977638445637702,-7.786053738203308,6.513393099555662,-0.1931257843400499,-6.902631356821587,15.472469454747962,-11.741107002068771,-5.397234794276444,9.621095487063897,-8.364564887377604,3.9749919106422325,-7.718959867916292
19.22397499451404,13.695043123922558,34.35205258956052,69.98934635163282,-69.2577339628452,263.59827083234705,49.97944965198399,-275.0291507782274,-57.27951146281898,-82.12394011289695,-218.06872933572996,-85.56610027441118,-5.368621780922845,-323.64772690814567,13.169731090069922,-152.24062561170678,-33.01824520010856,-120.31032062653418,145.12249463443968,-175.5629249791307,72.97703097673052,89.47436436936903,-87.56258818574216,-27.091823163629087,125.67832418276993,210.72473695222982,114.78313381604694,-62.909937704237166,-26.305253761176456,-64.92674927702373,-9.79628046541469,-82.47525142037318,115.9548377929229,127.42645996210652,-74.65407534747973,8.96414695008188,101.97263553332938,-55.48102596469653,-16.79743285015226,-145.28039435548624,-57.44976196910404,-23.10557515907965,-17.31521275514627,38.010529470691466,-112.67643176157789,-90.11965540721589,76.067715679330135,1.9519998599395287,-81.5713721691892,180.31851692507635,-134.30452146429,-63.11025503482017,112.55291277829897,-100.91971399856119,46.69629061322843,-91.95742846221538
