V1,V2,V3,V4,V5,V6,V7,V8,V9,V10,V11,V12,V13,V14,V15,V16,V17,V18,V19,V20,V21,V22,V23,V24,V25,V26,V27,V28,V29,V30,V31,V32,V33,V34,V35,V36,V37,V38,V39,V40,V41,V42,V43,V44,V45,V46,V47,V48,V49,V50,V51,V52,V53,V54,V55,V56
0.6532013425159778,-0.13306190230518272,0.3263752222573042,0.8161316530029828,-2.4836220938713853,1.2904365153856086,1.9174504573977962,-2.216998615139674,5.406695996150835,-1.081994329163699,1.0525682409840782,0.0026232788825597234,-0.13529121359831534,0.8119265228550504,-0.964529306261547,0.17051610482705706,0.15761449375358277,0.999691456470011,-2.382356272935777,0.8511989171532459,3.191087494621605,4.474946607604327,-1.7303664797400653,-2.491232419974828,-3.7796497936327516,0.03901291757114449,-0.06539929635284349,-0.6256817284940336,1.1392139092537843,-2.3005613466298365,0.9172469402892611,2.9037751556335687,3.4165976039395627,-0.1972768549314311,-0.19697046392428724,2.81022855154542,1.079654805511839,-2.5686028933190315,0.3648983582385598,-2.3667721796652152,-2.173100624486984,0.7576955671817798,3.457586872951798,-3.2521805688730376,-3.695931906912543,0.9124135698615861,-1.9258552622829537,-2.202806651351885,1.0165894046818174,-0.6678332536050732,-1.8076909383981237,1.4380026386179459,0.5910583480537337,1.1346869567114424,0.5556255764033261,3.1319633113043817
-0.13306190230518272,1.1780132485922246,0.3293584897093698,0.31367594333902776,1.5679171671191716,0.7065413936241803,-0.2540554108923522,1.9210286903628653,0.7340933603313993,-0.14259017617441824,1.0244791740159882,0.6165093405423978,0.37383261274422375,0.5667991886472104,0.2111625917761893,0.3073271665973519,0.3974753801627789,0.14649266332629743,-0.12377675094916721,-0.7041091931823474,-0.5380776332527528,-0.9456024802429244,-0.701131167857378,0.16495398530308245,0.2762052366833869,-0.24868712983035335,0.13665543072343245,-0.06981942570679296,1.6193636852224171,0.6042568732607182,-0.08290551930898102,-0.9575240058528658,0.02172023790576381,-0.1277907545900159,0.12672986209198264,-0.8483317624237068,-1.6749988600190302,0.5348759907049276,0.34155010720108236,-0.12577473464001668,1.2888019695093433,-0.44763819444903863,0.42658830517377866,-0.07923460884570885,0.6639603930395009,-0.41448476182324706,2.1778418349641258,0.4653147342330481,0.6456098632181494,-1.350458617674282,1.2027200674566318,-0.5447704313163194,0.7142406100422277,0.4064262687145017,-1.331184907498726,-0.41891625137863375
0.3263752222573042,0.3293584897093698,0.29932335847265384,0.5728458222762112,-0.8758460094909648,0.9780125121014923,1.0051003625737756,-0.6023456017971669,3.3328050693681828,-0.6656758368052407,0.9519057589278332,0.2133669955913619,0.051500518128344774,0.6574417548565684,-0.4768012556805936,0.20272373523331993,0.2265944203606915,0.6199604777773734,-1.39975216219003,0.24302847497003735,1.6328346161173082,2.2245230131216007,-1.2268735831380726,-1.3626528234427324,-2.0584391913400912,-0.06329467517960588,0.00977344580296397,-0.3807308607147673,1.2059556739535864,-1.102855927995311,0.49418727182627714,1.32519485481441,1.9539038330080307,-0.1564523001305984,-0.06878119540630268,1.3094515880270963,0.03934139598457658,-1.2793718983939915,0.32551687511698485,-1.3916407248202134,-0.7948858801960388,0.2780053584802937,2.1165225914773025,-1.8799354909506514,-1.8773105374715902,0.3773487654870127,-0.3485895619003882,-1.0953685084938252,0.8010779014356709,-0.8449883406265692,-0.616410299166067,0.6319255870447622,0.5824756877727225,0.786167955255993,-0.14113658513856173,1.640554981771473
0.8161316530029828,0.31367594333902776,0.5728458222762112,1.2198520204665757,-2.6602469125336503,2.0166330650407627,2.452567263174589,-2.157251157352334,7.520824343345664,-1.50318573899155,1.8318135957079684,0.26064825876619735,-0.02459478164329803,1.3198536459005046,-1.1990039194667732,0.3556818085515512,0.37608853593107866,1.3950646890285048,-3.230650055081558,0.8421133287067463,4.033856152234473,5.576896113513918,-2.601476793999713,-3.2554700958711558,-4.92832631824716,-0.05166059552753861,-0.03030264972746413,-0.8639599030772492,2.1955275013472355,-2.8178271659807357,1.189365794276807,3.4754461764425484,4.568253554371789,-0.31651647165194263,-0.2099216547006212,3.396113316197314,0.7420477479126799,-3.2044826796350496,0.6293295699614713,-3.2106993098932337,-2.3623205310390394,0.8242856679017405,4.7916979701746385,-4.372823498634934,-4.654921489625294,1.0446253086436685,-1.661493599631899,-2.745266226334004,1.625828845051308,-1.454363713803635,-1.9105618739902548,1.691622042405551,1.0865281281188086,1.6836022720336983,0.1862410115417744,4.00453774883845
-2.4836220938713853,1.5679171671191716,-0.8758460094909648,-2.6602469125336503,10.42358086246807,-4.011630311458972,-7.164954860140534,9.785533013098593,-18.863763360509186,3.779477021784374,-2.858632690031766,0.5597476415822776,0.8340101919516849,-2.4112571611491607,3.6807891997417936,-0.33251670404758665,-0.20299557549383143,-3.4780480323457907,8.49604951076412,-3.726736998981945,-12.029626430993845,-17.04684622705673,5.606672547577833,9.156344437645757,13.915723787023477,-0.37055973677271403,0.36237596881150635,2.1974309206647966,-2.6229335945841767,8.872534151005778,-3.391901030844239,-11.378936858495646,-12.328134724637927,0.5952693457340696,0.8291845748292954,-10.940144921844027,-5.448577669967773,9.777081882320921,-1.003927268580297,8.437969684972503,9.043580729134591,-3.1522281113156336,-12.102849424726678,11.680741055927541,13.970846036876276,-3.6803805548406934,8.971147066482382,8.3917444407441,-3.078127735651034,1.167505482355098,7.643720158225486,-5.700174912589783,-1.4773128691492108,-3.725932069589455,-3.23690331486802,-11.706811975581012
1.2904365153856086,0.7065413936241803,0.9780125121014923,2.0166330650407627,-4.011630311458972,3.366442262598652,3.9025033774382574,-3.142052971792767,12.227625192061518,-2.4427050640289747,3.1234238742092693,0.5254323530948561,0.024567207923337837,2.2211615720655655,-1.893278294990116,0.6251748276832556,0.673151597041678,2.2698241257958136,-5.219881467765758,1.2337728394537826,6.399066070910873,8.81105026136796,-4.306575725607051,-5.209935205057363,-7.882629229574777,-0.12580835078050678,-0.025450235597528847,-1.4016170164882562,3.8105178957123007,-4.430516709990578,1.8993417903141387,5.427895238371646,7.354869839414775,-0.5309940857650297,-0.31568099116188225,5.318866736325544,0.9061510412944773,-5.064792331244613,1.070884624899927,-5.1880206521671495,-3.580218795619299,1.2489318993834038,7.783576543034526,-7.050341439223364,-7.376377183449776,1.6096502931457095,-2.2992704429333934,-4.336747287581561,2.7271402398638696,-2.5716798484138974,-2.8677500647293064,2.6284605219299046,1.8705362120244764,2.778831425794535,0.07119482963472387,6.371362976890624
1.9174504573977962,-0.2540554108923522,1.0051003625737756,2.452567263174589,-7.164954860140534,3.9025033774382574,5.645565966363083,-6.33376724634295,16.088356016833714,-3.219770768341412,3.236239417676915,0.0804446706800663,-0.35634901789700896,2.4697198397502222,-2.829521628274372,0.5410679366951779,0.5135573317581984,2.9761286486455654,-7.065216453495511,2.4364619101758134,9.379977063273605,13.132764985231619,-5.2035688202995125,-7.353654999791357,-11.153710648429618,0.08612308176450145,-0.17719027568535475,-1.8605412312985632,3.5631150767483795,-6.73738017106475,2.7050705744786363,8.48079739457845,10.1135746698751,-0.5991618562996047,-0.5684112157258867,8.217126470188068,2.997857112251625,-7.538513801901667,1.1206370426518257,-7.019291860672143,-6.278781819410719,2.1902568682803176,10.28340053964282,-9.633863604660167,-10.859903228060015,2.651555281048923,-5.442829634865958,-6.465142177718242,3.0847001601508888,-2.136278878446332,-5.2079409399373775,4.1917036188935395,1.8341296722020395,3.4063795983823737,1.4870803334250051,9.22006495216711
-2.216998615139674,1.9210286903628653,-0.6023456017971669,-2.157251157352334,9.785533013098593,-3.142052971792767,-6.33376724634295,9.400793764560797,-16.007187919762703,3.208980664616968,-1.9906756886958177,0.7789495295075031,0.9013278927864863,-1.8208256082540133,3.2924136099462333,-0.14199260478647305,0.013518270170619035,-2.946012795099745,7.3082070641674735,-3.566716654476939,-10.687738949175307,-15.231844286886087,4.527658642560482,8.018108128212004,12.198047376001679,-0.439830698372252,0.37940413782796006,1.8717937213710985,-1.5026808764275534,7.981475310112553,-2.980501983834422,-10.322977246427127,-10.679731701742972,0.4551120124555124,0.7791673762576093,-9.890428976553276,-5.5223657566499424,8.732849577369139,-0.7075305180674765,7.256800094269834,8.45596999067534,-2.946270276008554,-10.291334279515398,10.09104102538587,12.430743963766508,-3.3887220462275183,8.816356027670928,7.4978024331610635,-2.3616135721894382,0.3687088732929469,7.200944901478711,-5.202266503180003,-0.940464173992624,-3.037198829907375,-3.440990964802669,-10.350432005349964
5.406695996150835,0.7340933603313993,3.3328050693681828,7.520824343345664,-18.863763360509186,12.227625192061518,16.088356016833714,-16.007187919762703,47.68048863119631,-9.534534118003048,10.688588229049802,1.0060837564988312,-0.5672984722953769,7.888678638535728,-7.960234719747583,1.9568097336480883,1.9899177794214107,8.833155894663232,-20.691048748997698,6.198724265277952,26.592573426455164,36.985654794123136,-16.0037894082112,-21.1668574176231,-32.07260476250111,-0.06111049964598734,-0.3447432285544762,-5.493349092714115,12.382881983559187,-18.82587176079472,7.757994459604012,23.451586252067603,29.425527376014184,-1.9007692119240236,-1.4919245050688998,22.820778415319896,6.61526386383598,-21.24255509569474,3.6836300993390307,-20.560296991920872,-16.637961334234344,5.803398046248279,30.423307010646834,-28.10275469967536,-30.73402189058724,7.187445088869413,-13.092351788786518,-18.20643967344397,9.77494031265332,-7.899019783423983,-13.631634037178346,11.500745888354363,6.223431575238707,10.408948782325497,2.656209173079189,26.273541244008157
-1.081994329163699,-0.14259017617441824,-0.6656758368052407,-1.50318573899155,3.779477021784374,-2.4427050640289747,-3.219770768341412,3.208980664616968,-9.534534118003048,1.9073870250038858,-2.133786577755497,-0.19843162754958393,0.11504972488043813,-1.5754324568321927,1.5928892429966155,-0.39011256942672223,-0.3966665115680979,-1.766437508109205,4.1379972870337864,-1.2434143552245265,-5.320631147614811,-7.402671442847232,3.1979306248534964,4.234816452310098,6.416733010265719,0.011195934593639741,0.06929331276864764,1.0992974859052715,-2.4705522999249436,3.768146952403418,-1.5524683861488948,-4.694974187332844,-5.885172827455745,0.3800047339050017,0.2994708639302204,-4.5685799790627835,-1.3306775000737758,4.25093233095458,-0.7359333443240142,4.111914654310168,3.3329722030392466,-1.1635301058724579,-6.083701956269541,5.620324495167711,6.150256321913396,-1.4395794037980556,2.628398410032865,3.644755986290723,-1.952286807130982,1.5748557443740023,2.731760129291381,-2.302819262136362,-1.2424803399186584,-2.0804752067521024,-0.5367783831763465,-5.2576735738036975
1.0525682409840782,1.0244791740159882,0.9519057589278332,1.8318135957079684,-2.858632690031766,3.1234238742092693,3.236239417676915,-1.9906756886958177,10.688588229049802,-2.133786577755497,3.030167731212825,0.6688783428731747,0.15493253477877894,2.096920370417099,-1.5385570992580848,0.6430915076424746,0.7164070977327145,1.987793257901475,-4.49492190678516,0.7996610020513725,5.263205898646113,7.173672542252642,-3.923151253406441,-4.382999691294995,-6.621931438081231,-0.19637701388246145,0.027256195144870765,-1.220099791822234,3.829192954147766,-3.561007586072052,1.5897311689614506,4.284895272185676,6.278771751318322,-0.49854501775564125,-0.22374229045024288,4.2310204419494335,0.17244997523546737,-4.126687532074873,1.0354739725234055,-4.468512658905818,-2.5908255163257885,0.9044857289088493,6.789283006029262,-6.039687140065696,-6.051339916207865,1.2238980888358795,-1.1800947671432895,-3.5309415991942736,2.5565488880887632,-2.6765945929111106,-2.014188258280906,2.0458421778346296,1.8507756162638411,2.5148824913115484,-0.4162561486691985,5.282329093676834
0.0026232788825597234,0.6165093405423978,0.2133669955913619,0.26064825876619735,0.5597476415822776,0.5254323530948561,0.0804446706800663,0.7789495295075031,1.0060837564988312,-0.19843162754958393,0.6688783428731747,0.33129080341511447,0.1852533573238116,0.39618617023832886,0.0038464760554793027,0.18425766926234133,0.23087909455182481,0.19169507749346376,-0.3364484239788845,-0.2818297163268899,0.07335689318004539,-9.895292311154953e-4,-0.5724144426567732,-0.1935092977409942,-0.27974214170163614,-0.12900062466942616,0.06574329768136085,-0.10771573829136617,0.9975976321014302,0.063587829074735,0.05915075473350276,-0.18492390854796179,0.39907937196575244,-0.09064234384337347,0.04608509898370893,-0.1370941532839838,-0.7768099147353874,-0.0042312342144520025,0.2241631253568022,-0.3356710347028127,0.4450697360556645,-0.15500457312520183,0.6205095038022005,-0.41135702900744636,-0.062477144088624474,-0.11918004719088802,0.9508101698948558,9.997746529810331e-4,0.4617580373957776,-0.7998552196975974,0.44063782362932563,-0.12947729719340673,0.4497109187312656,0.3465351908180475,-0.6512716183583057,0.1295309452514041
-0.13529121359831534,0.37383261274422375,0.051500518128344774,-0.02459478164329803,0.8340101919516849,0.024567207923337837,-0.35634901789700896,0.9013278927864863,-0.5672984722953769,0.11504972488043813,0.15493253477877894,0.1852533573238116,0.1323332306863194,0.05233862961513561,0.2041793427176979,0.06757326140460906,0.09667532696496876,-0.10169811792874432,0.31003094650107677,-0.33621394421951434,-0.6269881299830885,-0.9372769389510242,0.04103344037525328,0.41292064564944275,0.6342706305992576,-0.08056907846566795,0.050597531565003157,0.07034982345538217,0.32137078084675286,0.5173789305591308,-0.1587423990738445,-0.7115777754278789,-0.49131826964454794,-0.009656856514433858,0.06701387159772729,-0.665190758347576,-0.6617900261176636,0.5354411328139835,0.04953988772396748,0.30711321187440993,0.7046545776520622,-0.24543893175485043,-0.3756952954749209,0.4500998359810828,0.7387356510799221,-0.25786947945234795,0.9365280772297604,0.46142944926587215,0.04622577967727175,-0.30914609489955824,0.6256193468257484,-0.373753701978622,0.12869403894179585,-0.04316218070735411,-0.4817238880086105,-0.58277574131015
0.8119265228550504,0.5667991886472104,0.6574417548565684,1.3198536459005046,-2.4112571611491607,2.2211615720655655,2.4697198397502222,-1.8208256082540133,7.888678638535728,-1.5754324568321927,2.096920370417099,0.39618617023832886,0.05233862961513561,1.4754351840843474,-1.1896449689287554,0.4296189564720518,0.46926037425284967,1.4653605922772577,-3.3490620701056475,0.7198185125989665,4.0382614979225,5.540160746360844,-2.8217994539559097,-3.314450605733801,-5.012154670852053,-0.10476766365783938,-0.0029421678310620376,-0.9028477464904224,2.5943975769232934,-2.773162438533575,1.2061063429109398,3.3763405852542796,4.704104840782337,-0.35196228916465483,-0.18935902740097718,3.31723203627461,0.41541573881272126,-3.1855050633142863,0.7180167221120796,-3.328955150878623,-2.1628007695411506,0.7545715305398148,5.0175788056044075,-4.514972559886391,-4.650593338680847,0.9884410102079147,-1.2568500562940745,-2.7268852925751488,1.8065801858049928,-1.776154006899812,-1.715682943364963,1.6269488646976291,1.2656045156202251,1.8161258166662282,-0.08466155458768679,4.032171913707993
-0.964529306261547,0.2111625917761893,-0.4768012556805936,-1.1990039194667732,3.6807891997417936,-1.893278294990116,-2.829521628274372,3.2924136099462333,-7.960234719747583,1.5928892429966155,-1.5385570992580848,0.0038464760554793027,0.2041793427176979,-1.1896449689287554,1.4244966979518652,-0.2475176108074902,-0.227193515056065,-1.4716764518173557,3.510156414963174,-1.2634411618897672,-4.710720368143043,-6.607983941416805,2.541766130425815,3.67416877486826,5.574734861417715,-0.06066643797698572,0.09817249682854587,0.9211647497148429,-1.6586305766108744,3.3987717488295215,-1.3529925446969997,-4.292292911454186,-5.035956348216225,0.28907153901240895,0.29181941080086643,-4.1530024209660175,-1.6124965896986345,3.793041626770369,-0.533387912864273,3.4870999301133194,3.219562013314036,-1.122315123414274,-5.091175014046586,4.79292486437028,5.456332952149822,-1.3501241809308198,2.8661433116215966,3.252566714078044,-1.4903761855497224,0.9671682971888687,2.67975028667957,-2.1265525772033134,-0.8620546542181048,-1.6674300170379952,-0.8358402442003919,-4.621691628815539
0.17051610482705706,0.3073271665973519,0.20272373523331993,0.3556818085515512,-0.33251670404758665,0.6251748276832556,0.5410679366951779,-0.14199260478647305,1.9568097336480883,-0.39011256942672223,0.6430915076424746,0.18425766926234133,0.06757326140460906,0.4296189564720518,-0.2475176108074902,0.1463410919375829,0.16869364819940144,0.36497629465147036,-0.8030024412879386,0.06418838217203884,0.8663831372779562,1.1576956419336373,-0.7649000632442392,-0.7520092688840228,-1.133255394905937,-0.061380682449392765,0.019552805561666997,-0.22166714044224636,0.8476461751355485,-0.5602271021825103,0.27018215294289083,0.6489827450594674,1.1051909352177132,-0.10129614353705738,-0.025519620181196804,0.6513759979493436,-0.15099207275041499,-0.6670945821892114,0.21866935688314784,-0.7984800730849964,-0.31565759960901474,0.11029724830289667,1.2387257437996873,-1.0695170195175085,-0.9911722913967939,0.1701403760795644,0.028428521978328396,-0.5695863754124755,0.5189394226118815,-0.616058986287984,-0.22363471782497707,0.3005078222044819,0.4022583610463781,0.4857708071903412,-0.21713267347864154,0.8823116559778102
0.15761449375358277,0.3974753801627789,0.2265944203606915,0.37608853593107866,-0.20299557549383143,0.673151597041678,0.5135573317581984,0.013518270170619035,1.9899177794214107,-0.3966665115680979,0.7164070977327145,0.23087909455182481,0.09667532696496876,0.46926037425284967,-0.227193515056065,0.16869364819940144,0.198497654490746,0.3719549924107305,-0.8022042637960866,0.0074002917636516894,0.8118373707773348,1.0672638062533244,-0.8109148044947325,-0.7290633036385042,-1.0964194508037048,-0.08045860975376551,0.030253176588878553,-0.22477509113250374,0.9660681553539731,-0.5044733466022421,0.26022223665813626,0.5642260736098941,1.0924669557282916,-0.11038289810226166,-0.015249262392346604,0.5752354049302228,-0.2824921235071192,-0.6154582201369586,0.24341262579258469,-0.7980985804917424,-0.20864589993332258,0.07348097006332345,1.2564895612041758,-1.061656434856308,-0.9250559805884854,0.13485088943471454,0.20159149415098093,-0.5256267148215811,0.5635741593037406,-0.7161427835444416,-0.12482549637955553,0.25294314317296634,0.45422582917163273,0.5117310144719271,-0.32050774748501665,0.8377846114199323
0.999691456470011,0.14649266332629743,0.6199604777773734,1.3950646890285048,-3.4780480323457907,2.2698241257958136,2.9761286486455654,-2.946012795099745,8.833155894663232,-1.766437508109205,1.987793257901475,0.19169507749346376,-0.10169811792874432,1.4653605922772577,-1.4716764518173557,0.36497629465147036,0.3719549924107305,1.6365287093971013,-3.83138003906539,1.1413363521004394,4.917874713886951,6.838463130367533,-2.968789223059758,-3.916963530657576,-5.934846069265408,-0.013518788028046944,-0.06255992319570501,-1.0176740351481006,2.3067855825516137,-3.4796619921590257,1.435467721096748,4.332836963611136,5.447321360878601,-0.35305823043070994,-0.27514477585691427,4.217078824871618,1.2097980966567827,-3.927590106941444,0.685037139742146,-3.8072005830279396,-3.0684702104163724,1.0704857253183637,5.635745061182219,-5.20296540929534,-5.683543366219573,1.3268775063146356,-2.4043598227230705,-3.3664064891637704,1.8152295288973037,-1.4743499457310891,-2.512794104484638,2.1241855129224363,1.1585334327695995,1.9305406228756663,0.4798588013189944,4.8601019764630164
-2.382356272935777,-0.12377675094916721,-1.39975216219003,-3.230650055081558,8.49604951076412,-5.219881467765758,-7.065216453495511,7.3082070641674735,-20.691048748997698,4.1379972870337864,-4.49492190678516,-0.3364484239788845,0.31003094650107677,-3.3490620701056475,3.510156414963174,-0.8030024412879386,-0.8022042637960866,-3.83138003906539,9.01155315752758,-2.82313231722241,-11.698243809914766,-16.302595050514785,6.869108061226853,9.267253017391543,14.046413620265406,-0.014822703209743111,0.17334325847802493,2.386033861847012,-5.135133690482353,8.318765415508828,-3.4002387483268137,-10.396797714067722,-12.841397524744616,0.8082789746840363,0.672235499482059,-10.103192184595894,-3.1669436366368227,9.362197118125254,-1.5508047103494185,8.954069220171519,7.477905071150096,-2.6077058077650084,-13.209304232821683,12.254445537568408,13.526897287222347,-3.206569898257029,6.078175383744656,8.024731799073663,-4.159374837580219,3.222636521102888,6.151081262031972,-5.111217290076967,-2.5973356414037028,-4.475959518403789,-1.3815438297764009,-11.538615243020113
0.8511989171532459,-0.7041091931823474,0.24302847497003735,0.8421133287067463,-3.726736998981945,1.2337728394537826,2.4364619101758134,-3.566716654476939,6.198724265277952,-1.2434143552245265,0.7996610020513725,-0.2818297163268899,-0.33621394421951434,0.7198185125989665,-1.2634411618897672,0.06418838217203884,0.0074002917636516894,1.1413363521004394,-2.82313231722241,1.3550595927181375,4.105955825986787,5.848237358469967,-1.7681081435013695,-3.0886508322586383,-4.697914322220688,0.1620028714701068,-0.14190740651323575,-0.7252436784426799,0.6301513737472995,-3.0606576827416605,1.1477550453327447,3.953321539193275,4.12039905415899,-0.17993434123069008,-0.29730629886807375,3.7900487281396003,2.079525753501519,-3.352338411551704,0.28414960330880507,-2.8034876496015615,-3.2222432937813976,1.1238817306558586,3.983704281002104,-3.894984831448434,-4.77533213003632,1.294838358214065,-3.3349583931678564,-2.879673456605769,0.9307344141596048,-0.18446288657179535,-2.741243260533902,1.9903975156706224,0.3855648263160881,1.1844085758307097,1.2864718919486615,3.981097275922211
3.191087494621605,-0.5380776332527528,1.6328346161173082,4.033856152234473,-12.029626430993845,6.399066070910873,9.379977063273605,-10.687738949175307,26.592573426455164,-5.320631147614811,5.263205898646113,0.07335689318004539,-0.6269881299830885,4.0382614979225,-4.710720368143043,0.8663831372779562,0.8118373707773348,4.917874713886951,-11.698243809914766,4.105955825986787,15.601052620717766,21.857504571393253,-8.556739206148539,-12.203698456253464,-18.512754629938833,0.16705750581382198,-0.30764191980961575,-3.075313516437908,5.746179295857679,-11.225608215717779,4.490921772496076,14.149993264483388,16.76187601757775,-0.9799225649531219,-0.9533290285628464,13.701541344408923,5.131723031253715,-12.547497868341049,1.82290417503083,-11.621988251572681,-10.533884852216312,3.6721830348944025,17.001858381370354,-15.960950637260414,-18.06444685326919,4.4348638221280625,-9.233307744388684,-10.758917985443441,5.049960649638953,-3.407608769866055,-8.749454698783094,7.000256872654275,2.968592967061808,5.60548548097,2.5953506464229466,15.321605747937802
4.474946607604327,-0.9456024802429244,2.2245230131216007,5.576896113513918,-17.04684622705673,8.81105026136796,13.132764985231619,-15.231844286886087,36.985654794123136,-7.402671442847232,7.173672542252642,-9.895292311154953e-4,-0.9372769389510242,5.540160746360844,-6.607983941416805,1.1576956419336373,1.0672638062533244,6.838463130367533,-16.302595050514785,5.848237358469967,21.857504571393253,30.659262058828357,-11.822441316637365,-17.057105343614612,-25.87939278237625,0.27455480138632155,-0.4514952465758131,-4.281536069036095,7.7492600982719075,-15.764936361158046,6.281249411025949,19.904724556677493,23.384496289936386,-1.34688648954139,-1.3526654180825881,19.261342225059426,7.441205839484694,-17.59714296156668,2.4880358323143152,-16.19603169177329,-14.912847542184618,5.200826245012744,23.653439667714927,-22.257262213256126,-25.317641128073216,6.257958238780756,-13.248492277492401,-15.093159779704324,6.938473764356466,-4.531000782063003,-12.409688476125309,9.859269917200935,4.024797577778539,7.75444933506948,3.8432803442280665,21.450961140433133
-1.7303664797400653,-0.701131167857378,-1.2268735831380726,-2.601476793999713,5.606672547577833,-4.306575725607051,-5.2035688202995125,4.527658642560482,-16.0037894082112,3.1979306248534964,-3.923151253406441,-0.5724144426567732,0.04103344037525328,-2.8217994539559097,2.541766130425815,-0.7649000632442392,-0.8109148044947325,-2.968789223059758,6.869108061226853,-1.7681081435013695,-8.556739206148539,-11.822441316637365,5.549495422418184,6.912933542046076,10.464479732676457,0.11720817458230116,0.060522228651250745,1.8375020513196287,-4.71361223842296,5.9699315327496,-2.524770260286872,-7.35694954432566,-9.70897218296506,0.6762056439534038,0.44190440709104784,-7.191358224461116,-1.5265932972351668,6.79396554391971,-1.3471888772634872,6.826791173258373,4.982009470147004,-1.7376659693328493,-10.19523034569476,9.29531436139241,9.872156406773936,-2.2073608574199093,3.465467711585125,5.8192278963732145,-3.4744105683032545,3.1305684597275687,4.024158546586771,-3.578364193871734,-2.329741720588169,-3.5896821009175164,-0.35617491437139776,-8.497035293136525
-2.491232419974828,0.16495398530308245,-1.3626528234427324,-3.2554700958711558,9.156344437645757,-5.209935205057363,-7.353654999791357,8.018108128212004,-21.1668574176231,4.234816452310098,-4.382999691294995,-0.1935092977409942,0.41292064564944275,-3.314450605733801,3.67416877486826,-0.7520092688840228,-0.7290633036385042,-3.916963530657576,9.267253017391543,-3.0886508322586383,-12.203698456253464,-17.057105343614612,6.912933542046076,9.603311146137251,14.56221983768277,-0.07716937847768464,0.21268995057395088,2.4452143549971153,-4.895830832473799,8.733753508467142,-3.5293234836667406,-10.965945241240243,-13.244101293553301,0.8024738354803815,0.7255746643999349,-10.635986929277255,-3.6849447602538383,9.79287747010797,-1.5155921248692688,9.207535945833976,8.036253282004095,-2.802745499016973,-13.52340635183024,12.624112838892845,14.12239375594123,-3.411877239225097,6.813988581678825,8.396724355901748,-4.13081964226074,2.989481659423986,6.646171969677424,-5.409462255975464,-2.502701362354464,-4.517271619707783,-1.7567424906664049,-12.010449057158581
-3.7796497936327516,0.2762052366833869,-2.0584391913400912,-4.92832631824716,13.915723787023477,-7.882629229574777,-11.153710648429618,12.198047376001679,-32.07260476250111,6.416733010265719,-6.621931438081231,-0.27974214170163614,0.6342706305992576,-5.012154670852053,5.574734861417715,-1.133255394905937,-1.0964194508037048,-5.934846069265408,14.046413620265406,-4.697914322220688,-18.512754629938833,-25.87939278237625,10.464479732676457,14.56221983768277,22.082373579997316,-0.12250191294498394,0.32548114201820016,3.705305608163791,-7.3861665554456994,13.253737406426835,-5.352239877729829,-16.645523808298467,-20.077576090920275,1.2136785775464514,1.1027248371033742,-16.1428785367976,-5.623403013005475,14.85785012386238,-2.2900094917205362,13.955818301328634,12.211498588812791,-4.258783463662412,-20.491996282517896,19.13641803078454,21.424221170905895,-5.1815555373345346,10.37814432700707,12.73959456971244,-6.2480411845315365,4.502086778795522,10.102192478133599,-8.212789312177643,-3.7782139845218112,-6.839173758883556,-2.6926910767496164,-18.21700703093411
0.03901291757114449,-0.24868712983035335,-0.06329467517960588,-0.05166059552753861,-0.37055973677271403,-0.12580835078050678,0.08612308176450145,-0.439830698372252,-0.06111049964598734,0.011195934593639741,-0.19637701388246145,-0.12900062466942616,-0.08056907846566795,-0.10476766365783938,-0.06066643797698572,-0.061380682449392765,-0.08045860975376551,-0.013518788028046944,-0.014822703209743111,0.1620028714701068,0.16705750581382198,0.27455480138632155,0.11720817458230116,-0.07716937847768464,-0.12250191294498394,0.05272582223744698,-0.029672027909607917,0.003802892799119212,-0.3193579102435029,-0.165834086249169,0.033078846480057704,0.25006210188907824,0.05377389199771048,0.023330015518287634,-0.02997551242565718,0.22566819403703314,0.3690922302008448,-0.15582490827251094,-0.06516865853314288,-0.01412806438681635,-0.30680959156968857,0.10678043416264194,-0.030120038536397564,-0.03894672162590386,-0.20217309258456062,0.10238124855845569,-0.4887932008693828,-0.13521439790414347,-0.11776588398096101,0.27114762574881707,-0.2826338871385587,0.13864337865739376,-0.13927063197399783,-0.06560421966828842,0.28807462617999874,0.14130335814575465
-0.06539929635284349,0.13665543072343245,0.00977344580296397,-0.03030264972746413,0.36237596881150635,-0.025450235597528847,-0.17719027568535475,0.37940413782796006,-0.3447432285544762,0.06929331276864764,0.027256195144870765,0.06574329768136085,0.050597531565003157,-0.0029421678310620376,0.09817249682854587,0.019552805561666997,0.030253176588878553,-0.06255992319570501,0.17334325847802493,-0.14190740651323575,-0.30764191980961575,-0.4514952465758131,0.060522228651250745,0.21268995057395088,0.32548114201820016,-0.029672027909607917,0.01979911975405367,0.04137176967790772,0.08420775115839921,0.24482063696266693,-0.08063911392216969,-0.32986813329278625,-0.26534686062692686,0.0017071001493263196,0.02888329434487859,-0.31079763641581243,-0.26373950093052573,0.2584567517063757,0.008086719966302718,0.1719030274852894,0.3082118103844349,-0.10707817397569186,-0.225074000198596,0.2463087397924584,0.3604964431204437,-0.11577565539931299,0.38382300533177965,0.22209498327232102,-0.01055084966240777,-0.09234469564050476,0.2702807292622479,-0.17088488653315925,0.030292688307744557,-0.04531489531717698,-0.1860186413835711,-0.2899941242046405
-0.6256817284940336,-0.06981942570679296,-0.3807308607147673,-0.8639599030772492,2.1974309206647966,-1.4016170164882562,-1.8605412312985632,1.8717937213710985,-5.493349092714115,1.0992974859052715,-1.220099791822234,-0.10771573829136617,0.07034982345538217,-0.9028477464904224,0.9211647497148429,-0.22166714044224636,-0.22477509113250374,-1.0176740351481006,2.386033861847012,-0.7252436784426799,-3.075313516437908,-4.281536069036095,1.8375020513196287,2.4452143549971153,3.705305608163791,0.003802892799119212,0.04137176967790772,0.6338891728387128,-1.4082111182287578,2.1805194246556496,-0.896783574653843,-2.7192397528263466,-3.3951724045176452,0.21805051281203966,0.17435833419118602,-2.645173574371718,-0.7859973997993551,2.4582354138884406,-0.4212131561087789,2.3710654053951785,1.9367782880173376,-0.6764979748583284,-3.505495402823654,3.241659196035494,3.555563798230659,-0.8351104075865485,1.5401998227862912,2.108448377772231,-1.1193484169365853,0.8943760266274401,1.589148682791533,-1.334486995718335,-0.7094358382602824,-1.1959716926212625,-0.32402645511746614,-3.038348936719493
1.1392139092537843,1.6193636852224171,1.2059556739535864,2.1955275013472355,-2.6229335945841767,3.8105178957123007,3.5631150767483795,-1.5026808764275534,12.382881983559187,-2.4705522999249436,3.829192954147766,0.9975976321014302,0.32137078084675286,2.5943975769232934,-1.6586305766108744,0.8476461751355485,0.9660681553539731,2.3067855825516137,-5.135133690482353,0.6301513737472995,5.746179295857679,7.7492600982719075,-4.71361223842296,-4.895830832473799,-7.3861665554456994,-0.3193579102435029,0.08420775115839921,-1.4082111182287578,4.965841843904529,-3.793947973616167,1.7668003746190806,4.475414276385463,7.114176612819026,-0.614183166435958,-0.20378418292717287,4.457025120291232,-0.45874863958911444,-4.461231105220075,1.3053333864765309,-5.106124281390696,-2.428848059722112,0.848946479838981,7.849912311238098,-6.865961630557914,-6.588962238036364,1.2232483267791205,-0.4853097604052257,-3.8145166185203436,3.145267717960589,-3.556509041212001,-1.8099090365115862,2.1024870708584875,2.373453360629903,3.0046890119962333,-0.9907965791946028,5.814618063714273
-2.3005613466298365,0.6042568732607182,-1.102855927995311,-2.8178271659807357,8.872534151005778,-4.430516709990578,-6.73738017106475,7.981475310112553,-18.82587176079472,3.768146952403418,-3.561007586072052,0.063587829074735,0.5173789305591308,-2.773162438533575,3.3987717488295215,-0.5602271021825103,-0.5044733466022421,-3.4796619921590257,8.318765415508828,-3.0606576827416605,-11.225608215717779,-15.764936361158046,5.9699315327496,8.733753508467142,13.253737406426835,-0.165834086249169,0.24482063696266693,2.1805194246556496,-3.793947973616167,8.118617692197788,-3.218328177520892,-10.27028306203589,-11.94840315943011,0.6750406903119425,0.7040646362745964,-9.930261526444767,-3.9743376310712795,9.047919817186006,-1.2361974080110156,8.26399813576561,7.7533739911991795,-2.703404636876947,-12.044205721768506,11.366528306922444,13.006582464659925,-3.240535241316251,6.993626801761407,7.760458090147659,-3.47976396206013,2.176791576427131,6.46515657662025,-5.094410266534015,-1.9833620687188493,-3.92121114698299,-2.1005904263390813,-11.005003609342085
0.9172469402892611,-0.08290551930898102,0.49418727182627714,1.189365794276807,-3.391901030844239,1.8993417903141387,2.7050705744786363,-2.980501983834422,7.757994459604012,-1.5524683861488948,1.5897311689614506,0.05915075473350276,-0.1587423990738445,1.2061063429109398,-1.3529925446969997,0.27018215294289083,0.26022223665813626,1.435467721096748,-3.4002387483268137,1.1477550453327447,4.490921772496076,6.281249411025949,-2.524770260286872,-3.5293234836667406,-5.352239877729829,0.033078846480057704,-0.08063911392216969,-0.896783574653843,1.7668003746190806,-3.218328177520892,1.2975950250720272,4.044791519197367,4.86233028426502,-0.2923380887720067,-0.2690136329940402,3.9215982597745995,1.3852383217560376,-3.6057989874218084,0.550165719909106,-3.378337570829975,-2.975259124171921,1.037955656996075,4.957290559616497,-4.633538122953252,-5.198035586677415,1.260740879256746,-2.5437982710182596,-3.092380036156969,1.5042888587946068,-1.0720236377951242,-2.4633627300975167,1.9966419774245106,0.9054724793658884,1.6508535256834345,0.6704908274201133,4.418192329574283
2.9037751556335687,-0.9575240058528658,1.32519485481441,3.4754461764425484,-11.378936858495646,5.427895238371646,8.48079739457845,-10.322977246427127,23.451586252067603,-4.694974187332844,4.284895272185676,-0.18492390854796179,-0.7115777754278789,3.3763405852542796,-4.292292911454186,0.6489827450594674,0.5642260736098941,4.332836963611136,-10.396797714067722,3.953321539193275,14.149993264483388,19.904724556677493,-7.35694954432566,-10.965945241240243,-16.645523808298467,0.25006210188907824,-0.32986813329278625,-2.7192397528263466,4.475414276385463,-10.27028306203589,4.044791519197367,13.025467178421021,14.959936316794565,-0.8237750189953335,-0.903502825306586,12.58096448361968,5.263115533295801,-11.422251958032085,1.490193255867388,-10.328031834405879,-9.929756500705759,3.462255834490344,15.01081246555578,-14.22125452573014,-16.40196808503211,4.129008112206165,-9.130160827082525,-9.79872307287645,4.247708761617862,-2.4961010456603545,-8.301875904436962,6.472798112629398,2.3622546668282993,4.8413340182376325,2.857735239436664,13.853988979013454
3.4165976039395627,0.02172023790576381,1.9539038330080307,4.568253554371789,-12.328134724637927,7.354869839414775,10.1135746698751,-10.679731701742972,29.425527376014184,-5.885172827455745,6.278771751318322,0.39907937196575244,-0.49131826964454794,4.704104840782337,-5.035956348216225,1.1051909352177132,1.0924669557282916,5.447321360878601,-12.841397524744616,4.12039905415899,16.76187601757775,23.384496289936386,-9.70897218296506,-13.244101293553301,-20.077576090920275,0.05377389199771048,-0.26534686062692686,-3.3951724045176452,7.114176612819026,-11.94840315943011,4.86233028426502,14.959936316794565,18.319519553709277,-1.136471846814491,-0.9756678027091235,14.526518447477606,4.738439930559901,-13.428206244553586,2.167837626152001,-12.759227647812972,-10.838867372745668,3.779300401231882,18.790929151952952,-17.47437003785413,-19.38726458164366,4.62948040707039,-8.958244230444798,-11.510719756657092,5.849869125256426,-4.420776427895959,-8.934311859254764,7.364043035775319,3.611970092455181,6.332779128987032,2.1460289979508858,16.5183521080258
-0.1972768549314311,-0.1277907545900159,-0.1564523001305984,-0.31651647165194263,0.5952693457340696,-0.5309940857650297,-0.5991618562996047,0.4551120124555124,-1.9007692119240236,0.3800047339050017,-0.49854501775564125,-0.09064234384337347,-0.009656856514433858,-0.35196228916465483,0.28907153901240895,-0.10129614353705738,-0.11038289810226166,-0.35305823043070994,0.8082789746840363,-0.17993434123069008,-0.9799225649531219,-1.34688648954139,0.6762056439534038,0.8024738354803815,1.2136785775464514,0.023330015518287634,0.0017071001493263196,0.21805051281203966,-0.614183166435958,0.6750406903119425,-0.2923380887720067,-0.8237750189953335,-1.136471846814491,0.08421605423316361,0.04703904006745026,-0.8086948536782875,-0.1141395572216114,0.7740015139142301,-0.17106986388367743,0.8034770360304971,0.5329216397542116,-0.18639094531367717,-1.2092191699198638,1.0902501048408817,1.1292409536733463,-0.24230937796035815,0.32158838211391144,0.6633538057807545,-0.43128241882674834,0.41864738682098857,0.42439507322554687,-0.39761032420987047,-0.3004157104268288,-0.4356674431522312,0.009755564044685324,-0.9781963638533465
-0.19697046392428724,0.12672986209198264,-0.06878119540630268,-0.2099216547006212,0.8291845748292954,-0.31568099116188225,-0.5684112157258867,0.7791673762576093,-1.4919245050688998,0.2994708639302204,-0.22374229045024288,0.04608509898370893,0.06701387159772729,-0.18935902740097718,0.29181941080086643,-0.025519620181196804,-0.015249262392346604,-0.27514477585691427,0.672235499482059,-0.29730629886807375,-0.9533290285628464,-1.3526654180825881,0.44190440709104784,0.7255746643999349,1.1027248371033742,-0.02997551242565718,0.02888329434487859,0.17435833419118602,-0.20378418292717287,0.7040646362745964,-0.2690136329940402,-0.903502825306586,-0.9756678027091235,0.04703904006745026,0.06634617950628824,-0.8686425128812618,-0.43607776845447005,0.7752827695398397,-0.078985259708481,0.6676893498521487,0.719108509500298,-0.2513346468918964,-0.9572254572618163,0.9242421041588307,1.1078512447383126,-0.29260831741691085,0.7163247504059842,0.6664042346370389,-0.24187406350999818,0.08928941159745911,0.6083867443037639,-0.452818679283595,-0.11555602015714618,-0.2940444082421333,-0.25968280359812984,-0.9284107484738767
2.81022855154542,-0.8483317624237068,1.3094515880270963,3.396113316197314,-10.940144921844027,5.318866736325544,8.217126470188068,-9.890428976553276,22.820778415319896,-4.5685799790627835,4.2310204419494335,-0.1370941532839838,-0.665190758347576,3.31723203627461,-4.1530024209660175,0.6513759979493436,0.5752354049302228,4.217078824871618,-10.103192184595894,3.7900487281396003,13.701541344408923,19.261342225059426,-7.191358224461116,-10.635986929277255,-16.1428785367976,0.22566819403703314,-0.31079763641581243,-2.645173574371718,4.457025120291232,-9.930261526444767,3.9215982597745995,12.58096448361968,14.526518447477606,-0.8086948536782875,-0.8686425128812618,12.157007936486123,4.994854663439046,-11.053427943582426,1.47051035419188,-10.036527900092809,-9.552262556044347,3.3309881525825937,14.604063345542176,-13.813318505459224,-15.879618247287185,3.9805205547997904,-8.714868611978227,-9.482106930459228,4.168710443951887,-2.5166892788732014,-7.977750437927145,6.247253739822666,2.342977075660857,4.728742124598845,2.6829222297474473,13.422604224463084
