V1,V2,V3,V4,V5,V6,V7,V8,V9,V10,V11,V12,V13,V14,V15,V16,V17,V18,V19,V20,V21,V22,V23,V24,V25,V26,V27,V28,V29,V30,V31,V32,V33,V34,V35,V36,V37,V38,V39,V40,V41,V42,V43,V44,V45,V46,V47,V48,V49,V50,V51,V52,V53,V54,V55,V56
0.7888672029307253,-1.9080741653219926,0.0408122192980856,-0.37969059150174994,-2.0365895069766697,-0.19671817566624936,-0.35224599244389054,-0.7452727885665715,-0.15122944309002148,0.02789671260847517,-1.5940941741650312,-1.4627511767303103,-0.7151523084772335,-0.2867386517738861,-0.5221719590617471,0.4163237924269076,-0.8827056770498241,-0.8884092273653046,0.2749693253791252,1.1567558022542113,0.868411458781172,1.2231157289342458,0.6722998474437086,-0.6226743868205121,-0.4560188932162357,-0.8551590189941981,-0.5315870516789897,-0.1698234634956811,-2.3121669258714994,-0.2564772868431732,0.7301099740349142,0.5835386300391803,-0.0012010274465829212,-0.28468666595117254,-0.3585195903051304,0.3943890333629718,1.287230176726288,-1.1920919934024963,-0.36262655754038625,0.005810248687900579,-1.4958531731864033,-0.21504684877968108,0.03909609435014921,0.3668914642147639,-0.7719570639473642,0.9757599005464072,-2.8022475563876923,0.3393521612648097,-0.7319013979434121,1.3490216817721588,-0.9442848064096823,1.1272310744363556,-0.4256422026099385,-1.0289719160918882,1.6471694176894438,0.5841112372944659
-1.9080741653219926,13.72302191278419,3.384449392246553,3.806136730688959,17.012407461711412,7.747626628121654,-1.5771369142651321,19.373405647214362,9.309835469756713,-1.8191550852899219,12.245221929008219,7.664634715102965,4.428497571434355,6.253372086598849,2.3274300229832354,2.7440477999915127,4.926701644031648,2.67966632325346,-2.296249119245749,-7.970587633203783,-5.242262928075785,-9.28176602683202,-8.295352530348715,1.4666648126745883,2.0052435164792652,-1.6423020737024305,1.8857153268398317,-0.7365517118708207,18.980977995197602,5.589266228352669,-1.2616403322772656,-9.288237470293733,1.3317548739173786,-1.0657282408945206,1.5667609714227062,-8.025246235100347,-17.806392316366956,5.731232645466168,3.91642725052113,-2.0457941430301947,13.765792601462921,-4.054087472653368,5.390624327221173,-2.2210403751672656,6.2476595168857525,-4.847781959806762,24.104276145313495,3.642879523533969,7.562469123985899,-15.158413293462187,12.468705828525055,-6.135615484891734,7.815814043322127,5.488208165530492,-14.869048494841905,-3.788572127187266
0.0408122192980856,3.384449392246553,1.342700440743982,1.0803588817038483,4.536840530277028,2.7661780333399397,-0.9789998206021833,6.722304698184529,3.3866093065634524,-0.6659435109305704,3.1155721176965385,1.4929425116375636,1.0001864809270697,2.112039623966904,0.3910465103514323,1.45397790180422,1.0257067455275288,0.1431044288978399,-0.5871596748859269,-1.9212142577399813,-1.1805758581578676,-2.38762460634078,-2.5136749312392084,-0.0338876895079514,0.3493192055990601,-1.4761110592487148,0.19959185496100218,-0.4550406856020737,5.000819913706426,1.9165481718361554,0.23424221675770765,-3.0074688072896256,0.4906545680926101,-0.6930440696264033,0.24653614031591134,-2.712644478823071,-5.569945807310336,1.0461800793148905,1.1502077795967744,-0.7652454239741986,3.8207632850192756,-1.7700633573533238,2.0796916206411713,-0.4642195059134528,1.6679382000529595,-0.9055054992539587,6.496078261648577,1.7379488951008815,2.171174343413428,-4.490256203650541,3.8644274514876544,-1.259547418393014,2.579636575012996,1.076050045338976,-4.084055251001644,-0.8903998205745112
-0.37969059150174994,3.806136730688959,1.0803588817038483,1.113166091666653,4.759172462237085,2.4148882606858386,-0.5515341747848088,5.835236733008517,2.9805790171790747,-0.5858044018655155,3.4380615907109373,2.0204674337770325,1.2007225004932107,1.891227464393805,0.5765246153918724,0.9674553876005396,1.3172716640573365,0.6222772114507773,-0.687656512363831,-2.1911854874205288,-1.355829956894881,-2.5088378562165534,-2.464449069551169,0.2508246000976941,0.4455708152857353,-0.7309376473216322,0.4556623474923625,-0.2889408046968466,5.373751438754559,1.6430907999418927,-0.18855287149025277,-2.7127783370303176,0.4864674823984642,-0.40780276829765705,0.39219232542314,-2.3645750727735426,-5.23035218076686,1.4374975157226553,1.1403225698851438,-0.6901235816362973,3.887238782185671,-1.3168083695627242,1.7657740624997538,-0.6606437220307398,1.6871851310012518,-1.253420360380736,6.801903526739226,1.192843869722306,2.1986007518123865,-4.411420608373974,3.628993266422946,-1.6075215914701226,2.356930376247171,1.4706259888906783,-4.224881541620137,-0.9824321608525403
-2.0365895069766697,17.012407461711412,4.536840530277028,4.759172462237085,21.509734612320653,10.125234724399471,-2.5232092759871296,25.597864830932238,11.966328091127645,-2.326510662120209,15.19034697104838,9.218148725716995,5.429828631431872,8.134435087027736,2.8129178735355596,3.9715075077437922,5.9548117175606174,2.880551544554702,-2.7101268326210124,-9.899185802337932,-6.633010180256592,-11.896009938658489,-10.499747923606277,1.703381865990198,2.6324093774311894,-2.835501670326357,2.1380655345999044,-1.0567443088218695,23.67850669660934,7.481653377997013,-1.2313660872900116,-12.233216818185557,1.5290371199112887,-1.6263820786290728,1.8630143863312645,-10.680194465233118,-23.018486987113963,7.011384205104609,4.958680657825067,-2.5544561272402433,17.52513211697549,-5.647548460971773,6.9939467255930445,-2.4758842672580132,8.096191711501213,-5.854320060950886,30.413447890374165,5.293455436012257,9.535691496921801,-19.297810949401228,16.167208422978415,-7.512921154961801,10.11040336022182,6.5285966921036565,-18.77618038149784,-4.880945728926656
-0.19671817566624936,7.747626628121654,2.7661780333399397,2.4148882606858386,10.125234724399471,5.894789815633182,-1.821086410610527,14.12370766276411,7.199615891017721,-1.4151281152498698,7.077542310676558,3.660349172670796,2.332594635665583,4.466338052705095,0.9733268125428991,2.862816949827634,2.4456865324910524,0.6449753468362328,-1.3751488973487704,-4.444972755968228,-2.683496754043333,-5.310511784832712,-5.515726103890759,0.10764536830132539,0.8238417065193228,-2.702684025532901,0.629879988227173,-0.8739581120042562,11.26820513397414,3.993256945418992,0.21365254420426225,-6.414523256800089,1.1078632105662034,-1.3027868392922213,0.6439126296760812,-5.7123857124275785,-12.020765451790716,2.5448431733365884,2.5091548046751333,-1.6608726424125324,8.443640535121903,-3.59283168819028,4.387217314863418,-1.1868911063141157,3.640483848536718,-2.2417854492558242,14.531905804368714,3.461474998612578,4.804863829541072,-9.800921611857063,8.326136349165472,-3.004515056174985,5.53085799123122,2.654444988768919,-9.088464590313825,-2.0386348259828124
-0.35224599244389054,-1.5771369142651321,-0.9789998206021833,-0.5515341747848088,-2.5232092759871296,-1.821086410610527,1.0404628908871254,-4.717350053485808,-2.0496245028769406,0.38864486945298754,-1.4694390785250864,-0.40819781306162556,-0.41639809898686003,-1.3794772342860047,-0.11216377439695828,-1.2373204897217183,-0.33781495898254627,0.372387958005245,0.14716516229350135,0.9131139619657053,0.6616727332563712,1.4825061720599146,1.4186269969687169,0.1468748742308425,-0.2904340187880434,1.4938333176053327,0.10888365018306367,0.37017160985089737,-2.504082283226449,-1.44788271652247,-0.45407849691092034,2.1040891636275822,-0.14649697169324527,0.635928127130657,-0.035179609850395865,1.9881592971212576,3.547250760498124,-0.38238909138623006,-0.652821509825208,0.39979580977429,-2.22679499027654,1.4476685964632983,-1.304416786491421,-0.036736792224735956,-1.1144062839213587,0.26594497374200277,-3.5592050056774087,-1.5677644264872443,-1.1839015545223246,2.623933332032137,-2.504232454489055,0.4988369671961639,-1.6356861602418904,-0.22366175947301695,2.2492171067181688,0.5678524410720246
-0.7452727885665715,19.373405647214362,6.722304698184529,5.835236733008517,25.597864830932238,14.12370766276411,-4.717350053485808,35.24498040562827,16.94242141481862,-3.2910251785027764,17.623153914625693,9.287185646448746,5.892755325285574,11.073018676973541,2.6383456534959766,6.969118926488112,6.187573043463878,1.6852031202746156,-3.151463031738968,-11.118361151551289,-7.258007166677606,-13.926113174623833,-13.358638104821374,0.7513420146559158,2.5723905076119467,-6.583409158430642,1.5931762310422615,-2.018934235135452,27.935126306833485,10.217815202630021,0.27115553200664344,-16.18047594154869,2.1687061632548326,-3.1984507665868778,1.7063340334259542,-14.471979180261384,-29.898404435977096,6.883597269400473,6.205632684455127,-3.6560248792193786,21.31927007246101,-8.829349309089144,10.250328658715508,-2.526330492035559,9.674353310235132,-5.761784353269204,36.35944551280299,8.674345449525227,11.81022365112446,-24.315025123874033,20.907625547372014,-7.767106996096259,13.501365625124688,6.5858238483103175,-22.69092987289159,-5.461912451089516
-0.15122944309002148,9.309835469756713,3.3866093065634524,2.9805790171790747,11.966328091127645,7.199615891017721,-2.0496245028769406,16.94242141481862,9.292910142551419,-1.8109316861494151,8.683102231977337,4.401204453147764,2.797660026027755,5.56767391216856,1.069651426881455,3.5278689481276464,2.968866585104393,0.8829584066108537,-1.9285591557628927,-5.214944822321716,-2.919023693037362,-5.9582353093393206,-6.825187240990751,-0.1403518653353951,0.5682005581267409,-3.3535299280032063,0.7112406139306091,-1.1269242806077193,13.711623790728282,4.621635103145343,0.3851621248569624,-7.434825593814583,1.6693598719267395,-1.645350915273627,0.7629609688281881,-6.626726681660382,-14.438182401605692,2.801351077013139,3.0816154102927262,-2.224754611635179,9.974541519008186,-4.274464426605863,5.672829806684086,-1.7644131340424625,4.041194893343894,-2.570513821988715,17.299863652436578,3.9657511193716104,5.921773196603091,-11.956971175479966,9.905236098708533,-3.449845615147888,6.728674409707602,3.3134416757177427,-10.913965728530675,-2.0951182434563442
0.02789671260847517,-1.8191550852899219,-0.6659435109305704,-0.5858044018655155,-2.326510662120209,-1.4151281152498698,0.38864486945298754,-3.2910251785027764,-1.8109316861494151,0.3670925644099697,-1.677806534584014,-0.847958813303907,-0.5435129471138703,-1.0637336567362141,-0.21103436425542624,-0.678364411229348,-0.5786584260190073,-0.16673462017779273,0.36505718325991426,1.017790597396131,0.5713248558239291,1.1449254378587848,1.3303236870995048,0.0327865462619703,-0.11350303216731548,0.6414715691526405,-0.1472889210695758,0.23214071239867212,-2.671080653273399,-0.8952893884189379,-0.07891596194707777,1.4501411022384132,-0.3261003404354629,0.3169342538730605,-0.13803373180337944,1.2849859436670819,2.798363497060795,-0.5442344998917202,-0.6048692728061642,0.44086056549347435,-1.9414663307495237,0.8242526299831227,-1.1051071718893475,0.33522594359375124,-0.7793428631183748,0.5025396302043471,-3.3639490296110854,-0.7599321145251547,-1.1451203486587442,2.321832193551856,-1.9185560639478776,0.6726680503488079,-1.3232742940755986,-0.6399153868169185,2.1215491195452825,0.4056087366984139
-1.5940941741650312,12.245221929008219,3.1155721176965385,3.4380615907109373,15.19034697104838,7.077542310676558,-1.4694390785250864,17.623153914625693,8.683102231977337,-1.677806534584014,11.01889883293136,6.788518553004205,3.934771026198199,5.7626579316182385,2.012301301607936,2.622048900234122,4.372143985253733,2.345694320270311,-2.1497610280027812,-7.065090664166049,-4.569410446575595,-8.192395770744083,-7.535009598436833,1.1683819724359474,1.6342199354673108,-1.6912966193073855,1.6150749950505388,-0.7093625970710725,17.045254655541246,5.029121087508802,-1.0024790138371993,-8.328558625531738,1.3082650266157527,-1.0508691091368711,1.3838876746161446,-7.221176041498907,-16.105783127217453,4.979381011417802,3.539684761101055,-1.9263161537733964,12.313400630973085,-3.7440106104893616,5.057538385509334,-2.077486426545599,5.506438318452344,-4.237771079615326,21.56664777497781,3.351485866560925,6.856010984259679,-13.716444122981937,11.247242040194545,-5.3814130614470415,7.0950428986349605,4.899034214157474,-13.346475117565669,-3.274681235317587
-1.4627511767303103,7.664634715102965,1.4929425116375636,2.0204674337770325,9.218148725716995,3.660349172670796,-0.40819781306162556,9.287185646448746,4.401204453147764,-0.847958813303907,6.788518553004205,4.601292298883997,2.5480214452591823,3.071098124655454,1.434177724682941,0.9294425120098383,2.9053651047995905,1.9183219336281194,-1.2976814723439631,-4.477834318345051,-2.985324881389375,-5.075371429417092,-4.2862437389523516,1.1089804756057688,1.1944119906244666,-0.08545217928611022,1.2554469284817715,-0.1968695197282932,10.370056299910567,2.6831925914272468,-1.125518258195592,-4.596263018337033,0.6511426988888093,-0.26399546274852986,0.9901281348308492,-3.884641607935813,-9.024317285734723,3.4680389163404572,2.046608406414042,-0.9570443492529721,7.337943154555586,-1.6570247975428372,2.45785561805561,-1.3447226631660736,3.3616874964105925,-2.9264439462398637,13.021072873353628,1.3594662528842836,4.0017353957624895,-7.896030941854887,6.337579140025612,-3.6143981546807726,3.854126466996277,3.2997899125269043,-7.979777096187386,-2.118904172269274
-0.7151523084772335,4.428497571434355,1.0001864809270697,1.2007225004932107,5.429828631431872,2.332594635665583,-0.41639809898686003,5.892755325285574,2.797660026027755,-0.5435129471138703,3.934771026198199,2.5480214452591823,1.4546561651224612,1.9159515580087143,0.7929776330112552,0.7291252989444882,1.6345988135887088,0.9625217823202058,-0.7328364473217641,-2.582527829320548,-1.7152694473604584,-2.9864811825026885,-2.597486909796131,0.5517087994814907,0.680360250948512,-0.329815157793967,0.6573377487920391,-0.1910694377601865,6.074814015085524,1.7136038242774527,-0.508707972543301,-2.8615877112581747,0.4063741601672383,-0.2664963554067396,0.5339977224751365,-2.457351482122344,-5.529476825628118,1.926425762530775,1.2356948762537812,-0.6129223427175338,4.362257522373025,-1.1635186895860083,1.592965537606901,-0.7328839587535734,2.002259747586255,-1.6235679700493224,7.680357575831951,1.0108838110679166,2.3844915271232914,-4.761779270558157,3.8770712555194566,-2.039150274277487,2.4001618967220093,1.8176934516375451,-4.722497614855318,-1.2245038083841324
-0.2867386517738861,6.253372086598849,2.112039623966904,1.891227464393805,8.134435087027736,4.466338052705095,-1.3794772342860047,11.073018676973541,5.56767391216856,-1.0637336567362141,5.7626579316182385,3.071098124655454,1.9159515580087143,3.5867404520501536,0.8365375662679083,2.173631943785232,2.0397093627585465,0.6750396306741692,-1.1385309209718084,-3.544016706117194,-2.2325470319265954,-4.318159083028064,-4.321761160326301,0.1965618638235814,0.6752724686364628,-2.0112203963783823,0.5305529525321393,-0.6304215879276,9.043224660231997,3.1448684905872275,0.05187264291401407,-4.99863300696946,0.8140117164621057,-1.0010638748064855,0.5769424192801467,-4.4644060348456165,-9.480100261592783,2.1748108619185733,1.9988148447469405,-1.229097930016236,6.749272865644425,-2.7197025217441047,3.360287310501971,-0.9766661892369041,2.9712460031221704,-1.8534978232125963,11.594525149239223,2.5999933122149486,3.834928037845991,-7.815029943395687,6.596244807470884,-2.480174254342024,4.282712555347429,2.2274503341992604,-7.264177533854601,-1.6263664049668778
-0.5221719590617471,2.3274300229832354,0.3910465103514323,0.5765246153918724,2.8129178735355596,0.9733268125428991,-0.11216377439695828,2.6383456534959766,1.069651426881455,-0.21103436425542624,2.012301301607936,1.434177724682941,0.7929776330112552,0.8365375662679083,0.4892637476245787,0.17030935972499253,0.908113160043244,0.6160012258857966,-0.3214125662630686,-1.3829734813859003,-1.0010885967625602,-1.6345223058730454,-1.2072214729402064,0.44432667884818283,0.4782597559092445,0.1050237276825512,0.4169104862979691,-0.024901412080019752,3.083461207433204,0.8133679982328659,-0.4243915341331394,-1.3771369035228738,0.09974458328651094,-0.026346348721534345,0.31669641201963966,-1.1595329022687488,-2.6144785353001443,1.1643822694008374,0.5989129003236132,-0.20611199202988842,2.224273333820284,-0.42287197271943655,0.5643009199724028,-0.3317389873022055,1.0991404819074022,-0.9476413712250269,3.924285855502593,0.3501919594023971,1.146886770843158,-2.292883401545611,1.8650580740578417,-1.1709343700315773,1.082891158976209,0.9952308686592025,-2.3799295571205814,-0.7144600017905676
0.4163237924269076,2.7440477999915127,1.45397790180422,0.9674553876005396,3.9715075077437922,2.862816949827634,-1.2373204897217183,6.969118926488112,3.5278689481276464,-0.678364411229348,2.622048900234122,0.9294425120098383,0.7291252989444882,2.173631943785232,0.17030935972499253,1.8099817433730887,0.6713011762831301,-0.27159745994841417,-0.49867425953364897,-1.518747046873602,-0.9037198696471711,-2.064218632021468,-2.353149917162809,-0.301888211167773,0.18881259317743995,-2.0337351292683166,-0.05301916430785737,-0.5408235497575669,4.274671274580823,1.9737959615487046,0.5861879105184545,-3.0105289959580426,0.4614861395678398,-0.8905171008962603,0.10973610093724942,-2.7836549111963094,-5.440847604336177,0.5875968401298672,1.0523656933705388,-0.7737439333926669,3.4553948235952787,-2.0378513387657224,2.233732015952206,-0.2922489020225793,1.4835724301702142,-0.5083162835108492,5.707281124133984,2.0993456199588567,1.9978409611152084,-4.204926173775385,3.7736345110699423,-0.8174061618720525,2.5595915214454106,0.6765955502773151,-3.642734091349922,-0.7336827806172117
-0.8827056770498241,4.926701644031648,1.0257067455275288,1.3172716640573365,5.9548117175606174,2.4456865324910524,-0.33781495898254627,6.187573043463878,2.968866585104393,-0.5786584260190073,4.372143985253733,2.9053651047995905,1.6345988135887088,2.0397093627585465,0.908113160043244,0.6713011762831301,1.8574778623142458,1.1769515925607275,-0.8345938793946127,-2.8664854374267037,-1.9019012289274535,-3.2582551042549834,-2.819617773627314,0.6605016874739198,0.743629346745443,-0.17499735649080256,0.7780702973456298,-0.1734497461286476,6.713171561068204,1.788254415104632,-0.6535062145549085,-3.0216257994633526,0.45307705976164353,-0.2243622589785833,0.6158217835093962,-2.5711875010009053,-5.924057715245169,2.187563304142445,1.3487512439634521,-0.6555359966237019,4.755139985529547,-1.1418011446280771,1.6689437742102369,-0.8597177877243372,2.170725711514991,-1.8478215058614476,8.418946931523605,0.9427550869339141,2.6061800660530903,-5.172596993232939,4.1519201038007845,-2.300242133819208,2.558561475778006,2.0836972435329946,-5.1719236025199775,-1.3331251188199225
-0.8884092273653046,2.67966632325346,0.1431044288978399,0.6222772114507773,2.880551544554702,0.6449753468362328,0.372387958005245,1.6852031202746156,0.8829584066108537,-0.16673462017779273,2.345694320270311,1.9183219336281194,0.9625217823202058,0.6750396306741692,0.6160012258857966,-0.27159745994841417,1.1769515925607275,1.1130079712106478,-0.520900868550852,-1.56070785350462,-1.0316104854591261,-1.548779070161417,-1.1945483630207747,0.6104722995496706,0.39692559927994403,0.7924759796019545,0.638976886058732,0.11535582823057768,3.427009569335453,0.45133549001175904,-0.7814312066743725,-0.9473197413800749,0.21428965673312414,0.22480055619383515,0.4481771943278809,-0.6945034552664818,-2.208073425022272,1.4184934645153664,0.5938902567181604,-0.20821753401123597,2.166513578449615,0.05064567369113766,0.3942979498579649,-0.6438479766146585,0.9608360303901122,-1.2144551375845836,4.055581685288704,-0.26315646376484114,1.1992440252244654,-2.2183896396865466,1.5478586548091364,-1.4143803523587968,0.8628637451828708,1.4091398532067132,-2.4517671543728876,-0.6557523916535457
0.2749693253791252,-2.296249119245749,-0.5871596748859269,-0.687656512363831,-2.7101268326210124,-1.3751488973487704,0.14716516229350135,-3.151463031738968,-1.9285591557628927,0.36505718325991426,-2.1497610280027812,-1.2976814723439631,-0.7328364473217641,-1.1385309209718084,-0.3214125662630686,-0.49867425953364897,-0.8345938793946127,-0.520900868550852,0.5577293137453956,1.2741446128265324,0.6759508985457012,1.2842676123254229,1.5022470241120227,-0.08570094159482286,-0.08036881131714153,0.30169478106559305,-0.29931784182758675,0.15235433838786913,-3.266995589167938,-0.7978436423306225,0.1509332011457349,1.376314958965611,-0.4358552453552324,0.20335969097693768,-0.2598457765180519,1.1768667850765981,2.9494120956613235,-0.7954307579889273,-0.6787079045849296,0.4854816911458985,-2.1838255121040344,0.6440714124460163,-1.1406499529177843,0.5907051189072069,-0.8201659397886023,0.7459781444790239,-3.9337051424996687,-0.48962856788969705,-1.3501095541083215,2.6094938214931025,-2.001912618045823,0.9278529552445492,-1.344178971047969,-1.0066666321852675,2.474069921685543,0.4347418910528291
1.1567558022542113,-7.970587633203783,-1.9212142577399813,-2.1911854874205288,-9.899185802337932,-4.444972755968228,0.9131139619657053,-11.118361151551289,-5.214944822321716,1.017790597396131,-7.065090664166049,-4.477834318345051,-2.582527829320548,-3.544016706117194,-1.3829734813859003,-1.518747046873602,-2.8664854374267037,-1.56070785350462,1.2741446128265324,4.678421432549509,3.098749796444249,5.473496696904501,4.765839205582154,-0.9300701083019696,-1.2662934371028791,0.8538539425018626,-1.1258020929333357,0.391772880832648,-10.976800830280752,-3.2460401727341104,0.7968435353952037,5.411717151949963,-0.7150973669320455,0.5656844099947406,-0.9237253297882215,4.667948450647896,10.278266121051375,-3.3972866794609886,-2.2462628763061585,1.1408415717577538,-7.999846384818948,2.327964387006002,-3.0077553036285534,1.237563514531449,-3.6801579399562017,2.8683725517474397,-14.02064155364797,-2.1130939625220146,-4.347555046435337,8.715235881742888,-7.210402429368783,3.620345463212751,-4.486413535822606,-3.17569913884295,8.61555002103252,2.2835934970220166
0.868411458781172,-5.242262928075785,-1.1805758581578676,-1.355829956894881,-6.633010180256592,-2.683496754043333,0.6616727332563712,-7.258007166677606,-2.919023693037362,0.5713248558239291,-4.569410446575595,-2.985324881389375,-1.7152694473604584,-2.2325470319265954,-1.0010885967625602,-0.9037198696471711,-1.9019012289274535,-1.0316104854591261,0.6759508985457012,3.098749796444249,2.2919663645420885,3.887639158641719,2.9318048105324688,-0.8310459078491901,-1.094428814036399,0.4591483276182443,-0.7648793041940218,0.19029642766549534,-7.087170691402915,-2.2351992850236972,0.6431199389525107,3.651910569427435,-0.1873480030928708,0.3279910070939049,-0.6343693078230792,3.164052558305712,6.672017949105664,-2.4651000167055814,-1.438788388890479,0.5315615460493219,-5.356672771715188,1.466849017337094,-1.6397313366469948,0.5850809363822416,-2.6728534847529724,1.965161618009266,-9.236411187154252,-1.4146067332369623,-2.744838650374591,5.606912084831829,-4.770295836088474,2.497136895050568,-2.8194667254138346,-2.045854237511906,5.640765686916173,1.6968072311151214
1.2231157289342458,-9.28176602683202,-2.38762460634078,-2.5088378562165534,-11.896009938658489,-5.310511784832712,1.4825061720599146,-13.926113174623833,-5.9582353093393206,1.1449254378587848,-8.192395770744083,-5.075371429417092,-2.9864811825026885,-4.318159083028064,-1.6345223058730454,-2.064218632021468,-3.2582551042549834,-1.548779070161417,1.2842676123254229,5.473496696904501,3.887639158641719,6.855398675093766,5.535419382556449,-1.1819656444863562,-1.762839737487209,1.4360294361837294,-1.195181272075664,0.4882418146103537,-12.784506311402419,-4.215003821048242,0.8096638168140446,6.82620556757449,-0.5406162055699715,0.8250629541677268,-1.0551954391154788,5.977526356322576,12.517652117997704,-4.077384573795537,-2.6524184625361453,1.1674783363171486,-9.68494764586912,3.0617277334072313,-3.4438388281663137,1.0992665857738715,-4.710843939465424,3.3007372836895166,-16.68511766472702,-2.978657649730394,-5.087364392267956,10.390761276233203,-8.880994546924304,4.247588481627053,-5.383581405596016,-3.4974982585736822,10.239308499911346,2.9221692896344367
0.6722998474437086,-8.295352530348715,-2.5136749312392084,-2.464449069551169,-10.499747923606277,-5.515726103890759,1.4186269969687169,-13.358638104821374,-6.825187240990751,1.3303236870995048,-7.535009598436833,-4.2862437389523516,-2.597486909796131,-4.321761160326301,-1.2072214729402064,-2.353149917162809,-2.819617773627314,-1.1945483630207747,1.5022470241120227,4.765839205582154,2.9318048105324688,5.535419382556449,5.52189301483433,-0.4368467361847503,-0.9403345144742853,1.9428102011855575,-0.9022455130039574,0.7097284321452764,-11.822664086835097,-3.7734649701596497,0.24358540976108256,6.148754381786552,-1.1053390710883855,1.0304618325352266,-0.8209808845588558,5.4057536378981395,11.79487780768408,-3.0345077310788744,-2.546203249008997,1.5756410653556943,-8.61925204946955,3.1235053507337884,-4.07127340759188,1.409773606959064,-3.745049282235032,2.646388116071491,-15.020370206890703,-2.876578262269929,-4.895210436537761,9.869658764926294,-8.17810602365832,3.4384928135048267,-5.3347566898277865,-3.113988010514123,9.351242331605782,2.1342975942368714
-0.6226743868205121,1.4666648126745883,-0.0338876895079514,0.2508246000976941,1.703381865990198,0.10764536830132539,0.1468748742308425,0.7513420146559158,-0.1403518653353951,0.0327865462619703,1.1683819724359474,1.1089804756057688,0.5517087994814907,0.1965618638235814,0.44432667884818283,-0.301888211167773,0.6605016874739198,0.6104722995496706,-0.08570094159482286,-0.9300701083019696,-0.8310459078491901,-1.1819656444863562,-0.4368467361847503,0.5988806225281211,0.5468209531620042,0.6170443214281971,0.40070397820084075,0.15777136722527196,1.7184459122127551,0.3369945535740811,-0.5915144718003719,-0.624849826260796,-0.17654087116012732,0.21464685276515016,0.2824534258765128,-0.4765848492662196,-1.0830116494789614,1.038249252273466,0.26222533634999495,0.11568634636694813,1.2746593095697125,0.09820859519799996,-0.19109080470303588,-0.10568874983527868,0.7942218628018727,-0.7865281132344875,2.266827999383369,-0.11222597018573822,0.5165554390753636,-1.0213236679555027,0.8462265111954832,-0.9315970832497342,0.3124815525474315,0.7197951331564156,-1.304437942230084,-0.6148078198738058
-0.4560188932162357,2.0052435164792652,0.3493192055990601,0.4455708152857353,2.6324093774311894,0.8238417065193228,-0.2904340187880434,2.5723905076119467,0.5682005581267409,-0.11350303216731548,1.6342199354673108,1.1944119906244666,0.680360250948512,0.6752724686364628,0.4782597559092445,0.18881259317743995,0.743629346745443,0.39692559927994403,-0.08036881131714153,-1.2662934371028791,-1.094428814036399,-1.762839737487209,-0.9403345144742853,0.5468209531620042,0.7089445434128916,0.015359225719854073,0.3485381464289043,0.009015543319730594,2.57298348302147,0.9166530306095846,-0.396261304712643,-1.47863198122647,-0.1654136344835162,-0.02966475163962891,0.27335193317138684,-1.2782757934842606,-2.4196216814523326,1.1659860780336162,0.49247156096814837,-0.01830568182756422,2.1104361321825724,-0.4919483393358946,0.2694509426451295,-0.018729149967420845,1.2374112798927241,-0.8683352779419947,3.572545584571068,0.5538796381794662,0.9227155355769593,-1.9558018665623365,1.799503253891157,-1.099893354564386,0.9387282945148812,0.7362585515628156,-2.115983091190608,-0.8723731011111384
-0.8551590189941981,-1.6423020737024305,-1.4761110592487148,-0.7309376473216322,-2.835501670326357,-2.702684025532901,1.4938333176053327,-6.583409158430642,-3.3535299280032063,0.6414715691526405,-1.6912966193073855,-0.08545217928611022,-0.329815157793967,-2.0112203963783823,0.1050237276825512,-2.0337351292683166,-0.17499735649080256,0.7924759796019545,0.30169478106559305,0.8538539425018626,0.4591483276182443,1.4360294361837294,1.9428102011855575,0.6170443214281971,0.015359225719854073,2.534036013813499,0.3637243651545174,0.6373489257546849,-2.932691281817802,-1.8760005183480066,-0.9965691816287279,2.7055861736946993,-0.4125902588389938,1.0624677567404845,0.09108467988679436,2.5993228335215344,4.711967317516924,0.04708124693098926,-0.8488686829469163,0.7292542150696454,-2.6215846962060847,2.163320338206055,-2.192700752006646,0.030351387092911554,-1.111034751966612,-0.0395896066599242,-4.109361748053942,-2.3072387119827455,-1.5601806432638798,3.435583612989785,-3.2553965589635667,0.20132635223823384,-2.2995881656927746,-0.061064592377035376,2.6991175915714245,0.42530526922963136
-0.5315870516789897,1.8857153268398317,0.19959185496100218,0.4556623474923625,2.1380655345999044,0.629879988227173,0.10888365018306367,1.5931762310422615,0.7112406139306091,-0.1472889210695758,1.6150749950505388,1.2554469284817715,0.6573377487920391,0.5305529525321393,0.4169104862979691,-0.05301916430785737,0.7780702973456298,0.638976886058732,-0.29931784182758675,-1.1258020929333357,-0.7648793041940218,-1.195181272075664,-0.9022455130039574,0.40070397820084075,0.3485381464289043,0.3637243651545174,0.41028698489652576,0.03292573642526444,2.4388041590612106,0.4677233237149951,-0.45978670439342584,-0.8860061500261062,0.11771350334673215,0.09080741601679487,0.280872187490878,-0.6972272331475855,-1.7992950379472354,0.971153705661029,0.44254611195081744,-0.16181728720563449,1.6492636827656382,-0.13965852605742823,0.3495573297315893,-0.3560139600884704,0.7684947454961646,-0.82386136078064,3.008933751299781,0.03650580835528823,0.8700615649242545,-1.6702752767429243,1.2706445936073851,-0.9786967702013903,0.7379906137514833,0.8965683650539932,-1.8115558073776843,-0.5345410913916309
-0.1698234634956811,-0.7365517118708207,-0.4550406856020737,-0.2889408046968466,-1.0567443088218695,-0.8739581120042562,0.37017160985089737,-2.018934235135452,-1.1269242806077193,0.23214071239867212,-0.7093625970710725,-0.1968695197282932,-0.1910694377601865,-0.6304215879276,-0.024901412080019752,-0.5408235497575669,-0.1734497461286476,0.11535582823057768,0.15235433838786913,0.391772880832648,0.19029642766549534,0.4882418146103537,0.7097284321452764,0.15777136722527196,0.009015543319730594,0.6373489257546849,0.03292573642526444,0.2013765533393983,-1.1996526595713777,-0.5543026629701029,-0.23040101272429,0.8331875712071177,-0.19749737351724683,0.28400491440175385,-0.0021697707695679577,0.7743068614614237,1.542014784147182,-0.09049795466590413,-0.3175590662505762,0.276652784265252,-0.930847600184232,0.5988867291063761,-0.714432946945662,0.10666667748278527,-0.3579372716032744,0.1003331901285332,-1.547293986197016,-0.5884892592761786,-0.5697384326235028,1.211732062482402,-1.048455490886845,0.1855420085905792,-0.7718002861854295,-0.15654995284027454,1.0026999199570026,0.13487000840327962
-2.3121669258714994,18.980977995197602,5.000819913706426,5.373751438754559,23.67850669660934,11.26820513397414,-2.504082283226449,27.935126306833485,13.711623790728282,-2.671080653273399,17.045254655541246,10.370056299910567,6.074814015085524,9.043224660231997,3.083461207433204,4.274671274580823,6.713171561068204,3.427009569335453,-3.266995589167938,-10.976800830280752,-7.087170691402915,-12.784506311402419,-11.822664086835097,1.7184459122127551,2.57298348302147,-2.932691281817802,2.4388041590612106,-1.1996526595713777,26.501548257328082,8.002905932071426,-1.3876886253943044,-13.198691312853443,2.0511260612509443,-1.7473383162669294,2.0857567303160156,-11.474060410080462,-25.338091381251992,7.634521609304538,5.544424315421825,-3.05928555364721,19.24248065160552,-6.062847829368461,8.01821172347977,-3.1286050747991836,8.621394902291117,-6.505723540226407,33.64032272916739,5.48930770798089,10.689639401975626,-21.46672053502325,17.688073034347738,-8.299588154704923,11.22233756534852,7.458924181289538,-20.817155374928298,-5.1171908560122334
-0.2564772868431732,5.589266228352669,1.9165481718361554,1.6430907999418927,7.481653377997013,3.993256945418992,-1.44788271652247,10.217815202630021,4.621635103145343,-0.8952893884189379,5.029121087508802,2.6831925914272468,1.7136038242774527,3.1448684905872275,0.8133679982328659,1.9737959615487046,1.788254415104632,0.45133549001175904,-0.7978436423306225,-3.2460401727341104,-2.2351992850236972,-4.215003821048242,-3.7734649701596497,0.3369945535740811,0.9166530306095846,-1.8760005183480066,0.4677233237149951,-0.5543026629701029,8.002905932071426,3.044036263514495,0.0279278266625083,-4.7755258343550535,0.48008990149100306,-0.9063053270122893,0.5041102181561248,-4.283642370466803,-8.64285557023849,2.110353131741184,1.7746292470715488,-0.9479377447818912,6.2297320528274795,-2.5620612761847705,2.782158930000027,-0.5871871373190113,2.9553189476956687,-1.7115593643824756,10.557054959167216,2.5725642061801297,3.353212421282793,-6.9715340340336684,6.0884140722562785,-2.3178113071316138,3.853830620899716,1.8476688725626893,-6.556888087149688,-1.7069749175379325
0.7301099740349142,-1.2616403322772656,0.23424221675770765,-0.18855287149025277,-1.2313660872900116,0.21365254420426225,-0.45407849691092034,0.27115553200664344,0.3851621248569624,-0.07891596194707777,-1.0024790138371993,-1.125518258195592,-0.508707972543301,0.05187264291401407,-0.4243915341331394,0.5861879105184545,-0.6535062145549085,-0.7814312066743725,0.1509332011457349,0.7968435353952037,0.6431199389525107,0.8096638168140446,0.24358540976108256,-0.5915144718003719,-0.396261304712643,-0.9965691816287279,-0.45978670439342584,-0.23040101272429,-1.3876886253943044,0.0279278266625083,0.7106795188914979,0.13027742131455042,0.09243206445006213,-0.366630032846431,-0.2948635036113894,-0.005246304391994656,0.3917728045246188,-0.9537727848389055,-0.15878842541506719,-0.1183140205418996,-0.8379368113629172,-0.4374323784514302,0.3550338897619557,0.2479210507211197,-0.48848597326363896,0.7709444638174922,-1.6557273185928525,0.5314652944683556,-0.3524573043433805,0.5783722359663449,-0.32478926072189745,0.8586111569523577,-0.016470500006736253,-0.7799097232146066,0.927546515450851,0.43922004381444063
0.5835386300391803,-9.288237470293733,-3.0074688072896256,-2.7127783370303176,-12.233216818185557,-6.414523256800089,2.1040891636275822,-16.18047594154869,-7.434825593814583,1.4501411022384132,-8.328558625531738,-4.596263018337033,-2.8615877112581747,-4.99863300696946,-1.3771369035228738,-3.0105289959580426,-3.0216257994633526,-0.9473197413800749,1.376314958965611,5.411717151949963,3.651910569427435,6.82620556757449,6.148754381786552,-0.624849826260796,-1.47863198122647,2.7055861736946993,-0.8860061500261062,0.8331875712071177,-13.198691312853443,-4.7755258343550535,0.13027742131455042,7.617602880688604,-0.8355933286869731,1.3330194479472575,-0.8734159747965555,6.773470462363835,13.900553092489716,-3.5467813029826667,-2.8760170883950407,1.5619300479678175,-10.138310973890547,3.9716219618801127,-4.4593816483839746,1.0931304603936856,-4.733695522907739,2.928329129034198,-17.307028255650696,-3.937884430626528,-5.4825446127629185,11.292520511619585,-9.77273794718347,3.891420717409878,-6.198659477860964,-3.2010982008198994,10.727397868509355,2.797291097475171
-0.0012010274465829212,1.3317548739173786,0.4906545680926101,0.4864674823984642,1.5290371199112887,1.1078632105662034,-0.14649697169324527,2.1687061632548326,1.6693598719267395,-0.3261003404354629,1.3082650266157527,0.6511426988888093,0.4063741601672383,0.8140117164621057,0.09974458328651094,0.4614861395678398,0.45307705976164353,0.21428965673312414,-0.4358552453552324,-0.7150973669320455,-0.1873480030928708,-0.5406162055699715,-1.1053390710883855,-0.17654087116012732,-0.1654136344835162,-0.4125902588389938,0.11771350334673215,-0.19749737351724683,2.0511260612509443,0.48008990149100306,0.09243206445006213,-0.8355933286869731,0.5004342283066197,-0.22106075709677087,0.10296018053654922,-0.7251666069888452,-1.9499945513119328,0.2379323197880252,0.46254246031386015,-0.4930139265388317,1.255276342909735,-0.5326961880628686,1.0250371445080613,-0.4957035067077225,0.31110610210415585,-0.3331228959555969,2.348534290901885,0.37465577965293084,0.9103125244751065,-1.731174591554664,1.2529922365552066,-0.423992466594952,0.987275053837193,0.5610178140028274,-1.5142364898738438,-0.08512164621402729
-0.28468666595117254,-1.0657282408945206,-0.6930440696264033,-0.40780276829765705,-1.6263820786290728,-1.3027868392922213,0.635928127130657,-3.1984507665868778,-1.645350915273627,0.3169342538730605,-1.0508691091368711,-0.26399546274852986,-0.2664963554067396,-1.0010638748064855,-0.026346348721534345,-0.8905171008962603,-0.2243622589785833,0.22480055619383515,0.20335969097693768,0.5656844099947406,0.3279910070939049,0.8250629541677268,1.0304618325352266,0.21464685276515016,-0.02966475163962891,1.0624677567404845,0.09080741601679487,0.28400491440175385,-1.7473383162669294,-0.9063053270122893,-0.366630032846431,1.3330194479472575,-0.22106075709677087,0.4623975381457636,-0.009365684876083854,1.25759450510838,2.4012948591268106,-0.1444797528818139,-0.46302617836942067,0.360870578606256,-1.4444865611975053,0.9710646515867664,-1.0514845856050703,0.09530463842652201,-0.6150403334076472,0.12251483518336519,-2.3400364302702115,-1.0037783003059422,-0.8534332107324285,1.8357598513424904,-1.6600113222309933,0.25794590836003217,-1.1520995607248201,-0.196122352257734,1.516957594208607,0.2553459334492177
-0.3585195903051304,1.5667609714227062,0.24653614031591134,0.39219232542314,1.8630143863312645,0.6439126296760812,-0.035179609850395865,1.7063340334259542,0.7629609688281881,-0.13803373180337944,1.3838876746161446,0.9901281348308492,0.5339977224751365,0.5769424192801467,0.31669641201963966,0.10973610093724942,0.6158217835093962,0.4481771943278809,-0.2598457765180519,-0.9237253297882215,-0.6343693078230792,-1.0551954391154788,-0.8209808845588558,0.2824534258765128,0.27335193317138684,0.09108467988679436,0.280872187490878,-0.0021697707695679577,2.0857567303160156,0.5041102181561248,-0.2948635036113894,-0.8734159747965555,0.10296018053654922,-0.009365684876083854,0.22472774233227003,-0.7307155845968561,-1.7330502228882287,0.761266685517944,0.39626809126158946,-0.15509180084510021,1.465816425051748,-0.2637672849051285,0.4085047993211474,-0.27685920588813007,0.693952058560772,-0.6333525031360723,2.617846732949717,0.20204312424916515,0.7876091526010883,-1.538638046011805,1.2257167495425467,-0.773793808824152,0.7096189967932436,0.7035009709691216,-1.593847745027789,-0.4507821550488578
0.3943890333629718,-8.025246235100347,-2.712644478823071,-2.3645750727735426,-10.680194465233118,-5.7123857124275785,1.9881592971212576,-14.471979180261384,-6.626726681660382,1.2849859436670819,-7.221176041498907,-3.884641607935813,-2.457351482122344,-4.4644060348456165,-1.1595329022687488,-2.7836549111963094,-2.5711875010009053,-0.6945034552664818,1.1768667850765981,4.667948450647896,3.164052558305712,5.977526356322576,5.4057536378981395,-0.4765848492662196,-1.2782757934842606,2.5993228335215344,-0.6972272331475855,0.7743068614614237,-11.474060410080462,-4.283642370466803,-0.005246304391994656,6.773470462363835,-0.7251666069888452,1.25759450510838,-0.7307155845968561,6.055780407188642,12.30624999142955,-3.010871637063362,-2.5273215646623233,1.3807083182605222,-8.88354697043675,3.6199817299269417,-3.991944946123923,0.8971332505135894,-4.167395252391185,2.4701474472045946,-15.103558890246815,-3.619392621778118,-4.804918378983544,9.940798255495766,-8.654899381587825,3.3207733722554273,-5.49501073980699,-2.6926722317531375,9.3762517701362,2.43142465172911
