V1,V2,V3,V4,V5,V6,V7,V8,V9,V10,V11,V12,V13,V14,V15,V16,V17,V18,V19,V20,V21,V22,V23,V24,V25,V26,V27,V28,V29,V30,V31,V32,V33,V34,V35,V36,V37,V38,V39,V40,V41,V42,V43,V44,V45,V46,V47,V48,V49,V50,V51,V52,V53,V54,V55,V56
1.075827149112304,0.8312335195310523,1.7000887237948898,3.748171097785862,-3.5783848230235247,14.223449840435972,3.1107646003097287,-14.602891153200765,-3.0069673177217062,-4.354694814462592,-11.455060182238443,-4.404839993564048,-0.47599800900870365,-17.221814851134543,0.49498711686483166,-7.732325937531866,-1.9893818033381028,-6.370372932806307,7.543147855569133,-9.390151021798589,3.890095113084144,4.7938310586155914,-4.46365758636143,-1.4707290760932303,6.579152360461354,11.1929308559801,6.116962566502228,-3.110094548420033,-1.5206621602354475,-3.683224133764774,-0.6172546369485755,-4.542400650210287,5.9296052674928434,6.877154395295015,-3.9442941093605848,0.4892155300359766,5.299364562634825,-3.087928454950153,-1.0957736770600293,-7.628648819865263,-2.889131435757584,-1.3358959342451169,-0.7591558004542005,1.9956050756546275,-6.143504675137141,-4.722802114001499,4.208517190439729,0.46238680072914634,-4.2763029824273815,9.778055465597259,-6.995776700438516,-3.1027386639433296,5.955389522412347,-5.129879544643535,2.380696639412508,-5.202784933617794
0.8312335195310523,0.8140865226286887,0.9588932640572752,2.687559617427034,-2.301834617825804,10.36037835318939,3.0750184530095312,-10.253610468852724,-2.0818829621609356,-3.067462199037877,-7.796154155368031,-2.8217759269668217,-0.6858566093423909,-12.16776760925782,-0.009876691427873454,-4.788926277303566,-1.8142337849794514,-4.406538007721611,5.004200449952631,-6.69607843411349,2.705765969897226,3.4497477108029875,-2.7526116642109093,-1.0786572576467135,4.447931959506469,7.8930342924119685,4.351240085762064,-1.7694133976033664,-1.2848092569881417,-3.0297033572347547,-0.6273085656617103,-3.47825947531656,3.691379810126322,5.03469171721911,-2.7441426134034494,0.39045299537924694,3.5470420727878014,-2.3909527378441933,-1.132829152098854,-5.169626972408512,-1.7026113972883397,-1.0901083082048368,-0.2687773351322775,1.3892120622764954,-4.596523695788829,-3.205452948774565,3.2547319968492237,0.9356033414856643,-2.91406770893894,7.240569335692165,-4.667258475397084,-1.725877348471422,4.141316100157804,-3.15813814126582,1.483787317015606,-4.239855769207994
1.7000887237948898,0.9588932640572752,3.5827408975697668,6.460686247084546,-6.7672605796943275,24.086948767095464,3.391017120169081,-25.61274368501629,-5.401598944925803,-7.704778507002842,-20.765928056710898,-8.43122802545259,-0.006122318753710269,-30.14585419269907,1.7568604759759532,-15.13788442651938,-2.4816693535215015,-11.356656125344148,14.016116085015067,-16.207526635290876,6.80343953710915,8.266728855633383,-8.70425895299185,-2.476441473996526,11.994757440333283,19.61089054638449,10.647117507795347,-6.5273773490377005,-2.1574207946623742,-5.402636274046407,-0.599835293679603,-7.305107108740982,11.467382759532573,11.578802146404078,-7.052348426794492,0.7647977122201023,9.803644174375947,-4.84866437767872,-1.0177292446906356,-13.82310930935256,-5.81881120043281,-1.9072695407146332,-2.007519496642832,3.6352564395908016,-10.098308110219543,-8.557889956641239,6.620171755282428,-0.7331600150915627,-7.781976160230508,16.290064899802076,-12.90012115213923,-6.535050435689245,10.61360162263824,-10.089811860803234,4.646310069077201,-7.720412069763524
3.748171097785862,2.687559617427034,6.460686247084546,13.389138351268384,-13.131904887345527,50.55909987266771,9.933996177190844,-52.430540902333924,-10.890380117528823,-15.671164427141138,-41.53842873233605,-16.236111968711832,-1.2166239361310898,-61.80491422111573,2.3099125107792724,-28.70150862306664,-6.544351499693542,-22.985770919485958,27.559936695164495,-33.56290143307213,13.949774641248556,17.113640651018663,-16.545260356354937,-5.211901660185047,23.907694803363285,40.17813303906745,21.9154614516472,-11.80079410918478,-5.161778463987403,-12.588548081218496,-1.9333738983538977,-15.924670401637654,21.919348158422093,24.408870326551042,-14.242262553072171,1.6920411160581494,19.327582862325766,-10.743524514899619,-3.3996820344915593,-27.648280551581674,-10.814648506994969,-4.54348360260194,-3.139734696473811,7.255041078561203,-21.647699802981773,-17.12556247772288,14.667235506947513,0.7523074564975439,-15.525475757696418,34.602630479430964,-25.488793178224515,-11.796650052680075,21.481160018947996,-19.072625410331668,8.826869785511388,-17.856018344099567
-3.5783848230235247,-2.301834617825804,-6.7672605796943275,-13.131904887345527,13.301375266210886,-49.30198571031694,-8.407472248683169,51.738167691468526,10.787308223242391,15.485898944695595,41.404048708177754,16.474833741462664,0.6413005746164372,60.8990318454887,-2.859686964715879,29.36062004036669,5.783437879742586,22.789749567201305,-27.681384670735785,32.94012390609622,-13.78739126389,-16.794474324836166,16.928959648324295,5.082811178302867,-23.86154804327035,-39.609345185080734,-21.552117725146474,12.342236441529453,4.741806776187458,11.721535245912944,1.584519814492208,15.246669783202352,-22.374192410537315,-23.75394756422677,14.1209066461778,-1.6145410778920932,-19.38758212612431,10.241216854794366,2.755706501568898,27.5880430932468,11.191842694771307,4.206549051629395,3.5208591163750342,-7.202292114263636,20.920695506296386,17.07278105335322,-13.964174109306732,0.28053006170943345,15.481118458311247,-33.54814458135983,25.565472244442404,12.36139758047314,-21.28912495994944,19.535540636209177,-9.020162994797769,16.66124263693038
14.223449840435972,10.36037835318939,24.086948767095464,50.55909987266771,-49.30198571031694,191.14253498059833,38.40670565359532,-197.80615364388382,-41.06586634933909,-59.0679910917085,-156.40729609013104,-60.92152044006085,-4.970880193215707,-233.2025453772831,8.305419275858656,-107.55461183520276,-25.162090282593834,-86.64473509648604,103.62324259374236,-126.76556340898216,52.63356319922561,64.58528473985812,-62.01437511437909,-19.689856764685594,90.01734803719468,151.59078703682133,82.7150640021406,-44.00488728561933,-19.720973524738827,-47.966474287071456,-7.530559179397823,-60.40865645314646,82.19400293347529,92.32018025001352,-53.65756355168692,6.3996891317121545,72.66060302689526,-40.784575850196106,-13.257142055880388,-104.09362883389876,-40.44475670493109,-17.367308715870017,-11.554492386003801,27.3161486514082,-81.96110812859995,-64.4945509465679,55.717935746490156,3.5907932688528392,-58.44239545891116,130.95521832615896,-95.85480301204389,-44.013518501359165,80.95041882588015,-71.45954306105644,33.078053494695645,-68.04892008158906
3.1107646003097287,3.0750184530095312,3.391017120169081,9.933996177190844,-8.407472248683169,38.40670565359532,11.740116154872629,-37.856011880045735,-7.610591392795388,-11.253209754334906,-28.58499425324376,-10.233826728394295,-2.6963201275519926,-44.850120163360884,-0.24325448216922946,-17.322356696474905,-6.911034967518474,-16.210140244952598,18.249224007693385,-24.780442191007282,10.052730732906797,12.734548174325704,-10.009372901394498,-4.004220909982977,16.289181462409122,29.10260797291266,16.04526710654205,-6.257323530736908,-4.839953732902621,-11.405109913016936,-2.4266903662832666,-12.951760736358299,13.455110050209166,18.680343898869463,-10.055683326162512,1.4540859195572515,12.93071555228758,-8.971748177053112,-4.391528915741423,-18.99931932689706,-6.151957474310363,-4.1611808504673755,-0.817196382862769,5.024618986604009,-17.117816579370057,-11.768858595316052,12.199042192331891,3.8241634438788443,-10.651756492828017,26.88222388241732,-17.07360624192644,-6.13592597838367,15.207616863385965,-11.409221472619235,5.3669858062940135,-15.936551521930111
-14.602891153200765,-10.253610468852724,-25.61274368501629,-52.430540902333924,51.738167691468526,-197.80615364388382,-37.856011880045735,205.5966985176899,42.774115442190585,61.42396502158675,163.19290176243044,63.992367774260984,4.3430320521476515,242.2718748950791,-9.493599569600434,113.32620978066045,25.161371152611263,90.22489562554838,-108.43773262386635,131.50295523566604,-54.72548162229989,-66.97227284755499,65.33842955188116,20.364949461114463,-93.98451011827032,-157.51279210487917,-85.86859539346169,46.763942673477096,19.987421199061263,48.81369060037362,7.356232689005346,62.11603269784272,-86.51510658216012,-95.47270281375403,55.87187422323459,-6.5568209263396655,-75.98643204929904,41.8489546365111,12.899698774899548,108.63515292466776,42.794792743134174,17.648625327387652,12.651569723898927,-28.474320258682294,84.52567889700583,67.29841602907693,-57.174315969537716,-2.2371846458426634,60.98991685659006,-135.24412572492932,100.23515075303614,46.81833170782835,-84.27465410649275,75.33643173106235,-34.83690396901586,69.33540406904183
-3.0069673177217062,-2.0818829621609356,-5.401598944925803,-10.890380117528823,10.787308223242391,-41.06586634933909,-7.610591392795388,42.774115442190585,9.031470227248947,12.78756213422383,34.091930523515444,13.415801208797594,0.8055462859427378,50.47188614429694,-2.1025318740909817,23.793597136411442,5.123587188493686,18.831952147069348,-22.727701573673198,27.36687905214344,-11.325087981469467,-13.85314046346626,13.670577613425845,4.182402310534445,-19.699886160143656,-32.80354795846628,-17.877893143942238,9.861793355696845,4.1271463923021985,9.998360088702956,1.4896459185894884,12.913291737138122,-18.069449209448535,-19.82820180713582,11.654162423339324,-1.3048263324928453,-15.87539767516062,8.596186545936593,2.5829042835270877,22.629048882656164,8.958735296459295,3.6286070853587136,2.7844926598939166,-6.017965188017994,17.451873931709322,14.063423472277593,-11.842880739748571,-0.31473448469811943,12.76112031454585,-28.079661399188602,20.91977322156417,9.90518222986848,-17.564076468503703,15.842512482904215,-7.3040591671285435,14.330789911276318
-4.354694814462592,-3.067462199037877,-7.704778507002842,-15.671164427141138,15.485898944695595,-59.0679910917085,-11.253209754334906,61.42396502158675,12.78756213422383,18.40943953679754,48.82119989786724,19.182502466911288,1.262729490980119,72.43122431174629,-2.8932684620619247,33.955742410198226,7.4599986996685494,26.970084660942522,-32.46806900448588,39.25688183214393,-16.31425993231127,-20.055783492396497,19.547105160000463,6.094622936777021,-28.102184880707632,-47.084553885197415,-25.67596723857242,14.073887963614805,5.9432552694020275,14.542866351379415,2.1568326921202585,18.524752603779696,-25.875810665232727,-28.497536544019006,16.73855273929924,-1.9790862284618453,-22.781123141900032,12.465235152186137,3.785161555427994,32.483191963998536,12.815541587056401,5.202781127092906,3.818912477325451,-8.556503899914716,25.231588194747133,20.116472331045834,-17.004398749511008,-0.5303746568316429,18.266670338489263,-40.37185589982106,30.007177717655747,14.037465303876528,-25.22710891594274,22.5706395354656,-10.444180065108508,20.62473856876394
-11.455060182238443,-7.796154155368031,-20.765928056710898,-41.53842873233605,41.404048708177754,-156.40729609013104,-28.58499425324376,163.19290176243044,34.091930523515444,48.82119989786724,130.0497688679583,51.31330740542428,2.8594435863062357,192.30930353924992,-8.181155837340155,91.0934955359968,19.255923371075195,71.76484601707502,-86.6732033829389,104.20482305261515,-43.38911068464369,-53.050247414576084,52.468768334352816,16.078858684055557,-74.96289038604984,-125.03495080858245,-68.11813198949459,37.90087504712688,15.513323220845754,37.984092394809544,5.496551696629063,48.86206492345612,-69.39959667692098,-75.446225879468,44.462591033455034,-5.126232477270497,-60.6967102797222,32.792953296449625,9.590344473708672,86.53628292644075,34.4871541001563,13.685951917318276,10.55484699416058,-22.743785751839173,66.59227216386526,53.62461245616574,-44.84314978102376,-0.6698443770009617,48.63753963983493,-106.75930897284415,80.01636795407568,37.95316273944504,-67.03076792272984,60.595251134950956,-27.991322267087526,54.05856563043889
-4.404839993564048,-2.8217759269668217,-8.43122802545259,-16.236111968711832,16.474833741462664,-60.92152044006085,-10.233826728394295,63.992367774260984,13.415801208797594,19.182502466911288,51.31330740542428,20.458286962158734,0.7270940817035846,75.37904822131254,-3.6294669753281132,36.46991989706638,7.069641604546387,28.22491987489858,-34.35627232551897,40.73126853202453,-17.006873710655835,-20.749103024454797,20.991621721898643,6.262417072196335,-29.6009100531687,-49.0189534354663,-26.672612004568762,15.378194707174368,5.83666852684366,14.396625516592772,1.9213505876165846,18.837649659632756,-27.724260620903298,-29.351241143433878,17.501484056606376,-1.974146566980292,-24.04850184274431,12.592694248287158,3.3263898727496746,34.14794107561598,13.884374715391194,5.151758463861219,4.45256585846381,-8.978726308162043,25.79717652284685,21.15419395388138,-17.21227802327014,0.4840132918134599,19.205252844699,-41.449502779316624,31.681082760128582,15.3979841917772,-26.36829221746968,24.277960282724706,-11.201705104054108,20.518744046245384
-0.47599800900870365,-0.6858566093423909,-0.006122318753710269,-1.2166239361310898,0.6413005746164372,-4.970880193215707,-2.6963201275519926,4.3430320521476515,0.8055462859427378,1.262729490980119,2.8594435863062357,0.7270940817035846,0.849365503462434,5.207835837454368,0.5970516988377939,0.97339580784108,1.4449764636508255,1.746170013839059,-1.6019654427477183,3.0109597853083248,-1.1501005465198757,-1.55931640063503,0.5735590643710601,0.5255673452188367,-1.5855613203056764,-3.3639135186892952,-1.9036125441095264,0.03563774534948216,0.889046820235519,1.9930884940471982,0.5894214691863288,1.922826187049226,-0.8391023632212454,-2.4595613597147983,1.0800187648129216,-0.2283056090415518,-1.169512553202671,1.389550235550013,1.0850387899348042,1.8901706639900957,0.21171615596246576,0.7491098018488753,-0.3335396935416293,-0.5104933503101883,2.4011284949591984,1.1755111362292565,-1.88820162877819,-1.4285954218049564,1.053033616720426,-3.650445995097786,1.5570441668300337,-0.0014466229109275992,-1.6480862286503717,0.6069882315297108,-0.31401074017487796,2.742394359594584
-17.221814851134543,-12.16776760925782,-30.14585419269907,-61.80491422111573,60.8990318454887,-233.2025453772831,-44.850120163360884,242.2718748950791,50.47188614429694,72.43122431174629,192.30930353924992,75.37904822131254,5.207835837454368,285.5998815046416,-11.125667725780815,133.4236763198491,29.749233385097458,106.33275099577499,-127.78491901064578,154.99496748230501,-64.415374853978,-78.94650670980838,76.87063138151291,23.99584820728764,-110.76669375215161,-185.66439042368563,-101.23624950379987,55.05244472665844,23.620702688120932,57.618485921050876,8.71060805639413,73.30876215989275,-101.77804836644792,-112.56531587881115,65.87522842935938,-7.729115165652062,-89.54984281174252,49.33280018270439,15.27150547623066,127.95835774601852,50.32326113971316,20.79683651401804,14.894358918703523,-33.63609778553665,99.64898896944372,79.29226350753041,-67.43512091224522,-2.7502203448462996,71.89940899255998,-159.49496677555084,118.07684929523643,55.079150959162774,-99.3402950435693,88.70081391033153,-41.01753759190927,81.87257949494949
0.49498711686483166,-0.009876691427873454,1.7568604759759532,2.3099125107792724,-2.859686964715879,8.305419275858656,-0.24325448216922946,-9.493599569600434,-2.1025318740909817,-2.8932684620619247,-8.181155837340155,-3.6294669753281132,0.5970516988377939,-11.125667725780815,1.290936738007909,-6.746272548902049,-0.1952874153448876,-4.343941120216969,5.761250580584271,-5.825535645149396,2.509770758257043,2.9468051863987754,-3.858600742921158,-0.8371684158835866,4.78099332258092,7.251319711565974,3.8841345160133574,-3.1839919706088593,-0.4346128372137441,-1.2352164535435761,0.12153566948523531,-2.2357308377657237,5.020292041697631,3.944916836629604,-2.7037558369871615,0.20761793469950449,3.9904285097280217,-1.386471044668227,0.2699954246241493,-5.440454768825035,-2.6978899925409006,-0.4022580262712297,-1.2357660514742528,1.4421688814670421,-3.2476513408232743,-3.3726045497701693,1.9149029066059748,-1.3714947402520583,-3.084194469646241,5.418964539357365,-5.229472651424391,-3.2140115403671543,4.048103060666455,-4.529278790739217,2.059203236039461,-1.8578573471701623
-7.732325937531866,-4.788926277303566,-15.13788442651938,-28.70150862306664,29.36062004036669,-107.55461183520276,-17.322356696474905,113.32620978066045,23.793597136411442,33.955742410198226,91.0934955359968,36.46991989706638,0.97339580784108,133.4236763198491,-6.746272548902049,65.15662673612734,12.149334726232716,50.04617216406088,-61.105154620139885,72.04611226502419,-30.140486370876214,-36.65934780745743,37.51479194717956,11.044220959258762,-52.58132987607595,-86.77873611414572,-47.184062575492526,27.597776275894667,10.145435932046315,25.096308377805748,3.2329911586457776,33.1082024670267,-49.517147179364386,-51.79753718153006,31.012942028806922,-3.4475466399672516,-42.737396978832365,22.100028755420993,5.570123928175421,60.63781880618287,24.877219505381795,8.994129482441453,8.125644532328264,-15.912370697723587,45.427310565769936,37.56398780578061,-30.222181994620527,1.3920635793535265,34.089463914174516,-73.07250144576291,56.319233652442335,27.675581333235012,-46.728450918687194,43.39236148657727,-20.003434098824144,35.82237496482877
-1.9893818033381028,-1.8142337849794514,-2.4816693535215015,-6.544351499693542,5.783437879742586,-25.162090282593834,-6.911034967518474,25.161371152611263,5.123587188493686,7.4599986996685494,19.255923371075195,7.069641604546387,1.4449764636508255,29.749233385097458,-0.1952874153448876,12.149334726232716,4.186066318688099,10.850506576787808,-12.434625165286167,16.384005145726217,-6.695486567201346,-8.351916654635303,7.023782474472466,2.6003055706263822,-11.024653928510833,-19.316071043756313,-10.611631844783176,4.5594941576277765,3.0128526704683973,7.131398483224125,1.4303237806395088,8.345079122904634,-9.395571824411013,-12.22094286424622,6.706128590757414,-0.9007784211479322,-8.758103819580139,5.732126646352107,2.56741420224794,12.803210235046812,4.400698387615046,2.627877189083291,0.8251548027510289,-3.3680069038445293,11.080682382423886,7.941295575686835,-7.832355827929854,-1.9616773706199218,7.173497519294778,-17.510659987321745,11.581170164289182,4.536074612678185,-10.143514612088927,8.030751661149566,-3.7500274560816527,10.040384191766654
-6.370372932806307,-4.406538007721611,-11.356656125344148,-22.985770919485958,22.789749567201305,-86.64473509648604,-16.210140244952598,90.22489562554838,18.831952147069348,26.970084660942522,71.76484601707502,28.22491987489858,1.746170013839059,106.33275099577499,-4.343941120216969,50.04617216406088,10.850506576787808,39.64268569947043,-47.76236740486691,57.671450321468086,-23.992894812333233,-29.345164024039526,28.83276370751166,8.904396106499007,-41.36060896104279,-69.13145267887961,-37.67496722180252,20.732092017202895,8.681967842013732,21.2087387035729,3.139624943227565,27.153451289674315,-38.15337468508916,-41.81110499407953,24.549875497270733,-2.8451326963887293,-33.44730044755492,18.242240467163377,5.487880464608683,47.7520259893356,18.91464281740341,7.661742067973222,5.704305624462653,-12.546848604200491,36.946352731363234,29.595120774636726,-24.95424419940586,-0.6921609810554161,26.832005004337052,-59.199080806786434,44.10714455324181,20.766966275927306,-37.020336809928864,33.28411913557761,-15.379126506214929,30.178985740323967
7.543147855569133,5.004200449952631,14.016116085015067,27.559936695164495,-27.681384670735785,103.62324259374236,18.249224007693385,-108.43773262386635,-22.727701573673198,-32.46806900448588,-86.6732033829389,-34.35627232551897,-1.6019654427477183,-127.78491901064578,5.761250580584271,-61.105154620139885,-12.434625165286167,-47.76236740486691,57.894845726327105,-69.15696566141659,28.80725310684338,35.18782143370095,-35.170909345366454,-10.637420910125368,49.997036665221614,83.08570634238504,45.24063727969157,-25.57478983161996,-10.131626490764829,-24.852545514206174,-3.4813532767244806,-32.24684430921171,46.48209100911832,49.96330199773589,-29.597897106437987,3.3623868078166903,40.51898584784942,-21.574916272248206,-6.047147345084829,-57.655274372396725,-23.17783678455815,-8.935600521488361,-7.2739763058551405,15.182623102861074,-43.99238785775267,-35.737590660221706,29.529710420474114,-0.10680453968775723,-32.43092533109143,70.64063170297754,-53.39530691570191,-25.62007417318445,44.60599442741822,-40.66751937841776,18.769752446535062,-35.4320916260186
-9.390151021798589,-6.69607843411349,-16.207526635290876,-33.56290143307213,32.94012390609622,-126.76556340898216,-24.780442191007282,131.50295523566604,27.36687905214344,39.25688183214393,104.20482305261515,40.73126853202453,3.0109597853083248,154.99496748230501,-5.825535645149396,72.04611226502419,16.384005145726217,57.671450321468086,-69.15696566141659,84.20547229408682,-34.99401790821076,-42.84070849144331,41.53671933598411,13.035378281328999,-60.019781280054076,-100.76137023962733,-54.94904657830992,29.598798019261128,12.940225225957475,31.507197577550837,4.851656499375386,39.94447726598254,-55.017479200406626,-61.211435589278395,35.69473393210159,-4.196404345801399,-48.44818304891647,26.913608161525723,8.514398365037122,69.34907410392434,27.148438409567813,11.425058407444732,7.926461316610017,-18.194344373491248,54.23216612755038,42.97910931476352,-36.80793788358644,-1.8935975194112142,38.93808898270279,-86.76250609714911,63.923865611528804,29.650211355110574,-53.85096867186456,47.89035848818877,-22.146258100459214,44.77820346122631
3.890095113084144,2.705765969897226,6.80343953710915,13.949774641248556,-13.78739126389,52.63356319922561,10.052730732906797,-54.72548162229989,-11.325087981469467,-16.31425993231127,-43.38911068464369,-17.006873710655835,-1.1501005465198757,-64.415374853978,2.509770758257043,-30.140486370876214,-6.695486567201346,-23.992894812333233,28.80725310684338,-34.99401790821076,14.618532447136118,17.823658110351072,-17.418211284629777,-5.432003408448773,24.97032098604847,41.89092962593381,22.827991857116672,-12.415264762848496,-5.306167634939364,-12.99925633514574,-1.959617895544049,-16.497593589917354,23.075407734710065,25.401598856966988,-14.839731675450258,1.7536581001331242,20.189272736176964,-11.165969315472424,-3.4438018160305814,-28.926371679002965,-11.414320562201452,-4.723628180365388,-3.3290435291976688,7.51261891528749,-22.51677835423824,-17.901187917912075,15.222878003597044,0.6152063832758277,-16.19504792716835,35.96900418514334,-26.66717786764743,-12.449483521721813,22.400682174050257,-20.029561110612892,9.265330008163419,-18.428625754909437
4.7938310586155914,3.4497477108029875,8.266728855633383,17.113640651018663,-16.794474324836166,64.58528473985812,12.734548174325704,-66.97227284755499,-13.85314046346626,-20.055783492396497,-53.050247414576084,-20.749103024454797,-1.55931640063503,-78.94650670980838,2.9468051863987754,-36.65934780745743,-8.351916654635303,-29.345164024039526,35.18782143370095,-42.84070849144331,17.823658110351072,21.93027465768011,-21.134262740147133,-6.689574044000603,30.491796391917436,51.32277223710146,28.00062321172707,-15.104317160965909,-6.577340570950869,-16.106030024184413,-2.4500500637053735,-20.30811391812772,28.008059266921297,31.16658116707255,-18.21243769526133,2.2029734281301896,24.721947703905318,-13.739183865986995,-4.323879807687077,-35.332464554131654,-13.825231630379681,-5.765855695871318,-3.9769125615839624,9.257681300869658,-27.687665321297004,-21.857722543229922,18.689523533084596,0.9037205170245953,-19.833376149468727,44.18489613130681,-32.582444863094715,-15.04617205184124,27.46187596012017,-24.34760747213446,11.28315456797788,-22.76034482626442
-4.46365758636143,-2.7526116642109093,-8.70425895299185,-16.545260356354937,16.928959648324295,-62.01437511437909,-10.009372901394498,65.33842955188116,13.670577613425845,19.547105160000463,52.468768334352816,20.991621721898643,0.5735590643710601,76.87063138151291,-3.858600742921158,37.51479194717956,7.023782474472466,28.83276370751166,-35.170909345366454,41.53671933598411,-17.418211284629777,-21.134262740147133,21.632262134333054,6.377491695864876,-30.272243950454936,-50.00505879176554,-27.183420709786294,15.863400934841351,5.849452292761983,14.494527167435718,1.8757936491338274,19.074573751007918,-28.564040583419082,-29.865705532267405,17.85253205273513,-1.9948197328166044,-24.60057910849519,12.773583198823893,3.2385126495390755,34.95883646643846,14.345218236488073,5.216183241227937,4.642513071509127,-9.12025287624559,26.21812677349501,21.643242010452077,-17.445207761623564,0.7536937584139197,19.6182384365693,-42.12485404650692,32.44697580428081,15.925251010671746,-26.91279809108769,24.977760306184273,-11.517342300397607,20.662390034852827
-1.4707290760932303,-1.0786572576467135,-2.476441473996526,-5.211901660185047,5.082811178302867,-19.689856764685594,-4.004220909982977,20.364949461114463,4.182402310534445,6.094622936777021,16.078858684055557,6.262417072196335,0.5255673452188367,23.99584820728764,-0.8371684158835866,11.044220959258762,2.6003055706263822,8.904396106499007,-10.637420910125368,13.035378281328999,-5.432003408448773,-6.689574044000603,6.377491695864876,2.048685791617729,-9.226341014595507,-15.600863454458022,-8.515307252590743,4.525624965056795,2.0260972529356054,4.968949955006815,0.7717779522292184,6.203093135841896,-8.461464290462354,-9.502901787638026,5.5274278143463125,-0.6849528096581617,-7.485176861230722,4.221074477952412,1.3695250392743983,10.721102436605987,4.163725370288567,1.778616373193605,1.1539685537261923,-2.7922555408748067,8.471585239530349,6.624008325344664,-5.722969724839102,-0.3641119812882986,6.006369943627855,-13.480746197654113,9.870461701391484,4.501010951504836,-8.338343958451608,7.328480362828191,-3.4018307819744975,6.994004396823453
6.579152360461354,4.447931959506469,11.994757440333283,23.907694803363285,-23.86154804327035,90.01734803719468,16.289181462409122,-93.98451011827032,-19.699886160143656,-28.102184880707632,-74.96289038604984,-29.6009100531687,-1.5855613203056764,-110.76669375215161,4.78099332258092,-52.58132987607595,-11.024653928510833,-41.36060896104279,49.997036665221614,-60.019781280054076,24.97032098604847,30.491796391917436,-30.272243950454936,-9.226341014595507,43.249470600391376,72.0154763814097,39.22616497753897,-21.88920634884151,-8.913337244476546,-21.78042957463832,-3.14514584327598,-28.12700083855861,40.024552806765314,43.42750296137546,-25.60887002291343,2.913105661409781,34.97592904593693,-18.827486241825653,-5.470285021600441,-49.85465268370897,-19.90100118349677,-7.871891742814897,-6.160172756146153,13.131139021663385,-38.27221848309127,-30.91807730933872,25.803879860823088,0.3132614681099914,-28.03890475231983,61.44107265073193,-46.11237532914121,-21.95410143443401,38.60663363615721,-34.99151049594278,16.14966469077991,-31.075626962592597
11.1929308559801,7.8930342924119685,19.61089054638449,40.17813303906745,-39.609345185080734,151.59078703682133,29.10260797291266,-157.51279210487917,-32.80354795846628,-47.084553885197415,-125.03495080858245,-49.0189534354663,-3.3639135186892952,-185.66439042368563,7.251319711565974,-86.77873611414572,-19.316071043756313,-69.13145267887961,83.08570634238504,-100.76137023962733,41.89092962593381,51.32277223710146,-50.00505879176554,-15.600863454458022,72.0154763814097,120.70081638597729,65.81008645836386,-35.811474183659556,-15.341102660970785,-37.435821200871644,-5.651566429584152,-47.6369555935815,66.2079879170831,73.16962352602287,-42.824551307788944,5.0246382112220385,58.22483574009372,-32.06570998906437,-9.908666331984515,-83.20529732950868,-32.74160565104513,-13.516140111614384,-9.691415581836948,21.856489857768555,-64.77386589983885,-51.5557407434804,43.824964871218455,1.754290221621554,-46.743272598508405,103.66722101811521,-76.78007956165709,-35.83382944633377,64.58291012854144,-57.69049817849242,26.677435268392706,-53.188455574866396
6.116962566502228,4.351240085762064,10.647117507795347,21.9154614516472,-21.552117725146474,82.7150640021406,16.04526710654205,-85.86859539346169,-17.877893143942238,-25.67596723857242,-68.11813198949459,-26.672612004568762,-1.9036125441095264,-101.23624950379987,3.8841345160133574,-47.184062575492526,-10.611631844783176,-37.67496722180252,45.24063727969157,-54.94904657830992,22.827991857116672,28.00062321172707,-27.183420709786294,-8.515307252590743,39.22616497753897,65.81008645836386,35.89043536177022,-19.446490056095858,-8.405748094602055,-20.496614589373905,-3.1173763086926245,-26.02659657951334,35.9977286354919,39.92898771021356,-23.345074671237285,2.7507837655158074,31.712875548678955,-17.523343315864842,-5.470718364706233,-45.32336893351249,-17.784219558668784,-7.393189644825666,-5.23217804340438,11.917561034734204,-35.368236507786776,-28.083758941545,23.946275488707645,1.0701799569857826,-25.468245424859727,56.58932774371442,-41.81180846849853,-19.44556747684228,35.203966076942486,-31.364026218849638,14.507697718124549,-29.109516299518678
-3.110094548420033,-1.7694133976033664,-6.5273773490377005,-11.80079410918478,12.342236441529453,-44.00488728561933,-6.257323530736908,46.763942673477096,9.861793355696845,14.073887963614805,37.90087504712688,15.378194707174368,0.03563774534948216,55.05244472665844,-3.1839919706088593,27.597776275894667,4.5594941576277765,20.732092017202895,-25.57478983161996,29.598798019261128,-12.415264762848496,-15.104317160965909,15.863400934841351,4.525624965056795,-21.88920634884151,-35.811474183659556,-19.446490056095858,11.894897227058337,3.953846915819876,9.895981968417173,1.1066997206930447,13.359003362442188,-20.900669712667217,-21.15452965974874,12.878224846652234,-1.401504334923785,-17.892973598346146,8.866513911131031,1.8805293328298502,25.226150376583817,10.600766020150267,3.4871401755040097,3.6481043595827396,-6.641626638042614,18.456893002399575,15.617138831111887,-12.10367923249995,1.303140813671548,14.205844543884854,-29.76951286043332,23.539373360538878,11.900273045810188,-19.38004357661519,18.39333447962589,-8.471682642512707,14.135620582933415
-1.5206621602354475,-1.2848092569881417,-2.1574207946623742,-5.161778463987403,4.741806776187458,-19.720973524738827,-4.839953732902621,19.987421199061263,4.1271463923021985,5.9432552694020275,15.513323220845754,5.83666852684366,0.889046820235519,23.620702688120932,-0.4346128372137441,10.145435932046315,3.0128526704683973,8.681967842013732,-10.131626490764829,12.940225225957475,-5.306167634939364,-6.577340570950869,5.849452292761983,2.0260972529356054,-8.913337244476546,-15.341102660970785,-8.405748094602055,3.953846915819876,2.2389315643991514,5.329712986509009,0.9892393546422861,6.432945012321853,-7.7894268075731965,-9.560699770872118,5.368461097182152,-0.6776198728048328,-7.113127995421277,4.370692478326809,1.7600752401324637,10.304501369412963,3.7255075787243013,1.956058284843911,0.8766301437307308,-2.7263335261234642,8.582232221259126,6.398462087709147,-5.992667312246246,-1.0857204699136258,5.789903766440106,-13.647743604204347,9.392849778783871,3.949606768166276,-8.109039324096694,6.725240121534043,-3.1248718803947795,7.549852839215383
-3.683224133764774,-3.0297033572347547,-5.402636274046407,-12.588548081218496,11.721535245912944,-47.966474287071456,-11.405109913016936,48.81369060037362,9.998360088702956,14.542866351379415,37.984092394809544,14.396625516592772,1.9930884940471982,57.618485921050876,-1.2352164535435761,25.096308377805748,7.131398483224125,21.2087387035729,-24.852545514206174,31.507197577550837,-12.99925633514574,-16.106030024184413,14.494527167435718,4.968949955006815,-21.78042957463832,-37.435821200871644,-20.496614589373905,9.895981968417173,5.329712986509009,12.821153270901453,2.29168979952348,15.504650108880982,-19.299088550525713,-23.222982993098242,13.136150667230764,-1.6858126379073683,-17.489353817521593,10.58931143028649,4.090863615898905,25.286574383862753,9.290812106038688,4.661786841080811,2.2205549598502214,-6.625691953878768,20.865102480373185,15.656985553392552,-14.424876206023946,-2.2714867473186837,14.17267037671737,-33.10578050338577,23.091271189324136,9.847786975643976,-19.840730687151268,16.626699722353976,-7.736136078256744,18.06329528799307
-0.6172546369485755,-0.6273085656617103,-0.599835293679603,-1.9333738983538977,1.584519814492208,-7.530559179397823,-2.4266903662832666,7.356232689005346,1.4896459185894884,2.1568326921202585,5.496551696629063,1.9213505876165846,0.5894214691863288,8.71060805639413,0.12153566948523531,3.2329911586457776,1.4303237806395088,3.139624943227565,-3.4813532767244806,4.851656499375386,-1.959617895544049,-2.4500500637053735,1.8757936491338274,0.7717779522292184,-3.14514584327598,-5.651566429584152,-3.1173763086926245,1.1066997206930447,0.9892393546422861,2.29168979952348,0.5219571598201689,2.583936985744673,-2.527489333489544,-3.674923243297182,1.928301797597983,-0.2701438218027351,-2.4481467496615177,1.7860503572405955,0.9395358782686413,3.6483221086804347,1.1303978424207557,0.8677527427838785,0.11461137475058762,-0.961047397586208,3.3667626807139803,2.271523332702055,-2.4578623893632243,-0.9035593482734439,2.0401963486025116,-5.298869106528066,3.2511458055907054,1.1111676755081754,-2.925221696199007,2.1306066156661583,-0.9985958855927236,3.2345812138772745
-4.542400650210287,-3.47825947531656,-7.305107108740982,-15.924670401637654,15.246669783202352,-60.40865645314646,-12.951760736358299,62.11603269784272,12.913291737138122,18.524752603779696,48.86206492345612,18.837649659632756,1.922826187049226,73.30876215989275,-2.2357308377657237,33.1082024670267,8.345079122904634,27.153451289674315,-32.24684430921171,39.94447726598254,-16.497593589917354,-20.30811391812772,19.074573751007918,6.203093135841896,-28.12700083855861,-47.6369555935815,-26.02659657951334,13.359003362442188,6.432945012321853,15.504650108880982,2.583936985744673,19.300970443869073,-25.30873812783538,-29.215346779189883,16.803599616604853,-2.022418387395956,-22.604087769750887,13.026927454724726,4.558952989207089,32.47997983991648,12.351591626185735,5.6448098630667864,3.3792830278081776,-8.571313181499601,26.000788009198143,20.151476154450442,-17.848908379180177,-1.8153112261242783,18.25659688081594,-41.52634900937514,29.823478040578415,13.366558188881227,-25.357512983648363,21.98937831951158,-10.183656356364123,22.02446245859379
5.9296052674928434,3.691379810126322,11.467382759532573,21.919348158422093,-22.374192410537315,82.19400293347529,13.455110050209166,-86.51510658216012,-18.069449209448535,-25.875810665232727,-69.39959667692098,-27.724260620903298,-0.8391023632212454,-101.77804836644792,5.020292041697631,-49.517147179364386,-9.395571824411013,-38.15337468508916,46.48209100911832,-55.017479200406626,23.075407734710065,28.008059266921297,-28.564040583419082,-8.461464290462354,40.024552806765314,66.2079879170831,35.9977286354919,-20.900669712667217,-7.7894268075731965,-19.299088550525713,-2.527489333489544,-25.30873812783538,37.729084356976664,39.58816226751634,-23.62343387029884,2.6583495383167706,32.52383570832319,-16.975362112041918,-4.37405750826632,-46.25076312335685,-18.928025056181493,-6.947537770122015,-6.070276769207632,12.050115898808718,-34.78974256867554,-28.62677130862745,23.16631151713353,-0.8547529768513211,-25.943064779743544,55.85308911609063,-42.90413075448699,-20.975966367640616,35.6173391623448,-32.96160240585408,15.20487502823999,-27.482023202359052
6.877154395295015,5.03469171721911,11.578802146404078,24.408870326551042,-23.75394756422677,92.32018025001352,18.680343898869463,-95.47270281375403,-19.82820180713582,-28.497536544019006,-75.446225879468,-29.351241143433878,-2.4595613597147983,-112.56531587881115,3.944916836629604,-51.79753718153006,-12.22094286424622,-41.81110499407953,49.96330199773589,-61.211435589278395,25.401598856966988,31.16658116707255,-29.865705532267405,-9.502901787638026,43.42750296137546,73.16962352602287,39.92898771021356,-21.15452965974874,-9.560699770872118,-23.222982993098242,-3.674923243297182,-29.215346779189883,39.58816226751634,44.5982765088411,-25.885354422261592,3.0854640440678494,35.026610498647266,-19.7217286307327,-6.469359274142542,-50.204563219174986,-19.461587681774724,-8.422304388359755,-5.536989565577277,13.18018882885562,-39.59983267774221,-31.113396924411145,26.95957393868417,1.8597437304070288,-28.18853339329513,63.27523409244333,-46.21350146020814,-21.168714028217835,39.05518957607285,-34.41454037396858,15.929094429436926,-32.960868079822255
-3.9442941093605848,-2.7441426134034494,-7.052348426794492,-14.242262553072171,14.1209066461778,-53.65756355168692,-10.055683326162512,55.87187422323459,11.654162423339324,16.73855273929924,44.462591033455034,17.501484056606376,1.0800187648129216,65.87522842935938,-2.7037558369871615,31.012942028806922,6.706128590757414,24.549875497270733,-29.597897106437987,35.69473393210159,-14.839731675450258,-18.21243769526133,17.85253205273513,5.5274278143463125,-25.60887002291343,-42.824551307788944,-23.345074671237285,12.878224846652234,5.368461097182152,13.136150667230764,1.928301797597983,16.803599616604853,-23.62343387029884,-25.885354422261592,15.22936219823087,-1.781957131943904,-20.75198123296391,11.289897335870295,3.375659394118669,29.578985580866647,11.716066547181919,4.709104130031235,3.5353455762719634,-7.792896641121016,22.887768376303914,18.324457688499276,-15.418546304732175,-0.3743747617913198,16.635646092673245,-36.655568016889156,27.338411236273522,12.86227617392065,-22.952502653293713,20.621275705129836,-9.53554632254695,18.658291254188697
0.4892155300359766,0.39045299537924694,0.7647977122201023,1.6920411160581494,-1.6145410778920932,6.3996891317121545,1.4540859195572515,-6.5568209263396655,-1.3048263324928453,-1.9790862284618453,-5.126232477270497,-1.974146566980292,-0.2283056090415518,-7.729115165652062,0.20761793469950449,-3.4475466399672516,-0.9007784211479322,-2.8451326963887293,3.3623868078166903,-4.196404345801399,1.7536581001331242,2.2029734281301896,-1.9948197328166044,-0.6849528096581617,2.913105661409781,5.0246382112220385,2.7507837655158074,-1.401504334923785,-0.6776198728048328,-1.6858126379073683,-0.2701438218027351,-2.022418387395956,2.6583495383167706,3.0854640440678494,-1.781957131943904,0.2505488692559371,2.3946557313492174,-1.4066197054137235,-0.4915992178883913,-3.4308108460283,-1.29616652821537,-0.5812384455979221,-0.30677446413579745,0.8840449510962158,-2.794175653119144,-2.1042450665928385,1.8683848695748926,0.18949780946683778,-1.9156749631395458,4.389905693108915,-3.149024941314456,-1.3627818479382838,2.685996049349811,-2.2769584473297213,1.0680467622350185,-2.3189877665178824
5.299364562634825,3.5470420727878014,9.803644174375947,19.327582862325766,-19.38758212612431,72.66060302689526,12.93071555228758,-75.98643204929904,-15.87539767516062,-22.781123141900032,-60.6967102797222,-24.04850184274431,-1.169512553202671,-89.54984281174252,3.9904285097280217,-42.737396978832365,-8.758103819580139,-33.44730044755492,40.51898584784942,-48.44818304891647,20.189272736176964,24.721947703905318,-24.60057910849519,-7.485176861230722,34.97592904593693,58.22483574009372,31.712875548678955,-17.892973598346146,-7.113127995421277,-17.489353817521593,-2.4481467496615177,-22.604087769750887,32.52383570832319,35.026610498647266,-20.75198123296391,2.3946557313492174,28.39710587032625,-15.158941374305519,-4.26773564978743,-40.39095130535402,-16.21120561648427,-6.252094969318318,-5.037619788680822,10.627713715559612,-30.89071012780605,-25.01519734252042,20.694008007640843,-0.04383011598081655,-22.714854627348558,49.533701524433326,-37.404591934943106,-17.88014876055663,31.268756540646013,-28.43048169206139,13.135836127402559,-24.861338967843732
