V1,V2,V3,V4,V5,V6,V7,V8,V9,V10,V11,V12,V13,V14,V15,V16,V17,V18,V19,V20,V21,V22,V23,V24,V25,V26,V27,V28,V29,V30
89375.36349945604,278935.8463193619,25789.20135076275,-99356.14439218631,-58074.997657961336,96457.09856701936,-86153.18775792053,232442.34813759834,-12872.521090556755,42587.611872234265,138640.54897418423,-16085.962337041288,175005.28279647007,-43783.535458899285,456469.03028529073,1440.3208703630378,-79143.09521001589,-4170.577535193335,-24822.523733863538,-215155.76988630532,-90406.72102770866,103986.47615288036,-25813.71491709032,221278.2740202813,258668.4433029464,129495.4795506805,-52491.46168018117,-182251.52612009717,110212.92607378338,-88031.7570915772
278935.8463193619,870547.1833678841,80486.11078489336,-310087.18668755324,-181248.54315412985,301039.37279597024,-268880.0192270443,725444.5046031842,-40174.20934310905,132912.31732440303,432691.9824841474,-50202.91627872103,546185.45408524,-136645.80292823334,1424622.1735918326,4493.654380898378,-247003.38077700525,-13015.755599366794,-77472.56017520091,-671490.1491484887,-282154.57148353365,324537.3848411478,-80560.31998144783,690600.2133772403,807293.7861066776,404149.10753375513,-163824.5857095265,-568800.7501002642,343967.1187930598,-274743.0014775807
25789.20135076275,80486.11078489336,7441.595620378435,-28668.749703371046,-16757.60880036714,27832.241309294033,-24859.35476947158,67070.20408026164,-3714.413078382713,12288.929498717675,40004.190994485994,-4641.709066190432,50496.98656012799,-12633.780641638647,131712.5023764087,415.931019249681,-22836.273597746393,-1203.503821756874,-7161.92523305377,-62083.006463867634,-26086.817903489733,30005.0076328519,-7449.166259111714,63849.20739388941,74637.94136036128,37365.73172835885,-15146.057281367412,-52587.85302961817,31802.228398324063,-25401.400537282614
-99356.14439218631,-310087.18668755324,-28668.749703371046,110452.65373311688,64560.076747178085,-107229.83700547111,95774.39850542917,-258402.324979829,14309.868936626157,-47342.61169279142,-154124.18690751487,17881.991964380737,-194550.51023414874,48672.75395325615,-507447.9505452388,-1600.223577947878,87982.40150578225,4636.068152171146,27596.238237403577,239182.9133621629,100502.62158615387,-115599.55248795809,28694.57046681483,-245990.40933714656,-287556.5382781812,-143956.87303138323,58354.2378486338,202606.0531269171,-122519.65003830189,97862.79331542089
-58074.997657961336,-181248.54315412985,-16757.60880036714,64560.076747178085,37736.49249968856,-62676.32009303185,55981.19864512726,-151037.4630375654,8364.446809048977,-27673.13297304902,-90086.55685573457,10452.546913573542,-113715.73500409164,28450.05042252329,-296606.86206334445,-936.1550793173095,51425.87820791086,2710.056010375189,16128.905883752479,139805.50234688685,58745.175606330085,-67568.94654368055,16773.920956656966,-143783.48714474475,-168079.01880035413,-84144.47032075125,34108.05184898827,118424.22880015755,-71615.2656483783,57201.858674117204
96457.09856701936,301039.37279597024,27832.241309294033,-107229.83700547111,-62676.32009303185,104101.05651498922,-92979.86352167181,250862.5927328216,-13892.330007791672,45961.22856618539,149627.10879978232,-17360.223478362583,188873.86347529138,-47252.56336437857,492641.49172227836,1553.526284743392,-85415.22932792401,-4500.794011918551,-26791.036188664853,-232203.95747744644,-97570.12316056895,112226.55490102874,-27857.300386892144,238812.8295087585,279166.1313542969,139756.45437507372,-56651.56426818187,-196694.35966062735,118944.72589744948,-95007.3227052941
-86153.18775792053,-268880.0192270443,-24859.35476947158,95774.39850542917,55981.19864512726,-92979.86352167181,83047.2366950419,-224062.86727347458,12408.4026788829,-41052.04006864849,-133642.5457658414,15505.953748121425,-168696.39718317374,42204.99817751281,-440013.19367085275,-1388.182098027398,76290.08284972745,4020.163158244921,23928.00488017528,207398.9680844799,87147.35028399606,-100237.6809393439,24882.66244875588,-213301.02997963227,-249343.31550058365,-124826.95284043523,50599.237173892696,175681.41857148203,-106239.27630350828,84858.08869885026
232442.34813759834,725444.5046031842,67070.20408026164,-258402.324979829,-151037.4630375654,250862.5927328216,-224062.86727347458,604528.3805592312,-33477.765450242674,110757.51405896732,360571.26424169634,-41834.721954527195,455148.0102709966,-113869.27333070111,1187167.0575167716,3743.8290339765767,-205833.47001089226,-10846.052107409105,-64560.790837547334,-559565.1535562314,-235124.52336023573,270443.49436198495,-67130.80543127602,575491.024719946,672734.3498610798,336785.1061219991,-136518.8211596898,-473993.8307128283,286633.1958359191,-228948.632998315
-12872.521090556755,-40174.20934310905,-3714.413078382713,14309.868936626157,8364.446809048977,-13892.330007791672,12408.4026788829,-33477.765450242674,1854.0209810879273,-6133.913945007696,-19967.88930673377,2316.869230310717,-25205.32550823227,6306.066915684153,-65743.6147515384,-207.57741679195945,11398.625789517291,600.7130739519619,3574.889256727826,30988.35507040543,13021.072701458592,-14976.836387222904,3718.1433306317695,-31869.98673458306,-37255.13390860069,-18650.8849509059,7560.092404658134,26248.971774780643,-15873.851118487244,12678.962872385051
42587.611872234265,132912.31732440303,12288.929498717675,-47342.61169279142,-27673.13297304902,45961.22856618539,-41052.04006864849,110757.51405896732,-6133.913945007696,20293.776257056594,66061.63762270237,-7665.257776445496,83389.04712826064,-20863.131948305094,217505.874700408,687.0305440380786,-37711.005816758516,-1987.4803745463519,-11826.700232825058,-102522.22652043887,-43079.09810657844,49549.36750252171,-12301.694139718593,105438.65018890583,123254.79086547036,61704.7370023899,-25011.633976849418,-86841.83226094587,52517.558688606056,-41947.152779990465
138640.54897418423,432691.9824841474,40004.190994485994,-154124.18690751487,-90086.55685573457,149627.10879978232,-133642.5457658414,360571.26424169634,-19967.88930673377,66061.63762270237,215062.9604948906,-24952.440781612208,271473.2607627721,-67917.5200173956,708086.6271921,2233.196247311098,-122769.41510805469,-6469.190968485749,-38507.0334093958,-333753.35665744625,-140240.34668611476,161306.2591832096,-40040.61686020115,343252.11393876886,401252.92686442885,200875.86871369262,-81426.65358124288,-282713.8573962073,170962.95653909538,-136556.6592840692
-16085.962337041288,-50202.91627872103,-4641.709066190432,17881.991964380737,10452.546913573542,-17360.223478362583,15505.953748121425,-41834.721954527195,2316.869230310717,-7665.257776445496,-24952.440781612208,2895.2806131231628,-31497.25436727251,7880.309883374067,-82155.13158802775,-259.50406644306173,14243.993790961793,750.7010224823603,4467.11246928254,38724.14033365369,16271.60400976665,-18715.51725215056,4646.534415216916,-39825.712570548836,-46555.127446288505,-23306.7785950676,9447.256522955156,32801.4214314912,-19836.651008009267,15844.050765205622
175005.28279647007,546185.45408524,50496.98656012799,-194550.51023414874,-113715.73500409164,188873.86347529138,-168696.39718317374,455148.0102709966,-25205.32550823227,83389.04712826064,271473.2607627721,-31497.25436727251,342679.87774875294,-85731.8968373931,893815.290247197,2818.7005393852164,-154971.5470713185,-8165.9613511566695,-48607.698790524155,-421295.25609136117,-177024.68492499573,203616.2670537676,-50542.58385451611,433285.83219697967,506500.10722855764,253564.69942780002,-102784.70969347857,-356868.8523616524,215805.41984962288,-172374.8792385834
-43783.535458899285,-136645.80292823334,-12633.780641638647,48672.75395325615,28450.05042252329,-47252.56336437857,42204.99817751281,-113869.27333070111,6306.066915684153,-20863.131948305094,-67917.5200173956,7880.309883374067,-85731.8968373931,21448.877263646304,-223616.06762400045,-705.7566562621555,38770.70296445724,2043.1421141494427,12159.845685359702,105401.28475219599,44288.79042119431,-50941.16925001969,12646.042952548038,-108400.37372134531,-126717.12000875211,-63437.67497801902,25714.549897894492,89281.69705306223,-53991.702817864825,43125.271491550506
456469.03028529073,1424622.1735918326,131712.5023764087,-507447.9505452388,-296606.86206334445,492641.49172227836,-440013.19367085275,1187167.0575167716,-65743.6147515384,217505.874700408,708086.6271921,-82155.13158802775,893815.290247197,-223616.06762400045,2331348.460431108,7353.047906056715,-404213.47566381044,-21299.66602442644,-126782.42400726938,-1098870.8977187758,-461736.3259649682,531094.8455787705,-131832.93357967038,1130144.7687475006,1321110.1876343903,661376.483375671,-268094.012842281,-930824.5187481374,562889.7613867318,-449607.7935606229
1440.3208703630378,4493.654380898378,415.931019249681,-1600.223577947878,-936.1550793173095,1553.526284743392,-1388.182098027398,3743.8290339765767,-207.57741679195945,687.0305440380786,2233.196247311098,-259.50406644306173,2818.7005393852164,-705.7566562621555,7353.047906056715,23.983491120622897,-1274.448257692804,-67.41449420879543,-398.6163515499911,-3467.2131668947422,-1456.9864976559977,1675.2649574242544,-417.4988081187217,3564.833801268856,4166.980587035677,2086.631906706971,-845.1695461549009,-2935.4008183787773,1776.9812513921183,-1418.4226297109399
-79143.09521001589,-247003.38077700525,-22836.273597746393,87982.40150578225,51425.87820791086,-85415.22932792401,76290.08284972745,-205833.47001089226,11398.625789517291,-37711.005816758516,-122769.41510805469,14243.993790961793,-154971.5470713185,38770.70296445724,-404213.47566381044,-1274.448257692804,70083.51517436681,3692.8453138463515,21982.460803132923,190523.48915553742,80056.3195854392,-92082.09033182278,22856.499224722975,-195946.3709249272,-229056.3918592448,-114670.30619794967,46482.85045157748,161388.28961929024,-97593.95977959751,77953.62362080892
-4170.577535193335,-13015.755599366794,-1203.503821756874,4636.068152171146,2710.056010375189,-4500.794011918551,4020.163158244921,-10846.052107409105,600.7130739519619,-1987.4803745463519,-6469.190968485749,750.7010224823603,-8165.9613511566695,2043.1421141494427,-21299.66602442644,-67.41449420879543,3692.8453138463515,194.66807735655595,1157.9366109443679,10039.916690162112,4218.716256953816,-4852.247531614237,1204.9574300211807,-10325.33860654596,-12069.990461635627,-6042.663479037991,2449.242742004488,8504.07720861403,-5143.159189374191,4107.815175760101
-24822.523733863538,-77472.56017520091,-7161.92523305377,27596.238237403577,16128.905883752479,-26791.036188664853,23928.00488017528,-64560.790837547334,3574.889256727826,-11826.700232825058,-38507.0334093958,4467.11246928254,-48607.698790524155,12159.845685359702,-126782.42400726938,-398.6163515499911,21982.460803132923,1157.9366109443679,6896.614652126064,59756.14616348703,25108.88428696469,-28881.466619543247,7166.5936135541115,-61458.47873438955,-71843.72798893957,-35965.66013893915,14580.004400375452,50620.36113837127,-30608.25178026777,24449.807251375973
-215155.76988630532,-671490.1491484887,-62083.006463867634,239182.9133621629,139805.50234688685,-232203.95747744644,207398.9680844799,-559565.1535562314,30988.35507040543,-102522.22652043887,-333753.35665744625,38724.14033365369,-421295.25609136117,105401.28475219599,-1098870.8977187758,-3467.2131668947422,190523.48915553742,10039.916690162112,59756.14616348703,517950.41637661,217638.5787773505,-250329.57777114114,62141.85025533085,-532689.439107319,-622699.8806967139,-311738.06297442183,126364.24691242773,438739.3477822226,-265318.4845060228,211921.30448418565
-90406.72102770866,-282154.57148353365,-26086.817903489733,100502.62158615387,58745.175606330085,-97570.12316056895,87147.35028399606,-235124.52336023573,13021.072701458592,-43079.09810657844,-140240.34668611476,16271.60400976665,-177024.68492499573,44288.79042119431,-461736.3259649682,-1456.9864976559977,80056.3195854392,4218.716256953816,25108.88428696469,217638.5787773505,91449.98263565695,-105186.41011240271,26111.682505509987,-223831.67347353636,-261653.28711619854,-130989.79386310796,53097.14937468893,184354.5427138302,-111484.79076850264,89047.59564916024
103986.47615288036,324537.3848411478,30005.0076328519,-115599.55248795809,-67568.94654368055,112226.55490102874,-100237.6809393439,270443.49436198495,-14976.836387222904,49549.36750252171,161306.2591832096,-18715.51725215056,203616.2670537676,-50941.16925001969,531094.8455787705,1675.2649574242544,-92082.09033182278,-4852.247531614237,-28881.466619543247,-250329.57777114114,-105186.41011240271,120986.56835212151,-30032.738845925054,257453.69532204536,300956.69824808347,150665.60389098665,-61073.28890053358,-212047.17966014388,128229.99456385757,-102423.3818673419
-25813.71491709032,-80560.31998144783,-7449.166259111714,28694.57046681483,16773.920956656966,-27857.300386892144,24882.66244875588,-67130.80543127602,3718.1433306317695,-12301.694139718593,-40040.61686020115,4646.534415216916,-50542.58385451611,12646.042952548038,-131832.93357967038,-417.4988081187217,22856.499224722975,1204.9574300211807,7166.5936135541115,62141.85025533085,26111.682505509987,-30032.738845925054,7458.524843901113,-63908.14166022669,-74706.50628095712,-37400.88296383783,15159.312245536297,52635.32247829814,-31833.755012285976,25425.17275390957
221278.2740202813,690600.2133772403,63849.20739388941,-245990.40933714656,-143783.48714474475,238812.8295087585,-213301.02997963227,575491.024719946,-31869.98673458306,105438.65018890583,343252.11393876886,-39825.712570548836,433285.83219697967,-108400.37372134531,1130144.7687475006,3564.833801268856,-195946.3709249272,-10325.33860654596,-61458.47873438955,-532689.439107319,-223831.67347353636,257453.69532204536,-63908.14166022669,547849.2905022361,640421.6378414722,320609.2527720415,-129961.10218790926,-451226.4180620026,272867.2721012121,-217952.09974542036
258668.4433029464,807293.7861066776,74637.94136036128,-287556.5382781812,-168079.01880035413,279166.1313542969,-249343.31550058365,672734.3498610798,-37255.13390860069,123254.79086547036,401252.92686442885,-46555.127446288505,506500.10722855764,-126717.12000875211,1321110.1876343903,4166.980587035677,-229056.3918592448,-12069.990461635627,-71843.72798893957,-622699.8806967139,-261653.28711619854,300956.69824808347,-74706.50628095712,640421.6378414722,748636.3756473215,374783.79476354737,-151921.29745925614,-527472.1982925155,318974.3773439862,-254780.30223165787
129495.4795506805,404149.10753375513,37365.73172835885,-143956.87303138323,-84144.47032075125,139756.45437507372,-124826.95284043523,336785.1061219991,-18650.8849509059,61704.7370023899,200875.86871369262,-23306.7785950676,253564.69942780002,-63437.67497801902,661376.483375671,2086.631906706971,-114670.30619794967,-6042.663479037991,-35965.66013893915,-311738.06297442183,-130989.79386310796,150665.60389098665,-37400.88296383783,320609.2527720415,374783.79476354737,187625.3734971937,-76054.82911705258,-264063.7658082973,159686.64406708072,-127548.81218986522
-52491.46168018117,-163824.5857095265,-15146.057281367412,58354.2378486338,34108.05184898827,-56651.56426818187,50599.237173892696,-136518.8211596898,7560.092404658134,-25011.633976849418,-81426.65358124288,9447.256522955156,-102784.70969347857,25714.549897894492,-268094.012842281,-845.1695461549009,46482.85045157748,2449.242742004488,14580.004400375452,126364.24691242773,53097.14937468893,-61073.28890053358,15159.312245536297,-129961.10218790926,-151921.29745925614,-76054.82911705258,30829.737682871517,107040.60861428706,-64728.835552943536,51702.58101065667
-182251.52612009717,-568800.7501002642,-52587.85302961817,202606.0531269171,118424.22880015755,-196694.35966062735,175681.41857148203,-473993.8307128283,26248.971774780643,-86841.83226094587,-282713.8573962073,32801.4214314912,-356868.8523616524,89281.69705306223,-930824.5187481374,-2935.4008183787773,161388.28961929024,8504.07720861403,50620.36113837127,438739.3477822226,184354.5427138302,-212047.17966014388,52635.32247829814,-451226.4180620026,-527472.1982925155,-264063.7658082973,107040.60861428706,371645.3346288293,-224741.0161887408,179512.21176890153
110212.92607378338,343967.1187930598,31802.228398324063,-122519.65003830189,-71615.2656483783,118944.72589744948,-106239.27630350828,286633.1958359191,-15873.851118487244,52517.558688606056,170962.95653909538,-19836.651008009267,215805.41984962288,-53991.702817864825,562889.7613867318,1776.9812513921183,-97593.95977959751,-5143.159189374191,-30608.25178026777,-265318.4845060228,-111484.79076850264,128229.99456385757,-31833.755012285976,272867.2721012121,318974.3773439862,159686.64406708072,-64728.835552943536,-224741.0161887408,135909.6411956024,-108555.7907493551
-88031.7570915772,-274743.0014775807,-25401.400537282614,97862.79331542089,57201.858674117204,-95007.3227052941,84858.08869885026,-228948.632998315,12678.962872385051,-41947.152779990465,-136556.6592840692,15844.050765205622,-172374.8792385834,43125.271491550506,-449607.7935606229,-1418.4226297109399,77953.62362080892,4107.815175760101,24449.807251375973,211921.30448418565,89047.59564916024,-102423.3818673419,25425.17275390957,-217952.09974542036,-254780.30223165787,-127548.81218986522,51702.58101065667,179512.21176890153,-108555.7907493551,86708.42755599522
