V1,V2,V3,V4,V5,V6,V7,V8,V9,V10,V11,V12,V13,V14,V15,V16,V17,V18,V19,V20,V21,V22,V23,V24,V25,V26,V27,V28,V29,V30
71.92844281980257,223.56319165513403,20.958577436338278,-79.37725473581486,-46.899514361862465,77.06225612919611,-69.20249985632172,185.79009086905367,-10.437832968847843,34.707240516711444,110.92202330265073,-13.103674301487452,139.880447785356,-35.33584871285998,365.43029086003577,1.6328151375763396,-63.092647708577736,-3.4810892559626536,-19.115451651824674,-173.08522316617766,-72.78963950387038,83.37843369979018,-21.68455130433432,177.38336644523528,207.2124335887683,104.06709935438512,-41.78534911101726,-145.65923407194344,89.22981818697353,-70.68795411455736
223.56319165513403,697.6038700687602,64.55686836107796,-248.40242284498925,-145.32672076836505,241.17655338444743,-215.46764587276093,581.196546330276,-32.19999680201831,106.5784202504179,346.64471431700093,-40.21935984568792,437.6369859963918,-109.52124707551023,1141.457851411941,3.6818218948569466,-197.85501084245186,-10.450863463094686,-61.960657561706945,-538.1684837451584,-226.1664478017675,260.1095126024506,-64.67217913366291,553.4388449811316,646.8741603562113,323.8860417895565,-131.23511669498282,-455.72294785556534,275.81100632508924,-220.13374944771422
20.958577436338278,64.55686836107796,6.250462403570141,-22.725168596777294,-13.793610493336777,22.078543481854542,-20.06772096712955,53.282383756332116,-3.0840649604395978,10.381604964561717,31.86182874773295,-3.890461195617525,40.154995376323484,-10.35060393855747,105.19001275496724,0.786788832996899,-17.980274279908603,-1.0946282509250844,-5.013720421510724,-50.380755964675146,-21.242735256378275,24.1270658173657,-6.880529965609307,51.26289432932624,59.74808049679148,30.219004868793053,-11.880846184818836,-41.78220847274947,26.374322463782054,-20.462962888429168
-79.37725473581486,-248.40242284498925,-22.725168596777294,88.73850730081088,51.40536194409013,-86.11480477606592,76.63888773183896,-207.46095550721927,11.390828775366536,-37.52244910459119,-123.70131001159854,14.232472248642866,-156.11171519063893,38.83221417552138,-406.94734692559877,-0.912350071147093,70.77496544359256,3.6108553494486837,22.692255158543578,191.15639326057536,80.24124629204454,-92.51682938473219,22.298312662267726,-196.98799780249917,-230.473200313309,-115.13810034563637,46.96000369492728,162.63595169856637,-97.41666268660674,78.3718013388199
-46.899514361862465,-145.32672076836505,-13.793610493336777,51.40536194409013,30.711510754507824,-49.9392929994336,45.03237772221271,-120.4370826091498,6.828724574250657,-22.824845373687538,-71.91858963330846,8.560879928580395,-90.7592102120228,23.069566328188344,-237.20958049259016,-1.3141558292498705,40.80250174524493,2.3321790009459824,12.030175066727372,112.80510824964291,47.50437032011162,-54.2764948129935,14.543398476286201,-115.36688645607327,-134.6057931673775,-67.76360330371375,27.018120182804704,94.4530548823805,-58.51427441303753,45.944184118450195
77.06225612919611,241.17655338444743,22.078543481854542,-86.11480477606592,-49.9392929994336,83.59065164773533,-74.38889149223183,201.3758644404845,-11.047135958575597,36.41029774191126,120.0453631231837,-13.774494981194266,151.58861804520885,-37.685415352992095,395.0281473122113,0.8908484439378366,-68.69137045816541,-3.504691209760069,-22.034670079693058,-185.5708387757337,-77.91960344873058,89.8651570986941,-21.607481133934588,191.2865380442342,223.74353103156858,111.77007850346617,-45.595373873725464,-157.89089680350864,94.61756045422551,-76.04220454335005
-69.20249985632172,-215.46764587276093,-20.06772096712955,76.63888773183896,45.03237772221271,-74.38889149223183,66.64577235429373,-179.31119882954417,10.016781045744132,-33.220470554884514,-107.02629939338368,12.56831348110226,-134.96629651977113,33.96408125561507,-352.4302967038866,-1.3675428522516269,60.968179714737836,3.2970855252162923,18.752226893176076,166.56199139523648,70.00566724154233,-80.3186282956079,20.50462027587681,-170.92785832758065,-199.77091932598915,-100.19305149013866,40.39262420592039,140.56908829633247,-85.59623440476804,68.10489602968808
185.79009086905367,581.196546330276,53.282383756332116,-207.46095550721927,-120.4370826091498,201.3758644404845,-179.31119882954417,485.1532318034968,-26.657542255109846,87.90496978144344,289.24736699199116,-33.26107630504805,365.1949676981212,-90.88633713517464,951.853795020516,2.277469021947845,-165.44664021596807,-8.484060342446796,-52.884992054776404,-447.3770555908362,-187.86195077827614,216.56223136745328,-52.35274655305343,460.9728432508409,539.1615217449528,269.4282163213929,-109.79858190167826,-380.38079658509406,228.25265667661833,-183.29559746508107
-10.437832968847843,-32.19999680201831,-3.0840649604395978,11.390828775366536,6.828724574250657,-11.047135958575597,10.016781045744132,-26.657542255109846,1.540532770684861,-5.155121629118904,-15.95727862457444,1.9641808995533312,-20.040389883264016,5.160362722146604,-52.569659276764874,-0.35351599256140803,9.01467238926262,0.537003901929299,2.554686817081261,25.105044180833143,10.560715083476186,-11.99671383556001,3.397517577657034,-25.541429256337885,-29.83156833161996,-15.06931098103271,5.945337453822333,20.88253326715435,-13.05990403627404,10.241189936249107
34.707240516711444,106.5784202504179,10.381604964561717,-37.52244910459119,-22.824845373687538,36.41029774191126,-33.220470554884514,87.90496978144344,-5.155121629118904,17.364507774338158,52.656223414103316,-6.580062551706781,66.13314237285384,-17.200882325608227,173.69150032973988,1.441106584119685,-29.626327441894926,-1.8535426047503532,-8.023497531707179,-83.43012236355432,-35.14986012960306,39.76212471142132,-11.76305380741621,84.58215579072149,98.65692636440397,50.015885822766236,-19.520183446195137,-68.8760909008058,43.75661249235665,-33.926484806979516
110.92202330265073,346.64471431700093,31.86182874773295,-123.70131001159854,-71.91858963330846,120.0453631231837,-107.02629939338368,289.24736699199116,-15.95727862457444,52.656223414103316,172.52137588115488,-19.967813834115162,217.65701570504848,-54.31469709311903,567.672664195672,1.518989275559155,-98.59082498402007,-5.109936160975731,-31.26686696372761,-267.0860394592953,-112.14634399624143,129.12646589099612,-31.626421584678187,274.91365327875815,321.56857548591915,160.81676745975125,-65.38579094008034,-226.74527543233847,136.4059222995827,-109.43303310601596
-13.103674301487452,-40.21935984568792,-3.890461195617525,14.232472248642866,8.560879928580395,-13.774494981194266,12.56831348110226,-33.26107630504805,1.9641808995533312,-6.580062551706781,-19.967813834115162,2.553065546811717,-24.93114524653637,6.516445371265306,-65.68451805175583,-0.5298191791784203,11.224828371913128,0.6996609642361502,3.0328746516193585,31.51742134497719,13.23998813853118,-14.939377085068056,4.4968378542381995,-31.87067806803579,-37.27286014867143,-18.901766300384807,7.367287689174441,26.01962282965489,-16.444586063819536,12.883214226701408
139.880447785356,437.6369859963918,40.154995376323484,-156.11171519063893,-90.7592102120228,151.58861804520885,-134.96629651977113,365.1949676981212,-20.040389883264016,66.13314237285384,217.65701570504848,-24.93114524653637,275.03967547496984,-68.39051010740737,716.5370517155491,1.7227293022190968,-124.52077455734242,-6.384135057744351,-39.83675492203901,-336.80151831953316,-141.4870361841703,163.17025306801997,-39.30311403903377,347.18257795778766,405.9217780953747,202.8272612691257,-82.68431202451683,-286.39284952661325,171.9515339758575,-137.8922087585351
-35.33584871285998,-109.52124707551023,-10.35060393855747,38.83221417552138,23.069566328188344,-37.685415352992095,33.96408125561507,-90.88633713517464,5.160362722146604,-17.200882325608227,-54.31469709311903,6.516445371265306,-68.39051010740737,17.400494715228813,-178.93854533404826,-0.9502816488800878,30.815834506625855,1.750581029404277,9.112288754917392,85.01518661441696,35.75657032736153,-40.8310119005903,10.970979739134634,-86.88927694758623,-101.4937276134263,-51.08322772474158,20.377392640692182,71.23360175862636,-43.977481025330334,34.70477121123961
365.43029086003577,1141.457851411941,105.19001275496724,-406.94734692559877,-237.20958049259016,395.0281473122113,-352.4302967038866,951.853795020516,-52.569659276764874,173.69150032973988,567.672664195672,-65.68451805175583,716.5370517155491,-178.93854533404826,1868.5816149052305,5.361767256084946,-324.288458171935,-16.91793289479566,-102.42411449445696,-879.8082499212993,-369.57617194627704,425.415051328213,-104.63287720626616,905.4196103181866,1058.6868897112286,529.6533928353588,-215.11399610958603,-746.2861103457602,449.96489869286654,-360.1983531343945
1.6328151375763396,3.6818218948569466,0.786788832996899,-0.912350071147093,-1.3141558292498705,0.8908484439378366,-1.3675428522516269,2.277469021947845,-0.35351599256140803,1.441106584119685,1.518989275559155,-0.5298191791784203,1.7227293022190968,-0.9502816488800878,5.361767256084946,0.7553031884958529,-0.5189566581335893,-0.2676942687179344,0.870231973351883,-3.821284343265822,-1.70245499262249,1.4321358929977952,-1.8640840139218962,2.9743428306868935,3.2463012776121967,2.1341919297665553,-0.2536892071817387,-1.7688100828540283,2.8371849761199837,-1.3566976237861261
-63.092647708577736,-197.85501084245186,-17.980274279908603,70.77496544359256,40.80250174524493,-68.69137045816541,60.968179714737836,-165.44664021596807,9.01467238926262,-29.626327441894926,-98.59082498402007,11.224828371913128,-124.52077455734242,30.815834506625855,-324.288458171935,-0.5189566581335893,56.51127512442149,2.8148673425423745,18.417702682089825,151.96606151250575,63.77355814644367,-73.6923445692472,17.30599497891648,-156.90131238488252,-183.61019010852348,-91.57855804188205,37.53015216562839,129.7162843165881,-77.21525591795479,62.3447405633152
-3.4810892559626536,-10.450863463094686,-1.0946282509250844,3.6108553494486837,2.3321790009459824,-3.504691209760069,3.2970855252162923,-8.484060342446796,0.537003901929299,-1.8535426047503532,-5.109936160975731,0.6996609642361502,-6.384135057744351,1.750581029404277,-16.91793289479566,-0.2676942687179344,2.8148673425423745,0.2182560983623735,0.5811962077528335,8.34937738090789,3.5341001752655505,-3.90925416955357,1.414830757713451,-8.3031980805977,-9.645270594764588,-4.97740241616902,1.838755988105296,6.644567499093572,-4.527996002327717,3.3601342673233323
-19.115451651824674,-61.960657561706945,-5.013720421510724,22.692255158543578,12.030175066727372,-22.034670079693058,18.752226893176076,-52.884992054776404,2.554686817081261,-8.023497531707179,-31.26686696372761,3.0328746516193585,-39.83675492203901,9.112288754917392,-102.42411449445696,0.870231973351883,18.417702682089825,0.5811962077528335,7.456619619934218,46.188104197543574,19.264444581096118,-23.025415501841376,3.240500461260181,-49.08324163576219,-57.71618885502702,-28.065784221334024,12.372669225919493,41.507844811497066,-22.2619843523297,19.20997999724035
-173.08522316617766,-538.1684837451584,-50.380755964675146,191.15639326057536,112.80510824964291,-185.5708387757337,166.56199139523648,-447.3770555908362,25.105044180833143,-83.43012236355432,-267.0860394592953,31.51742134497719,-336.80151831953316,85.01518661441696,-879.8082499212993,-3.821284343265822,151.96606151250575,8.34937738090789,46.188104197543574,416.5251003992573,175.14206856242654,-200.68470874482534,51.997807323327315,-426.98185619335356,-498.84395641182806,-250.46006680315176,100.65003187043531,350.7342013949841,-214.58035780043545,170.15644959398955
-72.78963950387038,-226.1664478017675,-21.242735256378275,80.24124629204454,47.50437032011162,-77.91960344873058,70.00566724154233,-187.86195077827614,10.560715083476186,-35.14986012960306,-112.14634399624143,13.23998813853118,-141.4870361841703,35.75657032736153,-369.57617194627704,-1.70245499262249,63.77355814644367,3.5341001752655505,19.264444581096118,175.14206856242654,73.67979361066539,-84.38582842645704,21.998476952014094,-179.4759830523398,-209.5935933651687,-105.2900937238391,42.245278271885724,147.3033886963127,-90.38478658393257,71.4821463629325
83.37843369979018,260.1095126024506,24.1270658173657,-92.51682938473219,-54.2764948129935,89.8651570986941,-80.3186282956079,216.56223136745328,-11.99671383556001,39.76212471142132,129.12646589099612,-14.939377085068056,163.17025306801997,-40.8310119005903,425.415051328213,1.4321358929977952,-73.6923445692472,-3.90925416955357,-23.025415501841376,-200.68470874482534,-84.38582842645704,97.05955502836527,-24.142376720880755,206.41118456744425,241.1377609880875,120.76032367733549,-48.90507698511949,-169.85291973784499,102.9956908145313,-82.00375054504636
-21.68455130433432,-64.67217913366291,-6.880529965609307,22.298312662267726,14.543398476286201,-21.607481133934588,20.50462027587681,-52.35274655305343,3.397517577657034,-11.76305380741621,-31.626421584678187,4.4968378542381995,-39.30311403903377,10.970979739134634,-104.63287720626616,-1.8640840139218962,17.30599497891648,1.414830757713451,3.240500461260181,51.997807323327315,21.998476952014094,-24.142376720880755,9.2738579030961,-51.348910602928655,-59.679633432119296,-30.956717591633275,11.247010476588857,40.954203441614155,-28.367619768738713,20.933882316600275
177.38336644523528,553.4388449811316,51.26289432932624,-196.98799780249917,-115.36688645607327,191.2865380442342,-170.92785832758065,460.9728432508409,-25.541429256337885,84.58215579072149,274.91365327875815,-31.87067806803579,347.18257795778766,-86.88927694758623,905.4196103181866,2.9743428306868935,-156.90131238488252,-8.3031980805977,-49.08324163576219,-426.98185619335356,-179.4759830523398,206.41118456744425,-51.348910602928655,439.1077407540125,513.1495186155196,256.9556009791706,-104.08848097525578,-361.4858876068061,218.94560299976013,-174.58920687449594
207.2124335887683,646.8741603562113,59.74808049679148,-230.473200313309,-134.6057931673775,223.74353103156858,-199.77091932598915,539.1615217449528,-29.83156833161996,98.65692636440397,321.56857548591915,-37.27286014867143,405.9217780953747,-101.4937276134263,1058.6868897112286,3.2463012776121967,-183.61019010852348,-9.645270594764588,-57.71618885502702,-498.84395641182806,-209.5935933651687,241.1377609880875,-59.679633432119296,513.1495186155196,599.8985547134585,300.2601755734385,-121.78704982597665,-422.7387627734378,255.41130006485645,-204.13746082709852
104.06709935438512,323.8860417895565,30.219004868793053,-115.13810034563637,-67.76360330371375,111.77007850346617,-100.19305149013866,269.4282163213929,-15.06931098103271,50.015885822766236,160.81676745975125,-18.901766300384807,202.8272612691257,-51.08322772474158,529.6533928353588,2.1341919297665553,-91.57855804188205,-4.97740241616902,-28.065784221334024,-250.46006680315176,-105.2900937238391,120.76032367733549,-30.956717591633275,256.9556009791706,300.2601755734385,150.64161169818246,-60.67270487147228,-211.22704219314144,128.82718916517413,-102.36726839415682
-41.78534911101726,-131.23511669498282,-11.880846184818836,46.96000369492728,27.018120182804704,-45.595373873725464,40.39262420592039,-109.79858190167826,5.945337453822333,-19.520183446195137,-65.38579094008034,7.367287689174441,-82.68431202451683,20.377392640692182,-215.11399610958603,-0.2536892071817387,37.53015216562839,1.838755988105296,12.372669225919493,100.65003187043531,42.245278271885724,-48.90507698511949,11.247010476588857,-104.08848097525578,-121.78704982597665,-60.67270487147228,24.95115252498574,86.10964742053957,-51.0673474343768,41.285524425519355
-145.65923407194344,-455.72294785556534,-41.78220847274947,162.63595169856637,94.4530548823805,-157.89089680350864,140.56908829633247,-380.38079658509406,20.88253326715435,-68.8760909008058,-226.74527543233847,26.01962282965489,-286.39284952661325,71.23360175862636,-746.2861103457602,-1.7688100828540283,129.7162843165881,6.644567499093572,41.507844811497066,350.7342013949841,147.3033886963127,-169.85291973784499,40.954203441614155,-361.4858876068061,-422.7387627734378,-211.22704219314144,86.10964742053957,298.26453269120236,-178.97285634846202,143.66051832556835
89.22981818697353,275.81100632508924,26.374322463782054,-97.41666268660674,-58.51427441303753,94.61756045422551,-85.59623440476804,228.25265667661833,-13.05990403627404,43.75661249235665,136.4059222995827,-16.444586063819536,171.9515339758575,-43.977481025330334,449.96489869286654,2.8371849761199837,-77.21525591795479,-4.527996002327717,-22.2619843523297,-214.58035780043545,-90.38478658393257,102.9956908145313,-28.367619768738713,218.94560299976013,255.41130006485645,128.82718916517413,-51.0673474343768,-178.97285634846202,111.66976069964771,-87.34114455269462
-70.68795411455736,-220.13374944771422,-20.462962888429168,78.3718013388199,45.944184118450195,-76.04220454335005,68.10489602968808,-183.29559746508107,10.241189936249107,-33.926484806979516,-109.43303310601596,12.883214226701408,-137.8922087585351,34.70477121123961,-360.1983531343945,-1.3566976237861261,62.3447405633152,3.3601342673233323,19.20997999724035,170.15644959398955,71.4821463629325,-82.00375054504636,20.933882316600275,-174.58920687449594,-204.13746082709852,-102.36726839415682,41.285524425519355,143.66051832556835,-87.34114455269462,69.63554760360927
