V1,V2,V3,V4,V5,V6,V7,V8,V9,V10,V11,V12,V13,V14,V15,V16,V17,V18,V19,V20,V21,V22,V23,V24,V25,V26,V27,V28,V29,V30
4954.373051138488,-8756.76747737983,5362.502830720314,-2130.750538136994,1973.2873118778923,2952.6807065842413,7132.995977573206,-5664.666553896781,-3978.7794930206874,-2320.865595843194,3342.7403097499073,-3073.917172354809,-8521.586628169654,8581.735143652266,-1717.6848004533178,-3130.023791520169,4583.573808990672,4344.692269162553,2815.399709381227,4540.594279075072,-6252.914593218781,-4601.734840480926,-19.347049646692543,-1750.6072358598333,6873.929299796124,849.6864859429005,6151.895782538105,-524.2676268360462,-3155.4360465335676,1839.0552464166908
-8756.76747737983,15480.990849154437,-9479.515517335132,3767.0186270547492,-3489.242881385714,-5220.098376450449,-12608.99993546001,10014.390042124422,7034.102195759724,4103.032842218578,-5908.706619954061,5434.462983725023,15064.75583954074,-15170.52364047982,3036.56888821801,5532.932197752632,-8103.145704217304,-7680.443921286019,-4976.814652554349,-8025.880955362572,11054.414129671191,8133.974801377547,34.11208444418853,3094.4962774341584,-12152.105702015288,-1502.1562109492065,-10874.702840370304,927.4128464824529,5578.519033576574,-3250.445543780229
5362.502830720314,-9479.515517335132,5805.400908600012,-2306.761758747641,2136.4083419840886,3195.8480000286627,7720.934020037712,-6132.249576226342,-4306.999204086746,-2512.373157446135,3619.1436423258933,-3327.271783459235,-9224.293619852853,9289.816196539976,-1859.2111662747718,-3388.5743649773412,4961.903379760058,4702.917477179366,3047.032649861659,4914.597649205378,-6768.583225267022,-4980.967660877442,-21.56354217501838,-1895.0681958250693,7440.0609803539965,920.1874325089719,6659.227009659383,-567.4451121344165,-3415.556190592247,1990.7253136972229
-2130.750538136994,3767.0186270547492,-2306.761758747641,916.6737010492866,-849.0308951294444,-1270.1007861354637,-3068.081748161595,2436.8367526841707,1711.596675753277,998.365989886837,-1437.9734329762289,1322.2943777717246,3665.5702912774595,-3691.484219748485,738.8045259450012,1346.4135382455977,-1971.7554755853105,-1868.8310904837701,-1210.8602958310396,-1952.8303979156758,2689.801332176339,1979.2196623600742,8.461619308966217,752.9858379018424,-2956.7600588443684,-365.56880973245615,-2646.129217302216,225.6168982482936,1357.3692934191326,-790.9268088377956
1973.2873118778923,-3489.242881385714,2136.4083419840886,-849.0308951294444,786.8534137382733,1176.6063303398923,2841.694951489422,-2257.0389448159403,-1585.2382673615364,-924.9531073305623,1331.1654213313625,-1225.020213167654,-3395.7443421231924,3419.062696961285,-684.702129943683,-1246.8040931554299,1826.3242444952725,1731.1715422718987,1121.9502855702972,1809.0308350977944,-2491.7319658356582,-1832.9280305476843,-7.301059891195907,-697.5929720807445,2739.09786793288,338.79056915629997,2450.825323542471,-209.201241038508,-1257.321413852077,732.6442744291949
2952.6807065842413,-5220.098376450449,3195.8480000286627,-1270.1007861354637,1176.6063303398923,1760.7440487163321,4251.901413108583,-3376.711855024654,-2372.042238554998,-1383.5804632520947,1991.5062547940086,-1832.8526717634838,-5080.2229396065095,5115.210672853462,-1024.1419298820622,-1865.231790450296,2732.286265332167,2589.9659891739993,1678.6806501534284,2706.484609155335,-3727.877768231351,-2742.7315156905606,-10.85203917743727,-1043.3266519372767,4098.6864464383125,506.1800801736075,3666.8315224274525,-313.0388364577052,-1881.3758987484277,1095.85149488363
7132.995977573206,-12608.99993546001,7720.934020037712,-3068.081748161595,2841.694951489422,4251.901413108583,10270.45512978228,-8156.5480832150715,-5729.21040984459,-3341.886576530471,4812.455627698171,-4426.422428064163,-12270.412929064561,12356.44238153394,-2473.406456187715,-4506.497043052079,6599.8867174465595,6255.870374271224,4053.995638412274,6537.604337314248,-9003.844946414883,-6625.511956425636,-27.493634689777465,-2520.5246264048487,9898.293763829977,1223.3325899037713,8857.692959026828,-755.2972750817803,-4543.731050711336,2647.664488686024
-5664.666553896781,10014.390042124422,-6132.249576226342,2436.8367526841707,-2257.0389448159403,-3376.711855024654,-8156.5480832150715,6478.180002607125,4550.26787015982,2654.1330958472618,-3822.481114817937,3515.366684477332,9745.00301374087,-9813.610511128114,1964.2096237470148,3579.2781032688026,-5241.807312117538,-4968.29415143132,-3219.2800077874367,-5191.73259491809,7150.8103127966515,5261.800089843853,22.246708495357016,2001.7478034920578,-7860.801517118147,-971.7096162573104,-7034.700508110272,599.8561376783877,3608.6188310647785,-2102.663268915716
-3978.7794930206874,7034.102195759724,-4306.999204086746,1711.596675753277,-1585.2382673615364,-2372.042238554998,-5729.21040984459,4550.26787015982,3196.2968646170225,1864.1955529300403,-2684.6946441432065,2469.309729465699,6844.883314710554,-6892.956823996832,1379.5981409181172,2513.9352645302915,-3681.8242442438113,-3489.6996762600356,-2261.2810259315306,-3646.542848967795,5022.8028110363075,3695.908598070357,15.513603115039059,1405.8541157924813,-5521.822164244673,-682.2521580052138,-4941.108321884834,421.4715743511349,2534.86519160898,-1476.7018977998
-2320.865595843194,4103.032842218578,-2512.373157446135,998.365989886837,-924.9531073305623,-1383.5804632520947,-3341.886576530471,2654.1330958472618,1864.1955529300403,1087.576649639432,-1565.6986182923818,1440.4375551843523,3993.01553225858,-4020.731533195045,805.0265437314489,1466.3170759099805,-2147.6223747863905,-2035.724295987184,-1319.2885343719308,-2127.400727082837,2929.972188330825,2155.7324185470934,8.765414341581746,820.2775379139366,-3220.94448018745,-398.2437581417262,-2882.2091710757777,245.85779679671776,1478.5151878581157,-861.5975624769242
3342.7403097499073,-5908.706619954061,3619.1436423258933,-1437.9734329762289,1331.1654213313625,1991.5062547940086,4812.455627698171,-3822.481114817937,-2684.6946441432065,-1565.6986182923818,2257.2275941103803,-2073.435998129203,-5748.697722760928,5790.724920606439,-1158.2454038306655,-2112.7335028301204,3092.879380467839,2931.052816788214,1898.4159788901554,3062.7920442223044,-4218.372980060094,-3104.9746639667187,-14.476253240931824,-1181.0725225527972,4636.387021004669,573.532659830568,4150.899320651629,-353.30176812441994,-2128.7290992682556,1240.8016543465121
-3073.917172354809,5434.462983725023,-3327.271783459235,1322.2943777717246,-1225.020213167654,-1832.8526717634838,-4426.422428064163,3515.366684477332,2469.309729465699,1440.4375551843523,-2073.435998129203,1908.0475795178209,5288.7995263721705,-5325.3252811951925,1066.2252192956114,1941.914383136196,-2844.4870130611375,-2696.331173432513,-1747.544207780089,-2817.6681396221597,3880.899074600401,2855.2894169768624,11.38781660370501,1086.295661743056,-4266.69953096708,-527.1739468275305,-3817.416018214905,325.8088391088613,1958.4937019937254,-1140.9659049985262
-8521.586628169654,15064.75583954074,-9224.293619852853,3665.5702912774595,-3395.7443421231924,-5080.2229396065095,-12270.412929064561,9745.00301374087,6844.883314710554,3993.01553225858,-5748.697722760928,5288.7995263721705,14660.770497808073,-14762.629188251041,2955.594196379677,5383.741837185125,-7885.253582036518,-7474.390007368602,-4843.9553382422855,-7810.9713231192745,10757.767391915062,7915.3402749775105,32.19863030192153,3011.5378617201354,-11826.502511423298,-1461.808152515223,-10582.49189090422,902.7321509168339,5428.74108209781,-3163.2987344025396
8581.735143652266,-15170.52364047982,9289.816196539976,-3691.484219748485,3419.062696961285,5115.210672853462,12356.44238153394,-9813.610511128114,-6892.956823996832,-4020.731533195045,5790.724920606439,-5325.3252811951925,-14762.629188251041,14866.638034469242,-2975.6397907833307,-5422.273898832665,7940.68275861304,7526.504377648043,4876.9876965720405,7865.260232292893,-10832.616832438092,-7971.234482565006,-33.64896723744207,-3032.58860713397,11908.137756257822,1472.140149413017,10656.959864359651,-908.557169171423,-5466.522052616937,3185.5438324743345
-1717.6848004533178,3036.56888821801,-1859.2111662747718,738.8045259450012,-684.702129943683,-1024.1419298820622,-2473.406456187715,1964.2096237470148,1379.5981409181172,805.0265437314489,-1158.2454038306655,1066.2252192956114,2955.594196379677,-2975.6397907833307,596.0789656127106,1085.0032870425225,-1589.399884333036,-1506.7779513756009,-976.7671085393242,-1574.7977433250635,2168.6509126578435,1595.3976953357737,6.068538359726723,607.1814485387449,-2384.1976151366175,-294.7752351793235,-2133.1127172119295,182.06991768685828,1094.2915371317229,-637.7526751286161
-3130.023791520169,5532.932197752632,-3388.5743649773412,1346.4135382455977,-1246.8040931554299,-1865.231790450296,-4506.497043052079,3579.2781032688026,2513.9352645302915,1466.3170759099805,-2112.7335028301204,1941.914383136196,5383.741837185125,-5422.273898832665,1085.0032870425225,1977.975746738903,-2896.1475095093974,-2744.877391387089,-1778.2671680398637,-2868.3755569249793,3950.4829980241484,2907.357406562911,12.848301189013748,1106.0316422379162,-4342.318264668288,-537.0390039041631,-3886.853429442533,331.1059601411915,1993.5336321968894,-1161.9056414673887
4583.573808990672,-8103.145704217304,4961.903379760058,-1971.7554755853105,1826.3242444952725,2732.286265332167,6599.8867174465595,-5241.807312117538,-3681.8242442438113,-2147.6223747863905,3092.879380467839,-2844.4870130611375,-7885.253582036518,7940.68275861304,-1589.399884333036,-2896.1475095093974,4241.412411855949,4020.1282206793067,2604.943246027771,4200.9588293566185,-5786.115333260171,-4257.5791905955475,-17.934568766714506,-1619.7449452912508,6360.616520415506,786.2870852591137,5692.137031438754,-485.386729186742,-2919.913378137836,1701.4050970143883
4344.692269162553,-7680.443921286019,4702.917477179366,-1868.8310904837701,1731.1715422718987,2589.9659891739993,6255.870374271224,-4968.29415143132,-3489.6996762600356,-2035.724295987184,2931.052816788214,-2696.331173432513,-7474.390007368602,7526.504377648043,-1506.7779513756009,-2744.877391387089,4020.1282206793067,3810.663297274001,2469.533086139692,3982.2886817187596,-5484.565141211375,-4035.5660924500808,-16.52049767413036,-1535.3926014000772,6029.383428342529,745.2881254833618,5395.3331802495695,-460.1559562292975,-2767.686407286552,1612.7864169535644
2815.399709381227,-4976.814652554349,3047.032649861659,-1210.8602958310396,1121.9502855702972,1678.6806501534284,4053.995638412274,-3219.2800077874367,-2261.2810259315306,-1319.2885343719308,1898.4159788901554,-1747.544207780089,-4843.9553382422855,4876.9876965720405,-976.7671085393242,-1778.2671680398637,2604.943246027771,2469.533086139692,1600.878117576466,2580.959593694574,-3554.340876052714,-2615.003604993292,-9.982753907746714,-994.9937744274134,3907.880437247483,482.84185097153886,3496.1535669772684,-298.4118192818936,-1793.6323103367054,1045.1102301884496
4540.594279075072,-8025.880955362572,4914.597649205378,-1952.8303979156758,1809.0308350977944,2706.484609155335,6537.604337314248,-5191.73259491809,-3646.542848967795,-2127.400727082837,3062.7920442223044,-2817.6681396221597,-7810.9713231192745,7865.260232292893,-1574.7977433250635,-2868.3755569249793,4200.9588293566185,3982.2886817187596,2580.959593694574,4161.978898582585,-5731.387863116111,-4217.342687368055,-17.030028959279488,-1604.664608138578,6300.791935138264,778.924219754998,5638.297821902596,-480.76916990732855,-2892.1485464685043,1685.6310125195648
-6252.914593218781,11054.414129671191,-6768.583225267022,2689.801332176339,-2491.7319658356582,-3727.877768231351,-9003.844946414883,7150.8103127966515,5022.8028110363075,2929.972188330825,-4218.372980060094,3880.899074600401,10757.767391915062,-10832.616832438092,2168.6509126578435,3950.4829980241484,-5786.115333260171,-5484.565141211375,-3554.340876052714,-5731.387863116111,7893.9650937525,5808.142555689478,23.68562056244643,2209.730106863728,-8678.250032744741,-1072.539010600856,-7765.232049805296,662.4779241866797,3983.6205882861905,-2321.0308443939316
-4601.734840480926,8133.974801377547,-4980.967660877442,1979.2196623600742,-1832.9280305476843,-2742.7315156905606,-6625.511956425636,5261.800089843853,3695.908598070357,2155.7324185470934,-3104.9746639667187,2855.2894169768624,7915.3402749775105,-7971.234482565006,1595.3976953357737,2907.357406562911,-4257.5791905955475,-4035.5660924500808,-2615.003604993292,-4217.342687368055,5808.142555689478,4274.322562323298,18.057300880778683,1625.9483851931063,-6385.023678940746,-789.1343075151768,-5714.198096192532,487.0597499389192,2931.0706100376065,-1708.0623774542053
-19.347049646692543,34.11208444418853,-21.56354217501838,8.461619308966217,-7.301059891195907,-10.85203917743727,-27.493634689777465,22.246708495357016,15.513603115039059,8.765414341581746,-14.476253240931824,11.38781660370501,32.19863030192153,-33.64896723744207,6.068538359726723,12.848301189013748,-17.934568766714506,-16.52049767413036,-9.982753907746714,-17.030028959279488,23.68562056244643,18.057300880778683,1.236859941062207,6.701827702839341,-25.354170408164585,-3.4210798247300898,-24.00014723439353,1.6172516831066155,11.965707365999975,-7.1493237682257265
-1750.6072358598333,3094.4962774341584,-1895.0681958250693,752.9858379018424,-697.5929720807445,-1043.3266519372767,-2520.5246264048487,2001.7478034920578,1405.8541157924813,820.2775379139366,-1181.0725225527972,1086.295661743056,3011.5378617201354,-3032.58860713397,607.1814485387449,1106.0316422379162,-1619.7449452912508,-1535.3926014000772,-994.9937744274134,-1604.664608138578,2209.730106863728,1625.9483851931063,6.701827702839341,618.791787824651,-2429.0064389749596,-300.517352056048,-2173.890266481703,185.29341892938655,1114.9743901111578,-649.9974922068553
6873.929299796124,-12152.105702015288,7440.0609803539965,-2956.7600588443684,2739.09786793288,4098.6864464383125,9898.293763829977,-7860.801517118147,-5521.822164244673,-3220.94448018745,4636.387021004669,-4266.69953096708,-11826.502511423298,11908.137756257822,-2384.1976151366175,-4342.318264668288,6360.616520415506,6029.383428342529,3907.880437247483,6300.791935138264,-8678.250032744741,-6385.023678940746,-25.354170408164585,-2429.0064389749596,9541.253253364956,1178.588228445823,8536.345806366695,-728.5770591520634,-4379.579569347606,2551.305719508547
849.6864859429005,-1502.1562109492065,920.1874325089719,-365.56880973245615,338.79056915629997,506.1800801736075,1223.3325899037713,-971.7096162573104,-682.2521580052138,-398.2437581417262,573.532659830568,-527.1739468275305,-1461.808152515223,1472.140149413017,-294.7752351793235,-537.0390039041631,786.2870852591137,745.2881254833618,482.84185097153886,778.924219754998,-1072.539010600856,-789.1343075151768,-3.4210798247300898,-300.517352056048,1178.588228445823,146.18207483630738,1055.229210268663,-89.83786970420755,-541.047758108253,315.6734746884941
6151.895782538105,-10874.702840370304,6659.227009659383,-2646.129217302216,2450.825323542471,3666.8315224274525,8857.692959026828,-7034.700508110272,-4941.108321884834,-2882.2091710757777,4150.899320651629,-3817.416018214905,-10582.49189090422,10656.959864359651,-2133.1127172119295,-3886.853429442533,5692.137031438754,5395.3331802495695,3496.1535669772684,5638.297821902596,-7765.232049805296,-5714.198096192532,-24.00014723439353,-2173.890266481703,8536.345806366695,1055.229210268663,7639.384709221063,-651.2695764483744,-3918.621654976927,2283.5791189079914
-524.2676268360462,927.4128464824529,-567.4451121344165,225.6168982482936,-209.201241038508,-313.0388364577052,-755.2972750817803,599.8561376783877,421.4715743511349,245.85779679671776,-353.30176812441994,325.8088391088613,902.7321509168339,-908.557169171423,182.06991768685828,331.1059601411915,-485.386729186742,-460.1559562292975,-298.4118192818936,-480.76916990732855,662.4779241866797,487.0597499389192,1.6172516831066155,185.29341892938655,-728.5770591520634,-89.83786970420755,-651.2695764483744,55.82889057037384,334.3746010926303,-194.53331076382625
-3155.4360465335676,5578.519033576574,-3415.556190592247,1357.3692934191326,-1257.321413852077,-1881.3758987484277,-4543.731050711336,3608.6188310647785,2534.86519160898,1478.5151878581157,-2128.7290992682556,1958.4937019937254,5428.74108209781,-5466.522052616937,1094.2915371317229,1993.5336321968894,-2919.913378137836,-2767.686407286552,-1793.6323103367054,-2892.1485464685043,3983.6205882861905,2931.0706100376065,11.965707365999975,1114.9743901111578,-4379.579569347606,-541.047758108253,-3918.621654976927,334.3746010926303,2010.4157093230092,-1171.1379241467184
1839.0552464166908,-3250.445543780229,1990.7253136972229,-790.9268088377956,732.6442744291949,1095.85149488363,2647.664488686024,-2102.663268915716,-1476.7018977998,-861.5975624769242,1240.8016543465121,-1140.9659049985262,-3163.2987344025396,3185.5438324743345,-637.7526751286161,-1161.9056414673887,1701.4050970143883,1612.7864169535644,1045.1102301884496,1685.6310125195648,-2321.0308443939316,-1708.0623774542053,-7.1493237682257265,-649.9974922068553,2551.305719508547,315.6734746884941,2283.5791189079914,-194.53331076382625,-1171.1379241467184,682.8546945126349
