V1,V2,V3,V4,V5,V6,V7,V8,V9,V10,V11,V12,V13,V14,V15,V16,V17,V18,V19,V20,V21,V22,V23,V24,V25,V26,V27,V28,V29,V30
116.39895695087606,362.3300500375233,33.79417358861419,-128.80271059657326,-75.79736249047643,125.04395300966712,-112.06780332835119,301.418781177641,-16.845548788539478,55.9090119224312,179.89342481066808,-21.11432750694982,226.9330121980032,-57.12461694837531,592.5135662654425,2.3603338859707854,-102.459110975118,-5.559267990961562,-31.44576052020684,-280.13924974857235,-117.77261117482608,135.10828886154772,-34.55295106611093,287.46517084953956,335.8959831698084,168.49746239901816,-67.89237048563035,-236.31830641986247,144.0779878508217,-114.48930890768088
362.3300500375233,1130.6842643502928,104.59220172898904,-402.67850664365073,-235.4842799602761,390.9440609465606,-349.23630883903854,942.1072472852151,-52.1896587190959,172.70664080768807,561.9193687512524,-65.20906559695216,709.3471477049076,-177.50535074413486,1850.2061027377642,5.9153980345042605,-320.74240490893214,-16.926203837715537,-100.50093436225579,-872.2301215970765,-366.5289375479981,421.5474732385498,-104.7637229259026,896.9889680390164,1048.4949682993436,524.9478130185757,-212.73394276438356,-738.6945722009993,446.9161318212832,-356.8294025574162
33.79417358861419,104.59220172898904,9.953439185233426,-36.99311390253366,-22.127430626073483,35.92367528552936,-32.44235299356269,86.64931873024247,-4.937716437860196,16.511671911092566,51.77388847853052,-6.216453734428812,65.26034859344786,-16.644754863693446,170.72217269859928,1.0015513614466705,-29.340189722973967,-1.6963176518658625,-8.56022416723925,-81.2819284125415,-34.22154863267083,39.041101894504344,-10.617790560735507,83.0148579956453,96.87987449604601,48.81645805836589,-19.40880041112671,-67.93653676409679,42.200617623150194,-33.115425782532775
-128.80271059657326,-402.67850664365073,-36.99311390253366,143.67141761228646,83.53763227466906,-139.45683633091187,124.27626738040277,-336.0013749205748,18.502249935549564,-61.05821963629212,-200.35279549866823,23.10238438439536,-252.92030869324407,63.03583376739508,-659.3760556825761,-1.705624396020806,114.5389927136558,5.9151869150306915,36.4328922777436,310.13435915689024,130.24658570904828,-150.05182900757643,36.539119034005964,-319.3900935746319,-373.5274137365199,-186.74698298218743,75.99706910046501,263.43497916796883,-158.38168013079036,127.03207108967499
-75.79736249047643,-235.4842799602761,-22.127430626073483,83.53763227466906,49.47378699955291,-81.12151938770698,72.89396052028748,-195.5842957162979,10.999106299892487,-36.614399770602525,-116.75827776215705,13.789739404667161,-147.30571581006382,37.236451028746394,-384.7862187985069,-1.78746824968315,66.38968396598453,3.6839104035602674,20.034619783260446,182.3760037304977,76.7257776916974,-87.86530978862235,22.932778723850515,-186.8728792401736,-218.22464163335727,-109.6359947875988,43.97731471001756,153.3592462462493,-94.13748126326755,74.42896048177124
125.04395300966712,390.9440609465606,35.92367528552936,-139.45683633091187,-81.12151938770698,135.38087404069017,-120.63979311521062,326.177665212492,-17.9541001104729,59.26282122242256,194.47597153476264,-22.39871026232977,245.56336143702177,-61.186225176109666,640.1073983992084,1.6573729681999498,-111.18560872093033,-5.741461003805624,-35.37586718621204,-301.07744936155547,-126.45839680542075,145.70581193849085,-35.44222244819231,310.10178973116524,362.62537317010765,181.29083993114492,-73.7843291717688,-255.7500459140318,153.78614355161966,-123.29594639299059
-112.06780332835119,-349.23630883903854,-32.44235299356269,124.27626738040277,72.89396052028748,-120.63979311521062,107.96173601323345,-290.76753486931784,16.190077744256158,-53.64910168750525,-173.5014697374615,20.2781376304663,-218.89112831462415,54.96226034126569,-571.3188079907594,-2.06659705971207,98.91364066889682,5.29918506682132,30.64507066025756,269.7491319259939,113.36865756006141,-130.19442707336813,32.89135786440204,-277.05181213809834,-323.81481412297,-162.296824577299,65.5621154996849,227.9629721301531,-138.4705476755242,110.31581143349051
301.418781177641,942.1072472852151,86.64931873024247,-336.0013749205748,-195.5842957162979,326.177665212492,-290.76753486931784,785.8957828778624,-43.302546442690115,142.97847894675627,468.60698488900437,-54.04335622874712,591.6541551247797,-147.51992243780018,1542.4410662977034,4.128512757883341,-267.84605407475135,-13.875264957227442,-85.02902004147467,-725.7292861712875,-304.8339408856688,351.12937308352406,-85.69717314763736,747.2964111686058,873.8383211906666,436.9614310304251,-177.72658351532928,-616.1989415759706,370.84575973272257,-297.1669014403657
-16.845548788539478,-52.1896587190959,-4.937716437860196,18.502249935549564,10.999106299892487,-17.9541001104729,16.190077744256158,-43.302546442690115,2.4628484593880366,-8.21074363844721,-25.882489535289707,3.1129963117540154,-32.58047621112704,8.298537734175728,-85.26589791823132,-0.4630971953206404,14.679036988265809,0.837373264809223,4.324944528413502,40.52775936968835,17.045119110194005,-19.454891933965424,5.252639294788657,-41.40397380156988,-48.36427789108912,-24.35042422779845,9.704144675623736,33.936860687916464,-20.973677183057877,16.54437371340869
55.9090119224312,172.70664080768807,16.511671911092566,-61.05821963629212,-36.614399770602525,59.26282122242256,-53.64910168750525,142.97847894675627,-8.21074363844721,27.48535062555091,85.50578596241984,-10.396964651987503,107.60650758563604,-27.58983503678192,281.87499723359315,1.8063402826721051,-48.36880720747452,-2.8487401386264923,-13.871104636118858,-134.46477665964983,-56.60073574392233,64.42236521540919,-17.92421503985677,137.04728983750692,159.97114553789723,80.72618419096115,-31.9509240982024,-112.06092968058128,69.9335878013571,-54.79505514762087
179.89342481066808,561.9193687512524,51.77388847853052,-200.35279549866823,-116.75827776215705,194.47597153476264,-173.5014697374615,468.60698488900437,-25.882489535289707,85.50578596241984,279.48017123458277,-32.34956286230594,352.7366521094984,-88.0918468553225,919.9067673725591,2.6314131618370626,-159.65553488331548,-8.327066540196924,-50.43070399691538,-433.11526012418375,-181.9265596408685,209.40846474432632,-51.512199043043815,445.7106405362515,521.1841686717391,260.74286965359016,-105.90005697371662,-367.3943352117548,221.4847201894383,-177.33691906705508
-21.11432750694982,-65.20906559695216,-6.216453734428812,23.10238438439536,13.789739404667161,-22.39871026232977,20.2781376304663,-54.04335622874712,3.1129963117540154,-10.396964651987503,-32.34956286230594,3.9730791242997543,-40.61135116621416,10.434623820373021,-106.52072480455624,-0.673368829937477,18.29229424864315,1.0759613981420284,5.239467984564893,50.793661682550166,21.35485942084944,-24.279880156419424,6.808259762497635,-51.7128289347151,-60.429189405792634,-30.498766838911436,12.063946599501293,42.32914359248452,-26.360706196093552,20.743441614245757
226.9330121980032,709.3471477049076,65.26034859344786,-252.92030869324407,-147.30571581006382,245.56336143702177,-218.89112831462415,591.6541551247797,-32.58047621112704,107.60650758563604,352.7366521094984,-40.61135116621416,445.51721741348155,-111.03865736436641,1161.2295743667216,3.107364292337909,-201.63553548811902,-10.442427014371724,-64.04179497064759,-546.3722334269825,-229.53538795060877,264.4454943067452,-64.43159594440091,562.7158461597729,657.9037136657423,328.96653648782564,-133.8251961311719,-463.94316652568926,279.2646147774017,-223.65964175820193
-57.12461694837531,-177.50535074413486,-16.644754863693446,63.03583376739508,37.236451028746394,-61.186225176109666,54.96226034126569,-147.51992243780018,8.298537734175728,-27.58983503678192,-88.0918468553225,10.434623820373021,-111.03865736436641,28.074401658699454,-290.17041936824285,-1.3126450897154687,50.09389505867923,2.7699465942395762,15.14561094375283,137.46441150989395,57.80018946783466,-66.18228989204583,17.277360313759807,-140.82614946006376,-164.53203993561237,-82.64813935241995,33.165058286624145,115.64209934177714,-70.86444305966728,56.15553527989025
592.5135662654425,1850.2061027377642,170.72217269859928,-659.3760556825761,-384.7862187985069,640.1073983992084,-571.3188079907594,1542.4410662977034,-85.26589791823132,281.87499723359315,919.9067673725591,-106.52072480455624,1161.2295743667216,-290.17041936824285,3028.373857718693,9.014948855301093,-525.3724201072071,-27.51119123807286,-165.51422870889925,-1426.4657392404808,-599.2926906790003,689.6624780312605,-170.17078348733386,1467.686103414741,1715.9215774411061,858.669035852649,-348.4967801281986,-1209.367765307342,730.0111673758325,-583.8391534237469
2.3603338859707854,5.9153980345042605,1.0015513614466705,-1.705624396020806,-1.78746824968315,1.6573729681999498,-2.06659705971207,4.128512757883341,-0.4630971953206404,1.8063402826721051,2.6314131618370626,-0.673368829937477,3.107364292337909,-1.3126450897154687,9.014948855301093,0.7835676084123195,-1.1444301251116673,-0.3063700636699346,0.700278874252528,-5.5715320661504855,-2.4363007139412436,2.259659352850484,-2.1137354979243077,4.742942396591689,5.318049300608224,3.1846188534066866,-0.6634788811912026,-3.21558819365893,3.746904910591098,-2.0745385889254266
-102.459110975118,-320.74240490893214,-29.340189722973967,114.5389927136558,66.38968396598453,-111.18560872093033,98.91364066889682,-267.84605407475135,14.679036988265809,-48.36880720747452,-159.65553488331548,18.29229424864315,-201.63553548811902,50.09389505867923,-525.3724201072071,-1.1444301251116673,91.37795556923831,4.648787125205749,29.371923826623632,246.73191288914268,103.5995643762336,-119.5166845405847,28.64188341798015,-254.3961458580444,-297.56285261109275,-148.61658440718236,60.662692605507665,210.013452718093,-125.76175228154275,101.10845401919283
-5.559267990961562,-16.926203837715537,-1.6963176518658625,5.9151869150306915,3.6839104035602674,-5.741461003805624,5.29918506682132,-13.875264957227442,0.837373264809223,-2.8487401386264923,-8.327066540196924,1.0759613981420284,-10.442427014371724,2.7699465942395762,-27.51119123807286,-0.3063700636699346,4.648787125205749,0.31663576741595006,1.1488526408989166,13.351465625459685,5.63625118440799,-6.323087040489322,2.0254920550148117,-13.440116501413014,-15.649409530753212,-7.987036281779563,3.054216577639319,10.871179975924983,-7.095975161462161,5.405888866894884
-31.44576052020684,-100.50093436225579,-8.56022416723925,36.4328922777436,20.034619783260446,-35.37586718621204,30.64507066025756,-85.02902004147467,4.324944528413502,-13.871104636118858,-50.43070399691538,5.239467984564893,-64.04179497064759,15.14561094375283,-165.51422870889925,0.700278874252528,29.371923826623632,1.1488526408989166,10.934370408191134,75.87487140477604,31.736474661937834,-37.39372596844187,6.743150925040156,-79.65697464444031,-93.4608522715581,-45.93955912931038,19.642979049109513,66.7136766883931,-37.43736015297866,31.36166389516448
-280.13924974857235,-872.2301215970765,-81.2819284125415,310.13435915689024,182.3760037304977,-301.07744936155547,269.7491319259939,-725.7292861712875,40.52775936968835,-134.46477665964983,-433.11526012418375,50.793661682550166,-546.3722334269825,137.46441150989395,-1426.4657392404808,-5.5715320661504855,246.73191288914268,13.351465625459685,75.87487140477604,674.2358870103873,283.43343541749795,-325.22383499048175,82.96607414167029,-691.9925287385641,-808.6266862289932,-405.56189398043983,163.49998480609074,568.9817036033126,-346.62198029734185,275.5926390155717
-117.77261117482608,-366.5289375479981,-34.22154863267083,130.24658570904828,76.7257776916974,-126.45839680542075,113.36865756006141,-304.8339408856688,17.045119110194005,-56.60073574392233,-181.9265596408685,21.35485942084944,-229.53538795060877,57.80018946783466,-599.2926906790003,-2.4363007139412436,103.5995643762336,5.63625118440799,31.736474661937834,283.43343541749795,119.17648580282,-136.69957323138513,35.026036311357096,-290.81505433796843,-339.7632769982784,-170.4654657559643,68.65206882998754,239.0087195115006,-145.85296990522644,115.80061031789165
135.10828886154772,421.5474732385498,39.041101894504344,-150.05182900757643,-87.86530978862235,145.70581193849085,-130.19442707336813,351.12937308352406,-19.454891933965424,64.42236521540919,209.40846474432632,-24.279880156419424,264.4454943067452,-66.18228989204583,689.6624780312605,2.259659352850484,-119.5166845405847,-6.323087040489322,-37.39372596844187,-325.22383499048175,-136.69957323138513,157.21470203710518,-39.108077852754846,334.4578873733662,390.8638596881226,195.7190962498214,-79.28539984421609,-275.3452389666014,166.75358039647634,-132.98819272637647
-34.55295106611093,-104.7637229259026,-10.617790560735507,36.539119034005964,22.932778723850515,-35.44222244819231,32.89135786440204,-85.69717314763736,5.252639294788657,-17.92421503985677,-51.512199043043815,6.808259762497635,-64.43159594440091,17.277360313759807,-170.17078348733386,-2.1137354979243077,28.64188341798015,2.0254920550148117,6.743150925040156,82.96607414167029,35.026036311357096,-39.108077852754846,13.05084426644839,-83.16802821642916,-96.83815275129307,-49.584570261762025,18.767865098908544,67.10814072688524,-44.29909361417755,33.57679260392185
287.46517084953956,896.9889680390164,83.0148579956453,-319.3900935746319,-186.8728792401736,310.10178973116524,-277.05181213809834,747.2964111686058,-41.40397380156988,137.04728983750692,445.7106405362515,-51.7128289347151,562.7158461597729,-140.82614946006376,1467.686103414741,4.742942396591689,-254.3961458580444,-13.440116501413014,-79.65697464444031,-691.9925287385641,-290.81505433796843,334.4578873733662,-83.16802821642916,711.6238855581939,831.755442451555,416.4600947960677,-168.73942830263408,-585.9665405855495,354.6611897424068,-283.0474420556542
335.8959831698084,1048.4949682993436,96.87987449604601,-373.5274137365199,-218.22464163335727,362.62537317010765,-323.81481412297,873.8383211906666,-48.36427789108912,159.97114553789723,521.1841686717391,-60.429189405792634,657.9037136657423,-164.53203993561237,1715.9215774411061,5.318049300608224,-297.56285261109275,-15.649409530753212,-93.4608522715581,-808.6266862289932,-339.7632769982784,390.8638596881226,-96.83815275129307,831.755442451555,972.3364233383776,486.70918011731175,-197.36768568359523,-685.1515877729181,414.0975522941851,-330.8837180310258
168.49746239901816,524.9478130185757,48.81645805836589,-186.74698298218743,-109.6359947875988,181.29083993114492,-162.296824577299,436.9614310304251,-24.35042422779845,80.72618419096115,260.74286965359016,-30.498766838911436,328.96653648782564,-82.64813935241995,858.669035852649,3.1846188534066866,-148.61658440718236,-7.987036281779563,-45.93955912931038,-405.56189398043983,-170.4654657559643,195.7190962498214,-49.584570261762025,416.4600947960677,486.70918011731175,243.99047485717074,-98.50289907217943,-342.5865441297644,208.2950483140752,-165.82205292934398
-67.89237048563035,-212.73394276438356,-19.40880041112671,75.99706910046501,43.97731471001756,-73.7843291717688,65.5621154996849,-177.72658351532928,9.704144675623736,-31.9509240982024,-105.90005697371662,12.063946599501293,-133.8251961311719,33.165058286624145,-348.4967801281986,-0.6634788811912026,60.662692605507665,3.054216577639319,19.642979049109513,163.49998480609074,68.65206882998754,-79.28539984421609,18.767865098908544,-168.73942830263408,-197.36768568359523,-98.50289907217943,40.294534819381326,139.36951103270763,-83.24751016029738,67.00523568882865
-236.31830641986247,-738.6945722009993,-67.93653676409679,263.43497916796883,153.3592462462493,-255.7500459140318,227.9629721301531,-616.1989415759706,33.936860687916464,-112.06092968058128,-367.3943352117548,42.32914359248452,-463.94316652568926,115.64209934177714,-1209.367765307342,-3.21558819365893,210.013452718093,10.871179975924983,66.7136766883931,568.9817036033126,239.0087195115006,-275.3452389666014,67.10814072688524,-585.9665405855495,-685.1515877729181,-342.5865441297644,139.36951103270763,483.16488911643717,-290.7549808463886,232.95891021180017
144.0779878508217,446.9161318212832,42.200617623150194,-158.38168013079036,-94.13748126326755,153.78614355161966,-138.4705476755242,370.84575973272257,-20.973677183057877,69.9335878013571,221.4847201894383,-26.360706196093552,279.2646147774017,-70.86444305966728,730.0111673758325,3.746904910591098,-125.76175228154275,-7.095975161462161,-37.43736015297866,-346.62198029734185,-145.85296990522644,166.75358039647634,-44.29909361417755,354.6611897424068,414.0975522941851,208.2950483140752,-83.24751016029738,-290.7549808463886,179.3054592701945,-141.38999162072756
-114.48930890768088,-356.8294025574162,-33.115425782532775,127.03207108967499,74.42896048177124,-123.29594639299059,110.31581143349051,-297.1669014403657,16.54437371340869,-54.79505514762087,-177.33691906705508,20.743441614245757,-223.65964175820193,56.15553527989025,-583.8391534237469,-2.0745385889254266,101.10845401919283,5.405888866894884,31.36166389516448,275.5926390155717,115.80061031789165,-132.98819272637647,33.57679260392185,-283.0474420556542,-330.8837180310258,-165.82205292934398,67.00523568882865,232.95891021180017,-141.38999162072756,112.7487385026144
