V1,V2,V3,V4,V5,V6,V7,V8,V9,V10,V11,V12,V13,V14,V15,V16,V17,V18,V19,V20,V21,V22,V23,V24,V25,V26,V27,V28,V29,V30
167.9654000104642,523.3120179574096,48.66622512066418,-186.15028260843215,-109.30137410561076,180.72112536601975,-161.77927239377033,435.5850420180475,-24.26730558826875,80.45804689791379,259.908425559275,-30.38239685253483,327.9538109408708,-82.37963356790165,855.963955433725,3.169815030824075,-148.14741781067303,-7.9595763361717005,-45.80831583971891,-404.27865497036794,-169.9352417418156,195.12549518001612,-49.39883522867072,415.1734254676999,485.18251438572145,243.21736268958037,-98.20018070647512,-341.51826764136183,207.64766683651786,-165.28222441995464
523.3120179574096,1633.1128925880741,151.05287371663982,-581.6174274665998,-340.10836255164907,564.6749279331885,-504.4064392815368,1360.7616227301196,-75.36867918707685,249.40283403090118,811.6092522782704,-94.15619690151183,1024.5851648851199,-256.358995017112,2672.365917845514,8.512015191648306,-463.283651120979,-24.43753162961775,-145.21550127260195,-1259.7592123056213,-529.3791228933297,608.8753799686313,-151.23172552893595,1295.5810079643281,1514.4029411296165,758.1884150487141,-307.28522871488985,-1066.965131911216,645.4547937326172,-515.364788875968
48.66622512066418,151.05287371663982,14.245617555253483,-53.52921854749639,-31.802795297626346,51.98914932142018,-46.775303228081306,125.35837840360988,-7.070458477517351,23.571866662958975,74.84286566935971,-8.863852428483712,94.43455173540232,-23.918762944816965,246.7258121541171,1.225657084306715,-42.52228756125474,-2.3850130815323354,-12.72628400466439,-117.08084705029383,-49.27407571417597,56.381581877923445,-14.85611075171787,119.8861789603475,139.95511281550486,70.36480688609012,-28.163796471673837,-98.30141785953931,60.542214045638055,-47.74629458415973
-186.15028260843215,-581.6174274665998,-53.52921854749639,207.44529571889336,120.77168044862766,-201.34794929311647,179.56780576099706,-485.1525240138445,26.77509800947971,-88.41283964386503,-289.3445547774954,33.470986132341395,-365.1594922820891,91.14612828408278,-952.2748879638509,-2.635658908384055,165.32649161787953,8.59495753835394,52.335699587756366,448.1982786049132,188.23835503503582,-216.72072026731706,53.165058111135,-461.31270096555846,-539.487204229662,-269.84391636450266,109.66225606471298,380.354454918569,-229.06990351156657,183.55806871517157
-109.30137410561076,-340.10836255164907,-31.802795297626346,120.77168044862766,71.27153614684988,-117.29190909355829,105.18041151270282,-282.7397001068392,15.809258629387076,-52.54177427284347,-168.70892567224308,19.768542992545203,-212.98270285488158,53.630370489758654,-555.9341198424149,-2.311923672775196,96.06405360190357,5.24096887081982,29.38188128916415,263.02335353739244,110.63435254337568,-126.90835568567397,32.52781365693475,-269.8989441311103,-315.2250807968176,-158.1758208466494,63.67990388555413,221.72212230251048,-135.47309962410023,107.39077059054884
180.72112536601975,564.6749279331885,51.98914932142018,-201.34794929311647,-117.29190909355829,195.45767743288087,-174.3114449160304,470.95488691858856,-25.97990115079634,85.81292947327304,280.8423695326277,-32.44081889347948,354.54426565193455,-88.47002242157905,924.4307302780336,2.566802076367555,-160.4780684749331,-8.343608468561916,-50.811953115736195,-435.1126126848691,-182.77184853294239,210.45797812481067,-51.56583734807288,447.9114017909957,523.7395739726893,261.9606110778638,-106.46874952809382,-369.25567904267115,222.44395220894415,-178.14826157642122
-161.77927239377033,-504.4064392815368,-46.775303228081306,179.56780576099706,105.18041151270282,-174.3114449160304,155.88890593150217,-420.10380115789565,23.350760095548626,-77.32965380542562,-250.64968543048678,29.234265299588564,-316.2504831749399,79.31644285040873,-825.286517865474,-2.8515206506995177,142.95798815010124,7.615265618459669,44.476275036978556,389.4274027118256,163.64779833595566,-188.02803045978,47.235200055628354,-400.1366547206817,-467.7205000795034,-234.33060327719565,94.77049610393065,329.36442662342245,-199.74300440645274,159.2986126951579
435.5850420180475,1360.7616227301196,125.35837840360988,-485.1525240138445,-282.7397001068392,470.95488691858856,-420.10380115789565,1134.7888638906106,-62.64211677290924,206.9522231100489,676.7387650590031,-78.24333646517663,854.278536249999,-213.26585515798698,2227.611717388218,6.312751322755492,-386.6369779160095,-20.143952655262233,-122.23744755398404,-1048.7184648887705,-440.531857397904,507.16466598170155,-124.54126509396524,1079.385121457071,1262.092339214452,631.355471680253,-256.49280384444256,-889.7299907253511,536.2808645316392,-429.351303949742
-24.26730558826875,-75.36867918707685,-7.070458477517351,26.77509800947971,15.809258629387076,-25.97990115079634,23.350760095548626,-62.64211677290924,3.5329053798586636,-11.742530711939594,-37.42252563388137,4.456743386334183,-47.12639735732573,11.935841080407418,-123.22784128739508,-0.5707175423516283,21.26952227434045,1.1810940878307963,6.404179130529324,58.39921300940214,24.547306418098373,-28.084777276478125,7.387127585222435,-59.783071075015386,-69.86769094642278,-35.10946423734722,14.071821061168727,49.09411807207577,-30.102988562055714,23.86972367797886
80.45804689791379,249.40283403090118,23.571866662958975,-88.41283964386503,-52.54177427284347,85.81292947327304,-77.32965380542562,206.9522231100489,-11.742530711939594,39.14793879481944,123.66088738294152,-14.812835211280134,155.7564480611417,-39.61086499286253,407.4479929402748,2.1566947518950226,-70.16845747226354,-3.983002656519302,-20.76775162511706,-193.5717200893365,-81.42485366151018,93.00007461749789,-24.941696156437306,197.87893958337173,231.1117491607073,116.31190275891456,-46.410076000200384,-162.21506126621728,100.14505706399032,-79.00217726172932
259.908425559275,811.6092522782704,74.84286566935971,-289.3445547774954,-168.70892567224308,280.8423695326277,-250.64968543048678,676.7387650590031,-37.42252563388137,123.66088738294152,403.65798097106426,-46.80883100011502,509.36508373595007,-127.30954447350881,1328.618079656561,3.91856854248174,-230.52973604612447,-12.063107956908198,-72.63977051626968,-625.7512683763135,-262.8411592054886,302.4404752369143,-74.68468216664782,643.7503597484522,752.7634972792357,376.68773477105805,-152.88308048476895,-530.5513083910382,320.10487670549907,-256.2052747519497
-30.38239685253483,-94.15619690151183,-8.863852428483712,33.470986132341395,19.768542992545203,-32.44081889347948,29.234265299588564,-78.24333646517663,4.456743386334183,-14.812835211280134,-46.80883100011502,5.680652502087377,-58.770656596531055,14.985886349446382,-153.99950949250683,-0.7954744890539692,26.547993661062254,1.5036604912160685,7.8483482915307015,73.11974203411572,30.708318522204856,-35.02662139481993,9.48761132685181,-74.6435590226166,-87.30541459447593,-43.94499517985786,17.52285026704674,61.27679664313327,-37.71956706079144,29.92727752870454
327.9538109408708,1024.5851648851199,94.43455173540232,-365.1594922820891,-212.98270285488158,354.54426565193455,-316.2504831749399,854.278536249999,-47.12639735732573,155.7564480611417,509.36508373595007,-58.770656596531055,643.2885974948691,-160.5224385171109,1677.0183989827824,4.768361352517383,-291.03911249518194,-15.16344499572372,-92.04877690432465,-789.5501334999942,-331.737881526404,381.99731554971487,-93.63429694006282,812.816087658046,950.2108871713523,475.31817781911394,-193.13162145144204,-669.8778017400994,403.9024916474422,-323.11883281281615
-82.37963356790165,-256.358995017112,-23.918762944816965,91.14612828408278,53.630370489758654,-88.47002242157905,79.31644285040873,-213.26585515798698,11.935841080407418,-39.61086499286253,-127.30954447350881,14.985886349446382,-160.5224385171109,40.44630272517691,-419.2527610509554,-1.6980085463888794,72.48860734207942,3.9433588528108285,22.19502527395108,198.26788685814927,83.34021500581379,-95.56581056772606,24.545048066776,-203.37037039822246,-237.6677130061358,-119.24905310722013,48.015649424723755,167.1849194513809,-101.97297572160296,81.050355198329
855.963955433725,2672.365917845514,246.7258121541171,-952.2748879638509,-555.9341198424149,924.4307302780336,-825.286517865474,2227.611717388218,-123.22784128739508,407.4479929402748,1328.618079656561,-153.99950949250683,1677.0183989827824,-419.2527610509554,4373.904618215157,13.269360434509172,-758.667392851831,-39.80997558178273,-238.64909590251966,-2060.6890821342977,-865.7596433805388,996.1096872480236,-246.34569109328802,2119.863490103195,2478.3735422488808,1240.3892569676143,-503.2032593237718,-1746.556743923136,1054.84573853034,-843.3823082171468
3.169815030824075,8.512015191648306,1.225657084306715,-2.635658908384055,-2.311923672775196,2.566802076367555,-2.8515206506995177,6.312751322755492,-0.5707175423516283,2.1566947518950226,3.91856854248174,-0.7954744890539692,4.768361352517383,-1.6980085463888794,13.269360434509172,0.7649600004806375,-1.8974086430056303,-0.33514157158038654,0.41408357736559054,-7.522338682901006,-3.258681856660181,3.2369507932802715,-2.2723155129690547,6.80883342540315,7.725635183340313,4.364749552860695,-1.1723442081025484,-4.936602152310192,4.720454353742857,-2.8700257187877223
-148.14741781067303,-463.283651120979,-42.52228756125474,165.32649161787953,96.06405360190357,-160.4780684749331,142.95798815010124,-386.6369779160095,21.26952227434045,-70.16845747226354,-230.52973604612447,26.547993661062254,-291.03911249518194,72.48860734207942,-758.667392851831,-1.8974086430056303,131.82212370411384,6.786473934905234,42.02241410529006,356.7223811340718,149.80540764122895,-172.63320369620487,41.9006022111403,-367.4570436923457,-429.75765333048486,-214.8137811103211,87.47380473581167,303.13825341855664,-182.09907248874498,146.12981346081855
-7.9595763361717005,-24.43753162961775,-2.3850130815323354,8.59495753835394,5.24096887081982,-8.343608468561916,7.615265618459669,-20.143952655262233,1.1810940878307963,-3.983002656519302,-12.063107956908198,1.5036604912160685,-15.16344499572372,3.9433588528108285,-39.80997558178273,-0.33514157158038654,6.786473934905234,0.42597087351804586,1.8337526118293799,19.131198112034866,8.064182876568756,-9.123525396718408,2.6987377046235883,-19.398698968561504,-22.6164335590919,-11.467641008532796,4.473714063119282,15.787181444195268,-10.04574310146586,7.772422992840469
-45.80831583971891,-145.21550127260195,-12.72628400466439,52.335699587756366,29.38188128916415,-50.811953115736195,44.476275036978556,-122.23744755398404,6.404179130529324,-20.76775162511706,-72.63977051626968,7.8483482915307015,-92.04877690432465,22.19502527395108,-238.64909590251966,0.41408357736559054,42.02241410529006,1.8337526118293799,14.822115866948096,110.44329669024447,46.26597371752944,-54.06220086802817,11.002816370089983,-115.12893579852853,-134.91732041872214,-66.73324050987154,28.0240360102006,95.88296004803166,-55.20525723528424,45.495280543940794
-404.27865497036794,-1259.7592123056213,-117.08084705029383,448.1982786049132,263.02335353739244,-435.1126126848691,389.4274027118256,-1048.7184648887705,58.39921300940214,-193.5717200893365,-625.7512683763135,73.11974203411572,-789.5501334999942,198.26788685814927,-2060.6890821342977,-7.522338682901006,356.7223811340718,19.131198112034866,110.44329669024447,973.0869452417118,409.00169904159293,-469.68988107686386,118.72420399456733,-999.4142693927678,-1168.0097449005689,-585.4428514781773,236.45737125042317,822.2298865321715,-499.64802311242977,397.8825250695176
-169.9352417418156,-529.3791228933297,-49.27407571417597,188.23835503503582,110.63435254337568,-182.77184853294239,163.64779833595566,-440.531857397904,24.547306418098373,-81.42485366151018,-262.8411592054886,30.708318522204856,-331.737881526404,83.34021500581379,-865.7596433805388,-3.258681856660181,149.80540764122895,8.064182876568756,46.26597371752944,409.00169904159293,171.95097525004587,-197.43334334305675,50.023681089505644,-420.0207146498515,-490.7701545458828,-246.0444138001645,99.3122982134804,345.4224243493286,-210.17957326297235,167.15818557025625
195.12549518001612,608.8753799686313,56.381581877923445,-216.72072026731706,-126.90835568567397,210.45797812481067,-188.02803045978,507.16466598170155,-28.084777276478125,93.00007461749789,302.4404752369143,-35.02662139481993,381.99731554971487,-95.56581056772606,996.1096872480236,3.2369507932802715,-172.63320369620487,-9.123525396718408,-54.06220086802817,-469.68988107686386,-197.43334334305675,227.10201939423098,-56.3950811083269,483.10253940923724,564.5473332136295,282.6638719329839,-114.53787125919287,-397.7211009546071,240.82210405642346,-192.04449610753053
-49.39883522867072,-151.23172552893595,-14.85611075171787,53.165058111135,32.52781365693475,-51.56583734807288,47.235200055628354,-124.54126509396524,7.387127585222435,-24.941696156437306,-74.68468216664782,9.48761132685181,-93.63429694006282,24.545048066776,-246.34569109328802,-2.2723155129690547,41.9006022111403,2.6987377046235883,11.002816370089983,118.72420399456733,50.023681089505644,-56.3950811083269,17.22210385649918,-120.00369923971338,-139.96689361317402,-71.12687676716277,27.557814506892463,97.54744186277642,-62.48766289122859,48.25910759886749
415.1734254676999,1295.5810079643281,119.8861789603475,-461.31270096555846,-269.8989441311103,447.9114017909957,-400.1366547206817,1079.385121457071,-59.783071075015386,197.87893958337173,643.7503597484522,-74.6435590226166,812.816087658046,-203.37037039822246,2119.863490103195,6.80883342540315,-367.4570436923457,-19.398698968561504,-115.12893579852853,-999.4142693927678,-420.0207146498515,483.10253940923724,-120.00369923971338,1027.861778499422,1201.3533468072358,601.4826849245331,-243.749477791355,-846.3802431926163,512.1992831755476,-408.77922864192004
485.18251438572145,1514.4029411296165,139.95511281550486,-539.487204229662,-315.2250807968176,523.7395739726893,-467.7205000795034,1262.092339214452,-69.86769094642278,231.1117491607073,752.7634972792357,-87.30541459447593,950.2108871713523,-237.6677130061358,2478.3735422488808,7.725635183340313,-429.75765333048486,-22.6164335590919,-134.91732041872214,-1168.0097449005689,-490.7701545458828,564.5473332136295,-139.96689361317402,1201.3533468072358,1404.394542060848,703.0101328431347,-285.0425246013781,-989.5668519505198,598.1864619105661,-477.93165577060256
243.21736268958037,758.1884150487141,70.36480688609012,-269.84391636450266,-158.1758208466494,261.9606110778638,-234.33060327719565,631.355471680253,-35.10946423734722,116.31190275891456,376.68773477105805,-43.94499517985786,475.31817781911394,-119.24905310722013,1240.3892569676143,4.364749552860695,-214.8137811103211,-11.467641008532796,-66.73324050987154,-585.4428514781773,-246.0444138001645,282.6638719329839,-71.12687676716277,601.4826849245331,703.0101328431347,352.2598039197022,-142.40858019204492,-495.0029376312133,300.40450720554355,-239.4320801819273
-98.20018070647512,-307.28522871488985,-28.163796471673837,109.66225606471298,63.67990388555413,-106.46874952809382,94.77049610393065,-256.49280384444256,14.071821061168727,-46.410076000200384,-152.88308048476895,17.52285026704674,-193.13162145144204,48.015649424723755,-503.2032593237718,-1.1723442081025484,87.47380473581167,4.473714063119282,28.0240360102006,236.45737125042317,99.3122982134804,-114.53787125919287,27.557814506892463,-243.749477791355,-285.0425246013781,-142.40858019204492,58.07546016376793,201.12893783694219,-120.6468408913634,96.84784995656108
-341.51826764136183,-1066.965131911216,-98.30141785953931,380.354454918569,221.72212230251048,-369.25567904267115,329.36442662342245,-889.7299907253511,49.09411807207577,-162.21506126621728,-530.5513083910382,61.27679664313327,-669.8778017400994,167.1849194513809,-1746.556743923136,-4.936602152310192,303.13825341855664,15.787181444195268,95.88296004803166,822.2298865321715,345.4224243493286,-397.7211009546071,97.54744186277642,-846.3802431926163,-989.5668519505198,-495.0029376312133,201.12893783694219,697.62936684071,-420.50680568111704,336.573417652678
207.64766683651786,645.4547937326172,60.542214045638055,-229.06990351156657,-135.47309962410023,222.44395220894415,-199.74300440645274,536.2808645316392,-30.102988562055714,100.14505706399032,320.10487670549907,-37.71956706079144,403.9024916474422,-101.97297572160296,1054.84573853034,4.720454353742857,-182.09907248874498,-10.04574310146586,-55.20525723528424,-499.64802311242977,-210.17957326297235,240.82210405642346,-62.48766289122859,512.1992831755476,598.1864619105661,300.40450720554355,-120.6468408913634,-420.50680568111704,257.6923467126401,-203.9590820643838
-165.28222441995464,-515.364788875968,-47.74629458415973,183.55806871517157,107.39077059054884,-178.14826157642122,159.2986126951579,-429.351303949742,23.86972367797886,-79.00217726172932,-256.2052747519497,29.92727752870454,-323.11883281281615,81.050355198329,-843.3823082171468,-2.8700257187877223,146.12981346081855,7.772422992840469,45.495280543940794,397.8825250695176,167.15818557025625,-192.04449610753053,48.25910759886749,-408.77922864192004,-477.93165577060256,-239.4320801819273,96.84784995656108,336.573417652678,-203.9590820643838,162.83272634303668
