V1,V2,V3,V4,V5,V6,V7,V8,V9,V10,V11,V12,V13,V14,V15,V16,V17,V18,V19,V20,V21,V22,V23,V24,V25,V26,V27,V28,V29,V30
2838.423002549927,-5016.009543766603,3071.3848577746844,-1220.9252921658933,1131.414807429666,1692.4622371218968,4084.975359755598,-3244.860283967304,-2278.3406389262336,-1329.6970848652643,1913.891951527333,-1760.3416388072108,-4881.160040971248,4915.459586657262,-983.4510788327816,-1792.2499390373973,2625.4992029218,2488.640347522754,1612.9890534331385,2600.65619777343,-3582.914211862795,-2636.0741020178034,-9.951104400455192,-1002.4061362101115,3937.728693189704,486.72719292110725,3523.108432089116,-300.5826212447134,-1808.681665507451,1053.9266566379783
-5016.009543766603,8867.145314805339,-5429.460680390414,2157.6694790610695,-1998.6954873898508,-2990.360047627953,-7222.261045852346,5736.000556315939,4028.868599855507,2350.214967351968,-3383.956325380467,3112.775088547548,8629.011532273658,-8689.327942162785,1739.3477330465744,3168.914215280022,-4641.282147406376,-4399.2995749255,-2850.9789698483305,-4597.284723763167,6332.108662286863,4659.146626391874,19.059039456782195,1772.404896352167,-6960.926594293586,-860.296374498935,-6228.767555934369,531.3170541646899,3195.570537768953,-1861.926387629963
3071.3848577746844,-5429.460680390414,3324.9666813053027,-1321.0623771691817,1223.5830453367103,1830.4153909221925,4422.604004024435,-3512.1961668613208,-2466.980802049766,-1439.0618374271926,2072.5129671015197,-1906.0645668442983,-5283.785985537032,5320.850092906217,-1065.2754597238988,-1940.7272387481403,2841.948808248756,2693.8685417196098,1745.6005454628496,2815.334394808083,-3876.7715205375607,-2852.8550705602183,-12.110699864861074,-1085.6263914956185,4261.871037492009,527.0561421776313,3814.3477183959667,-325.07953247009544,-1956.1216830545868,1140.1756738721774
-1220.9252921658933,2157.6694790610695,-1321.0623771691817,525.2385107869414,-486.7790240025874,-728.1852302872292,-1757.0722700619522,1395.8097255675532,980.0052674999226,571.9889199426166,-823.1473632388687,757.1712871056467,2099.616336605752,-2114.328234993013,422.9682260508787,770.8170218453793,-1129.3742325372075,-1070.4525233663983,-693.8715832518104,-1118.5608696914026,1541.3485404118471,1133.9087011931576,4.166868604442868,431.0913004264725,-1693.9130176433116,-209.29775432571438,-1515.3425180624836,129.3897740560593,778.1806999972025,-453.3115759260341
1131.414807429666,-1998.6954873898508,1223.5830453367103,-486.7790240025874,451.4932662463866,675.1982967074674,1627.1214336042044,-1293.008526330349,-907.395179409558,-529.9625728795047,762.0828069823381,-701.1381199524633,-1944.7792586334836,1958.4500065016678,-391.4199967783647,-713.6752593301744,1046.1385623355231,991.5855642405986,642.8546107526543,1036.0429143816295,-1428.3990744136038,-1050.5795042465022,-3.2462682476938234,-399.1150087656558,1569.2947598336643,193.82647641966886,1403.3106112363191,-119.9362051428495,-721.5998830978281,420.21794071924285
1692.4622371218968,-2990.360047627953,1830.4153909221925,-728.1852302872292,675.1982967074674,1010.2322374104883,2434.6041248595725,-1934.5575611569354,-1357.8493819505786,-792.8245588490457,1140.1538693792943,-1049.0850534730732,-2909.7176739505694,2930.018937027099,-585.771403127318,-1067.7768087718714,1565.1895216629723,1483.423224252842,961.8530200199028,1549.8628088142707,-2137.076902521767,-1571.6798281780336,-4.958345173932133,-596.9686327692568,2348.0431787662264,289.7968195390971,2099.554641479229,-179.61609400164056,-1079.486434693955,628.4333573535887
4084.975359755598,-7222.261045852346,4422.604004024435,-1757.0722700619522,1627.1214336042044,2434.6041248595725,5883.286233509625,-4671.898172191988,-3282.0099623294345,-1914.1132135344608,2756.8716149372335,-2535.6745196546053,-7028.5843559263585,7077.647447440109,-1417.3186806926558,-2581.6105359020485,3780.36085840372,3583.2575115040645,2322.0208310298876,3744.7625388100873,-5156.5930213678985,-3794.5892555105247,-16.410499494218378,-1444.019344752301,5669.305029295409,700.8776258039505,5073.932881324675,-432.60024728718,-2601.6317260470514,1516.188608596944
-3244.860283967304,5736.000556315939,-3512.1961668613208,1395.8097255675532,-1293.008526330349,-1934.5575611569354,-4671.898172191988,3710.550572021433,2606.086763428076,1520.3494001875615,-2188.9674010350213,2013.4796426309429,5581.945769912036,-5620.956212422089,1125.1290584917729,2049.85121269558,-3002.3756031603803,-2845.780731712699,-1844.3241787028696,-2973.854724832684,4096.31314570049,3013.956664515959,12.208183661236804,1146.4652205942689,-4502.868398690689,-556.5100394740929,-4029.185675106808,343.75855824294274,2067.288585616982,-1204.5209454817161
-2278.3406389262336,4028.868599855507,-2466.980802049766,980.0052674999226,-907.395179409558,-1357.8493819505786,-3282.0099623294345,2606.086763428076,1831.302457798998,1067.6038736330593,-1537.9102591498893,1414.913142343274,3920.7752503394318,-3948.1210962213295,790.6116186857105,1440.2136763381072,-2108.7901374150724,-1998.9658559479062,-1295.0418639877155,-2088.922181523711,2876.041594083682,2116.610437392828,9.465626621971296,805.5941214350721,-3162.8437284948313,-390.80142083510134,-2830.6065974925327,241.24126165301266,1451.0376888454646,-845.4058289260171
-1329.6970848652643,2350.214967351968,-1439.0618374271926,571.9889199426166,-529.9625728795047,-792.8245588490457,-1914.1132135344608,1520.3494001875615,1067.6038736330593,623.001740223042,-896.8055083216022,824.8401713739396,2287.090485050133,-2303.077577869899,460.9470855314518,839.8013406341478,-1230.17095997041,-1165.9889762624462,-755.7687352435557,-1218.482667864179,1678.619913172295,1234.98409420412,4.812968208824422,469.6970790804257,-1844.9277285958449,-228.06309038564976,-1650.7732593512264,140.88221583584726,847.2249494874516,-493.68172720185976
1913.891951527333,-3383.956325380467,2072.5129671015197,-823.1473632388687,762.0828069823381,1140.1538693792943,2756.8716149372335,-2188.9674010350213,-1537.9102591498893,-896.8055083216022,1292.1563336661945,-1188.178992253782,-3293.281442240395,3316.3882715806744,-664.2944107272515,-1209.9419866981502,1771.2913011112846,1678.9864988673141,1087.8351191214751,1754.8094950276109,-2415.633674219928,-1777.8767606063157,-8.146972809292455,-676.859964348734,2655.996413162974,328.59114889394846,2377.7058219387577,-202.49153154132762,-1218.437667922268,710.3886215049637
-1760.3416388072108,3112.775088547548,-1906.0645668442983,757.1712871056467,-701.1381199524633,-1049.0850534730732,-2535.6745196546053,2013.4796426309429,1414.913142343274,824.8401713739396,-1188.178992253782,1093.281054396973,3029.2440404451336,-3050.413597540364,610.7575923949016,1112.7339751662055,-1629.267915224466,-1544.5256181518853,-1000.5006585594457,-1614.020350925889,2222.00800655992,1635.366547677694,7.290090898489685,622.4780323917697,-2443.753769166834,-301.94883519096476,-2187.0164415058875,186.30341470408052,1121.1368670260852,-653.2034395111128
-4881.160040971248,8629.011532273658,-5283.785985537032,2099.616336605752,-1944.7792586334836,-2909.7176739505694,-7028.5843559263585,5581.945769912036,3920.7752503394318,2287.090485050133,-3293.281442240395,3029.2440404451336,8397.426220455278,-8456.059952482134,1692.906380535384,3083.9888250443305,-4516.665993039578,-4281.165068664357,-2774.449672110276,-4473.962733408129,6161.825360388569,4533.937037955814,18.799377783169792,1724.9558854212603,-6773.82718437292,-837.2978587556855,-6061.695905599684,517.0128721350248,3109.360652173699,-1811.8710022854152
4915.459586657262,-8689.327942162785,5320.850092906217,-2114.328234993013,1958.4500065016678,2930.018937027099,7077.647447440109,-5620.956212422089,-3948.1210962213295,-2303.077577869899,3316.3882715806744,-3050.413597540364,-8456.059952482134,8515.253374562253,-1704.6209923456574,-3105.599731343385,4548.226779824366,4311.165412215013,2793.7541920930635,4505.334627324057,-6204.845634185992,-4565.731838266824,-18.943226291783887,-1737.0858790031411,6821.121016417913,843.2117221268306,6104.123904305433,-520.4973094921022,-3131.1404729359297,1824.6527690942792
-983.4510788327816,1739.3477330465744,-1065.2754597238988,422.9682260508787,-391.4199967783647,-585.771403127318,-1417.3186806926558,1125.1290584917729,790.6116186857105,460.9470855314518,-664.2944107272515,610.7575923949016,1692.906380535384,-1704.6209923456574,341.79102057122753,622.0470665058101,-910.4710319847736,-862.9169805735672,-559.2409481636224,-901.977140338076,1241.4858460247583,913.6391537722176,4.409219405857161,347.9580322462507,-1365.02849655004,-168.95281444851324,-1222.2598737362298,104.16069976029607,625.8693773199836,-365.00494319027865
-1792.2499390373973,3168.914215280022,-1940.7272387481403,770.8170218453793,-713.6752593301744,-1067.7768087718714,-2581.6105359020485,2049.85121269558,1440.2136763381072,839.8013406341478,-1209.9419866981502,1112.7339751662055,3083.9888250443305,-3105.599731343385,622.0470665058101,1133.0479899081008,-1658.7060724641094,-1572.3033943115204,-1018.6727593661099,-1643.2673733519089,2262.146707682355,1664.867296333858,7.56094425480232,633.80678254717,-2487.3079713763354,-307.6760998072661,-2226.588112106542,189.62247917523538,1141.0562823508449,-665.2380225882087
2625.4992029218,-4641.282147406376,2841.948808248756,-1129.3742325372075,1046.1385623355231,1565.1895216629723,3780.36085840372,-3002.3756031603803,-2108.7901374150724,-1230.17095997041,1771.2913011112846,-1629.267915224466,-4516.665993039578,4548.226779824366,-910.4710319847736,-1658.7060724641094,2429.377360431621,2302.683316728429,1492.3048972318927,2406.345859633369,-3314.3837731140898,-2438.709116294069,-10.007962556757871,-927.7338040058994,3643.4563213030656,450.3258378945724,3260.3050855157935,-278.1169136900779,-1672.5893230145186,974.5878646249381
2488.640347522754,-4399.2995749255,2693.8685417196098,-1070.4525233663983,991.5855642405986,1483.423224252842,3583.2575115040645,-2845.780731712699,-1998.9658559479062,-1165.9889762624462,1678.9864988673141,-1544.5256181518853,-4281.165068664357,4311.165412215013,-862.9169805735672,-1572.3033943115204,2302.683316728429,2182.7849924814504,1414.3468504427726,2281.0469630849007,-3141.322086477795,-2311.603131486388,-9.583906787872944,-879.5116071372802,3453.608688705273,426.86487175594675,3090.4777735243874,-263.445517200838,-1585.3152196935239,923.760990006672
1612.9890534331385,-2850.9789698483305,1745.6005454628496,-693.8715832518104,642.8546107526543,961.8530200199028,2322.0208310298876,-1844.3241787028696,-1295.0418639877155,-755.7687352435557,1087.8351191214751,-1000.5006585594457,-2774.449672110276,2793.7541920930635,-559.2409481636224,-1018.6727593661099,1492.3048972318927,1414.3468504427726,916.9399359516204,1478.0334554561746,-2036.4370030344705,-1498.1057176735085,-5.771152872328271,-569.6903974081565,2238.033553494759,276.6160699781283,2002.4328950148197,-171.02398466499514,-1027.778195004895,598.8428504267648
2600.65619777343,-4597.284723763167,2815.334394808083,-1118.5608696914026,1036.0429143816295,1549.8628088142707,3744.7625388100873,-2973.854724832684,-2088.922181523711,-1218.482667864179,1754.8094950276109,-1614.020350925889,-4473.962733408129,4505.334627324057,-901.977140338076,-1643.2673733519089,2406.345859633369,2281.0469630849007,1478.0334554561746,2383.9007177811172,-3282.5204381761546,-2415.6226940500505,-10.235675828307265,-919.2702174873297,3608.77808341354,446.2487880582626,3229.774336510073,-275.21368506002324,-1656.3168745737532,965.4079958351857
-3582.914211862795,6332.108662286863,-3876.7715205375607,1541.3485404118471,-1428.3990744136038,-2137.076902521767,-5156.5930213678985,4096.31314570049,2876.041594083682,1678.619913172295,-2415.633674219928,2222.00800655992,6161.825360388569,-6204.845634185992,1241.4858460247583,2262.146707682355,-3314.3837731140898,-3141.322086477795,-2036.4370030344705,-3282.5204381761546,4523.536395729719,3327.555591189609,12.196723878547312,1264.997518509954,-4971.085075963279,-614.1961195553074,-4447.032532782845,379.87090670559724,2283.6179481747927,-1330.2839435978194
-2636.0741020178034,4659.146626391874,-2852.8550705602183,1133.9087011931576,-1050.5795042465022,-1571.6798281780336,-3794.5892555105247,3013.956664515959,2116.610437392828,1234.98409420412,-1777.8767606063157,1635.366547677694,4533.937037955814,-4565.731838266824,913.6391537722176,1664.867296333858,-2438.709116294069,-2311.603131486388,-1498.1057176735085,-2415.6226940500505,3327.555591189609,2448.3610726952907,9.617843611848235,931.1913841851826,-3657.639487730638,-452.0232995892476,-3272.6460299492624,279.173954235353,1679.6056000388776,-978.6158540427633
-9.951104400455192,19.059039456782195,-12.110699864861074,4.166868604442868,-3.2462682476938234,-4.958345173932133,-16.410499494218378,12.208183661236804,9.465626621971296,4.812968208824422,-8.146972809292455,7.290090898489685,18.799377783169792,-18.943226291783887,4.409219405857161,7.56094425480232,-10.007962556757871,-9.583906787872944,-5.771152872328271,-10.235675828307265,12.196723878547312,9.617843611848235,1.3237249880425508,4.392148288370994,-14.569523655521804,-2.043514000429932,-14.242339871395446,0.8174888346099243,5.333092326614675,-3.4594296166603473
-1002.4061362101115,1772.404896352167,-1085.6263914956185,431.0913004264725,-399.1150087656558,-596.9686327692568,-1444.019344752301,1146.4652205942689,805.5941214350721,469.6970790804257,-676.859964348734,622.4780323917697,1724.9558854212603,-1737.0858790031411,347.9580322462507,633.80678254717,-927.7338040058994,-879.5116071372802,-569.6903974081565,-919.2702174873297,1264.997518509954,931.1913841851826,4.392148288370994,354.67503208966116,-1391.144430220256,-172.16339953373716,-1245.5126334723552,105.93819796401817,638.0272868845266,-372.0614117700539
3937.728693189704,-6960.926594293586,4261.871037492009,-1693.9130176433116,1569.2947598336643,2348.0431787662264,5669.305029295409,-4502.868398690689,-3162.8437284948313,-1844.9277285958449,2655.996413162974,-2443.753769166834,-6773.82718437292,6821.121016417913,-1365.02849655004,-2487.3079713763354,3643.4563213030656,3453.608688705273,2238.033553494759,3608.77808341354,-4971.085075963279,-3657.639487730638,-14.569523655521804,-1391.144430220256,5465.120514669448,675.0122902404969,4889.463672400398,-417.1980673772001,-2509.2053468332506,1461.516509810269
486.72719292110725,-860.296374498935,527.0561421776313,-209.29775432571438,193.82647641966886,289.7968195390971,700.8776258039505,-556.5100394740929,-390.80142083510134,-228.06309038564976,328.59114889394846,-301.94883519096476,-837.2978587556855,843.2117221268306,-168.95281444851324,-307.6760998072661,450.3258378945724,426.86487175594675,276.6160699781283,446.2487880582626,-614.1961195553074,-452.0232995892476,-2.043514000429932,-172.16339953373716,675.0122902404969,83.71442143336738,604.5176256688002,-51.42156014726891,-309.7096798066855,180.80273503107108
3523.108432089116,-6228.767555934369,3814.3477183959667,-1515.3425180624836,1403.3106112363191,2099.554641479229,5073.932881324675,-4029.185675106808,-2830.6065974925327,-1650.7732593512264,2377.7058219387577,-2187.0164415058875,-6061.695905599684,6104.123904305433,-1222.2598737362298,-2226.588112106542,3260.3050855157935,3090.4777735243874,2002.4328950148197,3229.774336510073,-4447.032532782845,-3272.6460299492624,-14.242339871395446,-1245.5126334723552,4889.463672400398,604.5176256688002,4376.098845475842,-372.9116003290231,-2243.689135090071,1307.6628787815114
-300.5826212447134,531.3170541646899,-325.07953247009544,129.3897740560593,-119.9362051428495,-179.61609400164056,-432.60024728718,343.75855824294274,241.24126165301266,140.88221583584726,-202.49153154132762,186.30341470408052,517.0128721350248,-520.4973094921022,104.16069976029607,189.62247917523538,-278.1169136900779,-263.445517200838,-171.02398466499514,-275.21368506002324,379.87090670559724,279.173954235353,0.8174888346099243,105.93819796401817,-417.1980673772001,-51.42156014726891,-372.9116003290231,32.08420127054444,191.83848975435566,-111.5726451251876
-1808.681665507451,3195.570537768953,-1956.1216830545868,778.1806999972025,-721.5998830978281,-1079.486434693955,-2601.6317260470514,2067.288585616982,1451.0376888454646,847.2249494874516,-1218.437667922268,1121.1368670260852,3109.360652173699,-3131.1404729359297,625.8693773199836,1141.0562823508449,-1672.5893230145186,-1585.3152196935239,-1027.778195004895,-1656.3168745737532,2283.6179481747927,1679.6056000388776,5.333092326614675,638.0272868845266,-2509.2053468332506,-309.7096798066855,-2243.689135090071,191.83848975435566,1153.5966212139035,-671.5869661731211
1053.9266566379783,-1861.926387629963,1140.1756738721774,-453.3115759260341,420.21794071924285,628.4333573535887,1516.188608596944,-1204.5209454817161,-845.4058289260171,-493.68172720185976,710.3886215049637,-653.2034395111128,-1811.8710022854152,1824.6527690942792,-365.00494319027865,-665.2380225882087,974.5878646249381,923.760990006672,598.8428504267648,965.4079958351857,-1330.2839435978194,-978.6158540427633,-3.4594296166603473,-372.0614117700539,1461.516509810269,180.80273503107108,1307.6628787815114,-111.5726451251876,-671.5869661731211,391.508523887142
