V1,V2,V3,V4,V5,V6,V7,V8,V9,V10,V11,V12,V13,V14,V15,V16,V17,V18,V19,V20,V21,V22,V23,V24,V25,V26,V27,V28,V29,V30
1.6777193841271796,-0.562216598187328,1.6720632427052369,-1.3031915358004578,0.10614297771281528,0.30765659298164005,0.5176452625862064,-0.061637012559416775,0.603618671378044,-0.15717273169045398,0.3737890991752342,-0.44971334113951467,-0.9556795071280642,1.0575440220318748,0.05410316707749503,-0.9742825875744495,-1.1423068455652101,-0.3622828242376473,0.8721472745693483,0.6536531322016725,-0.20921667102789476,0.20882077474280758,-0.05318386757275497,-0.42002593235393826,0.4617397700189986,0.23593166187916395,-0.9337698752683278,-0.30741300861382764,-0.1128610341454999,-0.0035165807380386784
-0.562216598187328,2.743505710574414,-0.5004648902692966,0.5925373444758063,-0.4930549009754923,-0.2188186894601348,-0.918860435453933,-0.3267918141655732,0.14417897533613577,-1.2889397840282717,-0.8451812743643689,1.211615091293285,0.8953536560247783,-0.7455270644242623,0.9199996826432916,1.7170132031275123,-1.7555003684882962,-0.9710018420632369,-0.9566607497933138,-0.5035546430469761,0.5568314907388198,1.8535380725867308,0.03184602233859473,0.08327101790990926,-1.183562657916189,-1.832985032106969,-1.874714302265652,-0.8088097926483143,-0.4247702337628701,-0.8860858847385495
1.6720632427052369,-0.5004648902692966,1.8747344271030093,-0.958779438759576,0.11599468318657334,0.16282721050507873,0.46865770135976426,-0.3323858362641755,0.9851241931786436,-0.5295995941794869,0.28620866659366556,-0.6367862008747152,-1.322147785249337,0.9320747761058432,3.671342528636801e-4,-0.6145740301996043,-0.795926269523913,-0.4290148241885245,1.1840130486694094,0.5830040709198266,-0.10287084293808962,0.2764159393008601,-0.06011965011189465,-0.22331728391385422,0.8913640919647027,0.2231550372243232,-1.2302818630478378,-0.14818679459911246,-0.3071429753757397,-0.2629751858800117
-1.3031915358004578,0.5925373444758063,-0.958779438759576,1.677330610101657,-0.17237652663320888,-0.3862011756262709,-0.12448294169640697,-0.7185395893939811,-0.024564916853706868,-0.5846631191083681,-0.2923161195121272,0.18215782455371124,-0.07363232564981781,-0.9825118696775418,-0.3291735750495488,1.4530637634719745,1.269562120315529,0.12891178072579554,-0.04174808650483192,-0.43733578994288064,0.23424551437191465,0.014530786677655847,-0.0602175022330295,0.47807774799937736,0.29495385642403193,-0.4910269920418387,0.2937193191866062,0.4811360934723089,-0.27696695329557436,-0.41193442083831294
0.10614297771281528,-0.4930549009754923,0.11599468318657334,-0.17237652663320888,0.3406290889332002,-0.04037581958099871,-0.35337161980160037,0.2600959446754135,-0.008552641239012084,-0.016677446211561118,-0.15589059222641344,-0.3079731539765352,0.03334375653626047,0.35096769230587166,0.3641179780277073,-0.2280900612091661,0.6752084848449504,0.3669198130538838,-0.2908120360189385,-0.16558823446924317,-0.1640919499987149,-0.3574168473601103,0.20293825231908885,0.2877001901308758,0.39391897303254303,0.46420882368621713,0.3003921450864496,-0.020596823768304618,-0.1555747218782008,0.04447487723687789
0.30765659298164005,-0.2188186894601348,0.16282721050507873,-0.3862011756262709,-0.04037581958099871,0.3043716022101921,0.5178439071335238,-0.20439336141781586,-0.48465333330275623,0.07937658244874142,0.2714332090006275,0.1306979870931431,-0.1797964480318354,0.4824313971627865,-0.10115770803402367,-0.3341295213558822,-0.434031608618343,0.09159857386016501,-0.013960639391354302,0.3679734422961439,-0.3605504999278569,-0.0544707273038699,-0.062631760742605,-0.37406825533539245,-0.14419788689076868,-0.20154056162689696,0.30566173787945683,-0.23222711237410784,-9.990892905697214e-4,0.24172241684097032
0.5176452625862064,-0.918860435453933,0.46865770135976426,-0.12448294169640697,-0.35337161980160037,0.5178439071335238,1.9507169640342337,-1.0397013601439342,-0.5624650171771604,0.35024560793880616,1.0614198040736846,-0.0424246741246337,-1.2855924647386217,0.4574259827501246,-1.353187222568865,-0.55177875078291,-0.42271191155135046,0.031707572116627475,1.2496898889891415,1.082998696886498,-0.5468101663165226,-0.4226983791636898,-0.46865534904681305,-0.9059516268284293,0.21598344048798898,-0.2703870501996642,0.7732088480163792,0.2749554422865316,0.195349500992095,0.48473119735267756
-0.061637012559416775,-0.3267918141655732,-0.3323858362641755,-0.7185395893939811,0.2600959446754135,-0.20439336141781586,-1.0397013601439342,1.539677044793587,0.32632980138500506,1.0960569186190463,-0.24231402401822527,-0.235855965150205,1.1939277082424986,-0.2933105378078013,0.44495745329281067,-0.9366106299662774,0.07688383318712158,0.07131410987106024,-0.5391601407053099,-0.5069556505479822,0.4256046006613504,-0.3473966425750515,0.22048137077260088,0.2801602611920755,-0.5000114970419955,1.1066016224043231,0.1147328568340365,0.09269999540662889,0.6199959609780813,0.32731456285281
0.603618671378044,0.14417897533613577,0.9851241931786436,-0.024564916853706868,-0.008552641239012084,-0.48465333330275623,-0.5624650171771604,0.32632980138500506,1.8173832100607255,-0.1945469596709535,-0.1861758034826947,-0.6820552733517893,-0.48828995460542773,-0.5523852064737468,-0.07421211959144068,0.03125171596486502,-0.08740491172891848,-0.7067917050761474,1.1500650635274807,-0.23946427688534752,0.8319681516128811,0.3663736454401107,-0.03809548967644856,0.4114068118217134,0.665616089748811,0.6289624560763565,-1.6115659104686877,0.46876654706098864,0.0740295373732079,-0.5741439440535434
-0.15717273169045398,-1.2889397840282717,-0.5295995941794869,-0.5846631191083681,-0.016677446211561118,0.07937658244874142,0.35024560793880616,1.0960569186190463,-0.1945469596709535,1.9420986260356397,0.6192413726900703,-0.3201551541754516,0.5918148584501699,-0.3808653732298826,-0.8495699049045284,-1.5081685279271222,0.25783660973402095,0.2653161417555286,0.35154066083619073,0.1441207830713127,0.1599427679396656,-1.0559029907281,-0.15796038368124216,-0.3189884668212932,-0.4957808421744063,1.2941083241903628,1.264123081353533,0.6296072411776099,1.103720776283648,0.919258136362312
0.3737890991752342,-0.8451812743643689,0.28620866659366556,-0.2923161195121272,-0.15589059222641344,0.2714332090006275,1.0614198040736846,-0.24231402401822527,-0.1861758034826947,0.6192413726900703,0.6951611004520972,-0.19497679120238867,-0.6115585803393341,0.19952290269712344,-0.8780697583278239,-0.7153833721097683,-0.17229678574787768,0.04323130995493846,0.8358384643817864,0.6049539805409531,-0.21790822303042492,-0.4637567403349646,-0.2705759285311375,-0.5207902084414282,0.09818728138020531,0.2593746828856772,0.5694944022164156,0.3035922724398979,0.34972027965759445,0.43658181927933687
-0.44971334113951467,1.211615091293285,-0.6367862008747152,0.18215782455371124,-0.3079731539765352,0.1306979870931431,-0.0424246741246337,-0.235855965150205,-0.6820552733517893,-0.3201551541754516,-0.19497679120238867,0.9148676227512779,0.6413424544364629,-0.1913144004910077,0.29714813737889517,0.6326406820246762,-1.0674291656639383,-0.2727084986117063,-0.7964441526371011,-0.03611820458717414,-0.025766967744818636,0.7379448940527993,-0.039545664128397495,-0.2704361245346322,-1.010789590226779,-1.1263451972750131,-0.24251739097276728,-0.533468300337033,-0.08212908544267442,-0.0999362716589381
-0.9556795071280642,0.8953536560247783,-1.322147785249337,-0.07363232564981781,0.03334375653626047,-0.1797964480318354,-1.2855924647386217,1.1939277082424986,-0.48828995460542773,0.5918148584501699,-0.6115585803393341,0.6413424544364629,1.911228392533319,-0.6271446965608767,0.8280079116485961,0.0781396011130721,-0.27528416967372915,0.051670978139407166,-1.5783851829667073,-0.7689110968373816,0.3525553974588793,0.22878092677594827,0.2581883080622333,0.2671221526142728,-1.2994062643385837,-0.008450653885052386,0.20772151912652861,-0.346112854423264,0.38759611430546037,0.15644038009959504
1.0575440220318748,-0.7455270644242623,0.9320747761058432,-0.9825118696775418,0.35096769230587166,0.4824313971627865,0.4574259827501246,-0.2933105378078013,-0.5523852064737468,-0.3808653732298826,0.19952290269712344,-0.1913144004910077,-0.6271446965608767,1.4919640469278805,0.4543460628540776,-0.6737884436216082,-0.2526331856113535,0.40039403684191316,-0.1960179770325606,0.516153489889177,-0.8286375384955538,-0.1944377730069915,0.15244460204330829,-0.2862554409571595,0.4595068253325835,-0.020965508199854904,0.2818738167882299,-0.5972526797079549,-0.4574625870418812,0.21034093667779186
0.05410316707749503,0.9199996826432916,3.671342528636801e-4,-0.3291735750495488,0.3641179780277073,-0.10115770803402367,-1.353187222568865,0.44495745329281067,-0.07421211959144068,-0.8495699049045284,-0.8780697583278239,0.29714813737889517,0.8280079116485961,0.4543460628540776,1.5459620822462226,0.46968537888351386,-0.25133082427825737,0.05556583991251064,-1.4267268118341712,-0.5981991832666776,-0.054933225053264624,0.6374453257606696,0.4614893390954134,0.4947245989315154,-0.2237437828687464,-0.36732698324632046,-0.7229525893435257,-0.8310764698919251,-0.5754018425272843,-0.4195943094103014
-0.9742825875744495,1.7170132031275123,-0.6145740301996043,1.4530637634719745,-0.2280900612091661,-0.3341295213558822,-0.55177875078291,-0.9366106299662774,0.03125171596486502,-1.5081685279271222,-0.7153833721097683,0.6326406820246762,0.0781396011130721,-0.6737884436216082,0.46968537888351386,2.0236844178408155,0.20034819362178594,-0.2707589891152007,-0.5699225107361733,-0.5179196900232518,0.22786785735360557,0.9670186084041282,0.0591728467178577,0.4689880643070433,-0.017055487404117168,-1.3696649712121924,-0.8109992397244832,-0.22456613826782207,-0.7416833587952223,-0.867825002330503
-1.1423068455652101,-1.7555003684882962,-0.795926269523913,1.269562120315529,0.6752084848449504,-0.434031608618343,-0.42271191155135046,0.07688383318712158,-0.08740491172891848,0.25783660973402095,-0.17229678574787768,-1.0674291656639383,-0.27528416967372915,-0.2526331856113535,-0.25133082427825737,0.20034819362178594,3.749933544640176,1.3745298949414146,-0.08786545067425518,-0.6316222224404218,-0.2401688406981134,-1.7482231228881602,0.28611138467235986,1.0582907793874325,1.6061041666916223,1.4932793607403032,2.037631028058522,1.036860521467927,-0.19548265386700772,0.18503206575154263
-0.3622828242376473,-0.9710018420632369,-0.4290148241885245,0.12891178072579554,0.3669198130538838,0.09159857386016501,0.031707572116627475,0.07131410987106024,-0.7067917050761474,0.2653161417555286,0.04323130995493846,-0.2727084986117063,0.051670978139407166,0.40039403684191316,0.05556583991251064,-0.2707589891152007,1.3745298949414146,0.8484647268536931,-0.48209013980504267,-0.08148556387056434,-0.5004862689138698,-0.8936863472607287,0.1730908552518002,0.209733207666636,0.4273435734117721,0.5313459644571142,1.3940533497514034,0.12645600376576047,-0.09268667588853562,0.37564038865884075
0.8721472745693483,-0.9566607497933138,1.1840130486694094,-0.04174808650483192,-0.2908120360189385,-0.013960639391354302,1.2496898889891415,-0.5391601407053099,1.1500650635274807,0.35154066083619073,0.8358384643817864,-0.7964441526371011,-1.5783851829667073,-0.1960179770325606,-1.4267268118341712,-0.5699225107361733,-0.08786545067425518,-0.48209013980504267,2.2432107284804146,0.710050690174388,0.2800711369235249,-0.2992031360332698,-0.46022170488888653,-0.3790603003311847,0.9051855378118422,0.5891764992195464,-0.4766457705590755,0.8516795841886327,0.3479809433461036,0.013055671216340261
0.6536531322016725,-0.5035546430469761,0.5830040709198266,-0.43733578994288064,-0.16558823446924317,0.3679734422961439,1.082998696886498,-0.5069556505479822,-0.23946427688534752,0.1441207830713127,0.6049539805409531,-0.03611820458717414,-0.7689110968373816,0.516153489889177,-0.5981991832666776,-0.5179196900232518,-0.6316222224404218,-0.08148556387056434,0.710050690174388,0.7029326708039761,-0.34976662346400106,-0.10167548146116125,-0.23920553402525524,-0.5980748497864309,0.08729554254401053,-0.16483612420776336,0.16418388013420465,-0.023498525889119114,0.0764431227580924,0.26392505438357106
-0.20921667102789476,0.5568314907388198,-0.10287084293808962,0.23424551437191465,-0.1640919499987149,-0.3605504999278569,-0.5468101663165226,0.4256046006613504,0.8319681516128811,0.1599427679396656,-0.21790822303042492,-0.025766967744818636,0.3525553974588793,-0.8286375384955538,-0.054933225053264624,0.22786785735360557,-0.2401688406981134,-0.5004862689138698,0.2800711369235249,-0.34976662346400106,0.6930792897187172,0.35110327254433277,-0.04918336920085542,0.22981214367581246,-0.223209304556353,0.16517220511184855,-0.8206843585344171,0.2812470090037451,0.27639812485335813,-0.27686809992303274
0.20882077474280758,1.8535380725867308,0.2764159393008601,0.014530786677655847,-0.3574168473601103,-0.0544707273038699,-0.4226983791636898,-0.3473966425750515,0.3663736454401107,-1.0559029907281,-0.4637567403349646,0.7379448940527993,0.22878092677594827,-0.1944377730069915,0.6374453257606696,0.9670186084041282,-1.7482231228881602,-0.8936863472607287,-0.2992031360332698,-0.10167548146116125,0.35110327254433277,1.4821764943406337,-0.022969278570362562,-0.1102429930138881,-0.6814997437653529,-1.3232441448307128,-1.7858166209368014,-0.6850046692325606,-0.3690284355398261,-0.6880172394055425
-0.05318386757275497,0.03184602233859473,-0.06011965011189465,-0.0602175022330295,0.20293825231908885,-0.062631760742605,-0.46865534904681305,0.22048137077260088,-0.03809548967644856,-0.15796038368124216,-0.2705759285311375,-0.039545664128397495,0.2581883080622333,0.15244460204330829,0.4614893390954134,0.0591728467178577,0.28611138467235986,0.1730908552518002,-0.46022170488888653,-0.23920553402525524,-0.04918336920085542,-0.022969278570362562,0.17979376281368756,0.24773712127177427,0.0766915828627027,0.11056090453595473,0.017582160361234136,-0.154394743745077,-0.1618967871369926,-0.06861770220591565
-0.42002593235393826,0.08327101790990926,-0.22331728391385422,0.47807774799937736,0.2877001901308758,-0.37406825533539245,-0.9059516268284293,0.2801602611920755,0.4114068118217134,-0.3189884668212932,-0.5207902084414282,-0.2704361245346322,0.2671221526142728,-0.2862554409571595,0.4947245989315154,0.4689880643070433,1.0582907793874325,0.209733207666636,-0.3790603003311847,-0.5980748497864309,0.22981214367581246,-0.1102429930138881,0.24773712127177427,0.6822154427718282,0.44550777576637884,0.3637422260392944,-0.10593603688650798,0.1589617444058255,-0.2421961626764444,-0.31533947657234995
0.4617397700189986,-1.183562657916189,0.8913640919647027,0.29495385642403193,0.39391897303254303,-0.14419788689076868,0.21598344048798898,-0.5000114970419955,0.665616089748811,-0.4957808421744063,0.09818728138020531,-1.010789590226779,-1.2994062643385837,0.4595068253325835,-0.2237437828687464,-0.017055487404117168,1.6061041666916223,0.4273435734117721,0.9051855378118422,0.08729554254401053,-0.223209304556353,-0.6814997437653529,0.0766915828627027,0.44550777576637884,1.6554403269110018,0.7700153896601898,0.18648010656784741,0.49981367325341436,-0.4589688708883678,-0.2062553879512649
0.23593166187916395,-1.832985032106969,0.2231550372243232,-0.4910269920418387,0.46420882368621713,-0.20154056162689696,-0.2703870501996642,1.1066016224043231,0.6289624560763565,1.2941083241903628,0.2593746828856772,-1.1263451972750131,-0.008450653885052386,-0.020965508199854904,-0.36732698324632046,-1.3696649712121924,1.4932793607403032,0.5313459644571142,0.5891764992195464,-0.16483612420776336,0.16517220511184855,-1.3232441448307128,0.11056090453595473,0.3637422260392944,0.7700153896601898,1.975980719577961,0.8988075232339983,0.799730894815142,0.5914658025054678,0.5184160814362778
-0.9337698752683278,-1.874714302265652,-1.2302818630478378,0.2937193191866062,0.3003921450864496,0.30566173787945683,0.7732088480163792,0.1147328568340365,-1.6115659104686877,1.264123081353533,0.5694944022164156,-0.24251739097276728,0.20772151912652861,0.2818738167882299,-0.7229525893435257,-0.8109992397244832,2.037631028058522,1.3940533497514034,-0.4766457705590755,0.16418388013420465,-0.8206843585344171,-1.7858166209368014,0.017582160361234136,-0.10593603688650798,0.18648010656784741,0.8988075232339983,3.0221752873213865,0.5122187303025901,0.391785137116655,1.0753288757168902
-0.30741300861382764,-0.8088097926483143,-0.14818679459911246,0.4811360934723089,-0.020596823768304618,-0.23222711237410784,0.2749554422865316,0.09269999540662889,0.46876654706098864,0.6296072411776099,0.3035922724398979,-0.533468300337033,-0.346112854423264,-0.5972526797079549,-0.8310764698919251,-0.22456613826782207,1.036860521467927,0.12645600376576047,0.8516795841886327,-0.023498525889119114,0.2812470090037451,-0.6850046692325606,-0.154394743745077,0.1589617444058255,0.49981367325341436,0.799730894815142,0.5122187303025901,0.8309800012016599,0.3800855684972742,0.15622339373393337
-0.1128610341454999,-0.4247702337628701,-0.3071429753757397,-0.27696695329557436,-0.1555747218782008,-9.990892905697214e-4,0.195349500992095,0.6199959609780813,0.0740295373732079,1.103720776283648,0.34972027965759445,-0.08212908544267442,0.38759611430546037,-0.4574625870418812,-0.5754018425272843,-0.7416833587952223,-0.19548265386700772,-0.09268667588853562,0.3479809433461036,0.0764431227580924,0.27639812485335813,-0.3690284355398261,-0.1618967871369926,-0.2421961626764444,-0.4589688708883678,0.5914658025054678,0.391785137116655,0.3800855684972742,0.7161431635456574,0.43808516951841847
-0.0035165807380386784,-0.8860858847385495,-0.2629751858800117,-0.41193442083831294,0.04447487723687789,0.24172241684097032,0.48473119735267756,0.32731456285281,-0.5741439440535434,0.919258136362312,0.43658181927933687,-0.0999362716589381,0.15644038009959504,0.21034093667779186,-0.4195943094103014,-0.867825002330503,0.18503206575154263,0.37564038865884075,0.013055671216340261,0.26392505438357106,-0.27686809992303274,-0.6880172394055425,-0.06861770220591565,-0.31533947657234995,-0.2062553879512649,0.5184160814362778,1.0753288757168902,0.15622339373393337,0.43808516951841847,0.6232054107115336
