V1,V2,V3,V4,V5,V6,V7,V8,V9,V10,V11,V12,V13,V14,V15,V16,V17,V18,V19,V20,V21,V22,V23,V24,V25,V26,V27,V28,V29,V30
230.27180617638868,-406.8664677777009,248.72316126322852,-98.99576011404652,91.13494327108104,137.41645284229048,331.18195728992987,-263.02544946657156,-184.90270264707178,-108.41774758050637,155.32363247190725,-142.85366806443733,-395.7022507469848,398.666602824446,-79.79644831637856,-144.92211649568202,212.66221433355554,201.54080230407456,130.6262133368411,211.2210341636848,-290.1067680654894,-213.13814969632622,-1.079854525357419,-81.87149438416083,319.4318209576831,39.11531739357197,285.92104717879187,-24.08354853259019,-146.48109164188529,85.36904455988478
-406.8664677777009,719.2167493023918,-439.76021233293255,175.00661727301988,-160.97792820004062,-242.75922847102362,-585.7905989475473,465.0633966050011,326.73047069764215,191.63672344406172,-274.6854119994302,252.16282127319462,699.7294357083364,-704.7076113395597,141.49804849712757,256.3607381478999,-376.09700129738314,-356.055072695324,-231.24999537167554,-373.1885669047721,513.1490987397309,376.71136532929063,1.9719607292722987,144.5260164841521,-564.2395283273258,-69.33226361417,-505.3380954333898,42.91948984220052,258.6834161064685,-150.9484439263692
248.72316126322852,-439.76021233293255,269.82180232231826,-107.03870257505095,99.95556005772396,148.0454082436765,358.23866687658636,-284.6220502297434,-199.87244759790428,-115.76662998235943,167.74055831883786,-154.55752647025014,-428.0848665689982,431.022515990589,-85.96384100745988,-157.74174773667403,230.5035194312684,218.7434813118366,141.34867216701815,227.73123618335578,-314.35327785133586,-231.97865065586114,-0.7175341053206875,-87.30695306591063,345.3969825994699,43.034030234541056,308.8277894102502,-26.510322405046796,-158.81685713823012,92.4048767402963
-98.99576011404652,175.00661727301988,-107.03870257505095,42.75159902184108,-39.12789070076142,-58.92010078403772,-142.60835004491668,113.08215801860568,79.62423295468427,46.69899045348953,-66.73261815866134,61.32622522133723,170.34679982351977,-171.46838578511782,34.421248042467,62.365247743399784,-91.61518242105646,-86.64809799173254,-56.16723315860222,-90.85203872656557,124.82336403379674,91.58594907678153,0.5767837456525056,35.266956316262764,-137.3852526728638,-16.8465148339344,-122.9695945365159,10.539673736649418,62.97195188679176,-36.772301769404855
91.13494327108104,-160.97792820004062,99.95556005772396,-39.12789070076142,38.9050246531556,53.86814057801645,130.87631311055466,-104.48911286140684,-73.34775986687904,-40.369290300518216,60.97343146448799,-57.47313322498023,-156.8171518589744,157.97182763276845,-30.30965883576653,-58.97792171611478,84.93010079564594,81.75363701892,51.47607401528316,82.8924015142914,-115.6607182384148,-87.32070262140654,0.5961380086272211,-30.5824934838559,127.38924336613005,16.515487533305425,112.89558752551913,-9.742842493819872,-59.28080206325688,33.915289208564865
137.41645284229048,-242.75922847102362,148.0454082436765,-58.92010078403772,53.86814057801645,82.25610297093648,197.53340554863001,-156.9073228984974,-110.19057186850182,-65.13975973233723,92.82730170827858,-85.12591367833735,-235.96267508855547,237.82540148540326,-47.830807138289835,-86.11897899348754,126.61727309398466,119.87103712164081,78.04718304324018,126.15843024748223,-172.92580641138917,-126.64713328413053,-0.7355814318067756,-49.14908576098324,190.3842788843723,23.12533834308678,170.64752215545553,-14.204674115841224,-87.14582572613644,50.868057141292695
331.18195728992987,-585.7905989475473,358.23866687658636,-142.60835004491668,130.87631311055466,197.53340554863001,477.5905046800294,-378.87739978671186,-266.0003059173739,-156.16116737590136,223.83327829970378,-204.942236794482,-570.2430680746728,573.9540592520223,-115.81241412473392,-208.9393676633751,306.53493495883026,289.70870187951795,188.7438891939607,303.78948055817784,-418.3331805607473,-306.66372796081026,-1.716924797502703,-117.57142701775372,459.11856372209024,56.64307215114158,411.50189611439,-35.400075869536224,-210.37123806687026,123.00438305208
-263.02544946657156,465.0633966050011,-284.6220502297434,113.08215801860568,-104.48911286140684,-156.9073228984974,-378.87739978671186,300.87507249480507,211.1916708699652,123.49005872524685,-177.66448379014312,163.06471573011714,452.55233418856164,-455.72014098457043,91.48408764509287,166.10339092161274,-243.3361014868572,-230.44438149754401,-149.67908521479984,-241.1059481260223,332.10127967714027,244.06663696764443,1.1108116046049976,93.04924074371857,-364.77959978442885,-45.07683841532961,-326.6929149899126,27.876944920429796,167.35283051856047,-97.62383945398143
-184.90270264707178,326.73047069764215,-199.87244759790428,79.62423295468427,-73.34775986687904,-110.19057186850182,-266.0003059173739,211.1916708699652,148.5926150611389,86.94547752942829,-124.61137736257457,114.74251920569701,317.8639718016828,-320.15155955925815,64.00307837715367,116.49358672382873,-170.91906818856035,-161.98595157233228,-104.81235799827249,-169.6008395889987,232.99912819708808,171.2994104512245,0.8761443130115377,65.69164511286384,-256.63389738882256,-31.47610666624042,-229.59304145746322,19.44134621041149,117.73684552636388,-68.60191774587693
-108.41774758050637,191.63672344406172,-115.76662998235943,46.69899045348953,-40.369290300518216,-65.13975973233723,-156.16116737590136,123.49005872524685,86.94547752942829,53.36805654107059,-73.52513902533488,66.41105986901606,186.21622249896984,-187.54919508390722,38.758109858843035,66.78370042895477,-99.49092181211917,-93.12263614066995,-61.72761643209779,-100.11881814757868,135.85867462796745,97.66896418591674,1.4277627700499547,40.20828134394519,-149.57136847848525,-17.496509507536306,-134.8757582958089,11.197407368088484,67.80790695469825,-40.10486594733323
155.32363247190725,-274.6854119994302,167.74055831883786,-66.73261815866134,60.97343146448799,92.82730170827858,223.83327829970378,-177.66448379014312,-124.61137736257457,-73.52513902533488,105.20356640867021,-96.00804773335695,-267.16678186701984,269.11894579757046,-54.38983126112883,-97.746675852583,143.50100872580708,135.54006212215162,88.51498117476253,142.48965896656105,-195.97686754774176,-143.43329720276972,-0.93196322575937,-55.329830082952675,215.03534963662423,26.395406951165846,192.99695789134717,-16.400407986476054,-98.44209036850981,57.60152592248043
-142.85366806443733,252.16282127319462,-154.55752647025014,61.32622522133723,-57.47313322498023,-85.12591367833735,-204.942236794482,163.06471573011714,114.74251920569701,66.41105986901606,-96.00804773335695,89.10419268365904,245.15151135037806,-247.16069111431244,48.74218909811504,90.19920114808687,-131.91738896658873,-125.70068829243357,-80.6619278577989,-130.83492488478655,179.84069677685886,133.07236940874418,0.2828144470482421,50.31328461855913,-198.6053148456959,-24.43698291727616,-177.19246467007193,14.742694126402816,91.38751544377178,-52.91913415005374
-395.7022507469848,699.7294357083364,-428.0848665689982,170.34679982351977,-156.8171518589744,-235.96267508855547,-570.2430680746728,452.55233418856164,317.8639718016828,186.21622249896984,-267.16678186701984,245.15151135037806,681.1094063903627,-685.6204024471662,137.9229345921301,249.70041609291297,-366.18974298086556,-346.47619015034263,-225.21734023828182,-362.9239667894863,499.6130306502703,366.7446116214126,1.8663584031044107,140.3248512729799,-548.8299004885527,-67.70108783401822,-491.5651939311454,42.12522337558932,251.64092421674317,-146.94676235292232
398.666602824446,-704.7076113395597,431.022515990589,-171.46838578511782,157.97182763276845,237.82540148540326,573.9540592520223,-455.72014098457043,-320.15155955925815,-187.54919508390722,269.11894579757046,-247.16069111431244,-685.6204024471662,690.5159202993043,-138.52586984863464,-251.3273153870959,368.5707972210915,349.042108993854,226.55880612959933,365.5986579604305,-502.8695909416873,-369.373619695192,-1.8492097829931893,-141.45475547139569,552.9398049465112,68.01760728088699,495.1250498510378,-42.06174315797265,-253.57721065975718,147.91217837092927
-79.79644831637856,141.49804849712757,-85.96384100745988,34.421248042467,-30.30965883576653,-47.830807138289835,-115.81241412473392,91.48408764509287,64.00307837715367,38.758109858843035,-54.38983126112883,48.74218909811504,137.9229345921301,-138.52586984863464,29.01486098352763,49.9592007274277,-73.87460553098582,-68.91523215709027,-46.10270349655719,-73.48213999213391,101.07135477943261,72.78843628415082,0.8541715415316199,28.9268871590213,-110.04242474311191,-13.451131799052389,-99.4077742674311,8.819300859974476,49.98663656566221,-29.69802488902396
-144.92211649568202,256.3607381478999,-157.74174773667403,62.365247743399784,-58.97792171611478,-86.11897899348754,-208.9393676633751,166.10339092161274,116.49358672382873,66.78370042895477,-97.746675852583,90.19920114808687,249.70041609291297,-251.3273153870959,49.9592007274277,92.49311870401039,-134.6421238412668,-127.96210211475201,-82.50318932393786,-132.47321471395028,183.63644842839193,136.02991648493884,0.166170631909514,50.30232488198964,-201.40606266056943,-25.46077984660421,-179.9337966918474,15.644046725537619,92.81900122516986,-53.91084264204722
212.66221433355554,-376.09700129738314,230.5035194312684,-91.61518242105646,84.93010079564594,126.61727309398466,306.53493495883026,-243.3361014868572,-170.91906818856035,-99.49092181211917,143.50100872580708,-131.91738896658873,-366.18974298086556,368.5707972210915,-73.87460553098582,-134.6421238412668,197.0775835098616,186.67294558874568,120.99207896800671,194.87135124667782,-268.7724527772501,-197.81293966509105,-0.8282439875602412,-74.98558749394856,295.17033532265094,36.658993011097856,264.1434546039069,-22.77232989191461,-135.53741808659618,79.03381841541433
201.54080230407456,-356.055072695324,218.7434813118366,-86.64809799173254,81.75363701892,119.87103712164081,289.70870187951795,-230.44438149754401,-161.98595157233228,-93.12263614066995,135.54006212215162,-125.70068829243357,-346.47619015034263,349.042108993854,-68.91523215709027,-127.96210211475201,186.67294558874568,177.80840549199354,114.1284274676539,184.3922925947545,-254.4653442975934,-188.60310852851535,-0.23781032500720384,-70.41327309355053,280.3038916140616,34.948060664907665,250.05883285805666,-21.233625650370545,-129.1448208619573,74.81187364727073
130.6262133368411,-231.24999537167554,141.34867216701815,-56.16723315860222,51.47607401528316,78.04718304324018,188.7438891939607,-149.67908521479984,-104.81235799827249,-61.72761643209779,88.51498117476253,-80.6619278577989,-225.21734023828182,226.55880612959933,-46.10270349655719,-82.50318932393786,120.99207896800671,114.1284274676539,74.86966954134176,119.8261458078133,-165.3718122580453,-120.92428821112662,-0.655124009494756,-46.30479410121187,180.88807999259896,22.44509993537327,162.3987587488246,-14.125726988526003,-82.79521692460739,48.54164615712109
211.2210341636848,-373.1885669047721,227.73123618335578,-90.85203872656557,82.8924015142914,126.15843024748223,303.78948055817784,-241.1059481260223,-169.6008395889987,-100.11881814757868,142.48965896656105,-130.83492488478655,-362.9239667894863,365.5986579604305,-73.48213999213391,-132.47321471395028,194.87135124667782,184.3922925947545,119.8261458078133,193.97155982736328,-265.8320188942788,-194.71684136651677,-1.2349815434372162,-75.6113861428215,292.846322697025,35.58926980318091,262.32657951455735,-22.03371705873027,-134.07037788258492,78.28440683647474
-290.1067680654894,513.1490987397309,-314.35327785133586,124.82336403379674,-115.6607182384148,-172.92580641138917,-418.3331805607473,332.10127967714027,232.99912819708808,135.85867462796745,-195.97686754774176,179.84069677685886,499.6130306502703,-502.8695909416873,101.07135477943261,183.63644842839193,-268.7724527772501,-254.4653442975934,-165.3718122580453,-265.8320188942788,366.8492377897083,269.7368149836907,1.091611596785573,102.27072956052807,-402.4534210316894,-50.02289378922921,-360.37729281906877,31.087331668943982,184.70530879531927,-107.78248419568652
-213.13814969632622,376.71136532929063,-231.97865065586114,91.58594907678153,-87.32070262140654,-126.64713328413053,-306.66372796081026,244.06663696764443,171.2994104512245,97.66896418591674,-143.43329720276972,133.07236940874418,366.7446116214126,-369.373619695192,72.78843628415082,136.02991648493884,-197.81293966509105,-188.60310852851535,-120.92428821112662,-194.71684136651677,269.7368149836907,200.51115371373314,-0.04863423252630148,73.74640743414488,-296.54756291777556,-37.4269678831625,-264.43776464974513,22.6962978926045,136.86908138871667,-79.1992660077581
-1.079854525357419,1.9719607292722987,-0.7175341053206875,0.5767837456525056,0.5961380086272211,-0.7355814318067756,-1.716924797502703,1.1108116046049976,0.8761443130115377,1.4277627700499547,-0.93196322575937,0.2828144470482421,1.8663584031044107,-1.8492097829931893,0.8541715415316199,0.166170631909514,-0.8282439875602412,-0.23781032500720384,-0.655124009494756,-1.2349815434372162,1.091611596785573,-0.04863423252630148,0.4587507848279858,1.046554932550174,-1.139939245050804,0.1618212488750709,-1.459561485369884,0.11179789567922839,0.22271682415840852,-0.3911131276766914
-81.87149438416083,144.5260164841521,-87.30695306591063,35.266956316262764,-30.5824934838559,-49.14908576098324,-117.57142701775372,93.04924074371857,65.69164511286384,40.20828134394519,-55.329830082952675,50.31328461855913,140.3248512729799,-141.45475547139569,28.9268871590213,50.30232488198964,-74.98558749394856,-70.41327309355053,-46.30479410121187,-75.6113861428215,102.27072956052807,73.74640743414488,1.046554932550174,30.424369978694017,-113.10488761284913,-13.106544742107534,-101.76482538441688,8.2748862872188,51.33419663669182,-30.23938582052326
319.4318209576831,-564.2395283273258,345.3969825994699,-137.3852526728638,127.38924336613005,190.3842788843723,459.11856372209024,-364.77959978442885,-256.63389738882256,-149.57136847848525,215.03534963662423,-198.6053148456959,-548.8299004885527,552.9398049465112,-110.04242474311191,-201.40606266056943,295.17033532265094,280.3038916140616,180.88807999259896,292.846322697025,-402.4534210316894,-296.54756291777556,-1.139939245050804,-113.10488761284913,443.65619198027224,54.48713259705219,396.4812116849171,-33.39312669538912,-203.74084908859857,118.44860792348572
39.11531739357197,-69.33226361417,43.034030234541056,-16.8465148339344,16.515487533305425,23.12533834308678,56.64307215114158,-45.07683841532961,-31.47610666624042,-17.496509507536306,26.395406951165846,-24.43698291727616,-67.70108783401822,68.01760728088699,-13.451131799052389,-25.46077984660421,36.658993011097856,34.948060664907665,22.44509993537327,35.58926980318091,-50.02289378922921,-37.4269678831625,0.1618212488750709,-13.106544742107534,54.48713259705219,7.208078289243798,48.57368412833593,-4.436351824579835,-25.268585419059644,14.62658323002426
285.92104717879187,-505.3380954333898,308.8277894102502,-122.9695945365159,112.89558752551913,170.64752215545553,411.50189611439,-326.6929149899126,-229.59304145746322,-134.8757582958089,192.99695789134717,-177.19246467007193,-491.5651939311454,495.1250498510378,-99.4077742674311,-179.9337966918474,264.1434546039069,250.05883285805666,162.3987587488246,262.32657951455735,-360.37729281906877,-264.43776464974513,-1.459561485369884,-101.76482538441688,396.4812116849171,48.57368412833593,355.10711612270404,-30.04417926502853,-181.71562901720438,106.04080976814532
-24.08354853259019,42.91948984220052,-26.510322405046796,10.539673736649418,-9.742842493819872,-14.204674115841224,-35.400075869536224,27.876944920429796,19.44134621041149,11.197407368088484,-16.400407986476054,14.742694126402816,42.12522337558932,-42.06174315797265,8.819300859974476,15.644046725537619,-22.77232989191461,-21.233625650370545,-14.125726988526003,-22.03371705873027,31.087331668943982,22.6962978926045,0.11179789567922839,8.2748862872188,-33.39312669538912,-4.436351824579835,-30.04417926502853,3.0339637875327123,15.30957860852193,-9.0942929044582
-146.48109164188529,258.6834161064685,-158.81685713823012,62.97195188679176,-59.28080206325688,-87.14582572613644,-210.37123806687026,167.35283051856047,117.73684552636388,67.80790695469825,-98.44209036850981,91.38751544377178,251.64092421674317,-253.57721065975718,49.98663656566221,92.81900122516986,-135.53741808659618,-129.1448208619573,-82.79521692460739,-134.07037788258492,184.70530879531927,136.86908138871667,0.22271682415840852,51.33419663669182,-203.74084908859857,-25.268585419059644,-181.71562901720438,15.30957860852193,93.84574047997084,-54.338783349045265
85.36904455988478,-150.9484439263692,92.4048767402963,-36.772301769404855,33.915289208564865,50.868057141292695,123.00438305208,-97.62383945398143,-68.60191774587693,-40.10486594733323,57.60152592248043,-52.91913415005374,-146.94676235292232,147.91217837092927,-29.69802488902396,-53.91084264204722,79.03381841541433,74.81187364727073,48.54164615712109,78.28440683647474,-107.78248419568652,-79.1992660077581,-0.3911131276766914,-30.23938582052326,118.44860792348572,14.62658323002426,106.04080976814532,-9.0942929044582,-54.338783349045265,31.713709135747017
