V1,V2,V3,V4,V5,V6,V7,V8,V9,V10,V11,V12,V13,V14,V15,V16,V17,V18,V19,V20,V21,V22,V23,V24,V25,V26,V27,V28,V29,V30
79.16187641109752,246.10574665466785,23.05100069009617,-87.40253693329082,-51.601909607447105,84.85123815796598,-76.17229785871763,204.56327771077653,-11.483408302247849,38.170026826377146,122.12553259177186,-14.414883906695097,154.00936471815086,-38.88408229385179,402.31437599783845,1.7646748983289482,-69.47987828099018,-3.8228735256647917,-21.095402600271246,-190.49698245027082,-80.10566717618435,91.77956741557469,-23.807726780413244,195.2646705058951,228.11610800729503,114.54367709247545,-46.017957667175395,-160.3758802151117,98.16329492865366,-77.81156752224089
246.10574665466785,767.9507756818996,71.0542413170235,-273.4782534635097,-159.95965939888825,265.5111773594582,-237.20356916640836,639.8396407900054,-35.45156926364962,117.32817560458841,381.6347672347546,-44.295913142793786,481.7642494959885,-120.5707243078764,1256.6135808039664,4.042532970836283,-217.8254655612018,-11.503035908265812,-68.21972258670662,-592.4413059543801,-248.96144136643946,286.31704832985633,-71.20148443991879,609.231235677866,712.1202489135062,356.5519125857183,-144.47240503249733,-501.6921155517104,303.5905789217438,-242.35708055674314
23.05100069009617,71.0542413170235,6.85347740485917,-25.04923567136892,-15.14458284930022,24.32610470285404,-22.086944614893525,58.7025551813665,-3.3921571000336317,11.397698526650158,35.10861308134786,-4.288419314100621,44.213681781740476,-11.384059898327454,115.84327888044776,0.8316196740751016,-19.824216044405738,-1.1960663244606844,-5.569318130683863,-55.42011765464513,-23.352789966581863,26.534544030615795,-7.526104776485122,56.40672317752771,65.7804727411775,33.25057391281732,-13.095085547227288,-46.0216275313977,28.952666818550522,-22.536919994128837
-87.40253693329082,-273.4782534635097,-25.04923567136892,97.64390934985308,56.64180469108464,-94.77642117358162,84.36650448566785,-228.32938195607758,12.537013352664063,-41.32564807766287,-136.12605413929214,15.642361338613995,-171.86478037987666,42.75145708320016,-447.93097344648686,-1.03729809109359,77.87761245899961,3.9825935051524657,24.93930386481844,210.46886368399313,88.371964299352,-101.89359241078925,24.570113529609998,-216.9015303758405,-253.71060173765284,-126.76129908104218,51.685115108760684,179.0171640073307,-107.33466518344039,86.24677387601042
-51.601909607447105,-159.95965939888825,-15.14458284930022,56.64180469108464,33.74696216019274,-55.00626026764118,49.57246303434528,-132.65326054213494,7.517180292696165,-25.092520559537167,-79.22924206037358,9.44465909859626,-99.91434506166374,25.38713143427489,-261.2045316502412,-1.4008473677153357,44.962610452787004,2.556157491831162,13.306158218984592,124.13104723747315,52.247841987003646,-59.70265389940062,15.960554915156223,-126.95433815931361,-148.1915106137652,-74.57992688559796,29.7618816376029,104.01182694392578,-64.2976909124703,50.60424465767284
84.85123815796598,265.5111773594582,24.32610470285404,-94.77642117358162,-55.00626026764118,92.00571478713636,-81.89579667753074,221.65144740741385,-12.16400096352821,40.107187489788025,132.12860620081702,-15.160795715331874,166.86981910448358,-41.494892570566414,434.83733587371984,1.0073511673910183,-75.59639124834278,-3.865158287851251,-24.21813638668503,-204.32004277434137,-85.80301762824334,98.94742916616494,-23.825622189474373,210.59847217967902,246.30521069780642,123.05594733304513,-50.181484384725756,-173.7958339655736,104.22262642398194,-83.70522309903713
-76.17229785871763,-237.20356916640836,-22.086944614893525,84.36650448566785,49.57246303434528,-81.89579667753074,73.35869488378368,-197.40256680180056,11.01998023094863,-36.54642803516774,-117.8128671616465,13.816050513734746,-148.60013855964115,37.3774298322099,-387.97373286026215,-1.491392714693538,67.1228055194171,3.624905301598276,20.670568024768254,183.3357669763627,77.06015812708995,-88.43147026773372,22.527142129345474,-188.17879397698118,-219.920265129221,-110.28653553210727,44.477598210173156,154.7595041826824,-94.2118763538732,74.95637197557387
204.56327771077653,639.8396407900054,58.7025551813665,-228.32938195607758,-132.65326054213494,221.65144740741385,-197.40256680180056,534.006787903538,-29.349696876279577,96.81854256117624,318.36113304866615,-36.60137332057235,402.0179902880094,-100.06825669266293,1047.77980148319,2.5635184932938144,-182.0820274990286,-9.354144097044724,-58.13907773685357,-492.5651109689097,-206.86386353985236,238.4519040241513,-57.70561581428969,507.51424089945806,593.5298461120399,296.62777251008015,-120.84780295983165,-418.7047208467596,251.41086147081927,-201.76095247255853
-11.483408302247849,-35.45156926364962,-3.3921571000336317,12.537013352664063,7.517180292696165,-12.16400096352821,11.01998023094863,-29.349696876279577,1.6903043946723872,-5.656649495468766,-17.559385802431876,2.1464818879225813,-22.078141227802792,5.671453045807917,-57.86876344315129,-0.3790340718687123,9.927220677402962,0.5876770101167997,2.8321513681108716,27.61849695980028,11.622123256749996,-13.217062373479267,3.705883705747016,-28.12727457209583,-32.840684302787466,-16.58013936706104,6.553129788231363,22.998034336403265,-14.365800650084832,11.259981237246741
38.170026826377146,117.32817560458841,11.397698526650158,-41.32564807766287,-25.092520559537167,40.107187489788025,-36.54642803516774,96.81854256117624,-5.656649495468766,19.03972200769304,57.97415425488525,-7.204946817575983,72.85569172335308,-18.900886904454385,191.23795362116843,1.529495812462344,-32.648597243792786,-2.0232428561957945,-8.928720470710264,-91.75941207593004,-38.65859363842069,43.780126232099484,-12.815463817849565,93.11790452782306,108.61316176419989,55.02099486274379,-21.52434154966842,-75.86931141019802,48.07086128381977,-37.317513479492824
122.12553259177186,381.6347672347546,35.10861308134786,-136.12605413929214,-79.22924206037358,132.12860620081702,-117.8128671616465,318.36113304866615,-17.559385802431876,57.97415425488525,189.85891458173992,-21.9416600155908,239.63052683042184,-59.788667680444846,624.8580432349122,1.7009762085024756,-108.49750542277884,-5.6310161462268935,-34.38903943620125,-294.04652895843566,-123.49648483088762,142.20846721733955,-34.8161062117714,302.6988300095408,353.99302934473076,177.04110695498707,-71.97407546120213,-249.59697588633,150.25785709913663,-120.42700849606554
-14.414883906695097,-44.295913142793786,-4.288419314100621,15.642361338613995,9.44465909859626,-15.160795715331874,13.816050513734746,-36.60137332057235,2.1464818879225813,-7.204946817575983,-21.9416600155908,2.7600621697660688,-27.490587318691514,7.150691310634778,-72.27688392497366,-0.5706960356242994,12.35052322767333,0.764292181331323,3.3719235670844223,34.663126521917114,14.582112556333326,-16.491807783830367,4.8732902966728044,-35.12864469895826,-41.02953156030333,-20.78861679289235,8.126139879964688,28.658349045316175,-18.112555737512945,14.134424077459059
154.00936471815086,481.7642494959885,44.213681781740476,-171.86478037987666,-99.91434506166374,166.86981910448358,-148.60013855964115,402.0179902880094,-22.078141227802792,72.85569172335308,239.63052683042184,-27.490587318691514,302.73279507048244,-75.31540568197147,788.8141081440355,1.926023692749747,-137.07028845644038,-7.038239801771044,-43.79777172816726,-370.82343664040303,-155.76728415606644,179.59731259293133,-43.36473961213005,382.1711632167785,446.86168112613217,223.31099287197716,-91.00065584623599,-315.25140928918523,189.32711690929744,-151.84024101840834
-38.88408229385179,-120.5707243078764,-11.384059898327454,42.75145708320016,25.38713143427489,-41.494892570566414,37.3774298322099,-100.06825669266293,5.671453045807917,-18.900886904454385,-59.788667680444846,7.150691310634778,-75.31540568197147,19.138743381616887,-196.99090716266522,-1.0230026678138069,33.935500944626845,1.9197960609172227,10.072504325779814,93.55228367787669,39.35040672889879,-44.95964041148793,12.014612727110595,-95.66205467571564,-111.73202546218482,-56.217729997807275,22.44848808740699,78.43781933082414,-48.3779622587267,38.185504985292695
402.31437599783845,1256.6135808039664,115.84327888044776,-447.93097344648686,-261.2045316502412,434.83733587371984,-387.97373286026215,1047.77980148319,-57.86876344315129,191.23795362116843,624.8580432349122,-72.27688392497366,788.8141081440355,-196.99090716266522,2056.9619916369575,5.948667116264214,-356.9466943029523,-18.634963019083095,-112.69496580566107,-968.5916964037167,-406.9030725407896,468.3825024816931,-115.22213175137321,996.7994142117676,1165.4536502171127,583.0887370656891,-236.79355602983793,-821.5240277763313,495.4753243866542,-396.48925003868413
1.7646748983289482,4.042532970836283,0.8316196740751016,-1.03729809109359,-1.4008473677153357,1.0073511673910183,-1.491392714693538,2.5635184932938144,-0.3790340718687123,1.529495812462344,1.7009762085024756,-0.5706960356242994,1.926023692749747,-1.0230026678138069,5.948667116264214,0.7802652790666275,-0.6096871853887456,-0.28035120232737654,0.8779070406951275,-4.13716877875384,-1.8331727922053778,1.5597775557927083,-1.9565349054187018,3.2560982615479266,3.581189970536601,2.320050288233448,-0.30699471686124485,-1.9869411206918,3.0174369573152546,-1.4880291028158492
-69.47987828099018,-217.8254655612018,-19.824216044405738,77.87761245899961,44.962610452787004,-75.59639124834278,67.1228055194171,-182.0820274990286,9.927220677402962,-32.648597243792786,-108.49750542277884,12.35052322767333,-137.07028845644038,33.935500944626845,-356.9466943029523,-0.6096871853887456,62.17708326788454,3.108748094053365,20.21994595513459,167.33944199987315,70.24157235410739,-81.15370956677758,19.104759000364638,-172.7557154811751,-202.12188355593892,-100.83324194984091,41.2977868224663,142.7712156210713,-85.09390199255095,68.62137128757836
-3.8228735256647917,-11.503035908265812,-1.1960663244606844,3.9825935051524657,2.556157491831162,-3.865158287851251,3.624905301598276,-9.354144097044724,0.5876770101167997,-2.0232428561957945,-5.6310161462268935,0.764292181331323,-7.038239801771044,1.9197960609172227,-18.634963019083095,-0.28035120232737654,3.108748094053365,0.23613458651772995,0.6629605147064812,9.171130964308285,3.879859634122863,-4.301317229478016,1.5279736841084726,-9.13797200640614,-10.619965322481885,-5.47060115543831,2.0324571959072846,7.326118483563567,-4.956777130823256,3.695126421046247
-21.095402600271246,-68.21972258670662,-5.569318130683863,24.93930386481844,13.306158218984592,-24.21813638668503,20.670568024768254,-58.13907773685357,2.8321513681108716,-8.928720470710264,-34.38903943620125,3.3719235670844223,-43.79777172816726,10.072504325779814,-112.69496580566107,0.8779070406951275,20.21994595513459,0.6629605147064812,8.079716068959684,50.95952383150399,21.26640213768614,-25.359531750865603,3.731753967658325,-54.04844069019733,-63.527049035283575,-30.9461817305011,13.57477934568302,45.63092288924527,-24.662550700139548,21.169539704050575
-190.49698245027082,-592.4413059543801,-55.42011765464513,210.46886368399313,124.13104723747315,-204.32004277434137,183.3357669763627,-492.5651109689097,27.61849695980028,-91.75941207593004,-294.04652895843566,34.663126521917114,-370.82343664040303,93.55228367787669,-968.5916964037167,-4.13716877875384,167.33944199987315,9.171130964308285,50.95952383150399,458.43610711648546,192.75741766572605,-220.92010301859202,57.09506759088451,-470.03825451771115,-549.1649247024268,-275.67643735625296,110.84179052317934,386.1638941663639,-236.09141665466515,187.29457439182175
-80.10566717618435,-248.96144136643946,-23.352789966581863,88.371964299352,52.247841987003646,-85.80301762824334,77.06015812708995,-206.86386353985236,11.622123256749996,-38.65859363842069,-123.49648483088762,14.582112556333326,-155.76728415606644,39.35040672889879,-406.9030725407896,-1.8331727922053778,70.24157235410739,3.879859634122863,21.26640213768614,192.75741766572605,81.07300608270073,-92.86636790408818,24.160462094911534,-197.54622929442652,-230.7401525286507,-115.88978552150286,46.524749904420474,162.18999837055958,-99.40417923665336,78.70364480306438
91.77956741557469,286.31704832985633,26.534544030615795,-101.89359241078925,-59.70265389940062,98.94742916616494,-88.43147026773372,238.4519040241513,-13.217062373479267,43.780126232099484,142.20846721733955,-16.491807783830367,179.59731259293133,-44.95964041148793,468.3825024816931,1.5597775557927083,-81.15370956677758,-4.301317229478016,-25.359531750865603,-220.92010301859202,-92.86636790408818,106.79154760411997,-26.60290973478669,227.17325848198558,265.4654210519487,132.94287958778023,-53.836949480441184,-186.99187103914858,113.31230943501726,-90.32164709314416
-23.807726780413244,-71.20148443991879,-7.526104776485122,24.570113529609998,15.960554915156223,-23.825622189474373,22.527142129345474,-57.70561581428969,3.705883705747016,-12.815463817849565,-34.8161062117714,4.8732902966728044,-43.36473961213005,12.014612727110595,-115.22213175137321,-1.9565349054187018,19.104759000364638,1.5279736841084726,3.731753967658325,57.09506759088451,24.160462094911534,-26.60290973478669,9.970865452900165,-56.548375605772335,-65.7074894908364,-34.00963864676931,12.442976277430267,45.16392114023861,-31.071746508992018,22.98173896719729
195.2646705058951,609.231235677866,56.40672317752771,-216.9015303758405,-126.95433815931361,210.59847217967902,-188.17879397698118,507.51424089945806,-28.12727457209583,93.11790452782306,302.6988300095408,-35.12864469895826,382.1711632167785,-95.66205467571564,996.7994142117676,3.2560982615479266,-172.7557154811751,-9.13797200640614,-54.04844069019733,-470.03825451771115,-197.54622929442652,227.17325848198558,-56.548375605772335,483.34038722008074,564.9120370754906,282.8736143319953,-114.58734817654246,-397.95409114307597,240.95476665947626,-192.24336394873555
228.11610800729503,712.1202489135062,65.7804727411775,-253.71060173765284,-148.1915106137652,246.30521069780642,-219.920265129221,593.5298461120399,-32.840684302787466,108.61316176419989,353.99302934473076,-41.02953156030333,446.86168112613217,-111.73202546218482,1165.4536502171127,3.581189970536601,-202.12188355593892,-10.619965322481885,-63.527049035283575,-549.1649247024268,-230.7401525286507,265.4654210519487,-65.7074894908364,564.9120370754906,660.4019440889042,330.5472600882107,-134.0672049081945,-465.3702643688679,281.1902131471073,-224.72294988331453
114.54367709247545,356.5519125857183,33.25057391281732,-126.76129908104218,-74.57992688559796,123.05594733304513,-110.28653553210727,296.62777251008015,-16.58013936706104,55.02099486274379,177.04110695498707,-20.78861679289235,223.31099287197716,-56.217729997807275,583.0887370656891,2.320050288233448,-100.83324194984091,-5.47060115543831,-30.9461817305011,-275.67643735625296,-115.88978552150286,132.94287958778023,-34.00963864676931,282.8736143319953,330.5472600882107,165.81540261514735,-66.81053451231728,-232.5553088496843,141.7684661207342,-112.67671894640455
-46.017957667175395,-144.47240503249733,-13.095085547227288,51.685115108760684,29.7618816376029,-50.181484384725756,44.477598210173156,-120.84780295983165,6.553129788231363,-21.52434154966842,-71.97407546120213,8.126139879964688,-91.00065584623599,22.44848808740699,-236.79355602983793,-0.30699471686124485,41.2977868224663,2.0324571959072846,13.57477934568302,110.84179052317934,46.524749904420474,-53.836949480441184,12.442976277430267,-114.58734817654246,-134.0672049081945,-66.81053451231728,27.451103601954657,94.77226217552247,-56.268261659182386,45.46149452638418
-160.3758802151117,-501.6921155517104,-46.0216275313977,179.0171640073307,104.01182694392578,-173.7958339655736,154.7595041826824,-418.7047208467596,22.998034336403265,-75.86931141019802,-249.59697588633,28.658349045316175,-315.25140928918523,78.43781933082414,-821.5240277763313,-1.9869411206918,142.7712156210713,7.326118483563567,45.63092288924527,386.1638941663639,162.18999837055958,-186.99187103914858,45.16392114023861,-397.95409114307597,-465.3702643688679,-232.5553088496843,94.77226217552247,328.31585208893557,-197.10217322293644,158.1588942127118
98.16329492865366,303.5905789217438,28.952666818550522,-107.33466518344039,-64.2976909124703,104.22262642398194,-94.2118763538732,251.41086147081927,-14.365800650084832,48.07086128381977,150.25785709913663,-18.112555737512945,189.32711690929744,-48.3779622587267,495.4753243866542,3.0174369573152546,-85.09390199255095,-4.956777130823256,-24.662550700139548,-236.09141665466515,-99.40417923665336,113.31230943501726,-31.071746508992018,240.95476665947626,281.1902131471073,141.7684661207342,-56.268261659182386,-197.10217322293644,122.68775361355827,-96.17354762799866
-77.81156752224089,-242.35708055674314,-22.536919994128837,86.24677387601042,50.60424465767284,-83.70522309903713,74.95637197557387,-201.76095247255853,11.259981237246741,-37.317513479492824,-120.42700849606554,14.134424077459059,-151.84024101840834,38.185504985292695,-396.48925003868413,-1.4880291028158492,68.62137128757836,3.695126421046247,21.169539704050575,187.29457439182175,78.70364480306438,-90.32164709314416,22.98173896719729,-192.24336394873555,-224.72294988331453,-112.67671894640455,45.46149452638418,158.1588942127118,-96.17354762799866,76.61215436308999
