V1,V2,V3,V4,V5,V6,V7,V8,V9,V10,V11,V12,V13,V14,V15,V16,V17,V18,V19,V20,V21,V22,V23,V24,V25,V26,V27,V28,V29,V30
1.9749083004615597,-0.3435231963277715,1.4948079277687245,-1.6089889293322783,-0.7674251579342923,0.42797450022161965,0.4661065165083491,0.2965517010422465,1.0164244760663441,-0.6692888517883513,0.5213363180473075,-0.2363160831362875,-0.7926992750476793,0.830020338500536,-0.2837615636958225,-0.7081344656063477,-2.0324479233384865,-1.2382580862259525,1.1546281670109484,0.9235406419426025,0.35072556874068217,1.2777948644777466,-0.39538712483895133,-1.0716529458897364,0.03108540423289678,-0.039724678983055345,-1.4217540219996674,-0.20222179871663562,0.40286946763851034,-0.0874344638894394
-0.3435231963277715,2.608437879403583,0.4630342229534905,0.7117570333423379,0.525996362600011,-0.18170489289730557,0.021529155440430815,-1.3751075905166732,-0.28655575388172894,-0.5350878449907819,-0.6252552102800129,1.0287805196161426,-0.010628899111226138,-0.2557184312965004,0.9188802036421031,1.096349065331334,-1.6524179234334837,-0.15938639388115847,-0.5432380623229773,-0.32771595089131583,-0.30127667250688994,0.6195904839724906,0.26978866803102086,0.5179240663817345,-0.6945965801460238,-1.8794165588616694,-1.7938076026086904,-1.0524998420407379,-1.129646649777356,-0.7792996239295951
1.4948079277687245,0.4630342229534905,2.250687786120632,-0.9141069784663508,0.7100189722704653,-0.345486168847153,-0.11457659926438855,0.09471396807403781,1.8064026913373328,0.604228145731477,-0.052552739477908415,-0.6600111638750866,-0.7954041280565222,0.047844253404818744,0.3247360965349189,-1.0267457211289464,-1.46112593507487,-0.5885890681470327,1.3862057180881875,-0.014571148200946604,0.3789878736536586,-0.03901919526229336,0.16944915362885485,0.47880538135795364,0.4358430690958053,0.5580036879130096,-2.488660033577587,-0.15419651374418752,-0.25093252017042256,-0.48298643539168085
-1.6089889293322783,0.7117570333423379,-0.9141069784663508,2.1351131144091577,0.27505270440403434,-0.5567051760509357,-0.31957559900305454,-1.039503913376488,-0.0954408641457584,-0.6811732021520528,-0.5506741745684253,0.061405057120240296,-0.1960399384017678,-0.9753015790382729,-0.011372380955573158,1.720266402669579,1.974766831388634,0.5540762994616828,-0.2630598853800713,-0.7352555897016719,0.02357770353692729,-0.3834204515796345,0.1638126894691844,0.9989162376078088,0.6882231304592697,-0.4763317216509228,0.3456638356459756,0.4327718532169464,-0.7208905750701673,-0.5816980812432513
-0.7674251579342923,0.525996362600011,0.7100189722704653,0.27505270440403434,2.4770452689520086,-0.9517206941535514,-0.9337877949713366,0.5643309803711286,0.4734399899653655,3.084538418313275,-0.687842303027767,-0.6001305528338258,0.8037337166043224,-0.8922349631340148,1.0309618693836007,-1.5952851541526576,0.8290197496561571,1.4495181001036654,-0.27797081023317133,-1.4059267579543397,-0.22492974067810573,-2.6690864929207763,0.9661776216153256,2.165070007908467,0.016227748421328958,1.5470548454385553,-0.5634474543488107,-0.0483195298096218,-0.5029339387577395,0.10127204493821024
0.42797450022161965,-0.18170489289730557,-0.345486168847153,-0.5567051760509357,-0.9517206941535514,0.5514928651796385,0.43065136355299566,0.003672966883295074,-0.5719515861685176,-0.895163595570097,0.34374656187231034,0.4513684565360918,0.014370888289357604,0.5837415377415686,-0.2611579211052848,0.23752987308798026,-0.8568312404215747,-0.5288290349117192,-0.21993077724747465,0.6554779437257365,-0.06664991694633034,1.0448311640529986,-0.35449609332026266,-1.0671539477356882,-0.4552653668406406,-0.6761716923129514,0.3800155966617536,-0.2499492915378588,0.3266544292719137,0.19295925263157435
0.4661065165083491,0.021529155440430815,-0.11457659926438855,-0.31957559900305454,-0.9337877949713366,0.43065136355299566,0.4131538031534403,-0.24022463455785323,-0.23764973411063103,-1.1602523949429029,0.26592370387545894,0.3692146898143662,-0.26653253598622667,0.4550854285827893,-0.28119385419687387,0.5126312285004823,-0.8070188797268903,-0.6494015076349124,0.051376645781343724,0.6092805251332528,0.03566845036739035,1.1615555166188447,-0.36439840807922613,-0.9227034288977415,-0.2099308159834324,-0.7776431162116847,-0.02190649447278245,-0.18009821874703802,0.15866413315141106,-0.043948441102079704
0.2965517010422465,-1.3751075905166732,0.09471396807403781,-1.039503913376488,0.5643309803711286,0.003672966883295074,-0.24022463455785323,1.339901715879564,0.025657111228371113,1.7847650407316464,0.25771816766070893,-0.6243446473353182,0.6031232851274092,0.18435930265229677,-0.02391838108573561,-1.8040333411879466,0.4470154318258864,0.5498876881910074,-0.023234289320327013,-0.10920920908859938,-0.04611395328305144,-1.2432385760161495,0.1872950858965168,0.13487144028125278,-0.0941533612563287,1.6344176313161738,0.8812455785265244,0.2752253999711915,0.6839630116917949,0.7669140921773335
1.0164244760663441,-0.28655575388172894,1.8064026913373328,-0.0954408641457584,0.4734399899653655,-0.5719515861685176,-0.23764973411063103,0.025657111228371113,2.1934300607885042,0.1366676441006252,-0.04595825564625572,-1.168680033915495,-1.184464524245007,-0.33918374538458645,-0.1869057394036839,-0.4341073712513403,0.20670393370603435,-0.4522657569824367,1.8020117735353312,-0.15722513407510821,0.6353764260034018,-0.25536063730345254,0.05179373209913535,0.7014486667826487,1.3073359633390347,1.060497095545693,-1.8255524136023829,0.6038950100280381,-0.17071245691597875,-0.6024498380395464
-0.6692888517883513,-0.5350878449907819,0.604228145731477,-0.6811732021520528,3.084538418313275,-0.895163595570097,-1.1602523949429029,1.7847650407316464,0.1366676441006252,4.927251414390397,-0.4793780616869756,-0.9605105935635593,1.6249807669923677,-0.7001786864035985,1.1675187190513614,-3.3039527953027945,1.0726635629222236,2.0830701599028143,-0.6618996504345361,-1.567227482802864,-0.39092441583281295,-3.8829307695819817,1.217811706544535,2.303723300233968,-0.3741077396290391,2.8839979738961623,0.3519716267397975,0.014405286604687012,0.0920578236555942,0.8977913970743961
0.5213363180473075,-0.6252552102800129,-0.052552739477908415,-0.5506741745684253,-0.687842303027767,0.34374656187231034,0.26592370387545894,0.25771816766070893,-0.04595825564625572,-0.4793780616869756,0.3564329507081895,-0.026923638749273296,-0.14373713205366867,0.41500667391061047,-0.35952925494311444,-0.12125347989730148,-0.3170879682871331,-0.41212880005079544,0.18404219066842592,0.4951513819886922,0.09961199706143116,0.5860214521181766,-0.27834003239233795,-0.7418391990498892,-0.03489775125221916,0.011983717895963574,0.29204321294884855,0.08122394928407414,0.4098338519313992,0.19597220174646046
-0.2363160831362875,1.0287805196161426,-0.6600111638750866,0.061405057120240296,-0.6001305528338258,0.4513684565360918,0.3692146898143662,-0.6243446473353182,-1.168680033915495,-0.9605105935635593,-0.026923638749273296,1.0795380458084374,0.3296092972327619,0.3496449806276053,0.22143677423595232,0.862582333040871,-1.186445651210053,-0.27591576426669023,-0.9105074313424509,0.3422514108095586,-0.350834354837366,1.0501397763551934,-0.15873455363955644,-0.7025584543794338,-0.929563671393159,-1.5778873018427555,0.1322018748034833,-0.7350867646597044,-0.2134285696439882,-0.03814594561338218
-0.7926992750476793,-0.010628899111226138,-0.7954041280565222,-0.1960399384017678,0.8037337166043224,0.014370888289357604,-0.26653253598622667,0.6031232851274092,-1.184464524245007,1.6249807669923677,-0.14373713205366867,0.3296092972327619,1.2286716190324236,-0.045244133485934306,0.5152880239001225,-0.9029639736406568,0.23040352083347138,0.9712044847752477,-1.2399449970193537,-0.4500480230963619,-0.4971472962751542,-1.1934834491052333,0.3906389538109677,0.3982707972494103,-0.870639565615425,0.39339268030739805,1.1390575393512958,-0.3448161196100432,0.12493311711188472,0.6477887631745102
0.830020338500536,-0.2557184312965004,0.047844253404818744,-0.9753015790382729,-0.8922349631340148,0.5837415377415686,0.4550854285827893,0.18435930265229677,-0.33918374538458645,-0.7001786864035985,0.41500667391061047,0.3496449806276053,-0.045244133485934306,0.7245009715516858,-0.22481590039276753,-0.15161809875975,-1.2820337259292474,-0.6619030531809187,-0.01437223556986257,0.7522454423810894,-0.02594237950256363,1.0652718154457117,-0.35551247293344374,-1.1424550388349368,-0.49257660268719483,-0.5094040076596014,0.062478203292906424,-0.31653697769773154,0.4081403168884357,0.22844458199640566
-0.2837615636958225,0.9188802036421031,0.3247360965349189,-0.011372380955573158,1.0309618693836007,-0.2611579211052848,-0.28119385419687387,-0.02391838108573561,-0.1869057394036839,1.1675187190513614,-0.35952925494311444,0.22143677423595232,0.5152880239001225,-0.22481590039276753,0.7188206291532991,-0.5315402044173111,-0.5249178985179183,0.4971094030024698,-0.48662982043046693,-0.5186927652965425,-0.2670332078240757,-0.7744812062311663,0.4374517117853255,0.7584338560056975,-0.5010352114465664,-0.017867770851652462,-0.5860590655117702,-0.49422098419266375,-0.39736290195288626,-0.01477551208718406
-0.7081344656063477,1.096349065331334,-1.0267457211289464,1.720266402669579,-1.5952851541526576,0.23752987308798026,0.5126312285004823,-1.8040333411879466,-0.4341073712513403,-3.3039527953027945,-0.12125347989730148,0.862582333040871,-0.9029639736406568,-0.15161809875975,-0.5315402044173111,3.0791910100551925,0.27558311790857704,-0.8408979517059418,-0.05840041887513379,0.4519300133192404,0.11915369947572742,2.116538919186145,-0.5758165222304866,-0.7625230499191041,0.36158740440981185,-2.3027794610182903,-0.016699247456777026,0.028200849883139315,-0.5964279821865193,-0.8795003167826867
-2.0324479233384865,-1.6524179234334837,-1.46112593507487,1.974766831388634,0.8290197496561571,-0.8568312404215747,-0.8070188797268903,0.4470154318258864,0.20670393370603435,1.0726635629222236,-0.3170879682871331,-1.186445651210053,0.23040352083347138,-1.2820337259292474,-0.5249178985179183,0.27558311790857704,4.532975764531901,1.5340396817881332,-0.014675135874600887,-1.1537915490489032,0.18516689367856862,-2.288478929512007,0.32620897693787687,1.5593150760657588,1.4837182835709157,2.0124813554693484,2.2758909960196325,1.5783320239679548,0.11560320084249413,0.21786287014378272
-1.2382580862259525,-0.15938639388115847,-0.5885890681470327,0.5540762994616828,1.4495181001036654,-0.5288290349117192,-0.6494015076349124,0.5498876881910074,-0.4522657569824367,2.0830701599028143,-0.41212880005079544,-0.27591576426669023,0.9712044847752477,-0.6619030531809187,0.4971094030024698,-0.8408979517059418,1.5340396817881332,1.3823958696243284,-0.7835892801002852,-1.0052173922420582,-0.30612549592798877,-2.057838636703173,0.6070127422384999,1.331356171773471,-0.09299744378975681,1.1378255883263344,0.9815792631805381,0.1768711487035742,-0.1152052955582034,0.39908658407257946
1.1546281670109484,-0.5432380623229773,1.3862057180881875,-0.2630598853800713,-0.27797081023317133,-0.21993077724747465,0.051376645781343724,-0.023234289320327013,1.8020117735353312,-0.6618996504345361,0.18404219066842592,-0.9105074313424509,-1.2399449970193537,-0.01437223556986257,-0.48662982043046693,-0.05840041887513379,-0.014675135874600887,-0.7835892801002852,1.6854621497338944,0.27966325431449257,0.6203691778302122,0.4641626126118458,-0.23731069110849015,-0.024736387347713145,1.1522092911941235,0.6207428178970221,-1.3381601331723445,0.5808656985643541,0.06351342497567053,-0.4941876078535867
0.9235406419426025,-0.32771595089131583,-0.014571148200946604,-0.7352555897016719,-1.4059267579543397,0.6554779437257365,0.6092805251332528,-0.10920920908859938,-0.15722513407510821,-1.567227482802864,0.4951513819886922,0.3422514108095586,-0.4500480230963619,0.7522454423810894,-0.5186927652965425,0.4519300133192404,-1.1537915490489032,-1.0052173922420582,0.27966325431449257,0.9752734339820004,0.12268248234641696,1.6397893313961682,-0.5716481833070487,-1.4378444093812082,-0.1999231135847845,-0.8174683077903757,0.01204359133224492,-0.14647521703376862,0.4019110371353152,0.028574958669859145
0.35072556874068217,-0.30127667250688994,0.3789878736536586,0.02357770353692729,-0.22492974067810573,-0.06664991694633034,0.03566845036739035,-0.04611395328305144,0.6353764260034018,-0.39092441583281295,0.09961199706143116,-0.350834354837366,-0.4971472962751542,-0.02594237950256363,-0.2670332078240757,0.11915369947572742,0.18516689367856862,-0.30612549592798877,0.6203691778302122,0.12268248234641696,0.2616204387781762,0.2338527482520455,-0.12237236303098999,-0.05599821453844589,0.4960886839485817,0.21509206150095825,-0.36864975369629227,0.29599026032128795,0.05134407850383259,-0.18654073316385317
1.2777948644777466,0.6195904839724906,-0.03901919526229336,-0.3834204515796345,-2.6690864929207763,1.0448311640529986,1.1615555166188447,-1.2432385760161495,-0.25536063730345254,-3.8829307695819817,0.5860214521181766,1.0501397763551934,-1.1934834491052333,1.0652718154457117,-0.7744812062311663,2.116538919186145,-2.288478929512007,-2.057838636703173,0.4641626126118458,1.6397893313961682,0.2338527482520455,3.6141233497679957,-1.044671934655909,-2.392751024575505,-0.2736159645653067,-2.6166106464335965,-0.7758288868288654,-0.49054030951193267,0.08537767390257237,-0.5711060301779498
-0.39538712483895133,0.26978866803102086,0.16944915362885485,0.1638126894691844,0.9661776216153256,-0.35449609332026266,-0.36439840807922613,0.1872950858965168,0.05179373209913535,1.217811706544535,-0.27834003239233795,-0.15873455363955644,0.3906389538109677,-0.35551247293344374,0.4374517117853255,-0.5758165222304866,0.32620897693787687,0.6070127422384999,-0.23731069110849015,-0.5716481833070487,-0.12237236303098999,-1.044671934655909,0.3966746047809689,0.8472913601938339,-0.07449727999946056,0.5258858201163682,-0.1577363516729794,-0.06417277453083142,-0.2136070335130544,0.05870506349828603
-1.0716529458897364,0.5179240663817345,0.47880538135795364,0.9989162376078088,2.165070007908467,-1.0671539477356882,-0.9227034288977415,0.13487144028125278,0.7014486667826487,2.303723300233968,-0.7418391990498892,-0.7025584543794338,0.3982707972494103,-1.1424550388349368,0.7584338560056975,-0.7625230499191041,1.5593150760657588,1.331356171773471,-0.024736387347713145,-1.4378444093812082,-0.05599821453844589,-2.392751024575505,0.8472913601938339,2.2304746554792745,0.5164246832432737,1.3423297494587072,-0.5203569495094721,0.27654585400726994,-0.6521263804912765,-0.19230117616080988
0.03108540423289678,-0.6945965801460238,0.4358430690958053,0.6882231304592697,0.016227748421328958,-0.4552653668406406,-0.2099308159834324,-0.0941533612563287,1.3073359633390347,-0.3741077396290391,-0.03489775125221916,-0.929563671393159,-0.870639565615425,-0.49257660268719483,-0.5010352114465664,0.36158740440981185,1.4837182835709157,-0.09299744378975681,1.1522092911941235,-0.1999231135847845,0.4960886839485817,-0.2736159645653067,-0.07449727999946056,0.5164246832432737,1.320124856122394,0.8446978850068226,-0.29448053839235167,0.8936943258320826,-0.04213816192434115,-0.3989878191465104
-0.039724678983055345,-1.8794165588616694,0.5580036879130096,-0.4763317216509228,1.5470548454385553,-0.6761716923129514,-0.7776431162116847,1.6344176313161738,1.060497095545693,2.8839979738961623,0.011983717895963574,-1.5778873018427555,0.39339268030739805,-0.5094040076596014,-0.017867770851652462,-2.3027794610182903,2.0124813554693484,1.1378255883263344,0.6207428178970221,-0.8174683077903757,0.21509206150095825,-2.6166106464335965,0.5258858201163682,1.3423297494587072,0.8446978850068226,3.015818151375305,0.6821443954077886,0.9591476163587598,0.5576945615085127,0.6331009532955039
-1.4217540219996674,-1.7938076026086904,-2.488660033577587,0.3456638356459756,-0.5634474543488107,0.3800155966617536,-0.02190649447278245,0.8812455785265244,-1.8255524136023829,0.3519716267397975,0.29204321294884855,0.1322018748034833,1.1390575393512958,0.062478203292906424,-0.5860590655117702,-0.016699247456777026,2.2758909960196325,0.9815792631805381,-1.3381601331723445,0.01204359133224492,-0.36864975369629227,-0.7758288868288654,-0.1577363516729794,-0.5203569495094721,-0.29448053839235167,0.6821443954077886,3.5873454292847153,0.5856534821199773,0.8525472103927569,1.0642487163084002
-0.20222179871663562,-1.0524998420407379,-0.15419651374418752,0.4327718532169464,-0.0483195298096218,-0.2499492915378588,-0.18009821874703802,0.2752253999711915,0.6038950100280381,0.014405286604687012,0.08122394928407414,-0.7350867646597044,-0.3448161196100432,-0.31653697769773154,-0.49422098419266375,0.028200849883139315,1.5783320239679548,0.1768711487035742,0.5808656985643541,-0.14647521703376862,0.29599026032128795,-0.49054030951193267,-0.06417277453083142,0.27654585400726994,0.8936943258320826,0.9591476163587598,0.5856534821199773,0.8074022942918414,0.2336821012186722,0.016683538008947243
0.40286946763851034,-1.129646649777356,-0.25093252017042256,-0.7208905750701673,-0.5029339387577395,0.3266544292719137,0.15866413315141106,0.6839630116917949,-0.17071245691597875,0.0920578236555942,0.4098338519313992,-0.2134285696439882,0.12493311711188472,0.4081403168884357,-0.39736290195288626,-0.5964279821865193,0.11560320084249413,-0.1152052955582034,0.06351342497567053,0.4019110371353152,0.05134407850383259,0.08537767390257237,-0.2136070335130544,-0.6521263804912765,-0.04213816192434115,0.5576945615085127,0.8525472103927569,0.2336821012186722,0.6329040866936135,0.47744206927319527
-0.0874344638894394,-0.7792996239295951,-0.48298643539168085,-0.5816980812432513,0.10127204493821024,0.19295925263157435,-0.043948441102079704,0.7669140921773335,-0.6024498380395464,0.8977913970743961,0.19597220174646046,-0.03814594561338218,0.6477887631745102,0.22844458199640566,-0.01477551208718406,-0.8795003167826867,0.21786287014378272,0.39908658407257946,-0.4941876078535867,0.028574958669859145,-0.18654073316385317,-0.5711060301779498,0.05870506349828603,-0.19230117616080988,-0.3989878191465104,0.6331009532955039,1.0642487163084002,0.016683538008947243,0.47744206927319527,0.6179003364256516
