V1,V2,V3,V4,V5,V6,V7,V8,V9,V10,V11,V12,V13,V14,V15,V16,V17,V18,V19,V20,V21,V22,V23,V24,V25,V26,V27,V28,V29,V30
9887.68251979917,-17479.17306038641,10702.315352936013,-4253.11472957135,3938.5926848779973,5894.46606168245,14237.045855982951,-11306.74528368059,-7941.962563891794,-4633.6296309096,6671.01643890928,-6135.979258594353,-17009.680621901698,17128.75439021811,-3429.172962499981,-6246.267061319356,9148.673847754173,8671.493484430555,5619.880817047176,9062.849154938547,-12481.255779028104,-9183.196617235906,-38.235411559158024,-3494.7479786139174,13721.286790924665,1695.516270366293,12278.777784978709,-1047.0052979745212,-6298.3249148663945,3670.1287402930516
-17479.17306038641,30899.30584036777,-18919.502661499446,7518.5802017209035,-6962.768434004588,-10420.014144969591,-25167.94247629959,19987.86484103863,14039.679152893501,8191.112729604819,-11792.780652566285,10847.026605911768,30069.51524615201,-30279.833552160435,6062.041799857261,11042.18816639303,-16172.972173001372,-15329.38723071781,-9934.690571177225,-16021.072578099082,22064.125002145116,16234.01775380555,67.57257755737241,6177.818627373124,-24256.151329823337,-2997.417245677058,-21706.1450285694,1850.9470672272598,11134.120609303298,-6488.048891233709
10702.315352936013,-18919.502661499446,11585.686887679562,-4603.6096023178425,4265.46925480632,6379.617427144441,15410.284952923874,-12238.851538217807,-8596.547213477028,-5013.444357971406,7220.319862257974,-6642.084537871188,-18411.828436415355,18540.378941827712,-3711.0459875038678,-6762.44168637888,9903.40889511303,9387.555628863454,6082.947330609663,9809.020271187797,-13510.579635500724,-9942.289347059099,-40.6613545416503,-3781.149584726885,14852.44706578861,1836.1834989212302,13290.342228070545,-1133.6991543766505,-6818.282586284426,3972.783184737798
-4253.11472957135,7518.5802017209035,-4603.6096023178425,1829.6419407528278,-1694.122474570596,-2535.310376518784,-6124.126337098892,4863.459136947368,3416.297183670659,1993.1973867720762,-2869.4151627191027,2639.28931799014,7316.729998450606,-7367.848481194511,1475.0794553408377,2686.775340930541,-3935.3772492725507,-3729.985893686421,-2417.3112931233272,-3898.365220675192,5368.764965526491,3950.0206983581797,16.545354614097533,1503.3246156386724,-5902.209240600575,-729.2861784142652,-5281.642999655344,450.5090329687332,2709.193075118193,-1578.7326200030313
3938.5926848779973,-6962.768434004588,4265.46925480632,-1694.122474570596,1572.722253116044,2347.269356714187,5671.329180258353,-4504.701853409405,-3163.7835355228744,-1842.3523218091389,2656.859691371448,-2445.2087876098567,-6776.317569414083,6823.493855130815,-1364.6866864622823,-2490.5641213701188,3645.5647251449004,3456.792363256212,2238.6662640335207,3609.069757816352,-4973.309305570242,-3662.1235179117175,-13.906877516411047,-1389.4712022921656,5466.750230072309,676.9663060479721,4890.824806522886,-417.61884133001433,-2510.49529111214,1462.2274450821826
5894.46606168245,-10420.014144969591,6379.617427144441,-2535.310376518784,2347.269356714187,3514.2094682870384,8487.13011179579,-6740.323073520502,-4734.40262888511,-2762.9134358273727,3977.020945704509,-3657.752149885777,-10139.957742421422,10211.055261137146,-2044.5031602375218,-3723.19201642015,5453.555306654391,5168.92671141993,3350.271424880366,5402.911190398431,-7440.255583939527,-5473.740641162384,-22.97678674269595,-2083.8046571890745,8179.534521061252,1010.4731711502169,7319.938242045796,-623.9317016956578,-3754.372028979061,2187.836504306258
14237.045855982951,-25167.94247629959,15410.284952923874,-6124.126337098892,5671.329180258353,8487.13011179579,20499.774802899105,-16280.36689865559,-11435.587413836023,-6671.714025390978,9605.346981172144,-8835.063029602743,-24492.098433127157,24663.3918254915,-4937.583796368639,-8994.053376104033,13173.215139379727,12486.075487664937,8091.925597327999,13049.379497335785,-17971.63489541271,-13222.908200969212,-55.05828135280128,-5031.904570005862,19757.105999667103,2441.4474100790417,17679.954016753574,-1507.7373451858016,-9068.943124244519,5284.623460099193
-11306.74528368059,19987.86484103863,-12238.851538217807,4863.459136947368,-4504.701853409405,-6740.323073520502,-16280.36689865559,12929.735602910894,9081.852661882374,5297.965040343216,-7628.3371227914195,7016.814289960852,19451.190978053062,-19587.196103096325,3921.132042964984,7143.3280894591,-10462.00932008228,-9916.589647816163,-6426.4848045338495,-10363.366518045392,14272.887564737874,10502.060054873624,43.44419582319166,3995.7522039758624,-15690.717994266342,-1939.2542830356597,-14041.01757489928,1197.3729712940656,7202.618208090331,-4196.966916713408
-7941.962563891794,14039.679152893501,-8596.547213477028,3416.297183670659,-3163.7835355228744,-4734.40262888511,-11435.587413836023,9081.852661882374,6379.261246930619,3721.6996477405714,-5358.184285344147,4928.538714798782,13662.755950054652,-13758.212842633038,2754.390319171114,5017.326871813535,-7348.616707347424,-6965.2832079492255,-4513.979652318346,-7279.45191262006,10025.29759509201,7376.332665122311,30.71132581219705,2806.950735252446,-11021.286198935502,-1361.9985645008887,-9862.579145909694,841.1145007993774,5059.057312647097,-2948.011573982195
-4633.6296309096,8191.112729604819,-5013.444357971406,1993.1973867720762,-1842.3523218091389,-2762.9134358273727,-6671.714025390978,5297.965040343216,3721.6996477405714,2174.580473723862,-3126.5586169582593,2874.491166728481,7970.757028044785,-8026.5894053754355,1608.2721727809342,2925.0330704286052,-4286.265721664651,-4061.3440306547013,-2633.570877781626,-4248.046353191036,5847.614872925895,4299.7696949977435,19.16394345148727,1640.1027384964327,-6429.131865698767,-793.1750950789746,-5754.4431978991315,490.1942649267725,2950.116461821057,-1719.7661460824336
6671.01643890928,-11792.780652566285,7220.319862257974,-2869.4151627191027,2656.859691371448,3977.020945704509,9605.346981172144,-7628.3371227914195,-5358.184285344147,-3126.5586169582593,4500.891915772205,-4139.724111406596,-11475.888579988668,11556.335164378015,-2313.7021469989063,-4213.919035687393,6172.190443201207,5850.162721700515,3791.6271535572273,6114.596923443242,-8420.647429963165,-6195.259914856243,-25.903374184634334,-2358.0920858102745,9257.308096129413,1143.7337601821853,8284.240598219807,-706.2638103885358,-4249.146221766624,2476.0915700844116
-6135.979258594353,10847.026605911768,-6642.084537871188,2639.28931799014,-2445.2087876098567,-3657.752149885777,-8835.063029602743,7016.814289960852,4928.538714798782,2874.491166728481,-4139.724111406596,3808.114700041358,10555.752368119835,-10629.66547585311,2127.6219306533803,3876.889751383368,-5677.661674933961,-5381.976247773303,-3487.5357754641414,-5623.805808085181,7745.898446885324,5699.957584478327,23.322817481849494,2167.9815444310025,-8515.298152652702,-1052.615815749876,-7619.721045818874,649.8513912316603,3908.9819612198817,-2277.595367293538
-17009.680621901698,30069.51524615201,-18411.828436415355,7316.729998450606,-6776.317569414083,-10139.957742421422,-24492.098433127157,19451.190978053062,13662.755950054652,7970.757028044785,-11475.888579988668,10555.752368119835,29262.31217347338,-29466.684794949055,5899.19832356154,10746.064142762803,-15738.96427802412,-14918.047453300229,-9667.862018307991,-15590.713921518827,21471.74444698779,15798.540710665167,65.66388816299103,6011.586534412057,-23604.78429894763,-2917.203750867613,-21123.19019707768,1801.417531216724,10835.3353697566,-6313.9443674089225
17128.75439021811,-30279.833552160435,18540.378941827712,-7367.848481194511,6823.493855130815,10211.055261137146,24663.3918254915,-19587.196103096325,-13758.212842633038,-8026.5894053754355,11556.335164378015,-10629.66547585311,-29466.684794949055,29672.818202547514,-5940.3699509169555,-10820.992270227802,15848.819195698723,15022.28244507344,9735.521898708406,15699.783643644732,-21621.92262176798,-15908.907070610956,-66.09725852895934,-6053.740924667195,23769.97715469394,2937.4364363673862,21270.941523051624,-1813.8815058215414,-10911.03727242228,6357.978498975401
-3429.172962499981,6062.041799857261,-3711.0459875038678,1475.0794553408377,-1364.6866864622823,-2044.5031602375218,-4937.583796368639,3921.132042964984,2754.390319171114,1608.2721727809342,-2313.7021469989063,2127.6219306533803,5899.19832356154,-5940.3699509169555,1189.8651980624434,2165.5431628663487,-3172.573818660213,-3006.501050568658,-1949.0466167559891,-3143.530693668001,4328.1270233745345,3183.4291280491166,13.772678625385753,1212.953593213159,-4758.293169991671,-587.5438105096198,-4258.606409268761,362.97078805662744,2183.8054936875424,-1272.853885236971
-6246.267061319356,11042.18816639303,-6762.44168637888,2686.775340930541,-2490.5641213701188,-3723.19201642015,-8994.053376104033,7143.3280894591,5017.326871813535,2925.0330704286052,-4213.919035687393,3876.889751383368,10746.064142762803,-10820.992270227802,2165.5431628663487,3947.5989358580928,-5780.362579762557,-5479.704892951658,-3550.266703458186,-5724.6173972809265,7885.743880808628,5803.915005381539,23.326369931920723,2206.0532570837686,-8668.739151677146,-1072.2042188010453,-7756.691923110699,661.8181948703528,3979.8752680937077,-2318.7342265493635
9148.673847754173,-16172.972173001372,9903.40889511303,-3935.3772492725507,3645.5647251449004,5453.555306654391,13173.215139379727,-10462.00932008228,-7348.616707347424,-4286.265721664651,6172.190443201207,-5677.661674933961,-15738.96427802412,15848.819195698723,-3172.573818660213,-5780.362579762557,8465.57858837777,8024.331093664876,5199.8693757055335,8385.248053963178,-11549.00925874888,-8498.248597380132,-35.023918052266225,-3232.7285825453328,12696.174253990781,1569.3874477398808,11361.06469530351,-969.0859016411667,-5828.200601674454,3396.035972988227
8671.493484430555,-15329.38723071781,9387.555628863454,-3729.985893686421,3456.792363256212,5168.92671141993,12486.075487664937,-9916.589647816163,-6965.2832079492255,-4061.3440306547013,5850.162721700515,-5381.976247773303,-14918.047453300229,15022.28244507344,-3006.501050568658,-5479.704892951658,8024.331093664876,7606.742507324206,4928.678840453134,7947.444040442744,-10947.186112678039,-8056.537953291537,-32.62447809354521,-3063.0972687205726,12034.35624136012,1488.0875563731183,10768.332290126134,-918.6436447606575,-5524.782199726982,3218.9033574609375
5619.880817047176,-9934.690571177225,6082.947330609663,-2417.3112931233272,2238.6662640335207,3350.271424880366,8091.925597327999,-6426.4848045338495,-4513.979652318346,-2633.570877781626,3791.6271535572273,-3487.5357754641414,-9667.862018307991,9735.521898708406,-1949.0466167559891,-3550.266703458186,5199.8693757055335,4928.678840453134,3194.206076810345,5151.056021626873,-7094.024717057414,-5219.557317149384,-21.696734785910856,-1986.2570960887597,7798.779385002898,963.7287464851282,6978.922190582166,-595.0768258570251,-3579.8188333110274,2086.0094944322373
9062.849154938547,-16021.072578099082,9809.020271187797,-3898.365220675192,3609.069757816352,5402.911190398431,13049.379497335785,-10363.366518045392,-7279.45191262006,-4248.046353191036,6114.596923443242,-5623.805808085181,-15590.713921518827,15699.783643644732,-3143.530693668001,-5724.6173972809265,8385.248053963178,7947.444040442744,5151.056021626873,8307.136000992074,-11439.655812769373,-8416.04794579499,-35.434337220517115,-3203.924481728474,12576.348852324121,1553.6917747124821,11254.594757179098,-959.5545499343286,-5772.512652728723,3363.9613902835645
-12481.255779028104,22064.125002145116,-13510.579635500724,5368.764965526491,-4973.309305570242,-7440.255583939527,-17971.63489541271,14272.887564737874,10025.29759509201,5847.614872925895,-8420.647429963165,7745.898446885324,21471.74444698779,-21621.92262176798,4328.1270233745345,7885.743880808628,-11549.00925874888,-10947.186112678039,-7094.024717057414,-11439.655812769373,15755.848446507109,11593.735806417602,47.7249387866452,4410.34196866116,-17320.933728645665,-2140.9392788237237,-15499.45035553608,1321.9333329129115,7951.100709192548,-4632.944997326089
-9183.196617235906,16234.01775380555,-9942.289347059099,3950.0206983581797,-3662.1235179117175,-5473.740641162384,-13222.908200969212,10502.060054873624,7376.332665122311,4299.7696949977435,-6195.259914856243,5699.957584478327,15798.540710665167,-15908.907070610956,3183.4291280491166,5803.915005381539,-8498.248597380132,-8056.537953291537,-5219.557317149384,-8416.04794579499,11593.735806417602,8533.430923856427,34.04528279305053,3242.901608553886,-12744.872107754127,-1576.456976152429,-11403.667907568293,973.0065335092814,5851.368071164222,-3408.915249115254
-38.235411559158024,67.57257755737241,-40.6613545416503,16.545354614097533,-13.906877516411047,-22.97678674269595,-55.05828135280128,43.44419582319166,30.71132581219705,19.16394345148727,-25.903374184634334,23.322817481849494,65.66388816299103,-66.09725852895934,13.772678625385753,23.326369931920723,-35.023918052266225,-32.62447809354521,-21.696734785910856,-35.434337220517115,47.7249387866452,34.04528279305053,0.6681321032714582,14.465631375692583,-52.69573083713759,-6.0111832262325535,-47.59995008567881,3.9229279318181693,23.79982907511771,-14.153149356209674
-3494.7479786139174,6177.818627373124,-3781.149584726885,1503.3246156386724,-1389.4712022921656,-2083.8046571890745,-5031.904570005862,3995.7522039758624,2806.950735252446,1640.1027384964327,-2358.0920858102745,2167.9815444310025,6011.586534412057,-6053.740924667195,1212.953593213159,2206.0532570837686,-3232.7285825453328,-3063.0972687205726,-1986.2570960887597,-3203.924481728474,4410.34196866116,3242.901608553886,14.465631375692583,1237.0143695520933,-4848.966440676447,-598.1941597846802,-4340.058889675689,369.72127502644156,2224.9973674043326,-1297.0459813008697
13721.286790924665,-24256.151329823337,14852.44706578861,-5902.209240600575,5466.750230072309,8179.534521061252,19757.105999667103,-15690.717994266342,-11021.286198935502,-6429.131865698767,9257.308096129413,-8515.298152652702,-23604.78429894763,23769.97715469394,-4758.293169991671,-8668.739151677146,12696.174253990781,12034.35624136012,7798.779385002898,12576.348852324121,-17320.933728645665,-12744.872107754127,-52.69573083713759,-4848.966440676447,19041.65592364918,2353.338661965584,17039.348167029304,-1453.1893274107251,-8740.772884101625,5093.163711067278
1695.516270366293,-2997.417245677058,1836.1834989212302,-729.2861784142652,676.9663060479721,1010.4731711502169,2441.4474100790417,-1939.2542830356597,-1361.9985645008887,-793.1750950789746,1143.7337601821853,-1052.615815749876,-2917.203750867613,2937.4364363673862,-587.5438105096198,-1072.2042188010453,1569.3874477398808,1488.0875563731183,963.7287464851282,1553.6917747124821,-2140.9392788237237,-1576.456976152429,-6.0111832262325535,-598.1941597846802,2353.338661965584,291.4780276821509,2105.483935953669,-179.78741580579603,-1080.7186684063724,629.4872779664793
12278.777784978709,-21706.1450285694,13290.342228070545,-5281.642999655344,4890.824806522886,7319.938242045796,17679.954016753574,-14041.01757489928,-9862.579145909694,-5754.4431978991315,8284.240598219807,-7619.721045818874,-21123.19019707768,21270.941523051624,-4258.606409268761,-7756.691923110699,11361.06469530351,10768.332290126134,6978.922190582166,11254.594757179098,-15499.45035553608,-11403.667907568293,-47.59995008567881,-4340.058889675689,17039.348167029304,2105.483935953669,15248.177715958362,-1300.1881911715661,-7821.337635728124,4557.704843137574
-1047.0052979745212,1850.9470672272598,-1133.6991543766505,450.5090329687332,-417.61884133001433,-623.9317016956578,-1507.7373451858016,1197.3729712940656,841.1145007993774,490.1942649267725,-706.2638103885358,649.8513912316603,1801.417531216724,-1813.8815058215414,362.97078805662744,661.8181948703528,-969.0859016411667,-918.6436447606575,-595.0768258570251,-959.5545499343286,1321.9333329129115,973.0065335092814,3.9229279318181693,369.72127502644156,-1453.1893274107251,-179.78741580579603,-1300.1881911715661,111.08162610512294,667.1975696120411,-388.7228110702094
-6298.3249148663945,11134.120609303298,-6818.282586284426,2709.193075118193,-2510.49529111214,-3754.372028979061,-9068.943124244519,7202.618208090331,5059.057312647097,2950.116461821057,-4249.146221766624,3908.9819612198817,10835.3353697566,-10911.03727242228,2183.8054936875424,3979.8752680937077,-5828.200601674454,-5524.782199726982,-3579.8188333110274,-5772.512652728723,7951.100709192548,5851.368071164222,23.79982907511771,2224.9973674043326,-8740.772884101625,-1080.7186684063724,-7821.337635728124,667.1975696120411,4012.6778027647974,-2337.966394481837
3670.1287402930516,-6488.048891233709,3972.783184737798,-1578.7326200030313,1462.2274450821826,2187.836504306258,5284.623460099193,-4196.966916713408,-2948.011573982195,-1719.7661460824336,2476.0915700844116,-2277.595367293538,-6313.9443674089225,6357.978498975401,-1272.853885236971,-2318.7342265493635,3396.035972988227,3218.9033574609375,2086.0094944322373,3363.9613902835645,-4632.944997326089,-3408.915249115254,-14.153149356209674,-1297.0459813008697,5093.163711067278,629.4872779664793,4557.704843137574,-388.7228110702094,-2337.966394481837,1362.379800911642
