V1,V2,V3,V4,V5,V6,V7,V8,V9,V10,V11,V12,V13,V14,V15,V16,V17,V18,V19,V20,V21,V22,V23,V24,V25,V26,V27,V28,V29,V30
3022.298606500291,-5342.709877202082,3270.842422554922,-1300.041152154124,1203.0760701142153,1801.862157866023,4351.7084221348305,-3455.896416895835,-2427.5412312271533,-1417.083251840243,2039.1609389714306,-1875.300287878775,-5199.135040117987,5235.532612697057,-1048.475591517646,-1908.7434295818828,2796.1602427848215,2649.993491270469,1717.775027468681,2770.407461348234,-3814.717716728645,-2806.07139742998,-11.986989304176888,-1068.7830518665892,4193.843177319097,517.9212811965193,3753.231569233051,-319.92802253038184,-1924.8231330157817,1121.7864139797075
-5342.709877202082,9444.715073663758,-5782.197249620014,2298.169153452404,-2126.9701527347156,-3185.2279777564886,-7692.805951455774,6109.232852955529,4291.329497622402,2504.857289735887,-3604.7422045212975,3315.1726727051864,9190.883793431507,-9255.218579496272,1853.398621229114,3374.3682014230835,-4943.072930464559,-4684.727097468644,-3036.6337347310487,-4897.371294094111,6743.611689012849,4960.7340396990985,21.11545517433475,1889.208575641948,-7413.8097067402305,-915.6935390105939,-6634.8565930885115,565.5661807774421,3402.7094525513653,-1983.0833635597476
3270.842422554922,-5782.197249620014,3541.378772300144,-1406.922034799842,1304.5991742396207,1949.5651317408904,4709.727896937986,-3740.646358758934,-2627.3080538497957,-1531.288582552804,2206.5738208065436,-2030.244277106574,-5627.149574814455,5666.425929344471,-1133.796173627465,-2067.3688705454388,3026.97380625195,2869.712317814369,1859.0881819337421,2997.551307118469,-4129.524057891442,-3039.6531523978497,-12.057029724989963,-1154.8969292351874,4539.498393983848,561.5853637145799,4061.708058676143,-346.61514937905184,-2084.2287638023677,1214.202339577345
-1300.041152154124,2298.169153452404,-1406.922034799842,559.21525422903,-517.4504764513046,-775.0804200281153,-1871.8845839133628,1486.5388526186448,1044.2037756426264,609.6057683587943,-877.1517381617317,806.6466485646692,2236.3982370792505,-2252.0575483851576,451.0222801138327,821.0114534799944,-1202.7558305367584,-1139.858082841461,-738.9003612262201,-1191.7052699694086,1640.8773060088029,1206.974478344738,5.176210642709932,459.7743397160535,-1803.96743489663,-222.76333586127734,-1614.4596613842107,137.60729582053625,827.9378024951016,-482.5351405640865
1203.0760701142153,-2126.9701527347156,1304.5991742396207,-517.4504764513046,483.22342463015025,716.466150495296,1732.517247788171,-1376.5896121150226,-966.5458573731097,-560.1913017208511,811.2549519913001,-747.7153298404078,-2070.362127946971,2084.659352408885,-415.85864697769273,-762.5865852005214,1114.5173297822985,1057.873996230652,683.8736009629904,1101.660821050293,-1520.3445819710812,-1121.724936156564,-3.2398463111222138,-422.47253321600607,1670.716508122479,207.97542687014885,1493.7534899852594,-127.97613600404814,-768.0654092384244,446.82244558751205
1801.862157866023,-3185.2279777564886,1949.5651317408904,-775.0804200281153,716.466150495296,1074.3973230617764,2594.3965480517486,-2060.2001273072906,-1447.233129336619,-845.5677863367123,1215.8121293185143,-1117.809780127106,-3099.528943421196,3121.2640602912725,-625.3671966970978,-1137.4613153920377,1666.7732724359382,1579.3459370932678,1024.103714414721,1651.8982913936925,-2273.9566173470125,-1672.0813064483798,-7.428479904299339,-637.7445026433162,2500.087951517067,308.4471709913863,2237.6895046553955,-190.62245692786271,-1147.2167606879646,668.7464682242927
4351.7084221348305,-7692.805951455774,4709.727896937986,-1871.8845839133628,1732.517247788171,2594.3965480517486,6265.8967257378035,-4976.082967130543,-3495.3497151379975,-2040.188876632502,2936.094411097694,-2700.2529948979036,-7486.1074217863315,7538.504381032857,-1509.5800487895697,-2748.494964058421,4026.1841564731258,3815.810008480992,2473.3727267582135,3988.953548541795,-5492.791382064369,-4040.6398214951455,-17.172670276694003,-1538.7359219876234,6038.651151167159,745.8405238687324,5404.139255169854,-460.68931193541005,-2771.5955906287177,1615.2399212370678
-3455.896416895835,6109.232852955529,-3740.646358758934,1486.5388526186448,-1376.5896121150226,-2060.2001273072906,-4976.082967130543,3951.902395525993,2775.8587989049574,1619.5670490533919,-2331.60881025822,2144.5922941173685,5945.194681716769,-5986.7726293470005,1198.5718224412471,2183.1645057781175,-3197.6042729433057,-3030.807311653917,-1964.2323194554504,-3167.6237354752957,4362.388470889091,3209.6368861827364,13.381618347502924,1221.4875560249134,-4795.782150367584,-592.593963237326,-4291.617433849096,365.966869959209,2201.3690153670805,-1282.7769233629513
-2427.5412312271533,4291.329497622402,-2627.3080538497957,1044.2037756426264,-966.5458573731097,-1447.233129336619,-3495.3497151379975,2775.8587989049574,1949.8375606026475,1138.0150694037823,-1637.8507233862335,1506.3228109564627,4176.0377724299815,-4205.262808956328,842.0685170871184,1533.2649076144476,-2245.979023266137,-2128.6562821898005,-1379.738693964957,-2225.1606405663174,3064.1148699205814,2254.1081212318386,9.549188367074727,858.3042194361066,-3368.6038762371327,-416.09182284599484,-3014.6186512849486,257.0020852994864,1546.133784627671,-901.0444092940743
-1417.083251840243,2504.857289735887,-1531.288582552804,609.6057683587943,-560.1913017208511,-845.5677863367123,-2040.188876632502,1619.5670490533919,1138.0150694037823,667.9694612819563,-956.532560863003,878.1715312817308,2437.061995926704,-2454.3007904895067,492.96025616130066,892.4422970329096,-1309.7200772859635,-1239.8016300100994,-805.343956906207,-1300.0131299533177,1786.9725941646898,1311.4226852385411,7.005461599477875,503.8152718009864,-1965.2225466341959,-241.1911305705907,-1760.0420088637673,149.45016751380746,900.8293911814189,-525.724689340304
2039.1609389714306,-3604.7422045212975,2206.5738208065436,-877.1517381617317,811.2549519913001,1215.8121293185143,2936.094411097694,-2331.60881025822,-1637.8507233862335,-956.532560863003,1375.8853148087835,-1265.1475658540937,-3507.802563322245,3532.381337164395,-707.577998986451,-1287.5427592386425,1886.4360414027033,1787.6430946903072,1158.984520092524,1869.3331358395303,-2573.6122057932926,-1892.7658135110019,-8.253781498523704,-721.435535516627,2829.4732507344625,349.2563032421979,2532.3643392506524,-215.78548503046716,-1298.4844825336918,756.8485486204736
-1875.300287878775,3315.1726727051864,-2030.244277106574,806.6466485646692,-747.7153298404078,-1117.809780127106,-2700.2529948979036,2144.5922941173685,1506.3228109564627,878.1715312817308,-1265.1475658540937,1163.9579045903643,3226.2176094318293,-3248.748347262705,650.1480124753731,1185.1500949373603,-1735.417547511189,-1645.1449395007642,-1065.8869800333307,-1718.6814095682478,2367.5057255838738,1742.4819836723727,7.004598582693478,662.3259089082533,-2602.6031011083987,-321.8951271888876,-2328.774942683728,198.67798482828456,1194.8482635142852,-696.1398749903116
-5199.135040117987,9190.883793431507,-5627.149574814455,2236.3982370792505,-2070.362127946971,-3099.528943421196,-7486.1074217863315,5945.194681716769,4176.0377724299815,2437.061995926704,-3507.802563322245,3226.2176094318293,8943.990617708196,-9006.570312965032,1803.3854097747408,3284.0225150123356,-4810.378509726068,-4559.202827303123,-2955.0326423488564,-4765.61573552471,6562.6233994349495,4828.000818501432,20.351376418133555,1838.059911787754,-7214.722582377408,-891.2789765808909,-6456.481660995379,550.4673451215672,3311.519453612192,-1929.8124488335918
5235.532612697057,-9255.218579496272,5666.425929344471,-2252.0575483851576,2084.659352408885,3121.2640602912725,7538.504381032857,-5986.7726293470005,-4205.262808956328,-2454.3007904895067,3532.381337164395,-3248.748347262705,-9006.570312965032,9069.596996928049,-1816.0796401083646,-3306.8864666837453,4843.989898603087,4590.983989244162,2975.7163522458663,4799.030856752921,-6608.482727416186,-4861.585555475798,-20.563976357391198,-1851.0634455496568,7265.172768740731,897.4369612841309,6501.695898527437,-554.2918716155641,-3334.6171555026435,1943.3105779603698
-1048.475591517646,1853.398621229114,-1133.796173627465,451.0222801138327,-415.85864697769273,-625.3671966970978,-1509.5800487895697,1198.5718224412471,842.0685170871184,492.96025616130066,-707.577998986451,650.1480124753731,1803.3854097747408,-1816.0796401083646,364.25942965524376,661.2057477464439,-969.531779878812,-918.2768904208864,-595.8921334403987,-961.491464411317,1322.737769735469,971.8259850010795,4.693043221260997,371.81198053429495,-1454.4578538201092,-179.05500404090583,-1302.157458434182,110.76358709521072,667.0948257340207,-389.07129068623595
-1908.7434295818828,3374.3682014230835,-2067.3688705454388,821.0114534799944,-762.5865852005214,-1137.4613153920377,-2748.494964058421,2183.1645057781175,1533.2649076144476,892.4422970329096,-1287.5427592386425,1185.1500949373603,3284.0225150123356,-3306.8864666837453,661.2057477464439,1207.2766632181426,-1766.8829548358453,-1675.5519470215759,-1084.9254603413235,-1748.9227714381425,2410.379422212914,1775.237896141092,6.583100444328962,673.0777410685065,-2649.474027312555,-328.2805462763624,-2370.2032210973557,202.4435347184801,1216.8184476945037,-708.6517341768852
2796.1602427848215,-4943.072930464559,3026.97380625195,-1202.7558305367584,1114.5173297822985,1666.7732724359382,4026.1841564731258,-3197.6042729433057,-2245.979023266137,-1309.7200772859635,1886.4360414027033,-1735.417547511189,-4810.378509726068,4843.989898603087,-969.531779878812,-1766.8829548358453,2587.47927589389,2452.7387631619285,1589.2821076905238,2562.7318508636,-3529.90753082515,-2597.730604925748,-10.574386109976837,-987.8096070642551,3880.500096439862,479.8152156808135,3472.345918674907,-296.1810326733424,-1781.4150069754448,1037.9586423872222
2649.993491270469,-4684.727097468644,2869.712317814369,-1139.858082841461,1057.873996230652,1579.3459370932678,3815.810008480992,-3030.807311653917,-2128.6562821898005,-1239.8016300100994,1787.6430946903072,-1645.1449395007642,-4559.202827303123,4590.983989244162,-918.2768904208864,-1675.5519470215759,2452.7387631619285,2325.6402656927175,1506.2305368828888,2428.335918537157,-3346.0714423793524,-2463.691363605342,-9.4458066288907,-935.057104067382,3678.120394764571,455.3901249736139,3290.701571476281,-280.94424185615543,-1688.9980095599574,983.7940524537606
1717.775027468681,-3036.6337347310487,1859.0881819337421,-738.9003612262201,683.8736009629904,1024.103714414721,2473.3727267582135,-1964.2323194554504,-1379.738693964957,-805.343956906207,1158.984520092524,-1065.8869800333307,-2955.0326423488564,2975.7163522458663,-595.8921334403987,-1084.9254603413235,1589.2821076905238,1506.2305368828888,976.3299581124346,1574.5862331451015,-2168.1960819950637,-1594.9759705393888,-6.78307915866484,-607.4027636665335,2383.6711970757947,294.41198479895496,2133.2150005665217,-181.84511278741633,-1094.0399679133243,637.5944800548425
2770.407461348234,-4897.371294094111,2997.551307118469,-1191.7052699694086,1101.660821050293,1651.8982913936925,3988.953548541795,-3167.6237354752957,-2225.1606405663174,-1300.0131299533177,1869.3331358395303,-1718.6814095682478,-4765.61573552471,4799.030856752921,-961.491464411317,-1748.9227714381425,2562.7318508636,2428.335918537157,1574.5862331451015,2539.814557098119,-3496.296462149812,-2570.949002889035,-11.395067584804956,-980.4959636796253,3843.969918674446,474.2761560813064,3440.4982338419177,-293.0975764972253,-1763.906552159003,1028.2196411354682
-3814.717716728645,6743.611689012849,-4129.524057891442,1640.8773060088029,-1520.3445819710812,-2273.9566173470125,-5492.791382064369,4362.388470889091,3064.1148699205814,1786.9725941646898,-2573.6122057932926,2367.5057255838738,6562.6233994349495,-6608.482727416186,1322.737769735469,2410.379422212914,-3529.90753082515,-3346.0714423793524,-2168.1960819950637,-3496.296462149812,4815.6799911377575,3543.8025753746456,14.479382049869477,1347.7455202538927,-5293.977293626433,-654.4843691512451,-4737.17525640764,404.0745257138501,2430.282494475245,-1416.0259635878224
-2806.07139742998,4960.7340396990985,-3039.6531523978497,1206.974478344738,-1121.724936156564,-1672.0813064483798,-4040.6398214951455,3209.6368861827364,2254.1081212318386,1311.4226852385411,-1892.7658135110019,1742.4819836723727,4828.000818501432,-4861.585555475798,971.8259850010795,1775.237896141092,-2597.730604925748,-2463.691363605342,-1594.9759705393888,-2570.949002889035,3543.8025753746456,2610.492019382571,9.453946898259545,989.06531646348,-3895.2173333807177,-482.868069824085,-3484.4236102361183,297.70950446933733,1789.137039399364,-1041.8389959033998
-11.986989304176888,21.11545517433475,-12.057029724989963,5.176210642709932,-3.2398463111222138,-7.428479904299339,-17.172670276694003,13.381618347502924,9.549188367074727,7.005461599477875,-8.253781498523704,7.004598582693478,20.351376418133555,-20.563976357391198,4.693043221260997,6.583100444328962,-10.574386109976837,-9.4458066288907,-6.78307915866484,-11.395067584804956,14.479382049869477,9.453946898259545,0.5918346007163312,5.294892616699252,-16.177488517144443,-1.4118577398224466,-14.987318749053715,1.0473120342143563,6.974720132745352,-4.3519989993572405
-1068.7830518665892,1889.208575641948,-1154.8969292351874,459.7743397160535,-422.47253321600607,-637.7445026433162,-1538.7359219876234,1221.4875560249134,858.3042194361066,503.8152718009864,-721.435535516627,662.3259089082533,1838.059911787754,-1851.0634455496568,371.81198053429495,673.0777410685065,-987.8096070642551,-935.057104067382,-607.4027636665335,-980.4959636796253,1347.7455202538927,989.06531646348,5.294892616699252,380.005739273438,-1482.1929538018712,-181.90705341736816,-1327.459960069957,112.70735821724466,679.4002768840704,-396.51036499819975
4193.843177319097,-7413.8097067402305,4539.498393983848,-1803.96743489663,1670.716508122479,2500.087951517067,6038.651151167159,-4795.782150367584,-3368.6038762371327,-1965.2225466341959,2829.4732507344625,-2602.6031011083987,-7214.722582377408,7265.172768740731,-1454.4578538201092,-2649.474027312555,3880.500096439862,3678.120394764571,2383.6711970757947,3843.969918674446,-5293.977293626433,-3895.2173333807177,-16.177488517144443,-1482.1929538018712,5819.910068439472,719.2401457240835,5208.043192847295,-444.1201746524244,-2671.4970072328824,1556.7172750992163
517.9212811965193,-915.6935390105939,561.5853637145799,-222.76333586127734,207.97542687014885,308.4471709913863,745.8405238687324,-592.593963237326,-416.09182284599484,-241.1911305705907,349.2563032421979,-321.8951271888876,-891.2789765808909,897.4369612841309,-179.05500404090583,-328.2805462763624,479.8152156808135,455.3901249736139,294.41198479895496,474.2761560813064,-654.4843691512451,-482.868069824085,-1.4118577398224466,-181.90705341736816,719.2401457240835,89.54739591709438,643.0938747927088,-55.06908296215839,-330.6169247854074,192.3635572506012
3753.231569233051,-6634.8565930885115,4061.708058676143,-1614.4596613842107,1493.7534899852594,2237.6895046553955,5404.139255169854,-4291.617433849096,-3014.6186512849486,-1760.0420088637673,2532.3643392506524,-2328.774942683728,-6456.481660995379,6501.695898527437,-1302.157458434182,-2370.2032210973557,3472.345918674907,3290.701571476281,2133.2150005665217,3440.4982338419177,-4737.17525640764,-3484.4236102361183,-14.987318749053715,-1327.459960069957,5208.043192847295,643.0938747927088,4660.991924485033,-397.24307082691377,-2390.201138607194,1393.0813379603596
-319.92802253038184,565.5661807774421,-346.61514937905184,137.60729582053625,-127.97613600404814,-190.62245692786271,-460.68931193541005,365.966869959209,257.0020852994864,149.45016751380746,-215.78548503046716,198.67798482828456,550.4673451215672,-554.2918716155641,110.76358709521072,202.4435347184801,-296.1810326733424,-280.94424185615543,-181.84511278741633,-293.0975764972253,404.0745257138501,297.70950446933733,1.0473120342143563,112.70735821724466,-444.1201746524244,-55.06908296215839,-397.24307082691377,33.965182655309036,204.02829880175943,-118.78128263503446
-1924.8231330157817,3402.7094525513653,-2084.2287638023677,827.9378024951016,-768.0654092384244,-1147.2167606879646,-2771.5955906287177,2201.3690153670805,1546.133784627671,900.8293911814189,-1298.4844825336918,1194.8482635142852,3311.519453612192,-3334.6171555026435,667.0948257340207,1216.8184476945037,-1781.4150069754448,-1688.9980095599574,-1094.0399679133243,-1763.906552159003,2430.282494475245,1789.137039399364,6.974720132745352,679.4002768840704,-2671.4970072328824,-330.6169247854074,-2390.201138607194,204.02829880175943,1226.6732197913896,-714.5508384431479
1121.7864139797075,-1983.0833635597476,1214.202339577345,-482.5351405640865,446.82244558751205,668.7464682242927,1615.2399212370678,-1282.7769233629513,-901.0444092940743,-525.724689340304,756.8485486204736,-696.1398749903116,-1929.8124488335918,1943.3105779603698,-389.07129068623595,-708.6517341768852,1037.9586423872222,983.7940524537606,637.5944800548425,1028.2196411354682,-1416.0259635878224,-1041.8389959033998,-4.3519989993572405,-396.51036499819975,1556.7172750992163,192.3635572506012,1393.0813379603596,-118.78128263503446,-714.5508384431479,416.3960264545581
