V1,V2,V3,V4,V5,V6,V7,V8,V9,V10,V11,V12,V13,V14,V15,V16,V17,V18,V19,V20,V21,V22,V23,V24,V25,V26,V27,V28,V29,V30
1.5793798794345428,5.310448723949312,10.429775785699334,20.90273894471989,4.664242225143141,-19.106503548344175,-0.811030662287343,-1.6580996710797637,-4.80212153623022,-1.0017489554478423,-9.09321203657804,-12.111616968270965,-9.888043130223279,21.070589317545068,4.286765066076731,6.9009736727501965,13.136723864014765,-8.347011407551383,-17.477658855182966,13.12929827973452,0.4310301646042073,-10.924742473704566,-7.449902357316444,0.28679614760872313,1.446981058904214,19.13044553972219,10.463194413055788,1.237843435168446,0.9820751789331291,8.680544477407661
5.310448723949312,17.943939127836654,35.308812792552025,70.82222130938219,15.720356939518108,-64.69691477423376,-2.715604617749498,-5.776406203316274,-16.228002628215943,-3.395000370922467,-30.8577629795137,-40.91566625001015,-33.472287111123705,71.33646980567336,14.303514313439035,23.35439632885071,44.497353468480384,-28.24788567317207,-59.15400847827445,44.47832352814905,1.4533516349621372,-36.92845083151434,-25.138185507494214,0.9904208445181698,4.834800053168845,64.71962674955877,35.44488354980121,4.2367652816163694,3.3884835574161163,29.494409539518045
10.429775785699334,35.308812792552025,73.09431718138593,147.6091401596111,33.28469378956765,-135.0022226882085,-5.137016736553728,-13.29174706804644,-33.697991979372404,-7.287493820866133,-64.7718942903028,-85.15437488049822,-70.86864932594113,148.4618925327979,27.002836226469647,48.46925809132491,92.86875853435987,-58.66672150875714,-122.77014667960471,93.85063688840157,3.7494323653041612,-77.70126280665774,-52.2491464864938,0.3209868694420097,8.363402793468948,133.65054390346418,73.9983932285698,9.98756118541699,5.995275128246669,61.60984776582166
20.90273894471989,70.82222130938219,147.6091401596111,298.36694577345884,67.36496070154791,-272.9030423470163,-10.233716236768272,-27.26173037382808,-68.0603181327779,-14.786470438524486,-131.0698903702619,-172.02810342011358,-143.50650000030853,300.00575556777443,53.759776543446215,97.9077941049635,187.7450676548076,-118.51474537643173,-247.99219803586345,189.98670218662247,7.752989984905251,-157.19398791986512,-105.5221333834155,0.22492213518943346,16.439192949802443,269.78626626773934,149.59969986877934,20.50086863881746,11.885716997696615,124.61140712157311
4.664242225143141,15.720356939518108,33.28469378956765,67.36496070154791,15.691652574016945,-61.818550679266984,-2.3980884202275434,-5.902038833248088,-15.534783398077908,-3.2738372716717854,-29.32409671700919,-39.422024254313165,-32.9075642234037,67.97187620096366,12.489242377279355,22.112339659307985,42.41332849023164,-26.8775689794529,-56.285313489594955,43.19415010299884,2.0281617628047592,-36.18437224898091,-24.223848285776818,-0.5126185399047095,3.6684291994496037,61.192937626779774,33.97757411205876,4.692816042453287,2.113857650280889,27.889497705398803
-19.106503548344175,-64.69691477423376,-135.0022226882085,-272.9030423470163,-61.818550679266984,249.69905390788597,9.408699574143245,24.800896194294786,62.32851400529655,13.491376196887261,119.75682965594426,157.60571546190988,131.46294191982332,-274.510016468818,-49.377827304439315,-89.5592779898775,-171.7307158137682,108.45676455979198,226.96551936180992,-173.88260606813398,-7.200340270303819,144.0708855266404,96.6963893583497,0.01121281197430163,-15.048201461591823,-246.90837268522768,-136.91891272669284,-18.758898998610825,-10.640365645386336,-113.86515002892463
-0.811030662287343,-2.715604617749498,-5.137016736553728,-10.233716236768272,-2.3980884202275434,9.408699574143245,0.4880122172766944,0.6134772728124822,2.4238507661419693,0.4334885699046051,4.2963015247039085,6.15334223820816,4.919347682159251,-10.423216418213846,-2.5065464614681305,-3.3968328644669548,-6.422461211530006,4.15141005615873,8.720806065015836,-6.414133430710931,-0.24220512608601671,5.529829245504523,3.8030521297071016,-0.1118339823122305,-0.8710701685388629,-9.6031618299717,-5.194836351900692,-0.511873374765089,-0.3875662819185769,-4.157329038135854
-1.6580996710797637,-5.776406203316274,-13.29174706804644,-27.26173037382808,-5.902038833248088,24.800896194294786,0.6134772728124822,3.356104787943428,5.990461933633564,1.4962697171217398,12.438643247752326,15.07974273144293,13.126662068434195,-27.07347376641539,-3.25198007201986,-8.834735376323824,-17.179888870309213,10.613849193180462,22.13453964521254,-17.583857632818933,-0.7695201110823906,14.016731339519641,9.167622652367589,0.22455220683714325,-0.7590711215448441,-23.809358581344377,-13.543920690691204,-2.3439502852564456,-1.1680234775175329,-11.713067995258813
-4.80212153623022,-16.228002628215943,-33.697991979372404,-68.0603181327779,-15.534783398077908,62.32851400529655,2.4238507661419693,5.990461933633564,15.61340615101121,3.321251153985598,29.73208108636229,39.51647693992106,32.86303136015163,-68.56097266267314,-12.683353281244814,-22.356140823292588,-42.825169987360056,27.107829063111296,56.74994100548059,-43.364380257688104,-1.8272452445780825,36.10358131200705,24.265740695293974,0.04179291947291921,-3.890400076325697,-61.785121384312255,-34.20637319808069,-4.598131730387967,-2.554541826182166,-28.30145707161751
-1.0017489554478423,-3.395000370922467,-7.287493820866133,-14.786470438524486,-3.2738372716717854,13.491376196887261,0.4334885699046051,1.4962697171217398,3.321251153985598,0.7828159627098418,6.614959598111867,8.369493814012468,7.072526905921057,-14.792027725611945,-2.342286350455061,-4.837114878938023,-9.314684653852948,5.824968678715376,12.169462661371753,-9.448967283050635,-0.3745879400353984,7.676313814115059,5.119376078954339,-0.0023956871301240787,-0.6733784680700624,-13.182656959470753,-7.359951422053465,-1.0984488803894545,-0.6301762705993418,-6.2367392978544025
-9.09321203657804,-30.8577629795137,-64.7718942903028,-131.0698903702619,-29.32409671700919,119.75682965594426,4.2963015247039085,12.438643247752326,29.73208108636229,6.614959598111867,57.921052615585396,75.06094529388406,62.86295599251393,-131.5451005142202,-22.695659149912743,-42.96459505557336,-82.49107871233208,51.91570660249459,108.57278248504284,-83.48118713128652,-3.3350541488601912,68.64061017188688,45.997571067755935,-0.17092537055067897,-6.8624488169566575,-117.98747026552743,-65.56168475473667,-9.215271614299397,-5.442483000152195,-54.959334734172984
-12.111616968270965,-40.91566625001015,-85.15437488049822,-172.02810342011358,-39.422024254313165,157.60571546190988,6.15334223820816,15.07974273144293,39.51647693992106,8.369493814012468,75.06094529388406,100.07024433047158,83.24107481856709,-173.3699130318571,-32.14803585762495,-56.50488383631658,-108.25013874679702,68.55570883598989,143.53626016017247,-109.71005161761609,-4.715219877436628,91.48860715274161,61.4605063918793,0.30207167946249536,-9.808906982693662,-156.2538037926665,-86.53336049823335,-11.651715554067216,-6.265980412432508,-71.46336030282896
-9.888043130223279,-33.472287111123705,-70.86864932594113,-143.50650000030853,-32.9075642234037,131.46294191982332,4.919347682159251,13.126662068434195,32.86303136015163,7.072526905921057,62.86295599251393,83.24107481856709,69.67199619344404,-144.4683609047904,-25.688630271560942,-47.05664597125529,-90.33660719909061,57.07525552679877,119.45789539834583,-91.8303205969303,-4.101867206057079,76.35583025181461,51.082542448552495,0.691097298006171,-7.58434027866541,-129.8141482817863,-72.17134223340399,-10.11390663345192,-5.0360541416138505,-59.753409237365574
21.070589317545068,71.33646980567336,148.4618925327979,300.00575556777443,67.97187620096366,-274.510016468818,-10.423216418213846,-27.07347376641539,-68.56097266267314,-14.792027725611945,-131.5451005142202,-173.3699130318571,-144.4683609047904,301.84057861850096,54.685802104497824,98.47749394999056,188.77158604234597,-119.27389171650944,-249.62440019982427,191.05965967817554,7.874205625068718,-158.40570402985114,-106.37963693275151,0.10897897357285086,16.748720112183676,271.63206694536706,150.53926342491746,20.488626778589246,11.733457299781259,125.12101051934421
4.286765066076731,14.303514313439035,27.002836226469647,53.759776543446215,12.489242377279355,-49.377827304439315,-2.5065464614681305,-3.25198007201986,-12.683353281244814,-2.342286350455061,-22.695659149912743,-32.14803585762495,-25.688630271560942,54.685802104497824,13.028135445819979,17.854067060025308,33.74905293647033,-21.767272152047262,-45.70450704395156,33.64955191357609,1.19238340803396,-28.843018685344415,-19.864080200662443,0.7267276997063767,4.542686178408534,50.30927244700959,27.192761154642028,2.689332147984287,2.1655199281512165,21.881984218953672
6.9009736727501965,23.35439632885071,48.46925809132491,97.9077941049635,22.112339659307985,-89.5592779898775,-3.3968328644669548,-8.834735376323824,-22.356140823292588,-4.837114878938023,-42.96459505557336,-56.50488383631658,-47.05664597125529,98.47749394999056,17.854067060025308,32.14610303445662,61.60452524007428,-38.91310334100727,-81.42928850694408,62.292298335729264,2.516283529278681,-51.58712332618839,-34.672824074369636,0.14354047540456172,5.500514402977786,88.6282549388623,49.09294074959791,6.657893090054097,3.9250011659790736,40.85577932461618
13.136723864014765,44.497353468480384,92.86875853435987,187.7450676548076,42.41332849023164,-171.7307158137682,-6.422461211530006,-17.179888870309213,-42.825169987360056,-9.314684653852948,-82.49107871233208,-108.25013874679702,-90.33660719909061,188.77158604234597,33.74905293647033,61.60452524007428,118.14424346127213,-74.56926445367324,-156.03064924395466,119.58702259235834,4.90148297681776,-98.94067411982901,-66.40262287897043,0.08321451993139282,10.290098363330662,169.7224314129306,94.13474730972162,12.93616992152269,7.43934235307387,78.40669670482298
-8.347011407551383,-28.24788567317207,-58.66672150875714,-118.51474537643173,-26.8775689794529,108.45676455979198,4.15141005615873,10.613849193180462,27.107829063111296,5.824968678715376,51.91570660249459,68.55570883598989,57.07525552679877,-119.27389171650944,-21.767272152047262,-38.91310334100727,-74.56926445367324,47.14052133525726,98.66577236192279,-75.4538373618672,-3.106708379260373,62.61679875158601,42.074480920272336,-0.06308441680485197,-6.690301732652899,-107.39316379204769,-59.486391548949,-8.048503696286438,-4.625641738061102,-49.39657237087714
-17.477658855182966,-59.15400847827445,-122.77014667960471,-247.99219803586345,-56.285313489594955,226.96551936180992,8.720806065015836,22.13453964521254,56.74994100548059,12.169462661371753,108.57278248504284,143.53626016017247,119.45789539834583,-249.62440019982427,-45.70450704395156,-81.42928850694408,-156.03064924395466,98.66577236192279,206.5274494653632,-157.886077649893,-6.514747667339196,131.09504875468588,88.0923417892547,-0.1218151455912293,-14.062636135836735,-224.81067618779562,-124.50310431693026,-16.802894726451502,-9.639560126303767,-103.33091233701575
13.12929827973452,44.47832352814905,93.85063688840157,189.98670218662247,43.19415010299884,-173.88260606813398,-6.414133430710931,-17.583857632818933,-43.364380257688104,-9.448967283050635,-83.48118713128652,-109.71005161761609,-91.8303205969303,191.05965967817554,33.64955191357609,62.292298335729264,119.58702259235834,-75.4538373618672,-157.886077649893,121.37085489823572,5.215129896759923,-100.5194955481083,-67.28948783533468,-0.4900351513986852,10.02257694524901,171.5730539915256,95.3583554518314,13.365195229652665,7.098859618770263,79.29768408410803
0.4310301646042073,1.4533516349621372,3.7494323653041612,7.752989984905251,2.0281617628047592,-7.200340270303819,-0.24220512608601671,-0.7695201110823906,-1.8272452445780825,-0.3745879400353984,-3.3350541488601912,-4.715219877436628,-4.101867206057079,7.874205625068718,1.19238340803396,2.516283529278681,4.90148297681776,-3.106708379260373,-6.514747667339196,5.215129896759923,0.421301092289749,-4.493080856060539,-2.897813561222568,-0.47073448716714944,0.19205925301650761,6.984400441761236,4.001727778289952,0.7086581432920925,-0.08113613439708064,3.1538729308872044
-10.924742473704566,-36.92845083151434,-77.70126280665774,-157.19398791986512,-36.18437224898091,144.0708855266404,5.529829245504523,14.016731339519641,36.10358131200705,7.676313814115059,68.64061017188688,91.48860715274161,76.35583025181461,-158.40570402985114,-28.843018685344415,-51.58712332618839,-98.94067411982901,62.61679875158601,131.09504875468588,-100.5194955481083,-4.493080856060539,83.83947275155501,56.17642488565658,0.7032399613997011,-8.610691991857891,-142.56742013508082,-79.12965406627622,-10.890464573892414,-5.4380593005394715,-65.30654163687663
-7.449902357316444,-25.138185507494214,-52.2491464864938,-105.5221333834155,-24.223848285776818,96.6963893583497,3.8030521297071016,9.167622652367589,24.265740695293974,5.119376078954339,45.997571067755935,61.4605063918793,51.082542448552495,-106.37963693275151,-19.864080200662443,-34.672824074369636,-66.40262287897043,42.074480920272336,88.0923417892547,-67.28948783533468,-2.897813561222568,56.17642488565658,37.762342513961464,0.19217683174220665,-6.070836808213842,-95.92254763407236,-53.096215813493465,-7.115892639098863,-3.814249608371482,-43.79428091064478
0.28679614760872313,0.9904208445181698,0.3209868694420097,0.22492213518943346,-0.5126185399047095,0.01121281197430163,-0.1118339823122305,0.22455220683714325,0.04179291947291921,-0.0023956871301240787,-0.17092537055067897,0.30207167946249536,0.691097298006171,0.10897897357285086,0.7267276997063767,0.14354047540456172,0.08321451993139282,-0.06308441680485197,-0.1218151455912293,-0.4900351513986852,-0.47073448716714944,0.7032399613997011,0.19217683174220665,1.0601077558931804,0.6336239541014925,0.3929964833308871,-0.10524901645404235,-0.4351519246672193,0.835120516604906,0.23597725790391771
1.446981058904214,4.834800053168845,8.363402793468948,16.439192949802443,3.6684291994496037,-15.048201461591823,-0.8710701685388629,-0.7590711215448441,-3.890400076325697,-0.6733784680700624,-6.8624488169566575,-9.808906982693662,-7.58434027866541,16.748720112183676,4.542686178408534,5.500514402977786,10.290098363330662,-6.690301732652899,-14.062636135836735,10.02257694524901,0.19205925301650761,-8.610691991857891,-6.070836808213842,0.6336239541014925,1.7536468401857639,15.6241395386814,8.276815164388902,0.5743927627942391,0.9341159051653979,6.686357677375206
19.13044553972219,64.71962674955877,133.65054390346418,269.78626626773934,61.192937626779774,-246.90837268522768,-9.6031618299717,-23.809358581344377,-61.785121384312255,-13.182656959470753,-117.98747026552743,-156.2538037926665,-129.8141482817863,271.63206694536706,50.30927244700959,88.6282549388623,169.7224314129306,-107.39316379204769,-224.81067618779562,171.5730539915256,6.984400441761236,-142.56742013508082,-95.92254763407236,0.3929964833308871,15.6241395386814,244.8479575270309,135.4505359410056,18.067239830062643,10.623011087294065,112.35050434241192
10.463194413055788,35.44488354980121,73.9983932285698,149.59969986877934,33.97757411205876,-136.91891272669284,-5.194836351900692,-13.543920690691204,-34.20637319808069,-7.359951422053465,-65.56168475473667,-86.53336049823335,-72.17134223340399,150.53926342491746,27.192761154642028,49.09294074959791,94.13474730972162,-59.486391548949,-124.50310431693026,95.3583554518314,4.001727778289952,-79.12965406627622,-53.096215813493465,-0.10524901645404235,8.276815164388902,135.4505359410056,75.11823996720545,10.276719269128142,5.728471163539473,62.37588761236487
1.237843435168446,4.2367652816163694,9.98756118541699,20.50086863881746,4.692816042453287,-18.758898998610825,-0.511873374765089,-2.3439502852564456,-4.598131730387967,-1.0984488803894545,-9.215271614299397,-11.651715554067216,-10.11390663345192,20.488626778589246,2.689332147984287,6.657893090054097,12.93616992152269,-8.048503696286438,-16.802894726451502,13.365195229652665,0.7086581432920925,-10.890464573892414,-7.115892639098863,-0.4351519246672193,0.5743927627942391,18.067239830062643,10.276719269128142,1.7764686780158097,0.5917817916746748,8.662113783312536
0.9820751789331291,3.3884835574161163,5.995275128246669,11.885716997696615,2.113857650280889,-10.640365645386336,-0.3875662819185769,-1.1680234775175329,-2.554541826182166,-0.6301762705993418,-5.442483000152195,-6.265980412432508,-5.0360541416138505,11.733457299781259,2.1655199281512165,3.9250011659790736,7.43934235307387,-4.625641738061102,-9.639560126303767,7.098859618770263,-0.08113613439708064,-5.4380593005394715,-3.814249608371482,0.835120516604906,0.9341159051653979,10.623011087294065,5.728471163539473,0.5917817916746748,1.2130561184847783,5.193628154228502
8.680544477407661,29.494409539518045,61.60984776582166,124.61140712157311,27.889497705398803,-113.86515002892463,-4.157329038135854,-11.713067995258813,-28.30145707161751,-6.2367392978544025,-54.959334734172984,-71.46336030282896,-59.753409237365574,125.12101051934421,21.881984218953672,40.85577932461618,78.40669670482298,-49.39657237087714,-103.33091233701575,79.29768408410803,3.1538729308872044,-65.30654163687663,-43.79428091064478,0.23597725790391771,6.686357677375206,112.35050434241192,62.37588761236487,8.662113783312536,5.193628154228502,52.22589062668943
