V1,V2,V3,V4,V5,V6,V7,V8,V9,V10,V11,V12,V13,V14,V15,V16,V17,V18,V19,V20,V21,V22,V23,V24,V25,V26,V27,V28,V29,V30
0.7384440123551141,0.16863525305359833,0.17716509745138118,0.89521499221512435,-0.5445287961995376,-1.868154805927248,-0.08020945971146382,0.238113688349235,0.04986031194375925,0.7634375312324034,0.19530418937469282,-1.5113993148096327,-0.4978689462967337,-0.6264737436381006,1.0931096213793006,1.0367031789844545,0.7204224891553513,0.33433093082542226,0.283735256373336,0.696244891929406,1.3569026994061213,0.32270082108563963,0.03390160448560711,-0.7809447918198948,0.5351512319311046,-0.10363116594857946,-0.24986451247621208,1.5122902143482704,1.4062208493796426,-0.5232485548663159
0.16863525305359833,0.3115578273815839,0.9239967833109117,0.11619853962936241,0.233122733014764,-0.5357331567960557,0.34067831760117745,0.4024406732641948,-0.00741726472709463,-0.12070359027232325,-0.39298725626854897,-0.015358692115151912,-0.19886645003293343,0.07949953518264945,0.05785750039293281,0.2876994005825056,-0.13065415925211804,-1.1465941187516748,-0.4583585373759637,-0.4677505642431053,0.09850702589494263,-0.07774730407123141,1.2547303945821902,-0.30837416708857096,0.3621265252813661,0.13984341008366946,0.3553638924790684,0.737000414302228,-0.11451661414828908,0.5138509924521604
0.17716509745138118,0.9239967833109117,2.9723647209669455,-0.07150103757572278,1.0607376705235194,-0.8166547033087811,1.1608035337201044,1.2074069318257927,-0.04610556561583423,-0.8226726060658386,-1.417871320179674,0.7179292166501239,-0.39126541775238693,0.5644542684640845,-0.3428758905308905,0.43330761404483265,-0.7830053813157039,-3.931992857917525,-1.6227551564541185,-1.9370679210488246,-0.3409805500768748,-0.43919184171312087,4.116112960743697,-0.5997571703407979,0.9236277782520593,0.502086189765081,1.2881923984458765,1.6832548964802017,-1.0637404357797162,1.9840735341114324
0.89521499221512435,0.11619853962936241,-0.07150103757572278,1.1243050594092225,-0.7588628012418253,-2.245222321767507,-0.19947093399471863,0.18766007758770079,0.08741971943185829,1.031596668856913,0.3745617534069849,-1.977930212377699,-0.5862201044156153,-0.8468933126645474,1.3761785952544816,1.2581026465043545,0.9919944128633374,0.7912491566145473,0.49978876002858474,1.0912424871743858,1.7339777286768543,0.4722295268498459,-0.35545608153007324,-0.9032677260190125,0.5811491508106942,-0.17682644314954896,-0.43243586270066064,1.732651548018921,1.8607608511887759,-0.8449664709395365
-0.5445287961995376,0.233122733014764,1.0607376705235194,-0.7588628012418253,0.9145081827736488,1.2012786057869411,0.5609687546724009,0.31099274465692733,-0.025853061132839132,-0.9575814666744411,-0.7474968466843318,1.4892107451504624,0.2408982036150659,0.7252845457994793,-1.0672484113412062,-0.6587633659451468,-0.8800826661211187,-1.8905722148973572,-0.9147536901346649,-1.2995457979820118,-1.2346876916807858,-0.3972727992235604,1.6549606960007273,0.41223750350735305,-0.054756632888544064,0.29209119325479294,0.737215998213549,-0.5332838356146972,-1.578106289958617,1.2357729942176552
-1.868154805927248,-0.5357331567960557,-0.8166547033087811,-2.245222321767507,1.2012786057869411,4.7970972821610705,0.03434966177785717,-0.7644163580230915,-0.15084860570166198,-1.8177834706516038,-0.3023943860659752,3.747771324694102,1.3080704149336122,1.520630339832283,-2.675791051886992,-2.6745185036207055,-1.739560112710212,-0.330299177275707,-0.48921055016422366,-1.5606690721003993,-3.3836413540920356,-0.7981483846110596,-0.6107743608018169,2.023494215822812,-1.4691184718674661,0.1948454694044385,0.4584704694919719,-4.033849536808587,-3.4084377557710273,1.0656203633931425
-0.08020945971146382,0.34067831760117745,1.1608035337201044,-0.19947093399471863,0.5609687546724009,0.03434966177785717,0.5040848341282869,0.45359695692522517,-0.0015795056019778117,-0.4705535888479179,-0.6146950344230196,0.549430396421256,-0.07042514672415644,0.33856314164520374,-0.381253387785263,-0.01658664123874068,-0.4356090124264153,-1.671578317152328,-0.7357191846307317,-0.8610820634918452,-0.39298873900374015,-0.1987395927705348,1.6643198747855301,-0.08191569828572695,0.27567347560636757,0.22784082078950296,0.5781044580277015,0.3996088938398364,-0.7029296550771679,0.8980942755440856
0.238113688349235,0.4024406732641948,1.2074069318257927,0.18766007758770079,0.31099274465692733,-0.7644163580230915,0.45359695692522517,0.5416942194471824,0.016409516895434073,-0.1358666298205935,-0.5159600414884435,-0.10590292547252209,-0.279156992391696,0.06249797620766276,0.10116906753234725,0.4259840685637846,-0.11826781439196066,-1.4807335564162432,-0.589473827864988,-0.5512516480687095,0.19731154815221627,-0.06248282007184267,1.633240368567183,-0.41302196882540554,0.496088323049482,0.17610362390214337,0.4541226298626349,1.0343851433617408,-0.08190284220813318,0.6530776210297916
0.04986031194375925,-0.00741726472709463,-0.04610556561583423,0.08741971943185829,-0.025853061132839132,-0.15084860570166198,-0.0015795056019778117,0.016409516895434073,0.04644238995801122,0.09015596520348884,0.03318086927117013,-0.20179454714787978,-0.047806668824783634,-0.088818145900193185,0.06609169498349705,0.10306525085776824,0.11521297322833945,0.08502141971764364,0.028928837506177595,0.17448512401455235,0.14843895383790884,0.09451361424849737,-0.06640113306411508,-0.04038055620385574,0.04050061221528177,-0.015106955591415087,-0.03697356208646585,0.12985519289922745,0.15577295695698737,-0.08717573717584197
0.7634375312324034,-0.12070359027232325,-0.8226726060658386,1.031596668856913,-0.9575814666744411,-1.8177834706516038,-0.4705535888479179,-0.1358666298205935,0.09015596520348884,1.1548374074296017,0.7059175864860981,-1.9663357037187787,-0.43525116068097675,-0.8993437294265041,1.3157325012047716,1.0199523983100387,1.0868054045567674,1.697198000784404,0.8443635277979634,1.4944099047378578,1.6389114816914099,0.5472728110826727,-1.3580211315065331,-0.6714112229917377,0.29019537290389813,-0.28070251484153086,-0.7099996570322764,1.127589760048754,1.9332254227168735,-1.2739105702173281
0.19530418937469282,-0.39298725626854897,-1.417871320179674,0.3745617534069849,-0.7474968466843318,-0.3023943860659752,-0.6146950344230196,-0.5159600414884435,0.03318086927117013,0.7059175864860981,0.7881141997672659,-0.9221570307408428,0.006203266879487715,-0.5125228933543097,0.5900865799718468,0.1718958015726225,0.6549394667441006,2.090007394173531,0.9172668138612651,1.2236628580632254,0.6774107414308461,0.3338294782715931,-2.042472620246102,-0.004517703513206975,-0.2599413524300567,-0.2886142963284612,-0.7379287042416953,-0.27463331797792684,1.0581728380022115,-1.19272617751476
-1.5113993148096327,-0.015358692115151912,0.7179292166501239,-1.977930212377699,1.4892107451504624,3.747771324694102,0.549430396421256,-0.10590292547252209,-0.20179454714787978,-1.9663357037187787,-0.9221570307408428,3.6386382101121093,0.9544575478567021,1.6076769084659317,-2.425955095643092,-2.123223096481045,-1.9172845476315625,-2.1352497919937727,-1.1632129511658056,-2.358854192474809,-3.1066056908662256,-0.9663010503942782,1.4238615250306896,1.437202492184176,-0.8394642956677535,0.40317019529187703,0.9976539876367322,-2.710142758318797,-3.459470426314988,1.8669928944741112
-0.4978689462967337,-0.19886645003293343,-0.39126541775238693,-0.5862201044156153,0.2408982036150659,1.3080704149336122,-0.07042514672415644,-0.279156992391696,-0.047806668824783634,-0.43525116068097675,0.006203266879487715,0.9544575478567021,0.37224998890708455,0.36768942794741566,-0.6659043957800337,-0.731151148691885,-0.416126844539949,0.16263954393037922,-0.015234982478282255,-0.3202989464320126,-0.8681334880708608,-0.20247432965007792,-0.41487571390309114,0.5660414253186848,-0.44440163373830954,0.017180783355254883,0.036772680189126966,-1.1644522572610716,-0.8265304100808533,0.16356531401065005
-0.6264737436381006,0.07949953518264945,0.5644542684640845,-0.8468933126645474,0.7252845457994793,1.520630339832283,0.33856314164520374,0.06249797620766276,-0.088818145900193185,-0.8993437294265041,-0.5125228933543097,1.6076769084659317,0.36768942794741566,0.7363445255618287,-1.0688524378485755,-0.8660984977009042,-0.8861309619097064,-1.261681446077187,-0.647719228616444,-1.1606120921463474,-1.3556817222362272,-0.4422664082486978,0.9714425401933554,0.5536167540598576,-0.27487271574648514,0.21895439219714158,0.5413340181566584,-1.0069416200328383,-1.5714210294021038,0.9634126926876834
1.0931096213793006,0.05785750039293281,-0.3428758905308905,1.3761785952544816,-1.0672484113412062,-2.675791051886992,-0.381253387785263,0.10116906753234725,0.06609169498349705,1.3157325012047716,0.5900865799718468,-2.425955095643092,-0.6659043957800337,-1.0688524378485755,1.767280963741352,1.484630284395992,1.2496835850013455,1.3520117722781897,0.8014852985741586,1.409199590668689,2.1393670140206638,0.5455464285960209,-0.8171634125191517,-1.0644610721070293,0.6173791651272771,-0.27038093136942754,-0.6605892586748482,1.9479241372566407,2.373699108405847,-1.2008176131186203
1.0367031789844545,0.2876994005825056,0.43330761404483265,1.2581026465043545,-0.6587633659451468,-2.6745185036207055,-0.01658664123874068,0.4259840685637846,0.10306525085776824,1.0199523983100387,0.1718958015726225,-2.123223096481045,-0.731151148691885,-0.8660984977009042,1.484630284395992,1.501184856337375,0.9958724607290708,0.20902248276089264,0.2786499018263885,0.9143482336566588,1.9060911306395325,0.47179567534593203,0.31288322450415557,-1.115673183623098,0.8186383237710886,-0.11279503061967504,-0.2633718108822576,2.2561896051453565,1.9214783642493984,-0.6087575922709357
0.7204224891553513,-0.13065415925211804,-0.7830053813157039,0.9919944128633374,-0.8800826661211187,-1.739560112710212,-0.4356090124264153,-0.11826781439196066,0.11521297322833945,1.0868054045567674,0.6549394667441006,-1.9172845476315625,-0.416126844539949,-0.8861309619097064,1.2496835850013455,0.9958724607290708,1.073322432817481,1.6269845830874285,0.8130960633718806,1.454479265357248,1.5982678498940008,0.5491412758671648,-1.2997914200099885,-0.6179932465713169,0.2849140641433236,-0.2742464014768882,-0.6811229467857375,1.1099069132175379,1.8766214026620742,-1.2075035248422552
0.33433093082542226,-1.1465941187516748,-3.931992857917525,0.7912491566145473,-1.8905722148973572,-0.330299177275707,-1.671578317152328,-1.4807335564162432,0.08502141971764364,1.697198000784404,2.090007394173531,-2.1352497919937727,0.16263954393037922,-1.261681446077187,1.3520117722781897,0.20902248276089264,1.6269845830874285,5.6806203677460525,2.4824366571121708,3.1402219809021505,1.5279303598090705,0.8151722227733524,-5.6330367127785665,0.22089339346275913,-0.8564074065639822,-0.7791188931577245,-1.97452293098108,-1.1354106802650323,2.5668817822809307,-3.115264251649254
0.283735256373336,-0.4583585373759637,-1.6227551564541185,0.49978876002858474,-0.9147536901346649,-0.48921055016422366,-0.7357191846307317,-0.589473827864988,0.028928837506177595,0.8443635277979634,0.9172668138612651,-1.1632129511658056,-0.015234982478282255,-0.647719228616444,0.8014852985741586,0.2786499018263885,0.8130960633718806,2.4824366571121708,1.1280772120379117,1.4110284670628284,0.9005549444369413,0.373364083290699,-2.383160844723619,-0.052624632124717845,-0.2662471514440797,-0.355205158751865,-0.8907265843635771,-0.2010623173326625,1.3559913690714105,-1.4061189162271603
0.696244891929406,-0.4677505642431053,-1.9370679210488246,1.0912424871743858,-1.2995457979820118,-1.5606690721003993,-0.8610820634918452,-0.5512516480687095,0.17448512401455235,1.4944099047378578,1.2236628580632254,-2.358854192474809,-0.3202989464320126,-1.1606120921463474,1.409199590668689,0.9143482336566588,1.454479265357248,3.1402219809021505,1.4110284670628284,2.359554444478113,1.832936776600769,0.8130709933141496,-2.878594421592908,-0.44039972312918757,-0.024212110846810474,-0.46395209801410736,-1.1805812909135942,0.5801331732069187,2.380502908669267,-2.0339079871264145
1.3569026994061213,0.09850702589494263,-0.3409805500768748,1.7339777286768543,-1.2346876916807858,-3.3836413540920356,-0.39298873900374015,0.19731154815221627,0.14843895383790884,1.6389114816914099,0.6774107414308461,-3.1066056908662256,-0.8681334880708608,-1.3556817222362272,2.1393670140206638,1.9060911306395325,1.5982678498940008,1.5279303598090705,0.9005549444369413,1.832936776600769,2.7027211886020774,0.766854929386549,-0.870769290475906,-1.329226213244029,0.8223819249892542,-0.3142957945091951,-0.7672948352029659,2.541264046601187,2.953709772975368,-1.4475173010553934
0.32270082108563963,-0.07774730407123141,-0.43919184171312087,0.4722295268498459,-0.3972727992235604,-0.7981483846110596,-0.1987395927705348,-0.06248282007184267,0.09451361424849737,0.5472728110826727,0.3338294782715931,-0.9663010503942782,-0.20247432965007792,-0.4422664082486978,0.5455464285960209,0.47179567534593203,0.5491412758671648,0.8151722227733524,0.373364083290699,0.8130709933141496,0.766854929386549,0.33126649732922103,-0.6823800062310118,-0.2676284384286823,0.1243295254274267,-0.1302512810113262,-0.33122576790052194,0.5037243890421551,0.8992700561746368,-0.6185997981958407
0.03390160448560711,1.2547303945821902,4.116112960743697,-0.35545608153007324,1.6549606960007273,-0.6107743608018169,1.6643198747855301,1.633240368567183,-0.06640113306411508,-1.3580211315065331,-2.042472620246102,1.4238615250306896,-0.41487571390309114,0.9714425401933554,-0.8171634125191517,0.31288322450415557,-1.2997914200099885,-5.6330367127785665,-2.383160844723619,-2.878594421592908,-0.870769290475906,-0.6823800062310118,5.7764259607658985,-0.6200380211400359,1.1466286387884486,0.7408853627673538,1.8887038232142646,1.9308080431120813,-1.9057169639037475,2.9267238352598794
-0.7809447918198948,-0.30837416708857096,-0.5997571703407979,-0.9032677260190125,0.41223750350735305,2.023494215822812,-0.08191569828572695,-0.41302196882540554,-0.04038055620385574,-0.6714112229917377,-0.004517703513206975,1.437202492184176,0.5660414253186848,0.5536167540598576,-1.0644610721070293,-1.115673183623098,-0.6179932465713169,0.22089339346275913,-0.052624632124717845,-0.44039972312918757,-1.329226213244029,-0.2676284384286823,-0.6200380211400359,0.8890323822994145,-0.6764912301260858,0.031713381114334215,0.0700151894681877,-1.7756939145645099,-1.2764292755680986,0.25808140785203487
0.5351512319311046,0.3621265252813661,0.9236277782520593,0.5811491508106942,-0.054756632888544064,-1.4691184718674661,0.27567347560636757,0.496088323049482,0.04050061221528177,0.29019537290389813,-0.2599413524300567,-0.8394642956677535,-0.44440163373830954,-0.27487271574648514,0.6173791651272771,0.8186383237710886,0.2849140641433236,-0.8564074065639822,-0.2662471514440797,-0.024212110846810474,0.8223819249892542,0.1243295254274267,1.1466286387884486,-0.6764912301260858,0.6134142083076763,0.06956024672134756,0.18868683285803717,1.4797019583223754,0.6533288392622209,0.1882369662849463
-0.10363116594857946,0.13984341008366946,0.502086189765081,-0.17682644314954896,0.29209119325479294,0.1948454694044385,0.22784082078950296,0.17610362390214337,-0.015106955591415087,-0.28070251484153086,-0.2886142963284612,0.40317019529187703,0.017180783355254883,0.21895439219714158,-0.27038093136942754,-0.11279503061967504,-0.2742464014768882,-0.7791188931577245,-0.355205158751865,-0.46395209801410736,-0.3142957945091951,-0.1302512810113262,0.7408853627673538,0.031713381114334215,0.06956024672134756,0.11277433046480739,0.28223063897266515,0.024778087569034737,-0.4561173357665943,0.45005684731073253
-0.24986451247621208,0.3553638924790684,1.2881923984458765,-0.43243586270066064,0.737215998213549,0.4584704694919719,0.5781044580277015,0.4541226298626349,-0.03697356208646585,-0.7099996570322764,-0.7379287042416953,0.9976539876367322,0.036772680189126966,0.5413340181566584,-0.6605892586748482,-0.2633718108822576,-0.6811229467857375,-1.97452293098108,-0.8907265843635771,-1.1805812909135942,-0.7672948352029659,-0.33122576790052194,1.8887038232142646,0.0700151894681877,0.18868683285803717,0.28223063897266515,0.7115498209523708,0.09985567567440094,-1.1265158481543485,1.1432636852048699
1.5122902143482704,0.737000414302228,1.6832548964802017,1.732651548018921,-0.5332838356146972,-4.033849536808587,0.3996088938398364,1.0343851433617408,0.12985519289922745,1.127589760048754,-0.27463331797792684,-2.710142758318797,-1.1644522572610716,-1.0069416200328383,1.9479241372566407,2.2561896051453565,1.1099069132175379,-1.1354106802650323,-0.2010623173326625,0.5801331732069187,2.541264046601187,0.5037243890421551,1.9308080431120813,-1.7756939145645099,1.4797019583223754,0.024778087569034737,0.09985567567440094,3.765144803702588,2.299918981049427,-0.13138436623385003
1.4062208493796426,-0.11451661414828908,-1.0637404357797162,1.8607608511887759,-1.578106289958617,-3.4084377557710273,-0.7029296550771679,-0.08190284220813318,0.15577295695698737,1.9332254227168735,1.0581728380022115,-3.459470426314988,-0.8265304100808533,-1.5714210294021038,2.373699108405847,1.9214783642493984,1.8766214026620742,2.5668817822809307,1.3559913690714105,2.380502908669267,2.953709772975368,0.8992700561746368,-1.9057169639037475,-1.2764292755680986,0.6533288392622209,-0.4561173357665943,-1.1265158481543485,2.299918981049427,3.396293968571684,-2.0073866883613096
-0.5232485548663159,0.5138509924521604,1.9840735341114324,-0.8449664709395365,1.2357729942176552,1.0656203633931425,0.8980942755440856,0.6530776210297916,-0.08717573717584197,-1.2739105702173281,-1.19272617751476,1.8669928944741112,0.16356531401065005,0.9634126926876834,-1.2008176131186203,-0.6087575922709357,-1.2075035248422552,-3.115264251649254,-1.4061189162271603,-2.0339079871264145,-1.4475173010553934,-0.6185997981958407,2.9267238352598794,0.25808140785203487,0.1882369662849463,0.45005684731073253,1.1432636852048699,-0.13138436623385003,-2.0073866883613096,1.8936761637338613
