V1,V2,V3,V4,V5,V6,V7,V8,V9,V10,V11,V12,V13,V14,V15,V16,V17,V18,V19,V20,V21,V22,V23,V24,V25,V26,V27,V28,V29,V30
0.2539711616920673,0.9842492406569557,0.3171540795532643,0.27804115128656187,-0.4808263956312103,0.22892691435835227,0.2122201915137648,-0.778894686241594,-0.18416482149140184,-0.4033383971054577,0.27500334877058463,0.4774710388775956,-0.1353538079585755,0.11217016198173964,0.3148401082055844,0.4652647185951489,-1.258947981264239,-0.6615263845835984,-0.37757954260652976,0.07588895600298887,0.25089221663507605,1.0333501298737868,0.19421093762067834,-0.1982555263641834,-0.5413452602224113,-1.0468814266710906,-1.730909345104109,-0.5826184165888683,-0.27301359318409146,-0.3156323998700106
0.9842492406569557,6.426289885227061,1.0421265769007086,-0.2560514818717895,-1.1211956510899546,0.7021252205543206,1.4334424563022212,-3.640974350159921,-0.9094807282468569,-6.026868312113031,-1.5949316243208798,3.6982031297228573,-1.248834095363551,1.043692757908845,1.0387884896078743,4.479981967586172,-6.635883036385951,-2.095446605359139,-0.037150777826137626,1.6055254036449411,-1.3762180173314236,4.85266706622378,-1.2899302727209208,-1.9558320677279581,-1.732176693303378,-7.0218676012746295,-2.464560505533789,-2.911082403074926,-2.4087006821473027,-2.1707317892092113
0.3171540795532643,1.0421265769007086,0.40944314569579043,0.44268488015394275,-0.6535933363208717,0.2991238131210882,0.22127371757494116,-0.9281132990532648,-0.21596611740221394,-0.18410978987577342,0.5339137085329146,0.46396758802104965,-0.1171749690673514,0.09648023921973235,0.4061498034415838,0.38936791495548523,-1.4463840906552992,-0.8596302666686677,-0.5736240815546079,8.834829252695689e-4,0.4814548209969322,1.229734647788425,0.388760024000397,-0.16256620229987884,-0.7022061193762283,-1.0950734144409013,-2.465345321541543,-0.6808062119834084,-0.24424115745884173,-0.32632399460659967
0.27804115128656187,-0.2560514818717895,0.44268488015394275,0.9853079746394335,-0.9054182946966085,0.34508570487474927,-0.07963083832318697,-0.5348897599381932,-0.1017028053477466,1.8375821269779402,1.6596665413197724,-0.42072067007199254,0.2216278740743496,-0.18816370796593468,0.4372696351016678,-0.8574452677451192,-0.4812699610982609,-0.9633262045537657,-1.1415724379961736,-0.5865304097140189,1.4738401765192055,0.69834460740054,1.255546868616319,0.3892741057015115,-0.7794063068060822,0.3676698038819478,-4.061720370914672,-0.3043405147690638,0.3907294939546171,0.13824688995415924
-0.4808263956312103,-1.1211956510899546,-0.6535933363208717,-0.9054182946966085,1.1214927599124527,-0.485879085383862,-0.22814787797442532,1.2976509548914645,0.29317377980193754,-0.5050285895249689,-1.2771697109542186,-0.3788801061131256,0.05040886810775574,-0.03920153760895492,-0.6475817392197388,-0.11998198886925729,1.8844433557064393,1.3855851987277992,1.1203397716222598,0.22908683951819583,-1.1426192890094669,-1.7155280616770066,-0.9482402910314632,0.03788892350663066,1.1288275329792996,1.1393807462743184,4.483460313160146,0.917456241818658,0.13306439915113893,0.3282799507500186
0.22892691435835227,0.7021252205543206,0.2991238131210882,0.34508570487474927,-0.485879085383862,0.21952471924984576,0.14800268970019462,-0.6580491652974579,-0.15205888555393343,-0.04736341753261304,0.43619853631318045,0.2994515700939596,-0.07070167781913086,0.05801979731545804,0.2966547848777089,0.2298015183131363,-1.0102150083616122,-0.6294294105594513,-0.44129221369313437,-0.024464671254290447,0.3924502506872289,0.8713211297828171,0.31973352050983633,-0.09456880647245708,-0.5138822295185793,-0.7336361355999785,-1.86062935118332,-0.4788721188594916,-0.15039091678597674,-0.21738917314958545
0.2122201915137648,1.4334424563022212,0.22127371757494116,-0.07963083832318697,-0.22814787797442532,0.14800268970019462,0.3202644800127786,-0.7964416919858862,-0.199689830366218,-1.3812453934140505,-0.3926267812420159,0.8312392329369518,-0.2825331464394991,0.23618313332526486,0.22065694324830618,1.014983406277984,-1.4629684802923693,-0.44323053189466194,0.018118055482862647,0.3701905329093949,-0.3397559809898222,1.061825468644609,-0.31553879473663193,-0.44345265597644556,-0.3667879016312487,-1.5683255857120169,-0.45366442164570425,-0.6396319658646211,-0.5440887914213509,-0.48539378942135913
-0.778894686241594,-3.640974350159921,-0.9281132990532648,-0.5348897599381932,1.2976509548914645,-0.6580491652974579,-0.7964416919858862,2.537217472726042,0.611331560395925,2.3007287678105457,-0.20914600396078603,-1.9046072421341549,0.5877202512104656,-0.4892401926303515,-0.9223784260268213,-2.0648791139817364,4.279617183203942,1.917210886305373,0.8180756031207906,-0.5453290864128321,-0.20973624172331698,-3.3712554296065895,-0.108826363946689,0.8910253901979026,1.5730680280156182,3.9171842053113726,4.297056863116241,1.9424821023415844,1.1591568310425158,1.193832529980963
-0.18416482149140184,-0.9094807282468569,-0.21596611740221394,-0.1017028053477466,0.29317377980193754,-0.15205888555393343,-0.199689830366218,0.611331560395925,0.1483462632710412,0.6269781371753596,-2.4830721141070705e-4,-0.4847763094789633,0.15241957247467774,-0.12687441802019542,-0.21468783330089347,-0.5379191707543163,1.0446988331716853,0.4446334877774642,0.1670017999683608,-0.15324226694361906,-0.006002177084311607,-0.8128747206472164,0.012204788648127518,0.23275049131456768,0.3651353385857616,0.9812874993283515,0.937363257780509,0.4714292244740108,0.2992050508658863,0.29985883616928166
-0.4033383971054577,-6.026868312113031,-0.18410978987577342,1.8375821269779402,-0.5050285895249689,-0.04736341753261304,-1.3812453934140505,2.3007287678105457,0.6269781371753596,8.269316871499743,4.1107051720378935,-3.9162182063855138,1.4527812408628966,-1.2189438339720589,-0.19007363743274436,-5.313848594362718,5.001784812104167,0.25024733637915314,-1.8378186441822826,-2.3618072396178253,3.6154178325314565,-3.090168170478726,3.1824501579786943,2.3443078008000198,0.23462018390651154,6.7294537466611954,-4.503679543507754,2.0415220735622754,2.741863717309513,2.120592556066081
0.27500334877058463,-1.5949316243208798,0.5339137085329146,1.6596665413197724,-1.2771697109542186,0.43619853631318045,-0.3926267812420159,-0.20914600396078603,-2.4830721141070705e-4,4.1107051720378935,3.008925605822933,-1.3652830820993047,0.5912982676068629,-0.4991046880938399,0.5256189237288694,-2.2234099465835726,0.42616054070592074,-1.1934722695872604,-1.862006164555319,-1.2539245858903494,2.6644770900964874,0.2552845375333942,2.291232195806738,0.9950285066495003,-0.9587730161652441,1.8867599386633722,-6.197970889287172,0.03446419587872141,1.0802656924778664,0.623508698038078
0.4774710388775956,3.6982031297228573,0.46396758802104965,-0.42072067007199254,-0.3788801061131256,0.2994515700939596,0.8312392329369518,-1.9046072421341549,-0.4847763094789633,-3.9162182063855138,-1.3652830820993047,2.2049277365527313,-0.7668618049256969,0.6416655052383714,0.4635944972672212,2.768476606660845,-3.609772157735405,-0.9123946865416949,0.2990909272593214,1.0704189180378465,-1.189825838604348,2.5425674050468783,-1.0799155030190566,-1.212817206795071,-0.7589742712023685,-4.065584608149513,-0.25204773313046885,-1.557407436781026,-1.4687969529607516,-1.2637039085596555
-0.1353538079585755,-1.248834095363551,-0.1171749690673514,0.2216278740743496,0.05040886810775574,-0.07070167781913086,-0.2825331464394991,0.5877202512104656,0.15241957247467774,1.4527812408628966,0.5912982676068629,-0.7668618049256969,0.2729830299838182,-0.22866511457400077,-0.1175063956259956,-0.9902835077391932,1.1581217129008705,0.22270088826413756,-0.19426370789186,-0.4041141373385871,0.5175647805225959,-0.7858548958304914,0.4629176748373378,0.4349561582552263,0.18708147571532596,1.3800737622230372,-0.25429626261219457,0.4916292236000145,0.5200392497609921,0.43096680971424506
0.11217016198173964,1.043692757908845,0.09648023921973235,-0.18816370796593468,-0.03920153760895492,0.05801979731545804,0.23618313332526486,-0.4892401926303515,-0.12687441802019542,-1.2189438339720589,-0.4991046880938399,0.6416655052383714,-0.22866511457400077,0.19162256444175665,0.09678918904024517,0.8297028589832683,-0.9655888711559548,-0.182973347844404,0.16582245086474012,0.3393521816625672,-0.43684071504294825,0.6541203627501359,-0.3905134031357448,-0.36445336262432365,-0.15381133730468294,-1.1536696446947885,0.2251196902552689,-0.40962487760538585,-0.4354961881956135,-0.36035566138774705
0.3148401082055844,1.0387884896078743,0.4061498034415838,0.4372696351016678,-0.6475817392197388,0.2966547848777089,0.22065694324830618,-0.9223784260268213,-0.21468783330089347,-0.19007363743274436,0.5256189237288694,0.4635944972672212,-0.1175063956259956,0.09678918904024517,0.4028940033757675,0.3909204586361076,-1.4386755158649815,-0.8525844033721551,-0.5670856780021271,0.0030332138592846338,0.47408181804537175,1.2221400915577199,0.38257465469313306,-0.1633213413654131,-0.6964859626407236,-1.091938949521961,-2.4403640681794787,-0.676904132721713,-0.24466487703210116,-0.32549621338172974
0.4652647185951489,4.479981967586172,0.38936791495548523,-0.8574452677451192,-0.11998198886925729,0.2298015183131363,1.014983406277984,-2.0648791139817364,-0.5379191707543163,-5.313848594362718,-2.2234099465835726,2.768476606660845,-0.9902835077391932,0.8297028589832683,0.3909204586361076,3.595960741317049,-4.106803303195873,-0.7319097403603352,0.7700755285599256,1.4831453335251457,-1.9475193642509068,2.762042159269716,-1.7377001876995242,-1.5802484086011044,-0.6168532232369163,-4.956440300882095,1.17851868740299,-1.736737214527608,-1.8844084883069445,-1.5493395777069863
-1.258947981264239,-6.635883036385951,-1.4463840906552992,-0.4812699610982609,1.8844433557064393,-1.0102150083616122,-1.4629684802923693,4.279617183203942,1.0446988331716853,5.001784812104167,0.42616054070592074,-3.609772157735405,1.1581217129008705,-0.9655888711559548,-1.4386755158649815,-4.106803303195873,7.422653196979887,2.9643295124298854,0.9125803245421928,-1.2582462173002025,0.33586373673848563,-5.6928897908500025,0.41114549717644194,1.7815460853270313,2.4374312672372507,7.183596872423418,5.726306393935958,3.327472488375738,2.2618682028954,2.201938307115372
-0.6615263845835984,-2.095446605359139,-0.8596302666686677,-0.9633262045537657,1.3855851987277992,-0.6294294105594513,-0.44323053189466194,1.917210886305373,0.4446334877774642,0.25024733637915314,-1.1934722695872604,-0.9123946865416949,0.22270088826413756,-0.182973347844404,-0.8525844033721551,-0.7319097403603352,2.9643295124298854,1.8070911888342738,1.2392659744774517,0.03746626847078389,-1.0746527630073996,-2.5396465146583735,-0.8721043816213147,0.30351148263363914,1.4756310387736058,2.1952789520362304,5.2695540554065685,1.40048613623046,0.4689824630818184,0.6522628599613889
-0.37757954260652976,-0.037150777826137626,-0.5736240815546079,-1.1415724379961736,1.1203397716222598,-0.44129221369313437,0.018118055482862647,0.8180756031207906,0.1670017999683608,-1.8378186441822826,-1.862006164555319,0.2990909272593214,-0.19426370789186,0.16582245086474012,-0.5670856780021271,0.7700755285599256,0.9125803245421928,1.2392659744774517,1.3402591446935785,0.603305794919484,-1.6555704320400062,-1.0734178339835394,-1.404121579936546,-0.35364594255207676,1.0045312007979357,-0.06250838979471468,4.890890859528108,0.509578982931547,-0.331589488067665,-0.04812641826262555
0.07588895600298887,1.6055254036449411,8.834829252695689e-4,-0.5865304097140189,0.22908683951819583,-0.024464671254290447,0.3701905329093949,-0.5453290864128321,-0.15324226694361906,-2.3618072396178253,-1.2539245858903494,1.0704189180378465,-0.4041141373385871,0.3393521816625672,0.0030332138592846338,1.4831453335251457,-1.2582462173002025,0.03746626847078389,0.603305794919484,0.6811871977234495,-1.1042964690987211,0.7345320683686818,-0.9675829512959123,-0.6554911011996798,0.021892783270014038,-1.8014478755517362,1.61361565899635,-0.5020508348435652,-0.7597373874076467,-0.5700805443648923
0.25089221663507605,-1.3762180173314236,0.4814548209969322,1.4738401765192055,-1.1426192890094669,0.3924502506872289,-0.3397559809898222,-0.20973624172331698,-0.006002177084311607,3.6154178325314565,2.6644770900964874,-1.189825838604348,0.5175647805225959,-0.43684071504294825,0.47408181804537175,-1.9475193642509068,0.33586373673848563,-1.0746527630073996,-1.6555704320400062,-1.1042964690987211,2.3598266316956638,0.25849999271408836,2.0285953076087946,0.8719115859494682,-0.863667937318021,1.6317363188219836,-5.5260960840291204,0.011715299363503719,0.9447641649771448,0.5401910625133812
1.0333501298737868,4.85266706622378,1.229734647788425,0.69834460740054,-1.7155280616770066,0.8713211297828171,1.061825468644609,-3.3712554296065895,-0.8128747206472164,-3.090168170478726,0.2552845375333942,2.5425674050468783,-0.7858548958304914,0.6541203627501359,1.2221400915577199,2.762042159269716,-5.6928897908500025,-2.5396465146583735,-1.0734178339835394,0.7345320683686818,0.25849999271408836,4.479920591173975,0.12711137361462238,-1.1922100919418506,-2.083851857422646,-5.221991883930762,-5.665316639156625,-2.5826542987755867,-1.5493342795764202,-1.5918681242406543
0.19421093762067834,-1.2899302727209208,0.388760024000397,1.255546868616319,-0.9482402910314632,0.31973352050983633,-0.31553879473663193,-0.108826363946689,0.012204788648127518,3.1824501579786943,2.291232195806738,-1.0799155030190566,0.4629176748373378,-0.3905134031357448,0.38257465469313306,-1.7377001876995242,0.41114549717644194,-0.8721043816213147,-1.404121579936546,-0.9675829512959123,2.0285953076087946,0.12711137361462238,1.745928404252813,0.7770614471821479,-0.7000080645147265,1.5180314552568925,-4.642412752190776,0.06526309565148113,0.8474812659346366,0.4996382422508079
-0.1982555263641834,-1.9558320677279581,-0.16256620229987884,0.3892741057015115,0.03788892350663066,-0.09456880647245708,-0.44345265597644556,0.8910253901979026,0.23275049131456768,2.3443078008000198,0.9950285066495003,-1.212817206795071,0.4349561582552263,-0.36445336262432365,-0.1633213413654131,-1.5802484086011044,1.7815460853270313,0.30351148263363914,-0.35364594255207676,-0.6554911011996798,0.8719115859494682,-1.1922100919418506,0.7770614471821479,0.6946689928580893,0.25628616434136,2.165148669818018,-0.5781167375027085,0.7517817191980335,0.8271989607937664,0.677186888494771
-0.5413452602224113,-1.732176693303378,-0.7022061193762283,-0.7794063068060822,1.1288275329792996,-0.5138822295185793,-0.3667879016312487,1.5730680280156182,0.3651353385857616,0.23462018390651154,-0.9587730161652441,-0.7589742712023685,0.18708147571532596,-0.15381133730468294,-0.6964859626407236,-0.6168532232369163,2.4374312672372507,1.4756310387736058,1.0045312007979357,0.021892783270014038,-0.863667937318021,-2.083851857422646,-0.7000080645147265,0.25628616434136,1.205113088023109,1.8162678578742166,4.283718944917771,1.1503904814141614,0.3927875056013548,0.5400861386041572
-1.0468814266710906,-7.0218676012746295,-1.0950734144409013,0.3676698038819478,1.1393807462743184,-0.7336361355999785,-1.5683255857120169,3.9171842053113726,0.9812874993283515,6.7294537466611954,1.8867599386633722,-4.065584608149513,1.3800737622230372,-1.1536696446947885,-1.091938949521961,-4.956440300882095,7.183596872423418,2.1952789520362304,-0.06250838979471468,-1.8014478755517362,1.6317363188219836,-5.221991883930762,1.5180314552568925,2.165148669818018,1.8162678578742166,7.6806179507589105,2.317873633398101,3.14298244571478,2.6584945036336043,2.3765862683526957
-1.730909345104109,-2.464560505533789,-2.465345321541543,-4.061720370914672,4.483460313160146,-1.86062935118332,-0.45366442164570425,4.297056863116241,0.937363257780509,-4.503679543507754,-6.197970889287172,-0.25204773313046885,-0.25429626261219457,0.2251196902552689,-2.4403640681794787,1.17851868740299,5.726306393935958,5.2695540554065685,4.890890859528108,1.61361565899635,-5.5260960840291204,-5.665316639156625,-4.642412752190776,-0.5781167375027085,4.283718944917771,2.317873633398101,18.692402117097522,2.9096648091694766,-0.33368108935350793,0.6116939789188733
-0.5826184165888683,-2.911082403074926,-0.6808062119834084,-0.3043405147690638,0.917456241818658,-0.4788721188594916,-0.6396319658646211,1.9424821023415844,0.4714292244740108,2.0415220735622754,0.03446419587872141,-1.557407436781026,0.4916292236000145,-0.40962487760538585,-0.676904132721713,-1.736737214527608,3.327472488375738,1.40048613623046,0.509578982931547,-0.5020508348435652,0.011715299363503719,-2.5826542987755867,0.06526309565148113,0.7517817191980335,1.1503904814141614,3.14298244571478,2.9096648091694766,1.4999112201153633,0.9640728070153359,0.9610308737070455
-0.27301359318409146,-2.4087006821473027,-0.24424115745884173,0.3907294939546171,0.13306439915113893,-0.15039091678597674,-0.5440887914213509,1.1591568310425158,0.2992050508658863,2.741863717309513,1.0802656924778664,-1.4687969529607516,0.5200392497609921,-0.4354961881956135,-0.24466487703210116,-1.8844084883069445,2.2618682028954,0.4689824630818184,-0.331589488067665,-0.7597373874076467,0.9447641649771448,-1.5493342795764202,0.8474812659346366,0.8271989607937664,0.3927875056013548,2.6584945036336043,-0.33368108935350793,0.9640728070153359,0.9919292578747161,0.8292754066269779
-0.3156323998700106,-2.1707317892092113,-0.32632399460659967,0.13824688995415924,0.3282799507500186,-0.21738917314958545,-0.48539378942135913,1.193832529980963,0.29985883616928166,2.120592556066081,0.623508698038078,-1.2637039085596555,0.43096680971424506,-0.36035566138774705,-0.32549621338172974,-1.5493395777069863,2.201938307115372,0.6522628599613889,-0.04812641826262555,-0.5700805443648923,0.5401910625133812,-1.5918681242406543,0.4996382422508079,0.677186888494771,0.5400861386041572,2.3765862683526957,0.6116939789188733,0.9610308737070455,0.8292754066269779,0.736006273127483
