V1,V2,V3,V4,V5,V6,V7,V8,V9,V10,V11,V12,V13,V14,V15,V16,V17,V18,V19,V20,V21,V22,V23,V24,V25,V26,V27,V28,V29,V30
7.364244466974297,15.124574691712178,10.77223143513269,-104.56249550926054,42.4171952762022,99.39228503839752,98.65303826404848,21.4443716966991,-14.10830192908924,5.670119285125234,57.07207528235662,-70.61812754017785,-202.53620699487263,-58.8628502159815,-98.48840112180696,-103.67470930933912,95.60348569505821,-51.563493416053895,-47.31350620539003,14.547232658067037,-143.08873613610697,214.87116311452382,-40.03068921966856,10.73778775919487,-4.04587711594165,52.895428474818054,53.363221887092706,-38.171798978138206,27.63316147586396,68.72216991383539
15.124574691712178,32.16178177418083,22.66824886094211,-224.50766884191424,91.11068446869645,214.25914494328748,211.04980100410341,45.552103918992586,-30.18845975455853,11.556946011889332,122.04967049905919,-149.9372983331899,-432.9529690437365,-125.43112847567534,-211.6192413863119,-222.73488130470062,204.0093068260716,-110.2990027627371,-101.35007584560591,30.70597618151259,-307.2684740046506,459.5882605604246,-86.03104888566364,23.634814714846893,-9.124857964719137,113.2534559773153,114.31183533330045,-83.08651015059937,58.02695285454215,147.3073548389328
10.77223143513269,22.66824886094211,16.034490351971883,-157.78836131810087,64.03291194930007,150.42729719021872,148.5009827065498,32.11771327498587,-21.24198974650264,8.241915403815666,85.89294872954063,-105.72456061197319,-304.70852364382097,-88.3682346579183,-148.7116048647974,-156.52395022202526,143.66282228391907,-77.61421192899434,-71.27656185562803,21.67886612998825,-215.965381301633,323.38161396473254,-60.45128018873876,16.5056151463864,-6.327106434901061,79.66469400806616,80.39082252277728,-58.1630592928425,41.049988550779155,103.58890842454763
-104.56249550926054,-224.50766884191424,-157.78836131810087,1571.6220958272318,-637.8704071176555,-1501.5908847575981,-1475.9238964599433,-317.98920577370546,211.25706309891746,-79.74134979858727,-853.4857359450114,1046.205513201483,3026.9731538570654,876.2059003735368,1481.6521381409873,1559.5253018410647,-1425.6254927538448,771.308954799279,709.0493782704558,-213.86718456349126,2151.0791963183933,-3213.6828677043923,602.3727853323205,-166.595622436888,64.86334335707407,-792.1471662119011,-799.7013394713651,583.8324209953332,-403.6935024133103,-1030.7718484500706
42.4171952762022,91.11068446869645,64.03291194930007,-637.8704071176555,258.9073794021498,609.5272402294547,599.0308290657968,129.06264445573112,-85.76310630226286,32.33155015915244,346.40710672023147,-424.54426354610047,-1228.530194919021,-355.6317307496001,-601.3876070138015,-632.9879378626742,578.6058661681641,-313.05044666327296,-287.7636068004311,86.75717810861974,-873.1048529972674,1304.2762124246083,-244.48056001463493,67.66726641444426,-26.362526517247165,321.4947906327457,324.5526577788283,-237.00484443145086,163.80119526136056,418.37376627634893
99.39228503839752,214.25914494328748,150.42729719021872,-1501.5908847575981,609.5272402294547,1435.5319433347731,1409.6658162859771,303.5322686782966,-201.89695309265542,75.68969534928823,815.1706604593803,-998.1849929579843,-2890.7445363344145,-836.5767182423104,-1415.8284659887743,-1490.2329663268608,1361.231451687024,-736.670368267568,-677.2529094727048,203.82117213308837,-2055.4441725565675,3069.102068605356,-575.559494121907,159.73184742247042,-62.43233610164529,756.5856453942301,763.8247750198257,-558.7116456754248,384.7141941105086,984.7610936802378
98.65303826404848,211.04980100410341,148.5009827065498,-1475.9238964599433,599.0308290657968,1409.6658162859771,1386.6093505370206,298.97137948141005,-198.48227735872405,75.2704241625848,801.8722117120728,-983.6099139290865,-2844.0220805652007,-823.5531437613935,-1391.382968343965,-1464.5052589813338,1339.7214332595622,-724.6458974006409,-666.0146096756193,201.15980712469147,-2020.148782736208,3019.204302878928,-565.6365864541158,156.11634043073482,-60.63836777664011,744.1292552326279,751.1646922599238,-547.5429469706139,379.9752352566683,968.2041270222433
21.4443716966991,45.552103918992586,32.11771327498587,-317.98920577370546,129.06264445573112,303.5322686782966,298.97137948141005,64.5753250911887,-42.835075620708274,16.38444836663335,172.91348191247357,-212.33506905562373,-613.267787518206,-177.72101662651224,-299.74384040484335,-315.51678380362233,288.990394349466,-156.2422579287143,-143.55545354239672,43.45549807999434,-435.2719225184706,650.9381692089258,-121.82954247321022,33.50280448547713,-12.987701351188576,160.39855837439873,161.90227591751918,-117.67595786399897,82.22120072992516,208.69619240250663
-14.10830192908924,-30.18845975455853,-21.24198974650264,211.25706309891746,-85.76310630226286,-201.89695309265542,-198.48227735872405,-42.835075620708274,28.500515876026782,-10.757327829297813,-114.8030916185631,140.64727532265175,407.0165793924565,117.90128194468004,199.17664855406272,209.67897239508875,-191.730276285192,103.71855715073819,95.32266806621796,-28.716863240472698,289.23417964469974,-432.0308990911634,80.9377441365568,-22.41318914502996,8.785464482250584,-106.47738450420925,-107.49381027074175,78.43088677826655,-54.352518344733575,-138.6355689172673
5.670119285125234,11.556946011889332,8.241915403815666,-79.74134979858727,32.33155015915244,75.68969534928823,75.2704241625848,16.38444836663335,-10.757327829297813,4.388161336430929,43.54393533710019,-53.995159486127335,-154.5576080109084,-44.92930105150157,-75.06782752416831,-79.03626955316963,72.97101529797807,-39.339890650637,-36.11022411311151,11.156733206412337,-109.07559633983226,163.98518282186737,-30.521390090705346,8.114348763318235,-3.0420353902493207,40.36109350086212,40.726718540902674,-29.016307615737848,21.179661288959487,52.41060180192371
57.07207528235662,122.04967049905919,85.89294872954063,-853.4857359450114,346.40710672023147,815.1706604593803,801.8722117120728,172.91348191247357,-114.8030916185631,43.54393533710019,463.73291433200257,-568.8231480002771,-1644.681950100145,-476.2815393271351,-804.5990911193857,-846.8947860176936,774.7709977868569,-419.0600292491145,-385.1456386514592,116.32269993339945,-1168.216997552894,1745.960673910305,-327.08719673596903,90.27607593094167,-35.07675617117773,430.31415925551073,434.38114280059784,-316.59882706242996,219.76944998506917,559.908289565109
-70.61812754017785,-149.9372983331899,-105.72456061197319,1046.205513201483,-424.54426354610047,-998.1849929579843,-983.6099139290865,-212.33506905562373,140.64727532265175,-53.995159486127335,-568.8231480002771,699.0991804730046,2017.901491168759,584.642078784136,986.0751604027429,1037.8793988345883,-950.9042682487809,514.059166916576,472.35253092338957,-143.2424204361115,1431.7821252108824,-2142.0521313080903,400.90697027790657,-109.97028740782363,42.3854298013634,-527.834586709952,-532.7653711551832,386.9339310926297,-270.67292175287304,-686.4573757425524
-202.53620699487263,-432.9529690437365,-304.70852364382097,3026.9731538570654,-1228.530194919021,-2890.7445363344145,-2844.0220805652007,-613.267787518206,407.0165793924565,-154.5576080109084,-1644.681950100145,2017.901491168759,5833.442174208279,1689.297763112005,2853.5402275492097,3003.4708683638346,-2748.0444077541138,1486.3065639009435,1365.999373810721,-412.7731758089432,4143.060012565484,-6192.721505642723,1160.0626456472755,-319.9628608103656,124.14084584136391,-1526.2600480177375,-1540.6581176228356,1122.5815355571963,-779.697743492013,-1985.7220591328435
-58.8628502159815,-125.43112847567534,-88.3682346579183,876.2059003735368,-355.6317307496001,-836.5767182423104,-823.5531437613935,-177.72101662651224,117.90128194468004,-44.92930105150157,-476.2815393271351,584.642078784136,1689.297763112005,489.3851723815968,825.9967034212033,869.3987200659916,-795.9427010357316,430.39889147960605,395.4767201626062,-119.61417789081253,1199.3488702131126,-1793.178961595473,335.75807221181907,-92.47795131349588,35.83123683947877,-441.90307868012053,-446.038201253035,324.58509384766666,-226.1352946199982,-574.9287362052825
-98.48840112180696,-211.6192413863119,-148.7116048647974,1481.6521381409873,-601.3876070138015,-1415.8284659887743,-1391.382968343965,-299.74384040484335,199.17664855406272,-75.06782752416831,-804.5990911193857,986.0751604027429,2853.5402275492097,825.9967034212033,1396.9106643411546,1470.3014934731336,-1343.9209406349164,727.1314745050647,668.4088940051512,-201.5121426460833,2028.032540286029,-3029.5138199896687,567.8952455277382,-157.19179163202577,61.22965177102573,-746.7621282215399,-753.8662513408888,550.5689500551013,-380.40926900571304,-971.7707512690464
-103.67470930933912,-222.73488130470062,-156.52395022202526,1559.5253018410647,-632.9879378626742,-1490.2329663268608,-1464.5052589813338,-315.51678380362233,209.67897239508875,-79.03626955316963,-846.8947860176936,1037.8793988345883,3003.4708683638346,869.3987200659916,1470.3014934731336,1547.5838348349944,-1414.5280145927052,765.3381837227864,703.5534814016969,-212.10088248111356,2134.608825621512,-3188.6978574040863,597.7326858567222,-165.4407469149599,64.48017890097772,-785.9985995206149,-793.4943453966721,579.5006311610176,-400.41869357666815,-1022.8544622795164
95.60348569505821,204.0093068260716,143.66282228391907,-1425.6254927538448,578.6058661681641,1361.231451687024,1339.7214332595622,288.990394349466,-191.730276285192,72.97101529797807,774.7709977868569,-950.9042682487809,-2748.0444077541138,-795.9427010357316,-1343.9209406349164,-1414.5280145927052,1294.6855674467997,-700.1550553951797,-643.4158694540995,194.5543762388188,-1951.295726339152,2917.1824704754617,-546.3366098480485,150.5369185586405,-58.3333575399544,718.9325653172708,725.6843539188701,-528.3582091789269,367.6211829378494,935.3131366287438
-51.563493416053895,-110.2990027627371,-77.61421192899434,771.308954799279,-313.05044666327296,-736.670368267568,-724.6458974006409,-156.2422579287143,103.71855715073819,-39.339890650637,-419.0600292491145,514.059166916576,1486.3065639009435,430.39889147960605,727.1314745050647,765.3381837227864,-700.1550553951797,378.70387480462915,348.05625190883694,-105.13351148864167,1055.7183919696447,-1577.8534623511355,295.60074342692735,-81.5791661959887,31.67511858192318,-388.88517711235784,-392.5571188981071,286.12646963735637,-198.58836849528723,-505.978275827122
-47.31350620539003,-101.35007584560591,-71.27656185562803,709.0493782704558,-287.7636068004311,-677.2529094727048,-666.0146096756193,-143.55545354239672,95.32266806621796,-36.11022411311151,-385.1456386514592,472.35253092338957,1365.999373810721,395.4767201626062,668.4088940051512,703.5534814016969,-643.4158694540995,348.05625190883694,319.9476476978569,-96.6085953308492,970.4388301151376,-1450.2256248357521,271.7508133030107,-75.02493595002142,29.16771637960356,-357.4468869422786,-360.85185314718825,263.16731031090904,-182.39574920786072,-465.0781848389244
14.547232658067037,30.70597618151259,21.67886612998825,-213.86718456349126,86.75717810861974,203.82117213308837,201.15980712469147,43.45549807999434,-28.716863240472698,11.156733206412337,116.32269993339945,-143.2424204361115,-412.7731758089432,-119.61417789081253,-201.5121426460833,-212.10088248111356,194.5543762388188,-105.13351148864167,-96.6085953308492,29.419725690293916,-292.60087006778065,438.1899926080215,-81.95128146941288,22.330569691211,-8.540399536852563,107.96172718485006,108.971024991407,-78.89268909130583,55.55210285754922,140.32397985837602
-143.08873613610697,-307.2684740046506,-215.965381301633,2151.0791963183933,-873.1048529972674,-2055.4441725565675,-2020.148782736208,-435.2719225184706,289.23417964469974,-109.07559633983226,-1168.216997552894,1431.7821252108824,4143.060012565484,1199.3488702131126,2028.032540286029,2134.608825621512,-1951.295726339152,1055.7183919696447,970.4388301151376,-292.60087006778065,2944.3519643239038,-4398.487143004737,824.4499935619357,-228.1547383613812,88.88445716339942,-1084.1882109733958,-1094.5012894701867,799.1753517593061,-552.4699247526532,-1410.893407668034
214.87116311452382,459.5882605604246,323.38161396473254,-3213.6828677043923,1304.2762124246083,3069.102068605356,3019.204302878928,650.9381692089258,-432.0308990911634,163.98518282186737,1745.960673910305,-2142.0521313080903,-6192.721505642723,-1793.178961595473,-3029.5138199896687,-3188.6978574040863,2917.1824704754617,-1577.8534623511355,-1450.2256248357521,438.1899926080215,-4398.487143004737,6574.298656620322,-1231.6505847629667,339.7415020832296,-131.83242092430123,1620.3366054044131,1635.6599106614021,-1192.0523726735098,827.5040015383397,2108.0820735823436
-40.03068921966856,-86.03104888566364,-60.45128018873876,602.3727853323205,-244.48056001463493,-575.559494121907,-565.6365864541158,-121.82954247321022,80.9377441365568,-30.521390090705346,-327.08719673596903,400.90697027790657,1160.0626456472755,335.75807221181907,567.8952455277382,597.7326858567222,-546.3366098480485,295.60074342692735,271.7508133030107,-81.95128146941288,824.4499935619357,-1231.6505847629667,230.8946467904247,-63.87885669721902,24.86465551548487,-303.60189849998255,-306.4975443870105,223.83657052494644,-154.64228059805868,-395.04304296446253
10.73778775919487,23.634814714846893,16.5056151463864,-166.595622436888,67.66726641444426,159.73184742247042,156.11634043073482,33.50280448547713,-22.41318914502996,8.114348763318235,90.27607593094167,-109.97028740782363,-319.9628608103656,-92.47795131349588,-157.19179163202577,-165.4407469149599,150.5369185586405,-81.5791661959887,-75.02493595002142,22.330569691211,-228.1547383613812,339.7415020832296,-63.87885669721902,18.031059215597956,-7.169865546994473,83.79651786366274,84.60914616759844,-62.48674277979104,42.12261767973711,109.20084509205162
-4.04587711594165,-9.124857964719137,-6.327106434901061,64.86334335707407,-26.362526517247165,-62.43233610164529,-60.63836777664011,-12.987701351188576,8.785464482250584,-3.0420353902493207,-35.07675617117773,42.3854298013634,124.14084584136391,35.83123683947877,61.22965177102573,64.48017890097772,-58.3333575399544,31.67511858192318,29.16771637960356,-8.540399536852563,88.88445716339942,-131.83242092430123,24.86465551548487,-7.169865546994473,2.964049710944206,-32.53541578279295,-32.87826853076847,24.581145293569065,-16.13465136011888,-42.50858829701178
52.895428474818054,113.2534559773153,79.66469400806616,-792.1471662119011,321.4947906327457,756.5856453942301,744.1292552326279,160.39855837439873,-106.47738450420925,40.36109350086212,430.31415925551073,-527.834586709952,-1526.2600480177375,-441.90307868012053,-746.7621282215399,-785.9985995206149,718.9325653172708,-388.88517711235784,-357.4468869422786,107.96172718485006,-1084.1882109733958,1620.3366054044131,-303.60189849998255,83.79651786366274,-32.53541578279295,399.36898227183457,403.1525769302754,-293.9418439294796,203.84336560541507,519.5965923942795
53.363221887092706,114.31183533330045,80.39082252277728,-799.7013394713651,324.5526577788283,763.8247750198257,751.1646922599238,161.90227591751918,-107.49381027074175,40.726718540902674,434.38114280059784,-532.7653711551832,-1540.6581176228356,-446.038201253035,-753.8662513408888,-793.4943453966721,725.6843539188701,-392.5571188981071,-360.85185314718825,108.971024991407,-1094.5012894701867,1635.6599106614021,-306.4975443870105,84.60914616759844,-32.87826853076847,403.1525769302754,406.9892691231316,-296.80606456328223,205.7186523778408,524.5310535232162
-38.171798978138206,-83.08651015059937,-58.1630592928425,583.8324209953332,-237.00484443145086,-558.7116456754248,-547.5429469706139,-117.67595786399897,78.43088677826655,-29.016307615737848,-316.59882706242996,386.9339310926297,1122.5815355571963,324.58509384766666,550.5689500551013,579.5006311610176,-528.3582091789269,286.12646963735637,263.16731031090904,-78.89268909130583,799.1753517593061,-1192.0523726735098,223.83657052494644,-62.48674277979104,24.581145293569065,-293.9418439294796,-296.80606456328223,218.00735467077308,-148.68377359575118,-382.70554497494203
27.63316147586396,58.02695285454215,41.049988550779155,-403.6935024133103,163.80119526136056,384.7141941105086,379.9752352566683,82.22120072992516,-54.352518344733575,21.179661288959487,219.76944998506917,-270.67292175287304,-779.697743492013,-226.1352946199982,-380.40926900571304,-400.41869357666815,367.6211829378494,-198.58836849528723,-182.39574920786072,55.55210285754922,-552.4699247526532,827.5040015383397,-154.64228059805868,42.12261767973711,-16.13465136011888,203.84336560541507,205.7186523778408,-148.68377359575118,105.16987695809269,265.0315976553631
68.72216991383539,147.3073548389328,103.58890842454763,-1030.7718484500706,418.37376627634893,984.7610936802378,968.2041270222433,208.69619240250663,-138.6355689172673,52.41060180192371,559.908289565109,-686.4573757425524,-1985.7220591328435,-574.9287362052825,-971.7707512690464,-1022.8544622795164,935.3131366287438,-505.978275827122,-465.0781848389244,140.32397985837602,-1410.893407668034,2108.0820735823436,-395.04304296446253,109.20084509205162,-42.50858829701178,519.5965923942795,524.5310535232162,-382.70554497494203,265.0315976553631,676.1454559895685
