V1,V2,V3,V4,V5,V6,V7,V8,V9,V10,V11,V12,V13,V14,V15,V16,V17,V18,V19,V20,V21,V22,V23,V24,V25,V26,V27,V28,V29,V30
0.20165295864117275,-0.028523789799076535,0.16762474979439476,0.45151551699400555,0.08760152122643973,0.4506739372011449,0.2584143754409286,0.5037469061133353,-0.6935127138006523,-0.01540382375601924,0.3456910884384658,0.5443509033615226,-0.14399679516076452,-0.7208306510504566,0.03967847046021362,-0.046955831345846785,0.3609248747857003,-0.1127784008750535,0.25239675003014717,-0.5452848786957711,-0.36000836900355815,-0.7292717856444944,0.3809085317137116,0.4416633980844362,-0.5704258523515091,-0.27246354591446265,-0.38011035430377943,0.23678105073597217,0.2119320351076612,0.3481645126098093
-0.028523789799076535,0.038660006004770583,-0.013475134264537886,-0.3249848826972687,0.07320246122513191,0.11927203090700113,0.15738334585964045,-0.06316622300003415,0.11975651190939444,0.014916382868625391,0.04848218983904953,-0.269336742321828,-0.4064648905525624,0.02948094263878532,-0.2227263359225142,-0.21519995437779663,0.12795271038909573,-0.0870760919481482,-0.157190873070775,0.14912798190986026,-0.23286697181788613,0.6226770137657607,-0.1695988770285573,-0.07168723500613054,0.11429196776844176,0.17356387145909563,0.19797342811534477,-0.13558233988136803,0.01253859449703728,0.07354349401128876
0.16762474979439476,-0.013475134264537886,0.142370117493859,0.29816276940487885,0.09811781730460999,0.42871645246154605,0.27212849498633074,0.421128726936832,-0.5700762951841536,-0.00904948184310006,0.3161394218924613,0.3956443840929634,-0.24586507579068076,-0.6206276042697904,-0.03119057990394897,-0.10458967622177984,0.35294165415432055,-0.12420220972203395,0.1739106443746063,-0.43199742797246654,-0.38313405317256716,-0.4526634806042321,0.28243166690626315,0.3644208463596395,-0.4642282810313259,-0.18657997693105707,-0.27335782443686457,0.1666597066593963,0.18873256915973363,0.3257005210325719
0.45151551699400555,-0.3249848826972687,0.29816276940487885,2.9802610109067342,-0.44935277450320893,-0.37115238009491514,-0.8839503002579356,1.0669098074867893,-1.7161342790296124,-0.13059549330619222,0.039639769461834555,2.6693466459886825,2.8964720555960457,-1.0674411732223896,1.7261845932564739,1.5679248699446777,-0.5417589253139896,0.524451130488912,1.4814022643795632,-1.7639317490269233,1.3341155304178776,-5.55086550117695,1.7255877421982606,1.0584496189663712,-1.5306201877417047,-1.628351161923096,-1.9386810558437224,1.3001150047274206,0.15388222766228413,-0.14648360613824724
0.08760152122643973,0.07320246122513191,0.09811781730460999,-0.44935277450320893,0.24964500940210896,0.6482109845637778,0.5916740010159303,0.23883370983245206,-0.24773586103597306,0.024801157787190067,0.390900281132924,-0.23898864143810578,-1.1176901625950433,-0.4923079138411567,-0.5194719984067891,-0.568803003519757,0.5992899393226987,-0.30368016193091313,-0.19068636209768514,-0.058897824831780264,-0.8579310002883593,0.9674640685453493,-0.12058945003301755,0.1690836064619226,-0.164734402400468,0.21542044908980695,0.19136298058015538,-0.14951119396269547,0.19716994495132742,0.454794641070027
0.4506739372011449,0.11927203090700113,0.42871645246154605,-0.37115238009491514,0.6482109845637778,1.974620255300562,1.6026366004670491,1.1685843643948968,-1.435456631719581,0.03291794166261474,1.287316610117152,0.1999100509314795,-2.577954257070715,-1.9940808575348565,-1.0589383938570438,-1.2775715923143776,1.7527943656668739,-0.7966313417754257,-0.07810859665720257,-0.8380809637366289,-2.304643799433206,1.1162459287614466,0.23961800323751456,0.9383538434318508,-1.0972270409440885,0.1047837387256086,-0.08723989753177014,-0.01045831929340151,0.6983842334403912,1.427171458288987
0.2584143754409286,0.15738334585964045,0.27212849498633074,-0.8839503002579356,0.5916740010159303,1.6026366004670491,1.417399081812683,0.6908517609038822,-0.7674186080362423,0.05161726575253851,0.9884282258041774,-0.3797205294072427,-2.5752297547629404,-1.3296806618270924,-1.165215510848949,-1.3027369465037266,1.4651183728528243,-0.721587599243133,-0.35704518976733673,-0.29550049580872284,-2.0508708312670705,1.9753280912531757,-0.16002787846442465,0.5143615448617552,-0.5427760059780604,0.40712216622273084,0.32062321212573014,-0.2683915624020623,0.5097271943841638,1.1339341795201614
0.5037469061133353,-0.06316622300003415,0.421128726936832,1.0669098074867893,0.23883370983245206,1.1685843643948968,0.6908517609038822,1.260296505447804,-1.727400499890858,-0.03549802353506721,0.8863178547031281,1.3149011126302212,-0.45943204913655017,-1.817625095897557,0.04839689696895458,-0.1691364446043162,0.9434348348489386,-0.3057992152010518,0.6021173966832779,-1.3453444168645816,-0.9656371453804364,-1.7004048989872163,0.924505880775964,1.1011554072301648,-1.4171281205459227,-0.6490909299000025,-0.9158502297057194,0.5676428666033471,0.5393600530407957,0.8984372918107754
-0.6935127138006523,0.11975651190939444,-0.5700762951841536,-1.7161342790296124,-0.24773586103597306,-1.435456631719581,-0.7674186080362423,-1.727400499890858,2.398642498823165,0.06093284231069757,-1.1279696706005757,-1.9924056472724703,0.2282349085507976,2.4336894245384477,-0.27226424560386536,0.022740162384762924,-1.129290692598624,0.3234142366590278,-0.9440043349130336,1.9203371320092981,1.0606147776572528,2.8330164672578193,-1.3823761556414293,-1.524695297679001,1.9828025488021601,1.0214941676866267,1.397439640170509,-0.8781696977620986,-0.7022735476526999,-1.1205877057042841
-0.01540382375601924,0.014916382868625391,-0.00904948184310006,-0.13059549330619222,0.024801157787190067,0.03291794166261474,0.05161726575253851,-0.03549802353506721,0.06093284231069757,0.005880904781093514,0.009423249400541536,-0.11234945635218474,-0.146030876446785,0.02841585391242286,-0.08291174922803726,-0.07805800447921402,0.03826824352125599,-0.029287868144748253,-0.06400441061861573,0.06815713962115891,-0.0769220836716453,0.2468713935685737,-0.07167979745719552,-0.03714579362860056,0.0559243897683649,0.07049733967579558,0.08211746278727378,-0.055665783668933363,-5.401077440395838e-4,0.01859377732103846
0.3456910884384658,0.04848218983904953,0.3161394218924613,0.039639769461834555,0.390900281132924,1.287316610117152,0.9884282258041774,0.8863178547031281,-1.1279696706005757,0.009423249400541536,0.8664892160059221,0.3922362817177877,-1.4472836857877653,-1.4395488494481132,-0.5425957448271148,-0.7044185456634038,1.122160374476219,-0.48309332800839266,0.09099108995950404,-0.7322823024325315,-1.4152996134563536,0.21094112035021864,0.327531482058351,0.731217754592961,-0.8833667358853681,-0.08733391768895352,-0.24603821980489565,0.1187846620422669,0.48288856763721694,0.9421996373893746
0.5443509033615226,-0.269336742321828,0.3956443840929634,2.6693466459886825,-0.23898864143810578,0.1999100509314795,-0.3797205294072427,1.3149011126302212,-1.9924056472724703,-0.11234945635218474,0.3922362817177877,2.537865194622825,1.9822927781401123,-1.543235558316475,1.3131529134145832,1.105569245918009,-0.020044638702721676,0.26787094623872015,1.3562090776762985,-1.8719143733608947,0.6046066254343042,-4.854528233267667,1.6710555708217036,1.2434409971620752,-1.7264975120468204,-1.4855476758661021,-1.827157181050281,1.2062860784673475,0.33592082675955026,0.25775066717377976
-0.14399679516076452,-0.4064648905525624,-0.24586507579068076,2.8964720555960457,-1.1176901625950433,-2.577954257070715,-2.5752297547629404,-0.45943204913655017,0.2282349085507976,-0.146030876446785,-1.4472836857877653,1.9822927781401123,5.364497935161998,1.408203023323123,2.6480825862113195,2.768247753321996,-2.464361266678928,1.3505898595872465,1.3174160039349567,-0.4981622238821779,3.7554342477949847,-5.883526454498086,1.1545079829278095,-0.2017888732682321,-0.006920098005053842,-1.4699167339648924,-1.5062610605595004,1.0894160260915087,-0.6754506202462152,-1.7623055407626391
-0.7208306510504566,0.02948094263878532,-0.6206276042697904,-1.0674411732223896,-0.4923079138411567,-1.9940808575348565,-1.3296806618270924,-1.817625095897557,2.4336894245384477,0.02841585391242286,-1.4395488494481132,-1.543235558316475,1.408203023323123,2.7284249988651395,0.312634869575803,0.6321940358376599,-1.6648847449556778,0.6188048654453828,-0.6479371830466549,1.7984863414250063,1.8809199184794487,1.519401106164724,-1.119378372858855,-1.5595034968122854,1.9686948150988448,0.6913199688671273,1.0569097285497107,-0.6327177872365641,-0.8465654370163328,-1.5015730220370058
0.03967847046021362,-0.2227263359225142,-0.03119057990394897,1.7261845932564739,-0.5194719984067891,-1.0589383938570438,-1.165215510848949,0.04839689696895458,-0.27226424560386536,-0.08291174922803726,-0.5425957448271148,1.3131529134145832,2.6480825862113195,0.312634869575803,1.3692020326005048,1.381818137074606,-1.0514081812289138,0.6238392004470485,0.8114691134727136,-0.5587569272610785,1.7086520884975716,-3.401127031311031,0.8005641327758605,0.14469118305608258,-0.32295073893379816,-0.9002721961124258,-0.979046147453867,0.6867469443883553,-0.22489814142749995,-0.7014537306867965
-0.046955831345846785,-0.21519995437779663,-0.10458967622177984,1.5679248699446777,-0.568803003519757,-1.2775715923143776,-1.3027369465037266,-0.1691364446043162,0.022740162384762924,-0.07805800447921402,-0.7044185456634038,1.105569245918009,2.768247753321996,0.6321940358376599,1.381818137074606,1.432333028058164,-1.2308966927759515,0.6863623910347103,0.7196671243704635,-0.3343471443468823,1.9021048269146528,-3.1588232101355564,0.6527378743270967,-0.043773686317499214,-0.08245724859110064,-0.8016719728580189,-0.83547814180008,0.5989923311885783,-0.3217655552197882,-0.8678243587254482
0.3609248747857003,0.12795271038909573,0.35294165415432055,-0.5417589253139896,0.5992899393226987,1.7527943656668739,1.4651183728528243,0.9434348348489386,-1.129290692598624,0.03826824352125599,1.122160374476219,-0.020044638702721676,-2.464361266678928,-1.6648847449556778,-1.0514081812289138,-1.2308966927759515,1.571423719960851,-0.7344896597252709,-0.1763069295948971,-0.603768064313841,-2.1114745849062535,1.3805140403130387,0.08352501415736882,0.7428806696177173,-0.8472269950497173,0.21037328884551337,0.06516538491492911,-0.10396963936747675,0.5991179017705137,1.2579499844097881
-0.1127784008750535,-0.0870760919481482,-0.12420220972203395,0.524451130488912,-0.30368016193091313,-0.7966313417754257,-0.721587599243133,-0.3057992152010518,0.3234142366590278,-0.029287868144748253,-0.48309332800839266,0.26787094623872015,1.3505898595872465,0.6188048654453828,0.6238392004470485,0.6863623910347103,-0.7344896597252709,0.36963856870501427,0.220341108244298,0.09072879153184261,1.0457708749179098,-1.137998092535088,0.1312977603495719,-0.21959063311263916,0.2190297664091976,-0.2493887388144137,-0.2165112538008068,0.1713490314560797,-0.2450367367522321,-0.5600892732382194
0.25239675003014717,-0.157190873070775,0.1739106443746063,1.4814022643795632,-0.19068636209768514,-0.07810859665720257,-0.35704518976733673,0.6021173966832779,-0.9440043349130336,-0.06400441061861573,0.09099108995950404,1.3562090776762985,1.3174160039349567,-0.6479371830466549,0.8114691134727136,0.7196671243704635,-0.1763069295948971,0.220341108244298,0.7422354321855092,-0.93514918154451665,0.5451756742456915,-2.7357119860829555,0.8828081036593781,0.5851647043565091,-0.8318576766511224,-0.8148072351652688,-0.9817957795914336,0.6546062351813231,0.11607081741093025,0.004907258331504912
-0.5452848786957711,0.14912798190986026,-0.43199742797246654,-1.7639317490269233,-0.058897824831780264,-0.8380809637366289,-0.29550049580872284,-1.3453444168645816,1.9203371320092981,0.06815713962115891,-0.7322823024325315,-1.8719143733608947,-0.4981622238821779,1.7984863414250063,-0.5587569272610785,-0.3343471443468823,-0.603768064313841,0.09072879153184261,-0.93514918154451665,1.6242169569796294,0.38337109031140737,3.0523131763969196,-1.2706384790090774,-1.2134689541305959,1.6123400339910614,1.0175353145705366,1.3277339007783897,-0.8525752669296899,-0.4846661372804453,-0.6861211073909297
-0.36000836900355815,-0.23286697181788613,-0.38313405317256716,1.3341155304178776,-0.8579310002883593,-2.304643799433206,-2.0508708312670705,-0.9656371453804364,1.0606147776572528,-0.0769220836716453,-1.4152996134563536,0.6046066254343042,3.7554342477949847,1.8809199184794487,1.7086520884975716,1.9021048269146528,-2.1114745849062535,1.0457708749179098,0.5451756742456915,0.38337109031140737,2.968708282587364,-2.9561262536415995,0.26842881864067575,-0.7129528114966431,0.7429601630232461,-0.6202542825894989,-0.5033637037950135,0.4140409108267167,-0.726836629191966,-1.6280015845544922
-0.7292717856444944,0.6226770137657607,-0.4526634806042321,-5.55086550117695,0.9674640685453493,1.1162459287614466,1.9753280912531757,-1.7004048989872163,2.8330164672578193,0.2468713935685737,0.21094112035021864,-4.854528233267667,-5.883526454498086,1.519401106164724,-3.401127031311031,-3.1588232101355564,1.3805140403130387,-1.137998092535088,-2.7357119860829555,3.0523131763969196,-2.9561262536415995,10.432479185197366,-3.1138485782010163,-1.735558946650448,2.567114377043097,3.011306518261601,3.5384403208402953,-2.388137841786524,-0.12850328858991558,0.5832970404888572
0.3809085317137116,-0.1695988770285573,0.28243166690626315,1.7255877421982606,-0.12058945003301755,0.23961800323751456,-0.16002787846442465,0.924505880775964,-1.3823761556414293,-0.07167979745719552,0.327531482058351,1.6710555708217036,1.1545079829278095,-1.119378372858855,0.8005641327758605,0.6527378743270967,0.08352501415736882,0.1312977603495719,0.8828081036593781,-1.2706384790090774,0.26842881864067575,-3.1138485782010163,1.106260900862962,0.8650790468432631,-1.1897971961251153,-0.9659320070962139,-1.1999733699019284,0.7884691309336569,0.2582269417593282,0.24727033457224976
0.4416633980844362,-0.07168723500613054,0.3644208463596395,1.0584496189663712,0.1690836064619226,0.9383538434318508,0.5143615448617552,1.1011554072301648,-1.524695297679001,-0.03714579362860056,0.731217754592961,1.2434409971620752,-0.2017888732682321,-1.5595034968122854,0.14469118305608258,-0.043773686317499214,0.7428806696177173,-0.21959063311263916,0.5851647043565091,-1.2134689541305959,-0.7129528114966431,-1.735558946650448,0.8650790468432631,0.9698086317689875,-1.258286782240772,-0.632698090190362,-0.8709305505903318,0.5457911532665838,0.45285438565116876,0.7298616065926783
-0.5704258523515091,0.11429196776844176,-0.4642282810313259,-1.5306201877417047,-0.164734402400468,-1.0972270409440885,-0.5427760059780604,-1.4171281205459227,1.9828025488021601,0.0559243897683649,-0.8833667358853681,-1.7264975120468204,-0.006920098005053842,1.9686948150988448,-0.32295073893379816,-0.08245724859110064,-0.8472269950497173,0.2190297664091976,-0.8318576766511224,1.6123400339910614,0.7429601630232461,2.567114377043097,-1.1897971961251153,-1.258286782240772,1.6462151093982489,0.901769209572212,1.2151756736162338,-0.7688620401075038,-0.5582442151071499,-0.8657082479010162
-0.27246354591446265,0.17356387145909563,-0.18657997693105707,-1.628351161923096,0.21542044908980695,0.1047837387256086,0.40712216622273084,-0.6490909299000025,1.0214941676866267,0.07049733967579558,-0.08733391768895352,-1.4855476758661021,-1.4699167339648924,0.6913199688671273,-0.9002721961124258,-0.8016719728580189,0.21037328884551337,-0.2493887388144137,-0.8148072351652688,1.0175353145705366,-0.6202542825894989,3.011306518261601,-0.9659320070962139,-0.632698090190362,0.901769209572212,0.8946855821509039,1.0759562313897295,-0.7180504391193276,-0.12055015248999294,0.008424903573777424
-0.38011035430377943,0.19797342811534477,-0.27335782443686457,-1.9386810558437224,0.19136298058015538,-0.08723989753177014,0.32062321212573014,-0.9158502297057194,1.397439640170509,0.08211746278727378,-0.24603821980489565,-1.827157181050281,-1.5062610605595004,1.0569097285497107,-0.979046147453867,-0.83547814180008,0.06516538491492911,-0.2165112538008068,-0.9817957795914336,1.3277339007783897,-0.5033637037950135,3.5384403208402953,-1.1999733699019284,-0.8709305505903318,1.2151756736162338,1.0759562313897295,1.3171462719939562,-0.8715484427177869,-0.22239963172276148,-0.14484861100309182
0.23678105073597217,-0.13558233988136803,0.1666597066593963,1.3001150047274206,-0.14951119396269547,-0.01045831929340151,-0.2683915624020623,0.5676428666033471,-0.8781696977620986,-0.055665783668933363,0.1187846620422669,1.2062860784673475,1.0894160260915087,-0.6327177872365641,0.6867469443883553,0.5989923311885783,-0.10396963936747675,0.1713490314560797,0.6546062351813231,-0.8525752669296899,0.4140409108267167,-2.388137841786524,0.7884691309336569,0.5457911532665838,-0.7688620401075038,-0.7180504391193276,-0.8715484427177869,0.5790603707509554,0.12348427913641255,0.046752004468909904
0.2119320351076612,0.01253859449703728,0.18873256915973363,0.15388222766228413,0.19716994495132742,0.6983842334403912,0.5097271943841638,0.5393600530407957,-0.7022735476526999,-5.401077440395838e-4,0.48288856763721694,0.33592082675955026,-0.6754506202462152,-0.8465654370163328,-0.22489814142749995,-0.3217655552197882,0.5991179017705137,-0.2450367367522321,0.11607081741093025,-0.4846661372804453,-0.726836629191966,-0.12850328858991558,0.2582269417593282,0.45285438565116876,-0.5582442151071499,-0.12055015248999294,-0.22239963172276148,0.12348427913641255,0.27494478189722876,0.5166956726094816
0.3481645126098093,0.07354349401128876,0.3257005210325719,-0.14648360613824724,0.454794641070027,1.427171458288987,1.1339341795201614,0.8984372918107754,-1.1205877057042841,0.01859377732103846,0.9421996373893746,0.25775066717377976,-1.7623055407626391,-1.5015730220370058,-0.7014537306867965,-0.8678243587254482,1.2579499844097881,-0.5600892732382194,0.004907258331504912,-0.6861211073909297,-1.6280015845544922,0.5832970404888572,0.24727033457224976,0.7298616065926783,-0.8657082479010162,0.008424903573777424,-0.14484861100309182,0.046752004468909904,0.5166956726094816,1.036596897455247
