V1,V2,V3,V4,V5,V6,V7,V8,V9,V10,V11,V12,V13,V14,V15,V16,V17,V18,V19,V20,V21,V22,V23,V24,V25,V26,V27,V28,V29,V30
0.5048442802488757,-0.7353334074332346,0.4815633803899041,0.5522652096525514,0.2269280246961739,0.5598378529729987,0.1684370606509469,0.41365410068858316,-0.10514227597204874,-0.22001474412291358,0.21421908132334758,0.09011771274991974,-0.593576939485135,-0.5432080363995901,0.2919637185444365,-0.5873522191488896,1.200785012766525,-0.20029939233480584,0.319453376753395,-0.08250993362777573,-0.713692337572657,-0.1577383989731809,1.36067118725334,1.128979961976743,-0.3098379474825708,0.2270756237569984,-0.28086809829910997,-0.21585359563435508,-0.15666006754372142,0.05201471078205384
-0.7353334074332346,1.4031977362221462,-0.6517983570342797,-2.286661861535121,0.18800287312884503,0.4018695139381835,1.0215991861985905,-0.3988706557754342,-0.013377084500303617,0.4313210141877854,0.39944063852494327,-1.0688602656666661,-1.6890328750537684,0.11975532275315476,-1.7812767656445796,-0.4086175815881127,-0.715205804748456,-0.3497582113018289,-1.1471440201893752,0.3235803145400883,-0.7209437154211424,3.0847296160942284,-2.760410721277992,-1.7051055444537615,0.4512971794503953,0.3251236955018556,1.1640776543061935,-0.15847062445745097,0.6126542770839791,0.8208172575389462
0.4815633803899041,-0.6517983570342797,0.47977494658986103,0.2968258103512543,0.3027299401859313,0.7191668430932897,0.35654130974467374,0.431140642098223,-0.12601192118686466,-0.1947144963576678,0.31275022294618016,-0.0533512003520946,-0.9569975038344316,-0.6216094583182317,0.07275198486317987,-0.7473001668663932,1.3099521728712746,-0.2909485556999318,0.2002598807448258,-0.04772649230660687,-0.9503140894555056,0.2867883659910933,1.180770295696386,1.0712831741243274,-0.2965420745346697,0.30869498076423607,-0.15701109622018172,-0.2805408745248654,-0.09237223023441168,0.18882701522128767
0.5522652096525514,-2.286661861535121,0.2968258103512543,7.224565819092229,-2.071576366260084,-4.822167973480018,-5.473996368464066,-0.46028559504290256,0.6286690413662495,-0.734481861401319,-2.942078019283826,4.282291668889119,10.752702763322835,2.404321067591576,6.372927047122919,4.997688582708822,-3.3065666857579923,2.646369609730887,3.3940075270849848,-0.9983572446281682,7.079985119868054,-12.92042579205746,4.963316142887162,1.5035957231833885,-0.3382974446136461,-2.674686024600364,-3.675243323349666,1.8767692427110128,-1.886899170077779,-3.947695566149133
0.2269280246961739,0.18800287312884503,0.3027299401859313,-2.071576366260084,0.9174763953159366,2.1542862586092424,2.0580752291161666,0.5080043174695051,-0.3077996961144874,0.0732187196155969,1.2084382533231735,-1.4227278418961276,-4.259714181043665,-1.2945523226114701,-1.9878707774416393,-2.2363010211923604,2.160521724954898,-1.0942695751645963,-0.9226329673024942,0.2808533489535193,-3.0736174659052566,4.393449674557004,-0.6043475111290482,0.415059960940053,-0.13994168622547612,1.1220121967480001,1.0511221032822788,-0.8379632294159655,0.5295506364403304,1.4266529213459063
0.5598378529729987,0.4018695139381835,0.7191668430932897,-4.822167973480018,2.1542862586092424,5.0830470081274095,4.831746708218376,1.2065925307043037,-0.7271094037757713,0.1619554216734325,2.84558547741153,-3.336158279672555,-10.019511886148209,-3.0640484316991574,-4.646802022170953,-5.28388414750374,5.122999660350037,-2.574242200161862,-2.1453428864888022,0.6541085987344989,-7.245191007842532,10.29121224964099,-1.3445780417593947,1.030418125455668,-0.3438343533914736,2.654088208675335,2.4550431270475612,-1.973444213839818,1.2352574403147805,3.3449537504367726
0.1684370606509469,1.0215991861985905,0.35654130974467374,-5.473996368464066,2.0580752291161666,4.831746708218376,4.892154934363376,0.9178828653783156,-0.6706908238101724,0.34873772233776495,2.7863561270762407,-3.5459362658769256,-9.943265965371495,-2.7440384170918932,-5.076591755561088,-5.016949008513748,4.349092482252838,-2.515841656980307,-2.4955599281500005,0.7486220661448975,-6.956599030129502,10.842851916826737,-2.516041336430325,0.14693675455776067,-0.10387249868484744,2.574544565253313,2.785132693629388,-1.877773041187415,1.4140699189536194,3.4399422859155373
0.41365410068858316,-0.3988706557754342,0.431140642098223,-0.46028559504290256,0.5080043174695051,1.2065925307043037,0.9178828653783156,0.46668379771434243,-0.1886418472642235,-0.11297096040106015,0.6127220842800379,-0.5006423688452817,-2.0563607581111336,-0.858238855855535,-0.5936388952773282,-1.2554346110714043,1.6224746623267867,-0.559335568687747,-0.15751231110798578,0.057377287640992945,-1.6672032454018526,1.6262000762305588,0.6371846522387162,0.8894661194183706,-0.25433945209103676,0.58539200863289,0.23185139743347472,-0.46866771013108244,0.10717893307765347,0.5947961120395657
-0.10514227597204874,-0.013377084500303617,-0.12601192118686466,0.6286690413662495,-0.3077996961144874,-0.7271094037757713,-0.6706908238101724,-0.1886418472642235,0.10543883304319818,-0.009666502892045802,-0.4014469636918854,0.45125269825908154,1.4044878215058643,0.4499730962400369,0.619243409666066,0.7559860345687742,-0.7690373856151423,0.3635987862013028,0.27548143463595776,-0.08482976965692518,1.031683129776505,-1.3991972693770711,0.10698639712776303,-0.20492587330091072,0.06459233798750567,-0.3757371961254722,-0.3198951521266391,0.2822903069009448,-0.1601050034891844,-0.46067740842560057
-0.22001474412291358,0.4313210141877854,-0.1947144963576678,-0.734481861401319,0.0732187196155969,0.1619554216734325,0.34873772233776495,-0.11297096040106015,-0.009666502892045802,0.13303673354177312,0.14387291443304465,-0.35229336905497083,-0.5926121016066259,0.012965543609747084,-0.579486692777691,-0.16614603421186244,-0.17935758836163368,-0.1263811879744283,-0.3665134548552222,0.1037820481581741,-0.2758448798106141,1.0204698647667019,-0.8527402696809483,-0.5126435799878206,0.1351375001270788,0.12058389150594045,0.37459330543497193,-0.06332479851882195,0.19663665745031755,0.27600747437776246
0.21421908132334758,0.39944063852494327,0.31275022294618016,-2.942078019283826,1.2084382533231735,2.84558547741153,2.7863561270762407,0.6127220842800379,-0.4014469636918854,0.14387291443304465,1.6152147493822773,-1.9699988542674935,-5.723280799444628,-1.6692861676738806,-2.78124708798568,-2.9567300961464844,2.725599151379566,-1.4597709605020415,-1.3253940503003432,0.40077315143191133,-4.07488436432021,6.05024183104452,-1.09037492029076,0.34962669143638875,-0.13163119640158819,1.5002922872355495,1.4976964874074195,-1.1051483391231713,0.757009592574183,1.943423358280473
0.09011771274991974,-1.0688602656666661,-0.0533512003520946,4.282291668889119,-1.4227278418961276,-3.336158279672555,-3.5459362658769256,-0.5006423688452817,0.45125269825908154,-0.35229336905497083,-1.9699988542674935,2.662848754328914,7.10199380939863,1.798281747570415,3.8797812534547655,3.463728650826991,-2.703343333205812,1.7748892439017805,1.9816213350156109,-0.588864769892569,4.8418035452221675,-8.086735310887708,2.440491794862868,0.3730369732435034,-0.055370226708845234,-1.8112545265722628,-2.181450756244725,1.2960899469023022,-1.1132955427124855,-2.5213274078349754
-0.593576939485135,-1.6890328750537684,-0.9569975038344316,10.752702763322835,-4.259714181043665,-10.019511886148209,-9.943265965371495,-2.0563607581111336,1.4044878215058643,-0.5926121016066259,-5.723280799444628,7.10199380939863,20.337313835907747,5.803246844424199,10.084357742860977,10.408220762633874,-9.367165728094971,5.170438960444451,4.86842385260768,-1.4671991895171446,14.378754602621473,-21.771935220450583,4.386219048978719,-0.8633012464010987,0.3649935090810187,-5.305294151425131,-5.472879331065982,3.8922053291236924,-2.7714407623345663,-6.958033030626388
-0.5432080363995901,0.11975532275315476,-0.6216094583182317,2.404321067591576,-1.2945523226114701,-3.0640484316991574,-2.7440384170918932,-0.858238855855535,0.4499730962400369,0.012965543609747084,-1.6692861676738806,1.798281747570415,5.803246844424199,1.9426462459969165,2.427904559830858,3.1870832055036944,-3.384380031771257,1.5133485595517964,1.035295220085521,-0.3225517589581503,4.328439160217054,-5.604416582269238,0.10997017884506698,-1.0929206564418517,0.33361939131838103,-1.5688097929485907,-1.2235821657551578,1.1891692406414467,-0.6085821351731484,-1.8697415874269014
0.2919637185444365,-1.7812767656445796,0.07275198486317987,6.372927047122919,-1.9878707774416393,-4.646802022170953,-5.076591755561088,-0.5936388952773282,0.619243409666066,-0.579486692777691,-2.78124708798568,3.8797812534547655,10.084357742860977,2.427904559830858,5.705694857501968,4.820818545055886,-3.528614100544335,2.504155861133871,2.969072110230214,-0.8782632295792823,6.776165269309503,-11.749563146510006,3.9654990493765334,0.8998357816315429,-0.1789514793201097,-2.5449171687535057,-3.244254478135883,1.806689589091443,-1.6601507929132264,-3.631575367469066
-0.5873522191488896,-0.4086175815881127,-0.7473001668663932,4.997688582708822,-2.2363010211923604,-5.28388414750374,-5.016949008513748,-1.2554346110714043,0.7559860345687742,-0.16614603421186244,-2.9567300961464844,3.463728650826991,10.408220762633874,3.1870832055036944,4.820818545055886,5.49482840594003,-5.330224002795013,2.674008480936637,2.223038748336288,-0.6780549190933131,7.529717247445191,-10.680896171238443,1.3798441424917491,-1.082044884994876,0.36033072153068274,-2.7612441684295783,-2.546913571314703,2.0503046701586563,-1.2810694261958493,-3.472120518363782
1.200785012766525,-0.715205804748456,1.3099521728712746,-3.3065666857579923,2.160521724954898,5.122999660350037,4.349092482252838,1.6224746623267867,-0.7690373856151423,-0.17935758836163368,2.725599151379566,-2.703343333205812,-9.367165728094971,-3.384380031771257,-3.528614100544335,-5.330224002795013,6.081642161413012,-2.4762430608869352,-1.3644235927965298,0.4372899714400935,-7.182082578413432,8.519255622252274,0.8125936423926433,2.499088666625112,-0.7377232174768952,2.5769393397803704,1.6803573878415632,-1.9883312027082825,0.8237546386716058,2.9184080609231042
-0.20029939233480584,-0.3497582113018289,-0.2909485556999318,2.646369609730887,-1.0942695751645963,-2.574242200161862,-2.515841656980307,-0.559335568687747,0.3635987862013028,-0.1263811879744283,-1.4597709605020415,1.7748892439017805,5.170438960444451,1.5133485595517964,2.504155861133871,2.674008480936637,-2.4762430608869352,1.319731502726403,1.1909742327858914,-0.36029471584524714,3.6853739672000487,-5.454853567234639,0.9640418061071335,-0.3317887092286757,0.12323568463886093,-1.3550144917363864,-1.346143919994518,1.0001904517956557,-0.680294486707377,-1.753928056580111
0.319453376753395,-1.1471440201893752,0.2002598807448258,3.3940075270849848,-0.9226329673024942,-2.1453428864888022,-2.4955599281500005,-0.15751231110798578,0.27548143463595776,-0.3665134548552222,-1.3253940503003432,1.9816213350156109,4.86842385260768,1.035295220085521,2.969072110230214,2.223038748336288,-1.3644235927965298,1.1909742327858914,1.6023791377176562,-0.4698775401295148,3.163681657322997,-5.962780283697195,2.4593489192219273,0.8382838170951319,-0.19586290396874853,-1.2015441132018627,-1.7272062791026908,0.834945614779655,-0.8883153394653078,-1.8086765114309653
-0.08250993362777573,0.3235803145400883,-0.04772649230660687,-0.9983572446281682,0.2808533489535193,0.6541085987344989,0.7486220661448975,0.057377287640992945,-0.08482976965692518,0.1037820481581741,0.40077315143191133,-0.588864769892569,-1.4671991895171446,-0.3225517589581503,-0.8782632295792823,-0.6780549190933131,0.4372899714400935,-0.36029471584524714,-0.4698775401295148,0.13807088064076287,-0.9617396210741074,1.7746074851697553,-0.6991738640128123,-0.22152310436209638,0.05059459466753595,0.3642662189830821,0.508155151212881,-0.25448267074743863,0.2610304959596463,0.5407884158743423
-0.713692337572657,-0.7209437154211424,-0.9503140894555056,7.079985119868054,-3.0736174659052566,-7.245191007842532,-6.956599030129502,-1.6672032454018526,1.031683129776505,-0.2758448798106141,-4.07488436432021,4.8418035452221675,14.378754602621473,4.328439160217054,6.776165269309503,7.529717247445191,-7.182082578413432,3.6853739672000487,3.163681657322997,-0.9617396210741074,10.34330223104321,-14.914679526857416,2.2032619993423426,-1.2760955154620472,0.4385042318639934,-3.794402705171613,-3.6036276663968128,2.8135317067625123,-1.8161629132237722,-4.82833224073876
-0.1577383989731809,3.0847296160942284,0.2867883659910933,-12.92042579205746,4.393449674557004,10.29121224964099,10.842851916826737,1.6262000762305588,-1.3991972693770711,1.0204698647667019,6.05024183104452,-8.086735310887708,-21.771935220450583,-5.604416582269238,-11.749563146510006,-10.680896171238443,8.519255622252274,-5.454853567234639,-5.962780283697195,1.7746074851697553,-14.914679526857416,24.59826849982954,-7.117652183693372,-0.8715427845537647,0.0960027800973087,5.561799863527926,6.57567643225532,-4.000461495130328,3.3533840572080513,7.69469727141136
1.36067118725334,-2.760410721277992,1.180770295696386,4.963316142887162,-0.6043475111290482,-1.3445780417593947,-2.516041336430325,0.6371846522387162,0.10698639712776303,-0.8527402696809483,-1.09037492029076,2.440491794862868,4.386219048978719,0.10997017884506698,3.9654990493765334,1.3798441424917491,0.8125936423926433,0.9640418061071335,2.4593489192219273,-0.6991738640128123,2.2032619993423426,-7.117652183693372,5.492157173450163,3.1848781406617963,-0.8350233560632281,-0.924908326480942,-2.526487191263242,0.5268570516274169,-1.3233767029142725,-1.9616539784149152
1.128979961976743,-1.7051055444537615,1.0712831741243274,1.5035957231833885,0.415059960940053,1.030418125455668,0.14693675455776067,0.8894661194183706,-0.20492587330091072,-0.5126435799878206,0.34962669143638875,0.3730369732435034,-0.8633012464010987,-1.0929206564418517,0.8998357816315429,-1.082044884994876,2.499088666625112,-0.3317887092286757,0.8382838170951319,-0.22152310436209638,-1.2760955154620472,-0.8715427845537647,3.1848781406617963,2.5367240006396456,-0.6931507828682206,0.3864190686643529,-0.7665416542368706,-0.3973692151080168,-0.4206825575627407,-0.046101910924995756
-0.3098379474825708,0.4512971794503953,-0.2965420745346697,-0.3382974446136461,-0.13994168622547612,-0.3438343533914736,-0.10387249868484744,-0.25433945209103676,0.06459233798750567,0.1351375001270788,-0.13163119640158819,-0.055370226708845234,0.3649935090810187,0.33361939131838103,-0.1789514793201097,0.36033072153068274,-0.7377232174768952,0.12323568463886093,-0.19586290396874853,0.05059459466753595,0.4385042318639934,0.0960027800973087,-0.8350233560632281,-0.6931507828682206,0.1902325209324319,-0.13891027528380892,0.17252446643212302,0.1327785937117189,0.09617730024309322,-0.03232076462863742
0.2270756237569984,0.3251236955018556,0.30869498076423607,-2.674686024600364,1.1220121967480001,2.654088208675335,2.574544565253313,0.58539200863289,-0.3757371961254722,0.12058389150594045,1.5002922872355495,-1.8112545265722628,-5.305294151425131,-1.5688097929485907,-2.5449171687535057,-2.7612441684295783,2.5769393397803704,-1.3550144917363864,-1.2015441132018627,0.3642662189830821,-3.794402705171613,5.561799863527926,-0.924908326480942,0.3864190686643529,-0.13891027528380892,1.399939035580364,1.3653516835738653,-1.0290423034993659,0.6889055133676284,1.7914505503052907
-0.28086809829910997,1.1640776543061935,-0.15701109622018172,-3.675243323349666,1.0511221032822788,2.4550431270475612,2.785132693629388,0.23185139743347472,-0.3198951521266391,0.37459330543497193,1.4976964874074195,-2.181450756244725,-5.472879331065982,-1.2235821657551578,-3.244254478135883,-2.546913571314703,1.6803573878415632,-1.346143919994518,-1.7272062791026908,0.508155151212881,-3.6036276663968128,6.57567643225532,-2.526487191263242,-0.7665416542368706,0.17252446643212302,1.3653516835738653,1.8726324281064903,-0.9541899253634992,0.9611296391608596,2.008259002600862
-0.21585359563435508,-0.15847062445745097,-0.2805408745248654,1.8767692427110128,-0.8379632294159655,-1.973444213839818,-1.877773041187415,-0.46866771013108244,0.2822903069009448,-0.06332479851882195,-1.1051483391231713,1.2960899469023022,3.8922053291236924,1.1891692406414467,1.806689589091443,2.0503046701586563,-1.9883312027082825,1.0001904517956557,0.834945614779655,-0.25448267074743863,2.8135317067625123,-4.000461495130328,0.5268570516274169,-0.3973692151080168,0.1327785937117189,-1.0290423034993659,-0.9541899253634992,0.7667445239702614,-0.48027091723795323,-1.3003106997767868
-0.15666006754372142,0.6126542770839791,-0.09237223023441168,-1.886899170077779,0.5295506364403304,1.2352574403147805,1.4140699189536194,0.10717893307765347,-0.1601050034891844,0.19663665745031755,0.757009592574183,-1.1132955427124855,-2.7714407623345663,-0.6085821351731484,-1.6601507929132264,-1.2810694261958493,0.8237546386716058,-0.680294486707377,-0.8883153394653078,0.2610304959596463,-1.8161629132237722,3.3533840572080513,-1.3233767029142725,-0.4206825575627407,0.09617730024309322,0.6889055133676284,0.9611296391608596,-0.48027091723795323,0.4936646017858516,1.0215324707897504
0.05201471078205384,0.8208172575389462,0.18882701522128767,-3.947695566149133,1.4266529213459063,3.3449537504367726,3.4399422859155373,0.5947961120395657,-0.46067740842560057,0.27600747437776246,1.943423358280473,-2.5213274078349754,-6.958033030626388,-1.8697415874269014,-3.631575367469066,-3.472120518363782,2.9184080609231042,-1.753928056580111,-1.8086765114309653,0.5407884158743423,-4.82833224073876,7.69469727141136,-1.9616539784149152,-0.046101910924995756,-0.03232076462863742,1.7914505503052907,2.008259002600862,-1.3003106997767868,1.0215324707897504,2.4276802221966465
