V1,V2,V3,V4,V5,V6,V7,V8,V9,V10,V11,V12,V13,V14,V15,V16,V17,V18,V19,V20,V21,V22,V23,V24,V25,V26,V27,V28,V29,V30
0.9884494207916423,-0.1587433164344651,0.4977491902621136,-0.17949020502634258,0.17529230670953497,0.18307341952408668,-0.16835307891362009,0.09214131151907637,0.30508508947085616,0.05092324880895149,-0.03221826797884012,0.06446269167572134,-0.010584395419416666,0.14565153161528244,0.15375257770078404,-0.28072493138353644,0.019946552292075655,-0.18978667792338846,0.2987466559756016,0.4093267901235245,-0.4013375889593841,-0.2196346834104397,-0.14808099220327728,-0.04471976727537476,-0.20360726725015976,0.025391048125658896,-0.2661497298307483,-0.04145528053545658,0.10827323812384083,-0.09295783686302403
-0.1587433164344651,1.072330165029278,0.10977426398414962,-0.05850408673788188,-0.265500114499846,0.1936223660639897,-0.1518099035848136,-0.08361641110992561,-0.11853910701658439,-0.01200762791928576,0.033380705481393415,0.03401154484270449,-0.06960987190923806,0.2150579362059747,-0.048378034368705615,0.3519232148748425,-0.343360323042257,-0.18763402936740398,-0.2852394030112545,-0.18301890014435404,-0.2771746433107144,0.4732784585776771,0.18703590926186692,-0.3120961707312479,0.22787249905975662,-0.2403278217663119,-0.07346921408068313,-0.3867960110199239,-0.4024541732761137,-0.0817744676536549
0.4977491902621136,0.10977426398414962,0.9131611357697766,-0.17488158125392658,0.13147013769857716,-0.002122400629320734,-0.038928055586472374,0.12371367886577243,0.4594364344283915,-0.09962217926473275,-0.34824584448588825,-0.02116478464532483,-0.1854611348448658,0.16335140386490285,-0.2579558109964469,-0.08065472617376825,-0.05222673455712155,-0.3743644458647671,-0.044054012153831416,0.23687729631650728,0.016894545707309905,0.08513275259242171,-0.07310569095031184,-0.2636474430469623,-0.043458170394050824,0.09443534199388041,-0.21827369172270772,-0.20345751628301523,-0.03471012348787236,0.19028537457716344
-0.17949020502634258,-0.05850408673788188,-0.17488158125392658,0.8149898002599315,0.08189951370716202,0.007623679413004663,-0.0166730388808216,-0.4990988294842362,0.18466728425445852,0.046173882216197386,0.19581950324815833,-0.030221292851173514,-0.0765080560030938,0.17077106192738906,-0.07413080562968509,0.292503180726568,0.09385756065647574,0.0010030252040660003,-0.052826224471275954,-0.15077426628406082,0.2528881756093965,0.04569485217784716,0.0646076249610154,0.1066596319843196,-0.003898311781467439,-0.21619616750085183,0.09374136048753999,0.3145754233023799,-0.24030256380408807,-0.23364857818559767
0.17529230670953497,-0.265500114499846,0.13147013769857716,0.08189951370716202,1.1486514800303376,0.3992322967116555,-0.08402420203327064,0.018891169800198677,0.07443048932819037,-0.22781261604446318,-0.4373616848862161,0.18622963754076835,0.19467713238965637,0.23428672033261935,0.08015746299577271,-0.011251638627802095,0.10266584773365178,-0.18958870449453297,0.3965384519935385,0.03254022772875937,-0.15462847925395515,0.08792094460607265,0.002994393951316407,0.7214812724050096,-0.0883612224747952,-0.35516947261501935,-0.3046774524332096,0.0323622225723451,0.21214869485229712,-0.1257555281460638
0.18307341952408668,0.1936223660639897,-0.002122400629320734,0.007623679413004663,0.3992322967116555,1.4882871005563543,-0.5045789595756633,-0.1823881402626134,0.1366342838335903,0.1547030142732638,-0.38272306007970525,0.038282149163175926,0.5894216111445362,0.11140538984325038,0.4006158075340947,0.4536554850559546,-0.006806120761433883,-0.0653252322467863,0.21334938594068145,-0.14333481810255236,-0.24776972180144807,0.15609520556023473,0.2796830767511297,0.18947136423394315,0.014805344148866442,-0.14183952840381964,-0.08346737532578248,-0.10433225459059528,-0.29294728960676364,-0.02033629212888748
-0.16835307891362009,-0.1518099035848136,-0.038928055586472374,-0.0166730388808216,-0.08402420203327064,-0.5045789595756633,0.6922047668535878,-0.0381198417408902,-0.10890270165851668,-0.2488712612447372,0.3463732658246406,0.0039958851804479355,-0.15626861726316596,-0.07987163142614181,-0.1436079218215724,-0.10866340300074169,0.01936843427744259,-0.2723056939272078,-0.24652272294747016,0.06914071965518258,0.16584518042385982,0.15018039454057283,-0.004129820750228683,-0.09019997405320802,-0.15064728142881126,0.06824636357413803,0.07802682151648016,0.040088490287893776,0.049884090909995765,0.07187002564515788
0.09214131151907637,-0.08361641110992561,0.12371367886577243,-0.4990988294842362,0.018891169800198677,-0.1823881402626134,-0.0381198417408902,1.061301748115522,-0.3778524479224436,-0.13644990529096027,0.10690981847702855,-0.009006523007053444,0.31173854156785624,-0.3372003840320442,-0.07656421616007802,-0.3928248976656243,0.14071928007802992,0.04335057702682807,-0.157283097617392,0.10809368225310448,-0.20582539433054242,-0.21351350740967795,-0.2522442074460896,-0.06544668314048468,0.11143352869177238,0.22958820242284886,-0.012761119320064072,-0.048392449290627595,0.26234361295442143,0.11312852495145383
0.30508508947085616,-0.11853910701658439,0.4594364344283915,0.18466728425445852,0.07443048932819037,0.1366342838335903,-0.10890270165851668,-0.3778524479224436,1.3998906376445506,-0.05472038969566883,-0.37773321488913436,-0.5542284011922023,-0.3448505610394896,-0.06791515461287971,-0.24328190645515166,0.12804736750615991,0.32642407670694495,-0.06248298422509285,0.15434560025799002,0.22250842084786826,-0.13734610105069217,0.09368399656103399,0.28155890328779376,-0.1821925189408232,0.02479766550217795,0.17645601662589822,-0.15095732030083658,0.11615473055776748,-0.23548385868465313,0.22969618732903435
0.05092324880895149,-0.01200762791928576,-0.09962217926473275,0.046173882216197386,-0.22781261604446318,0.1547030142732638,-0.2488712612447372,-0.13644990529096027,-0.05472038969566883,1.1039034741046834,0.1345314588545224,0.1382770780740534,-0.22749377052351755,0.21636442511396764,-0.18186672939887263,-0.1591776921546566,2.839308736260575e-4,0.10108156035091953,-0.37051085981155457,0.06422280969611882,0.08644833288884705,-0.18588185346938443,0.19596204826552546,-0.23218249492082477,-0.02660626752708029,0.2974339121270836,0.4186084237490546,0.15066413449518967,-0.3306311263879028,-0.02475693552252618
-0.03221826797884012,0.033380705481393415,-0.34824584448588825,0.19581950324815833,-0.4373616848862161,-0.38272306007970525,0.3463732658246406,0.10690981847702855,-0.37773321488913436,0.1345314588545224,1.3289166031858117,0.1238328809429912,0.12194433199329824,0.10443531728051263,-0.002745393803694351,-0.28591140762966066,-0.359854686214025,0.06243236981826163,-0.0980062719788784,-0.15283982491066236,0.28509466889485086,0.005792821260791197,0.009549052216820356,-0.21064835446047506,-0.05357896142492541,0.431992337101587,0.3276469678849805,0.45479370346417736,-0.13523738550344414,-0.10200136576026086
0.06446269167572134,0.03401154484270449,-0.02116478464532483,-0.030221292851173514,0.18622963754076835,0.038282149163175926,0.0039958851804479355,-0.009006523007053444,-0.5542284011922023,0.1382770780740534,0.1238328809429912,1.0089539570913022,-0.0288563445953561,0.08727168745695524,0.09477730392854179,0.07396450932357457,-0.4442707916725445,-0.08655660716846346,0.00202662693094324,-0.10950857835187114,0.07954416423081545,-0.06377628223116467,-0.00740374530852912,-0.019003671194026746,-0.3076837530365718,-0.11837372336196908,0.048481332139905325,0.13863497194182,-0.16896560564810478,0.08028864363617247
-0.010584395419416666,-0.06960987190923806,-0.1854611348448658,-0.0765080560030938,0.19467713238965637,0.5894216111445362,-0.15626861726316596,0.31173854156785624,-0.3448505610394896,-0.22749377052351755,0.12194433199329824,-0.0288563445953561,1.0172666626497544,-0.022806836263130723,0.4018168825375449,-0.14302217156023325,0.07762076081516367,0.18728885281247296,0.1498286206419846,-0.08532480490058876,-0.11730887919443322,0.11476994776654764,-0.01812714529468043,0.15738219293043978,-0.2750201820600865,0.17009873271919274,0.22898084336744212,0.03427795615825886,0.2688967073002603,-0.1637711251414087
0.14565153161528244,0.2150579362059747,0.16335140386490285,0.17077106192738906,0.23428672033261935,0.11140538984325038,-0.07987163142614181,-0.3372003840320442,-0.06791515461287971,0.21636442511396764,0.10443531728051263,0.08727168745695524,-0.022806836263130723,0.9774785301044564,0.041266307441433274,-0.22334971946195137,-0.4108802896231368,-0.19336530642239594,-0.03630709231089574,-0.17128881419867345,0.03658913860394183,0.16983572453585388,0.05037523485552252,0.1739046184844788,-0.045046190814475216,-0.12928782645712336,-0.03567621888977265,-0.18790563726281065,-0.02289316707494625,-0.09106494899274173
0.15375257770078404,-0.048378034368705615,-0.2579558109964469,-0.07413080562968509,0.08015746299577271,0.4006158075340947,-0.1436079218215724,-0.07656421616007802,-0.24328190645515166,-0.18186672939887263,-0.002745393803694351,0.09477730392854179,0.4018168825375449,0.041266307441433274,0.7587746739627728,0.030248090816416415,0.0034097316254740437,0.2186119840276558,0.5469398552568218,-0.2733529161899625,-0.053541992904144506,-0.05694592713917977,-0.03789456636074358,0.173399822353573,-0.12371948759533209,-0.1038374491334774,-0.25698383432993066,-0.012800509881102082,0.16362477222545602,-0.14746660679106846
-0.28072493138353644,0.3519232148748425,-0.08065472617376825,0.292503180726568,-0.011251638627802095,0.4536554850559546,-0.10866340300074169,-0.3928248976656243,0.12804736750615991,-0.1591776921546566,-0.28591140762966066,0.07396450932357457,-0.14302217156023325,-0.22334971946195137,0.030248090816416415,0.811514944392342,-0.031175168048225396,-0.09071877671058005,0.0072141398994570935,-0.15367489803682552,0.06669836880315616,0.1972564606702312,0.16829055216453068,-0.15792447795041778,0.1965060572172508,-0.3505639039723257,-0.1707488464990558,-0.10161648763817324,-0.4804846892604889,0.09529729479557368
0.019946552292075655,-0.343360323042257,-0.05222673455712155,0.09385756065647574,0.10266584773365178,-0.006806120761433883,0.01936843427744259,0.14071928007802992,0.32642407670694495,2.839308736260575e-4,-0.359854686214025,-0.4442707916725445,0.07762076081516367,-0.4108802896231368,0.0034097316254740437,-0.031175168048225396,1.5687987783673367,0.3174382712845531,-0.1312044787326425,0.016858139169537056,-0.293712351672582,-0.30297754734988125,-0.1898031588453874,0.31343217691403913,0.13060633748542244,0.2721237837780859,0.30286971896701037,0.06639961820559545,0.17294402753187874,0.005580639702907193
-0.18978667792338846,-0.18763402936740398,-0.3743644458647671,0.0010030252040660003,-0.18958870449453297,-0.0653252322467863,-0.2723056939272078,0.04335057702682807,-0.06248298422509285,0.10108156035091953,0.06243236981826163,-0.08655660716846346,0.18728885281247296,-0.19336530642239594,0.2186119840276558,-0.09071877671058005,0.3174382712845531,0.725584563998293,0.20553998769601142,-0.15632564433519863,0.23609332229499927,-0.18286863808319784,-0.23222843416745087,0.1293296675792138,-0.025282353221196915,0.1692402956714163,0.13004287212924734,0.16919922519534458,0.2105201028696639,0.024359928449603996
0.2987466559756016,-0.2852394030112545,-0.044054012153831416,-0.052826224471275954,0.3965384519935385,0.21334938594068145,-0.24652272294747016,-0.157283097617392,0.15434560025799002,-0.37051085981155457,-0.0980062719788784,0.00202662693094324,0.1498286206419846,-0.03630709231089574,0.5469398552568218,0.0072141398994570935,-0.1312044787326425,0.20553998769601142,1.5606482079375492,-0.08232559057327633,0.0014890948777109747,-0.005410444129681492,-0.374643328236238,0.34761415983475497,-0.008977019292699163,-0.036411988192923864,-0.28354930207672935,0.22537424197905986,0.7785742468195371,-0.1779796353151183
0.4093267901235245,-0.18301890014435404,0.23687729631650728,-0.15077426628406082,0.03254022772875937,-0.14333481810255236,0.06914071965518258,0.10809368225310448,0.22250842084786826,0.06422280969611882,-0.15283982491066236,-0.10950857835187114,-0.08532480490058876,-0.17128881419867345,-0.2733529161899625,-0.15367489803682552,0.016858139169537056,-0.15632564433519863,-0.08232559057327633,0.9988492177791438,-0.15441375782519579,0.037503321782294895,-0.3649523011053439,-0.2173280134178737,-0.4203082242912477,0.019869434492388153,-0.02080403827887399,-0.15216047344805922,0.4229101582704549,-0.096447049941389
-0.4013375889593841,-0.2771746433107144,0.016894545707309905,0.2528881756093965,-0.15462847925395515,-0.24776972180144807,0.16584518042385982,-0.20582539433054242,-0.13734610105069217,0.08644833288884705,0.28509466889485086,0.07954416423081545,-0.11730887919443322,0.03658913860394183,-0.053541992904144506,0.06669836880315616,-0.293712351672582,0.23609332229499927,0.0014890948777109747,-0.15441375782519579,1.183220495430548,0.1345758375304937,-0.14974856919572943,-0.0675744654630501,-0.030425893930955458,0.2176126555418322,-0.04176128254118395,0.273564886509226,-0.11045532708111569,0.10649695061612688
-0.2196346834104397,0.4732784585776771,0.08513275259242171,0.04569485217784716,0.08792094460607265,0.15609520556023473,0.15018039454057283,-0.21351350740967795,0.09368399656103399,-0.18588185346938443,0.005792821260791197,-0.06377628223116467,0.11476994776654764,0.16983572453585388,-0.05694592713917977,0.1972564606702312,-0.30297754734988125,-0.18286863808319784,-0.005410444129681492,0.037503321782294895,0.1345758375304937,0.8800934286963975,0.0018096208522624055,-0.1577833484982966,0.07078037818952174,-0.06837939620995183,-0.1288855697003666,-0.4110314700926967,-0.3213037849971514,-0.26675007057085975
-0.14808099220327728,0.18703590926186692,-0.07310569095031184,0.0646076249610154,0.002994393951316407,0.2796830767511297,-0.004129820750228683,-0.2522442074460896,0.28155890328779376,0.19596204826552546,0.009549052216820356,-0.00740374530852912,-0.01812714529468043,0.05037523485552252,-0.03789456636074358,0.16829055216453068,-0.1898031588453874,-0.23222843416745087,-0.374643328236238,-0.3649523011053439,-0.14974856919572943,0.0018096208522624055,0.9798317274137948,-0.07738832523564104,0.1480008553843684,0.14677696313362218,0.16933455260523772,0.231559109909736,-0.8415050404520001,0.18370051851084443
-0.04471976727537476,-0.3120961707312479,-0.2636474430469623,0.1066596319843196,0.7214812724050096,0.18947136423394315,-0.09019997405320802,-0.06544668314048468,-0.1821925189408232,-0.23218249492082477,-0.21064835446047506,-0.019003671194026746,0.15738219293043978,0.1739046184844788,0.173399822353573,-0.15792447795041778,0.31343217691403913,0.1293296675792138,0.34761415983475497,-0.2173280134178737,-0.0675744654630501,-0.1577833484982966,-0.07738832523564104,1.1060746407943591,0.11961111127176287,-0.35941888037604963,-0.24786486561148818,0.21760140217073604,0.43954466409675713,-0.34434329946503167
-0.20360726725015976,0.22787249905975662,-0.043458170394050824,-0.003898311781467439,-0.0883612224747952,0.014805344148866442,-0.15064728142881126,0.11143352869177238,0.02479766550217795,-0.02660626752708029,-0.05357896142492541,-0.3076837530365718,-0.2750201820600865,-0.045046190814475216,-0.12371948759533209,0.1965060572172508,0.13060633748542244,-0.025282353221196915,-0.008977019292699163,-0.4203082242912477,-0.030425893930955458,0.07078037818952174,0.1480008553843684,0.11961111127176287,0.8489498273002548,0.035456039370801905,-0.16807452727515612,-0.24601420094272808,-0.534326659194183,-0.04433563074648842
0.025391048125658896,-0.2403278217663119,0.09443534199388041,-0.21619616750085183,-0.35516947261501935,-0.14183952840381964,0.06824636357413803,0.22958820242284886,0.17645601662589822,0.2974339121270836,0.431992337101587,-0.11837372336196908,0.17009873271919274,-0.12928782645712336,-0.1038374491334774,-0.3505639039723257,0.2721237837780859,0.1692402956714163,-0.036411988192923864,0.019869434492388153,0.2176126555418322,-0.06837939620995183,0.14677696313362218,-0.35941888037604963,0.035456039370801905,1.0412137474598961,0.5994480797054313,0.16447737133734464,-0.1608086289347729,0.2814274825015056
-0.2661497298307483,-0.07346921408068313,-0.21827369172270772,0.09374136048753999,-0.3046774524332096,-0.08346737532578248,0.07802682151648016,-0.012761119320064072,-0.15095732030083658,0.4186084237490546,0.3276469678849805,0.048481332139905325,0.22898084336744212,-0.03567621888977265,-0.25698383432993066,-0.1707488464990558,0.30286971896701037,0.13004287212924734,-0.28354930207672935,-0.02080403827887399,-0.04176128254118395,-0.1288855697003666,0.16933455260523772,-0.24786486561148818,-0.16807452727515612,0.5994480797054313,1.0444740988694112,0.27008811173074254,0.05099602385283445,0.22917620174666709
-0.04145528053545658,-0.3867960110199239,-0.20345751628301523,0.3145754233023799,0.0323622225723451,-0.10433225459059528,0.040088490287893776,-0.048392449290627595,0.11615473055776748,0.15066413449518967,0.45479370346417736,0.13863497194182,0.03427795615825886,-0.18790563726281065,-0.012800509881102082,-0.10161648763817324,0.06639961820559545,0.16919922519534458,0.22537424197905986,-0.15216047344805922,0.273564886509226,-0.4110314700926967,0.231559109909736,0.21760140217073604,-0.24601420094272808,0.16447737133734464,0.27008811173074254,1.004588525234107,0.17993545977162356,0.05515050839936265
0.10827323812384083,-0.4024541732761137,-0.03471012348787236,-0.24030256380408807,0.21214869485229712,-0.29294728960676364,0.049884090909995765,0.26234361295442143,-0.23548385868465313,-0.3306311263879028,-0.13523738550344414,-0.16896560564810478,0.2688967073002603,-0.02289316707494625,0.16362477222545602,-0.4804846892604889,0.17294402753187874,0.2105201028696639,0.7785742468195371,0.4229101582704549,-0.11045532708111569,-0.3213037849971514,-0.8415050404520001,0.43954466409675713,-0.534326659194183,-0.1608086289347729,0.05099602385283445,0.17993545977162356,1.7678900667636424,-0.1179471329105885
-0.09295783686302403,-0.0817744676536549,0.19028537457716344,-0.23364857818559767,-0.1257555281460638,-0.02033629212888748,0.07187002564515788,0.11312852495145383,0.22969618732903435,-0.02475693552252618,-0.10200136576026086,0.08028864363617247,-0.1637711251414087,-0.09106494899274173,-0.14746660679106846,0.09529729479557368,0.005580639702907193,0.024359928449603996,-0.1779796353151183,-0.096447049941389,0.10649695061612688,-0.26675007057085975,0.18370051851084443,-0.34434329946503167,-0.04433563074648842,0.2814274825015056,0.22917620174666709,0.05515050839936265,-0.1179471329105885,0.7791418587655171
