V1,V2,V3,V4,V5,V6,V7,V8,V9,V10,V11,V12,V13,V14,V15,V16,V17,V18,V19,V20,V21,V22,V23,V24,V25,V26,V27,V28,V29,V30
0.35881520715086646,-0.41678159645446616,0.29708080681403093,0.6041025342834668,0.25119156431631967,0.5010356055971088,0.010837855389527641,0.025749839014469842,-0.13592190887014977,0.08674254179442197,-0.16862657009893753,0.2985648485788846,0.09719732213230631,-0.16938942833133785,0.4595261362041913,-0.07875492634516869,0.5580546255578244,-0.11332419731390493,0.2774222113635275,-0.1587343267140188,-0.2329697734931141,-0.6365072068410591,0.8930232915014291,0.6388834180543893,-0.6029855452426354,-0.2232399765920571,-0.3373030465819034,-0.03256684532476385,0.0445690805748338,0.025413112828419415
-0.41678159645446616,0.7151339597741978,-0.3071514016495706,-0.7396150376518887,-0.1733393034571033,-0.17528605792577093,0.07718243072578278,-0.23234002484501992,0.15007462568909238,0.024094898003228386,0.0075277391317397305,-0.44306875947398816,-0.17028816733475513,0.21503005499904113,-0.5212675138993915,0.21585876393021416,-0.5546177148045367,0.03164979100332447,-0.2704292404871308,0.07430170622805107,0.11861141790127236,0.831665618076804,-1.1739836939961361,-0.8315009930579295,0.4690674614750279,0.09254216269054465,0.3588878337354629,-1.462313434333828e-4,0.16193114131430028,0.12627210662703023
0.29708080681403093,-0.3071514016495706,0.45515566517286055,0.9159002624663266,0.2854009187801505,0.4378410534168974,-0.054520303538659484,-0.36443047787982974,0.3815429192098851,-0.16918878171156673,-0.3814752067781093,-0.009394274838044078,-0.2295479644215109,-0.24300418969496865,0.38637612795979837,0.3043563986824012,0.9350858591082921,-0.21502334891256444,0.6041405956095403,-0.18870134860994725,-0.10171363459144794,-0.4537833873665722,0.827049987157524,0.7748152041235383,-0.21843416720112593,-0.2170410902725006,-0.5733534554750321,0.10299879617629387,-0.06405124010747984,-0.22439978631448748
0.6041025342834668,-0.7396150376518887,0.9159002624663266,2.410851689715397,0.36544176168686665,0.39622517453951484,-0.27356759490386556,-0.34420995196651494,0.4420006242943249,-0.5455536188674477,-0.49385081655720015,0.5414230697352099,-0.06357527068478183,-0.8562736926285801,0.9003700855020669,0.8821313061998772,1.6983661737234177,-0.27963967099909753,1.4714220148510395,-0.6937377678792003,0.18300604302486947,-1.9258356423045144,1.8717294037398193,1.7679688740520612,-0.4020941821240536,-0.5976645667799896,-1.520622496137767,0.6009061878170456,-0.27062831090266826,-0.5886600389353213
0.25119156431631967,-0.1733393034571033,0.2854009187801505,0.36544176168686665,0.6041697953845955,0.8014904250645634,0.11405425742029668,-0.9026041563956423,0.5269521672249978,0.35233272841413577,-0.774200553564128,-0.2192494035547959,-0.21693226049203346,0.3295144031262144,0.3167842950103066,0.1881345166493424,0.6048876147466805,-0.3230870786001328,0.15977149610964192,0.13620777876607074,-0.17753360505875992,0.19221990394079733,0.35943693743677163,0.28985448162309596,-0.6219867169729242,-0.37963154774613755,-0.2000020060869498,-0.10085407813128923,0.17912584578845323,-0.08379018653035615
0.5010356055971088,-0.17528605792577093,0.4378410534168974,0.39622517453951484,0.8014904250645634,1.6843256060282346,0.24762285690975486,-0.806371217828814,0.1391657909102185,0.626822830887814,-0.928484781908183,-0.10286531448880212,-0.09178268230301066,0.27513909007910353,0.6489453061802033,-0.025046676991949207,0.9192379396090848,-0.4363115458683957,0.21207189027752826,-0.06704736072349539,-0.6987895741449077,-0.048606611824458246,0.8245636765287432,0.5067102491193777,-1.3782982231579044,-0.590009011280041,-0.24260262856566364,-0.36496944204478515,0.5202008621514528,0.3076759747249069
0.010837855389527641,0.07718243072578278,-0.054520303538659484,-0.27356759490386556,0.11405425742029668,0.24762285690975486,0.3196943116630775,0.2023624153872547,-0.3348435134875325,0.12907887757745454,0.26132748741358336,0.08635870552761869,-0.3727861831719701,-0.23733008600115624,-0.2796007196469445,-0.26910168234420345,0.02181066766562221,-0.10685479247354716,-0.2026119888302051,-0.07594818093168834,-0.33087580434509706,0.2881317415505906,-0.20769723175304747,-0.06050223260078812,-0.23386464406047158,-0.005381442284438854,0.12114895417674619,0.014036030932412194,0.1586840060729457,0.2937881126679875
0.025749839014469842,-0.23234002484501992,-0.36443047787982974,-0.34420995196651494,-0.9026041563956423,-0.806371217828814,0.2023624153872547,2.691208536018641,-2.2370831756408105,-0.39591183815835446,2.061085577648449,1.3759796536222797,0.3912934017157992,-1.3809726719865123,-0.3471705028065754,-1.0876643304172544,-0.7533222714250939,0.5081937499398971,-0.3561268226941988,-0.70412190499778,-0.39507603096729793,-1.3310160340423587,0.338723345511559,0.2020680050729983,-0.026665200679194926,0.4857016680764467,0.16520841274721038,0.21278204940100873,-0.09851348625244707,0.7433276167069789
-0.13592190887014977,0.15007462568909238,0.3815429192098851,0.4420006242943249,0.5269521672249978,0.1391657909102185,-0.3348435134875325,-2.2370831756408105,2.320344666486028,-0.14586516843319972,-1.5880304145284438,-1.4528626545589853,-0.6372921426481779,1.0138359580250524,0.12167581122028745,1.0492712957045889,0.8692472657817688,-0.3721813402470386,0.5256803521377235,0.6696512381192583,0.5269533970589088,1.354786024733056,-0.27945922020076647,-0.011554094584115162,0.819610172965875,-0.0668325370221251,-0.22899603546977973,-0.09451483990015708,-0.25807479709409875,-0.9620950624141054
0.08674254179442197,0.024094898003228386,-0.16918878171156673,-0.5455536188674477,0.35233272841413577,0.626822830887814,0.12907887757745454,-0.39591183815835446,-0.14586516843319972,0.7247189036212532,-0.45651928910699974,0.003700250371463157,0.3971227411803881,0.6795904357767151,0.219127982327923,-0.267749024019828,-0.42255262909739755,-0.060545129714009265,-0.5070581278539422,0.2846732689197303,-0.18384949891658256,0.28563474697868746,-0.16043042933967397,-0.4340295660650863,-0.837250873827989,-0.2801197687207792,0.40448561361872615,-0.3487638878253833,0.36620195674547434,0.2909446997126125
-0.16862657009893753,0.0075277391317397305,-0.3814752067781093,-0.49385081655720015,-0.774200553564128,-0.928484781908183,0.26132748741358336,2.061085577648449,-1.5880304145284438,-0.45651928910699974,1.7868032134269243,0.8779766558391872,-0.09287666135962215,-1.1793182287420882,-0.6788491970969786,-0.7951887263394039,-0.6730312336765909,0.3722539751198879,-0.36217627974396555,-0.49160854249258107,-0.23683719531701194,-0.5491682283364765,-0.23983841903207925,-0.05515136376411846,0.41068609487225305,0.5321930971496708,0.22557389744919004,0.29451247247358164,-0.1558293787785643,0.5260318360359185
0.2985648485788846,-0.44306875947398816,-0.009394274838044078,0.5414230697352099,-0.2192494035547959,-0.10286531448880212,0.08635870552761869,1.3759796536222797,-1.4528626545589853,0.003700250371463157,0.8779766558391872,1.3037784446697587,0.6099271124777824,-0.861071780597684,0.2835543443247605,-0.40178507823841486,-0.2113437164255596,0.20588988180927523,0.06146684440896964,-0.6262140527918503,-0.13791575275526272,-1.731659054987297,0.8215228415343502,0.5488791939141655,-0.770334960040192,-0.22152750175473046,-0.34133912000813915,0.3140921206305835,0.051188404535510795,0.39229175058898796
0.09719732213230631,-0.17028816733475513,-0.2295479644215109,-0.06357527068478183,-0.21693226049203346,-0.09178268230301066,-0.3727861831719701,0.3912934017157992,-0.6372921426481779,0.3971227411803881,-0.09287666135962215,0.6099271124777824,1.424226575670235,0.48435672983020744,0.6669907632642025,-0.12769940465958257,-0.8658184190524332,0.3570788693582103,-0.2402996803764966,-0.0020465881320073606,0.3061311889779596,-1.1177861804819784,0.37321073346541606,-0.24736520621113514,-0.6277522834680506,-0.2341816943952145,0.15456026266429992,-0.19873809086386218,0.1200728770452585,0.12502235535590966
-0.16938942833133785,0.21503005499904113,-0.24300418969496865,-0.8562736926285801,0.3295144031262144,0.27513909007910353,-0.23733008600115624,-1.3809726719865123,1.0138359580250524,0.6795904357767151,-1.1793182287420882,-0.861071780597684,0.48435672983020744,1.5823380827610478,0.2425077377157353,0.1240752754807929,-0.599829620502583,-0.017204030075784443,-0.5565073958318438,0.8694296263062634,0.29713946436441246,1.195624159396354,-0.6419951120366297,-0.9121029400724159,-0.09475354199384985,-0.07583988198361118,0.6762842637198929,-0.5923917326514679,0.15851622963593798,-0.2260878744203712
0.4595261362041913,-0.5212675138993915,0.38637612795979837,0.9003700855020669,0.3167842950103066,0.6489453061802033,-0.2796007196469445,-0.3471705028065754,0.12167581122028745,0.219127982327923,-0.6788491970969786,0.2835543443247605,0.6669907632642025,0.2425077377157353,0.9585240034830947,0.1718562239196349,0.550699868200039,-0.06254188524454428,0.44198259273187745,-0.08551630545506099,-0.009788024914948158,-1.0574233306268535,1.2528596209330356,0.7044599255725968,-0.8269592847259443,-0.4232969319375215,-0.45861446620219143,-0.1532980592008207,0.05917135560285603,-0.15316195467199173
-0.07875492634516869,0.21585876393021416,0.3043563986824012,0.8821313061998772,0.1881345166493424,-0.025046676991949207,-0.26910168234420345,-1.0876643304172544,1.0492712957045889,-0.267749024019828,-0.7951887263394039,-0.40178507823841486,-0.12769940465958257,0.1240752754807929,0.1718562239196349,1.0616931013015687,0.5283157956041562,-0.17784690001418307,0.7108724662099851,-0.09605287047838265,0.5367458474099577,-0.15417942372050866,-0.0685182266491504,0.19055014988918761,0.38119139546980935,-0.344346686478022,-0.6110422787224629,0.35115353469982136,-0.10862622101335855,-0.5676282174478107
0.5580546255578244,-0.5546177148045367,0.9350858591082921,1.6983661737234177,0.6048876147466805,0.9192379396090848,0.02181066766562221,-0.7533222714250939,0.8692472657817688,-0.42255262909739755,-0.6730312336765909,-0.2113437164255596,-0.8658184190524332,-0.599829620502583,0.550699868200039,0.5283157956041562,2.0544591173260387,-0.5132865828985077,1.1861879289626334,-0.3432134893933036,-0.3613034400089464,-0.48763959812071683,1.5130023956025394,1.5601888972640345,-0.26439264572697474,-0.30696863622022796,-1.0910285107877393,0.191759773042877,-0.1434160219363642,-0.4194198355075726
-0.11332419731390493,0.03164979100332447,-0.21502334891256444,-0.27963967099909753,-0.3230870786001328,-0.4363115458683957,-0.10685479247354716,0.5081937499398971,-0.3721813402470386,-0.060545129714009265,0.3722539751198879,0.20588988180927523,0.3570788693582103,-0.017204030075784443,-0.06254188524454428,-0.17784690001418307,-0.5132865828985077,0.22811416298990866,-0.2011584523024162,-0.005346575729694766,0.14027824548288365,-0.20704558874301593,-0.1508697838105898,-0.23611899118722698,0.18851095839988338,0.16959996513552503,0.19438168638073708,-0.01333750554670954,-0.07274846561193063,0.06777381456157042
0.2774222113635275,-0.2704292404871308,0.6041405956095403,1.4714220148510395,0.15977149610964192,0.21207189027752826,-0.2026119888302051,-0.3561268226941988,0.5256803521377235,-0.5070581278539422,-0.36217627974396555,0.06146684440896964,-0.2402996803764966,-0.5565073958318438,0.44198259273187745,0.7108724662099851,1.1861879289626334,-0.2011584523024162,1.0374682123510761,-0.4417015627931817,0.12648148204077012,-0.9233690430831168,0.9786801191653608,1.04268299101892,0.07047393143654553,-0.27968944346779806,-0.9678457128417636,0.37349103478004064,-0.1969134703221399,-0.4335211694673845
-0.1587343267140188,0.07430170622805107,-0.18870134860994725,-0.6937377678792003,0.13620777876607074,-0.06704736072349539,-0.07594818093168834,-0.70412190499778,0.6696512381192583,0.2846732689197303,-0.49160854249258107,-0.6262140527918503,-0.0020465881320073606,0.8694296263062634,-0.08551630545506099,-0.09605287047838265,-0.3432134893933036,-0.005346575729694766,-0.4417015627931817,0.6348188831796698,0.13844098704830224,1.0691671888939502,-0.5033958640772805,-0.5600116001132222,0.23813962626528867,0.1774024114500241,0.5278590704910416,-0.3580936625100247,-0.033069097390709574,-0.17838237958734848
-0.2329697734931141,0.11861141790127236,-0.10171363459144794,0.18300604302486947,-0.17753360505875992,-0.6987895741449077,-0.33087580434509706,-0.39507603096729793,0.5269533970589088,-0.18384949891658256,-0.23683719531701194,-0.13791575275526272,0.3061311889779596,0.29713946436441246,-0.009788024914948158,0.5367458474099577,-0.3613034400089464,0.14027824548288365,0.12648148204077012,0.13844098704830224,0.688997450656427,-0.107550146833129,-0.37201177646776673,-0.2683174130819231,0.5826008237392983,-0.014907834187882368,-0.09161755667467848,0.227959493746779,-0.23918696850283738,-0.4541457642740774
-0.6365072068410591,0.831665618076804,-0.4537833873665722,-1.9258356423045144,0.19221990394079733,-0.048606611824458246,0.2881317415505906,-1.3310160340423587,1.354786024733056,0.28563474697868746,-0.5491682283364765,-1.731659054987297,-1.1177861804819784,1.195624159396354,-1.0574233306268535,-0.15417942372050866,-0.48763959812071683,-0.20704558874301593,-0.9233690430831168,1.0691671888939502,-0.107550146833129,3.2467949489493417,-2.014638232619599,-1.4640201405436277,1.0532063625661712,0.5930008733841003,1.1899970659147365,-0.5668678571055495,0.08290319593160336,-0.06608192782690689
0.8930232915014291,-1.1739836939961361,0.827049987157524,1.8717294037398193,0.35943693743677163,0.8245636765287432,-0.20769723175304747,0.338723345511559,-0.27945922020076647,-0.16043042933967397,-0.23983841903207925,0.8215228415343502,0.37321073346541606,-0.6419951120366297,1.2528596209330356,-0.0685182266491504,1.5130023956025394,-0.1508697838105898,0.9786801191653608,-0.5033958640772805,-0.37201177646776673,-2.014638232619599,2.5417491465675086,1.8656747936032971,-1.088014197958032,-0.39740618743862033,-1.054710548540151,0.028120930854796212,-0.14090345015302877,-0.1629460943713256
0.6388834180543893,-0.8315009930579295,0.7748152041235383,1.7679688740520612,0.28985448162309596,0.5067102491193777,-0.06050223260078812,0.2020680050729983,-0.011554094584115162,-0.4340295660650863,-0.05515136376411846,0.5488791939141655,-0.24736520621113514,-0.9121029400724159,0.7044599255725968,0.19055014988918761,1.5601888972640345,-0.23611899118722698,1.04268299101892,-0.5600116001132222,-0.2683174130819231,-1.4640201405436277,1.8656747936032971,1.664405873764376,-0.4988032084238854,-0.28098625611010936,-1.0904196928261314,0.30063017514185536,-0.215679058523294,-0.2514609116173106
-0.6029855452426354,0.4690674614750279,-0.21843416720112593,-0.4020941821240536,-0.6219867169729242,-1.3782982231579044,-0.23386464406047158,-0.026665200679194926,0.819610172965875,-0.837250873827989,0.41068609487225305,-0.770334960040192,-0.6277522834680506,-0.09475354199384985,-0.8269592847259443,0.38119139546980935,-0.26439264572697474,0.18851095839988338,0.07047393143654553,0.23813962626528867,0.5826008237392983,1.0532063625661712,-1.088014197958032,-0.4988032084238854,1.8935620616588245,0.7171998427793405,0.18990929196389375,0.23914998778559987,-0.5430816620406731,-0.5344380416313474
-0.2232399765920571,0.09254216269054465,-0.2170410902725006,-0.5976645667799896,-0.37963154774613755,-0.590009011280041,-0.005381442284438854,0.4857016680764467,-0.0668325370221251,-0.2801197687207792,0.5321930971496708,-0.22152750175473046,-0.2341816943952145,-0.07583988198361118,-0.4232969319375215,-0.344346686478022,-0.30696863622022796,0.16959996513552503,-0.27968944346779806,0.1774024114500241,-0.014907834187882368,0.5930008733841003,-0.39740618743862033,-0.28098625611010936,0.7171998427793405,0.5277131036344119,0.3813014683728394,-0.10686896648512105,-0.21279921323952705,0.0067369331226991526
-0.3373030465819034,0.3588878337354629,-0.5733534554750321,-1.520622496137767,-0.2000020060869498,-0.24260262856566364,0.12114895417674619,0.16520841274721038,-0.22899603546977973,0.40448561361872615,0.22557389744919004,-0.34133912000813915,0.15456026266429992,0.6762842637198929,-0.45861446620219143,-0.6110422787224629,-1.0910285107877393,0.19438168638073708,-0.9678457128417636,0.5278590704910416,-0.09161755667467848,1.1899970659147365,-1.054710548540151,-1.0904196928261314,0.18990929196389375,0.3813014683728394,0.9973067179560356,-0.45087186369411214,0.14498118332416476,0.32801970408623765
-0.03256684532476385,-1.462313434333828e-4,0.10299879617629387,0.6009061878170456,-0.10085407813128923,-0.36496944204478515,0.014036030932412194,0.21278204940100873,-0.09451483990015708,-0.3487638878253833,0.29451247247358164,0.3140921206305835,-0.19873809086386218,-0.5923917326514679,-0.1532980592008207,0.35115353469982136,0.191759773042877,-0.01333750554670954,0.37349103478004064,-0.3580936625100247,0.227959493746779,-0.5668678571055495,0.028120930854796212,0.30063017514185536,0.23914998778559987,-0.10686896648512105,-0.45087186369411214,0.4829468391764138,-0.14305789325341076,-0.146399807986991
0.0445690805748338,0.16193114131430028,-0.06405124010747984,-0.27062831090266826,0.17912584578845323,0.5202008621514528,0.1586840060729457,-0.09851348625244707,-0.25807479709409875,0.36620195674547434,-0.1558293787785643,0.051188404535510795,0.1200728770452585,0.15851622963593798,0.05917135560285603,-0.10862622101335855,-0.1434160219363642,-0.07274846561193063,-0.1969134703221399,-0.033069097390709574,-0.23918696850283738,0.08290319593160336,-0.14090345015302877,-0.215679058523294,-0.5430816620406731,-0.21279921323952705,0.14498118332416476,-0.14305789325341076,0.3116353719029236,0.30766180491876993
0.025413112828419415,0.12627210662703023,-0.22439978631448748,-0.5886600389353213,-0.08379018653035615,0.3076759747249069,0.2937881126679875,0.7433276167069789,-0.9620950624141054,0.2909446997126125,0.5260318360359185,0.39229175058898796,0.12502235535590966,-0.2260878744203712,-0.15316195467199173,-0.5676282174478107,-0.4194198355075726,0.06777381456157042,-0.4335211694673845,-0.17838237958734848,-0.4541457642740774,-0.06608192782690689,-0.1629460943713256,-0.2514609116173106,-0.5344380416313474,0.0067369331226991526,0.32801970408623765,-0.146399807986991,0.30766180491876993,0.6025475336028302
