V1,V2,V3,V4,V5,V6,V7,V8,V9,V10,V11,V12,V13,V14,V15,V16,V17,V18,V19,V20,V21,V22,V23,V24,V25,V26,V27,V28,V29,V30
3212.3763571125746,6873.5222210808815,4836.111889920042,-48070.60563911807,19510.300887918784,45913.20761264555,45160.651506644994,9736.733304799318,-6464.172403617651,2450.902212285404,26116.14574148881,-32034.402712499555,-92627.16856792917,-26821.733939717666,-45317.17565348843,-47698.69855843232,43633.055313030294,-23601.087981474706,-21691.738293765346,6551.374933492297,-65795.68833077003,98333.18916006671,-18422.856897529684,5085.131358177767,-1975.219090657978,24235.86701478084,24465.092792323827,-17834.55726730529,12374.334459263662,31533.767798849356
6873.5222210808815,14708.076112010582,10348.251437864863,-102861.85422349509,41748.09500169015,98244.61859064896,96634.60780730803,20834.125825969302,-13831.162509566671,5244.300488544986,55883.04601863613,-68547.91369416997,-198203.75321100277,-57392.608495485,-96969.9064381797,-102065.51847806195,93365.8327148022,-50501.58363455368,-46416.13252022659,14019.105077737951,-140789.30881739792,210414.32708224774,-39421.62621180479,10880.851981897851,-4225.802243327719,51860.259446759395,52350.682548551864,-38162.5608638149,26478.24602190946,67475.64230113362
4836.111889920042,10348.251437864863,7280.901416689943,-72370.7901190704,29372.981817862423,69122.65411485289,67989.85243175879,14658.505175324184,-9731.413192908285,3689.6499039098694,39318.07044685657,-48228.49156934391,-139451.5295520876,-40380.40981821464,-68225.69124771118,-71810.72210923626,65690.21230188293,-35531.762426094596,-32657.03894791944,9863.25152006953,-99056.03800970952,148042.13242457563,-27735.95510185454,7655.758617673779,-2973.263570377983,36487.51692321721,36832.41855003791,-26850.083699471725,18629.489750828514,47474.27777970925
-48070.60563911807,-102861.85422349509,-72370.7901190704,719373.0946775685,-291968.34466960636,-687081.1787033651,-675821.2115499292,-145705.20297636086,96729.80804585108,-36677.133452675465,-390822.15030020446,479394.77243755554,1386151.8296936727,401378.5562731499,678165.9617558463,713803.5759772338,-652959.9105133251,353186.31482035905,324615.57519911864,-98044.19039305604,984620.592859976,-1471548.4335201916,275698.25186699745,-76095.2918969556,29554.09644811599,-362688.6366934236,-366119.2431991718,266893.2933969932,-185177.90436808602,-471896.1761549194
19510.300887918784,41748.09500169015,29372.981817862423,-291968.34466960636,118499.95600227882,278862.778978755,274292.695441107,59136.91820154395,-39259.533057181776,14885.841934230124,158621.4303444972,-194569.59455715262,-562591.5378896001,-162906.25221815435,-275244.2367156864,-289708.17448221473,265014.3206589852,-143346.26524570832,-131749.97047559256,39792.40235105883,-399623.75260376325,597250.4352099296,-111896.21914406554,30884.832075812385,-11995.140013929586,147202.68621848145,148594.84924133992,-108322.5731872542,75157.3941414077,191526.5109036396
45913.20761264555,98244.61859064896,69122.65411485289,-687081.1787033651,278862.778978755,656240.685379403,645485.7980154507,139165.6685185811,-92388.90655453052,35030.563880814945,373279.7433756596,-457875.07218678435,-1323931.5869412986,-383363.21522777644,-647724.8488757719,-681762.6385833421,623651.1838026637,-337332.9752617472,-310043.7852109505,93642.15539410208,-940424.1068280404,1405493.0960499318,-263322.14107481367,72680.4477201914,-28228.356783297528,346407.94639026985,349684.1968714382,-254912.54024896634,176866.0870627935,450714.45716505166
45160.651506644994,96634.60780730803,67989.85243175879,-675821.2115499292,274292.695441107,645485.7980154507,634907.325853891,136884.73400952236,-90874.42683685695,34456.38561867225,367162.21334369504,-450371.5806177825,-1302234.7131692227,-377080.35441895504,-637109.8341437947,-670589.6320542595,613430.5871237526,-331804.658184909,-304962.67238366517,92107.70385719018,-925012.0417293558,1382459.8498965912,-259006.92351469205,71489.29983975977,-27765.366555757155,340731.0717811201,343953.5533164135,-250735.01919895262,173967.4035374153,443327.8629530219
9736.733304799318,20834.125825969302,14658.505175324184,-145705.20297636086,59136.91820154395,139165.6685185811,136884.73400952236,29512.684349701707,-19593.268255461615,7428.912840730199,79159.66329985713,-97098.32367469282,-280758.4352281247,-81298.14923451286,-137359.18264278508,-144577.74313370397,132254.1713923794,-71536.3065231633,-65749.17569376825,19857.709244572197,-199430.74703519294,298054.14960135974,-55840.85879515417,15413.230786537843,-5986.974011662293,73460.5016607018,74155.35289500114,-54057.768097939224,37507.22279015765,95580.92276938118
-6464.172403617651,-13831.162509566671,-9731.413192908285,96729.80804585108,-39259.533057181776,-92388.90655453052,-90874.42683685695,-19593.268255461615,13008.31689881172,-4932.0873859363455,-52552.35625112875,64460.46007261057,186388.02224445352,53972.11456364412,91189.04172410593,95981.69182805403,-87800.0851535369,47491.10081194093,43649.191256345264,-13182.655198033917,132397.24760530159,-197869.72081577894,37070.98168562598,-10232.663946863675,3975.3376190476843,-48768.28156113889,-49229.71493568294,35887.516880849646,-24900.348161277307,-63454.12701397168
2450.902212285404,5244.300488544986,3689.6499039098694,-36677.133452675465,14885.841934230124,35030.563880814945,34456.38561867225,7428.912840730199,-4932.0873859363455,1870.235874176843,19925.90771804284,-24441.47370328162,-70671.81020242529,-20463.87442813064,-34575.78363639647,-36393.160627324294,33290.44397696343,-18006.917841680013,-16550.61152674551,4998.789149117231,-50200.42570945892,75025.94400887791,-14056.28872238044,3879.5222891445196,-1507.1577328610115,18491.444008838418,18666.6101198899,-13607.57814457484,9441.316446162335,24059.569787440927
26116.14574148881,55883.04601863613,39318.07044685657,-390822.15030020446,158621.4303444972,373279.7433756596,367162.21334369504,79159.66329985713,-52552.35625112875,19925.90771804284,212327.29348169177,-260446.20320984191,-753072.4494013408,-218062.9867262311,-368435.7489629967,-387796.9720122266,354742.3383454897,-191880.14881269116,-176357.52998271867,53264.95998080921,-534927.6247429784,799465.7178011889,-149781.57617517014,41341.90476849613,-16056.797862754116,197042.08352767242,198905.6097862395,-144998.09555393245,100604.12890213319,256373.34079344248
-32034.402712499555,-68547.91369416997,-48228.49156934391,479394.77243755554,-194569.59455715262,-457875.07218678435,-450371.5806177825,-97098.32367469282,64460.46007261057,-24441.47370328162,-260446.20320984191,319472.4468794358,923741.2893871045,267481.25743124966,451934.5211458814,475682.98314677796,-435137.1936922662,235365.78953875767,216325.7061258526,-65337.486061781536,656157.3731499363,-980650.2243024397,183727.38592986632,-50710.39505502497,19694.216053196073,-241698.29675031922,-243984.14258031218,177859.31199609168,-123403.49999398657,-314474.2401961254
-92627.16856792917,-198203.75321100277,-139451.5295520876,1386151.8296936727,-562591.5378896001,-1323931.5869412986,-1302234.7131692227,-280758.4352281247,186388.02224445352,-70671.81020242529,-753072.4494013408,923741.2893871045,2670966.067826685,773415.2852149169,1306752.6851400346,1375421.1734335963,-1258185.1554708676,680552.3401009209,625497.4835080577,-188919.09121918437,1897257.6120624838,-2835513.1705942634,531239.9113068812,-146628.8874012551,56947.51352238854,-698861.1736950949,-705470.4047429841,514273.2536449017,-356817.8206574165,-909292.7414310527
-26821.733939717666,-57392.608495485,-40380.40981821464,401378.5562731499,-162906.25221815435,-383363.21522777644,-377080.35441895504,-81298.14923451286,53972.11456364412,-20463.87442813064,-218062.9867262311,267481.25743124966,773415.2852149169,223954.17162668786,378388.20191415574,398272.0821309341,-364325.4561404813,197063.4862500087,181120.92344808637,-54703.28385745923,549377.5351333544,-821060.8003983026,153827.2673354127,-42459.137846150785,16490.646910787465,-202364.48042668056,-204278.0127186128,148914.48583225592,-103321.75782856454,-263298.68032284087
-45317.17565348843,-96969.9064381797,-68225.69124771118,678165.9617558463,-275244.2367156864,-647724.8488757719,-637109.8341437947,-137359.18264278508,91189.04172410593,-34575.78363639647,-368435.7489629967,451934.5211458814,1306752.6851400346,378388.20191415574,639320.2635109776,672915.9225804385,-615558.7381361529,332955.7711113158,306020.7146983101,-92427.57338826683,928220.9049831616,-1387256.5743145049,259905.75496682312,-71737.08910504064,27861.139488479024,-341913.3564801579,-345146.9537883446,251604.94615602808,-174570.75383290902,-444865.55637508334
-47698.69855843232,-102065.51847806195,-71810.72210923626,713803.5759772338,-289708.17448221473,-681762.6385833421,-670589.6320542595,-144577.74313370397,95981.69182805403,-36393.160627324294,-387796.9720122266,475682.98314677796,1375421.1734335963,398272.0821309341,672915.9225804385,708277.7193170752,-647905.473882923,350452.26192682073,322102.2746268638,-97284.59906824765,976998.562031531,-1460155.7070457938,273563.5405643942,-75506.68855508837,29325.8888250675,-359880.5995584919,-363284.51625177823,264826.876551837,-183744.58920722615,-468243.347398181
43633.055313030294,93365.8327148022,65690.21230188293,-652959.9105133251,265014.3206589852,623651.1838026637,613430.5871237526,132254.1713923794,-87800.0851535369,33290.44397696343,354742.3383454897,-435137.1936922662,-1258185.1554708676,-364325.4561404813,-615558.7381361529,-647905.473882923,592680.9765633945,-320580.9969511203,-294646.36864463816,88991.80414068287,-893721.9830476898,1335695.9254720586,-250245.5571753024,69071.36509774062,-26825.79816279211,329205.25599401636,332318.3514152516,-242253.18208713972,168082.60674535786,428331.3229825833
-23601.087981474706,-50501.58363455368,-35531.762426094596,353186.31482035905,-143346.26524570832,-337332.9752617472,-331804.658184909,-71536.3065231633,47491.10081194093,-18006.917841680013,-191880.14881269116,235365.78953875767,680552.3401009209,197063.4862500087,332955.7711113158,350452.26192682073,-320580.9969511203,173402.2507740221,159374.4294850013,-48135.79751512007,483414.3167680279,-722478.2039173705,135357.9069835353,-37360.561794265835,14510.119755109208,-178067.20860159714,-179751.20315907133,131034.89448351206,-90915.89878553261,-231684.51047961088
-21691.738293765346,-46416.13252022659,-32657.03894791944,324615.57519911864,-131749.97047559256,-310043.7852109505,-304962.67238366517,-65749.17569376825,43649.191256345264,-16550.61152674551,-176357.52998271867,216325.7061258526,625497.4835080577,181120.92344808637,306020.7146983101,322102.2746268638,-294646.36864463816,159374.4294850013,146482.25480623796,-44242.30352955802,444307.6665330085,-664032.7404501305,124408.17470314709,-34337.57025179697,13336.379637899356,-163662.3600610168,-165210.59425213202,120435.05524494863,-83561.13359394555,-212942.07460230807
6551.374933492297,14019.105077737951,9863.25152006953,-98044.19039305604,39792.40235105883,93642.15539410208,92107.70385719018,19857.709244572197,-13182.655198033917,4998.789149117231,53264.95998080921,-65337.486061781536,-188919.09121918437,-54703.28385745923,-92427.57338826683,-97284.59906824765,88991.80414068287,-48135.79751512007,-44242.30352955802,13363.076462212963,-134194.0204431918,200558.762323417,-37575.44017546488,10370.564639261715,-4027.384230640027,49431.276108169455,49898.98513247467,-36375.27305770522,25237.789428199165,64314.582537661554
-65795.68833077003,-140789.30881739792,-99056.03800970952,984620.592859976,-399623.75260376325,-940424.1068280404,-925012.0417293558,-199430.74703519294,132397.24760530159,-50200.42570945892,-534927.6247429784,656157.3731499363,1897257.6120624838,549377.5351333544,928220.9049831616,976998.562031531,-893721.9830476898,483414.3167680279,444307.6665330085,-134194.0204431918,1347672.744685488,-2014139.6553689358,377353.55425947945,-104154.4585726383,40452.11227498204,-496419.4551729168,-501114.44431332155,365302.0531740558,-253457.42157719744,-645895.2558523046
98333.18916006671,210414.32708224774,148042.13242457563,-1471548.4335201916,597250.4352099296,1405493.0960499318,1382459.8498965912,298054.14960135974,-197869.72081577894,75025.94400887791,799465.7178011889,-980650.2243024397,-2835513.1705942634,-821060.8003983026,-1387256.5743145049,-1460155.7070457938,1335695.9254720586,-722478.2039173705,-664032.7404501305,200558.762323417,-2014139.6553689358,3010199.358692982,-563968.2163629282,155661.09488691422,-60455.11305567772,741915.7800033679,748932.6565610311,-545956.265807529,378799.66204414284,965310.3057779563
-18422.856897529684,-39421.62621180479,-27735.95510185454,275698.25186699745,-111896.21914406554,-263322.14107481367,-259006.92351469205,-55840.85879515417,37070.98168562598,-14056.28872238044,-149781.57617517014,183727.38592986632,531239.9113068812,153827.2673354127,259905.75496682312,273563.5405643942,-250245.5571753024,135357.9069835353,124408.17470314709,-37575.44017546488,377353.55425947945,-563968.2163629282,105660.96960498979,-29163.271324987683,11326.084114777317,-138999.79634983896,-140314.46926910896,102286.30121924206,-70968.88854893156,-180852.93179874233
5085.131358177767,10880.851981897851,7655.758617673779,-76095.2918969556,30884.832075812385,72680.4477201914,71489.29983975977,15413.230786537843,-10232.663946863675,3879.5222891445196,41341.90476849613,-50710.39505502497,-146628.8874012551,-42459.137846150785,-71737.08910504064,-75506.68855508837,69071.36509774062,-37360.561794265835,-34337.57025179697,10370.564639261715,-104154.4585726383,155661.09488691422,-29163.271324987683,8050.176489175126,-3126.5509222347696,38365.328174855444,38727.863264330175,-28231.87261717259,19588.406621829454,49917.8811081826
-1975.219090657978,-4225.802243327719,-2973.263570377983,29554.09644811599,-11995.140013929586,-28228.356783297528,-27765.366555757155,-5986.974011662293,3975.3376190476843,-1507.1577328610115,-16056.797862754116,19694.216053196073,56947.51352238854,16490.646910787465,27861.139488479024,29325.8888250675,-26825.79816279211,14510.119755109208,13336.379637899356,-4027.384230640027,40452.11227498204,-60455.11305567772,11326.084114777317,-3126.5509222347696,1215.3892023148778,-14900.07522450742,-15041.235991288999,10964.798115478985,-7608.170050066965,-19387.792403718337
24235.86701478084,51860.259446759395,36487.51692321721,-362688.6366934236,147202.68621848145,346407.94639026985,340731.0717811201,73460.5016607018,-48768.28156113889,18491.444008838418,197042.08352767242,-241698.29675031922,-698861.1736950949,-202364.48042668056,-341913.3564801579,-359880.5995584919,329205.25599401636,-178067.20860159714,-163662.3600610168,49431.276108169455,-496419.4551729168,741915.7800033679,-138999.79634983896,38365.328174855444,-14900.07522450742,182858.0328106258,184587.46810117434,-134560.41218913288,93361.66640798099,237917.34852021452
24465.092792323827,52350.682548551864,36832.41855003791,-366119.2431991718,148594.84924133992,349684.1968714382,343953.5533164135,74155.35289500114,-49229.71493568294,18666.6101198899,198905.6097862395,-243984.14258031218,-705470.4047429841,-204278.0127186128,-345146.9537883446,-363284.51625177823,332318.3514152516,-179751.20315907133,-165210.59425213202,49898.98513247467,-501114.44431332155,748932.6565610311,-140314.46926910896,38727.863264330175,-15041.235991288999,184587.46810117434,186333.56553057855,-135833.2683406093,94244.74349394559,240167.60713595434
-17834.55726730529,-38162.5608638149,-26850.083699471725,266893.2933969932,-108322.5731872542,-254912.54024896634,-250735.01919895262,-54057.768097939224,35887.516880849646,-13607.57814457484,-144998.09555393245,177859.31199609168,514273.2536449017,148914.48583225592,251604.94615602808,264826.876551837,-242253.18208713972,131034.89448351206,120435.05524494863,-36375.27305770522,365302.0531740558,-545956.265807529,102286.30121924206,-28231.87261717259,10964.798115478985,-134560.41218913288,-135833.2683406093,99019.62021217894,-68702.47139501935,-175077.24145482504
12374.334459263662,26478.24602190946,18629.489750828514,-185177.90436808602,75157.3941414077,176866.0870627935,173967.4035374153,37507.22279015765,-24900.348161277307,9441.316446162335,100604.12890213319,-123403.49999398657,-356817.8206574165,-103321.75782856454,-174570.75383290902,-183744.58920722615,168082.60674535786,-90915.89878553261,-83561.13359394555,25237.789428199165,-253457.42157719744,378799.66204414284,-70968.88854893156,19588.406621829454,-7608.170050066965,93361.66640798099,94244.74349394559,-68702.47139501935,47667.97616829927,121473.89336803099
31533.767798849356,67475.64230113362,47474.27777970925,-471896.1761549194,191526.5109036396,450714.45716505166,443327.8629530219,95580.92276938118,-63454.12701397168,24059.569787440927,256373.34079344248,-314474.2401961254,-909292.7414310527,-263298.68032284087,-444865.55637508334,-468243.347398181,428331.3229825833,-231684.51047961088,-212942.07460230807,64314.582537661554,-645895.2558523046,965310.3057779563,-180852.93179874233,49917.8811081826,-19387.792403718337,237917.34852021452,240167.60713595434,-175077.24145482504,121473.89336803099,309556.575064831
