V1,V2,V3,V4,V5,V6,V7,V8,V9,V10,V11,V12,V13,V14,V15,V16,V17,V18,V19,V20,V21,V22,V23,V24,V25,V26,V27,V28,V29,V30
1.5570579060992913,-0.5435499008887617,-1.3453177215860628,-5.9389168684628695,-0.02680379354397704,2.4370279182083285,0.8654218384099139,3.3279929071972445,-5.220507681118636,4.148003198033937,1.172419668478434,2.6178624332707012,4.405555168791049,3.129913335764861,1.5309882800727,-5.231472927155036,-6.243536799195318,0.6306610790565698,-4.328825107167996,1.4771471639087503,-1.9780353476867254,-0.17717626979547185,0.20339038117956076,-3.092211843623469,-5.7172307975541425,-0.4415755780224125,2.9742185011577797,-3.1644675195689107,2.0686762122978966,3.3368092110685166
-0.5435499008887617,3.120892205685893,2.6029054215192913,5.930968755374914,-0.6890161433212324,-2.166632559200008,-0.27612339049032114,-5.039815971605597,5.591928963735255,-6.39170671093238,-1.3753542138268882,-1.5133105190773863,-5.3737745523793405,-2.747937908528085,-1.0866800821242626,6.80928767359789,3.130330138681548,-2.0907504216545245,4.7091488722537305,-0.8700152926329017,2.019879474756366,2.5732385842021084,-0.47689864317777986,2.4245605188270587,5.200359041635827,-2.209956994007957,-5.815777025482089,2.011804106461544,-3.0187247285858754,-4.453909344971915
-1.3453177215860628,2.6029054215192913,7.18428303130991,15.01643943567857,-0.369157835036461,-6.753895358182939,-1.9294338301193252,-9.89752898403917,17.230043619328335,-12.935128182033338,-3.0352750423498636,-7.72668630525818,-14.239753839760958,-8.080557982889763,-4.232784531327753,14.30885530932502,13.927011172791724,-3.846914765295176,14.506793795153595,-3.2157269117165175,6.246356271576412,2.516863582488335,-0.9138576419000254,8.016683525787405,16.51635791284675,0.5703467117302904,-12.575418597624981,8.338729381606306,-6.135776195888082,-10.416060271063698
-5.9389168684628695,5.930968755374914,15.01643943567857,38.93782584462943,-0.6334956055100505,-16.87162115581451,-5.168042682954231,-24.448527775300718,40.6714800445858,-31.438758173578822,-7.832341607144521,-18.737376564233514,-33.95356303444781,-20.722909977157272,-10.538159126798057,36.27066365859943,37.48184038459657,-7.9406292235134845,34.084395500308716,-8.763483945922806,14.947513596345832,4.829952901286752,-2.0109920685999665,20.478765177865924,40.663804499467375,1.5966909307145247,-27.971034673900277,21.09389508476875,-15.152247187291161,-25.19480843111854
-0.02680379354397704,-0.6890161433212324,-0.369157835036461,-0.6334956055100505,0.16996455556351323,0.17584775433473246,-0.05221242940972435,0.7578692024244558,-0.5495633385061198,0.9572816973559881,0.17572335565626432,-0.03260917072819082,0.6399467410353507,0.23236125382637465,0.0401796859542655,-0.9374060671898384,0.0842699113183373,0.3845516171720163,-0.4685745757703715,0.015415540686536071,-0.19017507324502722,-0.5814630085489493,0.08167910416531358,-0.15404058029058135,-0.42537033564515286,0.620362912741096,0.9179317191409573,-0.03345059054547417,0.4421429119816874,0.5929711123660452
2.4370279182083285,-2.166632559200008,-6.753895358182939,-16.87162115581451,0.17584775433473246,7.452647105936679,2.334295573824295,10.417818813962903,-18.101100172629046,13.462542364423378,3.3580986712318683,8.518910065533598,14.927641227449733,9.08666911246743,4.715261602185962,-15.513649798222778,-16.673416401803358,3.4293335105950096,-15.179822359214755,3.859613134955282,-6.640546808204687,-1.8473484432473823,0.8661511189092495,-9.04897478559967,-18.020723750370927,-1.2065732227107786,12.190956234269725,-9.44308223626124,6.479391910763622,10.94307632896331
0.8654218384099139,-0.27612339049032114,-1.9294338301193252,-5.168042682954231,-0.05221242940972435,2.334295573824295,0.8037923264572777,2.9435776592979845,-5.548178473044565,3.807216180734171,0.9974664713330524,2.8006184008195634,4.467489019947453,2.8456136659507356,1.5198120901581402,-4.5189107804434245,-5.568071512965017,0.8552621185772176,-4.644771912572139,1.2696125979381172,-2.046625495294018,-0.22018324275374995,0.22836547360074452,-2.8796538497889217,-5.632709062280284,-0.7793796265169786,3.3645985500019835,-3.0790779243616475,1.8485756426369577,3.2061029167111683
3.3279929071972445,-5.039815971605597,-9.89752898403917,-24.448527775300718,0.7578692024244558,10.417818813962903,2.9435776592979845,16.190559914468718,-25.519877097455797,20.81286793182337,5.0236519918109215,11.113795542961816,21.672148188350956,12.799869424176563,6.359767514365247,-23.564938344666686,-21.970386386381534,5.646459384155346,-21.413678979365393,5.20620645020957,-9.341187780819327,-4.205097692031346,1.387713232616676,-12.491577576579619,-25.146513356805265,0.3896796151630113,18.812884330336324,-12.610078969252122,9.975558944868192,16.3130030427504
-5.220507681118636,5.591928963735255,17.230043619328335,40.6714800445858,-0.5495633385061198,-18.101100172629046,-5.548178473044565,-25.519877097455797,44.61922669225296,-33.10737976649163,-8.11797264329159,-20.772714410914247,-36.76132530781599,-21.934374402587647,-11.441785135844482,37.70334093402662,39.657488894484594,-8.851828019584893,37.46409241861111,-9.161796386225628,16.30991009666117,5.020156959882984,-2.1921358242335653,21.84308114684701,43.92488899806952,2.702484257081944,-30.688730316255054,22.8132078905928,-15.864787680198361,-26.88923931524932
4.148003198033937,-6.39170671093238,-12.935128182033338,-31.438758173578822,0.9572816973559881,13.462542364423378,3.807216180734171,20.81286793182337,-33.10737976649163,26.794737569957057,6.451022686316177,14.45831755272406,28.043131232020276,16.500025192827746,8.23869746623377,-30.273746815416047,-28.329602467782017,7.333150032483164,-27.789691621526405,6.697398734712426,-12.106945941789213,-5.397717191177654,1.7964224602136691,-16.126663976903416,-32.535939538726765,0.352930466095696,24.385102722943685,-16.325136750992257,12.830495199794646,21.052500144452743
1.172419668478434,-1.3753542138268882,-3.0352750423498636,-7.832341607144521,0.17572335565626432,3.3580986712318683,0.9974664713330524,5.0236519918109215,-8.11797264329159,6.451022686316177,1.5907011313167052,3.653034647856691,6.837127645519818,4.133627182707935,2.075149428599248,-7.400441992005788,-7.328914510296158,1.6641505445460525,-6.80462086601034,1.7253540786655825,-2.98117172862258,-1.1192900595925033,0.41768001346205674,-4.0603871846020585,-8.089845647250336,-0.11692932765447338,5.740930741428656,-4.141218048562757,3.104773855443502,5.113552938246124
2.6178624332707012,-1.5133105190773863,-7.72668630525818,-18.737376564233514,-0.03260917072819082,8.518910065533598,2.8006184008195634,11.113795542961816,-20.772714410914247,14.45831755272406,3.653034647856691,10.18195316779371,16.789508633136066,10.294484245783027,5.508972686830222,-16.748044978647705,-19.513480034792448,3.6263529616366803,-17.4274354750705,4.448003820707308,-7.614094415934049,-1.4145687280766344,0.9230662276237293,-10.38644886587772,-20.669067814700927,-2.407430128500177,13.323245654970943,-11.069153421761628,6.959732132371091,12.065298534857174
4.405555168791049,-5.3737745523793405,-14.239753839760958,-33.95356303444781,0.6399467410353507,14.927641227449733,4.467489019947453,21.672148188350956,-36.76132530781599,28.043131232020276,6.837127645519818,16.789508633136066,30.550853503221337,18.154724660799616,9.34292786144851,-31.859311007722443,-32.3158107490817,7.550456824981412,-30.86271353498214,7.518348490698037,-13.440078647181068,-4.704331061494784,1.863632548833281,-17.974558334727057,-36.176397396480205,-1.4204732550811316,25.830082388339505,-18.594841979045636,13.435753549126,22.532791811478283
3.129913335764861,-2.747937908528085,-8.080557982889763,-20.722909977157272,0.23236125382637465,9.08666911246743,2.8456136659507356,12.799869424176563,-21.934374402587647,16.500025192827746,4.133627182707935,10.294484245783027,18.154724660799616,11.12013075244598,5.730424618214561,-19.08184083092585,-20.405698162899608,4.135468401970496,-18.38469380849344,4.738965087096428,-8.058924519756511,-2.2747294039563326,1.0512758949647032,-11.050660069441085,-21.93086239656782,-1.3348390506260701,14.770422243411177,-11.488438758987366,7.953987312141185,13.361933067801015
1.5309882800727,-1.0866800821242626,-4.232784531327753,-10.538159126798057,0.0401796859542655,4.715261602185962,1.5198120901581402,6.359767514365247,-11.441785135844482,8.23869746623377,2.075149428599248,5.508972686830222,9.34292786144851,5.730424618214561,3.0169471686453373,-9.54087322142008,-10.718209090643711,2.061567554316644,-9.594900838159049,2.4628353742211035,-4.198685381198041,-0.9481658675560823,0.5249323371616086,-5.744023755193573,-11.4131608938429,-1.0603559031882364,7.48821575043309,-6.057179566179292,3.969030400451593,6.7847500929049325
-5.231472927155036,6.80928767359789,14.30885530932502,36.27066365859943,-0.9374060671898384,-15.513649798222778,-4.5189107804434245,-23.564938344666686,37.70334093402662,-30.273746815416047,-7.400441992005788,-16.748044978647705,-31.859311007722443,-19.08184083092585,-9.54087322142008,34.54470573970684,33.40420805230994,-7.974692269475672,31.616846265236866,-7.883897075307302,13.827870855543534,5.603782868324297,-1.9838505358327205,18.695891479007177,37.402986797356625,0.09726510363228309,-27.116333168498457,18.991629442481408,-14.545714606194315,-23.88873502351246
-6.243536799195318,3.130330138681548,13.927011172791724,37.48184038459657,0.0842699113183373,-16.673416401803358,-5.568071512965017,-21.970386386381534,39.657488894484594,-28.329602467782017,-7.328914510296158,-19.513480034792448,-32.3158107490817,-20.405698162899608,-10.718209090643711,33.40420805230994,39.09893943647737,-6.540076846898969,33.200435767146885,-8.98805929676093,14.625400934325636,2.4654022012671426,-1.7239116124850415,20.495032261711014,40.18242559446824,4.353644046567868,-24.9290692768531,21.657435792478445,-13.736336094289355,-23.462995263376822
0.6306610790565698,-2.0907504216545245,-3.846914765295176,-7.9406292235134845,0.3845516171720163,3.4293335105950096,0.8552621185772176,5.646459384155346,-8.851828019584893,7.333150032483164,1.6641505445460525,3.6263529616366803,7.550456824981412,4.135468401970496,2.061567554316644,-7.974692269475672,-6.540076846898969,2.2918931660191157,-7.45857956362048,1.554607687923645,-3.1996530681574593,-1.9072687353585596,0.5336092117565309,-4.006657131813016,-8.374752952234331,0.5007754262736499,7.088501906186831,-4.007549698161119,3.4658851576126093,5.682085177760112
-4.328825107167996,4.7091488722537305,14.506793795153595,34.084395500308716,-0.4685745757703715,-15.179822359214755,-4.644771912572139,-21.413678979365393,37.46409241861111,-27.789691621526405,-6.80462086601034,-17.4274354750705,-30.86271353498214,-18.38469380849344,-9.594900838159049,31.616846265236866,33.200435767146885,-7.45857956362048,31.459570396699824,-7.668507438821871,13.690320985006688,4.244684305525205,-1.844333314590239,18.30859608178087,36.84707995479403,2.253927889875578,-25.808782304200488,19.12387769170085,-13.311790661087116,-22.56976946718508
1.4771471639087503,-0.8700152926329017,-3.2157269117165175,-8.763483945922806,0.015415540686536071,3.859613134955282,1.2696125979381172,5.20620645020957,-9.161796386225628,6.697398734712426,1.7253540786655825,4.448003820707308,7.518348490698037,4.738965087096428,2.4628353742211035,-7.883897075307302,-8.98805929676093,1.554607687923645,-7.668507438821871,2.0768884730215076,-3.3804069963955983,-0.6733711305100801,0.4085542520718793,-4.738869472582623,-9.28942101509717,-0.8515629408480193,5.855634328341763,-4.972065779293358,3.247364859871371,5.496853495930379
-1.9780353476867254,2.019879474756366,6.246356271576412,14.947513596345832,-0.19017507324502722,-6.640546808204687,-2.046625495294018,-9.341187780819327,16.30991009666117,-12.106945941789213,-2.98117172862258,-7.614094415934049,-13.440078647181068,-8.058924519756511,-4.198685381198041,13.827870855543534,14.625400934325636,-3.1996530681574593,13.690320985006688,-3.3804069963955983,5.967205212453138,1.7922441058774365,-0.7960118342562809,8.02566780694125,16.10025298410836,1.0139356450588946,-11.160025477423417,8.380787380110617,-5.807781888552021,-9.835685852854738
-0.17717626979547185,2.5732385842021084,2.516863582488335,4.829952901286752,-0.5814630085489493,-1.8473484432473823,-0.22018324275374995,-4.205097692031346,5.020156959882984,-5.397717191177654,-1.1192900595925033,-1.4145687280766344,-4.704331061494784,-2.2747294039563326,-0.9481658675560823,5.603782868324297,2.4654022012671426,-1.9072687353585596,4.244684305525205,-0.6733711305100801,1.7922441058774365,2.2362699509900197,-0.42398827275092954,2.027953545766008,4.504859373609322,-1.7463335246071894,-5.214877369375703,1.7302817442581635,-2.5241296328158063,-3.8141071961599358
0.20339038117956076,-0.47689864317777986,-0.9138576419000254,-2.0109920685999665,0.08167910416531358,0.8661511189092495,0.22836547360074452,1.387713232616676,-2.1921358242335653,1.7964224602136691,0.41768001346205674,0.9230662276237293,1.863632548833281,1.0512758949647032,0.5249323371616086,-1.9838505358327205,-1.7239116124850415,0.5336092117565309,-1.844333314590239,0.4085542520718793,-0.7960118342562809,-0.42398827275092954,0.12670168598677223,-1.0226427811187417,-2.1063367545510685,0.08057240308977474,1.6965890292995665,-1.028771326012843,0.8534322662487727,1.400415881571446
-3.092211843623469,2.4245605188270587,8.016683525787405,20.478765177865924,-0.15404058029058135,-9.04897478559967,-2.8796538497889217,-12.491577576579619,21.84308114684701,-16.126663976903416,-4.0603871846020585,-10.38644886587772,-17.974558334727057,-11.050660069441085,-5.744023755193573,18.695891479007177,20.495032261711014,-4.006657131813016,18.30859608178087,-4.738869472582623,8.02566780694125,2.027953545766008,-1.0226427811187417,11.023406213167883,21.855490946255994,1.6574367084286463,-14.476869041209806,11.53093680592206,-7.77731568896412,-13.156645219988123
-5.7172307975541425,5.200359041635827,16.51635791284675,40.663804499467375,-0.42537033564515286,-18.020723750370927,-5.632709062280284,-25.146513356805265,43.92488899806952,-32.535939538726765,-8.089845647250336,-20.669067814700927,-36.176397396480205,-21.93086239656782,-11.4131608938429,37.402986797356625,40.18242559446824,-8.374752952234331,36.84707995479403,-9.28942101509717,16.10025298410836,4.504859373609322,-2.1063367545510685,21.855490946255994,43.61771152386375,2.986425499694776,-29.647803257314305,22.838419989769694,-15.643815539014403,-26.478409063977715
-0.4415755780224125,-2.209956994007957,0.5703467117302904,1.5966909307145247,0.620362912741096,-1.2065732227107786,-0.7793796265169786,0.3896796151630113,2.702484257081944,0.352930466095696,-0.11692932765447338,-2.407430128500177,-1.4204732550811316,-1.3348390506260701,-1.0603559031882364,0.09726510363228309,4.353644046567868,0.5007754262736499,2.253927889875578,-0.8515629408480193,1.0139356450588946,-1.7463335246071894,0.08057240308977474,1.6574367084286463,2.986425499694776,2.8478887951530107,0.22051067983136058,2.278291932228884,0.12189888997457109,-0.48927650852348636
2.9742185011577797,-5.815777025482089,-12.575418597624981,-27.971034673900277,0.9179317191409573,12.190956234269725,3.3645985500019835,18.812884330336324,-30.688730316255054,24.385102722943685,5.740930741428656,13.323245654970943,25.830082388339505,14.770422243411177,7.48821575043309,-27.116333168498457,-24.9290692768531,7.088501906186831,-25.808782304200488,5.855634328341763,-11.160025477423417,-5.214877369375703,1.6965890292995665,-14.476869041209806,-29.647803257314305,0.22051067983136058,23.005590093938583,-14.745820222469233,11.605161596610154,19.242088976081344
-3.1644675195689107,2.011804106461544,8.338729381606306,21.09389508476875,-0.03345059054547417,-9.44308223626124,-3.0790779243616475,-12.610078969252122,22.8132078905928,-16.325136750992257,-4.141218048562757,-11.069153421761628,-18.594841979045636,-11.488438758987366,-6.057179566179292,18.991629442481408,21.657435792478445,-4.007549698161119,19.12387769170085,-4.972065779293358,8.380787380110617,1.7302817442581635,-1.028771326012843,11.53093680592206,22.838419989769694,2.278291932228884,-14.745820222469233,12.182171371965154,-7.876619999166464,-13.485176820260294
2.0686762122978966,-3.0187247285858754,-6.135776195888082,-15.152247187291161,0.4421429119816874,6.479391910763622,1.8485756426369577,9.975558944868192,-15.864787680198361,12.830495199794646,3.104773855443502,6.959732132371091,13.435753549126,7.953987312141185,3.969030400451593,-14.545714606194315,-13.736336094289355,3.4658851576126093,-13.311790661087116,3.247364859871371,-5.807781888552021,-2.5241296328158063,0.8534322662487727,-7.77731568896412,-15.643815539014403,0.12189888997457109,11.605161596610154,-7.876619999166464,6.151260680690685,10.088581974081212
3.3368092110685166,-4.453909344971915,-10.416060271063698,-25.19480843111854,0.5929711123660452,10.94307632896331,3.2061029167111683,16.3130030427504,-26.88923931524932,21.052500144452743,5.113552938246124,12.065298534857174,22.532791811478283,13.361933067801015,6.7847500929049325,-23.88873502351246,-23.462995263376822,5.682085177760112,-22.56976946718508,5.496853495930379,-9.835685852854738,-3.8141071961599358,1.400415881571446,-13.156645219988123,-26.478409063977715,-0.48927650852348636,19.242088976081344,-13.485176820260294,10.088581974081212,16.751403930317945
