V1,V2,V3,V4,V5,V6,V7,V8,V9,V10,V11,V12,V13,V14,V15,V16,V17,V18,V19,V20,V21,V22,V23,V24,V25,V26,V27,V28,V29,V30
1.412724367762159,-0.38958705320920417,1.1417163522234006,0.6429350805233831,-0.312888748737495,-0.9468267516471253,0.01735561917691767,0.16024669794802943,-0.45742403675383164,0.7705248945830806,-1.4693937517060747,-0.6563870869492769,-0.7439063081744112,-0.8156250494850228,-1.001598849665944,1.8244150451608274,1.4067764616510254,-0.3286228617462889,2.901718760701722,-1.427818033483974,-1.1631458128770988,0.35184936684269247,-3.397523782812477,-0.05833112328097173,-0.820141213725883,-0.061141937517701465,-0.1588039880008289,1.3490146204954203,2.115367661367271,-1.4175015028360385
-0.38958705320920417,0.5859264682806317,-0.17470509239534424,0.14430851019815186,-0.9577886232414494,0.19461319627656604,-0.6360964918411444,-1.843049172739942,0.037336535376025576,1.293762235136218,0.9922385083435907,-0.10175366568144335,-0.5011841583498691,-0.0468511453337176,-0.12540040198802452,-0.22886945497306005,-0.3466258187197963,-0.15210050190452806,-0.30514104677195464,-0.9368444302625132,0.00868052687238546,-0.219066862832839,-0.004136417461801202,0.2896023883507492,0.6679010183885797,1.1660021581242543,1.1770015515598675,-0.07222460893150026,1.0150815737152925,0.9565824773155698
1.1417163522234006,-0.17470509239534424,0.9637444965563439,0.6137958526591114,-0.5586674506759615,-0.7846689244585243,-0.17087973666157216,-0.397365730984783,-0.3956857124208688,1.063881390334394,-1.0155798907720253,-0.6132898419127809,-0.8080790801036116,-0.7387618882867425,-0.9270874261871813,1.5547565164534793,1.1490120552119882,-0.33667420024652345,2.4900726294943354,-1.5436353009932122,-1.0314212671242247,0.24860903408443352,-3.0213972129538558,0.03296961895587608,-0.5334310386635189,0.28716175869033983,0.20356795258348193,1.1780354098532317,2.177738898068924,-0.9798942978519672
0.6429350805233831,0.14430851019815186,0.6137958526591114,0.5087680871603948,-0.8441570979721148,-0.47559624668679595,-0.416428275543134,-1.136149784817763,-0.26786569733783333,1.3630740954323026,-0.2741652773269014,-0.48878083054733157,-0.8133051471428144,-0.5538640934755679,-0.7257683962847828,1.0146299415313884,0.6680015262370317,-0.31270153149130436,1.6533329581476495,-1.5441452829990416,-0.7391117381214137,0.07810192860134277,-2.1787520678911854,0.15729378131987576,-0.07634531882685366,0.7445540441231565,0.689398683382051,0.8154426135136333,2.0370781347084708,-0.2648961580389153
-0.312888748737495,-0.9577886232414494,-0.5586674506759615,-0.8441570979721148,2.3474867612609147,0.35479170959362005,1.3736868220542038,3.8896496142703363,0.2950889963775171,-3.4573199214680006,-0.9554567337150321,0.7623755670705786,1.705987269422812,0.7736642253067205,1.0981563908146406,-1.0024871188252165,-0.4017345271329664,0.6024131021719618,-1.7229128644195633,3.2196118007111485,0.9385771008887926,0.18836052327672928,2.80591569567706,-0.5838986826207839,-0.7822203208226967,-2.4939051500709453,-2.4375091987242854,-0.9529326238424027,-3.9563273269079398,-0.9203730148505407
-0.9468267516471253,0.19461319627656604,-0.7846689244585243,-0.47559624668679595,0.35479170959362005,0.6438161631610547,0.076097916281055,0.14257837937879003,0.31891278694351216,-0.725731730447282,0.9032317268261673,0.47921383791724587,0.5967310912843039,0.5844101052735388,0.7270947654742529,-1.2608583682152128,-0.9485825479105094,0.2539776319257861,-2.013567424597997,1.1418483776339516,0.8229240253793336,-0.21885526468687233,2.407841634847381,0.0010851498842120758,0.4882846117368481,-0.1187119595735086,-0.05104344030365624,-0.9457883167070142,-1.6398740345386145,0.8714191350699025
0.01735561917691767,-0.6360964918411444,-0.17087973666157216,-0.416428275543134,1.3736868220542038,0.076097916281055,0.8331517579633348,2.3753465685070547,0.11155109704481625,-1.9778505933832444,-0.7925594984132501,0.3650115182688349,0.9227805681938771,0.3485559530808403,0.5175732595179005,-0.3394261631915515,-0.03723551372986018,0.316209207378185,-0.6175322132126867,1.7380184285846298,0.39746301883087354,0.16533629521789167,1.1998922562408911,-0.3615887707046979,-0.5928863912887992,-1.5169053769156515,-1.4970836118593736,-0.3789683435973264,-2.0829581640433923,-0.7637587904776381
0.16024669794802943,-1.843049172739942,-0.397365730984783,-1.136149784817763,3.8896496142703363,0.14257837937879003,2.3753465685070547,6.780888265508177,0.2819803631199149,-5.575265600908939,-2.373559560106157,0.9885875894330551,2.571032949742867,0.9292107591875214,1.396224287167025,-0.8240815314590608,0.004228017852820913,0.875235214141834,-1.5320298643331132,4.840338527325134,1.0413123535149007,0.49870365951516016,3.1525248499280947,-1.0348870113499082,-1.7536924594286403,-4.327070486492878,-4.278249534721104,-0.974036662924321,-5.769289671243894,-2.287425207591461
-0.45742403675383164,0.037336535376025576,-0.3956857124208688,-0.26786569733783333,0.2950889963775171,0.31891278694351216,0.11155109704481625,0.2819803631199149,0.16459125062423777,-0.5290458169455753,0.3668218353003728,0.26501169976884753,0.37196283199696023,0.31453149559326754,0.3988449769746771,-0.6416252546260127,-0.4631673001048692,0.1514538500488668,-1.031427253868235,0.7092682243942107,0.4345351479127785,-0.09127476781787396,1.2747415190300466,-0.03187743534174048,0.18356755153877966,-0.19348250244267856,-0.15890350581383772,-0.49243689609955893,-0.9816003123653994,0.3539814941739235
0.7705248945830806,1.293762235136218,1.063881390334394,1.3630740954323026,-3.4573199214680006,-0.725731730447282,-1.9778505933832444,-5.575265600908939,-0.5290458169455753,5.161817360492433,1.0464725009769917,-1.248129542108335,-2.6292163589984883,-1.3003867269454565,-1.8105314670986208,1.8583848726386003,0.8973560353631447,-0.9433159536245125,3.1410788258104922,-4.967364848306962,-1.6168049636929436,-0.1922594614639065,-4.815491299108304,0.8291938163940397,0.94321472667151,3.584060180754459,3.480638052512499,1.679502516324904,6.1855149337475845,1.0075806322758631
-1.4693937517060747,0.9922385083435907,-1.0155798907720253,-0.2741652773269014,-0.9554567337150321,0.9032317268261673,-0.7925594984132501,-2.373559560106157,0.3668218353003728,1.0464725009769917,2.2485121370943,0.3358130338100877,-0.09279820344157814,0.5149207807832507,0.549069534118918,-1.5611424507925278,-1.4125136569923122,0.044024051316923954,-2.4107573184574087,-0.14731364940804997,0.8269357574942446,-0.5156819136703223,2.3792796981409072,0.39622784400180583,1.3949664379154636,1.473390172010679,1.5554229038702143,-1.0353344271723188,-0.23921979131298066,2.168350706890289
-0.6563870869492769,-0.10175366568144335,-0.6132898419127809,-0.48878083054733157,0.7623755670705786,0.47921383791724587,0.3650115182688349,0.9885875894330551,0.26501169976884753,-1.248129542108335,0.3358130338100877,0.47207534245881694,0.7630467683357237,0.5395669872240566,0.7027016617290194,-1.0097377360569164,-0.6780423164654189,0.29612561589189323,-1.640772391818331,1.449719725091351,0.7248516788940943,-0.09135950490839989,2.1347046513954493,-0.13453346019796153,0.12001563900530295,-0.6506814115611077,-0.5958895747747124,-0.8039499311973629,-1.92745515675884,0.32431702934736556
-0.7439063081744112,-0.5011841583498691,-0.8080790801036116,-0.8133051471428144,1.705987269422812,0.5967310912843039,0.9227805681938771,2.571032949742867,0.37196283199696023,-2.6292163589984883,-0.09279820344157814,0.7630467683357237,1.4343859825094887,0.8306752938539447,1.1202630378953315,-1.365530789879925,-0.8017709295361102,0.5313472533867382,-2.2587748032654114,2.716033234068069,1.0731668713175748,-0.005127723967509386,3.178232584333245,-0.373040134054782,-0.2202018582592632,-1.6641284404697525,-1.5891823719648943,-1.1529031851898857,-3.4734607381614886,-0.0886134471543055
-0.8156250494850228,-0.0468511453337176,-0.7387618882867425,-0.5538640934755679,0.7736642253067205,0.5844101052735388,0.3485559530808403,0.9292107591875214,0.31453149559326754,-1.3003867269454565,0.5149207807832507,0.5395669872240566,0.8306752938539447,0.6252598609018454,0.8063750414233063,-1.209081529729284,-0.8356608390260117,0.32759232209966666,-1.9564750636187929,1.5800992699636496,0.848790377957026,-0.1338217414972942,2.4960495202297905,-0.12167673678503564,0.22260466212913424,-0.6173973827663614,-0.5519633043397033,-0.9491213796044705,-2.129181683845962,0.4970853451350434
-1.001598849665944,-0.12540040198802452,-0.9270874261871813,-0.7257683962847828,1.0981563908146406,0.7270947654742529,0.5175732595179005,1.396224287167025,0.3988449769746771,-1.8105314670986208,0.549069534118918,0.7027016617290194,1.1202630378953315,0.8063750414233063,1.0472022134271388,-1.523666975088552,-1.0320638504857818,0.4367147221407519,-2.47279602258516,2.1291082214114256,1.086590182652321,-0.14702587241594786,3.1986599837216847,-0.188214904906148,0.21070885543430734,-0.9211606551614716,-0.8385468752285095,-1.2080552865787493,-2.841378490933232,0.5301948264041297
1.8244150451608274,-0.22886945497306005,1.5547565164534793,1.0146299415313884,-1.0024871188252165,-1.2608583682152128,-0.3394261631915515,-0.8240815314590608,-0.6416252546260127,1.8583848726386003,-1.5611424507925278,-1.0097377360569164,-1.365530789879925,-1.209081529729284,-1.523666975088552,2.5132668811539944,1.8404171949744366,-0.5635081335650431,4.031076640924532,-2.606545464868695,-1.6809760077295675,0.38443746312915594,-4.926998175808483,0.08143788561853393,-0.8059629027792072,0.5796777245602249,0.44442333876008844,1.9139676028405095,3.6479738862044178,-1.5063624088349363
1.4067764616510254,-0.3466258187197963,1.1490120552119882,0.6680015262370317,-0.4017345271329664,-0.9485825479105094,-0.03723551372986018,0.004228017852820913,-0.4631673001048692,0.8973560353631447,-1.4125136569923122,-0.6780423164654189,-0.8017709295361102,-0.8356608390260117,-1.0320638504857818,1.8404171949744366,1.404421962093505,-0.3482002714305197,2.932254256783158,-1.536712688107896,-1.1851990189310997,0.3398292350174587,-3.464487526815321,-0.0344654617760531,-0.7785416903048501,0.038351860156341754,-0.06027491721464014,1.3692241938137129,2.244497678123798,-1.3626832067187282
-0.3286228617462889,-0.15210050190452806,-0.33667420024652345,-0.31270153149130436,0.6024131021719618,0.2539776319257861,0.316209207378185,0.875235214141834,0.1514538500488668,-0.9433159536245125,0.044024051316923954,0.29612561589189323,0.5313472533867382,0.32759232209966666,0.4367147221407519,-0.5635081335650431,-0.3482002714305197,0.1995707166669453,-0.9261207929205041,1.0071076219908968,0.42887651945565203,-0.019939720982859687,1.2676995891074587,-0.12517857809865757,-0.03329953155627603,-0.5687050900375051,-0.537904974563648,-0.46587978760937776,-1.3029121983087282,0.042781179655008564
2.901718760701722,-0.30514104677195464,2.4900726294943354,1.6533329581476495,-1.7229128644195633,-2.013567424597997,-0.6175322132126867,-1.5320298643331132,-1.031427253868235,3.1410788258104922,-2.4107573184574087,-1.640772391818331,-2.2587748032654114,-1.9564750636187929,-2.47279602258516,4.031076640924532,2.932254256783158,-0.9261207929205041,6.472311548037108,-4.3094097767422355,-2.7119788528126985,0.5964292953107465,-7.952145415554654,0.16318022419287417,-1.227526877530897,1.0633652437215908,0.8462837354407916,3.0810384653216545,5.998749810324997,-2.3262564951269384
-1.427818033483974,-0.9368444302625132,-1.5436353009932122,-1.5441452829990416,3.2196118007111485,1.1418483776339516,1.7380184285846298,4.840338527325134,0.7092682243942107,-4.967364848306962,-0.14731364940804997,1.449719725091351,2.716033234068069,1.5800992699636496,2.1291082214114256,-2.606545464868695,-1.536712688107896,1.0071076219908968,-4.3094097767422355,5.14321294791882,2.043411404626243,-0.016244758010962288,6.050772763237526,-0.7016450875137872,-0.3994690790202985,-3.133757489617459,-2.9907455467296056,-2.197098080723104,-6.582930366115726,-0.1404016508795979
-1.1631458128770988,0.00868052687238546,-1.0314212671242247,-0.7391117381214137,0.9385771008887926,0.8229240253793336,0.39746301883087354,1.0413123535149007,0.4345351479127785,-1.6168049636929436,0.8269357574942446,0.7248516788940943,1.0731668713175748,0.848790377957026,1.086590182652321,-1.6809760077295675,-1.1851990189310997,0.42887651945565203,-2.7119788528126985,2.043411404626243,1.161203613109221,-0.21009494049925864,3.4110859150432087,-0.1303665004449172,0.3871461315870003,-0.6991511663229917,-0.6083508391037241,-1.3062221204557676,-2.7841873579156404,0.7981330989332646
0.35184936684269247,-0.219066862832839,0.24860903408443352,0.07810192860134277,0.18836052327672928,-0.21885526468687233,0.16533629521789167,0.49870365951516016,-0.09127476781787396,-0.1922594614639065,-0.5156819136703223,-0.09135950490839989,-0.005127723967509386,-0.1338217414972942,-0.14702587241594786,0.38443746312915594,0.3398292350174587,-0.019939720982859687,0.5964292953107465,-0.016244758010962288,-0.21009494049925864,0.11875596844824307,-0.6061608022055559,-0.08428724906312596,-0.3169242126553225,-0.30831269308481923,-0.3285724953904311,0.2595206720915399,0.1191716342987721,-0.49731351057034523
-3.397523782812477,-0.004136417461801202,-3.0213972129538558,-2.1787520678911854,2.80591569567706,2.407841634847381,1.1998922562408911,3.1525248499280947,1.2747415190300466,-4.815491299108304,2.3792796981409072,2.1347046513954493,3.178232584333245,2.4960495202297905,3.1986599837216847,-4.926998175808483,-3.464487526815321,1.2676995891074587,-7.952145415554654,6.050772763237526,3.4110859150432087,-0.6061608022055559,10.021712004962604,-0.39765604062493576,1.1036190453282892,-2.1130337100397103,-1.8468258465502767,-3.833924572206668,-8.231071925763882,2.2964636062557364
-0.05833112328097173,0.2896023883507492,0.03296961895587608,0.15729378131987576,-0.5838986826207839,0.0010851498842120758,-0.3615887707046979,-1.0348870113499082,-0.03187743534174048,0.8291938163940397,0.39622784400180583,-0.13453346019796153,-0.373040134054782,-0.12167673678503564,-0.188214904906148,0.08143788561853393,-0.0344654617760531,-0.12517857809865757,0.16318022419287417,-0.7016450875137872,-0.1303665004449172,-0.08428724906312596,-0.39765604062493576,0.1587570687464842,0.28636733149511034,0.6594011845722332,0.6543260111851913,0.11566843888686754,0.8263616744219042,0.3818835612157177
-0.820141213725883,0.6679010183885797,-0.5334310386635189,-0.07634531882685366,-0.7822203208226967,0.4882846117368481,-0.5928863912887992,-1.7536924594286403,0.18356755153877966,0.94321472667151,1.3949664379154636,0.12001563900530295,-0.2202018582592632,0.22260466212913424,0.21070885543430734,-0.8059629027792072,-0.7785416903048501,-0.03329953155627603,-1.227526877530897,-0.3994690790202985,0.3871461315870003,-0.3169242126553225,1.1036190453282892,0.28636733149511034,0.8839190257224877,1.096355096202482,1.1383428236913424,-0.5063932529183743,0.24758594319470503,1.3451350737897736
-0.061141937517701465,1.1660021581242543,0.28716175869033983,0.7445540441231565,-2.4939051500709453,-0.1187119595735086,-1.5169053769156515,-4.327070486492878,-0.19348250244267856,3.584060180754459,1.473390172010679,-0.6506814115611077,-1.6641284404697525,-0.6173973827663614,-0.9211606551614716,0.5796777245602249,0.038351860156341754,-0.5687050900375051,1.0633652437215908,-3.133757489617459,-0.6991511663229917,-0.30831269308481923,-2.1130337100397103,0.6594011845722332,1.096355096202482,2.7624220556880195,2.7283843860357333,0.6615983880833534,3.747251473591857,1.419880348351151
-0.1588039880008289,1.1770015515598675,0.20356795258348193,0.689398683382051,-2.4375091987242854,-0.05104344030365624,-1.4970836118593736,-4.278249534721104,-0.15890350581383772,3.480638052512499,1.5554229038702143,-0.5958895747747124,-1.5891823719648943,-0.5519633043397033,-0.8385468752285095,0.44442333876008844,-0.06027491721464014,-0.537904974563648,0.8462837354407916,-2.9907455467296056,-0.6083508391037241,-0.3285724953904311,-1.8468258465502767,0.6543260111851913,1.1383428236913424,2.7283843860357333,2.701628681925772,0.5583580217634393,3.5477903167750293,1.4990365464020947
1.3490146204954203,-0.07222460893150026,1.1780354098532317,0.8154426135136333,-0.9529326238424027,-0.9457883167070142,-0.3789683435973264,-0.974036662924321,-0.49243689609955893,1.679502516324904,-1.0353344271723188,-0.8039499311973629,-1.1529031851898857,-0.9491213796044705,-1.2080552865787493,1.9139676028405095,1.3692241938137129,-0.46587978760937776,3.0810384653216545,-2.197098080723104,-1.3062221204557676,0.2595206720915399,-3.833924572206668,0.11566843888686754,-0.5063932529183743,0.6615983880833534,0.5583580217634393,1.4760104748794582,3.0214554356721144,-0.999156336844069
2.115367661367271,1.0150815737152925,2.177738898068924,2.0370781347084708,-3.9563273269079398,-1.6398740345386145,-2.0829581640433923,-5.769289671243894,-0.9816003123653994,6.1855149337475845,-0.23921979131298066,-1.92745515675884,-3.4734607381614886,-2.129181683845962,-2.841378490933232,3.6479738862044178,2.244497678123798,-1.3029121983087282,5.998749810324997,-6.582930366115726,-2.7841873579156404,0.1191716342987721,-8.231071925763882,0.8263616744219042,0.24758594319470503,3.747251473591857,3.5477903167750293,3.0214554356721144,8.507196293231884,-0.23282524078580738
-1.4175015028360385,0.9565824773155698,-0.9798942978519672,-0.2648961580389153,-0.9203730148505407,0.8714191350699025,-0.7637587904776381,-2.287425207591461,0.3539814941739235,1.0075806322758631,2.168350706890289,0.32431702934736556,-0.0886134471543055,0.4970853451350434,0.5301948264041297,-1.5063624088349363,-1.3626832067187282,0.042781179655008564,-2.3262564951269384,-0.1404016508795979,0.7981330989332646,-0.49731351057034523,2.2964636062557364,0.3818835612157177,1.3451350737897736,1.419880348351151,1.4990365464020947,-0.999156336844069,-0.23282524078580738,2.0910477983586344
