V1,V2,V3,V4,V5,V6,V7,V8,V9,V10,V11,V12,V13,V14,V15,V16,V17,V18,V19,V20,V21,V22,V23,V24,V25,V26,V27,V28,V29,V30
0.04081370644357859,0.1349959592712496,0.12353335065577097,-0.11506123365273188,0.05219958381961345,0.08124811850193293,0.1299128533390934,-0.037461227164172224,-0.1323785885377205,0.1808039116158385,0.09265938827422712,-0.062034232418138956,-0.26032337016076607,-0.19382904229764292,-0.08948867214288703,-0.09096057172245238,0.18242562641802004,-0.12988550609205382,-0.01650232232781343,0.049832624349765625,-0.32643530428472645,0.12097570052766438,0.003778520824564906,0.06621100619057138,-0.08655366028423463,-0.005483099371249254,0.2021219179809868,-0.08767864585717328,-0.0018020519421362562,0.10190691307351929
0.1349959592712496,1.1330006939204458,0.829709926327626,-0.35717689228610616,0.017754169786548684,-0.5283393837249482,0.03599006385452698,-0.878034213676594,-0.5224384430011633,1.5806183787811205,-0.06617776847004476,-0.3231222483711132,-0.352520598760492,-0.7012362540954825,0.06652434355343927,0.25476530253395546,0.44831105191307913,-0.5878297513151326,0.16631760152353275,0.750046243135782,-1.3278024995557998,-0.3802488663155381,0.20661703127639036,0.1580344803302353,-0.25770948090791285,-0.3546194310830045,1.5742462393660326,-0.6182264335687024,-0.4343712340365235,0.006570452908686628
0.12353335065577097,0.829709926327626,0.6632544908792589,-0.21893891441499141,0.0026913613592510492,-0.39729927827995326,0.028372404967127937,-0.643309787194045,-0.4545411636383094,1.1921895499597113,0.013118110743166706,-0.1738582292551357,-0.21549295918989686,-0.5495705632773081,0.09279168858857678,0.18750915997616213,0.355320991075188,-0.444477874855531,0.13053294887822123,0.5039049115646826,-0.9875564331186328,-0.40377678313200366,0.15961496496560718,0.1534268092671671,-0.2649049710491521,-0.2977415162172967,1.1542727702264552,-0.4279231670611421,-0.3146282524467997,0.016524741046016256
-0.11506123365273188,-0.35717689228610616,-0.21893891441499141,2.4501167254860277,-0.928305126600927,-2.120652015564569,-2.1411553183117875,-0.3405197331626839,0.16984000057655618,-0.1521885737441873,-1.2033077630318756,1.6852554473465378,4.478544859714057,1.1503214334986827,2.2094027650024906,2.312059448654045,-2.052874871449912,1.1349055491326323,1.11562510712331,-0.4519104297559015,3.1431358887462317,-4.941046336238348,0.9870779344111476,-0.15122251208718335,-0.021627570739904782,-1.2353250886391391,-1.3073248842016671,0.9301887981189577,-0.5471086646763873,-1.4563174315416814
0.05219958381961345,0.017754169786548684,0.0026913613592510492,-0.928305126600927,0.39854361701407715,1.0040579970794183,0.9189339812491377,0.30875628655955606,-0.08365126879951369,-0.12701393267476865,0.5334830689470997,-0.6088342877467865,-1.852176534617179,-0.4861110554547803,-0.9330095138948967,-0.9941080029304848,0.8420712965400974,-0.4159374041400889,-0.4493735961159632,0.043734597477851196,-1.1999129766225107,2.033048493714045,-0.3827099214670899,0.09334927763585554,-0.015410079782575812,0.527081594320685,0.3136252313518204,-0.29244590301773543,0.3034401808582979,0.6473194343123839
0.08124811850193293,-0.5283393837249482,-0.39729927827995326,-2.120652015564569,1.0040579970794183,2.83862199748966,2.322029088674338,1.2663044469863365,-0.008849293840120903,-1.1184612328898689,1.4080143113912382,-1.3245037447205779,-4.506276198184681,-0.936939576732689,-2.3833297776361677,-2.6388195295360366,1.9292576371375678,-0.7624918050638659,-1.1940087273677977,-0.3157299481633733,-2.3887926967161923,5.254204891404459,-1.0345094182201258,0.1948367475911425,0.04118535297942036,1.4836850265297186,-0.036579185484071984,-0.4051523867315992,1.0028550194485468,1.659969044658378
0.1299128533390934,0.03599006385452698,0.028372404967127937,-2.1411553183117875,0.9189339812491377,2.322029088674338,2.131474007446927,0.7124406409204325,-0.21693044269613337,-0.28457977345752766,1.266232633226144,-1.3900129381569202,-4.276947438684143,-1.1317163180885565,-2.145837056079079,-2.3100043441635782,1.9620830032147534,-0.9688599447842432,-1.0451813768513945,0.0838875988325517,-2.78287633470546,4.673473206436316,-0.8930665678063333,0.22785454084132123,-0.06424162959677807,1.2115391832647335,0.7285640677292284,-0.6676697706923507,0.7052257172009612,1.5039256108143946
-0.037461227164172224,-0.878034213676594,-0.643309787194045,-0.3405197331626839,0.30875628655955606,1.2663044469863365,0.7124406409204325,1.0264195749687992,0.2379117240323044,-1.353877991454912,0.48766468422375797,-0.12083149500693968,-1.1633078346350665,0.049633708792437885,-0.7658974185396393,-0.9512065739952592,0.340231796884961,0.13286010370033405,-0.41521097560425096,-0.6448746430550677,0.07293360984057348,1.7300108551214233,-0.3686120416319485,0.019754788540537156,0.1114591461501899,0.633679883656348,-1.0797747805538793,0.30150452073772044,0.6098028820731957,0.5465913243990344
-0.1323785885377205,-0.5224384430011633,-0.4545411636383094,0.16984000057655618,-0.08365126879951369,-0.008849293840120903,-0.21693044269613337,0.2379117240323044,0.4620913643152727,-0.7291971601556055,-0.16296877415655683,0.07436665629855792,0.4514157772051866,0.593976762169615,0.07516470183286603,0.038763381502841615,-0.43484051975951193,0.3692172030306184,-0.07827508603473926,-0.19798889124927163,0.8905514207268563,0.11943521527626837,-0.13854287753509567,-0.2150524058338347,0.3003454875963842,0.17344222681158067,-0.6843855693043521,0.2597541669805717,0.10309194914547656,-0.1902862476393407
0.1808039116158385,1.5806183787811205,1.1921895499597113,-0.1521885737441873,-0.12701393267476865,-1.1184612328898689,-0.28457977345752766,-1.353877991454912,-0.7291971601556055,2.2813332713469476,-0.2532237253533414,-0.20840982727148372,0.2016389805788354,-0.8112511422636397,0.454923416334403,0.7146833058531964,0.33364995368449085,-0.6799687713071322,0.3925857753835955,1.019868646154088,-1.4290885021505386,-1.3220803495699573,0.4213090003721945,0.20020788562865946,-0.38912569579187234,-0.7025406815010757,2.1029523120975337,-0.751131861969738,-0.7203778325801886,-0.224635993245855
0.09265938827422712,-0.06617776847004476,0.013118110743166706,-1.2033077630318756,0.5334830689470997,1.4080143113912382,1.266232633226144,0.48766468422375797,-0.16296877415655683,-0.2532237253533414,0.824634690677021,-0.737121764232212,-2.470165679102597,-0.653503864699254,-1.2339004058835197,-1.39352427270052,1.1603978512500441,-0.545868176925674,-0.6275020935852287,-0.05417218375932667,-1.5676963769284578,2.6783021304041665,-0.5416124705766866,0.16168165357417158,-0.09832365906241507,0.7086658900620089,0.31644551510524377,-0.32390302526309633,0.455610038810223,0.9049616176217882
-0.062034232418138956,-0.3231222483711132,-0.1738582292551357,1.6852554473465378,-0.6088342877467865,-1.3245037447205779,-1.3900129381569202,-0.12083149500693968,0.07436665629855792,-0.20840982727148372,-0.737121764232212,1.1945742036857112,2.9748337250783488,0.743871636453283,1.4659526750679996,1.4963165185787752,-1.3465939203429698,0.7769455186087462,0.7415131798122833,-0.4103896329550104,2.1344783608637408,-3.3167255067754335,0.6630028671304672,-0.06542449123623137,-0.06443764260764699,-0.8184235137092069,-1.0054835069930812,0.6846091163520894,-0.3097759300551713,-0.927789078840468
-0.26032337016076607,-0.352520598760492,-0.21549295918989686,4.478544859714057,-1.852176534617179,-4.506276198184681,-4.276947438684143,-1.1633078346350665,0.4514157772051866,0.2016389805788354,-2.470165679102597,2.9748337250783488,8.71526922479316,2.352895948583226,4.3364257468717,4.592472834711822,-4.012798579627789,2.0783812445853576,2.1014863748670765,-0.43677604708983275,5.888478634225307,-9.475964464116014,1.7998461847025644,-0.4293717617379024,0.09151524656287663,-2.406356905791957,-1.8983210822488894,1.5366660258608547,-1.2899572808093998,-2.9889808335878243
-0.19382904229764292,-0.7012362540954825,-0.5495705632773081,1.1503214334986827,-0.4861110554547803,-0.936939576732689,-1.1317163180885565,0.049633708792437885,0.593976762169615,-0.8112511422636397,-0.653503864699254,0.743871636453283,2.352895948583226,1.1675206141261834,1.0079681166205963,0.9838830102532973,-1.321476138142977,0.857965902161275,0.34109217836206945,-0.36215351883559316,2.2617814615829834,-1.8832997419011643,0.20677693316334309,-0.31785612436278005,0.32273033219832103,-0.3106314274485914,-1.21083465177719,0.6451078930428804,-0.13604861686672226,-0.8296167883424638
-0.08948867214288703,0.06652434355343927,0.09279168858857678,2.2094027650024906,-0.9330095138948967,-2.3833297776361677,-2.145837056079079,-0.7658974185396393,0.07516470183286603,0.454923416334403,-1.2339004058835197,1.4659526750679996,4.3364257468717,1.0079681166205963,2.2200914523813315,2.374107660921342,-1.9126036676456408,0.9153744489619391,1.1063238848431918,-0.0858704659441866,2.6735255756993332,-4.926778409214688,0.9655608361311934,-0.1599839628050941,-0.04777208732591741,-1.3110721772863885,-0.6266105213452318,0.6560195669468576,-0.739479139358478,-1.4963638323148123
-0.09096057172245238,0.25476530253395546,0.18750915997616213,2.312059448654045,-0.9941080029304848,-2.6388195295360366,-2.3100043441635782,-0.9512065739952592,0.038763381502841615,0.7146833058531964,-1.39352427270052,1.4963165185787752,4.592472834711822,0.9838830102532973,2.374107660921342,2.6102230137720213,-2.0107506437324534,0.9052754892076954,1.2271517709175879,0.05082584969716771,2.68073506664901,-5.30562737811988,1.0869172555605153,-0.16653152859960343,-0.04228498469558757,-1.4516145159230995,-0.44025353430756664,0.5956852778785506,-0.8662573855982311,-1.617061683641825
0.18242562641802004,0.44831105191307913,0.355320991075188,-2.052874871449912,0.8420712965400974,1.9292576371375678,1.9620830032147534,0.340231796884961,-0.43484051975951193,0.33364995368449085,1.1603978512500441,-1.3465939203429698,-4.012798579627789,-1.321476138142977,-1.9126036676456408,-2.0107506437324534,1.9711961586638265,-1.1063968404643758,-0.880282738619374,0.32036667170101596,-3.0375176915486057,4.050326739004143,-0.723484304534416,0.2915288429663301,-0.19652848214641186,0.9515571904258272,1.2316195216612735,-0.8195726813844623,0.48977236674536495,1.3858581376144052
-0.12988550609205382,-0.5878297513151326,-0.444477874855531,1.1349055491326323,-0.4159374041400889,-0.7624918050638659,-0.9688599447842432,0.13286010370033405,0.3692172030306184,-0.6799687713071322,-0.545868176925674,0.7769455186087462,2.0783812445853576,0.857965902161275,0.9153744489619391,0.9052754892076954,-1.1063968404643758,0.7324777864963171,0.38643395712112966,-0.41223754451778527,1.913979772104868,-1.8780833587811108,0.30046967598850044,-0.18483971098849578,0.17087434085424685,-0.35766431014131567,-1.1274496387956303,0.6077534506918146,-0.09407837884884483,-0.6741224535424261
-0.01650232232781343,0.16631760152353275,0.13053294887822123,1.11562510712331,-0.4493735961159632,-1.1940087273677977,-1.0451813768513945,-0.41521097560425096,-0.07827508603473926,0.3925857753835955,-0.6275020935852287,0.7415131798122833,2.1014863748670765,0.34109217836206945,1.1063238848431918,1.2271517709175879,-0.880282738619374,0.38643395712112966,0.6143618194011264,-0.0033833525839219946,1.1508739900406124,-2.5628404116458112,0.5683727273459869,-0.02182464632748044,-0.08594765301665802,-0.7213372715018515,-0.18843627630522986,0.27600965113810055,-0.39701852066659704,-0.7126537490093952
0.049832624349765625,0.750046243135782,0.5039049115646826,-0.4519104297559015,0.043734597477851196,-0.3157299481633733,0.0838875988325517,-0.6448746430550677,-0.19798889124927163,1.019868646154088,-0.05417218375932667,-0.4103896329550104,-0.43677604708983275,-0.36215351883559316,-0.0858704659441866,0.05082584969716771,0.32036667170101596,-0.41223754451778527,-0.0033833525839219946,0.617403863862927,-0.942281381883363,0.17426765407510766,0.00356840705589962,0.017298367678903654,-0.04253686650394196,-0.10398920762829386,1.1526091081219876,-0.49453501022939644,-0.2920189782293795,0.010162945840602724
-0.32643530428472645,-1.3278024995557998,-0.9875564331186328,3.1431358887462317,-1.1999129766225107,-2.3887926967161923,-2.78287633470546,0.07293360984057348,0.8905514207268563,-1.4290885021505386,-1.5676963769284578,2.1344783608637408,5.888478634225307,2.2617814615829834,2.6735255756993332,2.68073506664901,-3.0375176915486057,1.913979772104868,1.1508739900406124,-0.942281381883363,5.08508026679429,-5.544519345259035,0.9086368410389211,-0.4832419310635588,0.3944145803992706,-1.145775092183851,-2.7139162927980407,1.5503856303898371,-0.4176299160613113,-1.9458456834100475
0.12097570052766438,-0.3802488663155381,-0.40377678313200366,-4.941046336238348,2.033048493714045,5.254204891404459,4.673473206436316,1.7300108551214233,0.11943521527626837,-1.3220803495699573,2.6783021304041665,-3.3167255067754335,-9.475964464116014,-1.8832997419011643,-4.926778409214688,-5.30562737811988,4.050326739004143,-1.8780833587811108,-2.5628404116458112,0.17426765407510766,-5.544519345259035,11.166248008192934,-2.2992093700963774,0.2053784602815376,0.2952969360855309,3.047139188870545,1.172869604431541,-1.3830027796065218,1.6692666818977935,3.2166216916224135
0.003778520824564906,0.20661703127639036,0.15961496496560718,0.9870779344111476,-0.3827099214670899,-1.0345094182201258,-0.8930665678063333,-0.3686120416319485,-0.13854287753509567,0.4213090003721945,-0.5416124705766866,0.6630028671304672,1.7998461847025644,0.20677693316334309,0.9655608361311934,1.0869172555605153,-0.723484304534416,0.30046967598850044,0.5683727273459869,0.00356840705589962,0.9086368410389211,-2.2992093700963774,0.5418112407858746,0.017913732959891567,-0.118393987649466,-0.6660983957175968,-0.11178617169762081,0.2216487612215101,-0.3549211322193359,-0.5976584770427034
0.06621100619057138,0.1580344803302353,0.1534268092671671,-0.15122251208718335,0.09334927763585554,0.1948367475911425,0.22785454084132123,0.019754788540537156,-0.2150524058338347,0.20020788562865946,0.16168165357417158,-0.06542449123623137,-0.4293717617379024,-0.31785612436278005,-0.1599839628050941,-0.16653152859960343,0.2915288429663301,-0.18483971098849578,-0.02182464632748044,0.017298367678903654,-0.4832419310635588,0.2053784602815376,0.017913732959891567,0.11899110740685638,-0.14490217494427757,0.002683797585257189,0.22051187847054518,-0.10140720716395338,0.033760370104057254,0.18675622214865004
-0.08655366028423463,-0.25770948090791285,-0.2649049710491521,-0.021627570739904782,-0.015410079782575812,0.04118535297942036,-0.06424162959677807,0.1114591461501899,0.3003454875963842,-0.38912569579187234,-0.09832365906241507,-0.06443764260764699,0.09151524656287663,0.32273033219832103,-0.04777208732591741,-0.04228498469558757,-0.19652848214641186,0.17087434085424685,-0.08594765301665802,-0.04253686650394196,0.3944145803992706,0.2952969360855309,-0.118393987649466,-0.14490217494427757,0.21976279622315176,0.15498600946267563,-0.3013744418780357,0.08485433024608671,0.05758473624267075,-0.07831966917281886
-0.005483099371249254,-0.3546194310830045,-0.2977415162172967,-1.2353250886391391,0.527081594320685,1.4836850265297186,1.2115391832647335,0.633679883656348,0.17344222681158067,-0.7025406815010757,0.7086658900620089,-0.8184235137092069,-2.406356905791957,-0.3106314274485914,-1.3110721772863885,-1.4516145159230995,0.9515571904258272,-0.35766431014131567,-0.7213372715018515,-0.10398920762829386,-1.145775092183851,3.047139188870545,-0.6660983957175968,0.002683797585257189,0.15498600946267563,0.8908559642994003,-0.03177571244713174,-0.23259088449700727,0.5291130046423619,0.8317629239964831
0.2021219179809868,1.5742462393660326,1.1542727702264552,-1.3073248842016671,0.3136252313518204,-0.036579185484071984,0.7285640677292284,-1.0797747805538793,-0.6843855693043521,2.1029523120975337,0.31644551510524377,-1.0054835069930812,-1.8983210822488894,-1.21083465177719,-0.6266105213452318,-0.44025353430756664,1.2316195216612735,-1.1274496387956303,-0.18843627630522986,1.1526091081219876,-2.7139162927980407,1.172869604431541,-0.11178617169762081,0.22051187847054518,-0.3013744418780357,-0.03177571244713174,2.5065245307952404,-1.1168610978990892,-0.39965015013593425,0.45666248992815245
-0.08767864585717328,-0.6182264335687024,-0.4279231670611421,0.9301887981189577,-0.29244590301773543,-0.4051523867315992,-0.6676697706923507,0.30150452073772044,0.2597541669805717,-0.751131861969738,-0.32390302526309633,0.6846091163520894,1.5366660258608547,0.6451078930428804,0.6560195669468576,0.5956852778785506,-0.8195726813844623,0.6077534506918146,0.27600965113810055,-0.49453501022939644,1.5503856303898371,-1.3830027796065218,0.2216487612215101,-0.10140720716395338,0.08485433024608671,-0.23259088449700727,-1.1168610978990892,0.5721395477986277,0.03222701293191171,-0.4404196767984361
-0.0018020519421362562,-0.4343712340365235,-0.3146282524467997,-0.5471086646763873,0.3034401808582979,1.0028550194485468,0.7052257172009612,0.6098028820731957,0.10309194914547656,-0.7203778325801886,0.455610038810223,-0.3097759300551713,-1.2899572808093998,-0.13604861686672226,-0.739479139358478,-0.8662573855982311,0.48977236674536495,-0.09407837884884483,-0.39701852066659704,-0.2920189782293795,-0.4176299160613113,1.6692666818977935,-0.3549211322193359,0.033760370104057254,0.05758473624267075,0.5291130046423619,-0.39965015013593425,0.03222701293191171,0.41552290818234494,0.5132408828703451
0.10190691307351929,0.006570452908686628,0.016524741046016256,-1.4563174315416814,0.6473194343123839,1.659969044658378,1.5039256108143946,0.5465913243990344,-0.1902862476393407,-0.224635993245855,0.9049616176217882,-0.927789078840468,-2.9889808335878243,-0.8296167883424638,-1.4963638323148123,-1.617061683641825,1.3858581376144052,-0.6741224535424261,-0.7126537490093952,0.010162945840602724,-1.9458456834100475,3.2166216916224135,-0.5976584770427034,0.18675622214865004,-0.07831966917281886,0.8317629239964831,0.45666248992815245,-0.4404196767984361,0.5132408828703451,1.0730419403329563
