V1,V2,V3,V4,V5,V6,V7,V8,V9,V10,V11,V12,V13,V14,V15,V16,V17,V18,V19,V20,V21,V22,V23,V24,V25,V26,V27,V28,V29,V30
22.207367521236925,47.20919934531759,33.341759824663235,-329.9912985730695,134.11467430769156,315.77336289649463,310.4737348444572,67.23945756672484,-44.88065216196161,16.82960426423142,179.67692231993664,-219.7441916746787,-636.5409038227981,-184.77699993921073,-311.3492713831919,-327.7703720508786,300.0464003822878,-162.2395777075399,-148.8750160700381,44.64854630167592,-452.32570027790297,675.1610519319656,-126.32830677378041,35.23670387948104,-13.954291268217021,166.34259416976255,167.84503127595838,-122.38271363058541,85.16630306704462,216.90320463215934
47.20919934531759,101.08548558731756,71.09393727426146,-706.9853909584314,286.9015552089319,675.1220579906769,664.084990676287,143.10965466727893,-94.95430204673119,36.0440387570345,384.0066625259331,-471.1754405995261,-1362.1366973620823,-394.32638271858167,-666.4325832912418,-701.440086860388,641.6051788760117,-347.0563163824486,-319.0325032808973,96.42592120042312,-967.5240916063957,1446.1811950975875,-270.98103482923744,74.71427536639287,-28.959295910126112,356.44986621916445,359.83628632618604,-262.3072903492472,181.94151031128865,463.6766735810337
33.341759824663235,71.09393727426146,50.122436379270646,-497.0627497806594,201.88849846804666,475.2320907390778,467.3431088606069,101.00224102190283,-67.24845114909228,25.346403809085903,270.3680007097899,-331.11344928558515,-958.3399679787109,-277.87104222465535,-468.8014901302934,-493.48477116313154,451.59548402333365,-244.22300006885044,-224.2717177657531,67.4810102742892,-680.8745895230165,1016.8981371333437,-190.38499371355343,52.846919154352506,-20.74200765266527,250.58154219343896,252.8939344446965,-184.37640130591552,128.1309025459366,326.41637966907416
-329.9912985730695,-706.9853909584314,-497.0627497806594,4944.832419681532,-2006.4249403582105,-4721.20419558641,-4644.181293560822,-1000.427253001468,663.4789755182316,-252.09534784353193,-2685.323852003904,3295.7290985788554,9526.23832852602,2757.169325869,4660.858519277263,4905.616390670641,-4486.873818051328,2427.1066380143084,2231.4359396941295,-674.8480278911816,6766.252864149852,-10114.780625058695,1895.4894097287702,-522.1436085620313,202.03734071382632,-2493.137701609385,-2516.915969245876,1834.7031960907093,-1272.2589751805192,-3242.5097582545577
134.11467430769156,286.9015552089319,201.88849846804666,-2006.4249403582105,814.3843024702935,1916.5099035910794,1885.07062285674,406.491785554888,-269.91956319320485,102.29763975431086,1090.15499603872,-1337.0541634512322,-3866.334099719142,-1119.6643266930603,-1891.560346516367,-1990.975420685662,1821.3239305711631,-985.140483445131,-905.386236960409,273.37530405550535,-2746.4028384362623,4104.375569842312,-768.9232491696076,212.32382402110238,-82.52955359801646,1011.5786881692399,1021.1281670359579,-744.3879710587838,516.5411283191149,1316.289662515845
315.77336289649463,675.1220579906769,475.2320907390778,-4721.20419558641,1916.5099035910794,4510.374790735308,4436.228433510029,956.9953327835041,-635.7694233518215,240.7173658798684,2565.6805371375726,-3145.940106574014,-9098.505972048797,-2635.43942661474,-4451.248470484673,-4685.268742047392,4286.30390343018,-2318.3601690944474,-2130.3717940076153,642.8554071087377,-6463.2295851397885,9657.93584147372,-1809.1338594709223,500.0201929458502,-194.69315845507145,2380.2501858514547,2402.631637988585,-1751.518475212232,1215.7206172959798,3097.830272347294
310.4737348444572,664.084990676287,467.3431088606069,-4644.181293560822,1885.07062285674,4436.228433510029,4363.419034951492,941.0025826851878,-624.9156113391506,236.78524157040889,2523.4461294936195,-3094.7721030013654,-8949.423779117658,-2591.823342361599,-4378.383484363629,-4608.51609145167,4215.884318921867,-2280.3244551120683,-2095.647360292683,632.6765384176947,-6357.162605325423,9500.250177996351,-1779.7519957192726,491.5503776358161,-191.14066649069352,2341.4469085858887,2363.5304352246426,-1722.9879548912365,1195.6775078143125,3046.8801053278753
67.23945756672484,143.10965466727893,101.00224102190283,-1000.427253001468,406.491785554888,956.9953327835041,941.0025826851878,203.6272885496255,-135.78357202230788,51.019203406577084,544.5028849223112,-666.2838668427489,-1929.4097532131,-559.8227624686315,-943.7670838339471,-993.5102081897822,909.3573698074902,-491.7337535378234,-451.35918993119196,135.5397445427166,-1370.9422469898732,2046.7982095751895,-383.0638700950604,106.64440893894684,-42.08621500540145,504.31371030070335,508.9079090555976,-371.0507022574478,258.0748757720931,657.3412086182695
-44.88065216196161,-94.95430204673119,-67.24845114909228,663.4789755182316,-269.91956319320485,-635.7694233518215,-624.9156113391506,-135.78357202230788,90.9874860897856,-33.84547095741691,-361.8452550881532,441.5739302595739,1280.8334260740905,372.47881254588043,626.3807232652595,659.5058938680231,-604.0376319768421,326.53047166351473,299.27924272056117,-89.28903879740142,910.4162686620288,-1357.6679364134827,253.78813795557306,-71.33325577668263,28.642760564939966,-334.40279644729566,-337.31904126712533,245.9933092959878,-171.5614464788842,-436.74548912303294
16.82960426423142,36.0440387570345,25.346403809085903,-252.09534784353193,102.29763975431086,240.7173658798684,236.78524157040889,51.019203406577084,-33.84547095741691,12.852778005835658,136.91741489995164,-168.0145142754449,-485.6879632575458,-140.58988871816956,-237.62748063620745,-250.1090349201101,228.76727226492008,-123.7461798836466,-113.76105317380329,34.392141534104965,-344.9794777606153,515.6715357961949,-96.62936792385818,26.632268062824867,-10.316145803699136,127.10264797494945,128.31249978409497,-93.5343232309725,64.87045568525174,165.32519275514704
179.67692231993664,384.0066625259331,270.3680007097899,-2685.323852003904,1090.15499603872,2565.6805371375726,2523.4461294936195,544.5028849223112,-361.8452550881532,136.91741489995164,1459.4886976445034,-1789.2709476240977,-5175.356019405615,-1499.2839031248038,-2531.897702877209,-2665.0372326083852,2438.199378393585,-1318.7388007850502,-1211.696647854279,365.4936704224787,-3676.4538433623775,5493.295304901306,-1028.9340253645444,284.5522298193217,-110.9191654631619,1353.8235418778165,1366.521081337275,-996.2063053703321,691.5781306107116,1762.1809549746974
-219.7441916746787,-471.1754405995261,-331.11344928558515,3295.7290985788554,-1337.0541634512322,-3145.940106574014,-3094.7721030013654,-666.2838668427489,441.5739302595739,-168.0145142754449,-1789.2709476240977,2196.807758969908,6348.384321810595,1836.8356146983854,3106.137068253825,3269.1756577264796,-2989.8533915044645,1617.3851379521514,1487.2918492448791,-450.1924922802498,4508.883909634946,-6741.336006354877,1263.5180506525787,-347.59764270550875,134.16206570773423,-1661.7134857233323,-1677.649793184146,1222.8871347198074,-847.6842632977664,-2160.5900755478933
-636.5409038227981,-1362.1366973620823,-958.3399679787109,9526.23832852602,-3866.334099719142,-9098.505972048797,-8949.423779117658,-1929.4097532131,1280.8334260740905,-485.6879632575458,-5175.356019405615,6348.384321810595,18355.888843943547,5315.10438135527,8980.514863868108,9452.42137000249,-8646.680835382818,4677.002172379115,4298.698658033197,-1298.4036647670473,13038.637129121345,-19486.847245217097,3650.9405852064583,-1007.6260847032133,391.2857314897736,-4802.883265351586,-4848.321502627895,3534.319846984418,-2452.1602754498867,-6248.962979956522
-184.77699993921073,-394.32638271858167,-277.87104222465535,2757.169325869,-1119.6643266930603,-2635.43942661474,-2591.823342361599,-559.8227624686315,372.47881254588043,-140.58988871816956,-1499.2839031248038,1836.8356146983854,5315.10438135527,1540.6265262293946,2600.126492573947,2736.9653054503074,-2504.4076989272126,1354.4443505926806,1244.0537423293595,-374.66121281168387,3776.0529271609075,-5640.514231764264,1056.2005857147062,-292.784011911689,114.63040717946583,-1389.9885381362712,-1402.89215062925,1022.7720851580872,-710.4957388329948,-1810.141932544288
-311.3492713831919,-666.4325832912418,-468.8014901302934,4660.858519277263,-1891.560346516367,-4451.248470484673,-4378.383484363629,-943.7670838339471,626.3807232652595,-237.62748063620745,-2531.897702877209,3106.137068253825,8980.514863868108,2600.126492573947,4393.708031942816,4624.554205723868,-4230.228213228063,2288.1679433376808,2103.2229328821395,-635.4479142801976,6378.981613812914,-9534.165405029042,1786.3577952680728,-492.8103712225431,191.21868820561443,-2349.901446130092,-2372.1729963447474,1729.2466655832163,-1199.6323281578893,-3057.1561562603465
-327.7703720508786,-701.440086860388,-493.48477116313154,4905.616390670641,-1990.975420685662,-4685.268742047392,-4608.51609145167,-993.5102081897822,659.5058938680231,-250.1090349201101,-2665.0372326083852,3269.1756577264796,9452.42137000249,2736.9653054503074,4624.554205723868,4867.557189855113,-4452.606874070552,2408.429509434176,2213.6559170548085,-668.6693727548902,6714.262934686955,-10034.895432250396,1880.101655831551,-518.8389949356991,201.44143866284548,-2473.2887844727143,-2496.698172671121,1820.0343288491506,-1262.7298103239539,-3217.8954194426105
300.0464003822878,641.6051788760117,451.59548402333365,-4486.873818051328,1821.3239305711631,4286.30390343018,4215.884318921867,909.3573698074902,-604.0376319768421,228.76727226492008,2438.199378393585,-2989.8533915044645,-8646.680835382818,-2504.4076989272126,-4230.228213228063,-4452.606874070552,4073.3814886214254,-2203.214393119058,-2024.6447036577342,611.0606377956417,-6142.209517341722,9178.534322194364,-1719.3887634284677,475.0890737088757,-184.8919468251108,2262.1206937249626,2283.4151447460185,-1664.6002597343645,1155.3035648550524,2943.923889818009
-162.2395777075399,-347.0563163824486,-244.22300006885044,2427.1066380143084,-985.140483445131,-2318.3601690944474,-2280.3244551120683,-491.7337535378234,326.53047166351473,-123.7461798836466,-1318.7388007850502,1617.3851379521514,4677.002172379115,1354.4443505926806,2288.1679433376808,2408.429509434176,-2203.214393119058,1191.700193442605,1095.214917733914,-330.6817756275309,3322.2568394488576,-4964.9337874331495,930.136487645291,-256.8527872354352,99.84700888249193,-1223.6726847426257,-1235.221784504555,900.4601303102456,-624.8506092024485,-1592.2877123797368
-148.8750160700381,-319.0325032808973,-224.2717177657531,2231.4359396941295,-905.386236960409,-2130.3717940076153,-2095.647360292683,-451.35918993119196,299.27924272056117,-113.76105317380329,-1211.696647854279,1487.2918492448791,4298.698658033197,1244.0537423293595,2103.2229328821395,2213.6559170548085,-2024.6447036577342,1095.214917733914,1006.9800085270689,-304.6174069645219,3053.2169532647044,-4564.425782177332,855.4051789601398,-235.54340131907585,91.07399268154776,-1125.076253317125,-1135.8245216127602,827.9512968175158,-574.0724437331653,-1463.1269621425809
44.64854630167592,96.42592120042312,67.4810102742892,-674.8480278911816,273.37530405550535,642.8554071087377,632.6765384176947,135.5397445427166,-89.28903879740142,34.392141534104965,365.4936704224787,-450.1924922802498,-1298.4036647670473,-374.66121281168387,-635.4479142801976,-668.6693727548902,611.0606377956417,-330.6817756275309,-304.6174069645219,92.90804238395897,-921.7937671531636,1380.0941296372457,-259.03480608823946,70.44236808455507,-26.589578454464625,340.3268080603164,343.74818138341067,-250.50755692201898,173.0840355320042,441.4467592400545
-452.32570027790297,-967.5240916063957,-680.8745895230165,6766.252864149852,-2746.4028384362623,-6463.2295851397885,-6357.162605325423,-1370.9422469898732,910.4162686620288,-344.9794777606153,-3676.4538433623775,4508.883909634946,13038.637129121345,3776.0529271609075,6378.981613812914,6714.262934686955,-6142.209517341722,3322.2568394488576,3053.2169532647044,-921.7937671531636,9261.893086742437,-13841.200056336791,2592.988077350953,-716.1271717005227,278.44540961992794,-3411.329658183845,-3443.5099382227277,2510.2789630851985,-1742.001266045455,-4439.058170358318
675.1610519319656,1446.1811950975875,1016.8981371333437,-10114.780625058695,4104.375569842312,9657.93584147372,9500.250177996351,2046.7982095751895,-1357.6679364134827,515.6715357961949,5493.295304901306,-6741.336006354877,-19486.847245217097,-5640.514231764264,-9534.165405029042,-10034.895432250396,9178.534322194364,-4964.9337874331495,-4564.425782177332,1380.0941296372457,-13841.200056336791,20690.174656761843,-3877.1329613942276,1068.3872935133159,-413.66632818636356,5099.747326481413,5148.314534306106,-3752.8853915756413,2602.6581349256558,6633.068616997037
-126.32830677378041,-270.98103482923744,-190.38499371355343,1895.4894097287702,-768.9232491696076,-1809.1338594709223,-1779.7519957192726,-383.0638700950604,253.78813795557306,-96.62936792385818,-1028.9340253645444,1263.5180506525787,3650.9405852064583,1056.2005857147062,1786.3577952680728,1880.101655831551,-1719.3887634284677,930.136487645291,855.4051789601398,-259.03480608823946,2592.988077350953,-3877.1329613942276,726.7421853402142,-199.8008713786283,77.02351431667294,-955.7201313905814,-964.9104857889895,703.3415318190554,-487.4561111024439,-1242.48021660146
35.23670387948104,74.71427536639287,52.846919154352506,-522.1436085620313,212.32382402110238,500.0201929458502,491.5503776358161,106.64440893894684,-71.33325577668263,26.632268062824867,284.5522298193217,-347.59764270550875,-1007.6260847032133,-292.784011911689,-492.8103712225431,-518.8389949356991,475.0890737088757,-256.8527872354352,-235.54340131907585,70.44236808455507,-716.1271717005227,1068.3872935133159,-199.8008713786283,55.96233060046022,-22.328637513625946,263.18435521267315,265.5166318177745,-193.61616368014143,134.8970679232215,343.47762402805853
-13.954291268217021,-28.959295910126112,-20.74200765266527,202.03734071382632,-82.52955359801646,-194.69315845507145,-191.14066649069352,-42.08621500540145,28.642760564939966,-10.316145803699136,-110.9191654631619,134.16206570773423,391.2857314897736,114.63040717946583,191.21868820561443,201.44143866284548,-184.8919468251108,99.84700888249193,91.07399268154776,-26.589578454464625,278.44540961992794,-413.66632818636356,77.02351431667294,-22.328637513625946,9.45310366728403,-101.7738318995155,-102.53136398588762,74.8220872061583,-52.64964000477064,-133.7935223412803
166.34259416976255,356.44986621916445,250.58154219343896,-2493.137701609385,1011.5786881692399,2380.2501858514547,2341.4469085858887,504.31371030070335,-334.40279644729566,127.10264797494945,1353.8235418778165,-1661.7134857233323,-4802.883265351586,-1389.9885381362712,-2349.901446130092,-2473.2887844727143,2262.1206937249626,-1223.6726847426257,-1125.076253317125,340.3268080603164,-3411.329658183845,5099.747326481413,-955.7201313905814,263.18435521267315,-101.7738318995155,1257.0235568450385,1269.0283872481614,-925.0506414486438,641.4101112699627,1634.7430288279006
167.84503127595838,359.83628632618604,252.8939344446965,-2516.915969245876,1021.1281670359579,2402.631637988585,2363.5304352246426,508.9079090555976,-337.31904126712533,128.31249978409497,1366.521081337275,-1677.649793184146,-4848.321502627895,-1402.89215062925,-2372.1729963447474,-2496.698172671121,2283.4151447460185,-1235.221784504555,-1135.8245216127602,343.74818138341067,-3443.5099382227277,5148.314534306106,-964.9104857889895,265.5166318177745,-102.53136398588762,1269.0283872481614,1281.186365803721,-933.898511218782,647.4085846495974,1650.1006441133786
-122.38271363058541,-262.3072903492472,-184.37640130591552,1834.7031960907093,-744.3879710587838,-1751.518475212232,-1722.9879548912365,-371.0507022574478,245.9933092959878,-93.5343232309725,-996.2063053703321,1222.8871347198074,3534.319846984418,1022.7720851580872,1729.2466655832163,1820.0343288491506,-1664.6002597343645,900.4601303102456,827.9512968175158,-250.50755692201898,2510.2789630851985,-3752.8853915756413,703.3415318190554,-193.61616368014143,74.8220872061583,-925.0506414486438,-933.898511218782,680.7546827161565,-471.97345794454475,-1202.9287574901941
85.16630306704462,181.94151031128865,128.1309025459366,-1272.2589751805192,516.5411283191149,1215.7206172959798,1195.6775078143125,258.0748757720931,-171.5614464788842,64.87045568525174,691.5781306107116,-847.6842632977664,-2452.1602754498867,-710.4957388329948,-1199.6323281578893,-1262.7298103239539,1155.3035648550524,-624.8506092024485,-574.0724437331653,173.0840355320042,-1742.001266045455,2602.6581349256558,-487.4561111024439,134.8970679232215,-52.64964000477064,641.4101112699627,647.4085846495974,-471.97345794454475,327.71207522754065,834.9973131902087
216.90320463215934,463.6766735810337,326.41637966907416,-3242.5097582545577,1316.289662515845,3097.830272347294,3046.8801053278753,657.3412086182695,-436.74548912303294,165.32519275514704,1762.1809549746974,-2160.5900755478933,-6248.962979956522,-1810.141932544288,-3057.1561562603465,-3217.8954194426105,2943.923889818009,-1592.2877123797368,-1463.1269621425809,441.4467592400545,-4439.058170358318,6633.068616997037,-1242.48021660146,343.47762402805853,-133.7935223412803,1634.7430288279006,1650.1006441133786,-1202.9287574901941,834.9973131902087,2127.667087155947
