V1,V2,V3,V4,V5,V6,V7,V8,V9,V10,V11,V12,V13,V14,V15,V16,V17,V18,V19,V20,V21,V22,V23,V24,V25,V26,V27,V28,V29,V30
25.45921066386313,137.96519983445558,28.973256945998312,7.7402182144799765,-36.987055477438965,20.14517216130682,30.470308176086878,-87.4062518754489,-21.38960260597182,-107.68429152550465,-12.553348959584186,75.67918156810579,-24.4835550110877,20.412200229434312,28.805245571515066,86.95271786307164,-152.62155201062643,-59.22403878168039,-16.322174694156402,27.380389424938546,-10.254877163695145,116.30649529356825,-11.332314385537336,-37.771304846101366,-48.71741739783617,-149.5570231725041,-109.46309464935341,-68.21780233203131,-47.70803868675357,-45.898529678983834
137.96519983445558,749.7692183303506,156.8882159613784,41.252322357097654,-200.10431133409813,109.12250419980894,165.60000823953285,-474.39073292426156,-116.17563033340568,-586.648601224032,-69.65192827704702,411.53621888460884,-133.16140724015415,111.0930189047397,156.11111863250025,473.15351503118177,-828.5938308393107,-320.8217570154003,-87.70889512533732,149.18675292448623,-57.07693196767165,631.2059557028648,-62.66889878235902,-205.46326039680778,-263.9723886083182,-812.8401419145637,-590.9455487144294,-370.2866672907652,-259.52501888331307,-249.4956052939239
28.973256945998312,156.8882159613784,32.98629994620644,8.863949749278627,-42.127510297164584,22.93427417507782,34.64711402438153,-99.44127275865782,-24.33370443867693,-122.35493188936249,-14.182076680297063,86.04446994209377,-27.835252815767983,23.188750422248813,32.78417322492224,98.84756493234657,-173.6132181689937,-67.42101034111414,-18.63749764408948,31.11625015333252,-11.560723734956332,132.3191250243567,-12.811162120101429,-42.94697873266006,-55.45880465146699,-170.06717763716023,-124.75407494849014,-77.61200507095457,-54.237053908000306,-52.18412990192423
7.7402182144799765,41.252322357097654,8.863949749278627,2.7885514386666896,-11.497392668406135,6.195231663783464,9.098083946142296,-26.454576951861068,-6.472397398720248,-31.444087175085016,-2.9972373880266634,22.501796906238376,-7.228987331309,6.042867142221847,8.839535133452259,25.676520960608766,-45.95343156987481,-18.183559559278958,-5.426637598527085,7.921079804466441,-2.4121607233297877,35.1851272303907,-2.8192433314923306,-11.126786407964314,-14.963130104209183,-44.67567788907194,-34.65479668908756,-20.5812800417596,-14.12335383591781,-13.70354559812183
-36.987055477438965,-200.10431133409813,-42.127510297164584,-11.497392668406135,53.89244536228872,-29.314163703645608,-44.18533363782463,126.95427842544701,31.07480988502207,155.76835585021269,17.79489948079204,-109.69833371301984,35.45789836032522,-29.560713180384315,-41.90324151722954,-125.95034533485428,221.53388817685814,86.16022089332463,23.98597261561687,-39.57019275781439,14.507182054914145,-168.91504768404016,16.121047967338214,54.69748796426703,70.88247034976877,216.89662012915903,159.8274832209287,99.04983926231286,69.12059996065513,66.55479923049498
20.14517216130682,109.12250419980894,22.93427417507782,6.195231663783464,-29.314163703645608,15.956717048919863,24.097299974969523,-69.17893283734574,-16.934867986243557,-85.06675534592837,-9.824482224226973,59.84197221085371,-19.348550838025325,16.135164487449444,22.81476273657042,68.73300892502643,-120.74837273621053,-46.90351270664515,-12.991487956221736,21.615233649662038,-8.022545287364006,92.04488737188159,-8.883271672352734,-29.84791171975106,-38.58819144037499,-118.28570157046924,-86.83619381068048,-53.97956442792236,-37.71485079493567,-36.29974080398369
30.470308176086878,165.60000823953285,34.64711402438153,9.098083946142296,-44.18533363782463,24.097299974969523,36.576555449129216,-104.7691071917805,-25.656432283528712,-129.59068626459924,-15.402004653191002,90.89769882570188,-29.413212681622795,24.53990171410862,34.47471298599309,104.51138840811579,-183.00267206899028,-70.84738733668131,-19.357105159101884,32.95675515532171,-12.623729726095196,139.40305354857512,-13.855907599312523,-45.38387202231468,-58.29207120267032,-179.53132837664657,-130.47285453757985,-81.77930632040555,-57.323967525018595,-55.10690981797636
-87.4062518754489,-474.39073292426156,-99.44127275865782,-26.454576951861068,126.95427842544701,-69.17893283734574,-104.7691071917805,300.40141997616394,73.55761000907115,370.60556985962086,43.4963762543096,-260.28781922678985,84.1918374135593,-70.23268092006043,-98.94621276148814,-299.1310705291417,524.5351519013593,203.3683718424666,55.90990786363065,-94.20777159863003,35.59818005249271,-399.69638576221126,39.216837410352845,129.89149607300607,167.32762941026914,514.2661440479826,375.40499230924047,234.44112088192716,164.10054402752507,157.83900064180278
-21.38960260597182,-116.17563033340568,-24.33370443867693,-6.472397398720248,31.07480988502207,-16.934867986243557,-25.656432283528712,73.55761000907115,18.019337143427503,90.78280787848117,10.67663123940336,-63.74922507714636,20.616032572829376,-17.199989532565557,-24.2242720472657,-73.26995714665337,128.43213002859454,49.78173349043023,13.681589788130484,-23.074112773073292,8.742046612787325,-97.86560477804105,9.621064774313107,31.810145384567083,40.96507515211181,125.9431702586818,91.8599762835172,57.40443574313661,40.19217264432932,38.654081335842655
-107.68429152550465,-586.648601224032,-122.35493188936249,-31.444087175085016,155.76835585021269,-85.06675534592837,-129.59068626459924,370.60556985962086,90.78280787848117,460.3814615110755,55.868469570102384,-322.2373950095126,104.34277873912588,-87.03276725455586,-121.73728961726715,-370.80594543975326,647.7047524715983,250.14112775866082,67.65530199025342,-117.19218972022782,45.85641276343284,-493.1250303834539,50.062283026921826,161.0463981228428,205.82453559450204,636.0763537911755,458.8506072098064,289.38193703379915,203.31876011201663,195.25221046028062
-12.553348959584186,-69.65192827704702,-14.182076680297063,-2.9972373880266634,17.79489948079204,-9.824482224226973,-15.402004653191002,43.4963762543096,10.67663123940336,55.868469570102384,7.853015870059868,-38.46940172551886,12.527076182972854,-10.414000474429736,-14.089265819155552,-44.562812105368,76.3667335580306,28.92776579086884,7.179205618689268,-14.33848536917663,6.49042862589597,-57.884975697914875,6.8528496077541385,19.388989155929934,23.808661424037098,75.59362673220546,51.37646302240542,34.06598691606776,24.37102185109712,23.20769020081726
75.67918156810579,411.53621888460884,86.04446994209377,22.501796906238376,-109.69833371301984,59.84197221085371,90.89769882570188,-260.28781922678985,-63.74922507714636,-322.2373950095126,-38.46940172551886,225.9276068405178,-73.11669019091069,60.990765013584124,85.61561547982191,259.8131917674782,-454.6958239489153,-175.94311389277436,-47.977998711800254,81.96915707607695,-31.53162616155759,346.329014007794,-34.574608498517634,-112.82812278472946,-144.7688205837115,-446.1695807528649,-323.7552232277059,-203.18815962614846,-142.49474219203282,-136.9481739374439
-24.4835550110877,-133.16140724015415,-27.835252815767983,-7.228987331309,35.45789836032522,-19.348550838025325,-29.413212681622795,84.1918374135593,20.616032572829376,104.34277873912588,12.527076182972854,-73.11669019091069,23.673799476453627,-19.732519056669158,-27.67872172412105,-84.1048618740539,147.1109540920391,56.89277784374879,15.46901465890587,-26.56131766362557,10.257731305160489,-112.02744555384332,11.244619647111323,36.53719858486261,46.80792760142701,144.37310809915778,104.58588673653328,65.73693595961767,46.12369603044674,44.31042338883311
20.412200229434312,111.0930189047397,23.188750422248813,6.042867142221847,-29.560713180384315,16.135164487449444,24.53990171410862,-70.23268092006043,-17.199989532565557,-87.03276725455586,-10.414000474429736,60.990765013584124,-19.732519056669158,16.507976443402796,23.101103814885874,70.12310375355659,-122.68668366444153,-47.44025555271642,-12.903023980993154,22.10548708683693,-8.586933752800778,93.45139437553193,-9.370114725109493,-30.425071998804267,-39.03897793543189,-120.43577117323589,-87.22376143020625,-54.80496313918753,-38.463442846831924,-36.987746563431344
28.805245571515066,156.11111863250025,32.78417322492224,8.839535133452259,-41.90324151722954,22.81476273657042,34.47471298599309,-98.94621276148814,-24.2242720472657,-121.73728961726715,-14.089265819155552,85.61561547982191,-27.67872172412105,23.101103814885874,32.628300193093644,98.33651488428438,-172.70687080117736,-67.06214953981973,-18.55288389952609,30.920659220644737,-11.527302998547105,131.6505306788503,-12.739400482960644,-42.691448300017214,-55.176242427631124,-169.21946578453995,-124.09835036783869,-77.19946913782958,-53.9585866776606,-51.938523915843255
86.95271786307164,473.15351503118177,98.84756493234657,25.676520960608766,-125.95034533485428,68.73300892502643,104.51138840811579,-299.1310705291417,-73.26995714665337,-370.80594543975326,-44.562812105368,259.8131917674782,-84.1048618740539,70.12310375355659,98.33651488428438,298.8756249604743,-522.6519562410554,-202.0936535571764,-54.94301265291058,94.37475103681007,-36.51382493321985,398.0133596454885,-39.992247906683154,-129.8153456448305,-166.28430629588055,-512.9975023017347,-371.43097011776314,-233.55056145415924,-163.89743008766237,-157.45068549828935
-152.62155201062643,-828.5938308393107,-173.6132181689937,-45.95343156987481,221.53388817685814,-120.74837273621053,-183.00267206899028,524.5351519013593,128.43213002859454,647.7047524715983,76.3667335580306,-454.6958239489153,147.1109540920391,-122.68668366444153,-172.70687080117736,-522.6519562410554,916.0494403884796,354.98968077396125,97.37318307758494,-164.70778754740385,62.49297356044366,-697.9317286851841,68.79005377424483,226.98589408058712,292.0659036061229,898.2671780551457,654.7558371990556,409.4110952602442,286.70326703883114,275.6925371000738
-59.22403878168039,-320.8217570154003,-67.42101034111414,-18.183559559278958,86.16022089332463,-46.90351270664515,-70.84738733668131,203.3683718424666,49.78173349043023,250.14112775866082,28.92776579086884,-175.94311389277436,56.89277784374879,-47.44025555271642,-67.06214953981973,-202.0936535571764,354.98968077396125,137.8729436737598,38.161726319348766,-63.567398477590736,23.621438022652285,-270.5920204513327,26.150210121529316,87.76597617920405,113.42772912388281,347.7636826304881,255.19545177071615,158.69212555458722,110.89054162656461,106.72234459249191
-16.322174694156402,-87.70889512533732,-18.63749764408948,-5.426637598527085,23.98597261561687,-12.991487956221736,-19.357105159101884,55.90990786363065,13.681589788130484,67.65530199025342,7.179205618689268,-47.977998711800254,15.46901465890587,-12.903023980993154,-18.55288389952609,-54.94301265291058,97.37318307758494,38.161726319348766,10.962389247024191,-17.13183423580267,5.815368040728101,-74.37779741866247,6.598165751759075,23.844249903834502,31.396560284445155,95.03489305311876,71.64938136773681,43.57131200479437,30.181292747836295,29.15333942490969
27.380389424938546,149.18675292448623,31.11625015333252,7.921079804466441,-39.57019275781439,21.615233649662038,32.95675515532171,-94.20777159863003,-23.074112773073292,-117.19218972022782,-14.33848536917663,81.96915707607695,-26.56131766362557,22.10548708683693,30.920659220644737,94.37475103681007,-164.70778754740385,-63.567398477590736,-17.13183423580267,29.881616192853638,-11.726699202109495,125.3568551525354,-12.816648109838649,-41.02302915046255,-52.2966515428872,-161.7709926739715,-116.45270777835036,-73.59618093598306,-51.73659605077899,-49.640172785730066
-10.254877163695145,-57.07693196767165,-11.560723734956332,-2.4121607233297877,14.507182054914145,-8.022545287364006,-12.623729726095196,35.59818005249271,8.742046612787325,45.85641276343284,6.49042862589597,-31.53162616155759,10.257731305160489,-8.586933752800778,-11.527302998547105,-36.51382493321985,62.49297356044366,23.621438022652285,5.815368040728101,-11.726699202109495,5.428794440323933,-47.37307203883443,5.67391650471607,15.850249947690667,19.450209471437372,61.9402285267282,41.83291217717637,27.854552412183388,19.9719961183536,19.041008084019378
116.30649529356825,631.2059557028648,132.3191250243567,35.1851272303907,-168.91504768404016,92.04488737188159,139.40305354857512,-399.69638576221126,-97.86560477804105,-493.1250303834539,-57.884975697914875,346.329014007794,-112.02744555384332,93.45139437553193,131.6505306788503,398.0133596454885,-697.9317286851841,-270.5920204513327,-74.37779741866247,125.3568551525354,-47.37307203883443,531.8180043510932,-52.189848912907216,-172.8345083930329,-222.63319857589366,-684.2623738737332,-499.48039104862613,-311.9374708043977,-218.34755950314621,-210.0153454046531
-11.332314385537336,-62.66889878235902,-12.811162120101429,-2.8192433314923306,16.121047967338214,-8.883271672352734,-13.855907599312523,39.216837410352845,9.621064774313107,50.062283026921826,6.8528496077541385,-34.574608498517634,11.244619647111323,-9.370114725109493,-12.739400482960644,-39.992247906683154,68.79005377424483,26.150210121529316,6.598165751759075,-12.816648109838649,5.67391650471607,-52.189848912907216,6.012868725041897,17.38588291700788,21.522270036757792,67.9990732671031,46.73415186957032,30.688852566899254,21.884482682766325,20.882639657348648
-37.771304846101366,-205.46326039680778,-42.94697873266006,-11.126786407964314,54.69748796426703,-29.84791171975106,-45.38387202231468,129.89149607300607,31.810145384567083,161.0463981228428,19.388989155929934,-112.82812278472946,36.53719858486261,-30.425071998804267,-42.691448300017214,-129.8153456448305,226.98589408058712,87.76597617920405,23.844249903834502,-41.02302915046255,15.850249947690667,-172.8345083930329,17.38588291700788,56.41257529932513,72.20555780918828,222.7722779392767,161.27578787973863,101.4382177172895,71.18385912689745,68.36004245922994
-48.71741739783617,-263.9723886083182,-55.45880465146699,-14.963130104209183,70.88247034976877,-38.58819144037499,-58.29207120267032,167.32762941026914,40.96507515211181,205.82453559450204,23.808661424037098,-144.7688205837115,46.80792760142701,-39.03897793543189,-55.176242427631124,-166.28430629588055,292.0659036061229,113.42772912388281,31.396560284445155,-52.2966515428872,19.450209471437372,-222.63319857589366,21.522270036757792,72.20555780918828,93.32279026605703,286.1396272735901,209.93529993601337,130.5626208343933,91.2409819171411,87.8132843387397
-149.5570231725041,-812.8401419145637,-170.06717763716023,-44.67567788907194,216.89662012915903,-118.28570157046924,-179.53132837664657,514.2661440479826,125.9431702586818,636.0763537911755,75.59362673220546,-446.1695807528649,144.37310809915778,-120.43577117323589,-169.21946578453995,-512.9975023017347,898.2671780551457,347.7636826304881,95.03489305311876,-161.7709926739715,61.9402285267282,-684.2623738737332,67.9990732671031,222.7722779392767,286.1396272735901,881.2236950819392,640.46401813571,401.4227965569895,281.3737328556306,270.48182893836804
-109.46309464935341,-590.9455487144294,-124.75407494849014,-34.65479668908756,159.8274832209287,-86.83619381068048,-130.47285453757985,375.40499230924047,91.8599762835172,458.8506072098064,51.37646302240542,-323.7552232277059,104.58588673653328,-87.22376143020625,-124.09835036783869,-371.43097011776314,654.7558371990556,255.19545177071615,71.64938136773681,-116.45270777835036,41.83291217717637,-499.48039104862613,46.73415186957032,161.27578787973863,209.93529993601337,640.46401813571,474.9979473107764,292.7949921748828,203.90241883058772,196.5248443263418
-68.21780233203131,-370.2866672907652,-77.61200507095457,-20.5812800417596,99.04983926231286,-53.97956442792236,-81.77930632040555,234.44112088192716,57.40443574313661,289.38193703379915,34.06598691606776,-203.18815962614846,65.73693595961767,-54.80496313918753,-77.19946913782958,-233.55056145415924,409.4110952602442,158.69212555458722,43.57131200479437,-73.59618093598306,27.854552412183388,-311.9374708043977,30.688852566899254,101.4382177172895,130.5626208343933,401.4227965569895,292.7949921748828,182.98983830241335,128.11543717668528,123.19394271218256
-47.70803868675357,-259.52501888331307,-54.237053908000306,-14.12335383591781,69.12059996065513,-37.71485079493567,-57.323967525018595,164.10054402752507,40.19217264432932,203.31876011201663,24.37102185109712,-142.49474219203282,46.12369603044674,-38.463442846831924,-53.9585866776606,-163.89743008766237,286.70326703883114,110.89054162656461,30.181292747836295,-51.73659605077899,19.9719961183536,-218.34755950314621,21.884482682766325,71.18385912689745,91.2409819171411,281.3737328556306,203.90241883058772,128.11543717668528,89.88315315802845,86.36265769770297
-45.898529678983834,-249.4956052939239,-52.18412990192423,-13.70354559812183,66.55479923049498,-36.29974080398369,-55.10690981797636,157.83900064180278,38.654081335842655,195.25221046028062,23.20769020081726,-136.9481739374439,44.31042338883311,-36.987746563431344,-51.938523915843255,-157.45068549828935,275.6925371000738,106.72234459249191,29.15333942490969,-49.640172785730066,19.041008084019378,-210.0153454046531,20.882639657348648,68.36004245922994,87.8132843387397,270.48182893836804,196.5248443263418,123.19394271218256,86.36265769770297,83.0317275563662
