V1,V2,V3,V4,V5,V6,V7,V8,V9,V10,V11,V12,V13,V14,V15,V16,V17,V18,V19,V20,V21,V22,V23,V24,V25,V26,V27,V28,V29,V30
14416.559567985445,-35327.671305396536,14881.682403963432,16639.454786832466,-37459.71115611189,-33071.691446367266,10016.65442777071,19235.63226619566,-74196.45531962655,66220.4477071115,52120.99947909627,-8309.339817419985,37768.81651298829,-4954.403335422769,-40548.53729817439,-17399.92611486499,30848.239120243554,18431.72042347181,45188.59130255866,16113.134371620661,-14635.574953846843,7468.03381640422,-46499.702817873855,53635.722950230476,-14925.245190311856,-22320.8167047242,20617.209388538813,42472.902885030984,-50042.08309570784,-22330.426051326584
-35327.671305396536,86570.84366708745,-36467.19310575245,-40774.24478203593,91794.21330864742,81041.79638431058,-24545.341814053816,-47137.44943800016,181818.16817310778,-162272.96809462042,-127722.98242938382,20362.58167050714,-92551.84421000959,12140.956914015582,99363.18551867772,42638.6048111713,-75593.04173892866,-45166.79619773134,-110734.35255572425,-39485.17785619281,35863.9360015154,-18299.649733388254,113947.65604868176,-131433.3658392938,36574.09815164398,54696.78969901211,-50522.35867304436,-104079.57800668555,122628.6262673052,54721.27604327741
14881.682403963432,-36467.19310575245,15361.925947685571,17176.556945078384,-38668.48887517501,-34138.740695710854,10339.96163612688,19855.93391143899,-76590.08042936372,68356.77598332484,53802.17042979244,-8577.139952098098,38987.49652128596,-5114.141483404064,-41857.048444080465,-17961.22236945911,31843.62149997781,19026.368087706345,46646.47458641759,16632.953496918763,-15107.94796878354,7709.325853626457,-47999.68138398677,55366.430747163286,-15406.8223994897,-23041.01682105192,21282.356752561358,43843.188350672295,-51656.17063944496,-23050.553344390733
16639.454786832466,-40774.24478203593,17176.556945078384,19205.775070751755,-43236.15423156092,-38171.226624767274,11561.636725897122,22200.94257930008,-85636.59202843015,76430.91630961682,60156.78623450847,-9589.992511298293,43592.79691452052,-5718.067847928967,-46801.48209213259,-20082.77569153605,35605.150068795745,21273.772613546822,52156.271497183225,18597.494153374937,-16892.780298737576,8620.375980279496,-53669.20890746828,61906.52910158925,-17226.746048233923,-25762.841148961783,23796.22729814138,49021.91014160013,-57757.3650552201,-25772.879454428377
-37459.71115611189,91794.21330864742,-38668.48887517501,-43236.15423156092,97335.04866545905,85932.97951976303,-26027.449114401054,-49980.957172924966,192790.45757766778,-172065.81240771423,-135429.57472650378,21590.36768229974,-98138.0742078407,12873.23503852459,105361.12730605135,45211.48387594573,-80155.76650964402,-47892.64967263749,-117417.15748273267,-41868.006340569314,38029.17312108232,-19405.363673224518,120823.60529545503,-139366.51890807075,38781.576108297864,57998.191297786994,-53571.365092278786,-110360.77307997755,130027.74718391245,58022.3825197477
-33071.691446367266,81041.79638431058,-34138.740695710854,-38171.226624767274,85932.97951976303,75866.8038372663,-22978.550245246348,-44126.59698258727,170207.30742073563,-151910.38833190638,-119565.95870371035,19061.65423961081,-86642.06626093671,11365.364856586533,93018.84637574224,39915.657729367435,-70766.25735272562,-42282.5921607522,-103663.06158248172,-36963.589092613,33574.32873175244,-17131.92373473046,106670.81361677875,-123040.95873963738,34238.73041821833,51204.38042966016,-47296.13289968453,-97433.29163906211,114796.97348956442,51226.092404053896
10016.65442777071,-24545.341814053816,10339.96163612688,11561.636725897122,-26027.449114401054,-22978.550245246348,6960.3468789511235,13364.755705263937,-51552.17148234064,46010.652910746525,36213.842298792355,-5773.298252676291,26242.191021376908,-3442.144173654084,-28173.74814074105,-12089.720114757567,21433.88064505517,12806.64877754779,31397.41069029499,11195.319839454532,-10169.381119646026,5189.247190106778,-32308.524066573686,37266.74669256706,-10370.388666931445,-15509.26150036703,14325.155722666997,29510.62155834228,-34769.580413109645,-15515.07754177472
19235.63226619566,-47137.44943800016,19855.93391143899,22200.94257930008,-49980.957172924966,-44126.59698258727,13364.755705263937,25666.43920301704,-98998.97459007039,88356.774202201,69544.91108304022,-11087.769683014494,50393.58882891058,-6610.778166820469,-54102.10302461101,-23216.5730450839,41159.72581415976,24593.070425546113,60294.125151367676,21499.40536224538,-19527.47686036039,9963.504624254088,-62044.163920894156,71564.10959257728,-19914.33338521807,-29782.0881190872,27509.158885761113,56670.64438400309,-66771.15299230839,-29795.841654517386
-74196.45531962655,181818.16817310778,-76590.08042936372,-85636.59202843015,192790.45757766778,170207.30742073563,-51552.17148234064,-98998.97459007039,381861.31722174794,-340811.97801978316,-268247.86505272315,42765.70821232366,-194381.43626818326,25498.527815416535,208687.36479541674,89551.05304516887,-158764.05440311498,-94861.21972470984,-232568.581946118,-82928.1051487771,75323.63417277805,-38434.453662819964,239317.05685194183,-276042.10814366833,76814.61139241865,114877.08229920048,-106109.1432264952,-218591.9749176683,257548.64564190025,114926.79965228407
66220.4477071115,-162272.96809462042,68356.77598332484,76430.91630961682,-172065.81240771423,-151910.38833190638,46010.652910746525,88356.774202201,-340811.97801978316,304175.5191887791,239411.80478473895,-38168.53812201528,173485.81299116684,-22757.42772163629,-186253.91019352069,-79924.6602066682,141697.31553535364,84663.90235747548,207567.96223436442,74013.37864662308,-67226.65199417686,34302.95817264153,-213591.15247085737,246368.18672906485,-68557.2778130317,-102528.27957478144,94702.71710050921,195093.88227743513,-229862.8308793664,-102572.4067296985
52120.99947909627,-127722.98242938382,53802.17042979244,60156.78623450847,-135429.57472650378,-119565.95870371035,36213.842298792355,69544.91108304022,-268247.86505272315,239411.80478473895,188438.0993224271,-30042.572577123912,136547.38299064626,-17912.262981081494,-146596.53696345107,-62907.509024592364,111527.2194849968,66637.56557805458,163373.33248036055,58254.819664498034,-52912.46449595078,26998.302286541275,-168114.60563089856,193911.54072420998,-53960.17039972529,-80698.08531362627,74538.9814962324,153555.1372239721,-180922.26873780065,-80733.88051857881
-8309.339817419985,20362.58167050714,-8577.139952098098,-9589.992511298293,21590.36768229974,19061.65423961081,-5773.298252676291,-11087.769683014494,42765.70821232366,-38168.53812201528,-30042.572577123912,4790.173207859786,-21768.713327114227,2855.823356352385,23370.50268434432,10029.215491696694,-17779.971944179506,-10623.75343996978,-26045.820061453564,-9287.282439234732,8435.276566295828,-4303.486903102174,26802.227303988147,-30913.72890675271,8602.562211325343,12865.30745971915,-11883.469888791982,-24480.551818019452,28844.446857796145,12871.651803185348
37768.81651298829,-92551.84421000959,38987.49652128596,43592.79691452052,-98138.0742078407,-86642.06626093671,26242.191021376908,50393.58882891058,-194381.43626818326,173485.81299116684,136547.38299064626,-21768.713327114227,98947.81161256036,-12979.519170221361,-106230.38671385712,-45584.69538715609,80817.16260522413,48287.88818904273,118386.12002535316,42213.47062135579,-38342.919156372634,19565.35332202187,-121820.8574013556,140516.44081442017,-39101.5887320342,-58476.83159546222,54013.47061175504,111271.51997220419,-131101.03090147924,-58501.36878661981
-4954.403335422769,12140.956914015582,-5114.141483404064,-5718.067847928967,12873.23503852459,11365.364856586533,-3442.144173654084,-6610.778166820469,25498.527815416535,-22757.42772163629,-17912.262981081494,2855.823356352385,-12979.519170221361,1702.7471378765324,13934.666025474671,5979.693171867262,-10601.19772688929,-6334.247925119969,-15529.550620051645,-5537.502539668091,5029.459990712114,-2566.1222361152313,15980.272875924069,-18432.231362960116,5129.141678777654,7670.665213521223,-7085.314373516947,-14596.233669254723,17197.80878746705,7674.3355254149765
-40548.53729817439,99363.18551867772,-41857.048444080465,-46801.48209213259,105361.12730605135,93018.84637574224,-28173.74814074105,-54102.10302461101,208687.36479541674,-186253.91019352069,-146596.53696345107,23370.50268434432,-106230.38671385712,13934.666025474671,114049.13585344286,48939.57130643321,-86765.34197408851,-51841.78298573796,-127099.10452481243,-45320.252881566026,41165.124642425035,-21005.771775935402,130786.39013998322,-150858.54581607052,41979.445959809396,62780.7220086245,-57988.741414258315,-119460.89967515352,140749.33658840216,62806.5590815319
-17399.92611486499,42638.6048111713,-17961.22236945911,-20082.77569153605,45211.48387594573,39915.657729367435,-12089.720114757567,-23216.5730450839,89551.05304516887,-79924.6602066682,-62907.509024592364,10029.215491696694,-45584.69538715609,5979.693171867262,48939.57130643321,21001.047805443588,-37232.08056857828,-22246.156626621283,-54540.165013889266,-19447.50204493798,17664.372984412224,-9013.412431345949,56122.995545070786,-64735.16396159416,18014.00698179303,26940.25274559804,-24883.957928945187,-51262.57499800292,60398.52417198103,26951.853361547568
30848.239120243554,-75593.04173892866,31843.62149997781,35605.150068795745,-80155.76650964402,-70766.25735272562,21433.88064505517,41159.72581415976,-158764.05440311498,141697.31553535364,111527.2194849968,-17779.971944179506,80817.16260522413,-10601.19772688929,-86765.34197408851,-37232.08056857828,66008.7424092963,39439.93259104226,96693.72650994362,34478.43993340542,-31317.263926908046,15980.350199228871,-99499.20473553528,114769.00075551955,-31936.86537681631,-47762.02799807014,44116.39072822053,90882.78258501033,-107078.89433047386,-47781.871821060304
18431.72042347181,-45166.79619773134,19026.368087706345,21273.772613546822,-47892.64967263749,-42282.5921607522,12806.64877754779,24593.070425546113,-94861.21972470984,84663.90235747548,66637.56557805458,-10623.75343996978,48287.88818904273,-6334.247925119969,-51841.78298573796,-22246.156626621283,39439.93259104226,23565.278847154863,57774.25276690345,20600.77590171298,-18711.865758942862,9547.929301808948,-59450.74174128665,68573.91627692248,-19082.18544871868,-28537.691309739574,26359.469428898257,54302.23964970077,-63979.73855485552,-28549.8292163892
45188.59130255866,-110734.35255572425,46646.47458641759,52156.271497183225,-117417.15748273267,-103663.06158248172,31397.41069029499,60294.125151367676,-232568.581946118,207567.96223436442,163373.33248036055,-26045.820061453564,118386.12002535316,-15529.550620051645,-127099.10452481243,-54540.165013889266,96693.72650994362,57774.25276690345,141643.5079372864,50506.45197215379,-45875.2274930858,23408.409145445657,-145753.48373412614,168120.83282235978,-46783.17878581402,-69964.7857927306,64624.67543189265,133131.22546504723,-156857.09985910624,-69994.76434481225
16113.134371620661,-39485.17785619281,16632.953496918763,18597.494153374937,-41868.006340569314,-36963.589092613,11195.319839454532,21499.40536224538,-82928.1051487771,74013.37864662308,58254.819664498034,-9287.282439234732,42213.47062135579,-5537.502539668091,-45320.252881566026,-19447.50204493798,34478.43993340542,20600.77590171298,50506.45197215379,18009.431612421202,-16357.788711573447,8346.667381918924,-51971.86418784753,59947.52944179274,-16681.628072472162,-24947.45149531574,23043.451818219688,47471.129027854266,-55931.21058385562,-24958.410788875943
-14635.574953846843,35863.9360015154,-15107.94796878354,-16892.780298737576,38029.17312108232,33574.32873175244,-10169.381119646026,-19527.47686036039,75323.63417277805,-67226.65199417686,-52912.46449595078,8435.276566295828,-38342.919156372634,5029.459990712114,41165.124642425035,17664.372984412224,-31317.263926908046,-18711.865758942862,-45875.2274930858,-16357.788711573447,14858.42339573769,-7582.130027732073,47206.16808159976,-54451.13023026513,15152.206091452614,22660.396592304452,-20930.566592386516,-43118.3691753655,50802.068223505616,22669.29172870912
7468.03381640422,-18299.649733388254,7709.325853626457,8620.375980279496,-19405.363673224518,-17131.92373473046,5189.247190106778,9963.504624254088,-38434.453662819964,34302.95817264153,26998.302286541275,-4303.486903102174,19565.35332202187,-2566.1222361152313,-21005.771775935402,-9013.412431345949,15980.350199228871,9547.929301808948,23408.409145445657,8346.667381918924,-7582.130027732073,3869.8638277617324,-24087.01295993495,27785.161408593318,-7731.702962495509,-11562.864577031722,10680.02889409151,22001.764422781016,-25921.412522475664,-11566.569919667518
-46499.702817873855,113947.65604868176,-47999.68138398677,-53669.20890746828,120823.60529545503,106670.81361677875,-32308.524066573686,-62044.163920894156,239317.05685194183,-213591.15247085737,-168114.60563089856,26802.227303988147,-121820.8574013556,15980.272875924069,130786.39013998322,56122.995545070786,-99499.20473553528,-59450.74174128665,-145753.48373412614,-51971.86418784753,47206.16808159976,-24087.01295993495,149983.35258131594,-172998.4498097478,48140.65517681576,71995.08679666182,-66499.97830468933,-136994.2489972296,161409.45918376607,72026.3586240033
53635.722950230476,-131433.3658392938,55366.430747163286,61906.52910158925,-139366.51890807075,-123040.95873963738,37266.74669256706,71564.10959257728,-276042.10814366833,246368.18672906485,193911.54072420998,-30913.72890675271,140516.44081442017,-18432.231362960116,-150858.54581607052,-64735.16396159416,114769.00075551955,68573.91627692248,168120.83282235978,59947.52944179274,-54451.13023026513,27785.161408593318,-172998.4498097478,199548.42472264473,-55528.43353291476,-83043.36028988077,76704.85591121041,158017.40096984233,-186177.16178226392,-83077.9971148787
-14925.245190311856,36574.09815164398,-15406.8223994897,-17226.746048233923,38781.576108297864,34238.73041821833,-10370.388666931445,-19914.33338521807,76814.61139241865,-68557.2778130317,-53960.17039972529,8602.562211325343,-39101.5887320342,5129.141678777654,41979.445959809396,18014.00698179303,-31936.86537681631,-19082.18544871868,-46783.17878581402,-16681.628072472162,15152.206091452614,-7731.702962495509,48140.65517681576,-55528.43353291476,15452.018584367921,23108.694812677262,-21344.81139722408,-43971.72423638784,51807.97880290838,23118.37352519975
-22320.8167047242,54696.78969901211,-23041.01682105192,-25762.841148961783,57998.191297786994,51204.38042966016,-15509.26150036703,-29782.0881190872,114877.08229920048,-102528.27957478144,-80698.08531362627,12865.30745971915,-58476.83159546222,7670.665213521223,62780.7220086245,26940.25274559804,-47762.02799807014,-28537.691309739574,-69964.7857927306,-24947.45149531574,22660.396592304452,-11562.864577031722,71995.08679666182,-83043.36028988077,23108.694812677262,34559.55112782392,-31921.468380752664,-65760.23616114353,77479.56452418737,34573.73805758285
20617.209388538813,-50522.35867304436,21282.356752561358,23796.22729814138,-53571.365092278786,-47296.13289968453,14325.155722666997,27509.158885761113,-106109.1432264952,94702.71710050921,74538.9814962324,-11883.469888791982,54013.47061175504,-7085.314373516947,-57988.741414258315,-24883.957928945187,44116.39072822053,26359.469428898257,64624.67543189265,23043.451818219688,-20930.566592386516,10680.02889409151,-66499.97830468933,76704.85591121041,-21344.81139722408,-31921.468380752664,29484.984484837438,60740.992895732175,-71566.0097254047,-31935.097522222655
42472.902885030984,-104079.57800668555,43843.188350672295,49021.91014160013,-110360.77307997755,-97433.29163906211,29510.62155834228,56670.64438400309,-218591.9749176683,195093.88227743513,153555.1372239721,-24480.551818019452,111271.51997220419,-14596.233669254723,-119460.89967515352,-51262.57499800292,90882.78258501033,54302.23964970077,133131.22546504723,47471.129027854266,-43118.3691753655,22001.764422781016,-136994.2489972296,158017.40096984233,-43971.72423638784,-65760.23616114353,60740.992895732175,125130.55883191414,-147430.54583309346,-65788.3322942567
-50042.08309570784,122628.6262673052,-51656.17063944496,-57757.3650552201,130027.74718391245,114796.97348956442,-34769.580413109645,-66771.15299230839,257548.64564190025,-229862.8308793664,-180922.26873780065,28844.446857796145,-131101.03090147924,17197.80878746705,140749.33658840216,60398.52417198103,-107078.89433047386,-63979.73855485552,-156857.09985910624,-55931.21058385562,50802.068223505616,-25921.412522475664,161409.45918376607,-186177.16178226392,51807.97880290838,77479.56452418737,-71566.0097254047,-147430.54583309346,173706.30447652427,77513.85870553134
-22330.426051326584,54721.27604327741,-23050.553344390733,-25772.879454428377,58022.3825197477,51226.092404053896,-15515.07754177472,-29795.841654517386,114926.79965228407,-102572.4067296985,-80733.88051857881,12871.651803185348,-58501.36878661981,7674.3355254149765,62806.5590815319,26951.853361547568,-47781.871821060304,-28549.8292163892,-69994.76434481225,-24958.410788875943,22669.29172870912,-11566.569919667518,72026.3586240033,-83077.9971148787,23118.37352519975,34573.73805758285,-31935.097522222655,-65788.3322942567,77513.85870553134,34589.6582090295
