V1,V2,V3,V4,V5,V6,V7,V8,V9,V10,V11,V12,V13,V14,V15,V16,V17,V18,V19,V20,V21,V22,V23,V24,V25,V26,V27,V28,V29,V30
0.28034933819159524,0.9697931259908095,1.9320843089039461,3.8942555414243385,0.7506196233407039,-3.506731588754023,-0.09928542985747392,-0.4427030927491001,-0.8382718661037424,-0.21769801703544975,-1.7973605110839341,-2.07613308511551,-1.7425552403746307,3.8445350894666817,0.5594945461026287,1.2736340084958528,2.446450263355958,-1.5091939710547617,-3.1437603947271615,2.412763860336976,0.031852380786985664,-1.8626465753233532,-1.260796065324746,0.1386520724928266,0.20018143967627458,3.4196948550592388,1.8938394847278994,0.2664841200381487,0.30110174701320497,1.6967033846727864
0.9697931259908095,3.38884469085018,6.631930922695797,13.355230808875481,2.3596489568092407,-11.933735193823107,-0.27889532908323966,-1.6741600075242427,-2.789130513911476,-0.7898136700374556,-6.313807870923942,-6.832452706145208,-5.762356373794794,13.062750134797536,1.6588338446701547,4.359187403681323,8.384047797197121,-5.110512538655073,-10.620439523914408,8.168803038957106,-0.003380466977670109,-6.072467748854708,-4.125311380574974,0.6938000029011496,0.6506595639805454,11.547377194341726,6.3962880613289546,0.9197986092568634,1.272830393447773,5.939025981210853
1.9320843089039461,6.631930922695797,13.436619175397322,27.111443898714597,5.567936521735873,-24.56032975094403,-0.7827686121035564,-2.849882326183982,-5.969267014355801,-1.4497910954484217,-12.282107174700048,-14.904280608637814,-12.478176107219067,26.954821355968505,4.275418306184543,8.878313234404715,17.04246427977257,-10.607226389465666,-22.134632912681617,16.975033719253485,0.4059544028765738,-13.470419586668493,-9.087605539547868,0.6050070910527865,1.4329714080296592,24.07861752268363,13.34096034014265,1.8573960289388634,1.7081316089471756,11.62510316328584
3.8942555414243385,13.355230808875481,27.111443898714597,54.710395591144554,11.314459898932867,-49.59593953030876,-1.6004554203852315,-5.698149483556119,-12.076361506073159,-2.910627153497741,-24.732290115003533,-30.179670573747035,-25.260364407893693,54.437675646841434,8.714130149410256,17.91883328898796,34.39381403403437,-21.428118575566753,-44.7239571427882,34.29622769705074,0.861549153057302,-27.298363536773476,-18.409585238074953,1.13799941254154,2.9003191362638514,48.65197699399598,26.957616844714106,3.7489549561857327,3.3578737115531547,23.41642015473143
0.7506196233407039,2.3596489568092407,5.567936521735873,11.314459898932867,3.6895567474438464,-10.838182451706283,-0.7160946200661665,-0.2031058355084368,-3.0352491087285354,-0.3313542179084449,-4.175172276395994,-8.04721777017456,-6.569706951592342,12.023684648902448,3.425761188522671,3.75941265907748,7.150684694852198,-4.840418423739635,-10.259273331218896,7.760707636901923,0.8880808655547653,-7.629167794718601,-5.053316913282912,-1.14155043731514,0.8194722083493233,11.190306673976142,6.194600481403696,0.7418453569317798,-0.8183161049482687,4.08817191322986
-3.506731588754023,-11.933735193823107,-24.56032975094403,-49.59593953030876,-10.838182451706283,45.210084202284804,1.616852313490275,4.745064173254969,11.179163983536597,2.521913666939583,22.01534650083272,28.136497938440858,23.4786069601533,-49.67861589749757,-8.599488182182931,-16.266909019369315,-31.19488079369273,19.601198775307683,40.97831798975622,-31.377776464804267,-1.0867640776226757,25.601024215045815,17.225541720172345,-0.4386365826836609,-2.724095497604569,-44.590405832190285,-24.704493021878665,-3.3839054633242625,-2.3923689983112872,-20.902290047614645
-0.09928542985747392,-0.27889532908323966,-0.7827686121035564,-1.6004554203852315,-0.7160946200661665,1.616852313490275,0.15774806065033473,-0.11416998997283524,0.5072444008997248,0.0074580403658652235,0.45414190545357597,1.3994058024589753,1.1220023493561584,-1.8117240118666162,-0.7235406542335939,-0.5398782564999112,-1.016764999485319,0.7440981454513407,1.5979059900321995,-1.1924956098502262,-0.22705777940007302,1.3646169337980512,0.8950981559084679,0.3576952712320979,-0.15031099400793801,-1.7478991871188088,-0.9655440418156881,-0.09830956662320595,0.3326436749061684,-0.46902351921002633
-0.4427030927491001,-1.6741600075242427,-2.849882326183982,-5.698149483556119,-0.2031058355084368,4.745064173254969,-0.11416998997283524,1.3046837562202156,0.8678681272232648,0.49981991600815207,3.2579806358082717,1.8351527644700025,1.6608151167530687,-5.114508929779418,0.27902136338439965,-1.8265621050676029,-3.555225298978662,1.934843501227834,3.924677553041262,-3.0926976133861936,0.4214945160798316,1.4096569748317702,1.0145038124043795,-1.1087481403256458,-0.13638113973713648,-4.245061380160479,-2.359581882384722,-0.41918379229770353,-1.4409833870815896,-2.985780025195458
-0.8382718661037424,-2.789130513911476,-5.969267014355801,-12.076361506073159,-3.0352491087285354,11.179163983536597,0.5072444008997248,0.8678681272232648,2.880190961498483,0.5344104501433707,5.084196582619142,7.381833659568318,6.1115313824864215,-12.321621916439579,-2.573101755527761,-3.97685110668761,-7.6068256150976135,4.893114539691436,10.275180979893884,-7.8357734066595235,-0.47268475770392054,6.81607001800731,4.5606179078951765,0.2964986740653099,-0.7291120718294002,-11.190133070041014,-6.1973817992717715,-0.813282347424401,-0.13881526311275494,-4.867778278469889
-0.21769801703544975,-0.7898136700374556,-1.4497910954484217,-2.910627153497741,-0.3313542179084449,2.521913666939583,0.0074580403658652235,0.49981991600815207,0.5344104501433707,0.2093431836045225,1.5047246563426124,1.242932580235339,1.0744622335606244,-2.742282119042376,-0.13568242547371293,-0.9423450915848383,-1.8222534980268734,1.0577401054797595,2.1762508976425954,-1.6913099295598977,0.09616337843245255,1.05456236923443,0.7290736778718352,-0.3357505161716462,-0.10900642316453628,-2.360834097939282,-1.309856866507835,-0.2069537603978149,-0.4815536389894755,-1.397363605492618
-1.7973605110839341,-6.313807870923942,-12.282107174700048,-24.732290115003533,-4.175172276395994,22.01534650083272,0.45414190545357597,3.2579806358082717,5.084196582619142,1.5047246563426124,11.836097048394196,12.384215375896947,10.483403506935097,-24.075035467195367,-2.802519599848225,-8.062538007036425,-15.521870569555992,9.40137310244011,19.51297291433707,-15.040490822711101,0.10390942459742208,10.959388681354268,7.453491355086587,-1.4707502039529095,-1.1548341825753752,-21.204584507114063,-11.754874135032075,-1.7202217232973496,-2.570197209112641,-11.111694142647952
-2.07613308511551,-6.832452706145208,-14.904280608637814,-30.179670573747035,-8.04721777017456,28.136497938440858,1.3994058024589753,1.8351527644700025,7.381833659568318,1.242932580235339,12.384215375896947,19.065735713372096,15.733742547733307,-31.054600749430506,-6.9858713396401715,-9.956787318983034,-19.022939083165785,12.368176995842138,26.02404349127397,-19.81081381643427,-1.4242567629826088,17.712749159634413,11.823753049289268,1.2122752484376749,-1.8971925525768727,-28.35115565538922,-15.699743379532169,-2.021057344923585,0.17084998572961518,-11.906716294555123
-1.7425552403746307,-5.762356373794794,-12.478176107219067,-25.260364407893693,-6.569706951592342,23.4786069601533,1.1220023493561584,1.6608151167530687,6.1115313824864215,1.0744622335606244,10.483403506935097,15.733742547733307,13.005645198756785,-25.897095239456515,-5.637382044025414,-8.3265250378417,-15.91785417986945,10.30083104933995,21.655335142881334,-16.50224090344387,-1.1062649677497072,14.581846558977748,9.741526849311875,0.8492130410794065,-1.5555756199030681,-23.58625895938766,-13.064287211761304,-1.6992563741530764,-0.0413672174280708,-10.059927901664684
3.8445350894666817,13.062750134797536,26.954821355968505,54.437675646841434,12.023684648902448,-49.67861589749757,-1.8117240118666162,-5.114508929779418,-12.321621916439579,-2.742282119042376,-24.075035467195367,-31.054600749430506,-25.897095239456515,54.60124438633351,9.595815735436755,17.860236419999623,34.24369602333367,-21.553716064435566,-45.07508103664696,34.5031780173851,1.2594259151835963,-28.287586326119612,-19.02541144441821,0.3527134588018342,3.012605130362647,49.0517396658865,27.1748216199665,3.7098855750744595,2.4835680946974827,22.871173180559587
0.5594945461026287,1.6588338446701547,4.275418306184543,8.714130149410256,3.425761188522671,-8.599488182182931,-0.7235406542335939,0.27902136338439965,-2.573101755527761,-0.13568242547371293,-2.802519599848225,-6.9858713396401715,-5.637382044025414,9.595815735436755,3.368838714761499,2.9205464651230346,5.522823306227337,-3.9078892104579577,-8.345795037276668,6.259062843204304,0.9875450657060729,-6.734429041307536,-4.436308771686712,-1.4652507562930617,0.7406524367897218,9.120394295623955,5.039844849835392,0.5474422305742115,-1.2810165159221638,2.818497223845954
1.2736340084958528,4.359187403681323,8.878313234404715,17.91883328898796,3.75941265907748,-16.266909019369315,-0.5398782564999112,-1.8265621050676029,-3.97685110668761,-0.9423450915848383,-8.062538007036425,-9.956787318983034,-8.3265250378417,17.860236419999623,2.9205464651230346,5.871085442901841,11.26616892181317,-7.034642674207208,-14.688704846315616,11.25881432480596,0.3101562669043644,-9.01972342867312,-6.079487404424438,0.31861858960328227,0.9596434446513415,15.980398043087582,8.853905532814533,1.2258981161878735,1.0398923031787375,7.639109859484542
2.446450263355958,8.384047797197121,17.04246427977257,34.39381403403437,7.150684694852198,-31.19488079369273,-1.016764999485319,-3.555225298978662,-7.6068256150976135,-1.8222534980268734,-15.521870569555992,-19.022939083165785,-15.91785417986945,34.24369602333367,5.522823306227337,11.26616892181317,21.622838478779357,-13.482209965373011,-28.14389511927302,21.5793299896491,0.5616187389800472,-17.216773256133376,-11.608016684780328,0.67651609416192,1.8290116085918797,30.61641037189884,16.964311577525756,2.3561416920338893,2.068428251967871,14.699741606839543
-1.5091939710547617,-5.110512538655073,-10.607226389465666,-21.428118575566753,-4.840418423739635,19.601198775307683,0.7440981454513407,1.934843501227834,4.893114539691436,1.0577401054797595,9.40137310244011,12.368176995842138,10.30083104933995,-21.553716064435566,-3.9078892104579577,-7.034642674207208,-13.482209965373011,8.516853880724055,17.823585811352064,-13.634264656290288,-0.5521519583579246,11.292873346375076,7.588495453644876,-0.02954842203591109,-1.2040319521322678,-19.398681191985148,-10.746161529346447,-1.4572054707593578,-0.8572196807111201,-8.942386800329954
-3.1437603947271615,-10.620439523914408,-22.134632912681617,-44.7239571427882,-10.259273331218896,40.97831798975622,1.5979059900321995,3.924677553041262,10.275180979893884,2.1762508976425954,19.51297291433707,26.02404349127397,21.655335142881334,-45.07508103664696,-8.345795037276668,-14.688704846315616,-28.14389511927302,17.823585811352064,37.31820234575071,-28.534164655495747,-1.2346309472838737,23.8000957311241,15.983037297822662,0.09760305659315396,-2.5390592428749468,-40.619599607016,-22.5008453198421,-3.0371408062141896,-1.6138258090446471,-18.576602969488704
2.412763860336976,8.168803038957106,16.975033719253485,34.29622769705074,7.760707636901923,-31.377776464804267,-1.1924956098502262,-3.0926976133861936,-7.8357734066595235,-1.6913099295598977,-15.040490822711101,-19.81081381643427,-16.50224090344387,34.5031780173851,6.259062843204304,11.25881432480596,21.5793299896491,-13.634264656290288,-28.534164655495747,21.831775507055365,0.8924235689897745,-18.09431096427175,-12.155792907204422,0.029313114461203087,1.923099723952845,31.053617523147178,17.205350010524995,2.335968668557182,1.3551398936784458,14.30651607670386
0.031852380786985664,-0.003380466977670109,0.4059544028765738,0.861549153057302,0.8880808655547653,-1.0867640776226757,-0.22705777940007302,0.4214945160798316,-0.47268475770392054,0.09616337843245255,0.10390942459742208,-1.4242567629826088,-1.1062649677497072,1.2594259151835963,0.9875450657060729,0.3101562669043644,0.5616187389800472,-0.5521519583579246,-1.2346309472838737,0.8924235689897745,0.3874708175588479,-1.4732809873393495,-0.9446566429373046,-0.7076343590284951,0.15929067122112567,1.358090205257866,0.7503155125171044,0.042690101860596,-0.7433495378013458,-0.02762843396438341
-1.8626465753233532,-6.072467748854708,-13.470419586668493,-27.298363536773476,-7.629167794718601,25.601024215045815,1.3646169337980512,1.4096569748317702,6.81607001800731,1.05456236923443,10.959388681354268,17.712749159634413,14.581846558977748,-28.287586326119612,-6.734429041307536,-9.01972342867312,-17.216773256133376,11.292873346375076,23.8000957311241,-18.09431096427175,-1.4732809873393495,16.536436745102424,11.01720763984211,1.455916262400117,-1.770033994391685,-25.934532726060137,-14.361488033740262,-1.821397898387117,0.5479331695615064,-10.5749240526956
-1.260796065324746,-4.125311380574974,-9.087605539547868,-18.409585238074953,-5.053316913282912,17.225541720172345,0.8950981559084679,1.0145038124043795,4.5606179078951765,0.7290736778718352,7.453491355086587,11.823753049289268,9.741526849311875,-19.02541144441821,-4.436308771686712,-6.079487404424438,-11.608016684780328,7.588495453644876,15.983037297822662,-12.155792907204422,-0.9446566429373046,11.01720763984211,7.346202972235886,0.8865638546279229,-1.1813653374483455,-17.415600830612764,-9.643232973356714,-1.2289225680600617,0.26601278691801705,-7.182130039611925
0.1386520724928266,0.6938000029011496,0.6050070910527865,1.13799941254154,-1.14155043731514,-0.4386365826836609,0.3576952712320979,-1.1087481403256458,0.2964986740653099,-0.3357505161716462,-1.4707502039529095,1.2122752484376749,0.8492130410794065,0.3527134588018342,-1.4652507562930617,0.31861858960328227,0.67651609416192,-0.02954842203591109,0.09760305659315396,0.029313114461203087,-0.7076343590284951,1.455916262400117,0.8865638546279229,1.4319095931317105,-0.15861098719715586,-0.13481987426787928,-0.07112022689471904,0.10873581305228454,1.6145336338297573,1.2555378569499047
0.20018143967627458,0.6506595639805454,1.4329714080296592,2.9003191362638514,0.8194722083493233,-2.724095497604569,-0.15031099400793801,-0.13638113973713648,-0.7291120718294002,-0.10900642316453628,-1.1548341825753752,-1.8971925525768727,-1.5555756199030681,3.012605130362647,0.7406524367897218,0.9596434446513415,1.8290116085918797,-1.2040319521322678,-2.5390592428749468,1.923099723952845,0.15929067122112567,-1.770033994391685,-1.1813653374483455,-0.15861098719715586,0.1970424859974735,2.769824651090398,1.5303118843082024,0.18837218413373194,-0.06613270163047812,1.1167036164722515
3.4196948550592388,11.547377194341726,24.07861752268363,48.65197699399598,11.190306673976142,-44.590405832190285,-1.7478991871188088,-4.245061380160479,-11.190133070041014,-2.360834097939282,-21.204584507114063,-28.35115565538922,-23.58625895938766,49.0517396658865,9.120394295623955,15.980398043087582,30.61641037189884,-19.398681191985148,-40.619599607016,31.053617523147178,1.358090205257866,-25.934532726060137,-17.415600830612764,-0.13481987426787928,2.769824651090398,44.21492585496281,24.49099536644532,3.301292988907366,1.722794232715521,20.19063594743714
1.8938394847278994,6.3962880613289546,13.34096034014265,26.957616844714106,6.194600481403696,-24.704493021878665,-0.9655440418156881,-2.359581882384722,-6.1973817992717715,-1.309856866507835,-11.754874135032075,-15.699743379532169,-13.064287211761304,27.1748216199665,5.039844849835392,8.853905532814533,16.964311577525756,-10.746161529346447,-22.5008453198421,17.205350010524995,0.7503155125171044,-14.361488033740262,-9.643232973356714,-0.07112022689471904,1.5303118843082024,24.49099536644532,13.56738222367526,1.8316313556806203,0.960186594836445,11.191567152141875
0.2664841200381487,0.9197986092568634,1.8573960289388634,3.7489549561857327,0.7418453569317798,-3.3839054633242625,-0.09830956662320595,-0.41918379229770353,-0.813282347424401,-0.2069537603978149,-1.7202217232973496,-2.021057344923585,-1.6992563741530764,3.7098855750744595,0.5474422305742115,1.2258981161878735,2.3561416920338893,-1.4572054707593578,-3.0371408062141896,2.335968668557182,0.042690101860596,-1.821397898387117,-1.2289225680600617,0.10873581305228454,0.18837218413373194,3.301292988907366,1.8316313556806203,0.26094596879030957,0.26625948218215095,1.6244819085501854
0.30110174701320497,1.272830393447773,1.7081316089471756,3.3578737115531547,-0.8183161049482687,-2.3923689983112872,0.3326436749061684,-1.4409833870815896,-0.13881526311275494,-0.4815536389894755,-2.570197209112641,0.17084998572961518,-0.0413672174280708,2.4835680946974827,-1.2810165159221638,1.0398923031787375,2.068428251967871,-0.8572196807111201,-1.6138258090446471,1.3551398936784458,-0.7433495378013458,0.5479331695615064,0.26601278691801705,1.6145336338297573,-0.06613270163047812,1.722794232715521,0.960186594836445,0.26625948218215095,1.9022227542782537,2.2823332500122486
1.6967033846727864,5.939025981210853,11.62510316328584,23.41642015473143,4.08817191322986,-20.902290047614645,-0.46902351921002633,-2.985780025195458,-4.867778278469889,-1.397363605492618,-11.111694142647952,-11.906716294555123,-10.059927901664684,22.871173180559587,2.818497223845954,7.639109859484542,14.699741606839543,-8.942386800329954,-18.576602969488704,14.30651607670386,-0.02762843396438341,-10.5749240526956,-7.182130039611925,1.2555378569499047,1.1167036164722515,20.19063594743714,11.191567152141875,1.6244819085501854,2.2823332500122486,10.444648553752618
