V1,V2,V3,V4,V5,V6,V7,V8,V9,V10,V11,V12,V13,V14,V15,V16,V17,V18,V19,V20,V21,V22,V23,V24,V25,V26,V27,V28,V29,V30,V31,V32,V33,V34,V35,V36,V37,V38,V39,V40,V41,V42,V43,V44,V45,V46,V47,V48,V49,V50,V51,V52,V53,V54,V55,V56
1.8857469405592842,-0.38474006066138894,0.5221932402948138,1.1658554858449244,-0.40407996171111554,1.247339325611584,-2.147308901857271,-2.5539524847516666,0.693751884153538,0.17351456016795713,2.1523731072285925,0.7053857803864036,-1.429295012240917,0.021981223316641,-2.281274413773344,0.8456936818202323,1.0735766966309936,-0.6650613669753541,-0.9842495296845306,-0.9137926044251551,-0.8517754814646211,-0.24138376964583258,1.6833685935400329,0.7778413214368303,2.347673295061069,0.9834409952666769,0.5872965986947536,1.4519174786578157,-0.5014867884876174,-0.8882614390438748,0.898919621523988,0.45311319841006975,0.4476650542981855,0.2538523153931978,1.1378104659552213,0.8914707994702186,1.5886956311992089,-0.2871782082872193,1.3251972893645194,-0.10471249194709094,2.6038028529675166,-0.8144195764290656,-0.2976636707004229,1.281839272062569,-1.3116857059836182,0.5264761420352636,-2.2207818066634086,-0.6441773729984961,-0.7059645876085234,-0.8797260371652541,-1.3685933696384176,-0.479134340130067,2.4975164938127854,-0.4987337355177427,-0.3054985292454392,0.3713013246364391
-0.38474006066138894,1.839535653544452,0.8700290610200542,-0.20177133442407727,2.9661009562786584,-1.3660143907269242,4.016067068431796,-0.5332915091257601,0.5076952682125138,-2.8029391184555608,-0.8421557082129881,-0.6250495854380622,-0.7323781521997312,-2.004017441091087,0.2164599221206338,-1.240153864581273,-2.497862418814894,-0.6889785923478614,0.727429001874945,0.36095412849412045,0.07915277497195673,-1.1984273014169002,0.2863012675033244,0.1553027963555194,-2.5616658351382076,-0.5257606694476022,-0.4680020421160895,-0.6865901702871345,1.3197467161274932,2.497746064721623,-0.7445867929529996,1.4373632767113549,-1.894043990121388,-0.9613469219811287,-0.7512112563358283,-1.393568875542003,-1.0565239944287104,-0.527244923415663,1.6583218215778923,-1.2076539118249074,0.8900052980311143,1.943006984786249,0.9086932914479633,1.8874395579272163,0.8968629833910271,-2.227229871394167,0.6930641899671524,-1.4927333353458354,-2.1976711413952823,0.26813791249207614,0.9026393993497526,1.3018813756589582,1.3678232451884664,0.48843607311950243,0.6064180378129008,-0.5084981528350508
0.5221932402948138,0.8700290610200542,0.6861523047598465,0.342858716839736,1.4872129614669063,-0.27097931454166096,1.3895053449025216,-1.2919178366540935,0.5521405829801841,-1.4866663619272846,0.3725363988490992,-0.07147586884638925,-0.963639946036014,-1.1027375069879248,-0.7697896299914264,-0.3578488892263609,-0.9664135836273138,-0.6414789180416146,0.01947695547783989,-0.15626644629816488,-0.28834686714421964,-0.7587313376653974,0.815374668421725,0.3895237985448414,-0.5048257223191899,0.09204120318228312,-0.030447898283326127,0.18558680984844622,0.5362465102021728,1.038632507022042,-0.06227506519001226,0.9738177758382135,-0.8757119107789789,-0.4340903168721435,0.027232296116590234,-0.4250682486286314,0.033794158058453025,-0.4043950311877769,1.4365103809762345,-0.7105383764536983,1.509175130008552,0.7598090583441047,0.387802702318938,1.5466536384270746,-0.01428339954145498,-1.0297366667471775,-0.48189717326839965,-1.07904849270066,-1.4940665006363787,-0.19444914057186483,-0.033277323063819114,0.5350582126752933,1.7326874805626173,0.07632393006343757,0.21712254882297394,-0.1371550122397817
1.1658554858449244,-0.20177133442407727,0.342858716839736,0.7215253864777917,-0.19072001587200538,0.7483815428502482,-1.2542342247277996,-1.6005805919584088,0.44221561757752104,0.050553589135660326,1.3224361551276047,0.42624106146514434,-0.9046427795807461,-0.027390772679852033,-1.4154916015477517,0.5009659039718526,0.6170296174423328,-0.42807299732291354,-0.5977153071979048,-0.561372108630679,-0.5285465941041267,-0.17480566100201064,1.0536428970114262,0.487333082674857,1.4087548131826326,0.6013452108409203,0.35595785529118307,0.889641537383844,-0.2850906378825308,-0.501686839247552,0.5442516902532224,0.31148877455176754,0.23982041535254625,0.13830176507414216,0.6928081615020397,0.5263145262931617,0.9671944875245947,-0.18955359359096446,0.8588269330958977,-0.0899267783391998,1.6389192336693663,-0.46709527728959793,-0.1666500282789156,0.8365356032174148,-0.7980480299096835,0.2820460409342848,-1.3680710939084484,-0.4315475438091269,-0.48445323845179467,-0.5420700376321578,-0.8333505775648594,-0.2715442402611316,1.5825565765526048,-0.3004150787893539,-0.1777223266511117,0.22068643802679802
-0.40407996171111554,2.9661009562786584,1.4872129614669063,-0.19072001587200538,4.808507219626569,-2.087377371644226,6.318952973275748,-1.179228825227855,0.9144537836207991,-4.568956578599949,-1.1211437137297275,-0.9389945119126156,-1.3704885254965975,-3.2788963348829383,0.08113903890677315,-1.9294031547369659,-3.9615686771127496,-1.2078636289823494,1.0732289703830082,0.48157646259831904,0.02756362002707921,-1.9913146416292422,0.6704878107120019,0.3474939814485442,-3.9134016889771672,-0.7430988326096419,-0.6959807092394468,-0.9503272131620583,2.100972276253834,3.9835799550324458,-1.1115473185147258,2.407932840266454,-3.0478182774393354,-1.5437693295020036,-1.0937743232713255,-2.1751321393652887,-1.5396981944338823,-0.8977561955891679,2.8742272435405334,-1.990049051496897,1.7693114734274613,3.084054931417785,1.4523013671753977,3.24420740539589,1.311444395954578,-3.5839600992278324,0.86881420040384,-2.5214903506837674,-3.683211334894666,0.3336733975366696,1.3140853088760114,2.074396234616272,2.5389930711617974,0.7400512347143893,0.9563945063508386,-0.7881694738996444
1.247339325611584,-1.3660143907269242,-0.27097931454166096,0.7483815428502482,-2.087377371644226,1.5266290613598004,-3.6786751526493857,-1.0238394266974844,0.04910290880161104,1.8615760132672508,1.6780757015544396,0.7702615801132932,-0.29909793920774796,1.276596761824375,-1.3518146839552423,1.2332399873793336,2.148464430391282,0.08060141490359685,-0.9834262477393233,-0.7145848762687145,-0.5036832028989011,0.6278380846768545,0.7159909199644964,0.31631721668913937,2.8674219495976927,0.8557073836493703,0.6082330864992064,1.206767496999249,-1.1001249417764247,-2.04967702928156,0.9488025170905887,-0.665864502513876,1.433937675837959,0.7420013388209347,1.0802362061623905,1.354456501377479,1.513119654100448,0.17981018067659596,-0.3407864862757246,0.7064638055758424,0.8252449833626302,-1.6602046880528707,-0.7321053298993564,-0.5084961800336162,-1.2647877797205576,1.686217652517816,-1.6204128332627643,0.5990369250880055,1.0110638228170181,-0.6378552543896449,-1.2987472804457445,-1.0769418436614118,0.4670410904596517,-0.5739548633332414,-0.5454894397983108,0.5187368342679184
-2.147308901857271,4.016067068431796,1.3895053449025216,-1.2542342247277996,6.318952973275748,-3.6786751526493857,9.714615589758486,0.7660138060299939,0.5291005458441227,-5.820481059667447,-3.269740847828551,-1.7807602149801431,-0.45293086248014386,-4.087547582671342,2.0918414594120307,-3.132096329399622,-5.8524532275453955,-0.9181967054386347,2.1907153028646302,1.3951123393959455,0.7776554384549426,-2.2600794697389492,-0.6373732530616302,-0.2477626480888722,-6.904759556155725,-1.7803935459375635,-1.376163626643129,-2.4464175097448373,3.044540339550698,5.718015099527463,-2.163781512496819,2.592203383170422,-4.172382497075582,-2.137035395633197,-2.3502405475093577,-3.4769456694783543,-3.297076045425486,-0.8632525696119887,2.409587209206636,-2.3778000235142547,-0.07736766742897952,4.53745812094754,2.0617848697960657,2.9064924970064916,2.7720826164623413,-4.906400652649237,3.016367007813023,-2.5663362119379083,-3.9538367263080336,1.1818646644705213,2.825030080382589,2.992055267196933,0.9704014298495554,1.3535447234639386,1.4533153671411567,-1.3020215910213468
-2.5539524847516666,-0.5332915091257601,-1.2919178366540935,-1.6005805919584088,-1.179228825227855,-1.0238394266974844,0.7660138060299939,4.090198359684528,-1.3282891991587,1.4219711537120416,-2.673763473448097,-0.6672737980966161,2.548838768118431,1.1673821866147016,3.2387002858837155,-0.5061652831570336,-0.08962363423703186,1.3944642773554468,1.0177196326820634,1.133104965050012,1.2102560357080223,1.0739202166781334,-2.656904908037175,-1.2414645742037809,-1.9326254339148528,-1.1372677805010656,-0.5869422991305197,-1.7326811370454156,-0.04970960461809617,-0.1839240373939172,-0.8814568127011333,-1.5295929218802884,0.47301789910529995,0.20076132637009522,-1.2302126340295867,-0.48190294592581673,-1.713149253013273,0.7396883282136755,-2.9495163555328285,0.8776493496918916,-4.377371473259052,0.03918030617045186,-0.10455000715541707,-3.0226750371725735,1.399735818499546,0.5561369242356028,2.864031914828301,1.8448507049512934,2.3581367266361966,1.1383753692071963,1.480301564692376,-0.072016136575421,-4.506517055809842,0.4439451388242727,0.08799644590703205,-0.24377981384136374
0.693751884153538,0.5076952682125138,0.5521405829801841,0.44221561757752104,0.9144537836207991,0.04910290880161104,0.5291005458441227,-1.3282891991587,0.4945792231937167,-0.9564671952470118,0.643262190191184,0.08212781738283668,-0.9033389756481095,-0.7290763983294651,-0.9310534820347232,-0.08246946607443878,-0.44516882313418404,-0.5486993362502105,-0.16795114575746128,-0.27183853747361103,-0.34824924989849615,-0.5487809190055181,0.8514674126080253,0.40192446638546014,0.0958737644128669,0.24194144965238146,0.08769971412621512,0.390235313027924,0.26433434483387586,0.5272408714431063,0.12381494714891514,0.7306882368600239,-0.4999080512187684,-0.24193309528231752,0.22722762106132535,-0.1187443641167659,0.3144605645700243,-0.32162970350825726,1.1985778460640242,-0.4916220669237438,1.481886992744554,0.35544643408060567,0.20310829894249957,1.2638338442661685,-0.2505765190032659,-0.5878208945733578,-0.7285399046498757,-0.8357640015771042,-1.1230302616057954,-0.29096144735217955,-0.273663310814269,0.26765244160155366,1.6109464883649107,-0.04092325736163306,0.08819720549737359,-0.02293956012666453
0.17351456016795713,-2.8029391184555608,-1.4866663619272846,0.050553589135660326,-4.568956578599949,1.8615760132672508,-5.820481059667447,1.4219711537120416,-0.9564671952470118,4.365253630872596,0.8314041955346714,0.8210235167222711,1.4777241913809747,3.1443620613047774,0.1813692275552911,1.7556055031593112,3.6800424963959997,1.2348012212443915,-0.9181628015911166,-0.35834169303846425,0.07034129010642692,1.938557734201146,-0.8347841720457804,-0.42189405058329627,3.489028444946703,0.601418455022975,0.6012149670888662,0.7470651426626378,-1.959381161612241,-3.72222622518585,0.9646351996755798,-2.3624598452618497,2.874215106837026,1.4527565895653471,0.9204306610848286,1.9862373581172537,1.2971594320811086,0.8942394602846853,-2.909080190665964,1.9218119497209347,-1.9939564640456364,-2.8673148093734504,-1.359993529994022,-3.2592347601010716,-1.1095762400208546,3.379811185443682,-0.5814619197543635,2.493157208784854,3.615118675160915,-0.22026614418054932,-1.10564385565924,-1.9364151579866933,-2.7205658539979822,-0.6535750176178834,-0.883165230261508,0.7142368808511695
2.1523731072285925,-0.8421557082129881,0.3725363988490992,1.3224361551276047,-1.1211437137297275,1.6780757015544396,-3.269740847828551,-2.673763473448097,0.643262190191184,0.8314041955346714,2.5489288636177827,0.9152286561325705,-1.3970411368370526,0.48268607621610743,-2.5468452558924164,1.2095913295219265,1.7468835937528264,-0.5703677005314057,-1.2439301452294582,-1.082932548767741,-0.9505516973329063,0.010019912147283871,1.7772606878801116,0.8159604660158905,3.156236929654048,1.196892859984511,0.7500159532591396,1.7465395763718774,-0.8510035029173428,-1.5439925957080542,1.1544462251236782,0.16707905350468671,0.923513951868269,0.4978978839037919,1.4174757270650145,1.2948128036505182,1.9809304827459708,-0.19371256998516972,1.0711814941425468,0.16174529942031343,2.6466999978455172,-1.336204883938558,-0.5338082488849993,0.9712834878015256,-1.6411493740425307,1.0860385667133277,-2.589695902985731,-0.36356517429256086,-0.2698771842857125,-1.0243987807032313,-1.7047680568127648,-0.8224457742404834,2.420998907089455,-0.657742676542667,-0.47320874594156426,0.5228338380897535
0.7053857803864036,-0.6250495854380622,-0.07147586884638925,0.42624106146514434,-0.9389945119126156,0.7702615801132932,-1.7807602149801431,-0.6672737980966161,0.08212781738283668,0.8210235167222711,0.9152286561325705,0.3953080821341426,-0.2548803740530947,0.5545142102552455,-0.7853143222301366,0.608023397974501,1.0241813942325881,-0.023466675942084795,-0.5120470580398425,-0.3894946902690319,-0.29276251385000646,0.25058475798494284,0.4576296492751781,0.20517223637415077,1.4471835875708852,0.4566919264899761,0.3148110059472564,0.6497575695009932,-0.5202009919474093,-0.9651600451382614,0.48957251525284734,-0.2484666812052141,0.6599720819485494,0.3434556510811262,0.5674261258724123,0.6645096519345643,0.7943663309543034,0.05263388699213489,-0.031232875286322858,0.29661076427634464,0.5856844775204222,-0.7900945631442127,-0.3430161975462,-0.1076318055033136,-0.6625675732007117,0.7760888684837313,-0.8962712566398188,0.20277476780953022,0.3757025557536682,-0.3532923229571299,-0.6822605960163679,-0.5082047736977606,0.42130686776222265,-0.2922024490068903,-0.26292563608708946,0.2571193154894823
-1.429295012240917,-0.7323781521997312,-0.963639946036014,-0.9046427795807461,-1.3704885254965975,-0.29909793920774796,-0.45293086248014386,2.548838768118431,-0.9033389756481095,1.4777241913809747,-1.3970411368370526,-0.2548803740530947,1.6787482297080711,1.1460067243223262,1.8738565954930064,-0.02020718588314344,0.5113541598433555,0.9836000220308658,0.4397965065733297,0.5911293724076058,0.7006252956782827,0.908441280961414,-1.6420842041951187,-0.7721447757140802,-0.5683947974294586,-0.5563517248306936,-0.24268404034829136,-0.8734917308279089,-0.3277988723574886,-0.6737302383313132,-0.35502108260992604,-1.2329731719333787,0.7089142506609963,0.3364718598366491,-0.5605762985786671,0.02887165001191273,-0.7782837286169747,0.5583117859445081,-2.125906243968357,0.7940028416346779,-2.7999546224762355,-0.41589463586133135,-0.2674513070267158,-2.221124463960426,0.6283000901604816,0.8335673447351578,1.5436989916478303,1.4326525293266454,1.89671380438207,0.6152369005399715,0.6748254661781342,-0.3370043451296477,-2.984622596863538,0.15316975780451875,-0.0848193431571892,-0.029799447636290236
0.021981223316641,-2.004017441091087,-1.1027375069879248,-0.027390772679852033,-3.2788963348829383,1.276596761824375,-4.087547582671342,1.1673821866147016,-0.7290763983294651,3.1443620613047774,0.48268607621610743,0.5545142102552455,1.1460067243223262,2.2705814170015026,0.25610457527686076,1.2220530804886258,2.599956265119278,0.9285987021531631,-0.6094087830861545,-0.20880352854827286,0.09751782417948272,1.413832099233144,-0.6954146253636324,-0.3474597485805093,2.392099858785168,0.3806068013784398,0.40217762195848494,0.46015248701413114,-1.3881503259018517,-2.6405934509243583,0.6476626875271463,-1.7317070612064462,2.052064256432742,1.0356927128643334,0.6026284254697674,1.3861738040301745,0.8500946077802474,0.6618276332062637,-2.1744475002427515,1.3942406430713483,-1.5833721340138147,-2.0269724578409494,-0.9662697741213302,-2.425055399234208,-0.7297530579196896,2.4130344209854946,-0.29835349350453066,1.8366097073764562,2.650608930211414,-0.11091194864823327,-0.7237921140394721,-1.3727831009518414,-2.102517012343566,-0.4448627712540639,-0.6213344780720497,0.49567687466332244
-2.281274413773344,0.2164599221206338,-0.7697896299914264,-1.4154916015477517,0.08113903890677315,-1.3518146839552423,2.0918414594120307,3.2387002858837155,-0.9310534820347232,0.1813692275552911,-2.5468452558924164,-0.7853143222301366,1.8738565954930064,0.25610457527686076,2.7949628737345096,-0.87213427797413,-0.9765718431390972,0.9211476839411227,1.1162379691342228,1.080783311674456,1.0438108685573861,0.4684108336219268,-2.1254830173803203,-0.9853842726903235,-2.5456359809088394,-1.1437486247636255,-0.6612536800295141,-1.7012611632858332,0.43454973056408713,0.7470584758825749,-1.0081232865260623,-0.7644380590559897,-0.286691806872598,-0.1785028722398053,-1.3030747911386162,-0.907143410067574,-1.8183717206921417,0.43023888559648665,-1.8758330913446324,0.3004354698687538,-3.350877074558112,0.7340282806579117,0.240211433299389,-1.8545231794172963,1.497842735327067,-0.3372003220750256,2.6526543806872005,1.008916767071545,1.1851107797571292,1.0517111921482742,1.5675113896315158,0.40939003154416387,-3.2867861909119194,0.5486715154283011,0.29265169726859847,-0.38799846001605715
0.8456936818202323,-1.240153864581273,-0.3578488892263609,0.5009659039718526,-1.9294031547369659,1.2332399873793336,-3.132096329399622,-0.5061652831570336,-0.08246946607443878,1.7556055031593112,1.2095913295219265,0.608023397974501,-0.02020718588314344,1.2220530804886258,-0.87213427797413,1.026492694628882,1.8629764184983064,0.2016885362361041,-0.760658626069883,-0.5156042715932725,-0.32462340823997404,0.6481375284775773,0.37315400245153535,0.15847505246861424,2.3154551047701952,0.6381367790961069,0.4744622319757192,0.8877888200645053,-0.9629542046893996,-1.8027195312877111,0.7433471257931226,-0.7242248137795183,1.2936356155195008,0.6652519071271311,0.8249496286581939,1.1343663109451878,1.1564797151779969,0.22636741617806208,-0.5749449040146504,0.698118884726646,0.30610176687641333,-1.4424326646119696,-0.6475602224164579,-0.7279268224420357,-0.969720229795221,1.5212220690291278,-1.141423867331655,0.6957389384854964,1.1030327657079348,-0.4482714329127399,-0.9917044707339565,-0.9448639086199492,-0.018089704049240225,-0.4580868761036657,-0.46685359202796667,0.42886205630654894
1.0735766966309936,-2.497862418814894,-0.9664135836273138,0.6170296174423328,-3.9615686771127496,2.148464430391282,-5.8524532275453955,-0.08962363423703186,-0.44516882313418404,3.6800424963959997,1.7468835937528264,1.0241813942325881,0.5113541598433555,2.599956265119278,-0.9765718431390972,1.8629764184983064,3.5600529226037008,0.6885126608289753,-1.2417991606293997,-0.7460616427050126,-0.36247034971362885,1.4770990116295468,0.14344775321348402,0.03650745885180967,4.031594644119921,0.9805888090675545,0.78490582282929,1.3317307716678204,-1.8608859904239352,-3.503325954233257,1.2379509070927177,-1.7216471870965853,2.5876083409350126,1.3215059271837977,1.319455919484822,2.0754747165606777,1.8521916554931654,0.5945924745572722,-1.7413278140218535,1.530763864495823,-0.35675285188771344,-2.7629367193340797,-1.266746571875917,-2.051048692593882,-1.561016180667911,3.0428194352484694,-1.5748407962074402,1.7349661282716011,2.628308573237642,-0.6155550867417235,-1.585864746566355,-1.8309435263422331,-1.0075094139333247,-0.7843099165699495,-0.8779869595230453,0.771365923684595
-0.6650613669753541,-0.6889785923478614,-0.6414789180416146,-0.42807299732291354,-1.2078636289823494,0.08060141490359685,-0.9181967054386347,1.3944642773554468,-0.5486993362502105,1.2348012212443915,-0.5703677005314057,-0.023466675942084795,0.9836000220308658,0.9285987021531631,0.9211476839411227,0.2016885362361041,0.6885126608289753,0.6207321781361769,0.10051617595049923,0.24055044039373266,0.3447163479690166,0.6693985234817896,-0.8885896799630182,-0.421369630815348,0.14731545200329518,-0.19459205953063533,-0.04407970232418053,-0.32925862522865534,-0.39324089133908136,-0.771520307258175,-0.05423515082564683,-0.8761900940233084,0.6862997757424683,0.33640257380898303,-0.15820864067860832,0.25301219495422245,-0.2173306134256114,0.3756197816400606,-1.3705466491680034,0.612460437176829,-1.5838523452315898,-0.5448419767976426,-0.2921082925077376,-1.458404997741868,0.16793621129548625,0.8070010994966618,0.670847302933687,0.987757480711619,1.3455635933501842,0.2687459227607351,0.1907383119346164,-0.3948938548926398,-1.759967634587389,-0.005184868075557392,-0.14704610551871272,0.07169735324866712
-0.9842495296845306,0.727429001874945,0.01947695547783989,-0.5977153071979048,1.0732289703830082,-0.9834262477393233,2.1907153028646302,1.0177196326820634,-0.16795114575746128,-0.9181628015911166,-1.2439301452294582,-0.5120470580398425,0.4397965065733297,-0.6094087830861545,1.1162379691342228,-0.760658626069883,-1.2417991606293997,0.10051617595049923,0.6711991114092413,0.5291336029693741,0.41627881161753527,-0.24711402684906317,-0.690300576078478,-0.31208923379023734,-1.8481484134209831,-0.6105199639553017,-0.4106530494933761,-0.8745489906702945,0.6258044989164235,1.1563470114794137,-0.6369987265991787,0.2209724626308238,-0.7727330809472842,-0.40448726374946115,-0.7490916976155269,-0.8276355518757307,-1.0482184520515172,-0.02529704069768786,-0.11492260570851916,-0.31286905683420896,-0.934026128659437,0.9564231757034434,0.4089357370617051,-0.026422752405594694,0.8727914988471643,-0.90869469579647,1.2308777346693436,-0.14946285318988853,-0.3317863480823708,0.48567562773955897,0.9007493378069803,0.6101592341338575,-0.7421499014705956,0.3759422943229121,0.32215547899193986,-0.32320416001668345
-0.9137926044251551,0.36095412849412045,-0.15626644629816488,-0.561372108630679,0.48157646259831904,-0.7145848762687145,1.3951123393959455,1.133104965050012,-0.27183853747361103,-0.35834169303846425,-1.082932548767741,-0.3894946902690319,0.5911293724076058,-0.20880352854827286,1.080783311674456,-0.5156042715932725,-0.7460616427050126,0.24055044039373266,0.5291336029693741,0.46009916759919306,0.4033747869133286,-0.006674260878334967,-0.7533169163602077,-0.34580833775507297,-1.3440239515847396,-0.5087729344940964,-0.31909560486578065,-0.7422525289213268,0.36365576082139967,0.6599973427349098,-0.49120976062149857,-0.06796589267093535,-0.3955756800808014,-0.21314742044970322,-0.602797571686543,-0.5520645350971816,-0.8424273073538207,0.08110460783427184,-0.4510305837034839,-0.07105329394972125,-1.120902827807438,0.5707342981069485,0.22827336994070554,-0.4081916405946996,0.697972583633183,-0.46519095093144536,1.0999237561593194,0.15120178161670086,0.11003441920789377,0.4350815145082501,0.7249707107774859,0.35150604666193996,-1.0241963522337443,0.279995535809506,0.2019570387387108,-0.22280913273971675
-0.8517754814646211,0.07915277497195673,-0.28834686714421964,-0.5285465941041267,0.02756362002707921,-0.5036832028989011,0.7776554384549426,1.2102560357080223,-0.34824924989849615,0.07034129010642692,-0.9505516973329063,-0.29276251385000646,0.7006252956782827,0.09751782417948272,1.0438108685573861,-0.32462340823997404,-0.36247034971362885,0.3447163479690166,0.41627881161753527,0.4033747869133286,0.3898253036692889,0.1760756574116653,-0.7942035483789657,-0.36821789867202553,-0.9485088434409259,-0.42674145994477647,-0.24656716034758666,-0.6348418245904618,0.1610971459738869,0.27673989916571917,-0.3758779970563337,-0.28687248778843116,-0.10533624724284223,-0.06578717114752296,-0.4860460285394688,-0.3375584089936531,-0.6782447308815148,0.16119641048893094,-0.7022206294139303,0.1133398005704934,-1.2524869613108787,0.2723863985654882,0.0888855812273583,-0.6944728701856976,0.5586640487202248,-0.12389475442838636,0.990212563848372,0.3782452709655072,0.4447116096658181,0.39260057019160777,0.5846823267201315,0.15171612138326016,-1.2289889789069302,0.20449505694176776,0.10875439511511854,-0.14445973682194668
-0.24138376964583258,-1.1984273014169002,-0.7587313376653974,-0.17480566100201064,-1.9913146416292422,0.6278380846768545,-2.2600794697389492,1.0739202166781334,-0.5487809190055181,1.938557734201146,0.010019912147283871,0.25058475798494284,0.908441280961414,1.413832099233144,0.4684108336219268,0.6481375284775773,1.4770990116295468,0.6693985234817896,-0.24711402684906317,-0.006674260878334967,0.1760756574116653,0.9148620224107592,-0.6616496365427224,-0.3220337019060724,1.1750430755216534,0.10445468276943122,0.17150408720239654,0.0907153658685658,-0.798342956990861,-1.52752506926378,0.28252693142257146,-1.1418531521498623,1.2198953669192303,0.6119147225542285,0.22210966514901404,0.7443535157576944,0.31552997462230864,0.4518184275268421,-1.5360893154298825,0.8841486953010701,-1.3402350358916746,-1.1546248862354205,-0.5626691001936658,-1.6865991130672908,-0.277912042860609,1.4344735115163503,0.11425486601370202,1.2331572421305959,1.7494379463997032,0.04980023054835669,-0.2664941890985444,-0.7917779693732738,-1.6497947751375073,-0.21011950226388065,-0.34637550088160934,0.25906543240575486
1.6833685935400329,0.2863012675033244,0.815374668421725,1.0536428970114262,0.6704878107120019,0.7159909199644964,-0.6373732530616302,-2.656904908037175,0.8514674126080253,-0.8347841720457804,1.7772606878801116,0.4576296492751781,-1.6420842041951187,-0.6954146253636324,-2.1254830173803203,0.37315400245153535,0.14344775321348402,-0.8885896799630182,-0.690300576078478,-0.7533169163602077,-0.7942035483789657,-0.6616496365427224,1.7279099341944855,0.8066515035040769,1.3509500700227695,0.7616367588289122,0.3997585915482623,1.156503254025381,-0.012311364202066244,0.03545826894835065,0.6017666402229966,0.9515478538032627,-0.24503068897667107,-0.09864965599072717,0.8300802473004117,0.36249663316209535,1.1562929469040968,-0.46585460056419975,1.8726827382896643,-0.5329738356736752,2.8326034339342425,-0.09161311895055803,0.037514923014889255,1.9127475801064222,-0.9458960754175048,-0.28807536831296604,-1.8966340968244422,-1.1558478742418699,-1.467599079306301,-0.7536117228006148,-0.9987827707104348,0.0028841150560430595,2.900837704465659,-0.3069314924959475,-0.07814552163973765,0.17670340655819144
0.7778413214368303,0.1553027963555194,0.3895237985448414,0.487333082674857,0.3474939814485442,0.31631721668913937,-0.2477626480888722,-1.2414645742037809,0.40192446638546014,-0.42189405058329627,0.8159604660158905,0.20517223637415077,-0.7721447757140802,-0.3474597485805093,-0.9853842726903235,0.15847505246861424,0.03650745885180967,-0.421369630815348,-0.31208923379023734,-0.34580833775507297,-0.36821789867202553,-0.3220337019060724,0.8066515035040769,0.3768361059163846,0.5970261987458033,0.34768470043254995,0.18016878692927174,0.5292896698035392,0.010218828441308657,0.04665274680453531,0.27072799286355126,0.45967453397914987,-0.1367772129734981,-0.057468024635104115,0.3767761383293287,0.15166795152789747,0.5247237722826295,-0.22291421543161666,0.8905197669837633,-0.26233211301766635,1.3274436414059694,-0.01911547249623399,0.028414755633117225,0.9119109598940266,-0.42885236197199633,-0.16081034675785566,-0.8732501143304556,-0.5553095534141336,-0.7087372900644661,-0.34706608572479675,-0.45336622033845103,0.017066164965020107,1.3649328999526904,-0.13677265893283458,-0.02900004859642963,0.07599572301300245
2.347673295061069,-2.5616658351382076,-0.5048257223191899,1.4087548131826326,-3.9134016889771672,2.8674219495976927,-6.904759556155725,-1.9326254339148528,0.0958737644128669,3.489028444946703,3.156236929654048,1.4471835875708852,-0.5683947974294586,2.392099858785168,-2.5456359809088394,2.3154551047701952,4.031594644119921,0.14731545200329518,-1.8481484134209831,-1.3440239515847396,-0.9485088434409259,1.1750430755216534,1.3509500700227695,0.5970261987458033,5.385820719357184,1.6088351993836092,1.1429300574563839,2.2692338109524,-2.0641158120620555,-3.845462099870288,1.78279715879438,-1.2451131532524293,2.6892855364957966,1.3917139345798515,2.030398522012069,2.542835375811881,2.8440133454425816,0.3353112974316906,-0.6311459162157259,1.3231273869472215,1.5607935126206036,-3.1152908582245646,-1.3734155538591795,-0.9456275527872908,-2.377165456836058,3.162425732687344,-3.048574450893913,1.1188313480664602,1.8905075524406592,-1.20006403203934,-2.441113264039196,-2.020553012801175,0.8890291015226128,-1.0782085617303232,-1.0237952097450551,0.974035079163907
0.9834409952666769,-0.5257606694476022,0.09204120318228312,0.6013452108409203,-0.7430988326096419,0.8557073836493703,-1.7803935459375635,-1.1372677805010656,0.24194144965238146,0.601418455022975,1.196892859984511,0.4566919264899761,-0.5563517248306936,0.3806068013784398,-1.1437486247636255,0.6381367790961069,0.9805888090675545,-0.19459205953063533,-0.6105199639553017,-0.5087729344940964,-0.42674145994477647,0.10445468276943122,0.7616367588289122,0.34768470043254995,1.6088351993836092,0.5728978008037258,0.3705615748556628,0.8292600711046282,-0.486287455380922,-0.8909031652544575,0.5724009609033356,-0.04612122754452865,0.5662697604244488,0.3003044467110248,0.6892104631427037,0.6886085636770499,0.9637349710152336,-0.041612994559938575,0.3350414947535112,0.17228598752136684,1.0955330760737503,-0.7527619879153694,-0.31178178675457835,0.2717643404456049,-0.8002288712062141,0.6659132798021744,-1.2024676803503398,-0.03610239275914922,0.06414401648484015,-0.4751546984533029,-0.8288298635169195,-0.47217409032407565,0.9558945199260594,-0.3314831570999374,-0.2597681687368417,0.27352917235095014
0.5872965986947536,-0.4680020421160895,-0.030447898283326127,0.35595785529118307,-0.6959807092394468,0.6082330864992064,-1.376163626643129,-0.5869422991305197,0.08769971412621512,0.6012149670888662,0.7500159532591396,0.3148110059472564,-0.24268404034829136,0.40217762195848494,-0.6612536800295141,0.4744622319757192,0.78490582282929,-0.04407970232418053,-0.4106530494933761,-0.31909560486578065,-0.24656716034758666,0.17150408720239654,0.3997585915482623,0.18016878692927174,1.1429300574563839,0.3705615748556628,0.2517466639166186,0.5293641661907504,-0.39688365387265717,-0.7346436086490057,0.39091221750334904,-0.1613444795130878,0.4958380567277949,0.2588896508733778,0.4569856237518605,0.5172044652718512,0.6395853882336751,0.026388238816482595,0.03139276817142735,0.21038009381375875,0.5299300663676875,-0.6049463984909094,-0.2603566514844713,-0.02566097684267727,-0.5329206377315159,0.5830787642889362,-0.7390844207934233,0.12049393839349987,0.24311808827648637,-0.29150912865618006,-0.5494904680813804,-0.38729173247066856,0.4066452841148546,-0.23177718909020043,-0.20271734338176223,0.20119657922200826
1.4519174786578157,-0.6865901702871345,0.18558680984844622,0.889641537383844,-0.9503272131620583,1.206767496999249,-2.4464175097448373,-1.7326811370454156,0.390235313027924,0.7470651426626378,1.7465395763718774,0.6497575695009932,-0.8734917308279089,0.46015248701413114,-1.7012611632858332,0.8877888200645053,1.3317307716678204,-0.32925862522865534,-0.8745489906702945,-0.7422525289213268,-0.6348418245904618,0.0907153658685658,1.156503254025381,0.5292896698035392,2.2692338109524,0.8292600711046282,0.5293641661907504,1.204423637238255,-0.6559791948830929,-1.1974036876164864,0.8165123834813462,0.00976476206713986,0.7442756586799574,0.39706903810126737,0.9911091620078981,0.9549712086951362,1.3855506911214446,-0.09125081421964976,0.5928000742444252,0.19180863956020755,1.6897375728950317,-1.0209223345062626,-0.41714853908837324,0.5105901111604974,-1.149405436886041,0.875247311146591,-1.7630681460999835,-0.13595843804104932,-0.024476117074582252,-0.6969899292018403,-1.1919278244042735,-0.6358197117799328,1.5067940634561516,-0.46971065119499833,-0.35582217883111644,0.3818052545184442
-0.5014867884876174,1.3197467161274932,0.5362465102021728,-0.2850906378825308,2.100972276253834,-1.1001249417764247,3.044540339550698,-0.04970960461809617,0.26433434483387586,-1.959381161612241,-0.8510035029173428,-0.5202009919474093,-0.3277988723574886,-1.3881503259018517,0.43454973056408713,-0.9629542046893996,-1.8608859904239352,-0.39324089133908136,0.6258044989164235,0.36365576082139967,0.1610971459738869,-0.798342956990861,-0.012311364202066244,0.010218828441308657,-2.0641158120620555,-0.486287455380922,-0.39688365387265717,-0.6559791948830929,0.9749900821118515,1.8376613985792298,-0.6270093843829209,0.9370797346299884,-1.3652877932349017,-0.6962960778331524,-0.6614239996183661,-1.0747292967034439,-0.9288014799179635,-0.3286261546352317,0.9809175053312137,-0.8217902735663735,0.2900844886859703,1.4449402278503223,0.6653677735536911,1.1447248697777335,0.7838300135633409,-1.6054664110068866,0.7564781877679086,-0.9514962340080357,-1.4311128059118126,0.29523645787197234,0.7949304758336041,0.9598476845611386,0.6336807390607969,0.3999494000040988,0.45737863741452645,-0.3979036119951256
-0.8882614390438748,2.497746064721623,1.038632507022042,-0.501686839247552,3.9835799550324458,-2.04967702928156,5.718015099527463,-0.1839240373939172,0.5272408714431063,-3.72222622518585,-1.5439925957080542,-0.9651600451382614,-0.6737302383313132,-2.6405934509243583,0.7470584758825749,-1.8027195312877111,-3.503325954233257,-0.771520307258175,1.1563470114794137,0.6599973427349098,0.27673989916571917,-1.52752506926378,0.03545826894835065,0.04665274680453531,-3.845462099870288,-0.8909031652544575,-0.7346436086490057,-1.1974036876164864,1.8376613985792298,3.4656170862124873,-1.1616238904365346,1.7989190212818373,-2.5822001312127814,-1.3160272492007044,-1.2187513162817343,-2.013802928961107,-1.711744051093632,-0.635352920926372,1.9128379213727993,-1.5673596970012862,0.6430524581549799,2.7209336033796006,1.255643962911856,2.223012470636495,1.4455830064121715,-3.0364536641500917,1.3617372016125517,-1.8330333157712349,-2.747805851077907,0.5310004077952042,1.4647143290684292,1.8096309600841618,1.293127023065396,0.743575004047462,0.8596108189689408,-0.7441398512347154
0.898919621523988,-0.7445867929529996,-0.06227506519001226,0.5442516902532224,-1.1115473185147258,0.9488025170905887,-2.163781512496819,-0.8814568127011333,0.12381494714891514,0.9646351996755798,1.1544462251236782,0.48957251525284734,-0.35502108260992604,0.6476626875271463,-1.0081232865260623,0.7433471257931226,1.2379509070927177,-0.05423515082564683,-0.6369987265991787,-0.49120976062149857,-0.3758779970563337,0.28252693142257146,0.6017666402229966,0.27072799286355126,1.78279715879438,0.5724009609033356,0.39091221750334904,0.8165123834813462,-0.6270093843829209,-1.1616238904365346,0.6073384702852206,-0.2715038983302302,0.7878614769995925,0.41085401859477055,0.7077949605478867,0.8110807717034507,0.9907058114508397,0.04979122012607849,0.017099026815461767,0.3417313336210406,0.7883067920461149,-0.9544478696489535,-0.4121114624194678,-0.07376272623929095,-0.8257891320685541,0.9264811689919208,-1.135098113548947,0.2104925047998756,0.4096962506137558,-0.4476084322538779,-0.851057322166485,-0.6121140515769797,0.5922866753639142,-0.36096472435595184,-0.31901118839800635,0.314897077697894
0.45311319841006975,1.4373632767113549,0.9738177758382135,0.31148877455176754,2.407932840266454,-0.665864502513876,2.592203383170422,-1.5295929218802884,0.7306882368600239,-2.3624598452618497,0.16707905350468671,-0.2484666812052141,-1.2329731719333787,-1.7317070612064462,-0.7644380590559897,-0.7242248137795183,-1.7216471870965853,-0.8761900940233084,0.2209724626308238,-0.06796589267093535,-0.28687248778843116,-1.1418531521498623,0.9515478538032627,0.45967453397914987,-1.2451131532524293,-0.04612122754452865,-0.1613444795130878,0.00976476206713986,0.9370797346299884,1.7989190212818373,-0.2715038983302302,1.437817496224983,-1.4584421030354204,-0.7291312426123244,-0.17751700834725206,-0.8383831110291524,-0.25448862960794855,-0.5779186628116263,1.9938749666843023,-1.0928054060036299,1.860283376294117,1.3478493588906237,0.6650987229343339,2.1748059825490764,0.23144837251111844,-1.7149747840400889,-0.3251566311407182,-1.5656898335467309,-2.2038649614215218,-0.13437214820199345,0.21270633241577808,0.9308930479740514,2.230985974631943,0.21607215536695068,0.3992424908354931,-0.28670549126379785
0.4476650542981855,-1.894043990121388,-0.8757119107789789,0.23982041535254625,-3.0478182774393354,1.433937675837959,-4.172382497075582,0.47301789910529995,-0.4999080512187684,2.874215106837026,0.923513951868269,0.6599720819485494,0.7089142506609963,2.052064256432742,-0.286691806872598,1.2936356155195008,2.5876083409350126,0.6862997757424683,-0.7727330809472842,-0.3955756800808014,-0.10533624724284223,1.2198953669192303,-0.24503068897667107,-0.1367772129734981,2.6892855364957966,0.5662697604244488,0.4958380567277949,0.7442756586799574,-1.3652877932349017,-2.5822001312127814,0.7878614769995925,-1.4584421030354204,1.951638059861763,0.9913397119494193,0.8014608849963512,1.4519872934105813,1.126866701250138,0.5315243303693789,-1.6597388469532963,1.2332410397173397,-0.8367495045912368,-2.0122271683493356,-0.9386906214072391,-1.895515502115216,-0.9555216145569192,2.2949571939178917,-0.772847068272117,1.5096691905611437,2.2295238909905137,-0.299590958773449,-0.9630589149763917,-1.3463617417206553,-1.3289071955092744,-0.5142279256994182,-0.6294864526974464,0.5311276652510438
0.2538523153931978,-0.9613469219811287,-0.4340903168721435,0.13830176507414216,-1.5437693295020036,0.7420013388209347,-2.137035395633197,0.20076132637009522,-0.24193309528231752,1.4527565895653471,0.4978978839037919,0.3434556510811262,0.3364718598366491,1.0356927128643334,-0.1785028722398053,0.6652519071271311,1.3215059271837977,0.33640257380898303,-0.40448726374946115,-0.21314742044970322,-0.06578717114752296,0.6119147225542285,-0.09864965599072717,-0.057468024635104115,1.3917139345798515,0.3003044467110248,0.2588896508733778,0.39706903810126737,-0.6962960778331524,-1.3160272492007044,0.41085401859477055,-0.7291312426123244,0.9913397119494193,0.5039462747016284,0.4212605935713537,0.7458273588833729,0.592134606054943,0.2639183841815156,-0.8177540011689742,0.620676393499229,-0.3835419290687285,-1.0273523189605553,-0.4780323676579394,-0.9373582313481935,-0.501571970478092,1.1657304804773059,-0.42289423355859296,0.7521425069364086,1.1144274355795842,-0.16421290403665276,-0.5062193863256625,-0.686415271181674,-0.6334367254287308,-0.2668540116629776,-0.3221400629610001,0.2734897261597465
1.1378104659552213,-0.7512112563358283,0.027232296116590234,0.6928081615020397,-1.0937743232713255,1.0802362061623905,-2.3502405475093577,-1.2302126340295867,0.22722762106132535,0.9204306610848286,1.4174757270650145,0.5674261258724123,-0.5605762985786671,0.6026284254697674,-1.3030747911386162,0.8249496286581939,1.319455919484822,-0.15820864067860832,-0.7490916976155269,-0.602797571686543,-0.4860460285394688,0.22210966514901404,0.8300802473004117,0.3767761383293287,2.030398522012069,0.6892104631427037,0.4569856237518605,0.9911091620078981,-0.6614239996183661,-1.2187513162817343,0.7077949605478867,-0.17751700834725206,0.8014608849963512,0.4212605935713537,0.8395218925832009,0.8950368584303658,1.1744503755190436,-5.994921272051816e-4,0.2311029592128347,0.29907410768710085,1.1521518130155526,-1.015127153781183,-0.42954113324733684,0.14001631808988604,-0.9769081163596005,0.9424809431816977,-1.410693097382947,0.09004471249269079,0.26426102475774405,-0.556934079252074,-1.0095250290636455,-0.6440152015873613,0.9535755232935564,-0.41489797589406713,-0.3447005687684067,0.35158532875865944
0.8914707994702186,-1.393568875542003,-0.4250682486286314,0.5263145262931617,-2.1751321393652887,1.354456501377479,-3.4769456694783543,-0.48190294592581673,-0.1187443641167659,1.9862373581172537,1.2948128036505182,0.6645096519345643,0.02887165001191273,1.3861738040301745,-0.907143410067574,1.1343663109451878,2.0754747165606777,0.25301219495422245,-0.8276355518757307,-0.5520645350971816,-0.3375584089936531,0.7443535157576944,0.36249663316209535,0.15166795152789747,2.542835375811881,0.6886085636770499,0.5172044652718512,0.9549712086951362,-1.0747292967034439,-2.013802928961107,0.8110807717034507,-0.8383831110291524,1.4519872934105813,0.7458273588833729,0.8950368584303658,1.2551383893676435,1.2549645397856755,0.2673249443054876,-0.7005671406617909,0.7961261615212193,0.2530339121628196,-1.6075713236717568,-0.724160268888005,-0.8726226330083527,-1.053042104222806,1.7074302023599182,-1.2149665921269055,0.8129783948522062,1.2774764697530532,-0.47687993274801516,-1.0759304735879636,-1.05500780608004,-0.11105513679882255,-0.5018292640820732,-0.5187829409703347,0.47327940644715416
