V1,V2,V3,V4,V5,V6,V7,V8,V9,V10,V11,V12,V13,V14,V15,V16,V17,V18,V19,V20,V21,V22,V23,V24,V25,V26,V27,V28,V29,V30,V31,V32,V33,V34,V35,V36,V37,V38,V39,V40,V41,V42,V43,V44,V45,V46,V47,V48,V49,V50,V51,V52,V53,V54,V55,V56
89.28301254377534,-54.79794852750182,4.559771576895485,54.39769371462247,-78.8955210903253,81.9318657915822,-175.7654356988446,-99.065704403637,19.32880878780883,65.62797362124817,110.25008808909068,43.39683115827152,-46.539790771992116,42.5174231190191,-102.84794014955808,62.1114981127415,98.01960654829406,-14.46652533555884,-57.56903546985191,-46.90161234096151,-38.35710435210663,14.41187520115771,66.69822650015438,30.2657918176154,154.3168355170354,53.25539606960528,34.994005427965675,76.79078759157063,-49.04981735621528,-90.0751084007267,54.17918382266243,-10.184244739181661,58.48758141253925,30.80605993882949,64.58495764197146,67.359061358862,90.43747074767411,-1.3447963122906308,22.666227502868338,20.47088986300091,93.85833924854825,-75.41830358204514,-31.677919579440328,16.185158921639225,-75.11368416770718,68.91864319571451,-110.09000208401947,3.0998745925682267,15.053879777906959,-43.467987463718906,-77.65402587146818,-47.59996220180139,79.37421991872759,-31.642710407953164,-25.782188355463095,26.49531789681969
-54.79794852750182,34.850533283936024,-3.2924843248540236,-32.869632797559596,49.0934906519102,-48.999955008141015,108.18424826502293,60.53146941246449,-11.11588764987575,-41.45450358835121,-67.67227074043626,-27.014955522054045,29.19023456096922,-26.90863846832194,63.04888938436781,-37.84146085549857,-60.317902658615886,9.353740869129712,35.976606866224365,29.01916016248119,23.42385511909246,-8.967073857079189,-41.255937956158725,-17.982117331330546,-95.19512791758858,-32.33233166367094,-21.28796011905822,-46.81658670352354,31.106430054732826,55.9131308102792,-33.27010396262999,5.9565530385167715,-35.657403543352785,-18.511701474302008,-39.34074869773029,-41.99801322105563,-56.05929461394803,-0.3694187711737146,-12.460848464486274,-12.440429292838902,-57.59569634844638,47.022411392922436,19.74159627052033,-9.742743355982766,45.95269888668635,-43.35524905786034,67.34652907709825,-1.6913403291707059,-9.274476974326104,26.497999148951145,47.193453389302235,29.104549173084678,-48.6141981171545,19.65982481762642,16.350290614100068,-15.854740494917479
4.559771576895485,-3.2924843248540236,0.7989009933708,2.4143829548530626,-3.8873818661445805,3.0199960679323667,-8.42317790482517,-5.093054878238614,0.5908385239315656,3.5969618993636097,5.547453061730357,2.385122543863569,-3.048132123034102,2.3230692567356126,-5.252817803888479,2.740148705003414,4.626327093377683,-1.2582975025662233,-3.2882480864988897,-2.5249662744045485,-1.8946262831192973,0.5535387308624071,3.7720772471850226,1.18720300231177,7.77699365709702,2.395564185429516,1.5755156304509157,3.6116474609257243,-2.9612633637432704,-4.550931220153591,2.6580209799574344,0.0220526616087922,2.4248604390193007,1.0923124611077473,2.971629506983817,3.6491744969441857,4.857349640649253,0.6628062456917458,0.5328103566315369,0.6907501033807567,5.09342372794637,-3.994526022067044,-1.6492331594593646,1.1542945647178882,-3.5931673969458204,3.8197309084459254,-5.411142877621499,-0.34477937265953523,0.2874240255103264,-2.0709520634994787,-3.49546716179235,-2.0913337078414016,4.3864503550626095,-1.70401726880645,-1.5770697342063684,0.9672389376669043
54.39769371462247,-32.869632797559596,2.4143829548530626,33.42762390634368,-47.95819580557748,50.73580435322092,-107.24400361986558,-60.4125946074582,12.133120569005929,39.583637203498974,67.2059495089209,26.272939268836563,-27.91375129438059,25.634258590477312,-62.6812603003723,38.09575977608676,59.840459125571066,-8.474719581894762,-34.76530272856654,-28.462033744338747,-23.426981343608137,8.826687047776222,40.40231248288349,18.741808982035604,93.94240034393448,32.673389311419875,21.45822363144824,46.99691377908964,-29.438187810080272,-54.74126618073683,33.0513927121731,-6.50791282643427,35.932496068526305,19.072285039396206,39.56325814341642,40.785409196599524,54.860243815172005,-1.4307855747861133,14.44138642576246,12.653105616315658,57.06168597106761,-45.703776525916375,-19.211270492719606,9.771697304917947,-45.90476851042001,41.5956900266201,-67.22014702671335,2.1541801199976325,9.365706156621751,-26.592519960976663,-47.629148265286815,-29.172349715030684,48.246430135135576,-19.181253847060773,-15.46511776634778,16.408712928458055
-78.8955210903253,49.0934906519102,-3.8873818661445805,-47.95819580557748,70.55468033288112,-72.418583881746,156.25281845871677,87.2286210288813,-16.773986592285283,-58.90150072091463,-97.52299580688161,-38.54048159136837,40.99772436181688,-38.22048769312482,90.80661339239472,-55.0915594352069,-87.20468428368363,12.674997421181532,51.12681274433482,41.533543299639724,33.84810585478613,-13.064595230072886,-58.84700887942949,-26.55083529232545,-136.96794982766008,-47.06948902027453,-30.970567817409382,-67.89041190928087,43.838475225859376,80.28648623467915,-48.016598090332174,9.31607168461526,-52.07712559144107,-27.36679658965061,-57.13924192911243,-59.948078294213126,-80.2037882105575,0.8097100252971449,-19.271377547376204,-18.365815864154175,-82.58848904745763,67.22340683750951,28.25891052518207,-13.738360600691985,66.4994977948297,-61.62733252802325,97.29683048576221,-3.0953014406588575,-13.882720494505783,38.39689252749384,68.68018800549657,42.335153655485094,-69.65975235612056,28.10302038480707,23.01941100973782,-23.438614892994476
81.9318657915822,-48.999955008141015,3.0199960679323667,50.73580435322092,-72.418583881746,77.67393237266079,-162.16066605837068,-90.94287132298882,18.69039313128491,59.38995378426124,101.31678368332794,39.39662684699699,-41.31316174226841,38.47090103095898,-94.40505557897305,57.85271325946394,90.56214534175875,-12.199412424172982,-51.996375106341134,-42.73201930768155,-35.35250146420496,13.504188976761075,60.45418978855373,28.607710065076112,141.62850760876242,49.56183870287007,32.54992721577751,71.12112762527757,-43.865483755163595,-82.52935162187842,49.903888800883095,-10.39949255142099,54.7422822481675,29.250780968356434,59.94415773670749,61.220346780645386,82.38213372695189,-2.9298710188821246,22.39610506974,19.451261910409567,85.60688575802246,-68.70567112642975,-28.91177360132861,14.342213771662488,-69.40722070771321,62.35434153009592,-101.47318594735927,3.8013608866429394,14.648387979161491,-40.212979480699445,-72.24743053711339,-44.31554275031435,72.28928961224447,-28.800663140936237,-23.021159785984672,25.131749111354917
-175.7654356988446,108.18424826502293,-8.42317790482517,-107.24400361986558,156.25281845871677,-162.16066605837068,347.3515881596342,194.68983355093116,-38.035731814927885,-129.9222537119282,-217.2016474162202,-85.50090784782513,91.00406932291156,-84.23656289372943,202.39439383011197,-122.79443802718735,-193.82664182567768,27.99308772434637,113.33274818811024,92.3256888156232,75.51175232444093,-28.8321108934524,-130.9471329639674,-59.65074882231163,-304.4702717620465,-105.08642925380867,-69.09210943690738,-151.4322625031505,96.72111031489892,178.04762926501346,-106.8782461959951,20.758762378793957,-115.94188940080188,-61.14010912961667,-127.44998010493444,-132.8762383192869,-178.1507654481917,2.8038132807277063,-44.32322575247865,-40.83297255853692,-184.20609258729394,148.94299473599904,62.60423241810462,-31.063499811313495,148.17226203404587,-136.17959938337418,216.89562390015905,-6.822940966549425,-30.56303254396291,85.66722752997605,153.27519916870196,94.22574328464374,-155.53934960589908,62.36965951175012,50.80144109613238,-52.46632938858489
-99.065704403637,60.53146941246449,-5.093054878238614,-60.4125946074582,87.2286210288813,-90.94287132298882,194.68983355093116,110.03667750439193,-21.57612976167007,-72.46702494661155,-122.29538242519521,-48.07315606548159,51.663656741074774,-46.92542122076767,114.14548323692493,-68.85430989565582,-108.55053193713663,16.074295000649744,63.76812364263532,52.002579676644416,42.57965074646126,-15.873012824337334,-74.02793492216526,-33.667741368522485,-171.00054955002764,-59.09818088359098,-38.81764203537798,-85.20288167872242,54.221153731896514,99.68543434166546,-60.066238682627784,11.199620531044427,-64.76697412730513,-34.14369647508971,-71.64719107149757,-74.5714518024208,-100.22949066487779,1.6608052355298804,-25.45780870418941,-22.621924254488835,-104.26395909624333,83.45803197625774,35.04713082693578,-18.15988004782419,83.30527545892753,-76.18503632236612,122.15423926544972,-3.3227786789994136,-16.50117696390591,48.2412297901606,86.15615608030355,52.72428537664784,-88.24065686131948,35.05318297558065,28.508571931891744,-29.402200738133196
19.32880878780883,-11.11588764987575,0.5908385239315656,12.133120569005929,-16.773986592285283,18.69039313128491,-38.035731814927885,-21.57612976167007,4.666756610776982,13.545838052407305,23.886258034058475,9.158101051566677,-9.58473151656757,8.751005546503878,-22.303460518529423,13.69937501292813,21.236492660855525,-2.7571502666623253,-12.046129932170718,-10.001773418422696,-8.380511442649976,3.104476720117967,14.18315822854012,6.946501559149459,33.18844728210651,11.792204574635067,7.726626132676395,16.863739258127914,-9.991352071531805,-19.192000080589324,11.748153561887907,-2.4930831104965288,12.92754989808867,6.993699764533468,14.217632559795923,14.194543688526544,19.235886097562148,-1.087164598822028,5.806340698722527,4.585297432683558,20.248091429325523,-15.916389745130807,-6.697356657237124,3.5177589136963805,-16.399149589145996,14.304950405471427,-24.000321349773397,0.9071341883972855,3.3638849049411257,-9.5405286197286,-17.16952942200156,-10.447711289769027,17.15090752611094,-6.705998577042057,-5.246673717193254,6.041934252993833
65.62797362124817,-41.45450358835121,3.5969618993636097,39.583637203498974,-58.90150072091463,59.38995378426124,-129.9222537119282,-72.46702494661155,13.545838052407305,49.51982328248118,81.09937939733766,32.256255033362045,-34.549574779896055,32.14990485448994,-75.50768193528165,45.58677380573529,72.48249358641509,-10.885129337818688,-42.88183061189528,-34.67790908681279,-28.091135690550374,10.857481900940499,49.185842452784954,21.74876966148216,114.08614055298467,38.919010975335254,25.624565615904167,56.25788912551554,-36.98919447789538,-67.00943490311084,39.914726879347576,-7.469628084110808,43.05427654441746,22.46505498941469,47.31547324949005,50.181481089629514,67.00068057226049,0.007997394477048706,15.28456764519892,15.12043129626846,68.78877103105638,-56.242567627196266,-23.63039435223518,11.45665769504312,-55.18469473352939,51.75887880639975,-80.78492957040167,2.3386461263498775,11.41254045415919,-31.82488512357268,-56.80698811263644,-35.06874950173908,58.009367831400375,-23.495302869541757,-19.429413932371947,19.222605239606526
110.25008808909068,-67.67227074043626,5.547453061730357,67.2059495089209,-97.52299580688161,101.31678368332794,-217.2016474162202,-122.29538242519521,23.886258034058475,81.09937939733766,136.16102289551037,53.58638938815479,-57.37455011456504,52.547517426859294,-126.99310335876585,76.77073776930945,121.14272145916634,-17.789663512631183,-71.07106191165596,-57.908760903633834,-47.36811501420097,17.851046460962213,82.30787257650198,37.398097493414035,190.62858862544877,65.802430211181,43.24251980096234,94.86543194371038,-60.561572783853094,-111.30219196028612,66.92971043019166,-12.673290629515074,72.33020365409647,38.11352203384038,79.7986278041599,83.19389983281307,111.67485621151468,-1.71274690710902,27.990919562542395,25.348790073339,115.82879814829604,-93.16898281572684,-39.13947782197444,19.890546284377866,-92.79521846049178,85.13822341970456,-135.97067057794862,3.9243684543945316,18.705022669311504,-53.69279303320215,-95.9536144387491,-58.846635687571386,97.92648485256592,-39.076802407327364,-31.82832841734058,32.767141498961664
43.39683115827152,-27.014955522054045,2.385122543863569,26.272939268836563,-38.54048159136837,39.39662684699699,-85.50090784782513,-48.07315606548159,9.158101051566677,32.256255033362045,53.58638938815479,21.212524742148045,-22.833238148694356,20.912498474524877,-49.968148949354315,30.08974560265436,47.67466768107459,-7.192881107502555,-28.186129607233298,-22.871073994252626,-18.6063452953392,7.033638757641518,32.52846964812241,14.521043173082804,75.14547188766784,25.767723214546027,16.944522426338743,37.21949903728306,-24.15561897334522,-43.96577384954054,26.335016365627073,-4.841368361116354,28.33491377651679,14.837224225129498,31.290675219189126,32.942816477890894,44.13097026473093,-0.27101277760913545,10.563166205032223,9.899204135096905,45.62973157360325,-36.880465556524996,-15.487018650195637,7.823709479758502,-36.45594009267508,33.82277589295456,-53.43617243913956,1.4240005113227505,7.308032356380345,-21.068588339039966,-37.58741971618704,-23.090135128323006,38.563782776361165,-15.454407280189217,-12.697729709606612,12.742462156820833
-46.539790771992116,29.19023456096922,-3.048132123034102,-27.91375129438059,40.99772436181688,-41.31316174226841,91.00406932291156,51.663656741074774,-9.58473151656757,-34.549574779896055,-57.37455011456504,-22.833238148694356,25.057622600462444,-22.377532647582363,53.60714222352335,-31.869032703607907,-50.668727490470836,8.15803624597724,30.43884524874612,24.6079198094346,19.914629376873506,-7.310353321584876,-35.20099190165453,-15.33678664148473,-80.34537040919042,-27.37182253674033,-17.9897358652445,-39.65802701557907,26.139877670063147,46.92872914721005,-28.118065840391708,4.674836917018333,-29.833500641458723,-15.488804987865375,-33.277387761669935,-35.383970026090985,-47.442263015706104,-0.1951186132925185,-11.027551527443235,-10.259537794477746,-49.266537841141904,39.513355592687084,16.563679220919408,-8.800853472445933,38.8689641641187,-36.32119768617819,57.13319840361377,-1.030888679784596,-7.299459762295306,22.478872767271664,39.917248929722895,24.418775736486957,-41.749178091465616,16.606803709648318,13.763395009189017,-13.349711376301705
42.5174231190191,-26.90863846832194,2.3230692567356126,25.634258590477312,-38.22048769312482,38.47090103095898,-84.23656289372943,-46.92542122076767,8.751005546503878,32.14990485448994,52.547517426859294,20.912498474524877,-22.377532647582363,20.87712324170207,-48.91248287764309,29.546366423269873,46.999328629813604,-7.046947331978954,-27.80197039346903,-22.473523938407826,-18.195213555406028,7.057275234521489,31.860641277543113,14.073788723035923,73.95518827496845,25.212781168036727,16.603333243095925,36.44769293980409,-24.002638568108207,-43.462958033608444,25.868699272478757,-4.859476099279167,27.918745262912346,14.562041495654716,30.65675975690412,32.54282402200487,43.42926836301697,0.03715541820970691,9.84293339192512,9.814191733280422,44.54110298741467,-36.48046054229311,-15.328856739658333,7.3826438043902,-35.759501030950865,33.5874184468908,-52.336845531711475,1.5384448126021282,7.43363016735198,-20.616049351481472,-36.804515819061315,-22.73764117223608,37.548253827780776,-15.232483497191156,-12.606326482964688,12.453185435450322
-102.84794014955808,63.04888938436781,-5.252817803888479,-62.6812603003723,90.80661339239472,-94.40505557897305,202.39439383011197,114.14548323692493,-22.303460518529423,-75.50768193528165,-126.99310335876585,-49.968148949354315,53.60714222352335,-48.91248287764309,118.48092968625268,-71.53876921489653,-112.86520596257799,16.662651442059435,66.28348069728581,54.016120434580976,44.19062545209808,-16.57469238812603,-76.83194263798248,-34.89066675922381,-177.70790984736178,-61.35313444451888,-40.31109164692712,-88.46174353102349,56.44484838048089,103.69644761051632,-62.3999811520489,11.714273717916459,-67.34957689838924,-35.483966672429176,-74.39859207354344,-77.54810698920251,-104.14514132187607,1.6016867883509898,-26.195762041649946,-23.563227373276113,-108.14442733444612,86.81885821954386,36.46498160039237,-18.68971240155645,86.51970874164778,-79.31418557846789,126.81963456148917,-3.5489410654531133,-17.297529283455212,50.07690581716046,89.45730616945443,54.81404168341225,-91.47117198103,36.43486760420945,29.670996702795403,-30.527287092080766
62.1114981127415,-37.84146085549857,2.740148705003414,38.09575977608676,-55.0915594352069,57.85271325946394,-122.79443802718735,-68.85430989565582,13.69937501292813,45.58677380573529,76.77073776930945,30.08974560265436,-31.869032703607907,29.546366423269873,-71.53876921489653,43.55070020732666,68.53931339932971,-9.670164618068757,-39.82524739426303,-32.5438970444563,-26.725318021683098,10.199826066262315,46.12088654017663,21.29393400845026,107.50372301154621,37.28689628723947,24.50516456577892,53.65232446616561,-33.848788505416785,-62.78306280954251,37.78783818113226,-7.520701653198218,41.14797489078228,21.800856864907157,45.17752497970007,46.758531913725236,62.77502825079803,-1.4250889825596011,16.13328357624379,14.534598811160604,65.03191033145272,-52.432404385833536,-22.04692503578697,10.95061582790681,-52.44753962364672,47.81368751309154,-76.74288013380705,2.56849822276392,10.896033138596975,-30.346811499302042,-54.373545641692296,-33.39601100473906,54.9159097041899,-21.96574333332598,-17.77411449612819,18.71782217530021
98.01960654829406,-60.317902658615886,4.626327093377683,59.840459125571066,-87.20468428368363,90.56214534175875,-193.82664182567768,-108.55053193713663,21.236492660855525,72.48249358641509,121.14272145916634,47.67466768107459,-50.668727490470836,46.999328629813604,-112.86520596257799,68.53931339932971,108.16964189367093,-15.547093059959344,-63.17981613253328,-51.47860330908315,-42.11510828084189,16.119091635933426,72.97980242819517,33.29328771981202,169.8431792191853,58.64022619369579,38.557050578263066,84.48591113531945,-53.91865082448918,-99.33988029634727,59.623704958365124,-11.655655492952853,64.7436795985934,34.158022489634554,71.11556609906988,74.10439636913044,99.34112576622465,-1.621160554972574,24.740511565444777,22.827399838140146,102.67234029483858,-83.08107202083202,-34.92544988247723,17.252762654090343,-82.66602704721328,75.95489853444728,-120.9810247376347,3.882167237454556,17.132630773274105,-47.789882593186675,-85.53295601272023,-52.60123676051354,86.67415271025193,-34.7807760654665,-28.316340922884994,29.303172524146543
-14.46652533555884,9.353740869129712,-1.2582975025662233,-8.474719581894762,12.674997421181532,-12.199412424172982,27.99308772434637,16.074295000649744,-2.7571502666623253,-10.885129337818688,-17.789663512631183,-7.192881107502555,8.15803624597724,-7.046947331978954,16.662651442059435,-9.670164618068757,-15.547093059959344,2.8213617010253853,9.656711884938131,7.7217595775977905,6.1542864423606956,-2.1753702233975107,-11.142764271515205,-4.567263847067446,-24.92408983954838,-8.329451573205379,-5.47568030799888,-12.156584786671752,8.382794324787353,14.568045971947992,-8.681723520211246,1.1574833551232693,-8.9676749563184,-4.550740137800613,-10.164424435372506,-11.119040639571185,-14.882006579896021,-0.46867608558701007,-3.0744145776696388,-2.996446295638677,-15.4757139285282,12.36780283095775,5.16905075004131,-2.9101694908178097,11.94942569198026,-11.463970607854849,17.642957496440463,-0.0467828441501324,-2.0098426897759407,6.90497308314411,12.149020274697694,7.40600908894702,-13.15560805447563,5.2122796695675575,4.4246113719485045,-3.9369437387392883
-57.56903546985191,35.976606866224365,-3.2882480864988897,-34.76530272856654,51.12681274433482,-51.996375106341134,113.33274818811024,63.76812364263532,-12.046129932170718,-42.88183061189528,-71.07106191165596,-28.186129607233298,30.43884524874612,-27.80197039346903,66.28348069728581,-39.82524739426303,-63.17981613253328,9.656711884938131,37.480684684205066,30.37327559472777,24.666116195102184,-9.301621936770447,-43.231658877718445,-19.17349778328068,-99.68558553673685,-34.10884042216288,-22.431489178989146,-49.30459429150368,32.168018152907614,58.33935524130413,-34.91581677962233,6.3104695183518045,-37.474823913110264,-19.57804125891884,-41.43709476404593,-43.76552277831157,-58.60883660959059,0.17713580003829044,-13.840120281059393,-13.061465751599023,-60.5862913319766,48.97990106190992,20.562206595883872,-10.431888887233375,48.310604474225634,-44.96538196209254,70.83912784286414,-1.787602361196171,-9.606879821931715,27.91432804426582,49.756970278315414,30.563518304136537,-51.21525480698829,20.527051331839324,16.913351227290587,-16.816362261427738
-46.90161234096151,29.01916016248119,-2.5249662744045485,-28.462033744338747,41.533543299639724,-42.73201930768155,92.3256888156232,52.002579676644416,-10.001773418422696,-34.67790908681279,-57.908760903633834,-22.871073994252626,24.6079198094346,-22.473523938407826,54.016120434580976,-32.5438970444563,-51.47860330908315,7.7217595775977905,30.37327559472777,24.686089038056643,20.12536090409439,-7.571768374983382,-35.121302628011776,-15.774153036734518,-81.12824843649933,-27.890746415629856,-18.333568599482604,-40.26158094497226,25.963045777614905,47.40884963471447,-28.453232385907715,5.25304207935943,-30.633758388982105,-16.076347663651738,-33.85049000908812,-35.50469429026204,-47.615203385001166,0.45407958016715627,-11.62580440427215,-10.70071975288239,-49.332306962641255,39.74383830032081,16.689473177811315,-8.504682028415388,39.41226645449365,-36.39370352521175,57.777681294233844,-1.547841484750246,-7.8670897252745515,22.792457618955428,40.67637500264448,24.95548996775192,-41.71275962708394,16.66726383574996,13.648941524964886,-13.819258630565844
-38.35710435210663,23.42385511909246,-1.8946262831192973,-23.426981343608137,33.84810585478613,-35.35250146420496,75.51175232444093,42.57965074646126,-8.380511442649976,-28.091135690550374,-47.36811501420097,-18.6063452953392,19.914629376873506,-18.195213555406028,44.19062545209808,-26.725318021683098,-42.11510828084189,6.1542864423606956,24.666116195102184,20.12536090409439,16.490872009770385,-6.190153983535299,-28.612810466242454,-13.065392917841468,-66.26318855874631,-22.921574027716133,-15.0583146012407,-33.028950762990306,20.9730853073713,38.65012911581721,-23.279594124902648,4.422797144671274,-25.171132799748403,-13.287429381482749,-27.78469911842459,-28.87728678982176,-38.79885347775951,0.7046314715574119,-9.879919330420126,-8.820234069896156,-40.31004815413513,32.33648100892007,13.58429050902498,-6.95363757764793,32.292410888068275,-29.511745409496477,47.32299863360064,-1.3709837643867309,-6.486223076849534,18.695310490204143,33.41904992250072,20.473483835942034,-34.09323738885188,13.571353694578354,11.023236523697388,-11.43208647680783
14.41187520115771,-8.967073857079189,0.5535387308624071,8.826687047776222,-13.064595230072886,13.504188976761075,-28.8321108934524,-15.873012824337334,3.104476720117967,10.857481900940499,17.851046460962213,7.033638757641518,-7.310353321584876,7.057275234521489,-16.57469238812603,10.199826066262315,16.119091635933426,-2.1753702233975107,-9.301621936770447,-7.571768374983382,-6.190153983535299,2.485457343567202,10.64850800298275,4.900766774933755,25.14766139983887,8.675721484943372,5.715071470383443,12.479837410660203,-7.98593552955082,-14.795529595137946,8.820741315552999,-1.8826206565696306,9.711720175206718,5.1362898160890404,10.5257149738575,10.974598224978498,14.644293403494487,-0.25424513433909773,3.5369248199261882,3.4850657947777552,14.956544678972808,-12.34533372441676,-5.200245512052418,2.3366717116413604,-12.22560766622183,11.311527243267422,-17.82522052370623,0.7438709019053334,2.74763209904218,-7.046442972531669,-12.666177324053098,-7.859443441736986,12.565026803559403,-5.137222711497114,-4.184555012554301,4.37617952459461
66.69822650015438,-41.255937956158725,3.7720772471850226,40.40231248288349,-58.84700887942949,60.45418978855373,-130.9471329639674,-74.02793492216526,14.18315822854012,49.185842452784954,82.30787257650198,32.52846964812241,-35.20099190165453,31.860641277543113,-76.83194263798248,46.12088654017663,72.97980242819517,-11.142764271515205,-43.231658877718445,-35.121302628011776,-28.612810466242454,10.64850800298275,50.06277458574716,22.37804177447769,115.21429472098909,39.57454747323075,26.005258062152965,57.165599769119396,-36.93740459913222,-67.25841070039674,40.40382937992496,-7.257809755663011,43.32964474629061,22.702664062724214,48.03655125700448,50.455434519215146,67.71502504551297,-0.5317130695890678,16.528501600942718,15.063512605073315,70.3099194661252,-56.43330291513401,-23.68516617479485,12.302513645296958,-55.95616432608746,51.67936496501195,-82.10543800725667,1.9908078775926958,10.935070930296712,-32.37616561886994,-57.706889895108525,-35.33984277104715,59.51076066272294,-23.695357182605676,-19.428780160150026,19.5437641489005
30.2657918176154,-17.982117331330546,1.18720300231177,18.741808982035604,-26.55083529232545,28.607710065076112,-59.65074882231163,-33.667741368522485,6.946501559149459,21.74876966148216,37.398097493414035,14.521043173082804,-15.33678664148473,14.073788723035923,-34.89066675922381,21.29393400845026,33.29328771981202,-4.567263847067446,-19.17349778328068,-15.774153036734518,-13.065392917841468,4.900766774933755,22.37804177447769,10.58701233626354,52.172820670075936,18.28341747419884,11.99839959107441,26.24306163217951,-16.122842140758333,-30.32570712831869,18.394940487884924,-3.7318518039239144,20.09305708282806,10.738932915477779,22.105262963973924,22.532426383002488,30.383031278876107,-1.1177626438831614,8.402413405746804,7.097724791762835,31.72387444411252,-25.25789926738301,-10.621566893822463,5.44920451145192,-25.593886090894436,22.889094305731064,-37.46626583858621,1.2881689061354062,5.245550404400354,-14.8475465964727,-26.641882598809406,-16.28445438987103,26.836157888814178,-10.612887842849158,-8.468171492485816,9.25102885391345
154.3168355170354,-95.19512791758858,7.77699365709702,93.94240034393448,-136.96794982766008,141.62850760876242,-304.4702717620465,-171.00054955002764,33.18844728210651,114.08614055298467,190.62858862544877,75.14547188766784,-80.34537040919042,73.95518827496845,-177.70790984736178,107.50372301154621,169.8431792191853,-24.92408983954838,-99.68558553673685,-81.12824843649933,-66.26318855874631,25.14766139983887,115.21429472098909,52.172820670075936,267.15791196425874,92.05494780068526,60.518878969652796,132.75057890808765,-85.13349171211448,-156.18437509702738,93.7452531897145,-17.83254002904138,101.37607773830693,53.35117299905774,111.67898423495329,116.72988498148351,156.51925432274234,-2.053612252090942,38.63180584033829,35.58247711522427,161.97146861672857,-130.77056459928056,-54.94421971607045,27.566834922032207,-129.9173131753445,119.64229793332852,-190.29122088110873,5.61623902055196,26.439134915307353,-75.12059072167756,-134.26253161075866,-82.46987020909728,136.84342714102925,-54.793185354138004,-44.73193169367073,45.814407273421345
53.25539606960528,-32.33233166367094,2.395564185429516,32.673389311419875,-47.06948902027453,49.56183870287007,-105.08642925380867,-59.09818088359098,11.792204574635067,38.919010975335254,65.802430211181,25.767723214546027,-27.37182253674033,25.212781168036727,-61.35313444451888,37.28689628723947,58.64022619369579,-8.329451573205379,-34.10884042216288,-27.890746415629856,-22.921574027716133,8.675721484943372,39.57454747323075,18.28341747419884,92.05494780068526,31.95778618856314,20.99488361183593,45.985623961332095,-28.94168918961665,-53.695830734660355,32.36907094596951,-6.369187514392104,35.18614750192873,18.64851613868014,38.711928163043495,40.01601456434862,53.77644224949049,-1.2710618973241539,13.958987374731992,12.396971721715634,55.837061958564746,-44.848955394568755,-18.852827185699912,9.509137040428369,-44.937192451917156,40.86540910452496,-65.79071844490845,2.1168023225656394,9.214274524922976,-26.01763753440833,-46.59348592518025,-28.570224773099856,47.189628137795694,-18.809221635398174,-15.202579321853344,16.03124734048589
34.994005427965675,-21.28796011905822,1.5755156304509157,21.45822363144824,-30.970567817409382,32.54992721577751,-69.09210943690738,-38.81764203537798,7.726626132676395,25.624565615904167,43.24251980096234,16.944522426338743,-17.9897358652445,16.603333243095925,-40.31109164692712,24.50516456577892,38.557050578263066,-5.47568030799888,-22.431489178989146,-18.333568599482604,-15.0583146012407,5.715071470383443,26.005258062152965,11.99839959107441,60.518878969652796,20.99488361183593,13.794899999872081,30.214001574162754,-19.05028261849611,-35.31852049951873,21.27526262401985,-4.193233555514853,23.1324880754825,12.253975280073789,25.436018221602094,26.319765570236402,35.35502161772471,-0.8042413658072073,9.123428322973137,8.15489113226774,36.67687847719305,-29.502431387398232,-12.40247628218617,6.224247698742779,-29.5308525962728,26.894948036071117,-43.22844346289562,1.4016309798950362,6.077342368336691,-17.093099857087843,-30.612354605231456,-18.78235069537778,30.98844226362726,-12.368227804743931,-10.005894375750588,10.52946428449903
76.79078759157063,-46.81658670352354,3.6116474609257243,46.99691377908964,-67.89041190928087,71.12112762527757,-151.4322625031505,-85.20288167872242,16.863739258127914,56.25788912551554,94.86543194371038,37.21949903728306,-39.65802701557907,36.44769293980409,-88.46174353102349,53.65232446616561,84.48591113531945,-12.156584786671752,-49.30459429150368,-40.26158094497226,-33.028950762990306,12.479837410660203,57.165599769119396,26.24306163217951,132.75057890808765,45.985623961332095,30.214001574162754,66.21878126341693,-41.90349729984245,-77.46184287541236,46.65206900282958,-9.046436576437863,50.59829783219601,26.757968170068793,55.728206975270616,57.79359470650523,77.63390064924896,-1.5882451785911789,19.88729656539874,17.790722405989385,80.57666088558894,-64.75398751791397,-27.213373517105612,13.767435356068479,-64.73360684643993,59.06738372625415,-94.80435866274942,2.929195550711806,13.186143142291009,-37.47052433925886,-67.04976763524058,-41.11569724162248,68.10784144632487,-27.158149972827644,-22.015609862862757,23.003498794955735
-49.04981735621528,31.106430054732826,-2.9612633637432704,-29.438187810080272,43.838475225859376,-43.865483755163595,96.72111031489892,54.221153731896514,-9.991352071531805,-36.98919447789538,-60.561572783853094,-24.15561897334522,26.139877670063147,-24.002638568108207,56.44484838048089,-33.848788505416785,-53.91865082448918,8.382794324787353,32.168018152907614,25.963045777614905,20.9730853073713,-7.98593552955082,-36.93740459913222,-16.122842140758333,-85.13349171211448,-28.94168918961665,-19.05028261849611,-41.90349729984245,27.77759379342107,49.96077510638823,-29.763060982474514,5.295270529608465,-31.870887340765247,-16.554788626967447,-35.20758909295548,-37.53716356333031,-50.14070817879107,-0.27772312097109875,-11.254029426785797,-11.10281800815466,-51.59641615169824,42.01548009372017,17.63678069918308,-8.78999794316341,41.11823864720178,-38.713261472482145,60.281602671434484,-1.4721893221803244,-8.23132493921209,23.721203691281026,42.23850865666407,26.019254184002104,-43.573273287021,17.579024051547755,14.603410781077292,-14.190961915122509
-90.0751084007267,55.9131308102792,-4.550931220153591,-54.74126618073683,80.28648623467915,-82.52935162187842,178.04762926501346,99.68543434166546,-19.192000080589324,-67.00943490311084,-111.30219196028612,-43.96577384954054,46.92872914721005,-43.462958033608444,103.69644761051632,-62.78306280954251,-99.33988029634727,14.568045971947992,58.33935524130413,47.40884963471447,38.65012911581721,-14.795529595137946,-67.25841070039674,-30.32570712831869,-156.18437509702738,-53.695830734660355,-35.31852049951873,-77.46184287541236,49.96077510638823,91.45242114353074,-54.7653067414217,10.474691278584379,-59.26959288995249,-31.14175552656378,-65.17489912791498,-68.34283126303785,-91.5132511998442,0.9451949082258873,-22.148490477298115,-20.842083127861624,-94.43248085285437,76.59529371771278,32.18824727640693,-15.892948144601993,75.85526109552622,-70.18223792294563,111.0530548747081,-3.3656486246519313,-15.617992608758817,43.82327658054716,78.33553149322832,48.21080612651626,-79.7142329936916,32.05427880171333,26.243687476865176,-26.704042980857604
54.17918382266243,-33.27010396262999,2.6580209799574344,33.0513927121731,-48.016598090332174,49.903888800883095,-106.8782461959951,-60.066238682627784,11.748153561887907,39.914726879347576,66.92971043019166,26.335016365627073,-28.118065840391708,25.868699272478757,-62.3999811520489,37.78783818113226,59.623704958365124,-8.681723520211246,-34.91581677962233,-28.453232385907715,-23.279594124902648,8.820741315552999,40.40382937992496,18.394940487884924,93.7452531897145,32.36907094596951,21.27526262401985,46.65206900282958,-29.763060982474514,-54.7653067414217,32.914328968370114,-6.309982475112301,35.63579254359294,18.789910405380567,39.25275832856123,40.902565375115714,54.883020764145655,-0.8773931062230325,13.74538801582646,12.517072009002769,56.859002329765765,-45.825263844502814,-19.255707693638552,9.6903651753284,-45.636679573520496,41.877248272636486,-66.8407134631904,2.010465874574139,9.292743770736871,-26.39891974385917,-47.20487569885142,-28.976828984414794,48.04617994868,-19.20780218729933,-15.637893570590013,16.142295769470255
-10.184244739181661,5.9565530385167715,0.0220526616087922,-6.50791282643427,9.31607168461526,-10.39949255142099,20.758762378793957,11.199620531044427,-2.4930831104965288,-7.469628084110808,-12.673290629515074,-4.841368361116354,4.674836917018333,-4.859476099279167,11.714273717916459,-7.520701653198218,-11.655655492952853,1.1574833551232693,6.3104695183518045,5.25304207935943,4.422797144671274,-1.8826206565696306,-7.257809755663011,-3.7318518039239144,-17.83254002904138,-6.369187514392104,-4.193233555514853,-9.046436576437863,5.295270529608465,10.474691278584379,-6.309982475112301,1.7217428902258078,-7.266996097223491,-3.9801327608048473,-7.676972703040604,-7.590885167809163,-10.165727977350349,0.7274638283309086,-2.9779523330326128,-2.717095997637974,-10.35687148814429,8.604511216207628,3.645133946571517,-1.423821618584625,8.815112353545908,-7.754687234013957,12.751446758672268,-0.8872648680602283,-2.2817705519346223,5.089431668188896,9.295455568359754,5.797255636334536,-8.645971400685315,3.562017301808207,2.7595522189680297,-3.375907270792364
58.48758141253925,-35.657403543352785,2.4248604390193007,35.932496068526305,-52.07712559144107,54.7422822481675,-115.94188940080188,-64.76697412730513,12.92754989808867,43.05427654441746,72.33020365409647,28.33491377651679,-29.833500641458723,27.918745262912346,-67.34957689838924,41.14797489078228,64.7436795985934,-8.9676749563184,-37.474823913110264,-30.633758388982105,-25.171132799748403,9.711720175206718,43.32964474629061,20.09305708282806,101.37607773830693,35.18614750192873,23.1324880754825,50.59829783219601,-31.870887340765247,-59.26959288995249,35.63579254359294,-7.266996097223491,38.952370928667285,20.665792812689173,42.628605018200936,44.06891282224178,59.116693375809035,-1.4300694599027746,15.1801127929003,13.821593486494015,61.10014290012105,-49.45743858010122,-20.806972164205376,10.125121879824512,-49.46698009912874,45.102463992109804,-72.31572784328594,2.602928240785864,10.484660845936713,-28.606877792566426,-51.318763455093666,-31.578473888027187,51.540993082879794,-20.692793165098408,-16.7262037768831,17.717476267114552
30.80605993882949,-18.511701474302008,1.0923124611077473,19.072285039396206,-27.36679658965061,29.250780968356434,-61.14010912961667,-34.14369647508971,6.993699764533468,22.46505498941469,38.11352203384038,14.837224225129498,-15.488804987865375,14.562041495654716,-35.483966672429176,21.800856864907157,34.158022489634554,-4.550740137800613,-19.57804125891884,-16.076347663651738,-13.287429381482749,5.1362898160890404,22.702664062724214,10.738932915477779,53.35117299905774,18.64851613868014,12.253975280073789,26.757968170068793,-16.554788626967447,-31.14175552656378,18.789910405380567,-3.9801327608048473,20.665792812689173,11.038721603757814,22.56156626659561,23.078232243298686,31.01213037902374,-1.0686105806445823,8.324002545202013,7.37033444076227,32.12150077985683,-25.91940916513851,-10.911698029173833,5.291487318272832,-26.12548918604158,23.5488928592694,-38.16363843910934,1.5040187644712635,5.617109880599805,-15.123181945950718,-27.191612558156116,-16.718100561035815,27.0924289229391,-10.848131388895101,-8.683731973912325,9.467677514435366
64.58495764197146,-39.34074869773029,2.971629506983817,39.56325814341642,-57.13924192911243,59.94415773670749,-127.44998010493444,-71.64719107149757,14.217632559795923,47.31547324949005,79.7986278041599,31.290675219189126,-33.277387761669935,30.65675975690412,-74.39859207354344,45.17752497970007,71.11556609906988,-10.164424435372506,-41.43709476404593,-33.85049000908812,-27.78469911842459,10.5257149738575,48.03655125700448,22.105262963973924,111.67898423495329,38.711928163043495,25.436018221602094,55.728206975270616,-35.20758909295548,-65.17489912791498,39.25275832856123,-7.676972703040604,42.628605018200936,22.56156626659561,46.907945368831044,48.59693000936275,65.27638921688593,-1.4046300803887195,16.772360631652695,15.009711253626467,67.72608266846868,-54.46268752250562,-22.892187662350157,11.52688727697804,-54.47443487339755,49.667131621973326,-79.75878082928838,2.5289079261286345,11.159705426204445,-31.530468791053014,-56.44541378135534,-34.62544587257536,57.231812951432765,-22.835932894922713,-18.494711189800835,19.390000993865247
67.359061358862,-41.99801322105563,3.6491744969441857,40.785409196599524,-59.948078294213126,61.220346780645386,-132.8762383192869,-74.5714518024208,14.194543688526544,50.181481089629514,83.19389983281307,32.942816477890894,-35.383970026090985,32.54282402200487,-77.54810698920251,46.758531913725236,74.10439636913044,-11.119040639571185,-43.76552277831157,-35.50469429026204,-28.87728678982176,10.974598224978498,50.455434519215146,22.532426383002488,116.72988498148351,40.01601456434862,26.319765570236402,57.79359470650523,-37.53716356333031,-68.34283126303785,40.902565375115714,-7.590885167809163,44.06891282224178,23.078232243298686,48.59693000936275,51.18085510284738,68.52552056439826,-0.4095006900698614,16.32475150639696,15.424934393991485,70.7579441094894,-57.3183469828714,-24.07431107534901,12.044865481813643,-56.61740927371428,52.58403287470579,-82.95618430872703,2.2898979287963823,11.453356098242017,-32.70862561702438,-58.3777733900731,-35.898085475247186,59.770153304956835,-24.00273871291119,-19.7274043833258,19.804465863953308
90.43747074767411,-56.05929461394803,4.857349640649253,54.860243815172005,-80.2037882105575,82.38213372695189,-178.1507654481917,-100.22949066487779,19.235886097562148,67.00068057226049,111.67485621151468,44.13097026473093,-47.442263015706104,43.42926836301697,-104.14514132187607,62.77502825079803,99.34112576622465,-14.882006579896021,-58.60883660959059,-47.615203385001166,-38.79885347775951,14.644293403494487,67.71502504551297,30.383031278876107,156.51925432274234,53.77644224949049,35.35502161772471,77.63390064924896,-50.14070817879107,-91.5132511998442,54.883020764145655,-10.165727977350349,59.116693375809035,31.01213037902374,65.27638921688593,68.52552056439826,91.8583205242715,-0.8101613943421658,22.299471925513675,20.667400092557717,95.07928354608642,-76.7205008344792,-32.219708733403856,16.323777547320876,-76.01019402514608,70.28399038895786,-111.40803752654674,3.027595766044927,15.244854063982682,-43.94503572967737,-78.43499024476004,-48.15377138397032,80.36898722295243,-32.15993708994351,-26.35629657960455,26.644503896610335
