V1,V2,V3,V4,V5,V6,V7,V8,V9,V10,V11,V12,V13,V14,V15,V16,V17,V18,V19,V20,V21,V22,V23,V24,V25,V26,V27,V28,V29,V30,V31,V32,V33,V34,V35,V36,V37,V38,V39,V40,V41,V42,V43,V44,V45,V46,V47,V48,V49,V50,V51,V52,V53,V54,V55,V56
4439.6203716513955,-2725.339082644816,220.4208968584986,2707.4718674184705,-3930.749004815707,4085.010144050142,-8752.184568083188,-4923.4012906277285,962.486772777263,3267.966152725455,5483.737790058498,2157.81071669018,-2307.022068506145,2117.695707049913,-5113.565483325548,3094.0700172774714,4882.018201256251,-713.7205826447857,-2861.342334244467,-2331.6632784322896,-1907.5615469762693,720.8145246824595,3312.5089179683823,1506.8299072141704,7678.98022051547,2651.2169523087773,1742.4081241918511,3821.5687088449085,-2438.532833078567,-4484.687241645531,2696.1472489209473,-513.8292078594527,2916.4961825500845,1537.38841288672,3215.046229792123,3350.7285810144936,4496.994142713662,-70.78316551722753,1127.1423313293274,1023.2959913990717,4661.70555390481,-3753.2519877547534,-1576.9159609879357,797.5146509920236,-3738.2403954729593,3429.7130198398063,-5476.323990226077,161.4932809923397,757.4026114744795,-2162.731923256844,-3866.1814350571617,-2372.1304186861194,3940.1950144744333,-1573.6978459002148,-1281.4047435262244,1321.2559920667454
-2725.339082644816,1674.0455931307697,-135.04308657191376,-1661.8750910511255,2414.3192240006847,-2507.763170915198,5374.228127582147,3021.8124979514314,-590.3726084651097,-2007.546674813224,-3366.4552308911457,-1324.9091709736244,1415.9561927311406,-1301.0214647054709,3138.9302468269275,-1899.710397632212,-2997.88699671476,437.920742781722,1756.8740126429159,1431.4666807609565,1170.919720586289,-443.0275851041995,-2033.270529865782,-924.7056738612388,-4714.858602795982,-1627.5338396774766,-1069.6990842136684,-2346.0121186226543,1497.7040233697453,2754.120794477447,-1655.3115372806446,315.969297939285,-1791.0149373724769,-944.0181557940718,-1973.7444350624892,-2057.5758870623404,-2761.007395473291,42.889976033314476,-690.7366542533656,-628.6373915896287,-2861.086112665232,2304.924045077458,968.4449001753723,-488.63833397499593,2295.0018195150747,-2106.5409660051005,3361.7761696774905,-99.74259968141018,-465.9117684737809,1327.6185871668313,2373.4524844405146,1456.636600509919,-2417.962947461227,966.2645964573086,786.9771446606878,-811.143502124013
220.4208968584986,-135.04308657191376,11.317591765985801,134.33229190608319,-194.46406656558437,202.24911177509503,-433.5732150075384,-244.68807881430743,47.826491940316984,161.68852552491168,272.14606831646915,107.0686735911197,-114.95352907479472,104.72811995961965,-253.93784830339632,153.2577133188882,241.76629526059367,-35.76223589610738,-142.03605642584427,-115.75917692503242,-94.71186475488226,35.455337709314584,164.70277688306956,74.78654073637725,380.7502596006762,131.46806816716557,86.37210728226655,189.5633926071235,-120.9166659816437,-222.11987246016113,133.70329828256993,-25.017881665956057,144.2396478781609,75.99328383186356,159.41673392909806,166.1405776772594,223.16768507296814,-3.4499362713158956,56.22992306081979,50.430920848556134,231.8502286663031,-185.9792984600773,-78.10785736473495,40.17106771193956,-185.39020190118381,169.88064108684583,-271.78041298974546,7.514040186907957,36.94325384210252,-107.31632762107871,-191.68230882670846,-117.40835752845248,196.1404963758034,-78.0679248308292,-63.56675401686348,65.3963549082768
2707.4718674184705,-1661.8750910511255,134.33229190608319,1651.2100646969743,-2397.0862022976994,2491.4261668314934,-5337.471215703716,-3002.5258601652786,587.0674684400346,1992.815188982482,3344.225357994664,1315.8767946598052,-1406.8110262582163,1291.3724921577334,-3118.4798041788104,1886.9564981259275,2977.2783527219112,-435.1730129974376,-1744.8819477879854,-1421.916622821003,-1163.329422603066,439.5857028722266,2020.0526312050936,919.0137685100764,4682.93451290857,1616.8846630019143,1062.629681612683,2330.6107643406226,-1486.9918908329896,-2734.898722817445,1644.2332974600708,-313.4240415283917,1778.6702176930191,937.6397751838878,1960.7269469754742,2043.3399493400468,2742.3898275616457,-43.33633185893398,687.5663225560031,624.0884346434354,2842.887561446907,-2288.8135246760758,-961.6401768998187,486.3526791494347,-2279.772607954993,2091.4627430654,-3339.7355845271522,98.54353773621602,461.92939347119517,-1318.9556988541503,-2357.8442216435305,-1446.6633887911507,2402.885718336125,-959.6791821040323,-781.3857272089897,805.8268877221732
-3930.749004815707,2414.3192240006847,-194.46406656558437,-2397.0862022976994,3482.3611900647766,-3617.5337092927994,7751.652927690713,4358.288903901621,-851.6489765956045,-2895.4881246787245,-4855.485908329101,-1910.8554476997422,2041.8701660041006,-1876.478188147615,4527.259136948095,-2740.1966545823266,-4324.123409798786,631.3322263315583,2533.7953504963752,2064.5476571121026,1688.8400932041973,-639.1185347768429,-2932.381343831782,-1333.8539494509762,-6800.369267854601,-2347.553602004071,-1542.938510719659,-3383.8091677582584,2159.9755668157595,3972.387417827337,-2387.5272511871044,456.043447728624,-2583.519195232853,-1361.820234639291,-2846.902072666868,-2967.5924560127187,-3982.114529596643,62.17576040642286,-996.4533197999464,-906.9027068846842,-4126.332804531144,3324.3982444070284,1396.808642952439,-704.5124735890654,3310.2164554547335,-3038.2127953230292,4848.789902214624,-144.1662057016633,-672.3129375451131,1914.8941967588407,3423.471667676387,2101.1155050183347,-3487.18179373194,1393.6169348384196,1134.9575975019404,-1170.1097225244828
4085.010144050142,-2507.763170915198,202.24911177509503,2491.4261668314934,-3617.5337092927994,3759.6815513866372,-8054.269703726321,-4529.886534289336,885.6984293622043,3007.4299548225335,5045.872607748743,1985.4667956251903,-2122.110760623843,1948.9158083638526,-4705.067081941365,2847.4403251665703,4492.825266640198,-656.2099932480714,-2632.706947632688,-2145.3860441084066,-1755.2139436592083,663.637378537483,3047.5602496266724,1386.6171015761972,7066.171578242651,2439.723889955815,1603.4427196821262,3516.6014843570993,-2243.762823701607,-4127.040327151829,2480.9900450060063,-473.4664779061726,2684.2977291456577,1415.090263908214,2958.564034073796,3083.245459865589,4137.8260743301835,-65.43533316864007,1037.045421586477,942.0579206891977,4288.848558534531,-3453.7877368422,-1451.137654153422,733.1217863916394,-3439.9434459439185,3156.075364003742,-5039.090653449311,149.27122648934093,697.734998245655,-1990.096079113479,-3557.8010243244757,-2183.1407415439103,3624.8432111398574,-1448.0362899887027,-1179.0222115308145,1216.0541524449145
-8752.184568083188,5374.228127582147,-433.5732150075384,-5337.471215703716,7751.652927690713,-8054.269703726321,17257.224753189636,9704.935318435113,-1896.8849464351695,-6444.901668149554,-10810.915964203135,-4254.285806961324,4547.003536187007,-4176.590983234462,10080.560212119848,-6100.6187387766395,-9626.444753575755,1406.199276804134,5641.2343118106355,4596.740625396895,3760.4527468041274,-1422.1608164225825,-6529.5987013970325,-2970.29396548541,-15140.110564755114,-5226.895952486568,-3435.2944205087488,-7534.163300834208,4808.332417416231,8843.147687860248,-5315.659560749536,1014.4154283888316,-5751.239552862894,-3031.6675939834304,-6338.5956822483695,-6606.6432122397355,-8865.928866559254,139.0961879154424,-2220.3448439824347,-2018.4712863884085,-9188.66581932934,7400.693998532085,3109.472261748532,-1570.2049281598445,7370.101066032642,-6763.168852663201,10796.167567682909,-319.9082281059941,-1495.3245954945814,4263.668454837325,7622.344289544191,4677.513688919632,-7765.873335754053,3102.700402638338,2526.601628944813,-2605.1415511644336
-4923.4012906277285,3021.8124979514314,-244.68807881430743,-3002.5258601652786,4358.288903901621,-4529.886534289336,9704.935318435113,5460.188790711975,-1067.5617879252954,-3623.300843281444,-6081.187102314511,-2392.806190688341,2558.6732049991315,-2347.9018551075774,5670.854157034616,-3430.9494317271915,-5413.392588875624,791.7019825733138,3172.981698021914,2585.6892923984074,2115.4550832375276,-799.0237381001464,-3673.6296391226865,-1671.1275938386127,-8515.180513817031,-2940.039830954899,-1932.1884644277104,-4237.905109547745,2703.9045587244027,4972.742149798126,-2989.7930057751896,569.4190744599044,-3233.827729755538,-1704.683227211104,-3565.255623748509,-3715.5121615789103,-4986.816172117731,78.68517865028606,-1250.5210149580143,-1134.477876590652,-5170.067556708122,4161.74477531911,1748.5159049466426,-884.999318880246,4145.428217294915,-3802.8496567801108,6073.015170130056,-178.66198840134024,-839.3082906471316,2398.3837424332114,4287.320961327144,2630.299721968792,-4370.059295549942,1745.072192152849,1420.8783742391363,-1465.1270005188433
962.486772777263,-590.3726084651097,47.826491940316984,587.0674684400346,-851.6489765956045,885.6984293622043,-1896.8849464351695,-1067.5617879252954,208.89000161243874,707.882664568258,1188.7902259695848,467.66587085331827,-500.17257547027526,458.68188161179773,-1108.642359123223,670.6856547838424,1058.0572621947604,-154.7542463504169,-620.1324956158558,-505.4253143284972,-413.5844054002455,156.07662749946132,718.1606693490079,326.82653870104457,1664.3902005439224,574.7920208027234,377.73324956677,828.5020390038612,-528.3087368686744,-971.8248008106052,584.4313242024166,-111.24264890129945,632.0811922784533,333.2482448543557,696.9907098588711,726.1334629621788,974.7223170642044,-15.648266836792228,244.891723992625,221.70143850055896,1010.828706932007,-813.3071070304029,-341.69615697278186,173.2246862586393,-810.3735278981859,743.0587689276513,-1187.2476095389034,34.82972902534215,163.87629691844967,-468.8908355464745,-838.1707722392904,-514.1226343927349,854.4880655428528,-341.0723958557306,-277.6296652752027,286.45872018249497
3267.966152725455,-2007.546674813224,161.68852552491168,1992.815188982482,-2895.4881246787245,3007.4299548225335,-6444.901668149554,-3623.300843281444,707.882664568258,2407.644681491659,4036.8069241689095,1588.7511964399603,-1697.6127195096194,1560.3440445984488,-3763.866748550495,2278.1856645451185,3595.1921836184683,-524.9014180540577,-2106.700067734449,-1716.4839034766107,-1404.0508693962115,531.4581430600164,2437.9473510490834,1108.8284353255422,5653.94553859316,1951.685685466999,1282.7688664045504,2813.2239394327166,-1796.017083514805,-3302.84330368479,1984.995507593423,-379.203789541581,2147.9828060733935,1132.1944721509274,2366.8586501958016,2467.401107179241,3310.810309969876,-51.45793035217857,828.0695731599271,754.0487416511033,3430.473409073969,-2764.095184012346,-1161.3921113314614,585.544186262758,-2752.083179514454,2526.2405227336653,-4031.1919001085203,119.93357989354593,559.1156800144823,-1591.9911354680369,-2846.1897043333747,-1746.8999729611996,2899.04688175185,-1158.6974653049874,-943.7093703420463,972.7750062956902
5483.737790058498,-3366.4552308911457,272.14606831646915,3344.225357994664,-4855.485908329101,5045.872607748743,-10810.915964203135,-6081.187102314511,1188.7902259695848,4036.8069241689095,6773.455605026487,2665.332849487285,-2849.4701067959063,2615.9382799787672,-6316.157139490272,3821.858225783941,6030.420845580744,-881.477438357554,-3534.3222422746862,-2880.0421856236208,-2356.1771270915224,890.4683928541255,4091.4769724004013,1861.1859995759662,9485.15010642848,3274.7760086829658,2152.2314334357975,4720.3793332670175,-3012.1431193059016,-5539.640257889021,3330.291549116414,-634.8418255915483,3602.6003385791582,1899.0588073380834,3971.2273762137643,4138.876368552336,5554.673132601128,-87.38931600867426,1392.045593702897,1264.0904868011016,5757.90119762131,-4636.1250508644525,-1947.86309000077,984.8486727326273,-4617.476275312344,4236.5264541920715,-6764.284935796617,199.65153668499354,935.7801941267086,-2671.379710977745,-4775.511951806082,-2930.143158886418,4866.657391542068,-1943.8397961998824,-1582.816290485033,1632.0451014293262
2157.81071669018,-1324.9091709736244,107.0686735911197,1315.8767946598052,-1910.8554476997422,1985.4667956251903,-4254.285806961324,-2392.806190688341,467.66587085331827,1588.7511964399603,2665.332849487285,1048.8572879286635,-1121.2361774999083,1029.5639351154155,-2485.337852468946,1503.9184702543364,2373.0945171323037,-346.84451063812844,-1390.8262593189631,-1133.309339305751,-927.1209321552784,350.4881360721496,1609.95422711575,732.2857563893435,3732.5227772945955,1288.5887632531412,846.8927370778049,1857.4312055498776,-1185.4329588306596,-2180.0231171310425,1310.4847037963257,-249.88052176682652,1417.695268807893,747.2893689292904,1562.6555119972568,1628.7611093723663,2185.8248086024387,-34.234532047056106,547.4927995316349,497.48120112404393,2265.595558445025,-1824.470178349725,-766.5551730937311,387.36831194708793,-1816.9713250606162,1667.284601181935,-2661.691757297625,78.65050437742323,368.38327868951626,-1051.157213393627,-1879.126657816241,-1153.0603482232198,1914.8583056690036,-764.9353551411632,-622.9130338056789,642.188335045637
-2307.022068506145,1415.9561927311406,-114.95352907479472,-1406.8110262582163,2041.8701660041006,-2122.110760623843,4547.003536187007,2558.6732049991315,-500.17257547027526,-1697.6127195096194,-2849.4701067959063,-1121.2361774999083,1199.288787157987,-1100.0303793650573,2657.291844239183,-1607.4243356467673,-2536.255060217634,371.24304947559233,1486.8701576644332,1211.636436812865,991.253986261164,-374.21585291449907,-1721.5920220345506,-782.9712691722555,-3989.8154545787243,-1377.5070430645842,-905.2814030452317,-1985.6626750717824,1267.0337131839526,2329.883586445039,-1400.8700296073887,266.4736987898405,-1514.93489284884,-798.5249766096606,-1670.4514010904018,-1740.9713062073756,-2336.7429335542893,36.67977761449439,-585.9590227957963,-531.3465897369719,-2422.857339218459,1949.986514200664,819.2471081460943,-415.0327785984237,1942.3277739717046,-1781.8326863237116,2845.6137708574042,-83.37518960334542,-392.87538190577544,1123.781246373724,2008.7385838969394,1232.2710439842353,-2048.0459674187864,817.7010752220992,665.8322965023032,-686.3555178450843
2117.695707049913,-1301.0214647054709,104.72811995961965,1291.3724921577334,-1876.478188147615,1948.9158083638526,-4176.590983234462,-2347.9018551075774,458.68188161179773,1560.3440445984488,2615.9382799787672,1029.5639351154155,-1100.0303793650573,1011.2373093795384,-2439.034023506673,1476.3562333293805,2329.8636765974743,-340.10389887277057,-1365.206990766252,-1112.32004384647,-909.8424684450611,344.4595491596575,1579.7984968479818,718.5196404380604,3663.960978833689,1264.7396306842948,831.2725745004714,1823.0341748948802,-1163.9172766529944,-2140.4211192043153,1286.339146016795,-245.8089473156836,1392.0213380742239,733.7262783154322,1533.7889620375202,1598.9831283531673,2145.5005199360126,-33.308977768734216,536.4944718102731,488.6997180683743,2222.928585309076,-1791.2757455404928,-752.64704746069,379.3287473555939,-1783.4272929113301,1637.1615853420312,-2612.2899844479357,77.80294180157277,362.438955557557,-1031.6401311839602,-1844.4079822506026,-1132.082374148632,1878.5311285654157,-750.8764169259388,-611.5702648475383,630.3948172648255
-5113.565483325548,3138.9302468269275,-253.93784830339632,-3118.4798041788104,4527.259136948095,-4705.067081941365,10080.560212119848,5670.854157034616,-1108.642359123223,-3763.866748550495,-6316.157139490272,-2485.337852468946,2657.291844239183,-2439.034023506673,5889.833403662746,-3563.693071642845,-5622.976060969037,822.1122809226296,3295.661926020032,2685.602262060373,2197.1410526316868,-830.1565671551814,-3815.3922247606415,-1735.5956336899287,-8844.532900639142,-3053.6610693296448,-2006.8898685078984,-4401.670593250917,2808.6222308468004,5165.322478215329,-3105.393588283301,591.7366350435586,-3359.1166478832447,-1770.7144371022719,-3703.068322239418,-3859.2951343231857,-5179.597596287378,81.5762501633642,-1298.3798749932853,-1178.5589456526432,-5369.452902113199,4322.886409862801,1816.239644070647,-918.7157915427204,4305.676303451422,-3950.2089019293626,6307.630279280713,-185.90856224335283,-872.2310697319214,2491.0360152594126,4453.042483090814,2732.1511334391057,-4538.444773258049,1812.5624906587595,1475.8859997778407,-1521.8025798343695
3094.0700172774714,-1899.710397632212,153.2577133188882,1886.9564981259275,-2740.1966545823266,2847.4403251665703,-6100.6187387766395,-3430.9494317271915,670.6856547838424,2278.1856645451185,3821.858225783941,1503.9184702543364,-1607.4243356467673,1476.3562333293805,-3563.693071642845,2156.6828144860924,3403.046098825436,-497.09716404272797,-1994.2032108224714,-1625.0084888754195,-1329.4097133477806,502.7077929843186,2308.3296943740493,1050.1298008765195,5352.208536381569,1847.8369027760327,1214.4525862935418,2663.495198736165,-1699.6956623569529,-3126.084805913966,1879.1701378851958,-358.5956671172817,2033.1417711398606,1071.7653188763124,2240.832547081307,2335.470226568852,3134.1989787493358,-49.3171202934044,785.1508680335156,713.5414869718476,3248.423062912518,-2616.1559547857355,-1099.200507686906,555.1897303659359,-2605.470795316032,2390.733301286795,-3816.673481185945,113.0619007396875,528.5453014479583,-1507.3068379352546,-2694.6771002339124,-1653.564888889194,2745.462546888595,-1096.828112979263,-893.1306708796019,920.9969549976336
4882.018201256251,-2997.88699671476,241.76629526059367,2977.2783527219112,-4324.123409798786,4492.825266640198,-9626.444753575755,-5413.392588875624,1058.0572621947604,3595.1921836184683,6030.420845580744,2373.0945171323037,-2536.255060217634,2329.8636765974743,-5622.976060969037,3403.046098825436,5369.856171862362,-784.3145375689521,-3146.7409635413137,-2564.09705472949,-2097.5968036126073,793.3821757412668,3642.193470481018,1656.8336517414841,8445.389428630926,2915.623378072571,1916.2566662161914,4202.634444434938,-2682.1896729344344,-4932.92295098063,2965.1474819186656,-565.9684869784073,3208.2156700069017,1691.1578016412798,3535.749554985022,3685.303459362916,4945.511187785213,-77.56565997026962,1238.4003380736565,1126.010556652014,5125.381891730733,-4128.271118336659,-1734.5404166044855,875.7090330673915,-4111.13478777847,3772.676247928014,-6022.185809953089,178.57413344388326,834.2782250827314,-2378.3084799064213,-4251.842806299624,-2609.2373574843205,4331.70710030602,-1730.7289940174294,-1409.3846320582154,1453.2030568175132
-713.7205826447857,437.920742781722,-35.76223589610738,-435.1730129974376,631.3322263315583,-656.2099932480714,1406.199276804134,791.7019825733138,-154.7542463504169,-524.9014180540577,-881.477438357554,-346.84451063812844,371.24304947559233,-340.10389887277057,822.1122809226296,-497.09716404272797,-784.3145375689521,115.02545474977777,459.98183993436277,374.8415274574065,306.66444610541237,-115.59734823093531,-532.7353699132617,-242.20978618102535,-1234.0650310809658,-426.0709548415343,-279.9932924352685,-614.2098032607271,391.9067218455332,720.5148295274184,-433.30343204897696,82.17830132938072,-468.3782723575953,-246.86009352728604,-516.6757265577409,-538.4917855394425,-722.8654243172247,11.306316186968102,-181.4092745587482,-164.18502418241633,-749.7676849212376,603.0785049060347,253.35499074790516,-128.69876523936972,600.7854783112853,-551.0404346474597,880.2842489737056,-25.528159760636665,-121.1971730875739,347.6300841316467,621.2974540538694,381.0343339335413,-633.8710273027929,252.93915440225467,205.96314413615025,-212.22841371281217
-2861.342334244467,1756.8740126429159,-142.03605642584427,-1744.8819477879854,2533.7953504963752,-2632.706947632688,5641.2343118106355,3172.981698021914,-620.1324956158558,-2106.700067734449,-3534.3222422746862,-1390.8262593189631,1486.8701576644332,-1365.206990766252,3295.661926020032,-1994.2032108224714,-3146.7409635413137,459.98183993436277,1844.30121697635,1502.8174252517872,1229.3969978881275,-464.72104406131405,-2134.900912741151,-971.0237785431005,-4949.4188654156,-1708.6913080304696,-1122.9916702297603,-2462.9983100077543,1571.9329187632638,2890.741168112136,-1737.734770763623,331.2816932213466,-1879.8427598280714,-990.8835115351917,-2072.1100846910163,-2159.7877118778033,-2898.4889789743115,45.362279014084145,-726.0003699870116,-659.6289354162263,-3004.3209225606643,2419.2885835360717,1016.4652839714018,-513.7356029916249,2409.3458382220906,-2210.8566823257174,3529.489413223805,-104.2243211813736,-488.40657666807374,1393.8643821516832,2491.751679323243,1528.9543496933534,-2539.2419114730665,1014.3314532076078,826.0118376336429,-851.5323468043227
-2331.6632784322896,1431.4666807609565,-115.75917692503242,-1421.916622821003,2064.5476571121026,-2145.3860441084066,4596.740625396895,2585.6892923984074,-505.4253143284972,-1716.4839034766107,-2880.0421856236208,-1133.309339305751,1211.636436812865,-1112.32004384647,2685.602262060373,-1625.0084888754195,-2564.09705472949,374.8415274574065,1502.8174252517872,1224.5962615817823,1001.8300909935127,-378.6184939979016,-1739.7078428101343,-791.3320874680094,-4033.0580596676095,-1392.3942544063677,-915.1036272064418,-2007.0609474464263,1280.8058050489303,2355.4505575640424,-1416.0217643757344,269.89603608888615,-1531.7757643909179,-807.4357643729147,-1688.5242368717031,-1759.8649664507798,-2361.854200464018,37.08316380633478,-591.8148248618712,-537.4647428114196,-2448.250899545179,1971.2923435087685,828.234722265122,-418.76372523264075,1963.3156147830614,-1801.4027347756783,2876.1292309254463,-84.859432881917,-397.86736904969183,1135.8467624871719,2030.4903169793492,1245.8648156734723,-2069.2962822888926,826.5248991692664,673.0368509754733,-693.9069265338264
-1907.5615469762693,1170.919720586289,-94.71186475488226,-1163.329422603066,1688.8400932041973,-1755.2139436592083,3760.4527468041274,2115.4550832375276,-413.5844054002455,-1404.0508693962115,-2356.1771270915224,-927.1209321552784,991.253986261164,-909.8424684450611,2197.1410526316868,-1329.4097133477806,-2097.5968036126073,306.66444610541237,1229.3969978881275,1001.8300909935127,819.6229750276909,-309.68295227712923,-1423.280768624355,-647.4599971664318,-3299.355177169053,-1139.1466150553078,-748.65546058608,-1642.006545065521,1047.705316573518,1926.861695806665,-1158.436056049386,220.75502184617216,-1253.0965461547287,-660.56040672039,-1381.4004616325872,-1439.6568346510417,-1932.1825009038903,30.460310320968823,-484.37737415074014,-439.6571741695937,-2003.0121865637168,1612.5948808814928,677.5245294748888,-342.71358674236035,1606.1934895021973,-1473.5643649930435,2353.0016148895297,-69.36334408013781,-325.38509703905027,929.2597764202058,1661.1752596627364,1019.2078599965641,-1693.0139707825363,676.1525332039921,550.5519813139153,-567.7048429125197
720.8145246824595,-443.0275851041995,35.455337709314584,439.5857028722266,-639.1185347768429,663.637378537483,-1422.1608164225825,-799.0237381001464,156.07662749946132,531.4581430600164,890.4683928541255,350.4881360721496,-374.21585291449907,344.4595491596575,-830.1565671551814,502.7077929843186,793.3821757412668,-115.59734823093531,-464.72104406131405,-378.6184939979016,-309.68295227712923,117.43539090023938,537.6031006803713,244.56132989530224,1247.4228413326696,430.565820552565,283.01526850797813,620.6038114703929,-396.29003906399737,-728.8715300591848,437.9279520956832,-83.9325456640101,474.11604111794816,249.9171998350514,522.1707545715259,544.4009796381673,730.3542610609095,-11.332663173309408,182.41076558011545,166.54654556977243,756.408207155308,-609.937009568282,-256.29632007433406,128.78721121612432,-607.1483066715733,557.5108672872618,-889.2174701616664,26.756084174247565,123.735463716749,-351.1738167631948,-627.9272911316838,-385.5341344794845,639.1175651332537,-255.62475297060948,-208.21198358333302,214.67060288884358
3312.5089179683823,-2033.270529865782,164.70277688306956,2020.0526312050936,-2932.381343831782,3047.5602496266724,-6529.5987013970325,-3673.6296391226865,718.1606693490079,2437.9473510490834,4091.4769724004013,1609.95422711575,-1721.5920220345506,1579.7984968479818,-3815.3922247606415,2308.3296943740493,3642.193470481018,-532.7353699132617,-2134.900912741151,-1739.7078428101343,-1423.280768624355,537.6031006803713,2471.699396043862,1124.26592907432,5729.151648796673,1978.0335485691867,1299.9653771392934,2851.2544195207465,-1819.3502955132508,-3345.7871939145857,2011.5601345921996,-383.0623918096829,2175.707403528763,1146.866184086478,2398.691496612917,2499.919541994374,3355.2514144043184,-52.77122503914969,841.161415012589,763.2646067751451,3478.4721140783454,-2800.1579100743934,-1176.4569298786696,595.4163342543528,-2789.0579121700803,2558.734835993199,-4085.9468649008486,120.16900955779415,564.6903647865047,-1613.6280637202208,-2884.4790610045416,-1769.6691035792262,2940.20790309067,-1174.1330975798137,-956.053134798169,985.6907914776441
1506.8299072141704,-924.7056738612388,74.78654073637725,919.0137685100764,-1333.8539494509762,1386.6171015761972,-2970.29396548541,-1671.1275938386127,326.82653870104457,1108.8284353255422,1861.1859995759662,732.2857563893435,-782.9712691722555,718.5196404380604,-1735.5956336899287,1050.1298008765195,1656.8336517414841,-242.20978618102535,-971.0237785431005,-791.3320874680094,-647.4599971664318,244.56132989530224,1124.26592907432,511.53689769709257,2606.09607438425,899.8750529783958,591.3934911902284,1297.0886826674,-827.4258478997871,-1521.9007592654277,915.0530753306556,-174.36009680555483,989.8141808634088,521.8110079744047,1091.22241660153,1137.0848880018075,1526.1755940145451,-24.245268350750397,382.8922190680178,347.2650006953901,1582.2853138095165,-1273.660445904687,-535.1200597791315,270.8271329898448,-1268.7674753034967,1163.7800580326057,-1858.7146018011813,54.75722994426745,256.93403891299965,-734.0661457399676,-1312.2421070076955,-805.065523545888,1337.4401744095214,-534.0623170355773,-434.80245778264253,448.48213661200106
7678.98022051547,-4714.858602795982,380.7502596006762,4682.93451290857,-6800.369267854601,7066.171578242651,-15140.110564755114,-8515.180513817031,1664.3902005439224,5653.94553859316,9485.15010642848,3732.5227772945955,-3989.8154545787243,3663.960978833689,-8844.532900639142,5352.208536381569,8445.389428630926,-1234.0650310809658,-4949.4188654156,-4033.0580596676095,-3299.355177169053,1247.4228413326696,5729.151648796673,2606.09607438425,13283.057006097635,4585.831385187262,3013.9304741373353,6610.164027351857,-4218.487805177444,-7758.184491821337,4663.684349695267,-889.5453733502226,5045.460406642405,2659.60907345202,5561.162635057564,5796.249242279191,7778.626570202671,-122.0737575834246,1948.4801032402609,1770.5901417801813,8062.353885086193,-6492.776234238561,-2727.9712187450964,1378.2706105321865,-6466.1685215473035,5933.362052413259,-9472.231658112672,280.1815233262311,1311.2853675338597,-3740.805121069414,-6687.446401338176,-4103.586112743911,6814.148865850366,-2722.157661675217,-2216.687953750064,2285.5223233965958
2651.2169523087773,-1627.5338396774766,131.46806816716557,1616.8846630019143,-2347.553602004071,2439.723889955815,-5226.895952486568,-2940.039830954899,574.7920208027234,1951.685685466999,3274.7760086829658,1288.5887632531412,-1377.5070430645842,1264.7396306842948,-3053.6610693296448,1847.8369027760327,2915.623378072571,-426.0709548415343,-1708.6913080304696,-1392.3942544063677,-1139.1466150553078,430.565820552565,1978.0335485691867,899.8750529783958,4585.831385187262,1583.308837289232,1040.5764261550958,2282.212219023689,-1456.2303835631342,-2678.2958590761573,1610.120106193027,-307.0392769290909,1741.866675746862,918.227649796066,1920.0255322251835,2001.0090141931141,2685.489084105881,-42.35189699364586,673.0705896253558,611.2267618441085,2783.6929819489787,-2241.4343312345322,-941.742638381284,476.0521180907396,-2232.455956404914,2048.223062740095,-3270.3589688875586,96.63405587217333,452.53973321713016,-1291.5538675380485,-2308.896336982722,-1416.7086962265648,2352.7905132574933,-939.7799547668229,-765.2126758255506,789.1110286163092
1742.4081241918511,-1069.6990842136684,86.37210728226655,1062.629681612683,-1542.938510719659,1603.4427196821262,-3435.2944205087488,-1932.1884644277104,377.73324956677,1282.7688664045504,2152.2314334357975,846.8927370778049,-905.2814030452317,831.2725745004714,-2006.8898685078984,1214.4525862935418,1916.2566662161914,-279.9932924352685,-1122.9916702297603,-915.1036272064418,-748.65546058608,283.01526850797813,1299.9653771392934,591.3934911902284,3013.9304741373353,1040.5764261550958,683.8886079357038,1499.90563145411,-957.0970322568774,-1760.2864763647947,1058.2071837844765,-201.83943333583375,1144.8328542389747,603.4974458912457,1261.8771058137431,1315.1291857042609,1764.9600338019577,-27.80746545821768,442.27574147562393,401.7455285224212,1829.4247584892883,-1473.1587960282677,-618.9536730671026,312.7929172585733,-1467.214301751359,1346.191720896138,-2149.3216938024016,63.562526908848874,297.49318070730266,-848.824957071066,-1517.4497066296913,-931.1161028011217,1546.2151273062452,-617.6478642424606,-502.92734258196515,518.6244631249689
3821.5687088449085,-2346.0121186226543,189.5633926071235,2330.6107643406226,-3383.8091677582584,3516.6014843570993,-7534.163300834208,-4237.905109547745,828.5020390038612,2813.2239394327166,4720.3793332670175,1857.4312055498776,-1985.6626750717824,1823.0341748948802,-4401.670593250917,2663.495198736165,4202.634444434938,-614.2098032607271,-2462.9983100077543,-2007.0609474464263,-1642.006545065521,620.6038114703929,2851.2544195207465,1297.0886826674,6610.164027351857,2282.212219023689,1499.90563145411,3289.6395404741393,-2099.0919751999986,-3860.568903943638,2320.874515914449,-442.5136975192488,2510.725468783177,1323.5174942573374,2767.566383380321,2884.3363905954384,3870.9813189596434,-60.99249128380095,970.1607520784042,881.0011723617882,4012.567750799342,-3230.8823966996974,-1357.4573476800142,686.2544067045989,-3217.921722785008,2952.389282064044,-4714.003502215975,139.2294743056841,652.2390755702712,-1861.6829128968445,-3328.0865928337103,-2042.0561932712599,3391.4562798746674,-1354.6387032103144,-1103.0232933626003,1137.4176064827632
-2438.532833078567,1497.7040233697453,-120.9166659816437,-1486.9918908329896,2159.9755668157595,-2243.762823701607,4808.332417416231,2703.9045587244027,-528.3087368686744,-1796.017083514805,-3012.1431193059016,-1185.4329588306596,1267.0337131839526,-1163.9172766529944,2808.6222308468004,-1699.6956623569529,-2682.1896729344344,391.9067218455332,1571.9329187632638,1280.8058050489303,1047.705316573518,-396.29003906399737,-1819.3502955132508,-827.4258478997871,-4218.487805177444,-1456.2303835631342,-957.0970322568774,-2099.0919751999986,1339.9713629060643,2464.069500189112,-1481.060382288834,282.58055888862964,-1602.3716470505162,-844.5928411884513,-1765.9887379284544,-1840.9273127657855,-2470.3763737002687,38.43925176463586,-618.2329878359491,-562.3704936835481,-2560.1238947478428,2062.1931810669234,866.4490910028896,-437.4129473664077,2053.4267564655042,-1884.6535092941165,3007.9731354666733,-89.09962507642423,-416.6669256032228,1187.8974677003341,2123.624575868345,1303.2357890058572,-2163.6759462032214,864.5407614884059,704.1043309647036,-725.745054018119
-4484.687241645531,2754.120794477447,-222.11987246016113,-2734.898722817445,3972.387417827337,-4127.040327151829,8843.147687860248,4972.742149798126,-971.8248008106052,-3302.84330368479,-5539.640257889021,-2180.0231171310425,2329.883586445039,-2140.4211192043153,5165.322478215329,-3126.084805913966,-4932.92295098063,720.5148295274184,2890.741168112136,2355.4505575640424,1926.861695806665,-728.8715300591848,-3345.7871939145857,-1521.9007592654277,-7758.184491821337,-2678.2958590761573,-1760.2864763647947,-3860.568903943638,2464.069500189112,4531.61328414169,-2723.846254097054,519.9218365682957,-2947.142192861308,-1553.5005562700512,-3247.9661228066316,-3385.497774378252,-4543.11099174804,71.07574272712442,-1137.3530408573301,-1034.395634755525,-4708.192755556236,3792.443982275483,1593.4411799598415,-804.3370508791145,3776.5462091633494,-3465.844080857924,5532.039898674942,-164.0703543544076,-766.4665291696748,2184.7254593239018,3905.7605968906887,2396.9084997527393,-3979.084330582832,1589.9157779323716,1294.7677037743892,-1334.89380528647
2696.1472489209473,-1655.3115372806446,133.70329828256993,1644.2332974600708,-2387.5272511871044,2480.9900450060063,-5315.659560749536,-2989.7930057751896,584.4313242024166,1984.995507593423,3330.291549116414,1310.4847037963257,-1400.8700296073887,1286.339146016795,-3105.393588283301,1879.1701378851958,2965.1474819186656,-433.30343204897696,-1737.734770763623,-1416.0217643757344,-1158.436056049386,437.9279520956832,2011.5601345921996,915.0530753306556,4663.684349695267,1610.120106193027,1058.2071837844765,2320.874515914449,-1481.060382288834,-2723.846254097054,1637.4325536441258,-312.2788635466565,1771.439373647513,933.788530680213,1952.5568753347036,2035.0369025560765,2731.086202896035,-42.926286128842015,684.2511352530404,621.6254619213591,2830.8066543637433,-2279.5685664994685,-957.7682200757554,484.00914894489193,-2270.3016203089096,2083.1294851741777,-3325.7701601660433,98.32011827302972,460.31237486336994,-1313.427769965167,-2348.005654839445,-1440.7582076888305,2392.5731001874565,-955.746628847547,-778.256123268795,802.462295585317
-513.8292078594527,315.969297939285,-25.017881665956057,-313.4240415283917,456.043447728624,-473.4664779061726,1014.4154283888316,569.4190744599044,-111.24264890129945,-379.203789541581,-634.8418255915483,-249.88052176682652,266.4736987898405,-245.8089473156836,591.7366350435586,-358.5956671172817,-565.9684869784073,82.17830132938072,331.2816932213466,269.89603608888615,220.75502184617216,-83.9325456640101,-383.0623918096829,-174.36009680555483,-889.5453733502226,-307.0392769290909,-201.83943333583375,-442.5136975192488,282.58055888862964,519.9218365682957,-312.2788635466565,60.163486645164404,-338.34789875606424,-178.3817486722838,-372.3683541041155,-388.2093351270924,-520.6891211249873,8.13892818387418,-129.8730724129473,-118.97291840500944,-538.9337724313873,435.02242590174876,182.8175608554501,-91.42498275074747,432.9435702722686,-397.66952124441843,633.9518541987992,-19.411509740151317,-88.64358318118533,250.37537231880935,447.80041091094614,275.0705148225013,-455.250323813674,182.25994617878433,148.45054908404705,-153.16750383878718
2916.4961825500845,-1791.0149373724769,144.2396478781609,1778.6702176930191,-2583.519195232853,2684.2977291456577,-5751.239552862894,-3233.827729755538,632.0811922784533,2147.9828060733935,3602.6003385791582,1417.695268807893,-1514.93489284884,1392.0213380742239,-3359.1166478832447,2033.1417711398606,3208.2156700069017,-468.3782723575953,-1879.8427598280714,-1531.7757643909179,-1253.0965461547287,474.11604111794816,2175.707403528763,989.8141808634088,5045.460406642405,1741.866675746862,1144.8328542389747,2510.725468783177,-1602.3716470505162,-2947.142192861308,1771.439373647513,-338.34789875606424,1916.8448857638164,1010.4599073736302,2112.346789313083,2201.6681357993016,2954.458680477337,-46.4020551989193,739.7298696541817,672.8537109362192,3061.6908872676104,-2466.361637368393,-1036.284836319183,522.8789231274508,-2456.0762115162916,2253.9382480766667,-3597.686159235239,106.92296456890213,498.70454309382967,-1420.824619728281,-2540.1719856150853,-1558.9219117828486,2587.502792920795,-1033.9531514047603,-841.9701183598498,868.2440816409742
1537.38841288672,-944.0181557940718,75.99328383186356,937.6397751838878,-1361.820234639291,1415.090263908214,-3031.6675939834304,-1704.683227211104,333.2482448543557,1132.1944721509274,1899.0588073380834,747.2893689292904,-798.5249766096606,733.7262783154322,-1770.7144371022719,1071.7653188763124,1691.1578016412798,-246.86009352728604,-990.8835115351917,-807.4357643729147,-660.56040672039,249.9171998350514,1146.866184086478,521.8110079744047,2659.60907345202,918.227649796066,603.4974458912457,1323.5174942573374,-844.5928411884513,-1553.5005562700512,933.788530680213,-178.3817486722838,1010.4599073736302,532.6820087844019,1113.5171252992652,1160.5298504948983,1557.35911302,-24.550643009742398,390.044527396928,354.6977102705656,1613.9228131846387,-1300.0546187082964,-546.2415957109635,275.63716205699353,-1294.697818705627,1188.054828366118,-1896.4854622406058,56.38332279308946,262.8881578443346,-748.9811067320566,-1339.052178159634,-821.7745287034099,1363.967369082767,-545.0159280922095,-443.79314019517454,457.7146414509054
3215.046229792123,-1973.7444350624892,159.41673392909806,1960.7269469754742,-2846.902072666868,2958.564034073796,-6338.5956822483695,-3565.255623748509,696.9907098588711,2366.8586501958016,3971.2273762137643,1562.6555119972568,-1670.4514010904018,1533.7889620375202,-3703.068322239418,2240.832547081307,3535.749554985022,-516.6757265577409,-2072.1100846910163,-1688.5242368717031,-1381.4004616325872,522.1707545715259,2398.691496612917,1091.22241660153,5561.162635057564,1920.0255322251835,1261.8771058137431,2767.566383380321,-1765.9887379284544,-3247.9661228066316,1952.5568753347036,-372.3683541041155,2112.346789313083,1113.5171252992652,2328.358101504119,2426.613208462084,3256.6442120437764,-51.30494861405161,816.1132438824931,741.2441856931683,3375.6572548244612,-2718.186951777815,-1142.0535406194442,577.2295398020626,-2707.2402461252113,2483.905306319888,-3965.8593380638745,117.2217979991533,548.8443630373029,-1566.2227708089604,-2799.9267378472664,-1718.0261909502772,2853.10042433429,-1139.6591834800734,-927.9803760798623,956.9283717583074
3350.7285810144936,-2057.5758870623404,166.1405776772594,2043.3399493400468,-2967.5924560127187,3083.245459865589,-6606.6432122397355,-3715.5121615789103,726.1334629621788,2467.401107179241,4138.876368552336,1628.7611093723663,-1740.9713062073756,1598.9831283531673,-3859.2951343231857,2335.470226568852,3685.303459362916,-538.4917855394425,-2159.7877118778033,-1759.8649664507798,-1439.6568346510417,544.4009796381673,2499.919541994374,1137.0848880018075,5796.249242279191,2001.0090141931141,1315.1291857042609,2884.3363905954384,-1840.9273127657855,-3385.497774378252,2035.0369025560765,-388.2093351270924,2201.6681357993016,1160.5298504948983,2426.613208462084,2529.3443405513162,3394.3161274905196,-53.09453730857343,849.9400648464392,772.6559463676483,3517.9295450534455,-2833.316503574201,-1190.4364438469718,601.2614813081442,-2821.5369618589075,2589.273034348478,-4133.203547117576,122.3280797629808,572.3214760078878,-1632.287319568004,-2918.054572485583,-1790.6605309873657,2973.2370632585225,-1187.865732063852,-967.3460997974079,997.2676122472895
4496.994142713662,-2761.007395473291,223.16768507296814,2742.3898275616457,-3982.114529596643,4137.8260743301835,-8865.928866559254,-4986.816172117731,974.7223170642044,3310.810309969876,5554.673132601128,2185.8248086024387,-2336.7429335542893,2145.5005199360126,-5179.597596287378,3134.1989787493358,4945.511187785213,-722.8654243172247,-2898.4889789743115,-2361.854200464018,-1932.1825009038903,730.3542610609095,3355.2514144043184,1526.1755940145451,7778.626570202671,2685.489084105881,1764.9600338019577,3870.9813189596434,-2470.3763737002687,-4543.11099174804,2731.086202896035,-520.6891211249873,2954.458680477337,1557.35911302,3256.6442120437764,3394.3161274905196,4555.301664123414,-71.44952138412896,1141.2027634469562,1036.7107688757812,4721.709678972249,-3802.1459872981786,-1597.4744469157292,807.436596863851,-3786.6369946989034,3474.523866726335,-5547.1075930628995,163.82615774510398,767.5877938422719,-2190.6733444809574,-3916.1904474190874,-2402.9738759999145,3990.7869293837243,-1594.1298134545916,-1298.1218910566092,1338.3522055344097
