V1,V2,V3,V4,V5,V6,V7,V8,V9,V10,V11,V12,V13,V14,V15,V16,V17,V18,V19,V20,V21,V22,V23,V24,V25,V26,V27,V28,V29,V30,V31,V32,V33,V34,V35,V36,V37,V38,V39,V40,V41,V42,V43,V44,V45,V46,V47,V48,V49,V50,V51,V52,V53,V54,V55,V56
100.0012060346974,35.75706624538258,50.567400096887866,89.84821268255733,1.7947788368411817,-188.81889510523973,-100.17920106199522,-5.601188007584156,136.90248126963107,17.918265525447172,81.44298999112101,-66.89726841827161,145.51811794564884,-36.519207432227375,-67.59110666009147,10.155955158558651,-113.32366727028702,4.665618601984948,24.795805009852124,59.61722215483102,-41.23983093401476,18.299197769035487,-43.39256487611335,-15.53228323579105,0.3497063487549534,-93.06744332337793,37.24727164081158,108.75884522265737,-67.80257902707888,56.37642755470514,129.91816597590181,45.21264649813409,-32.292487806327514,-79.46145557217524,81.79674158959229,108.77820815515955,58.03699845773654,-23.067727433157096,-165.8935851508298,-136.0337114226519,11.964691909644955,-62.53214264217726,-77.0470780632347,20.558223480394673,-36.41368380202796,9.298301173303287,56.75322185514002,-44.830614491414366,42.39773473252718,66.98656868654344,87.07074127867803,36.326008793070756,95.16425838288264,38.97372857586792,45.59648661893253,99.03991233526827
35.75706624538258,13.026069245447626,17.99448559709582,31.6639928803333,0.5576866793459425,-67.6141910392413,-35.344253217367246,-1.6739751661650593,48.93683133075883,6.391130629436871,28.468116322194895,-23.459325606771827,52.04486962712098,-13.35247637160879,-24.07685956755407,3.115347422314976,-40.532031907391136,1.8702102513011085,9.070276564851111,21.01927246853174,-14.912295882266589,6.78260430888698,-15.59702206539276,-5.039412963058147,-0.10105287083210464,-32.72491534161204,13.088831893164318,38.902172082170324,-24.341248956913056,19.995682477885584,46.86256822125231,16.517348534592042,-11.818748541215252,-28.805513252848893,29.06951158342251,39.148237355114766,21.307053320678868,-7.843570094411789,-59.18117722268465,-48.77515718712623,4.619573614595208,-22.702786874625904,-27.476018593913647,7.325297984568304,-13.078413066539603,2.9239964139925156,20.523046407419265,-15.66444570856931,15.03668399494852,23.589480566608984,31.109397040347496,12.811715529371734,34.030905381242604,13.818397017403818,16.541837573550218,35.23219962656409
50.567400096887866,17.99448559709582,25.654889006452116,45.6134889028384,0.9306895282589116,-95.48666605204609,-50.8570863542077,-2.9813521781732857,69.30232987470816,9.06856071567232,41.46949917966718,-34.00673190816173,73.65318966862215,-18.363217635451573,-34.238311970392985,5.315327932867813,-57.31889540843529,2.278147351711394,12.493402614699905,30.322577429631902,-20.799879545940865,9.188660820090957,-21.940173666239282,-8.051754988762957,0.23254968275774748,-47.30461500513854,18.917642872707074,55.04683165175269,-34.249971134139486,28.590776922568608,65.5725560147952,22.71714655266342,-16.231529590567124,-40.037228815399224,41.453580384387436,54.94780755595449,29.153544545267728,-11.842476796486334,-83.9766260517003,-68.79118535282343,5.876028076861694,-31.50208417521147,-39.04269291429095,10.420014353177677,-18.40188299031484,4.90570503522281,28.59853924351208,-22.798847302968845,21.517889323895467,34.01992512278509,44.049544857588565,18.480157155650446,48.170277729387564,19.7589371703437,22.99655487543407,50.18779640994121
89.84821268255733,31.6639928803333,45.6134889028384,81.7756949877891,1.777908111312512,-169.44823406083853,-91.03644133130153,-5.7234086876884,123.06227790316235,16.088234981566625,74.76187648526857,-61.061765246653174,130.66097559073728,-32.04501883144516,-60.91408268082015,10.295801391707068,-101.74179991530798,3.677047825086807,21.88683940191291,54.23681171729224,-36.70387557566591,15.820948749776223,-38.753862107525535,-15.145019200277316,0.827301484153074,-84.79262178083611,33.94174345244591,97.70607663475575,-60.60755864400948,51.036545188945674,115.67473296497212,39.71969710706367,-28.333248679787093,-70.43360843604007,73.85819413827085,97.13550785882948,50.84825817407049,-21.66479774567039,-149.37827598089035,-121.93746635692257,9.949913386648618,-55.404004996074946,-69.33477612560449,18.55696534984393,-32.60735940058601,9.246950332950565,50.51680402767823,-41.09429912113699,38.38135925647856,61.04721205388917,78.27804296496875,33.00133996389259,85.49169814406856,35.25678551447254,40.43718816056643,89.38815985591177
1.7947788368411817,0.5576866793459425,0.9306895282589116,1.777908111312512,0.06793553194047179,-3.351145495254562,-1.9572651375215122,-0.20740418113322187,2.4511847029213416,0.33316431157943366,1.676048791983545,-1.3642528289973888,2.59428507128688,-0.5632125492898105,-1.2456331164456282,0.36712278007367055,-2.0303827372339165,0.012167288672275922,0.36412906460979955,1.1666507260937822,-0.6799791791654899,0.25338061870294737,-0.7490705038043989,-0.4632108434896603,0.09391317014847406,-1.8686753508774672,0.7530492205838589,1.9361492121281718,-1.1734635310411297,1.0677628843447275,2.1756322483675734,0.686279463619894,-0.4872896373872752,-1.2816370477266137,1.5126146916935301,1.859868396684038,0.8567090745288634,-0.5465141144729632,-3.0129977355905275,-2.3775355209802758,0.09964069749874704,-1.0008242057543562,-1.401406073525233,0.3801599938855707,-0.6287664182467503,0.2953343556092679,0.9370983050446859,-0.9373059714817108,0.8011858382912772,1.331749130979643,1.570189250726961,0.7106089707542049,1.695540730685861,0.7414560196702151,0.7315160002085247,1.8266515024543972
-188.81889510523973,-67.6141910392413,-95.48666605204609,-169.44823406083853,-3.351145495254562,356.6244840156239,188.95973296163942,10.466616916885808,-258.54757766674805,-33.837328688888334,-153.51309306155696,126.1164483062295,-274.8284176268374,69.10567387690365,127.61311576840531,-18.941083026093985,214.01258951770347,-8.87796956816473,-46.92721760024044,-112.49297523946092,77.94274002297716,-34.716374374739104,81.99119787160505,29.09663866220251,-0.5459827857823766,175.53428333240439,-70.22881388973347,-205.39721737052062,128.0705205804628,-106.39914391139223,-245.52391513542864,-85.52089438096912,61.10468919809671,150.19793764264028,-154.37051516052648,-205.53002773354714,-109.8496105097848,43.40659419652672,313.1987881534538,256.95549570207766,-22.703623055300056,118.20546529522699,145.50354607411717,-38.810914829366624,68.79374963774474,-17.43597859219535,-107.24059538745857,84.49247393700468,-80.03286713097047,-126.32709286838205,-164.41582134034317,-68.56004134521173,-179.73136213043603,-73.54948426346228,-86.22041691275966,-186.9415645769299
-100.17920106199522,-35.344253217367246,-50.8570863542077,-91.03644133130153,-1.9572651375215122,188.95973296163942,101.40665879519057,6.318297801888518,-137.22576456359099,-17.950531005727232,-83.11995926956997,67.98318629937846,-145.7544545187501,35.86408438998627,67.89859741082168,-11.304324605136065,113.46976203727239,-4.20166576566871,-24.450463244610436,-60.39628262788386,40.97432291377325,-17.72829936172237,43.27663698049373,16.709172582619537,-0.8173951484277815,94.40299130566358,-37.78474877539348,-108.9693842279582,67.67572904637312,-56.85066353218607,-129.20079466988594,-44.46516888110113,31.714433243458096,78.71684364802552,-82.34423970838428,-108.41971236202558,-56.88676522496887,24.031689605300468,166.53821679767896,136.03145317003688,-11.209607755950673,61.91593863162206,77.32873528215246,-20.676034567264377,36.361488223456035,-10.210496377651124,-56.37352099054807,45.701354058209816,-42.75544668351576,-67.93826034381313,-87.27911520792334,-36.763872034440006,-95.34657692697323,-39.28368243279901,-45.1784870447478,-99.64823571503997
-5.601188007584156,-1.6739751661650593,-2.9813521781732857,-5.7234086876884,-0.20740418113322187,10.466616916885808,6.318297801888518,0.8094053668095816,-7.738082297588515,-1.0036905140841443,-5.615962853191325,4.398735194864998,-8.146667535993979,1.5542415478581666,3.9246583920349045,-1.3361682456652217,6.321864794558931,0.07575476208089642,-1.1324634528616293,-3.816179052320586,2.075100414912477,-0.6456041210298402,2.2962635331788213,1.64374932037891,-0.3440105749468929,6.021924677264158,-2.406170036987543,-6.1064482255340184,3.626900913112527,-3.4185111167784084,-6.640563797281073,-1.9617327994054883,1.3727828553559684,3.833366930011513,-4.855748166786257,-5.71621857643441,-2.3963221931228116,1.9333509097112405,9.52932447077475,7.464621634740723,-0.12654137576863284,2.9778359298985926,4.432901732731169,-1.1994597645827172,1.9739726255121433,-1.1533465198909405,-2.8472706696242813,3.0510721832833054,-2.580392488592739,-4.31118858669497,-4.9210587257720295,-2.30732346714129,-5.355320347043061,-2.351712962990021,-2.2126986211459316,-5.839822731006602
136.90248126963107,48.93683133075883,69.30232987470816,123.06227790316235,2.4511847029213416,-258.54757766674805,-137.22576456359099,-7.738082297588515,187.5172932183365,24.528645747178807,111.63597370641162,-91.63131134499594,199.3062760123471,-49.958243217726,-92.57201377347188,13.94264977035226,-155.1612023786549,6.349341011131796,33.97270907806727,81.7311920568893,-56.45418663137112,25.047370140227365,-59.42710442474831,-21.325241642554268,0.4626438131552537,-127.50845665596995,51.00618873762213,148.9662966049488,-92.81137629334508,77.228232464275,177.84847655402902,61.83517864245714,-44.17844988975326,-108.73897872322753,112.03185082095861,148.93546566345233,79.40265679672001,-31.6665580794376,-227.18161823962262,-186.29468828288125,16.28254884077107,-85.58125210566392,-105.55319797055087,28.16673310438408,-49.86084755559948,12.845937872136242,77.65715075555129,-61.40413322314074,58.0990661231582,91.76291669685155,119.2211765862203,49.803327915371874,130.34724501306223,53.3746196647155,62.43583068887838,135.6590620179574
17.918265525447172,6.391130629436871,9.06856071567232,16.088234981566625,0.33316431157943366,-33.837328688888334,-17.950531005727232,-1.0036905140841443,24.528645747178807,3.238781067182197,14.50898803836319,-12.005320448162625,26.105189909184475,-6.618305674478264,-12.12100824828097,1.793698497432605,-20.33155235180455,0.8693694141987157,4.4216265016642,10.675147666159587,-7.391426388431904,3.331252652622922,-7.811516051952696,-2.758173978782076,0.044162359375590744,-16.696237317295797,6.6827771444605135,19.488232757588587,-12.181093044380036,10.093532693262484,23.34397100999209,8.1596454196585,-5.835445413824906,-14.283282507775779,14.644154916035141,19.526106407474035,10.46479306582713,-4.098945958781508,-29.713651044124635,-24.371337196083616,2.167406441107082,-11.240430861027804,-13.829474936185038,3.6845622516506196,-6.509537849762517,1.648943526183842,10.156105468762982,-8.024252160311772,7.590697177248014,11.98189626914684,15.606581568413679,6.520153301514164,17.051581488582574,6.989737701205678,8.189723037299446,17.736530842121546
81.44298999112101,28.468116322194895,41.46949917966718,74.76187648526857,1.676048791983545,-153.51309306155696,-83.11995926956997,-5.615962853191325,111.63597370641162,14.50898803836319,68.93659734402111,-55.859776743259545,118.35473692844715,-28.41621412134203,-55.32429339027193,10.07581576440307,-92.13566647711258,2.9288316964417302,19.68606455078942,49.62441761649567,-33.05937219949715,13.895768688195123,-34.910447530310805,-14.482013905495922,1.0936205119690756,-77.529702646998075,31.022974767749336,88.58486277743847,-54.66768625083044,46.524414860021366,104.09182154845098,35.311765374264404,-25.15927154747701,-63.152387383687106,67.20061761823138,87.62539479465917,45.176552325859234,-20.29701543876622,-135.63690539696927,-110.40311811077976,8.45315528384594,-49.64725572105911,-62.89740253192066,16.869667529947467,-29.54997974474434,8.993615395777303,45.53501180107402,-37.74747066488304,35.00481799825438,55.891478711630775,70.9829402348724,30.13969023594647,77.52582388966927,32.09157434440267,36.3052924898051,81.29809666282834
-66.89726841827161,-23.459325606771827,-34.00673190816173,-61.061765246653174,-1.3642528289973888,126.1164483062295,67.98318629937846,4.398735194864998,-91.63131134499594,-12.005320448162625,-55.859776743259545,45.67284633206679,-97.3153592699766,23.798545980193428,45.397394686568425,-7.849678171704116,75.76722014595204,-2.6962427491284693,-16.195792660136647,-40.498500988731564,27.261141869895173,-11.715629812257832,28.855065642808494,11.460744062333816,-0.6870869037837432,63.369433524034285,-25.373355897522913,-72.7476328859855,45.125597581497885,-38.05494976755696,-86.03023471083237,-29.488523402966766,21.02700764771893,52.33636411729555,-55.07483655529363,-72.2530871226075,-37.68193919925443,16.26525018662921,111.27157210557966,90.73820222575603,-7.290625837389656,41.148550934455855,51.67692089550527,-13.824500783235278,24.24186518412914,-7.035620992958459,-37.50898488708797,30.731649032549814,-28.61960041684331,-45.576555763695545,-58.29214167033407,-24.653163623023104,-63.65658143867892,-26.303030113668164,-30.02660609161042,-66.6324494722832
145.51811794564884,52.04486962712098,73.65318966862215,130.66097559073728,2.59428507128688,-274.8284176268374,-145.7544545187501,-8.146667535993979,199.3062760123471,26.105189909184475,118.35473692844715,-97.3153592699766,211.9146553190762,-53.288275963531774,-98.3804439828658,14.636221452183324,-164.9636304529616,6.877995885620541,36.1296558546368,86.7783165536114,-60.05352175134911,26.740848376884376,-63.25043955047172,-22.483280178916676,0.3899946410492399,-135.40341010083498,54.169014992215764,158.3518458228978,-98.75883328300732,82.0231102281262,189.2832756895077,65.93496673925577,-47.11056781302287,-115.79038024271908,119.05542621910482,158.4348661792438,84.63340948606607,-33.497738939653516,-241.43641230913005,-198.0613111465386,17.44508369828088,-91.13014908701435,-112.21499630605447,29.925869632996896,-52.987820110219396,13.522618855514477,82.58650102480557,-65.1476855683625,61.703853154180464,97.39699621664343,126.71869920128597,52.902365053969135,138.5557539435927,56.71024744875269,66.45761493307567,144.15666908622245
-36.519207432227375,-13.35247637160879,-18.363217635451573,-32.04501883144516,-0.5632125492898105,69.10567387690365,35.86408438998627,1.5542415478581666,-49.958243217726,-6.618305674478264,-28.41621412134203,23.798545980193428,-53.288275963531774,14.062343040556131,24.57495015703026,-2.8109850471300493,41.49927997148556,-2.1568996977920096,-9.285668349850672,-21.281632286816876,15.318658568663544,-7.236520822764277,16.1087289865421,4.771953453594825,0.29423155170145227,33.20133911980431,-13.282952317945284,-39.739736152236496,25.062492391957754,-20.297357228433047,-48.354108814062826,-17.294779512472484,12.397975066059123,29.819388083666286,-29.588845386405946,-40.24473736179723,-22.277051344258997,7.674098362887641,60.33414204176028,49.88227467071487,-4.992249845675847,23.495757459831673,28.119310694530725,-7.455693119495088,13.334335331311497,-2.721549839728835,-21.030577219508814,15.768492167590217,-15.263756077667603,-23.806016472614164,-31.774625405840837,-13.034931095856798,-34.764761878109695,-14.076897111673787,-17.084510046990946,-35.87020142747501
-67.59110666009147,-24.07685956755407,-34.238311970392985,-60.91408268082015,-1.2456331164456282,127.61311576840531,67.89859741082168,3.9246583920349045,-92.57201377347188,-12.12100824828097,-55.32429339027193,45.397394686568425,-98.3804439828658,24.57495015703026,45.738394853427536,-7.064195165962105,76.60350158231644,-3.062416469604114,-16.693522121330624,-40.44774406457281,27.810414628591328,-12.302965997854733,29.30736245122881,10.70610238577552,-0.32117763636322944,63.14722721387349,-25.26639659935536,-73.52665989798037,45.77613718783025,-38.18268734251259,-87.65209294651964,-30.402818185463403,21.71905941669327,53.540253873840754,-55.35411499674023,-73.43773877561215,-39.020786487360354,15.76248362003442,112.19121335423984,91.91027414672645,-7.924104203549454,42.1224374865954,52.13252584321964,-13.913395689698028,24.597401680203745,-6.468719026120857,-38.26145040790714,30.44522598943491,-28.725523291286766,-45.42605445339994,-58.8678074429283,-24.649095951198635,-64.34290242020872,-26.3942253602904,-30.73601219080714,-67.0199073507497
10.155955158558651,3.115347422314976,5.315327932867813,10.295801391707068,0.36712278007367055,-18.941083026093985,-11.304324605136065,-1.3361682456652217,13.94264977035226,1.793698497432605,10.07581576440307,-7.849678171704116,14.636221452183324,-2.8109850471300493,-7.064195165962105,2.3635295822311666,-11.408950236081466,-0.1279250406898427,2.077750960097869,6.792678559195401,-3.7865758767665736,1.1528008383760473,-4.109408598983113,-2.9167592772708395,0.6454682585833978,-10.750308136475846,4.315676407292221,11.002343939427242,-6.512011894690369,6.152473947763594,11.965332546309186,3.547528804449287,-2.486329282507929,-6.955223586569868,8.706812675899275,10.337097209886254,4.402604945464997,-3.4038280713150857,-17.193540810017492,-13.470614363787742,0.317374382319393,-5.4283957918259444,-7.9202977268890615,2.1710293120162465,-3.5884847529616706,1.9390040300863904,5.242489086209981,-5.475904382708084,4.625483288261958,7.767102043211941,8.890512404759194,4.082684080991368,9.636014376496753,4.224635592714369,4.007492013310877,10.488941618688838
-113.32366727028702,-40.532031907391136,-57.31889540843529,-101.74179991530798,-2.0303827372339165,214.01258951770347,113.46976203727239,6.321864794558931,-155.1612023786549,-20.33155235180455,-92.13566647711258,75.76722014595204,-164.9636304529616,41.49927997148556,76.60350158231644,-11.408950236081466,128.46057949980906,-5.341005785043245,-28.115504432852653,-67.53508241539602,46.75819565885972,-20.839387765289025,49.22752887034655,17.501345320570795,-0.3403261400440048,105.42649422940683,-42.18598979914747,-123.26604802147016,76.88967713081334,-63.86422308173911,-147.36867215620583,-51.34355469193804,36.681980643809965,90.14551094468109,-92.6708120544136,-123.34823504099845,-65.90875211646801,26.067478170398932,187.97768445501276,154.1939873290153,-13.613522731749878,70.93441027471276,87.34978489625806,-23.29166916063438,41.26609681209738,-10.492575448613621,-64.32542276392908,50.74488574264177,-48.0359329502039,-75.83801819075332,-98.68048097908517,-41.17183987606044,-107.8639516706497,-44.160890493886455,-51.729235074624796,-112.21326589248513
4.665618601984948,1.8702102513011085,2.278147351711394,3.677047825086807,0.012167288672275922,-8.87796956816473,-4.20166576566871,0.07575476208089642,6.349341011131796,0.8693694141987157,2.9288316964417302,-2.6962427491284693,6.877995885620541,-2.1568996977920096,-3.062416469604114,-0.1279250406898427,-5.341005785043245,0.538156058139226,1.317041215332827,2.4365898383804083,-2.0997425748266028,1.1671834120491615,-2.1910144917347325,-0.12304787431226426,-0.2742068393793079,-3.781131868889939,1.5185465021637998,5.091625250942315,-3.3765864616765393,2.4257191199491808,6.666871246117239,2.6362142622206375,-1.8990091691473887,-4.26441598379282,3.659298339802397,5.416143977073305,3.402261760968332,-0.5732261362334543,-7.58382161127527,-6.48762935325662,0.9866422681255262,-3.3786892633762835,-3.561503698014862,0.9223421829459078,-1.7203038704442162,-0.029692293115546727,2.865134993534329,-1.676179982158483,1.8172266006271725,2.6844422540581374,4.034180611758227,1.5177683334321896,4.44158539540164,1.7042955166396634,2.411638735020839,4.4406960116931415
24.795805009852124,9.070276564851111,12.493402614699905,21.88683940191291,0.36412906460979955,-46.92721760024044,-24.450463244610436,-1.1324634528616293,33.97270907806727,4.4216265016642,19.68606455078942,-16.195792660136647,36.1296558546368,-9.285668349850672,-16.693522121330624,2.077750960097869,-28.115504432852653,1.317041215332827,6.345482036284688,14.568068513218494,-10.368341889025277,4.74365064953908,-10.833008537497872,-3.416062207471759,-0.1163591711856539,-22.62136629526137,9.036852879091029,27.009301637304365,-16.897542970402696,13.853729608432388,32.5743480561551,11.493473752840897,-8.227559046445943,-20.03099300647503,20.15832362201435,27.196454778378563,14.84567981017012,-5.404860170419599,-41.04407945032885,-33.88044144684945,3.2260311839777183,-15.7849473662488,-19.071270905279917,5.07695594558699,-9.091969935597344,2.0066944816803383,14.262654871890266,-10.802721491115312,10.428122405948342,16.306579685255826,21.576104826665098,8.881246509461732,23.631978498865003,9.566919537384214,11.516181941217036,24.431915875492948
59.61722215483102,21.01927246853174,30.322577429631902,54.23681171729224,1.1666507260937822,-112.49297523946092,-60.39628262788386,-3.816179052320586,81.7311920568893,10.675147666159587,49.62441761649567,-40.498500988731564,86.7783165536114,-21.281632286816876,-40.44774406457281,6.792678559195401,-67.53508241539602,2.4365898383804083,14.568068513218494,36.05142209112177,-24.36483438802881,10.556656878177296,-25.742757222567455,-10.02401825151412,0.5185511522637437,-56.280637069318445,22.50942649299286,64.88688572937835,-40.21703579123099,33.88113689546287,76.80747351960296,26.35032581562648,-18.812331599800952,-46.747730814548866,49.02809401211556,64.49810066723207,33.77572750662315,-14.388396525716594,-99.14386806933958,-80.97231540589931,6.560134222549789,-36.76410606068575,-46.06955615953876,12.31945304167499,-21.660376552503855,6.1847578267248355,33.51454889727443,-27.241756249500547,25.50280961363043,40.49199432001163,51.95216258319168,21.94758934869315,56.78688543993939,23.399469130044558,26.865936582070386,59.34001134643196
-41.23983093401476,-14.912295882266589,-20.799879545940865,-36.70387557566591,-0.6799791791654899,77.94274002297716,40.97432291377325,2.075100414912477,-56.45418663137112,-7.391426388431904,-33.05937219949715,27.261141869895173,-60.05352175134911,15.318658568663544,27.810414628591328,-3.7865758767665736,46.75819565885972,-2.0997425748266028,-10.368341889025277,-24.36483438802881,17.134371234046803,-7.742551018920716,17.982781384467057,6.006473228120464,0.0469032634975795,37.98042140679671,-15.192998821635017,-44.87319235145592,28.068067317734574,-23.123775712873993,-53.93742502734852,-18.950769371038437,13.550515434594956,33.1011259436224,-33.611276366816114,-45.07487540097164,-24.378939305767695,9.19907755721652,68.31955540476912,56.21266169383768,-5.201730886226531,26.074321903147972,31.740153244072182,-8.458937882416159,15.04988963045229,-3.535872702221677,-23.56607918690758,18.20858551538264,-17.389263341993903,-27.342733962425214,-35.89367933218224,-14.857209581155734,-39.25598408483287,-15.988896116547764,-18.997622708111273,-40.71944636749026
18.299197769035487,6.78260430888698,9.188660820090957,15.820948749776223,0.25338061870294737,-34.716374374739104,-17.72829936172237,-0.6456041210298402,25.047370140227365,3.331252652622922,13.895768688195123,-11.715629812257832,26.740848376884376,-7.236520822764277,-12.302965997854733,1.1528008383760473,-20.839387765289025,1.1671834120491615,4.74365064953908,10.556656878177296,-7.742551018920716,3.8406428558737917,-8.126064550013,-2.126781497799087,-0.2407818562240425,-16.42477026581161,6.559848421079186,19.91769719827164,-12.60667875564086,10.101909181852887,24.462695849989096,8.843636919517657,-6.363006985533379,-15.118529669887177,14.725692825306778,20.300353150390652,11.46578314609244,-3.6519816714606796,-30.147965317946795,-25.060365812799816,2.6433433703653773,-11.894541618287429,-14.1043805848922,3.7129753649947674,-6.723938751106992,1.2027098325343102,10.627196735284407,-7.731755595392396,7.613237873560102,11.734778498204191,15.924953846474448,6.493478667955074,17.445127841780785,7.014324229461071,8.675253713057096,17.869890178540036
-43.39256487611335,-15.59702206539276,-21.940173666239282,-38.753862107525535,-0.7490705038043989,81.99119787160505,43.27663698049373,2.2962635331788213,-59.42710442474831,-7.811516051952696,-34.910447530310805,28.855065642808494,-63.25043955047172,16.1087289865421,29.30736245122881,-4.109408598983113,49.22752887034655,-2.1910144917347325,-10.833008537497872,-25.742757222567455,17.982781384467057,-8.126064550013,18.949320628504154,6.45387673400672,0.015237235084947858,40.16531836881561,-16.066336060375587,-47.235602150629084,29.5476372962381,-24.377291786763955,-56.7170674613318,-19.896919266971505,14.229770230380431,34.77010914209774,-35.43035290956574,-47.40366586673818,-25.5512574314033,9.775257140976526,71.93438180720956,59.124325347785884,-5.379427918734777,27.38100203967335,33.465388752090334,-8.913876296578806,15.802160860107598,-3.8445460755748684,-24.70611964905048,19.256702677651752,-18.33669417368903,-28.861538968637856,-37.78108281026374,-15.713765209894312,-41.322859228145646,-16.868673669008263,-19.9476859290445,-42.913707588288624
-15.53228323579105,-5.039412963058147,-8.051754988762957,-15.145019200277316,-0.4632108434896603,29.09663866220251,16.709172582619537,1.64374932037891,-21.325241642554268,-2.758173978782076,-14.482013905495922,11.460744062333816,-22.483280178916676,4.771953453594825,10.70610238577552,-2.9167592772708395,17.501345320570795,-0.12304787431226426,-3.416062207471759,-10.02401825151412,6.006473228120464,-2.126781497799087,6.45387673400672,3.773481650861909,-0.6552548349425132,15.775252788928215,-6.322349671683888,-16.871779412243864,10.148693813513411,-9.194096591105659,-18.940093120215412,-5.960879605986696,4.218155591185883,11.223030538582268,-13.113871782966811,-16.19592604567679,-7.51952450066517,4.654968920610897,26.129762827354917,20.79506247909722,-0.9378782817204854,8.802800600843812,12.076141664782861,-3.289675055728967,5.542071400544912,-2.4567620945954975,-8.28571309412806,7.889773322903816,-6.915711042813625,-11.387187497143909,-13.571398259758471,-6.049670246173025,-14.764087524658596,-6.323264094967226,-6.4670961245897765,-15.83230001679018
0.3497063487549534,-0.10105287083210464,0.23254968275774748,0.827301484153074,0.09391317014847406,-0.5459827857823766,-0.8173951484277815,-0.3440105749468929,0.4626438131552537,0.044162359375590744,1.0936205119690756,-0.6870869037837432,0.3899946410492399,0.29423155170145227,-0.32117763636322944,0.6454682585833978,-0.3403261400440048,-0.2742068393793079,-0.1163591711856539,0.5185511522637437,0.0469032634975795,-0.2407818562240425,0.015237235084947858,-0.6552548349425132,0.31492693353459467,-0.8907554128163823,0.37058556194436787,0.3225277362222591,-0.03485485002610798,0.38287330490842586,-0.1484771020505687,-0.3412397424586632,0.2647517849565203,0.2602060721055715,0.43587777420975626,0.02614777864439301,-0.48216690201919143,-0.548431323472851,-0.697823428434148,-0.2825553749321782,-0.35730297426635876,0.24167077851213364,-0.282942742223413,0.09800253447171116,-0.08998119206015376,0.45835117190602614,-0.023351819629052833,-0.5761573777590497,0.28707130675804104,0.6591550610052356,0.3188265793245332,0.2898466074892069,0.2968649157031628,0.25346770705083743,-0.1481167651737219,0.5015499968807104
-93.06744332337793,-32.72491534161204,-47.30461500513854,-84.79262178083611,-1.8686753508774672,175.53428333240439,94.40299130566358,6.021924677264158,-127.50845665596995,-16.696237317295797,-77.529702646998075,63.369433524034285,-135.40341010083498,33.20133911980431,63.14722721387349,-10.750308136475846,105.42649422940683,-3.781131868889939,-22.62136629526137,-56.280637069318445,37.98042140679671,-16.42477026581161,40.16531836881561,15.775252788928215,-0.8907554128163823,88.00032275215969,-35.21875949809465,-101.2238561981921,62.781804719453675,-52.906570100307604,-119.80402654080223,-41.10452683987429,29.331350391827666,72.89885758318408,-76.54151209804232,-100.60285212616023,-52.6120712743713,22.51666941490672,154.75795484689166,126.2962054932102,-10.220269088532708,57.319529897877636,71.89431965281729,-19.22652280122564,33.76509086575145,-9.689469284096335,-52.25391284145075,42.63899045752532,-39.802212318199174,-63.291716695244894,-81.10141125477227,-34.26830916614526,-88.58450564549402,-36.560329610297,-41.85666238593177,-92.63170624557327
37.24727164081158,13.088831893164318,18.917642872707074,33.94174345244591,0.7530492205838589,-70.22881388973347,-37.78474877539348,-2.406170036987543,51.00618873762213,6.6827771444605135,31.022974767749336,-25.373355897522913,54.169014992215764,-13.282952317945284,-25.26639659935536,4.315676407292221,-42.18598979914747,1.5185465021637998,9.036852879091029,22.50942649299286,-15.192998821635017,6.559848421079186,-16.066336060375587,-6.322349671683888,0.37058556194436787,-35.21875949809465,14.1035346335885,40.49312021542933,-25.125651442565918,21.168167040223842,47.932389216227655,16.450481578989915,-11.733791076736921,-29.172976106853234,30.63344175093644,40.24782538262728,21.04219602609835,-9.006087239539573,-61.924717674160455,-50.522686125811205,4.098967425440205,-22.93422451387375,-28.757549612062597,7.690640336333175,-13.507343283597587,3.8654652633244444,20.91264684442233,-17.071662994953957,15.92005152098191,25.331801897320187,32.451554049219396,13.704231767004178,35.43598633039682,14.632079437422936,16.73639605398023,37.06556083432561
108.75884522265737,38.902172082170324,55.04683165175269,97.70607663475575,1.9361492121281718,-205.39721737052062,-108.9693842279582,-6.1064482255340184,148.9662966049488,19.488232757588587,88.58486277743847,-72.7476328859855,158.3518458228978,-39.739736152236496,-73.52665989798037,11.002343939427242,-123.26604802147016,5.091625250942315,27.009301637304365,64.88688572937835,-44.87319235145592,19.91769719827164,-47.235602150629084,-16.871779412243864,0.3225277362222591,-101.2238561981921,40.49312021542933,118.35275174110672,-73.76481287562935,61.32630115000925,141.3659352044417,49.1922548913729,-35.14526318989727,-86.46421420979821,88.993191199073,118.36479465294171,63.160397249667156,-25.095928738206148,-180.46954598669296,-148.02054512784684,12.989293624113845,-68.06061589006663,-83.84882638725965,22.375596095350204,-39.60832664726901,10.147885883803712,61.71972277515,-48.727783219569474,46.132775066107406,72.84918954920805,94.70648440583446,39.539706084334235,103.55231429997056,42.386406824220145,49.639506305674786,107.76071426395536
-67.80257902707888,-24.341248956913056,-34.249971134139486,-60.60755864400948,-1.1734635310411297,128.0705205804628,67.67572904637312,3.626900913112527,-92.81137629334508,-12.181093044380036,-54.66768625083044,45.125597581497885,-98.75883328300732,25.062492391957754,45.77613718783025,-6.512011894690369,76.88967713081334,-3.3765864616765393,-16.897542970402696,-40.21703579123099,28.068067317734574,-12.60667875564086,29.5476372962381,10.148693813513411,-0.03485485002610798,62.781804719453675,-25.125651442565918,-73.76481287562935,46.15698527406041,-38.0981801873878,-88.52967675880488,-31.031293594245888,22.16148420597194,54.25470838935951,-55.394579141256806,-73.98277598532968,-39.781980725005056,15.343785064789802,112.40672204753334,92.34596828520681,-8.385845405173216,42.69704013084426,52.248668460373274,-13.90820738201132,24.69347643235893,-6.043316626679241,-38.594926655888045,30.14602394402546,-28.646717374715426,-45.14008039414284,-59.03076409671121,-24.534388400815278,-64.53986785195815,-26.361788161074763,-31.101049715618537,-67.06629491012438
56.37642755470514,19.995682477885584,28.590776922568608,51.036545188945674,1.0677628843447275,-106.39914391139223,-56.85066353218607,-3.4185111167784084,77.228232464275,10.093532693262484,46.524414860021366,-38.05494976755696,82.0231102281262,-20.297357228433047,-38.18268734251259,6.152473947763594,-63.86422308173911,2.4257191199491808,13.853729608432388,33.88113689546287,-23.123775712873993,10.101909181852887,-24.377291786763955,-9.194096591105659,0.38287330490842586,-52.906570100307604,21.168167040223842,61.32630115000925,-38.0981801873878,31.934013047922292,72.85182540796784,25.13816853853845,-17.947443860662734,-44.42944704243064,46.24895785853951,61.10983147569836,32.2414305241715,-13.364505575806685,-93.65427130819545,-76.60439625329761,6.429670715502553,-34.95423323079497,-43.492493339463294,11.624862942568813,-20.499693822449714,5.591938259553477,31.82017470350797,-25.571498623766175,24.023345480517012,38.08497374037415,49.110056938175326,20.628388457692665,53.66448949417219,22.061389911503646,25.51749451518734,55.98970005337626
129.91816597590181,46.86256822125231,65.5725560147952,115.67473296497212,2.1756322483675734,-245.52391513542864,-129.20079466988594,-6.640563797281073,177.84847655402902,23.34397100999209,104.09182154845098,-86.03023471083237,189.2832756895077,-48.354108814062826,-87.65209294651964,11.965332546309186,-147.36867215620583,6.666871246117239,32.5743480561551,76.80747351960296,-53.93742502734852,24.462695849989096,-56.7170674613318,-18.940093120215412,-0.1484771020505687,-119.80402654080223,47.932389216227655,141.3659352044417,-88.52967675880488,72.85182540796784,170.05394314043582,59.800525180510235,-42.74654499765816,-104.33705780819422,105.95797794619244,142.02706147307126,76.80624023414877,-29.000190755460316,-215.24071063187858,-177.0787584259302,16.375747675038067,-82.13099284119,-100.0850318780692,26.6265776717748,-47.37948853861553,11.211161061405635,74.15982530724763,-57.40682713824058,54.791839944622744,86.13121353001605,113.09341437744078,46.878633803430674,123.6906806150527,50.41124379328772,59.8328680016618,128.32333979390776
45.21264649813409,16.517348534592042,22.71714655266342,39.71969710706367,0.686279463619894,-85.52089438096912,-44.46516888110113,-1.9617327994054883,61.83517864245714,8.1596454196585,35.311765374264404,-29.488523402966766,65.93496673925577,-17.294779512472484,-30.402818185463403,3.547528804449287,-51.34355469193804,2.6362142622206375,11.493473752840897,26.35032581562648,-18.950769371038437,8.843636919517657,-19.896919266971505,-5.960879605986696,-0.3412397424586632,-41.10452683987429,16.450481578989915,49.1922548913729,-31.031293594245888,25.13816853853845,59.800525180510235,21.364080056961452,-15.282369080269023,-36.8725011119242,36.68987972049644,49.763928779161134,27.445574183004297,-9.573370788831525,-74.7333286376221,-61.759009260802785,6.159839192763553,-29.042070270546695,-34.78095043489418,9.21976766170729,-16.511236881585173,3.4115849968152023,26.03567561009107,-19.558709926668687,18.894182764863796,29.51540101815252,39.33531134180423,16.117652588159935,43.03261063322988,17.42453932582603,21.10907420422424,44.45057652824828
-32.292487806327514,-11.818748541215252,-16.231529590567124,-28.333248679787093,-0.4872896373872752,61.10468919809671,31.714433243458096,1.3727828553559684,-44.17844988975326,-5.835445413824906,-25.15927154747701,21.02700764771893,-47.11056781302287,12.397975066059123,21.71905941669327,-2.486329282507929,36.681980643809965,-1.8990091691473887,-8.227559046445943,-18.812331599800952,13.550515434594956,-6.363006985533379,14.229770230380431,4.218155591185883,0.2647517849565203,29.331350391827666,-11.733791076736921,-35.14526318989727,22.16148420597194,-17.947443860662734,-42.74654499765816,-15.282369080269023,10.945944341161173,26.364483816571866,-26.178343206324172,-35.57708451935477,-19.67130661573571,6.799454714404983,53.36409879425593,44.12300077230949,-4.415626981746205,20.775024736291815,24.851091519658283,-6.590756004466214,11.797441082836192,-2.408987991239188,-18.608429322498054,13.938907316622478,-13.494251030779177,-21.053984418023383,-28.095454422145387,-11.512437108029717,-30.743360363555944,-12.439895902321872,-15.10547454345092,-31.729849525938455
-79.46145557217524,-28.805513252848893,-40.037228815399224,-70.43360843604007,-1.2816370477266137,150.19793764264028,78.71684364802552,3.833366930011513,-108.73897872322753,-14.283282507775779,-63.152387383687106,52.33636411729555,-115.79038024271908,29.819388083666286,53.540253873840754,-6.955223586569868,90.14551094468109,-4.26441598379282,-20.03099300647503,-46.747730814548866,33.1011259436224,-15.118529669887177,34.77010914209774,11.223030538582268,0.2602060721055715,72.89885758318408,-29.172976106853234,-86.46421420979821,54.25470838935951,-44.42944704243064,-104.33705780819422,-36.8725011119242,26.364483816571866,64.14028721248053,-64.70114135585183,-87.05808062575927,-47.38194836774442,17.427593997892703,131.54627486581472,108.38166097275497,-10.283355644660748,50.51444247752551,61.162616311271584,-16.2658356597606,28.994175968249163,-6.553931528206111,-45.508046819273666,34.85429903170933,-33.40562345443298,-52.41750449008641,-69.14544123079347,-28.540083311329543,-75.63847241124043,-30.75364442788029,-36.76153913679737,-78.36731710765079
81.79674158959229,29.06951158342251,41.453580384387436,73.85819413827085,1.5126146916935301,-154.37051516052648,-82.34423970838428,-4.855748166786257,112.03185082095861,14.644154916035141,67.20061761823138,-55.07483655529363,119.05542621910482,-29.588845386405946,-55.35411499674023,8.706812675899275,-92.6708120544136,3.659298339802397,20.15832362201435,49.02809401211556,-33.611276366816114,14.725692825306778,-35.43035290956574,-13.113871782966811,0.43587777420975626,-76.54151209804232,30.63344175093644,88.993191199073,-55.394579141256806,46.24895785853951,105.95797794619244,36.68987972049644,-26.178343206324172,-64.70114135585183,67.10341489094995,88.78758289672815,46.995383024405925,-19.218386720356712,-135.84685379242063,-111.21595147502083,9.493586308849423,-50.89420701454369,-63.092313586069395,16.840712870896578,-29.749774454610204,7.955631346254199,46.24820049769179,-36.94172807756367,34.78714405292933,55.08624788544426,71.23641177581436,29.85838748611764,77.87067709722311,31.964395174890015,37.1206634919669,81.20531156025072
108.77820815515955,39.148237355114766,54.94780755595449,97.13550785882948,1.859868396684038,-205.53002773354714,-108.41971236202558,-5.71621857643441,148.93546566345233,19.526106407474035,87.62539479465917,-72.2530871226075,158.4348661792438,-40.24473736179723,-73.43773877561215,10.337097209886254,-123.34823504099845,5.416143977073305,27.196454778378563,64.49810066723207,-45.07487540097164,20.300353150390652,-47.40366586673818,-16.19592604567679,0.02614777864439301,-100.60285212616023,40.24782538262728,118.36479465294171,-73.98277598532968,61.10983147569836,142.02706147307126,49.763928779161134,-35.57708451935477,-87.05808062575927,88.78758289672815,118.7425019362626,63.950033036943424,-24.537086504104632,-180.30021144031934,-148.18324784142504,13.47320923747578,-68.54547844323992,-83.80745726504519,22.331623992814567,-39.65275376635476,9.619526173650836,61.98309592292858,-48.28059253073064,45.963240563400845,72.36572901974681,94.69717516560209,39.3407029874804,103.55844933296464,42.265362992529006,49.95376447258263,107.53810387884094
58.03699845773654,21.307053320678868,29.153544545267728,50.84825817407049,0.8567090745288634,-109.8496105097848,-56.88676522496887,-2.3963221931228116,79.40265679672001,10.46479306582713,45.176552325859234,-37.68193919925443,84.63340948606607,-22.277051344258997,-39.020786487360354,4.402604945464997,-65.90875211646801,3.402261760968332,14.84567981017012,33.77572750662315,-24.378939305767695,11.46578314609244,-25.5512574314033,-7.51952450066517,-0.48216690201919143,-52.6120712743713,21.04219602609835,63.160397249667156,-39.781980725005056,32.2414305241715,76.80624023414877,27.445574183004297,-19.67130661573571,-47.38194836774442,46.995383024405925,63.950033036943424,35.41008359197701,-12.173365803187206,-95.875254894112,-79.31048578714986,7.958558479615498,-37.34633299303852,-44.63085742210701,11.846141053641254,-21.233271876445144,4.272243831970232,33.49588256881834,-24.9976618193933,24.247245816309206,37.79792935990641,50.4857851361045,20.660154453338762,55.25213477193238,22.33398870193511,27.170448409363335,56.97957636307959
