V1,V2,V3,V4,V5,V6,V7,V8,V9,V10,V11,V12,V13,V14,V15,V16,V17,V18,V19,V20,V21,V22,V23,V24,V25,V26,V27,V28,V29,V30,V31,V32,V33,V34,V35,V36,V37,V38,V39,V40,V41,V42,V43,V44,V45,V46,V47,V48,V49,V50,V51,V52,V53,V54,V55,V56
10280169.549667133,7060822.660527095,7967439.471648872,-6872102.268027036,-3972018.2203596868,4876763.118740611,-1113174.7897255835,-3090908.839498919,2337974.149932905,2559468.9411986065,3856951.467624634,4466814.037100367,-7855933.149699307,-926106.8159449914,-3816069.445931287,592914.522584105,456768.6926217912,-1971465.815540209,6455598.668502284,2406055.5656044134,8855190.337160304,172050.3880108492,1654418.0244722124,9031118.770102644,-993632.80948362,3331822.9056220097,-1998537.3054978997,2221154.938136999,-4635281.610497191,3341375.637284563,5741297.588520931,4706733.941093746,163165.82832068935,-2984638.0758142797,-5804218.741292972,-2104231.95167916,-9636331.305989008,7023274.847000332,5050372.157656548,626289.4848508358,1256120.8243221217,6255909.141662976,399154.1350910825,-10150046.901415665,-435049.23041414644,-1372442.5354960389,11150251.016842658,2962444.6386062205,-1198032.5608026332,820722.693468668,-1784992.656911446,6302204.142403171,-899147.7384221103,1191986.021963827,5353457.633915543,5723371.031364723
7060822.660527095,4849649.703150143,5472349.445315102,-4720029.096071214,-2728137.408799741,3349551.7705393312,-764572.0381658415,-2122957.128530872,1605812.4745317353,1757943.7644653858,2649105.221964409,3067982.741460471,-5395762.751833766,-636086.1079471132,-2621025.441547981,407236.4414477239,313726.912558989,-1354079.6515024172,4433958.562578241,1652573.139389235,6082091.951161935,118170.94501250413,1136319.7672285456,6202926.519250866,-682466.2774945935,2288426.749556723,-1372673.3730894008,1525576.3332415302,-3183692.725478291,2294987.5832960485,3943347.7591307596,3232769.3902853234,112068.7237747112,-2049966.4381084733,-3986564.9189154706,-1445268.9431222861,-6618610.106421909,4823860.129738514,3468793.9515135316,430160.2920690852,862752.8650482235,4296803.201686841,274154.7293895254,-6971449.371109632,-298808.816143227,-942646.9775742356,7658429.200265277,2034723.0683560432,-822855.9033537592,563704.8652854834,-1226002.778937091,4328600.490965371,-617569.8884496765,818702.4731727334,3676964.1823811363,3931035.433649066
7967439.471648872,5472349.445315102,6175004.721262048,-5326085.405381342,-3078433.102651691,3779637.645403868,-862743.7778904295,-2395546.9477115753,1812000.2063623022,1983665.515167371,2989253.1266402947,3461914.8866426786,-6088584.094314685,-717760.2492422696,-2957568.1970275235,459526.2612788958,354009.7245429318,-1527944.9925198515,5003283.243910958,1864765.2491834408,6863038.462187064,133344.26596005665,1282223.8391937318,6999388.571114767,-770095.3435567343,2582262.6945810243,-1548926.2567143887,1721461.8604972078,-3592482.3129136376,2589666.5238733715,4449677.774928276,3647860.1412414983,126458.33678627152,-2313184.1913756495,-4498443.978575751,-1630843.1645476327,-7468445.869021315,5443248.515864458,3914190.438403502,485393.5682196266,973531.2635393259,4848517.10799885,309356.2367537646,-7866590.585414055,-337176.0314847898,-1063684.1745617182,8641779.145426972,2295983.847209123,-928511.145341606,636085.0485011021,-1383422.793140391,4884397.14379015,-696866.6403118457,923824.2105662717,4149090.2704919204,4435784.220688529
-6872102.268027036,-4720029.096071214,-5326085.405381342,4593873.02261146,2655220.2648401787,-3260025.6300461474,744136.6984008275,2066215.1387153196,-1562892.562123022,-1710957.6654806915,-2578300.3316597817,-2985982.2277282584,5251545.694920827,619085.0246122191,2550971.096757404,-396351.944327384,-305341.6342913528,1317888.0619115352,-4315448.297825684,-1608403.4535219567,-5919530.800168913,-115012.47355141825,-1105948.3782213435,-6037135.574762346,664225.4644878072,-2227262.124492148,1335984.813624312,-1484800.9364521462,3098599.471479561,-2233647.4653887562,-3837950.5993250106,-3146364.4363463665,-109073.40267163179,1995175.2248145072,3880012.633633989,1406639.947095481,6441709.079678595,-4694928.92511615,-3376080.5513992566,-418662.9327194668,-839693.3371929668,-4181959.0164647275,-266827.2618977685,6785117.737144463,290822.34108950297,917452.0120550452,-7453735.9710369585,-1980339.2173734556,800862.8018455708,-548638.1562477553,1193234.448689867,-4212906.4608317865,601063.5474723006,-796820.6003098236,-3578686.909320621,-3825967.398560377
-3972018.2203596868,-2728137.408799741,-3078433.102651691,2655220.2648401787,1534695.4183659798,-1884267.7709267745,430104.8021029193,1194255.2265564594,-903338.6831110966,-988919.1471860597,-1490236.2605237823,-1725872.9625280176,3035349.610529105,357826.18461350695,1474440.5230493117,-229088.48925388703,-176484.73500088678,761728.5583260682,-2494292.8755504247,-929643.8605333318,-3421439.245636583,-66476.26824682935,-639228.4051387598,-3489413.908503976,383916.48198891454,-1287338.6986939013,772188.3742043289,-858202.5109655698,1790964.9421254445,-1291029.773034029,-2218303.7646708833,-1818572.3435252039,-63043.45670968933,1153194.6219398803,2242614.9557323945,813026.2536798056,3723253.915211863,-2713629.878166891,-1951346.087926094,-241983.68348725428,-485335.86238781776,-2417137.6728753676,-154223.83820930752,3921741.863678051,168092.87913055834,530279.9398814082,-4308197.318286333,-1144619.646929019,462891.8138909676,-317108.0435524975,689679.6310509675,-2435024.961340503,347409.7729408016,-460555.637968635,-2068451.4305079677,-2211377.2639984847
4876763.118740611,3349551.7705393312,3779637.645403868,-3260025.6300461474,-1884267.7709267745,2313465.847822312,-528073.959910257,-1466282.3089705778,1109101.00294127,1214174.8976917635,1829681.6162995028,2118991.6925004357,-3726740.58662702,-439331.80692312826,-1810287.8304630837,281269.99462209357,216684.49757848785,-935234.6855057853,3062442.151992852,1141397.8942036636,4200773.768068877,81618.20726519925,784831.8835035266,4284231.426669108,-471365.15342699573,1580568.474953754,-948077.0557715751,1053683.6451889582,-2198910.1162023093,1585099.9812171431,2723588.054113615,2232806.177343342,77403.50894913236,-1415868.901410171,-2753437.13856811,-998216.9490191361,-4571335.718776316,3331739.7724253875,2395823.318944727,297102.6074596209,595885.3584616332,2967712.383690326,189353.01119840704,-4815034.846560905,-206380.9940556721,-651066.6665811967,5289517.073463804,1405340.638598505,-568329.3410051108,389338.88949693606,-846774.7305528199,2989674.252819321,-426542.6175123944,565461.1317930237,2539602.5972306672,2715084.126089327
-1113174.7897255835,-764572.0381658415,-862743.7778904295,744136.6984008275,430104.8021029193,-528073.959910257,120538.76235635998,334695.0750288607,-253164.59688193578,-277148.70946943335,-417644.86375111924,-483683.0608114051,850669.3641256589,100282.40837800897,413217.939556807,-64202.91721731856,-49460.55238818073,213477.53988347677,-699035.9490052157,-260536.62652898312,-958872.7616524261,-18630.23340735467,-179146.61741478188,-977922.7002305445,107594.40030438943,-360782.2108951243,216408.91297175398,-240514.88483051283,501925.27947894705,-361816.36886375805,-621688.8415076983,-509662.5394286055,-17668.244135676126,323187.6167366255,628502.1482188089,227853.77407238458,1043457.7132558675,-760506.289364125,-546872.9056909062,-67816.70927627185,-136017.33731474355,-677412.9002278484,-43222.00596760445,1099084.5703173263,47108.806431886755,148612.93976223364,-1207390.357853378,-320784.23184476176,129727.52035893325,-88870.86926369132,193285.63197373864,-682426.0465416815,97362.91223403871,-129073.08134759963,-579692.1423537384,-619747.8549910407
-3090908.839498919,-2122957.128530872,-2395546.9477115753,2066215.1387153196,1194255.2265564594,-1466282.3089705778,334695.0750288607,929334.6430803463,-702951.9521274962,-769548.0730483107,-1159658.3603848813,-1343024.0128119274,2362020.6144681554,278449.96095901605,1147366.4730873273,-178269.8822022029,-137335.29485569708,592754.8929771149,-1940986.0408049282,-723421.7830749102,-2662464.436754688,-51729.87993065414,-497429.10871450714,-2715360.171673473,298752.7869763459,-1001769.607160132,600894.3941534569,-667828.2141972163,1393676.6108179209,-1004641.6527086048,-1726219.265360134,-1415160.040886182,-49058.6238877721,897382.4535037394,1745137.586608694,632673.1962313151,2897327.9024721757,-2111667.806448551,-1518480.737413453,-188304.52389432446,-377674.16835113853,-1880946.0649952497,-120012.59814917664,3051785.2208262,130805.02362480288,412648.2138535577,-3352513.6480205557,-890709.5238037069,360209.05064633046,-246764.27432250712,536688.6160211187,-1894865.5340920798,270344.0858903838,-358391.2518096609,-1609608.5937996865,-1720829.4301969046
2337974.149932905,1605812.4745317353,1812000.2063623022,-1562892.562123022,-903338.6831110966,1109101.00294127,-253164.59688193578,-702951.9521274962,531715.635540192,582089.0794041818,877169.6071028657,1015868.0267150754,-1786640.8498526998,-210620.35106965236,-867871.6343797921,134843.5846542231,103881.07798743935,-448361.6614970649,1468169.1282645788,547198.7922349537,2013897.878977761,39128.66237493662,376257.7023976748,2053908.3370345258,-225978.00373937836,757742.3331564574,-454518.3604034937,505147.76910462993,-1054181.7263470758,759914.4235369414,1305718.1677963417,1070432.2311458064,37108.16000222304,-678783.3748590843,-1320028.3354890982,-478556.1543840943,-2191549.438791547,1597272.9971523036,1148584.5913341434,142434.1995829279,285673.9722070432,1422754.0843063209,90778.0117598974,-2308380.8853576696,-98941.3941042628,-312128.2529221464,2535853.3154784404,673735.8020765057,-272463.6145320155,186653.67502174064,-405953.0978264524,1433282.957088273,-204489.1585660958,271088.4289335478,1217513.5096680934,1301641.5945820326
2559468.9411986065,1757943.7644653858,1983665.515167371,-1710957.6654806915,-988919.1471860597,1214174.8976917635,-277148.70946943335,-769548.0730483107,582089.0794041818,637235.2020156141,960271.1115845308,1112109.457200298,-1955903.8587484641,-230573.73180116896,-950092.4081946828,147618.46889975082,113722.72333890754,-490838.64612797095,1607260.9370733695,599039.2356290179,2204690.4856890664,42835.69407620543,411903.34435048234,2248492.0696559204,-247386.3504383456,829529.017566329,-497578.6958552777,553004.4591548088,-1154053.1063485597,831907.5339729284,1429419.4428247432,1171842.859313605,40623.57911887122,-743090.0376150006,-1445085.4652943544,-523894.17915057845,-2399172.0409674053,1748595.0670500193,1257399.3881003421,155928.7368248897,312738.2793270426,1557543.011747068,99377.79638584137,-2527072.1983187567,-108314.70146625677,-341699.1407645008,2776095.016010975,737564.7606893096,-298275.95569397486,204336.99181496882,-444412.184993752,1569069.0641657857,-223862.36563366573,296769.66087235854,1332858.37700784,1424956.2936129011
3856951.467624634,2649105.221964409,2989253.1266402947,-2578300.3316597817,-1490236.2605237823,1829681.6162995028,-417644.86375111924,-1159658.3603848813,877169.6071028657,960271.1115845308,1447065.38482683,1675875.7331162822,-2947417.987713632,-347459.73163350543,-1431727.0967158598,222451.80747826505,171372.290918155,-739661.8046785895,2422035.6268500197,902712.64591749385,3322322.785580783,64550.537255735246,620710.5890267034,3388328.8088764944,-372794.54399519524,1250045.3380432706,-749818.6050681177,833341.086590459,-1739082.1898997433,1253629.8251835157,2154041.184593637,1765889.7711627681,61217.06392802251,-1119787.567702852,-2177648.2606422175,-789473.9147324689,-3615393.8457306046,2635017.6205388387,1894817.329805013,234974.04385707376,471276.1342890072,2347114.932094572,149755.83569271723,-3808131.6563547277,-163223.2393728737,-514918.3515390866,4183392.1251334725,1111461.2852371857,-449482.0299244867,307921.93973247276,-669699.9277810499,2364483.7766287336,-337345.76258683426,447212.7121523481,2008529.8439184355,2147315.1692969385
4466814.037100367,3067982.741460471,3461914.8866426786,-2985982.2277282584,-1725872.9625280176,2118991.6925004357,-483683.0608114051,-1343024.0128119274,1015868.0267150754,1112109.457200298,1675875.7331162822,1940865.765803356,-3413464.718459747,-402400.36676730006,-1658112.1215170545,257625.92405761316,198469.73294271657,-856617.3368376683,2805008.5765059497,1045449.924710904,3847649.6922596316,74757.26580530296,718857.6679971851,3924092.3135890695,-431741.1318575274,1447703.1055778493,-868380.1317024393,965109.2450412302,-2014066.3018191217,1451854.0533621714,2494638.8071081825,2045112.8515260546,70896.78583763128,-1296848.705569922,-2521978.7163134115,-914305.5967811921,-4187061.3874399755,3051667.736917645,2194426.530523838,272128.0383629783,545794.397657755,2718241.5549048325,173435.44908178117,-4410274.814373504,-189032.20254559137,-596337.2127793917,4844871.517975332,1287205.7237353513,-520554.4390463384,356610.5935911305,-775593.2191652386,2738356.9104769505,-390686.90632946644,517926.6218014393,2326119.270556005,2486849.4640425043
-7855933.149699307,-5395762.751833766,-6088584.094314685,5251545.694920827,3035349.610529105,-3726740.58662702,850669.3641256589,2362020.6144681554,-1786640.8498526998,-1955903.8587484641,-2947417.987713632,-3413464.718459747,6003373.380794658,707714.5287769272,2916176.2263586107,-453094.8744257255,-349055.5024210065,1506561.0203039728,-4933261.753864143,-1838667.2730258023,-6766988.984703524,-131478.0758379612,-1264279.2429289678,-6901431.236195404,759317.6195328138,-2546123.4972047154,1527248.6061208185,-1697369.6189340826,3542204.833332236,-2553423.682039786,-4387403.5225376,-3596807.70648341,-124688.54680292621,2280810.774379785,4435487.456769089,1608019.5458587823,7363923.488486754,-5367068.78474583,-3859410.893346089,-478600.7290710014,-959906.5824088744,-4780661.116203703,-305026.6592419541,7756495.792604796,332457.15007449733,1048797.7756355696,-8520835.749757227,-2263851.3421768867,915516.4372805505,-627183.1314587806,1364061.3418184505,-4816038.660009306,687114.0028194197,-910894.4060180184,-4091022.6899013896,-4373704.362508489
-926106.8159449914,-636086.1079471132,-717760.2492422696,619085.0246122191,357826.18461350695,-439331.80692312826,100282.40837800897,278449.96095901605,-210620.35106965236,-230573.73180116896,-347459.73163350543,-402400.36676730006,707714.5287769272,83430.65237276489,343777.09494134184,-53413.98813557948,-41148.45586203616,177602.88645311058,-581562.5653315017,-216753.76579440787,-797734.4424086523,-15499.412858345237,-149040.640687699,-813582.5099288427,89513.26322857001,-300152.8975024066,180041.68756389382,-200096.4012022295,417576.91030275926,-301013.1490671505,-517214.42860588775,-424013.81729738135,-14699.128597841669,268875.9353240639,522882.4794258905,189562.63335515436,868105.1588568931,-632704.0614470606,-454970.7231483592,-56419.69433465251,-113159.61677121246,-563574.1085347566,-35958.76175230067,914384.3527809987,39192.27735324757,123638.52118737418,-1004488.8901637297,-266876.2155279418,107926.9160472277,-73935.76451578633,160804.32991638666,-567745.1016712516,81000.95013965275,-107383.40313641657,-482275.3809334616,-515599.66684382595
-3816069.445931287,-2621025.441547981,-2957568.1970275235,2550971.096757404,1474440.5230493117,-1810287.8304630837,413217.939556807,1147366.4730873273,-867871.6343797921,-950092.4081946828,-1431727.0967158598,-1658112.1215170545,2916176.2263586107,343777.09494134184,1416551.8776029102,-220094.35022755768,-169555.6039681758,731821.9031005997,-2396362.4456015006,-893144.3129171282,-3287106.936364061,-63866.3592319932,-614130.4932998407,-3352413.3748055724,368842.707691822,-1236794.9027579257,741871.1413500401,-824507.8800015391,1720648.76661992,-1240341.9414305566,-2131209.3656991054,-1747171.7636293417,-60568.07955093631,1107918.1199902915,2154565.923121167,781105.8351251389,3577071.4511117963,-2607087.417704491,-1874732.492784093,-232483.4435018048,-466280.8415258296,-2322236.4729462634,-148168.33008621001,3767767.0913772294,161493.0542502,509460.78022264905,-4139049.4901630785,-1099680.2860748963,444717.3856431491,-304657.76287655166,662601.4574907924,-2339421.2146929814,333770.0945492708,-442472.3587494962,-1987240.389013861,-2124554.2873859163
592914.522584105,407236.4414477239,459526.2612788958,-396351.944327384,-229088.48925388703,281269.99462209357,-64202.91721731856,-178269.8822022029,134843.5846542231,147618.46889975082,222451.80747826505,257625.92405761316,-453094.8744257255,-53413.98813557948,-220094.35022755768,34197.14130603267,26344.107159822775,-113705.61280217675,372329.48921823566,138770.56182592854,510727.29422609624,9923.103777085826,95418.70457706758,520874.0902032454,-57307.90354348616,192164.29503410042,-115267.02691541563,128106.13742143624,-267342.5393991336,192715.6883154947,331132.626047422,271463.1484530984,9410.614034902072,-172140.44743379994,-334761.212674867,-121362.71037674365,-555780.017700431,405071.10301074013,291282.3123901854,36121.49980956651,72447.54532870118,360813.03274153173,23021.3467355801,-585409.6057224276,-25091.696486379395,-79156.70203615699,643096.4310820499,170860.53903496085,-69096.89458388455,47335.24129369212,-102950.46633458015,363483.0264485404,-51858.84620176617,68748.501327743,308763.6625796901,330098.325992958
456768.6926217912,313726.912558989,354009.7245429318,-305341.6342913528,-176484.73500088678,216684.49757848785,-49460.55238818073,-137335.29485569708,103881.07798743935,113722.72333890754,171372.290918155,198469.73294271657,-349055.5024210065,-41148.45586203616,-169555.6039681758,26344.107159822775,20295.454051476285,-87596.11908262024,286836.09117656725,106905.93149393532,393454.5950535947,7644.580243847752,73509.54869519394,401271.7303761363,-44149.251674149695,148039.81478570413,-88798.9759496018,98690.57210233061,-205955.05891669606,148464.2848690736,255097.51011595633,209129.99780091117,7249.7637240097465,-132613.71835942703,-257893.6299629283,-93495.61847814244,-428162.095297801,312058.3235699223,224398.91328214953,27827.706235933416,55811.99578218371,277962.77947951,17735.11984985677,-450987.167707438,-19330.010415136258,-60980.431830041176,495428.6598826387,131627.80879488756,-53231.071743930974,36466.71036331637,-79310.80684164219,280019.6930712608,-39951.13047142894,52961.75346471666,237865.03800947603,254301.0839775619
-1971465.815540209,-1354079.6515024172,-1527944.9925198515,1317888.0619115352,761728.5583260682,-935234.6855057853,213477.53988347677,592754.8929771149,-448361.6614970649,-490838.64612797095,-739661.8046785895,-856617.3368376683,1506561.0203039728,177602.88645311058,731821.9031005997,-113705.61280217675,-87596.11908262024,378075.3675889045,-1238013.640406923,-461418.0503820704,-1698192.0268530769,-32994.74320002974,-317273.4544349412,-1731930.656113133,190552.31896825368,-638955.6592799668,383266.99240893667,-425958.93373097084,888925.1033385355,-640787.9486425809,-1101029.8025177578,-902627.5116410968,-31290.859832641116,572374.9313984015,1113096.2424817665,403536.42762284906,1847994.2222835175,-1346879.0043526685,-968528.1379160166,-120105.93282488707,-240890.98963165082,-1199718.6930930594,-76547.13950893948,1946511.7431703839,83430.95398496611,263198.6042040187,-2138324.3802168067,-568118.9735891585,229750.89853773557,-157392.86235283755,342314.55799241754,-1208596.6894173198,172432.93667980155,-228591.25901853864,-1026652.2227616123,-1097591.69205025
6455598.668502284,4433958.562578241,5003283.243910958,-4315448.297825684,-2494292.8755504247,3062442.151992852,-699035.9490052157,-1940986.0408049282,1468169.1282645788,1607260.9370733695,2422035.6268500197,2805008.5765059497,-4933261.753864143,-581562.5653315017,-2396362.4456015006,372329.48921823566,286836.09117656725,-1238013.640406923,4053900.0289254454,1510921.4983680916,5560761.603089051,108041.93256582863,1038919.7018220254,5671239.804596677,-623967.9920143393,2092272.4917907924,-1255013.6279224914,1394810.6790661137,-2910800.611506062,2098271.6184918485,3605340.991431194,2955670.60389206,102462.51709602383,-1874252.4498972804,-3644854.3196846065,-1321387.6258384055,-6051291.1388240075,4410378.881273584,3171464.7011008374,393289.8378942758,788801.5285766593,3928499.617728569,250654.85086078692,-6373886.269060423,-273195.9087933966,-861847.7687008664,7001981.883528982,1860316.323369658,-752323.973306738,515387.1445798262,-1120914.782443226,3957570.940200151,-564634.9100997861,748524.7985285625,3361790.5529122264,3594083.7722658743
2406055.5656044134,1652573.139389235,1864765.2491834408,-1608403.4535219567,-929643.8605333318,1141397.8942036636,-260536.62652898312,-723421.7830749102,547198.7922349537,599039.2356290179,902712.64591749385,1045449.924710904,-1838667.2730258023,-216753.76579440787,-893144.3129171282,138770.56182592854,106905.93149393532,-461418.0503820704,1510921.4983680916,563133.1393454993,2072541.7438414071,40268.10691408561,387213.5996108657,2113717.39374049,-232558.1127125986,779807.2701594166,-467754.11313395225,519857.4552394715,-1084879.433304791,782043.0732210241,1343740.5471190359,1101602.7805287822,38188.65323474878,-698549.2924082275,-1358467.2173579426,-492491.70208287385,-2255366.3750305315,1643785.1816376715,1182030.7559251608,146581.94163929607,293992.794538272,1464184.4384612122,93421.31254848432,-2375600.566341642,-101822.46680185873,-321217.69299154537,2609696.5841779467,693354.9411740204,-280397.4314453266,192088.73214552103,-417774.4332806406,1475019.857429011,-210443.92793637165,278982.30958318047,1252967.3815815065,1339544.9498820188
8855190.337160304,6082091.951161935,6863038.462187064,-5919530.800168913,-3421439.245636583,4200773.768068877,-958872.7616524261,-2662464.436754688,2013897.878977761,2204690.4856890664,3322322.785580783,3847649.6922596316,-6766988.984703524,-797734.4424086523,-3287106.936364061,510727.29422609624,393454.5950535947,-1698192.0268530769,5560761.603089051,2072541.7438414071,7627735.121110439,148201.76967623737,1425093.1237598772,7779277.676415511,-855901.559324794,2869985.0182593963,-1721510.9857430845,1913271.346469408,-3992765.077041862,2878213.2441769713,4945471.262603887,4054313.682558474,140548.73391636106,-2570924.821707419,-4999671.490296801,-1812555.6283975632,-8300598.543976552,6049748.246323974,4350319.465783383,539477.3266773829,1082004.3866305386,5388750.396105736,343825.59104937833,-8743104.679149251,-374745.0472728923,-1182202.052690076,9604667.080617858,2551807.8385616355,-1031968.3814972728,706959.5092617818,-1537566.971204372,5428628.229438389,-774513.1593745698,1026758.8672643849,4611391.597178579,4930030.014410764
172050.3880108492,118170.94501250413,133344.26596005665,-115012.47355141825,-66476.26824682935,81618.20726519925,-18630.23340735467,-51729.87993065414,39128.66237493662,42835.69407620543,64550.537255735246,74757.26580530296,-131478.0758379612,-15499.412858345237,-63866.3592319932,9923.103777085826,7644.580243847752,-32994.74320002974,108041.93256582863,40268.10691408561,148201.76967623737,2879.477626864437,27688.53191774886,151146.22982107569,-16629.547406418387,55761.81264011129,-33447.83509351048,37173.59823483867,-77576.79884959852,55921.81840940205,96087.22262178862,78772.59732473458,2730.734553006575,-49951.36578588975,-97140.31976270516,-35216.816422310905,-161274.9801622002,117542.50366869,84523.81426806492,10481.778596116996,21022.627585610655,104699.7974595647,6680.229691883267,-169872.6473287631,-7281.001094902987,-22969.47061183159,186612.24248966336,49580.01403815916,-20050.39363270955,13735.775540649418,-29873.8858117637,105474.58696562571,-15048.31778606176,19949.056160492837,89596.28137783278,95787.15370549679
1654418.0244722124,1136319.7672285456,1282223.8391937318,-1105948.3782213435,-639228.4051387598,784831.8835035266,-179146.61741478188,-497429.10871450714,376257.7023976748,411903.34435048234,620710.5890267034,718857.6679971851,-1264279.2429289678,-149040.640687699,-614130.4932998407,95418.70457706758,73509.54869519394,-317273.4544349412,1038919.7018220254,387213.5996108657,1425093.1237598772,27688.53191774886,266251.8194542463,1453405.6804307709,-159908.96414333856,536200.9691389676,-321630.00600824214,357457.29591713334,-745969.3531387327,537737.3546225685,923963.7834001696,757469.1742033685,26258.942167965917,-480326.93170183006,-934090.4742250671,-338640.25192477525,-1550804.6292059924,1130276.6703639473,812772.4052775804,100790.6140506673,202151.1434829343,1006782.0049510684,64237.33198983178,-1633477.0387746429,-70013.88020516805,-220870.61575117384,1794443.6542373747,476754.9669857381,-192803.5042814993,132081.92235830167,-287264.0760769355,1014232.4527346018,-144702.42991603992,191829.9981064284,861547.6066926039,921079.4711495249
9031118.770102644,6202926.519250866,6999388.571114767,-6037135.574762346,-3489413.908503976,4284231.426669108,-977922.7002305445,-2715360.171673473,2053908.3370345258,2248492.0696559204,3388328.8088764944,3924092.3135890695,-6901431.236195404,-813582.5099288427,-3352413.3748055724,520874.0902032454,401271.7303761363,-1731930.656113133,5671239.804596677,2113717.39374049,7779277.676415511,151146.22982107569,1453405.6804307709,7933832.075790018,-872905.4460293363,2927003.4540675175,-1755712.9634673302,1951282.9479677298,-4072091.1146366806,2935396.160148003,5043724.742286749,4134862.110512719,143340.86258658915,-2622002.3881217856,-5099001.925841673,-1848567.1755287033,-8465508.526389405,6169939.743058299,4436748.936316156,550196.2323045923,1103501.1538389877,5495810.435116057,350655.9104299637,-8916806.443216989,-382189.95260106056,-1205689.9663571632,9795486.119245129,2602506.319358745,-1052470.3317909755,721005.2056035793,-1568114.0102116137,5536479.961123247,-789901.1167519625,1047155.8520091554,4703007.5745915845,5027976.125247404
-993632.80948362,-682466.2774945935,-770095.3435567343,664225.4644878072,383916.48198891454,-471365.15342699573,107594.40030438943,298752.7869763459,-225978.00373937836,-247386.3504383456,-372794.54399519524,-431741.1318575274,759317.6195328138,89513.26322857001,368842.707691822,-57307.90354348616,-44149.251674149695,190552.31896825368,-623967.9920143393,-232558.1127125986,-855901.559324794,-16629.547406418387,-159908.96414333856,-872905.4460293363,96040.5018930596,-322038.83433951973,193168.86725810857,-214686.53487539687,448024.1134003387,-322961.3710729522,-554926.5196997861,-454930.93019589985,-15770.966305713997,288481.12770096643,561008.5254318032,203384.7338054953,931403.1885606832,-678837.0978763971,-488145.6290647191,-60533.87185911339,-121410.50626018601,-604666.601041406,-38580.66541256351,981055.7061545608,42049.90650236533,132653.2160480407,-1077730.993479681,-286335.61874220346,115796.63854376094,-79327.39776046536,172529.0911822347,-609141.6505353302,86907.17836425813,-115212.5594619902,-517439.95240313705,-553194.4257293787
3331822.9056220097,2288426.749556723,2582262.6945810243,-2227262.124492148,-1287338.6986939013,1580568.474953754,-360782.2108951243,-1001769.607160132,757742.3331564574,829529.017566329,1250045.3380432706,1447703.1055778493,-2546123.4972047154,-300152.8975024066,-1236794.9027579257,192164.29503410042,148039.81478570413,-638955.6592799668,2092272.4917907924,779807.2701594166,2869985.0182593963,55761.81264011129,536200.9691389676,2927003.4540675175,-322038.83433951973,1079850.8682742561,-647729.4866791444,719880.7355143885,-1502303.501267077,1082946.1238833906,1860765.4740591757,1525461.880702601,52882.51819033873,-967327.09638109,-1881158.6799022523,-681985.4606745181,-3123154.555200048,2276257.304263776,1636835.971134303,202981.44635683505,407111.09016686724,2027552.3083663103,129366.92858928839,-3289649.9088351037,-141000.42773856543,-444810.7743820124,3613818.375076082,960133.8452949837,-388285.1209616797,265998.07091508317,-578519.6090107585,2042556.73100734,-291415.39578366204,386325.4908680272,1735065.8788369016,1854955.9486304973
-1998537.3054978997,-1372673.3730894008,-1548926.2567143887,1335984.813624312,772188.3742043289,-948077.0557715751,216408.91297175398,600894.3941534569,-454518.3604034937,-497578.6958552777,-749818.6050681177,-868380.1317024393,1527248.6061208185,180041.68756389382,741871.1413500401,-115267.02691541563,-88798.9759496018,383266.99240893667,-1255013.6279224914,-467754.11313395225,-1721510.9857430845,-33447.83509351048,-321630.00600824214,-1755712.9634673302,193168.86725810857,-647729.4866791444,388529.9435235344,-431808.0636486959,901131.5639815022,-649587.0921081435,-1116148.7961783358,-915022.0583828344,-31720.495220672743,580234.5892993652,1128380.9625884017,409077.7190651869,1873370.133398929,-1365373.867868918,-981827.642072743,-121755.28720330307,-244198.81871755916,-1216192.814363498,-77598.18928018743,1973240.586903288,84576.54105713726,266812.8486028107,-2167687.092667972,-575920.2875470903,232905.68787183496,-159554.11904327667,347015.1268572314,-1225192.7342185427,174800.78187495403,-231730.04688612002,-1040749.9204525695,-1112663.4129368665
2221154.938136999,1525576.3332415302,1721461.8604972078,-1484800.9364521462,-858202.5109655698,1053683.6451889582,-240514.88483051283,-667828.2141972163,505147.76910462993,553004.4591548088,833341.086590459,965109.2450412302,-1697369.6189340826,-200096.4012022295,-824507.8800015391,128106.13742143624,98690.57210233061,-425958.93373097084,1394810.6790661137,519857.4552394715,1913271.346469408,37173.59823483867,357457.29591713334,1951282.9479677298,-214686.53487539687,719880.7355143885,-431808.0636486959,479907.5479084599,-1001508.7002553422,721944.7452809901,1240476.807576182,1016946.9867287119,35253.92291804513,-644867.3127182139,-1254071.9267930978,-454644.89655992854,-2082046.177434614,1517463.4984258853,1091194.3874658146,135317.6157563173,271400.06651782745,1351664.8154354678,86241.9949402482,-2193040.3761893096,-93997.57930918387,-296532.7740119951,2409146.8685178068,640072.214282455,-258849.47518828505,177327.3246928565,-385669.2216773268,1361667.466669853,-194271.81239590133,257542.67861000323,1156679.337641856,1236603.6600273377
-4635281.610497191,-3183692.725478291,-3592482.3129136376,3098599.471479561,1790964.9421254445,-2198910.1162023093,501925.27947894705,1393676.6108179209,-1054181.7263470758,-1154053.1063485597,-1739082.1898997433,-2014066.3018191217,3542204.833332236,417576.91030275926,1720648.76661992,-267342.5393991336,-205955.05891669606,888925.1033385355,-2910800.611506062,-1084879.433304791,-3992765.077041862,-77576.79884959852,-745969.3531387327,-4072091.1146366806,448024.1134003387,-1502303.501267077,901131.5639815022,-1001508.7002553422,2090027.819125959,-1506611.4869464028,-2588725.2404070953,-2122245.0317650386,-73570.59650826766,1345759.8850659872,2617096.1443257183,948789.2431576143,4344977.636117543,-3166762.3068989795,-2277190.032777848,-282391.68084025016,-566379.3523863634,-2820761.109704829,-179976.41196719004,4576610.003675784,196161.54906198158,618828.628206884,-5027597.665268972,-1335753.4372675663,540187.1025731235,-370060.29466195725,804844.9224423638,-2841634.9455999164,405421.9357649509,-537459.8524242189,-2413849.8050555377,-2580641.8136489526
3341375.637284563,2294987.5832960485,2589666.5238733715,-2233647.4653887562,-1291029.773034029,1585099.9812171431,-361816.36886375805,-1004641.6527086048,759914.4235369414,831907.5339729284,1253629.8251835157,1451854.0533621714,-2553423.682039786,-301013.1490671505,-1240341.9414305566,192715.6883154947,148464.2848690736,-640787.9486425809,2098271.6184918485,782043.0732210241,2878213.2441769713,55921.81840940205,537737.3546225685,2935396.160148003,-322961.3710729522,1082946.1238833906,-649587.0921081435,721944.7452809901,-1506611.4869464028,1086051.7301641358,1866101.025461805,1529835.499205655,53033.838774775046,-970100.6662150794,-1886552.552027979,-683941.6420586687,-3132108.025567409,2282783.0614015805,1641528.8487588917,203564.27595331683,408278.5808057642,2033365.683812291,129737.15828317065,-3299081.822640047,-141404.35945229346,-446087.09904613806,3624179.63172404,962887.5876147583,-389397.66445703176,266760.7375496272,-580178.1618784883,2048412.7281576805,-292251.3843437013,387431.37319401564,1740040.8508312444,1860274.0060293903
5741297.588520931,3943347.7591307596,4449677.774928276,-3837950.5993250106,-2218303.7646708833,2723588.054113615,-621688.8415076983,-1726219.265360134,1305718.1677963417,1429419.4428247432,2154041.184593637,2494638.8071081825,-4387403.5225376,-517214.42860588775,-2131209.3656991054,331132.626047422,255097.51011595633,-1101029.8025177578,3605340.991431194,1343740.5471190359,4945471.262603887,96087.22262178862,923963.7834001696,5043724.742286749,-554926.5196997861,1860765.4740591757,-1116148.7961783358,1240476.807576182,-2588725.2404070953,1866101.025461805,3206416.0191250807,2628629.8967823396,91125.2067832445,-1666869.0597640306,-3241556.383137698,-1175177.7092443814,-5381724.79845679,3922377.7701670146,2820545.942260909,349772.275287705,701521.9745232607,3493817.5849857153,222920.4439792491,-5668626.38478679,-242967.38957274577,-766485.8904135315,6227223.257200035,1654474.7173642314,-669080.3073954567,458359.58788225247,-996887.5471201829,3519672.3067437154,-502158.72338870435,665702.8449951482,2989813.96243184,3196404.038215343
4706733.941093746,3232769.3902853234,3647860.1412414983,-3146364.4363463665,-1818572.3435252039,2232806.177343342,-509662.5394286055,-1415160.040886182,1070432.2311458064,1171842.859313605,1765889.7711627681,2045112.8515260546,-3596807.70648341,-424013.81729738135,-1747171.7636293417,271463.1484530984,209129.99780091117,-902627.5116410968,2955670.60389206,1101602.7805287822,4054313.682558474,78772.59732473458,757469.1742033685,4134862.110512719,-454930.93019589985,1525461.880702601,-915022.0583828344,1016946.9867287119,-2122245.0317650386,1529835.499205655,2628629.8967823396,2154959.4268175354,74704.81356490642,-1366504.709320356,-2657438.4708515853,-963414.4038559078,-4411955.772575491,3215577.9257736425,2312293.1418703194,286744.4591417149,575109.8576437244,2864242.7425723555,182751.01634826823,-4647157.881517075,-199185.4648820787,-628367.2312270993,5105097.7997559095,1356343.653649701,-548514.4654483802,375764.97585750045,-817251.5689355456,2885438.618649499,-411671.2930862753,545745.3732590005,2451058.9273377997,2620422.42033978
163165.82832068935,112068.7237747112,126458.33678627152,-109073.40267163179,-63043.45670968933,77403.50894913236,-17668.244135676126,-49058.6238877721,37108.16000222304,40623.57911887122,61217.06392802251,70896.78583763128,-124688.54680292621,-14699.128597841669,-60568.07955093631,9410.614034902072,7249.7637240097465,-31290.859832641116,102462.51709602383,38188.65323474878,140548.73391636106,2730.734553006575,26258.942167965917,143340.86258658915,-15770.966305713997,52882.51819033873,-31720.495220672743,35253.92291804513,-73570.59650826766,53033.838774775046,91125.2067832445,74704.81356490642,2589.8188849507,-47371.840748394025,-92123.87520953908,-33397.995081778005,-152947.06788957035,111472.80576606738,80158.98698158834,9940.216639034277,19936.991595762087,99293.1530218525,6335.478744790919,-161100.51716131382,-6905.140118359762,-21783.084900460683,176975.65628851444,47019.42417890252,-19015.189470563015,13026.402501890736,-28331.240414850898,100027.98465075484,-14271.08579822978,18919.44149006262,84969.46037343344,90840.8218885654
-2984638.0758142797,-2049966.4381084733,-2313184.1913756495,1995175.2248145072,1153194.6219398803,-1415868.901410171,323187.6167366255,897382.4535037394,-678783.3748590843,-743090.0376150006,-1119787.567702852,-1296848.705569922,2280810.774379785,268875.9353240639,1107918.1199902915,-172140.44743379994,-132613.71835942703,572374.9313984015,-1874252.4498972804,-698549.2924082275,-2570924.821707419,-49951.36578588975,-480326.93170183006,-2622002.3881217856,288481.12770096643,-967327.09638109,580234.5892993652,-644867.3127182139,1345759.8850659872,-970100.6662150794,-1666869.0597640306,-1366504.709320356,-47371.840748394025,866529.1578550151,1685137.197238444,610921.2583509665,2797713.0349663366,-2039064.9200765514,-1466273.3194455304,-181830.75759004205,-364689.16663250857,-1816276.0201612797,-115886.13776514868,2946859.661962099,126307.60741975647,398460.85452319175,-3237248.953268166,-860085.9111285034,347824.3848219421,-238280.45280001615,518236.22888998286,-1829716.7410646419,261049.40350645338,-346068.2743071586,-1554267.5940040187,-1661664.4571708213
-5804218.741292972,-3986564.9189154706,-4498443.978575751,3880012.633633989,2242614.9557323945,-2753437.13856811,628502.1482188089,1745137.586608694,-1320028.3354890982,-1445085.4652943544,-2177648.2606422175,-2521978.7163134115,4435487.456769089,522882.4794258905,2154565.923121167,-334761.212674867,-257893.6299629283,1113096.2424817665,-3644854.3196846065,-1358467.2173579426,-4999671.490296801,-97140.31976270516,-934090.4742250671,-5099001.925841673,561008.5254318032,-1881158.6799022523,1128380.9625884017,-1254071.9267930978,2617096.1443257183,-1886552.552027979,-3241556.383137698,-2657438.4708515853,-92123.87520953908,1685137.197238444,3277082.4875453794,1188057.234924344,5440705.9326639,-3965364.8514542463,-2851458.3529318892,-353605.98437001195,-709210.1582936329,-3532107.7878078152,-225363.46801962875,5730751.202724441,245630.03355602044,774886.0024662915,-6295470.460690526,-1672607.174909457,676413.2091991781,-463383.3705705467,1007812.8775911289,-3558245.9364992785,507662.256145305,-672998.0701967146,-3022580.659129468,-3231434.948437229
-2104231.95167916,-1445268.9431222861,-1630843.1645476327,1406639.947095481,813026.2536798056,-998216.9490191361,227853.77407238458,632673.1962313151,-478556.1543840943,-523894.17915057845,-789473.9147324689,-914305.5967811921,1608019.5458587823,189562.63335515436,781105.8351251389,-121362.71037674365,-93495.61847814244,403536.42762284906,-1321387.6258384055,-492491.70208287385,-1812555.6283975632,-35216.816422310905,-338640.25192477525,-1848567.1755287033,203384.7338054953,-681985.4606745181,409077.7190651869,-454644.89655992854,948789.2431576143,-683941.6420586687,-1175177.7092443814,-963414.4038559078,-33397.995081778005,610921.2583509665,1188057.234924344,430712.98151623906,1972445.6575201235,-1437582.8586204778,-1033753.5225542017,-128195.20581012726,-257113.68017290535,-1280512.645308485,-81701.748094031,2077597.5459380078,89049.29159764794,280923.8335084061,-2282328.1999307913,-606379.2234433541,245223.07314352124,-167992.83188704433,365367.21247295267,-1289988.1655686258,184045.66211637462,-243983.94546926176,-1095791.166751158,-1171507.868018079
-9636331.305989008,-6618610.106421909,-7468445.869021315,6441709.079678595,3723253.915211863,-4571335.718776316,1043457.7132558675,2897327.9024721757,-2191549.438791547,-2399172.0409674053,-3615393.8457306046,-4187061.3874399755,7363923.488486754,868105.1588568931,3577071.4511117963,-555780.017700431,-428162.095297801,1847994.2222835175,-6051291.1388240075,-2255366.3750305315,-8300598.543976552,-161274.9801622002,-1550804.6292059924,-8465508.526389405,931403.1885606832,-3123154.555200048,1873370.133398929,-2082046.177434614,4344977.636117543,-3132108.025567409,-5381724.79845679,-4411955.772575491,-152947.06788957035,2797713.0349663366,5440705.9326639,1972445.6575201235,9032817.493014582,-6583413.528480344,-4734072.80008142,-587065.5163291801,-1177450.9163109786,-5864106.953744485,-374155.7458495059,9514358.173783632,407802.5618820553,1286486.9928404726,-10451921.124770498,-2776909.260491306,1123001.4058075345,-769322.104996602,1673200.090274458,-5907502.674729812,842834.8212402376,-1117333.2004461058,-5018175.058517331,-5364921.671665999
