V1,V2,V3,V4,V5,V6,V7,V8,V9,V10,V11,V12,V13,V14,V15,V16,V17,V18,V19,V20,V21,V22,V23,V24,V25,V26,V27,V28,V29,V30,V31,V32,V33,V34,V35,V36,V37,V38,V39,V40,V41,V42,V43,V44,V45,V46,V47,V48,V49,V50,V51,V52,V53,V54,V55,V56
2.459709969497044,1.1395478728991155,1.19890679660306,-0.9590320268340294,-0.7325438955574334,-0.2465374608540515,-0.015698890042578174,0.04750160586381019,0.6284494015556844,0.04098759548863375,1.285996276870865,0.4504028654186528,-0.5420183067747301,0.3781381864301003,-1.1904181389693884,0.09042933129704443,-0.5511191064696058,0.05699675267893652,1.28135598493272,0.4347351189102486,1.1388982736714521,0.15439670560416952,0.403466481136671,1.755492268662444,0.9259678009375484,0.4954902207979263,0.03636673993787588,0.6039859604119671,-1.1970600927929849,0.6391306527593852,1.848225091650324,0.6880987821604032,0.26424791376028967,-1.3338738868207525,0.6058318128398873,-0.13215240052127383,-1.3499715755237747,1.1550418330200192,-0.04115992472782617,-0.4256366328410116,0.49464385543649025,1.3356133723734147,-0.27799311155594403,-1.890981093326848,-0.9198152426797896,-0.8366895547848126,2.67061160439889,0.7479774507834044,0.15859327144218657,-0.21486415200396092,0.029731461190525124,0.8845213717465382,0.49531211282404586,0.04753442861200122,0.3615020686046741,1.3620236861929844
1.1395478728991155,0.766336570601438,0.7100739337944869,-0.6485808784833027,-0.3444471705066388,0.15443087352194554,-0.21216530230177197,-0.2402102214565228,0.46119832498497376,0.16878144585295066,0.43430975853211884,0.2840947838609386,-0.5027100990037422,-0.06489252737869114,-0.2547074605841962,-0.04327316330748475,-0.13913536380015756,-0.060613289249872825,0.6141019037571683,0.25333284683652796,0.8383361271639488,0.014801951508314062,0.3919339279692374,0.7718679705471657,-0.09732691341071707,0.42134140965518807,0.010002158802084656,0.3168575179252128,-0.41018087961428557,0.22734146036261235,0.6620962545296096,0.4952609884089875,0.09561050745851833,-0.43954430815151335,-0.17309098113270466,0.08150154990827857,-1.0552292765569742,0.7267851813836539,0.25111354070218045,-0.3081831236281684,0.13176830805507653,0.5611055552725893,0.07846907200017918,-0.9372737074453238,-0.2738671065812518,0.007287259829709795,1.223544183941985,0.07914619670795738,-0.18822762650172783,0.09134162311067325,-0.05599303916517259,0.6230648389901728,0.18173560576167183,0.4708303829872696,0.36985180182912353,0.7393217323927131
1.19890679660306,0.7100739337944869,1.4415566981297114,-0.6012646302361491,-0.41257032088282797,0.7414035228553845,-0.013844509452189,0.012768449172300187,0.5523251086884512,0.42255504820905043,0.36087360766350646,0.08679020945877697,-0.04128586985862915,-0.5542419233468858,-0.9653278224608305,-0.09677358174115673,0.03368608303485923,0.4001790392154233,0.8258850085548942,0.9134112841046962,0.8755132957307367,0.3109281443052442,-0.518639533082428,0.8159830488991269,-0.037649959085438625,-0.17304581864680885,-0.03668859375601629,0.7685416244929605,-0.32679248004685124,0.537660313157123,0.77710283989741,0.1765742279123043,-0.17146930278542374,-0.835367019475583,-0.2793777936619568,0.18600920303598287,-0.3208120652867812,1.159153816953408,0.5203038404097703,0.24841372885935697,-0.32530654374044526,0.13298100179356354,-0.5343472315135602,-0.8176936253779388,0.049294267621824504,-0.39321485665302647,1.1794832133543107,0.882612816336759,0.23355696811660662,0.06566412024852696,-0.4897469153115706,1.1104768532823486,0.12671111545740088,-0.10445974576142854,0.8114722554084982,0.8996864376918121
-0.9590320268340294,-0.6485808784833027,-0.6012646302361491,1.299166796961688,0.38340353299976887,-1.090408912632158,-0.5363913672548971,-0.17670888562747947,0.07512793614520584,0.07822396864095477,-0.10561246884161932,-0.4095443306720056,0.8099774118182934,-0.1843488079491819,0.09645016935882413,0.3119252355816948,-0.32798870687657206,-0.44838810665561235,-0.629622660426628,-0.1766600554825464,-1.1176683787431831,-0.05502766518648371,-0.7250995512402211,-0.9055455695331546,-0.26775362866499125,-1.030352764922128,-0.13391057105811383,0.047151551914867224,-0.04518082069613081,0.16312459265792756,-0.21807034740657627,-0.06426402345320144,-0.4264003993849264,0.5565137513275158,-0.2321220411121403,0.19236228547076847,1.3560064803081326,-1.252268669164823,-1.0437270552240936,-0.24896235377494316,0.06485300989594547,-0.9156754468193642,-0.33926124732684554,1.1185964986954275,0.4908720088630955,0.23547358613887076,-1.3579004502012955,-0.5841678149894911,0.32837488564231926,0.5280894732293653,0.6635666967770865,-0.6022302392271367,-0.05634078509413314,-0.43679988580622486,0.13745597892586076,-0.5340512750702225
-0.7325438955574334,-0.3444471705066388,-0.41257032088282797,0.38340353299976887,0.29162564905752875,-0.17469082737390243,-0.0736817682511337,0.06941588830788316,0.0043525583948951126,-0.06402570207271034,-0.3952415460139729,-0.3240263242071533,0.49734080635057665,-0.15553122370760317,0.43822062071284335,-0.12187834582095748,0.030568145763528037,0.14338324616661088,-0.4452656484900986,-0.06809108577051644,-0.4391875525581298,-0.02369283534390635,-0.04037088148774124,-0.7153049276443769,-0.3052168706871513,-0.16739027512756663,0.16845657702241668,-0.06890363762342709,0.4551782573650325,-0.27359505333386236,-0.5300493971693028,-0.24244451583742066,-0.05276692122368656,0.2875243279159072,0.1477298372750728,0.3196431602968546,0.47045628800020295,-0.3414237059470223,-0.2046075658819017,-0.13603144895594826,-0.20609087768898438,-0.5648064773069823,0.056958463222482734,0.7337085428221214,0.1432709969201871,0.3706326382664481,-0.8236142259899243,-0.37034013548749656,-0.06389776885468383,0.08658625846485785,0.06647258052448236,-0.261992536448987,0.07110670530412001,0.23036485347777771,-0.2205695531418334,-0.29832305804797665
-0.2465374608540515,0.15443087352194554,0.7414035228553845,-1.090408912632158,-0.17469082737390243,2.2673276690814443,0.7796021266904036,0.1530033263063611,-0.5333857490273552,0.2304378165877784,-0.7076453535363574,0.3261527583184841,-0.7723463319142,-0.45165978787083805,-0.009428234132379745,-0.352616775974587,1.0351498658974938,0.5944609528612522,0.2557192204969604,0.4364936565338476,0.9075300789323966,0.16350080669957154,-0.17627814427802657,0.3049857819371166,-0.35595903211168883,0.49439262126441375,-0.14725301017925638,-0.14696620736952004,0.7134391853528839,-0.20211398414413848,-0.7967830861686481,-0.4432420527370437,0.06384821896387467,0.017753190040318736,-0.7906786746157441,-0.36027188218558376,-0.4363566631616251,1.1844374443071175,1.802468202751679,1.2616683997193532,-0.6836642252667073,0.1227052992738915,0.15424438706899354,-0.34892423566170905,0.46435279699590837,-0.113146285564533,0.02639567818524662,0.9676672148302545,-0.19999779206213195,-0.4351569836951395,-1.2359519884479617,0.6680548146837217,-0.5631384228434313,-0.13588709177193445,0.24357107206242548,-0.12263666774101482
-0.015698890042578174,-0.21216530230177197,-0.013844509452189,-0.5363913672548971,-0.0736817682511337,0.7796021266904036,0.888362603916944,0.6539738466790854,-0.5347429341631481,-0.30594744749016767,-0.1580146833448933,0.016717152553129767,-0.0011085639545119906,0.3241821486810897,-0.21772759392361493,-0.24007719080503273,0.34953543190551545,0.6907581065207057,0.10345290155464772,0.05497739484823262,0.1261036460754475,0.1464413315655347,0.07553913738263512,0.22491860954675455,0.7625789479614693,0.39465035064346393,0.1680878162032297,-0.23453889518889356,0.32459181964821676,-0.26734624393697476,-0.17296283241884702,-0.5668375798515646,0.3188218234073531,-0.41553938637254073,0.799464321061063,-0.2783892753357806,0.05031549356267817,0.5475809581411396,0.5992170568009285,0.6299479722827154,-0.20055379263039746,0.34797400216481694,-0.012805918758593085,-0.1896809227365234,-0.3453159988468109,-0.5892913342971139,0.2913743976503032,0.828009666349027,0.11372604967500984,-0.7487194563430315,-0.6142083724185865,-0.01402519353876942,-0.014955576912503814,-0.36258114339527825,-0.5594024751314159,-0.13127011140639605
0.04750160586381019,-0.2402102214565228,0.012768449172300187,-0.17670888562747947,0.06941588830788316,0.1530033263063611,0.6539738466790854,0.8391863815577285,-0.0396998421949034,-0.3432919155556324,-0.10091328652949667,-0.4484250947574444,0.8792701980961277,0.13652811053074654,-0.2616811479741628,-0.38381025203268176,-0.006425598499525538,1.0305203552357338,0.013836337739506868,0.31643779360980123,-0.1681474841504781,0.25106840850911516,-0.020670381667895928,-0.17383049011194796,0.7334199463675276,0.10113572754464732,0.5114168296341058,0.1486404188171045,0.4292365712570196,-0.29402953895722367,0.0185070057281822,-0.6468036876382286,0.26693701331354613,-0.7347363182005521,1.4637691785436835,0.35380972526420484,0.4447490095940368,0.51419729244932455,0.006244019937463956,0.09623596389326569,-0.3532301575121433,-0.1283396895868293,-0.26524041983391977,0.2180641808966288,-0.5472213252986586,-0.4338803292104308,0.220928670029842,0.6239938499313241,0.22668658843813858,-0.6219123670005039,-0.4135744609203842,0.057514595427268306,0.4653709748585806,-0.02430251169545016,-0.6459950088655415,0.1542442764752969
0.6284494015556844,0.46119832498497376,0.5523251086884512,0.07512793614520584,0.0043525583948951126,-0.5333857490273552,-0.5347429341631481,-0.0396998421949034,0.9649483464964346,0.17127509452529657,0.19606449875969992,-0.4219552902916637,0.7695303811867575,-0.47645983535995734,-0.10483392141041621,-0.2273779370477421,-0.44442892713092563,0.349538494271602,0.2145695782072449,0.5532858803624662,0.19392585287800365,0.13512411220924683,0.040659317779081605,-0.15180228052081968,-0.4035195351975058,-0.17396377144506736,0.39952118085232036,0.7183322076152153,-0.008241691488490235,0.10528624662184978,0.4789084758736679,0.2292451856366864,-0.09433580981621396,-0.5286773857555045,0.41621876830379034,0.9188125284311218,-0.14227022480304088,0.41923884232554093,-0.4755474626195269,-0.826331547309545,-0.22080592862388113,-0.43064381458304246,-0.24891647932692615,0.05171361022071788,-0.2255920765598385,0.3858967351563967,0.4594675236900957,-0.30177602730826636,-0.035785158193225024,0.35195839588550704,0.1709299449892312,0.5615662625253817,0.6407445631779208,0.8140322254854077,0.28033219836163825,0.7876769290994345
0.04098759548863375,0.16878144585295066,0.42255504820905043,0.07822396864095477,-0.06402570207271034,0.2304378165877784,-0.30594744749016767,-0.3432919155556324,0.17127509452529657,0.3370185303954048,-0.012649625030229601,0.10216570515180441,-0.1916864466469682,-0.3970596719550123,-0.16170626256667187,0.12509097020168544,0.08108800883235674,-0.2675524721010188,0.11127225014595876,0.22204673708715703,0.17393262185744388,0.02105931390537579,-0.394777442747125,0.07621502287869382,-0.47528491051981886,-0.31847935336387495,-0.24330287568103462,0.21010039963735683,-0.13223908734166964,0.28666026551940527,0.03385071911163543,0.2096480582679592,-0.27635266909862044,0.16750289092942566,-0.8329721021626344,-0.019280437275884247,0.05143136941494479,0.027975182486739796,0.1492180996209151,0.1421540772504254,-0.09297825744288202,-0.20132849536060016,-0.14686118372101187,-0.04562628991279186,0.44587816325220525,0.13180275499508962,-0.11184906016629688,0.00753757008917385,0.038749287115368,0.3595011804292321,-0.013150832575735608,0.29521746226419027,-0.21729877938258674,-0.11476578480684922,0.5950186394076361,0.07983903285435998
1.285996276870865,0.43430975853211884,0.36087360766350646,-0.10561246884161932,-0.3952415460139729,-0.7076453535363574,-0.1580146833448933,-0.10091328652949667,0.19606449875969992,-0.012649625030229601,0.9636869334541747,0.3467378980809127,-0.37670777763657565,0.4595204989985276,-0.8047167367216261,0.3554889427332026,-0.5059762562051887,-0.4271918902053543,0.6142691500708072,-0.04190198479748784,0.2550376518179855,6.331218473799895e-4,0.04238224239593732,1.0248438626079859,0.7556941279768562,-0.018269911471677263,-0.20233474021824255,0.19804906115175078,-1.0544652568797424,0.5557011092351154,1.2382974558214699,0.517921434080806,0.04810980398011224,-0.5374874480198354,0.20064202160896197,-0.37355412286642664,-0.43210338719292923,0.03544096121500251,-0.4820780180076378,-0.2670013435592581,0.6096964755613019,0.8348426130897062,-0.2402408512580017,-1.0047910329245404,-0.44448175406814605,-0.6521108903291012,1.3124856888239915,0.28775881192699004,0.2685177006061492,0.0031585912605283377,0.40592077919019365,0.12443923021070445,0.13971923492886162,-0.4338608898058296,0.23141832163871973,0.5232586958328633
0.4504028654186528,0.2840947838609386,0.08679020945877697,-0.4095443306720056,-0.3240263242071533,0.3261527583184841,0.016717152553129767,-0.4484250947574444,-0.4219552902916637,0.10216570515180441,0.3467378980809127,0.7438612027799936,-1.3149521253777043,0.3673137402356153,-0.1586025047642751,0.3710001345204418,0.16798422035055152,-0.7808052241945024,0.3335087862953507,-0.39377990998369566,0.47711932419015385,-0.18518564963624604,0.20074831798947385,0.8712392825757641,0.13881103953601087,0.3375703788739853,-0.5465808058432392,-0.3772599792108054,-0.6234544380680634,0.29054351360491476,0.2790746269484871,0.4663645423757436,0.03474069323708684,0.3060505293104342,-0.9512642742449265,-0.884682539645949,-0.7723266169653599,-0.06329359906286677,0.4338312462056465,0.3865968346710379,0.5034987633063414,0.893777836429257,0.279690216604362,-0.9017720809180256,0.13463071017658926,-0.28096642240733605,0.5722149051315789,0.13016561882123623,-0.10641650079426833,0.013947030772787057,0.0606304549100432,-0.04594534688079835,-0.5439564979842854,-0.4503386506782298,0.309269916419252,-0.11595143199543315
-0.5420183067747301,-0.5027100990037422,-0.04128586985862915,0.8099774118182934,0.49734080635057665,-0.7723463319142,-0.0011085639545119906,0.8792701980961277,0.7695303811867575,-0.1916864466469682,-0.37670777763657565,-1.3149521253777043,2.4255417935944767,-0.5602127113002313,-0.06134673324362673,-0.5615827113779758,-0.4330561078963673,1.3747833299119225,-0.45856818207206185,0.7621965766744679,-0.9103063097061759,0.3836328062384356,-0.5422470795414284,-1.3449896629209892,0.0595817275052478,-0.766644077366946,0.9279446438592791,0.7701472903332647,0.8545652359662068,-0.3350679075356421,-0.1646482898699925,-0.8109348470257243,-0.09080235942847968,-0.7508205312865586,1.8530280172542013,1.4854336404557384,1.5372983119301404,0.08867514110698459,-0.9546589857494601,-0.6605511210721509,-0.7978462014140304,-1.4837048468106,-0.6985609307266716,1.458632157039033,-0.3261135361175062,0.20956486568358193,-0.7758638086203961,-0.013252467379057624,0.3838209680643426,-0.06308675351645605,-0.0353072521997926,0.09758869199913014,1.0116617171111042,0.506097061690905,-0.49744604512896373,0.3007263274519532
0.3781381864301003,-0.06489252737869114,-0.5542419233468858,-0.1843488079491819,-0.15553122370760317,-0.45165978787083805,0.3241821486810897,0.13652811053074654,-0.47645983535995734,-0.3970596719550123,0.4595204989985276,0.3673137402356153,-0.5602127113002313,0.885530034241645,-0.06410845228811045,0.21285174792607897,-0.17254905704619133,-0.32085019710805335,0.10414718271290856,-0.6156103191895704,-0.06268988022256197,-0.1600587101116107,0.5622791401805687,0.5665165914917631,0.9085303005981642,0.4860741351179244,-0.09884671903835525,-0.49663395351935835,-0.4896629411191804,-0.046241042296357705,0.39413118873550557,0.11970547804166864,0.3492682213501997,-0.06467299438001839,0.5452430795880879,-0.631612298368018,-0.443282200613748,-0.28997115302469695,-0.2081438806082527,-0.030031881068161514,0.6220363650768672,0.9235610611660532,0.2716128728264819,-0.5843040999467779,-0.555232018279942,-0.5027163463032209,0.6138463727966685,0.06145498460518581,0.003187005759660317,-0.4129520339512218,0.26284853918856943,-0.5237402460649886,-0.04156163798666392,-0.33964206542452824,-0.5536565954490185,-0.16585556234299406
-1.1904181389693884,-0.2547074605841962,-0.9653278224608305,0.09645016935882413,0.43822062071284335,-0.009428234132379745,-0.21772759392361493,-0.2616811479741628,-0.10483392141041621,-0.16170626256667187,-0.8047167367216261,-0.1586025047642751,-0.06134673324362673,-0.06410845228811045,1.4751622567752718,-0.2777163247633443,0.23890733172676856,-0.10973912495568976,-0.7612508050530773,-0.5463428357003661,-0.2312462753500216,-0.2966376186908927,0.8499462416070471,-1.0320495457585024,-0.9431205351769973,0.5472211386903614,0.24307507147379784,-0.5230174671357185,0.872439905403088,-0.7773801404932847,-1.2172826928241796,-0.0660128601298023,0.1617571152316477,0.9022194530896506,-0.2010404409402374,0.37056225179910285,-0.3733506826519793,-0.4521814827370474,0.11197842455414896,-0.44056286514352144,-0.13277693007177038,-0.44525848107048105,0.8137206118594403,0.8321798344536163,0.14323636194584463,1.134507234896416,-1.1679738346188862,-1.1883926224848933,-0.6993989429712687,0.1626903436545592,0.11733464074149492,-0.506084217657262,-0.028424404431660638,1.114671492773975,-0.5208027896190013,-0.5427720758843944
0.09042933129704443,-0.04327316330748475,-0.09677358174115673,0.3119252355816948,-0.12187834582095748,-0.352616775974587,-0.24007719080503273,-0.38381025203268176,-0.2273779370477421,0.12509097020168544,0.3554889427332026,0.3710001345204418,-0.5615827113779758,0.21285174792607897,-0.2777163247633443,0.4653157419511331,-0.10733005870197809,-0.7868712068780931,0.06292420236293074,-0.30819043538427865,-0.15008880054296958,-0.126980386137878,-0.28173692633612507,0.3689358987153276,0.12277716715341927,-0.3081810678213054,-0.48661751654131674,-0.17054885839020734,-0.6351248827109183,0.4056597065432712,0.31969767486447714,0.350417566671277,-0.19069427318563875,0.34357592457005076,-0.7412288006640367,-0.5925411671967101,0.09912285603895131,-0.5907046348743947,-0.24654788522991217,0.16739574483840264,0.4488454761227249,0.3050028389920376,-0.06529246479543772,-0.2688231540087418,0.27505180276101254,-0.2481162171203714,-0.014760231327670814,-0.049342815727167116,0.17141990245608424,0.24844111493386237,0.38314717881785154,-0.25521222326995896,-0.3906164976764174,-0.6636318800334635,0.35557139955401773,-0.23281814200095008
-0.5511191064696058,-0.13913536380015756,0.03368608303485923,-0.32798870687657206,0.030568145763528037,1.0351498658974938,0.34953543190551545,-0.006425598499525538,-0.44442892713092563,0.08108800883235674,-0.5059762562051887,0.16798422035055152,-0.4330561078963673,-0.17254905704619133,0.23890733172676856,-0.10733005870197809,0.5722400792966525,0.10886488661720467,-0.11686557873348699,-0.0022594923132857802,0.20810900666537444,-0.002108821791834747,-0.08985391967442057,-0.09743911204366229,-0.2903837702615067,0.18656847689573966,-0.15079300427442793,-0.27587865924919847,0.44915372762301475,-0.19025467633851723,-0.6801793244495477,-0.2591531033644658,-0.00316604276961543,0.33995927660410596,-0.5736744165663399,-0.28027958223960486,-0.04122258712450314,0.22919325515293074,0.8250642380284144,0.6717197227571186,-0.28999967139612143,-0.057121066253001784,0.18880806728810604,0.09924413164153158,0.38205825513689035,0.07603455180521253,-0.44972846442647957,0.25901733585810555,-0.14242181942012302,-0.15628992292532806,-0.505538427080306,0.05703233346809207,-0.4233040249447406,-0.13522868016869805,0.036544022010766314,-0.3698911302720853
0.05699675267893652,-0.060613289249872825,0.4001790392154233,-0.44838810665561235,0.14338324616661088,0.5944609528612522,0.6907581065207057,1.0305203552357338,0.349538494271602,-0.2675524721010188,-0.4271918902053543,-0.7808052241945024,1.3747833299119225,-0.32085019710805335,-0.10973912495568976,-0.7868712068780931,0.10886488661720467,1.6870944869657762,0.04727259011521787,0.7906986426689798,0.10303133035174868,0.4020486053043712,0.037388922650115466,-0.4793759840836206,0.34145284136964116,0.21821574995663087,0.8826393968231343,0.49156793055465475,0.9647963107357116,-0.5164658441259838,-0.21860457693954638,-0.8564083584045675,0.2977729457009806,-1.0390721469750097,1.7720968344518675,0.9844250546835398,0.3568604276503395,1.1586218345059922,0.3017610481007605,-0.04305872206758348,-0.8580934116499607,-0.5524227276556266,-0.30915365502730935,0.4356883431869954,-0.5977618092736036,-0.11027057205562917,0.24111192471743195,0.6779223977099816,0.08482860449848167,-0.6505742505237347,-0.7912020285773922,0.52418540653467,0.7784396169440255,0.6109695251940723,-0.6420601884576059,0.49867781131817274
1.28135598493272,0.6141019037571683,0.8258850085548942,-0.629622660426628,-0.4452656484900986,0.2557192204969604,0.10345290155464772,0.013836337739506868,0.2145695782072449,0.11127225014595876,0.6142691500708072,0.3335087862953507,-0.45856818207206185,0.10414718271290856,-0.7612508050530773,0.06292420236293074,-0.11686557873348699,0.04727259011521787,0.7554071942134643,0.3263217957386206,0.7319312920760397,0.12144779968484101,0.029306631386157838,1.0474523682175712,0.4579531688324469,0.2221199562343665,-0.09470035116294047,0.31786539454661034,-0.6133614826366247,0.41010775946542083,0.9122937166107665,0.3130706449866303,0.08634061640405893,-0.6887949397921052,0.04792104971693251,-0.21994408011364444,-0.6838564904986132,0.7566715499057078,0.26797933544165464,0.07923998881056843,0.1714880433219045,0.7291199097609459,-0.20371197321037052,-1.090106278107414,-0.32355365473372055,-0.5503822729376873,1.4081957211731368,0.6417667594321337,0.1290197747879484,-0.146287100617529,-0.1750119683714486,0.5917718481364717,0.09402015305664232,-0.1788262829695407,0.34448276135222833,0.677936861803105
0.4347351189102486,0.25333284683652796,0.9134112841046962,-0.1766600554825464,-0.06809108577051644,0.4364936565338476,0.05497739484823262,0.31643779360980123,0.5532858803624662,0.22204673708715703,-0.04190198479748784,-0.39377990998369566,0.7621965766744679,-0.6156103191895704,-0.5463428357003661,-0.30819043538427865,-0.0022594923132857802,0.7906986426689798,0.3263217957386206,0.8646355870247633,0.29131244137347084,0.3338811401651075,-0.5195470323012927,-0.012987315740989621,-0.1107887801451744,-0.32560199627316083,0.29594976012624236,0.7130990708314983,0.2316830638667557,0.15854170029372486,0.25815571592994774,-0.23561756015902785,-0.13905574299132945,-0.7208517476239973,0.36073642731067135,0.6272188346055425,0.31397947745349186,0.8409915165990193,0.18320576952766068,0.045013992285582456,-0.5780422322516336,-0.48410196774248926,-0.5321775285783622,0.042850304881099706,-8.137113081075741e-4,-0.11518111496081183,0.360232095689795,0.5845536105937515,0.23070201338197502,-0.005835396912320846,-0.44462578670918135,0.7700182867553823,0.36503375904036506,0.14452283038269492,0.34355376145099426,0.611074291654003
1.1388982736714521,0.8383361271639488,0.8755132957307367,-1.1176683787431831,-0.4391875525581298,0.9075300789323966,0.1261036460754475,-0.1681474841504781,0.19392585287800365,0.17393262185744388,0.2550376518179855,0.47711932419015385,-0.9103063097061759,-0.06268988022256197,-0.2312462753500216,-0.15008880054296958,0.20810900666537444,0.10303133035174868,0.7319312920760397,0.29131244137347084,1.192437434822137,0.0368011518326895,0.4901169508722241,0.9925117538665149,-0.08235013295169828,0.7420758821856599,-0.04535116172806549,0.16602702271591774,-0.22571314195500414,0.12213759257554828,0.43570294005201343,0.37060266712713885,0.20213432651246677,-0.44561346669138435,-0.3519599377307375,-0.14862976472050027,-1.3657552003345161,1.1340227336920432,0.8888668826368886,0.11570823166056539,-0.001456655685508813,0.7961423979038112,0.2192848740548759,-1.1934805143033957,-0.22897271665818325,-0.09378942329315665,1.37654475533005,0.413148743372851,-0.2946786216200087,-0.1461821346667686,-0.4624352036094241,0.7812950566440238,-0.016715415577799507,0.4235783596310344,0.34188082780509316,0.6836805780838578
0.15439670560416952,0.014801951508314062,0.3109281443052442,-0.05502766518648371,-0.02369283534390635,0.16350080669957154,0.1464413315655347,0.25106840850911516,0.13512411220924683,0.02105931390537579,6.331218473799895e-4,-0.18518564963624604,0.3836328062384356,-0.1600587101116107,-0.2966376186908927,-0.126980386137878,-0.002108821791834747,0.4020486053043712,0.12144779968484101,0.3338811401651075,0.0368011518326895,0.15892633686261692,-0.24825125220727126,0.0038435639977965077,0.14584097264764442,-0.14592212391346085,0.1419829629008878,0.2536952721256115,0.09686311877354263,0.04804026705260306,0.12396437860890726,-0.1927848616655899,-0.020878913536716337,-0.3621853498321493,0.33719639282751707,0.20288543900980807,0.24720989225637818,0.32538217117346213,0.04743142069011448,0.0902066847398817,-0.22800865503318446,-0.16358204505171706,-0.26228899528569244,0.03627921046508164,-0.06870145865094672,-0.18347913978990074,0.15243268019009934,0.35756393915093015,0.16413077165049098,-0.11257896959876564,-0.20864743208603465,0.24456591777491163,0.16235677443699018,-0.07405875187993101,0.028779703141024623,0.1996070746597884
0.403466481136671,0.3919339279692374,-0.518639533082428,-0.7250995512402211,-0.04037088148774124,-0.17627814427802657,0.07553913738263512,-0.020670381667895928,0.040659317779081605,-0.394777442747125,0.04238224239593732,0.20074831798947385,-0.5422470795414284,0.5622791401805687,0.8499462416070471,-0.28173692633612507,-0.08985391967442057,0.037388922650115466,0.029306631386157838,-0.5195470323012927,0.4901169508722241,-0.24825125220727126,1.4954010297919582,0.19302553940595352,0.04443035242242175,1.2433858357066871,0.3675292741269229,-0.40596375818065783,0.15555364541406683,-0.5846074468685082,-0.0752575013664048,0.26062888763542685,0.5821617626443243,-0.019844192787469416,0.6708121863604478,0.12141611262652623,-1.4672789425076682,0.31159360371659106,0.14418630109152247,-0.7019793609269034,0.32009716542490946,0.7543218944834861,0.8410466205236568,-0.5192117216515714,-0.7753962028962761,0.4491449785853085,0.7314657061489406,-0.661505238952617,-0.6780347692084161,-0.3009973554709455,0.09283420516288134,-0.17185922283010674,0.34034523581913606,1.1755465879730516,-0.736036726934099,0.2246694674255595
1.755492268662444,0.7718679705471657,0.8159830488991269,-0.9055455695331546,-0.7153049276443769,0.3049857819371166,0.22491860954675455,-0.17383049011194796,-0.15180228052081968,0.07621502287869382,1.0248438626079859,0.8712392825757641,-1.3449896629209892,0.5665165914917631,-1.0320495457585024,0.3689358987153276,-0.09743911204366229,-0.4793759840836206,1.0474523682175712,-0.012987315740989621,0.9925117538665149,0.0038435639977965077,0.19302553940595352,1.8013235156447684,0.8947952343177122,0.4735854268231631,-0.463268451081735,0.019927192829908055,-1.1997906419240978,0.6498060700956897,1.3087887355072703,0.6139031330797796,0.17985136638231441,-0.6231051203385166,-0.32144513972565897,-0.9418774123683589,-1.180885542228075,0.6701573680049027,0.43217213140941346,0.34249489151392853,0.6462641606502977,1.531404068663847,-0.06429050144067311,-1.8398534970543483,-0.4092936006541358,-0.9763780332511326,2.0100931679820433,0.8605095494807834,0.15331290012663998,-0.267419888923729,-0.07332375078321327,0.4637678451741986,-0.22773384335715552,-0.6659001032590186,0.42290301707944494,0.6129718725378305
0.9259678009375484,-0.09732691341071707,-0.037649959085438625,-0.26775362866499125,-0.3052168706871513,-0.35595903211168883,0.7625789479614693,0.7334199463675276,-0.4035195351975058,-0.47528491051981886,0.7556941279768562,0.13881103953601087,0.0595817275052478,0.9085303005981642,-0.9431205351769973,0.12277716715341927,-0.2903837702615067,0.34145284136964116,0.4579531688324469,-0.1107887801451744,-0.08235013295169828,0.14584097264764442,0.04443035242242175,0.8947952343177122,1.7107763928421587,0.18635701729884876,0.07783865638479916,-0.1037463802635844,-0.6335620497084945,0.18265632417332114,0.9663312106257457,-0.23608662122478957,0.3740232219410097,-0.9112057629305087,1.430787070959197,-0.549560922563026,0.09513173542414534,0.21073614737054733,-0.27930748847862336,0.2426579876368316,0.4292843918189785,0.9520139979518181,-0.32628000039320393,-0.7767280297356788,-0.871550540651439,-1.266583114201364,1.2140243203352756,0.9897701216727819,0.4966385812298882,-0.7965164133741728,-0.034816808711881704,-0.2138859458503393,0.24089353427600324,-0.8996524566436344,-0.6108937607111918,0.18647048513598935
0.4954902207979263,0.42134140965518807,-0.17304581864680885,-1.030352764922128,-0.16739027512756663,0.49439262126441375,0.39465035064346393,0.10113572754464732,-0.17396377144506736,-0.31847935336387495,-0.018269911471677263,0.3375703788739853,-0.766644077366946,0.4860741351179244,0.5472211386903614,-0.3081810678213054,0.18656847689573966,0.21821574995663087,0.2221199562343665,-0.32560199627316083,0.7420758821856599,-0.14592212391346085,1.2433858357066871,0.4735854268231631,0.18635701729884876,1.2594206334322988,0.25199629546971464,-0.3970265641604495,0.19305109979795676,-0.4956790229207655,-0.10088676201441166,0.10512827733306049,0.5706349591722311,-0.16027337757348756,0.48709768162640465,-0.1217807279783122,-1.4481459612442005,0.6858279184566494,0.6482844705019597,-0.18160642214958428,0.16163318977999538,0.8870696661208302,0.7208219179575449,-0.7546017246379203,-0.6539114103612153,0.14295133491819653,0.9051447323315343,-0.11108369698196006,-0.57116999453868,-0.4932315302419456,-0.2934987753390352,0.058578447058446705,0.14131061363344596,0.8217146834895799,-0.5990108144740852,0.22109179378011248
0.03636673993787588,0.010002158802084656,-0.03668859375601629,-0.13391057105811383,0.16845657702241668,-0.14725301017925638,0.1680878162032297,0.5114168296341058,0.39952118085232036,-0.24330287568103462,-0.20233474021824255,-0.5465808058432392,0.9279446438592791,-0.09884671903835525,0.24307507147379784,-0.48661751654131674,-0.15079300427442793,0.8826393968231343,-0.09470035116294047,0.29594976012624236,-0.04535116172806549,0.1419829629008878,0.3675292741269229,-0.463268451081735,0.07783865638479916,0.25199629546971464,0.6548165762142301,0.26633333378306184,0.563128192026753,-0.4279934327886963,-0.10725369957010669,-0.3547672555590642,0.24273184310926793,-0.5309222510795936,1.2474158155693218,0.7998506757727595,0.01981206645552163,0.4769689218604773,-0.16679226975369127,-0.49697256451280597,-0.3712779394756113,-0.35291690275370796,-0.010097647036478018,0.36403717552958886,-0.5251274861726488,0.22208881859653443,0.11727252519596973,-0.07398330599130905,-0.1069018375134776,-0.26426600033774583,-0.18311604329935524,0.15625655839310418,0.656150049581369,0.7764308323077722,-0.5379627594061638,0.3524720684039117
0.6039859604119671,0.3168575179252128,0.7685416244929605,0.047151551914867224,-0.06890363762342709,-0.14696620736952004,-0.23453889518889356,0.1486404188171045,0.7183322076152153,0.21010039963735683,0.19804906115175078,-0.3772599792108054,0.7701472903332647,-0.49663395351935835,-0.5230174671357185,-0.17054885839020734,-0.27587865924919847,0.49156793055465475,0.31786539454661034,0.7130990708314983,0.16602702271591774,0.2536952721256115,-0.40596375818065783,0.019927192829908055,-0.1037463802635844,-0.3970265641604495,0.26633333378306184,0.7387929544694258,-0.05012413531403538,0.259771221184098,0.5208826262861311,0.010439433039807374,-0.16588743554601243,-0.6671378126558274,0.36830053537171964,0.6601738712386891,0.24115972994456686,0.5375574405528831,-0.24649469558333292,-0.31643982351017685,-0.3288827568794349,-0.4140929182808679,-0.5107167822011959,-0.0038193414608715913,-0.09080556989041275,-0.0370064157357278,0.45625665116522657,0.2620112720316893,0.22566089016879343,0.17840773832084558,-0.07944765401361159,0.6346246010285359,0.4608960074316751,0.22683633655710433,0.37815334879567714,0.6833100735547664
-1.1970600927929849,-0.41018087961428557,-0.32679248004685124,-0.04518082069613081,0.4551782573650325,0.7134391853528839,0.32459181964821676,0.4292365712570196,-0.008241691488490235,-0.13223908734166964,-1.0544652568797424,-0.6234544380680634,0.8545652359662068,-0.4896629411191804,0.872439905403088,-0.6351248827109183,0.44915372762301475,0.9647963107357116,-0.6133614826366247,0.2316830638667557,-0.22571314195500414,0.09686311877354263,0.15555364541406683,-1.1997906419240978,-0.6335620497084945,0.19305109979795676,0.563128192026753,-0.05012413531403538,1.3530367112053816,-0.782673104413757,-1.260962928983432,-0.7387002441605185,0.10949228828866027,0.17816284042180686,0.5319443039739281,0.7737777645926986,0.4129029562308206,0.313470343274386,0.46017842355258115,0.05808387772503794,-0.8227169596138428,-0.9633528970624102,0.2181154048038704,1.1273568767258029,0.12152720561622629,0.6951716795990359,-1.1499889489395099,-0.22110347049901508,-0.3083428817128842,-0.21112600119421127,-0.5685088308789102,-0.001134654162464359,0.21704917027216689,0.8128286169760602,-0.5399176819211949,-0.30351712371218653
0.6391306527593852,0.22734146036261235,0.537660313157123,0.16312459265792756,-0.27359505333386236,-0.20211398414413848,-0.26734624393697476,-0.29402953895722367,0.10528624662184978,0.28666026551940527,0.5557011092351154,0.29054351360491476,-0.3350679075356421,-0.046241042296357705,-0.7773801404932847,0.4056597065432712,-0.19025467633851723,-0.5164658441259838,0.41010775946542083,0.15854170029372486,0.12213759257554828,0.04804026705260306,-0.5846074468685082,0.6498060700956897,0.18265632417332114,-0.4956790229207655,-0.4279934327886963,0.259771221184098,-0.782673104413757,0.6580586608996639,0.7437436640986623,0.3806948433345502,-0.28116548604511177,-0.13228243945874882,-0.6508554833964212,-0.3897784579795922,0.12791443992089285,-0.11105674631840429,-0.1913833509650699,0.18320594766388226,0.28020041746204016,0.25826359099679985,-0.4041977846708618,-0.528716851027056,0.23520944083969197,-0.45714651364637243,0.4938057550253748,0.35054975917298664,0.35059105370559246,0.2792291280296285,0.2185152067915508,0.2277499855200064,-0.2208318637007067,-0.717554087664317,0.675806678382925,0.216444969329796
1.848225091650324,0.6620962545296096,0.77710283989741,-0.21807034740657627,-0.5300493971693028,-0.7967830861686481,-0.17296283241884702,0.0185070057281822,0.4789084758736679,0.03385071911163543,1.2382974558214699,0.2790746269484871,-0.1646482898699925,0.39413118873550557,-1.2172826928241796,0.31969767486447714,-0.6801793244495477,-0.21860457693954638,0.9122937166107665,0.25815571592994774,0.43570294005201343,0.12396437860890726,-0.0752575013664048,1.3087887355072703,0.9663312106257457,-0.10088676201441166,-0.10725369957010669,0.5208826262861311,-1.260962928983432,0.7437436640986623,1.708662814717806,0.5738244381935165,0.04271838322798296,-0.9981525494193907,0.49952955592236464,-0.21139805490528973,-0.4746600097216591,0.37595426451480946,-0.5845184844858915,-0.38370739691519523,0.5784809740286526,0.9135411725139757,-0.48993662725882603,-1.2835857381445104,-0.6379371355271588,-0.8762814381690311,1.8683158156624506,0.566410482909146,0.4168211895311643,-0.02431331342059424,0.368245990954049,0.4365291834656994,0.36626961934480834,-0.4468053826562505,0.3680574213406857,0.9280217843042147
0.6880987821604032,0.4952609884089875,0.1765742279123043,-0.06426402345320144,-0.24244451583742066,-0.4432420527370437,-0.5668375798515646,-0.6468036876382286,0.2292451856366864,0.2096480582679592,0.517921434080806,0.4663645423757436,-0.8109348470257243,0.11970547804166864,-0.0660128601298023,0.350417566671277,-0.2591531033644658,-0.8564083584045675,0.3130706449866303,-0.23561756015902785,0.37060266712713885,-0.1927848616655899,0.26062888763542685,0.6139031330797796,-0.23608662122478957,0.10512827733306049,-0.3547672555590642,0.010439433039807374,-0.7387002441605185,0.3806948433345502,0.5738244381935165,0.7506392119619122,-0.08936278658192745,0.20686879107585565,-0.8251121103008695,-0.2989212195005156,-0.7731669042131546,-0.20369683504190428,-0.19666613612752737,-0.35729847746941223,0.5249745620187527,0.5370498774114629,0.1808497515031124,-0.7006101722822429,0.056800978084154366,0.1252018656482251,0.6149673663960921,-0.4165618014221812,-0.15426118345749226,0.42807765722836794,0.4701253739756752,0.08781096915384838,-0.15402746459018382,0.09850135905476307,0.4996758497496844,0.26122001055808525
0.26424791376028967,0.09561050745851833,-0.17146930278542374,-0.4264003993849264,-0.05276692122368656,0.06384821896387467,0.3188218234073531,0.26693701331354613,-0.09433580981621396,-0.27635266909862044,0.04810980398011224,0.03474069323708684,-0.09080235942847968,0.3492682213501997,0.1617571152316477,-0.19069427318563875,-0.00316604276961543,0.2977729457009806,0.08634061640405893,-0.13905574299132945,0.20213432651246677,-0.020878913536716337,0.5821617626443243,0.17985136638231441,0.3740232219410097,0.5706349591722311,0.24273184310926793,-0.16588743554601243,0.10949228828866027,-0.28116548604511177,0.04271838322798296,-0.08936278658192745,0.33877637039104047,-0.2647692768886411,0.6915420999784773,0.009341125718852159,-0.5034219409727577,0.32046325038891843,0.1414587029336297,-0.1345560665359842,0.07326719329180206,0.4123177511744006,0.2507639165893308,-0.28563977820550945,-0.49862382433657115,-0.08884274221956652,0.4865192528287867,0.05822435276161889,-0.16960902534020172,-0.3816173726125525,-0.13046633980715092,-0.05287321030446225,0.21412520155321194,0.32045574689214024,-0.49128038342860586,0.12318624189667952
-1.3338738868207525,-0.43954430815151335,-0.835367019475583,0.5565137513275158,0.2875243279159072,0.017753190040318736,-0.41553938637254073,-0.7347363182005521,-0.5286773857555045,0.16750289092942566,-0.5374874480198354,0.3060505293104342,-0.7508205312865586,-0.06467299438001839,0.9022194530896506,0.34357592457005076,0.33995927660410596,-1.0390721469750097,-0.6887949397921052,-0.7208517476239973,-0.44561346669138435,-0.3621853498321493,-0.019844192787469416,-0.6231051203385166,-0.9112057629305087,-0.16027337757348756,-0.5309222510795936,-0.6671378126558274,0.17816284042180686,-0.13228243945874882,-0.9981525494193907,0.20686879107585565,-0.2647692768886411,1.4120734343146957,-1.5503508120707064,-0.49342104197674796,0.16759340796200423,-1.1368274556198785,0.08534465842682133,0.2370050188095025,0.2052545900647654,-0.3110961557442197,0.5130141074632194,0.6482800333185965,0.8632543206430446,0.6946061877633672,-1.5078047016333487,-0.9062541569987981,-0.3167179472168575,0.5121387697810439,0.35745225736178454,-0.6892459417721513,-0.7634191490251437,-0.12486384555823937,0.2052120985201748,-0.9844416658982623
0.6058318128398873,-0.17309098113270466,-0.2793777936619568,-0.2321220411121403,0.1477298372750728,-0.7906786746157441,0.799464321061063,1.4637691785436835,0.41621876830379034,-0.8329721021626344,0.20064202160896197,-0.9512642742449265,1.8530280172542013,0.5452430795880879,-0.2010404409402374,-0.7412288006640367,-0.5736744165663399,1.7720968344518675,0.04792104971693251,0.36073642731067135,-0.3519599377307375,0.33719639282751707,0.6708121863604478,-0.32144513972565897,1.430787070959197,0.48709768162640465,1.2474158155693218,0.36830053537171964,0.5319443039739281,-0.6508554833964212,0.49952955592236464,-0.8251121103008695,0.6915420999784773,-1.5503508120707064,3.3869153636080322,1.0630220953994813,0.28406412584548146,0.7791489625790327,-0.7298629621330467,-0.8151048686817487,-0.29488672045013714,-0.026598901233602205,-0.27259545330748486,0.25370049181727417,-1.5915597915946051,-0.5031075152314303,0.9215299348697452,0.46071849125282416,0.20876192111465258,-1.0190114152300627,-0.21026576128888924,-0.03738025731706611,1.3883288377612182,0.700240973073369,-1.4923869026922363,0.677465041607865
