V1,V2,V3,V4,V5,V6,V7,V8,V9,V10,V11,V12,V13,V14,V15,V16,V17,V18,V19,V20,V21,V22,V23,V24,V25,V26,V27,V28,V29,V30,V31,V32,V33,V34,V35,V36,V37,V38,V39,V40,V41,V42,V43,V44,V45,V46,V47,V48,V49,V50,V51,V52,V53,V54,V55,V56
1.5385325792943412,1.0868838242666172,0.424504892048141,-3.4557908560990227,-0.646986113862819,0.07064808440509804,-2.411568300651033,-1.5253552730107198,1.4137803367286021,-0.5700475477149719,-0.518995055252678,2.1851969141780843,-1.3511523119358373,-1.914309978747086,-0.13002445917255692,0.03246220562619774,0.6211233438831393,1.6600872147684087,1.5040243884599847,-1.4147902942587918,0.08426065220000178,-2.7354359753003124,-0.41697461540677433,0.5788624948447912,0.046775195678661355,-2.5129060896640523,-0.8005789138644538,2.05093293307105,-2.2188462959007755,0.68491284681456,1.7514368093434953,-0.8148039128412697,-1.3198007193445618,0.40625491749332193,-0.5291632760125684,-0.67304764096143,1.8642359842044376,-0.48343153065690075,0.6204197324298967,-0.6674527691683743,-2.4421764425249504,3.381611915752772,3.756147210595939,3.0293678249480442,-0.6546494032918346,0.7919649438930448,1.0801393270867972,-0.34867950658482677,0.8204360284695987,2.0901829193676456,1.0805502127594355,0.5850271857793375,1.9402854716119922,3.570379421077425,0.17949601675090232,-0.03742424007627776
1.0868838242666172,1.0426422328886622,0.9036470054389252,-3.3816676056718666,-0.2589995660230116,0.4632488482401806,-1.0710305999655652,-1.3876048260539415,1.4802257072187206,-1.0505378789564113,-0.14795676308671066,1.513702631878066,-1.4024848628006485,-1.3303630951112364,0.3830451974267278,0.19240895937816158,0.9127040881937991,1.1982573965933012,1.197146646547669,-1.954905752176586,0.6888968796923418,-2.2447374663991932,-0.11169283820186389,0.8115627096040766,0.526928010220295,-1.4570895554146792,-0.08740377244289498,1.1011472867261727,-2.6315847654923217,1.5678182140454504,2.375653028856748,-0.8175239949166817,-1.3817828163858368,-0.0013490504652263408,-0.6241224480711196,-0.5945608746901805,1.6991665719246933,0.47012488825438153,0.2597081555026642,-0.7956574720326077,-2.111270414632667,2.7308525653213582,3.4410371753875384,2.3926212366692288,-0.16195209815690317,0.8365756817950796,-0.07504860896313043,0.16800539517959573,1.4882470801500418,1.9305544375497445,0.922211176961276,-0.2565919353716006,1.3377100656060807,2.4198720649379535,-0.6530247007954724,0.5657455399833616
0.424504892048141,0.9036470054389252,1.4435311177165173,-3.0193746165684465,0.2566031110169337,0.927563535821293,0.7243806931860054,-1.10197683972423,1.4478342958521608,-1.5805139473581344,0.3372281081585182,0.5369960341291911,-1.3569626602530305,-0.47988727568082273,1.0074362544224957,0.38128086367577013,1.212529167192294,0.514069905951481,0.7107772805300687,-2.4893744789239585,1.4059211442665163,-1.4408678791392016,0.2867111081477931,1.0442586762936426,1.0979244253289533,0.0055586564365028455,0.8295791479085899,-0.19801993851810662,-2.949942517861724,2.5703553526003433,2.984132454489146,-0.7562765587560519,-1.3514890717261228,-0.521374753523976,-0.6958892805795023,-0.44733820432160204,1.354013113958644,1.6497157228592074,-0.2211457577945749,-0.8962686402902994,-1.5218735130207441,1.6842508165891679,2.7665274732092913,1.39067653585212,0.4795865033608771,0.8272755827841038,-1.5432118339042349,0.8140331787414178,2.2226072959334466,1.5740264209231587,0.6471530596652059,-1.310246704729493,0.4628812721508736,0.76017372873623,-1.663686044642673,1.290647664268824
-3.4557908560990227,-3.3816676056718666,-3.0193746165684465,10.979842638375459,0.7755421789259245,-1.5730034264853883,3.2522082692823973,4.487015225529574,-4.823019578276003,3.497091887299638,0.4174831418667805,-4.805611416039314,4.567728368846483,4.224619456527555,-1.3328986278655703,-0.6528085698589452,-3.0167322747767207,-3.816082667468029,-3.8389775160646096,6.447048890052516,-2.3427697289959246,7.212855256634074,0.31085088777998504,-2.6778880557075815,-1.7949765869182353,4.555843111166579,0.16212373333684876,-3.416946690306416,8.624887732070551,-5.247410023763866,-7.829125026401611,2.657926466669832,4.502255517822617,0.07410833988182991,2.0450292614536787,1.919266809595048,-5.495111503068279,-1.6913096402531373,-0.7825110810363992,2.608311567475728,6.806337826955237,-8.765652150168586,-11.131608418456043,-7.6685870422982685,0.442166182906778,-2.72702193915143,0.441556414750408,-0.6345040052016186,-4.95196121082246,-6.248196608355764,-2.9706747618630196,0.9780472635285312,-4.245315157873922,-7.66928733127895,2.265143850441124,-1.9422004772761376
-0.646986113862819,-0.2589995660230116,0.2566031110169337,0.7755421789259245,0.4148082669925064,0.26817657913434056,1.4700197387300178,0.4180125825285389,-0.24753816041567991,-0.2271621061561003,0.3758489611098769,-0.940551396427214,0.2453428865142823,0.8208531878739844,0.3969286066674228,0.10848699351813137,0.08034607287285274,-0.6797234880019514,-0.535441806493047,-0.0936150008131149,0.41814165293842137,0.9252337515364781,0.30714138285412024,0.046742935883159545,0.3362620102890745,1.2860026783541978,0.6812597364631462,-1.1130543673878879,0.1661987359798148,0.4931719856873186,0.08387892007515486,0.16830136242257046,0.23111674091498588,-0.37864286996091795,0.04213901145117185,0.197204020626981,-0.5085134095766775,0.7882263232444013,-0.38960044297952595,0.04707666023600634,0.7487950274184155,-1.1756113968417838,-1.0119789095094842,-1.0919076613748666,0.49187245891047504,-0.13333919745338074,-1.0582262135846525,0.44522426331308834,0.30983901177088274,-0.5518061818012722,-0.33990375405710255,-0.728784894286324,-0.839706224337298,-1.5752143325710013,-0.6374879506879954,0.44251212776307153
0.07064808440509804,0.4632488482401806,0.927563535821293,-1.5730034264853883,0.26817657913434056,0.6249193160454498,0.8407145450109138,-0.536336916893545,0.7890672577512772,-1.0005344458108483,0.3050737426867603,0.05520352489787109,-0.7358098122144687,-0.054836466898496326,0.708292345920348,0.25638779884314145,0.7413053954449096,0.11458593439176408,0.27156716236004164,-1.5019728049853838,0.9504619665992748,-0.5953334231367851,0.2559028088711753,0.6321478258857228,0.7449635102616003,0.36308984968121516,0.6824023475718871,-0.42880007263884323,-1.7023223731985766,1.661767896349854,1.7925573453059043,-0.40125820489684677,-0.7365450461975941,-0.41502348521661764,-0.4007560558795016,-0.21002327866082268,0.660432059279339,1.1985325833102272,-0.24010373670154272,-0.518165956598944,-0.6927197450780059,0.6695686651965126,1.3569578337823966,0.5189467840767811,0.42192914425012473,0.4531303384035872,-1.2109335150288014,0.6071488012898962,1.404319212091918,0.7787506991460699,0.2885558047770345,-0.980654036161977,0.039480106273036955,0.00994610577856833,-1.1646414467758854,0.8889424381328523
-2.411568300651033,-1.0710305999655652,0.7243806931860054,3.2522082692823973,1.4700197387300178,0.8407145450109138,5.2361682787188695,1.6772674074708862,-1.1077436442898954,-0.5977012704636616,1.3168754210447091,-3.4942637409370954,1.0866848027720166,3.0511873098969806,1.296960348044259,0.339228197973177,0.11731239654738755,-2.5433960114324674,-2.0475539278002715,0.018321247714256143,1.3166522863460552,3.568754309166019,1.0745396808146002,0.019462274148557352,1.0635351050952526,4.671144165807908,2.355520163384659,-4.015126502705694,1.028515704715216,1.4215776787143355,-0.1249262872826209,0.7203130947009857,1.0342142783681485,-1.300512267920782,0.253280915841657,0.7808335719514727,-2.042337513435911,2.6260389463739604,-1.383546841795828,0.3000693694057767,2.939429675635306,-4.513398166833535,-4.074759312486521,-4.167040752213141,1.7178828943417064,-0.6035207083930956,-3.622261170939096,1.5002605244278464,0.8056120308048198,-2.2312939237420255,-1.3280193410519199,-2.4589693311872813,-3.117230374384582,-5.832076082152204,-2.0764071057160547,1.421785193339784
-1.5253552730107198,-1.3876048260539415,-1.10197683972423,4.487015225529574,0.4180125825285389,-0.536336916893545,1.6772674074708862,1.8620394058685734,-1.9448259750778263,1.2959927311114037,0.2678509333091278,-2.1326241794019554,1.8449450941050456,1.873111956079964,-0.40682949597738965,-0.22337242291062143,-1.150434482842463,-1.6746382498853856,-1.6430326066224852,2.480514672305185,-0.7935406799807248,3.064329137017575,0.20709925140177984,-1.0281163813749534,-0.6035311173633604,2.1324943041992532,0.254305501144216,-1.6411025839923756,3.40026492157136,-1.9018830063037713,-3.020638978000369,1.0807295258246794,1.8154933086183962,-0.0774904673298661,0.8069967865656459,0.8016320288495253,-2.2794247264023553,-0.4363311513226731,-0.41364506630035686,1.0274033769338868,2.8567274266245706,-3.7383959156114663,-4.612406931027075,-3.2883252779170413,0.3100225966517039,-1.097780022080971,-0.12541260096324178,-0.12171437949626189,-1.8384756989655875,-2.584400486999475,-1.2505132807070891,0.17568276140870095,-1.8864521243660737,-3.4242883808253626,0.701774921353674,-0.6309457292065227
1.4137803367286021,1.4802257072187206,1.4478342958521608,-4.823019578276003,-0.24753816041567991,0.7890672577512772,-1.1077436442898954,-1.9448259750778263,2.142654644270521,-1.658789700766388,-0.09379225761923375,1.955430570377024,-2.026418658870314,-1.7205702300224566,0.7125155294725979,0.32674257658414596,1.401033554235498,1.570157209221472,1.617953162250747,-2.9739444565032507,1.180050698588246,-3.0607831579860205,-0.06277696608661111,1.237309568700406,0.9082384369693671,-1.7517969815865007,0.1020422990956763,1.2754516687559136,-3.903169712950239,2.5284236116948557,3.603769739087153,-1.172551760375894,-2.00014257992044,-0.1318491283159798,-0.9247658146866099,-0.8271153846018833,2.38265247251579,0.9777155352004875,0.25724707217266934,-1.1812081363538476,-2.920427317435653,3.7064726966959425,4.83129898141055,3.2261819530698053,-0.07507414587751447,1.2132086717769086,-0.4757537049465921,0.40547030095560765,2.3458243152426164,2.7160144125689696,1.2712562413598034,-0.635999866269411,1.7251625213031876,3.101487126664421,-1.201271931026781,1.003081385078743
-0.5700475477149719,-1.0505378789564113,-1.5805139473581344,3.497091887299638,-0.2271621061561003,-1.0005344458108483,-0.5977012704636616,1.2959927311114037,-1.658789700766388,1.7383329718192178,-0.3232024263878387,-0.7388990307831412,1.5566214880082005,0.6574520035625058,-1.0712962758364437,-0.4115308003664906,-1.3472888350910324,-0.6752012554240586,-0.8746479912155232,2.7764358653256243,-1.5148249510754892,1.749721219051024,-0.27659389865874545,-1.1635882509765967,-1.1815539080543482,0.18113894126113675,-0.8305284309934587,0.05976883089584728,3.3304922146243987,-2.808983752122233,-3.3323760663093904,0.872151377694178,1.5484139913253985,0.5291857752533785,0.7860879882046901,0.5301062713509329,-1.5916592850163438,-1.7341475084121354,0.19109447415963274,1.0113913393184213,1.8148049208249724,-2.058983026835022,-3.248150928086577,-1.7177512634032002,-0.46585234838211953,-0.9466326969621701,1.5754399508619061,-0.8474946900630217,-2.4459412833824103,-1.8445565373783965,-0.7748487007431119,1.3623332853977201,-0.641138645353015,-1.081504835186953,1.7717677571613364,-1.3820764003783093
-0.518995055252678,-0.14795676308671066,0.3372281081585182,0.4174831418667805,0.3758489611098769,0.3050737426867603,1.3168754210447091,0.2678509333091278,-0.09379225761923375,-0.3232024263878387,0.3490850868529551,-0.7610164139129166,0.09932093868034927,0.6632510312569733,0.42175163165686513,0.1239062198675595,0.16758354532354952,-0.5397063874270012,-0.40021710682911654,-0.28301468159789966,0.47238376580660313,0.6742338888468156,0.2861773731046138,0.1251148735785934,0.37721776144271674,1.1008280340184702,0.6505436647331001,-0.9685317015147543,-0.09824526125089728,0.6314985804453334,0.31501239170097434,0.08236274749457283,0.08759442255544618,-0.36648576857490633,-0.020666475697592106,0.13227547089297614,-0.32474459950008744,0.8089207045466925,-0.35138957419924294,-0.032774762255581354,0.516660282453897,-0.868632339607872,-0.6404014076494918,-0.8209404637791864,0.45996503989912846,-0.0466599543088164,-1.0312662415125944,0.44731149934131037,0.44628331240445007,-0.3438546842040719,-0.23809004879575776,-0.7303887233444992,-0.6807689147815356,-1.285877549029953,-0.6810793666351426,0.4838403825907052
2.1851969141780843,1.513702631878066,0.5369960341291911,-4.805611416039314,-0.940551396427214,0.05520352489787109,-3.4942637409370954,-2.1326241794019554,1.955430570377024,-0.7388990307831412,-0.7610164139129166,3.106939750265186,-1.870137337241453,-2.721319158058157,-0.23653682416873367,0.027598805290590268,0.8304351099951423,2.3550574925014045,2.121481040896247,-1.9051054810724897,0.050945887406424355,-3.851067723071844,-0.612205147914785,0.7781963528052047,0.012500756323766715,-3.6038533799758725,-1.189289511203718,2.9509380142757156,-3.035249955867488,0.8544155293527732,2.36327225082211,-1.1308580518009388,-1.8254503672916482,0.6084975805956929,-0.7242432126671968,-0.9429324851776343,2.606060179239649,-0.775259118613007,0.900691936507148,-0.9125936267944019,-3.426498746677186,4.765603753646694,5.2488994148234,4.275069088514359,-0.9626249352708104,1.0945770817916805,1.6256605095580492,-0.540480453891797,1.0660455657357881,2.919137823741096,1.517369985600643,0.9040756129360386,2.759414078542381,5.08223607735293,0.3401016009473644,-0.11782355361837375
-1.3511523119358373,-1.4024848628006485,-1.3569626602530305,4.567728368846483,0.2453428865142823,-0.7358098122144687,1.0866848027720166,1.8449450941050456,-2.026418658870314,1.5566214880082005,0.09932093868034927,-1.870137337241453,1.9168150454308537,1.6453254894945213,-0.6599232573123164,-0.3047638590710148,-1.317984669692091,-1.4994726915896328,-1.5403185963074426,2.799896036689927,-1.099907258877734,2.9113662980653405,0.06809397273481138,-1.164670017318364,-0.8461353445568097,1.6882826463980738,-0.07634863442326917,-1.234348664479494,3.6831466364593446,-2.368419620762267,-3.393720987658269,1.1098976108027265,1.8916389189811351,0.11324024438953477,0.8727167711081113,0.7852020924749571,-2.260181217371517,-0.8984641080237045,-0.2537592848437205,1.1145293598449613,2.773964300542242,-3.527140887759377,-4.582407806762851,-3.0720845389831335,0.0850558139081398,-1.147195413478122,0.4175665057301382,-0.3691618245681896,-2.201672083393266,-2.5755977700399426,-1.207907068857038,0.5781632005198036,-1.650201583924456,-2.968630700166,1.1135260506950797,-0.9324241029759304
-1.914309978747086,-1.3303630951112364,-0.47988727568082273,4.224619456527555,0.8208531878739844,-0.054836466898496326,3.0511873098969806,1.873111956079964,-1.7205702300224566,0.6574520035625058,0.6632510312569733,-2.721319158058157,1.6453254894945213,2.3836276029648045,0.19977390246229576,-0.026832890507671563,-0.7349159368413014,-2.0635134386911043,-1.8606021704525262,1.683909786314817,-0.054491412508035804,3.378565170503994,0.5334481197494125,-0.6880360141196304,-0.018689292267898595,3.152118837840607,1.03436798025148,-2.5796782867256134,2.6756589089192193,-0.7654819201712205,-2.0881462119944283,0.9944620398439715,1.6062007757211003,-0.5285476678339623,0.6383844301449467,0.8279082248772609,-2.2889893181275545,0.6664376648583334,-0.7862400411229867,0.8045430222038727,3.0077824850940673,-4.1801953941473675,-4.61056115682661,-3.7490690485845666,0.838585027117691,-0.9632299201052948,-1.4110048124119388,0.4669883540924731,-0.9481305688315598,-2.5643809217480777,-1.3317590144273668,-0.7815066043471627,-2.416827705527358,-4.45061470540781,-0.2857226960309367,0.09393926505746829
-0.13002445917255692,0.3830451974267278,1.0074362544224957,-1.3328986278655703,0.3969286066674228,0.708292345920348,1.296960348044259,-0.40682949597738965,0.7125155294725979,-1.0712962758364437,0.42175163165686513,-0.23653682416873367,-0.6599232573123164,0.19977390246229576,0.8316286627714605,0.2901162260242816,0.7664483809573915,-0.09622863234731724,0.10555496971073064,-1.531457352820654,1.0804503318998837,-0.30850474503996045,0.3512531943835318,0.6468348300042193,0.849492070001698,0.762112379396908,0.8939298002701468,-0.7741939481554391,-1.6512727523454986,1.8152414209800858,1.819107959269416,-0.34917053005754384,-0.6650716251144767,-0.5326006405501569,-0.38780348147282295,-0.1489133597271764,0.5028883039015324,1.4433938638346804,-0.3610280353314299,-0.5037165543505869,-0.46065080148008863,0.3050954740076114,1.0434468757309987,0.18039361571334636,0.5746318867499861,0.41190322428791476,-1.5395517719270806,0.7454363180698804,1.5008469563310978,0.6078127216627243,0.18320406917164075,-1.2070121214475356,-0.22098298264813654,-0.4786785422692467,-1.362734008498636,1.02647222327133
0.03246220562619774,0.19240895937816158,0.38128086367577013,-0.6528085698589452,0.10848699351813137,0.25638779884314145,0.339228197973177,-0.22337242291062143,0.32674257658414596,-0.4115308003664906,0.1239062198675595,0.027598805290590268,-0.3047638590710148,-0.026832890507671563,0.2901162260242816,0.10519700501940481,0.30535862181862106,0.050753607994594364,0.11476396621352694,-0.6190479845961396,0.38989661627504946,-0.2503110933448502,0.1039770963923908,0.2605061958958864,0.30555367707050846,0.14316391584388966,0.2779774967804019,-0.17115573391166294,-0.7030213319998465,0.6829084518909556,0.73895728092276,-0.16637364072944014,-0.3049940906734534,-0.16924357056224842,-0.16551881823520104,-0.08764209665632619,0.2750233795087873,0.4903199758965561,-0.09703701637395452,-0.21397299974786754,-0.2895748611340134,0.28221679146607037,0.5649086556712144,0.21965907431656728,0.17151068962451815,0.18759018946885206,-0.49404893210932244,0.248148941064881,0.5776581043141874,0.3240493034790611,0.12076752219718784,-0.40075534302751425,0.02059554029204875,0.012189443175466034,-0.47711454213233506,0.36439613669485066
0.6211233438831393,0.9127040881937991,1.212529167192294,-3.0167322747767207,0.08034607287285274,0.7413053954449096,0.11731239654738755,-1.150434482842463,1.401033554235498,-1.3472888350910324,0.16758354532354952,0.8304351099951423,-1.317984669692091,-0.7349159368413014,0.7664483809573915,0.30535862181862106,1.0679996490662995,0.7141737518963968,0.8393732917550667,-2.2187725234145455,1.1193363551225597,-1.642891438261479,0.14702201406195922,0.9280084346427458,0.8705616134426429,-0.46588583575010445,0.501357397105828,0.22836396247045876,-2.7307581760474955,2.145753350418382,2.6701273334523385,-0.7461113629938017,-1.3078212777034572,-0.3332256824738815,-0.6452578251660308,-0.47708492098241495,1.4116846182626714,1.2044670125440096,-0.05748552280971244,-0.8284228625668447,-1.651597566479939,1.9548544452298517,2.8744683627871037,1.6584985954392437,0.25394133126808643,0.7975676320388616,-1.0092034454180105,0.5737202378080989,1.8981517840258997,1.6266648397264405,0.7101856572502905,-0.9189911297870753,0.7264280751811327,1.264831078748224,-1.2723094567286408,1.006081883088061
1.6600872147684087,1.1982573965933012,0.514069905951481,-3.816082667468029,-0.6797234880019514,0.11458593439176408,-2.5433960114324674,-1.6746382498853856,1.570157209221472,-0.6752012554240586,-0.5397063874270012,2.3550574925014045,-1.4994726915896328,-2.0635134386911043,-0.09622863234731724,0.050753607994594364,0.7141737518963968,1.7936120027080156,1.6353467268810655,-1.6152290016197213,0.1493207782130815,-2.9805352987590106,-0.4329484208597224,0.6619589236757643,0.0963010547031746,-2.6819216053103982,-0.8194590924899339,2.1807040297360176,-2.4928941417523816,0.8396131074820784,1.9954476490302753,-0.9016274364228197,-1.4657782932774472,0.4115947231751199,-0.5941975016652506,-0.7372742314115139,2.046989204993844,-0.44630916238152385,0.6528654864208903,-0.7502649881607438,-2.670945638925911,3.6805130507456876,4.125988691907141,3.2921441290048574,-0.6784842807778619,0.8802491485626711,1.0877053112518746,-0.3377798154865046,0.9695755077845738,2.297447396364593,1.1806631052285403,0.5690864265773208,2.090520124120269,3.842962239569687,0.12131276128636473,0.014571055326230238
1.5040243884599847,1.197146646547669,0.7107772805300687,-3.8389775160646096,-0.535441806493047,0.27156716236004164,-2.0475539278002715,-1.6430326066224852,1.617953162250747,-0.8746479912155232,-0.40021710682911654,2.121481040896247,-1.5403185963074426,-1.8606021704525262,0.10555496971073064,0.11476396621352694,0.8393732917550667,1.6353467268810655,1.5362534680880273,-1.85114627167415,0.39071263158354846,-2.827089554887405,-0.31802777299780954,0.7631356031292418,0.2876898444691035,-2.3006838452092206,-0.5483628888715416,1.8345780843015982,-2.690402693695517,1.2006081409479268,2.269861233338476,-0.9150462166092371,-1.510378637711823,0.25587709309538037,-0.639921235858386,-0.7162971634779135,2.0096661968902767,-0.07494909012819682,0.5190130708202862,-0.8112854562179432,-2.5765165862089474,3.4732882525353994,4.05773006291374,3.0851501122543814,-0.49273543207974735,0.9099578870787582,0.6453083528962372,-0.1378716020764183,1.2472035331316662,2.26570662864631,1.13414554776644,0.24371786609954602,1.8806043587244392,3.4401337382505166,-0.2065835556174299,0.25353787411089557
-1.4147902942587918,-1.954905752176586,-2.4893744789239585,6.447048890052516,-0.0936150008131149,-1.5019728049853838,0.018321247714256143,2.480514672305185,-2.9739444565032507,2.7764358653256243,-0.28301468159789966,-1.9051054810724897,2.799896036689927,1.683909786314817,-1.531457352820654,-0.6190479845961396,-2.2187725234145455,-1.6152290016197213,-1.85114627167415,4.62265242580656,-2.265539903568736,3.6012000386647927,-0.25234206905186835,-1.9320778018247093,-1.7600369508758027,1.2047853369002328,-0.9261641178378143,-0.6771133968243187,5.739804248540846,-4.398316617427801,-5.568178714088868,1.590296283603237,2.776093247151323,0.6288703987537911,1.3567872389960167,1.032946702098065,-3.0430168436652822,-2.3771797911613493,0.05033427851048438,1.7406697507990911,3.5877634879566753,-4.298413475444217,-6.191976416347422,-3.663724390709568,-0.4427816499950907,-1.6916212288982853,1.9204653236791847,-1.1198029869981128,-3.913460541687847,-3.500303002050056,-1.54594954842425,1.790911086375317,-1.6695426592259586,-2.927239978352554,2.546070083276947,-2.024355063081349
0.08426065220000178,0.6888968796923418,1.4059211442665163,-2.3427697289959246,0.41814165293842137,0.9504619665992748,1.3166522863460552,-0.7935406799807248,1.180050698588246,-1.5148249510754892,0.47238376580660313,0.050945887406424355,-1.099907258877734,-0.054491412508035804,1.0804503318998837,0.38989661627504946,1.1193363551225597,0.1493207782130815,0.39071263158354846,-2.265539903568736,1.4459427171904173,-0.8650367141348426,0.39596792641081946,0.9537680808842072,1.1336087859814485,0.5909332481991145,1.051189075153379,-0.6839870881102678,-2.5584189579861922,2.5199106074846402,2.702897196888924,-0.5986294257761835,-1.1015017954260764,-0.6380903495046515,-0.6021927998107784,-0.30959372883125963,0.9773592982450613,1.8322686113563966,-0.3749940556996645,-0.77887146610586,-1.0177652533608534,0.9682801577812787,2.009257305321718,0.7442731183378338,0.652368865176762,0.6779585006267065,-1.860192069514379,0.9297572914699954,2.125853353964421,1.1540934870547095,0.42299675696068617,-1.5020555423095763,0.030715498374312134,-0.038953265666733475,-1.776059156730382,1.3541138514112472
-2.7354359753003124,-2.2447374663991932,-1.4408678791392016,7.212855256634074,0.9252337515364781,-0.5953334231367851,3.568754309166019,3.064329137017575,-3.0607831579860205,1.749721219051024,0.6742338888468156,-3.851067723071844,2.9113662980653405,3.378565170503994,-0.30850474503996045,-0.2503110933448502,-1.642891438261479,-2.9805352987590106,-2.827089554887405,3.6012000386647927,-0.8650367141348426,5.218385801337185,0.5335386817802872,-1.4867428309311175,-0.644419710739862,4.1062950523681625,0.8800051050179541,-3.25130843954329,5.154255167238593,-2.44957474479895,-4.40762051637201,1.7235937816767586,2.8572679813342554,-0.394623309676636,1.2252696820770375,1.331983300372565,-3.7488485385728247,-0.06284092645607606,-0.9001329959077612,1.5550560626800307,4.780742462956359,-6.400926302964225,-7.573213746066863,-5.673068069566069,0.8224206588670945,-1.7229730991380838,-0.9680034981306084,0.14908883703800405,-2.4913035631897853,-4.232130884687306,-2.101702012892373,-0.27889068034126707,-3.4122441583883463,-6.231599564673772,0.5670708429437528,-0.6064259792494665
-0.41697461540677433,-0.11169283820186389,0.2867111081477931,0.31085088777998504,0.30714138285412024,0.2559028088711753,1.0745396808146002,0.20709925140177984,-0.06277696608661111,-0.27659389865874545,0.2861773731046138,-0.612205147914785,0.06809397273481138,0.5334481197494125,0.3512531943835318,0.1039770963923908,0.14702201406195922,-0.4329484208597224,-0.31802777299780954,-0.25234206905186835,0.39596792641081946,0.5335386817802872,0.23470016220284887,0.11103920696974656,0.31596943700866226,0.8927459932652391,0.5351560144020362,-0.7872284532074687,-0.10673204115138099,0.5356811789247589,0.2828287602839899,0.059852588223943445,0.05863479690594228,-0.30197742821230944,-0.023142972470363097,0.10316245216945744,-0.2509239469415579,0.671112490679751,-0.28698124422607785,-0.034800175875345396,0.4050143181950855,-0.6889495813524121,-0.4939416525091272,-0.6529679546400684,0.37739926392025996,-0.030248780024715458,-0.850442225128257,0.37020624304351896,0.38229432784445017,-0.26440255598511053,-0.18713767117729457,-0.6043143179323595,-0.5478099136472768,-1.035783665348472,-0.5675702126438608,0.40420095788509397
0.5788624948447912,0.8115627096040766,1.0442586762936426,-2.6778880557075815,0.046742935883159545,0.6321478258857228,0.019462274148557352,-1.0281163813749534,1.237309568700406,-1.1635882509765967,0.1251148735785934,0.7781963528052047,-1.164670017318364,-0.6880360141196304,0.6468348300042193,0.2605061958958864,0.9280084346427458,0.6619589236757643,0.7631356031292418,-1.9320778018247093,0.9537680808842072,-1.4867428309311175,0.11103920696974656,0.8076691922504289,0.7411673545191911,-0.4793815538358031,0.3993175285096113,0.2622234161543672,-2.3937918655521546,1.8457678964566833,2.3267359998332684,-0.6609800289127477,-1.154992710905648,-0.2695906295034331,-0.5657970420520521,-0.4277060217723882,1.2613397639212691,1.0072130635376606,-0.028204615447430102,-0.726009621881939,-1.4843861522904958,1.7732708834328794,2.5670127454218528,1.5097779519321453,0.19397112421526408,0.703936664633511,-0.8214757294644645,0.4758248270984561,1.6399177991005887,1.4514971992915073,0.6392964656619445,-0.7612996030780972,0.68168879054249365,1.1933188931872705,-1.0749589369252142,0.8535023510049672
0.046775195678661355,0.526928010220295,1.0979244253289533,-1.7949765869182353,0.3362620102890745,0.7449635102616003,1.0635351050952526,-0.6035311173633604,0.9082384369693671,-1.1815539080543482,0.37721776144271674,0.012500756323766715,-0.8461353445568097,-0.018689292267898595,0.849492070001698,0.30555367707050846,0.8705616134426429,0.0963010547031746,0.2876898444691035,-1.7600369508758027,1.1336087859814485,-0.644419710739862,0.31596943700866226,0.7411673545191911,0.8889837074010314,0.49531903833409496,0.8349619082157715,-0.5625316872219297,-1.9797560450237468,1.9688260173068879,2.0990092631266295,-0.45951409648067937,-0.8477808483812481,-0.5058343180081749,-0.4659021597406937,-0.2344828914470126,0.743517042112449,1.443907073270221,-0.30206892396980517,-0.602807514540715,-0.7679573093056347,0.7173121407416584,1.5294840048100684,0.5459573752408533,0.5201624742078181,0.5220528429651584,-1.4733226367803143,0.7339888575207844,1.6578950474145986,0.8793637163072342,0.3183490096064634,-1.1860579265238502,-2.9490592356285275e-4,-0.0754634052905714,-1.39597622836424,1.0630784456586204
-2.5129060896640523,-1.4570895554146792,0.0055586564365028455,4.555843111166579,1.2860026783541978,0.36308984968121516,4.671144165807908,2.1324943041992532,-1.7517969815865007,0.18113894126113675,1.1008280340184702,-3.6038533799758725,1.6882826463980738,3.152118837840607,0.762112379396908,0.14316391584388966,-0.46588583575010445,-2.6819216053103982,-2.3006838452092206,1.2047853369002328,0.5909332481991145,4.1062950523681625,0.8927459932652391,-0.4793815538358031,0.49531903833409496,4.472632071549613,1.861110381623323,-3.7523326038836577,2.3922764231092395,0.13611723882995988,-1.5428803617817564,1.0507937306771842,1.6354017464732529,-0.9973277782224022,0.574544314051164,0.9614377277009258,-2.6024581457105462,1.729146835448134,-1.2200659095238686,0.7149358359718702,3.5419912029182563,-5.12740416895859,-5.223316752712168,-4.6555580994560435,1.4171277055101532,-0.9727592966545786,-2.734391291546504,1.0491259616988176,-0.28817299069712854,-2.8884203418839904,-1.5809756862345934,-1.730981989691912,-3.207282215306208,-5.950079150392213,-1.1958983358962185,0.746634156229911
-0.8005789138644538,-0.08740377244289498,0.8295791479085899,0.16212373333684876,0.6812597364631462,0.6824023475718871,2.355520163384659,0.254305501144216,0.1020422990956763,-0.8305284309934587,0.6505436647331001,-1.189289511203718,-0.07634863442326917,1.03436798025148,0.8939298002701468,0.2779774967804019,0.501357397105828,-0.8194590924899339,-0.5483628888715416,-0.9261641178378143,1.051189075153379,0.8800051050179541,0.5351560144020362,0.3993175285096113,0.8349619082157715,1.861110381623323,1.2485242141972828,-1.6721962579791512,-0.6968279981558944,1.5295822272901753,1.069259706758853,0.003085291515280556,-0.09517843535880523,-0.713082010011005,-0.16014080268144287,0.1430157447561251,-0.305088871971463,1.6637170270054975,-0.6335495223317542,-0.2166573394423576,0.5991707737291683,-1.1646925348808879,-0.5842949178419642,-1.1369322128264898,0.8635179452682974,0.07001877256545935,-2.0202580149022014,0.9023178744826955,1.154042516442835,-0.29779020363141684,-0.285859442957698,-1.4699337901631122,-1.067028699312633,-2.0360078274109155,-1.4502126047380104,1.0498051759188511
2.05093293307105,1.1011472867261727,-0.19801993851810662,-3.416946690306416,-1.1130543673878879,-0.42880007263884323,-4.015126502705694,-1.6411025839923756,1.2754516687559136,0.05976883089584728,-0.9685317015147543,2.9509380142757156,-1.234348664479494,-2.5796782867256134,-0.7741939481554391,-0.17115573391166294,0.22836396247045876,2.1807040297360176,1.8345780843015982,-0.6771133968243187,-0.6839870881102678,-3.25130843954329,-0.7872284532074687,0.2622234161543672,-0.5625316872219297,-3.7523326038836577,-1.6721962579791512,3.173934099736224,-1.6114741731032993,-0.45846615816017094,0.894431689857043,-0.7800913183797006,-1.1907259987770362,0.9063829648683537,-0.38870796911986044,-0.7465221414302682,2.001542763114667,-1.6713621374063858,1.0529980024616645,-0.47962631130022754,-2.7671268992487565,4.07520149984593,4.0106835072042335,3.7187464412058393,-1.2529084789495193,0.7051268655365548,2.5002827269704615,-0.9890315018344178,-0.055996812456289555,2.211934054473256,1.2394181554913188,1.62743040970495,2.62822655193406,4.889028848441151,1.2259512300650917,-0.7991464712466162
-2.2188462959007755,-2.6315847654923217,-2.949942517861724,8.624887732070551,0.1661987359798148,-1.7023223731985766,1.028515704715216,3.40026492157136,-3.903169712950239,3.3304922146243987,-0.09824526125089728,-3.035249955867488,3.6831466364593446,2.6756589089192193,-1.6512727523454986,-0.7030213319998465,-2.7307581760474955,-2.4928941417523816,-2.690402693695517,5.739804248540846,-2.5584189579861922,5.154255167238593,-0.10673204115138099,-2.3937918655521546,-1.9797560450237468,2.3922764231092395,-0.6968279981558944,-1.6114741731032993,7.320128095750275,-5.184843608723877,-6.93359216040031,2.1117710715170914,3.64353085658917,0.530563380656584,1.7322987937671366,1.4317766547497204,-4.16840209335358,-2.44544238351292,-0.2032961156835147,2.2176488441696445,5.016698868060782,-6.2008830515277324,-8.466364692521168,-5.346762984322478,-0.21947446975506024,-2.2150721036612913,1.6873441798797746,-1.101397096478637,-4.701498707192965,-4.77214739083154,-2.1734711172707164,1.750028316909317,-2.670516403386253,-4.752679358467762,2.7605947694394777,-2.2389365458809944
0.68491284681456,1.5678182140454504,2.5703553526003433,-5.247410023763866,0.4931719856873186,1.661767896349854,1.4215776787143355,-1.9018830063037713,2.5284236116948557,-2.808983752122233,0.6314985804453334,0.8544155293527732,-2.368419620762267,-0.7654819201712205,1.8152414209800858,0.6829084518909556,2.145753350418382,0.8396131074820784,1.2006081409479268,-4.398316617427801,2.5199106074846402,-2.44957474479895,0.5356811789247589,1.8457678964566833,1.9688260173068879,0.13611723882995988,1.5295822272901753,-0.45846615816017094,-5.184843608723877,4.580343569445653,5.2696889954379325,-1.3168919054744104,-2.3601662561706176,-0.9564497461597894,-1.222812734716141,-0.7693506960849854,2.337369447325321,2.9861063911282426,-0.42817960933545895,-1.575625055810702,-2.6097297494233196,2.8541003541094585,4.778380739656796,2.344708863244533,0.8938929972785903,1.4455074141781896,-2.8248453965965896,1.4789880837739384,3.9492065432566315,2.7210318101357496,1.1076361515035194,-2.381735631706339,0.7336460930717713,1.185570321801376,-2.995931902920067,2.319060830127898
1.7514368093434953,2.375653028856748,2.984132454489146,-7.829125026401611,0.08387892007515486,1.7925573453059043,-0.1249262872826209,-3.020638978000369,3.603769739087153,-3.3323760663093904,0.31501239170097434,2.36327225082211,-3.393720987658269,-2.0881462119944283,1.819107959269416,0.73895728092276,2.6701273334523385,1.9954476490302753,2.269861233338476,-5.568178714088868,2.702897196888924,-4.40762051637201,0.2828287602839899,2.3267359998332684,2.0990092631266295,-1.5428803617817564,1.069259706758853,0.894431689857043,-6.93359216040031,5.2696889954379325,6.709125314120632,-1.9296045450196548,-3.3640206553476446,-0.7319046138505747,-1.63917693309023,-1.2594858527327129,3.705324055206652,2.811641911863053,-0.03344751451274901,-2.1024687416962444,-4.379074253246398,5.2659455903799834,7.538057538364395,4.494681554720637,0.4995685949656011,2.049352540370547,-2.2419760053167526,1.3192914444514807,4.6977972639006165,4.259820659906556,1.8881282417615797,-2.1087842214587598,2.072138869463152,3.6403203935043185,-3.025861143626163,2.410333497113349
-0.8148039128412697,-0.8175239949166817,-0.7562765587560519,2.657926466669832,0.16830136242257046,-0.40125820489684677,0.7203130947009857,1.0807295258246794,-1.172551760375894,0.872151377694178,0.08236274749457283,-1.1308580518009388,1.1098976108027265,0.9944620398439715,-0.34917053005754384,-0.16637364072944014,-0.7461113629938017,-0.9016274364228197,-0.9150462166092371,1.590296283603237,-0.5986294257761835,1.7235937816767586,0.059852588223943445,-0.6609800289127477,-0.45951409648067937,1.0507937306771842,0.003085291515280556,-0.7800913183797006,2.1117710715170914,-1.3168919054744104,-1.9296045450196548,0.6444622801652762,1.094566738116213,0.03866379903539904,0.5005701743242864,0.46127548540412744,-1.323720988655901,-0.45842371029083423,-0.17137580059209295,0.6388071286985639,1.6331619178595342,-2.0918886070440563,-2.682479261240409,-1.8266539585392412,0.08216828565699266,-0.6633394054933989,0.16570256865937055,-0.1800520216925184,-1.2343475444304544,-1.5065572365932334,-0.712098674789948,0.279833086468717,-0.9985330263830577,-1.800734172239647,0.5913839822166242,-0.5014505244311089
-1.3198007193445618,-1.3817828163858368,-1.3514890717261228,4.502255517822617,0.23111674091498588,-0.7365450461975941,1.0342142783681485,1.8154933086183962,-2.00014257992044,1.5484139913253985,0.08759442255544618,-1.8254503672916482,1.8916389189811351,1.6062007757211003,-0.6650716251144767,-0.3049940906734534,-1.3078212777034572,-1.4657782932774472,-1.510378637711823,2.776093247151323,-1.1015017954260764,2.8572679813342554,0.05863479690594228,-1.154992710905648,-0.8477808483812481,1.6354017464732529,-0.09517843535880523,-1.1907259987770362,3.64353085658917,-2.3601662561706176,-3.3640206553476446,1.094566738116213,1.8671092713844106,0.12303592451707787,0.863250697033645,0.7721136262439168,-2.224203553976269,-0.9125858933842691,-0.24017697581782282,1.1026338110976592,2.726229714326466,-3.460030960594167,-4.510010349619568,-3.0116821474390267,0.07013438967293895,-1.1325150830835227,0.4439870014404588,-0.37844714083660663,-2.1897346518857383,-2.5353934818351913,-1.1867239562166318,0.5936093543035104,-1.6104896564481759,-2.8953361922820005,1.12128697205951,-0.9363026132699834
0.40625491749332193,-0.0013490504652263408,-0.521374753523976,0.07410833988182991,-0.37864286996091795,-0.41502348521661764,-1.300512267920782,-0.0774904673298661,-0.1318491283159798,0.5291857752533785,-0.36648576857490633,0.6084975805956929,0.11324024438953477,-0.5285476678339623,-0.5326006405501569,-0.16924357056224842,-0.3332256824738815,0.4115947231751199,0.25587709309538037,0.6288703987537911,-0.6380903495046515,-0.394623309676636,-0.30197742821230944,-0.2695906295034331,-0.5058343180081749,-0.9973277782224022,-0.713082010011005,0.9063829648683537,0.530563380656584,-0.9564497461597894,-0.7319046138505747,0.03866379903539904,0.12303592451707787,0.4098054736942128,0.12288784500400522,-0.05276886427036465,0.09126016055398481,-0.9792295098694501,0.3511934095840108,0.16384690650808256,-0.2398567710006547,0.534161063664955,0.16553574335917587,0.5349396072349583,-0.4881690954795642,-0.08161191998565873,1.1645574913599381,-0.5267840859601763,-0.7367278965601726,0.07562135348037335,0.11864088046222032,0.8573193356975132,0.5469512020750346,1.0502028615253398,0.8655959654549139,-0.6312038065595148
-0.5291632760125684,-0.6241224480711196,-0.6958892805795023,2.0450292614536787,0.04213901145117185,-0.4007560558795016,0.253280915841657,0.8069967865656459,-0.9247658146866099,0.7860879882046901,-0.020666475697592106,-0.7242432126671968,0.8727167711081113,0.6383844301449467,-0.38780348147282295,-0.16551881823520104,-0.6452578251660308,-0.5941975016652506,-0.639921235858386,1.3567872389960167,-0.6021927998107784,1.2252696820770375,-0.023142972470363097,-0.5657970420520521,-0.4659021597406937,0.574544314051164,-0.16014080268144287,-0.38870796911986044,1.7322987937671366,-1.222812734716141,-1.63917693309023,0.5005701743242864,0.863250697033645,0.12288784500400522,0.40996544376992416,0.33995333234205716,-0.9892746193687048,-0.5729460507300003,-0.0507400769039443,0.5247813490817897,1.1915330252527545,-1.4745010998764185,-2.0091549775255997,-1.2719353032741954,-0.04854370168019376,-0.5247613345877503,0.3918159850539918,-0.25743145209517515,-1.1097573486338075,-1.1323522924613414,-0.5163342707633518,0.4088912097614866,-0.6372970694613695,-1.1347404178513554,0.6485074503208891,-0.526470756254078
-0.67304764096143,-0.5945608746901805,-0.44733820432160204,1.919266809595048,0.197204020626981,-0.21002327866082268,0.7808335719514727,0.8016320288495253,-0.8271153846018833,0.5301062713509329,0.13227547089297614,-0.9429324851776343,0.7852020924749571,0.8279082248772609,-0.1489133597271764,-0.08764209665632619,-0.47708492098241495,-0.7372742314115139,-0.7162971634779135,1.032946702098065,-0.30959372883125963,1.331983300372565,0.10316245216945744,-0.4277060217723882,-0.2344828914470126,0.9614377277009258,0.1430157447561251,-0.7465221414302682,1.4317766547497204,-0.7693506960849854,-1.2594858527327129,0.46127548540412744,0.7721136262439168,-0.05276886427036465,0.33995333234205716,0.34603940456161936,-0.9811499491917325,-0.14023566898106177,-0.19402211896459395,0.4324481800046886,1.235632676684298,-1.6274995621826767,-1.9844399278628364,-1.434669586756111,0.15615572086936877,-0.4665319342048818,-0.10933301957910345,-0.02701166561875047,-0.7526674633348832,-1.111093584670905,-0.5415412776455935,0.034360367385432994,-0.8345033358868086,-1.5175295700157612,0.2594096480628814,-0.24024623286524247
