V1,V2,V3,V4,V5,V6,V7,V8,V9,V10,V11,V12,V13,V14,V15,V16,V17,V18,V19,V20,V21,V22,V23,V24,V25,V26,V27,V28,V29,V30,V31,V32,V33,V34,V35,V36,V37,V38,V39,V40,V41,V42,V43,V44,V45,V46,V47,V48,V49,V50,V51,V52,V53,V54,V55,V56
2.6851908467332772,1.4868024936794446,1.2240851408010507,-0.23083624274795825,-0.49110631928060494,0.008275213299640878,-1.007340518487106,-0.24446918973279128,0.6664077321362185,0.6901958672013994,0.9315548726225537,0.008191955266523493,-1.1016000422903363,-0.4875530195048301,-0.969442387862158,0.5730619528987865,-0.5841063281950236,-0.17297124288270874,0.7942332903206646,0.21036810871145326,1.3688300025264597,-0.30657414585665216,0.17741049622527935,1.188348802963072,0.20335268211485816,-0.02789778201912961,0.14091160427237123,0.6493883411849808,-1.2533575495461282,0.863369186622791,1.4465336436962775,1.2556973702008698,-0.1880419513165376,-1.094507622714603,-0.7400829946905522,0.0930268155617256,-1.4173369742007174,1.4185038554713592,-0.03633867382919136,-0.1635133366255874,0.7982005594418274,0.5195081596497212,0.14591407725630418,-1.6608563823284361,-0.06370847019075138,-0.8730956262987242,2.5312549493305485,-0.08345302085428032,-0.26723563931222355,0.8513535695411131,0.21423790860239952,0.8991221677735046,-0.10743505347401487,0.492084197985235,0.9760015760309013,1.4237166177893046
1.4868024936794446,1.0729717221052504,0.9379284311230668,-0.929158560790695,-0.5003801608687765,0.24725109534855358,-0.04462776828651755,-0.1263908794882864,0.42267011008854233,0.37823424184517673,0.07985064787562919,0.6504093385104593,-0.7652701889196121,-0.4470324932350112,-0.5166680493837773,-0.20389090523247602,-0.17278381936092682,-0.042736868285643964,0.8703977843509336,0.10251620920430464,0.9150423628567497,0.17429646839016122,0.06701737639670452,1.3963359879469677,-0.22509663834955437,0.5851502619187898,-0.27758176427404496,0.4100186117850899,-0.8019146100930995,0.38267727746303687,1.219894729346387,0.9760825838729786,-0.26164640725033544,-0.8309550139667943,-0.711566826945091,0.09828051168972594,-0.6820441253896096,1.1663145640988044,0.4319324447596307,-0.16664426671134028,0.50844716986035,0.3694414582872092,0.02691178855438114,-1.2333291474358303,-0.10728754383557733,-0.5395525854345405,1.648703678071455,0.47805000202359466,-0.21239597626981743,0.006862372000263889,-0.0754032352068383,0.6597773123140663,-0.021799949669634305,0.15223800368998103,0.8683626903380186,0.7310583763546791
1.2240851408010507,0.9379284311230668,1.785363285010395,-1.2847250990340193,-0.7809335683090018,0.24879830992887123,-0.13870058453780101,-0.9512608120842546,1.1258697810085814,0.21858419223995262,1.149259297793324,0.8985792750954782,-0.32823670143708866,0.09032769964044862,-0.7565568296000355,-0.21300636190578293,-0.025146513234915315,-0.5378054931824097,1.4759812377322643,1.1767695185333877,1.2263125874430556,0.47544815169816185,0.07058008520021561,1.4707805987990763,-0.5092712219295973,0.29800400891319284,-0.5086812220794731,0.8696884537153853,-0.6281864057474938,0.6577915644233286,1.1653462581321181,0.37865370731424725,0.13638280895142962,-0.2255046400457762,-0.4659296141777867,-0.08970194828692984,-1.4622125759575184,0.4618302886301611,0.4665293456549255,-0.6175136019626735,-0.5394244523206223,1.2244803848251589,-0.6583073730630629,-1.4335889685464158,-0.3532874163355752,0.7690610778947952,1.3025156104125675,0.6677411096002318,0.27675735901172216,-0.06306863212754528,-0.19062200609692628,1.499691153343225,0.5632732850742165,0.17924019657597137,1.0063289241773306,1.1709134144278919
-0.23083624274795825,-0.929158560790695,-1.2847250990340193,2.8431102087968276,0.92066736359197765,-1.2620113718633557,-1.5305040197365518,0.3748480184661209,-0.23153328772881854,-0.02966561485436603,0.8399580125146423,-2.2172199057694724,0.9448697259917109,0.3008052899442668,0.0797677298162431,1.444164193378773,-0.69782912278323,0.11283865213955054,-1.657497412779944,-0.3065147125038532,-1.0415530224083178,-1.0275041674637508,-0.07477724183173536,-2.5462367728923603,1.0787863057318572,-1.9155789417461981,1.2289650839297073,-0.19208136908623907,0.34509662279740166,0.1209444927103603,-1.1874686417247562,-0.7380019754551673,0.24534339532986016,0.4330054032937403,1.1956719577197548,0.23240342543054324,0.5349459834257152,-1.2216309489988302,-1.821513676149852,0.0721802805871576,0.10673424879218218,-0.9167326092512007,0.20433306390013248,1.467121894146543,0.23192395456174128,-0.17287753468757616,-1.014879609562382,-1.7462844600302254,0.16158342766776965,1.3996550920326793,0.8242716185048321,-0.954426703847731,-0.06990790812971688,0.34053781236285424,-1.1320342946830395,-0.07378169175124395
-0.49110631928060494,-0.5003801608687765,-0.7809335683090018,0.92066736359197765,0.41248954885803407,-0.33642911259432146,-0.2251141702303355,0.33803041092197766,-0.36136295143114383,-0.09578598495716012,-0.17768507778743473,-0.6816423809312412,0.34405785416573215,0.054352630665026776,0.25659039302107955,0.31235300607804983,-0.11482781286925377,0.174381252831422,-0.7534607054477408,-0.376511679899132,-0.6026826794654336,-0.3103832795112591,-0.04740161409377205,-0.9502233073888505,0.33675421475031087,-0.46406295313629276,0.37351688867411764,-0.2879814183833211,0.2882493140592018,-0.18715555835613207,-0.598117887005862,-0.30151605273385945,0.01702105128336871,0.18898558769604892,0.4043197899355489,0.07794417685545536,0.570802077542562,-0.43456138979061465,-0.49892787986759773,0.170174076396617,0.12674747758011087,-0.5385902780147256,0.19881208356959715,0.7530132421314565,0.13820063394404342,-0.19459287619741547,-0.6630667813832758,-0.5208410926597993,-0.02382557503618978,0.25690083095812444,0.2120430758230768,-0.625968107857642,-0.14690334656291382,-5.865819534332117e-4,-0.5319840747954735,-0.38430522774373016
0.008275213299640878,0.24725109534855358,0.24879830992887123,-1.2620113718633557,-0.33642911259432146,2.0828853019689997,0.678464727871228,-0.276435608202304,-0.9952061632147489,0.06027675154199002,-0.22468951627647607,0.8691050821585601,-1.956128026486985,0.31768657060273076,0.2474954808722157,0.08185504972151707,1.035458017256444,-0.25997789119713915,0.29206730928712454,-0.2561636960453977,1.1487794164327665,-0.2117989971262315,0.5472130897382672,0.7851295098783663,-0.030423537396542803,0.9826648073147521,-0.4461702716704487,-0.7654404437420862,0.2292056063475275,-0.16968013725597517,-0.7544792928624459,-0.08357017507442217,0.3649336353001342,0.5343125501268767,-1.17465033628908,-1.1906317519116698,-1.4573783279953896,0.7106077568177036,1.8456038984946115,1.2733867814271993,-0.07015715452368228,1.1557116844591753,0.7033176959135704,-1.0363839054675377,0.29130371036590275,-0.11939518183977772,0.4142315897571482,0.559667895954981,-0.44667935406886,-0.4261607491495996,-0.9064006369066736,0.249687978503752,-0.913252241548152,-0.21460259919366517,0.0024039344723414255,-0.33936933177493844
-1.007340518487106,-0.04462776828651755,-0.13870058453780101,-1.5305040197365518,-0.2251141702303355,0.678464727871228,1.4980103195014698,0.27163660719710175,-0.4135201270215871,-0.2404131520132666,-1.4889491443073022,1.2982691643624553,-0.15750350664608562,-0.24361687895159545,0.5025162448157453,-1.2437487535966218,0.5972770248078562,0.25804985319460305,0.4258973406471911,-0.37578402553076384,-0.19119269518276386,0.711223983277915,-0.0790533387462715,1.0419908894234509,-0.6852545937882758,1.3539949267552436,-0.7483330356508763,-0.33626117846953374,0.2691734909602875,-0.608768891929616,0.1883175301955032,0.1790362975741607,-0.28841269078335885,-0.09063451497397286,-0.4701524996966471,-0.01974338526479424,0.7963816661901477,0.4131911241196086,1.0777836293631686,0.14058839570825335,0.040607417441461305,-0.12268464761820445,0.05776356861074034,-0.014827008070773506,-0.033029695651182266,-0.06719487966817173,-0.40117793741555047,1.0779250225120494,-0.1735915272442449,-1.2790186109891954,-0.5303357327725452,-0.20121198094951412,-0.10319229475568727,-0.45927920587968685,0.22740068180234793,-0.8097249438244485
-0.24446918973279128,-0.1263908794882864,-0.9512608120842546,0.3748480184661209,0.33803041092197766,-0.276435608202304,0.27163660719710175,0.8225223730583653,-0.5745095115607257,0.00901720348603815,-1.1795624101422635,-0.213033881861408,0.08035071895648661,-0.4814383221751117,0.3509620612011892,-0.22451085888998693,-0.1567880009093263,0.5239406296716709,-0.6281220094762731,-0.9553514892178088,-0.6654582669883132,-0.10208562141758014,-0.12803891948582471,-0.23392921664127578,0.14495815984338706,0.24122721681847015,0.1703674290030379,-0.39190650929269394,0.007486590469668067,-0.39275581034758295,0.005470831960282772,0.38501237873917343,-0.4137521356115586,-0.4792105947937031,0.029950622357875965,0.3490088812850957,1.1985028830880435,0.348693969294813,-0.2130917611349419,0.21189101689413617,0.8161653066198182,-1.0163222211601968,0.46027720432404057,0.5654321724004433,0.16781682552888447,-1.0024808331068786,-0.1510097664009971,-0.12348074498031064,-0.33164285912047764,-0.1268985553353017,0.16345952020083945,-0.9092418551539855,-0.348612723925065,-0.104747230000013,-0.2221378154928916,-0.6033503785033677
0.6664077321362185,0.42267011008854233,1.1258697810085814,-0.23153328772881854,-0.36136295143114383,-0.9952061632147489,-0.4135201270215871,-0.5745095115607257,1.379932194568971,0.06219783521682804,0.9656665292859158,0.18133040215374893,0.9783337256234549,-0.04060591964925959,-0.6340092935597147,-0.24637581189311886,-0.5486885371701834,-0.26546970525842933,0.8924013905419454,1.059144986809978,0.16265567931257421,0.5103417010804547,-0.27087355325602774,0.5448514309069439,-0.3892084895066266,-0.3541227549555837,-0.14567035578022647,1.048237208849277,-0.48083689567180365,0.5283611542228274,1.1629972007209146,0.18814233139257872,-0.06580064100794326,-0.3426695788401923,0.3960114165273909,0.5874115299227095,-0.18791981658329326,-0.21919772514362182,-0.6965221856856948,-1.1875683024055037,-0.484794508976077,0.2583942944363969,-0.9345753633958834,-0.34785207682726127,-0.4339773309646704,0.7825660930135186,0.5007088069672384,0.19063006607663566,0.5072419032504877,0.12474739549606399,0.34865788772669076,0.9410831153896805,0.9741622448999738,0.21621431369540053,0.6681061559106128,0.9669832692949055
0.6901958672013994,0.37823424184517673,0.21858419223995262,-0.02966561485436603,-0.09578598495716012,0.06027675154199002,-0.2404131520132666,0.00901720348603815,0.06219783521682804,0.18833994828172554,0.1397796871054849,-0.021344229525459734,-0.3726255699810322,-0.15390935410346016,-0.20966789351442613,0.16835626635413983,-0.13105237454558133,-0.006297680063894809,0.12930495948311846,-0.058806150669986866,0.34018683833197677,-0.12691044256063652,0.06308733722915985,0.28061935393670046,0.09142149621097419,0.026805091462167113,0.057881196334349815,0.08909369966827983,-0.3145918278367044,0.18591803637873405,0.3199062390254126,0.3530283900509617,-0.06569701194367458,-0.30140921730632225,-0.23243770941820407,-4.669748902964011e-4,-0.3288829151892998,0.42552306596546763,0.028996451702751072,0.04830725704760572,0.292827655826109,0.08133368005700822,0.12750562572396945,-0.4125164004234769,0.020637264612987895,-0.34310843956035963,0.6626873982631094,-0.043336269157534975,-0.12503321258760894,0.22375069890473312,0.04256602716493704,0.1432052271412719,-0.11462432096158708,0.11739879976615313,0.2140517454101866,0.30153837016132917
0.9315548726225537,0.07985064787562919,1.149259297793324,0.8399580125146423,-0.17768507778743473,-0.22468951627647607,-1.4889491443073022,-1.1795624101422635,0.9656665292859158,0.1397796871054849,2.560039311588458,-0.8239706071076113,0.10245072538422405,0.8077809424320778,-0.7596518275752583,1.2587614010447368,-0.26256065447081595,-0.8214859182733827,0.3300644833707365,1.4214433895351635,0.8520864859091684,-0.4509414565289333,0.20770431559474964,-0.6723585684689476,0.38457174878882516,-1.4022141195373623,0.4086973364402344,0.689062188770178,-0.14018941150467554,0.9056023244685237,-0.27366251028844507,-0.6945238471906086,0.743888448292207,0.7234570155933818,0.4014032660591107,-0.41010106517517975,-1.9826326919749278,-0.8527761314362454,-0.6301643078153643,-0.34572783336418383,-1.0540364013412895,1.270258527798257,-0.5960335427585258,-0.5407195481222703,-0.16354965427619497,1.2998027805758976,0.33096393629598836,-0.7416484285756785,0.5515107010486541,1.1492474674953757,0.226769450631686,1.1753880806383024,0.49796722636164575,0.46843800843972877,0.00160598239552987,1.2791142667785629
0.008191955266523493,0.6504093385104593,0.8985792750954782,-2.2172199057694724,-0.6816423809312412,0.8691050821585601,1.2982691643624553,-0.213033881861408,0.18133040215374893,-0.021344229525459734,-0.8239706071076113,1.754065854332887,-0.5640520647630399,-0.278840254972302,0.0012240588326005181,-1.2529835429386407,0.5247922448658251,-0.02423056042914595,1.254375261902313,0.1879553022288184,0.6434640837408303,0.8769847701476557,9.818461732416586e-4,1.9589628156966776,-0.8919964269295542,1.532393748082006,-0.9798217749705996,0.14645914609813257,-0.22548017858017458,-0.16974048135952294,0.9505858326697153,0.5692101404874392,-0.2496256812502896,-0.3670501109579653,-0.8552145589817659,-0.08375577385599468,-0.15839968088752382,0.898057878659067,1.3571343030400655,-0.12796157286718848,-0.07051041273499799,0.5651162383578848,-0.19539639285903687,-0.993642332475154,-0.19695935626798003,0.12982655694964348,0.6434207419182331,1.399547812743606,-0.10931265976307562,-1.188242875504401,-0.6158971530168381,0.648167689864351,0.10571766991923835,-0.303840724717046,0.8603685141335244,-0.046072863095034895
-1.1016000422903363,-0.7652701889196121,-0.32823670143708866,0.9448697259917109,0.34405785416573215,-1.956128026486985,-0.15750350664608562,0.08035071895648661,0.9783337256234549,-0.3726255699810322,0.10245072538422405,-0.5640520647630399,2.4188120396481643,0.002186731394639007,0.04510447263650502,-0.4587277533009117,-0.6929335479763846,0.16444685822894725,-0.2398490270527425,0.535204804702097,-1.4749196328887837,0.5309634278230465,-0.6077791617623466,-0.9541697168744644,-0.24865414234936076,-0.8589225310713515,0.1922979224813822,0.6763182713584316,0.27121215051128716,-0.09252985123626117,0.3056594953450508,-0.5056941809867882,-0.19750090505350204,0.026499869947768873,1.4113843030240127,1.0749993538831306,1.7133739047590912,-1.3457916115078987,-1.632015985890437,-1.3575922717456244,-0.5688756065897461,-1.001083183823525,-0.9914529460577121,1.4640645991303531,-0.36670238639953584,0.8741875224722531,-1.3914622255514342,-0.28619869830489725,0.6828144866755657,-0.07116394441997509,0.7030943256647019,-0.24073069450385465,1.1421744548185244,-0.002884749023207166,-0.21794389389842783,-0.06827195062049203
-0.4875530195048301,-0.4470324932350112,0.09032769964044862,0.3008052899442668,0.054352630665026776,0.31768657060273076,-0.24361687895159545,-0.4814383221751117,-0.04060591964925959,-0.15390935410346016,0.8077809424320778,-0.278840254972302,0.002186731394639007,0.6052445318216114,0.04854185111162818,0.45867639766911616,0.28209203499621305,-0.3579730688133276,-0.13686667750490625,0.4782000589868322,0.13497881263824438,-0.20046505688831515,0.15625318506888256,-0.6387027705583925,0.15162626869435328,-0.47815174733154925,0.09379645678344294,-0.10065851494407883,0.4237479690795833,0.0792561500790661,-0.8361374348998121,-0.7775349054205959,0.48648057505998765,0.8260276406594307,0.20959927709469542,-0.4759897416073086,-0.7137294927445713,-0.7410490375650776,0.06956873472327078,0.20309254037100855,-0.7364633848494462,0.6068707489664461,-0.1347665578648062,0.1467060827131713,0.02948895082984765,0.8212791588995296,-0.6470619473318074,-0.25973051392952246,0.2344880610681378,0.19797549277237073,-0.13896867712685548,0.22669774984336755,0.03720284119639216,0.011120841500384856,-0.38067318585512405,0.008352317760121988
-0.969442387862158,-0.5166680493837773,-0.7565568296000355,0.0797677298162431,0.25659039302107955,0.2474954808722157,0.5025162448157453,0.3509620612011892,-0.6340092935597147,-0.20966789351442613,-0.7596518275752583,0.0012240588326005181,0.04510447263650502,0.04854185111162818,0.497571656656524,-0.20044685988451794,0.3036287462683991,0.20821445984099732,-0.5007642669769032,-0.490409829992956,-0.5124589501024427,-0.018813741465104762,-0.003049253593031026,-0.41759478961859897,0.023626357138314527,0.21796571574814472,-0.021161938256180967,-0.5135963783945975,0.4661085801048111,-0.4564404245071272,-0.6568854101626919,-0.3050948866695538,-0.01585679716505743,0.2928146180667831,0.06924441565396529,-0.11930716751987876,0.6511143724333595,-0.2364172797655281,0.21905055887278435,0.3816812217165386,0.04051467067880623,-0.3639562960892915,0.270265476322673,0.6069435018936687,0.14906605601922754,-0.1257934469289959,-0.8353283540780888,0.022740299420843806,-0.11900676112089952,-0.3534530555660937,-0.15160790768882196,-0.6227985732017388,-0.27598460004966585,-0.22766091701844748,-0.44229629723712055,-0.7576976610908734
0.5730619528987865,-0.20389090523247602,-0.21300636190578293,1.444164193378773,0.31235300607804983,0.08185504972151707,-1.2437487535966218,-0.22451085888998693,-0.24637581189311886,0.16835626635413983,1.2587614010447368,-1.2529835429386407,-0.4587277533009117,0.45867639766911616,-0.20044685988451794,1.4016712077223963,-0.14959557759083741,-0.28474052731587646,-0.7207021997792472,0.0782537508054049,0.3121648723277756,-0.9376853424101604,0.2880854371398585,-1.2551492448643904,0.8240267510999897,-1.1560354822732792,0.725069981149252,-0.1874587870790595,0.0693303417536142,0.38505068307250806,-0.931160166773742,-0.46879925964353514,0.48224118568542435,0.5140425970780721,0.20627709172628286,-0.4842433727412921,-1.0792493511280419,-0.4286567904882243,-0.5032535799207428,0.5178910014076415,-0.08440921591197674,0.34894969823093963,0.33390004406631363,0.043342251370037665,0.23305800617892272,0.0022397396183998137,0.06916363401023856,-1.084067729101924,-0.009733867411872403,1.160861902262346,0.21586280708081174,-0.04904763376300825,-0.36078227200724133,0.33036054770877876,-0.5613041616300193,0.3750491454914135
-0.5841063281950236,-0.17278381936092682,-0.025146513234915315,-0.69782912278323,-0.11482781286925377,1.035458017256444,0.5972770248078562,-0.1567880009093263,-0.5486885371701834,-0.13105237454558133,-0.26256065447081595,0.5247922448658251,-0.6929335479763846,0.28209203499621305,0.3036287462683991,-0.14959557759083741,0.6557074640680945,-0.12778633007421275,0.08598896727903221,-0.07085707819994269,0.31614948977831264,0.03467686419136276,0.223146443615859,0.23247390205982899,-0.12753266296254095,0.5320565016297433,-0.3125572437119658,-0.45702123912649717,0.3757821704502799,-0.25035610955991466,-0.6184194621654616,-0.32241404863271245,0.23172883261687927,0.5141584356749928,-0.42831927282443605,-0.6054623393332031,-0.46418860829141034,0.029948379962041697,0.9606132538456569,0.5976360437777004,-0.28921025495208763,0.5380625128937798,0.23881524558651204,-0.2107595552328966,0.12198767715775742,0.23877104629937027,-0.3312901845994362,0.37344501543657477,-0.1229015132098627,-0.451476425115066,-0.5184033578576738,0.03004091352886841,-0.3595547487622013,-0.2201214878929136,-0.14839542114488166,-0.429832754098095
-0.17297124288270874,-0.042736868285643964,-0.5378054931824097,0.11283865213955054,0.174381252831422,-0.25997789119713915,0.25804985319460305,0.5239406296716709,-0.26546970525842933,-0.006297680063894809,-0.8214859182733827,-0.02423056042914595,0.16444685822894725,-0.3579730688133276,0.20821445984099732,-0.28474052731587646,-0.12778633007421275,0.3526650699592971,-0.2963662913915833,-0.5655173190230345,-0.46051433425427923,0.04741929642759143,-0.1284959624012127,-0.016843575286195303,-6.53712382453233e-4,0.23103087893093474,0.041782646127453436,-0.17270540817067004,-0.029826137883444584,-0.25826642055632704,0.1573084410425689,0.3023777755345853,-0.31802704934036513,-0.3800254720960979,0.03341634365835174,0.3123936004033779,0.8757258636322093,0.2456879250412939,-0.14819914151967706,0.014336593142636682,0.5103889200766403,-0.6859514554263293,0.21075865073442904,0.3528058559411671,0.06147818845662472,-0.6057137567857891,-0.08026238739072507,0.022051679164018363,-0.18211479211750722,-0.17502321569622611,0.114040879546704,-0.5353582722428268,-0.131927469777417,-0.08350784174660415,-0.05720641583987084,-0.36819998714928953
0.7942332903206646,0.8703977843509336,1.4759812377322643,-1.657497412779944,-0.7534607054477408,0.29206730928712454,0.4258973406471911,-0.6281220094762731,0.8924013905419454,0.12930495948311846,0.3300644833707365,1.254375261902313,-0.2398490270527425,-0.13686667750490625,-0.5007642669769032,-0.7207021997792472,0.08598896727903221,-0.2963662913915833,1.4486057221780924,0.8158725163567876,0.914436461247964,0.7175504443509494,-0.024467326094766928,1.7315784628151816,-0.7159481875725774,0.7818247388948131,-0.7055268099932969,0.6958799110304565,-0.5407609845444535,0.34896021812780154,1.2765292648430222,0.5416617058649568,-0.09345038598508298,-0.4091747836244806,-0.5513709950161013,0.06509216019372281,-0.7799828047658776,0.6496131838609492,0.6832495195089731,-0.5920150795654997,-0.31616094401372974,0.8502146401855161,-0.5650684860226195,-1.2267315165161248,-0.3404301245796683,0.5010657105933387,1.0880913875715643,0.9869602124363603,0.15919815069173301,-0.5279829801482524,-0.2830912764223339,1.1795092629261819,0.49498176422382306,5.830005208279388e-4,1.028311698949614,0.7458811489560894
0.21036810871145326,0.10251620920430464,1.1767695185333877,-0.3065147125038532,-0.376511679899132,-0.2561636960453977,-0.37578402553076384,-0.9553514892178088,1.059144986809978,-0.058806150669986866,1.4214433895351635,0.1879553022288184,0.535204804702097,0.4782000589868322,-0.490409829992956,0.0782537508054049,-0.07085707819994269,-0.5655173190230345,0.8158725163567876,1.3017183007693385,0.47458213988829095,0.3197870731376903,-0.03213007479677047,0.22666908397522167,-0.2891863725366111,-0.44683706745566454,-0.18795773657230053,0.7479893444331386,-0.0713990561639226,0.4991458630203274,0.31736624713725853,-0.4281270259307717,0.3702558178129676,0.41195265873944625,0.2830925563144708,-0.04540753741570147,-0.9761929600608803,-0.6183941963057558,-0.19264139184322393,-0.7102095697041174,-1.0367598355716507,0.9325469821413571,-0.8466271691774504,-0.42056081219129116,-0.33204159963255375,1.3451225701079546,0.03882525431671591,0.14043232661578592,0.564234060453932,0.12729254093102493,0.02019764960428747,1.1041538896676781,0.7656766653436673,0.14961456329621312,0.35013503024560916,0.8168105449118541
1.3688300025264597,0.9150423628567497,1.2263125874430556,-1.0415530224083178,-0.6026826794654336,1.1487794164327665,-0.19119269518276386,-0.6654582669883132,0.16265567931257421,0.34018683833197677,0.8520864859091684,0.6434640837408303,-1.4749196328887837,0.13497881263824438,-0.5124589501024427,0.3121648723277756,0.31614948977831264,-0.46051433425427923,0.914436461247964,0.47458213988829095,1.5343322608622456,-0.11474729883526306,0.3920694556391677,1.1788371549625516,-0.06451686394023527,0.4329231417329673,-0.30010929144384385,0.16402865056189786,-0.4989394656052253,0.5055278999401119,0.40470561412657763,0.39741705688744644,0.2633628080250412,-0.05675573590507549,-0.9549009454634577,-0.6732379271236953,-1.9222478304210397,0.8745915263066096,1.029534038642949,0.3804897636551548,-0.07556405237607401,1.3133461867274392,0.13788576554451268,-1.5974452800589756,0.0016356604287966184,0.05358222335308624,1.4850598704807016,0.3884240503898575,-0.16768124980099075,0.16909282334023892,-0.44000699505348023,1.0350150708130788,-0.27750336815442916,0.15881588481902598,0.6335453857961041,0.8037392294160203
-0.30657414585665216,0.17429646839016122,0.47544815169816185,-1.0275041674637508,-0.3103832795112591,-0.2117989971262315,0.711223983277915,-0.10208562141758014,0.5103417010804547,-0.12691044256063652,-0.4509414565289333,0.8769847701476557,0.5309634278230465,-0.20046505688831515,-0.018813741465104762,-0.9376853424101604,0.03467686419136276,0.04741929642759143,0.7175504443509494,0.3197870731376903,-0.11474729883526306,0.737654380582748,-0.227012097774031,0.9052917251304772,-0.6424088182224998,0.6294662252463527,-0.5301844141407066,0.3741209599318755,-0.0901647555966373,-0.10979253747092005,0.7733970858454599,0.2200246809628431,-0.24526763306200203,-0.27216218248718066,-0.0233180397209492,0.369240860765401,0.514308822542423,0.10918434042973124,0.21663647551489437,-0.6059146725834942,-0.218016299590536,-0.02245628246446792,-0.49092307672657465,-0.12202893470587918,-0.2645561020126884,0.36680273839741234,-0.026374023518628633,0.7594535630796129,0.17837716846818133,-0.7351394362677853,-0.10342953483096744,0.3392406927249277,0.49588685558067996,-0.17129908669986826,0.4927579222610275,-0.0019539669186297496
0.17741049622527935,0.06701737639670452,0.07058008520021561,-0.07477724183173536,-0.04740161409377205,0.5472130897382672,-0.0790533387462715,-0.12803891948582471,-0.27087355325602774,0.06308733722915985,0.20770431559474964,9.818461732416586e-4,-0.6077791617623466,0.15625318506888256,-0.003049253593031026,0.2880854371398585,0.223146443615859,-0.1284959624012127,-0.024467326094766928,-0.03213007479677047,0.3920694556391677,-0.227012097774031,0.19650872505046554,0.010335722681198556,0.1420438854708664,0.039686434598223436,0.01696591807381243,-0.2051134781209943,0.03772242200187459,0.05344291275462104,-0.31939368322193523,-0.07726741091514693,0.1792821601576807,0.20521931757676803,-0.2811068283410696,-0.3907263473291622,-0.6155478879846552,0.13615188858346508,0.3809145097465942,0.40795865959494165,-0.023524494413969196,0.3831863595176059,0.23514642655855736,-0.30653889359609976,0.11132946243310476,-0.038508236933084174,0.18550250093559337,-0.05115831679138791,-0.11736324900690782,0.1222331059941118,-0.18834768297268475,0.09089638121589155,-0.2937707012206277,0.01858148948383655,-0.07062126225278757,0.026178000207425403
1.188348802963072,1.3963359879469677,1.4707805987990763,-2.5462367728923603,-0.9502233073888505,0.7851295098783663,1.0419908894234509,-0.23392921664127578,0.5448514309069439,0.28061935393670046,-0.6723585684689476,1.9589628156966776,-0.9541697168744644,-0.6387027705583925,-0.41759478961859897,-1.2551492448643904,0.23247390205982899,-0.016843575286195303,1.7315784628151816,0.22666908397522167,1.1788371549625516,0.9052917251304772,0.010335722681198556,2.7379696551947776,-0.9398469656894242,1.724770154671398,-1.0265189935945465,0.49496743164000284,-0.8525205736284415,0.15817519813773628,1.8492650881736985,1.291758597994168,-0.4659608636648089,-1.0376287348691091,-1.2197346787781067,0.10547225795072744,-0.532966478926063,1.668379546643461,1.3722287240809792,-0.3274029644739505,0.3820765664651837,0.6608504033878757,-0.18003200257706253,-1.7467747612930073,-0.27007242948214993,-0.34925679075226707,1.8385660518441336,1.5416363098383339,-0.24430504171099007,-0.990412779403912,-0.518684374699872,1.0341133089769075,0.1262843398705302,-0.12778981492244404,1.427079380447383,0.5479889816062132
0.20335268211485816,-0.22509663834955437,-0.5092712219295973,1.0787863057318572,0.33675421475031087,-0.030423537396542803,-0.6852545937882758,0.14495815984338706,-0.3892084895066266,0.09142149621097419,0.38457174878882516,-0.8919964269295542,-0.24865414234936076,0.15162626869435328,0.023626357138314527,0.8240267510999897,-0.12753266296254095,-6.53712382453233e-4,-0.7159481875725774,-0.2891863725366111,-0.06451686394023527,-0.6424088182224998,0.1420438854708664,-0.9398469656894242,0.5846451068925321,-0.6685421036647196,0.5281092549897647,-0.2851254052021461,0.09054130439435336,0.08699146116983843,-0.6613542404868625,-0.21559764911887788,0.1810970575504256,0.20991499362188207,0.16322443945715198,-0.20665189159135444,-0.2540589568280673,-0.2025438294752949,-0.3925315483008173,0.4265655931773002,0.20178762642101253,-0.13448706356109114,0.3786320133565,0.273404471753796,0.21517982219502596,-0.3191822997702617,-0.087604113843071,-0.7487545243387785,-0.11556653941037544,0.6877444210307333,0.18624224023116218,-0.37634676375240117,-0.3599501995028907,0.16312297098484008,-0.47777621765625783,-0.012155771917506832
-0.02789778201912961,0.5851502619187898,0.29800400891319284,-1.9155789417461981,-0.46406295313629276,0.9826648073147521,1.3539949267552436,0.24122721681847015,-0.3541227549555837,0.026805091462167113,-1.4022141195373623,1.532393748082006,-0.8589225310713515,-0.47815174733154925,0.21796571574814472,-1.1560354822732792,0.5320565016297433,0.23103087893093474,0.7818247388948131,-0.44683706745566454,0.4329231417329673,0.6294662252463527,0.039686434598223436,1.724770154671398,-0.6685421036647196,1.6336262732454558,-0.8120857640681355,-0.23141521374082855,-0.19220069695077702,-0.37455189616410145,0.7194325783090177,0.7442290970325361,-0.3920774997514584,-0.5335360917332846,-0.9677322515199807,-0.09469665920330418,0.230819716865589,1.1639934284471087,1.3855745756591444,0.2599451520126597,0.44072274654967253,0.1264094476136504,0.2500985817057413,-0.7786489205647594,-0.013277708644073584,-0.5407005662836938,0.6394357787607725,1.2202816899011586,-0.3870119014743134,-1.131953822620946,-0.5949192330955407,0.09759495874581235,-0.29981592774206783,-0.3418537335545968,0.6380457082845333,-0.4048669639714288
0.14091160427237123,-0.27758176427404496,-0.5086812220794731,1.2289650839297073,0.37351688867411764,-0.4461702716704487,-0.7483330356508763,0.1703674290030379,-0.14567035578022647,0.057881196334349815,0.4086973364402344,-0.9798217749705996,0.1922979224813822,0.09379645678344294,-0.021161938256180967,0.725069981149252,-0.3125572437119658,0.041782646127453436,-0.7055268099932969,-0.18795773657230053,-0.30010929144384385,-0.5301844141407066,0.01696591807381243,-1.0265189935945465,0.5281092549897647,-0.8120857640681355,0.5623514092997743,-0.1029261029060657,0.0573256231229215,0.1084135967086437,-0.4705779767030145,-0.21075383784308196,0.10367856370895123,0.11307803733125238,0.4003487832019759,0.045385771368227086,0.0615075043758285,-0.3632312929631038,-0.7264091504894593,0.1232349417457097,0.16118921636463035,-0.3404185763590733,0.18426777195566243,0.47413298910885165,0.1319811847963477,-0.22246595995926666,-0.20523994323829833,-0.7876007077071367,2.23545415610977e-4,0.6979689849775808,0.3457663016712231,-0.3838125552358483,-0.12807915100999748,0.1855444499231056,-0.4446529619013699,0.048888033531783504
0.6493883411849808,0.4100186117850899,0.8696884537153853,-0.19208136908623907,-0.2879814183833211,-0.7654404437420862,-0.33626117846953374,-0.39190650929269394,1.048237208849277,0.08909369966827983,0.689062188770178,0.14645914609813257,0.6763182713584316,-0.10065851494407883,-0.5135963783945975,-0.1874587870790595,-0.45702123912649717,-0.17270540817067004,0.6958799110304565,0.7479893444331386,0.16402865056189786,0.3741209599318755,-0.2051134781209943,0.49496743164000284,-0.2851254052021461,-0.23141521374082855,-0.1029261029060657,0.8083697449516598,-0.44343060359214465,0.42136628326018544,0.984864573285675,0.25561585294017186,-0.09629592598598814,-0.3678513756905981,0.2472421209045307,0.477765318527083,-0.13883459689163333,-0.04263876988752325,-0.529368747312378,-0.8986528744661331,-0.2596459245582547,0.1580911830643125,-0.6696914096161443,-0.3348636439836054,-0.3238296577921376,0.46825536061172945,0.5300447682980743,0.14994890663185761,0.34298294723657996,0.11982509340851875,0.2819489865860702,0.7093906088393612,0.7093716942537811,0.1817730807610004,0.5616629114985948,0.7742433844900177
-1.2533575495461282,-0.8019146100930995,-0.6281864057474938,0.34509662279740166,0.2882493140592018,0.2292056063475275,0.2691734909602875,0.007486590469668067,-0.48083689567180365,-0.3145918278367044,-0.14018941150467554,-0.22548017858017458,0.27121215051128716,0.4237479690795833,0.4661085801048111,0.0693303417536142,0.3757821704502799,-0.029826137883444584,-0.5407609845444535,-0.0713990561639226,-0.4989394656052253,-0.0901647555966373,0.03772242200187459,-0.8525205736284415,0.09054130439435336,-0.19220069695077702,0.0573256231229215,-0.44343060359214465,0.6969012105481115,-0.3546874655449814,-1.0657463131272449,-0.8024856758347583,0.2738965124062444,0.7769229075840571,0.3258825608076696,-0.3009416181908608,0.2776061555541635,-0.7998215225819805,0.08000012093360005,0.32850979650815043,-0.4844421194388677,-0.02712929141596457,0.05367183861020072,0.7568657853204502,0.11222527697299084,0.4934755876830254,-1.2643393035551158,-0.1688527364832517,0.11013420325046236,-0.1905209522330269,-0.1529254797840041,-0.4183236542948681,-0.10594289820032421,-0.1911368080604716,-0.6426894852382772,-0.6579046069386444
0.863369186622791,0.38267727746303687,0.6577915644233286,0.1209444927103603,-0.18715555835613207,-0.16968013725597517,-0.608768891929616,-0.39275581034758295,0.5283611542228274,0.18591803637873405,0.9056023244685237,-0.16974048135952294,-0.09252985123626117,0.0792561500790661,-0.4564404245071272,0.38505068307250806,-0.25035610955991466,-0.25826642055632704,0.34896021812780154,0.4991458630203274,0.5055278999401119,-0.10979253747092005,0.05344291275462104,0.15817519813773628,0.08699146116983843,-0.37455189616410145,0.1084135967086437,0.42136628326018544,-0.3546874655449814,0.455425709842676,0.37992161303797295,0.12675742626774603,0.12485681827666091,-0.10456310542230779,-0.015611469863692412,-0.005290969113898196,-0.7810955938737684,0.07575828270752676,-0.23811900241566417,-0.2556067184956155,-0.13244820638770144,0.43394841569753345,-0.21785909340778178,-0.5168472694222974,-0.10265694167551952,0.20877920265788405,0.6712386676217822,-0.16851786032882296,0.1314825251104399,0.46265371176081144,0.14010176468265048,0.5733996010130947,0.20813462883641323,0.23871133392379282,0.28529816134944525,0.7124872114601898
1.4465336436962775,1.219894729346387,1.1653462581321181,-1.1874686417247562,-0.598117887005862,-0.7544792928624459,0.1883175301955032,0.005470831960282772,1.1629972007209146,0.3199062390254126,-0.27366251028844507,0.9505858326697153,0.3056594953450508,-0.8361374348998121,-0.6568854101626919,-0.931160166773742,-0.6184194621654616,0.1573084410425689,1.2765292648430222,0.31736624713725853,0.40470561412657763,0.7733970858454599,-0.31939368322193523,1.8492650881736985,-0.6613542404868625,0.7194325783090177,-0.4705779767030145,0.984864573285675,-1.0657463131272449,0.37992161303797295,2.222582350344879,1.3420474214010263,-0.6667302892202646,-1.4098753012900105,-0.3376759414932269,0.8965396300053925,0.32636868625989274,1.151769167125725,-0.14786003541412757,-1.0975976017069702,0.5624330163904937,-0.20009574625910395,-0.5335118365841004,-0.9862273463488629,-0.4000609226171841,-0.4424860458303115,1.6659372163735904,0.8134872273293262,0.02124261056131538,-0.33275827617849335,0.2374818439053681,0.7617146734922616,0.6432269820205256,0.13144972075975686,1.2922715494150736,0.8919859536478226
1.2556973702008698,0.9760825838729786,0.37865370731424725,-0.7380019754551673,-0.30151605273385945,-0.08357017507442217,0.1790362975741607,0.38501237873917343,0.18814233139257872,0.3530283900509617,-0.6945238471906086,0.5692101404874392,-0.5056941809867882,-0.7775349054205959,-0.3050948866695538,-0.46879925964353514,-0.32241404863271245,0.3023777755345853,0.5416617058649568,-0.4281270259307717,0.39741705688744644,0.2200246809628431,-0.07726741091514693,1.291758597994168,-0.21559764911887788,0.7442290970325361,-0.21075383784308196,0.25561585294017186,-0.8024856758347583,0.12675742626774603,1.3420474214010263,1.22206756532926,-0.5643438269475445,-1.1728947123623101,-0.6068350278201006,0.43217151675672866,0.2298633693558256,1.3220099757695023,0.2077300051030062,-0.1913343034776076,0.9711804877178586,-0.3373708366582742,0.1998034219591298,-0.8077963470094316,-0.05492518181285901,-1.0842718082309621,1.4843311685717524,0.4590827170884156,-0.35938031550166666,-0.14538876933344325,0.0676670118359765,0.11501607571417145,-0.1128766865042292,0.07361256227235234,0.7760365994000495,0.3615770352226062
-0.1880419513165376,-0.26164640725033544,0.13638280895142962,0.24534339532986016,0.01702105128336871,0.3649336353001342,-0.28841269078335885,-0.4137521356115586,-0.06580064100794326,-0.06569701194367458,0.743888448292207,-0.2496256812502896,-0.19750090505350204,0.48648057505998765,-0.01585679716505743,0.48224118568542435,0.23172883261687927,-0.31802704934036513,-0.09345038598508298,0.3702558178129676,0.2633628080250412,-0.24526763306200203,0.1792821601576807,-0.4659608636648089,0.1810970575504256,-0.3920774997514584,0.10367856370895123,-0.09629592598598814,0.2738965124062444,0.12485681827666091,-0.6667302892202646,-0.5643438269475445,0.41587969254506274,0.6383704337517219,0.06933316873461584,-0.4587065312644001,-0.7791147779466178,-0.4808641431646536,0.11961339793645355,0.2518738479905374,-0.5315820363390392,0.5821042686002932,-0.03447510797402558,-0.033010711982958844,0.05077641605920143,0.5767098170904975,-0.3303955904340777,-0.24576814815188056,0.1402317253267161,0.253109452193847,-0.1305641575986091,0.23428882283904676,-0.05176326906778375,0.045895518789374916,-0.2761554495819816,0.09121685392162761
-1.094507622714603,-0.8309550139667943,-0.2255046400457762,0.4330054032937403,0.18898558769604892,0.5343125501268767,-0.09063451497397286,-0.4792105947937031,-0.3426695788401923,-0.30140921730632225,0.7234570155933818,-0.3670501109579653,0.026499869947768873,0.8260276406594307,0.2928146180667831,0.5140425970780721,0.5141584356749928,-0.3800254720960979,-0.4091747836244806,0.41195265873944625,-0.05675573590507549,-0.27216218248718066,0.20521931757676803,-1.0376287348691091,0.20991499362188207,-0.5335360917332846,0.11307803733125238,-0.3678513756905981,0.7769229075840571,-0.10456310542230779,-1.4098753012900105,-1.1728947123623101,0.6383704337517219,1.2313382392690264,0.3108347071071668,-0.6856590306661201,-0.6473196745963479,-1.0936136145832915,0.19316830552898598,0.44234933360166867,-0.9613384034409539,0.6391569596925509,-0.05729755741819329,0.47365292234637496,0.10648717919346412,1.0356068063571267,-1.2440559335178456,-0.33210233795433003,0.2579891429813516,0.09819940037690612,-0.25440383788490667,0.016673042047781046,-0.07493224068456357,-0.09032998293273121,-0.707232192415418,-0.33665326990120686
-0.7400829946905522,-0.711566826945091,-0.4659296141777867,1.1956719577197548,0.4043197899355489,-1.17465033628908,-0.4701524996966471,0.029950622357875965,0.3960114165273909,-0.23243770941820407,0.4014032660591107,-0.8552145589817659,1.4113843030240127,0.20959927709469542,0.06924441565396529,0.20627709172628286,-0.42831927282443605,0.03341634365835174,-0.5513709950161013,0.2830925563144708,-0.9549009454634577,-0.0233180397209492,-0.2811068283410696,-1.2197346787781067,0.16322443945715198,-0.9677322515199807,0.4003487832019759,0.2472421209045307,0.3258825608076696,-0.015611469863692412,-0.3376759414932269,-0.6068350278201006,0.06933316873461584,0.3108347071071668,1.0217731070671383,0.4708672285083623,0.828520002230711,-1.1217133882560468,-1.2022279983271398,-0.5917072033277627,-0.42035477472850435,-0.5807699700354941,-0.46130406147242803,1.1154304384283282,-0.11464022435277965,0.5713945974215681,-1.096046146994796,-0.6041240139421814,0.4223047644157348,0.32221124425258113,0.5004241433327471,-0.3106280860309785,0.544372300563305,0.07211079393178692,-0.47174669762339105,-0.07555152032731192
