V1,V2,V3,V4,V5,V6,V7,V8,V9,V10,V11,V12,V13,V14,V15,V16,V17,V18,V19,V20,V21,V22,V23,V24,V25,V26,V27,V28,V29,V30,V31,V32,V33,V34,V35,V36,V37,V38,V39,V40,V41,V42,V43,V44,V45,V46,V47,V48,V49,V50,V51,V52,V53,V54,V55,V56
2.5415590592317514,2.148366930100199,1.4765517005354836,-6.9162701561117546,-0.8144503466073356,0.6474826351288112,-3.1714248081997694,-2.9179053368109393,2.953742020165591,-1.7735744140197793,-0.5765328468786952,3.57126905608181,-2.8072694285891213,-3.1340876171332295,0.39503416270761016,0.2712526750893919,1.6346203354417208,2.775107558229531,2.657448117005931,-3.564038260040049,0.9473792166805938,-4.919811587824342,-0.4539825768616289,1.4732679039914316,0.7114738879232939,-3.742643897795159,-0.7084949881354494,2.941502626089539,-5.031820445784324,2.5233720036334355,4.355055373215154,-1.6566483016469198,-2.757335442095245,0.3008398697155354,-1.1955577563180788,-1.264760064837616,3.5703795924882775,0.2436425822647034,0.7955740369724693,-1.518824372385756,-4.530009426328967,6.025301127177958,7.216208177495501,5.328627202096083,-0.6955376814405533,1.6641027713323402,0.7080995034186437,-0.04395260006518334,2.5221289835509526,4.035790045745683,1.9890023588015902,0.10622523771005071,3.1628681098253875,5.766557245179805,-0.7048734260383243,0.6986096945624912
2.148366930100199,2.096353660017029,1.864025201724054,-6.80555536918427,-0.48640828111537854,0.968968181719465,-2.035462260370668,-2.7827567686163195,2.9879399698599602,-2.160056975183134,-0.26425840757924485,2.9881599064117585,-2.8299558451350686,-2.6268004472340993,0.8183728787408637,0.40217381625389315,1.865185616783416,2.3717995544143577,2.383676509341862,-3.9873206690263716,1.442846243591745,-4.477284779350018,-0.19719513963897473,1.6560747579348565,1.1052237744322964,-2.8391061000150026,-0.11111037263375782,2.13172526543228,-5.338875369988889,3.238764573477392,4.842569038720642,-1.64713483281062,-2.789222017179929,-0.03984616680785648,-1.2659330037957226,-1.190582616469453,3.4079037015931495,1.0339171290501046,0.4903201909568722,-1.6145154826001122,-4.222973307986171,5.4419748148241815,6.903202858409669,4.761890438413761,-0.281369867826437,1.6893299138138251,-0.25640978312680573,0.3855084610414004,3.0588771066175426,3.8745259171835444,1.8433544077387383,-0.5935625834836039,2.6399039172668846,4.769988408932289,-1.3913403319449094,1.194626555254698
1.4765517005354836,1.864025201724054,2.2109060888200864,-6.125520292543475,-0.029296569620950376,1.3024998822964582,-0.4247555908346992,-2.390003180793649,2.7950418248101063,-2.4822382893306965,0.1551463904237819,2.007515296512097,-2.6348747838344933,-1.7715168883260832,1.2937984150672004,0.5374010846458209,2.011748261299758,1.6693879089419692,1.8456225633994863,-4.211807800120134,1.9608769781914435,-3.5581484716907537,0.1460951808011298,1.7582481972162494,1.5201835171990614,-1.4613707581635331,0.6599920691108618,0.9296342020407192,-5.308053248327967,3.895264339180754,5.081315097453423,-1.5046011883561938,-2.6091056877419083,-0.4714320946376679,-1.2555206648521298,-1.0016754910696195,2.930789318799902,1.9605162969003358,0.061978228361106946,-1.6088128648293494,-3.4968653408410515,4.266799321352789,5.957300079615773,3.6617225992506395,0.2694129323218387,1.5877875072193643,-1.4668958157628937,0.9030138347543818,3.5016540979800577,3.3620181655565093,1.5115696675464114,-1.4395542919324504,1.7635780057169412,3.1206823067760032,-2.157178320341091,1.7330089910461741
-6.9162701561117546,-6.80555536918427,-6.125520292543475,22.103347060099725,1.5250157271488805,-3.204740946300683,6.4222044887636915,9.022571373673333,-9.718512063222933,7.08763806969764,0.8055876881688996,-9.61363293184379,9.202996328550983,8.451959857929149,-2.7326351937828637,-1.3297097432262814,-6.1024522739684715,-7.640834695512848,-7.701600156249797,13.033675787819144,-4.774899796533827,14.478261904134536,0.597081764261745,-5.41454262679168,-3.6600175641174855,9.07430416679602,0.2589915802023836,-6.790915012393641,17.40718732109262,-10.650370337047452,-15.82475178414974,5.352584778896529,9.072159810694268,0.1878011817379798,4.12710730899935,3.8574451087597317,-11.050013012957558,-3.496054553172523,-1.541629923915175,5.264547486896603,13.674768021276,-17.590019603488393,-22.386159094306162,-15.382160352994369,0.8437811100124156,-5.495687613334185,0.9984762497262659,-1.3266040212508103,-10.035066054040229,-12.567032562253337,-5.967133754748575,2.049150252230027,-8.491872632954534,-15.334958450490522,4.640145240569285,-3.9681255672396283
-0.8144503466073356,-0.48640828111537854,-0.029296569620950376,1.5250157271488805,0.406600899234308,0.09638979497048837,1.4813665082049818,0.7071251384713394,-0.5925690550914015,0.09207667743788038,0.34552218749494135,-1.1664881101800297,0.5702582278639217,1.0204912195554043,0.22254497516758276,0.037671104992110245,-0.1754071398585242,-0.8705430127474445,-0.7526026663076439,0.4396916516922146,0.1591081622528979,1.3469651797822564,0.2799257122565124,-0.17610939835906414,0.13509756847927887,1.4332249346312396,0.5785700222723918,-1.198247008241467,0.8301626002505352,-0.01171598805210849,-0.5586926818078061,0.35302988327476814,0.5531936414843374,-0.30838893901497966,0.1991061259075894,0.3177427906378222,-0.8631605916872571,0.5186228404260197,-0.3862335059141252,0.2484113938753647,1.1678666796255173,-1.679439885969347,-1.7334774606429089,-1.5219069600788941,0.4438219056895026,-0.3295507305177187,-0.8430665128374404,0.31868802936639834,-0.14020158748673503,-0.9595396018862562,-0.5205879869869455,-0.5265194217252054,-1.0378033054263507,-1.923188011802982,-0.34743190190968254,0.2114873769787794
0.6474826351288112,0.968968181719465,1.3024998822964582,-3.204740946300683,0.09638979497048837,0.7991316102677054,0.1626440865122795,-1.2190332894925657,1.4912034544201964,-1.4457899050816536,0.1886450830850619,0.8637627562216145,-1.4024933414766625,-0.7647019247062258,0.8292684626212328,0.32912821706469475,1.1435542674165524,0.7461086958192417,0.8835833236990935,-2.3738796505212805,1.2069859556536224,-1.7325346786679428,0.1649268253332562,0.9930747845291497,0.9390110531169085,-0.4653637376909207,0.5531353980314784,0.2158746761831741,-2.9145243493530333,2.3059604061603025,2.8560577982820545,-0.79320630133656,-1.39199087428583,-0.3657604104342627,-0.6886077292085159,-0.5049282689487186,1.495973555770787,1.3073562196269093,-0.07131671451817037,-0.8842562304304407,-1.74631178423979,2.059626834846946,3.0466917031895404,1.744992012338559,0.283888021699125,0.8490907659230746,-1.1054940975544378,0.624497419031197,2.0366681933862876,1.7246552409175748,0.7504584717638777,-1.0007224315790888,0.7551519697555696,1.3119765145997373,-1.376048439931698,1.0865529799539904
-3.1714248081997694,-2.035462260370668,-0.4247555908346992,6.4222044887636915,1.4813665082049818,0.1626440865122795,5.442841401769144,2.9130385443837863,-2.555182459619625,0.6918967480431217,1.2329165821935708,-4.5267972223873985,2.451068350919921,3.962423480175326,0.6222085418148506,0.05948177366167806,-0.9268890623712958,-3.4029692762518944,-2.9998755139641484,2.203775303946744,0.2957025594931423,5.4057141681201255,0.9959130418206357,-0.8929416814234873,0.27192451432696985,5.417197466884547,2.006873611317167,-4.486982768187114,3.780160950323025,-0.6033985400569651,-2.7612870873583173,1.4991598296791213,2.3853638808312065,-1.0524760715666126,0.9041048697087773,1.2985540355884333,-3.5577645250271246,1.6018424596522975,-1.4120788614249014,1.1340935284875868,4.746240213463229,-6.715598750724761,-7.155309083544891,-6.0561760649641725,1.5735796308737358,-1.4258390219620944,-2.851591139144177,1.0277532124868274,-1.0135049072330413,-3.969989536091462,-2.108888274581253,-1.705537559790066,-4.024173866330679,-7.436099600691944,-0.9516043496253171,0.5188001742470737
-2.9179053368109393,-2.7827567686163195,-2.390003180793649,9.022571373673333,0.7071251384713394,-1.2190332894925657,2.9130385443837863,3.7067635775956815,-3.9452030793152506,2.781728007265525,0.41024271888671054,-4.065553762270483,3.7384918910795575,3.5728725744790193,-1.0000463232347212,-0.506452937675058,-2.4220549595973284,-3.2153851179952335,-3.2059001195605794,5.19131272754784,-1.811947595450201,6.007730921898743,0.3107530904386182,-2.1547731152998577,-1.3851904925430605,3.9307349859363314,0.2631398387584251,-2.9769165283627066,7.001486183851991,-4.1444588472723485,-6.309973293739983,2.1803534557618547,3.682827930334224,-0.013559281721471755,1.6606377786210977,1.589093226997335,-4.53889879404638,-1.2137602997482049,-0.7078669643090494,2.1167498572983834,5.645026629222465,-7.311015554088807,-9.191063496952022,-6.4083083621473635,0.45269156623025913,-2.2294040528924057,0.15154098827649606,-0.426348414271761,-3.9412838777293677,-5.1558184178669855,-2.4663505180629843,0.648945393200064,-3.593252261543034,-6.502616606789934,1.7066783120626376,-1.4835449028667713
2.953742020165591,2.9879399698599602,2.7950418248101063,-9.718512063222933,-0.5925690550914015,1.4912034544201964,-2.555182459619625,-3.9452030793152506,4.293249847676228,-3.2190021173688774,-0.2792069173632021,4.096810698787198,-4.063156098740277,-3.6030729131148505,1.3078322192963991,0.6181286362816302,2.746693565722342,3.2707439902822797,3.32905333111796,-5.84958666905469,2.225824084198394,-6.275849420685893,-0.20077645522631946,2.431771423599334,1.709519345751056,-3.7810547955832736,0.031159800206681916,2.7971127358299577,-7.749605190216103,4.869851769376474,7.095810917571109,-2.357660351139633,-4.007708280321737,-0.16569486556909652,-1.8367804441098792,-1.6827141042385492,4.83246080281568,1.7337062047046985,0.6054389348789256,-2.344441795632121,-5.954552247558102,7.613577228089085,9.793985472487725,6.644160050545422,-0.2712547896954449,2.429207711818499,-0.6749075946308802,0.6893973388979897,4.555095629756422,5.50161536323432,2.595494335666194,-1.0737441689315514,3.616856216517667,6.518765726204921,-2.2128826468287377,1.8702480368808145
-1.7735744140197793,-2.160056975183134,-2.4822382893306965,7.08763806969764,0.09207667743788038,-1.4457899050816536,0.6918967480431217,2.781728007265525,-3.2190021173688774,2.7954927234365514,-0.12354494159785086,-2.4199665945859987,3.0362372360007077,2.1341894726183637,-1.4176566915475102,-0.5968271674085667,-2.2803115694674845,-1.9978766736172113,-2.1782156120751313,4.784630576514854,-2.17455687266923,4.184201918350605,-0.1229577318014956,-1.9962925920881347,-1.684128698924552,1.846714427937776,-0.6554180544888305,-1.216511392271964,6.070186822043455,-4.367495090445793,-5.7765072581986825,1.7377836994297378,3.0048691020491125,0.48344627076273194,1.4361892894920374,1.168966415369787,-3.4105719348686447,-2.121771766695913,-0.12573857472049008,1.8393407094444483,4.089421733349515,-5.026894556286213,-6.929470528212966,-4.325775971525012,-0.23729202630417376,-1.827597522414016,1.521253943613858,-0.9656598320443098,-3.945059371250033,-3.907932850227236,-1.7700069447865405,1.5367302627094197,-2.1278139732339265,-3.777847541368389,2.3671316499127943,-1.9115322535608101
-0.5765328468786952,-0.26425840757924485,0.1551463904237819,0.8055876881688996,0.34552218749494135,0.1886450830850619,1.2329165821935708,0.41024271888671054,-0.2792069173632021,-0.12354494159785086,0.3082940804713197,-0.8344761953478779,0.2731719891366314,0.7287897620443945,0.2958811563551641,0.07603781772138071,0.01389247113094266,-0.6088104731190521,-0.4935290548712046,0.03291392272269508,0.2959756533038768,0.8625079928562861,0.25142833435504286,-0.0073715775138383606,0.23950929947044367,1.107227991912673,0.5488533839922616,-0.9495105108907533,0.27766588767040395,0.3074837841409656,-0.0638629790624677,0.1794296525050386,0.2606710618826556,-0.30230172405801725,0.06802689554490557,0.1902302677890506,-0.49967501182125496,0.6035668735630094,-0.3254307919151987,0.08141784771018529,0.7142566982799843,-1.089228564424884,-0.9976709379547536,-1.0037553700851038,0.40171877917914817,-0.15255895455041008,-0.8409430858077453,0.34629304970289443,0.1654606681753306,-0.5469921306318823,-0.32223361330286804,-0.5678592592192038,-0.7442500486629805,-1.3912145847748916,-0.4731166569182817,0.32222035490310513
3.57126905608181,2.9881599064117585,2.007515296512097,-9.61363293184379,-1.1664881101800297,0.8637627562216145,-4.5267972223873985,-4.065553762270483,4.096810698787198,-2.4199665945859987,-0.8344761953478779,5.021508364748135,-3.8947266006242653,-4.406309175165942,0.5021771778446216,0.3622704637221615,2.244089941654485,3.896598486776411,3.719111223236209,-4.901567136568245,1.261095840965091,-6.878276134610945,-0.6582857852505462,2.025307184373234,0.9447072623967224,-5.294412667410283,-1.0488086875880593,4.171985676217671,-6.951914810099761,3.4249577451636166,5.992685727746616,-2.300888174953807,-3.8244008213276293,0.4548469022433447,-1.6520529557354005,-1.7639092484716874,4.9743382860188925,0.251935906875165,1.137794402231521,-2.0980646299721544,-6.3223353102067765,8.428352843885634,10.052114351943834,7.459380556338265,-1.0108124485627084,2.3074430244699955,1.088351523425363,-0.10791670817573541,3.442740993184746,5.620314053647487,2.777146723355324,0.2238880180188628,4.447975830367169,8.114278690493686,-0.9035779628210802,0.9156804176005704
-2.8072694285891213,-2.8299558451350686,-2.6348747838344933,9.202996328550983,0.5702582278639217,-1.4024933414766625,2.451068350919921,3.7384918910795575,-4.063156098740277,3.0362372360007077,0.2731719891366314,-3.8947266006242653,3.845668862345368,3.4251860178212654,-1.2260165546111985,-0.5814232580005202,-2.593561588630411,-3.1076407908041705,-3.159160582027769,5.5253875560981935,-2.092969086864118,5.953482748908804,0.1973518729274423,-2.2968021802574166,-1.607106456803448,3.6049193519476987,-0.012536428921058638,-2.6708264918215425,7.327305436350234,-4.589645959975314,-6.703279507447987,2.2321064670438213,3.7929189860538943,0.14717958128554917,1.7367568293770181,1.595016742753142,-4.579174167450313,-1.618744710717928,-0.5817942860794775,2.2166064805587227,5.645485885429832,-7.223815950803399,-9.280185127616361,-6.305663795040858,0.2685371107303423,-2.298849147301754,0.6115055069064718,-0.6404125802547173,-4.296759688534148,-5.212582772481614,-2.4611127086057265,0.9965726492910552,-3.438678821625372,-6.199164960714987,2.075295596164069,-1.7563538566465116
-3.1340876171332295,-2.6268004472340993,-1.7715168883260832,8.451959857929149,1.0204912195554043,-0.7647019247062258,3.962423480175326,3.5728725744790193,-3.6030729131148505,2.1341894726183637,0.7287897620443945,-4.406309175165942,3.4251860178212654,3.8665500472515193,-0.44837484441673026,-0.32066066703669827,-1.9770332573443012,-3.4200034389708893,-3.266006710144291,4.316971314766766,-1.1168851079534021,6.041308813551162,0.5747464198848808,-1.783881387919362,-0.8370387480569683,4.641150772594836,0.9126924686103739,-3.655649140248596,6.118078550920284,-3.023199400367664,-5.2774745289585585,2.0231302813141716,3.3634926193593944,-0.3945078426310248,1.453858546387802,1.5499020645872976,-4.371572913721506,-0.23420745532894463,-0.9956247394182101,1.8464640936870347,5.554614924313942,-7.402109595580068,-8.83429519458897,-6.55031110522123,0.8822174635859112,-2.029451165136493,-0.9415794585846564,0.08801221672279233,-3.0359734329082593,-4.939630221511305,-2.43974535332689,-0.18565813175293494,-3.9029382613936456,-7.1193047217520995,0.8055639605910523,-0.8131533548879184
0.39503416270761016,0.8183728787408637,1.2937984150672004,-2.7326351937828637,0.22254497516758276,0.8292684626212328,0.6222085418148506,-1.0000463232347212,1.3078322192963991,-1.4176566915475102,0.2958811563551641,0.5021771778446216,-1.2260165546111985,-0.44837484441673026,0.8985472863902889,0.34091129618008936,1.0894825239827124,0.4762896634972801,0.6503898650288036,-2.2381923530860743,1.256698843543573,-1.315223197089047,0.25180799665815695,0.938740573812795,0.9811964350048801,-0.020918900913268,0.7327704208238742,-0.15575456735554902,-2.657874244733583,2.3030099605742156,2.6835996742018438,-0.6839325276251345,-1.2208043678653149,-0.4615303535164164,-0.6270497043218255,-0.40651497279989796,1.228666895624031,1.4686194359138762,-0.19114654783846072,-0.807461856982689,-1.3845602922602454,1.5392795191425397,2.509874758884899,1.2734177042465074,0.4216446591629466,0.7471167441736225,-1.3673390755279946,0.7235388575711361,1.993781979186962,1.4275198740938233,0.5891959068591779,-1.1643442185329755,0.43345188942367924,0.7157974015529385,-1.4842290316125497,1.1524780670346166
0.2712526750893919,0.40217381625389315,0.5374010846458209,-1.3297097432262814,0.037671104992110245,0.32912821706469475,0.05948177366167806,-0.506452937675058,0.6181286362816302,-0.5968271674085667,0.07603781772138071,0.3622704637221615,-0.5814232580005202,-0.32066066703669827,0.34091129618008936,0.13556428414314436,0.4725898538517559,0.31222158588594684,0.36832116014387156,-0.9814270429908497,0.4970365888091756,-0.7215450632069933,0.06659135665625987,0.4105242008367363,0.38662649440126856,-0.1993095953104549,0.22518510216620477,0.09519485900541715,-1.2064349368867786,0.9512147857220439,1.180925157348894,-0.3289914138852729,-0.5770036277906246,-0.14928438413254497,-0.2850567340754289,-0.20990232356078486,0.6214853739836458,0.5365912794848626,-0.027433607568778537,-0.3660102792517933,-0.7263083370989087,0.8581697873168704,1.2655883485869417,0.7275815532086368,0.11481864901142744,0.3519219051433534,-0.45166224120199977,0.2559544540074163,0.8407976794579489,0.7163060008379697,0.31221915607649153,-0.4100714850961313,0.31681041270365246,0.5510329235256652,-0.5658040714145696,0.44709189541098365
1.6346203354417208,1.865185616783416,2.011748261299758,-6.1024522739684715,-0.1754071398585242,1.1435542674165524,-0.9268890623712958,-2.4220549595973284,2.746693565722342,-2.2803115694674845,0.01389247113094266,2.244089941654485,-2.593561588630411,-1.9770332573443012,1.0894825239827124,0.4725898538517559,1.8850006102872716,1.8296905848790594,1.9460067621708648,-3.97298141603927,1.7164636600061094,-3.713606601226802,0.029721055139023685,1.6558229843415095,1.3263984888133378,-1.84746744351233,0.385473151595438,1.2801639831395426,-5.108143229314349,3.5297691702928446,4.803521173409104,-1.4910410928464592,-2.563989983732143,-0.3137502247448613,-1.2092414938444052,-1.0229375046240883,2.968641239414553,1.5844878043442365,0.19752799904704801,-1.5470498641731534,-3.5925577557758848,4.476731520481293,6.026537420964518,3.8714095443899446,0.08131543205459756,1.5577326147019666,-1.0189208375915308,0.7005896351333859,3.2205748415943654,3.394225338625715,1.5587055542391532,-1.1100901650564376,1.9761874812515674,3.528675010758637,-1.8251681036310075,1.4910470831934957
2.775107558229531,2.3717995544143577,1.6693879089419692,-7.640834695512848,-0.8705430127474445,0.7461086958192417,-3.4029692762518944,-3.2153851179952335,3.2707439902822797,-1.9978766736172113,-0.6088104731190521,3.896598486776411,-3.1076407908041705,-3.4200034389708893,0.4762896634972801,0.31222158588594684,1.8296905848790594,3.032531359192366,2.914391278045393,-3.9819882056812714,1.0940133510220067,-5.401466107364927,-0.478388460677175,1.6467630405073648,0.823604695734467,-4.056447139340256,-0.7283363119815407,3.178886941936842,-5.594933594026041,2.857860019000008,4.863009516119842,-1.8317807071925387,-3.05325516307192,0.3011892523814011,-1.329113638530228,-1.3922546763846697,3.9346474616587934,0.34286311651493845,0.851775785454566,-1.6890758183774421,-4.982821277904168,6.61134588003476,7.953868784863454,5.842191332425537,-0.7310040431665903,1.8432509752435329,0.6938312312912039,-0.008770344501438036,2.8399075001266842,4.449619191052978,2.1868139586292177,0.05257416101049615,3.450387035496536,6.286763922135212,-0.8434658157976084,0.81886363905331
2.657448117005931,2.383676509341862,1.8456225633994863,-7.701600156249797,-0.7526026663076439,0.8835833236990935,-2.9998755139641484,-3.2059001195605794,3.32905333111796,-2.1782156120751313,-0.4935290548712046,3.719111223236209,-3.159160582027769,-3.266006710144291,0.6503898650288036,0.36832116014387156,1.9460067621708648,2.914391278045393,2.845911565993133,-4.20405424599123,1.3051216311152505,-5.300228514986895,-0.38328651784005213,1.7416698129611532,0.9907462832193489,-3.7543049131467185,-0.5018289437526192,2.9018476156466875,-5.793069454264753,3.1801713773827283,5.122561736523147,-1.8530892867044462,-3.1076724146619075,0.17045008103707898,-1.3751656983125546,-1.3819492399922186,3.924190522309819,0.6603900236297239,0.7425993549826607,-1.750076654949883,-4.929487591933044,6.470933765265491,7.938841662748234,5.697817601698051,-0.5770603580180892,1.878468789667759,0.32152365255733323,0.16111361897479415,3.0912559414345337,4.44669118217472,2.1590930242744846,-0.22372020137079823,3.290600398343131,5.97832488858284,-1.1267525799592633,1.0264231613977368
-3.564038260040049,-3.9873206690263716,-4.211807800120134,13.033675787819144,0.4396916516922146,-2.3738796505212805,2.203775303946744,5.19131272754784,-5.84958666905469,4.784630576514854,0.03291392272269508,-4.901567136568245,5.5253875560981935,4.316971314766766,-2.2381923530860743,-0.9814270429908497,-3.97298141603927,-3.9819882056812714,-4.20405424599123,8.386331758673824,-3.56058250694201,8.006683207188969,-0.01194706724058745,-3.4938982602212425,-2.7492643409551634,4.120066087903341,-0.7022663261644735,-2.891698890550199,10.829972286326397,-7.382828008538989,-10.144326226244191,3.181067685421494,5.460493283589864,0.6007460697472704,2.5642229777791785,2.1959376984211985,-6.362203551375187,-3.220149460782922,-0.4822937263243644,3.2794203160914774,7.721452774575254,-9.661996184652038,-12.912322016836944,-8.368020817003414,-0.09043886753846517,-3.316308721542216,1.9793692391928264,-1.407778092444959,-6.759345962260855,-7.269381234565252,-3.3526021239447945,2.2267706295480183,-4.3183074037879425,-7.723327204128478,3.7541104985007028,-3.0798445036956372
0.9473792166805938,1.442846243591745,1.9608769781914435,-4.774899796533827,0.1591081622528979,1.2069859556536224,0.2957025594931423,-1.811947595450201,2.225824084198394,-2.17455687266923,0.2959756533038768,1.261095840965091,-2.092969086864118,-1.1168851079534021,1.256698843543573,0.4970365888091756,1.7164636600061094,1.0940133510220067,1.3051216311152505,-3.56058250694201,1.8234607630577517,-2.5634971957880586,0.2580042244599363,1.4897810888523175,1.419003579962616,-0.6518775553591045,0.8529657201464139,0.2841321690302403,-4.361554751209906,3.4729333461314247,4.282784978674797,-1.1826731182683043,-2.0777341140171663,-0.5614827711615301,-1.0303926186441148,-0.7496648366436733,2.2237440893491356,1.986952264747959,-0.12064466891405949,-1.3233984332724018,-2.590381082846899,3.0447933925480104,4.5297017566570785,2.57627103036697,0.44280029265482346,1.2676525654629849,-1.6940078298120647,0.9515559789167516,3.062914821099066,2.5648940969442573,1.1125474353641187,-1.5253579407407043,1.1019078066054064,1.9103052308885204,-2.084557897303729,1.6438529976644798
-4.919811587824342,-4.477284779350018,-3.5581484716907537,14.478261904134536,1.3469651797822564,-1.7325346786679428,5.4057141681201255,6.007730921898743,-6.275849420685893,4.184201918350605,0.8625079928562861,-6.878276134610945,5.953482748908804,6.041308813551162,-1.315223197089047,-0.7215450632069933,-3.713606601226802,-5.401466107364927,-5.300228514986895,8.006683207188969,-2.5634971957880586,9.88555626637042,0.6667925432315392,-3.3186289447038924,-1.9497777238858318,6.876004480420577,0.8171506287164755,-5.290901719582552,10.973902586577127,-6.141217421690058,-9.74995191110519,3.4872915097003476,5.858499600917048,-0.24808005923456677,2.6044603013992362,2.5863133298712664,-7.3544105973378056,-1.4125418872201765,-1.3330036269869918,3.315824543559806,9.216441082799042,-12.059851152340123,-14.881711934637622,-10.60763892607878,0.9980003276233741,-3.5425116738424767,-0.3991107154323067,-0.3952363497212907,-5.935579056815728,-8.33852707706775,-4.034370279700242,0.5709468281734549,-6.084264829229503,-11.04388569342943,2.268487605322959,-2.0388317072367266
-0.4539825768616289,-0.19719513963897473,0.1460951808011298,0.597081764261745,0.2799257122565124,0.1649268253332562,0.9959130418206357,0.3107530904386182,-0.20077645522631946,-0.1229577318014956,0.25142833435504286,-0.6582857852505462,0.1973518729274423,0.5747464198848808,0.25180799665815695,0.06659135665625987,0.029721055139023685,-0.478388460677175,-0.38328651784005213,-0.01194706724058745,0.2580042244599363,0.6667925432315392,0.20523113625414047,0.010151851789614304,0.2081711416063477,0.8844787048470271,0.45113652146899197,-0.761458801270368,0.1764731004878607,0.28508205868782205,-0.005173848930779244,0.13170217502815224,0.18745088987698066,-0.24947047376306364,0.04364728009594359,0.14507442424112013,-0.37831543614745095,0.5074360109423417,-0.2633331730758292,0.05126540767110475,0.5471332419585307,-0.8441461952822362,-0.7543911280702947,-0.7803841797269205,0.3282375241420461,-0.10914878055976115,-0.6954032769822125,0.28910358580479506,0.16630031084757416,-0.4127303579662678,-0.24744232973254146,-0.47370045442286113,-0.5873564660846479,-1.099550018300693,-0.4034540730994074,0.27719645013374483
1.4732679039914316,1.6560747579348565,1.7582481972162494,-5.41454262679168,-0.17610939835906414,0.9930747845291497,-0.8929416814234873,-2.1547731152998577,2.431771423599334,-1.9962925920881347,-0.0073715775138383606,2.025307184373234,-2.2968021802574166,-1.783881387919362,0.938740573812795,0.4105242008367363,1.6558229843415095,1.6467630405073648,1.7416698129611532,-3.4938982602212425,1.4897810888523175,-3.3186289447038924,0.010151851789614304,1.4557520052365884,1.150543797561735,-1.694044250872262,0.30392712473780104,1.185430222003202,-4.507124526225179,3.0827435178249862,4.225815853621339,-1.3218554782832648,-2.270018030259292,-0.2565505709831732,-1.067109227677685,-0.9111306239934088,2.640841871496288,1.3542521601436872,0.1942750504078228,-1.3648556553654765,-3.2028242268534517,4.003730978831073,5.3600222377247615,3.4662915681417092,0.045951759495770746,1.3787631775203157,-0.8421047406031354,0.593745136094109,2.8200168681416007,3.0178882206796445,1.3903952894860057,-0.939577518864699,1.7841200163323576,3.1896758643164875,-1.574068938216783,1.289998094882463
0.7114738879232939,1.1052237744322964,1.5201835171990614,-3.6600175641174855,0.13509756847927887,0.9390110531169085,0.27192451432696985,-1.3851904925430605,1.709519345751056,-1.684128698924552,0.23950929947044367,0.9447072623967224,-1.607106456803448,-0.8370387480569683,0.9811964350048801,0.38662649440126856,1.3263984888133378,0.823604695734467,0.9907462832193489,-2.7492643409551634,1.419003579962616,-1.9497777238858318,0.2081711416063477,1.150543797561735,1.1045820708277747,-0.4644831141020621,0.678253048980464,0.1859778321626916,-3.359351166279383,2.6935696693049294,3.3060484663738374,-0.9072423721601744,-1.5957790744469693,-0.44439285620670327,-0.7935419512325257,-0.5723774796276473,1.7001332216548444,1.5561487017352695,-0.10467691307505587,-1.0194061989638363,-1.9757757825497122,2.3135621977309877,3.4638328121937194,1.9546610411710774,0.35622280186385047,0.9738341805044435,-1.3382353873274122,0.7472630471196378,2.3718332417935564,1.9619900581997423,0.8480337676964407,-1.1983232136784092,0.8249237766984711,1.4265538521810293,-1.6269425732875455,1.2811889025103076
-3.742643897795159,-2.8391061000150026,-1.4613707581635331,9.07430416679602,1.4332249346312396,-0.4653637376909207,5.417197466884547,3.9307349859363314,-3.7810547955832736,1.846714427937776,1.107227991912673,-5.294412667410283,3.6049193519476987,4.641150772594836,-0.020918900913268,-0.1993095953104549,-1.84746744351233,-4.056447139340256,-3.7543049131467185,4.120066087903341,-0.6518775553591045,6.876004480420577,0.8844787048470271,-1.694044250872262,-0.4644831141020621,5.887011235713828,1.6079620357220472,-4.742204665370705,6.153175206281434,-2.4358272340583604,-5.068886743082946,2.15387435142215,3.529680069994092,-0.78351037443127,1.4649785820829353,1.7218246754838968,-4.80633930437274,0.5996679146485013,-1.3824290595659077,1.8538158992754799,6.214955133833316,-8.468935318739844,-9.696442129018969,-7.548589099214296,1.379111030845328,-2.123301090749466,-2.0324320773921065,0.5539942400683436,-2.6410172643409506,-5.406941338432359,-2.74136029910642,-0.947472246531153,-4.696525756115738,-8.612619553735097,0.11709773075153111,-0.32945962174374543
-0.7084949881354494,-0.11111037263375782,0.6599920691108618,0.2589915802023836,0.5785700222723918,0.5531353980314784,2.006873611317167,0.2631398387584251,0.031159800206681916,-0.6554180544888305,0.5488533839922616,-1.0488086875880593,-0.012536428921058638,0.9126924686103739,0.7327704208238742,0.22518510216620477,0.385473151595438,-0.7283363119815407,-0.5018289437526192,-0.7022663261644735,0.8529657201464139,0.8171506287164755,0.45113652146899197,0.30392712473780104,0.678253048980464,1.6079620357220472,1.0461784758110408,-1.437142812661576,-0.4859606989194774,1.22048946957377,0.8064316521083849,0.03244763430077383,-0.029022760049688442,-0.5956410490910735,-0.1109736436290141,0.14119542067135568,-0.31694663670381334,1.3726491661280176,-0.538740028603089,-0.1519186459730703,0.5776723142342877,-1.0727325908775267,-0.6138317251896855,-1.0371842145300294,0.7272779651956778,0.02792551684665839,-1.6849294113424338,0.74763461321913,0.9096805985699379,-0.3193038457720706,-0.27249488043653414,-1.2185695973519868,-0.9402448313886967,-1.789244496246917,-1.187610375284843,0.8563092848843381
2.941502626089539,2.13172526543228,0.9296342020407192,-6.790915012393641,-1.198247008241467,0.2158746761831741,-4.486982768187114,-2.9769165283627066,2.7971127358299577,-1.216511392271964,-0.9495105108907533,4.171985676217671,-2.6708264918215425,-3.655649140248596,-0.15575456735554902,0.09519485900541715,1.2801639831395426,3.178886941936842,2.9018476156466875,-2.891698890550199,0.2841321690302403,-5.290901719582552,-0.761458801270368,1.185430222003202,0.1859778321626916,-4.742204665370705,-1.437142812661576,3.853179978644374,-4.450206116947795,1.5213805412856682,3.5710894965981774,-1.6051053701897673,-2.611168428586304,0.7203459029136365,-1.0606319011082157,-1.31007313250696,3.638925554244451,-0.7656002622180711,1.1512624312682482,-1.3394611878268063,-4.74463048437456,6.5321102317556905,7.335289254972312,5.841183807822325,-1.1928683433707363,1.5683183027484353,1.9012657476874335,-0.5856399188380947,1.7462145003231935,4.08494102754502,2.0969478465145857,0.9875526318339014,3.70316037914607,6.806150291847321,0.19072855218537907,0.044214383097228964
-5.031820445784324,-5.338875369988889,-5.308053248327967,17.40718732109262,0.8301626002505352,-2.9145243493530333,3.780160950323025,7.001486183851991,-7.749605190216103,6.070186822043455,0.27766588767040395,-6.951914810099761,7.327305436350234,6.118078550920284,-2.657874244733583,-1.2064349368867786,-5.108143229314349,-5.594933594026041,-5.793069454264753,10.829972286326397,-4.361554751209906,10.973902586577127,0.1764731004878607,-4.507124526225179,-3.359351166279383,6.153175206281434,-0.4859606989194774,-4.450206116947795,14.165102105956283,-9.277311020143834,-13.118569891623796,4.235375057330989,7.234156894882822,0.5433073179230659,3.3556275571721734,2.9743866319078274,-8.578294769047172,-3.6882210381681575,-0.8697188453493727,4.287298433826843,10.493283989653394,-13.27960023990964,-17.3974156860078,-11.54723212924789,0.19003214307012511,-4.389112989655212,1.9084713859970053,-1.5495084049337673,-8.582401936803771,-9.783200099757357,-4.565352152067303,2.435611480487288,-6.131597736778102,-11.01228719060789,4.4757173032430035,-3.7221499052840556
2.5233720036334355,3.238764573477392,3.895264339180754,-10.650370337047452,-0.01171598805210849,2.3059604061603025,-0.6033985400569651,-4.1444588472723485,4.869851769376474,-4.367495090445793,0.3074837841409656,3.4249577451636166,-4.589645959975314,-3.023199400367664,2.3030099605742156,0.9512147857220439,3.5297691702928446,2.857860019000008,3.1801713773827283,-7.382828008538989,3.4729333461314247,-6.141217421690058,0.28508205868782205,3.0827435178249862,2.6935696693049294,-2.4358272340583604,1.22048946957377,1.5213805412856682,-9.277311020143834,6.866754405735588,8.904204288801187,-2.6181498839159794,-4.545887529603151,-0.8614931073686496,-2.1941045191649886,-1.734886377991046,5.082615297985538,3.5076104445226157,0.07133897571859013,-2.812165956098753,-6.050758351096269,7.358012637339466,10.333298197161577,6.306649845795209,0.5186073715031155,2.76712541477787,-2.6691555201277297,1.6234447190515862,6.1601431566452884,5.833466349075409,2.6139780540433537,-2.5898559464443704,3.007501556884878,5.31330334580179,-3.8375384721415466,3.076314561924053
4.355055373215154,4.842569038720642,5.081315097453423,-15.82475178414974,-0.5586926818078061,2.8560577982820545,-2.7612870873583173,-6.309973293739983,7.095810917571109,-5.7765072581986825,-0.0638629790624677,5.992685727746616,-6.703279507447987,-5.2774745289585585,2.6835996742018438,1.180925157348894,4.803521173409104,4.863009516119842,5.122561736523147,-10.144326226244191,4.282784978674797,-9.74995191110519,-0.005173848930779244,4.225815853621339,3.3060484663738374,-5.068886743082946,0.8064316521083849,3.5710894965981774,-13.118569891623796,8.904204288801187,12.27271916552382,-3.8609311854462485,-6.623825996052092,-0.7029022678335216,-3.1062746617157857,-2.670436806455089,7.732934191017592,3.8470878583789743,0.6086442625892011,-3.9722220588949844,-9.393447420304202,11.769448237505536,15.692986581861403,10.197947703900203,0.07801904534689855,4.022383851818048,-2.3280626524582253,1.675429029812153,8.161298673388787,8.83369486203183,4.07951572069216,-2.648561759632091,5.280296820224872,9.448544539824368,-4.502998008060688,3.699370816449356
-1.6566483016469198,-1.64713483281062,-1.5046011883561938,5.352584778896529,0.35302988327476814,-0.79320630133656,1.4991598296791213,2.1803534557618547,-2.357660351139633,1.7377836994297378,0.1794296525050386,-2.300888174953807,2.2321064670438213,2.0231302813141716,-0.6839325276251345,-0.3289914138852729,-1.4910410928464592,-1.8317807071925387,-1.8530892867044462,3.181067685421494,-1.1826731182683043,3.4872915097003476,0.13170217502815224,-1.3218554782832648,-0.9072423721601744,2.15387435142215,0.03244763430077383,-1.6051053701897673,4.235375057330989,-2.6181498839159794,-3.8609311854462485,1.2970695828316297,2.200856787631495,0.06282657944373876,1.0040509916299665,0.9313399303076333,-2.6704502139852404,-0.8876312213844605,-0.35821465187418733,1.2810703739914016,3.2993920828098635,-4.234481643055308,-5.4108703481194,-3.7001034703999918,0.1835140539171501,-1.333524193919604,0.2910259493166949,-0.343398845722473,-2.4599183890327128,-3.0382617024188123,-1.4391330298004292,0.5322832809487027,-2.032009677258076,-3.666833447617688,1.159705708238494,-0.9871259835998841
-2.757335442095245,-2.789222017179929,-2.6091056877419083,9.072159810694268,0.5531936414843374,-1.39199087428583,2.3853638808312065,3.682827930334224,-4.007708280321737,3.0048691020491125,0.2606710618826556,-3.8244008213276293,3.7929189860538943,3.3634926193593944,-1.2208043678653149,-0.5770036277906246,-2.563989983732143,-3.05325516307192,-3.1076724146619075,5.460493283589864,-2.0777341140171663,5.858499600917048,0.18745088987698066,-2.270018030259292,-1.5957790744469693,3.529680069994092,-0.029022760049688442,-2.611168428586304,7.234156894882822,-4.545887529603151,-6.623825996052092,2.200856787631495,3.741157925124519,0.15463787674904833,1.7146112087096979,1.5708072427867021,-4.511078383497405,-1.618314383244428,-0.5652051002343215,2.188505992818127,5.558556782776515,-7.1072722961314225,-9.142635488286203,-6.202327870769718,0.253258839481643,-2.2676418742423525,0.6299160896669458,-0.6435000370779593,-4.252084696638636,-5.135728301291105,-2.4228875112737827,1.0022552624300087,-3.3763609128012466,-6.085319859744248,2.0656327176064133,-1.7458068513253018
0.3008398697155354,-0.03984616680785648,-0.4714320946376679,0.1878011817379798,-0.30838893901497966,-0.3657604104342627,-1.0524760715666126,-0.013559281721471755,-0.16569486556909652,0.48344627076273194,-0.30230172405801725,0.4548469022433447,0.14717958128554917,-0.3945078426310248,-0.4615303535164164,-0.14928438413254497,-0.3137502247448613,0.3011892523814011,0.17045008103707898,0.6007460697472704,-0.5614827711615301,-0.24808005923456677,-0.24947047376306364,-0.2565505709831732,-0.44439285620670327,-0.78351037443127,-0.5956410490910735,0.7203459029136365,0.5433073179230659,-0.8614931073686496,-0.7029022678335216,0.06282657944373876,0.15463787674904833,0.34422776399753247,0.1263816953560459,-0.02224229463454218,0.01355559596221495,-0.8398676359918792,0.28530902597684765,0.16715048246354494,-0.12305402939005153,0.3472223203893187,0.011260993283301868,0.3604346533278068,-0.40397858580642904,-0.09960420661234637,0.9808473625179412,-0.4486608843199878,-0.6740038807355461,-0.008170144083458562,0.06539970369715936,0.7295521700645455,0.40969137190039623,0.7921698630142108,0.7512228316829539,-0.5511264638203673
-1.1955577563180788,-1.2659330037957226,-1.2555206648521298,4.12710730899935,0.1991061259075894,-0.6886077292085159,0.9041048697087773,1.6606377786210977,-1.8367804441098792,1.4361892894920374,0.06802689554490557,-1.6520529557354005,1.7367568293770181,1.453858546387802,-0.6270497043218255,-0.2850567340754289,-1.2092414938444052,-1.329113638530228,-1.3751656983125546,2.5642229777791785,-1.0303926186441148,2.6044603013992362,0.04364728009594359,-1.067109227677685,-0.7935419512325257,1.4649785820829353,-0.1109736436290141,-1.0606319011082157,3.3556275571721734,-2.1941045191649886,-3.1062746617157857,1.0040509916299665,1.7146112087096979,0.1263816953560459,0.7949447107363167,0.7055942365842709,-2.0346089566736385,-0.868697221271657,-0.2083217675595839,1.0156157570123518,2.4895734413326234,-3.1520145413763383,-4.126220643222868,-2.7412443007466507,0.0479736898171539,-1.0402486105000344,0.4455811759741795,-0.36427142827468184,-2.0306408328573218,-2.320219816352138,-1.0832332545082215,0.5724091554442321,-1.4571740278111192,-2.6174749142124365,1.0561046544169435,-0.8788196127114867
-1.264760064837616,-1.190582616469453,-1.0016754910696195,3.8574451087597317,0.3177427906378222,-0.5049282689487186,1.2985540355884333,1.589093226997335,-1.6827141042385492,1.168966415369787,0.1902302677890506,-1.7639092484716874,1.595016742753142,1.5499020645872976,-0.40651497279989796,-0.20990232356078486,-1.0229375046240883,-1.3922546763846697,-1.3819492399922186,2.1959376984211985,-0.7496648366436733,2.5863133298712664,0.14507442424112013,-0.9111306239934088,-0.5723774796276473,1.7218246754838968,0.14119542067135568,-1.31007313250696,2.9743866319078274,-1.734886377991046,-2.670436806455089,0.9313399303076333,1.5708072427867021,-0.02224229463454218,0.7055942365842709,0.6820301088549647,-1.9456849469191282,-0.4800370374660286,-0.31695895947311503,0.8991041846844247,2.4249168317549565,-3.1495377518342362,-3.93915070964032,-2.763334607642281,0.21327428189566888,-0.9506038146371962,0.01811834521237221,-0.1612846119665681,-1.656770382025668,-2.209014191240417,-1.0600181281874108,0.24326488341110114,-1.5593600883578538,-2.8243571570918626,0.6954968827212611,-0.6094299752757448
