V1,V2,V3,V4,V5,V6,V7,V8,V9,V10,V11,V12,V13,V14,V15,V16,V17,V18,V19,V20,V21,V22,V23,V24,V25,V26,V27,V28,V29,V30,V31,V32,V33,V34,V35,V36,V37,V38,V39,V40,V41,V42,V43,V44,V45,V46,V47,V48,V49,V50,V51,V52,V53,V54,V55,V56
8.619335963336821,8.191196565986587,6.996411559974241,-26.55324493003608,-2.109650201184124,3.5574658487618924,-8.671524432386931,-10.91695843025664,11.603256169357358,-8.14890813856788,-1.2348456370699135,12.01258586529541,-10.996167171191031,-10.556387482488852,2.904112521585269,1.47820192628317,7.1047532960751365,9.495391848251035,9.455889709794464,-15.234324796799617,5.286171292449812,-17.713652616677063,-0.9371907970863003,6.32271809127749,4.039810199186337,-11.6446555393846,-0.8276145866091369,8.830239982847173,-20.57004655552446,12.128450312062833,18.519539984858667,-6.415192334710695,-10.831586655592623,0.07039404658032115,-4.879097578345701,-4.681564943824596,13.36744810154698,3.4999790152996026,2.1097921632316248,-6.218658328540767,-16.63448821196046,21.5603678538243,27.067041368960044,18.903225297890593,-1.368848389334247,6.556382753780606,-0.35945556718614924,1.2158133324134366,11.546729137737199,15.18224373822366,7.268750856178611,-1.8464627211053735,10.617745787462118,19.219155144718354,-4.959379865665257,4.3200003859479255
8.191196565986587,8.068855325398086,7.273976173583426,-26.20786844470764,-1.7998036782980533,3.8087031579933233,-7.585840293807046,-10.695675154274166,11.525382375932026,-8.414856567339001,-0.9470991408004644,11.384824768725409,-10.913767400467952,-10.009268538711206,3.2515379604609262,1.5802407257163547,7.2425065253724075,9.050140329927352,9.12559483803241,-15.46680077366413,5.675204469618333,-17.157125711991355,-0.701302092445424,6.425511405981047,4.350478152617927,-10.736870230190943,-0.29145300700037613,8.031621888931626,-20.64998594515197,12.648270630150842,18.778221829236074,-6.346996408540886,-10.758859043735129,-0.23163448780392001,-4.895885778497109,-4.572321823399655,13.099155936530908,4.1664451105447275,1.8201028882073023,-6.245358311520098,-16.207873288061517,20.84344321162768,26.537929828810597,18.225736551899853,-0.9897178001474263,6.517602858735605,-1.2093156955082165,1.5843871232522388,11.91394048473535,14.89811225134537,7.072175760058474,-2.4482921763441112,10.056187100549753,18.158490791590733,-5.5204177158741965,4.718523261826349
6.996411559974241,7.273976173583426,7.052331971936956,-23.692423362040053,-1.2619371940926087,3.8277882219523995,-5.599902479490333,-9.566589187089544,10.513614474579823,-8.08807262026572,-0.5049374007064787,9.682487513963508,-9.944641900806028,-8.518731092214594,3.437473539853415,1.5853515437038033,6.844944024788156,7.7655215901901276,7.981695915201644,-14.539043495321625,5.722367460186268,-15.088730134333856,-0.34477296603808133,6.04801408708107,4.402511998740001,-8.728496245244017,0.41580100136998893,6.376711512573385,-19.117259200810555,12.310311855147482,17.621759858253316,-5.757519861897028,-9.814339090615098,-0.5987078966870191,-4.529730903850603,-4.070956370618836,11.719814059260312,4.687072223003482,1.3063515610069476,-5.7850219694728375,-14.38040151558236,18.278544781527113,23.7618963890652,15.91838931147126,-0.4275694058876824,5.952157434647266,-2.198065179509478,1.9292878584230462,11.439373994913371,13.356145683206211,6.2614699037772334,-3.022454044423286,8.543509224120076,15.3675068679097,-5.799324799033639,4.853530504267592
-26.55324493003608,-26.20786844470764,-23.692423362040053,85.13278531401336,5.797479669826793,-12.423628503775722,24.47298379040252,34.7297411715313,-37.451336459646186,27.39900682836294,3.029440198135206,-36.900375359736444,35.46243339576017,32.44275684718884,-10.62894881517423,-5.154219026868782,-23.566211871857107,-29.342418976925146,-29.60735705286264,50.31648353060332,-18.5144888432498,55.67612668956836,2.239317581059414,-20.90448976375925,-14.194899984972484,34.74622051032924,0.8556898136974521,-25.97115544342087,67.1389650637317,-41.20366044627823,-61.085143107744564,20.620018486155885,34.960539421474934,0.8046198568829424,15.917543927226236,14.844201527503548,-42.53450663670932,-13.6575395918691,-5.866912737780596,20.30586400090216,52.61268844723874,-67.63151309652557,-86.1742610111296,-59.12908495398291,3.1523455408448235,-21.17962729100184,4.076401397892827,-5.213289796557757,-38.790526318766744,-48.379523533516675,-22.95534214848847,8.061418019399454,-32.592801334954416,-58.8449499588021,18.040758099033745,-15.406303487121514
-2.109650201184124,-1.7998036782980533,-1.2619371940926087,5.797479669826793,0.6641330973809858,-0.562307612172068,2.5944343709678903,2.4406851645308882,-2.4807419062975864,1.511134767560021,0.4654066434557471,-2.9625679323260075,2.35714618617535,2.6001631564718135,-0.3564619156347059,-0.23534827153836313,-1.3853354797235795,-2.305043451561049,-2.213942202756613,3.015828453451826,-0.8242317954536699,4.102527541449154,0.3658357643146807,-1.2471160547891174,-0.6202680002596237,3.0874927420951974,0.5593391174872534,-2.4207170780875753,4.240712422391233,-2.159740887383521,-3.6834219760250724,1.3896678981101984,2.3157848679853865,-0.2323752583951047,1.007438781909043,1.0569904613955958,-2.986618550526089,-0.25104837537638963,-0.6496358517862884,1.280210580369549,3.783400156071471,-5.0219336294724135,-6.037256769716909,-4.438275694918072,0.5592665175585114,-1.3979715667103005,-0.5373646181811172,0.011566766568183447,-2.1481663754066602,-3.377253859701086,-1.6605479465397655,-0.04788859895607763,-2.6233910295664384,-4.780439200233164,0.6319851614370526,-0.615501404177215
3.5574658487618924,3.8087031579933233,3.8277882219523995,-12.423628503775722,-0.562307612172068,2.1119152890503154,-2.593938585727332,-4.988533897508829,5.538754045717681,-4.372088816473227,-0.16913290362757827,4.911231152288757,-5.236028052903874,-4.322711498716963,1.938115138028441,0.8740023734415644,3.670317908621987,3.958752451306134,4.11239563146803,-7.775453011351945,3.1618024678924286,-7.797291113424189,-0.10203994589716525,3.2365428236200495,2.4364140648692736,-4.3107232348372335,0.40299068800988147,3.103058197846785,-10.146872007534334,6.69370300884608,9.416209062532937,-3.0244456960972785,-5.170352308683683,-0.4199466908978947,-2.4035118934355895,-2.1176721198849764,6.112295187751155,2.708409849193447,0.5926938828104128,-3.071373516779537,-7.466655707621276,9.43108701338777,12.397730138273667,8.195205071760919,-0.09700678880931508,3.137509944626581,-1.4534263803609706,1.146980157512005,6.180621254962282,6.973074389761883,3.2474174088387358,-1.8052063421599256,4.330902140009497,7.772894580865634,-3.2612115240036537,2.70512595888848
-8.671524432386931,-7.585840293807046,-5.599902479490333,24.47298379040252,2.5944343709678903,-2.593938585727332,10.231638770770955,10.244198847040364,-10.526073294384654,6.654341904654409,1.7634852310992675,-12.156843944777885,9.995140002542461,10.672700289041444,-1.7899206751522476,-1.0832583134094314,-6.018339086932369,-9.492107927761325,-9.192268913909471,13.049576010543086,-3.8182672724249445,17.07660975985685,1.3786919455251516,-5.401458033326745,-2.8872520338113157,12.473331276282302,1.9721676030714,-9.71238178521678,18.158646923110044,-9.618588606037902,-15.918735342790931,5.877512441444637,9.826116818322356,-0.7579994454134776,4.312129223921865,4.4260927127361365,-12.537549642090289,-1.5868774035471427,-2.5481617660282256,5.483822512515134,15.815261315339324,-20.87600380343523,-25.354077384516344,-18.41580913981608,2.093331273347816,-5.935702678375145,-1.6357278394565564,-0.23575532468550217,-9.451142787929616,-14.192293348001991,-6.934156009578288,0.2611937258195551,-10.760652811701656,-19.57954631981605,3.130930906955095,-2.9348724578708816
-10.91695843025664,-10.695675154274166,-9.566589187089544,34.7297411715313,2.4406851645308882,-4.988533897508829,10.244198847040364,14.189154488403572,-15.25863494776818,11.077778661373605,1.3085985440941301,-15.17968057818524,14.450592250537486,13.344683633218485,-4.232918721061356,-2.0701834476869836,-9.552159236374091,-12.05632696597637,-12.133765350629783,20.41120147756694,-7.430371680839133,22.800280801658264,0.9734211720073547,-8.478399513491516,-5.693527737556679,14.377156651188178,0.48975405506222164,-10.777958949681654,27.296157315121306,-16.627523487911866,-24.78579553513224,8.407811076452411,14.243829074250694,0.2476187450035904,6.472041291563435,6.0686068610968835,-17.377144783352968,-5.380926310181939,-2.4636125575606167,8.254928100470455,21.51953148942649,-27.70700595605,-35.20201544271263,-24.237153037610423,1.3827393054443067,-8.627734331199292,1.4341539518682804,-2.0238292027620344,-15.685978108258066,-19.759527888162644,-9.391902865740564,3.1210656229496214,-13.40954657816823,-24.222737347817667,7.19219735531172,-6.163217926407117
11.603256169357358,11.525382375932026,10.513614474579823,-37.451336459646186,-2.4807419062975864,5.538754045717681,-10.526073294384654,-15.25863494776818,16.493489797337183,-12.145034942178691,-1.2656799040469693,16.116775378215348,-15.61547361682638,-14.17101545772565,4.770876533634974,2.297342011433328,10.423949714720743,12.82885009801141,12.973632511221593,-22.24129377044181,8.257764875798403,-24.41240793187407,-0.929929388797991,9.241880139324767,6.334174530943516,-15.09886733525047,-0.24682296148816735,11.25646919207231,-29.621276340241803,18.29332925965763,26.995613096468933,-9.074852123784677,-15.396539987785948,-0.428246796977498,-7.022190686254099,-6.518285129335569,18.688348086563845,6.183819841319087,2.5162596885414388,-8.959429418648963,-23.093335303889713,29.644556962322316,37.86582233460985,25.905399089748432,-1.2976345962773195,9.32874302496069,-2.004081168182636,2.3882374048262696,17.192237780222296,21.261584490325514,10.073269199575297,-3.7007416610882613,14.233657298893467,25.68689208944058,-8.090745790513461,6.889663024806491
-8.14890813856788,-8.414856567339001,-8.08807262026572,27.39900682836294,1.511134767560021,-4.372088816473227,6.654341904654409,11.077778661373605,-12.145034942178691,9.28523209559972,0.633739893513438,-11.283714479983917,11.489326266580036,9.926581567269961,-3.904635072713487,-1.8111421276114112,-7.873612479279135,-9.039390447177743,-9.268403945537843,16.734672262509946,-6.53368350194003,17.509088388042695,0.4397212317368199,-6.9602799491673535,-5.024680416277323,10.232688385141202,-0.3845321416400812,-7.4996742445022555,22.044372124043697,-14.111992747034902,-20.28702919595359,6.655465457771963,11.337257391406446,0.6371712969610015,5.223676893396129,4.716704865579527,-13.570641568269808,-5.289818891503452,-1.5588018830915142,6.670341849059226,16.66870159329676,-21.218169202905234,-27.511807002057783,-18.487883346251756,0.5607015959616515,-6.874823875093329,2.3852844242549023,-2.160648587876354,-13.134164608414437,-15.46154698772507,-7.259756434076736,3.380570414150608,-9.957737016985327,-17.920310536823333,6.591926704880855,-5.529484668342377
-1.2348456370699135,-0.9470991408004644,-0.5049374007064787,3.029440198135206,0.4654066434557471,-0.16913290362757827,1.7634852310992675,1.3085985440941301,-1.2656799040469693,0.633739893513438,0.357069458688095,-1.7457032324372257,1.2063023552555279,1.5304691538330861,-0.024815067564490586,-0.07215268581394725,-0.6274282829512348,-1.3393436258936244,-1.2437716823341838,1.3954109732622908,-0.23881981092280627,2.2804449967935145,0.2849263481794887,-0.5741190188633902,-0.1718804474747708,1.930357009973137,0.512493992041383,-1.5515242899059798,2.0703123835966593,-0.8445622953541426,-1.7153642034583954,0.7197728560641914,1.181532496813952,-0.24763465579196378,0.49279536124665724,0.5725898917081208,-1.6002168361983649,0.16723917758842705,-0.44938171995413456,0.6238733911399799,2.065118865383685,-2.8071332340737367,-3.2289438849778125,-2.5001029465187448,0.44368752947193507,-0.7110127435006358,-0.6389663278386444,0.167156208912757,-0.9056499082318349,-1.8010862304215465,-0.9104750940324148,-0.28734073254496173,-1.548324503942173,-2.8377801702022545,0.06805006561687366,-0.13103871342153878
12.01258586529541,11.384824768725409,9.682487513963508,-36.900375359736444,-2.9625679323260075,4.911231152288757,-12.156843944777885,-15.17968057818524,16.116775378215348,-11.283714479983917,-1.7457032324372257,16.745079592917772,-15.274475678836303,-14.714699283327025,3.9937063060543383,2.040977141949468,9.848161513119658,13.230643012267128,13.163250148849869,-21.12373053072594,7.296066046096804,-24.65183133122451,-1.3268194649886165,8.766315516349211,5.574357681412143,-16.26487876678746,-1.2074911266721935,12.34583243959012,-28.54772738391203,16.780607228096173,25.681583082230045,-8.913366178803406,-15.04493980901348,0.13070788560507,-6.7715952134580615,-6.511132926117538,18.586717198863226,4.786079722119798,2.960563738445842,-8.630163871582825,-23.13948957788834,30.00956684047166,37.63372031166557,26.31647045736373,-1.9417127445454965,9.106162016795585,-0.4062067434348329,1.6476080597979148,15.989695932429427,21.107844919073464,10.112342186605131,-2.4976371367330903,14.801457111721326,26.796906162963477,-6.823612637782225,5.953738732926141
-10.996167171191031,-10.913767400467952,-9.944641900806028,35.46243339576017,2.35714618617535,-5.236028052903874,9.995140002542461,14.450592250537486,-15.61547361682638,11.489326266580036,1.2063023552555279,-15.274475678836303,14.78444403759578,13.43026785107066,-4.506399854730439,-2.1718401116666564,-9.863731788619349,-12.156839246900203,-12.290631139514042,21.047716718837435,-7.806018111693585,23.125363215397297,0.8869979230418698,-8.745739636725908,-5.9873111120096745,14.31884171687413,0.24887271430576346,-10.678405887630305,28.03817393009802,-17.302289753044477,-25.547562782895742,8.592480177110788,14.576919888339866,0.39681712234248856,6.646952695434126,6.173517820965998,-17.698602566513653,-5.834879058714324,-2.3901961630405277,8.480523165330203,21.872998710154416,-28.082835984735834,-35.86001537311728,-24.5421104368794,1.2391461821836174,-8.831986234470081,1.8729985576443302,-2.2503173521462827,-16.26429423556191,-20.13495978894388,-9.54125840801069,3.486153285136506,-13.489976573699403,-24.34614354464439,7.643029116959363,-6.51065990682573
-10.556387482488852,-10.009268538711206,-8.518731092214594,32.44275684718884,2.6001631564718135,-4.322711498716963,10.672700289041444,13.344683633218485,-14.17101545772565,9.926581567269961,1.5304691538330861,-14.714699283327025,13.43026785107066,12.930579894006208,-3.5174291953233445,-1.7963660442720637,-8.66217513715865,-11.627210017137232,-11.56979093337442,18.57884928437837,-6.422021553292563,21.668632176336697,1.1629555738077115,-7.710294979840998,-4.906783542822489,14.287946620769338,1.0532110431292474,-10.843488677073779,25.104685339825675,-14.76433599846621,-22.587210590873198,7.836862843959501,13.22858084983804,-0.11009632819243798,5.954861839211566,5.7238044320881905,-16.339902949119498,-4.219315812969083,-2.5987238887451234,7.5893504590002205,20.340839049951803,-26.377378212102858,-33.08467745694864,-23.130491252578814,1.701364970768654,-8.006869127015444,0.37082044490421145,-1.4547300066134545,-14.066402966516058,-18.55659916244011,-8.889122813446095,2.2059409293989978,-13.00663880166893,-23.546819473394518,6.009327519408777,-5.241800036618724
2.904112521585269,3.2515379604609262,3.437473539853415,-10.62894881517423,-0.3564619156347059,1.938115138028441,-1.7899206751522476,-4.232918721061356,4.770876533634974,-3.904635072713487,-0.024815067564490586,3.9937063060543383,-4.506399854730439,-3.5174291953233445,1.828116274767659,0.8012571029145927,3.241678685301577,3.2449076205836787,3.4268557458105664,-6.842256259038203,2.9070654233573587,-6.52700946424897,0.011411145152655754,2.850650289517212,2.244730973060708,-3.3542689411884345,0.5766158070135083,2.3530779399591983,-8.834422508715,6.025741715995019,8.27641301022858,-2.59427103583184,-4.453534813577308,-0.49215345540209954,-2.0917196249999717,-1.7904242777339852,5.187666070337069,2.6313384339894967,0.39135420668005605,-2.675166162807295,-6.295268535737303,7.876092363131518,10.528664504455122,6.820893173358532,0.07644753632020991,2.7047930361533212,-1.6205465672908255,1.150908274166235,5.516098194725594,5.927526426331822,2.733282547517405,-1.8205965961682307,3.518417036491848,6.292319172547053,-3.0661383910988245,2.515001141247992
1.47820192628317,1.5802407257163547,1.5853515437038033,-5.154219026868782,-0.23534827153836313,0.8740023734415644,-1.0832583134094314,-2.0701834476869836,2.297342011433328,-1.8111421276114112,-0.07215268581394725,2.040977141949468,-2.1718401116666564,-1.7963660442720637,0.8012571029145927,0.3617137424871968,1.5210322370624016,1.6447263661799874,1.7076328781530208,-3.222674979327519,1.3084009129912288,-3.2372616293256913,-0.04396723105016192,1.3414005812747827,1.0081480752811047,-1.7939230417060936,0.16335265569800408,1.292366386895222,-4.207118116622673,2.7720834282750415,3.902875727558986,-1.2546473246492302,-2.14453806323752,-0.17202519215202197,-0.9965643748971602,-0.8789165565292768,2.5365113872712524,1.1184444460936058,0.2478074697943993,-1.27344201397193,-3.0992439212163103,3.9158842457319807,5.1447675369745385,3.4031154935918826,-0.04288421493425313,1.301326307477823,-0.5967455800355599,0.4730430578843783,2.5603898046603044,2.8935681001989093,1.3480085883593371,-0.7443594658401532,1.7998637402741506,3.2306789260331508,-1.3484178542929413,1.1189609631779749
7.1047532960751365,7.2425065253724075,6.844944024788156,-23.566211871857107,-1.3853354797235795,3.670317908621987,-6.018339086932369,-9.552159236374091,10.423949714720743,-7.873612479279135,-0.6274282829512348,9.848161513119658,-9.863731788619349,-8.66217513715865,3.241678685301577,1.5210322370624016,6.702430623644039,7.87240050613289,8.034692914690293,-14.263177991282452,5.4809539623978205,-15.158616270283249,-0.446007075330194,5.930540788969009,4.2117062933833385,-9.030480362528515,0.17150573840557443,6.657791126419314,-18.855310274204236,11.93253670677723,17.29770951215449,-5.719824332290315,-9.73065293483702,-0.4567786540780709,-4.468624754145624,-4.071547780359496,11.700887496626487,4.334049397883593,1.4202248047483426,-5.704633818306861,-14.400670600646473,18.382289374327094,23.71689281544911,16.032460641608132,-0.5917752068484867,5.899025253479441,-1.7926226997821302,1.7419010247246671,11.140040327837154,13.324924184378489,6.275125978878029,-2.7179901463185256,8.693106763536372,15.659170245022066,-5.480207464778615,4.618163226567376
9.495391848251035,9.050140329927352,7.7655215901901276,-29.342418976925146,-2.305043451561049,3.958752451306134,-9.492107927761325,-12.05632696597637,12.82885009801141,-9.039390447177743,-1.3393436258936244,13.230643012267128,-12.156839246900203,-11.627210017137232,3.2449076205836787,1.6447263661799874,7.87240050613289,10.46293880083845,10.42990712558719,-16.874510840274375,5.883915879676394,-19.544045707913405,-1.0148757961467223,7.004031663888823,4.4978597270704155,-12.797635872086639,-0.8657933360491232,9.694325137450017,-22.76298648952067,13.465308375837983,20.511204659391062,-7.090464031279711,-11.975669950222306,0.049846320601735515,-5.3990487660668975,-5.16883356679644,14.762813518654044,3.933689198650074,2.307071001948797,-6.881854650616993,-18.36227774258877,23.784581708523774,29.893755334217527,20.848783119009138,-1.4791038264657896,7.249385299783534,-0.4765102576177203,1.3791928556265833,12.807619164223807,16.76895735345649,8.022798226069241,-2.098492459221274,11.693747560658108,21.162722778963854,-5.538364874481936,4.815972056172443
9.455889709794464,9.12559483803241,7.981695915201644,-29.60735705286264,-2.213942202756613,4.11239563146803,-9.192268913909471,-12.133765350629783,12.973632511221593,-9.268403945537843,-1.2437716823341838,13.163250148849869,-12.290631139514042,-11.56979093337442,3.4268557458105664,1.7076328781530208,8.034692914690293,10.42990712558719,10.441929377397775,-17.197526009570552,6.118458954980956,-19.591272896666403,-0.9353904706893261,7.140598279215325,4.682408411606533,-12.613466950596466,-0.6654029659876898,9.510890527819143,-23.106224422297984,13.85540280910753,20.894374808151998,-7.1605269567143335,-12.110810653451153,-0.06903065089146306,-5.479599905370155,-5.196343338499264,14.858691262848975,4.251359404645085,2.2239768408611473,-6.986626959467062,-18.444754391728896,23.826361792370683,30.093508122343174,20.865987078252726,-1.3492702183585092,7.333268099089932,-0.8194538183964993,1.5439736107643163,13.128299828742197,16.886026349030068,8.054804059447617,-2.3654546851823683,11.631523248521667,21.032542417156762,-5.836266630307196,5.039653006575839
-15.234324796799617,-15.46680077366413,-14.539043495321625,50.31648353060332,3.015828453451826,-7.775453011351945,13.049576010543086,20.41120147756694,-22.24129377044181,16.734672262509946,1.3954109732622908,-21.12373053072594,21.047716718837435,18.57884928437837,-6.842256259038203,-3.222674979327519,-14.263177991282452,-16.874510840274375,-17.197526009570552,30.36505579288984,-11.608453797079827,32.432291404723756,0.9982040836273606,-12.62437371007213,-8.917887120604117,19.436366913125664,-0.25831040631330926,-14.35551355814535,40.18683812888781,-25.338174881507847,-36.82996421321286,12.20933084603421,20.762032217875042,0.9134493341589685,9.52453404233119,8.703134557086395,-25.002082902019293,-9.107493150040865,-3.0861820184590174,12.157938427909956,30.79020180276167,-39.337851699932564,-50.67455609245109,-34.31970514984343,1.3376926254923307,-12.58552804701175,3.651997335562309,-3.640230704226898,-23.678993852780454,-28.4679874449334,-13.419040699867306,5.674713776701277,-18.647692625119532,-33.600517767400014,11.572417004451427,-9.76693142124557
5.286171292449812,5.675204469618333,5.722367460186268,-18.5144888432498,-0.8242317954536699,3.1618024678924286,-3.8182672724249445,-7.430371680839133,8.257764875798403,-6.53368350194003,-0.23881981092280627,7.296066046096804,-7.806018111693585,-6.422021553292563,2.9070654233573587,1.3084009129912288,5.4809539623978205,5.883915879676394,6.118458954980956,-11.608453797079827,4.7342185239514265,-11.604139262009168,-0.1411708323785816,4.8323162551795305,3.6485916308681983,-6.387278417631323,0.6261529905900592,4.591072621355897,-15.13844539169955,10.008388457746129,14.056971482573266,-4.507965746560376,-7.7085107349559046,-0.6404977640352983,-3.585776474743524,-3.1535359688750675,9.104335702701748,4.070925000731957,0.8704972513346266,-4.582398163780978,-11.117049067992639,14.033551344876422,18.46726979445136,12.191998151967697,-0.12696671318094463,4.677983557549825,-2.207610990711037,1.7280257678563455,9.235959457938268,10.387502373993396,4.834540322723788,-2.7207173561641076,6.433563331286217,11.544180840234405,-4.890535047118284,4.053499988652416
-17.713652616677063,-17.157125711991355,-15.088730134333856,55.67612668956836,4.102527541449154,-7.797291113424189,17.07660975985685,22.800280801658264,-24.41240793187407,17.509088388042695,2.2804449967935145,-24.65183133122451,23.125363215397297,21.668632176336697,-6.52700946424897,-3.2372616293256913,-15.158616270283249,-19.544045707913405,-19.591272896666403,32.432291404723756,-11.604139262009168,36.77089431994427,1.7108624703216764,-13.467577664628259,-8.883325054258739,23.556703659372985,1.1382527044311535,-17.73797150759525,43.52561286116857,-26.200610518204623,-39.39898208744624,13.468527844382143,22.788834087996616,0.19458795952112812,10.321557434202028,9.761233077385793,-27.9212011705124,-8.147775462715552,-4.125734237073139,13.16137646911539,34.63981367199103,-44.711164255544695,-56.55223703754012,-39.14527907361137,2.459549109476933,-13.800087797804832,1.7248010484388954,-2.9861074099059732,-24.798848069095282,-31.735240579263422,-15.124971338675513,4.582832295517376,-21.781784069282836,-39.376936774467914,11.109569593537987,-9.574801205693648
-0.9371907970863003,-0.701302092445424,-0.34477296603808133,2.239317581059414,0.3658357643146807,-0.10203994589716525,1.3786919455251516,0.9734211720073547,-0.929929388797991,0.4397212317368199,0.2849263481794887,-1.3268194649886165,0.8869979230418698,1.1629555738077115,0.011411145152655754,-0.04396723105016192,-0.446007075330194,-1.0148757961467223,-0.9353904706893261,0.9982040836273606,-0.1411708323785816,1.7108624703216764,0.22789260611783005,-0.41008778510091026,-0.09899565426994397,1.4853124943511067,0.4194114405376457,-1.1996801255515501,1.5035029084279985,-0.5719498768772197,-1.2293839141005762,0.5308678350129562,0.8681066523529267,-0.2063068714473238,0.35806826665542485,0.42698475484630916,-1.1901502371247374,0.17861726127678518,-0.3524332201129445,0.45284773975199843,1.5427459606496308,-2.1087075274301585,-2.4004638736869923,-1.8813787293636974,0.3558773346305245,-0.521978441221033,-0.5383217148835215,0.15325082143762275,-0.6294774291718471,-1.3380300929173266,-0.680890991616766,-0.26074052130661046,-1.1772077135054626,-2.1602651249498463,0.001982456656882838,-0.061738328274737346
6.32271809127749,6.425511405981047,6.04801408708107,-20.90448976375925,-1.2471160547891174,3.2365428236200495,-5.401458033326745,-8.478399513491516,9.241880139324767,-6.9602799491673535,-0.5741190188633902,8.766315516349211,-8.745739636725908,-7.710294979840998,2.850650289517212,1.3414005812747827,5.930540788969009,7.004031663888823,7.140598279215325,-12.62437371007213,4.8323162551795305,-13.467577664628259,-0.41008778510091026,5.248749709479881,3.7125373659172674,-8.059393361344322,0.11818301575331054,5.950002238345948,-16.703212827213324,10.541012337526048,15.311710639445222,-5.072804740176903,-8.62720488680883,-0.3857288256004266,-3.9587231785985364,-3.614804993774634,10.385414424390284,3.7985238988674372,1.2767620477996522,-5.053362851680129,-12.787751339448667,16.334279873915712,21.04959312711215,14.249541166198735,-0.5482855455789455,5.2297459657138745,-1.5349311066535005,1.520319751658426,9.848376398592572,11.825519962841588,5.572965559379533,-2.3705596615021576,7.7386145256488295,13.942908326679557,-4.820813609240675,4.067173601825997
4.039810199186337,4.350478152617927,4.402511998740001,-14.194899984972484,-0.6202680002596237,2.4364140648692736,-2.8872520338113157,-5.693527737556679,6.334174530943516,-5.024680416277323,-0.1718804474747708,5.574357681412143,-5.9873111120096745,-4.906783542822489,2.244730973060708,1.0081480752811047,4.2117062933833385,4.4978597270704155,4.682408411606533,-8.917887120604117,3.6485916308681983,-8.883325054258739,-0.09899565426994397,3.7125373659172674,2.8123447579530994,-4.865835274725934,0.5017651554949553,3.491696435381991,-11.620867933260254,7.701329681582981,10.797991745905824,-3.4568483865011403,-5.9128640928110094,-0.5035001894503198,-2.7524984634468526,-2.415792132951159,6.9763165127206825,3.150548694012502,0.656571905123984,-3.517728731506252,-8.51466285758203,10.741376435627146,14.151385248144054,9.329674702875323,-0.08242143312530706,3.5884903206241408,-1.7278489675198136,1.3407378644990458,7.102499700278732,7.9604301277727805,3.7023867480553307,-2.111798297760987,4.915069121339014,8.81734318569158,-3.7753664558593645,3.12656346977234
-11.6446555393846,-10.736870230190943,-8.728496245244017,34.74622051032924,3.0874927420951974,-4.3107232348372335,12.473331276282302,14.377156651188178,-15.09886733525047,10.232688385141202,1.930357009973137,-16.26487876678746,14.31884171687413,14.287946620769338,-3.3542689411884345,-1.7939230417060936,-9.030480362528515,-12.797635872086639,-12.613466950596466,19.436366913125664,-6.387278417631323,23.556703659372985,1.4853124943511067,-8.059393361344322,-4.865835274725934,16.11311833924854,1.6911708372318448,-12.346322444336238,26.51465680644771,-15.086314265846305,-23.65543126902458,8.37694432348113,14.094761666893273,-0.4406808017998803,6.291640597751371,6.182026880336578,-17.601263107443785,-3.7556977891993633,-3.064342444670664,8.012878114816768,22.010427518418993,-28.718075295733456,-35.62350292491296,-25.235431410878977,2.2094742683284885,-8.525521180550575,-0.5188406866963129,-1.1459859314515162,-14.510521827267576,-19.96702257459422,-9.629626648668431,1.6917104407779509,-14.384028479519209,-26.087646279197493,5.765464550940437,-5.126558684425869
-0.8276145866091369,-0.29145300700037613,0.41580100136998893,0.8556898136974521,0.5593391174872534,0.40299068800988147,1.9721676030714,0.48975405506222164,-0.24682296148816735,-0.3845321416400812,0.512493992041383,-1.2074911266721935,0.24887271430576346,1.0532110431292474,0.5766158070135083,0.16335265569800408,0.17150573840557443,-0.8657933360491232,-0.6654029659876898,-0.25831040631330926,0.6261529905900592,1.1382527044311535,0.4194114405376457,0.11818301575331054,0.5017651554949553,1.6911708372318448,0.9408003645417848,-1.4742285313269734,0.05828117954015656,0.7880569371270332,0.2723844553592529,0.180205887095129,0.23046514370384638,-0.5261703561111942,0.017604674835485685,0.23498939149742015,-0.595056202486097,1.125992630095371,-0.5242691854576195,0.013212196967650143,0.9018663682459593,-1.4542349917628294,-1.1802974929150551,-1.3601261796709654,0.6727775459237307,-0.13038007435482957,-1.4752100237103463,0.6296104879748425,0.5281163958030191,-0.6400274947603425,-0.41176065508312537,-1.0293975479626607,-1.0789232604402996,-2.029838996805117,-0.9285568687596949,0.6519342424458751
8.830239982847173,8.031621888931626,6.376711512573385,-25.97115544342087,-2.4207170780875753,3.103058197846785,-9.71238178521678,-10.777958949681654,11.25646919207231,-7.4996742445022555,-1.5515242899059798,12.34583243959012,-10.678405887630305,-10.843488677073779,2.3530779399591983,1.292366386895222,6.657791126419314,9.694325137450017,9.510890527819143,-14.35551355814535,4.591072621355897,-17.73797150759525,-1.1996801255515501,5.950002238345948,3.491696435381991,-12.346322444336238,-1.4742285313269734,9.501796719202282,-19.679454277377125,11.005276682018811,17.481489956570904,-6.255271007790249,-10.507904072522958,0.44983300035140145,-4.670603514059938,-4.640112603089003,13.193880137800111,2.5224108144506943,2.3953497027346473,-5.946212970818136,-16.5358532112405,21.639997958274666,26.697703258682996,19.034936635657342,-1.7960076189204661,6.3538242046294044,0.7296224721711968,0.7028154004442877,10.638969124389336,14.959067137101496,7.238502472510877,-1.014135421660883,10.92076197336168,19.823553180093526,-4.059194656401745,3.6499751750348914
-20.57004655552446,-20.64998594515197,-19.117259200810555,67.1389650637317,4.240712422391233,-10.146872007534334,18.158646923110044,27.296157315121306,-29.621276340241803,22.044372124043697,2.0703123835966593,-28.54772738391203,28.03817393009802,25.104685339825675,-8.834422508715,-4.207118116622673,-18.855310274204236,-22.76298648952067,-23.106224422297984,40.18683812888781,-15.13844539169955,43.52561286116857,1.5035029084279985,-16.703212827213324,-11.620867933260254,26.51465680644771,0.05828117954015656,-19.679454277377125,53.356131012272236,-33.28990729700513,-48.760310567612976,16.279625060216723,27.65119929049488,0.98790725326123,12.647355955211266,11.649965488477404,-33.43353197449073,-11.606371204238583,-4.31912650738375,16.140230532505633,41.24564718112663,-52.82457620803983,-67.75254347480525,-46.1249570332393,2.0620471712627384,-16.75762844279228,4.2175955771138325,-4.562475022912561,-31.198853209997587,-38.05224835731378,-17.98372698039748,7.091967049970304,-25.207007787346804,-45.45604639791788,14.96170118672133,-12.683600640673548
12.128450312062833,12.648270630150842,12.310311855147482,-41.20366044627823,-2.159740887383521,6.69370300884608,-9.618588606037902,-16.627523487911866,18.29332925965763,-14.111992747034902,-0.8445622953541426,16.780607228096173,-17.302289753044477,-14.76433599846621,6.025741715995019,2.7720834282750415,11.93253670677723,13.465308375837983,13.85540280910753,-25.338174881507847,10.008388457746129,-26.200610518204623,-0.5719498768772197,10.541012337526048,7.701329681582981,-15.086314265846305,0.7880569371270332,11.005276682018811,-33.28990729700513,21.492692410033555,30.707868581902336,-10.014827654734177,-17.076610041520105,-1.0784320645436043,-7.887605183205471,-7.073853240475256,20.370341420757665,8.239316128415517,2.239473715118712,-10.074069136228552,-24.98307241271989,31.734399652699892,41.30259937225333,27.630439100259288,-0.6989322049992567,10.357185764707225,-3.9282838140536223,3.4027451038445737,19.95824195293776,23.217057042579263,10.876756308300507,-5.333720293305738,14.805741831832862,26.62554625609842,-10.1629584585626,8.497007664814898
18.519539984858667,18.778221829236074,17.621759858253316,-61.085143107744564,-3.6834219760250724,9.416209062532937,-15.918735342790931,-24.78579553513224,26.995613096468933,-20.28702919595359,-1.7153642034583954,25.681583082230045,-25.547562782895742,-22.587210590873198,8.27641301022858,3.902875727558986,17.29770951215449,20.511204659391062,20.894374808151998,-36.82996421321286,14.056971482573266,-39.39898208744624,-1.2293839141005762,15.311710639445222,10.797991745905824,-23.65543126902458,0.2723844553592529,17.481489956570904,-48.760310567612976,30.707868581902336,44.673075810441226,-14.821158004144085,-25.200145780866908,-1.0853268136924488,-11.556666383894147,-10.569558898851247,30.36039777317556,11.000820912181121,3.7672513411666935,-14.751524059667258,-37.39636628175533,47.791116518528675,61.53373680022319,41.69861130901756,-1.6523240054509587,15.275417106991055,-4.366567472522199,4.389158300508172,28.706155330901524,34.567461003085086,16.29896672040755,-6.840119797609228,22.671857656479386,40.855236326555854,-14.000064463950926,11.82157056623798
-6.415192334710695,-6.346996408540886,-5.757519861897028,20.620018486155885,1.3896678981101984,-3.0244456960972785,5.877512441444637,8.407811076452411,-9.074852123784677,6.655465457771963,0.7197728560641914,-8.913366178803406,8.592480177110788,7.836862843959501,-2.59427103583184,-1.2546473246492302,-5.719824332290315,-7.090464031279711,-7.1605269567143335,12.20933084603421,-4.507965746560376,13.468527844382143,0.5308678350129562,-5.072804740176903,-3.4568483865011403,8.37694432348113,0.180205887095129,-6.255271007790249,16.279625060216723,-10.014827654734177,-14.821158004144085,4.995161232606716,8.47130416747394,0.2103902672392932,3.8595213435394258,3.5929258114821767,-10.297424647041034,-3.344651546284506,-1.4075232066443848,4.923824087180641,12.732498240170258,-16.358560671463138,-20.863158612322728,-14.299437872049584,0.7449264669309786,-5.132313203349234,1.031342482057248,-1.2825020792741335,-9.422095393038118,-11.713546463685043,-5.554761983234299,1.9847792710182761,-7.872502770525525,-14.211100740611709,4.401860447369531,-3.7549734966493595
-10.831586655592623,-10.758859043735129,-9.814339090615098,34.960539421474934,2.3157848679853865,-5.170352308683683,9.826116818322356,14.243829074250694,-15.396539987785948,11.337257391406446,1.181532496813952,-15.04493980901348,14.576919888339866,13.22858084983804,-4.453534813577308,-2.14453806323752,-9.73065293483702,-11.975669950222306,-12.110810653451153,20.762032217875042,-7.7085107349559046,22.788834087996616,0.8681066523529267,-8.62720488680883,-5.9128640928110094,14.094761666893273,0.23046514370384638,-10.507904072522958,27.65119929049488,-17.076610041520105,-25.200145780866908,8.47130416747394,14.372546172612175,0.3997320357010177,6.555153087300907,6.084775201523839,-17.44544202262753,-5.772470772973373,-2.348938232578365,8.363547790627742,21.557477021304067,-27.673017784641,-35.347478321916434,-24.18254164647253,1.2113718172378376,-8.708305967153269,1.8707006490375429,-2.229359290722263,-16.048767084060152,-19.84753789522923,-9.403331855500799,3.454545538570274,-13.287058035148991,-23.97860869811007,7.552581233963455,-6.431398338840622
0.07039404658032115,-0.23163448780392001,-0.5987078966870191,0.8046198568829424,-0.2323752583951047,-0.4199466908978947,-0.7579994454134776,0.2476187450035904,-0.428246796977498,0.6371712969610015,-0.24763465579196378,0.13070788560507,0.39681712234248856,-0.11009632819243798,-0.49215345540209954,-0.17202519215202197,-0.4567786540780709,0.049846320601735515,-0.06903065089146306,0.9134493341589685,-0.6404977640352983,0.19458795952112812,-0.2063068714473238,-0.3857288256004266,-0.5035001894503198,-0.4406808017998803,-0.5261703561111942,0.44983300035140145,0.98790725326123,-1.0784320645436043,-1.0853268136924488,0.2103902672392932,0.3997320357010177,0.31379600555035664,0.23204607220903978,0.09113204219505087,-0.3059935463815708,-0.8530801918949066,0.21121993986071683,0.30131801370512384,0.2834639460932724,-0.19535746656490732,-0.634425051086963,-0.11995484387242678,-0.337625979583396,-0.24745889310444746,0.9074749805370745,-0.44014322194942845,-0.8927479082411389,-0.3691334401734562,-0.11320734436234953,0.712592617550889,0.12254993389485616,0.2681899803461066,0.8066036948441017,-0.6079920846758532
-4.879097578345701,-4.895885778497109,-4.529730903850603,15.917543927226236,1.007438781909043,-2.4035118934355895,4.312129223921865,6.472041291563435,-7.022190686254099,5.223676893396129,0.49279536124665724,-6.7715952134580615,6.646952695434126,5.954861839211566,-2.0917196249999717,-0.9965643748971602,-4.468624754145624,-5.3990487660668975,-5.479599905370155,9.52453404233119,-3.585776474743524,10.321557434202028,0.35806826665542485,-3.9587231785985364,-2.7524984634468526,6.291640597751371,0.017604674835485685,-4.670603514059938,12.647355955211266,-7.887605183205471,-11.556666383894147,3.8595213435394258,6.555153087300907,0.23204607220903978,2.997901539684013,2.762363649926732,-7.927220940106487,-2.7465474758997357,-1.0258841603638573,3.825807592244476,9.780179832536632,-12.526984164699101,-16.06428950005119,-10.938579555033455,0.49148196691512375,-3.972622806467032,0.9937628518656905,-1.078917013551269,-7.393005241449828,-9.022186623132063,-4.264381225884085,1.676877472059839,-5.979219139758681,-10.782724235751981,3.542664126648966,-3.003795357218023
-4.681564943824596,-4.572321823399655,-4.070956370618836,14.844201527503548,1.0569904613955958,-2.1176721198849764,4.4260927127361365,6.0686068610968835,-6.518285129335569,4.716704865579527,0.5725898917081208,-6.511132926117538,6.173517820965998,5.7238044320881905,-1.7904242777339852,-0.8789165565292768,-4.071547780359496,-5.16883356679644,-5.196343338499264,8.703134557086395,-3.1535359688750675,9.761233077385793,0.42698475484630916,-3.614804993774634,-2.415792132951159,6.182026880336578,0.23498939149742015,-4.640112603089003,11.649965488477404,-7.073853240475256,-10.569558898851247,3.5929258114821767,6.084775201523839,0.09113204219505087,2.762363649926732,2.5962079169566716,-7.431958265458688,-2.265146895069682,-1.0658056004216576,3.5230709669185907,9.208155697221459,-11.863857509128925,-15.054707798419486,-10.380533363140344,0.6086569192405471,-3.685399248200551,0.5712542794055815,-0.8462538651113732,-6.67923988252933,-8.449858273927646,-4.019274151541992,1.3034431828497335,-5.752194390774717,-10.392884039939071,3.043542883323164,-2.612078823920861
13.36744810154698,13.099155936530908,11.719814059260312,-42.53450663670932,-2.986618550526089,6.112295187751155,-12.537549642090289,-17.377144783352968,18.688348086563845,-13.570641568269808,-1.6002168361983649,18.586717198863226,-17.698602566513653,-16.339902949119498,5.187666070337069,2.5365113872712524,11.700887496626487,14.762813518654044,14.858691262848975,-25.002082902019293,9.104335702701748,-27.9212011705124,-1.1901502371247374,10.385414424390284,6.9763165127206825,-17.601263107443785,-0.595056202486097,13.193880137800111,-33.43353197449073,20.370341420757665,30.36039777317556,-10.297424647041034,-17.44544202262753,-0.3059935463815708,-7.927220940106487,-7.431958265458688,21.281430502480102,6.596624187274212,3.0148810061809934,-10.11102100399042,-26.353680601462504,33.929607919394684,43.11131051464524,29.680024037154404,-1.690207083255582,10.567054059758716,-1.764190599740343,2.4821236492756693,19.215752849526805,24.199273530833985,11.501607572481358,-3.8281278339640847,16.41921887164978,29.658934756417825,-8.814156487940206,7.5523884050941765
