V1,V2,V3,V4,V5,V6,V7,V8,V9,V10,V11,V12,V13,V14,V15,V16,V17,V18,V19,V20,V21,V22,V23,V24,V25,V26,V27,V28,V29,V30,V31,V32,V33,V34,V35,V36,V37,V38,V39,V40,V41,V42,V43,V44,V45,V46,V47,V48,V49,V50,V51,V52,V53,V54,V55,V56
13.180138796441627,-0.33021420625125536,7.175425454717178,16.142102867591507,-45.29583703099084,25.598673371761475,35.579376720998525,-39.046817619886696,104.50140862062315,-20.365133260494733,22.02829070543882,0.9482508207050735,-1.9243346812924351,16.585656908350252,-17.859463796779384,3.737154884931815,3.801999528395731,18.919219748741597,-45.9522409278316,15.216647384790372,59.19147402911864,83.57380624918247,-34.21238112293632,-47.77184088688766,-71.20824267970107,-0.014638766415638882,-1.458182978081748,-12.091081362440875,24.507319153936226,-42.70366206397054,16.986493036986207,53.380805450418265,64.7150512523593,-4.51412414351592,-3.335651480854361,52.39475510051079,17.320468680625403,-48.41201854937279,7.527447605710437,-45.09034523926573,-38.92825853021134,13.246160150450821,67.098530565613,-62.53957828419588,-69.22543416941141,16.43651430414886,-32.371388357558,-40.76269902851793,20.08764411077666,-15.252502687289763,-31.953478529248358,26.19703988042512,12.596676992784296,22.08220095471228,7.578444695118998,59.21086720561378
-0.33021420625125536,0.518155123027928,-0.1499058953472367,-0.3435590759511747,1.9234960696573267,-0.37349325985336096,-0.8825780915494549,1.7962099535605576,-2.8716298761729324,0.6087723387399457,-0.227688797080593,0.26213370906494055,0.05353403282141033,-0.34453084048987864,0.4996106820688094,0.21832061627876748,-0.1228133709059902,-0.5384762658529004,1.2127055010150503,-0.7295533195624381,-2.024040342447179,-2.821228421627763,0.9076577585514384,1.4216395054176623,2.2269626965022566,-0.08616536458782302,0.0776570691976331,0.4959367636669854,-0.2648848553071724,1.3386216000087567,-0.6523278178139458,-2.0776527769544515,-2.130202629270102,0.13690072892814364,0.16489287327561983,-1.8270499644843965,-1.1933211273629731,1.5147393146404418,-0.2542751881893665,1.3942712304085934,1.7582292864212494,-0.6689076442623201,-1.7371362010033709,1.8104133678245726,2.1958859255993697,-0.6342511659749226,1.9134759585687586,1.6719224423253278,-0.3932635928545662,0.13615301612166644,1.4989628212141222,-0.8459163426989864,-0.13266553457538321,-0.38861259179857804,-0.8218736288455479,-2.1313502300412606
7.175425454717178,-0.1499058953472367,4.1251704567196095,9.040845078141594,-25.12231767430623,14.25011686745248,19.526452611753893,-21.54605399741719,58.532981526964676,-11.480303421556076,12.318928902460398,0.5037683864545065,-0.8714073841670236,9.403861143222125,-9.801879250210595,1.8574577413153224,2.3753629162985654,10.649360087823894,-25.55288183647504,8.495082379877763,33.14316791196361,46.60847893468566,-19.407520065741807,-26.61313782680794,-39.781837158587514,-0.03561461743578083,-0.7732423893765198,-6.961519801494926,14.02827186776128,-23.604238342505635,9.633334211741833,29.942320014154433,36.48976721189185,-2.5783973119394767,-1.901010252092752,29.150712867819816,9.611474244349598,-26.852676546546878,4.434739108229421,-25.340163650738578,-21.7865876906952,7.484197413264086,37.40336343856564,-34.929604091862274,-38.525570206823005,9.12744303563664,-18.0569181516319,-23.097952732645133,11.333339546895756,-8.878151533192993,-17.88275716721984,14.411325275978419,7.144522630938932,12.250307692488118,4.24765366577042,33.34739535127217
16.142102867591507,-0.3435590759511747,9.040845078141594,21.386768683749228,-58.63293594303346,34.390372633412014,47.81301643273111,-51.05942678086758,138.19714687987096,-27.643457257663222,29.147185541316453,1.6527306857045776,-2.513678938637292,21.890629987703754,-23.823020993262627,5.155165204254372,4.931991594248068,25.58623150500615,-60.420732699034005,19.67892132534454,79.1101550245157,110.46044646486759,-45.37276391560077,-62.41514611746974,-94.621391721576,0.36270658831086,-1.2963608576738954,-15.898961444968068,32.793310882113545,-56.53496827412771,22.890201492207645,70.76791607059253,86.16653184227485,-5.266302292570315,-4.650059707434859,68.72739734711816,22.97097803942165,-63.45223960471924,10.015947129374347,-59.97710057305266,-51.49659743503086,17.941802585971526,88.29739609501691,-82.21186222770164,-91.56738764055368,21.96360687203885,-43.00426667130143,-54.28366618725016,27.27151408843745,-20.201291617416043,-42.51278401042092,34.93081332371677,16.709710325176374,29.695131211440746,10.617958074503315,77.84906079615264
-45.29583703099084,1.9234960696573267,-25.12231767430623,-58.63293594303346,163.46008260660855,-93.62633744876807,-130.8032193704274,142.18150442917,-380.24213166274217,75.62846076118684,-79.51958673641722,-3.7417316956162345,6.924360157743174,-60.07109205092967,65.40678934396969,-13.438286464171115,-13.684680874963455,-70.01611958917914,166.40058594712917,-55.01442648627363,-217.76048662243423,-304.8946103864992,124.69609642075885,172.47336649569857,260.49235677628525,-0.870983410329154,4.095479208951171,44.117631861608665,-89.23723993251855,155.78691274340227,-63.00743211503427,-195.67280879483468,-237.28621928089183,15.035011040519258,12.74550895470988,-190.1891186853557,-64.42590395031097,175.31549432155538,-27.6129348885405,165.05349123141164,142.90733059065965,-49.6070376992442,-243.06762510664956,226.72330864085544,252.4290964928858,-60.58934534058522,120.00677845188483,150.08544524230783,-74.2423086551562,55.07721907936139,117.89002884742094,-96.11207512543581,-45.56079283742206,-80.94239853130183,-29.872239528008468,-215.4357846642565
25.598673371761475,-0.37349325985336096,14.25011686745248,34.390372633412014,-93.62633744876807,55.63571470708103,77.4928835690478,-81.81431089980819,221.87706377880997,-44.583939597782795,46.939640704743645,2.9360161786262893,-4.225705177947468,35.055247607223244,-38.51707862194801,8.701494389056904,7.638978683394402,41.25552579499073,-97.05980867208731,31.347193570100806,127.23133996742305,177.34030126672707,-72.67932766139423,-100.00493741734397,-152.10533572625306,0.7342755647293789,-1.854186456544335,-25.24907786449188,52.65072218456109,-91.03813096214398,36.744941688034075,113.44808100417006,138.2353987265262,-8.11409576085612,-7.512417466419516,110.17640192320786,36.75680255981726,-101.83623773447222,15.87680980578855,-96.29873132496742,-82.46901997316098,28.808191141962435,141.79162626804808,-131.85563065296068,-147.1699851583493,35.36691117227363,-68.84789487926393,-86.86036101869715,44.042772683970774,-32.214717335363424,-68.16534496914088,56.406384092295305,26.835750997128528,48.06674010343169,17.08068356997049,124.46257905094404
35.579376720998525,-0.8825780915494549,19.526452611753893,47.81301643273111,-130.8032193704274,77.4928835690478,108.60078178612196,-114.6822326494622,308.83791141949825,-62.16937981656823,65.12736758822874,4.044459578989554,-6.1783246383840655,48.541998392180844,-53.97505084822177,12.305958415247426,10.253664187689461,57.507857316378185,-135.25169171413594,43.75638650183136,177.59190848526532,247.4739416069872,-100.81159196927594,-139.28435727707696,-212.1715829786135,1.2212427415142704,-2.502479524709021,-34.94910187627745,72.67401824765744,-127.31186474747085,51.204757130077,158.29267673946782,192.43633711085275,-11.043650342660523,-10.515975925790826,153.75341360251988,51.78203223627713,-142.10911787069864,21.824057829775725,-134.11213499910073,-115.27428457465281,40.31689344538351,197.4464829933465,-183.61328580786537,-205.41392558731962,49.52629595466348,-96.66667816839426,-120.97244494799833,61.267994833584275,-44.16810920890672,-95.3774582136004,79.06155048299738,37.09435212895165,67.06602697516045,24.330098785988472,173.18145109495183
-39.046817619886696,1.7962099535605576,-21.54605399741719,-51.05942678086758,142.18150442917,-81.81431089980819,-114.6822326494622,124.11444802043275,-331.0896323138763,66.11436643321461,-69.13179270751621,-3.383358663364191,6.268292682817937,-52.125265988031835,57.25308658258349,-11.998458548054385,-11.607703249867127,-61.189840828853114,144.92318599618906,-47.86066230007915,-190.13377833482267,-265.82940520475404,108.3705030100367,150.03372836995936,227.20769246563992,-0.9899784646381281,3.3328776541099696,38.18749682601461,-77.41563685996799,136.0716648086725,-54.963642978577376,-170.5977509311939,-206.73570704774895,12.695903694538298,11.215709737632746,-165.68373200978655,-56.4449320186692,152.7483938353473,-23.825365627380936,143.81368432351118,124.638497502838,-43.37340169081857,-211.6067544333692,197.3189853895219,220.21004650494922,-52.987883123263074,104.92915341725283,130.68467579265234,-64.82365979140371,47.494383244094756,102.95648110364321,-84.1436825804262,-39.53984674025701,-70.7963964552525,-26.45027302042771,-187.3242441918917
104.50140862062315,-2.8716298761729324,58.532981526964676,138.19714687987096,-380.24213166274217,221.87706377880997,308.83791141949825,-331.0896323138763,894.010601902636,-178.81823282066972,188.1360774732887,10.277832981526041,-16.11883000649191,141.54942592220547,-154.01512260869558,32.757837781196194,32.065913131481075,165.4613440320888,-390.75524899763377,127.66469449259003,512.1024725959633,715.1167335528158,-293.56225884495996,-403.9167062569499,-612.3398902658934,2.3813932283825827,-8.50570811180821,-103.19948975299906,211.76440813564682,-365.76115471820526,148.32657450659306,458.5237640343526,557.8473803832534,-34.24424773243214,-30.11366735837799,445.0386085210801,149.39875715403434,-410.62776767401795,64.98647625940453,-388.20521150943125,-333.9907306447824,116.45661540525803,571.0538537470937,-531.978724066813,-592.5156258911888,142.25386025252254,-279.42131863948396,-351.9767517465296,176.186733258669,-130.54530367674653,-275.73821101569973,225.9492648952666,107.86630446732876,191.65938738588733,69.35972328839831,504.3788066032937
-20.365133260494733,0.6087723387399457,-11.480303421556076,-27.643457257663222,75.62846076118684,-44.583939597782795,-62.16937981656823,66.11436643321461,-178.81823282066972,36.077335189225415,-37.59987035346662,-2.203206133377809,3.2419338958657806,-28.25920132583934,30.939167209269545,-6.642055309895302,-6.328138735799951,-33.33750968240396,78.02928941465498,-25.372154108653753,-102.85125288792156,-143.11234685425995,58.72361573913035,80.48804071330954,122.7368936959225,-0.6628796236579413,1.4319485620634698,20.59313749044978,-42.42425927573303,73.26477897772178,-29.86438076751548,-91.85883861305966,-111.83702420132754,6.532515834163709,6.128038026639003,-88.8476153851788,-30.016918082077943,81.94669317407822,-12.996574051158305,77.81142738984437,66.90709791614506,-23.517384986558913,-114.04669086192911,106.21644037852406,118.59586245834706,-28.595422749943836,56.127516540502995,70.60090398253926,-35.523583916593786,26.034257123556,55.350346637352274,-45.38591042527339,-21.553729221888617,-38.54378211764573,-14.218713080728154,-100.71279741714181
22.02829070543882,-0.227688797080593,12.318928902460398,29.147185541316453,-79.51958673641722,46.939640704743645,65.12736758822874,-69.13179270751621,188.1360774732887,-37.59987035346662,39.91628119800429,2.4075229129320106,-3.398382095948671,29.860352016890772,-32.45342783822866,7.15760375122025,6.693841347177381,34.79976444255083,-82.28415277489003,26.577708820492933,107.46914328885619,150.1057172253384,-61.757962057892364,-84.90329267708864,-128.6869189887718,0.44798053197047094,-1.7507347753333231,-21.580147968359856,44.8606239970593,-76.88995002121085,31.077294065390642,96.00404604940807,117.0811264900898,-7.186871901112906,-6.26126384574226,93.35555720195107,30.8842802133419,-86.27901533387534,13.62548887648682,-81.58446489073681,-69.76729557483912,24.298188744681735,120.275115638048,-111.88441410193876,-124.45961948974839,29.822526684142975,-58.04384444397179,-73.64349358915231,37.21847911286374,-27.666735540814763,-57.55634471069175,47.49749503097166,22.850194822676805,40.51247747584858,14.139307116790302,105.70601532161992
0.9482508207050735,0.26213370906494055,0.5037683864545065,1.6527306857045776,-3.7417316956162345,2.9360161786262893,4.044459578989554,-3.383358663364191,10.277832981526041,-2.203206133377809,2.4075229129320106,0.42293514292047324,-0.2764979594569079,1.618229734437578,-1.9428536152921576,0.7410963327515648,0.19595567511720552,2.028915738592325,-4.514076822449348,1.1513483398314868,5.9117243992285715,8.007990213094466,-3.2959321615497363,-4.42162481254908,-7.0808344061208155,0.1077161068968017,0.09167354709032124,-0.9720589422012293,2.629828372472757,-4.297825514143022,1.6706164302751834,4.944672471340818,6.249895565596605,-0.15402104478866008,-0.35014174977226414,4.823935906930826,1.367235858004109,-4.577800849479951,0.6282031202291142,-4.439338112749694,-3.464598237875888,1.2698790346205966,6.593410266514418,-5.968979379749659,-6.765214351871286,1.646930659031143,-2.73294935492102,-3.7144070603991444,2.2917930127052544,-1.503485298149348,-2.900409285664165,2.753808870780358,1.3294120692529305,2.533707443906578,0.6259045252400036,5.270200440284937
-1.9243346812924351,0.05353403282141033,-0.8714073841670236,-2.513678938637292,6.924360157743174,-4.225705177947468,-6.1783246383840655,6.268292682817937,-16.11883000649191,3.2419338958657806,-3.398382095948671,-0.2764979594569079,0.5533623956289023,-2.4089555559868847,3.032385127224065,-0.9341035203987477,-0.2727305669384211,-3.0173311259193856,7.218554378623717,-2.300435454530845,-9.373531884992786,-13.118496731445045,5.0334263939756685,7.353129089693998,11.215952261395133,-0.13065496552290817,0.11023308261091233,1.5994405031765033,-3.5120300120777763,6.975078208772509,-2.5785619124356156,-8.240871157055647,-9.868031321491626,0.437236722812551,0.557691652652309,-8.17749367765875,-2.808223592361205,7.642206403651829,-0.9037198924343764,6.934059790796102,6.017317617476039,-2.053250597930319,-10.442148133610367,9.631055095189776,11.013490911480826,-2.677837928687616,5.113218646367214,6.043897142505555,-3.1761970154583947,1.9429698987489659,5.010943413414752,-4.424466792126959,-1.8541992868854762,-3.6928582226889803,-1.3181875970814292,-8.804386235588757
16.585656908350252,-0.34453084048987864,9.403861143222125,21.890629987703754,-60.07109205092967,35.055247607223244,48.541998392180844,-52.125265988031835,141.54942592220547,-28.25920132583934,29.860352016890772,1.618229734437578,-2.4089555559868847,22.5184831838079,-24.225817367747656,5.0571293745225,5.2509486499584455,26.151163111863905,-61.79748848488763,20.174592983613664,80.87966973334265,112.98709555825391,-46.62996637692126,-63.92679760292624,-96.77145767851981,0.2913434764813078,-1.3919478993088694,-16.45226559567266,33.77036951238066,-57.65712968584803,23.475644477772512,72.47492211344498,88.33179017432549,-5.549837004789267,-4.7364389922348415,70.32021616032658,23.433580432462158,-64.86849027138072,10.424915418126895,-61.44985500816609,-52.73022650479579,18.373262779692013,90.37417964880515,-84.20805567826805,-93.56960778607605,22.406711838769862,-43.96228679399859,-55.75637509062899,27.896048202690597,-20.956733826483827,-43.48804073160496,35.53510706434819,17.174162599398255,30.2388757246719,10.781833691274796,79.93500304058108
-17.859463796779384,0.4996106820688094,-9.801879250210595,-23.823020993262627,65.40678934396969,-38.51707862194801,-53.97505084822177,57.25308658258349,-154.01512260869558,30.939167209269545,-32.45342783822866,-1.9428536152921576,3.032385127224065,-24.225817367747656,26.865743615680085,-6.022391758856124,-5.171881722964439,-28.61662714646123,67.44867644033933,-21.87356469862395,-88.49475414304165,-123.4282287373583,50.297015931963955,69.52241261071262,105.76675081155405,-0.5670005252111955,1.3159942138362004,17.502234673171834,-36.22614936414489,63.436966096541,-25.535041625755895,-78.97697442947225,-95.96808639831777,5.609796176125309,5.218001010436857,-76.73223446949312,-25.85629735247386,70.89349389515023,-10.932026397487943,66.87826706646864,57.55370227356933,-20.11362000708795,-98.4759138680805,91.61592015657125,102.3922450089662,-24.680110736491937,48.277882462042314,60.40461811880962,-30.47933347209387,22.076359041105704,47.59052591911222,-39.35615135461297,-18.488974077489058,-33.33618993674984,-12.123665285223273,-86.4959202652268
3.737154884931815,0.21832061627876748,1.8574577413153224,5.155165204254372,-13.438286464171115,8.701494389056904,12.305958415247426,-11.998458548054385,32.757837781196194,-6.642055309895302,7.15760375122025,0.7410963327515648,-0.9341035203987477,5.0571293745225,-6.022391758856124,1.8894616728845144,0.7315648798326904,6.168260637373978,-14.537232941773702,4.398890835308461,18.812001595481757,26.16876189612941,-10.432913765065157,-14.717372687354333,-22.572469563270523,0.20459233903107216,-0.1432202866907637,-3.3182170910643922,7.6574278861849,-13.826713067663738,5.251443298870255,16.396718713457325,20.02742491991243,-0.912568454966107,-1.0993719614322561,16.18985766218554,5.18015515189874,-15.171487888704286,2.0013765512789066,-14.091558092265053,-11.805764069411437,4.081817254346185,21.134402132585453,-19.423535501864247,-21.960791355193663,5.288289985049124,-9.731830517438128,-12.201551280649205,6.657641021566412,-4.415441446562766,-9.801653063310969,8.718927488852005,3.9683588658456386,7.541683662142263,2.329826543178131,17.701449695667755
3.801999528395731,-0.1228133709059902,2.3753629162985654,4.931991594248068,-13.684680874963455,7.638978683394402,10.253664187689461,-11.607703249867127,32.065913131481075,-6.328138735799951,6.693841347177381,0.19595567511720552,-0.2727305669384211,5.2509486499584455,-5.171881722964439,0.7315648798326904,1.5435152072799545,5.852195663332604,-13.83079154023697,4.673528221052513,18.146794424331034,25.40530991976539,-10.85003960497317,-14.488673243412077,-21.70759172479181,-0.05488335712382114,-0.4200192842568513,-4.027329854720495,7.907765604447826,-12.64677259137618,5.396615438391412,16.505688774789355,20.22618331226827,-1.504681185753151,-1.0613238109388354,15.854024168665935,5.259681379546511,-14.50523286992519,2.647819855127123,-13.969288830812777,-12.007150415724084,4.187103564865147,20.329253555892087,-19.078246784513148,-20.887838303258082,4.939636590969856,-9.94444025427413,-12.968336544248995,6.2352804124983,-5.155628612275206,-9.846984935893513,7.644997777204831,3.9683780465371363,6.536442181851151,2.3762687048555926,18.526473003796916
18.919219748741597,-0.5384762658529004,10.649360087823894,25.58623150500615,-70.01611958917914,41.25552579499073,57.507857316378185,-61.189840828853114,165.4613440320888,-33.33750968240396,34.79976444255083,2.028915738592325,-3.0173311259193856,26.151163111863905,-28.61662714646123,6.168260637373978,5.852195663332604,30.81794337803209,-72.23016029699275,23.502289654121054,95.10681428897817,132.4080879291898,-54.32706511864006,-74.52395721520547,-113.52983843215166,0.5886989342523183,-1.3604691224685237,-19.03748729292777,39.237998307137964,-67.79171437528719,27.59007770402999,84.95984781019966,103.43065422573223,-6.075213021396501,-5.659689086927845,82.2347487944308,27.743682757257385,-75.86308077067973,12.005954685826351,-71.96389022809724,-61.86870315624464,21.7083077446427,105.56151191942635,-98.3075144861034,-109.74548293221997,26.435993348562487,-51.86641940088027,-65.25676776517474,32.83105342137085,-24.080255316476368,-51.1695840532675,41.9820824720496,19.94928608763517,35.65849802182108,13.09042050124301,93.1856800080069
-45.9522409278316,1.2127055010150503,-25.55288183647504,-60.420732699034005,166.40058594712917,-97.05980867208731,-135.25169171413594,144.92318599618906,-390.75524899763377,78.02928941465498,-82.28415277489003,-4.514076822449348,7.218554378623717,-61.79748848488763,67.44867644033933,-14.537232941773702,-13.83079154023697,-72.23016029699275,170.9774829367382,-55.836292850643154,-223.7129753335125,-312.6568167831933,128.11898408313388,176.71768518815176,267.6400932696395,-1.0151182955245217,3.8036324199268576,44.93625310194118,-92.34010275603646,160.0837679648731,-64.66788105103969,-200.28335980118484,-243.54338106420616,14.984364558511544,13.113577300914779,-194.67371855853796,-65.26906128388663,179.7155975257213,-28.214735524793845,169.55195575882487,145.89234764672906,-50.75838678301033,-249.79032108478108,232.62652918115703,259.14487346504353,-62.18677685755907,122.01893068440667,153.51103772248246,-76.89626105492196,56.825931159019724,120.42022570646735,-98.91777162050195,-47.10398064228065,-83.85785207449003,-30.171442563498026,-220.287183353156
15.216647384790372,-0.7295533195624381,8.495082379877763,19.67892132534454,-55.01442648627363,31.347193570100806,43.75638650183136,-47.86066230007915,127.66469449259003,-25.372154108653753,26.577708820492933,1.1513483398314868,-2.300435454530845,20.174592983613664,-21.87356469862395,4.398890835308461,4.673528221052513,23.502289654121054,-55.836292850643154,18.609948071694426,73.14882629456085,102.43212015171721,-41.930745352282855,-57.96347066849035,-87.44439924682297,0.2765385956058969,-1.41597567886159,-14.878218195941031,29.91143792418533,-52.2509420057229,21.176212558935145,65.83836532669139,79.7882098629177,-5.092591302723033,-4.312035955065461,63.93834452808098,21.769215482505572,-58.88738570495677,9.313946977161205,-55.42928602811146,-48.10037652541794,16.671444533955633,81.56221400392968,-76.14348943910609,-84.79533177688889,20.329205493959655,-40.44371345537712,-50.51065448929582,24.85048111490199,-18.489576300425995,-39.684324414337574,32.20336517091052,15.27602467436833,27.087434694369318,10.11021906093266,72.52538808442408
59.19147402911864,-2.024040342447179,33.14316791196361,79.1101550245157,-217.76048662243423,127.23133996742305,177.59190848526532,-190.13377833482267,512.1024725959633,-102.85125288792156,107.46914328885619,5.9117243992285715,-9.373531884992786,80.87966973334265,-88.49475414304165,18.812001595481757,18.146794424331034,95.10681428897817,-223.7129753335125,73.14882629456085,294.1875279744043,410.17102274761146,-168.03720100986632,-231.10499558000294,-351.32623400018883,1.6878009314866824,-4.548798297567486,-59.04784309387221,120.97732511711872,-209.91461301176474,85.28482977923456,263.2307666632528,320.02203655644723,-19.15436232097955,-17.440482851150573,255.04683556025958,86.27655354855321,-235.21411569055263,37.13616119433707,-222.64182298923242,-191.89673727578537,67.16000262365704,326.8829177270225,-304.57022116922593,-339.85092851471387,81.82630254636288,-161.0610014428157,-202.09498613485863,101.15896884586313,-74.31338695082925,-158.62209037355086,129.8951217458985,61.58099520603465,110.00182866423073,40.59326495647064,288.9225103111897
83.57380624918247,-2.821228421627763,46.60847893468566,110.46044646486759,-304.8946103864992,177.34030126672707,247.4739416069872,-265.82940520475404,715.1167335528158,-143.11234685425995,150.1057172253384,8.007990213094466,-13.118496731445045,112.98709555825391,-123.4282287373583,26.16876189612941,25.40530991976539,132.4080879291898,-312.6568167831933,102.43212015171721,410.17102274761146,572.7528056341388,-234.56671719371187,-323.25374365180375,-490.2446196669223,2.074426903779798,-6.796117720195119,-82.49286555723914,168.71304020024797,-293.0680013096861,118.76200295960608,367.3814843371991,446.4299722185648,-27.241319830374547,-24.1792798710014,356.50771964732104,120.3413155731605,-328.84626531895987,51.80286325960692,-310.63318705416566,-267.8648281450103,93.43459855990561,456.7944634225132,-425.65028614062356,-474.5368349789573,114.0764962037881,-224.63116470856437,-281.8610997830425,140.77729637892563,-103.78168092978976,-221.23924867905427,181.17011627174367,85.98565591283726,153.2943538925674,56.17896180064418,403.71729410060806
-34.21238112293632,0.9076577585514384,-19.407520065741807,-45.37276391560077,124.69609642075885,-72.67932766139423,-100.81159196927594,108.3705030100367,-293.56225884495996,58.72361573913035,-61.757962057892364,-3.2959321615497363,5.0334263939756685,-46.62996637692126,50.297015931963955,-10.432913765065157,-10.85003960497317,-54.32706511864006,128.11898408313388,-41.930745352282855,-168.03720100986632,-234.56671719371187,96.68709237943425,132.53889439429463,200.88571442614247,-0.7002776821477832,2.8142952533404872,34.13774458594891,-69.87494600213687,119.69784331223336,-48.8042881136971,-150.58916769160803,-183.40633128101712,11.395077789041908,9.89717444057018,-145.95078480387028,-48.927724300739364,134.56927541804689,-21.60895565901598,127.53767500781674,109.64277688558388,-38.27219735088016,-187.34297107354746,174.6171029401947,194.23750746067805,-46.5844393287691,91.62883121854556,115.86628505282148,-57.874248348794296,43.291031860980205,90.48829056971285,-73.82837409506729,-35.527011202964225,-62.72547302899446,-22.702178317232903,-165.90005933115728
-47.77184088688766,1.4216395054176623,-26.61313782680794,-62.41514611746974,172.47336649569857,-100.00493741734397,-139.28435727707696,150.03372836995936,-403.9167062569499,80.48804071330954,-84.90329267708864,-4.42162481254908,7.353129089693998,-63.92679760292624,69.52241261071262,-14.717372687354333,-14.488673243412077,-74.52395721520547,176.71768518815176,-57.96347066849035,-231.10499558000294,-323.25374365180375,132.53889439429463,182.86939449233483,276.5266607973613,-0.9366367748235749,4.122818171679622,46.64181445899445,-95.37336055335922,165.31304693271494,-66.83431421382589,-207.20371430053748,-251.82898362282216,15.745252770705797,13.530618224525819,-201.42238592185478,-67.63066742694201,185.85575838700314,-29.28982520134138,175.24750721942132,151.00737207004389,-52.45618057105326,-258.19495010084034,240.5879132167412,267.82561659183006,-64.21244723212256,126.34182876241913,158.89035495641258,-79.25078585656921,58.8342932925988,124.58446836154576,-102.03280031810654,-48.66032152264417,-86.38345834492387,-31.193635652174578,-228.13524332570194
-71.20824267970107,2.2269626965022566,-39.781837158587514,-94.621391721576,260.49235677628525,-152.10533572625306,-212.1715829786135,227.20769246563992,-612.3398902658934,122.7368936959225,-128.6869189887718,-7.0808344061208155,11.215952261395133,-96.77145767851981,105.76675081155405,-22.572469563270523,-21.70759172479181,-113.52983843215166,267.6400932696395,-87.44439924682297,-351.32623400018883,-490.2446196669223,200.88571442614247,276.5266607973613,419.8404371359,-1.861957594566621,5.61935570081151,70.56048654438366,-144.71722088433827,250.92309569998451,-101.76331616354813,-314.4148075111046,-382.3003721829813,23.12130724519203,20.734816050365115,-304.9697810419429,-102.81471930014534,281.3518808830345,-44.362806784296616,266.0461821404895,229.14808176616395,-80.04599947934673,-391.06097931089244,364.3039193299277,406.2243308008268,-97.69838368414445,192.07504136026486,241.28795894089063,-120.81525602793015,88.97529138702215,189.31050964327758,-155.18675908646415,-73.71017209150854,-131.47603399723573,-48.07709200475429,-345.37543813605646
-0.014638766415638882,-0.08616536458782302,-0.03561461743578083,0.36270658831086,-0.870983410329154,0.7342755647293789,1.2212427415142704,-0.9899784646381281,2.3813932283825827,-0.6628796236579413,0.44798053197047094,0.1077161068968017,-0.13065496552290817,0.2913434764813078,-0.5670005252111955,0.20459233903107216,-0.05488335712382114,0.5886989342523183,-1.0151182955245217,0.2765385956058969,1.6878009314866824,2.074426903779798,-0.7002776821477832,-0.9366367748235749,-1.861957594566621,0.14853484184308557,0.13883716895862114,-0.18801030887474882,0.4650487721523798,-1.1692552261340043,0.4990407150993024,1.3617460122147356,1.60947271742815,0.1398899525670261,-0.14919514762887587,1.1786460203476652,0.5868095899763782,-1.080044396293603,0.09739154928927198,-1.1257451010362136,-1.0244766534249077,0.45979722703544157,1.4560088828984061,-1.3331033723855938,-1.7534713334804666,0.5155994164477239,-1.0182029218816016,-1.0227437583928354,0.6135066218464871,-0.1497656882177964,-0.9274773260721949,0.8320231315391945,0.22319694558505146,0.6742294693036844,0.46940395630569837,1.2123341300503159
-1.458182978081748,0.0776570691976331,-0.7732423893765198,-1.2963608576738954,4.095479208951171,-1.854186456544335,-2.502479524709021,3.3328776541099696,-8.50570811180821,1.4319485620634698,-1.7507347753333231,0.09167354709032124,0.11023308261091233,-1.3919478993088694,1.3159942138362004,-0.1432202866907637,-0.4200192842568513,-1.3604691224685237,3.8036324199268576,-1.41597567886159,-4.548798297567486,-6.796117720195119,2.8142952533404872,4.122818171679622,5.61935570081151,0.13883716895862114,0.33112350025840587,1.0792758472690194,-1.9215452298273472,3.368551400160836,-1.27625591058635,-4.337707082509763,-5.161213885040057,0.6274966811926972,0.20687855473161243,-4.430338662926448,-1.40813238499739,4.0762701511436985,-0.6565560585506341,3.5795148610393115,3.1970676279168364,-0.9604540592690085,-5.552101024770563,5.238435665858941,5.579771441022483,-1.2424855464168618,2.6023607589897164,3.292811818159822,-1.3976451984034217,1.3081633232714547,2.54453077455845,-1.9590436668027504,-1.0212986757404703,-1.57766940939306,-0.44532560767054274,-5.0680980959866435
-12.091081362440875,0.4959367636669854,-6.961519801494926,-15.898961444968068,44.117631861608665,-25.24907786449188,-34.94910187627745,38.18749682601461,-103.19948975299906,20.59313749044978,-21.580147968359856,-0.9720589422012293,1.5994405031765033,-16.45226559567266,17.502234673171834,-3.3182170910643922,-4.027329854720495,-19.03748729292777,44.93625310194118,-14.878218195941031,-59.04784309387221,-82.49286555723914,34.13774458594891,46.64181445899445,70.56048654438366,-0.18801030887474882,1.0792758472690194,12.234181384662797,-24.598195597172563,41.88055081731465,-17.24875866829863,-53.14550571007778,-64.67038699248108,4.1833625551906275,3.474652418594397,-51.38011060575163,-17.359247778800192,47.25617308091537,-7.783359601856462,44.90282840824009,38.776381275864054,-13.55465968603187,-65.7620213263521,61.42865358509989,68.16143521992865,-16.3463365006587,32.49008167912776,41.08567519413486,-20.237952195784437,15.391148674931861,31.972340297171947,-25.744497801430335,-12.473016198447844,-21.783554150477304,-8.095414905871397,-58.713583716438194
24.507319153936226,-0.2648848553071724,14.02827186776128,32.793310882113545,-89.23723993251855,52.65072218456109,72.67401824765744,-77.41563685996799,211.76440813564682,-42.42425927573303,44.8606239970593,2.629828372472757,-3.5120300120777763,33.77036951238066,-36.22614936414489,7.6574278861849,7.907765604447826,39.237998307137964,-92.34010275603646,29.91143792418533,120.97732511711872,168.71304020024797,-69.87494600213687,-95.37336055335922,-144.71722088433827,0.4650487721523798,-1.9215452298273472,-24.598195597172563,50.89682086413454,-86.0904736881028,35.17487536199286,108.18986839869612,132.17597033396655,-8.182556982839989,-7.0977681230518375,104.8377075030027,34.70524683746048,-96.74823267530356,15.671885971286702,-91.9699770986593,-78.58280424657863,27.478503425144787,135.1083683747664,-125.80648202348712,-139.74303876175364,33.46733071679359,-65.33693550117971,-83.35291147734152,41.98584546701452,-31.617229988554694,-64.82850494721873,53.07767021599092,25.828626497046145,45.3867059924448,15.978052140690185,119.32139881507233
-42.70366206397054,1.3386216000087567,-23.604238342505635,-56.53496827412771,155.78691274340227,-91.03813096214398,-127.31186474747085,136.0716648086725,-365.76115471820526,73.26477897772178,-76.88995002121085,-4.297825514143022,6.975078208772509,-57.65712968584803,63.436966096541,-13.826713067663738,-12.64677259137618,-67.79171437528719,160.0837679648731,-52.2509420057229,-209.91461301176474,-293.0680013096861,119.69784331223336,165.31304693271494,250.92309569998451,-1.1692552261340043,3.368551400160836,41.88055081731465,-86.0904736881028,150.2801051262937,-60.645066831880094,-187.74587206309513,-228.0829227458189,13.689274065326662,12.369438831294492,-182.36933458713457,-61.51245189504179,168.35653250554412,-26.211524190307088,158.81466449814693,136.86174134148203,-47.72909442995563,-233.7884945292843,217.69343119319547,242.97684326729154,-58.45838942447258,114.78378606042767,143.76943231437292,-72.106268940652,52.71714507261581,113.08781904362702,-93.04339778972671,-43.92865601793284,-78.7372298416279,-28.725983300327034,-206.0196097606738
16.986493036986207,-0.6523278178139458,9.633334211741833,22.890201492207645,-63.00743211503427,36.744941688034075,51.204757130077,-54.963642978577376,148.32657450659306,-29.86438076751548,31.077294065390642,1.6706164302751834,-2.5785619124356156,23.475644477772512,-25.535041625755895,5.251443298870255,5.396615438391412,27.59007770402999,-64.66788105103969,21.176212558935145,85.28482977923456,118.76200295960608,-48.8042881136971,-66.83431421382589,-101.76331616354813,0.4990407150993024,-1.27625591058635,-17.24875866829863,35.17487536199286,-60.645066831880094,24.8254826120343,76.36009521925477,92.89475342678787,-5.56677832812684,-5.076073033843957,73.79097469967388,25.04083169197374,-67.97443877113109,10.903884287763914,-64.58054204090095,-55.68892601044232,19.571845369445207,94.54810280159367,-88.15881551349013,-98.30918490278232,23.698714448355553,-46.7883039549293,-58.81047019272004,29.35501416946627,-21.69364330327452,-46.04266322186489,37.50159382254226,17.85507632314588,31.763683579487466,11.878199925829485,83.84889628974489
53.380805450418265,-2.0776527769544515,29.942320014154433,70.76791607059253,-195.67280879483468,113.44808100417006,158.29267673946782,-170.5977509311939,458.5237640343526,-91.85883861305966,96.00404604940807,4.944672471340818,-8.240871157055647,72.47492211344498,-78.97697442947225,16.396718713457325,16.505688774789355,84.95984781019966,-200.28335980118484,65.83836532669139,263.2307666632528,367.3814843371991,-150.58916769160803,-207.20371430053748,-314.4148075111046,1.3617460122147356,-4.337707082509763,-53.14550571007778,108.18986839869612,-187.74587206309513,76.36009521925477,235.95948551382827,286.6624866826395,-17.508062661281187,-15.578341449633502,228.64833564105757,77.51140897910693,-210.73623651438325,33.42519313376725,-199.33802491496976,-172.14146517861965,60.14431719260954,292.6725931030372,-272.88708262935097,-304.23620843202747,73.1870325291241,-144.57165738085374,-181.27446764917585,90.24479237573729,-66.65453193328317,-142.21186256109107,116.02142410868893,55.08207807538962,98.06871180894528,36.390838250534316,259.3050404599092
64.7150512523593,-2.130202629270102,36.48976721189185,86.16653184227485,-237.28621928089183,138.2353987265262,192.43633711085275,-206.73570704774895,557.8473803832534,-111.83702420132754,117.0811264900898,6.249895565596605,-9.868031321491626,88.33179017432549,-95.96808639831777,20.02742491991243,20.22618331226827,103.43065422573223,-243.54338106420616,79.7882098629177,320.02203655644723,446.4299722185648,-183.40633128101712,-251.82898362282216,-382.3003721829813,1.60947271742815,-5.161213885040057,-64.67038699248108,132.17597033396655,-228.0829227458189,92.89475342678787,286.6624866826395,348.70985424843826,-21.269908250126313,-18.93228244240388,277.69917191068816,93.71141174412043,-256.00792938988394,40.7958951839955,-242.50157416632746,-208.92229612644388,73.04879584486766,355.9882016655379,-331.8193438294065,-369.73147994754675,88.88005813229294,-175.1163422846594,-220.37215967120343,110.0381873047628,-81.54763144910805,-172.57714296810454,140.9087493788542,67.23477977372717,119.4264713748243,43.88341462721136,315.18420755890116
-4.51412414351592,0.13690072892814364,-2.5783973119394767,-5.266302292570315,15.035011040519258,-8.11409576085612,-11.043650342660523,12.695903694538298,-34.24424773243214,6.532515834163709,-7.186871901112906,-0.15402104478866008,0.437236722812551,-5.549837004789267,5.609796176125309,-0.912568454966107,-1.504681185753151,-6.075213021396501,14.984364558511544,-5.092591302723033,-19.15436232097955,-27.241319830374547,11.395077789041908,15.745252770705797,23.12130724519203,0.1398899525670261,0.6274966811926972,4.1833625551906275,-8.182556982839989,13.689274065326662,-5.56677832812684,-17.508062661281187,-21.269908250126313,1.7433977833941106,1.0479826553304463,-17.168581522791996,-5.604568759724032,15.791287727563727,-2.6623690795187014,14.764890031458851,12.777832058274715,-4.302828979038944,-21.946365142464405,20.55380891356371,22.444674172258182,-5.25907683261609,10.543860527646904,13.536934113596226,-6.444943264958348,5.297617902913288,10.415338129385658,-8.26119924320007,-4.183212082381165,-6.959325944029376,-2.3433575968272975,-19.733434202104046
-3.335651480854361,0.16489287327561983,-1.901010252092752,-4.650059707434859,12.74550895470988,-7.512417466419516,-10.515975925790826,11.215709737632746,-30.11366735837799,6.128038026639003,-6.26126384574226,-0.35014174977226414,0.557691652652309,-4.7364389922348415,5.218001010436857,-1.0993719614322561,-1.0613238109388354,-5.659689086927845,13.113577300914779,-4.312035955065461,-17.440482851150573,-24.1792798710014,9.89717444057018,13.530618224525819,20.734816050365115,-0.14919514762887587,0.20687855473161243,3.474652418594397,-7.0977681230518375,12.369438831294492,-5.076073033843957,-15.578341449633502,-18.93228244240388,1.0479826553304463,1.0691073829774276,-14.992444615098712,-5.1748011469665025,13.80104347523641,-2.1890053267392187,13.141013393972669,11.364403910094799,-4.018751848856336,-19.16058184504845,17.867854410852047,20.040110716512448,-4.852432668861074,9.607391782308587,11.977813103126612,-5.996616026195992,4.328274948221261,9.42950072665182,-7.682218441072398,-3.601963900366107,-6.500934568113303,-2.522526285479316,-17.00850621314541
52.39475510051079,-1.8270499644843965,29.150712867819816,68.72739734711816,-190.1891186853557,110.17640192320786,153.75341360251988,-165.68373200978655,445.0386085210801,-88.8476153851788,93.35555720195107,4.823935906930826,-8.17749367765875,70.32021616032658,-76.73223446949312,16.18985766218554,15.854024168665935,82.2347487944308,-194.67371855853796,63.93834452808098,255.04683556025958,356.50771964732104,-145.95078480387028,-201.42238592185478,-304.9697810419429,1.1786460203476652,-4.430338662926448,-51.38011060575163,104.8377075030027,-182.36933458713457,73.79097469967388,228.64833564105757,277.69917191068816,-17.168581522791996,-14.992444615098712,222.07992428277296,74.94843306793217,-204.84552380478326,32.224116409643514,-193.21890684682327,-166.75686951696247,58.032595820224515,284.3925024666307,-265.05278633068883,-295.35310191899094,70.93103016385243,-139.8227174736471,-175.34242098965404,87.36847685816421,-64.54847956752747,-137.66442186037625,112.65872038639203,53.47879216705771,95.22756681237227,34.834858519595024,251.45030834704286
17.320468680625403,-1.1933211273629731,9.611474244349598,22.97097803942165,-64.42590395031097,36.75680255981726,51.78203223627713,-56.4449320186692,149.39875715403434,-30.016918082077943,30.8842802133419,1.367235858004109,-2.808223592361205,23.433580432462158,-25.85629735247386,5.18015515189874,5.259681379546511,27.743682757257385,-65.26906128388663,21.769215482505572,86.27655354855321,120.3413155731605,-48.927724300739364,-67.63066742694201,-102.81471930014534,0.5868095899763782,-1.40813238499739,-17.359247778800192,34.70524683746048,-61.51245189504179,25.04083169197374,77.51140897910693,93.71141174412043,-5.604568759724032,-5.1748011469665025,74.94843306793217,26.053087061062165,-68.94079650949631,10.818286667682266,-65.0896493571107,-56.79150313948914,19.897341504869754,95.294861689313,-89.0045575132075,-99.59135022184331,24.08906552708337,-48.193746138177694,-59.503612668122265,29.26393197123338,-21.23758560084088,-47.002937897349966,38.09772724260706,17.690222032016415,31.858816012926948,12.541609796684558,84.86511913473987
