V1,V2,V3,V4,V5,V6,V7,V8,V9,V10,V11,V12,V13,V14,V15,V16,V17,V18,V19,V20,V21,V22,V23,V24,V25,V26,V27,V28,V29,V30,V31,V32,V33,V34,V35,V36,V37,V38,V39,V40,V41,V42,V43,V44,V45,V46,V47,V48,V49,V50,V51,V52,V53,V54,V55,V56
1.8115422652899595,-0.6035145495085182,0.9371684909850801,0.43428436149344957,-2.3210246540208477,1.0159414997378449,-0.14416843000412216,-0.02181683209680925,3.7193383911668803,-0.2719192927397178,0.19192936877177014,-0.9863443502188937,-0.3467742781448802,0.8852345443777501,-0.6271857934259174,0.7171495829934105,-0.2146452063130825,-0.5165225374451895,-1.409941173138578,1.1020914658377097,1.4331820504103876,2.577703709495625,-1.08528940796466,-2.2993352620170753,-1.8926523003849836,-1.3863088894721998,-0.8194065555408054,-0.6695562996819682,0.046813641237975795,-0.7218813434905339,0.8546114366250502,0.9420126643977287,1.572293144186055,-1.014751365797435,-0.17180456361677438,1.2945357922524443,-0.17447637622098391,-2.3224045302252327,0.22587600320918422,-1.2183346607669447,-1.1256311647824135,-0.6191584159638276,2.730995636390155,-1.8472727231398132,-1.9956292647050662,0.807385381698758,-1.0908973106644375,-0.09015845344098354,0.13494346975839616,-0.6585069509112625,-0.32412824517780175,1.0354646702352488,0.7378677472616069,-0.23304254802070187,-0.05252984008464597,2.149091985561099
-0.6035145495085182,0.6758127692601906,-0.3629069645204552,0.029132731811990928,0.42877659501580856,-0.5808467524167547,0.5107381415572083,-1.177385429756094,-0.7716706045075115,0.18216627884202094,0.480251108871364,0.7897119186503356,0.3230922553974369,-0.32466769537915724,0.335507816481451,-0.7377322579188909,0.46006883537536075,0.663766713141862,-0.08315344313032279,-0.42609524938324184,-0.43934599553513287,-0.3760109994854271,0.10957664684260286,0.4897104410242423,0.3077615597265376,1.0750686269888234,0.3589836851255942,0.2531824491962395,0.5686127417632593,-0.28663469708588546,-0.677093867700981,0.3020396401207496,-0.14829312137992165,0.38556478080375106,0.2360645763589558,0.4116802319511972,0.4046771299687513,0.6807893149169247,-0.007297373037683073,0.21354171999720944,0.22418657620312793,0.6255661377525671,-0.5613777824606225,-0.1961883435593571,0.19956670289994763,-0.5757430606473163,0.6026736322096705,-0.7201832761179358,-0.004735292251661564,0.07189095314724263,-0.23073712932820267,-0.6104799976885482,-0.32665692991865886,0.5423738918187805,-0.30432658640616705,-0.22587117641502455
0.9371684909850801,-0.3629069645204552,0.5031878205805342,0.24580486765932794,-1.2137808079544443,0.6465873375078152,-0.03524124216855198,0.09645601916698458,2.115806906982506,-0.22050784608382054,0.08420765539399945,-0.5537968648365102,-0.2087261283785106,0.5036758575766627,-0.3925774389593481,0.455917279111913,-0.15599715483206092,-0.27671635021999647,-0.7588287419375553,0.5959024770977819,0.8946088647533893,1.4571767396039932,-0.6211632964748763,-1.2432551674730323,-1.1147739083301655,-0.7962865786709808,-0.42147933676905336,-0.37788757398190226,0.028993335932517177,-0.3985408704154209,0.5506372601726448,0.5252082045837148,0.9350538454888976,-0.528351165322147,-0.1274644537641071,0.6569850830148054,-0.1132173807064388,-1.286026020477935,0.12901225300363808,-0.71850849775083,-0.6450710909737218,-0.33525563054666513,1.523024925552139,-0.9818348183805787,-1.1246266855138882,0.5018855497510597,-0.6619386588720192,-0.04723322849345342,0.1343681250917716,-0.37563856063980355,-0.19288881233227345,0.6383988853959767,0.4333767337485872,-0.10916399181366321,0.03759220116099166,1.1709770288455266
0.43428436149344957,0.029132731811990928,0.24580486765932794,0.6142802003581479,-1.6463207583253943,0.9566287155162195,1.3815277912914985,-1.5022184701112762,3.9015142629427717,-0.7765628829573223,0.8539086374438024,0.08796249386420582,-0.05312018699430165,0.6083429412237645,-0.6633571163842439,0.10696041401703786,0.1657139179584563,0.7585321792702111,-1.7290571940795874,0.5386624774382187,2.2292432197629224,3.1257821994951445,-1.2945737549362015,-1.7537931850853472,-2.6788213850898797,0.059526685155354336,-0.020095931723949363,-0.44300559134500966,0.9705714267309461,-1.6199787861685535,0.6218975060182618,2.0290115842799734,2.4527500116088894,-0.13682459065773067,-0.12126070744989761,1.9773131498267045,0.6668015049197606,-1.7735526540486173,0.28675762835072177,-1.6955513884185744,-1.454873103310732,0.544712439063063,2.4940264464690776,-2.3538575870389438,-2.592182686266735,0.5952407879352387,-1.190958714508414,-1.5841748480017055,0.7750334988090452,-0.5842989881527063,-1.2190954378241743,0.9612026621995177,0.4650392640560492,0.8776993327395071,0.2815628262551267,2.210632850662841
-2.3210246540208477,0.42877659501580856,-1.2137808079544443,-1.6463207583253943,5.442070973501914,-2.763748579042907,-2.9256381073767614,3.476140169639256,-11.26764557471897,1.8731395569930933,-1.9939787490113339,0.5623761951721721,0.3815399368740349,-1.9646360727687269,1.899449521203025,-0.7276808348454982,-0.20775844316113395,-1.2849901836536655,4.838614733309284,-2.036099313181477,-5.936986289398544,-8.805746041972805,3.5950169298043235,5.578952406653604,7.269822431661198,0.8596135742603184,0.6701353648181734,1.4602511913959553,-2.0872268002374166,4.128662321174515,-1.954831237898711,-5.200265509512065,-6.510318454992775,1.049647683593377,0.3797936381078774,-5.369995383393358,-1.430436629273419,5.6359814191917685,-0.7823364617000184,4.612153868971137,4.0735999725789185,-0.7463113219336437,-7.462382463908085,6.555233421933799,7.206282318332551,-1.8979407759223301,3.4909045427272973,3.5694218830111795,-1.754438143717528,1.6854500237463388,2.96945726351261,-2.872254446808082,-1.5146352489416408,-1.7132057853432714,-0.612824746386783,-6.470384235412365
1.0159414997378449,-0.5808467524167547,0.6465873375078152,0.9566287155162195,-2.763748579042907,2.1967921491586693,1.8664669375098712,-1.1171097228322668,6.932445721908522,-1.551400673672737,0.9021594871851697,-0.5308129001474051,-0.3904019397592536,1.2653254958748672,-1.4329872541777702,0.9283475255350124,-0.20981692522974388,0.6728657250882144,-2.599940867021674,1.160658444679454,4.126624100492555,5.307264500748842,-2.1817195768153956,-3.0937903118607974,-4.642669978223517,-0.8659204775021624,-0.2469321251987105,-0.9255140646656891,1.0739719179910843,-2.311807725792092,1.7307337438231958,2.9521730787947686,4.145896334594219,-0.44866174104526285,-0.46507177537088523,2.621564739789679,0.6681872025592105,-3.3546666842605775,0.4703336161156242,-2.9623121579889737,-2.5251669999333695,0.3555732506860277,4.4208952091500295,-3.4453204256896344,-4.298585883237835,1.5495411867786173,-2.5080978639121767,-1.8917074348303897,1.380362786157136,-1.0101448929128511,-1.7582838206773945,2.1799696209450277,1.0664579230146343,0.9821823941938629,0.8563887636219538,3.619288394692382
-0.14416843000412216,0.5107381415572083,-0.03524124216855198,1.3815277912914985,-2.9256381073767614,1.8664669375098712,3.9952416827425705,-4.297271473524013,8.116822210010167,-1.9616782101977124,2.2434982474926652,0.9807399812706695,0.10880712375927175,1.024852464456308,-1.3763342447512679,-0.2618114488589104,0.6290400459740414,2.5278275022136745,-3.7859667045305976,0.6973630035617637,5.1720762295061045,6.850468900750818,-2.7840356021104427,-3.198308914753821,-6.089169418199441,1.2408637948819892,0.5561106862636267,-0.732408380375586,2.6467481657386625,-4.0282967326862815,1.0757703758493744,5.015727216780282,5.678250304730987,0.3906839129130927,-0.20283186584575674,4.612307578809894,2.0622654907506974,-3.2343874329481115,0.6271645801291168,-3.838640189377627,-3.2610944931154635,2.004186543813388,4.914668415067461,-5.223407389183086,-5.795993796278869,1.0591049387741411,-2.560111741296377,-4.3978194565738065,2.0540675422441743,-1.0904126460155352,-3.211615935119763,1.9162320961484458,0.7161248720744006,2.6173430892333998,0.8542100808037889,4.594631882952433
-0.02181683209680925,-1.177385429756094,0.09645601916698458,-1.5022184701112762,3.476140169639256,-1.1171097228322668,-4.297271473524013,6.117535401174792,-8.024842942558289,1.506741140874227,-2.8823227839748613,-1.5765096984981595,-0.4279295894407328,-0.8399073560174668,0.9833486880575275,1.1408771793098114,-1.2274391032731522,-3.0467313219395797,4.36406583569179,-0.6314100153214798,-4.632918801104417,-7.037474954554435,2.8563184051797927,3.448696398375772,5.969686372379562,-2.150109662482783,-0.5603417963688178,0.6094943390289778,-3.214503252845668,4.5511059403268606,-0.22596472049211294,-5.605092907250304,-5.652311367882751,-0.36764217918879366,-0.14910461812577527,-5.711596646220624,-2.566156976826988,3.156536444512781,-0.652772086116792,3.7295420123366196,3.2608920599461064,-2.482456795308342,-5.004181197886593,6.130438937726773,6.051101422983945,-0.4156046309472272,1.9974852103812575,5.218081174945099,-1.7850502374755448,1.113699815933893,3.514455746124629,-1.2532212464453008,-0.4369350654543756,-3.036591421997108,-0.23263093360020481,-5.044860869329642
3.7193383911668803,-0.7716706045075115,2.115806906982506,3.9015142629427717,-11.26764557471897,6.932445721908522,8.116822210010167,-8.024842942558289,26.26233617701984,-5.2304385014756765,4.862924145323374,-0.5826795494604166,-0.794988443634558,4.415360281298362,-4.704819865891245,1.7482609566800753,0.4350432387739192,3.9274020320937044,-11.021840431426131,4.091973676827416,14.92102314905511,20.6530532507475,-8.481457925460466,-12.052602907487797,-17.660226680486662,-1.1666372154289693,-0.6802933354968892,-3.2207159096021227,5.441372275152586,-10.015886648109632,4.917958648261127,12.607563024952361,15.948068709249808,-1.4573090495013543,-1.0911753030222417,12.16234498525352,3.691704291924866,-12.414586324488797,1.869718186737074,-11.23446254471675,-9.646042020176328,2.54595931528296,16.87387847914268,-14.915865322350145,-16.995224049968982,4.630516303858395,-8.45111597696846,-9.131648336173694,4.988490833826621,-3.8551904496666296,-7.478016703286831,7.029096506349579,3.458139042866097,4.814120274947576,2.183484521487878,14.573668289968014
-0.2719192927397178,0.18216627884202094,-0.22050784608382054,-0.7765628829573223,1.8731395569930933,-1.551400673672737,-1.9616782101977124,1.506741140874227,-5.2304385014756765,1.3119659846440233,-0.9496739380640792,-0.016489839748549725,0.169539507433954,-0.8339030221096699,1.0516474223461287,-0.4215714930129595,-0.014915941990809582,-0.9958498336279572,2.0826548214469938,-0.6664790141493089,-3.335643883067438,-4.177674224033209,1.6926760684845257,2.1346963024435577,3.742108748991096,0.06518642956872649,-0.10024802750446203,0.6005475393480643,-1.1478836641562797,2.0885090681611627,-1.1479785051758966,-2.637634120733233,-3.397238352412586,0.013830704654183856,0.3047654021025935,-2.276162623851155,-0.8517974739549846,2.306025905163443,-0.37349756923136995,2.382496382617977,2.0096572175066214,-0.7055198498674952,-3.20706197588041,2.808644757801508,3.452952302101427,-1.0444781452580543,1.887480232184646,1.998056454288581,-1.243078636386928,0.7025107089186892,1.6619249509838085,-1.5642742854303542,-0.6684518806166948,-1.1386668940545355,-0.7336977590212225,-2.7512831498666204
0.19192936877177014,0.480251108871364,0.08420765539399945,0.8539086374438024,-1.9939787490113339,0.9021594871851697,2.2434982474926652,-2.8823227839748613,4.862924145323374,-0.9496739380640792,1.5112405666650932,0.6410237214325059,0.14287658220550264,0.629405300360238,-0.6743138812051196,-0.3396202980618992,0.5390296102556449,1.4967986691098822,-2.4266363327050695,0.45916256723827686,2.772643388910847,4.0554128168245,-1.6937192153239855,-2.0981524876187487,-3.483044380684956,0.8076232710115492,0.2084401347862171,-0.4398335461645766,1.705153946803061,-2.429356376346227,0.38775718290025774,2.9967713605365223,3.258922954360248,0.07846830831070593,-0.0023068184121544035,3.000559216174298,1.1999568564418666,-1.9883389535029936,0.3932446943525954,-2.205733518246918,-1.8476009387917736,1.1496660345721725,3.045028700421657,-3.375625443775199,-3.4533148837822205,0.4345459521371037,-1.2303613236633277,-2.655993441875525,1.07125532830094,-0.7311416863360349,-1.8328855794386796,0.9150742516575584,0.4108132789286035,1.5443347549257358,0.1858386042177772,2.889878017943534
-0.9863443502188937,0.7897119186503356,-0.5537968648365102,0.08796249386420582,0.5623761951721721,-0.5308129001474051,0.9807399812706695,-1.5765096984981595,-0.5826795494604166,-0.016489839748549725,0.6410237214325059,1.047237500327724,0.37700143335958153,-0.3789286477556951,0.27248764132759895,-0.8561603764211528,0.5283465521635705,1.018479296950976,-0.19765261273622195,-0.5485225921720916,-0.08614658744796148,-0.09774744187985047,0.0220981243212354,0.5913654569164306,-0.028081654449034023,1.434980566724768,0.5818336057810363,0.29445938636706404,0.7981782418290795,-0.5808124126761032,-0.6654801332301169,0.6665802069384762,0.19166375139658032,0.6343586452219075,0.22188203622222546,0.6251123012394995,0.6692679367782788,0.7553241285432142,0.012813790757500478,0.0090611413307845,0.052220222937041746,0.9526943442229789,-0.5511635934658249,-0.3682195647242822,-0.06385644773681802,-0.56446555475705,0.45232999536934904,-1.1591467510437816,0.21135529840094353,0.10118079569029872,-0.5339181138447175,-0.5427347921609537,-0.3839129630393214,0.8527908644223614,-0.13333289305754337,-0.14757620985487555
-0.3467742781448802,0.3230922553974369,-0.2087261283785106,-0.05312018699430165,0.3815399368740349,-0.3904019397592536,0.10880712375927175,-0.4279295894407328,-0.794988443634558,0.169539507433954,0.14287658220550264,0.37700143335958153,0.16294565641427505,-0.22581357055822177,0.23444493586822177,-0.3737569854140888,0.2064873901773538,0.24793860928798336,0.14490682322583584,-0.2653228933721851,-0.44699236805605835,-0.5117164861630304,0.1952648947029311,0.4276552609409549,0.43189583829633615,0.525119952912956,0.17995919664737745,0.1720467031045547,0.16998477854299182,0.027010728868804384,-0.39802996425753634,-0.06189799501086712,-0.33277204113560904,0.2078907777704891,0.12826106694505826,-0.005422789869146198,0.13652457323569894,0.5220691284253931,-0.0349250339257352,0.28243390476283464,0.25914063417235306,0.2517081059604821,-0.5445527837780175,0.15473543105301998,0.36833987497930604,-0.3431536002658698,0.41264531848252,-0.1888892678849374,-0.08375983265269715,0.10523589476009002,0.009655594283436096,-0.39814280007221636,-0.21373957886944508,0.1711566419527462,-0.17126303084160097,-0.345667624135647
0.8852345443777501,-0.32466769537915724,0.5036758575766627,0.6083429412237645,-1.9646360727687269,1.2653254958748672,1.024852464456308,-0.8399073560174668,4.415360281298362,-0.8339030221096699,0.629405300360238,-0.3789286477556951,-0.22581357055822177,0.8303285534939848,-0.8239036027772207,0.5222639642556236,-0.0655116682546613,0.35105106696367594,-1.7290185148830104,0.8062057373994228,2.4117070733075714,3.3453859386432963,-1.3835586068203694,-2.1182090197768204,-2.8322415579552076,-0.591702191657512,-0.2767656724435107,-0.6034869860105264,0.6804457477814106,-1.4461689014999461,0.9666655089376622,1.8329303742870586,2.511277268576111,-0.41924066650470415,-0.2308006534994567,1.783765699199147,0.3833522428170984,-2.210210742680325,0.30470346945544824,-1.8172428552263022,-1.5467463752778408,0.13020566793305902,2.8856794440917173,-2.3149750518894936,-2.718283118403629,0.8922913409141292,-1.4453125031920737,-1.1401149627472866,0.7512110957588647,-0.6686139315394678,-1.0351748911508634,1.2700943944134466,0.673934185783107,0.5368181446104842,0.35792688717819154,2.3918933473186073
-0.6271857934259174,0.335507816481451,-0.3925774389593481,-0.6633571163842439,1.899449521203025,-1.4329872541777702,-1.3763342447512679,0.9833486880575275,-4.704819865891245,1.0516474223461287,-0.6743138812051196,0.27248764132759895,0.23444493586822177,-0.8239036027772207,0.9560524288942432,-0.5366616131216974,0.09054309872389707,-0.5576397527864193,1.8199802528512992,-0.7631531161165267,-2.823391535952926,-3.6639021136273806,1.4887346469175826,2.089977746912123,3.196360557465031,0.4478223353895544,0.12505094646949574,0.6080152693911922,-0.7929059606864955,1.6631608380126202,-1.112555500343251,-2.1180983545532523,-2.865306451373345,0.25651325668173086,0.29304421626044214,-1.9014084471587875,-0.5571020481796203,2.2528228824328793,-0.3194318057106061,2.0306992437076468,1.7549147193010115,-0.3447529449609782,-2.9919782303547753,2.425606272604041,2.9793724479740757,-1.007769667550995,1.70914153507312,1.4281013708278916,-0.9469033076965386,0.66502572836787055,1.282183034717016,-1.4446836306321587,-0.6818237135861694,-0.750642483588899,-0.5819379431431311,-2.497868526306553
0.7171495829934105,-0.7377322579188909,0.455917279111913,0.10696041401703786,-0.7276808348454982,0.9283475255350124,-0.2618114488589104,1.1408771793098114,1.7482609566800753,-0.4215714930129595,-0.3396202980618992,-0.8561603764211528,-0.3737569854140888,0.5222639642556236,-0.5366616131216974,0.9043717135103366,-0.4944225129159905,-0.5733793823428592,-0.2542916144454418,0.5591801014258532,1.0127298164610528,1.0669642548069684,-0.42724480304128304,-0.8932712022822644,-0.9439569573543725,-1.221859004482447,-0.3812947420647106,-0.3840488521123297,-0.38367207461654235,0.002080776937318745,0.9384187251431924,0.05669992890196074,0.7210746790100087,-0.4398525105943643,-0.3076485411048601,-0.11808418270988125,-0.3786057520177086,-1.1187051889876904,0.082869248221335165,-0.6329885073863747,-0.5277884327131387,-0.6031133776558566,1.1701816820171476,-0.24636045911546592,-0.7631924725283492,0.7961979233527818,-0.8938689769798952,0.4967633605816548,0.23230124298305138,-0.2482678472906647,0.034108345113602605,0.9146821844060468,0.5022461744720724,-0.40519619797232126,0.4046468586714582,0.6883699672575622
-0.2146452063130825,0.46006883537536075,-0.15599715483206092,0.1657139179584563,-0.20775844316113395,-0.20981692522974388,0.6290400459740414,-1.2274391032731522,0.4350432387739192,-0.014915941990809582,0.5390296102556449,0.5283465521635705,0.2064873901773538,-0.0655116682546613,0.09054309872389707,-0.4944225129159905,0.36767280807040054,0.6036935102787264,-0.5038371214669769,-0.12093909908525462,0.18674897057001272,0.5172015480778915,-0.2335448953048828,-0.15704352041716474,-0.4138321473468337,0.7244038839052894,0.19266332481347748,0.05670155931415511,0.597850601890896,-0.5894591493448028,-0.3470321428426193,0.6972062898870038,0.45850910455824373,0.1812770575733378,0.14946292453765064,0.8117850338266018,0.4419516150451871,-0.012320205094811673,0.06353481907893731,-0.25006417921130164,-0.20196055104252258,0.5238789082578896,0.25537599116935905,-0.7511094143748127,-0.5072302202020322,-0.26645656615953234,0.13671385070752642,-0.8550240532047755,0.13655080851956658,-0.0858133103534413,-0.44016912981394446,-0.20619060350524257,-0.11562591097772022,0.541862816369762,-0.1823064943052713,0.42733869036874106
-0.5165225374451895,0.663766713141862,-0.27671635021999647,0.7585321792702111,-1.2849901836536655,0.6728657250882144,2.5278275022136745,-3.0467313219395797,3.9274020320937044,-0.9958498336279572,1.4967986691098822,1.018479296950976,0.24793860928798336,0.35105106696367594,-0.5576397527864193,-0.5733793823428592,0.6036935102787264,1.8044224748161333,-2.076857749568272,0.1051095462304637,2.5985119436568085,3.5027281626770854,-1.4303987727483127,-1.400340768470716,-3.1504810847518376,1.3498184176715002,0.5521596744111019,-0.23670837451723373,1.7668756591653658,-2.376277441363911,0.19698112134632623,2.926606145009321,3.013737622543414,0.49263430020019605,0.019251444527453466,2.7297137797448894,1.3975790450883463,-1.3204441074224489,0.3336470043806228,-1.977630745506022,-1.653827285450108,1.4893755984299253,2.2896768665905887,-2.920616606693547,-3.042242286390697,0.25033513687895054,-1.0725680044240657,-2.8440998482257,1.1466724281552925,-0.5150823626019295,-1.915715572534814,0.7013956822581447,0.17776595783983162,1.7583673383386087,0.3396748886632588,2.3303632204272824
-1.409941173138578,-0.08315344313032279,-0.7588287419375553,-1.7290571940795874,4.838614733309284,-2.599940867021674,-3.7859667045305976,4.36406583569179,-11.021840431426131,2.0826548214469938,-2.4266363327050695,-0.19765261273622195,0.14490682322583584,-1.7290185148830104,1.8199802528512992,-0.2542916144454418,-0.5038371214669769,-2.076857749568272,4.9371665061143615,-1.5898247726360903,-6.160790496887984,-8.834081890231918,3.6419594766746184,5.072779638117549,7.491365172889477,-0.13164907503435075,0.15005935048844454,1.2640374756749357,-2.701330951161485,4.56923222802639,-1.6700126045381483,-5.717019799821983,-6.841026975986091,0.4855925982532348,0.3007299690457726,-5.6841767987757565,-1.8835490056347661,5.085235960199847,-0.8073187654954557,4.7420651683732356,4.0974103269441216,-1.473027139914742,-7.098700584344267,6.736823886016045,7.328077067647945,-1.629554470066349,3.308814343454914,4.43280408808395,-2.0848948695622087,1.6438418690384657,3.4068373410026713,-2.649926881518753,-1.300026039085358,-2.4028303538521367,-0.6912372034538725,-6.322488045370463
1.1020914658377097,-0.42609524938324184,0.5959024770977819,0.5386624774382187,-2.036099313181477,1.160658444679454,0.6973630035617637,-0.6314100153214798,4.091973676827416,-0.6664790141493089,0.45916256723827686,-0.5485225921720916,-0.2653228933721851,0.8062057373994228,-0.7631531161165267,0.5591801014258532,-0.12093909908525462,0.1051095462304637,-1.5898247726360903,0.8810460560101625,2.11383615764581,3.0773517594845012,-1.250972851341223,-2.105902582036011,-2.5193203150009618,-0.7862215201661465,-0.412555209412275,-0.6033539442027367,0.4478343707672007,-1.227523480590672,0.9262878911905753,1.571199239621061,2.2025484507774546,-0.5593707910025087,-0.2186126614189138,1.6176301622221256,0.26703589847448733,-2.1934574636268076,0.2652793955538334,-1.6067549582405045,-1.4316492114451644,-0.05735784608837253,2.754963231509007,-2.1157430357103397,-2.4683494122850385,0.8646015433508282,-1.3818378731063008,-0.8409341159273974,0.5545570435287275,-0.6142722491021875,-0.8522959466194343,1.1970838895270197,0.6574872684762681,0.31176860326787204,0.28599946497755846,2.2697889079234757
1.4331820504103876,-0.43934599553513287,0.8946088647533893,2.2292432197629224,-5.936986289398544,4.126624100492555,5.1720762295061045,-4.632918801104417,14.92102314905511,-3.335643883067438,2.772643388910847,-0.08614658744796148,-0.44699236805605835,2.4117070733075714,-2.823391535952926,1.0127298164610528,0.18674897057001272,2.5985119436568085,-6.160790496887984,2.11383615764581,9.000635820867146,11.88885291506513,-4.830783749150362,-6.484239414157854,-10.384003051290204,-0.3245209213322239,-0.034385145210386825,-1.759119755694093,3.217278990263568,-5.90120872764104,2.979899683032215,7.441935157363268,9.4137176565345,-0.41790096261692283,-0.7243145649030568,6.824497510677678,2.3550539927622567,-6.819815069487538,1.0597477855842632,-6.593566540599584,-5.6532010244725015,1.8095499305077796,9.37895471438267,-8.329656709522002,-9.806791175692457,2.7671646659689206,-5.112987896488291,-5.557339464345325,3.1717487431932576,-2.0800220443893402,-4.569793783873781,4.196561642621802,1.9006630900375185,3.051900785509659,1.6602105575642696,8.120870861123798
2.577703709495625,-0.3760109994854271,1.4571767396039932,3.1257821994951445,-8.805746041972805,5.307264500748842,6.850468900750818,-7.037474954554435,20.6530532507475,-4.177674224033209,4.0554128168245,-0.09774744187985047,-0.5117164861630304,3.3453859386432963,-3.6639021136273806,1.0669642548069684,0.5172015480778915,3.5027281626770854,-8.834081890231918,3.0773517594845012,11.88885291506513,16.445563180607525,-6.714318073639738,-9.364527147606916,-14.090292879168183,-0.38353135499656654,-0.31959810692726287,-2.4500570256642744,4.557559506615938,-8.21441099642459,3.687236619781289,10.32715881936291,12.778366349144516,-0.9076230879382058,-0.7992962520108904,9.936495399489067,3.261465333296551,-9.616790228742085,1.476950651047613,-8.93733451525877,-7.721005518009928,2.410836150893366,13.202162548484838,-11.991686277006945,-13.578086687654254,3.5039310010200015,-6.669807287617699,-7.724578658726075,4.031946561503381,-2.973212331520486,-6.210121457500443,5.429018195629841,2.5811840874469714,4.142163014688078,1.7648645293204637,11.554415231218545
-1.08528940796466,0.10957664684260286,-0.6211632964748763,-1.2945737549362015,3.5950169298043235,-2.1817195768153956,-2.7840356021104427,2.8563184051797927,-8.481457925460466,1.6926760684845257,-1.6937192153239855,0.0220981243212354,0.1952648947029311,-1.3835586068203694,1.4887346469175826,-0.42724480304128304,-0.2335448953048828,-1.4303987727483127,3.6419594766746184,-1.250972851341223,-4.830783749150362,-6.714318073639738,2.775991981729923,3.8507909956659674,5.752936091554671,0.16430008020304798,0.14087450824398384,1.0072870971689825,-1.9169472429618601,3.350312935632821,-1.492653843160143,-4.2080269518197895,-5.2305182373574395,0.39566357498512744,0.31650386364053734,-4.073798555315299,-1.2895292175043938,3.9371010651580045,-0.613441490861167,3.6519150754809124,3.127955064136252,-0.9763789158809217,-5.437682745351025,4.9384119495184,5.542296578599906,-1.409592232153802,2.6597975293130656,3.156033851223801,-1.6480376731839683,1.2658645499619172,2.507786074505432,-2.1925148643876753,-1.0775671753994445,-1.7111106035083397,-0.6618789869438747,-4.7417058869537865
-2.2993352620170753,0.4897104410242423,-1.2432551674730323,-1.7537931850853472,5.578952406653604,-3.0937903118607974,-3.198308914753821,3.448696398375772,-12.052602907487797,2.1346963024435577,-2.0981524876187487,0.5913654569164306,0.4276552609409549,-2.1182090197768204,2.089977746912123,-0.8932712022822644,-0.15704352041716474,-1.400340768470716,5.072779638117549,-2.105902582036011,-6.484239414157854,-9.364527147606916,3.8507909956659674,5.835675030227372,7.829886089422913,0.9525752437052353,0.6329582134441465,1.557243144051295,-2.2483563429576825,4.3668150480530175,-2.2135729200421674,-5.502282810730881,-7.0178989975324075,1.028313800806486,0.46158574905814453,-5.549583448164358,-1.4630658670903745,5.945422564811355,-0.8444513387478755,4.983790066382002,4.329210126786107,-0.798905575589289,-7.912129875203054,6.8575740141703685,7.6662666692938455,-2.109713191445775,3.7673213427880765,3.773678989145013,-2.0017577628894174,1.8154541529846584,3.1555913131345266,-3.16023850143134,-1.6571177025429846,-1.8580166438377441,-0.7649241113747889,-6.795322623038398
-1.8926523003849836,0.3077615597265376,-1.1147739083301655,-2.6788213850898797,7.269822431661198,-4.642669978223517,-6.089169418199441,5.969686372379562,-17.660226680486662,3.742108748991096,-3.483044380684956,-0.028081654449034023,0.43189583829633615,-2.8322415579552076,3.196360557465031,-0.9439569573543725,-0.4138321473468337,-3.1504810847518376,7.491365172889477,-2.5193203150009618,-10.384003051290204,-14.090292879168183,5.752936091554671,7.829886089422913,12.186550681736573,0.19821178848990295,0.11371696089478468,2.064934785833443,-3.974786086954734,7.08740616930133,-3.2430559835668453,-8.911769029060057,-11.069280416951491,0.5939829481664781,0.7313743482655646,-8.409539769426157,-2.8535364106363588,8.099034173064961,-1.2684541510590341,7.73443637710287,6.640513467809763,-2.198882641513588,-11.19013186432243,10.1639964443573,11.646858288819455,-3.0553859818790015,5.7935482858417835,6.735370767314055,-3.6151823860993972,2.517923664970246,5.4134343689137445,-4.726573718603633,-2.1962343818957617,-3.676779340917648,-1.6743827897839225,-9.779557231234518
-1.3863088894721998,1.0750686269888234,-0.7962865786709808,0.059526685155354336,0.8596135742603184,-0.8659204775021624,1.2408637948819892,-2.150109662482783,-1.1666372154289693,0.06518642956872649,0.8076232710115492,1.434980566724768,0.525119952912956,-0.591702191657512,0.4478223353895544,-1.221859004482447,0.7244038839052894,1.3498184176715002,-0.13164907503435075,-0.7862215201661465,-0.3245209213322239,-0.38353135499656654,0.16430008020304798,0.9525752437052353,0.19821178848990295,2.0066044740866134,0.7969787573747021,0.4505285687394889,0.9887938994065871,-0.688260189427132,-1.0033316576805429,0.7787144368866692,0.03741024413869249,0.8892217557255379,0.3270600848140993,0.7421793158680563,0.9208522617408331,1.1857905669651703,-0.014021232736702851,0.1660146806609618,0.17361200492946016,1.2812770213366547,-0.991243317039958,-0.327240142053352,0.11268908351580147,-0.8420676471563434,0.6994538610498772,-1.4887697578051908,0.19900949614560068,0.23022248485575045,-0.66357741426103,-0.8425342261114943,-0.5990197813502697,1.090239786302553,-0.19882761723260386,-0.3749273809641283
-0.8194065555408054,0.3589836851255942,-0.42147933676905336,-0.020095931723949363,0.6701353648181734,-0.2469321251987105,0.5561106862636267,-0.5603417963688178,-0.6802933354968892,-0.10024802750446203,0.2084401347862171,0.5818336057810363,0.17995919664737745,-0.2767656724435107,0.12505094646949574,-0.3812947420647106,0.19266332481347748,0.5521596744111019,0.15005935048844454,-0.412555209412275,-0.034385145210386825,-0.31959810692726287,0.14087450824398384,0.6329582134441465,0.11371696089478468,0.7969787573747021,0.4337178765874719,0.21385912388911238,0.32509489286886983,-0.1792034148282307,-0.27782091794639296,0.2019917538176548,-0.013729369594346591,0.49694657257653213,0.0636454314561475,0.013607600772073637,0.3364629872680879,0.6497906086386821,-0.023445970060064412,0.0851579886607695,0.11153117590379313,0.5358608599158728,-0.6177639595045458,0.16250591267130518,0.18663368653472845,-0.25523450376221357,0.20251774292140712,-0.5182247191916859,0.17980960843333005,0.1527384201896887,-0.24948465783613796,-0.2545409055697288,-0.24802300155066556,0.4394964535805376,0.10079770239252502,-0.3894238927377413
-0.6695562996819682,0.2531824491962395,-0.37788757398190226,-0.44300559134500966,1.4602511913959553,-0.9255140646656891,-0.732408380375586,0.6094943390289778,-3.2207159096021227,0.6005475393480643,-0.4398335461645766,0.29445938636706404,0.1720467031045547,-0.6034869860105264,0.6080152693911922,-0.3840488521123297,0.05670155931415511,-0.23670837451723373,1.2640374756749357,-0.6033539442027367,-1.759119755694093,-2.4500570256642744,1.0072870971689825,1.557243144051295,2.064934785833443,0.4505285687394889,0.21385912388911238,0.4443248222099771,-0.4743167682147719,1.0514253712093014,-0.7141142556376039,-1.3367015535280435,-1.8306934024408792,0.3203917809711376,0.1716496492198069,-1.306029841199137,-0.28290245441491874,1.629978168768895,-0.21823499209172043,1.3187130658502724,1.1416551650044697,-0.08983213404146603,-2.115634483149399,1.6880665058457471,1.9835102276735042,-0.6588618781992334,1.0781153968126926,0.8222624385867731,-0.5325778542188682,0.484555985965404,0.7575645743467359,-0.9347500633534552,-0.4925971548719864,-0.3817295815792115,-0.26832228331719676,-1.755635542978023
0.046813641237975795,0.5686127417632593,0.028993335932517177,0.9705714267309461,-2.0872268002374166,1.0739719179910843,2.6467481657386625,-3.214503252845668,5.441372275152586,-1.1478836641562797,1.705153946803061,0.7981782418290795,0.16998477854299182,0.6804457477814106,-0.7929059606864955,-0.38367207461654235,0.597850601890896,1.7668756591653658,-2.701330951161485,0.4478343707672007,3.217278990263568,4.557559506615938,-1.9169472429618601,-2.2483563429576825,-3.974786086954734,0.9887938994065871,0.32509489286886983,-0.4743167682147719,1.9747103294977875,-2.7601027972099255,0.4789901266148583,3.4103825306027065,3.742208480856471,0.18191981704579882,-0.026948949099293296,3.330105223715296,1.378709664509001,-2.1545796525282555,0.4423158118106716,-2.510074190167982,-2.0924408922474056,1.385430045927729,3.3677245471343538,-3.7460567427880624,-3.8793917859430334,0.5065739844826201,-1.4181251980820677,-3.066784764515764,1.2837007729813639,-0.8259482317109775,-2.1138748589328817,1.0581869117376101,0.45774391675031473,1.8321301420799443,0.284462330968386,3.190928292243792
-0.7218813434905339,-0.28663469708588546,-0.3985408704154209,-1.6199787861685535,4.128662321174515,-2.311807725792092,-4.0282967326862815,4.5511059403268606,-10.015886648109632,2.0885090681611627,-2.429356376346227,-0.5808124126761032,0.027010728868804384,-1.4461689014999461,1.6631608380126202,0.002080776937318745,-0.5894591493448028,-2.376277441363911,4.56923222802639,-1.227523480590672,-5.90120872764104,-8.21441099642459,3.350312935632821,4.3668150480530175,7.08740616930133,-0.688260189427132,-0.1792034148282307,1.0514253712093014,-2.7601027972099255,4.491379636719591,-1.425379764539815,-5.606997384086646,-6.521758572705179,0.0809594882863017,0.25744892193280616,-5.405228318077541,-2.0675320989500596,4.386316444830914,-0.747262635953924,4.478343523435565,3.8560908425395053,-1.7880361309191608,-6.29993646808137,6.269973591954727,6.872895010697829,-1.4068796277428681,3.0804442098140887,4.59214940669363,-2.1330159773783888,1.415840639985683,3.453690277885263,-2.386435065711118,-1.0505927480114505,-2.586478278738461,-0.7969989186757014,-5.733835042571533
0.8546114366250502,-0.677093867700981,0.5506372601726448,0.6218975060182618,-1.954831237898711,1.7307337438231958,1.0757703758493744,-0.22596472049211294,4.917958648261127,-1.1479785051758966,0.38775718290025774,-0.6654801332301169,-0.39802996425753634,0.9666655089376622,-1.112555500343251,0.9384187251431924,-0.3470321428426193,0.19698112134632623,-1.6700126045381483,0.9262878911905753,2.979899683032215,3.687236619781289,-1.492653843160143,-2.2135729200421674,-3.2430559835668453,-1.0033316576805429,-0.27782091794639296,-0.7141142556376039,0.4789901266148583,-1.425379764539815,1.4631044588438482,1.8492967093959647,2.8467990457030856,-0.41740773751255733,-0.42306057457951285,1.5396478166596348,0.2911630689879533,-2.4852495369071117,0.3139625092440124,-2.0746951965524634,-1.7853503062291487,0.005277055483667997,3.1432945656741107,-2.172707079327795,-2.942110745085507,1.2914574104397742,-1.9550723521489874,-0.9782824891803781,0.9547378478562005,-0.6898877611870158,-1.0968088705066092,1.7308423437463136,0.8418067810059562,0.4516715036635116,0.7467393696402707,2.4700855750584947
0.9420126643977287,0.3020396401207496,0.5252082045837148,2.0290115842799734,-5.200265509512065,2.9521730787947686,5.015727216780282,-5.605092907250304,12.607563024952361,-2.637634120733233,2.9967713605365223,0.6665802069384762,-0.06189799501086712,1.8329303742870586,-2.1180983545532523,0.05669992890196074,0.6972062898870038,2.926606145009321,-5.717019799821983,1.571199239621061,7.441935157363268,10.32715881936291,-4.2080269518197895,-5.502282810730881,-8.911769029060057,0.7787144368866692,0.2019917538176548,-1.3367015535280435,3.4103825306027065,-5.606997384086646,1.8492967093959647,7.007501700783936,8.193971953456241,-0.12703097162506322,-0.3463575350566205,6.737703980956178,2.5643956180877865,-5.54835460768873,0.9347820277670206,-5.628362415890156,-4.858007523543252,2.2005462641486937,7.936468452734253,-7.834493625820287,-8.627902065368714,1.8141158473634862,-3.9233639632063153,-5.703073051274985,2.6752329545629667,-1.7789475991679318,-4.317514417764615,3.0458873399047657,1.3423520584007433,3.2063211608207127,1.0357091939450453,7.200944578278808
1.572293144186055,-0.14829312137992165,0.9350538454888976,2.4527500116088894,-6.510318454992775,4.145896334594219,5.678250304730987,-5.652311367882751,15.948068709249808,-3.397238352412586,3.258922954360248,0.19166375139658032,-0.33277204113560904,2.511277268576111,-2.865306451373345,0.7210746790100087,0.45850910455824373,3.013737622543414,-6.841026975986091,2.2025484507774546,9.4137176565345,12.778366349144516,-5.2305182373574395,-7.0178989975324075,-11.069280416951491,0.03741024413869249,-0.013729369594346591,-1.8306934024408792,3.742208480856471,-6.521758572705179,2.8467990457030856,8.193971953456241,10.089889929775078,-0.4486652165631857,-0.6316533485089608,7.734265878824982,2.6857840114980105,-7.238934001731112,1.1532697141480865,-7.015540906388772,-6.021840949998538,2.150151864386514,10.086913512320459,-9.289598129253,-10.578378187538132,2.684735996124689,-5.187181375184901,-6.297523138373232,3.311217241223273,-2.286406934181719,-4.995090615447135,4.205252514035906,1.9419443131152752,3.4830419889552084,1.492553137297353,8.86206550933607
-1.014751365797435,0.38556478080375106,-0.528351165322147,-0.13682459065773067,1.049647683593377,-0.44866174104526285,0.3906839129130927,-0.36764217918879366,-1.4573090495013543,0.013830704654183856,0.07846830831070593,0.6343586452219075,0.2078907777704891,-0.41924066650470415,0.25651325668173086,-0.4398525105943643,0.1812770575733378,0.49263430020019605,0.4855925982532348,-0.5593707910025087,-0.41790096261692283,-0.9076230879382058,0.39566357498512744,1.028313800806486,0.5939829481664781,0.8892217557255379,0.49694657257653213,0.3203917809711376,0.18191981704579882,0.0809594882863017,-0.41740773751255733,-0.12703097162506322,-0.4486652165631857,0.5955078128473761,0.08960635677667093,-0.3412279301298249,0.2720187753842489,1.0471741612384993,-0.077874723229592685,0.38762670306713887,0.37694248876145403,0.5055618757055648,-1.1484872994225048,0.6095135867902078,0.6599550866655197,-0.38367725952602344,0.42231181303939025,-0.3028041331187574,0.0734267710002881,0.2913258700400296,-0.07342879105249807,-0.44580696344057597,-0.36689866122341164,0.3322229339177115,0.08245651913960633,-0.8358904486437548
-0.17180456361677438,0.2360645763589558,-0.1274644537641071,-0.12126070744989761,0.3797936381078774,-0.46507177537088523,-0.20283186584575674,-0.14910461812577527,-1.0911753030222417,0.3047654021025935,-0.0023068184121544035,0.22188203622222546,0.12826106694505826,-0.2308006534994567,0.29304421626044214,-0.3076485411048601,0.14946292453765064,0.019251444527453466,0.3007299690457726,-0.2186126614189138,-0.7243145649030568,-0.7992962520108904,0.31650386364053734,0.46158574905814453,0.7313743482655646,0.3270600848140993,0.0636454314561475,0.1716496492198069,-0.026948949099293296,0.25744892193280616,-0.42306057457951285,-0.3463575350566205,-0.6316533485089608,0.08960635677667093,0.13576278565433036,-0.21819726403780915,-0.017446372835581512,0.5626869381411436,-0.0635793713964578,0.4690376258872452,0.4038340808826103,0.051979783668309944,-0.6812276326350242,0.37335910534286926,0.6245752224336192,-0.363194919273679,0.5135051620568784,0.12281101530807834,-0.2362578060040882,0.14012806257622504,0.21526822145404392,-0.46337727020575836,-0.2136307819057022,-0.04769320589603136,-0.24675521209505474,-0.4967886340317985
1.2945357922524443,0.4116802319511972,0.6569850830148054,1.9773131498267045,-5.369995383393358,2.621564739789679,4.612307578809894,-5.711596646220624,12.16234498525352,-2.276162623851155,3.000559216174298,0.6251123012394995,-0.005422789869146198,1.783765699199147,-1.9014084471587875,-0.11808418270988125,0.8117850338266018,2.7297137797448894,-5.6841767987757565,1.6176301622221256,6.824497510677678,9.936495399489067,-4.073798555315299,-5.549583448164358,-8.409539769426157,0.7421793158680563,0.013607600772073637,-1.306029841199137,3.330105223715296,-5.405228318077541,1.5396478166596348,6.737703980956178,7.734265878824982,-0.3412279301298249,-0.21819726403780915,6.758290507884706,2.440183436441356,-5.470344814878708,0.9073603849536168,-5.306470825175342,-4.6111291505385115,2.031178835050487,7.7950320875939525,-7.810312725068517,-8.304359206475535,1.566848625324661,-3.537166448206367,-5.472488416680925,2.3571921854905336,-1.7808660083560877,-4.0654315463281705,2.719575200108993,1.279146909914517,3.0145697275168457,0.6746799446021653,7.125341480477707
