V1,V2,V3,V4,V5,V6,V7,V8,V9,V10,V11,V12,V13,V14,V15,V16,V17,V18,V19,V20,V21,V22,V23,V24,V25,V26,V27,V28,V29,V30,V31,V32,V33,V34,V35,V36,V37,V38,V39,V40,V41,V42,V43,V44,V45,V46,V47,V48,V49,V50,V51,V52,V53,V54,V55,V56
0.34970852831964666,0.9276176442982764,-0.1199401223546786,-0.01767349211810661,-0.322590261366853,-0.7541738743411003,0.37727230707930504,0.5910871216181345,0.5377915475431412,-0.5008904711405425,1.0722766961993626,0.8429236816782346,-0.14990050447732478,0.9152761327520202,0.09774265485743257,-0.15967058284784202,0.15835061041634965,-0.40915129678208073,0.8385456566049122,-0.07253294093857435,-0.40894609757440653,-0.7121548746633174,0.4346838491552106,0.05364394506824596,0.012729245435196584,0.8637646069029241,-0.39764321044841905,0.4388796400356255,0.4587570370747377,0.17634000722705911,-0.516695843907369,-0.6579798526922337,0.4897775476573179,0.16653825995126792,0.07244161569775463,0.07899228770510926,-0.2019821593524156,-0.1457552812831838,-0.6262523954906042,-0.6852039441883264,0.02496960336207442,-0.1531813892741841,0.39592046954841204,0.1581841644729156,-0.4480693959482728,-0.29441720028075813,0.8095171881669082,0.17108633979893562,0.1043037677687012,0.291672170515719,0.16439975352732614,-0.3997130785275895,0.27687365176311296,-0.18352554648370714,0.1870862096243246,0.22458399635942702
0.9276176442982764,3.078128182826088,-0.47961893476610473,-1.072071186998646,-1.0640000771429075,-2.2330721415545702,2.081305621063244,2.3704062552480503,1.4653263397506942,-1.375949457709633,1.4024060798817939,3.3068092410882723,-0.3099987368180546,1.7589670410489606,0.46823377111550696,-1.6307465735727853,0.42545608003967667,-0.5998322001501152,2.7459470409813482,-0.8304603388232639,-1.50895192813124,-1.4145759709428893,0.9254390958703995,1.272903586629001,-0.5502304445584294,3.5754398855417326,-1.6022383546713095,1.2849207841018628,1.0470209824088783,0.11642811845516879,-0.48727756908530256,-0.9993321105992795,0.6792311332645663,-0.47709804563294667,-0.21685060251009966,0.8501378805390605,0.775499208209618,0.55336500645308,-1.4040881793062172,-2.1703268999163514,0.8073322853772655,-1.315921150656797,1.2168091625237398,0.4298237326586718,-1.3011266103995263,-1.7095816258402696,2.689083192412178,1.3225059273753774,0.008821704366826751,-5.395698179721151e-4,0.3647575151956895,-1.467175870964852,0.7652607550415238,-0.7700897223792786,1.104527388056396,0.23025299145856723
-0.1199401223546786,-0.47961893476610473,0.12495094240809752,0.4112953039231749,0.17062324369052542,0.32335930242724553,-0.5164087692698739,-0.45771791407703083,-0.13816085512041953,0.16539147688916855,0.2574242788435387,-0.6472716155351982,0.03597776056002835,-0.019820454553660306,-0.11136325738299938,0.4963363294751873,-0.0223334553384709,-0.05936672442989047,-0.4202432315823078,0.3027361559333753,0.2662936969873183,0.007930167878075526,-0.0670555677048901,-0.4830823121445639,0.18328536232754944,-0.7480082966029737,0.3141124600123191,-0.13356435688366497,-0.01694377958858401,0.09482443788370114,-0.2417743713973083,-0.14332840201599226,0.09656174114400833,0.3167655145578807,0.1105678098535443,-0.24318242256273587,-0.415636650176447,-0.3092793189646093,0.08106218897771808,0.3328316747758897,-0.33434612402442104,0.3378096049318583,-0.18591053432283397,-0.007039960867242236,0.19300390546906784,0.44824177187133285,-0.4567447210704436,-0.36334998495494897,0.08541651487014834,0.24015176765901802,-0.040179330728392505,0.285609340699303,-0.08752268776861419,0.15372348636216024,-0.2541853026445687,0.08431553867836167
-0.01767349211810661,-1.072071186998646,0.4112953039231749,2.156458607157911,0.38035218215864836,0.43663492569771795,-2.158265211299463,-1.511290129603108,0.09495560382201547,0.041556995566824594,3.1602549323076503,-2.0787081127703257,-0.11318418916867798,1.45865346370378,-0.4284320416905635,2.428529508685209,0.09332170702224683,-1.025959458824055,-0.8959516019029287,1.4297467979210001,0.7746325268376176,-1.1230039040697,0.43057378819391673,-2.4386375311611883,1.0846415801912488,-2.5588432111708053,1.043271314739272,-0.062292487798552086,0.576151698828834,0.7840249913241177,-2.0619797615581943,-1.7803786251488485,1.3432958542788573,1.9588705930922912,0.769747207871378,-1.2281903009023283,-2.6363407366582603,-1.928608792994533,-0.6153387263338502,0.6385109159650042,-1.6678329193317196,1.6747329714888357,-0.31811627244901386,0.1400182692897919,0.24201576216790108,1.9017700445384036,-1.064028480022255,-1.7072367955461736,0.6085222623388128,1.7259481307323592,0.1022115967675591,0.8346591122299873,-0.013846875631579408,0.5347541349012521,-1.1218908820210738,0.8127785340955817
-0.322590261366853,-1.0640000771429075,0.17062324369052542,0.38035218215864836,0.3685747496175998,0.774647662385758,-0.7263928070081189,-0.8219485982301902,-0.5016775605125333,0.47550453540659193,-0.46976842312037914,-1.149177101998061,0.10971465596274657,-0.6028288216604603,-0.16373023168323456,0.5712373812957187,-0.14346409279230138,0.20399360855731438,-0.9489841662055454,0.2968858646433848,0.5223244481270999,0.48196261765388204,-0.32120718275507015,-0.4533290121855344,0.18990101828117187,-1.2453896987355013,0.5560730812441245,-0.43913513177940483,-0.3531281742127273,-0.035728275007033315,0.15368717603857693,0.3321972146872111,-0.22906296562815284,0.17408255154358754,0.07493311836389258,-0.29541329218942897,-0.2748724382836965,-0.19771330294537698,0.4821219340435307,0.7518039458645308,-0.2905578427480485,0.45443234891647966,-0.42228477944202186,-0.14273506699589003,0.45261137860856004,0.5987068002045715,-0.9344722884916021,-0.4611511487317581,9.339118838595402e-4,0.01040895710941766,-0.12791197853957986,0.5115636439127356,-0.2637422699580988,0.2670675501472758,-0.381881910870236,-0.0751499295294363
-0.7541738743411003,-2.2330721415545702,0.32335930242724553,0.43663492569771795,0.774647662385758,1.714521303474352,-1.2300847155406682,-1.5811055214788892,-1.1692712052783099,1.0963985894296493,-1.746976224009718,-2.2282846379527625,0.29096029510930266,-1.7112768268721652,-0.29163402614082573,0.8104131910152171,-0.34047845252816344,0.6929804200409649,-2.004519574448223,0.40688287274417756,1.043131365979524,1.3469987944310446,-0.8497604248145187,-0.5568278049887425,0.19558700256637462,-2.3570404171098747,1.066878986800238,-0.9875222218133227,-0.9166612670690061,-0.24220127459036678,0.7645857795905736,1.1222760261255234,-0.8135277438430013,-9.97716613997554e-4,3.032717798884724e-4,-0.4159992856248989,-0.07112669231074416,-0.04989497811398407,1.247807503163248,1.611141350329934,-0.3449974457299877,0.6771791177216963,-0.9172272281859042,-0.34047547334136535,1.0096786974934444,0.9941734718424785,-1.9532668679318665,-0.7031183783459193,-0.11942067708391974,-0.32491804233433413,-0.3279655044711016,1.019190428867555,-0.6073355244203519,0.5040024952547124,-0.635285071497842,-0.34069662283349106
0.37727230707930504,2.081305621063244,-0.5164087692698739,-2.158265211299463,-0.7263928070081189,-1.2300847155406682,2.560676134245858,2.155461750458703,0.5060451320370019,-0.5757529313499801,-1.9909943398601806,2.9798555897079373,-0.02720937349933577,-0.4832413685361024,0.5294103455548121,-2.60157271284723,0.09631355640282188,0.5912900779188522,1.8079536603228354,-1.474018081660895,-1.2213318246937517,0.3445935844100959,0.013869335594340863,2.461748092958515,-1.0962456052220328,3.4707508821933506,-1.4739625062034474,0.5626752507771673,-0.043907599180960266,-0.5841534808527734,1.4614668839999077,1.0333792174493999,-0.814340076519115,-1.7645255053449949,-0.7093565494040117,1.3284806951479473,2.4340970777164355,1.773354730190776,-0.05817272413277865,-1.37040385424719,1.6558528497516807,-1.8763183335320082,0.7350559046104249,0.06294096790933516,-0.705139712179944,-2.2053742506781817,1.9155111593436578,1.8998168094052768,-0.48491583122098203,-1.3867534017104632,0.058587283942645875,-1.2490403874671316,0.3135803962903585,-0.7356959944340337,1.3442761797163345,-0.5627293505158923
0.5910871216181345,2.3704062552480503,-0.45771791407703083,-1.511290129603108,-0.8219485982301902,-1.5811055214788892,2.155461750458703,2.0910105340257017,0.898056359092717,-0.8876401750073573,-0.3312254583794153,2.901339492546909,-0.14763225611591965,0.5481465486079029,0.4619619689226632,-1.975578484634596,0.2383977624446796,0.018447367147811738,2.0911402948117948,-1.07243692742119,-1.258849319475274,-0.46504245007573636,0.41442953759523865,1.7437402603539378,-0.7754354095175217,3.2549020236999224,-1.4211420176609875,0.8459843310813339,0.4502977304535365,-0.2274648787360804,0.4789743584365494,0.046448790759559475,-0.08919814508997854,-1.0578805554357333,-0.44007335052994656,1.0188296527272427,1.5170632812574494,1.0986138095033635,-0.6520512388269097,-1.6226178534211866,1.1487691868821512,-1.4925352501872504,0.8928018950625061,0.22640009035566888,-0.9143643469498255,-1.8179444701190808,2.1130219943826365,1.5023688003627915,-0.22739951682525048,-0.6628828563721153,0.18780920916891555,-1.2501279968656944,0.4911799429631649,-0.6964806360356033,1.140390838229866,-0.16684095878112468
0.5377915475431412,1.4653263397506942,-0.13816085512041953,0.09495560382201547,-0.5016775605125333,-1.1692712052783099,0.5060451320370019,0.898056359092717,0.9061825646000927,-0.7988571838243945,1.8959075994650874,1.2573240227359799,-0.21486144026699802,1.5277370144773208,0.13193650389006656,-0.1501680102734779,0.28922824949194176,-0.6976848364384928,1.3274199932548008,-7.657024797812458e-4,-0.6350614301182782,-1.2180597432995777,0.6848871115550937,-0.07634333775637737,0.030492175691445907,1.2514101094200796,-0.5988854675066552,0.7484610112216356,0.8253164612105434,0.3353472879730593,-0.9947652153658206,-1.201518100119475,0.85359883536673,0.3800956603545793,0.12451706015645823,0.095629303543334307,-0.4213917871216436,-0.319489156203108,-1.0374501527614266,-1.0683794236833453,-0.0944550834461206,-0.2281649305972405,0.6104645512908587,0.31174510136517375,-0.68276990045429,-0.3691098416645878,1.228068874342272,0.21221256668611652,0.2131248818114854,0.5871779362192787,0.24508548049277687,-0.5830978074616112,0.44882694062892986,-0.2773204013147256,0.2837226222210763,0.4118218763053295
-0.5008904711405425,-1.375949457709633,0.16539147688916855,0.041556995566824594,0.47550453540659193,1.0963985894296493,-0.5757529313499801,-0.8876401750073573,-0.7988571838243945,0.7296457393509834,-1.538095421413452,-1.2539257569167488,0.20460676004083386,-1.3139529114738628,-0.14551282568047075,0.2640110838547523,-0.24235063015148947,0.5819139747665607,-1.2427253706236694,0.10245545414965085,0.6114423777547325,1.034686943415078,-0.6154735314970726,-0.08670425304730581,0.010566329353220032,-1.2829903942669236,0.5957950025603028,-0.6598571219412332,-0.6876311071004073,-0.254437149677677,0.7577603595059909,0.9642587583682577,-0.7005764104970069,-0.2288220533856075,-0.08543951201779426,-0.14013547996296982,0.2533429620376765,0.1883532497869562,0.9075766428095937,1.0059862928282863,-0.03267988864623813,0.26750892317865144,-0.5769166115408798,-0.250007677033845,0.6459877755585662,0.44544798847787354,-1.1840212414040836,-0.27636218301710563,-0.15209447222343686,-0.42096488506101565,-0.2289609098151869,0.5846679183687824,-0.4059934932044562,0.2769925409322814,-0.30042762036414244,-0.32350837451885883
1.0722766961993626,1.4024060798817939,0.2574242788435387,3.1602549323076503,-0.46976842312037914,-1.746976224009718,-1.9909943398601806,-0.3312254583794153,1.8959075994650874,-1.538095421413452,8.139443377446963,-0.38315002625480377,-0.6195196475010918,5.081964220109967,-0.32676855343871997,3.0824030520730816,0.6724840562129949,-2.8235632787760867,1.3756574909834225,1.9310750107711592,-0.17346896063573758,-3.96328739842568,1.9994242203198562,-3.4867142499593324,1.612085218196867,-1.0433633136219245,0.26584056599864464,1.3538820051507239,2.377425742681372,1.7403961655832207,-4.771562649708307,-4.800005525116023,3.562381941436245,3.455551907646107,1.3479283868155993,-1.5443167534333289,-4.5307775304168265,-3.321045507994764,-2.9188997933565606,-1.2443179398435946,-2.443126989010747,1.9380904461377024,0.786039390498359,0.7596685165074952,-1.05227887904893,1.8901625884144573,0.9933649424343207,-1.9677206121828048,1.2512219939398748,3.5259759326909723,0.6563582660973369,-0.02415300526891047,0.8698432723890612,0.1985709555307144,-1.032299426710489,1.9352965451900879
0.8429236816782346,3.3068092410882723,-0.6472716155351982,-2.0787081127703257,-1.149177101998061,-2.2282846379527625,2.9798555897079373,2.901339492546909,1.2573240227359799,-1.2539257569167488,-0.38315002625480377,4.035924259099621,-0.22344162009582688,0.8216658975315987,0.6415945776146613,-2.715394617756488,0.32824631088389017,-0.0073007613707422436,2.918733371431998,-1.490230138591245,-1.7496783203420723,-0.6823524865209706,0.6105746411054233,2.408223669204563,-1.0479335764406714,4.527266975548042,-1.9729367869908359,1.1759416220235115,0.6304969048936843,-0.30361433597221754,0.6403421070318567,0.03520748909718085,-0.08744837366443105,-1.443600050647704,-0.5883750324236738,1.3927944784148139,2.054498057222884,1.4925102403872492,-0.9383349449548618,-2.2737671236863584,1.5937952433100355,-2.0359281403251273,1.2555062535054247,0.30506822951996765,-1.2937788061259892,-2.516619010843814,2.9612077856157635,2.064815217868171,-0.3093859286204543,-0.8988805792563761,0.27709976344505183,-1.748252287664003,0.6916187908349015,-0.9650413706704115,1.5641699778023266,-0.2162508164813462
-0.14990050447732478,-0.3099987368180546,0.03597776056002835,-0.11318418916867798,0.10971465596274657,0.29096029510930266,-0.02720937349933577,-0.14763225611591965,-0.21486144026699802,0.20460676004083386,-0.6195196475010918,-0.22344162009582688,0.07802922027929697,-0.4657559009520497,-0.016421626644917118,-0.08016853612659383,-0.06110009300876846,0.23115668365417846,-0.2847515966031794,-0.03946198283029042,0.11782357867519756,0.35236598894735355,-0.214551446155593,0.10698617140646145,-0.08201282616633163,-0.2089065410019471,0.09899892991870762,-0.16225815845091596,-0.20346948347477736,-0.11401549221505546,0.3129555332128308,0.3565724179183307,-0.27945080583013626,-0.1776967510337082,-0.08394694846783339,0.048279195406087536,0.24704809262774335,0.1754061479258146,0.29293483428264844,0.24465492588652374,0.07069029537869927,-0.05484685734104081,-0.14724664129864354,-0.05737476381020501,0.17785923851771632,0.01324749407458034,-0.27686182411543253,0.035952732669168395,-0.07350460275099659,-0.21007677390404392,-0.08102129949929797,0.12117425750442144,-0.11151301132658777,0.04148337172366605,5.232244820714521e-4,-0.1362814634345186
0.9152761327520202,1.7589670410489606,-0.019820454553660306,1.45865346370378,-0.6028288216604603,-1.7112768268721652,-0.4832413685361024,0.5481465486079029,1.5277370144773208,-1.3139529114738628,5.081964220109967,0.8216658975315987,-0.4657559009520497,3.4631593475772813,-0.037084653799996606,1.2517203619549861,0.5044937098299764,-1.8060337122881445,1.6405030401867824,0.8201937730451722,-0.5676643849200406,-2.7007587178358112,1.4492289980041178,-1.5702909679846655,0.7665935313522978,0.5365392333030824,-0.3483620170016097,1.1573005993344423,1.6606419739325615,1.0243961646625628,-2.84971719639461,-3.030330475296826,2.24808287241425,1.815390307846762,0.7147708533093547,-0.6268866264620269,-2.357356546256623,-1.7261904511519524,-2.109088313622614,-1.3954677467533676,-1.1166808345303745,0.7207995111430966,0.8370988263310488,0.546427997664637,-1.0226029863143922,0.5354700399504815,1.4243672285798135,-0.7161694378090517,0.7101838710595667,1.9979638949220282,0.5007203979091642,-0.4846816978399609,0.7359192531422503,-0.12551518759866018,-0.2584840827924218,1.1726822597214186
0.09774265485743257,0.46823377111550696,-0.11136325738299938,-0.4284320416905635,-0.16373023168323456,-0.29163402614082573,0.5294103455548121,0.4619619689226632,0.13193650389006656,-0.14551282568047075,-0.32676855343871997,0.6415945776146613,-0.016421626644917118,-0.037084653799996606,0.11097420704696397,-0.5234237620502272,0.027453874919117466,0.0905433713352708,0.4087912005367195,-0.2981493904780596,-0.2662657096108484,0.02418603328813206,0.031894860567955166,0.4919553730762839,-0.21357961518352322,0.7407128609119755,-0.3156976406358385,0.13643806699414776,0.01715620880554535,-0.10501019116332896,0.2594515732080205,0.1656422206091116,-0.1300856055445799,-0.3389814442137366,-0.1340620648476931,0.265975993150371,0.4665584597378342,0.34070892212642406,-0.050896623891126765,-0.3139899784759965,0.33143894875345353,-0.3770915657654815,0.17068689342965496,0.01981741173703265,-0.16884099115177306,-0.45482679253329095,0.4304853667922953,0.3850571854029481,-0.09004167694524892,-0.25736034066559665,0.023168584860501225,-0.2729068872312485,0.07916095147806738,-0.15647638046510587,0.27542103349212455,-0.09761679359826719
-0.15967058284784202,-1.6307465735727853,0.4963363294751873,2.428529508685209,0.5712373812957187,0.8104131910152171,-2.60157271284723,-1.975578484634596,-0.1501680102734779,0.2640110838547523,3.0824030520730816,-2.715394617756488,-0.08016853612659383,1.2517203619549861,-0.5234237620502272,2.8149677580557784,0.01836969812325338,-0.9831299520397188,-1.3912092677863601,1.6171393493930972,1.0616310716233512,-0.9431673610019965,0.3149985723170036,-2.747735407831161,1.2420732895459075,-3.2566188678390575,1.35669944357102,-0.28925728700361614,0.41387581204032087,0.7987487096682178,-2.0614462036928622,-1.6858338803535438,1.2992956750847113,2.125766048966717,0.8531120695587034,-1.435866612846538,-2.902217412787488,-2.115618526586076,-0.41872291213667456,1.019224734292148,-1.8605752040550914,1.9921193911619306,-0.5262220792213669,0.0592216868931173,0.45448445423014594,2.2666569118128135,-1.5422598313317768,-2.011665110808719,0.6312232888147807,1.7983014731233284,0.057116892726673765,1.1054943050229413,-0.13957915131337154,0.6882316231832586,-1.3686914309472333,0.8114495842693892
0.15835061041634965,0.42545608003967667,-0.0223334553384709,0.09332170702224683,-0.14346409279230138,-0.34047845252816344,0.09631355640282188,0.2383977624446796,0.28922824949194176,-0.24235063015148947,0.6724840562129949,0.32824631088389017,-0.06110009300876846,0.5044937098299764,0.027453874919117466,0.01836969812325338,0.09858825122133584,-0.23953755998179627,0.38729636230522224,0.050795386854339306,-0.17677207206278228,-0.4086038926005816,0.21298298031501395,-0.1017374298504969,0.028782809605526982,0.30917059751054027,-0.15705177259529116,0.23879869264181589,0.28341769888876595,0.1277718397613588,-0.377418433511759,-0.43127336410681677,0.2987418287850245,0.17481350533376042,0.052151131859840334,0.0023041683321525226,-0.19418891896222878,-0.14905090907057802,-0.33484187669200266,-0.30890652359399284,-0.08830979580273417,-0.03917474473222301,0.1754887927473226,0.11183752488957911,-0.19596388229706652,-0.05747952225419832,0.3412193284715164,0.02272415842571843,0.08601333579365059,0.23603945015656083,0.07188154359215765,-0.15074210012983932,0.13811838314288669,-0.0721555960987259,0.06510663805012219,0.15137034817606768
-0.40915129678208073,-0.5998322001501152,-0.05936672442989047,-1.025959458824055,0.20399360855731438,0.6929804200409649,0.5912900779188522,0.018447367147811738,-0.6976848364384928,0.5819139747665607,-2.8235632787760867,-0.0073007613707422436,0.23115668365417846,-1.8060337122881445,0.0905433713352708,-0.9831299520397188,-0.23953755998179627,0.9880698496680963,-0.5775945898835345,-0.611355649360061,0.11860829999240016,1.4032407763893906,-0.7271521542404972,1.1226432168341829,-0.5354415220530508,0.20229965228564428,-0.02579909446316586,-0.5036304071637463,-0.8386562845304341,-0.5937623878099659,1.6288001643111487,1.6614797223032851,-1.2402061554313395,-1.1516551457359272,-0.45640344567590313,0.4964619222751693,1.516363085763144,1.108737100857821,1.0516680153523414,0.5146929944777633,0.7848528138326745,-0.6191299111850226,-0.3208386603518583,-0.26458248382958444,0.4185191621531898,-0.5687488253728091,-0.4555844391884721,0.618824490482011,-0.42234002840657814,-1.191518261450315,-0.2442453898512308,0.07407698093980962,-0.32694277248539827,-0.037260096765592055,0.31376854168537116,-0.6654154068692991
0.8385456566049122,2.7459470409813482,-0.4202432315823078,-0.8959516019029287,-0.9489841662055454,-2.004519574448223,1.8079536603228354,2.0911402948117948,1.3274199932548008,-1.2427253706236694,1.3756574909834225,2.918733371431998,-0.2847515966031794,1.6405030401867824,0.4087912005367195,-1.3912092677863601,0.38729636230522224,-0.5775945898835345,2.451687677331411,-0.7028646453510252,-1.3375503465358576,-1.317022147406745,0.8521111612914937,1.0683706050240098,-0.4596088277066118,3.1455075902879974,-1.4128063473618637,1.1587626508705562,0.9652266422396547,0.13180781441010322,-0.5098459457651014,-0.963320444479446,0.660024639383987,-0.36473458349506627,-0.16919943187652495,0.7261343265404,0.6104578472828934,0.43423961799628025,-1.290523747520883,-1.940514005941672,0.6739510909860691,-1.131347371052475,1.0895027566134607,0.39245370419566383,-1.1686273231290316,-1.4809333970519682,2.3953703918891347,1.1370056373914703,0.02847656627046817,0.0578580275858222,0.3337457339649443,-1.2983731405673256,0.6913534744109225,-0.6778408155548266,0.9596010181353322,0.23575222834517934
-0.07253294093857435,-0.8304603388232639,0.3027361559333753,1.4297467979210001,0.2968858646433848,0.40688287274417756,-1.474018081660895,-1.07243692742119,-7.657024797812458e-4,0.10245545414965085,1.9310750107711592,-1.490230138591245,-0.03946198283029042,0.8201937730451722,-0.2981493904780596,1.6171393493930972,0.050795386854339306,-0.611355649360061,-0.7028646453510252,0.9710226546859773,0.5634093185058543,-0.6427703185957679,0.20535078272783858,-1.6313461472317556,0.6943385306130163,-1.816019509726037,0.7405899770988957,-0.08608906939781005,0.3369900167427229,0.4960212009862175,-1.3082482918456992,-1.0994402602315094,0.8129597777292901,1.2721755922193907,0.48384791639783264,-0.8082318731302378,-1.6927773585065826,-1.2445772017890226,-0.3137259348508952,0.5214224961581019,-1.1237539084587798,1.0984952888765316,-0.27170708705112173,0.09003675501126654,0.23557648826778085,1.2997871042761242,-0.8277444192884235,-1.1404129841585515,0.3918920562253352,1.1077374322271272,0.033167909500057755,0.6157831239586008,-0.04779483849383449,0.3754119297628986,-0.7502295275421166,0.5068707484412439
-0.40894609757440653,-1.50895192813124,0.2662936969873183,0.7746325268376176,0.5223244481270999,1.043131365979524,-1.2213318246937517,-1.258849319475274,-0.6350614301182782,0.6114423777547325,-0.17346896063573758,-1.7496783203420723,0.11782357867519756,-0.5676643849200406,-0.2662657096108484,1.0616310716233512,-0.17677207206278228,0.11860829999240016,-1.3375503465358576,0.5634093185058543,0.7751026149823386,0.4661664669789727,-0.3438416594138852,-0.9006852199068097,0.3989182767189481,-1.9343233801228579,0.8536030300176373,-0.5785538128407002,-0.38495993025263175,0.05813733633304883,-0.0707328661009403,0.19390536742834139,-0.10975620328989517,0.48488669575229304,0.20653610671939984,-0.5500240577821798,-0.7160424883318487,-0.5163849661433396,0.5316409218087774,1.045642522409677,-0.5861727598452108,0.821124978010258,-0.5798213813289148,-0.17390503068994462,0.6049206188305757,1.020064394140305,-1.3323926539937254,-0.8248864374387194,0.08057500401566449,0.24071423382081344,-0.1441614419461802,0.7622402367307396,-0.3393387231244904,0.4152609293417066,-0.6478119480346858,0.01228759934341188
-0.7121548746633174,-1.4145759709428893,0.007930167878075526,-1.1230039040697,0.48196261765388204,1.3469987944310446,0.3445935844100959,-0.46504245007573636,-1.2180597432995777,1.034686943415078,-3.96328739842568,-0.6823524865209706,0.35236598894735355,-2.7007587178358112,0.02418603328813206,-0.9431673610019965,-0.4086038926005816,1.4032407763893906,-1.317022147406745,-0.6427703185957679,0.4661664669789727,2.118758410638998,-1.1212446322336445,1.2169790458135983,-0.5694078452993487,-0.45864572052033264,0.2955715982410682,-0.9322260238427793,-1.324496500684764,-0.800675864316299,2.239778026394176,2.3839162537495393,-1.7511101851727648,-1.4068234461726743,-0.5390682723760278,0.4628873923143539,1.8032607302233905,1.3263994464313886,1.653106046227407,1.1094211731113632,0.8756362962726311,-0.5154003186341923,-0.6606527894298669,-0.44932977554405384,0.7994087561203617,-0.3965301836601304,-1.1310264826943532,0.5289615992755152,-0.5566426386175994,-1.5615755458385392,-0.3831477144270676,0.38764679882719816,-0.5821702565287785,0.11090381913482025,0.1703864236276613,-0.916098172971916
0.4346838491552106,0.9254390958703995,-0.0670555677048901,0.43057378819391673,-0.32120718275507015,-0.8497604248145187,0.013869335594340863,0.41442953759523865,0.6848871115550937,-0.6154735314970726,1.9994242203198562,0.6105746411054233,-0.214551446155593,1.4492289980041178,0.031894860567955166,0.3149985723170036,0.21298298031501395,-0.7271521542404972,0.8521111612914937,0.20535078272783858,-0.3438416594138852,-1.1212446322336445,0.6365381872029185,-0.44204980799413957,0.25015555210405255,0.5373027751718906,-0.27368687170131756,0.5274092537478804,0.685094186987186,0.38318613564123005,-1.07017041651997,-1.1875337017671947,0.8930990643849571,0.6184199679349525,0.256380356676021,-0.16437876187209127,-0.8116653413716864,-0.589478225477669,-0.9094967434579608,-0.7187364376667885,-0.3138925549868081,0.17068276395442958,0.42721321281449703,0.22003530138209842,-0.5101549650955004,0.03311355579509809,0.7862065990710415,-0.14974110385100198,0.2562142376785652,0.7228601438544698,0.22937233510434207,-0.3240639520264526,0.3412598700043367,-0.114640515673222,-0.008568712330074467,0.44963073969678374
0.05364394506824596,1.272903586629001,-0.4830823121445639,-2.4386375311611883,-0.4533290121855344,-0.5568278049887425,2.461748092958515,1.7437402603539378,-0.07634333775637737,-0.08670425304730581,-3.4867142499593324,2.408223669204563,0.10698617140646145,-1.5702909679846655,0.4919553730762839,-2.747735407831161,-0.1017374298504969,1.1226432168341829,1.0683706050240098,-1.6313461472317556,-0.9006852199068097,1.2169790458135983,-0.44204980799413957,2.7669859791717952,-1.2099024485217516,2.955938214865493,-1.2041843864338704,0.09079754393542176,-0.6316650938261874,-0.8745693288558622,2.304013921719558,1.9736301303990837,-1.4774421227057113,-2.2012229490988426,-0.8540240924310387,1.3829970478790674,2.9484994224429615,2.1612708487672454,0.6459278249788563,-0.7734645627667808,1.8982511412282097,-1.8822141636045715,0.39229228598408933,-0.1603163848178094,-0.31487946371366343,-2.1707766169811475,1.2685170737906661,1.9326862725457536,-0.6827995460409871,-1.9338849921928731,-0.09563173991854028,-0.9775313553158167,0.03567354814671947,-0.6148153865596825,1.2687942303004693,-0.902567715954718
0.012729245435196584,-0.5502304445584294,0.18328536232754944,1.0846415801912488,0.18990101828117187,0.19558700256637462,-1.0962456052220328,-0.7754354095175217,0.030492175691445907,0.010566329353220032,1.612085218196867,-1.0479335764406714,-0.08201282616633163,0.7665935313522978,-0.21357961518352322,1.2420732895459075,0.028782809605526982,-0.5354415220530508,-0.4596088277066118,0.6943385306130163,0.3989182767189481,-0.5694078452993487,0.25015555210405255,-1.2099024485217516,0.5823141923510325,-1.2807948327417245,0.5324177390385008,-0.05731121569794345,0.25833060697567545,0.3921657605519637,-1.012800497292176,-0.876240970896644,0.6906003406794997,0.9877841894432661,0.41356230911401853,-0.6439533182852106,-1.367256087765751,-0.9900995292131942,-0.3221657765843078,0.3132842044837717,-0.8112421789727138,0.8946733371593021,-0.1486090902717772,0.03820795083994337,0.098411165204035,0.9555585857923546,-0.5144382403917254,-0.8807382753579699,0.30026196673845756,0.8589936953514973,0.07145073047623823,0.40565975419392425,-0.0059645389754055065,0.27528778042969787,-0.5946424176660942,0.4092617289620174
0.8637646069029241,3.5754398855417326,-0.7480082966029737,-2.5588432111708053,-1.2453896987355013,-2.3570404171098747,3.4707508821933506,3.2549020236999224,1.2514101094200796,-1.2829903942669236,-1.0433633136219245,4.527266975548042,-0.2089065410019471,0.5365392333030824,0.7407128609119755,-3.2566188678390575,0.30917059751054027,0.20229965228564428,3.1455075902879974,-1.816019509726037,-1.9343233801228579,-0.45864572052033264,0.5373027751718906,2.955938214865493,-1.2807948327417245,5.127958993438594,-2.2172538698572426,1.1996512973167388,0.5117719592237893,-0.47222705838176826,1.0858971556650794,0.4120912794525703,-0.36573124912497346,-1.8727874057525913,-0.7513309729884706,1.6630667135146922,2.62480557005999,1.9119369370557735,-0.8262374531132848,-2.4415217587151505,1.971460404101409,-2.4025129793329287,1.3426017394050809,0.27260354359151967,-1.3683391507049552,-2.9500647432254454,3.230695112455249,2.445733578368813,-0.4422770836036068,-1.2743732721072454,0.2644458361158449,-1.9509414518253816,0.7046453303640478,-1.0890506391595294,1.813704927380259,-0.38900028230310274
-0.39764321044841905,-1.6022383546713095,0.3141124600123191,1.043271314739272,0.5560730812441245,1.066878986800238,-1.4739625062034474,-1.4211420176609875,-0.5988854675066552,0.5957950025603028,0.26584056599864464,-1.9729367869908359,0.09899892991870762,-0.3483620170016097,-0.3156976406358385,1.35669944357102,-0.15705177259529116,-0.02579909446316586,-1.4128063473618637,0.7405899770988957,0.8536030300176373,0.2955715982410682,-0.27368687170131756,-1.2041843864338704,0.5324177390385008,-2.2172538698572426,0.9662975379014819,-0.5656725155152608,-0.29106927757916945,0.1637965981001716,-0.35222871490274954,-0.05813634106658447,0.0780730915758389,0.7365783041097798,0.3040022349030046,-0.6982283789601713,-1.0511646126269258,-0.7622058315185459,0.42869762420184204,1.096473054131092,-0.7953495187550094,1.0200991595591302,-0.6033189821575645,-0.14734926119913302,0.617492776426628,1.2450340421467323,-1.4319614697139922,-1.0292757363529093,0.1614802074945329,0.46948234627036617,-0.1257007345808836,0.850264960131288,-0.3292259841762295,0.4737255202462821,-0.7778286732968519,0.12342307005322897
0.4388796400356255,1.2849207841018628,-0.13356435688366497,-0.062292487798552086,-0.43913513177940483,-0.9875222218133227,0.5626752507771673,0.8459843310813339,0.7484610112216356,-0.6598571219412332,1.3538820051507239,1.1759416220235115,-0.16225815845091596,1.1573005993344423,0.13643806699414776,-0.28925728700361614,0.23879869264181589,-0.5036304071637463,1.1587626508705562,-0.08608906939781005,-0.5785538128407002,-0.9322260238427793,0.5274092537478804,0.09079754393542176,-0.05731121569794345,1.1996512973167388,-0.5656725155152608,0.63110853899813,0.6547059362778651,0.22674558975745446,-0.6955126756924742,-0.8832093955984073,0.6132268382781508,0.18553739014973114,0.04428009853750195,0.1675881552873201,-0.16312281083447883,-0.13182509556310978,-0.8134770855382472,-0.92243762799871,0.02200654307245424,-0.3146270707671211,0.5218281041599736,0.2588391798298507,-0.5728412357855683,-0.4290046868358548,1.0781440636585702,0.293922834752523,0.13831448486021214,0.3756497553053558,0.18956477931138954,-0.5320489232763967,0.37164163489247504,-0.2661928716740141,0.31747354591427646,0.2872538381922519
0.4587570370747377,1.0470209824088783,-0.01694377958858401,0.576151698828834,-0.3531281742127273,-0.9166612670690061,-0.043907599180960266,0.4502977304535365,0.8253164612105434,-0.6876311071004073,2.377425742681372,0.6304969048936843,-0.20346948347477736,1.6606419739325615,0.01715620880554535,0.41387581204032087,0.28341769888876595,-0.8386562845304341,0.9652266422396547,0.3369900167427229,-0.38495993025263175,-1.324496500684764,0.685094186987186,-0.6316650938261874,0.25833060697567545,0.5117719592237893,-0.29106927757916945,0.6547059362778651,0.8705306755525195,0.4746668007417115,-1.355711759710892,-1.4707248798058614,1.0500923292722646,0.7803424514745954,0.2735689200098934,-0.18502191160759393,-0.9542424974811423,-0.7124299501722438,-1.046273518940629,-0.7890644815168755,-0.47629756341601837,0.1590602065057592,0.45848538542217016,0.3201099038857668,-0.5341046417149378,0.11075771855450728,0.8263874916779146,-0.1939270229771656,0.3288224794120671,0.9141678994063677,0.2297581565594447,-0.31520908965677585,0.39063563288536823,-0.12420725988227656,0.006314333210490714,0.5472406107892884
0.17634000722705911,0.11642811845516879,0.09482443788370114,0.7840249913241177,-0.035728275007033315,-0.24220127459036678,-0.5841534808527734,-0.2274648787360804,0.3353472879730593,-0.254437149677677,1.7403961655832207,-0.30361433597221754,-0.11401549221505546,1.0243961646625628,-0.10501019116332896,0.7987487096682178,0.1277718397613588,-0.5937623878099659,0.13180781441010322,0.4960212009862175,0.05813733633304883,-0.800675864316299,0.38318613564123005,-0.8745693288558622,0.3921657605519637,-0.47222705838176826,0.1637965981001716,0.22674558975745446,0.4746668007417115,0.3857353023339162,-1.0504643501504352,-1.022081011952066,0.7563024780011597,0.8109897290106225,0.3128365919714258,-0.3989061714104205,-1.0649686354996781,-0.7818225596487335,-0.5638120658442459,-0.13636887604700398,-0.6107173047156468,0.5127847176053513,0.094896464037051,0.15021381833693254,-0.14686112098116572,0.5394612111447179,0.042784734528176487,-0.5264844905089212,0.2831634765679214,0.7980601746081516,0.11981376291532948,0.09419659037482701,0.14579520123107367,0.09414068619289458,-0.29914051116097357,0.42167542496430105
-0.516695843907369,-0.48727756908530256,-0.2417743713973083,-2.0619797615581943,0.15368717603857693,0.7645857795905736,1.4614668839999077,0.4789743584365494,-0.9947652153658206,0.7577603595059909,-4.771562649708307,0.6403421070318567,0.3129555332128308,-2.84971719639461,0.2594515732080205,-2.0614462036928622,-0.377418433511759,1.6288001643111487,-0.5098459457651014,-1.3082482918456992,-0.0707328661009403,2.239778026394176,-1.07017041651997,2.304013921719558,-1.012800497292176,1.0858971556650794,-0.35222871490274954,-0.6955126756924742,-1.355711759710892,-1.0504643501504352,2.8789339537438083,2.8275163625100834,-2.0748185109546724,-2.165960394967387,-0.8214294880819495,1.0198479552379431,2.817736372551885,2.074465808595643,1.5947806493850176,0.48279870994611845,1.6210627120431884,-1.2898262744547855,-0.317162545655353,-0.44521075659086073,0.45648493835616555,-1.3664655274731272,-0.2516001371216886,1.3412389254199746,-0.7690294161491428,-2.16249351757772,-0.33410005708512697,-0.18189104744627327,-0.43532960747273125,-0.20969187998737304,0.734272351275319,-1.1525455798863773
-0.6579798526922337,-0.9993321105992795,-0.14332840201599226,-1.7803786251488485,0.3321972146872111,1.1222760261255234,1.0333792174493999,0.046448790759559475,-1.201518100119475,0.9642587583682577,-4.800005525116023,0.03520748909718085,0.3565724179183307,-3.030330475296826,0.1656422206091116,-1.6858338803535438,-0.43127336410681677,1.6614797223032851,-0.963320444479446,-1.0994402602315094,0.19390536742834139,2.3839162537495393,-1.1875337017671947,1.9736301303990837,-0.876240970896644,0.4120912794525703,-0.05813634106658447,-0.8832093955984073,-1.4707248798058614,-1.022081011952066,2.8275163625100834,2.868478356222963,-2.100103675328327,-1.9836269630171313,-0.7500928891973647,0.8290291096893435,2.559627452895702,1.8858591880694169,1.7680552065846362,0.8399347647255957,1.4014415731277108,-1.0096219212822808,-0.5163716901229508,-0.4944635628960184,0.6658803064140489,-1.0056381367963907,-0.7117947684305188,1.0526841643422888,-0.734266077037951,-2.061477518021269,-0.3854803637820567,0.08433044481084834,-0.5487796868694255,-0.06690272707801866,0.5129389416711337,-1.1397162857604426
0.4897775476573179,0.6792311332645663,0.09656174114400833,1.3432958542788573,-0.22906296562815284,-0.8135277438430013,-0.814340076519115,-0.08919814508997854,0.85359883536673,-0.7005764104970069,3.562381941436245,-0.08744837366443105,-0.27945080583013626,2.24808287241425,-0.1300856055445799,1.2992956750847113,0.2987418287850245,-1.2402061554313395,0.660024639383987,0.8129597777292901,-0.10975620328989517,-1.7511101851727648,0.8930990643849571,-1.4774421227057113,0.6906003406794997,-0.36573124912497346,0.0780730915758389,0.6132268382781508,1.0500923292722646,0.7563024780011597,-2.0748185109546724,-2.100103675328327,1.5614596634373203,1.4857656343818626,0.5825991122872661,-0.6525254781023352,-1.950112151777529,-1.428287609406637,-1.299688832828228,-0.5919069547009543,-1.0348867386912572,0.8158476520978923,0.37118333194910524,0.3345330072871058,-0.49028287750074423,0.7778018756278893,0.4974792142610111,-0.824042444643352,0.5413157363706856,1.525908556666885,0.2959728204625386,-0.04755802348072655,0.3951729844894119,0.06857930437525284,-0.4252994472769149,0.8438269297945601
0.16653825995126792,-0.47709804563294667,0.3167655145578807,1.9588705930922912,0.17408255154358754,-9.97716613997554e-4,-1.7645255053449949,-1.0578805554357333,0.3800956603545793,-0.2288220533856075,3.455551907646107,-1.443600050647704,-0.1776967510337082,1.815390307846762,-0.3389814442137366,2.125766048966717,0.17481350533376042,-1.1516551457359272,-0.36473458349506627,1.2721755922193907,0.48488669575229304,-1.4068234461726743,0.6184199679349525,-2.2012229490988426,0.9877841894432661,-1.8727874057525913,0.7365783041097798,0.18553739014973114,0.7803424514745954,0.8109897290106225,-2.165960394967387,-1.9836269630171313,1.4857656343818626,1.8769336042994158,0.7350288076339996,-1.072108783156975,-2.5047819404418608,-1.8338001617639603,-0.8952494965918932,0.21635701816835345,-1.5157751934958743,1.4333488431243573,-0.08031761138473091,0.2208332164097612,-0.014234011700837934,1.5778411118004523,-0.5411129380583017,-1.4608894689022645,0.6129643204998817,1.7344840935805717,0.17673032134291225,0.5504459524745017,0.13597871848294096,0.38787247590519536,-0.9159390060651891,0.8625213053314644
0.07244161569775463,-0.21685060251009966,0.1105678098535443,0.769747207871378,0.07493311836389258,3.032717798884724e-4,-0.7093565494040117,-0.44007335052994656,0.12451706015645823,-0.08543951201779426,1.3479283868155993,-0.5883750324236738,-0.08394694846783339,0.7147708533093547,-0.1340620648476931,0.8531120695587034,0.052151131859840334,-0.45640344567590313,-0.16919943187652495,0.48384791639783264,0.20653610671939984,-0.5390682723760278,0.256380356676021,-0.8540240924310387,0.41356230911401853,-0.7513309729884706,0.3040022349030046,0.04428009853750195,0.2735689200098934,0.3128365919714258,-0.8214294880819495,-0.7500928891973647,0.5825991122872661,0.7350288076339996,0.3056004106433166,-0.441373168889358,-1.0080482799554085,-0.7309458058797619,-0.34588514003983595,0.09545296285712551,-0.5764060879537383,0.603385738377016,-0.032774545798341256,0.060338464693774255,-0.011543052892825152,0.6258742468957829,-0.21685737578161293,-0.5932923357937095,0.2342006512730431,0.667944739163312,0.07969374056729388,0.21554183791218487,0.04763294778036385,0.16107835273812338,-0.3855136572595605,0.33379770416892185
0.07899228770510926,0.8501378805390605,-0.24318242256273587,-1.2281903009023283,-0.29541329218942897,-0.4159992856248989,1.3284806951479473,1.0188296527272427,0.095629303543334307,-0.14013547996296982,-1.5443167534333289,1.3927944784148139,0.048279195406087536,-0.6268866264620269,0.265975993150371,-1.435866612846538,0.0023041683321525226,0.4964619222751693,0.7261343265404,-0.8082318731302378,-0.5500240577821798,0.4628873923143539,-0.16437876187209127,1.3829970478790674,-0.6439533182852106,1.6630667135146922,-0.6982283789601713,0.1675881552873201,-0.18502191160759393,-0.3989061714104205,1.0198479552379431,0.8290291096893435,-0.6525254781023352,-1.072108783156975,-0.441373168889358,0.7393109691287577,1.4810171537111299,1.075208798421736,0.2032551155043964,-0.5271757023477452,0.9289772459337811,-1.0337691186253521,0.2698774624450781,-0.012122660123990143,-0.229499542750863,-1.1521266735187878,0.7886927856334961,1.0306390880521041,-0.3142165924525396,-0.898593428953406,-0.034063272936089704,-0.5616077352039694,0.07633501291639509,-0.35486631582951084,0.7096110478097173,-0.40541232060901045
