V1,V2,V3,V4,V5,V6,V7,V8,V9,V10,V11,V12,V13,V14,V15,V16,V17,V18,V19,V20,V21,V22,V23,V24,V25,V26,V27,V28,V29,V30,V31,V32,V33,V34,V35,V36,V37,V38,V39,V40,V41,V42,V43,V44,V45,V46,V47,V48,V49,V50,V51,V52,V53,V54,V55,V56
731065.7742422577,1920719.787022228,-2074423.9645666396,628525.881292809,1632691.0584974277,3923306.8114889055,7779192.594995907,-759204.4524966807,237238.5608126076,-64860.45973680179,1783886.995883793,2297236.6271053646,-3071640.088291541,-1238950.4393067483,-3190996.0083153904,5323214.779295936,-3784382.3409562125,312453.5077788164,-2391775.419478969,-1436274.8630408647,190198.26187314,809464.2902890395,3010130.7753113625,-453419.8487864097,-1266594.9645589394,719580.3407687407,669559.2904972092,3690151.4526870195,-1959737.7745323712,-4059644.553235275,-1785854.6167601561,-2696810.964078371,-3663785.7733164043,2140607.7779269107,214543.4462447482,376292.23987614777,-1499834.2978334948,-2198562.6041173846,-3337110.8842575974,1234253.116726802,2634033.0915034916,-1602189.4862279608,2380978.739150764,-278372.9726478966,-2790710.4837824726,744008.4825466991,2973283.3398447447,5608550.422054573,736919.2693087324,3699720.5409968365,1903619.014133549,3824225.6739270897,-238057.29838449092,3698513.655349467,-1579715.6494978117,-5424282.555885317
1920719.787022228,5046283.871790391,-5450109.884320425,1651318.0144000172,4289549.617980922,10307655.796720548,20438179.647755563,-1994649.7203194932,623295.0912464206,-170407.5559668528,4686786.274417002,6035502.101650899,-8070083.027419725,-3255078.8171665,-8383664.607446765,13985618.927827552,-9942661.952116478,820906.2145293271,-6283882.39585951,-3773507.866453151,499705.63643059984,2126695.9026280087,7908480.994025446,-1191265.1150010657,-3327710.01572015,1890545.2758629636,1759125.078928176,9695090.693435265,-5148795.4193566935,-10665855.825082118,-4691955.31514901,-7085299.136995897,-9625821.187052673,5623993.863263777,563667.8050034151,988628.0013491784,-3940496.5033192504,-5776257.054741149,-8767551.035188554,3242737.2639510166,6920364.3013061285,-4209414.416869802,6255516.29118318,-731366.3190930452,-7332001.319833123,1954724.4632506252,7811672.821925204,14735277.623678075,1936100.1073376532,9720232.414956946,5001355.691422033,10047342.14329058,-625445.4439149892,9717059.308258086,-4150368.2448952845,-14251152.741308117
-2074423.9645666396,-5450109.884320425,5886253.26669427,-1783463.35742823,-4632818.395030322,-11132519.819520393,-22073735.963506863,2154272.235172433,-673174.8729629203,184044.7665950305,-5061845.350834415,-6518490.078606099,8715887.700522456,3515564.3258022047,9054562.606788658,-15104812.223274803,10738318.649452936,-886599.7201272424,6786746.65522879,4075481.0705703828,-539694.5126399262,-2296884.105270557,-8541354.342106618,1286596.2111502353,3594008.819006181,-2041835.8771222853,-1899898.2021932504,-10470935.966083497,5560825.771664512,11519386.637715548,5067427.832785953,7652296.744749339,10396123.985157415,-6074052.207047172,-608775.4355863405,-1067742.6445628288,4255832.28202302,6238499.417074228,9469170.018113235,-3502234.670158345,-7474163.72701634,4546272.021914794,-6756110.348174279,789893.8969928705,7918742.750649892,-2111150.4104431043,-8436798.974637704,-15914461.754147017,-2091036.444610386,-10498091.055311523,-5401586.856976925,-10851376.1575375,675497.0278917736,-10494661.0747328,4482499.459284246,15391594.890928227
628525.881292809,1651318.0144000172,-1783463.35742823,540368.3464008963,1403688.452696816,3373020.4737340217,6688076.1584888585,-652717.5930734948,203963.23255410665,-55763.04844938247,1533677.3760793824,1975024.2349296475,-2640809.1358780544,-1065174.1935894913,-2743424.162601877,4576575.953500484,-3253581.548849951,268628.44434789015,-2056302.941398828,-1234821.704943585,163520.86285997226,695928.068965245,2587927.0977285895,-389822.73108883935,-1088941.210451354,618651.3172017044,575646.3237419797,3172567.5512410467,-1684863.1518925964,-3490235.1723482865,-1535369.0048739493,-2318553.9216643656,-3149899.8801335706,1840364.1807970933,184451.36769833002,323513.12717723666,-1289466.3143387707,-1890190.261395396,-2869044.7828289545,1061135.7689834095,2264581.290778392,-1377464.9036529993,2047020.6389765537,-239328.11613201394,-2399282.854752671,639653.1840687117,2556248.014493081,4821890.188957974,633558.2814461145,3180794.3245997448,1636615.770174358,3287836.3924221355,-204667.10444496834,3179756.9977117563,-1358143.38739831,-4663467.899492148
1632691.0584974277,4289549.617980922,-4632818.395030322,1403688.452696816,3646294.2972888565,8761932.847018389,17373296.323783096,-1695534.5786515707,529826.6374494302,-144853.48764648,3983961.909042004,5130425.926318248,-6859903.65745441,-2766951.2834256357,-7126460.898528906,11888353.416902088,-8451673.021354802,697804.2239936941,-5341559.384532937,-3207637.4808829133,424770.3920542745,1807779.2607217198,6722535.289972337,-1012624.5445178049,-2828690.8680216842,1607041.540522778,1495328.93272175,8241227.272536001,-4376688.565529921,-9066417.699048115,-3988355.7476342786,-6022796.768154904,-8182345.384905695,4780626.964893641,479140.92933756916,840374.5653841773,-3349584.7333951048,-4910056.889405957,-7452780.240994889,2756460.4527843795,5882595.405614252,-3578176.098413071,5317447.026238228,-621691.5773177984,-6232503.80160592,1661596.4544277037,6640244.497076926,12525594.24928194,1645765.088250253,8262598.785946443,4251358.844131108,8540655.513006546,-531654.4405238559,8259901.435172878,-3527984.389357003,-12114068.107788293
3923306.8114889055,10307655.796720548,-11132519.819520393,3373020.4737340217,8761932.847018389,21054655.926887043,41747496.952194124,-4074317.198233989,1273156.3252758002,-348078.16767427465,9573336.951644167,12328255.785371795,-16484137.789166477,-6648899.5076028975,-17124667.133003276,28567347.416112296,-20309110.805855148,1676801.5238974446,-12835603.310140405,-7707854.050929585,1020710.2866849883,4344038.126550619,16154045.45720439,-2433305.3152689044,-6797257.105006886,3861671.1616456737,3593229.4476667307,19803415.807719655,-10517048.462481322,-21786322.922504567,-9583895.672220316,-14472595.307450308,-19661923.95340196,11487699.209347371,1151360.655019577,2019394.4657008792,-8048948.960156108,-11798715.955558455,-17908802.137296245,6623690.496995713,14135695.225745833,-8598246.328169802,12777662.079361614,-1493905.5236840139,-14976514.462091537,3992765.3474696083,15956302.28236272,30098617.652918257,3954722.1968741654,19854770.497436475,10215884.223380448,20522932.849339098,-1277549.170919522,19848290.007740952,-8477637.638585232,-29109733.070906725
7779192.594995907,20438179.647755563,-22073735.963506863,6688076.1584888585,17373296.323783096,41747496.952194124,82777589.11365476,-8078623.2038780805,2524436.568508866,-690175.9014712693,18982164.920823246,24444657.268788494,-32685005.450849876,-13183539.874353852,-33955054.869855195,56643783.56591824,-40269221.012867674,3324790.3768890677,-25450633.191020437,-15283253.324971003,2023880.5814565048,8613427.228923967,32030495.11700274,-4824797.324879269,-13477708.222181808,7656983.205755171,7124711.305361773,39266522.01171013,-20853368.301020633,-43198262.319709025,-19003100.19254217,-28696487.44118636,-38985971.67721148,22777991.1854124,2282936.8133119424,4004087.0334717557,-15959580.33102619,-23394678.069581866,-35509851.541294895,13133553.970794255,28028478.37919805,-17048739.869917665,25335745.948666602,-2962140.012591347,-29695669.815672364,7916917.383080048,31638407.067883,59680009.46560155,7841487.013909376,39368352.08591657,20256214.790406957,40693191.48780856,-2533145.743903386,39355495.61898461,-16809592.203530278,-57719233.40208095
-759204.4524966807,-1994649.7203194932,2154272.235172433,-652717.5930734948,-1695534.5786515707,-4074317.198233989,-8078623.2038780805,788429.5061647667,-246371.6402241226,67357.71156236413,-1852552.7844320785,-2385659.4452364068,3189870.9754385515,1286637.9195168451,3313819.6178900185,-5528112.332027479,3930047.0937116016,-324481.60359963606,2483836.740053758,1491558.7217647363,-197519.446985826,-840621.9909962155,-3125995.3467773777,470873.5456278737,1315348.191660807,-747278.7280631894,-695331.3188951958,-3832189.741100694,2035170.7706871734,4215905.835982307,1854595.7262341136,2800614.0344436807,3804810.4599815886,-2223003.520986073,-222802.07415319668,-390776.33396902384,1557563.7255371595,2283187.8347425037,3465559.648102587,-1281759.056563129,-2735420.849812226,1663861.4692194995,-2472624.161969953,289088.40971561434,2898130.3255480435,-772646.2212843077,-3087729.5768605997,-5824430.45612962,-765285.4979610058,-3842129.3190114447,-1976891.5287196308,-3971424.572141507,247221.29743153855,-3840871.4005833855,1640520.6553744115,5633069.720211478
237238.5608126076,623295.0912464206,-673174.8729629203,203963.23255410665,529826.6374494302,1273156.3252758002,2524436.568508866,-246371.6402241226,76987.76259737673,-21048.43783991527,578893.0013029638,745479.1760747521,-996781.9402923472,-402052.6274275706,-1035513.426803817,1727444.216923492,-1228074.623166025,101395.63723923787,-776157.7619122233,-466087.6064144758,61721.58083526732,262680.52913899836,976822.1765103881,-147140.54632517506,-411024.7656656991,233512.51458613056,217279.55951549366,1197496.062918186,-635957.0922166477,-1317401.195236797,-579531.0466023965,-875145.7210172705,-1188940.8647302184,694652.2982619511,69622.18628491352,122111.08327791214,-486712.971078704,-713458.4558764037,-1082929.9724527067,400527.89239068946,854774.3481502822,-519929.9255362874,772653.9858546535,-90335.58648986396,-905618.5179111565,241439.12428549866,964865.2955875484,1820038.6070648097,239139.66151314141,1200602.4687559037,617746.1926385668,1241004.5668417164,-77252.71992734943,1200208.2747280232,-512635.8562492309,-1760241.4558703785
-64860.45973680179,-170407.5559668528,184044.7665950305,-55763.04844938247,-144853.48764648,-348078.16767427465,-690175.9014712693,67357.71156236413,-21048.43783991527,5754.665367329941,-158268.3605112364,-203812.46121855805,272518.1577308874,109920.26590522297,283107.13902193174,-472279.8408798323,335753.072792442,-27721.491439827932,212199.8836070411,127427.4136686284,-16874.570195746946,-71816.36068915378,-267061.3115677527,40228.02155396637,112373.38448702075,-63841.93166449297,-59403.78718491826,-327393.01330260304,173869.4107049782,360174.8993166288,158442.75663592352,239263.05395004636,325054.1552269215,-189916.65175048183,-19034.622106680054,-33384.93034382289,133066.27212155503,195058.09562320725,296070.8192441958,-109503.34326110914,-233693.6626886958,142147.96619579298,-211241.93010142734,24697.615392713677,247594.46493688738,-66008.96371933621,-263792.3443866261,-497594.9245542385,-65380.42952962019,-328242.4857023647,-168890.57442666075,-339288.13857271726,21120.81476667033,-328134.307886582,140153.61221231616,481246.48666059476
1783886.995883793,4686786.274417002,-5061845.350834415,1533677.3760793824,3983961.909042004,9573336.951644167,18982164.920823246,-1852552.7844320785,578893.0013029638,-158268.3605112364,4352901.624961439,5605532.838389747,-7495170.491644003,-3023186.0381093295,-7786411.317576013,12989284.770324087,-9234346.608717736,762426.131337216,-5836218.115335222,-3504683.3937363178,464106.7671954316,1975190.4773479144,7345082.022456848,-1106400.330051237,-3090644.5168061163,1755863.6610925414,1633805.0214901434,9004412.874410257,-4781995.5718329605,-9906021.35486645,-4357701.916695831,-6580542.561481153,-8940079.211714866,5223341.849861568,523512.67754199775,918198.2225205402,-3659775.1053526327,-5364756.673853332,-8142950.558864511,3011723.1093543903,6427358.66684245,-3909537.574523468,5809872.578777693,-679264.3067867702,-6809671.641325696,1815469.9091719713,7255170.8273133105,13685537.457462993,1798173.6875081162,9027765.212267086,4645059.480705585,9331569.836319676,-580889.417524718,9024814.411617145,-3854696.288361557,-13235901.444378547
2297236.6271053646,6035502.101650899,-6518490.078606099,1975024.2349296475,5130425.926318248,12328255.785371795,24444657.268788494,-2385659.4452364068,745479.1760747521,-203812.46121855805,5605532.838389747,7218635.941154389,-9652053.988897884,-3893168.825042736,-10027106.504568348,16727207.021962965,-11891712.793880425,981827.8534629879,-7515705.969462436,-4513225.105952263,597662.5237842096,2543590.242562843,9458773.42305281,-1424787.8416556462,-3980038.0170647614,2261147.2432906306,2103964.731309457,11595610.41838202,-6158109.188641861,-12756673.860228825,-5611715.166849179,-8474223.728645748,-11512762.220969569,6726460.358051671,674163.1482618232,1182427.900459189,-4712948.212809373,-6908571.439034591,-10486245.962746423,3878407.863163166,8276956.972145281,-5034582.239637151,7481779.229691593,-874735.4369503702,-8769287.069836117,2337907.323662891,9342987.870907325,17623820.569982637,2315632.147390744,11625680.967381638,5981766.78468989,12016913.414442962,-748051.0815736608,11621885.216030715,-4963961.032285936,-17044793.117956232
-3071640.088291541,-8070083.027419725,8715887.700522456,-2640809.1358780544,-6859903.65745441,-16484137.789166477,-32685005.450849876,3189870.9754385515,-996781.9402923472,272518.1577308874,-7495170.491644003,-9652053.988897884,12905782.7912084,5205564.581367414,13407266.160960905,-22365985.62595345,15900435.495759549,-1312804.3414099836,10049266.978778286,6034643.215594528,-799135.9500960326,-3401040.2783281105,-12647347.096732385,1905087.1077501732,5321717.7218072405,-3023385.11585373,-2813215.88272421,-15504516.392717456,8234021.639220369,17056977.02075095,7503436.946485183,11330903.199820697,15393740.029069927,-8993965.203076025,-901425.0973035471,-1581027.0542932176,6301693.2326721195,9237466.214667896,14021182.678727798,-5185827.545686052,-11067137.472780239,6731751.238079184,-10003903.389314193,1169610.7347180373,11725433.46347379,-3126021.0934963212,-12492529.705122767,-23564849.532090988,-3096236.964432461,-15544724.156148192,-7998233.513247869,-16067841.58889605,1000220.9301673518,-15539648.156089488,6637323.160001443,22790630.626436044
-1238950.4393067483,-3255078.8171665,3515564.3258022047,-1065174.1935894913,-2766951.2834256357,-6648899.5076028975,-13183539.874353852,1286637.9195168451,-402052.6274275706,109920.26590522297,-3023186.0381093295,-3893168.825042736,5205564.581367414,2099671.8532660827,5407839.097258253,-9021349.423957799,6413461.861523021,-529520.7950818896,4053385.4098508623,2434081.2352029844,-322332.49253795895,-1371813.9741086375,-5101323.755006532,768418.9965505664,2146521.6704792604,-1219486.0434461883,-1134714.354104545,-6253767.104965205,3321203.4948656415,6879953.886857165,3026520.5933127576,4570334.774554048,6209084.830256727,-3627727.23914222,-363590.7525091021,-637709.3592504429,2541796.465813729,3725944.2196275415,5655462.752326185,-2091711.1412917613,-4463944.06003765,2715259.9665695783,-4035088.0359912734,471763.7999730109,4729468.2556525,-1260884.7734019263,-5038877.66683287,-9504912.91704667,-1248870.6598349693,-6269984.246744102,-3226097.906966933,-6480985.132189968,403440.15652943216,-6267938.43711749,2677172.939959476,9192630.781758254
-3190996.0083153904,-8383664.607446765,9054562.606788658,-2743424.162601877,-7126460.898528906,-17124667.133003276,-33955054.869855195,3313819.6178900185,-1035513.426803817,283107.13902193174,-7786411.317576013,-10027106.504568348,13407266.160960905,5407839.097258253,13928236.445593165,-23235066.045366466,16518283.041861882,-1363815.6667378154,10439754.317840444,6269132.862826587,-830188.102170061,-3533195.204412582,-13138787.811141396,1979113.0985012439,5528504.84827173,-3140865.1646532,-2922529.764896175,-16106979.318577386,8553973.022371612,17719763.981348753,7794999.225639354,11771191.09175807,15991897.917132221,-9343445.436020052,-936451.7219034377,-1642461.3964422946,6546560.072800809,9596408.828070993,14566007.609196432,-5387335.445575413,-11497175.63706002,6993327.744024431,-10392628.153433982,1215058.3487603494,12181050.678058274,-3247489.722026823,-12977954.493771493,-24480514.695218164,-3216547.582016755,-16148748.523328524,-8309022.847266406,-16692193.840166513,1039086.3995863177,-16143477.28566929,6895231.287480584,23676211.854881357
5323214.779295936,13985618.927827552,-15104812.223274803,4576575.953500484,11888353.416902088,28567347.416112296,56643783.56591824,-5528112.332027479,1727444.216923492,-472279.8408798323,12989284.770324087,16727207.021962965,-22365985.62595345,-9021349.423957799,-23235066.045366466,38760711.233824536,-27555779.8922208,2275117.3609656,-17415585.03808754,-10458160.301742023,1384918.9785976894,5894072.471447843,21918111.706707977,-3301555.3369622547,-9222645.906438882,5239588.598815557,4875360.689894421,26869644.260255054,-14269727.93801928,-29560090.535386134,-13003610.39099311,-19636687.172915734,-26677667.035644762,15586726.248624371,1562188.3956736203,2739952.1914999974,-10920963.240819693,-16008717.94672668,-24298996.30776438,8987144.513226163,19179576.241584152,-11666263.458419513,17336968.93608703,-2026959.575806417,-20320416.928611867,5417458.473358795,21649810.42338369,40838366.773004666,5365842.657768534,26939325.7818115,13861102.560446192,27845898.26833907,-1733403.58044505,26930527.468379132,-11502617.053117812,-39496629.48257563
-3784382.3409562125,-9942661.952116478,10738318.649452936,-3253581.548849951,-8451673.021354802,-20309110.805855148,-40269221.012867674,3930047.0937116016,-1228074.623166025,335753.072792442,-9234346.608717736,-11891712.793880425,15900435.495759549,6413461.861523021,16518283.041861882,-27555779.8922208,19589966.27098608,-1617426.7598402307,12381094.98362303,7434919.412910526,-984567.1127343001,-4190216.2581785647,-15582032.33909782,2347142.631139981,6556566.915103632,-3724930.082991125,-3465993.3819246776,-19102178.178386405,10144640.70707662,21014871.06124466,9244531.274279356,13960121.48196837,18965697.160642654,-11080921.143048208,-1110591.3418692905,-1947887.9301236656,7763935.706402846,11380924.192424688,17274652.377824385,-6389145.137097551,-13635151.519978028,8293783.87163548,-12325205.27940162,1441006.6726209915,14446198.101885332,-3851381.7873172387,-15391291.140481325,-29032827.751823217,-3814686.376032981,-19151715.486161247,-9854140.406853687,-19796217.142001726,1232311.6959430133,-19145462.19246121,8177444.966914706,28078959.42595243
312453.5077788164,820906.2145293271,-886599.7201272424,268628.44434789015,697804.2239936941,1676801.5238974446,3324790.3768890677,-324481.60359963606,101395.63723923787,-27721.491439827932,762426.131337216,981827.8534629879,-1312804.3414099836,-529520.7950818896,-1363815.6667378154,2275117.3609656,-1617426.7598402307,133542.00828457525,-1022232.9936837716,-613857.1479200998,81289.9250453428,345961.4007288708,1286516.252870881,-193790.11048033147,-541336.9876338914,307545.74622568185,286166.4389560822,1577153.3151464215,-837582.7090708727,-1735073.3297207956,-763266.716727858,-1152604.1682749211,-1565885.4873088517,914886.3819520382,91695.22805045544,160825.53435283576,-641021.7217093532,-939655.2083155353,-1426265.0656996337,527512.7890982105,1125773.8909644566,-684769.366239772,1017618.3913827256,-118975.63471678736,-1192737.6872298871,317985.6543187954,1270768.1541426342,2397068.2253316166,314956.6983629848,1581244.2402300043,813597.9059812715,1634455.9167777863,-101745.01315866529,1580725.9005480893,-675163.1042275656,-2318312.890687419
-2391775.419478969,-6283882.39585951,6786746.65522879,-2056302.941398828,-5341559.384532937,-12835603.310140405,-25450633.191020437,2483836.740053758,-776157.7619122233,212199.8836070411,-5836218.115335222,-7515705.969462436,10049266.978778286,4053385.4098508623,10439754.317840444,-17415585.03808754,12381094.98362303,-1022232.9936837716,7825001.484522786,4698958.732820318,-622258.2553925442,-2648267.128890002,-9848032.12486165,1483422.2839348458,4143829.279699586,-2354200.5769069167,-2190549.627811146,-12072806.933640808,6411535.155611835,13281651.77650422,5842654.9917865405,8822965.165915987,11986549.067658404,-7003275.570113769,-701907.0220669148,-1231088.631792508,4906901.161766826,7192881.327416835,10917788.683105888,-4038017.06748003,-8617580.063070042,5241771.117077394,-7789678.579608905,910733.5210098405,9130171.051101802,-2434119.7299277415,-9727481.438756656,-18349097.15661698,-2410927.5817550835,-12104114.733553654,-6227935.571570281,-12511447.938978838,778835.6901078772,-12100163.364205351,5168243.858184468,17746240.897186216
-1436274.8630408647,-3773507.866453151,4075481.0705703828,-1234821.704943585,-3207637.4808829133,-7707854.050929585,-15283253.324971003,1491558.7217647363,-466087.6064144758,127427.4136686284,-3504683.3937363178,-4513225.105952263,6034643.215594528,2434081.2352029844,6269132.862826587,-10458160.301742023,7434919.412910526,-613857.1479200998,4698958.732820318,2821752.1093076393,-373669.6987400964,-1590299.8236876358,-5913800.742558154,890803.8991051865,2488393.6600501174,-1413711.2979223486,-1315437.785069506,-7249790.790993245,3850164.098403553,7975709.258771611,3508548.6106783324,5298241.922741876,7197992.700706998,-4205507.953243556,-421499.3814016789,-739275.8421295536,2946622.6455106847,4319367.025798097,6556195.474348366,-2424852.3480893373,-5174907.216177919,3147714.4501955193,-4677747.084972307,546900.8873158639,5482721.18792287,-1461703.0187329343,-5841409.590518933,-11018739.690525802,-1447776.3598333234,-7268591.632459507,-3739911.6391247152,-7513197.214248269,467695.481329796,-7266218.042022096,3103560.593238786,10656720.964000601
190198.26187314,499705.63643059984,-539694.5126399262,163520.86285997226,424770.3920542745,1020710.2866849883,2023880.5814565048,-197519.446985826,61721.58083526732,-16874.570195746946,464106.7671954316,597662.5237842096,-799135.9500960326,-322332.49253795895,-830188.102170061,1384918.9785976894,-984567.1127343001,81289.9250453428,-622258.2553925442,-373669.6987400964,49483.15159207305,210595.08631860765,783133.483584181,-117964.52133203688,-329524.88243527274,187210.37530905733,174196.46955987418,960051.5205381307,-509856.98587911355,-1056181.138953868,-464618.6311746136,-701618.1380107794,-953192.2177995824,556913.2778348896,55816.9581559257,97898.45026434836,-390205.5609536628,-571991.001640324,-868202.3398338176,321110.30186813883,685285.6157300945,-416835.2712856,619449.2853490022,-72423.22980040548,-726047.9623346833,193565.63317070671,773546.9860310723,1459153.5123403172,191721.41902944655,962541.3727526735,495256.69498284976,994933.0669539565,-61934.512463736464,962226.7677203084,-410988.08096347906,-1411213.2730922916
809464.2902890395,2126695.9026280087,-2296884.105270557,695928.068965245,1807779.2607217198,4344038.126550619,8613427.228923967,-840621.9909962155,262680.52913899836,-71816.36068915378,1975190.4773479144,2543590.242562843,-3401040.2783281105,-1371813.9741086375,-3533195.204412582,5894072.471447843,-4190216.2581785647,345961.4007288708,-2648267.128890002,-1590299.8236876358,210595.08631860765,896270.8240527872,3332935.297419203,-502044.70612366544,-1402423.8458920321,796747.964512218,741362.2598988625,4085880.388538036,-2169898.658856398,-4494997.988252544,-1977368.9043222282,-2986014.679564011,-4056687.8123942385,2370165.4134989274,237551.18196159138,416645.6013917849,-1660674.9272922177,-2434334.7171983295,-3694979.769867762,1366612.5842469323,2916505.044741942,-1774007.8345721979,2636312.4853113564,-308225.72404386365,-3089985.025898482,823795.3548923712,3292136.381403732,6210007.0855744835,815946.5155445348,4096476.607510595,2107761.6086513917,4234332.598653072,-263586.763371747,4095138.2874663044,-1749123.0707424227,-6005978.3910266915
3010130.7753113625,7908480.994025446,-8541354.342106618,2587927.0977285895,6722535.289972337,16154045.45720439,32030495.11700274,-3125995.3467773777,976822.1765103881,-267061.3115677527,7345082.022456848,9458773.42305281,-12647347.096732385,-5101323.755006532,-13138787.811141396,21918111.706707977,-15582032.33909782,1286516.252870881,-9848032.12486165,-5913800.742558154,783133.483584181,3332935.297419203,12394087.013882771,-1866938.5267114863,-5215151.605931101,2962842.799933399,2756881.784110094,15194041.67493322,-8069137.174476977,-16715414.882263135,-7353182.7573832,-11104004.110469958,-15085484.086635338,8813863.394950908,883374.487494612,1549367.3480182008,-6175502.806522773,-9052487.836241174,-13740411.176380541,5081981.676680172,10845520.6662391,-6596950.044691162,9803576.811749296,-1146189.725211214,-11490634.88856356,3063423.148019775,12242369.869817594,23092968.456911743,3034236.002152002,15233445.101128934,7838070.576247165,15746086.358701656,-980192.0472228399,15228468.992099522,-6504412.136023396,-22334253.05681494
-453419.8487864097,-1191265.1150010657,1286596.2111502353,-389822.73108883935,-1012624.5445178049,-2433305.3152689044,-4824797.324879269,470873.5456278737,-147140.54632517506,40228.02155396637,-1106400.330051237,-1424787.8416556462,1905087.1077501732,768418.9965505664,1979113.0985012439,-3301555.3369622547,2347142.631139981,-193790.11048033147,1483422.2839348458,890803.8991051865,-117964.52133203688,-502044.70612366544,-1866938.5267114863,281219.80026888056,785565.5572014553,-446297.30141219957,-415272.8482161483,-2288699.2508423375,1215465.1790952566,2517865.9830458835,1107620.380841547,1672611.2374970096,2272347.416262693,-1327644.6272998159,-133064.08188687512,-233383.338839917,930224.226305302,1363588.5858297476,2069736.726018138,-765505.2770126297,-1633675.8521391489,993708.1361850895,-1476725.8476662708,172652.29661981665,1730850.6182633184,-461447.5904802837,-1844085.2973581108,-3478525.48933375,-457051.5327710401,-2294635.197109385,-1180659.3220374545,-2371854.4632898066,147647.8841419666,-2293884.4274291373,979768.5170273104,3364239.0923982235
-1266594.9645589394,-3327710.01572015,3594008.819006181,-1088941.210451354,-2828690.8680216842,-6797257.105006886,-13477708.222181808,1315348.191660807,-411024.7656656991,112373.38448702075,-3090644.5168061163,-3980038.0170647614,5321717.7218072405,2146521.6704792604,5528504.84827173,-9222645.906438882,6556566.915103632,-541336.9876338914,4143829.279699586,2488393.6600501174,-329524.88243527274,-1402423.8458920321,-5215151.605931101,785565.5572014553,2194417.9233637606,-1246697.2778351025,-1160033.5281775096,-6393309.228148485,3395310.466800888,7033468.703115168,3094053.085031667,4672313.883176185,6347630.65050875,-3708674.472155802,-371704.0238908579,-651938.7599927664,2598511.9728724477,3809082.233325148,5781654.364822764,-2138382.945656287,-4563549.923584443,2775847.470311161,-4125123.496724559,482290.75734882127,4834999.434289027,-1289019.2021019687,-5151312.512506758,-9716999.04462781,-1276737.9540573764,-6409889.312258562,-3298082.905592632,-6625597.155566136,412442.65135368396,-6407795.445365541,2736909.5948653677,9397748.746194081
719580.3407687407,1890545.2758629636,-2041835.8771222853,618651.3172017044,1607041.540522778,3861671.1616456737,7656983.205755171,-747278.7280631894,233512.51458613056,-63841.93166449297,1755863.6610925414,2261147.2432906306,-3023385.11585373,-1219486.0434461883,-3140865.1646532,5239588.598815557,-3724930.082991125,307545.74622568185,-2354200.5769069167,-1413711.2979223486,187210.37530905733,796747.964512218,2962842.799933399,-446297.30141219957,-1246697.2778351025,708276.3762853103,659040.6041239762,3632179.914076847,-1928950.7752570976,-3995868.7557269307,-1757800.053518293,-2654444.4713278366,-3606229.158710078,2106979.961641755,211173.36974381364,370380.7899576961,-1476271.7793722427,-2164023.5629214696,-3284685.184732582,1214862.123400047,2592653.4812364867,-1577020.5046939505,2343573.348191991,-274000.1065807831,-2746870.1517876713,732320.2100073184,2926574.4447947447,5520441.442073283,725343.2449566579,3641599.8243920617,1873713.6252749166,3764147.7788564074,-234317.92628672716,3640409.386379473,-1554898.6778068936,-5339068.276145141
669559.2904972092,1759125.078928176,-1899898.2021932504,575646.3237419797,1495328.93272175,3593229.4476667307,7124711.305361773,-695331.3188951958,217279.55951549366,-59403.78718491826,1633805.0214901434,2103964.731309457,-2813215.88272421,-1134714.354104545,-2922529.764896175,4875360.689894421,-3465993.3819246776,286166.4389560822,-2190549.627811146,-1315437.785069506,174196.46955987418,741362.2598988625,2756881.784110094,-415272.8482161483,-1160033.5281775096,659040.6041239762,613227.7140817795,3379690.5262821065,-1794860.523498497,-3718097.484192409,-1635606.9380882964,-2469922.0245159995,-3355543.367740449,1960513.8288207261,196493.57312069164,344633.8967842128,-1373649.6514080756,-2013592.4351621207,-3056351.908346421,1130412.0687365648,2412426.093852979,-1467394.0923275342,2180661.2338092485,-254952.95647380105,-2555922.089346608,681413.3049318523,2723134.5816129474,5136690.290849498,674920.9377236674,3388455.0108834608,1743463.2407354978,3502484.726547059,-218029.1719309092,3387348.616473255,-1446810.5969207415,-4967925.25227437
3690151.4526870195,9695090.693435265,-10470935.966083497,3172567.5512410467,8241227.272536001,19803415.807719655,39266522.01171013,-3832189.741100694,1197496.062918186,-327393.01330260304,9004412.874410257,11595610.41838202,-15504516.392717456,-6253767.104965205,-16106979.318577386,26869644.260255054,-19102178.178386405,1577153.3151464215,-12072806.933640808,-7249790.790993245,960051.5205381307,4085880.388538036,15194041.67493322,-2288699.2508423375,-6393309.228148485,3632179.914076847,3379690.5262821065,18626536.09771503,-9892040.276903553,-20491603.27235846,-9014343.797342598,-13612516.01617731,-18493453.69929416,10805007.705093903,1082937.8738724405,1899385.7244359863,-7570614.48818803,-11097540.428187735,-16844515.346833657,6230055.738220073,13295638.015861066,-8087269.995514904,12018308.83005195,-1405125.8874586546,-14086489.800906578,3755482.7858671076,15008050.083669621,28309913.714964524,3719701.434334323,18674840.30124209,9608773.49205215,19303293.52825908,-1201627.4139312524,18668741.875630565,-7973827.570393412,-27379796.560529385
-1959737.7745323712,-5148795.4193566935,5560825.771664512,-1684863.1518925964,-4376688.565529921,-10517048.462481322,-20853368.301020633,2035170.7706871734,-635957.0922166477,173869.4107049782,-4781995.5718329605,-6158109.188641861,8234021.639220369,3321203.4948656415,8553973.022371612,-14269727.93801928,10144640.70707662,-837582.7090708727,6411535.155611835,3850164.098403553,-509856.98587911355,-2169898.658856398,-8069137.174476977,1215465.1790952566,3395310.466800888,-1928950.7752570976,-1794860.523498497,-9892040.276903553,5253390.3754609935,10882526.170287466,4787269.743699396,7229232.171178912,9821363.937827582,-5738242.039501706,-575118.4813125925,-1008711.552944684,4020544.553286136,5893598.10602303,8945658.15706339,-3308610.9586569695,-7060946.981844004,4294926.3430328835,-6382592.651594565,746223.6446393274,7480946.881462884,-1994433.5184510797,-7970361.745818405,-15034615.34905382,-1975430.9253650839,-9917693.576462768,-5102954.7682911195,-10251447.561596977,638151.3620380609,-9914454.432396773,4234679.9937541615,14540655.753526751
-4059644.553235275,-10665855.825082118,11519386.637715548,-3490235.1723482865,-9066417.699048115,-21786322.922504567,-43198262.319709025,4215905.835982307,-1317401.195236797,360174.8993166288,-9906021.35486645,-12756673.860228825,17056977.02075095,6879953.886857165,17719763.981348753,-29560090.535386134,21014871.06124466,-1735073.3297207956,13281651.77650422,7975709.258771611,-1056181.138953868,-4494997.988252544,-16715414.882263135,2517865.9830458835,7033468.703115168,-3995868.7557269307,-3718097.484192409,-20491603.27235846,10882526.170287466,22543419.023385134,9916946.555740166,14975531.387234462,20345195.66553153,-11886908.832049023,-1191372.1207084795,-2089570.4633503417,8328656.683780259,12208732.457406944,18531149.4083853,-6853868.1356264725,-14626924.775142998,8897045.327807987,-13221696.731437419,1545820.6816570302,15496964.558118924,-4131517.687687035,-16510800.012883827,-31144573.45455491,-4092153.8720312654,-20544744.65459421,-10570895.897728726,-21236124.134143967,1321946.0624884546,-20538034.550163463,8772243.51769018,30121324.019987725
-1785854.6167601561,-4691955.31514901,5067427.832785953,-1535369.0048739493,-3988355.7476342786,-9583895.672220316,-19003100.19254217,1854595.7262341136,-579531.0466023965,158442.75663592352,-4357701.916695831,-5611715.166849179,7503436.946485183,3026520.5933127576,7794999.225639354,-13003610.39099311,9244531.274279356,-763266.716727858,5842654.9917865405,3508548.6106783324,-464618.6311746136,-1977368.9043222282,-7353182.7573832,1107620.380841547,3094053.085031667,-1757800.053518293,-1635606.9380882964,-9014343.797342598,4787269.743699396,9916946.555740166,4362507.716296336,6587800.166813843,8949938.952409254,-5229102.425671103,-524089.9266250078,-919210.955360932,3663811.4274537233,5370673.487754985,8151931.52248898,-3015045.1174990134,-6434447.074875857,3913848.981635673,-5816280.413911951,680013.3301301061,6817181.6453315625,-1817472.2290658562,-7263172.047376676,-13700631.047472766,-1800156.5384192653,-9037721.637273235,-4650182.353829364,-9341861.634756356,581529.9997109014,-9034768.22548474,3858947.466864954,13250499.177308565
-2696810.964078371,-7085299.136995897,7652296.744749339,-2318553.9216643656,-6022796.768154904,-14472595.307450308,-28696487.44118636,2800614.0344436807,-875145.7210172705,239263.05395004636,-6580542.561481153,-8474223.728645748,11330903.199820697,4570334.774554048,11771191.09175807,-19636687.172915734,13960121.48196837,-1152604.1682749211,8822965.165915987,5298241.922741876,-701618.1380107794,-2986014.679564011,-11104004.110469958,1672611.2374970096,4672313.883176185,-2654444.4713278366,-2469922.0245159995,-13612516.01617731,7229232.171178912,14975531.387234462,6587800.166813843,9948204.717308698,13515257.58267284,-7896440.752765766,-791425.1210604826,-1388095.8327354302,5532704.209274218,8110227.544794712,12310191.98046427,-4553006.283691885,-9716626.08147872,5910282.517803407,-8783137.284421815,1026884.328930826,10294590.649736278,-2744555.872786728,-10968079.244772306,-20689254.95804768,-2718406.3789949943,-13647817.112391436,-7022217.34598381,-14107099.159156635,878164.9034456086,-13643360.751879767,5827377.512870776,20009513.19726966
-3663785.7733164043,-9625821.187052673,10396123.985157415,-3149899.8801335706,-8182345.384905695,-19661923.95340196,-38985971.67721148,3804810.4599815886,-1188940.8647302184,325054.1552269215,-8940079.211714866,-11512762.220969569,15393740.029069927,6209084.830256727,15991897.917132221,-26677667.035644762,18965697.160642654,-1565885.4873088517,11986549.067658404,7197992.700706998,-953192.2177995824,-4056687.8123942385,-15085484.086635338,2272347.416262693,6347630.65050875,-3606229.158710078,-3355543.367740449,-18493453.69929416,9821363.937827582,20345195.66553153,8949938.952409254,13515257.58267284,18361322.6731833,-10727808.857683813,-1075200.7838054895,-1885815.0456391727,7516523.87034769,11018250.948499745,16724164.82991301,-6185542.605563885,-13200644.065049943,8029489.053197275,-11932440.22551679,1395086.794688763,13985845.818092383,-3728650.670811605,-14900821.527830299,-28107645.933090705,-3693125.5950031015,-18541413.590014335,-9540121.044200975,-19165375.789977185,1193042.381853546,-18535356.95740444,7916856.410964943,27184174.184464805
2140607.7779269107,5623993.863263777,-6074052.207047172,1840364.1807970933,4780626.964893641,11487699.209347371,22777991.1854124,-2223003.520986073,694652.2982619511,-189916.65175048183,5223341.849861568,6726460.358051671,-8993965.203076025,-3627727.23914222,-9343445.436020052,15586726.248624371,-11080921.143048208,914886.3819520382,-7003275.570113769,-4205507.953243556,556913.2778348896,2370165.4134989274,8813863.394950908,-1327644.6272998159,-3708674.472155802,2106979.961641755,1960513.8288207261,10805007.705093903,-5738242.039501706,-11886908.832049023,-5229102.425671103,-7896440.752765766,-10727808.857683813,6267842.816229955,628198.2103672719,1101808.6046795698,-4391613.238269858,-6437536.664698936,-9771280.746604983,3613972.3190218937,7712624.457913686,-4691319.315835419,6971661.830382589,-815095.1992647246,-8171387.585551348,2178505.9564368813,8705972.278438624,16422207.384269426,2157750.2697027614,10833029.123944396,5573922.716499434,11197585.706151191,-697048.514593922,10829489.787908958,-4625512.144143106,-15882658.625066577
214543.4462447482,563667.8050034151,-608775.4355863405,184451.36769833002,479140.92933756916,1151360.655019577,2282936.8133119424,-222802.07415319668,69622.18628491352,-19034.622106680054,523512.67754199775,674163.1482618232,-901425.0973035471,-363590.7525091021,-936451.7219034377,1562188.3956736203,-1110591.3418692905,91695.22805045544,-701907.0220669148,-421499.3814016789,55816.9581559257,237551.18196159138,883374.487494612,-133064.08188687512,-371704.0238908579,211173.36974381364,196493.57312069164,1082937.8738724405,-575118.4813125925,-1191372.1207084795,-524089.9266250078,-791425.1210604826,-1075200.7838054895,628198.2103672719,62961.61806405012,110429.37117870832,-440151.77459760633,-645205.6479246932,-979331.9120291162,362212.0532299949,773002.2205636206,-470190.38996749796,698738.4771428118,-81693.46038257125,-818982.1622266128,218341.94510121056,872561.1459024358,1645924.8902249874,216261.9609600342,1085746.6406451245,558649.5313352948,1122284.1930298342,-69862.19195495245,1085391.2267057628,-463594.5481880449,-1591848.286097044
376292.23987614777,988628.0013491784,-1067742.6445628288,323513.12717723666,840374.5653841773,2019394.4657008792,4004087.0334717557,-390776.33396902384,122111.08327791214,-33384.93034382289,918198.2225205402,1182427.900459189,-1581027.0542932176,-637709.3592504429,-1642461.3964422946,2739952.1914999974,-1947887.9301236656,160825.53435283576,-1231088.631792508,-739275.8421295536,97898.45026434836,416645.6013917849,1549367.3480182008,-233383.338839917,-651938.7599927664,370380.7899576961,344633.8967842128,1899385.7244359863,-1008711.552944684,-2089570.4633503417,-919210.955360932,-1388095.8327354302,-1885815.0456391727,1101808.6046795698,110429.37117870832,193684.28646030542,-771990.8094980547,-1131638.781242289,-1717669.4618850893,635291.4220118681,1355783.1307004518,-824675.336083869,1225531.327747892,-143283.54754754846,-1436428.054368993,382954.2381228122,1530401.2106235912,2886819.3729871786,379305.4827235428,1904311.5136993965,979826.0637656533,1968396.0907580145,-122532.44522555139,1903689.4785406997,-813107.300226878,-2791973.4365687324
-1499834.2978334948,-3940496.5033192504,4255832.28202302,-1289466.3143387707,-3349584.7333951048,-8048948.960156108,-15959580.33102619,1557563.7255371595,-486712.971078704,133066.27212155503,-3659775.1053526327,-4712948.212809373,6301693.2326721195,2541796.465813729,6546560.072800809,-10920963.240819693,7763935.706402846,-641021.7217093532,4906901.161766826,2946622.6455106847,-390205.5609536628,-1660674.9272922177,-6175502.806522773,930224.226305302,2598511.9728724477,-1476271.7793722427,-1373649.6514080756,-7570614.48818803,4020544.553286136,8328656.683780259,3663811.4274537233,5532704.209274218,7516523.87034769,-4391613.238269858,-440151.77459760633,-771990.8094980547,3077019.32921449,4510511.195049864,6846325.752307743,-2532159.3757359628,-5403911.341879343,3287009.265326418,-4884750.9336539395,571102.6717668056,5725346.526298267,-1526387.4895756596,-6099908.286413403,-11506349.95864637,-1511844.2481645984,-7590246.719200783,-3905413.3441937715,-7845677.384272209,488392.0690250519,-7587769.319034841,3240901.998215032,11128310.920756217
