V1,V2,V3,V4,V5,V6,V7,V8,V9,V10,V11,V12,V13,V14,V15,V16,V17,V18,V19,V20,V21,V22,V23,V24,V25,V26,V27,V28,V29,V30,V31,V32,V33,V34,V35,V36,V37,V38,V39,V40,V41,V42,V43,V44,V45,V46,V47,V48,V49,V50,V51,V52,V53,V54,V55,V56
32719.437210270702,-28724.45543648414,30670.10421015083,36793.19159500474,-29716.04077523226,-3391.606181592479,28100.769734184356,6239.3580318381055,-56668.907652722955,12455.31403815,61398.64713303034,39060.83663750518,-36100.304660327674,31411.54055968136,-126766.56028058539,62078.902585802185,-2716.7305538294645,-50392.79342754,34332.343563611714,277.6168040195089,-30251.244282151292,12243.56385151912,-111999.79994643491,80362.47656329602,97137.79030510073,-80587.22017258026,-67042.00090383961,-2660.7801699252786,-93292.83787229187,79048.51692385247,74332.4426202972,-910.8854992865892,-29618.869358664462,-14555.567737586214,-46542.5249149515,-102141.65971947042,88940.32211430593,-42773.57778453903,-15004.540610199221,91977.95499126904,37709.22236701695,42609.24232327614,-68434.41299791734,-46583.18651017045,31042.009716906396,-121177.80868025868,24807.486174759295,103907.64092103574,78387.2255561901,-10298.535417561048,8358.91958728355,-15332.581716909297,-54655.21816801021,-183081.90832225108,47052.88970501114,-27620.715197106318
-28724.45543648414,25219.252873466674,-26926.57482450764,-32303.17079362435,26088.573489919087,2977.282468268501,-24670.98529915878,-5478.097110388699,49752.22259979661,-10935.251662158498,-53903.774411513405,-34292.54164537243,31692.878996533283,-27576.833488932625,111293.93413365162,-54501.65592246706,2384.844045420235,44241.509098185525,-30141.24104823948,-244.17789065932206,26559.703194577967,-10749.407470037688,98330.68826918444,-70552.57774251982,-85281.09476466214,70752.0796028658,58859.02191065939,2335.808903917195,81905.09684845357,-69400.06947045318,-65258.86295459629,800.4318461509985,26004.140189087117,12778.704830760447,40861.83592945823,89674.21954638681,-78086.31447258811,37553.149062270095,13173.179814426174,-80752.02530780113,-33105.83173819346,-37407.15128569118,60082.11873766007,40896.01591820472,-27253.88332464839,106387.16043994376,-21777.912485025474,-91225.29253129456,-68819.96062932197,9041.396912374128,-7338.364151276199,13461.220265387734,47984.34650659401,160736.10387160556,-41309.920452785846,24249.990883718365
30670.10421015083,-26926.57482450764,28751.06674053405,34490.2749223,-27855.495084881528,-3177.9828625246328,26341.57140485929,5848.855352098228,-53121.0569942908,11676.237643076167,57554.04168415924,36614.94027313788,-33839.34283615889,29443.656099895463,-118831.06014531956,58192.36854915128,-2546.0618948784086,-47237.36124810831,32182.83877384665,261.3661118570739,-28357.607040785795,11477.506992114784,-104989.99638075035,75330.69834359027,91055.69675103614,-75543.47778490132,-62845.060538212725,-2493.507108120629,-87451.6179515196,74100.10505475457,69678.24236894638,-854.5083609318249,-27765.35313038208,-13644.279214409878,-43629.808845489846,-95746.75483213112,83373.99276579048,-40095.42485648142,-14064.572900476798,86220.82536963976,35347.33487370762,39940.185036969204,-64151.06510849012,-43665.83521993473,29099.905035872573,-113591.56568419568,23253.088986712555,97403.45192782226,73480.4003510529,-9653.436358559069,7834.844125732672,-14371.96213279574,-51233.95326517044,-171620.97290985804,44108.19224089923,-25891.72354368013
36793.19159500474,-32303.17079362435,34490.2749223,41376.9665463898,-33416.83310324754,-3813.541277437465,31600.994713474,7016.8604265490885,-63727.44243997988,14006.958134931072,69045.25521463831,43925.28903318984,-40595.40455099111,35323.08516908072,-142556.13969886044,69811.01993009934,-3054.724557667758,-56668.8514769659,38607.92571184749,312.8042407879617,-34020.16121956096,13768.87628150057,-125951.49694355605,90370.69961685145,109236.29660259512,-90626.09648205877,-75392.39320533708,-2991.8871407179163,-104912.04621273697,88894.40277507738,83589.94377724495,-1025.2389852226943,-33308.62623844837,-16368.23847102672,-52339.889248410436,-114863.47622227338,100020.44829981735,-48101.64232987803,-16873.439568614158,103435.0471895649,42405.17169451822,47914.76661715574,-76959.01509100356,-52383.69481456932,34909.42126586241,-136271.04294256336,27895.40165325622,116850.27308268005,88151.29115703859,-11581.080642311543,9399.665241616214,-17242.369439034293,-61463.02413906288,-205886.42926806142,52913.84052434606,-31061.677237690543
-29716.04077523226,26088.573489919087,-27855.495084881528,-33416.83310324754,26988.68942213589,3080.0448303320227,-25521.862195727397,-5666.856828386576,51468.134199910346,-11312.383609411412,-55763.43724107129,-35475.74977870975,32786.69901753176,-28528.32073800837,115132.67271988376,-56381.55575966924,2467.2210493071957,45767.74312586442,-31181.28365872508,-252.44625892627198,27475.23500025023,-11120.049156304714,101721.67183864026,-72986.74241371421,-88222.72001426383,73191.85742377087,60889.232216992634,2416.4141629128617,84730.54732904608,-71793.87713626852,-67510.21937270326,827.6220349080465,26900.846951115844,13219.63956391704,42271.28094407302,92767.42857422125,-80778.6313922445,38848.10002688805,13627.42705790373,-83537.0176383415,-34248.05957458864,-38698.119776463725,62154.16298345842,42307.41772520929,-28193.550944291153,110056.68855048741,-22530.062231411765,-94371.7325663675,-71193.45149090896,9353.287834257426,-7591.573772948471,13925.355620010614,49639.33993557707,166279.85754433981,-42734.8094396394,25086.029152761497
-3391.606181592479,2977.282468268501,-3177.9828625246328,-3813.541277437465,3080.0448303320227,352.56236302978476,-2912.6655975461554,-646.7584531165453,5873.890943764963,-1290.4532185204016,-6364.335083546288,-4048.8291865316596,3742.101975152259,-3256.7395634179006,13138.784619756087,-6434.527332299966,281.98505032862914,5223.540916819157,-3558.4105132818363,-27.95565304013087,3135.7245442500407,-1268.744755077989,11607.613812878386,-8329.705527185806,-10068.90269791653,8352.085920384425,6948.708771220992,276.31745126629124,9670.057172727838,-8193.008873528339,-7704.762936251171,94.17349410342833,3069.506995390957,1508.6018590100884,4823.235206092134,10587.145638117128,-9217.89516192746,4433.956133581952,1555.809961497508,-9532.76975763215,-3909.2381337739057,-4417.200985242755,7092.6196290633325,4828.63865151429,-3216.6982487337073,12560.007917151963,-2571.7556634368057,-10769.33762951873,-8124.512042403809,1067.7063275601981,-866.9662136215685,1589.9301286775033,5664.719343300441,18975.95374552748,-4876.173129625309,2862.973165273451
28100.769734184356,-24670.98529915878,26341.57140485929,31600.994713474,-25521.862195727397,-2912.6655975461554,24134.89688979342,5358.977357097361,-48671.11936557906,10697.602956707758,52732.78515843104,33547.649775691796,-31004.61357262495,26977.837576961952,-108875.6974075622,53317.447696328505,-2333.096652097195,-43280.37059260654,29486.55195208855,238.7683619203481,-25982.321647866665,10515.758299716703,-96193.76875027739,69019.9549602352,83428.16465316115,-69214.41478878069,-57580.14721166621,-2285.0840334098402,-80125.64941337501,67892.15696330377,63841.14206890218,-782.8214148425348,-25438.97837416293,-12501.1337040102,-39973.979037271754,-87725.85251244577,76389.07277910315,-36737.02601015127,-12886.909979958824,78997.2403188559,32386.7011293907,36594.75937954028,-58776.45992814113,-40007.85625080576,26661.48196600664,-104075.57606710204,21305.26183019825,89243.0641496005,67324.49077710258,-8844.96580688346,7178.981787078973,-13168.667551772092,-46941.67910820486,-157243.4037708027,40412.32621581082,-23722.875236862186
6239.3580318381055,-5478.097110388699,5848.855352098228,7016.8604265490885,-5666.856828386576,-646.7584531165453,5358.977357097361,1189.9736788706869,-10807.042710968104,2375.3001850158416,11708.802094452532,7448.902322590154,-6884.1667078297405,5990.1712542806545,-24174.92051118267,11838.682823871835,-518.0246847798154,-9609.998498024413,6547.155275351134,53.02812893550665,-5769.303522461434,2334.945667991292,-21359.131147839034,15325.150111057555,18524.514047200617,-15368.585373349935,-12785.180128182372,-507.3816920092946,-17791.13771373095,15074.862118478663,14175.281582390073,-173.92222963528997,-5648.54426706901,-2775.7267983928914,-8875.851560928166,-19478.753149928085,16961.77508182851,-8157.242439933391,-2861.486496624048,17540.71432793015,7191.134511820165,8125.40596940896,-13050.869086748215,-8883.220630472657,5920.016546022485,-23109.107622441486,4730.4482005716345,19815.682822608294,14948.88975715579,-1963.9452126706713,1594.0288694321898,-2924.059569775065,-10423.012715713841,-34914.653514536956,8973.191357976246,-5267.557514273765
-56668.907652722955,49752.22259979661,-53121.0569942908,-63727.44243997988,51468.134199910346,5873.890943764963,-48671.11936557906,-10807.042710968104,98151.62826576969,-21573.034518158413,-106342.51688288042,-67653.18820318542,62524.8902452864,-54404.41712699844,219561.8243937879,-107521.53453798185,4705.060405765487,87280.50699131245,-59463.41835451436,-481.3837349559724,52396.68039960668,-21206.356211245627,193986.96129687564,-139187.7113989219,-168243.75625914003,139579.68486189327,116117.76293074776,4608.259797755848,161583.79529411276,-136913.2472937785,-128743.98160483385,1578.5775438027463,51300.91515858426,25210.153954611764,80612.56678494975,176910.5475345251,-154048.25462072907,74084.9990149291,25988.17330756227,-159308.0327604519,-65312.08204851226,-73798.22008297604,118530.22753569235,80681.10973213446,-53766.19650338858,209881.81780283304,-42964.914852577764,-179970.0501074734,-135768.46337943073,17837.06392824625,-14477.425162148282,26556.394017753526,94663.91931307942,317101.528385498,-81496.54612646648,47840.23410107457
12455.31403815,-10935.251662158498,11676.237643076167,14006.958134931072,-11312.383609411412,-1290.4532185204016,10697.602956707758,2375.3001850158416,-21573.034518158413,4741.932707069476,23373.206677173894,14869.642320055355,-13742.387619232653,11957.207603318535,-48258.664124566414,23632.540520319904,-1033.910386484379,-19183.52013016342,13069.760040734112,106.28340007019101,-11516.380216190679,4661.202962037283,-42637.83094804139,30592.501557671534,36978.606656981116,-30679.22207442765,-25522.079909166117,-1012.5602206649212,-35514.96168669146,30092.899468205753,28296.9994396591,-347.11458690300384,-11275.913781905916,-5541.078489321039,-17718.66236472337,-38883.747829691565,33859.3337647981,-16283.162285947757,-5711.704572710152,35015.3624266804,14354.790655007388,16219.935077660808,-26052.57312880368,-17733.01557859064,11817.955400666813,-46130.77060149339,9443.127499458906,39556.70911110643,29841.266158247116,-3920.3230457266254,3181.719955928181,-5836.528568016745,-20806.717739413336,-69697.25289435829,17912.93406946716,-10514.950904391973
61398.64713303034,-53903.774411513405,57554.04168415924,69045.25521463831,-55763.43724107129,-6364.335083546288,52732.78515843104,11708.802094452532,-106342.51688288042,23373.206677173894,115217.38292176154,73299.29373705517,-67743.23293403763,58944.97816262526,-237884.59803170763,116494.45817340203,-5097.86283233781,-94564.48810352752,64426.02356098616,521.2917822579575,-56768.95515283875,22975.91929531266,-210174.9190286992,150803.69051018776,182284.23507969792,-151227.33503534773,-125808.03035862024,-4992.952597158889,-175068.6004482576,148338.91455922488,139488.27101657283,-1709.9933076622222,-55581.83030611898,-27314.091431584588,-87339.703994924,-191674.24491170133,166903.0580077756,-80267.41889859212,-28156.98141333286,172602.2626146312,70762.87393269847,79957.46406970787,-128421.4934449081,-87414.71928031447,58252.685296673975,-227396.89976365527,46551.186895914216,194988.72652191026,147098.39816783974,-19325.67624825147,15685.772296997244,-28772.610809661528,-102563.70558204387,-343563.98387319874,88297.45630985472,-51832.35344320859
39060.83663750518,-34292.54164537243,36614.94027313788,43925.28903318984,-35475.74977870975,-4048.8291865316596,33547.649775691796,7448.902322590154,-67653.18820318542,14869.642320055355,73299.29373705517,46631.757846051056,-43097.12240831229,37499.74047585107,-151337.98577846467,74111.70514961805,-3243.163787490276,-60160.266540925084,40986.762187731285,331.6615050622761,-36115.30738405783,14616.868916180783,-133709.52197894957,95938.71907146304,115965.97420390969,-96208.09782522837,-80036.85257240178,-3176.4015077124795,-111375.57312099646,94370.61263166957,88740.0126445338,-1087.8209859170497,-35360.16676381152,-17376.769629809864,-55564.02593630438,-121939.76356308264,106180.65169153336,-51064.62899062082,-17912.920155977255,109806.48932182755,45018.09406804009,50867.579824273926,-81699.4613748081,-55611.79435429774,37059.31431358855,-144665.8755262844,29615.15865905886,124048.3889286516,93581.36986053216,-12294.641102520001,9978.990972810308,-18304.55836156275,-65249.21146542727,-218569.27834455017,56173.327641487944,-32974.7588539635
-36100.304660327674,31692.878996533283,-33839.34283615889,-40595.40455099111,32786.69901753176,3742.101975152259,-31004.61357262495,-6884.1667078297405,62524.8902452864,-13742.387619232653,-67743.23293403763,-43097.12240831229,39830.58347366215,-34657.431872129586,139866.08750983176,-68493.87947259982,2997.446986073574,55600.12136052083,-37879.98779807949,-306.3173547518997,33377.45753191842,-13508.787920593202,123573.54710117876,-88666.62456544823,-107175.60859092524,88914.92110454442,73969.83192110232,2935.7425200299917,102933.24302510319,-87217.04109675469,-82013.53532690271,1005.1258957569764,32679.610107315806,16059.628443574067,51351.9963417888,112696.5256222773,-98131.32650508657,47193.74155360084,16555.10878396701,-101482.64481240638,-41605.86904286586,-47012.12992098924,75506.2144787458,51396.68032187717,-34249.841874389116,133699.82718429653,-27370.72664647757,-114645.04192820973,-86487.50505678638,11362.743966111608,-9222.69133544597,16917.06601333822,60303.080287045384,202000.94028542866,-51915.105583887555,30475.04490259579
31411.54055968136,-27576.833488932625,29443.656099895463,35323.08516908072,-28528.32073800837,-3256.7395634179006,26977.837576961952,5990.1712542806545,-54404.41712699844,11957.207603318535,58944.97816262526,37499.74047585107,-34657.431872129586,30156.70551381963,-121700.16917845816,59598.03962714114,-2608.3590699313854,-48379.01201123722,32959.9873627117,266.05010840329214,-29042.775835392586,11754.128412106968,-107523.49584852782,77150.62768844285,93256.17285570315,-77366.50005418289,-64362.63079925126,-2554.777880071385,-89564.49182936465,75889.19306641287,71361.74128449829,-874.5791354358021,-28434.99518883085,-13973.718598654497,-44681.89409852474,-98059.75625573818,85386.06385502924,-41064.73133833405,-14405.397889393083,88301.87470322866,36202.50089449019,40906.52130425638,-65699.31039911302,-44721.28089421615,29801.131235604804,-116335.0911712358,23815.840491922736,99754.74441825919,75254.54278564047,-9887.127518701027,8025.203234889091,-14720.435459993865,-52470.85988248361,-175765.23964127465,45171.90101215423,-26517.190475548316
-126766.56028058539,111293.93413365162,-118831.06014531956,-142556.13969886044,115132.67271988376,13138.784619756087,-108875.6974075622,-24174.92051118267,219561.8243937879,-48258.664124566414,-237884.59803170763,-151337.98577846467,139866.08750983176,-121700.16917845816,491153.2636323385,-240522.1677885133,10524.72714449902,195243.46478371022,-133018.03236814297,-1077.5623382603878,117209.35460727556,-47438.16100907869,433943.47960255656,-311358.50928552146,-376355.36202230497,312235.78585794853,259751.9074377967,10308.030324615913,361457.61181219993,-306270.89882304665,-287996.0722357636,3531.343400203308,114758.87380864065,56394.429866199855,180328.57345826895,395743.0942939517,-344601.39170916384,165725.21176746514,58134.13200080915,-356367.5299134204,-146100.4928190384,-165083.74729271766,265148.77027701796,180481.01543806234,-120273.88365842585,469498.95495922386,-96111.02344858203,-402587.833724249,-303709.91474295204,39900.69318755459,-32385.035749265295,59405.091610762545,211760.38422052513,709346.2669250574,-182305.9747239009,107016.85682516874
62078.902585802185,-54501.65592246706,58192.36854915128,69811.01993009934,-56381.55575966924,-6434.527332299966,53317.447696328505,11838.682823871835,-107521.53453798185,23632.540520319904,116494.45817340203,74111.70514961805,-68493.87947259982,59598.03962714114,-240522.1677885133,117785.9820713201,-5154.200465334561,-95612.67887931447,65140.14921311367,527.4072580173571,-57398.54087144825,23230.809934963094,-212505.76177065904,152475.26923520767,184304.95017042354,-152904.50059913477,-127202.87789576178,-5048.124218895373,-177009.2974771713,149983.60898867302,141034.4805452928,-1729.2176378220322,-56198.32193840091,-27616.865576154607,-88308.29392930596,-193799.1714652802,168754.20831008727,-81157.32813881872,-28469.014106675815,174516.25779017262,71547.03127985423,80843.36194214864,-129845.61900336016,-88383.39853953001,58898.95760323499,-229918.0149122001,47066.67946569317,197150.7963597244,148729.4674209044,-19539.83726510737,15859.450447745206,-29091.453929416934,-103700.94454415444,-347373.3304210141,89276.65532402635,-52407.16424315334
-2716.7305538294645,2384.844045420235,-2546.0618948784086,-3054.724557667758,2467.2210493071957,281.98505032862914,-2333.096652097195,-518.0246847798154,4705.060405765487,-1033.910386484379,-5097.86283233781,-3243.163787490276,2997.446986073574,-2608.3590699313854,10524.72714449902,-5154.200465334561,225.72565897304509,4184.06762070099,-2850.456934570484,-22.71981029549506,2511.662136937036,-1016.4175523110279,9298.416739788556,-6672.301456771318,-8065.213854275841,6690.508127750807,5566.166754257758,221.1277662091111,7745.888582904082,-6562.959064791542,-6171.6659028068625,75.49006671866717,2458.9387366356586,1208.4781685955368,3863.9058867071217,8480.514161818191,-7383.990591363123,3551.481712376024,1245.9802359973896,-7636.274220885488,-3131.1455647517905,-3538.04166190069,5681.592732689907,3867.812218111489,-2576.9609582728867,10060.904408612283,-2059.926175209614,-8626.779148262005,-6508.04614192488,855.1565128555751,-694.2343857904876,1273.2604622417552,4537.698023375475,15200.37544203573,-3906.2901856988674,2293.2447211794633
-50392.79342754,44241.509098185525,-47237.36124810831,-56668.8514769659,45767.74312586442,5223.540916819157,-43280.37059260654,-9609.998498024413,87280.50699131245,-19183.52013016342,-94564.48810352752,-60160.266540925084,55600.12136052083,-48379.01201123722,195243.46478371022,-95612.67887931447,4184.06762070099,77613.66823341802,-52877.529747155655,-427.83781356510525,46593.100867104025,-18857.46313177939,172500.8200190956,-123771.88141963066,-149609.56258199032,124119.67818558724,103256.76761096175,4097.976085216823,143687.30858223067,-121748.95704298592,-114484.79102720198,1403.4999863528176,45618.724472669135,22417.988732814796,71683.91919526349,157316.3838397966,-136985.5412010615,65879.4259747566,23109.832000699767,-141663.0959107974,-58078.52954830127,-65624.94814888098,105401.78826334841,71745.45735962252,-47810.82805892078,186635.7094682552,-38206.748348249435,-160036.73480837655,-120730.83414930673,15861.531292685477,-12874.08609936132,23615.118411255804,84179.03080804988,281979.71740184585,-72469.99351659942,42541.37731392721
34332.343563611714,-30141.24104823948,32182.83877384665,38607.92571184749,-31181.28365872508,-3558.4105132818363,29486.55195208855,6547.155275351134,-59463.41835451436,13069.760040734112,64426.02356098616,40986.762187731285,-37879.98779807949,32959.9873627117,-133018.03236814297,65140.14921311367,-2850.456934570484,-52877.529747155655,36025.209656019986,291.7403444136913,-31743.301531486595,12847.509645674967,-117523.69895124603,84324.92977527762,101927.63207540184,-84561.87232389694,-70348.10679339612,-2791.731245541044,-97893.02847645686,82946.75432697825,77997.61965295332,-956.1786018357855,-31079.79022470057,-15273.272190405633,-48838.02453930505,-107178.39107338227,93327.17505566766,-44882.87298464387,-15744.305505315442,96514.1314936363,39568.28552613092,44709.669292668594,-71809.5417780996,-48879.71775160331,32573.330998678986,-127153.46897559194,26030.054232205726,109031.98928388137,82253.01740748131,-10806.24619128702,8770.833564015438,-16088.495451268422,-57350.59080649905,-192110.6385854494,49373.55666505126,-28982.96791756149
277.6168040195089,-244.17789065932206,261.3661118570739,312.8042407879617,-252.44625892627198,-27.95565304013087,238.7683619203481,53.02812893550665,-481.3837349559724,106.28340007019101,521.2917822579575,331.6615050622761,-306.3173547518997,266.05010840329214,-1077.5623382603878,527.4072580173571,-22.71981029549506,-427.83781356510525,291.7403444136913,3.080992535917441,-257.01998030755345,104.29909726203121,-952.7383886013907,682.5384426000988,824.8348271024535,-685.4975133517189,-569.7884377672049,-22.14805732331985,-792.3598674535914,671.9417393563843,631.2860755038521,-8.050252262337564,-252.11575104603673,-123.6994743829043,-396.1959841379292,-867.678265928329,756.5779581214796,-363.11141861506326,-127.03224833364189,782.184989176186,319.75175221502457,361.2273177021674,-582.0348457900507,-395.35784893322256,264.5082816614656,-1029.6592460707775,210.1742811309233,883.4672296870763,666.3560422502418,-87.26900188415605,70.52916014286632,-129.72767613973187,-464.6445606440793,-1556.0675966542235,400.5072456452079,-234.69903985816862
-30251.244282151292,26559.703194577967,-28357.607040785795,-34020.16121956096,27475.23500025023,3135.7245442500407,-25982.321647866665,-5769.303522461434,52396.68039960668,-11516.380216190679,-56768.95515283875,-36115.30738405783,33377.45753191842,-29042.775835392586,117209.35460727556,-57398.54087144825,2511.662136937036,46593.100867104025,-31743.301531486595,-257.01998030755345,27971.474408238126,-11320.696302119042,103556.99610329919,-74302.60587442627,-89814.06671874569,74512.5727826792,61987.4871905061,2460.0377455864814,86258.55117512356,-73088.77682947667,-68727.52157318562,842.9687868375597,27386.230271175802,13457.897717847434,43033.578081666106,94440.62181781653,-82236.67890537226,39549.27776404827,13873.48556685384,-85044.03934436101,-34865.584580699346,-39395.52025796238,63275.51336863862,43069.745191235525,-28702.351552709515,112041.87112263759,-22935.52300855973,-96074.0123986081,-72477.85099414796,9522.003461399961,-7728.5114080306985,14176.852396571292,50534.76624194384,169279.5209421398,-43505.49398391305,25538.954782543686
12243.56385151912,-10749.407470037688,11477.506992114784,13768.87628150057,-11120.049156304714,-1268.744755077989,10515.758299716703,2334.945667991292,-21206.356211245627,4661.202962037283,22975.91929531266,14616.868916180783,-13508.787920593202,11754.128412106968,-47438.16100907869,23230.809934963094,-1016.4175523110279,-18857.46313177939,12847.509645674967,104.29909726203121,-11320.696302119042,4581.909225196461,-41912.7948502636,30072.419559838097,36350.11374249273,-30157.565678293377,-25088.166559413217,-995.4693722828612,-34911.255538080164,29581.243767406297,27815.977718048143,-341.19013959602006,-11084.13693358768,-5446.8498429191195,-17417.24206249395,-38222.76903351534,33283.65221347549,-16006.495558122455,-5614.753236529223,34419.97556434832,14110.895457612358,15944.320203536361,-25609.57973338315,-17431.563134909018,11616.902419730763,-45346.55136968231,9282.618446543554,38884.11269583841,29333.925314571807,-3853.739368417273,3127.7551238658602,-5737.487994807565,-20452.954388568873,-68512.3521343384,17608.2198137706,-10336.256763437466
-111999.79994643491,98330.68826918444,-104989.99638075035,-125951.49694355605,101721.67183864026,11607.613812878386,-96193.76875027739,-21359.131147839034,193986.96129687564,-42637.83094804139,-210174.9190286992,-133709.52197894957,123573.54710117876,-107523.49584852782,433943.47960255656,-212505.76177065904,9298.416739788556,172500.8200190956,-117523.69895124603,-952.7383886013907,103556.99610329919,-41912.7948502636,383398.4828248894,-275090.424160571,-332516.5013351328,275867.1526286767,229495.7691993558,9106.927261320707,319354.0500713063,-270596.26865478576,-254449.3871756644,3120.5306057324365,101392.12040505644,49825.44655776438,159324.25243808256,349646.16048374417,-304463.13550625177,146421.2603961758,51362.29623995175,-314858.11384590296,-129081.76604574091,-145853.45774700865,234264.55015757025,159457.47630187933,-106265.0732601936,414811.1320751957,-84914.7848711058,-355694.4349393155,-268333.80753680924,35252.78920230573,-28612.31849524146,52485.16335226187,187094.5167340764,626721.3008383081,-161071.31285329454,94551.6442113291
80362.47656329602,-70552.57774251982,75330.69834359027,90370.69961685145,-72986.74241371421,-8329.705527185806,69019.9549602352,15325.150111057555,-139187.7113989219,30592.501557671534,150803.69051018776,95938.71907146304,-88666.62456544823,77150.62768844285,-311358.50928552146,152475.26923520767,-6672.301456771318,-123771.88141963066,84324.92977527762,682.5384426000988,-74302.60587442627,30072.419559838097,-275090.424160571,197381.43127635162,238584.90876870273,-197936.01287132225,-164665.5239091857,-6534.938299446173,-229140.7948166649,194155.42841654818,182571.05058700417,-2238.131983772762,-72749.12328718702,-35750.46216918396,-114315.99646940487,-250875.28869538617,218453.2827783973,-105058.8300118529,-36853.40027671677,225912.9002093126,92618.74274589145,104653.25209290968,-168086.2781812577,-114413.9423640259,76244.981949854,-297631.38452522724,60929.13255135367,255213.7085576561,192531.6930634568,-25294.58854068606,20530.356547509557,-37659.13274076545,-134241.91595212652,-449678.23917240195,115569.54163287196,-67841.35005690069
97137.79030510073,-85281.09476466214,91055.69675103614,109236.29660259512,-88222.72001426383,-10068.90269791653,83428.16465316115,18524.514047200617,-168243.75625914003,36978.606656981116,182284.23507969792,115965.97420390969,-107175.60859092524,93256.17285570315,-376355.36202230497,184304.95017042354,-8065.213854275841,-149609.56258199032,101927.63207540184,824.8348271024535,-89814.06671874569,36350.11374249273,-332516.5013351328,238584.90876870273,288390.3811372004,-239255.9760488522,-199039.86039519843,-7899.290839665871,-276974.4202206811,234685.79017221037,220683.0189127513,-2705.622779677048,-87935.73019636094,-43213.30294356987,-138179.43937830444,-303246.2099649144,264056.6754694454,-126990.65739470617,-44547.00294485342,273072.8896928473,111953.16539092027,126499.61777519133,-203174.83821161665,-138297.6241319625,92161.36224287968,-359762.82601864677,73647.62748828868,308490.1945089786,232723.3742670411,-30574.980735727273,24816.27141353931,-45521.01752209026,-162265.28938637488,-543550.0987497672,139694.69450940672,-82003.80919381704
-80587.22017258026,70752.0796028658,-75543.47778490132,-90626.09648205877,73191.85742377087,8352.085920384425,-69214.41478878069,-15368.585373349935,139579.68486189327,-30679.22207442765,-151227.33503534773,-96208.09782522837,88914.92110454442,-77366.50005418289,312235.78585794853,-152904.50059913477,6690.508127750807,124119.67818558724,-84561.87232389694,-685.4975133517189,74512.5727826792,-30157.565678293377,275867.1526286767,-197936.01287132225,-239255.9760488522,198495.04293335145,165129.31440904192,6552.749283028274,229785.12505343865,-194702.39007163217,-183084.18945262796,2245.362728926235,72954.79038032283,35850.92624992782,114638.6880095796,251581.26418685183,-219070.8017327379,105354.7286281324,36956.81918000346,-226550.20490834667,-92878.33155856704,-104946.03319301829,168560.63737015566,114734.5024167653,-76461.03378032571,298469.48931055894,-61098.69390076464,-255933.16975206605,-193074.53063851545,25365.491174189512,-20587.472108838298,37764.77373675486,134620.31599652162,450945.47534033825,-115895.75387707511,68032.91520205433
-67042.00090383961,58859.02191065939,-62845.060538212725,-75392.39320533708,60889.232216992634,6948.708771220992,-57580.14721166621,-12785.180128182372,116117.76293074776,-25522.079909166117,-125808.03035862024,-80036.85257240178,73969.83192110232,-64362.63079925126,259751.9074377967,-127202.87789576178,5566.166754257758,103256.76761096175,-70348.10679339612,-569.7884377672049,61987.4871905061,-25088.166559413217,229495.7691993558,-164665.5239091857,-199039.86039519843,165129.31440904192,137372.72409781534,5451.57142152917,191160.99513102364,-161974.80059582062,-152310.02614518817,1867.5489885710404,60691.46521810577,29824.83271471041,95368.71861150795,209293.24272729323,-182246.21584673686,87645.68742817853,30744.952503922927,-188468.90775195239,-77266.98816768093,-87306.52297188343,140226.84958476858,95449.50070983618,-63608.10062515895,248299.8368938158,-50829.50789514878,-212913.061903571,-160620.38333104452,21101.960549864943,-17127.256806911308,31417.122233534912,111991.84156940473,375145.7415962686,-96414.4949488947,56597.06385697433
-2660.7801699252786,2335.808903917195,-2493.507108120629,-2991.8871407179163,2416.4141629128617,276.31745126629124,-2285.0840334098402,-507.3816920092946,4608.259797755848,-1012.5602206649212,-4992.952597158889,-3176.4015077124795,2935.7425200299917,-2554.777880071385,10308.030324615913,-5048.124218895373,221.1277662091111,4097.976085216823,-2791.731245541044,-22.14805732331985,2460.0377455864814,-995.4693722828612,9106.927261320707,-6534.938299446173,-7899.290839665871,6552.749283028274,5451.57142152917,216.6516596749249,7586.473019588543,-6427.823267488977,-6044.638050100041,73.9325259558552,2408.2809520806572,1183.580435784835,3784.2486914890155,8305.981074099622,-7231.990840066014,3478.4807609984437,1220.4265665615828,-7479.029178458927,-3066.769919365857,-3465.2727812612015,5564.596491311496,3788.1819140982216,-2523.840499726115,9853.819619428225,-2017.509534597283,-8449.133652915176,-6374.07271777627,837.5922543505297,-680.0179543859467,1247.1673148083821,4444.270753438699,14887.484045591038,-3825.765493662664,2246.091483980211
-93292.83787229187,81905.09684845357,-87451.6179515196,-104912.04621273697,84730.54732904608,9670.057172727838,-80125.64941337501,-17791.13771373095,161583.79529411276,-35514.96168669146,-175068.6004482576,-111375.57312099646,102933.24302510319,-89564.49182936465,361457.61181219993,-177009.2974771713,7745.888582904082,143687.30858223067,-97893.02847645686,-792.3598674535914,86258.55117512356,-34911.255538080164,319354.0500713063,-229140.7948166649,-276974.4202206811,229785.12505343865,191160.99513102364,7586.473019588543,266010.54504011484,-225395.95030177908,-211947.45848024564,2598.4333040118104,84454.8856673466,41502.80290630057,132709.91466002297,291242.3203862769,-253603.93117046633,121963.52347550004,42783.40861785046,-262263.4976969975,-107521.46509915595,-121492.21600110625,195132.2948106678,132823.36326337667,-88513.28494358584,345521.7529182288,-70732.51385642868,-296278.86212009896,-223511.09678297298,29364.62261156283,-23833.800999166222,43718.820509215104,155842.12704824528,522033.8508215122,-134165.17027962577,78757.55682981828
79048.51692385247,-69400.06947045318,74100.10505475457,88894.40277507738,-71793.87713626852,-8193.008873528339,67892.15696330377,15074.862118478663,-136913.2472937785,30092.899468205753,148338.91455922488,94370.61263166957,-87217.04109675469,75889.19306641287,-306270.89882304665,149983.60898867302,-6562.959064791542,-121748.95704298592,82946.75432697825,671.9417393563843,-73088.77682947667,29581.243767406297,-270596.26865478576,194155.42841654818,234685.79017221037,-194702.39007163217,-161974.80059582062,-6427.823267488977,-225395.95030177908,190982.8833618501,179587.17748818087,-2202.0307803389587,-71560.75235888477,-35166.17016053704,-112448.40523949887,-246775.50561532335,214884.74110180343,-103342.06434351829,-36250.97376406671,222221.86479445227,91104.62897636111,102942.1389640188,-165340.12627959964,-112543.5050242679,74999.76841747737,-292767.80954637006,59932.5013915791,251043.70763151743,189385.8931402394,-24881.072138540163,20194.497151459607,-37043.50634596569,-132048.47678920778,-442330.57153904357,113681.46248873106,-66733.00318559875
74332.4426202972,-65258.86295459629,69678.24236894638,83589.94377724495,-67510.21937270326,-7704.762936251171,63841.14206890218,14175.281582390073,-128743.98160483385,28296.9994396591,139488.27101657283,88740.0126445338,-82013.53532690271,71361.74128449829,-287996.0722357636,141034.4805452928,-6171.6659028068625,-114484.79102720198,77997.61965295332,631.2860755038521,-68727.52157318562,27815.977718048143,-254449.3871756644,182571.05058700417,220683.0189127513,-183084.18945262796,-152310.02614518817,-6044.638050100041,-211947.45848024564,179587.17748818087,168871.9995050633,-2070.2498941320173,-67290.49022727425,-33067.93325021821,-105738.35805820943,-232051.16175375466,202062.04757879517,-97175.97470429554,-34088.219241130624,208961.8118435279,85669.2045867009,96800.65705243575,-155474.14680521033,-105828.90935391415,70524.04217741483,-275298.9765945161,56357.23891863526,236064.03007564627,178085.33916201667,-23396.65855789946,18989.91538150159,-34833.51489884775,-124169.23648140764,-415937.224949168,106897.84822295561,-62751.042505057776
-910.8854992865892,800.4318461509985,-854.5083609318249,-1025.2389852226943,827.6220349080465,94.17349410342833,-782.8214148425348,-173.92222963528997,1578.5775438027463,-347.11458690300384,-1709.9933076622222,-1087.8209859170497,1005.1258957569764,-874.5791354358021,3531.343400203308,-1729.2176378220322,75.49006671866717,1403.4999863528176,-956.1786018357855,-8.050252262337564,842.9687868375597,-341.19013959602006,3120.5306057324365,-2238.131983772762,-2705.622779677048,2245.362728926235,1867.5489885710404,73.9325259558552,2598.4333040118104,-2202.0307803389587,-2070.2498941320173,25.708396581861766,825.3128787927864,405.37442471683835,1296.7051060393997,2845.0875432340504,-2478.3244628885072,1191.5573920427676,417.8904326858562,-2562.483412385105,-1050.0300871311595,-1186.269751951905,1906.6321575329503,1297.041509465413,-865.1304258121816,3375.5199704390425,-690.348540390211,-2894.6887527514164,-2183.7765339011094,286.7707586764886,-232.63539237108034,427.0162982959728,1522.585239682322,5100.2410914279,-1310.9266169131902,769.5970861321765
-29618.869358664462,26004.140189087117,-27765.35313038208,-33308.62623844837,26900.846951115844,3069.506995390957,-25438.97837416293,-5648.54426706901,51300.91515858426,-11275.913781905916,-55581.83030611898,-35360.16676381152,32679.610107315806,-28434.99518883085,114758.87380864065,-56198.32193840091,2458.9387366356586,45618.724472669135,-31079.79022470057,-252.11575104603673,27386.230271175802,-11084.13693358768,101392.12040505644,-72749.12328718702,-87935.73019636094,72954.79038032283,60691.46521810577,2408.2809520806572,84454.8856673466,-71560.75235888477,-67290.49022727425,825.3128787927864,26813.816339574314,13176.619963262294,42134.34510762423,92465.83379295026,-80517.18414952946,38721.85545891031,13582.946167358012,-83266.13959665557,-34136.24565428802,-38571.573088262245,61952.697297320105,42169.30794527387,-28102.563271861192,109699.12479282622,-22456.033197179124,-94065.50538897242,-70962.44553030995,9322.747207117089,-7566.578202623804,13879.877058522772,49478.24653379257,165740.05088410087,-42596.35813068977,25004.721677637714
-14555.567737586214,12778.704830760447,-13644.279214409878,-16368.23847102672,13219.63956391704,1508.6018590100884,-12501.1337040102,-2775.7267983928914,25210.153954611764,-5541.078489321039,-27314.091431584588,-17376.769629809864,16059.628443574067,-13973.718598654497,56394.429866199855,-27616.865576154607,1208.4781685955368,22417.988732814796,-15273.272190405633,-123.6994743829043,13457.897717847434,-5446.8498429191195,49825.44655776438,-35750.46216918396,-43213.30294356987,35850.92624992782,29824.83271471041,1183.580435784835,41502.80290630057,-35166.17016053704,-33067.93325021821,405.37442471683835,13176.619963262294,6475.272185884962,20705.41980144261,45439.4270994135,-39567.05629716063,19028.561182893347,6674.948977686112,-40918.21547709441,-16775.390618998714,-18955.14162066974,30444.434686445937,20723.08702475365,-13809.826025629562,53908.07278066074,-11035.716609795467,-46225.28761353036,-34872.0488833917,4581.422369406794,-3718.4787707276328,6820.8713514414085,24314.40389063351,81447.36401828984,-20932.460810901703,12287.635163989373
-46542.5249149515,40861.83592945823,-43629.808845489846,-52339.889248410436,42271.28094407302,4823.235206092134,-39973.979037271754,-8875.851560928166,80612.56678494975,-17718.66236472337,-87339.703994924,-55564.02593630438,51351.9963417888,-44681.89409852474,180328.57345826895,-88308.29392930596,3863.9058867071217,71683.91919526349,-48838.02453930505,-396.1959841379292,43033.578081666106,-17417.24206249395,159324.25243808256,-114315.99646940487,-138179.43937830444,114638.6880095796,95368.71861150795,3784.2486914890155,132709.91466002297,-112448.40523949887,-105738.35805820943,1296.7051060393997,42134.34510762423,20705.41980144261,66208.72312492375,145297.97965560984,-126521.79365817038,60846.09814205238,21343.68791907474,-130841.75615612918,-53640.70671544401,-60610.410629746875,97350.46176579768,66263.88134079368,-44159.41275805738,172377.7972624247,-35287.119185886804,-147811.63381428528,-111508.0934791017,14649.456697512956,-11889.859470237927,21810.238334706617,77748.56739038615,260438.63014448286,-66934.70652658306,39291.44186148225
-102141.65971947042,89674.21954638681,-95746.75483213112,-114863.47622227338,92767.42857422125,10587.145638117128,-87725.85251244577,-19478.753149928085,176910.5475345251,-38883.747829691565,-191674.24491170133,-121939.76356308264,112696.5256222773,-98059.75625573818,395743.0942939517,-193799.1714652802,8480.514161818191,157316.3838397966,-107178.39107338227,-867.678265928329,94440.62181781653,-38222.76903351534,349646.16048374417,-250875.28869538617,-303246.2099649144,251581.26418685183,209293.24272729323,8305.981074099622,291242.3203862769,-246775.50561532335,-232051.16175375466,2845.0875432340504,92465.83379295026,45439.4270994135,145297.97965560984,318867.5005157135,-277659.5188394096,133532.20016806928,46841.52377400952,-287140.21419398516,-117720.01289160574,-133015.7914941401,213641.3909508366,145421.76550608905,-96909.27688708501,378295.5984258909,-77441.34131266999,-324381.9859896662,-244711.96323855637,32149.898115218384,-26094.407680195465,47865.65836760757,170624.3103255638,571550.6099040706,-146891.27467852936,86228.07720786003
88940.32211430593,-78086.31447258811,83373.99276579048,100020.44829981735,-80778.6313922445,-9217.89516192746,76389.07277910315,16961.77508182851,-154048.25462072907,33859.3337647981,166903.0580077756,106180.65169153336,-98131.32650508657,85386.06385502924,-344601.39170916384,168754.20831008727,-7383.990591363123,-136985.5412010615,93327.17505566766,756.5779581214796,-82236.67890537226,33283.65221347549,-304463.13550625177,218453.2827783973,264056.6754694454,-219070.8017327379,-182246.21584673686,-7231.990840066014,-253603.93117046633,214884.74110180343,202062.04757879517,-2478.3244628885072,-80517.18414952946,-39567.05629716063,-126521.79365817038,-277659.5188394096,241779.63722785658,-116275.7523009548,-40787.79300469031,250033.95894390953,102505.75767786423,115824.17690257034,-186033.3458672795,-126627.22226012802,84386.92957477439,-329408.1403863456,67431.60762837867,282462.62518138747,213088.29497965556,-27994.809886468985,22721.513917945125,-41679.52279488602,-148574.76040533598,-497689.5918369165,127909.18057518888,-75085.24314220571
