V1,V2,V3,V4,V5,V6,V7,V8,V9,V10,V11,V12,V13,V14,V15,V16,V17,V18,V19,V20,V21,V22,V23,V24,V25,V26,V27,V28,V29,V30,V31,V32,V33,V34,V35,V36,V37,V38,V39,V40,V41,V42,V43,V44,V45,V46,V47,V48,V49,V50,V51,V52,V53,V54,V55,V56
7937598.931958508,20854358.289562766,-22523218.860682763,6824264.279170704,17727065.30043151,42597593.30958143,84463172.67163998,-8243126.320754293,2575840.792974824,-704229.6640373501,19368694.518639155,24942419.015170697,-33350563.78927804,-13451993.960672056,-34646475.2218921,57797209.510194026,-41089215.310373135,3392492.139495158,-25968879.532842267,-15594463.12786877,2065092.4518083713,8788820.7132836245,32682725.59447617,-4923043.520091336,-13752152.03036378,7812900.685997718,7269790.390085303,40066098.407492794,-21278001.38310622,-44077899.85280538,-19390056.26623905,-29280828.310038168,-39779835.05667829,23241814.67413973,2329423.6765283984,4085621.4978528344,-16284562.12751777,-23871059.298043534,-36232931.737041004,13400990.310707401,28599216.47305019,-17395899.58873175,25851652.893398467,-3022457.3559549055,-30300356.48552912,8078128.0398289515,32282653.273270313,60895261.552154936,8001161.336471698,40170001.73846485,20668687.968480743,41521818.920422055,-2584727.58708026,40156884.171987854,-17151882.489418205,-58894558.64053581
20854358.289562766,54790406.61658861,-59174982.49775837,17929307.990575824,46574107.60761115,111916146.65005611,221909080.3567815,-21657065.091806237,6767476.676399541,-1850214.3839882007,50887140.0592855,65530918.9520788,-87621535.84610246,-35342261.6848902,-91026268.51689173,151849915.7342949,-107953202.10990436,8913054.191492131,-68227725.88446377,-40971146.661468364,5425592.173588514,23090762.414010603,85866932.23685502,-12934253.167762425,-36130863.95017066,20526740.06303241,19099833.240698162,105265179.71766818,-55903436.09161463,-115805337.10981748,-50943262.428361416,-76929169.94242471,-104513083.4891657,61062940.88102078,6120067.055725301,10734103.553053213,-42784236.45966762,-62716147.3015519,-95194346.57658297,35208260.78031472,75138379.78743145,-45704038.92671352,67919738.07595198,-7940866.185379073,-79607762.73370339,21223568.496101692,84815830.09730387,159989390.77297735,21021356.028144367,105538162.46303278,54302597.23561039,109089776.31237422,-6790823.066025003,105503700.47430205,-45062936.55057143,-154732967.91468287
-22523218.860682763,-59174982.49775837,63910433.942350484,-19364092.222057093,-50301177.55713724,-120872184.19157489,-239667253.48336837,23390164.129935745,-7309039.980594838,1998276.7930759639,-54959359.140002914,-70775000.09149164,94633409.675507,38170510.6422812,98310604.20914444,-164001635.63352814,116592108.26134226,-9626317.179432612,73687618.21875536,44249843.1954155,-5859773.229763408,-24938591.095450446,-92738395.24300787,13969311.047160175,39022220.065710805,-22169383.414484203,-20628288.517873995,-113688977.78590554,60377084.97349215,125072607.02643651,55019973.7941726,83085390.63951121,112876695.53300174,-65949475.09592477,-6609822.532503998,-11593096.174601603,46208023.50871908,67734978.88594614,102812231.08074772,-38025785.87474997,-81151292.98978695,49361483.42395526,-73354983.41942146,8576330.208641449,85978338.39137198,-22921975.32034899,-91603175.83956707,-172792468.3202472,-22703579.768669646,-113983807.47143479,-58648136.48122849,-117819636.44534872,7334256.484124994,-113946585.28065109,48669075.9691099,167115402.69637617
6824264.279170704,17929307.990575824,-19364092.222057093,5867087.069574549,15240651.971140958,36622817.58065858,72616293.58005814,-7086937.56684984,2214551.3672006154,-605453.8426370199,16652024.676890638,21443973.538961317,-28672784.208659712,-11565205.254457334,-29786930.028280478,49690522.06616245,-35326005.639451586,2916658.2511004014,-22326461.67239954,-13407170.19806174,1775440.6265420844,7556092.720707922,28098617.45907759,-4232533.065298729,-11823263.0156471,6717056.269181704,6250123.227203072,34446392.11036369,-18293529.63874332,-37895494.6058791,-16670389.896854807,-25173873.800750785,-34200280.28866607,19981897.21921797,2002696.6932925282,3512568.3871549424,-14000475.61140092,-20522883.342744455,-31150868.695205726,11521355.548155025,24587865.545932464,-14955935.506490892,22225677.45088047,-2598524.8774079643,-26050401.60137736,6945082.560902411,27754660.53398755,52354038.62740659,6878911.601387807,34535721.455094315,17769679.939553924,35697931.85163198,-2222191.1840931736,34524444.362686,-14746144.748648915,-50633956.04528933
17727065.30043151,46574107.60761115,-50301177.55713724,15240651.971140958,39589914.424692005,95133344.44004318,188631877.91386536,-18409398.60843337,5752634.835439328,-1572758.6617966965,43256169.88757527,55703986.22812437,-74481922.06706174,-30042381.03005218,-77376085.4339196,129078696.35585693,-91764677.6027041,7576464.03258393,-57996383.283110924,-34827166.058602005,4611977.139672632,19628100.872785196,72990436.44427267,-10994649.046674326,-30712725.66282949,17448576.245953776,16235646.681263875,89479747.73133259,-47520227.60207026,-98439316.41932082,-43303875.86168607,-65392970.14559054,-88840434.88633381,51906020.185243875,5202309.659349438,9124430.815078788,-36368367.56572727,-53311313.75834315,-80919123.77360114,29928474.86854709,63870724.72565911,-38850319.7605792,57734581.0500391,-6750064.09346993,-67669884.08084574,18040909.122129012,72096957.26343554,135997586.14062896,17869020.562441792,89711793.88455933,46159449.49417478,92730812.55400872,-5772479.652543608,89682500.39709254,-38305356.58665941,-131529409.71604632
42597593.30958143,111916146.65005611,-120872184.19157489,36622817.58065858,95133344.44004318,228602501.12456086,453276604.9932265,-44237222.70523476,13823402.798676195,-3779290.3352021063,103943244.42221771,133854965.4788857,-178977770.1222104,-72190919.45647359,-185932355.4101875,310172139.14712065,-220507700.53379256,18206009.770910837,-139363526.02220374,-83688608.15863967,11082440.208567025,47165724.733758464,175393776.74577075,-26419803.85817678,-73801736.06147991,41928392.86624643,39013759.66230081,215017083.61564708,-114189649.6582165,-236546652.66961005,-104057882.47580723,-157137295.48714364,-213480834.51892552,124728571.27675527,12500989.932258327,21925728.35330329,-87392066.06863534,-128105449.2626524,-194446167.94211,71917205.67220843,153479385.76463574,-93356123.28131448,138734422.63310912,-16220196.157200055,-162608652.50943947,43351750.8898915,173246767.84766513,326798018.46749014,42938705.72499746,215574685.92718458,110919735.96266408,222829293.31164566,-13871092.635641392,215504291.0609848,-92046591.78510493,-316061128.0192954
84463172.67163998,221909080.3567815,-239667253.48336837,72616293.58005814,188631877.91386536,453276604.9932265,898763925.4599651,-87714258.03391677,27409257.95286305,-7493635.760343592,206100286.01678634,265409713.36454505,-354879915.7222233,-143141282.03858757,-368669575.4855517,615014157.0926421,-437226109.73081595,36099160.283508025,-276332173.590592,-165939077.3013588,21974435.92441446,93520935.99243993,347773518.4039662,-52385599.617408104,-146335234.11471725,83136272.05994783,77357091.2447494,426339228.56270415,-226417021.1395252,-469028394.6784819,-206327593.24871734,-311574280.3330623,-423293130.146237,247313757.72413385,24787157.862704948,43474677.2240799,-173282350.1413973,-254009484.24455032,-385550896.1937691,142598557.48677993,304321319.62381774,-185107977.75588351,275084777.1213526,-32161657.913876727,-322422974.4981574,85958528.56207821,343516392.2630324,647980209.8629456,85139535.1461591,427444853.0073241,219933381.8726898,441829400.3181668,-27503819.93618315,427305270.046432,-182511416.89303255,-626690936.005302
-8243126.320754293,-21657065.091806237,23390164.129935745,-7086937.56684984,-18409398.60843337,-44237222.70523476,-87714258.03391677,8560416.323989201,-2674986.941364298,731336.1403706467,-20114216.853691764,-25902480.716558244,34634265.95246811,13969777.342982898,35980058.12066668,-60021890.568218395,42670787.101729445,-3523073.0200051623,26968451.357557755,16194711.18519906,-2144580.814466386,-9127113.624760823,-33940722.50669201,5112537.378249985,14281488.502127308,-8113628.663719796,-7549612.843770953,-41608288.92832334,22097018.314803287,45774509.88038402,20136402.026819833,30407880.104244184,41311007.15523152,-24136419.271921903,-2419085.8023847523,-4242882.746608258,16911371.60429444,24789884.503429145,37627579.50477779,-13916809.936337199,-29700031.927481193,18065487.540663447,-26846712.080009416,3138795.0709405863,31466653.1248633,-8389064.992770638,-33525247.398586627,-63239190.05797457,-8309134.595959546,-41716193.44001763,-21464248.228105705,-43120042.30548477,2684217.7390656034,-41702568.21904406,17812076.62888916,61161477.851173766
2575840.792974824,6767476.676399541,-7309039.980594838,2214551.3672006154,5752634.835439328,13823402.798676195,27409257.95286305,-2674986.941364298,835890.3061973313,-228530.68970009073,6285362.0383912865,8094098.417021649,-10822636.163251158,-4365324.208137627,-11243174.156647652,18755850.665762004,-13333916.35008613,1100902.4222119167,-8427196.188843329,-5060580.719599817,670145.6591781289,2852071.5482270704,10605914.910824426,-1597583.5086214175,-4462729.332812923,2535374.830102158,2359129.5663801874,13001903.561363034,-6904951.811288182,-14303778.414142363,-6292293.445941163,-9501961.644206049,-12909007.911680276,7542232.616135061,755924.54242110206,1325830.036563533,-5284526.271991467,-7746429.333806598,-11757997.254852692,4348773.159553554,9280771.190582827,-5645167.253546158,8389155.024798835,-980821.8799183202,-9832809.323792616,2621443.9591927305,10476088.873632692,19761203.73490398,2596468.2168162004,13035620.64717888,6707224.584889228,13474301.10662146,-838772.9942351216,13031364.767479664,-5565981.407972892,-19111952.869268484
-704229.6640373501,-1850214.3839882007,1998276.7930759639,-605453.8426370199,-1572758.6617966965,-3779290.3352021063,-7493635.760343592,731336.1403706467,-228530.68970009073,62479.82757333286,-1718405.2489434918,-2212910.1170834675,2958886.877872641,1193470.8359389207,3073861.092418592,-5127811.669926669,3645465.8046606747,-300984.50339601166,2303978.3923503314,1383552.509784339,-183216.49209296453,-779750.6431437155,-2899635.757445594,436776.1183624381,1220101.1955528012,-693166.3780597284,-644981.2504392486,-3554694.1696517505,1887799.9602844396,3910624.153019492,1720300.3278871255,2597817.0696506947,3529296.701647035,-2062031.178791918,-206668.2433073223,-362479.2916511178,1444778.7150865053,2117858.1500558904,3214612.705377281,-1188945.7858743784,-2537344.0395692224,1543377.3197855486,-2293577.9942568643,268154.71634624247,2688270.2509725583,-716697.5002193874,-2864141.4384902474,-5402673.159797739,-709869.1448777237,-3563912.4374725344,-1833741.5944457452,-3683846.7222873024,229318.88760253164,-3562748.7526264386,1521728.0059227578,5225169.286396755
19368694.518639155,50887140.0592855,-54959359.140002914,16652024.676890638,43256169.88757527,103943244.42221771,206100286.01678634,-20114216.853691764,6285362.0383912865,-1718405.2489434918,47261942.33089071,60862498.744340315,-81379380.98001331,-32824480.206725802,-84541560.4853092,141032133.63217402,-100262620.07856879,8278088.687567195,-63367185.21683733,-38052363.73632839,5039073.221858598,21445777.43808132,79749775.39122862,-12012817.570062757,-33556902.6391281,19064415.977314744,17739161.84181909,97766092.35332577,-51920877.49852162,-107555369.41786557,-47314066.50926185,-71448738.78459339,-97067575.55485032,56712819.43535545,5684073.771547914,9969406.450161263,-39736288.988729775,-58248251.37445403,-88412704.92478108,32700025.445735697,69785524.55443794,-42448085.12089161,63081138.414943725,-7375159.234762607,-73936508.9808053,19711602.292262528,78773553.7010513,148591752.73837435,19523795.557456676,98019628.04124656,50434082.279264525,101318224.8322882,-6307045.184494752,97987620.65977213,-41852654.65771633,-143709797.2270515
24942419.015170697,65530918.9520788,-70775000.09149164,21443973.538961317,55703986.22812437,133854965.4788857,265409713.36454505,-25902480.716558244,8094098.417021649,-2212910.1170834675,60862498.744340315,78376884.36157134,-104797905.12351735,-42270373.051780164,-108870064.2821887,181616914.86656696,-129115169.23553005,10660271.923583344,-81602344.10499679,-49002682.47194134,6489166.268734415,27617223.791286204,102699348.41672535,-15469742.980627853,-43213564.07143734,24550578.18586167,22843955.90269049,125900216.11677499,-66862136.18305222,-138506551.1290851,-60929623.28814763,-92009523.86711791,-125000687.19516826,73033053.10210046,7319778.109806577,12838300.43132352,-51171190.03808707,-75010336.22402957,-113855206.96098499,42110103.84173437,89867686.58024935,-54663359.41839995,81233981.53735377,-9497506.78456034,-95213199.57101728,25384005.324602365,101442198.06959875,191351963.65555388,25142152.748575855,126226712.17162925,64947484.7711354,130474545.09799702,-8122022.28934184,126185493.54788321,-53896581.80653533,-185065129.10143453
-33350563.78927804,-87621535.84610246,94633409.675507,-28672784.208659712,-74481922.06706174,-178977770.1222104,-354879915.7222233,34634265.95246811,-10822636.163251158,2958886.877872641,-81379380.98001331,-104797905.12351735,140125511.3548405,56519809.91702827,145570404.20674026,-242840378.83991316,172640179.07746986,-14253873.064447196,109110674.8491847,65521594.67483691,-8676678.967906728,-36927051.79647047,-137319526.87996346,20684627.69120703,57780952.369777694,-32826632.690279465,-30544703.916325115,-168341457.8808015,89401511.79606353,185197416.73548263,81469134.21311504,123026137.38762838,167138695.81519806,-97652657.18254204,-9787291.426842006,-17166120.59533982,68421110.10774434,100296487.0813361,152236049.6804811,-56305513.254316725,-120162281.7172192,73090498.60232024,-108618136.15007585,12699137.208945492,127309780.51638672,-33941010.067599654,-135638585.8992766,-255857134.05781636,-33617627.559045,-168778017.60443336,-86841424.74526653,-174457803.6416725,10859974.6313154,-168722902.4801064,72065237.77150902,247450993.71184042
-13451993.960672056,-35342261.6848902,38170510.6422812,-11565205.254457334,-30042381.03005218,-72190919.45647359,-143141282.03858757,13969777.342982898,-4365324.208137627,1193470.8359389207,-32824480.206725802,-42270373.051780164,56519809.91702827,22797340.10838763,58716014.63018777,-97949986.9059815,69634644.04964897,-5749318.377945471,44009934.56162447,26428221.397675052,-3499750.0361091313,-14894575.279848587,-55388012.449885465,8343171.838824203,23306023.36399522,-13240665.62568888,-12320246.564493893,-67900749.05794305,36060218.200262345,74699622.40060309,32860682.636844173,49622754.48456838,67415613.35142632,-39388328.03942348,-3947716.8378466284,-6923977.619811398,27597744.496763512,40454720.47550631,61404611.533422545,-22710903.171446297,-48467614.36030134,29481148.777671214,-43811268.33235032,5122213.656749251,51350567.94132509,-13690151.29605243,-54710001.753371015,-103200312.27972728,-13559714.127945768,-68076836.32109912,-35027602.816911146,-70367785.32318978,4380385.288155976,-68054605.17312941,29067608.26468501,99809684.51900494
-34646475.2218921,-91026268.51689173,98310604.20914444,-29786930.028280478,-77376085.4339196,-185932355.4101875,-368669575.4855517,35980058.12066668,-11243174.156647652,3073861.092418592,-84541560.4853092,-108870064.2821887,145570404.20674026,58716014.63018777,151226870.75769773,-252276489.65968844,179348502.72160447,-14807739.414368922,113350416.3726226,68067584.16115741,-9013830.832669947,-38361935.57572188,-142655386.75720832,21488375.504802175,60026161.593733266,-34102185.487819664,-31731587.326942563,-174882745.02562013,92875408.99691251,192393680.0921468,84634801.1655828,127806595.6643599,173633246.8567328,-101447171.41977996,-10167598.704680301,-17833148.828266785,71079766.9877674,104193733.3144992,158151524.845833,-58493391.07804241,-124831458.41174382,75930594.79627936,-112838739.0333127,13192590.835809335,132256689.09028594,-35259864.53920896,-140909129.41684127,-265799040.30301845,-34923916.350831985,-175336267.97289577,-90215844.39483155,-181236755.14676464,11281963.301549517,-175279011.71318865,74865495.36549674,257066260.40659606
57797209.510194026,151849915.7342949,-164001635.63352814,49690522.06616245,129078696.35585693,310172139.14712065,615014157.0926421,-60021890.568218395,18755850.665762004,-5127811.669926669,141032133.63217402,181616914.86656696,-242840378.83991316,-97949986.9059815,-252276489.65968844,420847346.9527984,-299188963.43469495,24702253.93570515,-189091032.75924817,-113550265.06064184,15036861.940964464,63995336.00191075,237977550.1035081,-35846883.12053125,-100135572.960119,56889226.176204264,52934597.12852206,291739191.8629407,-154934648.5777208,-320950913.2714726,-141187677.10820192,-213206814.63561755,-289654780.61498547,169234053.49838606,16961576.46728222,29749237.806271106,-118575185.27780508,-173815864.54624018,-263828189.61715713,97578606.64443654,208243694.43730393,-126667330.38269646,188237453.33247808,-22007864.841668963,-220630454.9727811,58820464.84363028,235064446.97240242,443405650.19814765,58260037.13414067,292495758.0048615,150497967.24681768,302338943.9612906,-18820557.83640003,292400243.4225944,-124890532.91165777,-428837636.8723828
-41089215.310373135,-107953202.10990436,116592108.26134226,-35326005.639451586,-91764677.6027041,-220507700.53379256,-437226109.73081595,42670787.101729445,-13333916.35008613,3645465.8046606747,-100262620.07856879,-129115169.23553005,172640179.07746986,69634644.04964897,179348502.72160447,-299188963.43469495,212699537.32810932,-17561336.068392124,134428672.3177606,80725199.38118279,-10690012.072772749,-45495590.122322895,-169183095.05466422,25484280.427897055,71188421.48570217,-40443711.41823287,-37632284.82991792,-207403342.5830337,110146202.85028206,228170551.37668088,100373199.585224,151573073.24753273,205921492.07036754,-120311940.76227058,-12058330.620460723,-21149340.337174438,84297517.2651487,123569243.90108594,187560841.88964427,-69370622.09926768,-148044689.64695078,90050388.71900654,-133821845.15187812,15645839.937769057,156850691.13051084,-41816668.484986894,-167112109.3028064,-315226121.34808475,-41418248.44777412,-207941201.37392,-106992074.32917571,-214938922.7591799,13379918.772231739,-207873297.48736647,88787226.83375794,304869423.55146116
3392492.139495158,8913054.191492131,-9626317.179432612,2916658.2511004014,7576464.03258393,18206009.770910837,36099160.283508025,-3523073.0200051623,1100902.4222119167,-300984.50339601166,8278088.687567195,10660271.923583344,-14253873.064447196,-5749318.377945471,-14807739.414368922,24702253.93570515,-17561336.068392124,1449935.2109572336,-11098976.191742156,-6664999.856328022,882610.6817215679,3756300.2737848186,13968442.196606299,-2104085.5577370287,-5877604.704695144,3339196.797395675,3107074.0268537053,17124060.840307295,-9094116.836159319,-18838685.767790996,-8287218.396244684,-12514487.579370249,-17001713.31420312,9933441.664316928,995584.7164159637,1746175.1732973556,-6959945.009279873,-10202377.698345093,-15485783.460514534,5727519.677837816,12223170.04045654,-7434925.357823408,11048874.117431529,-1291784.0381095773,-12950229.019279784,3452553.627541712,13797453.675949315,26026346.70334579,3419658.69865261,17168468.555507045,8833699.624061095,17746228.822949138,-1104700.2719774642,17162862.176558528,-7330633.628146316,-25171255.720902808
-25968879.532842267,-68227725.88446377,73687618.21875536,-22326461.67239954,-57996383.283110924,-139363526.02220374,-276332173.590592,26968451.357557755,-8427196.188843329,2303978.3923503314,-63367185.21683733,-81602344.10499679,109110674.8491847,44009934.56162447,113350416.3726226,-189091032.75924817,134428672.3177606,-11098976.191742156,84960542.00133294,51019299.65483465,-6756216.393433799,-28753761.303469826,-106925755.91017888,16106372.488909569,44991940.7504679,-25560913.212294832,-23784057.848003782,-131081413.46418877,69613727.862615,144206539.68936384,63437072.481755726,95796010.32509758,130144866.03263529,-76038597.28204949,-7621010.385676903,-13366637.877787897,53277047.961666375,78097252.06643894,118540713.68030006,-43843069.64386125,-93566029.4371066,56912931.6490718,-84577020.03006044,9888359.55811553,99131527.9724804,-26428638.607101567,-105616868.86793728,-199226709.97815385,-26176832.656861927,-131421346.25281483,-67620281.512115,-135843990.873913,8456269.753464358,-131378430.84768254,56114598.427819826,192681152.06178802
-15594463.12786877,-40971146.661468364,44249843.1954155,-13407170.19806174,-34827166.058602005,-83688608.15863967,-165939077.3013588,16194711.18519906,-5060580.719599817,1383552.509784339,-38052363.73632839,-49002682.47194134,65521594.67483691,26428221.397675052,68067584.16115741,-113550265.06064184,80725199.38118279,-6664999.856328022,51019299.65483465,30637386.447019838,-4057147.061961458,-17266800.569778223,-64209538.01924072,9671970.337165764,27017922.03414527,-15349476.963619092,-14282465.115882872,-78715151.1129441,41803447.78813608,86596865.58097215,38094331.0279891,57526061.694579475,78152748.95021011,-45661619.87728072,-4576461.122795141,-8026743.476325706,31993177.806301348,46897853.887947254,71184387.83648744,-26328018.18898923,-56186945.36933034,34176546.67184979,-50788992.61012658,5938017.506715499,59529058.91106706,-15870551.033943923,-63423544.90640064,-119636798.20650338,-15719340.558611581,-78919282.25790562,-40606372.79155651,-81575106.37775195,5078038.890835476,-78893511.9386622,33697143.248029225,115706152.57737519
2065092.4518083713,5425592.173588514,-5859773.229763408,1775440.6265420844,4611977.139672632,11082440.208567025,21974435.92441446,-2144580.814466386,670145.6591781289,-183216.49209296453,5039073.221858598,6489166.268734415,-8676678.967906728,-3499750.0361091313,-9013830.832669947,15036861.940964464,-10690012.072772749,882610.6817215679,-6756216.393433799,-4057147.061961458,537266.7378694287,2286551.5462704333,8502930.382188242,-1280808.0057970374,-3577840.828508018,2032650.2872075578,1891351.3910384178,10423831.877659645,-5535810.497201857,-11467565.886364482,-5044631.104914333,-7617872.275339267,-10349355.945103329,6046727.283452222,606036.5383963778,1062939.5522976413,-4236686.981168927,-6210435.346435327,-9426572.757314207,3486480.4989209995,7440540.0447041895,-4525819.470378296,6725717.920162675,-786340.2442898615,-7883119.183993059,2101653.4252190487,8398844.37285442,15842869.350065423,2081629.0227997182,10450864.387379054,5377287.106776872,10802560.812797148,-672458.1600991162,10447451.048337022,-4462334.25729557,-15322354.72965714
8788820.7132836245,23090762.414010603,-24938591.095450446,7556092.720707922,19628100.872785196,47165724.733758464,93520935.99243993,-9127113.624760823,2852071.5482270704,-779750.6431437155,21445777.43808132,27617223.791286204,-36927051.79647047,-14894575.279848587,-38361935.57572188,63995336.00191075,-45495590.122322895,3756300.2737848186,-28753761.303469826,-17266800.569778223,2286551.5462704333,9731327.251571018,36187595.41174885,-5450986.875399264,-15226921.942788944,8650750.083278518,8049396.8389968695,44362754.85715992,-23559838.082268354,-48804778.94362746,-21469430.46548886,-32420880.518378094,-44045792.928235695,25734248.451480933,2579229.1828887593,4523760.666244992,-18030904.724303752,-26430972.861578867,-40118522.55202367,14838101.809872394,31666173.056148443,-19261421.857441355,28623963.194836892,-3346583.2140382016,-33549742.902196623,8944420.227923416,35744618.261485666,67425620.605586,8859199.230980018,44477801.425816625,22885181.0070015,45974585.87306553,-2861912.1081884974,44463276.040418975,-18991236.03226498,-65210363.93564837
32682725.59447617,85866932.23685502,-92738395.24300787,28098617.45907759,72990436.44427267,175393776.74577075,347773518.4039662,-33940722.50669201,10605914.910824426,-2899635.757445594,79749775.39122862,102699348.41672535,-137319526.87996346,-55388012.449885465,-142655386.75720832,237977550.1035081,-169183095.05466422,13968442.196606299,-106925755.91017888,-64209538.01924072,8502930.382188242,36187595.41174885,134569731.8315989,-20270422.33968709,-56623900.73531345,32169286.223960035,29933052.456017386,164970454.80603477,-87611265.3674591,-181488876.70301414,-79837731.59231152,-120562564.01673391,-163791777.87319267,95697182.88066217,9591302.921326663,16822372.772215575,-67050990.94546218,-98288070.65989238,-149187554.14235273,55178006.89430783,117756056.41632017,-71626876.35122068,106443080.09002452,-12444839.567336127,-124760428.56357813,33261348.42080021,132922450.55487144,250733647.43300354,32944441.347515672,165398272.9592457,85102442.74553272,170964322.109334,-10642506.112676868,165344260.80165812,-70622145.82848361,-242495838.334625
-4923043.520091336,-12934253.167762425,13969311.047160175,-4232533.065298729,-10994649.046674326,-26419803.85817678,-52385599.617408104,5112537.378249985,-1597583.5086214175,436776.1183624381,-12012817.570062757,-15469742.980627853,20684627.69120703,8343171.838824203,21488375.504802175,-35846883.12053125,25484280.427897055,-2104085.5577370287,16106372.488909569,9671970.337165764,-1280808.0057970374,-5450986.875399264,-20270422.33968709,3053361.409900088,8529335.446332796,-4845703.50156006,-4508856.5350506455,-24849724.70522385,13197004.419117132,27337917.151681982,12026066.494650085,18160503.529112905,24672179.02603562,-14414997.271132624,-1444751.0680932424,-2533976.954963162,10099982.26241828,14805266.187045814,22472324.818143915,-8311538.399487884,-17737755.503558286,10789254.186646717,-16033666.3698061,1874583.1896755602,18792833.64734093,-5010202.287957264,-20022290.179286696,-37768351.45288033,-4962466.212041301,-24914167.576344654,-12819097.096367586,-25752589.10529064,1603095.2282777012,-24906031.54921153,10637910.21594313,36527479.018594585
-13752152.03036378,-36130863.95017066,39022220.065710805,-11823263.0156471,-30712725.66282949,-73801736.06147991,-146335234.11471725,14281488.502127308,-4462729.332812923,1220101.1955528012,-33556902.6391281,-43213564.07143734,57780952.369777694,23306023.36399522,60026161.593733266,-100135572.960119,71188421.48570217,-5877604.704695144,44991940.7504679,27017922.03414527,-3577840.828508018,-15226921.942788944,-56623900.73531345,8529335.446332796,23826057.27447379,-13536108.338276446,-12595151.76651713,-69415837.74388255,36864839.57481399,76366416.18832427,33593912.501866564,50730001.37033576,68919877.13036285,-40267211.03551971,-4035803.4448659937,-7078474.063760001,28213541.29381086,41357398.00460424,62774749.93143166,-23217657.81441668,-49549086.46502741,30138970.28932905,-44788841.717138,5236507.166215607,52496367.72300533,-13995623.405581724,-55930762.34205576,-105503050.33288887,-13862276.197448378,-69595853.80907269,-35809184.0509435,-71937921.55349399,4478125.885365486,-69573126.91484118,29716202.497749303,102036766.4927467
7812900.685997718,20526740.06303241,-22169383.414484203,6717056.269181704,17448576.245953776,41928392.86624643,83136272.05994783,-8113628.663719796,2535374.830102158,-693166.3780597284,19064415.977314744,24550578.18586167,-32826632.690279465,-13240665.62568888,-34102185.487819664,56889226.176204264,-40443711.41823287,3339196.797395675,-25560913.212294832,-15349476.963619092,2032650.2872075578,8650750.083278518,32169286.223960035,-4845703.50156006,-13536108.338276446,7690161.557797093,7155583.325816126,39436667.50211581,-20943728.130085204,-43385444.383974575,-19085442.198751044,-28820831.872806538,-39154901.37936351,22876690.204087414,2292828.894984455,4021437.2237950414,-16028734.494564114,-23496049.455470644,-35663719.148270264,13190463.151541477,28149928.06913173,-17122613.341044325,25445528.12957192,-2974975.1337455274,-29824343.734817598,7951222.189694769,31775498.70960563,59938608.365758084,7875464.615473175,39538938.7832874,20343986.64446034,40869518.94710894,-2544122.1228609644,39526026.83491287,-16882429.50061055,-57969336.116735436
7269790.390085303,19099833.240698162,-20628288.517873995,6250123.227203072,16235646.681263875,39013759.66230081,77357091.2447494,-7549612.843770953,2359129.5663801874,-644981.2504392486,17739161.84181909,22843955.90269049,-30544703.916325115,-12320246.564493893,-31731587.326942563,52934597.12852206,-37632284.82991792,3107074.0268537053,-23784057.848003782,-14282465.115882872,1891351.3910384178,8049396.8389968695,29933052.456017386,-4508856.5350506455,-12595151.76651713,7155583.325816126,6658166.190931344,36695245.18262003,-19487833.80177975,-40369524.46674467,-17758726.19077826,-26817364.87518361,-36433065.855504096,21286427.246534646,2133443.932417322,3741888.612870722,-14914504.641329698,-21862731.973692596,-33184571.595950797,12273534.017646823,26193098.705060087,-15932342.586566592,23676693.80399652,-2768171.097572968,-27751117.614699144,7398496.437624511,29566639.644949954,55772002.915288426,7328005.347666346,36790406.72108736,18929783.811771657,38028492.49575315,-2367268.394714744,36778392.95557183,-15708855.309540099,-53939623.7315826
40066098.407492794,105265179.71766818,-113688977.78590554,34446392.11036369,89479747.73133259,215017083.61564708,426339228.56270415,-41608288.92832334,13001903.561363034,-3554694.1696517505,97766092.35332577,125900216.11677499,-168341457.8808015,-67900749.05794305,-174882745.02562013,291739191.8629407,-207403342.5830337,17124060.840307295,-131081413.46418877,-78715151.1129441,10423831.877659645,44362754.85715992,164970454.80603477,-24849724.70522385,-69415837.74388255,39436667.50211581,36695245.18262003,202239022.57761753,-107403574.38488631,-222489130.1178437,-97873918.21106772,-147798920.89575627,-200794069.99692482,117316186.91992196,11758079.579783993,20622723.96695894,-82198518.87542441,-120492383.47417319,-182890597.85554054,67643301.29535532,144358393.7556626,-87808144.2693993,130489696.29372066,-15256260.32835265,-152945126.42646277,40775438.0394078,162951037.00640348,307377026.3512551,40386938.884603776,202763488.51040757,104327983.9239075,209586967.55827045,-13046760.152301332,202697275.7187768,-86576435.12580559,-297278209.14786863
-21278001.38310622,-55903436.09161463,60377084.97349215,-18293529.63874332,-47520227.60207026,-114189649.6582165,-226417021.1395252,22097018.314803287,-6904951.811288182,1887799.9602844396,-51920877.49852162,-66862136.18305222,89401511.79606353,36060218.200262345,92875408.99691251,-154934648.5777208,110146202.85028206,-9094116.836159319,69613727.862615,41803447.78813608,-5535810.497201857,-23559838.082268354,-87611265.3674591,13197004.419117132,36864839.57481399,-20943728.130085204,-19487833.80177975,-107403574.38488631,57039081.87429969,118157849.23368229,51978141.99934982,78491934.80923732,106636199.92102733,-62303395.5963716,-6244392.055027779,-10952161.533764562,43653367.339916535,63990186.465214886,97128159.26379709,-35923494.32748105,-76664765.20876457,46632486.29095213,-69299482.78197831,8102179.424976772,81224944.4648079,-21654712.443088815,-86538804.8743921,-163239471.63536683,-21448390.01855154,-107682105.28775999,-55405717.25486501,-111305866.04292077,6928775.798853941,-107646939.38196084,45978358.45506288,157876268.0739859
-44077899.85280538,-115805337.10981748,125072607.02643651,-37895494.6058791,-98439316.41932082,-236546652.66961005,-469028394.6784819,45774509.88038402,-14303778.414142363,3910624.153019492,-107555369.41786557,-138506551.1290851,185197416.73548263,74699622.40060309,192393680.0921468,-320950913.2714726,228170551.37668088,-18838685.767790996,144206539.68936384,86596865.58097215,-11467565.886364482,-48804778.94362746,-181488876.70301414,27337917.151681982,76366416.18832427,-43385444.383974575,-40369524.46674467,-222489130.1178437,118157849.23368229,244766872.49480692,107673992.12940618,162597963.84761864,220899495.08990172,-129063007.00702137,-12935411.076291028,-22687668.81045069,90429021.15640354,132557234.84586027,201203355.90602815,-74416396.36029221,-158812938.10412267,96600336.4088344,-143555574.0192936,16783863.163042292,168259457.2640816,-44858265.46861321,-179267254.564711,-338154557.45106596,-44430865.76342112,-223066111.05527246,-114774300.32562953,-230572821.84092033,14353126.959059052,-222993267.7274697,95245296.42671824,327044549.9848859
-19390056.26623905,-50943262.428361416,55019973.7941726,-16670389.896854807,-43303875.86168607,-104057882.47580723,-206327593.24871734,20136402.026819833,-6292293.445941163,1720300.3278871255,-47314066.50926185,-60929623.28814763,81469134.21311504,32860682.636844173,84634801.1655828,-141187677.10820192,100373199.585224,-8287218.396244684,63437072.481755726,38094331.0279891,-5044631.104914333,-21469430.46548886,-79837731.59231152,12026066.494650085,33593912.501866564,-19085442.198751044,-17758726.19077826,-97873918.21106772,51978141.99934982,107673992.12940618,47366248.91471012,71527538.66266887,97174631.02332498,-56775367.825759046,-5690342.61090292,-9980402.212196583,39780112.79557639,58312493.44351894,88510215.17609079,-32736090.346856304,-69862489.80065268,42494900.58090346,-63150709.9615604,7383293.121124438,74018053.5830578,-19733342.4110626,-78860431.14681524,-148755633.6340168,-19545327.7443484,-98127734.40579233,-50489704.976213425,-101429968.61841683,6314001.709659373,-98095690.50603595,41898812.8154422,143868293.89306542
-29280828.310038168,-76929169.94242471,83085390.63951121,-25173873.800750785,-65392970.14559054,-157137295.48714364,-311574280.3330623,30407880.104244184,-9501961.644206049,2597817.0696506947,-71448738.78459339,-92009523.86711791,123026137.38762838,49622754.48456838,127806595.6643599,-213206814.63561755,151573073.24753273,-12514487.579370249,95796010.32509758,57526061.694579475,-7617872.275339267,-32420880.518378094,-120562564.01673391,18160503.529112905,50730001.37033576,-28820831.872806538,-26817364.87518361,-147798920.89575627,78491934.80923732,162597963.84761864,71527538.66266887,108013383.7048852,146742930.63293073,-85736202.61893807,-8592958.311479721,-15071355.69797445,60071753.035658374,88057408.36548139,133658839.05329704,-49434608.56574258,-105499001.73085643,64171339.75163741,-95363575.91033702,11149474.559785089,111774296.98880222,-29799222.79305514,-119086749.0220754,-224635148.52851585,-29515303.235200223,-148182206.57793996,-76244254.98497914,-153168894.84816787,9534742.34255821,-148133818.6529594,63271191.22285039,217254800.87813506
-39779835.05667829,-104513083.4891657,112876695.53300174,-34200280.28866607,-88840434.88633381,-213480834.51892552,-423293130.146237,41311007.15523152,-12909007.911680276,3529296.701647035,-97067575.55485032,-125000687.19516826,167138695.81519806,67415613.35142632,173633246.8567328,-289654780.61498547,205921492.07036754,-17001713.31420312,130144866.03263529,78152748.95021011,-10349355.945103329,-44045792.928235695,-163791777.87319267,24672179.02603562,68919877.13036285,-39154901.37936351,-36433065.855504096,-200794069.99692482,106636199.92102733,220899495.08990172,97174631.02332498,146742930.63293073,199359441.3432907,-116477989.06234632,-11674070.757223535,-20475379.236168653,81611228.76641488,119631492.34818485,181583885.42069396,-67160004.95521572,-143326985.3304281,87180774.79333065,-129557376.52636269,15147257.777510418,151852367.80860662,-40484106.660806715,-161786788.29988575,-305180886.25514203,-40098383.285981566,-201314788.86466748,-103582583.79039106,-208089515.55812904,12953544.026375832,-201249048.8969645,85957865.82912882,295154222.83772594
23241814.67413973,61062940.88102078,-65949475.09592477,19981897.21921797,51906020.185243875,124728571.27675527,247313757.72413385,-24136419.271921903,7542232.616135061,-2062031.178791918,56712819.43535545,73033053.10210046,-97652657.18254204,-39388328.03942348,-101447171.41977996,169234053.49838606,-120311940.76227058,9933441.664316928,-76038597.28204949,-45661619.87728072,6046727.283452222,25734248.451480933,95697182.88066217,-14414997.271132624,-40267211.03551971,22876690.204087414,21286427.246534646,117316186.91992196,-62303395.5963716,-129063007.00702137,-56775367.825759046,-85736202.61893807,-116477989.06234632,68053571.2147065,6820706.74741131,11962969.946169607,-47682275.43628837,-69896040.86146921,-106092421.17610733,39238985.93800078,83740398.27882959,-50936345.253624454,75695349.93158413,-8849955.208436694,-88721448.68819614,23653293.283290282,94525745.12570255,178305354.80150092,23427930.058661077,117620422.8463289,60519286.01223889,121578632.80918545,-7568253.391146289,117582013.38151291,-50221846.90848887,-172447164.26807636
2329423.6765283984,6120067.055725301,-6609822.532503998,2002696.6932925282,5202309.659349438,12500989.932258327,24787157.862704948,-2419085.8023847523,755924.54242110206,-206668.2433073223,5684073.771547914,7319778.109806577,-9787291.426842006,-3947716.8378466284,-10167598.704680301,16961576.46728222,-12058330.620460723,995584.7164159637,-7621010.385676903,-4576461.122795141,606036.5383963778,2579229.1828887593,9591302.921326663,-1444751.0680932424,-4035803.4448659937,2292828.894984455,2133443.932417322,11758079.579783993,-6244392.055027779,-12935411.076291028,-5690342.61090292,-8592958.311479721,-11674070.757223535,6820706.74741131,683609.1226641749,1198995.1920805555,-4778982.521006801,-7005369.228356011,-10633171.425845388,3932748.9689664394,8392927.77383322,-5105123.393943616,7586608.257568821,-886991.6731655366,-8892156.148258884,2370664.335684368,9473895.21048111,17870752.64874325,2348077.313729649,11788571.704672884,6065578.959974616,12185285.528581234,-758532.3173989295,11784722.191550817,-5033512.456583745,-17283612.258434433
4085621.4978528344,10734103.553053213,-11593096.174601603,3512568.3871549424,9124430.815078788,21925728.35330329,43474677.2240799,-4242882.746608258,1325830.036563533,-362479.2916511178,9969406.450161263,12838300.43132352,-17166120.59533982,-6923977.619811398,-17833148.828266785,29749237.806271106,-21149340.337174438,1746175.1732973556,-13366637.877787897,-8026743.476325706,1062939.5522976413,4523760.666244992,16822372.772215575,-2533976.954963162,-7078474.063760001,4021437.2237950414,3741888.612870722,20622723.96695894,-10952161.533764562,-22687668.81045069,-9980402.212196583,-15071355.69797445,-20475379.236168653,11962969.946169607,1198995.1920805555,2102941.468743882,-8381949.0385154905,-12286853.33723664,-18649725.940354917,6897724.932829918,14720517.968361186,-8953974.597991195,13306299.095249755,-1555711.7611999067,-15596125.509256024,4157954.4506759197,16616447.080221277,31343859.5027324,4118337.827595166,20676205.52160279,10638535.807028519,21372009.067994505,-1330405.0302870595,20669452.682519767,-8828374.230333362,-30314062.639277603
-16284562.12751777,-42784236.45966762,46208023.50871908,-14000475.61140092,-36368367.56572727,-87392066.06863534,-173282350.1413973,16911371.60429444,-5284526.271991467,1444778.7150865053,-39736288.988729775,-51171190.03808707,68421110.10774434,27597744.496763512,71079766.9877674,-118575185.27780508,84297517.2651487,-6959945.009279873,53277047.961666375,31993177.806301348,-4236686.981168927,-18030904.724303752,-67050990.94546218,10099982.26241828,28213541.29381086,-16028734.494564114,-14914504.641329698,-82198518.87542441,43653367.339916535,90429021.15640354,39780112.79557639,60071753.035658374,81611228.76641488,-47682275.43628837,-4778982.521006801,-8381949.0385154905,33408967.434031438,48973216.11372962,74334497.8878077,-27493107.29630083,-58673377.23545448,35688955.65051295,-53036549.4119652,6200791.662463122,62163387.52229422,-16572867.496047065,-66230217.337030046,-124931064.78032269,-16414966.202815225,-82411682.48241413,-42403320.275613554,-85185034.9655917,5302755.944333579,-82384773.09311171,35188337.91856868,120826476.93071732
