V1,V2,V3,V4,V5,V6,V7,V8,V9,V10,V11,V12,V13,V14,V15,V16,V17,V18,V19,V20,V21,V22,V23,V24,V25,V26,V27,V28,V29,V30,V31,V32,V33,V34,V35,V36,V37,V38,V39,V40,V41,V42,V43,V44,V45,V46,V47,V48,V49,V50,V51,V52,V53,V54,V55,V56
5.809195627942843,2.9245019318518772,0.4669644499113858,-2.9626108917554648,-1.949886903005606,-1.3346517263501674,-0.2325635731058601,-1.1632584670885573,-0.08105802209856552,-0.5562545748057555,3.5056143140466656,2.884350220074517,-4.988959739295757,3.0399694523947796,-0.9151335095891053,1.0649074330092057,-1.2197849495218516,-2.455410506537753,2.665037531547057,-1.805363407988112,3.121112489070337,-0.8606709610388135,3.7620907774359846,5.250776310364497,2.4662615047148306,3.4104388080904564,-0.7822885455713645,-0.9029025082363643,-3.869607610389972,0.9451473906260573,3.996139343326362,3.013121569700024,1.4675309414053392,-1.2261163548034566,0.0415934195763131,-2.459544578139029,-6.2090804413326834,1.1852696644015932,0.12027239873321793,-1.3846078714797196,3.324167172836438,5.814641446733907,1.6946283366167418,-6.039306788036181,-2.6692709485425197,-1.5441254619977631,6.8691121248768905,-0.16020808172668022,-0.9850962377941361,-0.6030667388441913,1.2344815280479404,0.23398756851762256,0.053979843485680724,0.5784262633050895,-0.15858244752590583,2.0215196955126147
2.9245019318518772,1.7809269422164773,1.398501068174067,-1.7609684500910256,-1.0670345043363283,0.49755747380554455,-0.22408599091524056,-0.7534228731347452,0.3665901567876662,0.29561424936125014,1.3845703985679843,1.3544672896029932,-2.3530982472375634,0.505186731659961,-0.8204247825737108,0.32355735787504813,-0.19115461610586743,-0.8553431545274928,1.6287807163226746,0.005314973494438014,2.1131883645589067,-0.14772877891631725,1.0824931519463423,2.6045602588840864,0.3726327495157152,1.277543732922912,-0.4954136511557219,0.16651270562916728,-1.5838423710349152,0.7485156457937129,1.7945117044603736,1.4110200630191818,0.34430493001440193,-0.7443922853940466,-0.9387904807551977,-0.8728559477276766,-2.9036353805242308,1.3965416955531065,0.8494502979624016,-0.19887535704852585,0.9177630576169191,2.2789534075249627,0.42747538825987313,-2.954184587225525,-0.6511017601760315,-0.5531846722039898,3.295566198117256,0.44819367308167996,-0.40387515299079685,7.733312851044222e-4,-0.02234683528447756,1.0787347494554849,-0.1311772108981482,0.31909936322560806,0.8365389943129298,1.3631409808362094
0.4669644499113858,1.398501068174067,4.43883423981823,-1.2564281597967568,-0.4833577048135901,4.33530442144514,-0.43833315889249774,-0.7350667535382417,1.529276241861254,2.131159079971573,-1.1535610556533478,-0.14390304277424024,0.19810310273771906,-3.627486011838539,-1.4286433962665983,-0.7161422089939036,1.50897544501561,1.2519396142735681,1.2983478611406016,3.308939652183236,2.3037548247843156,0.9886542652432594,-2.7699086352115585,0.27594381231881004,-3.097585017858063,-1.3822515165084066,-0.44818965590910476,2.279107509656095,1.0516465229854028,1.1048001808674015,-0.49107900006749,-0.14698032324754665,-1.3747619237674644,-0.5922724752983248,-3.613905243468946,1.1822634172524458,0.327133433172974,3.119915475055591,2.9895483212739546,1.7718989398179301,-2.586313000257828,-1.994527623763197,-1.4707035562552377,-0.16343301397486776,2.412670354288395,0.7243738253489936,-0.0626619840941873,1.9904775698184922,0.26267697297822207,1.1034290870994505,-2.3410617848245727,3.649933647410313,-0.5979464358632868,0.14930823713271607,3.455094571814842,1.4819026351076972
-2.9626108917554648,-1.7609684500910256,-1.2564281597967568,1.8845073047550045,1.1343136274008192,-0.22711013147302914,0.14125905580299547,0.8174860840503068,-0.360308171257132,-0.13066361251239164,-1.5724654449436513,-1.5310300643846462,2.4103791813708364,-0.8206210558560949,0.7681181105713535,-0.3058597186685859,0.2732567546471455,1.0190368513569164,-1.7221713618086592,0.11732515801208991,-2.0703734637910354,0.14429755296818142,-1.313429228412749,-2.7917251519127517,-0.5250505766173058,-1.4783069236683088,0.5577112876446263,-0.07149353544585522,1.7195293765420867,-0.7102192837157597,-1.959831324484625,-1.4514995339510433,-0.47440312573337284,0.7018696203988681,0.7134327001520475,0.9954865995452021,3.0948479941764813,-1.191477918349037,-0.7194718252442056,0.4073277512006863,-1.03345515039222,-2.6010103322279368,-0.4607028281824723,3.109737259048972,0.8885406985252118,0.4858779679921046,-3.4110974812459025,-0.41726239482483884,0.39119104773448293,0.156007915566142,-0.1099191346588463,-0.9658144055060761,0.01502035724631262,-0.3047053477011604,-0.6796712056713223,-1.3496388475026413
-1.949886903005606,-1.0670345043363283,-0.4833577048135901,1.1343136274008192,0.7098067563362715,0.16960777967979518,0.07828006599415337,0.47533771832172217,-0.10704169595280402,0.06745873038502086,-1.125657874847029,-1.007387766640722,1.6324012208963223,-0.8125956673919559,0.40048746129684165,-0.2742876097166448,0.2990218385891252,0.762073124127467,-1.027011405119739,0.3488347726387508,-1.202396004654079,0.19303941989668738,-1.083567555932322,-1.820990900320277,-0.59486308536954,-1.0806724643323533,0.3240540052591298,0.13361547537720386,1.2304949006743306,-0.38821820952030306,-1.3350150823375033,-0.9878027509214162,-0.41512916812535583,0.43398581947621995,0.2029870254097151,0.751984164024638,2.0825549656275406,-0.5691840609132951,-0.24561940494667675,0.3895368951261422,-0.9046920404949577,-1.8625653796737642,-0.43560030751482853,2.0530993745630175,0.7624537368637722,0.40589392701270555,-2.283565763989769,-0.11224085503943632,0.29196855323925647,0.17066752726140533,-0.25305104769393205,-0.34986818492708976,-0.017911668198768146,-0.1944755867021529,-0.18487984512918465,-0.7860994662799627
-1.3346517263501674,0.49755747380554455,4.33530442144514,-0.22711013147302914,0.16960777967979518,4.917750367535721,-0.4526155474580448,-0.3228465149246439,1.5225520093277198,2.3988308333403645,-2.3523390200326695,-1.1768995434059109,1.754670247871613,-4.7426922771486595,-1.159979496545666,-1.007302565577099,1.9310981810857843,2.126861452995154,0.3825107248547852,3.892007287621897,1.3554399818575966,1.1947023912624275,-4.059377063113749,-1.4805584132330212,-3.9308044970956275,-2.552893002599589,-0.15005139349470295,2.5945653238959903,2.299297611308697,0.8256977138325259,-1.8211326459064565,-1.07486612263617,-1.9061394900278226,-0.2654354825866659,-3.7325495868837657,2.0085958872107095,2.34593668018883,2.8776829175755965,3.0019863357374867,2.3348539287252508,-3.635891253679365,-4.010720216921147,-1.979223339891682,1.7980086869663716,3.3901639264928853,1.1211128897820395,-2.2418283460875466,2.03140739125819,0.5350492623979589,1.4009969872729358,-2.7916747086247096,3.6008795842209067,-0.7076896610859399,-0.019170075026111264,3.574508199722508,0.8714333861313925
-0.2325635731058601,-0.22408599091524056,-0.43833315889249774,0.14125905580299547,0.07828006599415337,-0.4526155474580448,0.10367812613839346,0.07382782947146307,-0.11350545118318343,-0.23090156643352958,0.05628780337735686,0.0052350474446391975,0.14038533423203817,0.3299572943170602,0.1659004953896282,0.004492514579730011,-0.12374531615934871,-0.10349979692033967,-0.14812000264954966,-0.2504336399637511,-0.321606997440457,-0.017581532704852014,0.2006818505641762,-0.11804309764019394,0.24062240062050388,0.08020909724107193,0.03165020883741298,-0.1968421201287891,0.006774375366342443,-0.1379318312840132,-0.033194996107921516,-0.09229972462599584,0.1219716261071046,0.12904911849546005,0.3844542007702678,-0.0639504627793411,0.12052637421313281,-0.3954308371539472,-0.3013438589174673,-0.19522595948251747,0.13287972608250456,0.12120332465979156,0.06470607329409607,0.1591667635037474,-0.22229042344274794,0.036216973745765976,-0.18977527193464425,-0.16799630591157536,0.030790206587172124,-0.14744869672535654,0.212007616446348,-0.34818825144944954,0.1098385211637575,-0.03874962114472965,-0.3477347440225738,-0.21215717515874366
-1.1632584670885573,-0.7534228731347452,-0.7350667535382417,0.8174860840503068,0.47533771832172217,-0.3228465149246439,0.07382782947146307,0.37171707739467635,-0.23077879137461144,-0.15557538415816632,-0.558901341711239,-0.6008967074519376,0.9144417195479728,-0.1394624464997803,0.3710824573672187,-0.068812667956906,0.01926202995356045,0.3326179803995814,-0.7527466579418479,-0.14226260242807087,-0.927671637742049,0.001489569556408737,-0.36292589785923884,-1.112082220813791,-0.025632732016461848,-0.5120419542069145,0.25170052508001733,-0.15637743149683003,0.6173747079781539,-0.3323215305329253,-0.7470324382341282,-0.5547825304736436,-0.1156849899314662,0.30277728162520434,0.45575321206238517,0.32569256060275714,1.1962017612742335,-0.6152859800199154,-0.4389261888125133,0.07936924102972573,-0.25130073311327733,-0.9144764396971531,-0.08926377295069343,1.2219678032285064,0.2230762627882676,0.12678293795373674,-1.313674334776498,-0.28068073187312137,0.1328730261701937,0.016186731395781605,0.0859400296516067,-0.5777291563027525,0.02487959801625848,-0.12202318292411742,-0.4511018038881546,-0.6107385909543397
-0.08105802209856552,0.3665901567876662,1.529276241861254,-0.360308171257132,-0.10704169595280402,1.5225520093277198,-0.11350545118318343,-0.23077879137461144,0.5542775996380932,0.7378897581673536,-0.5116066199756337,-0.12023008858392246,0.277221113319125,-1.3400996559670948,-0.4580421778042421,-0.3124687373076168,0.5677194011061968,0.5028422164179468,0.3792109113558428,1.233404829893427,0.6731302723677867,0.40522323197665894,-1.0884319563053806,-0.07533779916089647,-1.1715061310537425,-0.58689228532116,-0.14639094135640246,0.828394687961057,0.514091380645202,0.3435596076605445,-0.3058749345530484,-0.18012929820844667,-0.5173303370932666,-0.13818612879404663,-1.2331068356324344,0.49625976428755386,0.3397183418472742,1.0014668721088225,1.0291398698978127,0.6312986067936539,-1.0445228071453947,-0.8684063965514144,-0.5961225547592064,0.16314492796415325,0.9066447181856923,0.352691244948616,-0.2937117122747514,0.712136486224654,0.1459590171568708,0.37194722051724366,-0.8521425758959892,1.267330826490013,-0.17754353937507455,0.0239815481695997,1.1978713738410611,0.43250227889026305
-0.5562545748057555,0.29561424936125014,2.131159079971573,-0.13066361251239164,0.06745873038502086,2.3988308333403645,-0.23090156643352958,-0.15557538415816632,0.7378897581673536,1.1869366631042881,-1.1215182018500414,-0.5560013776542512,0.7770110277810602,-2.3139084765481766,-0.5910438176655414,-0.46529478131766405,0.9249789073074864,1.0163468171161794,0.20846749254091884,1.8783718665924953,0.7131928623530872,0.5768062857057414,-1.9470839208951656,-0.6706905326475895,-1.8834747074371685,-1.22545718725824,-0.07036409313044892,1.2565440118984676,1.0863777880555465,0.42490476015038986,-0.8567788843351367,-0.4858407259387702,-0.9246762907204895,-0.14904580703130957,-1.8606759261186547,0.9572463701581313,1.0827670285871227,1.455102406978859,1.4827124550515733,1.1524392695742232,-1.7287666582443726,-1.9052571392677595,-0.9366623352701468,0.8056233824902425,1.6407798735433277,0.4990359080476455,-0.9941754078098001,0.982383166177965,0.24355483151994978,0.7015020676765075,-1.3529579621350076,1.7692610666736956,-0.36506920140052873,0.005008936104822794,1.7564802314633314,0.4479373488149607
3.5056143140466656,1.3845703985679843,-1.1535610556533478,-1.5724654449436513,-1.125657874847029,-2.3523390200326695,0.05628780337735686,-0.558901341711239,-0.5116066199756337,-1.1215182018500414,2.6842351685492787,1.9865098211524377,-3.2101339189770663,3.240329087883405,-0.09891968003661154,0.861019903256087,-1.2781398964540842,-2.0395613680949625,1.3496194945302917,-2.2130983363194225,1.2176952468104139,-0.8271413091352011,3.3614854681100717,3.341816129863347,2.5869057424639346,2.7031292065846593,-0.4058165120054742,-1.3216404608997376,-2.83512758496951,0.2260452737410941,2.7716872397472576,1.951563662057248,1.4332369446173785,-0.549403452327027,1.2948911520664685,-1.986464019679488,-4.1214527700223,-0.3677843940710847,-0.9270870003625981,-1.5663625031437913,2.9362253152307662,4.484561594153483,1.5203225413713717,-3.8390611698604733,-2.5809963175916084,-1.1187311024660456,4.3883184032213975,-0.7193785615679322,-0.6798613319851408,-0.8370497523926347,1.5780482835012792,-1.038481253867731,0.31059122006918427,0.3027671871662157,-1.2620786466541136,0.8039019867799235
2.884350220074517,1.3544672896029932,-0.14390304277424024,-1.5310300643846462,-1.007387766640722,-1.1768995434059109,0.0052350474446391975,-0.6008967074519376,-0.12023008858392246,-0.5560013776542512,1.9865098211524377,1.623070132729763,-2.5331393295927955,2.014340244595541,-0.3284708179630818,0.5416338642956032,-0.7700552478232454,-1.4551714458059668,1.3508564128890008,-1.1850406873186068,1.3771363080469388,-0.4559608398465491,2.243233554671592,2.7764649633694556,1.5413928369664969,1.9621197174336666,-0.429348235038676,-0.6628811457565111,-2.0973483896518945,0.3723743449522507,2.166686386078256,1.5299613337527895,0.932117974029812,-0.5215370377696971,0.433038477124958,-1.4029093796399061,-3.2747802797456362,0.21037966866072416,-0.22639086697400607,-0.9929992427883094,1.8903435431441395,3.3194107055349047,0.9432741158898504,-3.135572611810577,-1.6958563515272975,-0.7275748322752111,3.5163934305419366,-0.2136708122160779,-0.48136208611787623,-0.5201941471221575,0.8709736522465896,-0.1855311884105733,0.18226471230290212,0.26386756772211517,-0.41968380781219855,0.900409624662419
-4.988959739295757,-2.3530982472375634,0.19810310273771906,2.4103791813708364,1.6324012208963223,1.754670247871613,0.14038533423203817,0.9144417195479728,0.277221113319125,0.7770110277810602,-3.2101339189770663,-2.5331393295927955,4.366270026487147,-3.1436740588088963,0.6009348995247037,-1.0219846044180527,1.2669459210032907,2.309330877197359,-2.1449723922601036,2.020593380153258,-2.4011530977952975,0.881945199040125,-3.6526752311612194,-4.5343738704576015,-2.5675446530532717,-3.158679978318431,0.6218037906818755,1.0959158151122055,3.5112044465908148,-0.6712601524546135,-3.5464724118655093,-2.6410753514165966,-1.465966142375016,0.9847738731639388,-0.5319465419891778,2.302270252766917,5.449276734766283,-0.6022510553089387,0.30354089142115054,1.4501771634361285,-3.243316108015014,-5.335627343523788,-1.6730672724727953,5.234094756408349,2.6545002748033983,1.4379889580034602,-5.984632686726463,0.4090075119456847,0.8915633542707633,0.6786591839204019,-1.3938097402720557,0.29322404808497204,-0.13158843047653962,-0.48217762867758496,0.6096694810123042,-1.5572228035938431
3.0399694523947796,0.505186731659961,-3.627486011838539,-0.8206210558560949,-0.8125956673919559,-4.7426922771486595,0.3299572943170602,-0.1394624464997803,-1.3400996559670948,-2.3139084765481766,3.240329087883405,2.014340244595541,-3.1436740588088963,5.201294104053671,0.730642631856669,1.2013691211039255,-2.0762736931476633,-2.679160409309279,0.5755654354088947,-3.980225895607096,-0.16683985511272903,-1.3319703474431803,4.797967644908079,3.0550904959776966,4.221905324886536,3.392372978581038,-0.15505611066478525,-2.554840257140601,-3.3054332880375705,-0.4236619524217229,2.943103450419237,1.9304548072314127,2.1673934436256235,-0.16791619219381332,3.334342038188625,-2.575330503703155,-4.127871399224471,-2.177779426342836,-2.5987497146984695,-2.547496617467711,4.250372967134002,5.452245132312229,2.2636579138973794,-3.5717043113089613,-3.86805497132843,-1.4267771782798953,4.1961510547092855,-1.8020823564170052,-0.7804948222311175,-1.467572980883871,2.8448016965185183,-3.0662239952387593,0.6735616180403291,0.19383562839030447,-3.1837225269049476,-0.08027445873794187
-0.9151335095891053,-0.8204247825737108,-1.4286433962665983,0.7681181105713535,0.40048746129684165,-1.159979496545666,0.1659004953896282,0.3710824573672187,-0.4580421778042421,-0.5910438176655414,-0.09891968003661154,-0.3284708179630818,0.6009348995247037,0.730642631856669,0.5655090759278778,0.07509057348004014,-0.3014810645447142,-0.06434372365747472,-0.7445224198385446,-0.7806033670520577,-1.1219959413893363,-0.1955986866108589,0.3619746186208889,-0.7687893961980055,0.6245472382931494,-0.013303703112938093,0.235408506893109,-0.5818280191629726,0.17819727220382764,-0.46809961262820715,-0.36556718116326054,-0.3492578867455458,0.23464534324641548,0.3427676228889292,1.1222417511267166,-0.043237305691624636,0.706444325320251,-1.1281177546391201,-0.9410380204551937,-0.3749265759525838,0.3570395470355683,-0.1441450015925092,0.22673793657077165,0.841289716235462,-0.3975413252674948,-0.008023414910626865,-0.8882169780487597,-0.5874814020587629,0.04959322506290089,-0.269711089093348,0.5586860963281917,-1.1559715260852146,0.18434388293507759,-0.12448584662331982,-1.045934883525554,-0.7177641409647131
1.0649074330092057,0.32355735787504813,-0.7161422089939036,-0.3058597186685859,-0.2742876097166448,-1.007302565577099,0.004492514579730011,-0.068812667956906,-0.3124687373076168,-0.46529478131766405,0.861019903256087,0.5416338642956032,-1.0219846044180527,1.2013691211039255,0.07509057348004014,0.3609167140868527,-0.5070604363660709,-0.6752087262758121,0.24895069204891937,-0.9621247326288673,0.19707477075784802,-0.3713721829480735,1.2096219647060926,0.9340515110786248,1.0405946170266114,0.8817485882276829,-0.047331004113204796,-0.589171615252917,-0.9362200875185229,-0.01071478814446113,0.8404552564396354,0.6224647128096924,0.5143375285489141,-0.15007199562192328,0.6297838390038306,-0.6800126603472003,-1.2456402449328705,-0.2918643048607916,-0.5096093011875823,-0.545885384792922,1.1302714699955563,1.436961219359454,0.6155137472380766,-1.1272403403067148,-0.9168123890289251,-0.4768365562152868,1.3524395310339656,-0.4073012891334572,-0.25540882899247674,-0.2773915887328814,0.653612383947436,-0.6213539080134745,0.08315784599310819,0.09222200754788988,-0.6451232887481365,0.12647762397749315
-1.2197849495218516,-0.19115461610586743,1.50897544501561,0.2732567546471455,0.2990218385891252,1.9310981810857843,-0.12374531615934871,0.01926202995356045,0.5677194011061968,0.9249789073074864,-1.2781398964540842,-0.7700552478232454,1.2669459210032907,-2.0762736931476633,-0.3014810645447142,-0.5070604363660709,0.8501610303655689,1.0660154913771498,-0.1831290655987479,1.6373745053663133,0.09498166481962973,0.5478594719229206,-1.9300928383270122,-1.1797440127700023,-1.730680571967729,-1.3377408721782342,0.03457330583211788,1.051379663638791,1.3129434896694923,0.17721283791944822,-1.1490625683467126,-0.76993507824658,-0.8650851846209587,0.06464762522298252,-1.3397172306623595,1.0295294901312466,1.6179975012130043,0.87373787721413,1.0658007148408566,0.9998402508450901,-1.736988100938484,-2.158353709524015,-0.9355330770439274,1.4009393310838358,1.5451561215840797,0.6171150394080669,-1.674944333495818,0.7605317908411497,0.3230555508399877,0.5662366528045502,-1.1599546589649719,1.2736452933508593,-0.24857635809806522,-0.08253580127096699,1.306966140233967,0.06125908355909702
-2.455410506537753,-0.8553431545274928,1.2519396142735681,1.0190368513569164,0.762073124127467,2.126861452995154,-0.10349979692033967,0.3326179803995814,0.5028422164179468,1.0163468171161794,-2.0395613680949625,-1.4551714458059668,2.309330877197359,-2.679160409309279,-0.06434372365747472,-0.6752087262758121,1.0660154913771498,1.5962191355065383,-0.8535169782505408,1.8946083721685791,-0.6441976791624006,0.6620325520341197,-2.681034331775908,-2.376058510060392,-2.1555625971712526,-2.0730490990509045,0.25471384130253905,1.1664039983369305,2.1209273697761297,-0.05555703772312474,-2.0319305286191924,-1.3982584699325715,-1.1648797358125205,0.31992578974189895,-1.276320761811092,1.5380574157748852,2.9762113932964587,0.5782971511010705,0.9511027785343579,1.3051910634174624,-2.340211399029647,-3.4261187996938327,-1.2196380078504063,2.7334980686907966,2.0970997834539293,0.8547460304596697,-3.142727649797836,0.7027049428678426,0.5009683284750501,0.7192283073119315,-1.361491273640023,1.0896821972111184,-0.2943688853252763,-0.2011145802002977,1.2406447418676658,-0.42234296640168467
2.665037531547057,1.6287807163226746,1.2983478611406016,-1.7221713618086592,-1.027011405119739,0.3825107248547852,-0.14812000264954966,-0.7527466579418479,0.3792109113558428,0.20846749254091884,1.3496194945302917,1.3508564128890008,-2.1449723922601036,0.5755654354088947,-0.7445224198385446,0.24895069204891937,-0.1831290655987479,-0.8535169782505408,1.5811544531368715,0.026475585766369776,1.9401684233661047,-0.09161012038347628,1.0551514927902848,2.492948377244878,0.34490495574983243,1.2552537681752465,-0.5104016177245111,0.1549565746262361,-1.4881543123293877,0.6794458736739297,1.721602142585697,1.2892236263109285,0.36366074444664415,-0.6521716134326586,-0.7900019576817972,-0.8376119251288062,-2.740719780116581,1.196924974139728,0.764041084674682,-0.28242049034654737,0.8202812218242814,2.2290861030271305,0.35534272662352817,-2.7757592579712234,-0.6879258401974211,-0.4138872492085773,3.040625146269242,0.4486549243222367,-0.3408234960236567,-0.08644408707329583,0.0022919480816924946,1.0072971697164153,-0.04461178777380003,0.27918769506759833,0.7473381903573657,1.2620851392004404
-1.805363407988112,0.005314973494438014,3.308939652183236,0.11732515801208991,0.3488347726387508,3.892007287621897,-0.2504336399637511,-0.14226260242807087,1.233404829893427,1.8783718665924953,-2.2130983363194225,-1.1850406873186068,2.020593380153258,-3.980225895607096,-0.7806033670520577,-0.9621247326288673,1.6373745053663133,1.8946083721685791,0.026475585766369776,3.273284558043007,0.640359672730161,1.1059280784338033,-3.576419454979304,-1.7424653864069795,-3.3492379792526186,-2.358218108573817,-0.061007383333345405,2.125092198592572,2.2747691651547535,0.5143778374753468,-1.8791426406851601,-1.2452969917594827,-1.6252355151915423,-0.0012323596812600442,-2.8527122272550556,1.8459922992408773,2.5788021392047202,2.0021109679850677,2.3015553953490673,1.9047178005272973,-3.2742303196764566,-3.729976047818198,-1.7897889620783063,2.1276904160195573,2.885302909032122,1.1487644879189012,-2.61587455250064,1.6221677261059972,0.5774695310635528,1.0879729801838398,-2.295933170250866,2.7783924692173216,-0.48563276011511974,-0.0988162930404487,2.7691093900024906,0.4037662270628206
3.121112489070337,2.1131883645589067,2.3037548247843156,-2.0703734637910354,-1.202396004654079,1.3554399818575966,-0.321606997440457,-0.927671637742049,0.6731302723677867,0.7131928623530872,1.2176952468104139,1.3771363080469388,-2.4011530977952975,-0.16683985511272903,-1.1219959413893363,0.19707477075784802,0.09498166481962973,-0.6441976791624006,1.9401684233661047,0.640359672730161,2.635146738618555,0.02791609931466727,0.5909077751399996,2.757055200546041,-0.21330089717560521,1.0644666157006577,-0.6020118170390476,0.611903806537557,-1.447953648306497,0.9866888134339571,1.7729440121146243,1.4397508687410367,0.09417061306158087,-0.8905213023953606,-1.6592937373661183,-0.6796654156071322,-2.956935537267081,2.04437956272434,1.4528139485635356,0.13020515992285808,0.4559774047847163,1.9794751213244632,0.1608948063395886,-3.0981657251274055,-0.21117034344717736,-0.43061854760514,3.405223550633397,0.8496626528689468,-0.3703617963323096,0.2101991703738411,-0.4746833423522785,1.818789195597013,-0.2497739812206354,0.3581924572468634,1.5313065448262158,1.7044485720853038
-0.8606709610388135,-0.14772877891631725,0.9886542652432594,0.14429755296818142,0.19303941989668738,1.1947023912624275,-0.017581532704852014,0.001489569556408737,0.40522323197665894,0.5768062857057414,-0.8271413091352011,-0.4559608398465491,0.881945199040125,-1.3319703474431803,-0.1955986866108589,-0.3713721829480735,0.5478594719229206,0.6620325520341197,-0.09161012038347628,1.1059280784338033,0.02791609931466727,0.43375125580081714,-1.2552880366872319,-0.7620414624946418,-1.132857064913543,-0.870213270661672,3.9749863131115804e-5,0.6911422590406783,0.9018351463121193,0.10872016374322764,-0.763043769621579,-0.5558836274048498,-0.5504731830013198,0.09616111523476426,-0.8601190767246022,0.6770436198886158,1.098598818575953,0.5125601567273431,0.6940485233311432,0.612429204123106,-1.1871099242023793,-1.3657166931845337,-0.6541589877403756,0.941212683075508,0.9690741961751458,0.46866574206947437,-1.1480933128324744,0.5139309861728827,0.24988886555925063,0.3250848531973637,-0.7461771676119511,0.8465655262682668,-0.11403873191248526,-0.06298291902371043,0.8403812183375206,0.0028903574144566206
3.7620907774359846,1.0824931519463423,-2.7699086352115585,-1.313429228412749,-1.083567555932322,-4.059377063113749,0.2006818505641762,-0.36292589785923884,-1.0884319563053806,-1.9470839208951656,3.3614854681100717,2.243233554671592,-3.6526752311612194,4.797967644908079,0.3619746186208889,1.2096219647060926,-1.9300928383270122,-2.681034331775908,1.0551514927902848,-3.576419454979304,0.5909077751399996,-1.2552880366872319,4.662299901391718,3.6151449847723294,3.921605840609651,3.457680081189112,-0.2906635408613485,-2.235844887505447,-3.502386740966058,-0.11328946423764878,3.2376852530777716,2.2253381103442758,2.047194599376217,-0.41898905268240305,2.6288488821898444,-2.6021475139593058,-4.68805412161117,-1.4300696533103987,-2.02571120036485,-2.315913225469887,4.142643220852802,5.64240429330338,2.1945539540781116,-4.215250965898946,-3.6667468787515225,-1.5114540117170034,4.916012060558205,-1.4756098421001789,-0.8513525652795723,-1.282494101648114,2.537826186836938,-2.377737252123571,0.5298763340952247,0.2925947071618896,-2.5556760552734925,0.39716868050588505
5.250776310364497,2.6045602588840864,0.27594381231881004,-2.7917251519127517,-1.820990900320277,-1.4805584132330212,-0.11804309764019394,-1.112082220813791,-0.07533779916089647,-0.6706905326475895,3.341816129863347,2.7764649633694556,-4.5343738704576015,3.0550904959776966,-0.7687893961980055,0.9340515110786248,-1.1797440127700023,-2.376058510060392,2.492948377244878,-1.7424653864069795,2.757055200546041,-0.7620414624946418,3.6151449847723294,4.90943287346818,2.3698140284067737,3.2691306845068917,-0.7691597825953844,-0.9069619998226446,-3.6104988761028856,0.8094196509866989,3.7578587402141976,2.742892315898718,1.4523707330139017,-1.0529549540696161,0.26871575744276416,-2.334114247808828,-5.7690005986669615,0.8497875743124381,-0.02433575605904489,-1.4607525159433077,3.0983112308156597,5.556373843254689,1.5512774242640044,-5.581695303234871,-2.6438903333851367,-1.3112225712619354,6.283014115441256,-0.17278645226608125,-0.8678925504977425,-0.7065613255952342,1.244511071864429,0.09722599952530539,0.17207478938757415,0.5036300333884026,-0.3030500428656882,1.799075398331232
2.4662615047148306,0.3726327495157152,-3.097585017858063,-0.5250505766173058,-0.59486308536954,-3.9308044970956275,0.24062240062050388,-0.025632732016461848,-1.1715061310537425,-1.8834747074371685,2.5869057424639346,1.5413928369664969,-2.5675446530532717,4.221905324886536,0.6245472382931494,1.0405946170266114,-1.730680571967729,-2.1555625971712526,0.34490495574983243,-3.3492379792526186,-0.21330089717560521,-1.132857064913543,3.921605840609651,2.3698140284067737,3.527569555783859,2.710051600990811,-0.05805809156409166,-2.1484402884526785,-2.667311997069286,-0.3690490992505885,2.3224441720860414,1.5643163415518924,1.7564069931224267,-0.13450797332928677,2.739900963883595,-2.0898902771946215,-3.2712070486046767,-1.7858457569851718,-2.184491221164669,-2.0259629087431907,3.544352758821973,4.362512689610686,1.9134715088606156,-2.8251086026770102,-3.1336611274267527,-1.268972223335331,3.387196291728549,-1.5620563102405605,-0.6628333377528746,-1.143425990600984,2.3641793749763713,-2.615902436426919,0.4964496948621966,0.16637856899838394,-2.6739135204917215,-0.13491191497929833
3.4104388080904564,1.277543732922912,-1.3822515165084066,-1.4783069236683088,-1.0806724643323533,-2.552893002599589,0.08020909724107193,-0.5120419542069145,-0.58689228532116,-1.22545718725824,2.7031292065846593,1.9621197174336666,-3.158679978318431,3.392372978581038,-0.013303703112938093,0.8817485882276829,-1.3377408721782342,-2.0730490990509045,1.2552537681752465,-2.358218108573817,1.0644666157006577,-0.870213270661672,3.457680081189112,3.2691306845068917,2.710051600990811,2.737442714053243,-0.3764829568277369,-1.4247016098316545,-2.8463672040544985,0.15731493253514128,2.753915786466034,1.9254793855698982,1.4865011167786923,-0.5070364973897958,1.4832144511495404,-2.0176013741334256,-4.0694642221679445,-0.5428557658226688,-1.080778211563328,-1.644189708232082,3.0266383012211544,4.517470728925641,1.573305567898964,-3.7612041387443167,-2.672488900543657,-1.1319124968496292,4.308777115949914,-0.8152857606370517,-0.68191121328405635,-0.8894721592738034,1.6806208696483784,-1.2255173811592963,0.3428683153279759,0.28752520727398917,-1.4346779910694378,0.7084879123851745
-0.7822885455713645,-0.4954136511557219,-0.44818965590910476,0.5577112876446263,0.3240540052591298,-0.15005139349470295,0.03165020883741298,0.25170052508001733,-0.14639094135640246,-0.07036409313044892,-0.4058165120054742,-0.429348235038676,0.6218037906818755,-0.15505611066478525,0.235408506893109,-0.047331004113204796,0.03457330583211788,0.25471384130253905,-0.5104016177245111,-0.061007383333345405,-0.6020118170390476,3.9749863131115804e-5,-0.2906635408613485,-0.7691597825953844,-0.05805809156409166,-0.3764829568277369,0.17448227408599032,-0.0783435010888166,0.4342919474889683,-0.21223126953802032,-0.5234864879201963,-0.3751332679867243,-0.10294581458469926,0.1904372868348031,0.25820863264962973,0.24129239201620736,0.825278334358951,-0.36715955778628157,-0.2607735807964865,0.09083054838384759,-0.19755060415860276,-0.6704640986403833,-0.07166055041014056,0.8381843913635724,0.19713269949036427,0.08056654885448732,-0.8965815741380714,-0.1721508594944872,0.08692772393726385,0.038496459638563685,0.025056846275766806,-0.35217931631616795,-0.0031353197835715272,-0.0792269857112436,-0.26126480719970624,-0.3955596730294757
-0.9029025082363643,0.16651270562916728,2.279107509656095,-0.07149353544585522,0.13361547537720386,2.5945653238959903,-0.1968421201287891,-0.15637743149683003,0.828394687961057,1.2565440118984676,-1.3216404608997376,-0.6628811457565111,1.0959158151122055,-2.554840257140601,-0.5818280191629726,-0.589171615252917,1.051379663638791,1.1664039983369305,0.1549565746262361,2.125092198592572,0.611903806537557,0.6911422590406783,-2.235844887505447,-0.9069619998226446,-2.1484402884526785,-1.4247016098316545,-0.0783435010888166,1.3983177733118546,1.3326345949682348,0.40314355793140294,-1.063245733773197,-0.6748803782599955,-1.0319746376113845,-0.07856266996755305,-1.9460573271010342,1.1247162578240313,1.4147017241542394,1.4416902339398914,1.5755722797915526,1.2330375053038727,-2.040365870047806,-2.2386945465476873,-1.118619524418706,1.1192546174601326,1.831469815427176,0.6842996697219093,-1.400480031758216,1.092619454588081,0.3318750892477915,0.7192958773075748,-1.5004450661181667,1.9026100192804998,-0.33909779422276476,-0.03399288353259163,1.8814267540963554,0.39159680361789356
-3.869607610389972,-1.5838423710349152,1.0516465229854028,1.7195293765420867,1.2304949006743306,2.299297611308697,0.006774375366342443,0.6173747079781539,0.514091380645202,1.0863777880555465,-2.83512758496951,-2.0973483896518945,3.5112044465908148,-3.3054332880375705,0.17819727220382764,-0.9362200875185229,1.3129434896694923,2.1209273697761297,-1.4881543123293877,2.2747691651547535,-1.447953648306497,0.9018351463121193,-3.502386740966058,-3.6104988761028856,-2.667311997069286,-2.8463672040544985,0.4342919474889683,1.3326345949682348,3.0430293229021133,-0.30340157232615955,-2.9731124323209284,-2.1418929671231672,-1.4714720064399274,0.6605201511361349,-1.2079296353054694,2.0947548468795194,4.460694931782034,0.19875437954101483,0.8613073711055326,1.568976829937733,-3.1027714062322107,-4.717931261824812,-1.6156885024872782,4.173761609973557,2.6454168050402598,1.2432160446006761,-4.788843995130215,0.7080954494909133,0.7544773231385605,0.8099466886931597,-1.5931383390020848,0.9698825174552306,-0.26286979372388447,-0.34455812884752907,1.1968586604646645,-0.9573480526041386
0.9451473906260573,0.7485156457937129,1.1048001808674015,-0.7102192837157597,-0.38821820952030306,0.8256977138325259,-0.1379318312840132,-0.3323215305329253,0.3435596076605445,0.42490476015038986,0.2260452737410941,0.3723743449522507,-0.6712601524546135,-0.4236619524217229,-0.46809961262820715,-0.01071478814446113,0.17721283791944822,-0.05555703772312474,0.6794458736739297,0.5143778374753468,0.9866888134339571,0.10872016374322764,-0.11328946423764878,0.8094196509866989,-0.3690490992505885,0.15731493253514128,-0.21223126953802032,0.40314355793140294,-0.30340157232615955,0.3957988606238474,0.45032169522870646,0.3962415163089694,-0.11519029942309356,-0.3146234929819812,-0.8491425893339074,-0.07307833253540146,-0.8051525635401324,0.9079446029467921,0.7192867079208225,0.22527798284496978,-0.12726328374240709,0.3581510956870268,-0.09856251909960378,-0.8990017835485822,0.1880417065447737,-0.0607082975268265,0.9702085358014481,0.4392098617568192,-0.08100140098254374,0.1793056584784263,-0.3716815545583691,0.8872828201127999,-0.13831795817551404,0.1193560563493945,0.7875450540408883,0.6334449774302473
3.996139343326362,1.7945117044603736,-0.49107900006749,-1.959831324484625,-1.3350150823375033,-1.8211326459064565,-0.033194996107921516,-0.7470324382341282,-0.3058749345530484,-0.8567788843351367,2.7716872397472576,2.166686386078256,-3.5464724118655093,2.943103450419237,-0.36556718116326054,0.8404552564396354,-1.1490625683467126,-2.0319305286191924,1.721602142585697,-1.8791426406851601,1.7729440121146243,-0.763043769621579,3.2376852530777716,3.7578587402141976,2.3224441720860414,2.753915786466034,-0.5234864879201963,-1.063245733773197,-2.9731124323209284,0.45032169522870646,2.9935576007709095,2.1565702380618172,1.3417293962446888,-0.7313500169156265,0.7873937064365579,-1.9962426287732582,-4.529138680242843,0.16628820746590842,-0.4953945584213881,-1.4106933293924881,2.815914950640635,4.611617960398393,1.4393070313161613,-4.300041425747855,-2.4244177456849054,-1.1343311197064117,4.879015672283164,-0.44954811614077433,-0.7196415634185682,-0.7192532474895967,1.3321934236582367,-0.5070530213941876,0.22351161189827082,0.36581496525171836,-0.7816050278873848,1.166613970708013
3.013121569700024,1.4110200630191818,-0.14698032324754665,-1.4514995339510433,-0.9878027509214162,-1.07486612263617,-0.09229972462599584,-0.5547825304736436,-0.18012929820844667,-0.4858407259387702,1.951563662057248,1.5299613337527895,-2.6410753514165966,1.9304548072314127,-0.3492578867455458,0.6224647128096924,-0.76993507824658,-1.3982584699325715,1.2892236263109285,-1.2452969917594827,1.4397508687410367,-0.5558836274048498,2.2253381103442758,2.742892315898718,1.5643163415518924,1.9254793855698982,-0.3751332679867243,-0.6748803782599955,-2.1418929671231672,0.3962415163089694,2.1565702380618172,1.6068462090264954,0.8955360728081749,-0.6013882109709988,0.3561173834706909,-1.401217711654756,-3.3096836295682546,0.3425750210542435,-0.2057491728153206,-0.891558787923648,1.9808428661974584,3.2336297047816758,1.0227880404131329,-3.168090016855146,-1.616722943612568,-0.8713489929487622,3.619413257044797,-0.2567458842352188,-0.5454395608465884,-0.4189569832929934,0.853948919145854,-0.20276019719036972,0.08260808449768751,0.2887898103151573,-0.3894634176272618,0.9424977753564787
1.4675309414053392,0.34430493001440193,-1.3747619237674644,-0.47440312573337284,-0.41512916812535583,-1.9061394900278226,0.1219716261071046,-0.1156849899314662,-0.5173303370932666,-0.9246762907204895,1.4332369446173785,0.932117974029812,-1.465966142375016,2.1673934436256235,0.23464534324641548,0.5143375285489141,-0.8650851846209587,-1.1648797358125205,0.36366074444664415,-1.6252355151915423,0.09417061306158087,-0.5504731830013198,2.047194599376217,1.4523707330139017,1.7564069931224267,1.4865011167786923,-0.10294581458469926,-1.0319746376113845,-1.4714720064399274,-0.11519029942309356,1.3417293962446888,0.8955360728081749,0.9141184435563277,-0.12259977022178908,1.290419237513718,-1.1208008858965077,-1.9109365775544533,-0.7850608628828359,-0.9965800506827743,-1.0594107367259706,1.806572916567858,2.410409607665281,0.9566275543194609,-1.6889117370944635,-1.6353840183390516,-0.6231212478262736,1.9697500805524835,-0.7016911328788875,-0.3481042299567547,-0.6024581211129966,1.1628194253819797,-1.1690655189946264,0.2680863370455872,0.10398875879427663,-1.2379722144664018,0.07022937202973976
-1.2261163548034566,-0.7443922853940466,-0.5922724752983248,0.7018696203988681,0.43398581947621995,-0.2654354825866659,0.12904911849546005,0.30277728162520434,-0.13818612879404663,-0.14904580703130957,-0.549403452327027,-0.5215370377696971,0.9847738731639388,-0.16791619219381332,0.3427676228889292,-0.15007199562192328,0.06464762522298252,0.31992578974189895,-0.6521716134326586,-0.0012323596812600442,-0.8905213023953606,0.09616111523476426,-0.41898905268240305,-1.0529549540696161,-0.13450797332928677,-0.5070364973897958,0.1904372868348031,-0.07856266996755305,0.6605201511361349,-0.3146234929819812,-0.7313500169156265,-0.6013882109709988,-0.12259977022178908,0.3360058282640416,0.41271121750693984,0.34926531499499125,1.1982336636563073,-0.6194699462730134,-0.36430866933561273,0.045845745168749286,-0.38685132840163766,-0.8869475727598435,-0.1892459911246697,1.213876692462876,0.2263940505989685,0.2585946225516315,-1.36760751589626,-0.1837506612762881,0.18430612020417209,-0.03304797715306899,0.02958370112024049,-0.4513309334577945,0.08490113815693064,-0.1356233546950249,-0.3679921774038476,-0.5822225670909718
0.0415934195763131,-0.9387904807551977,-3.613905243468946,0.7134327001520475,0.2029870254097151,-3.7325495868837657,0.3844542007702678,0.45575321206238517,-1.2331068356324344,-1.8606759261186547,1.2948911520664685,0.433038477124958,-0.5319465419891778,3.334342038188625,1.1222417511267166,0.6297838390038306,-1.3397172306623595,-1.276320761811092,-0.7900019576817972,-2.8527122272550556,-1.6592937373661183,-0.8601190767246022,2.6288488821898444,0.26871575744276416,2.739900963883595,1.4832144511495404,0.25820863264962973,-1.9460573271010342,-1.2079296353054694,-0.8491425893339074,0.7873937064365579,0.3561173834706909,1.290419237513718,0.41271121750693984,3.0627758533163107,-1.1985903448784199,-0.8270633883876194,-2.56255383906322,-2.4759347142081762,-1.661788258589654,2.372888100713178,2.209098525933025,1.3125635756487808,-0.3895982985871023,-2.2728857220232386,-0.6288534827965884,0.5921393653799067,-1.618744016815005,-0.27050714208019305,-1.0365256563774565,2.0433905643912516,-2.981777401719331,0.5648407669884103,-0.09288635652634109,-2.8813698604163207,-1.0474998417895671
-2.459544578139029,-0.8728559477276766,1.1822634172524458,0.9954865995452021,0.751984164024638,2.0085958872107095,-0.0639504627793411,0.32569256060275714,0.49625976428755386,0.9572463701581313,-1.986464019679488,-1.4029093796399061,2.302270252766917,-2.575330503703155,-0.043237305691624636,-0.6800126603472003,1.0295294901312466,1.5380574157748852,-0.8376119251288062,1.8459922992408773,-0.6796654156071322,0.6770436198886158,-2.6021475139593058,-2.334114247808828,-2.0898902771946215,-2.0176013741334256,0.24129239201620736,1.1247162578240313,2.0947548468795194,-0.07307833253540146,-1.9962426287732582,-1.401217711654756,-1.1208008858965077,0.34926531499499125,-1.1985903448784199,1.5012156820188742,2.9423335567094235,0.4966668441682453,0.8979075167036451,1.237011713733765,-2.3020683444067513,-3.323171501851567,-1.2075952225237836,2.704439310892734,2.0124925454691733,0.8734644649006617,-3.123128222709673,0.67988110496197,0.5107256160276586,0.6670506101447713,-1.3070475407595825,1.0372108592797658,-0.2538473296434646,-0.20573133441168778,1.1727345535559015,-0.44969428736835604
