V1,V2,V3,V4,V5,V6,V7,V8,V9,V10,V11,V12,V13,V14,V15,V16,V17,V18,V19,V20,V21,V22,V23,V24,V25,V26,V27,V28,V29,V30,V31,V32,V33,V34,V35,V36,V37,V38,V39,V40,V41,V42,V43,V44,V45,V46,V47,V48,V49,V50,V51,V52,V53,V54,V55,V56
10.257552341294897,3.6002943341240625,-5.0755023154474745,-4.136647151050305,-3.1353147539408295,-8.554021733855912,0.30298550326438045,-1.344421043329989,-2.11499596138035,-4.077117496228939,8.352735842162447,5.892564934836594,-9.622804134329304,10.894156289001046,0.21508808202817772,2.8573473407378187,-4.354415832453419,-6.486750641765115,3.4779144105372852,-7.810441770913527,2.7613411211552905,-2.837805233031597,10.962876120616308,9.766952522123784,8.84163457504777,8.478985505119855,-1.0091701476403891,-4.7720463756204365,-8.789273834823259,0.2759905628069845,8.369379598143976,5.850382433677169,4.7328192798205535,-1.4281439578831716,5.125309751794879,-6.322313127668636,-12.300548017934345,-2.1936358980431967,-3.8481289612395164,-5.235544140039728,9.694646038717075,13.980154692769398,5.0770662831268485,-11.305381887115551,-8.502659273451139,-3.6633232823332036,13.052701399535017,-2.8896977307720517,-2.126399179400577,-2.8398702327763674,5.542363049674412,-4.445168584479741,1.091834585148106,0.8391384779074225,-5.010204341859141,1.8239150391263048
3.6002943341240625,1.7350267245053856,-0.025574169385889856,-1.82371248291562,-1.208567730850029,-1.1992609419974938,-0.08056952571995799,-0.7041647037098608,-0.13430933984081342,-0.5360260533499792,2.318136018416029,1.8747421396448098,-3.13566611873231,2.223209383765003,-0.45932259548411836,0.6911709919566842,-0.882505244607816,-1.6670367238314738,1.6195682451866755,-1.3616948096025938,1.7921565728642852,-0.58123507471123,2.6035064259407505,3.320110566017248,1.772175088627251,2.2859101710303515,-0.4806996059013479,-0.7325455728796412,-2.508538647788582,0.5044867482551115,2.5709018013970666,1.8935428937659797,1.0476031038400793,-0.7038250275636777,0.3225171357843879,-1.639623863999997,-3.9587299861603626,0.47780381903324953,-0.14730055822419166,-1.0542199186696668,2.258747662957887,3.8645816309707457,1.1561112745187778,-3.8053433717341716,-1.9017864711214367,-0.966677895009674,4.322258544617169,-0.23609251774896595,-0.6253651731749227,-0.5015835184701009,0.9585109805959153,-0.10781070246993406,0.12075813813784168,0.3600509762593968,-0.3656613507181296,1.1625192915404987
-5.0755023154474745,-0.025574169385889856,9.176108464286383,0.6652152113535219,1.126950396677696,11.087215772576368,-0.8615167740700235,-0.21860188417412196,3.313626037874176,5.411851645829729,-6.431083191801529,-3.643841574542076,5.672557218604269,-11.434884984887024,-2.1863786698127807,-2.5636038154475074,4.611627383603064,5.510965647827958,-0.20214587309080181,9.089580611334132,1.7303208799915113,2.955845348234524,-10.20750924334325,-5.212090850284752,-9.3849084174011,-6.8512041411508315,-0.013791078833015587,5.9339180347577525,6.473780253254726,1.440774371401998,-5.488107689865909,-3.4932945812517264,-4.685024575243377,-0.0812710456213243,-8.13256160470217,5.274024961408287,7.487396847591183,5.783128390053693,6.447942665606544,5.605260031963688,-9.112528380048477,-10.869166816279956,-4.918840084571794,6.196546114835567,8.338075141087966,2.9660012463113445,-7.446524529733333,4.434683015457895,1.5449998038876656,3.27543915694278,-6.484787707078997,7.686806439622508,-1.5654977857139971,-0.2658302413934206,7.779775562120092,1.0725286336713726
-4.136647151050305,-1.82371248291562,0.6652152113535219,1.9641672251034026,1.3502530045472132,2.023533911992725,0.03141160447585281,0.7287534361895367,0.37310327568131363,0.9411308355351093,-2.8846290297619,-2.221245275518882,3.689997362550808,-3.1351870248473914,0.3263838503310079,-0.9045117749202446,1.245176965495449,2.131213641962503,-1.7155408738660747,2.0652378722503957,-1.765228549350127,0.8261778414732034,-3.4471561237050286,-3.85257306516781,-2.5101668655019505,-2.883481249124903,0.5042647433810422,1.181726891960721,3.0930954898117338,-0.4275840066057619,-3.0882653072517408,-2.2387095971574773,-1.4273720446509275,0.7396645362189258,-0.9118004723156118,2.0900765175512093,4.689965904568317,-0.09956582478097423,0.6049643050835549,1.5004524840424796,-3.0097451822808976,-4.814317032614527,-1.5592833927733591,4.432613084131047,2.5768230021116607,1.2197243788349699,-5.060725615593133,0.5563687835113887,0.7685475994300017,0.7555868868229878,-1.4563497979716036,0.6492813822745406,-0.2356201457134811,-0.39810093894314935,0.9256281233657675,-1.1534352414794642
-3.1353147539408295,-1.208567730850029,1.126950396677696,1.3502530045472132,0.9878511324976983,2.172542423726344,-0.04334474835685478,0.46944595663372357,0.5066542845348264,1.0312318314815399,-2.410670880202368,-1.7542060167069362,2.8839178786947475,-2.950111367589381,0.06903835084822817,-0.8031708888129033,1.172036334437468,1.8351383030202117,-1.1602173948006347,2.0568204481592285,-1.039678982901233,0.7767544427636267,-3.0411236479992043,-2.964562974325883,-2.3845066473220236,-2.421988938544753,0.34452528524780757,1.2307505248473618,2.5608269038767606,-0.18641120656168886,-2.479189096651961,-1.7539599823719818,-1.2964490126270851,0.49180542339151634,-1.2150431324276212,1.800954494627525,3.6717537588650924,0.37521858734578734,0.8903007424847413,1.4060690047976518,-2.6921443536185174,-4.019829506683926,-1.396941178793815,3.419905728639528,2.3327248313132696,1.0505425610257924,-3.9267315415784303,0.686681577189554,0.6175096000795304,0.7500352117309317,-1.4548375407495917,1.0125965691691592,-0.2656008638954193,-0.2569954289442639,1.1924484627542724,-0.6863004286869243
-8.554021733855912,-1.1992609419974938,11.087215772576368,2.023533911992725,2.172542423726344,14.211717305508454,-1.0081932258077673,0.1992815691467405,4.092406483058081,6.886634741025679,-9.32632163744764,-5.671847842203389,8.961936970175502,-15.291281806996615,-2.301413279057201,-3.567386525852559,6.1693868191223284,7.791655721693814,-1.3402709641746724,11.880978219258605,0.8905665876417248,3.9278321976277435,-14.0558239551299,-8.534335760251036,-12.546344944099648,-9.784410056621798,0.3150143478827612,7.658079119088718,9.495550166361422,1.38269208345593,-8.35126274447038,-5.47508213490163,-6.354354231092485,0.3612477729141777,-10.005747048795675,7.481726289853556,11.6664005015037,6.662129755276178,7.877276802522478,7.455730815345157,-12.517047269420043,-15.735732769214536,-6.699796523205417,10.040490023012577,11.34528183863788,4.251679036959522,-11.899275468406541,5.4990364419331845,2.264962485167229,4.2910171975782205,-8.478690489791854,9.34689721620733,-1.964707632588362,-0.5377395987886386,9.629331409320814,0.5332600568889778
0.30298550326438045,-0.08056952571995799,-0.8615167740700235,0.03141160447585281,-0.04334474835685478,-1.0081932258077673,0.10506683510810227,0.06560113249554404,-0.30421669309671273,-0.4791016590009886,0.4914232773947401,0.2598646792693423,-0.3820220074782536,0.9601065676274174,0.21090360119508977,0.21078004300959444,-0.40009939972480585,-0.45115502167320615,-0.05743565420521232,-0.7839959334126482,-0.2578523438705216,-0.2212481924483393,0.8262039702464805,0.33009858068229786,0.8158495331337142,0.5167100780721716,0.02205816878911277,-0.5261009474194757,-0.47343784721818344,-0.15047034529995493,0.38203059609947654,0.2206975833269899,0.38707910681340146,0.05738041954241329,0.7284661372967391,-0.4210310586353481,-0.48298808851338737,-0.5695628041204857,-0.595801839912082,-0.4648623760322591,0.7434442665703794,0.8461710275290331,0.39719257632040217,-0.39301352766571024,-0.6961524159107083,-0.2436988649933356,0.48925440050927155,-0.40220108453131626,-0.1005344508130618,-0.2834121691027886,0.5700803757938216,-0.7154892908150506,0.13982787578318048,-0.004015663417476472,-0.7126547376718299,-0.17709041027361774
-1.344421043329989,-0.7041647037098608,-0.21860188417412196,0.7287534361895367,0.46944595663372357,0.1992815691467405,0.06560113249554404,0.29956849919658,-0.023073408105313584,0.0863029414893946,-0.7904847459703264,-0.6714303985703051,1.1401847251325847,-0.63031842233403,0.23830203688845966,-0.22018238248498379,0.23996987986509838,0.5376222112754985,-0.656173214543795,0.33333795538121125,-0.777348065164453,0.18144476593041575,-0.8069689201115261,-1.2295176496499725,-0.48394438031899956,-0.7684070279975431,0.19885651078073144,0.14979455933595365,0.8777070437461674,-0.2401047576238308,-0.9236178326965153,-0.6962917400158631,-0.31112570424299185,0.3001143983841935,0.05914374833877223,0.5415893871451547,1.442692272122754,-0.3369470753942794,-0.09654425125014442,0.29266023561379756,-0.7004806478622523,-1.3024881820829404,-0.351377931654774,1.4049618234012666,0.5644914298658551,0.3205355210794296,-1.5806898694102338,-0.017745852295071026,0.22130617777563066,0.12448932491897759,-0.22649663569886505,-0.14412298754168526,-0.00812430310358017,-0.136441632243907,-0.045513021145989305,-0.5118486840473201
-2.11499596138035,-0.13430933984081342,3.313626037874176,0.37310327568131363,0.5066542845348264,4.092406483058081,-0.30421669309671273,-0.023073408105313584,1.220558177118747,1.9961711401807194,-2.5141276396206593,-1.464920461856963,2.296260108180725,-4.312291482645601,-0.7352394007741063,-0.9912387622050067,1.7318922121410207,2.124815738493236,-0.20216887152370172,3.3915877839257766,0.49310222621421584,1.1200602847327792,-3.8676619532617815,-2.1528166751975863,-3.541491465358813,-2.6395767444577203,0.044428492760521916,2.2006285997575814,2.5553283036898655,0.4695893597183545,-2.198224207614303,-1.412223686850735,-1.7682121628707037,0.032433208732879686,-2.962570309841592,2.051066597989692,2.9991904405464496,2.0628581337585055,2.346875956479746,2.0913671621055014,-3.475554136440403,-4.228264766774814,-1.8552406578958662,2.540745872760747,3.15122501610414,1.166924034188978,-3.0259455806399713,1.6010930049692387,0.594814793163766,1.2246936939121023,-2.4169416916630846,2.7915250839589483,-0.5643413204570439,-0.08943247243558874,2.8315339722012567,0.29858168588012857
-4.077117496228939,-0.5360260533499792,5.411851645829729,0.9411308355351093,1.0312318314815399,6.886634741025679,-0.4791016590009886,0.0863029414893946,1.9961711401807194,3.3503659872963256,-4.491561370853485,-2.7118934937755776,4.288905435398684,-7.411001586294636,-1.1471071185445427,-1.7212800481319719,2.980261267569711,3.7481792328728,-0.608843245240891,5.766730918438515,0.4786626721727506,1.9242843299562695,-6.793879152309267,-4.075908851991677,-6.063168460466283,-4.725551021671088,0.1401148877124492,3.7156825570017395,4.57957189468435,0.6948382790611275,-4.015320041097911,-2.633306611329985,-3.074970268886935,0.1696803243700003,-4.891781058047463,3.6060349175468724,5.6076077310163335,3.2649282208777457,3.8450687055843953,3.617969538901153,-6.052641562962201,-7.567423209593489,-3.2449506642475026,4.801848532875011,5.4824485619004575,2.042415010870803,-5.691677725627827,2.678498079617876,1.0982311734720378,2.081617489613832,-4.107829587917887,4.562602845832041,-0.9559961085381051,-0.257580994840886,4.6910704229107,0.27722759752361625
8.352735842162447,2.318136018416029,-6.431083191801529,-2.8846290297619,-2.410670880202368,-9.32632163744764,0.4914232773947401,-0.7904847459703264,-2.5141276396206593,-4.491561370853485,7.6026588782178575,5.051404691520916,-8.151684019946082,10.963934787850894,0.8798725071600233,2.7315590640811065,-4.391237000812947,-6.079011528623812,2.310137204835959,-8.164773755134837,1.1736765169935837,-2.8526822227917648,10.561197886543015,8.09192603549354,8.937752411024748,7.811678051222874,-0.6536046030332625,-5.118507857634064,-7.905987460332977,-0.3114787054290409,7.291067117708013,4.972347021901422,4.658552669398285,-0.8963461325224202,6.105747905125357,-5.901804072504378,-10.489789677684875,-3.4161463676072987,-4.706862962268371,-5.292890368350451,9.389226610655902,12.747456314756755,4.9564135552713395,-9.41756729160807,-8.34264392094128,-3.395452469767291,10.968652011881856,-3.375847062545478,-1.8929463970941833,-2.9597157129008145,5.8043140777551,-5.518617966179174,1.2353908149559802,0.6062398322290157,-5.903876675116121,0.8027547068911757
5.892564934836594,1.8747421396448098,-3.643841574542076,-2.221245275518882,-1.7542060167069362,-5.671847842203389,0.2598646792693423,-0.6714303985703051,-1.464920461856963,-2.7118934937755776,5.051404691520916,3.46856690561947,-5.6280593623937465,6.918127437913219,0.3407369233816697,1.7704512974291942,-2.773102484032439,-3.9842887472807784,1.833421989820538,-5.056558095607437,1.242606998897169,-1.7900860631757727,6.813366575809005,5.654664923060633,5.637031845820012,5.1521769156633,-0.5271058202090472,-3.1332783712758077,-5.27992800066139,-0.007970110780747407,4.954235991014428,3.420173774065605,2.9729275632288332,-0.7293358954313833,3.5481798862968805,-3.871781451550814,-7.204901730135984,-1.7772298530077375,-2.7075211049414643,-3.330058477460601,6.0408600830017845,8.46760275996057,3.1737309581586026,-6.5591692045027825,-5.3361516020548745,-2.2389733232525946,7.605391914655371,-1.9833613802657428,-1.2672641866825625,-1.836296916841471,3.5956932902132204,-3.1541252047628023,0.7368166401003331,0.45425911899380356,-3.4558499973351355,0.8235801138104338
-9.622804134329304,-3.13566611873231,5.672557218604269,3.689997362550808,2.8839178786947475,8.961936970175502,-0.3820220074782536,1.1401847251325847,2.296260108180725,4.288905435398684,-8.151684019946082,-5.6280593623937465,9.152282125797123,-11.047788862392785,-0.48287686126323076,-2.8396435896007164,4.420840911754343,6.401089937671097,-3.055390020512905,8.041928399370102,-2.1653924587307434,2.874688855134365,-10.934864481165128,-9.216119531371485,-8.982344487445818,-8.314861686491215,0.8784506516607151,4.96552077720966,8.538890002709266,-0.0452111736592216,-8.03777023965332,-5.570140871636311,-4.759419514845851,1.2326112400402987,-5.573026562787903,6.227495842749654,11.727835290499703,2.702293713763416,4.232380874860744,5.321106631126236,-9.6860403738973,-13.655888969141213,-5.089922883351966,10.688833477823701,8.540177625455492,3.5978252384595537,-12.379750893844294,3.118772573046491,2.059908135755442,2.9203220824491662,-5.711400293927604,4.921595221111558,-1.162800102782799,-0.7610067650046315,5.424038312318321,-1.4400119135974798
10.894156289001046,2.223209383765003,-11.434884984887024,-3.1351870248473914,-2.950111367589381,-15.291281806996615,0.9601065676274174,-0.63031842233403,-4.312291482645601,-7.411001586294636,10.963934787850894,6.918127437913219,-11.047788862392785,17.062792801448854,2.108309494276137,4.084339170179364,-6.848344124862329,-8.975264086981625,2.31751968684201,-13.038258162776053,0.12020060589025494,-4.436816991827567,15.969095503480435,10.724577487233805,13.937901300424645,11.41115082533297,-0.6140700551564385,-8.307873322929524,-11.281772928529742,-1.1331064501440917,10.124433152207251,6.7633691090731,7.14934888290723,-0.8120913215856366,10.528016158060442,-8.672326402089649,-14.334844093507003,-6.5990113970252535,-8.215213402423693,-8.288747979996092,14.217996153042769,18.428953801779024,7.570443117326669,-12.558969235716894,-12.770266515168872,-4.946959229109387,14.758579586704212,-5.782462642794954,-2.701823502301149,-4.714693284855873,9.278949903242818,-9.704766698941759,2.083081376388634,0.7350114451132586,-10.125311461984515,0.1509715275183154
0.21508808202817772,-0.45932259548411836,-2.1863786698127807,0.3263838503310079,0.06903835084822817,-2.301413279057201,0.21090360119508977,0.23830203688845966,-0.7352394007741063,-1.1471071185445427,0.8798725071600233,0.3407369233816697,-0.48287686126323076,2.108309494276137,0.6905000588764182,0.40148771611172973,-0.8522349588442313,-0.8361269147227255,-0.4050286789061305,-1.793606490684161,-0.8890259585803296,-0.5597285075511489,1.7552671436442742,0.3095688536895826,1.7132089122991023,1.037445641907698,0.15553673533443468,-1.210054778899665,-0.83316146484281,-0.5080769565617661,0.5855589900370026,0.32079609800133385,0.8390999418464631,0.20984558353887114,1.8696844161075008,-0.775146772124426,-0.7392407652087951,-1.4931752055850442,-1.4914556146439282,-1.078407882291872,1.5424030255287053,1.5145491303466292,0.8793064753400094,-0.4238265546613694,-1.4730874284499083,-0.40113247696849497,0.5854442003664011,-1.0234915065550794,-0.2260881611239269,-0.6396700184196525,1.2766700435190523,-1.7964727420847255,0.3567297508682795,0.024343708689335834,-1.7664281207189925,-0.556657045906163
2.8573473407378187,0.6911709919566842,-2.5636038154475074,-0.9045117749202446,-0.8031708888129033,-3.567386525852559,0.21078004300959444,-0.22018238248498379,-0.9912387622050067,-1.7212800481319719,2.7315590640811065,1.7704512974291942,-2.8396435896007164,4.084339170179364,0.40148771611172973,1.0041628514249992,-1.6371539590516493,-2.2103886382138422,0.708581377273264,-3.0793304883654056,0.2256970260308084,-1.0586707022852937,3.8608800181268923,2.7945344332160107,3.342893474402492,2.8066104202962867,-0.20221295074254617,-1.947487379629586,-2.829205904143238,-0.18494485756237727,2.5738761151094143,1.7317244984019253,1.718137268956155,-0.2638586023233635,2.390903734946427,-2.146937943606963,-3.6509853855874597,-1.4325574319500152,-1.8617254679546,-1.9648639990452268,3.4514723907281466,4.5794157435881795,1.8190425544622195,-3.256044647095459,-3.075960707299662,-1.2378594391789446,3.8048417601606968,-1.3085416523959768,-0.6650730952667884,-1.1160806413442144,2.191758036608271,-2.1915494646709233,0.4726957463113805,0.17821209486117257,-2.3059849389220677,0.16111192114412765
-4.354415832453419,-0.882505244607816,4.611627383603064,1.245176965495449,1.172036334437468,6.1693868191223284,-0.40009939972480585,0.23996987986509838,1.7318922121410207,2.980261267569711,-4.391237000812947,-2.773102484032439,4.420840911754343,-6.848344124862329,-0.8522349588442313,-1.6371539590516493,2.7587701522112997,3.607769685544269,-0.9170075663853422,5.239264942721095,-0.027879361606953024,1.76275516963567,-6.4159039693099835,-4.285221361947056,-5.607600624947072,-4.571971861425563,0.23904161030395393,3.344519147954583,4.505983976281522,0.4612056986033706,-4.043563822206141,-2.6967136152744104,-2.872186559768809,0.307972162143716,-4.229347264685518,3.4750568002962416,5.726325460028298,2.6628863114065244,3.3062130208803655,3.3302371586986528,-5.703676552098859,-7.396628548966864,-3.0393467962124356,5.018451278631207,5.135031810658992,1.983408764189206,-5.904483276175029,2.3349324386830883,1.0790629518804427,1.8946316439358373,-3.7354142375023973,3.9080417232626434,-0.8417774662724564,-0.2996031795137579,4.0811310950175645,-0.0373045891439394
-6.486750641765115,-1.6670367238314738,5.510965647827958,2.131213641962503,1.8351383030202117,7.791655721693814,-0.45115502167320615,0.5376222112754985,2.124815738493236,3.7481792328728,-6.079011528623812,-3.9842887472807784,6.401089937671097,-8.975264086981625,-0.8361269147227255,-2.2103886382138422,3.607769685544269,4.908024254551641,-1.6770478390307217,6.74154545221929,-0.6676389294872119,2.3134183220033773,-8.571558207016006,-6.311872756905314,-7.340050831130421,-6.262791014130179,0.4669870101535532,4.254436367739794,6.290188849414634,0.3597200387200733,-5.756735618742095,-3.8960955880893713,-3.798437609986798,0.6225071852202382,-5.160283929921905,4.748992816911896,8.236989806806358,3.0161274313610105,4.003230933970846,4.338980376520414,-7.621426885341801,-10.213836692109528,-4.031253350314051,7.35555457453256,6.803604692082935,2.730263117741419,-8.593789445728332,2.8561299331987997,1.500504924024256,2.442671700279599,-4.80227641650864,4.707642382678002,-1.0398107702689015,-0.45840727326410663,4.996153002477433,-0.45658764424367926
3.4779144105372852,1.6195682451866755,-0.20214587309080181,-1.7155408738660747,-1.1602173948006347,-1.3402709641746724,-0.05743565420521232,-0.656173214543795,-0.20216887152370172,-0.608843245240891,2.310137204835959,1.833421989820538,-3.055390020512905,2.31751968684201,-0.4050286789061305,0.708581377273264,-0.9170075663853422,-1.6770478390307217,1.5260769337920925,-1.4576545920243036,1.63962947786209,-0.6071905171982288,2.6235956241839395,3.2267780110436868,1.8599739568887879,2.2666768027231057,-0.46115314055631595,-0.8042394822445447,-2.497517904859653,0.4554101366942412,2.5319705313677607,1.8458984509832683,1.0699481282730292,-0.6631681393649744,0.4609685390546655,-1.6576850488777992,-3.846671695769899,0.3244817100474983,-0.2703381053467127,-1.0854262387782954,2.304489860960759,3.840839623980958,1.1706494896798108,-3.6960369776757553,-1.9410672343018336,-0.9831587944191128,4.200299138946322,-0.2920740279513708,-0.605583714997999,-0.5371306431970028,1.0272022994510364,-0.2578927571792764,0.13516876102897,0.3125073106511425,-0.4899746437910314,1.0662932393971438
-7.810441770913527,-1.3616948096025938,9.089580611334132,2.0652378722503957,2.0568204481592285,11.880978219258605,-0.7839959334126482,0.33333795538121125,3.3915877839257766,5.766730918438515,-8.164773755134837,-5.056558095607437,8.041928399370102,-13.038258162776053,-1.793606490684161,-3.0793304883654056,5.239264942721095,6.74154545221929,-1.4576545920243036,10.045423996421626,0.32574025409922297,3.385676503823889,-12.093474903723038,-7.736901029956054,-10.659581100040379,-8.538732828422267,0.3686301621349915,6.4339925358208045,8.366924088523549,1.0257694546342842,-7.4347706983229545,-4.928123510696584,-5.440046595969785,0.47491456616224675,-8.295286454670881,6.500017105118688,10.467247339590033,5.356032213053647,6.495259903883215,6.348732264920675,-10.768370536591119,-13.740831034411029,-5.751876427582122,9.08322107652077,9.709824068325156,3.696286329778308,-10.713320687313496,4.55205708273185,2.005615077501264,3.6294872861596,-7.152853039680727,7.6893650473010595,-1.632862827179146,-0.5153656682955661,7.969461361206849,0.15582640683709278
2.7613411211552905,1.7921565728642852,1.7303208799915113,-1.765228549350127,-1.039678982901233,0.8905665876417248,-0.2578523438705216,-0.777348065164453,0.49310222621421584,0.4786626721727506,1.1736765169935837,1.242606998897169,-2.1653924587307434,0.12020060589025494,-0.8890259585803296,0.2256970260308084,-0.027879361606953024,-0.6676389294872119,1.63962947786209,0.32574025409922297,2.1926358061942346,-0.050226010175497625,0.746522868528345,2.445567409634974,0.033656727835104115,1.0646118894492012,-0.5009680773206292,0.3777768722721898,-1.3704367854058643,0.7956898745403286,1.6212468546304672,1.3024971039649882,0.18988217307778665,-0.7531778722719266,-1.2129776346395207,-0.6903606923858081,-2.683302282854988,1.6024971580617204,1.0796339620563598,-0.02334109599675797,0.6002547293921712,1.9215441325161149,0.2600209139732715,-2.762583297145186,-0.37282080699680176,-0.4311266672568221,3.0564544705991863,0.6044459533531732,-0.3580439491876124,0.1063953482400695,-0.25062832344165337,1.3582228035125672,-0.17492406008533012,0.32425596099642606,1.11017054724871,1.4194804697050325
-2.837805233031597,-0.58123507471123,2.955845348234524,0.8261778414732034,0.7767544427636267,3.9278321976277435,-0.2212481924483393,0.18144476593041575,1.1200602847327792,1.9242843299562695,-2.8526822227917648,-1.7900860631757727,2.874688855134365,-4.436816991827567,-0.5597285075511489,-1.0586707022852937,1.76275516963567,2.3134183220033773,-0.6071905171982288,3.385676503823889,-0.050226010175497625,1.1902624313284411,-4.147850499807142,-2.7941107788966915,-3.5920284398170166,-2.982531327955145,0.1616697533488784,2.1472032022909517,2.9550679184196014,0.2992828659281343,-2.6489791862638516,-1.781244390046686,-1.8567159300939824,0.2364885895553795,-2.7508897124922838,2.2505282959351325,3.7640784547238693,1.7028602355499756,2.131193098735325,2.159952760911546,-3.6964654579534186,-4.772321641596566,-1.9733248729585062,3.277667961398739,3.304935038827344,1.274871312354381,-3.84313048663894,1.4954942796412405,0.7179357046480401,1.2227849029946547,-2.395678352869536,2.514349065793791,-0.5385805524713011,-0.19796690786368693,2.6193921314510504,-0.07168702803421668
10.962876120616308,2.6035064259407505,-10.20750924334325,-3.4471561237050286,-3.0411236479992043,-14.0558239551299,0.8262039702464805,-0.8069689201115261,-3.8676619532617815,-6.793879152309267,10.561197886543015,6.813366575809005,-10.934864481165128,15.969095503480435,1.7552671436442742,3.8608800181268923,-6.4159039693099835,-8.571558207016006,2.6235956241839395,-12.093474903723038,0.746522868528345,-4.147850499807142,15.18278052629105,10.695449184274246,13.015170468570298,10.993606535183453,-0.6925368435994989,-7.6606216234500994,-10.893753565639377,-0.8564933595939345,9.893911835571325,6.68576206373383,6.74822408232843,-0.9585459335630869,9.500017294659486,-8.26826583004802,-14.18546992979024,-5.695556089441382,-7.363166504229222,-7.7846568956900954,13.44702022454666,17.770591966463417,7.172982258459466,-12.510541212636689,-12.060989908566409,-4.708419132346189,14.662145560012933,-5.272104835017329,-2.6497992427876693,-4.373128567359234,8.604610666149522,-8.6768570457016,1.9179106052048018,0.8447193514795773,-9.166481274766936,0.5448760662861938
9.766952522123784,3.320110566017248,-5.212090850284752,-3.85257306516781,-2.964562974325883,-8.534335760251036,0.33009858068229786,-1.2295176496499725,-2.1528166751975863,-4.075908851991677,8.09192603549354,5.654664923060633,-9.216119531371485,10.724577487233805,0.3095688536895826,2.7945344332160107,-4.285221361947056,-6.311872756905314,3.2267780110436868,-7.736901029956054,2.445567409634974,-2.7941107788966915,10.695449184274246,9.329269201630602,8.715857546005273,8.214701280927088,-0.9402984132041383,-4.748388723944643,-8.504539896459304,0.18120721285153762,8.056292863644122,5.605455833485422,4.636200480924306,-1.3185929953943065,5.199228375084594,-6.1557668264122345,-11.780045388030281,-2.3659853443523593,-3.928509609039415,-5.145965916442423,9.482923262327477,13.53847038571013,4.96283223678956,-10.802375670200611,-8.32616726355875,-3.568957559890741,12.48356589890568,-2.9093695671380604,-2.0432656937132028,-2.8129005663508733,5.491612696982823,-4.551175332695823,1.0907930871634,0.7648217790783491,-5.068711199366178,1.6209880678672766
8.84163457504777,1.772175088627251,-9.3849084174011,-2.5101668655019505,-2.3845066473220236,-12.546344944099648,0.8158495331337142,-0.48394438031899956,-3.541491465358813,-6.063168460466283,8.937752411024748,5.637031845820012,-8.982344487445818,13.937901300424645,1.7132089122991023,3.342893474402492,-5.607600624947072,-7.340050831130421,1.8599739568887879,-10.659581100040379,0.033656727835104115,-3.5920284398170166,13.015170468570298,8.715857546005273,11.422630965814866,9.274387199992892,-0.4989517904091641,-6.804202658982688,-9.182432779499296,-0.927021139509053,8.233304217163095,5.479256373679078,5.832903547434125,-0.6297838774480503,8.60663150337368,-7.0870112941392485,-11.61100589200484,-5.4391545884547545,-6.738143111989644,-6.7524569592921875,11.606238250705706,15.033931002607485,6.164422363616287,-10.19771009072724,-10.430428338599881,-4.058019847825643,11.990236637128213,-4.727213420769908,-2.176122897051304,-3.856823107712567,7.598590167457763,-7.963953505038321,1.6995064408398126,0.5623348381033082,-8.296928835027186,0.06431410273233346
8.478985505119855,2.2859101710303515,-6.8512041411508315,-2.883481249124903,-2.421988938544753,-9.784410056621798,0.5167100780721716,-0.7684070279975431,-2.6395767444577203,-4.725551021671088,7.811678051222874,5.1521769156633,-8.314861686491215,11.41115082533297,1.037445641907698,2.8066104202962867,-4.571971861425563,-6.262791014130179,2.2666768027231057,-8.538732828422267,1.0646118894492012,-2.982531327955145,10.993606535183453,8.214701280927088,9.274387199992892,8.093803494918578,-0.6172970991787886,-5.363628879363022,-8.104808958079278,-0.4183043129280314,7.449680664294255,5.086344959521541,4.852935063014636,-0.8746405256451355,6.483048029873965,-6.060352861410786,-10.765059582847122,-3.670972657156747,-4.987179162798565,-5.5521734855322515,9.728659936549418,13.119560020410807,5.173807992484425,-9.585590630881532,-8.677732850280652,-3.4590503895223934,11.18623053127137,-3.604916829471255,-1.9775614018169947,-3.09027246442162,6.065638265317068,-5.85484314398035,1.321674190317353,0.6755359066177176,-6.259062809048385,0.741047848911282
-1.0091701476403891,-0.4806996059013479,-0.013791078833015587,0.5042647433810422,0.34452528524780757,0.3150143478827612,0.02205816878911277,0.19885651078073144,0.044428492760521916,0.1401148877124492,-0.6536046030332625,-0.5271058202090472,0.8784506516607151,-0.6140700551564385,0.15553673533443468,-0.20221295074254617,0.23904161030395393,0.4669870101535532,-0.46115314055631595,0.3686301621349915,-0.5009680773206292,0.1616697533488784,-0.6925368435994989,-0.9402984132041383,-0.4989517904091641,-0.6172970991787886,0.14859172542107094,0.19595077701113187,0.7161038297786921,-0.15855012076060276,-0.730354450467087,-0.52886309647006,-0.28097483393684913,0.20384778151728608,-0.07209990117737769,0.4723252993545272,1.0864092743685787,-0.1347176649604754,0.035025589689337146,0.27006745145086386,-0.6281599348298055,-1.0740454860250768,-0.3041670181288071,1.0689878574530656,0.5132329706510449,0.28962774312220807,-1.2067875385304108,0.038014817604109095,0.1594806739049194,0.13785764837005368,-0.2591339631410691,0.021746343862784328,-0.020334209572178186,-0.0644722057006307,0.08063236449166374,-0.3262078096693247
-4.7720463756204365,-0.7325455728796412,5.9339180347577525,1.181726891960721,1.2307505248473618,7.658079119088718,-0.5261009474194757,0.14979455933595365,2.2006285997575814,3.7156825570017395,-5.118507857634064,-3.1332783712758077,4.96552077720966,-8.307873322929524,-1.210054778899665,-1.947487379629586,3.344519147954583,4.254436367739794,-0.8042394822445447,6.4339925358208045,0.3777768722721898,2.1472032022909517,-7.6606216234500994,-4.748388723944643,-6.804202658982688,-5.363628879363022,0.19595077701113187,4.136201013991153,5.227669176820253,0.7143334436014096,-4.6155109281779305,-3.0399330400349296,-3.4568244165365134,0.23972338563558318,-5.380817309923811,4.094292484168816,6.466574946405843,3.5406059843357833,4.226087918813708,4.048063649165024,-6.823757002787952,-8.624676439248985,-3.6491727861381236,5.582126902753671,6.170045182402557,2.3267041350293423,-6.6014461010994845,2.9527853843126652,1.2495449265229814,2.324072620382912,-4.585976547049945,5.009940320585658,-1.0561915629386307,-0.30470981244138173,5.17173015976493,0.21431292045308406
-8.789273834823259,-2.508538647788582,6.473780253254726,3.0930954898117338,2.5608269038767606,9.495550166361422,-0.47343784721818344,0.8777070437461674,2.5553283036898655,4.57957189468435,-7.905987460332977,-5.27992800066139,8.538890002709266,-11.281772928529742,-0.83316146484281,-2.829205904143238,4.505983976281522,6.290188849414634,-2.497517904859653,8.366924088523549,-1.3704367854058643,2.9550679184196014,-10.893753565639377,-8.504539896459304,-9.182432779499296,-8.104808958079278,0.7161038297786921,5.227669176820253,8.247814804874487,0.257231451688067,-7.6285148156986695,-5.2173859294740925,-4.797188151037648,0.9913801729992754,-6.192142366728565,6.124995908672643,10.984792383631053,3.3946449646189145,4.759840806826353,5.434129508646419,-9.698259007610226,-13.234162798473283,-5.108094688123431,9.889852721090788,8.589432959046988,3.528104402543902,-11.498366038039304,3.4106724032515867,1.9713019768418947,3.034371308174275,-5.939631985285957,5.572221841549143,-1.249242523844563,-0.6294337554329741,5.976705160333035,-0.9416523036118668
0.2759905628069845,0.5044867482551115,1.440774371401998,-0.4275840066057619,-0.18641120656168886,1.38269208345593,-0.15047034529995493,-0.2401047576238308,0.4695893597183545,0.6948382790611275,-0.3114787054290409,-0.007970110780747407,-0.0452111736592216,-1.1331064501440917,-0.5080769565617661,-0.18494485756237727,0.4612056986033706,0.3597200387200733,0.4554101366942412,1.0257694546342842,0.7956898745403286,0.2992828659281343,-0.8564933595939345,0.18120721285153762,-0.927021139509053,-0.4183043129280314,-0.15855012076060276,0.7143334436014096,0.257231451688067,0.3934307345721683,-0.08701598404148925,0.009508709494220386,-0.4322744645944452,-0.2218533681817291,-1.1952193512701568,0.32153777543072787,0.026080279411956918,1.0414386962172097,0.9672456389410169,0.5889260139138339,-0.7557058365395228,-0.5524434050521982,-0.4457448401591633,-0.1625375882943503,0.7524451740870673,0.15329957612869566,0.1154128665972853,0.6485087290891218,0.07559961337055326,0.3640896207622076,-0.7323392379240086,1.1733698904569347,-0.2215830267841386,0.02608226928865683,1.1239939975178057,0.5043619620259602
8.369379598143976,2.5709018013970666,-5.488107689865909,-3.0882653072517408,-2.479189096651961,-8.35126274447038,0.38203059609947654,-0.9236178326965153,-2.198224207614303,-4.015320041097911,7.291067117708013,4.954235991014428,-8.03777023965332,10.124433152207251,0.5855589900370026,2.5738761151094143,-4.043563822206141,-5.756735618742095,2.5319705313677607,-7.4347706983229545,1.6212468546304672,-2.6489791862638516,9.893911835571325,8.056292863644122,8.233304217163095,7.449680664294255,-0.730354450467087,-4.6155109281779305,-7.6285148156986695,-0.08701598404148925,7.120648606210387,4.903976142403639,4.331445865001849,-1.01921288874665,5.3242031220432775,-5.60896013071899,-10.317989265201437,-2.7515491513998964,-4.0678276842435865,-4.871679188698056,8.793166083332812,12.202305809989705,4.621990965210582,-9.35368113017576,-7.763159235648757,-3.2373208172072547,10.848990935776358,-2.948435140628087,-1.8288636898678503,-2.698547699003938,5.276774478880805,-4.745664525384222,1.0887442426830969,0.6246531465746419,-5.154775201045657,1.094810277717391
5.850382433677169,1.8935428937659797,-3.4932945812517264,-2.2387095971574773,-1.7539599823719818,-5.47508213490163,0.2206975833269899,-0.6962917400158631,-1.412223686850735,-2.633306611329985,4.972347021901422,3.420173774065605,-5.570140871636311,6.7633691090731,0.32079609800133385,1.7317244984019253,-2.6967136152744104,-3.8960955880893713,1.8458984509832683,-4.928123510696584,1.3024971039649882,-1.781244390046686,6.68576206373383,5.605455833485422,5.479256373679078,5.086344959521541,-0.52886309647006,-3.0399330400349296,-5.2173859294740925,0.009508709494220386,4.903976142403639,3.403720877920513,2.911328565533767,-0.7569882639671608,3.44239619041131,-3.797262426052506,-7.163139461448969,-1.6724202024639745,-2.6063289072912945,-3.2639729380806455,5.921174230742677,8.319884401750977,3.117906483271528,-6.507171555547671,-5.2162685207362784,-2.186036042010573,7.534487864363602,-1.9185238399850426,-1.2671426569062967,-1.7883945183839474,3.491953481129359,-3.0306470583277996,0.7148496229236927,0.47035799325504135,-3.3339357268240812,0.8783979808161129
4.7328192798205535,1.0476031038400793,-4.685024575243377,-1.4273720446509275,-1.2964490126270851,-6.354354231092485,0.38707910681340146,-0.31112570424299185,-1.7682121628707037,-3.074970268886935,4.658552669398285,2.9729275632288332,-4.759419514845851,7.14934888290723,0.8390999418464631,1.718137268956155,-2.872186559768809,-3.798437609986798,1.0699481282730292,-5.440046595969785,0.18988217307778665,-1.8567159300939824,6.74822408232843,4.636200480924306,5.832903547434125,4.852935063014636,-0.28097483393684913,-3.4568244165365134,-4.797188151037648,-0.4322744645944452,4.331445865001849,2.911328565533767,3.0097285988144904,-0.382113671750883,4.3349167359963445,-3.6645023340980356,-6.177492023926036,-2.658918963619735,-3.3708297067310675,-3.4823083856820736,5.987854655351454,7.837613271162894,3.1938140113830427,-5.4272975179736855,-5.3774833030828155,-2.0869897239135895,6.370684751956168,-2.3963078219439238,-1.1606288412979873,-1.966879662663754,3.8715864070762986,-3.9775367725944366,0.8679736755997918,0.34821028969867035,-4.1771799321886185,0.15126089518458166
-1.4281439578831716,-0.7038250275636777,-0.0812710456213243,0.7396645362189258,0.49180542339151634,0.3612477729141777,0.05738041954241329,0.3001143983841935,0.032433208732879686,0.1696803243700003,-0.8963461325224202,-0.7293358954313833,1.2326112400402987,-0.8120913215856366,0.20984558353887114,-0.2638586023233635,0.307972162143716,0.6225071852202382,-0.6631681393649744,0.47491456616224675,-0.7531778722719266,0.2364885895553795,-0.9585459335630869,-1.3185929953943065,-0.6297838774480503,-0.8746405256451355,0.20384778151728608,0.23972338563558318,0.9913801729992754,-0.2218533681817291,-1.01921288874665,-0.7569882639671608,-0.382113671750883,0.3064496048043356,-0.06853245700007575,0.6303131836824407,1.563820827824791,-0.24684924311223524,0.004392756781555335,0.3755871341279995,-0.8461858220944337,-1.4711887805750157,-0.42530217867514386,1.5088620557916295,0.6893565293020799,0.37275255551622144,-1.7013267429863768,0.04259661438337428,0.24419428702749288,0.1757207735017252,-0.3245237352088086,-0.024781179017763857,-0.0281152143494028,-0.12981821438000105,0.06978001784829425,-0.5015913206152115
5.125309751794879,0.3225171357843879,-8.13256160470217,-0.9118004723156118,-1.2150431324276212,-10.005747048795675,0.7284661372967391,0.05914374833877223,-2.962570309841592,-4.891781058047463,6.105747905125357,3.5481798862968805,-5.573026562787903,10.528016158060442,1.8696844161075008,2.390903734946427,-4.229347264685518,-5.160283929921905,0.4609685390546655,-8.295286454670881,-1.2129776346395207,-2.7508897124922838,9.500017294659486,5.199228375084594,8.60663150337368,6.483048029873965,-0.07209990117737769,-5.380817309923811,-6.192142366728565,-1.1952193512701568,5.3242031220432775,3.44239619041131,4.3349167359963445,-0.06853245700007575,7.281876695751481,-4.958056481528929,-7.3514423190844385,-5.03956395550598,-5.742687375628096,-5.157833998788512,8.472894855142954,10.292552584830945,4.5662605702826,-6.161012340887648,-7.7124852876542835,-2.7888934473350484,7.353329631988084,-3.9686710763989512,-1.489909390595058,-2.990202064258342,5.905162056851982,-6.831882430579558,1.4072588531966226,0.302280692163679,-6.95520393446725,-0.7269040136023163
-6.322313127668636,-1.639623863999997,5.274024961408287,2.0900765175512093,1.800954494627525,7.481726289853556,-0.4210310586353481,0.5415893871451547,2.051066597989692,3.6060349175468724,-5.901804072504378,-3.871781451550814,6.227495842749654,-8.672326402089649,-0.775146772124426,-2.146937943606963,3.4750568002962416,4.748992816911896,-1.6576850488777992,6.500017105118688,-0.6903606923858081,2.2505282959351325,-8.26826583004802,-6.1557668264122345,-7.0870112941392485,-6.060352861410786,0.4723252993545272,4.094292484168816,6.124995908672643,0.32153777543072787,-5.60896013071899,-3.797262426052506,-3.6645023340980356,0.6303131836824407,-4.958056481528929,4.612613150043936,8.006244522652384,2.8823193648095193,3.844411469577944,4.176276115138482,-7.375249359715645,-9.894190981794514,-3.8876992944870583,7.1670647559992995,6.562295043545744,2.6583332873794423,-8.36086122149749,2.7247226234931956,1.4500536983804655,2.356452027877062,-4.624351079210941,4.517254538335332,-0.9898630509517772,-0.42163131852529345,4.788067703169026,-0.47910008796847264
-12.300548017934345,-3.9587299861603626,7.487396847591183,4.689965904568317,3.6717537588650924,11.6664005015037,-0.48298808851338737,1.442692272122754,2.9991904405464496,5.6076077310163335,-10.489789677684875,-7.204901730135984,11.727835290499703,-14.334844093507003,-0.7392407652087951,-3.6509853855874597,5.726325460028298,8.236989806806358,-3.846671695769899,10.467247339590033,-2.683302282854988,3.7640784547238693,-14.18546992979024,-11.780045388030281,-11.61100589200484,-10.765059582847122,1.0864092743685787,6.466574946405843,10.984792383631053,0.026080279411956918,-10.317989265201437,-7.163139461448969,-6.177492023926036,1.563820827824791,-7.3514423190844385,8.006244522652384,15.104743444562478,3.6001086149896606,5.566041749281721,6.944254966988283,-12.529153003606957,-17.57708586379238,-6.619665700336908,13.686884389141051,11.066328220116185,4.596168210020988,-15.864357473679446,4.120774676724944,2.6878931182997845,3.7959816347180695,-7.421569937605331,6.477633861098354,-1.537922461084382,-1.0290149991648965,7.1293312479222735,-1.8052903677629228
