V1,V2,V3,V4,V5,V6,V7,V8,V9,V10,V11,V12,V13,V14,V15,V16,V17,V18,V19,V20,V21,V22,V23,V24,V25,V26,V27,V28,V29,V30,V31,V32,V33,V34,V35,V36,V37,V38,V39,V40,V41,V42,V43,V44,V45,V46,V47,V48,V49,V50,V51,V52,V53,V54,V55,V56
2.3091799321627247,-0.039179809976820405,0.6647666618873078,-0.12684798143651477,-1.9757127742127023,-0.1142844178877657,-2.7084246677341066,-0.7901874327403465,2.0324061915684797,1.2616542878457557,0.6597764519603606,0.8289781076580045,0.5520741155619272,0.24167123031637378,2.336698511030197,-0.35856385832736004,1.2000164071941493,-0.4891356941275618,0.15259030254513975,-0.2648448686061517,-0.027806268621387825,-0.35380067585935837,-0.6471587292979422,-0.6102902129427334,0.708182630076766,-1.340586506292949,-2.144719519799181,-0.8761472064489196,0.23178488547768847,0.33829052436347795,-0.14736709224993863,-0.18109674026191722,-0.06646046048256392,-1.7329192421232125,-0.45153763009403763,1.2102145321904465,-0.3798467581495845,-1.4138246841799471,0.3444768452633949,0.4412751750781642,1.0734040357732122,-0.30538442052582604,0.9311169694865848,-0.7102742382747488,-0.24204052156804176,0.2905631001446901,1.1495690737309474,0.0069222679352199034,-0.8613048725741964,0.22989410551547756,-0.5924643179366206,0.3058135734757615,0.47650594731287305,-1.260636441324718,-0.44577194793686753,0.49499457659059215
-0.039179809976820405,0.19753227760639258,0.10925277681909691,0.061389663897006015,0.20495203663787054,-0.05041399197669548,0.2406433654151631,0.2315161134407432,-0.26155524322059137,-0.030884911034512456,0.001233282738069218,-0.2234808658596118,-0.06726404531617694,0.07916009801981654,-0.4068973808618165,0.05168611306418918,-0.14136195804146456,-0.08669971455134391,-0.21475143660486584,0.12848287651933174,-0.3907610168166773,-0.02537670998294829,0.03199436834263068,-0.16652235504389934,0.053174007721488496,0.08377321931416831,0.24811092985390926,0.1251935021268888,0.09174773408099268,0.04307292751691988,-0.15500986529236252,-0.1586511972387428,-0.14932827514294023,0.0864655875946109,0.18999646716379204,-0.1705552489293157,-0.22253606238377785,0.1649309939520095,-0.021286101095026242,0.024274970389371136,-0.054206293388825294,-0.17940595953075145,0.07810358160003499,-0.09324970374417824,0.1320008003260369,-0.22007322637861407,0.18737943980399746,0.21495429926572496,0.02551746167593799,-0.3010819041512553,0.40909536084717457,-0.2717942178590622,0.022532684427432136,0.17291611488482217,-0.35441005153847127,0.04878477953242504
0.6647666618873078,0.10925277681909691,0.35408392250322873,0.07586157824819247,-0.5458844192005324,-0.25405767639614557,-0.23249793205374553,-0.11577943549442463,-0.024476194081601992,0.3239115633666711,0.02649944233428095,-0.3781946730431674,-0.04945816852974329,0.1150766225200039,-0.15318881354306405,-0.09301453418687791,-0.0039045997115684673,-0.32053079050534977,-0.38646521030176634,0.36951035586009756,-0.6304751195005431,0.10161665169304641,-0.010397056762264604,-0.5802847394237727,0.19412458683487768,-0.15004105566310688,-0.1672414732876589,0.013304646995003201,-0.04791147273385268,0.05681913516781047,-0.2914868055017222,-0.1267473527544302,-0.28101011983524893,-0.33693202960587776,0.24888198080242555,0.23707331830738926,-0.1939301286078582,-0.23850036173920836,-0.0240561001034328,0.1229859419557635,-0.039123767034857315,-0.34046801285884176,0.36803399469758324,-0.3994350726377047,0.030261673522018227,-0.27830538162541424,0.24069286112071958,0.2746383658039079,-0.3270970494788815,-0.2636639891241469,0.4063388841034384,-0.3504848049569933,0.02554875895447149,-0.10781871459043053,-0.5873491742202319,0.38809956249720867
-0.12684798143651477,0.061389663897006015,0.07586157824819247,0.19075761630219495,0.01290758316111638,-0.016854959758768606,0.7538880603623306,0.07903477516055239,-0.21406614691855258,-0.2125095448921767,-0.05685845758618576,-0.5131178226666374,-0.19857246264338935,0.057386017218194085,-0.7983232174639405,0.03542110074658848,-0.32593819075681857,0.006777436971285494,-0.47015108157887625,0.40037529384764364,-0.1821781585629654,0.4760664646633477,0.044720413066074376,-0.3876797054424009,-0.3471809901724104,0.2973977487752699,0.4794083942118382,0.2299781642305792,0.011533191804789721,-0.19714446942578173,-0.05827821282023004,0.16405082194359605,0.06433358060771144,0.22350929225703964,0.3048653990870772,0.022488940283129887,0.037733784662862084,0.04483382940689306,-0.10862056183324043,-0.24932807633654872,-0.4160637235649347,-0.08481122832411422,0.22110795405766615,-0.27477561674204315,-0.14857850713680712,-0.22172992557403629,-0.2709045637142878,0.010188235925874615,0.09386699823655778,-0.28976281290385975,0.3517887287475461,-0.2367562977768878,-0.08605435428186615,0.3623626306229002,-0.2673307813911191,0.33965332307538276
-1.9757127742127023,0.20495203663787054,-0.5458844192005324,0.01290758316111638,2.180809004852868,0.002491493857114532,1.8314540516223656,1.2256593581920494,-2.3602666763644873,-0.8622377675602697,-0.565567412595089,-0.5580074542824272,-0.36959214885490527,-0.25423619977803386,-1.6826399689407177,0.3027506135591208,-0.9303789877214136,0.258363460901691,0.24190639982840886,-0.029523056091034897,-0.5173512201686363,-0.5391537854847503,0.6891365558838008,0.9184306612010464,0.05333568336511863,1.0270304950594262,1.7378990997517807,0.7835719022414638,-0.15141005375622363,0.1626897555496885,-0.021177039691604505,-0.4268565022212851,-0.45823058765244956,1.4007873898068306,0.3907716720325004,-1.5153970648945996,-0.07775646883695862,1.59764212080804,-0.28784097947331333,0.0072380210622529405,-0.3540792221015418,0.08741586445076953,-1.2267610641155717,1.0735485690246787,0.8542205199880316,-0.4123005562337305,-0.3477082922819871,0.3879913675936,0.6172096715180659,-0.24950977598519827,0.8870596083709186,-0.5177137159044187,-0.37411670927801843,0.8941768302943672,0.12118398751041566,-0.949881262176673
-0.1142844178877657,-0.05041399197669548,-0.25405767639614557,-0.016854959758768606,0.002491493857114532,0.7991453203461604,-0.5817305597250474,-0.16015212333747866,1.9775847213132303,-0.2205795911418955,0.5635475434613487,1.249673288878081,0.39863532826127224,0.0936965628998841,1.276313415429418,0.07734658700852284,0.6643378196955199,0.5596357751609387,0.4224159412575302,-0.832207707742294,1.6464698529911135,0.18242781279731893,-0.6969728139842454,0.4966229020173985,-0.5913545388072048,-0.39438451157429616,-0.6818716160346371,-0.5582672735023527,0.6541396966964066,-0.2052633641174068,0.6567566440027236,0.46717263229486256,1.0925218897609332,-0.233375551346155,-0.7290501087428397,0.4179182888942322,0.08822132548417,-0.5267368258164769,0.31961000909209214,-0.3972255816792216,0.4377389254083188,0.5989332544886329,0.35702752051371417,-0.07587802796462416,-0.6263157447652339,0.7654594757356651,0.10458186864489702,-0.8178937101521515,0.4787155539448266,0.2698641755849954,-1.1790774564916364,0.9765167301303989,0.40218567518347476,-0.10819173524672779,0.8178913389960693,-0.09174857502578027
-2.7084246677341066,0.2406433654151631,-0.23249793205374553,0.7538880603623306,1.8314540516223656,-0.5817305597250474,5.966238417423957,0.8112822728375771,-4.1017593555147,-1.9046645997833531,-1.3654380452232275,-3.5930010896513367,-1.6060098049795608,-0.0991966568518309,-6.280347530024362,0.4653482611688478,-2.9120445659553527,0.10915890060617432,-2.249709468889252,2.3657398031170427,-1.7017414602590617,2.1881859109792057,1.339750450269271,-1.272017742506543,-1.6736694487647317,2.700774405886669,4.3877693875665,2.083772627428737,-0.8021919354432956,-1.0853790995842236,-0.5728918957174499,0.604179619301293,-0.389294579849949,2.7722218484331234,2.034892287427187,-1.2860942468446945,0.6304634505072886,1.8478208549791548,-0.9575325052824989,-1.057359464360505,-3.1748392223103448,-0.4003123203259618,-0.27897288939432,-0.3822729711055079,-0.07233569084669494,-1.5590250203787688,-2.4636966038635717,0.5716818255886769,0.8509841558855986,-1.3849958447409052,2.5205799790342853,-1.7443285371817012,-1.0969896278932592,2.674532804660868,-0.9478222273400679,0.923613807315631
-0.7901874327403465,0.2315161134407432,-0.11577943549442463,0.07903477516055239,1.2256593581920494,-0.16015212333747866,0.8112822728375771,1.0527199611428386,-1.7801095204224218,-0.24861718611562675,-0.29690513246374295,-0.5634501513879114,-0.2177268437095775,-0.12839119420992848,-0.9667894139511507,0.09763222595613344,-0.5394460743273976,-0.08223353774625776,0.08199697164068565,0.13071366252035418,-0.9194331240320184,-0.6384425704589667,0.4746955941304623,0.4028597857983803,0.41321496229144916,0.5310237772920402,0.9345872700422312,0.5371650830219554,-0.07495710464631675,0.36242763221260327,-0.20078107681099996,-0.589411871217333,-0.6828170340607663,0.6013761125062632,0.43362870424349753,-0.9958613668615599,-0.3416234954116428,1.00383606894354,-0.22288232378715833,0.18113298811907774,0.07572276500763321,-0.21036817640891473,-0.7498288915066073,0.666762868800232,0.8649658370093691,-0.5193639217032967,0.2106061734623449,0.538398173473135,0.12959451332859043,-0.33221506255816063,1.0091393926296903,-0.6708678972780729,-0.22837610205575212,0.40743565451104446,-0.43042675386488843,-0.5777841665545589
2.0324061915684797,-0.26155524322059137,-0.024476194081601992,-0.21406614691855258,-2.3602666763644873,1.9775847213132303,-4.1017593555147,-1.7801095204224218,7.876387836591725,0.5673272383175266,2.2027762526106685,4.151723170786458,1.593678516850118,0.5922151720117668,5.64678624649487,-0.12224304148476721,2.9901413667166965,1.1011731586003823,1.070993072510282,-2.3799594663625894,4.700103386724057,0.6635621653492377,-2.6033704523531647,0.40233273212708504,-1.2509289867577886,-2.3930197607050414,-3.9908843670296124,-2.4678871994844283,1.9400757201338907,-0.5263627504431388,1.6074755028419279,1.436938466004102,3.166459704783877,-2.317830359891004,-2.446945252923235,2.6680879901983574,0.11336891404818841,-3.1016551917429345,1.271785581469359,-0.8317198553985634,1.859558760235087,1.3343074369747692,2.194313292713261,-1.3000677622760042,-2.4183532994956782,2.4750105135636633,1.094927006844367,-2.3941376685755293,0.503681413879724,1.0177589452048945,-4.060838675851327,3.106264945693977,1.5629236363560548,-1.5444886894446377,1.927510923565651,0.6096672097594087
1.2616542878457557,-0.030884911034512456,0.3239115633666711,-0.2125095448921767,-0.8622377675602697,-0.2205795911418955,-1.9046645997833531,-0.24861718611562675,0.5673272383175266,0.8854771309917803,0.242495577484973,0.5663353500251287,0.36243311196283107,0.02564512542049205,1.5828230900701652,-0.23332562309646215,0.7206880709915204,-0.40059157546206453,0.4496621579809364,-0.3178269322873945,-0.34101584529649936,-0.7915911776657182,-0.16990244211591343,0.010285373374439539,0.9015178985530434,-0.8254020542877141,-1.305296330621,-0.47318495994861115,-0.026739554061556255,0.48324766461000873,-0.17976943864015751,-0.4532252502754121,-0.4381947174658065,-1.002594804936662,-0.2996623557644651,0.37307818512753155,-0.3232379526941358,-0.5243600768301215,0.17315252615092405,0.5816067423810178,0.9096973485613875,-0.23633231256388443,0.08915388606111893,0.018686939259925574,0.30411871081290415,0.11156737123372988,0.8911772374820475,0.2502681820733474,-0.6355309982063075,0.2775267376558909,-0.22033201488930043,0.0645181212424926,0.21361900069972414,-0.9182968075775787,-0.24223926284225814,-0.13511665663494643
0.6597764519603606,0.001233282738069218,0.02649944233428095,-0.05685845758618576,-0.565567412595089,0.5635475434613487,-1.3654380452232275,-0.29690513246374295,2.2027762526106685,0.242495577484973,0.725945280478495,1.2493524291795424,0.5108436060962851,0.19442869551976924,1.7868784384239744,-0.036007008122591735,0.9327007434387744,0.28276763450574743,0.39309707840383973,-0.7637315061184894,1.1913211876173637,-0.05402291306072491,-0.7550408740874479,0.18394030502428504,-0.18048100010237594,-0.7459377652160873,-1.2251391441820976,-0.7150498654688017,0.650464195287081,-0.005706407484298714,0.41823043245959574,0.2270371862554276,0.7657603871524813,-0.7436188256971706,-0.6844648414867007,0.6574933783597466,-0.14559694445611263,-0.8235616239990038,0.38179561012848917,-0.17503820955488392,0.7856806765650627,0.29770675163871335,0.5638560532536693,-0.28510249880939803,-0.5232579841473344,0.6478887415944431,0.6094676973590545,-0.5751123312130794,0.12453513396035537,0.24177375746372692,-1.0128946379675563,0.8015380100912501,0.48554346254744424,-0.5226745836953851,0.3953976103287021,0.04991505963196703
0.8289781076580045,-0.2234808658596118,-0.3781946730431674,-0.5131178226666374,-0.5580074542824272,1.249673288878081,-3.5930010896513367,-0.5634501513879114,4.151723170786458,0.5663353500251287,1.2493524291795424,3.439858274059358,1.2850692592540796,0.08126526383549566,4.680729737622002,-0.0810103955110813,2.2048426976286177,0.7079325554553273,1.8863058721178863,-2.3675749471249454,2.942425208535942,-1.0725455662238668,-1.3826077051646577,1.5720400775732242,0.19391371153587555,-1.7360119825208984,-2.8772763021729624,-1.679475906527228,1.0966936468460127,0.32339144825775007,1.1166434890583117,0.20865164043127762,1.4680605520157928,-1.4416678133709846,-1.9910883675524582,0.9041085447350332,-0.12665382509334983,-1.309840954844379,0.8626195926472011,0.12272904556782707,2.1158994651286394,1.0218065637644365,0.24598497916101547,0.39239365558173256,-0.6086425789654886,1.7852030726849015,1.263933632950704,-1.266538891732675,0.2602965997061879,1.1778099363504524,-2.7962690692501004,2.141032442931113,0.9775644076622739,-1.4525632333794392,1.7311753697798309,-0.8720788237065965
0.5520741155619272,-0.06726404531617694,-0.04945816852974329,-0.19857246264338935,-0.36959214885490527,0.39863532826127224,-1.6060098049795608,-0.2177268437095775,1.593678516850118,0.36243311196283107,0.5108436060962851,1.2850692592540796,0.5201976776792308,0.054210104673658235,1.9194793298453923,-0.07669563527158142,0.9117608493621958,0.1724929209310529,0.7092146632383528,-0.8668089118370231,0.9472359895932433,-0.5012030949134788,-0.5373151434576112,0.5102635982419028,0.21928697730653945,-0.7606490967331271,-1.2466844094849465,-0.6764062482732991,0.41407412883016387,0.2053965624714328,0.3524472474538272,-0.009691201284630774,0.4412428095923326,-0.7067601297121566,-0.7304253009616442,0.3978334413550685,-0.13018571397900844,-0.5685117466116912,0.33990322818907426,0.12484807278077674,0.9163066161683986,0.2948112413321986,0.13974906109018168,0.10409437477834178,-0.16392678113311687,0.6246496987358777,0.6377608869776735,-0.39898239100602295,-0.021226179550915825,0.422610957882838,-0.9832113751725514,0.7342176819989984,0.39184209267950004,-0.6730595615240339,0.5107343538492948,-0.29227213914664896
0.24167123031637378,0.07916009801981654,0.1150766225200039,0.057386017218194085,-0.25423619977803386,0.0936965628998841,-0.0991966568518309,-0.12839119420992848,0.5922151720117668,0.02564512542049205,0.19442869551976924,0.08126526383549566,0.054210104673658235,0.13250735159287352,0.10334259715785006,0.00878942213835473,0.12830418694208226,0.023908040760751714,-0.19182720071922613,0.014237813133846868,0.13833928792035347,0.23814768889883825,-0.21293596119430783,-0.2605742468609774,-0.18190736195244617,-0.1253770160590074,-0.16229886404997865,-0.11821135065338138,0.19777107470050526,-0.10267966682672588,0.010132844052862477,0.12031217681484427,0.2150810492940329,-0.1615231107611785,-0.024245225769605173,0.2452997663205465,-0.07419983748266783,-0.2623495271026251,0.08275276950618277,-0.13215774001560315,-0.005676000752543119,-0.035535555576418486,0.3682228387725037,-0.3285850184025911,-0.2489922873677829,0.041327038307689266,0.11492056204868291,-0.09606978810778422,0.03688909062043852,-0.1352675760127547,-0.06916945341511575,0.06481903583872453,0.12827191131532883,-0.002098949224564045,-0.11859071426827462,0.2589893383505991
2.336698511030197,-0.4068973808618165,-0.15318881354306405,-0.7983232174639405,-1.6826399689407177,1.276313415429418,-6.280347530024362,-0.9667894139511507,5.64678624649487,1.5828230900701652,1.7868784384239744,4.680729737622002,1.9194793298453923,0.10334259715785006,7.361530155417751,-0.37793603234452805,3.41866982962962,0.4911508125284497,2.7589173454703384,-3.127570105609467,3.3119084855366037,-2.0239677952721893,-1.8394608073474648,1.8908698381205602,1.0846621203501343,-2.905129838479039,-4.8542086873765875,-2.5109096476790937,1.26587565516011,0.8632671749547801,1.222338448397463,-0.12299160820449241,1.358256676918233,-2.7950009260027655,-2.6988437115465276,1.5642435344337777,-0.38203803720502455,-2.1938204125503775,1.1947664913220795,0.6438211553395438,3.5042673564169813,1.025184168220762,0.3638161393896881,0.500359028132846,-0.48863181619942675,2.292835873470988,2.346107550508929,-1.3688156276668026,-0.34518226430161486,1.80477185988416,-3.6647626315109227,2.6835480995633505,1.3468819498405142,-2.7540539974998075,1.896523122806551,-1.1383182461121846
-0.35856385832736004,0.05168611306418918,-0.09301453418687791,0.03542110074658848,0.3027506135591208,0.07734658700852284,0.4653482611688478,0.09763222595613344,-0.12224304148476721,-0.23332562309646215,-0.036007008122591735,-0.0810103955110813,-0.07669563527158142,0.00878942213835473,-0.37793603234452805,0.0895360177739338,-0.1673998454403635,0.11228768981471969,-0.08714098773335166,0.01999342836498869,0.08200523753161561,0.14173760069216015,0.03401821159783973,0.03664671774409593,-0.20248418489461553,0.19304857979737144,0.332202397583464,0.11252119701312908,0.045465971043942156,-0.1083026390557039,0.03282034194693227,0.07001227444005721,0.10235178053049715,0.2717637988367032,0.05554008726839997,-0.14335776245822968,0.030269972649536837,0.16719378132611454,-0.026251284742991366,-0.12673268423222953,-0.1846972956344397,0.04719038506563874,-0.032315995959103304,0.013817764956629598,-0.058014020936475764,-0.021752014766934405,-0.14663155146809745,-0.031404300182980516,0.1933582413266578,-0.08664643152994682,0.06802705755709226,-0.007503437273083205,-0.027241728497432508,0.23964214440927734,0.05262377557973024,-0.022899775324436194
1.2000164071941493,-0.14136195804146456,-0.0039045997115684673,-0.32593819075681857,-0.9303789877214136,0.6643378196955199,-2.9120445659553527,-0.5394460743273976,2.9901413667166965,0.7206880709915204,0.9327007434387744,2.2048426976286177,0.9117608493621958,0.12830418694208226,3.41866982962962,-0.1673998454403635,1.6423824128260227,0.2532808365609994,1.1330117109662956,-1.4257098681471934,1.6500905037575309,-0.7409073778242714,-0.9910597993472089,0.7047475724876014,0.34524062576592607,-1.4040661732334387,-2.3132965967689687,-1.230169349451317,0.7097082184198727,0.31031585663305383,0.5874168718343231,0.0515032286044177,0.8015998432445852,-1.3703392575240596,-1.2637757165854628,0.8839178654540334,-0.20180349356016095,-1.1784891597943785,0.6021557556944225,0.1966897695483564,1.5681996929815023,0.47360444144194175,0.41475195807794535,0.011006568542975046,-0.4058396760309484,1.0935762557589397,1.1055795393207535,-0.7184553523863161,-0.12056422031903703,0.7377817260993544,-1.7552402912400642,1.2926736573390512,0.7020639804833643,-1.2400947177054302,0.8257306504531616,-0.34148317150393
-0.4891356941275618,-0.08669971455134391,-0.32053079050534977,0.006777436971285494,0.258363460901691,0.5596357751609387,0.10915890060617432,-0.08223353774625776,1.1011731586003823,-0.40059157546206453,0.28276763450574743,0.7079325554553273,0.1724929209310529,0.023908040760751714,0.4911508125284497,0.11228768981471969,0.2532808365609994,0.5113503928081689,0.25808586292964264,-0.5043039506895844,1.2448399155996084,0.2912560965166197,-0.3685908439742214,0.4162138386365234,-0.6157828948875522,-0.017767469055317606,-0.10796839071325073,-0.2448594068831094,0.38102656201173396,-0.2624411027096427,0.5013104859401651,0.4441145722742303,0.823275595818681,0.15567874093113657,-0.43569868606296003,0.15093223710036105,0.21674674811850095,-0.17454611268388004,0.1621961705454227,-0.41629589871527384,0.058100861655921744,0.4923829926039198,0.10057482883982295,0.03259551823237095,-0.4922996573746521,0.5175592965039817,-0.2264326729743197,-0.6341300352710394,0.49915517998366493,0.21272572409780732,-0.79797056316968,0.6750828186326175,0.17102229155560808,0.12309909312035984,0.7169409985830545,-0.09660694302024332
0.15259030254513975,-0.21475143660486584,-0.38646521030176634,-0.47015108157887625,0.24190639982840886,0.4224159412575302,-2.249709468889252,0.08199697164068565,1.070993072510282,0.4496621579809364,0.39309707840383973,1.8863058721178863,0.7092146632383528,-0.19182720071922613,2.7589173454703384,-0.08714098773335166,1.1330117109662956,0.25808586292964264,1.6205914218088797,-1.4842799175502122,1.1298920738083469,-1.4610242716642905,-0.3385806898535847,1.4983835189061556,0.8077772536587166,-0.8736741639771127,-1.5004357639014503,-0.7688353112995411,0.26682120339582965,0.6032395394976725,0.5041352859260292,-0.38328093635650784,0.15583139355599412,-0.6443662998639612,-1.0911672878299445,-0.0947596796001203,-0.12300584082603602,-0.14976077441325575,0.3681969892084345,0.5051257960588321,1.5290329605329265,0.5117143430486201,-0.7181161378121594,0.9999713177182588,0.3874020756671054,0.8641407041553008,0.8693751185718976,-0.3451135733376493,-0.02572164981540319,0.9346986256009644,-1.3061559803622846,0.9705861431044653,0.33943080160732614,-1.026297398277746,1.0499940879899818,-1.1796365356604022
-0.2648448686061517,0.12848287651933174,0.36951035586009756,0.40037529384764364,-0.029523056091034897,-0.832207707742294,2.3657398031170427,0.13071366252035418,-2.3799594663625894,-0.3178269322873945,-0.7637315061184894,-2.3675749471249454,-0.8668089118370231,0.014237813133846868,-3.127570105609467,0.01999342836498869,-1.4257098681471934,-0.5043039506895844,-1.4842799175502122,1.7288637999365561,-1.8903480065554146,1.0306269608639405,0.8061773315892129,-1.3638114478497614,-0.3018256616161259,1.0824774241010524,1.787925276607109,1.0539977120433808,-0.7081159828257625,-0.3488676047229208,-0.7547674184786106,0.03408019127242863,-0.8331397577741372,0.8070613903576493,1.351858221830719,-0.30059908631886545,0.14165176071246127,0.5866369164041321,-0.5569660508249085,-0.18338608419453994,-1.5450884338161894,-0.7106303903637499,0.15775578580897698,-0.5781808965088053,0.15401568784830905,-1.1749166452046287,-0.9245369463939421,0.7557404055844771,-0.2377383744517463,-0.8369433624969098,1.7888472629915022,-1.3909400665552534,-0.6125894897853257,0.9540280195431625,-1.2344214258811228,0.896322227993621
-0.027806268621387825,-0.3907610168166773,-0.6304751195005431,-0.1821781585629654,-0.5173512201686363,1.6464698529911135,-1.7017414602590617,-0.9194331240320184,4.700103386724057,-0.34101584529649936,1.1913211876173637,2.942425208535942,0.9472359895932433,0.13833928792035347,3.3119084855366037,0.08200523753161561,1.6500905037575309,1.2448399155996084,1.1298920738083469,-1.8903480065554146,3.9710670712883798,0.5072324315288057,-1.5275362536469377,1.118037473972399,-1.3063635776596285,-1.0337318632238215,-1.900006641753494,-1.4194628821889657,1.1965599858005214,-0.5458686232201823,1.5115239611416103,1.2499803085642458,2.503756199287859,-0.6935987030452311,-1.814323517438074,1.2538791698883518,0.5324109225423047,-1.4641727990462408,0.7473738722329485,-0.8374584391586614,0.917098844404573,1.4438412642141822,0.7618651256230179,-0.18948403830836988,-1.6240055250192242,1.9358246859540322,-0.04581061295539067,-2.0018590557195473,0.9062726427687929,1.0108223605490196,-3.123681623561608,2.4502254032587643,0.8347175848231115,-0.5686544420946439,2.199782214740793,-0.135199083694238
-0.35380067585935837,-0.02537670998294829,0.10161665169304641,0.4760664646633477,-0.5391537854847503,0.18242781279731893,2.1881859109792057,-0.6384425704589667,0.6635621653492377,-0.7915911776657182,-0.05402291306072491,-1.0725455662238668,-0.5012030949134788,0.23814768889883825,-2.0239677952721893,0.14173760069216015,-0.7409073778242714,0.2912560965166197,-1.4610242716642905,1.0306269608639405,0.5072324315288057,2.1404271887406114,-0.18363382750368315,-1.297130088245033,-1.677607191603102,0.7172229527278015,1.1005430329121195,0.35433553256519756,0.07249103974538028,-1.0702040062625588,0.09895146498445354,1.1513082704437207,0.9698477336520643,0.6055563953597567,0.5254782679883124,0.6885182121939106,0.576173446094846,-0.44236316809809006,-0.157999529219754,-1.0457824061947822,-1.6323651143713318,0.09593607408609954,1.124224441367446,-1.258663646620047,-1.2764789342823228,-0.15012352417639985,-1.3564749043964937,-0.5516273066335236,0.4630045122679815,-0.569345921184041,0.09506821041906072,-0.033702046341757726,-0.13167532876539972,1.0376248059173143,-0.12359427866230265,1.3912094758385343
-0.6471587292979422,0.03199436834263068,-0.010397056762264604,0.044720413066074376,0.6891365558838008,-0.6969728139842454,1.339750450269271,0.4746955941304623,-2.6033704523531647,-0.16990244211591343,-0.7550408740874479,-1.3826077051646577,-0.5373151434576112,-0.21293596119430783,-1.8394608073474648,0.03401821159783973,-0.9910597993472089,-0.3685908439742214,-0.3385806898535847,0.8061773315892129,-1.5275362536469377,-0.18363382750368315,0.8948215532889335,-0.14791075277124027,0.4094570811525426,0.7890706238627657,1.2862156476438058,0.8096946284428886,-0.7163348639968845,0.14264531428793162,-0.5408732442135588,-0.43804977797860495,-1.0606216864213698,0.7622731074828534,0.7970918187979478,-0.8322492941661639,0.035937390341663725,0.9857803667651351,-0.4293383328253703,0.2815527339603567,-0.652848014619497,-0.4354256171471964,-0.7409949926124304,0.4244887001995584,0.7537608635285441,-0.7919476528160302,-0.4351032392331594,0.7801247597249495,-0.19598804647097356,-0.2550719873471806,1.2784022757816929,-0.9913271040788469,-0.5465527092259621,0.4658197442042959,-0.5783888197816344,-0.18976826522328014
-0.6102902129427334,-0.16652235504389934,-0.5802847394237727,-0.3876797054424009,0.9184306612010464,0.4966229020173985,-1.272017742506543,0.4028597857983803,0.40233273212708504,0.010285373374439539,0.18394030502428504,1.5720400775732242,0.5102635982419028,-0.2605742468609774,1.8908698381205602,0.03664671774409593,0.7047475724876014,0.4162138386365234,1.4983835189061556,-1.3638114478497614,1.118037473972399,-1.297130088245033,-0.14791075277124027,1.6572704060254584,0.5300829205667625,-0.4099881945237333,-0.7395399652857445,-0.45652610449109343,0.23173454430308352,0.47859544553572286,0.5598005293621657,-0.3182492798413928,0.20424144245481138,-0.06365493648276441,-0.909098948042879,-0.49662513739458586,-0.03200275517059498,0.31864399997642323,0.24406125764743694,0.33317837546198126,1.1468832947309044,0.6100315874313057,-0.9677757686217002,1.1938550691316292,0.4663440790174345,0.7386613320233515,0.49193445676532044,-0.3465191703518737,0.2744109950658435,0.7829059862111728,-1.0515833782795279,0.8393234759896174,0.19514422323046593,-0.5404690578528027,1.1382458572974805,-1.302587871597144
0.708182630076766,0.053174007721488496,0.19412458683487768,-0.3471809901724104,0.05333568336511863,-0.5913545388072048,-1.6736694487647317,0.41321496229144916,-1.2509289867577886,0.9015178985530434,-0.18048100010237594,0.19391371153587555,0.21928697730653945,-0.18190736195244617,1.0846621203501343,-0.20248418489461553,0.34524062576592607,-0.6157828948875522,0.8077772536587166,-0.3018256616161259,-1.3063635776596285,-1.677607191603102,0.4094570811525426,0.5300829205667625,1.6454642346939576,-0.5173155754609976,-0.7500964628583248,-0.08201347772771328,-0.3800133843021232,0.9309288643635859,-0.4687064816989242,-1.114635577902462,-1.3113722249816595,-0.5914019877922445,-0.037635792577981254,-0.5219911278935845,-0.532179219894095,0.37355221489805157,-0.011761527564127726,1.0542695445548855,1.077919788986684,-0.45709301908471633,-0.826192512322135,0.8071147393643064,1.2230504706363658,-0.28098724150254667,1.0958018640710505,0.8627132411451081,-0.7498320095610504,0.2708459676926886,0.5058563678419572,-0.48010387642965846,-0.045715889935313114,-0.8689021421683493,-0.458436577703934,-0.8454865536453529
-1.340586506292949,0.08377321931416831,-0.15004105566310688,0.2973977487752699,1.0270304950594262,-0.39438451157429616,2.700774405886669,0.5310237772920402,-2.3930197607050414,-0.8254020542877141,-0.7459377652160873,-1.7360119825208984,-0.7606490967331271,-0.1253770160590074,-2.905129838479039,0.19304857979737144,-1.4040661732334387,-0.017767469055317606,-0.8736741639771127,1.0824774241010524,-1.0337318632238215,0.7172229527278015,0.7890706238627657,-0.4099881945237333,-0.5173155754609976,1.3000889996049623,2.0917228889387625,1.0452388572452698,-0.5036748496617448,-0.3464267220276236,-0.330906305325605,0.09142778555500741,-0.4495254651740404,1.3380618915896405,0.987485000253089,-0.8098965685472087,0.26352928077336407,1.0680711016939386,-0.49493533185743066,-0.3370882390761248,-1.3591622829524743,-0.23498914897088866,-0.4261975384895106,0.08363891350227419,0.23925416966287463,-0.8055621578779897,-1.07805206113707,0.4172073021340855,0.31611792047109855,-0.5671474518415889,1.3143888512809268,-0.9335129131466839,-0.5936861252480908,1.1667280380384117,-0.46127470835742174,0.20767874451679957
-2.144719519799181,0.24811092985390926,-0.1672414732876589,0.4794083942118382,1.7378990997517807,-0.6818716160346371,4.3877693875665,0.9345872700422312,-3.9908843670296124,-1.305296330621,-1.2251391441820976,-2.8772763021729624,-1.2466844094849465,-0.16229886404997865,-4.8542086873765875,0.332202397583464,-2.3132965967689687,-0.10796839071325073,-1.5004357639014503,1.787925276607109,-1.900006641753494,1.1005430329121195,1.2862156476438058,-0.7395399652857445,-0.7500964628583248,2.0917228889387625,3.4538367499656286,1.7222709776107257,-0.7827517659658415,-0.5178029030510612,-0.6344780546058781,0.040244019936798534,-0.820373665973056,2.1693128072720094,1.663717285557454,-1.3917242124223983,0.29652752287221285,1.8007107305915666,-0.79354632359798,-0.4690881550810625,-2.21753419825776,-0.47819201513239096,-0.6423232874220406,0.08575518342645194,0.4750077976976951,-1.4022716165566842,-1.6198005672065519,0.8085571083049349,0.48789580588030496,-1.0692274632661734,2.3073407608939416,-1.6398585687553953,-0.9283294407143357,1.9415314221484468,-0.9199108449409723,0.3494682814206133
-0.8761472064489196,0.1251935021268888,0.013304646995003201,0.2299781642305792,0.7835719022414638,-0.5582672735023527,2.083772627428737,0.5371650830219554,-2.4678871994844283,-0.47318495994861115,-0.7150498654688017,-1.679475906527228,-0.6764062482732991,-0.11821135065338138,-2.5109096476790937,0.11252119701312908,-1.230169349451317,-0.2448594068831094,-0.7688353112995411,1.0539977120433808,-1.4194628821889657,0.35433553256519756,0.8096946284428886,-0.45652610449109343,-0.08201347772771328,1.0452388572452698,1.7222709776107257,0.9554550947655465,-0.5591949488150019,-0.11633544946760231,-0.49410755252548666,-0.18558080037956795,-0.7737844185602274,1.0061791017923902,0.9821485026509994,-0.7752167309264099,0.07075231235539872,0.9801690042159354,-0.4710603772489338,-0.05476529366521081,-1.0436279822110825,-0.4189915230967441,-0.4385656791119597,0.11293608085169708,0.4763485349427648,-0.8877530369238161,-0.6919055758711691,0.6537815121281711,0.03361087100438188,-0.548925197492753,1.4464719569070301,-1.065444901123835,-0.5481509702267623,0.870276070607887,-0.7083950808195604,0.1384816033619302
0.23178488547768847,0.09174773408099268,-0.04791147273385268,0.011533191804789721,-0.15141005375622363,0.6541396966964066,-0.8021919354432956,-0.07495710464631675,1.9400757201338907,-0.026739554061556255,0.650464195287081,1.0966936468460127,0.41407412883016387,0.19777107470050526,1.26587565516011,0.045465971043942156,0.7097082184198727,0.38102656201173396,0.26682120339582965,-0.7081159828257625,1.1965599858005214,0.07249103974538028,-0.7163348639968845,0.23173454430308352,-0.3800133843021232,-0.5036748496617448,-0.7827517659658415,-0.5591949488150019,0.7228745437450854,-0.0836032255479263,0.455285031754514,0.2699773069537495,0.8612352264708192,-0.4263081301522845,-0.5826136906710749,0.435125952275656,-0.15709280594685404,-0.5704249273603705,0.34072722061506905,-0.29875380758477527,0.563415148733567,0.3467889658517531,0.5118867903945679,-0.2451902446642939,-0.5031106976111325,0.5690903427071677,0.45306991451848555,-0.5888805641002943,0.33215859888851873,0.057548292504085094,-0.8447205889485608,0.7162972881788056,0.4554123137326315,-0.19958389599581863,0.3918898566578304,0.030156522952927364
0.33829052436347795,0.04307292751691988,0.05681913516781047,-0.19714446942578173,0.1626897555496885,-0.2052633641174068,-1.0853790995842236,0.36242763221260327,-0.5263627504431388,0.48324766461000873,-0.005706407484298714,0.32339144825775007,0.2053965624714328,-0.10267966682672588,0.8632671749547801,-0.1083026390557039,0.31031585663305383,-0.2624411027096427,0.6032395394976725,-0.3488676047229208,-0.5458686232201823,-1.0702040062625588,0.14264531428793162,0.47859544553572286,0.9309288643635859,-0.3464267220276236,-0.5178029030510612,-0.11633544946760231,-0.0836032255479263,0.5824592145484045,-0.158479378817416,-0.650455216105967,-0.6426043131518699,-0.36364396381105896,-0.12835797205025543,-0.3370341393532476,-0.3534099374814377,0.2221827041666884,0.039500343910078034,0.5682406068270913,0.790584451971718,-0.17491868215293108,-0.5159025739149277,0.5574309182091448,0.72111891101509,-0.0694409203989672,0.7356514036546403,0.4011989472031981,-0.3438057417496967,0.18276632884126318,0.17541586303227694,-0.16724015859201544,0.034502461997938876,-0.52486883321362,-0.1649710605666799,-0.5969421263960193
-0.14736709224993863,-0.15500986529236252,-0.2914868055017222,-0.05827821282023004,-0.021177039691604505,0.6567566440027236,-0.5728918957174499,-0.20078107681099996,1.6074755028419279,-0.17976943864015751,0.41823043245959574,1.1166434890583117,0.3524472474538272,0.010132844052862477,1.222338448397463,0.03282034194693227,0.5874168718343231,0.5013104859401651,0.5041352859260292,-0.7547674184786106,1.5115239611416103,0.09895146498445354,-0.5408732442135588,0.5598005293621657,-0.4687064816989242,-0.330906305325605,-0.6344780546058781,-0.49410755252548666,0.455285031754514,-0.158479378817416,0.6164104310686419,0.4319117911714718,0.9239149973255111,-0.18979972532259393,-0.6850805360151228,0.3565281794542824,0.19525700931943246,-0.43755512121069357,0.2589384604870687,-0.31231040320521963,0.38816549588844984,0.5906753560036456,0.15860040627905608,0.06751183197842892,-0.5117428485441282,0.7246855994748771,-0.03072429165686655,-0.7607884016377764,0.38071660348374253,0.3921947732264777,-1.1491886111937097,0.9132831103976359,0.2899798423448312,-0.17309619700204956,0.8748114223340747,-0.1621119242866687
-0.18109674026191722,-0.1586511972387428,-0.1267473527544302,0.16405082194359605,-0.4268565022212851,0.46717263229486256,0.604179619301293,-0.589411871217333,1.436938466004102,-0.4532252502754121,0.2270371862554276,0.20865164043127762,-0.009691201284630774,0.12031217681484427,-0.12299160820449241,0.07001227444005721,0.0515032286044177,0.4441145722742303,-0.38328093635650784,0.03408019127242863,1.2499803085642458,1.1513082704437207,-0.43804977797860495,-0.3182492798413928,-1.114635577902462,0.09142778555500741,0.040244019936798534,-0.18558080037956795,0.2699773069537495,-0.650455216105967,0.4319117911714718,0.8851888095899573,1.0768741570090337,0.11970568234323899,-0.21350340728953915,0.6558844982536765,0.4692586686202409,-0.5795314203938399,0.10022974490017042,-0.6922632490789379,-0.5802540632480643,0.42773986320104507,0.6812487184569983,-0.6165827509067108,-1.0150486280728446,0.42815870440809733,-0.7328832504415064,-0.780280743330408,0.41950066196818575,0.03960551895282655,-0.7820276363361548,0.612633716011961,0.11610369849083751,0.32512099864916266,0.5501180457897452,0.6250703559035904
-0.06646046048256392,-0.14932827514294023,-0.28101011983524893,0.06433358060771144,-0.45823058765244956,1.0925218897609332,-0.389294579849949,-0.6828170340607663,3.166459704783877,-0.4381947174658065,0.7657603871524813,1.4680605520157928,0.4412428095923326,0.2150810492940329,1.358256676918233,0.10235178053049715,0.8015998432445852,0.823275595818681,0.15583139355599412,-0.8331397577741372,2.503756199287859,0.9698477336520643,-1.0606216864213698,0.20424144245481138,-1.3113722249816595,-0.4495254651740404,-0.820373665973056,-0.7737844185602274,0.8612352264708192,-0.6426043131518699,0.9239149973255111,1.0768741570090337,1.848876376464463,-0.27995234532945046,-0.92067783936384,0.972705486939404,0.3843739510707689,-1.039583954673363,0.43758336318786856,-0.8333185411734565,0.07983243257408466,0.8611808858435788,0.9248588317599339,-0.5938343252111224,-1.3723425418330009,1.0895361941041293,-0.31770026776524524,-1.3559511782938023,0.707878076498291,0.29729902956842735,-1.7836500119877958,1.4249768551081912,0.5329304323770636,0.014862970050263494,1.1698190258962942,0.40492912863609587
-1.7329192421232125,0.0864655875946109,-0.33693202960587776,0.22350929225703964,1.4007873898068306,-0.233375551346155,2.7722218484331234,0.6013761125062632,-2.317830359891004,-1.002594804936662,-0.7436188256971706,-1.4416678133709846,-0.7067601297121566,-0.1615231107611785,-2.7950009260027655,0.2717637988367032,-1.3703392575240596,0.15567874093113657,-0.6443662998639612,0.8070613903576493,-0.6935987030452311,0.6055563953597567,0.7622731074828534,-0.06365493648276441,-0.5914019877922445,1.3380618915896405,2.1693128072720094,1.0061791017923902,-0.4263081301522845,-0.36364396381105896,-0.18979972532259393,0.11970568234323899,-0.27995234532945046,1.5258056651169505,0.8128087760414965,-0.9802824715726588,0.30658735303306445,1.2250353259835542,-0.4443789295692933,-0.36264832718160295,-1.3144521031529655,-0.05871130542471006,-0.6070610995630621,0.2942694378387194,0.23503223902358422,-0.6380743729865366,-1.1258982494542937,0.29593927056975416,0.5226780452996803,-0.46660133875061444,1.083736018471317,-0.7279101274050064,-0.5580405606236143,1.2345408055239584,-0.1448887915525216,-0.04168799585450927
-0.45153763009403763,0.18999646716379204,0.24888198080242555,0.3048653990870772,0.3907716720325004,-0.7290501087428397,2.034892287427187,0.43362870424349753,-2.446945252923235,-0.2996623557644651,-0.6844648414867007,-1.9910883675524582,-0.7304253009616442,-0.024245225769605173,-2.6988437115465276,0.05554008726839997,-1.2637757165854628,-0.43569868606296003,-1.0911672878299445,1.351858221830719,-1.814323517438074,0.5254782679883124,0.7970918187979478,-0.909098948042879,-0.037635792577981254,0.987485000253089,1.663717285557454,0.9821485026509994,-0.5826136906710749,-0.12835797205025543,-0.6850805360151228,-0.21350340728953915,-0.92067783936384,0.8128087760414965,1.1814075666822539,-0.5845595320188003,-0.02902424393556505,0.801530507000568,-0.49256417238588307,-0.04055352256653114,-1.136825952399583,-0.6482806889106228,-0.14783956530048498,-0.2130672914663172,0.4316191547315655,-1.0839184168233635,-0.588930351805486,0.8056971059487698,-0.15425724127056908,-0.7455746666490191,1.7282478753943442,-1.3063537660957174,-0.5434077415841037,0.8348168601038038,-1.1109461462624748,0.4652377999387032
