V1,V2,V3,V4,V5,V6,V7,V8,V9,V10,V11,V12,V13,V14,V15,V16,V17,V18,V19,V20,V21,V22,V23,V24,V25,V26,V27,V28,V29,V30,V31,V32,V33,V34,V35,V36,V37,V38,V39,V40,V41,V42,V43,V44,V45,V46,V47,V48,V49,V50,V51,V52,V53,V54,V55,V56
4.2827447929906874,-2.0432089606357735,0.8416933878093052,2.9514218791614386,-3.471811669637889,0.9556129877478383,-0.8345039802985658,3.848052011052788,-0.5019255671960676,1.3513304261780104,1.4662250449401044,-2.6579060594902826,-0.12242983277047814,-1.0011903643623572,2.63918710348501,-1.9731646121384854,0.4591706094488673,-0.05487356353717967,-0.33427653324387707,2.4396795480526294,0.1923381730339109,0.4387218702191738,-0.3970074170798155,-0.7844032974441175,-0.39368816240511983,0.543102887074742,-1.8714465669761005,0.7771478641351907,0.38756814716386134,1.3559126591564605,1.9581599374420935,0.4170137709111803,-0.5856121283745256,-2.9928289553528726,1.6141403481768117,2.1619303875512292,0.2881109038648901,-2.2651380294487025,-1.5792684062684461,-2.131912482983561,3.2861512489071587,0.40733829549181355,0.004480617387322971,0.7845681795841506,1.1543071059245333,-1.0423158418413734,0.10687031792848666,-1.552644159074733,-1.7576290303625624,0.692768017369291,1.6350306878553422,-1.098543001986697,-1.1328820074846617,-1.0875882492957174,-2.117695141819681,1.3580651171556326
-2.0432089606357735,2.6462843901690163,0.5195570820580181,-2.9676837464033956,2.0459826774062284,-1.2092830830966892,-0.9863238822020781,-4.141939729409875,0.14344580210278954,0.11931207569326731,-2.208845299113359,2.4539111687368482,0.15772399204513163,0.9427273378239317,-2.8604851990294535,1.5017372489147565,-0.301739552883943,-1.4883100697300762,-0.539353779872359,-1.9333960569639228,-2.069472247537936,-0.8575618949190407,0.05952482310385619,-0.18544346340721837,1.6956545054975543,-1.7580422387128984,0.8762097732681171,-1.1299335701890705,-0.6648887867681739,-0.8181123769692126,-2.5330883981555457,-1.1010967028779655,0.046492667714855974,1.4800296760080032,-1.5782311312238546,-1.5960650320959626,-1.1184467283233337,1.5957905948538478,1.5887154558361787,3.738818027325783,-3.577095702572931,-0.7904221329216174,1.238549561537545,-1.5990535220400677,-0.3152643849214158,0.5770807377042381,0.418416786612719,2.415191865521405,0.19921349119395368,-1.8117405253583734,-1.0705306652093731,0.4279078556535473,1.6514053958323929,1.0753439216946352,0.8850777219722799,-0.5658643184396308
0.8416933878093052,0.5195570820580181,0.7395950589715148,-0.11297578861561305,-0.35286501069475373,0.07447344128062479,-0.8418637314157599,-0.1618387913926359,-0.3551435463477199,0.6811699316317491,-0.7369317218793988,0.1429848122633882,0.0023137034209630074,-0.1118046182782729,-0.5232761039550494,-0.18933625375617102,-0.040927723579627734,-0.9101635299661733,-0.5034844780664517,0.07274495920986723,-0.9307492141861166,-0.27121794770034235,-0.25894443155937424,-0.2714087231676555,0.7065133743275369,-0.7205686858418173,-0.30747106224328674,-0.23091825011171624,-0.14349766194461588,0.2496730149421158,-0.23002982829235263,-0.37434740145592144,-0.04241613060868661,-0.6408287844363307,-0.1801820083224138,0.0926789656726541,-0.4981008860117583,-0.1453992880838507,0.05237747282904996,1.1680121701512842,-0.5246969975842463,0.03335111533724339,0.7300038993285034,-0.373754846796754,0.5767458720992974,-0.13688921963199221,0.04442012206799054,0.46308723376422534,-0.7898980086275916,-0.8491840481581073,0.1237982960519049,-0.2338080280915845,0.42900597602856716,0.37336339953657216,-0.40721735994256225,0.31531871918503296
2.9514218791614386,-2.9676837464033956,-0.11297578861561305,3.9103411253974403,-2.464555824347198,2.134877969028117,0.9248711629188309,5.696813228574966,-0.7559651661081179,0.20419717375977361,1.9328399292892509,-2.894518422710753,-0.2452275915766917,-1.5585302596653317,2.92187238785824,-2.161324872507926,0.18272551061372122,1.214998300065785,0.29330531255276043,2.4338378435713377,2.299664770542661,0.9055048645391033,-0.43540621810066804,0.4728540523187441,-1.8003592672632869,1.764575001637676,-1.1058411162653963,1.326755068649689,0.8336251458327196,1.2897746495120375,3.5221387301701443,1.2349585739628386,0.33177298749441214,-2.3206794462336466,1.7266057135336186,1.9665061104692236,1.0779353656499382,-2.006113379803267,-2.1125853008961304,-3.788533896638825,3.9848623903097162,1.5571200809625416,-1.0368182711499438,2.0571270147558764,1.1300617539756237,-0.7244004898227602,-0.9584788897507742,-3.029882345568569,-0.8453785522314375,1.4343149048817059,1.2916461056062034,-0.5684087961572015,-1.7131756107272138,-0.558817654084508,-1.1369251655563521,0.8639326147026454
-3.471811669637889,2.0459826774062284,-0.35286501069475373,-2.464555824347198,3.116835077548773,-0.4017164622506989,0.4795559389398724,-3.024626650181158,0.034936485895456025,-0.9222667395826434,-1.8830168902103213,2.478984260900323,0.08031286314677613,0.6108412549008756,-2.7670224040972573,1.5330077067251535,-0.5314569106158176,-0.42182993051878404,0.032575223343597214,-2.1468273523976857,-0.38460541993699154,-0.5250718030033202,0.09020749872017045,0.8673710812856923,0.5958113432043965,-0.8040701191283851,1.620127527790398,-0.7548349419467727,-0.34130039045346355,-0.9938394291372333,-1.4768301149284624,-0.48035893220999537,0.7846620663780762,2.2854924026932544,-1.6054848872026999,-1.9240363143696688,-0.49066344369815185,1.9834416612605807,1.3053474602826,2.527223764461495,-3.228656249676724,0.04311790050642883,0.3605048790078378,-0.6468321336138918,-0.4820738382506396,0.9184016094253361,-0.3877162175700065,1.3686880901626883,1.111353497023663,-1.200436386818116,-1.4776811445906617,0.9448091437969277,1.2542717664713223,1.5044062379774008,1.8412066698762048,-1.0916167643765875
0.9556129877478383,-1.2092830830966892,0.07447344128062479,2.134877969028117,-0.4017164622506989,2.02801032304822,0.767186774345346,3.5542203427525307,-0.9312536792230952,-0.06434702958717137,0.1104908577929127,-0.9734874964508757,-0.17664736153115343,-1.2472989310403624,0.6533781204195092,-1.2127131917658316,-0.2182398391114652,0.38312801757225945,0.03610109772951869,0.9049111236482232,1.5967206521088178,0.3670268356781601,-0.5858806620621942,1.0345098395402679,-0.9939213770720395,0.7484900156948098,-0.14024837936133064,0.6381387413264363,0.543223874222643,0.7483746689490409,2.45442182537668,0.7033444940071801,0.979041731995235,-1.1014877275969746,0.41868861381698325,0.6529591354108785,0.438716511178892,-0.688002819677787,-1.1692395966192555,-1.2800134668318182,1.3753495661841852,1.7340850490092319,-0.333957926524813,1.4363746578645562,1.1782074799823627,-0.10220521821025844,-1.286576297562716,-1.8695449601541334,-0.5273685579989651,0.044663423854829444,0.23628319126864517,0.029197898513337567,-0.5372453930320378,0.8185506862298221,0.013125994984057103,0.25384935185858665
-0.8345039802985658,-0.9863238822020781,-0.8418637314157599,0.9248711629188309,0.4795559389398724,0.767186774345346,1.4696769455146492,1.5770193182753678,-0.10859162643627643,-0.9108858816811782,0.7332666415292357,-0.5140578272565927,-0.11282739955173128,-0.3857822111596893,0.557687917995843,-0.20670366761832717,-0.15337596313363439,1.182504477714354,0.5447504664362799,0.22862156293574096,1.6970988387940753,0.4808070843732129,0.07800359758505902,0.7982186254822419,-1.239554558976612,1.16445503930185,0.5000099538045064,0.5459611222347869,0.36063300897554973,-0.04219390957551496,1.233169913175968,0.7154065202213362,0.5168539262073456,0.4629991218194823,0.3332160816703651,0.01978481145719463,0.7431343735025645,0.041669448177810826,-0.5127752877950885,-1.7540730131134532,0.923017841705511,0.7187663407537948,-0.9706277928763096,1.0149532476375667,-0.166376083816485,0.13346319901179018,-0.698015347658192,-1.246358739112229,0.7620201452211086,0.8795406216266476,-0.07175242527394615,0.2986477043300554,-0.671479891592067,0.09459746023691731,0.5689894015696233,-0.3043088339360443
3.848052011052788,-4.141939729409875,-0.1618387913926359,5.696813228574966,-3.024626650181158,3.5542203427525307,1.5770193182753678,8.554049179354735,-1.3881838584857773,0.13731326605315378,2.359829283297544,-3.9100623417204985,-0.38513995864812894,-2.4745402856799075,3.7721011608910113,-3.1432896356385425,0.08668675397968799,1.6959809240466888,0.4098598805799895,3.3097557542164315,3.5930372188751685,1.2598971165842427,-0.7835556576628782,1.138812758485796,-2.677710136343759,2.527454808416414,-1.3134365898763216,1.915328806813425,1.2645861972663424,1.8841079534241165,5.424244910297918,1.8349916638208148,0.8985861758802425,-3.215636970491982,2.254221639756886,2.6064608493405155,1.530716322865356,-2.6653160650419894,-3.0913587616771814,-5.186188785170411,5.411681288202141,2.733156858673966,-1.4688557506518076,3.2101405467404804,1.9107180509921298,-0.8932042044064284,-1.809981792798795,-4.553498623398611,-1.1938497241616322,1.764925921378047,1.6325171561239573,-0.6358960258090834,-2.324132402463415,-0.23765408324790252,-1.280271196904399,1.0985419731100496
-0.5019255671960676,0.14344580210278954,-0.3551435463477199,-0.7559651661081179,0.034936485895456025,-0.9312536792230952,-0.10859162643627643,-1.3881838584857773,0.7611269378850526,-0.19161938221394995,0.5045878824431969,0.266968107477838,0.1107645593755559,0.6033918830356967,0.30722056891659594,0.5286086456445767,0.23494844866127504,0.30364111470949445,0.2492642040939121,-0.3294796574345725,-0.19764091442096907,-3.6780530841177975e-4,0.34464417229649985,-0.4263944009862844,0.07453460308587626,0.001386919713758811,-0.019688803017795194,-0.18058672850516178,-0.1264671576018922,-0.3915156821228804,-0.9011699487736099,-0.09400829911149233,-0.46073659083541,0.5752817805822207,-0.02542232226528355,-0.13438679863886818,0.070678579777663,0.16092709608064454,0.44377063941822414,-0.1731355386598634,-0.0767448463771528,-0.8209809779800533,-0.18157146096061993,-0.4695354830883932,-0.8332009177131962,0.08340972490297434,0.6550506378435345,0.5080828196981338,0.531540479730581,0.5131403793171291,-0.12459570866932669,0.0762054389794147,-0.026355169522234618,-0.7396924353829258,0.0646084559799583,-0.16984910103619028
1.3513304261780104,0.11931207569326731,0.6811699316317491,0.20419717375977361,-0.9222667395826434,-0.06434702958717137,-0.9108858816811782,0.13731326605315378,-0.19161938221394995,0.7788475552794246,-0.21502792024411227,-0.29219917393258266,0.010774462611562945,-0.09290544211860573,0.11947352969644223,-0.3593633235253869,0.11578599062581507,-0.7063308924767259,-0.41468834835740814,0.41199834055204004,-0.8529632883986297,-0.16673702592142173,-0.17617835585510483,-0.5100809764115444,0.5751725283551361,-0.5167204472311349,-0.6069340444119827,-0.10592434060170905,-0.1012040890294997,0.3483467178006079,-0.1314709576727468,-0.28791796397194025,-0.30838157876621347,-0.9165847285212828,0.14048382335892,0.42221364671703243,-0.3581193110501608,-0.4778902713758468,-0.10893472671034934,0.5705331014104966,0.1280892519183216,-0.16284531519064704,0.5602007400973952,-0.31666429177918726,0.46194588148226934,-0.2927193513569868,0.26851926114803226,0.2880280235256946,-0.8422611584045511,-0.44418995962528957,0.3838814091253416,-0.3921028235514762,0.14821930382445297,-0.11194349362465311,-0.7285072321931101,0.4596061779989344
1.4662250449401044,-2.208845299113359,-0.7369317218793988,1.9328399292892509,-1.8830168902103213,0.1104908577929127,0.7332666415292357,2.359829283297544,0.5045878824431969,-0.21502792024411227,2.4341100378976646,-2.0361210585849143,-0.05420120940959991,-0.2549059612352606,2.7977968421038506,-0.8561503927750685,0.47488689449350807,1.5385221793865766,0.6583934817416083,1.4944917691872093,1.482065411499796,0.748930380314437,0.30826098946356084,-0.34201903928475585,-1.3644788312722866,1.5527647340934077,-0.8176481297329127,0.8569373643598249,0.4312921449746426,0.3857299231179335,1.3234998015336699,0.8401646167774056,-0.5873054093975822,-0.8262173511163263,1.4481449901889536,1.3132826856906774,1.0278509836869563,-1.2862217159063178,-1.0108411533807704,-3.4521377763242054,3.115171581967427,-0.16034573698889143,-1.2486710409456432,0.9325761895904504,-0.47021723023525197,-0.5091241687334083,0.30058204136519573,-1.584733215983065,0.2476734608724481,2.0668554885895802,0.9468843111029892,-0.40386317938208327,-1.5123459463458608,-1.6962922730451606,-0.8536626952408022,0.39265736725375416
-2.6579060594902826,2.4539111687368482,0.1429848122633882,-2.894518422710753,2.478984260900323,-0.9734874964508757,-0.5140578272565927,-3.9100623417204985,0.266968107477838,-0.29219917393258266,-2.0361210585849143,2.595030302667782,0.16742813635024714,0.8850413645423255,-2.7315010535853754,1.5825445251676669,-0.3256005234649611,-1.0467736570366968,-0.25903518247964336,-2.123665034959818,-1.3925291132415496,-0.7591888915510417,0.076118628927362,0.21472303155310227,1.2981810337617745,-1.4456833359468353,1.1138897718027492,-1.0521893434274703,-0.5378262863986539,-0.9299939769138463,-2.216482221946028,-0.8753095659360142,0.32369899348900477,1.8384565849207912,-1.655301079116187,-1.7362490279240685,-0.8810709677619771,1.7536408897766627,1.5600926603710215,3.3001908690768373,-3.4525238072913247,-0.5316934646051291,0.9004174684845895,-1.2862642439195904,-0.48044952083640213,0.765439667560952,0.1957991475429429,2.058582020994282,0.6142714973059735,-1.520169259039267,-1.3183907601849298,0.6901969690485937,1.5357735166115438,1.1539479219389088,1.3157650059436452,-0.8119664935666342
-0.12242983277047814,0.15772399204513163,0.0023137034209630074,-0.2452275915766917,0.08031286314677613,-0.17664736153115343,-0.11282739955173128,-0.38513995864812894,0.1107645593755559,0.010774462611562945,-0.05420120940959991,0.16742813635024714,0.028599652000966244,0.12076859611926671,-0.08341289124134312,0.13153628130948897,0.027664503658201747,-0.05955335320611782,0.0011041995343221698,-0.14007538870746128,-0.14803375356781337,-0.05871954421224392,0.035511441524778836,-0.06934312206036104,0.11996203918335313,-0.11580859374260279,0.010139435987806004,-0.09216544644059152,-0.04978594119340411,-0.0766052211359068,-0.24351231472894252,-0.07921402878626384,-0.060710783405474485,0.11273740482740364,-0.09001199550959005,-0.08423613628499547,-0.06160346146529255,0.08383565805041009,0.13822984433053132,0.19349864960206967,-0.1799872709990536,-0.14415928362213384,0.05731508926664222,-0.14685409804164268,-0.10516713851544592,0.03880520544070833,0.11871206944489203,0.19346270439999202,0.04988613997888878,-0.037894613242716535,-0.07108462466083723,0.028074494664608166,0.09110495349957476,-0.04811219489679878,0.03912398791458365,-0.04243815610823031
-1.0011903643623572,0.9427273378239317,-0.1118046182782729,-1.5585302596653317,0.6108412549008756,-1.2472989310403624,-0.3857822111596893,-2.4745402856799075,0.6033918830356967,-0.09290544211860573,-0.2549059612352606,0.8850413645423255,0.12076859611926671,0.8203467594331232,-0.6766528310651927,0.9091035774963332,0.08000499081064667,-0.24167429314520564,0.0033672290543336125,-0.8047858238344417,-0.9424803947461906,-0.2669446164883826,0.3569369432872062,-0.5015897351995496,0.6308523081810347,-0.5251899226254899,0.27033500266565963,-0.4711482769172219,-0.3505252012612273,-0.5745328204434634,-1.6195866400207524,-0.45537180202874183,-0.4733312850410761,0.9390270840390514,-0.4434281091175201,-0.6081477489116024,-0.30085482771470196,0.6361949215878957,0.8534415309679032,1.0167467308102667,-1.1763624458225355,-1.0210003272560937,0.22607913967754176,-0.9239640222227443,-0.7885618863535617,0.18500347681182527,0.7206183797210024,1.2474778411411847,0.4750708315774248,-0.13574860655522253,-0.3374902057801895,0.11617102965939415,0.45998367098418347,-0.326498342228258,0.2332353536134105,-0.2880625367303263
2.63918710348501,-2.8604851990294535,-0.5232761039550494,2.92187238785824,-2.7670224040972573,0.6533781204195092,0.557687917995843,3.7721011608910113,0.30722056891659594,0.11947352969644223,2.7977968421038506,-2.7315010535853754,-0.08341289124134312,-0.6766528310651927,3.595450880537057,-1.5030302095153754,0.5918709685548831,1.5747085103134213,0.620304198762633,2.151696269807148,1.7931883677636697,0.8672250351958052,0.10276348464177681,-0.34005362375332193,-1.5741566594237328,1.7417135932171857,-1.338537060328407,1.0965307258425212,0.6146861145239026,0.8305387796130912,2.1579467426090098,1.0312506879286083,-0.5615641456471121,-1.7285558002665575,1.8446017111410404,1.9274320139918693,1.1472872836082129,-1.938670193153736,-1.535548338963395,-4.106181821756885,4.1210056886695945,0.2099705783333853,-1.2887991342271818,1.3378418327681296,-0.017073237999833204,-0.7374306261597402,0.16328633171305643,-2.2337400806571894,-0.2556609278150885,2.245510296607545,1.3143018009992782,-0.6225493591884179,-1.8314563340828427,-1.8554141355451514,-1.3197905577279592,0.7285369677438764
-1.9731646121384854,1.5017372489147565,-0.18933625375617102,-2.161324872507926,1.5330077067251535,-1.2127131917658316,-0.20670366761832717,-3.1432896356385425,0.5286086456445767,-0.3593633235253869,-0.8561503927750685,1.5825445251676669,0.13153628130948897,0.9091035774963332,-1.5030302095153754,1.2842207413644915,-0.10372626439345875,-0.375304651467284,-0.0019756701056224623,-1.3971546605004186,-0.9721205723290097,-0.41084059129795514,0.3312767893939717,-0.1628888356506857,0.763932254812118,-0.7417472299845138,0.7509790674054214,-0.6632662600924415,-0.42019902101190443,-0.8162099115466208,-1.8963566549967248,-0.5635772554269652,-0.1571223502626137,1.5397893856092002,-0.9145479589046857,-1.150683761030242,-0.4366174922003061,1.1924756015023423,1.1689293826239238,1.742685298807682,-2.0892208610824694,-0.8730197610534626,0.3377882895354382,-1.026661746383325,-0.8265711288656542,0.45655667812387785,0.5027182606860399,1.5445716269442002,0.7504576572147179,-0.53385069142870345,-0.7720648379992812,0.4028344176856168,0.8219774001869722,0.21636373999344655,0.7899111306236872,-0.5960116144313548
0.4591706094488673,-0.301739552883943,-0.040927723579627734,0.18272551061372122,-0.5314569106158176,-0.2182398391114652,-0.15337596313363439,0.08668675397968799,0.23494844866127504,0.11578599062581507,0.47488689449350807,-0.3256005234649611,0.027664503658201747,0.08000499081064667,0.5918709685548831,-0.10372626439345875,0.17560507172876025,0.1544874272677166,0.07940073845486068,0.25556859133118703,-0.002672080485942611,0.0710738015513839,0.08522882815907847,-0.27433924067501453,-0.05868934357546519,0.11895576696734676,-0.30561735863025574,0.06289899485025496,0.019399223936418013,0.060012156467081225,-0.027042288728546394,0.04259630096828762,-0.2807158143093259,-0.23209810473283285,0.2569313412552922,0.2904962617622779,0.09663967515379814,-0.29563635511033015,-0.08217545592999725,-0.46613392349842836,0.5403115543934431,-0.2603171033090633,-0.11428701709862142,-0.031933409186051843,-0.16313301025342045,-0.1277503904784336,0.2824642487518399,-0.071878832600394793,-0.03971416276825088,0.3622583398092171,0.2077006563330484,-0.13567767411609685,-0.2147974747089251,-0.4959549452966814,-0.2964083861721865,0.12962747737658606
-0.05487356353717967,-1.4883100697300762,-0.9101635299661733,1.214998300065785,-0.42182993051878404,0.38312801757225945,1.182504477714354,1.6959809240466888,0.30364111470949445,-0.7063308924767259,1.5385221793865766,-1.0467736570366968,-0.05955335320611782,-0.24167429314520564,1.5747085103134213,-0.375304651467284,0.1544874272677166,1.4385523892117775,0.6873195419248749,0.6467223725301112,1.6818594522152066,0.5874195730220384,0.2237107110735273,0.3316643076790236,-1.3219020177642062,1.3506919348255422,-0.030661628115863936,0.64131961379459,0.39039564986142944,0.059544312774990026,1.1697196319742473,0.7774991887508336,0.032427702931611783,0.06869708374454067,0.7586151122376049,0.5087044077750461,0.9001657585259738,-0.45766354457853964,-0.6404554009775925,-2.526571899825195,1.8383586310030324,0.26578713449196956,-1.1627535345997848,0.9536149880245672,-0.4471681150746733,-0.07812394552841145,-0.2011391063832905,-1.3534067724942682,0.6937725250414416,1.4964493273737018,0.27175780213650946,0.07262418515375382,-1.0277237521472307,-0.7602172737552001,0.0691459537308448,-0.09169607841700915
-0.33427653324387707,-0.539353779872359,-0.5034844780664517,0.29330531255276043,0.032575223343597214,0.03610109772951869,0.5447504664362799,0.4098598805799895,0.2492642040939121,-0.41468834835740814,0.6583934817416083,-0.25903518247964336,0.0011041995343221698,0.0033672290543336125,0.620304198762633,-0.0019756701056224623,0.07940073845486068,0.6873195419248749,0.38091720798930107,0.0903861503394309,0.7483863390636392,0.2148034530766183,0.15346118354274096,0.1847567203011599,-0.5547388711609053,0.5672325063063509,0.078648763642804,0.21599828646698713,0.14524840353307575,-0.08162356341697498,0.33548507739949623,0.3110816440093612,0.009464893507043059,0.25943943537619424,0.22641109331137085,0.081194983497391085,0.3946555365294395,-0.05294127404983171,-0.14774726647160302,-1.0220295093387306,0.648303590320587,0.028473757862501184,-0.5579559900582964,0.35930084078110863,-0.3411977412227824,0.0485561054544969,-0.024754614358256315,-0.47627554898118735,0.4710716949818444,0.6968583192166986,-0.006837216563748366,0.12092725033082675,-0.39434679598280387,-0.3603040766935282,0.18345798331565427,-0.1606768967501292
2.4396795480526294,-1.9333960569639228,0.07274495920986723,2.4338378435713377,-2.1468273523976857,0.9049111236482232,0.22862156293574096,3.3097557542164315,-0.3294796574345725,0.41199834055204004,1.4944917691872093,-2.123665034959818,-0.14007538870746128,-0.8047858238344417,2.151696269807148,-1.3971546605004186,0.25556859133118703,0.6467223725301112,0.0903861503394309,1.7927275211427653,0.9831952848523335,0.569567499328696,-0.15757010477248978,-0.2010156211682766,-0.9288678418202335,1.0287609596116405,-1.0085832166107829,0.825377802362559,0.4312085092347306,0.8567598704053834,1.8651167898575614,0.6550919834745544,-0.2302593729550702,-1.7226104830805031,1.3243129241726517,1.4816081842685556,0.6153898167183878,-1.5118183270829357,-1.312311284512096,-2.4668233190692668,2.763220557247425,0.5186793237853018,-0.5639114995245927,1.017932188504076,0.5837388750566339,-0.6612781401399396,-0.19876692336850657,-1.6541543176423605,-0.7254297429491613,1.03826513211788,1.1135435668075195,-0.6172520882430544,-1.1706455923359338,-0.8242547967506767,-1.1779838929454785,0.757199691007609
0.1923381730339109,-2.069472247537936,-0.9307492141861166,2.299664770542661,-0.38460541993699154,1.5967206521088178,1.6970988387940753,3.5930372188751685,-0.19764091442096907,-0.8529632883986297,1.482065411499796,-1.3925291132415496,-0.14803375356781337,-0.9424803947461906,1.7931883677636697,-0.9721205723290097,-0.002672080485942611,1.6818594522152066,0.7483863390636392,0.9831952848523335,2.696948460419673,0.7737006612467447,-0.13139585837661294,1.0638626512344935,-1.9101944205789592,1.7495540547236603,0.012833129026714843,0.9556518432973792,0.7094573580926082,0.4164540232873483,2.559494681784592,1.1877891229050377,0.7228335585788823,-0.3874029879467593,0.8583970509423495,0.7459024933033255,1.1471914619452501,-0.7120095563251078,-1.2311912179991418,-3.1346524277489722,2.4282446316944375,1.3393126494006975,-1.3575781118910384,1.7875286180334873,0.19260352739222303,-0.03327956462362562,-1.016109070414749,-2.4095110172795016,0.5080756593820253,1.4635603997783089,0.24719115975847877,0.20851141791651762,-1.2517780048002312,-0.15439464716276793,0.27800508529654727,-0.05027588502664703
0.4387218702191738,-0.8575618949190407,-0.27121794770034235,0.9055048645391033,-0.5250718030033202,0.3670268356781601,0.4808070843732129,1.2598971165842427,-3.6780530841177975e-4,-0.16673702592142173,0.748930380314437,-0.7591888915510417,-0.05871954421224392,-0.2669446164883826,0.8672250351958052,-0.41084059129795514,0.0710738015513839,0.5874195730220384,0.2148034530766183,0.569567499328696,0.7737006612467447,0.32695670002372407,0.018044336369103128,0.09825331490835358,-0.643252852816884,0.650453836003536,-0.17121151107143998,0.38107274192033463,0.2223642770268033,0.18663774779518044,0.7994430490623377,0.40284564526586236,0.02224407215135926,-0.31341613038087524,0.49731157370983187,0.45095877594541506,0.4166296580289615,-0.4381587209526045,-0.4838838628548784,-1.2961083175395947,1.0983052341992714,0.24866833840353805,-0.46804310063248467,0.5257360649978187,-0.0030971327317311907,-0.14855550071285065,-0.17080077555497403,-0.8004394599334984,0.07791161124608215,0.6461239311746194,0.29578021636991053,-0.08669050803597576,-0.5543264249263312,-0.33226540402393184,-0.1860969528023789,0.12979397097791978
-0.3970074170798155,0.05952482310385619,-0.25894443155937424,-0.43540621810066804,0.09020749872017045,-0.5858806620621942,0.07800359758505902,-0.7835556576628782,0.34464417229649985,-0.17617835585510483,0.30826098946356084,0.076118628927362,0.035511441524778836,0.3569369432872062,0.10276348464177681,0.3312767893939717,0.08522882815907847,0.2237107110735273,0.15346118354274096,-0.15757010477248978,-0.13139585837661294,0.018044336369103128,0.2630026779070332,-0.24607822720297462,0.00785086062510729,0.0933125320329559,0.08766146736820098,-0.047869432299637915,-0.09514084464819353,-0.24675910982065982,-0.5453517302528493,-0.0497102435886753,-0.3150010516185095,0.4304138401515527,0.03944738078657738,-0.13170094484355951,0.07339875928940083,0.15935934502839486,0.23836472597983677,-0.1696380452219004,-0.055272045923800986,-0.5091565131770639,-0.18539910338069548,-0.23865939190048255,-0.49746777456876823,0.016509925729665063,0.3591479725731669,0.3088468910921911,0.3649734218638516,0.33495411853783325,-0.012815258039127512,0.008845498192561821,-0.06855823007282362,-0.42486546800384,0.03336313347065483,-0.126198205371302
-0.7844032974441175,-0.18544346340721837,-0.2714087231676555,0.4728540523187441,0.8673710812856923,1.0345098395402679,0.7982186254822419,1.138812758485796,-0.4263944009862844,-0.5100809764115444,-0.34201903928475585,0.21472303155310227,-0.06934312206036104,-0.5015897351995496,-0.34005362375332193,-0.1628888356506857,-0.27433924067501453,0.3316643076790236,0.1847567203011599,-0.2010156211682766,1.0638626512344935,0.09825331490835358,-0.24607822720297462,0.9711279585918047,-0.5635692241035339,0.3584379239172156,0.5050283566972716,0.18110768333438337,0.2469239768979675,0.056950763073237536,1.0188538880101607,0.3486719859424647,0.8338635563126007,0.25830828079320806,-0.23749381418964516,-0.26658625560068033,0.2279794650811893,0.27661430828008754,-0.2696985368326205,-0.23514117901316417,-0.08184811662342945,1.0192231752868033,-0.28212436944824765,0.7393903021567219,0.3828602066220016,0.28185020569530356,-0.8746252925930227,-0.7733213480789071,0.2604175104682862,-0.1240345440589545,-0.3851135641884162,0.393356977122113,-0.019309272188955087,0.8489678441700792,0.720308754794641,-0.301935718386191
-0.39368816240511983,1.6956545054975543,0.7065133743275369,-1.8003592672632869,0.5958113432043965,-0.9939213770720395,-1.239554558976612,-2.677710136343759,0.07453460308587626,0.5751725283551361,-1.3644788312722866,1.2981810337617745,0.11996203918335313,0.6308523081810347,-1.5741566594237328,0.763932254812118,-0.05868934357546519,-1.3219020177642062,-0.5547388711609053,-0.9288678418202335,-1.9101944205789592,-0.643252852816884,0.00785086062510729,-0.5635692241035339,1.4483660253472728,-1.3996841519886951,0.10971994595666873,-0.7762638308200478,-0.5087687762222147,-0.32406389892339194,-1.8201671537376325,-0.8948616566142064,-0.31964171764562815,0.3811412612254215,-0.8351661424846092,-0.7050499200293393,-0.9056234826295396,0.6733479363509765,0.9656084702723082,2.5996905235791745,-2.0626185998224846,-0.7835633064610785,1.0709855416319303,-1.2696218937343282,-0.03378114942977248,0.14276198606794505,0.5892777345187394,1.7763091046123125,-0.3565069666556129,-1.2772659573750527,-0.3722777777907269,-0.022283237602563268,1.073349110239365,0.39561133187781,0.018781212497557286,-0.06364446078729358
0.543102887074742,-1.7580422387128984,-0.7205686858418173,1.764575001637676,-0.8040701191283851,0.7484900156948098,1.16445503930185,2.527454808416414,0.001386919713758811,-0.5167204472311349,1.5527647340934077,-1.4456833359468353,-0.11580859374260279,-0.5251899226254899,1.7417135932171857,-0.7417472299845138,0.11895576696734676,1.3506919348255422,0.5672325063063509,1.0287609596116405,1.7495540547236603,0.650453836003536,0.0933125320329559,0.3584379239172156,-1.3996841519886951,1.4332913093869533,-0.20211627720102412,0.7954622879540622,0.46395479415543744,0.3148039557180423,1.640411158696957,0.8549178734003707,0.0927606695273506,-0.40651260963048347,0.9616746235445104,0.7773821056821165,0.9183462183453759,-0.7413510381510784,-0.9499496236744246,-2.727336610533138,2.2090852577543054,0.540382546708597,-1.1182126838010549,1.1753183286892075,-0.0828859740679886,-0.2293075843642023,-0.39097378539332855,-1.6677193292665238,0.3555790247895458,1.423027624022781,0.5083075272352233,-0.08403948659401622,-1.156992528243838,-0.655997359812075,-0.19130149819652398,0.11153983924036878
-1.8714465669761005,0.8762097732681171,-0.30747106224328674,-1.1058411162653963,1.620127527790398,-0.14024837936133064,0.5000099538045064,-1.3134365898763216,-0.019688803017795194,-0.6069340444119827,-0.8176481297329127,1.1138897718027492,0.010139435987806004,0.27033500266565963,-1.338537060328407,0.7509790674054214,-0.30561735863025574,-0.030661628115863936,0.078648763642804,-1.0085832166107829,0.012833129026714843,-0.17121151107143998,0.08766146736820098,0.5050283566972716,0.10971994595666873,-0.20211627720102412,0.9137603931773555,-0.2776502767603477,-0.13388006517889214,-0.5196625474016275,-0.6009311717314574,-0.1374109737840053,0.4272557111513601,1.2418560393135807,-0.7182290532273101,-0.9649817105179369,-0.12893162484228327,1.010094329030779,0.5770235839599634,0.9802859400871853,-1.4935940984556433,0.07904462946610599,0.027339588536518168,-0.19795697750599048,-0.2914781762229775,0.45284530797537703,-0.28449265665556533,0.5304562085522428,0.6815647698885258,-0.46056976815162676,-0.7080832067481291,0.4852666166062103,0.507639234912421,0.74819650891054,0.9722143682264568,-0.577347913734886
0.7771478641351907,-1.1299335701890705,-0.23091825011171624,1.326755068649689,-0.7548349419467727,0.6381387413264363,0.5459611222347869,1.915328806813425,-0.18058672850516178,-0.10592434060170905,0.8569373643598249,-1.0521893434274703,-0.09216544644059152,-0.4711482769172219,1.0965307258425212,-0.6632662600924415,0.06289899485025496,0.64131961379459,0.21599828646698713,0.825377802362559,0.9556518432973792,0.38107274192033463,-0.047869432299637915,0.18110768333438337,-0.7762638308200478,0.7954622879540622,-0.2776502767603477,0.5189453704493223,0.2982771964397884,0.3589465657821779,1.1903195716362984,0.4989035226684788,0.07013573469351692,-0.594471625524166,0.6588754514092173,0.6324427266356533,0.49092416596563626,-0.6279029840833762,-0.7201207935918728,-1.5870212487713227,1.4690981144424502,0.45855422881690183,-0.5462505988155522,0.7627021058050546,0.21018906436099846,-0.23451949409042638,-0.3058412950635013,-1.098089151225316,-0.07549821395376372,0.7135369236326433,0.4438618888447398,-0.16354819669093323,-0.7036704850581411,-0.31483481360787446,-0.3150330313079194,0.21848934767194444
0.38756814716386134,-0.6648887867681739,-0.14349766194461588,0.8336251458327196,-0.34130039045346355,0.543223874222643,0.36063300897554973,1.2645861972663424,-0.1264671576018922,-0.1012040890294997,0.4312921449746426,-0.5378262863986539,-0.04978594119340411,-0.3505252012612273,0.6146861145239026,-0.42019902101190443,0.019399223936418013,0.39039564986142944,0.14524840353307575,0.4312085092347306,0.7094573580926082,0.2223642770268033,-0.09514084464819353,0.2469239768979675,-0.5087687762222147,0.46395479415543744,-0.13388006517889214,0.2982771964397884,0.21802099518089904,0.22774110980263335,0.8469759458140634,0.3337531576487963,0.18514094819118176,-0.3547359812228931,0.31867859473918486,0.35023854488163864,0.29789502518480837,-0.3522982250097621,-0.4463792781802725,-0.9097510960247986,0.8382193484367104,0.4312145320586283,-0.3157810070996892,0.532662349217816,0.1903771473558695,-0.0801340668533467,-0.29523855305027374,-0.7513531429703946,-0.03732192830158525,0.3698527700514146,0.17305849030236523,-0.022037313800324053,-0.38122286214241075,-0.05565981617441572,-0.07647483379375553,0.09565837339268805
1.3559126591564605,-0.8181123769692126,0.2496730149421158,1.2897746495120375,-0.9938394291372333,0.7483746689490409,-0.04219390957551496,1.8841079534241165,-0.3915156821228804,0.3483467178006079,0.3857299231179335,-0.9299939769138463,-0.0766052211359068,-0.5745328204434634,0.8305387796130912,-0.8162099115466208,0.060012156467081225,0.059544312774990026,-0.08162356341697498,0.8567598704053834,0.4164540232873483,0.18663774779518044,-0.24675910982065982,0.056950763073237536,-0.32406389892339194,0.3148039557180423,-0.5196625474016275,0.3589465657821779,0.22774110980263335,0.5485130845767348,1.109253397638963,0.2667402386566076,0.08053139024448487,-1.0568791268855258,0.5201201658189168,0.7121728057090798,0.1711611308807711,-0.748617989614175,-0.7001072818478663,-0.8389610829506955,1.1840089692759797,0.5354567339611336,-0.07944875002246778,0.5635920772277443,0.6158797689445512,-0.3019822185749597,-0.28911388297630003,-0.8501388197439763,-0.604008432690016,0.17346353064635522,0.4917292138086311,-0.28791507582945103,-0.4209171801760886,-0.07055354263174256,-0.5540882046339793,0.4113265857216479
1.9581599374420935,-2.5330883981555457,-0.23002982829235263,3.5221387301701443,-1.4768301149284624,2.45442182537668,1.233169913175968,5.424244910297918,-0.9011699487736099,-0.1314709576727468,1.3234998015336699,-2.216482221946028,-0.24351231472894252,-1.6195866400207524,2.1579467426090098,-1.8963566549967248,-0.027042288728546394,1.1697196319742473,0.33548507739949623,1.8651167898575614,2.559494681784592,0.7994430490623377,-0.5453517302528493,1.0188538880101607,-1.8201671537376325,1.640411158696957,-0.6009311717314574,1.1903195716362984,0.8469759458140634,1.109253397638963,3.5652336747543214,1.2318681646768879,0.8373416686959655,-1.779045246186647,1.2433770333434793,1.4535017506140109,1.010192953287897,-1.4832760788805706,-1.909147995939017,-3.2056875585831084,3.1920581464401123,1.965320530677412,-0.9886182796338702,2.1552623565579245,1.208242453315229,-0.4081180879763586,-1.3674399459814672,-2.986700915540503,-0.5656458205932335,1.0484386987678431,0.7994587493366228,-0.20925503520237382,-1.3910800399781857,0.12525435556119413,-0.47223890284011155,0.5318418973787075
0.4170137709111803,-1.1010967028779655,-0.37434740145592144,1.2349585739628386,-0.48035893220999537,0.7033444940071801,0.7154065202213362,1.8349916638208148,-0.09400829911149233,-0.28791796397194025,0.8401646167774056,-0.8753095659360142,-0.07921402878626384,-0.45537180202874183,1.0312506879286083,-0.5635772554269652,0.04259630096828762,0.7774991887508336,0.3110816440093612,0.6550919834745544,1.1877891229050377,0.40284564526586236,-0.0497102435886753,0.3486719859424647,-0.8948616566142064,0.8549178734003707,-0.1374109737840053,0.4989035226684788,0.3337531576487963,0.2667402386566076,1.2318681646768879,0.5643543415393162,0.21641248555343365,-0.37476916286199496,0.5499065664999264,0.5120860447746993,0.5517450664472376,-0.49939731084092454,-0.6617811411173298,-1.6269828734949126,1.3622950023302196,0.54992333583599,-0.6285039136333757,0.8232961284251301,0.1115325664692747,-0.11788859547955258,-0.3967445407621255,-1.1662606647431772,0.12143081598860822,0.7603077797392912,0.2732052566316741,-0.01784510503742887,-0.6780775876169973,-0.22593533241709216,-0.07695358546147921,0.09503676624044799
-0.5856121283745256,0.046492667714855974,-0.04241613060868661,0.33177298749441214,0.7846620663780762,0.979041731995235,0.5168539262073456,0.8985861758802425,-0.46073659083541,-0.30838157876621347,-0.5873054093975822,0.32369899348900477,-0.060710783405474485,-0.4733312850410761,-0.5615641456471121,-0.1571223502626137,-0.2807158143093259,0.032427702931611783,0.009464893507043059,-0.2302593729550702,0.7228335585788823,0.02224407215135926,-0.3150010516185095,0.8338635563126007,-0.31964171764562815,0.0927606695273506,0.4272557111513601,0.07013573469351692,0.18514094819118176,0.08053139024448487,0.8373416686959655,0.21641248555343365,0.8102984342256541,0.12094671062520977,-0.32779881028206237,-0.2630198353397904,0.054779387840212954,0.25984112947736815,-0.1897064075632221,0.19236012711058093,-0.34655975782245474,0.9628659130490685,-0.01150621586609825,0.5340312349234168,0.4862550991506632,0.25757502738891663,-0.821774252165476,-0.5524984444610145,0.050964127864852375,-0.40907213506690066,-0.3814980065313441,0.33676573204068533,0.15406591909149756,0.9530299419959275,0.6113970379229896,-0.2020350783692198
-2.9928289553528726,1.4800296760080032,-0.6408287844363307,-2.3206794462336466,2.2854924026932544,-1.1014877275969746,0.4629991218194823,-3.215636970491982,0.5752817805822207,-0.9165847285212828,-0.8262173511163263,1.8384565849207912,0.11273740482740364,0.9390270840390514,-1.7285558002665575,1.5397893856092002,-0.23209810473283285,0.06869708374454067,0.25943943537619424,-1.7226104830805031,-0.3874029879467593,-0.31341613038087524,0.4304138401515527,0.25830828079320806,0.3811412612254215,-0.40651260963048347,1.2418560393135807,-0.594471625524166,-0.3547359812228931,-1.0568791268855258,-1.779045246186647,-0.37476916286199496,0.12094671062520977,2.2097701908522485,-1.060817856248464,-1.505390384054412,-0.21248429769387855,1.5867827210763343,1.2475736356489977,1.4547135517081828,-2.2928841994232263,-0.6862456927868125,-0.024449178284869866,-0.7858646239389355,-1.0828961880321069,0.6785551267957027,0.2387587783577567,1.3521967576643903,1.3243484069958422,-0.3198889455316885,-1.069878155095778,0.693751514679701,0.7631057915545754,0.42049960362446126,1.3498571201333114,-0.9374814125671813
1.6141403481768117,-1.5782311312238546,-0.1801820083224138,1.7266057135336186,-1.6054848872026999,0.41868861381698325,0.3332160816703651,2.254221639756886,-0.02542232226528355,0.14048382335892,1.4481449901889536,-1.655301079116187,-0.09001199550959005,-0.4434281091175201,1.8446017111410404,-0.9145479589046857,0.2569313412552922,0.7586151122376049,0.22641109331137085,1.3243129241726517,0.8583970509423495,0.49731157370983187,0.03944738078657738,-0.23749381418964516,-0.8351661424846092,0.9616746235445104,-0.7182290532273101,0.6588754514092173,0.31867859473918486,0.5201201658189168,1.2433770333434793,0.5499065664999264,-0.32779881028206237,-1.060817856248464,1.0891337194862107,1.0972582683555843,0.596404362166586,-1.1008413116414884,-0.9261130292402852,-2.208823671975281,2.2433543799990914,0.1561685663787151,-0.644289113953221,0.7430546927987487,0.12878151589075532,-0.49035073830114834,0.01769548040702814,-1.2284226549541464,-0.2767505085994625,1.115865852215741,0.8493409344367592,-0.44406041441032784,-1.0210383149800393,-0.9221535689277938,-0.8518378688747419,0.48887438347206763
2.1619303875512292,-1.5960650320959626,0.0926789656726541,1.9665061104692236,-1.9240363143696688,0.6529591354108785,0.01978481145719463,2.6064608493405155,-0.13438679863886818,0.42221364671703243,1.3132826856906774,-1.7362490279240685,-0.08423613628499547,-0.6081477489116024,1.9274320139918693,-1.150683761030242,0.2904962617622779,0.5087044077750461,0.081194983497391085,1.4816081842685556,0.7459024933033255,0.45095877594541506,-0.13170094484355951,-0.26658625560068033,-0.7050499200293393,0.7773821056821165,-0.9649817105179369,0.6324427266356533,0.35023854488163864,0.7121728057090798,1.4535017506140109,0.5120860447746993,-0.2630198353397904,-1.505390384054412,1.0972582683555843,1.2969719345601203,0.4841272482322982,-1.330919817031116,-1.0462530912261394,-2.0278994005378568,2.353360170407473,0.32734723793941334,-0.42053744889350386,0.7573641901315437,0.4241891019754299,-0.552684818530662,-0.03731731385845195,-1.3121710335934609,-0.638273139564648,0.9014996645210084,0.9217747675248225,-0.5224679748711155,-0.954582380183862,-0.8201628605240044,-1.042517781123665,0.6627255445204752
