V1,V2,V3,V4,V5,V6,V7,V8,V9,V10,V11,V12,V13,V14,V15,V16,V17,V18,V19,V20,V21,V22,V23,V24,V25,V26,V27,V28,V29,V30,V31,V32,V33,V34,V35,V36,V37,V38,V39,V40,V41,V42,V43,V44,V45,V46,V47,V48,V49,V50,V51,V52,V53,V54,V55,V56
26.12032160992151,-101.3935771002172,182.42221058522207,-1224.5272325403664,917.1581169814567,441.1758009319665,301.66142755939364,167.43942306992815,-77.88805609948534,467.62945862585894,-245.9759497954442,-391.65152516452844,-485.555085520608,-17.387570948802427,-530.3177122059474,-667.9474273211694,188.41475574378066,198.80549037690986,-24.179217299018994,1423.87354298748,264.53368380854704,112.78634977158293,729.1467185167852,-351.06225907939364,73.74755315613508,-195.00710728850265,840.4133177698511,275.1915379954547,-514.0458673564449,-618.9879378896338,47.99304730840338,779.1641717187684,-987.5263797379241,19.195846449647103,733.7490786592036,200.33550894065075,327.2140179613197,163.9821295785606,-182.27199469249595,811.1770045774435,-129.69025663369487,15.485041440671624,-483.58917963622633,-216.44722374772624,316.9387497530952,-209.09580109793166,378.28055500490836,38.02425047273291,354.40205769759604,284.3716194225206,126.97986077883101,179.38409249749913,-57.44483466752326,-755.1373107221484,162.02023146188662,-558.8700710292853
-101.3935771002172,398.81895484841044,-722.41132954864,4844.07905249174,-3626.7496841185407,-1746.6297129980258,-1191.7053372066862,-662.827267814995,308.59848194535664,-1848.0596838828042,974.6106217184903,1549.6958753055733,1920.5538666615,67.1437220489324,2098.4178543458233,2641.6460043581606,-743.4873820241004,-784.2061649775109,95.83000651582714,-5630.67426414779,-1046.9266248832564,-444.8870993100701,-2885.9397264535637,1389.216263006982,-292.9757272684541,772.4711311917883,-3323.90769012684,-1088.5586616432436,2034.0399835459389,2447.6425629095293,-189.62970083823882,-3081.3135010226847,3906.6062682665697,-75.76453946798759,-2902.6286658445874,-793.5380280983258,-1293.5539802281405,-649.9476562181843,718.7114118629356,-3207.620793347161,511.1499310351799,-61.408307332175255,1912.369557386749,859.0653259594616,-1255.0442578988882,828.7574988148203,-1495.3197513883185,-151.91699800141993,-1402.5476448558707,-1123.1063652231146,-500.76843982943745,-709.9606994489874,228.0794534829487,2987.3821012254652,-642.034292627071,2208.966027599484
182.42221058522207,-722.41132954864,1313.8471961599812,-8803.62118571232,6589.925745403031,3175.790916186578,2164.1490026379574,1205.3082839066053,-561.6603352345886,3356.6503805720436,-1772.7802801507185,-2817.2446898737603,-3490.322796811198,-120.33940853533912,-3814.3034314595516,-4800.2193472756835,1349.1590861581788,1423.1044543125076,-174.2912370071438,10231.620573674045,1902.9699164397641,807.0795828042983,5246.50471302489,-2525.609761172308,533.8372882281171,-1404.995525948155,6040.451516917376,1978.3336131140034,-3697.4001742904957,-4447.444540840047,344.2510133042596,5599.1569989101135,-7100.31817758361,137.60879066703816,5275.622830550478,1443.3965533302023,2350.2803689684606,1182.7725880486094,-1303.9848916121396,5828.183008143728,-927.1855114146767,111.89647957623056,-3474.7540801615505,-1564.1457833702325,2282.0050258154465,-1507.8644206316803,2716.5488786531787,277.6801734623949,2549.5382652296994,2039.477493996183,908.4458875406795,1290.7005460964103,-415.30675015788273,-5429.645845159685,1168.0365217478923,-4012.6003370505414
-1224.5272325403664,4844.07905249174,-8803.62118571232,58998.459478937584,-44164.53905456918,-21281.3516075073,-14505.28022438036,-8076.44101340652,3762.6325217620893,-22497.511782087797,11878.777855788127,18878.588279636766,23390.694608287922,808.4589135363274,25561.058773894973,32170.003843239818,-9044.183082823447,-9539.345544694952,1168.043422878445,-68569.4179590134,-12752.802373960509,-5410.463329111647,-35158.04833112972,16924.16000639888,-3575.79645250802,9414.275139011419,-40481.10531017297,-13258.011443967243,24777.676971214114,29806.0980345881,-2307.671407972882,-37524.12056259729,47582.68992041015,-922.2947105933206,-35354.38912514359,-9671.559708126468,-15751.004063055856,-7924.336978461513,8741.16950035328,-39059.522731583405,6215.436022525504,-749.548252288711,23287.44329192485,10479.095796262232,-15292.17228985307,10103.078962521517,-18206.359591536297,-1859.155805552065,-17085.38697554989,-13669.382618304013,-6090.0166344872205,-8649.166735864612,2782.259970056615,36386.634569915674,-7826.214330042376,26893.513248220774
917.1581169814567,-3626.7496841185407,6589.925745403031,-44164.53905456918,33060.66933043136,15930.22832280815,10858.666464753625,6045.661556724297,-2816.4604637094017,16841.476773982413,-8891.695234567063,-14131.852384827716,-17509.657185637196,-605.6263710037524,-19134.12156602338,-24081.713859752384,6770.712986598442,7141.471139203759,-874.3156931040637,51329.60209777965,9546.261489782086,4050.464512654845,26317.89030648527,-12668.80373245572,2676.4039987357446,-7046.975217115424,30303.150663017866,9924.578811336492,-18547.69963184063,-22312.242734743963,1727.5202969663817,28089.72284154515,-35618.992293173076,690.4448972374521,26465.257347394745,7239.567526456395,11790.96988726572,5931.586512298606,-6544.003377515517,29239.178220403075,-4653.196001494544,561.0433783119139,-17432.483793730342,-7843.59186372561,11446.943149648427,-7562.444651590841,13629.047755968577,1391.306800683415,12789.473869872338,10232.987580369912,4559.225432358805,6474.423671473781,-2082.499806919373,-27237.93467002559,5858.181457598037,-20132.199541107046
441.1758009319665,-1746.6297129980258,3175.790916186578,-21281.3516075073,15930.22832280815,7676.851132161137,5231.771593498875,2913.4096460373985,-1357.3779867429564,8114.563209609443,-4285.219978178065,-6809.865724364945,-8437.213794012652,-291.1634164501444,-9220.279318267058,-11603.849317981218,3261.8090125379354,3440.3395833968307,-421.3954654889475,24733.14967369697,4600.157426488154,1951.193080943264,12682.280716146352,-6104.8818168757425,1290.181378087841,-3396.088749550165,14601.848069906944,4782.300867219924,-8937.798363923208,-10751.144261453746,832.3210508011819,13535.085876636478,-17163.662572203204,332.67287709441024,12752.776240022657,3488.9665529513522,5681.319583639085,2858.775423664517,-3152.4090644816083,14088.729395355094,-2241.439396249817,270.4758536070345,-8399.805316471718,-3780.7459202650807,5516.392521103959,-3644.729326366177,6566.921866704517,671.0872547334694,6163.021259267058,4930.1839968309105,2196.2809566858123,3119.938528541689,-1003.7861307577253,-13125.096517110384,2823.308833749468,-9700.303608498843
301.66142755939364,-1191.7053372066862,2164.1490026379574,-14505.28022438036,10858.666464753625,5231.771593498875,3566.7973920053714,1985.448081302649,-924.811768071015,5531.854904320435,-2920.0031278231054,-4641.215015430993,-5750.836049937475,-199.31208230914652,-6284.187570327957,-7909.489686172262,2224.2593192678723,2346.018915818137,-287.14926851044885,16858.865833366708,3135.2765022452527,1330.6441396401738,8643.379692717122,-4160.680508883469,878.6943769159609,-2314.2002093294805,9952.806676359847,3259.609816566129,-6091.618567456084,-7328.40943219878,567.4801660062791,9225.895740322649,-11698.500675979047,226.80544818037893,8692.093501982077,2377.467376991318,3872.7144923916394,1947.774179216123,-2149.8127164734215,9603.494954907,-1528.67864226943,184.22711356800536,-5725.6534112241125,-2575.4763099759975,3759.3686105126435,-2483.383184620205,4476.529236346239,456.61347479064347,4200.4038303759835,3361.2622887324073,1497.8047719378144,2126.3333853257927,-683.7629059944802,-8945.846617353081,1923.7534600359397,-6612.681345060807
167.43942306992815,-662.827267814995,1205.3082839066053,-8076.44101340652,6045.661556724297,2913.4096460373985,1985.448081302649,1105.7536675117503,-515.2834733682962,3079.444114067137,-1626.2834700955896,-2584.567979602577,-3202.046941622109,-110.45934069316094,-3499.2335695584507,-4403.7469708088875,1237.7699050188571,1305.657695140208,-159.87667785484956,9386.620299742079,1745.7528478752747,740.4582907767345,4813.094076342841,-2317.016300694926,489.7079732142505,-1288.914573062708,5541.549003052778,1814.9282823631352,-3391.9782062314034,-4080.1252087185644,315.80926220741094,5136.719016775859,-6513.8587868427085,126.25086856281749,4839.884190013803,1324.1426802965102,2156.2096328690373,1085.0543549674055,-1196.3799316184957,5346.839612904187,-850.6913357244326,102.65077609882134,-3187.756466669041,-1434.830407098488,2093.4383936947097,-1383.2603335136828,2492.2129874637776,254.6821366586782,2338.9226921124164,1871.1109097076703,833.4621384670639,1184.08453053547,-380.9720309183367,-4981.174281261114,1071.5234691620062,-3681.2076148826186
-77.88805609948534,308.59848194535664,-561.6603352345886,3762.6325217620893,-2816.4604637094017,-1357.3779867429564,-924.811768071015,-515.2834733682962,240.26067554161082,-1434.4099151323649,757.7627588965729,1204.3170571725864,1491.812271735594,51.305265207789915,1630.3223757134313,2051.5528654212153,-576.3968428626752,-608.1521613650925,74.44649120778969,-4373.099465813283,-813.2842561566288,-344.8277167056396,-2242.4902699653103,1079.6673581406478,-228.3122874125056,600.6236595600107,-2581.686799451841,-845.5407883214484,1580.310752995749,1900.7582800342466,-147.03997636016575,-2393.0719740545824,3034.8037185307435,-58.810639884342734,-2254.923672850569,-617.0242474337454,-1004.5889000081772,-505.73454610282926,557.2302425978359,-2490.9342678080843,396.2418225578532,-47.84611753326157,1485.0146164084872,668.661663281405,-975.2862271032558,644.6019866942146,-1161.0080003106377,-118.7596014697641,-1089.6969012878226,-871.660419110637,-388.13437196696987,-551.7100059624828,177.56800513072406,2320.738617311587,-499.3364194452119,1714.7239871953586
467.62945862585894,-1848.0596838828042,3356.6503805720436,-22497.511782087797,16841.476773982413,8114.563209609443,5531.854904320435,3079.444114067137,-1434.4099151323649,8579.628402822509,-4529.084614364115,-7198.476327827717,-8919.435183967942,-308.932880756942,-9746.7631838409,-12267.445948949635,3449.581860900925,3638.3602362557126,-445.38364578049493,26147.628972994913,4862.849244077375,2063.680645024858,13405.962357589653,-6453.193768859956,1362.9862417680047,-3589.429063468348,15436.566557336844,5055.599889384777,-9448.059149875553,-11366.131819803166,880.1389352223823,14309.12263621435,-18144.202229357175,351.7368580513325,13481.29279422175,3687.527365900808,6006.413394726193,3021.103947568639,-3334.0345806755995,14894.769614002062,-2370.729000125819,285.7285788149736,-8880.354043833799,-3994.863483956944,5830.899043430448,-3851.8885190641454,6942.900378051727,708.3657630252816,6514.850475107931,5213.043601891993,2322.8986203056784,3297.9546137871016,-1060.6211391565273,-13874.901449026554,2983.84641045696,-10255.951464652295
-245.9759497954442,974.6106217184903,-1772.7802801507185,11878.777855788127,-8891.695234567063,-4285.219978178065,-2920.0031278231054,-1626.2834700955896,757.7627588965729,-4529.084614364115,2392.1443832703785,3801.1975151325732,4709.441693477376,162.27535614851138,5146.655907999583,6476.919440632627,-1820.372173271669,-1919.9985535636376,235.21842971945836,-13805.264196012713,-2567.77224425616,-1088.9407877842389,-7079.2102522537225,3407.7112637841265,-720.3458292573937,1895.8023180611408,-8150.312916115754,-2669.360783298412,4988.930808082786,6000.882127582372,-464.5384845538654,-7554.854596916438,9580.392034179327,-185.6516828003963,-7118.319778172181,-1947.609698625458,-3171.0897305662747,-1595.908699771774,1759.2658842527562,-7863.876739886558,1250.8688776460249,-150.97323717066678,4688.4935221598425,2110.7194719250133,-3079.288738612903,2034.6523646015569,-3665.3517411593657,-374.78024631059037,-3440.151360790544,-2751.675183873538,-1225.6889070889358,-1741.5414050837499,560.431109165164,7326.180444029013,-1576.079913035445,5414.1703174825325
-391.65152516452844,1549.6958753055733,-2817.2446898737603,18878.588279636766,-14131.852384827716,-6809.865724364945,-4641.215015430993,-2584.567979602577,1204.3170571725864,-7198.476327827717,3801.1975151325732,6041.24370172017,7484.747545769294,258.44918982784503,8179.307851684937,10293.808023499505,-2893.5956999854643,-3052.2588963684393,373.7069009286763,-21941.288641251173,-4080.641351504738,-1731.0207426334653,-11250.302850307022,5415.838966806327,-1144.470914195153,3012.6410565971273,-12953.370232047215,-4242.376496716253,7928.614691871913,9537.387711108082,-738.2693662748395,-12007.128763727686,15225.986055865125,-295.12881561397694,-11313.102995242656,-3094.9869643057473,-5040.177674446628,-2536.0513277181035,2796.838673405187,-12498.340119283546,1988.7214028712087,-239.91234279376218,7451.460243283597,3353.4927713542997,-4893.251924169899,3233.0998115690772,-5825.665530247877,-595.0986566132259,-5467.122321914212,-4373.919638595604,-1948.4529330041403,-2767.7128740269022,890.3912169803697,11643.36055462773,-2504.487869020573,8605.10607101414
-485.555085520608,1920.5538666615,-3490.322796811198,23390.694608287922,-17509.657185637196,-8437.213794012652,-5750.836049937475,-3202.046941622109,1491.812271735594,-8919.435183967942,4709.441693477376,7484.747545769294,9273.58360164996,320.55945118492986,10134.024691835792,12754.228334303984,-3585.684398478911,-3782.090096653311,463.0560246019867,-27185.40445027904,-5055.966783120813,-2145.065854551729,-13938.841340313378,6709.880743788349,-1417.6691255868516,3732.4098068324156,-16049.304023237932,-5256.3170185859735,9823.425962430216,11817.040645160218,-914.8762376968899,-14876.98037743392,18864.83702463189,-365.6656974090597,-14016.768651035398,-3834.4124702639688,-6244.777470098082,-3141.7359294751836,3465.6433595372373,-15485.714592888251,2464.2814229923456,-297.17223038823363,9232.603636270374,4154.481251234538,-6062.68949081828,4005.4701238144166,-7218.193094107471,-737.039513112751,-6773.702355491249,-5419.504761217844,-2414.492228016881,-3429.0849300222058,1103.0439570051199,14425.99830070185,-3102.7958157231255,10662.27466441411
-17.387570948802427,67.1437220489324,-120.33940853533912,808.4589135363274,-605.6263710037524,-291.1634164501444,-199.31208230914652,-110.45934069316094,51.305265207789915,-308.932880756942,162.27535614851138,258.44918982784503,320.55945118492986,11.627365531213615,350.0528239647271,441.0509402452163,-124.59844001015816,-131.41402983160475,15.970199779723254,-940.1232085764058,-174.64361191196716,-74.59170574806069,-481.24668135724295,231.6513354964712,-48.553547737933,128.63417982857462,-554.8793712063009,-181.68546723842277,339.32091122940506,408.7465581235144,-31.739289855900438,-514.4681673936154,651.9080985887692,-12.680729706660859,-484.3676728289187,-132.1499795392691,-216.04462467480528,-108.09526791655519,120.50758534179467,-535.6420471829344,85.74735314613687,-10.199204107389205,319.3508024993645,142.6728917377706,-209.19127019840187,137.8961698664789,-249.82564677067774,-24.979387117372386,-233.93775836014544,-187.85429429186783,-83.98142978201646,-118.38455210919022,37.853647628134006,498.49232553544897,-106.85387845390788,369.1821185163963
-530.3177122059474,2098.4178543458233,-3814.3034314595516,25561.058773894973,-19134.12156602338,-9220.279318267058,-6284.187570327957,-3499.2335695584507,1630.3223757134313,-9746.7631838409,5146.655907999583,8179.307851684937,10134.024691835792,350.0528239647271,11074.427441712318,13937.56266800887,-3918.098464262968,-4132.683765866887,506.039776110038,-29707.595360192478,-5525.166237759249,-2343.9132008386055,-15232.430895673924,7332.559000325248,-1549.405099164405,4078.9012768601424,-17538.37177578261,-5744.026139371549,10734.987214604096,12913.354263668727,-999.7259491494209,-16257.237661073468,20615.272699962767,-399.5634324889664,-15317.352811899951,-4190.3527967617865,-6824.0971071449285,-3433.449022960547,3786.8598991527133,-16922.420570132977,2692.6604092044895,-324.75985301943086,10089.176744111212,4540.383612184261,-6625.412539425984,4377.375103080082,-7887.784729478028,-805.6439097631207,-7402.306911192637,-5922.100495775132,-2638.2927900804216,-3747.31787208856,1205.5265282397827,15764.583171088936,-3390.8679783217926,11651.296955622835
-667.9474273211694,2641.6460043581606,-4800.2193472756835,32170.003843239818,-24081.713859752384,-11603.849317981218,-7909.489686172262,-4403.7469708088875,2051.5528654212153,-12267.445948949635,6476.919440632627,10293.808023499505,12754.228334303984,441.0509402452163,13937.56266800887,17541.38664905146,-4931.77260246743,-5201.792418660336,636.8736278847647,-37388.98054238411,-6953.657599320184,-2950.3496691285523,-19170.369505213275,9228.116970013378,-1949.5908914786178,5133.1676673356405,-22073.13106722207,-7229.1787109784045,13510.387681604972,16252.445317106542,-1258.344935539003,-20460.838691791792,25945.293862712308,-502.90895475282827,-19277.594982495266,-5273.436786776088,-8588.623402431647,-4320.69572646993,4766.583621496286,-21298.119222470606,3389.328669805644,-408.6643111520756,12698.012320490323,5713.531575066546,-8338.18321992466,5508.670525354518,-9927.497339804046,-1013.5230903186273,-9316.05100466013,-7453.716486212868,-3320.9135768545016,-4716.06718446016,1516.9752322274169,19840.4469603248,-4267.2321905673725,14664.435246213667
188.41475574378066,-743.4873820241004,1349.1590861581788,-9044.183082823447,6770.712986598442,3261.8090125379354,2224.2593192678723,1237.7699050188571,-576.3968428626752,3449.581860900925,-1820.372173271669,-2893.5956999854643,-3585.684398478911,-124.59844001015816,-3918.098464262968,-4931.77260246743,1387.281181254251,1463.131180746722,-179.0451696726459,10511.830334445509,1954.8477346543737,829.9490100063224,5388.903461962193,-2593.9760726663267,547.5833658069863,-1442.684429220915,6205.729043030019,2032.3967276678513,-3798.046246198415,-4569.508064410583,353.93448866966935,5752.554697193762,-7293.982263514234,141.43269504301384,5419.47586884511,1482.1257734455132,2414.72520241578,1214.1036835576865,-1340.8144101845721,5988.076866783432,-953.4360348515287,114.81527194656148,-3570.1606811702463,-1605.3159106484577,2343.852463769221,-1548.078856075309,2791.3378581315997,284.4212655016755,2618.889265011371,2096.036313198955,934.2166101540502,1325.688873007979,-426.1730022923257,-5577.697477204984,1199.2308354243064,-4123.504778894273
198.80549037690986,-784.2061649775109,1423.1044543125076,-9539.345544694952,7141.471139203759,3440.3395833968307,2346.018915818137,1305.657695140208,-608.1521613650925,3638.3602362557126,-1919.9985535636376,-3052.2588963684393,-3782.090096653311,-131.41402983160475,-4132.683765866887,-5201.792418660336,1463.131180746722,1543.3399407802624,-188.78175520712082,11087.681209420412,2061.7916603549866,875.3646718779378,5683.989125527397,-2736.2204902737853,577.6318560855376,-1521.733803238192,6545.571458585854,2143.6850211963456,-4006.007267606286,-4819.700879119574,373.2264660470066,6067.601688579585,-7693.496017126695,149.1882460673835,5716.352864947863,1563.3239006914457,2547.1042817363223,1280.7226011295963,-1414.3219101536715,6316.018902748376,-1005.7577367587295,121.1150050999782,-3765.586071293463,-1693.1399354906232,2472.0303738773036,-1632.8664618485193,2944.217442844513,299.95865317160127,2762.26141781669,2210.943733955708,985.3447099615313,1398.320021847326,-449.5110481431762,-5883.207692071203,1264.9338057253601,-4349.1428296289205
-24.179217299018994,95.83000651582714,-174.2912370071438,1168.043422878445,-874.3156931040637,-421.3954654889475,-287.14926851044885,-159.87667785484956,74.44649120778969,-445.38364578049493,235.21842971945836,373.7069009286763,463.0560246019867,15.970199779723254,506.039776110038,636.8736278847647,-179.0451696726459,-188.78175520712082,23.157593064861896,-1357.3756733560401,-252.50231326989547,-107.0727637052266,-696.06898875652,335.01123272986143,-70.80252206248502,186.37569789909256,-801.4255761365217,-262.4798144823435,490.5807182469844,590.0886205345888,-45.703813300158984,-742.8491219560257,942.0072382940313,-18.26542285908238,-699.9164768762697,-191.49932974437652,-311.76302499933536,-156.8781608931638,172.98069955142023,-773.2040181916994,122.96675206499101,-14.860967392621129,461.02716667575476,207.56474247154745,-302.8274427834668,200.0455761460622,-360.40673129668465,-36.87191396538203,-338.26569523161527,-270.53553821036553,-120.53318232021975,-171.22641673140438,55.08751358793291,720.3440216216846,-154.95467625145875,532.449760212927
1423.87354298748,-5630.67426414779,10231.620573674045,-68569.4179590134,51329.60209777965,24733.14967369697,16858.865833366708,9386.620299742079,-4373.099465813283,26147.628972994913,-13805.264196012713,-21941.288641251173,-27185.40445027904,-940.1232085764058,-29707.595360192478,-37388.98054238411,10511.830334445509,11087.681209420412,-1357.3756733560401,79694.05964772045,14821.386161076996,6288.586202628572,40861.10609603948,-19669.77601458563,4155.561491182097,-10941.260118446839,47048.369050211346,15408.806635060535,-28797.00756890292,-34641.6591727476,2682.006576625944,43611.84650649097,-55301.88189842126,1071.957276759833,41089.86477139738,11240.224092847759,18306.677964473165,9209.615562696397,-10160.041830735961,45396.49741782405,-7224.483968468153,871.0706811871329,-27065.40325839864,-12178.048734931072,17772.34480301748,-11741.570715318136,21160.282037060137,2160.2020182921583,19856.857886417634,15887.648327025096,7078.44276517864,10052.222854616828,-3233.3736524816823,-42289.522280468635,9095.516374571824,-31256.68790845322
264.53368380854704,-1046.9266248832564,1902.9699164397641,-12752.802373960509,9546.261489782086,4600.157426488154,3135.2765022452527,1745.7528478752747,-813.2842561566288,4862.849244077375,-2567.77224425616,-4080.641351504738,-5055.966783120813,-174.64361191196716,-5525.166237759249,-6953.657599320184,1954.8477346543737,2061.7916603549866,-252.50231326989547,14821.386161076996,2756.6451217158633,1169.4346071005953,7599.675656915209,-3658.1990089455917,772.9879295761075,-2035.0022542606557,8750.097917021878,2865.7695210588467,-5355.821395293144,-6442.646077244126,498.82667475772416,8110.923938122865,-10285.16675370672,199.33272966879167,7641.9555532661125,2090.5975642537865,3404.548892701041,1712.9182580833588,-1889.2555519348875,8442.81385453762,-1343.3387370513071,162.0075450773832,-5033.669846828161,-2265.3024202971624,3305.603700485913,-2183.9284835766284,3935.301170581298,401.96050500970415,3693.133891678768,2954.537862430498,1316.292231415862,1869.5682432666747,-601.4635187806433,-7865.115256229691,1691.7340467593292,-5813.056895604909
112.78634977158293,-444.8870993100701,807.0795828042983,-5410.463329111647,4050.464512654845,1951.193080943264,1330.6441396401738,740.4582907767345,-344.8277167056396,2063.680645024858,-1088.9407877842389,-1731.0207426334653,-2145.065854551729,-74.59170574806069,-2343.9132008386055,-2950.3496691285523,829.9490100063224,875.3646718779378,-107.0727637052266,6288.586202628572,1169.4346071005953,496.5801487736604,3223.7507768502983,-1551.79363939766,327.54516818012945,-863.0520709312528,3712.4071816582004,1215.8246205109676,-2272.0109896513977,-2733.59280003323,211.73326090440636,3441.3686835517583,-4363.428709203867,84.58734800934978,3242.0462880318496,886.5874704472674,1444.6126664455899,726.2728000453858,-802.1898392806512,3582.3507755413752,-570.4673594053219,68.63514256247119,-2135.8010485976947,-960.1991543312547,1402.0802150859543,-926.0542892131672,1669.893454357543,170.0488043904385,1566.6758837853624,1253.9947496043735,558.9350261168963,793.0609438314799,-254.9479087564802,-3336.733228088002,717.3797809537355,-2466.7812533586703
729.1467185167852,-2885.9397264535637,5246.50471302489,-35158.04833112972,26317.89030648527,12682.280716146352,8643.379692717122,4813.094076342841,-2242.4902699653103,13405.962357589653,-7079.2102522537225,-11250.302850307022,-13938.841340313378,-481.24668135724295,-15232.430895673924,-19170.369505213275,5388.903461962193,5683.989125527397,-696.06898875652,40861.10609603948,7599.675656915209,3223.7507768502983,20951.713239550238,-10085.648164659331,2131.3087050651616,-5610.4789000123465,24123.1284636244,7900.6336831554345,-14765.567027210054,-17761.58466623593,1375.0478945686605,22360.93182193727,-28355.360427717227,549.5624613532017,21068.309883049307,5763.78871075977,9386.092776156194,4722.724392505971,-5208.312649464781,23275.79419946164,-3703.347401840076,446.724507245961,-13877.09729955076,-6245.504803237672,9113.140465773391,-6021.102680934065,10849.119629269659,1108.3532159536935,10181.609849211101,8145.3003913747325,3628.6245460761756,5154.306032632854,-1658.258292653232,-21683.466205260134,4664.136813664151,-16025.571077528377
-351.06225907939364,1389.216263006982,-2525.609761172308,16924.16000639888,-12668.80373245572,-6104.8818168757425,-4160.680508883469,-2317.016300694926,1079.6673581406478,-6453.193768859956,3407.7112637841265,5415.838966806327,6709.880743788349,231.6513354964712,7332.559000325248,9228.116970013378,-2593.9760726663267,-2736.2204902737853,335.01123272986143,-19669.77601458563,-3658.1990089455917,-1551.79363939766,-10085.648164659331,4855.186311198181,-1026.0243782991124,2700.7931916577572,-11612.331753544755,-3803.175734723988,7107.792094148708,8549.982954606616,-661.8278491841278,-10764.059488099869,13649.702010720675,-264.5634670748131,-10141.90089571407,-2774.5958898618824,-4518.382681796577,-2273.543190603257,2507.239061981681,-11204.431484323384,1782.8046623998214,-215.06622478870847,6680.026135438015,3006.3724635528224,-4386.689082297402,2898.4326019086716,-5222.533027247739,-533.511923278291,-4901.148349299372,-3921.073901693733,-1746.700619161413,-2481.195779392603,798.2416734822787,10437.98201334931,-2245.2390062905297,7714.181048643007
73.74755315613508,-292.9757272684541,533.8372882281171,-3575.79645250802,2676.4039987357446,1290.181378087841,878.6943769159609,489.7079732142505,-228.3122874125056,1362.9862417680047,-720.3458292573937,-1144.470914195153,-1417.6691255868516,-48.553547737933,-1549.405099164405,-1949.5908914786178,547.5833658069863,577.6318560855376,-70.80252206248502,4155.561491182097,772.9879295761075,327.54516818012945,2131.3087050651616,-1026.0243782991124,217.1043575950078,-570.9010484182734,2453.3843766013624,803.542380762449,-1501.9099748384986,-1806.2502724660799,139.74337679927632,2274.08223857964,-2884.056323357612,55.86894536716814,2142.897571532834,586.5007201179124,954.5258121275949,480.7237206768422,-529.2295549588844,2367.029805989072,-376.27668537338207,45.492389258221394,-1411.2046470658568,-635.847712603561,927.078227231919,-612.7823417185314,1103.1957457534174,113.07282437738787,1035.662064920183,828.0849684112692,368.6712518190366,524.3362716988842,-168.84884913740322,-2205.4665706004025,474.66217551854,-1629.4018927526756
-195.00710728850265,772.4711311917883,-1404.995525948155,9414.275139011419,-7046.975217115424,-3396.088749550165,-2314.2002093294805,-1288.914573062708,600.6236595600107,-3589.429063468348,1895.8023180611408,3012.6410565971273,3732.4098068324156,128.63417982857462,4078.9012768601424,5133.1676673356405,-1442.684429220915,-1521.733803238192,186.37569789909256,-10941.260118446839,-2035.0022542606557,-863.0520709312528,-5610.4789000123465,2700.7931916577572,-570.9010484182734,1502.5000065547267,-6459.378383124136,-2115.5474290756197,3953.839167359792,4755.876586638003,-368.1307642071607,-5987.497289719745,7592.788537790009,-147.12789697242872,-5641.519407976225,-1543.5253155869486,-2513.2733560255974,-1264.8362654700406,1394.3460225159456,-6232.450621428987,991.4427716897277,-119.62987741381076,3715.7737325884223,1672.7089527219873,-2440.336860451834,1612.5070932179995,-2904.9396965453993,-296.96077288330235,-2726.409740424059,-2180.8826156031473,-971.4196546035561,-1380.2391773662966,444.15925889274746,5806.262412667242,-1249.0883610543149,4290.843385312499
840.4133177698511,-3323.90769012684,6040.451516917376,-40481.10531017297,30303.150663017866,14601.848069906944,9952.806676359847,5541.549003052778,-2581.686799451841,15436.566557336844,-8150.312916115754,-12953.370232047215,-16049.304023237932,-554.8793712063009,-17538.37177578261,-22073.13106722207,6205.729043030019,6545.571458585854,-801.4255761365217,47048.369050211346,8750.097917021878,3712.4071816582004,24123.1284636244,-11612.331753544755,2453.3843766013624,-6459.378383124136,27775.77963460575,9096.852339847155,-17000.927114737973,-20451.251218602974,1583.3780958174725,25746.86421801862,-32648.384943417514,632.870622286528,24258.0885665043,6635.96710174654,10807.491025570263,5437.115419501951,-5997.924403621857,26800.321834944945,-4264.8539774478695,514.3283503510875,-15978.44169337138,-7189.844451694442,10492.389452376234,-6931.953131069038,12492.209731477004,1275.5214852221975,11722.86878794492,9379.301897808078,4178.732427981653,5934.499540621176,-1908.9051576521103,-24966.286857519826,5369.766292424136,-18452.87787292712
275.1915379954547,-1088.5586616432436,1978.3336131140034,-13258.011443967243,9924.578811336492,4782.300867219924,3259.609816566129,1814.9282823631352,-845.5407883214484,5055.599889384777,-2669.360783298412,-4242.376496716253,-5256.3170185859735,-181.68546723842277,-5744.026139371549,-7229.1787109784045,2032.3967276678513,2143.6850211963456,-262.4798144823435,15408.806635060535,2865.7695210588467,1215.8246205109676,7900.6336831554345,-3803.175734723988,803.542380762449,-2115.5474290756197,9096.852339847155,2979.3172129850714,-5568.000879433252,-6697.981449573015,518.569718602792,8432.356266204639,-10692.704089342433,207.26478690147366,7944.786990961439,2173.3768237053423,3539.5480371106473,1780.745656392783,-1964.3218404913746,8777.373082774377,-1396.736278067308,168.4478893326316,-5233.102255723971,-2354.827218411451,3436.4094990365993,-2270.333960384529,4091.3066413499437,417.78407637750064,3839.3861358753484,3071.774983606329,1368.5415510646792,1943.6229147479467,-625.2121558517139,-8176.737798717802,1758.686738210267,-6043.470310713274
-514.0458673564449,2034.0399835459389,-3697.4001742904957,24777.676971214114,-18547.69963184063,-8937.798363923208,-6091.618567456084,-3391.9782062314034,1580.310752995749,-9448.059149875553,4988.930808082786,7928.614691871913,9823.425962430216,339.32091122940506,10734.987214604096,13510.387681604972,-3798.046246198415,-4006.007267606286,490.5807182469844,-28797.00756890292,-5355.821395293144,-2272.0109896513977,-14765.567027210054,7107.792094148708,-1501.9099748384986,3953.839167359792,-17000.927114737973,-5568.000879433252,10406.082670796824,12517.648490784635,-969.0985799760992,-15758.973771547631,19983.49044049165,-387.3594423827553,-14847.94873233464,-4061.968772505226,-6614.89817798701,-3328.213738559144,3670.7893442704258,-16403.65099825809,2610.075115081658,-314.877916891258,9779.940482202011,4401.317722774892,-6422.414432597768,4243.2132877989125,-7646.029812062606,-781.035744118961,-7175.434327567425,-5740.546421301643,-2557.4140310142247,-3632.4549983884262,1168.5388127188464,15281.411691675547,-3286.9402000902537,11294.315836796723
-618.9879378896338,2447.6425629095293,-4447.444540840047,29806.0980345881,-22312.242734743963,-10751.144261453746,-7328.40943219878,-4080.1252087185644,1900.7582800342466,-11366.131819803166,6000.882127582372,9537.387711108082,11817.040645160218,408.7465581235144,12913.354263668727,16252.445317106542,-4569.508064410583,-4819.700879119574,590.0886205345888,-34641.6591727476,-6442.646077244126,-2733.59280003323,-17761.58466623593,8549.982954606616,-1806.2502724660799,4755.876586638003,-20451.251218602974,-6697.981449573015,12517.648490784635,15058.29094274425,-1165.8938374585014,-18957.401188460248,24038.81665014198,-465.9930106956657,-17861.08074038672,-4885.898142645212,-7957.553964332513,-4003.12908260504,4416.481891149005,-19733.103424838144,3140.371080286337,-378.6713331596228,11764.962464154522,5293.553257454728,-7725.416892303287,5103.777646638478,-9198.077987496315,-938.9984007080303,-8631.446070178248,-6906.103449554473,-3076.972799509143,-4369.4940452814035,1405.424777042463,18382.522981683454,-3953.5965228554214,13587.043739242623
47.99304730840338,-189.62970083823882,344.2510133042596,-2307.671407972882,1727.5202969663817,832.3210508011819,567.4801660062791,315.80926220741094,-147.03997636016575,880.1389352223823,-464.5384845538654,-738.2693662748395,-914.8762376968899,-31.739289855900438,-999.7259491494209,-1258.344935539003,353.93448866966935,373.2264660470066,-45.703813300158984,2682.006576625944,498.82667475772416,211.73326090440636,1375.0478945686605,-661.8278491841278,139.74337679927632,-368.1307642071607,1583.3780958174725,518.569718602792,-969.0985799760992,-1165.8938374585014,90.32158622098532,1467.7394060585782,-1861.055823320422,36.07604501777052,1382.7649664931319,378.1910036756933,616.0609828884438,309.79016419608837,-342.0143979536238,1527.8302739297856,-243.1847708553639,29.293013775096814,-910.9352479965627,-409.7100505633726,598.1220800974196,-395.046261737815,712.1745905564779,72.62494862738812,668.245871148636,534.7195545698152,238.32520073878186,338.25626184655994,-108.76922030092928,-1423.1519142706545,306.0155786278014,-1052.0966486741418
779.1641717187684,-3081.3135010226847,5599.1569989101135,-37524.12056259729,28089.72284154515,13535.085876636478,9225.895740322649,5136.719016775859,-2393.0719740545824,14309.12263621435,-7554.854596916438,-12007.128763727686,-14876.98037743392,-514.4681673936154,-16257.237661073468,-20460.838691791792,5752.554697193762,6067.601688579585,-742.8491219560257,43611.84650649097,8110.923938122865,3441.3686835517583,22360.93182193727,-10764.059488099869,2274.08223857964,-5987.497289719745,25746.86421801862,8432.356266204639,-15758.973771547631,-18957.401188460248,1467.7394060585782,23866.225825671107,-30263.504011433084,586.6257460090824,22486.085417701914,6151.128542346574,10018.120200750938,5039.850659298004,-5559.960607119586,24842.832972345692,-3953.481020278883,476.70009078920424,-14811.34983440675,-6664.407332440623,9725.856650836544,-6425.486639515287,11579.78353704091,1182.1942159409814,10866.526784150727,8694.326994409304,3873.620486864318,5500.987407125675,-1769.4333611980037,-23142.585526860414,4977.444798556924,-17105.052159823543
-987.5263797379241,3906.6062682665697,-7100.31817758361,47582.68992041015,-35618.992293173076,-17163.662572203204,-11698.500675979047,-6513.8587868427085,3034.8037185307435,-18144.202229357175,9580.392034179327,15225.986055865125,18864.83702463189,651.9080985887692,20615.272699962767,25945.293862712308,-7293.982263514234,-7693.496017126695,942.0072382940313,-55301.88189842126,-10285.16675370672,-4363.428709203867,-28355.360427717227,13649.702010720675,-2884.056323357612,7592.788537790009,-32648.384943417514,-10692.704089342433,19983.49044049165,24038.81665014198,-1861.055823320422,-30263.504011433084,38375.987674779404,-743.8619921138654,-28513.765612806466,-7800.331746578644,-12703.390951747386,-6391.270270566254,7049.754446404133,-31501.727217880572,5012.758236875313,-604.581039881071,18781.393311690645,8451.639560245856,-12333.213626158411,8148.345012426017,-14683.537192175103,-1499.5355842816894,-13779.5124038359,-11024.458001651881,-4911.504939693448,-6975.682330157746,2243.951856592515,29346.223711442508,-6312.018568476409,21689.621040674258
19.195846449647103,-75.76453946798759,137.60879066703816,-922.2947105933206,690.4448972374521,332.67287709441024,226.80544818037893,126.25086856281749,-58.810639884342734,351.7368580513325,-185.6516828003963,-295.12881561397694,-365.6656974090597,-12.680729706660859,-399.5634324889664,-502.90895475282827,141.43269504301384,149.1882460673835,-18.26542285908238,1071.957276759833,199.33272966879167,84.58734800934978,549.5624613532017,-264.5634670748131,55.86894536716814,-147.12789697242872,632.870622286528,207.26478690147366,-387.3594423827553,-465.9930106956657,36.07604501777052,586.6257460090824,-743.8619921138654,14.438674935036946,552.7074813666854,151.18249303383033,246.24894531496,123.85575377970014,-136.7154017330995,610.594242583612,-97.20464518785153,11.740064386985184,-364.04485417318745,-163.76178895598326,239.02462688899124,-157.89445109549837,284.6419763534267,29.048704255717528,267.06729927070467,213.73212058124247,95.23457870233592,135.1984998357796,-43.45699517748535,-568.8153586646619,122.31620771524712,-420.4871506378397
733.7490786592036,-2902.6286658445874,5275.622830550478,-35354.38912514359,26465.257347394745,12752.776240022657,8692.093501982077,4839.884190013803,-2254.923672850569,13481.29279422175,-7118.319778172181,-11313.102995242656,-14016.768651035398,-484.3676728289187,-15317.352811899951,-19277.594982495266,5419.47586884511,5716.352864947863,-699.9164768762697,41089.86477139738,7641.9555532661125,3242.0462880318496,21068.309883049307,-10141.90089571407,2142.897571532834,-5641.519407976225,24258.0885665043,7944.786990961439,-14847.94873233464,-17861.08074038672,1382.7649664931319,22486.085417701914,-28513.765612806466,552.7074813666854,21186.04205902625,5795.742519332192,9438.763877001235,4748.808862072282,-5238.047270673603,23406.071180659743,-3724.5364335597055,449.22756055525645,-13954.736724230426,-6279.659122293017,9163.67607367802,-6054.307370736043,10910.013250889855,1114.1825140051774,10238.305528379638,8191.293806736139,3649.2825183033315,5183.006659893569,-1667.2721793021713,-21804.547156536217,4689.901407157976,-16115.582704870196
200.33550894065075,-793.5380280983258,1443.3965533302023,-9671.559708126468,7239.567526456395,3488.9665529513522,2377.467376991318,1324.1426802965102,-617.0242474337454,3687.527365900808,-1947.609698625458,-3094.9869643057473,-3834.4124702639688,-132.1499795392691,-4190.3527967617865,-5273.436786776088,1482.1257734455132,1563.3239006914457,-191.49932974437652,11240.224092847759,2090.5975642537865,886.5874704472674,5763.78871075977,-2774.5958898618824,586.5007201179124,-1543.5253155869486,6635.96710174654,2173.3768237053423,-4061.968772505226,-4885.898142645212,378.1910036756933,6151.128542346574,-7800.331746578644,151.18249303383033,5795.742519332192,1585.7430438817448,2581.937556840181,1299.4104200414138,-1432.459867142036,6402.685465137524,-1018.5089949670485,122.95517083308037,-3817.298208062876,-1718.4735171231682,2507.051046442315,-1656.570352948811,2984.3280082619412,305.13243315996476,2800.9093751238033,2240.4627682403184,997.9520035556707,1417.951783363469,-456.26457378006654,-5964.937463027015,1283.2227428777546,-4408.1776975871735
327.2140179613197,-1293.5539802281405,2350.2803689684606,-15751.004063055856,11790.96988726572,5681.319583639085,3872.7144923916394,2156.2096328690373,-1004.5889000081772,6006.413394726193,-3171.0897305662747,-5040.177674446628,-6244.777470098082,-216.04462467480528,-6824.0971071449285,-8588.623402431647,2414.72520241578,2547.1042817363223,-311.76302499933536,18306.677964473165,3404.548892701041,1444.6126664455899,9386.092776156194,-4518.382681796577,954.5258121275949,-2513.2733560255974,10807.491025570263,3539.5480371106473,-6614.89817798701,-7957.553964332513,616.0609828884438,10018.120200750938,-12703.390951747386,246.24894531496,9438.763877001235,2581.937556840181,4205.3236080884235,2115.514842945624,-2334.0200730770584,10428.09851459051,-1659.6834958759275,200.0836343297299,-6217.188093006378,-2797.2163953900813,4082.336155457796,-2697.0652791523357,4860.788706817864,496.11444718974224,4561.261241031169,3649.696450619381,1626.0623465336355,2309.08570294337,-742.6930466918842,-9714.321885362539,2089.276360589469,-7179.990603904348
