V1,V2,V3,V4,V5,V6,V7,V8,V9,V10,V11,V12,V13,V14,V15,V16,V17,V18,V19,V20,V21,V22,V23,V24,V25,V26,V27,V28,V29,V30,V31,V32,V33,V34,V35,V36,V37,V38,V39,V40,V41,V42,V43,V44,V45,V46,V47,V48,V49,V50,V51,V52,V53,V54,V55,V56
8.559611869435361,-1.1832583744159364,0.04369098073669519,-0.6762295669848832,-4.943031096563132,4.956870999198667,-2.000078095681608,-3.639016951395513,-2.3125357770157633,-6.343349822679519,-1.4376801319477064,-0.11107317310113671,5.865339177524811,-10.387015785527998,-4.400759048929785,7.252529884063378,-6.190670234979938,-3.494037901584928,-14.965029313933469,1.9820248916258498,-6.644221323927139,-0.6832264189405963,-8.954431760341281,-14.985680173556776,1.429731483273611,-1.3756360231597617,-3.5953813902566765,-2.5556270548003845,0.5457420722583722,-3.09868232958921,2.1328399168366663,-3.9185356246516347,0.7941488719047822,3.460376402027848,5.752990803670732,7.106448317214887,1.7575141607085185,6.410240569323969,-11.1148821706656,-8.92823858020678,-0.06955354096001441,2.6385379972240575,3.54486810441167,-6.7747107886279965,-2.453920928278829,0.5441353326305702,-3.0998268866268317,-7.756043759450765,-0.01258544347969795,-8.143808011841221,-3.295464233623615,5.464210384083313,3.3958313119020866,17.110381800774487,2.394518846466153,1.1554198208636137
-1.1832583744159364,0.3651769636939449,-0.11248649245266586,-0.3754237276430088,0.620649928312875,-0.784371163566942,0.7243628400541876,0.8024286773755244,0.28294931301776793,0.8799598398627412,-0.5079134585835886,0.43049048396378586,-0.799281725823982,1.114906137980952,0.7181896774988674,-1.519046901180693,0.8180407054887583,0.707719540732657,2.233210220844179,-0.5959358899797988,0.7811118061463679,0.36514970224968374,1.182020950055248,2.6027163243125457,-0.41548291209590704,0.727839484014178,0.3054527134122507,0.3345921287892363,-0.2146042128259019,0.24405856223436975,0.16391489628102465,0.9566138639226895,-0.3987767083929747,-0.8952982346522927,-0.947640609433875,-0.7273202135045912,0.2903742086292043,-0.4770086896874426,1.6916589806102438,1.104906060468581,0.3790959287133286,-0.6840740994707503,-0.41831983650992743,0.8900516063201627,0.27710655240192794,-0.45640250274339006,0.6467033126385945,1.4033435661582008,-0.1466141595829399,0.7463231634636944,0.44650210354151265,-0.9301789544538464,-0.466537199920691,-2.4487435563802227,-0.12748806445854827,-0.3432248506704549
0.04369098073669519,-0.11248649245266586,0.09914885092033404,0.21715244927250368,-0.012291869163946175,0.15113408031751815,-0.2128210096986429,-0.16165634255380879,0.004842398865780856,-0.030953416151079053,0.2563819493229341,-0.20567274649643164,0.09503909324263021,-0.03204577748547124,-0.11938662629182649,0.28912035917367956,-0.01910347773074906,-0.10446679574849402,-0.22592990914972666,0.21629770940274792,-0.011716686581041738,-0.09925756618903633,-0.1466717538018819,-0.4166174208940312,0.06658226295384075,-0.310220675539371,0.04196927010398698,0.016591717177738143,0.10514547408050912,0.06606187965097667,-0.2145114293097027,-0.25224171353116,0.1006040294874647,0.22094824693612514,0.06961590345099156,-0.017753360296111683,-0.13957982796976193,-0.09321790622108536,-0.14507327073647902,0.015996042421501672,-0.21829547299713833,0.09633508931459671,-0.03803511825338501,0.0012062552403316808,0.05938268785281582,0.17561307323304814,-0.18552089252396495,-0.1846208046061346,0.08881418379124567,0.1039863356231024,-0.06541244824068584,0.17008680271270463,0.01688240592975611,0.17940440429388974,-0.01690782419329399,0.08389849284818814
-0.6762295669848832,-0.3754237276430088,0.21715244927250368,1.1881132223668756,0.5638234061762608,-0.24161456623336316,-0.9140482082520478,-0.42492524760616246,0.28277621980308276,0.4996130467233666,1.8773997332545218,-0.9816256024112675,-0.552872887715424,1.69570079760218,0.11195683590916769,0.6650969881809359,0.578061638163415,-0.29351425347803256,0.8526811807151196,0.5859627339834592,0.8958991269972915,-0.595605755945594,0.9554968070971613,-0.02433908134571052,0.4599554109261233,-1.1612536799951512,0.7781160718481268,0.22982291947600844,0.2867508807972639,0.7016289219398582,-1.2887976215365116,-0.6786831601683629,0.6688482838962723,0.7478040157926009,-0.08470263606144333,-1.2312994931388392,-1.4979440480280108,-1.5482233196201043,0.5286482087171233,1.0248798018670606,-0.8621346182550658,0.6311162474701845,-0.4406148591686914,0.6437523495191708,0.30199243441011203,0.8859069324992114,-0.2241502609936481,-0.200912085592934,0.3516860579200045,1.5960291277180352,0.3328557717000089,-0.0500392008668411,-0.27354871783381035,-1.1924549733116114,-0.7374507005689851,0.34443740559292385
-4.943031096563132,0.620649928312875,-0.012291869163946175,0.5638234061762608,2.892011986538704,-2.881352476089613,0.9912662394272974,1.9952331789434103,1.3576781499500346,3.663004778351426,1.1275393170780197,-0.08434463808160846,-3.4293957825450976,6.181877872539137,2.5270227481523673,-4.0041068950900405,3.587401154668503,1.9195733678315894,8.62056660095522,-1.0494449029038821,3.9139717903070514,0.29216310735241063,5.2706917245979925,8.499628671590395,-0.7194107827840657,0.6194746242272097,2.1703368483958925,1.4707921767973122,-0.2658637389562585,1.8600850423283184,-1.4112134068515023,2.1194647724859514,-0.32718819627905943,-1.8349443098509248,-3.2578145848136826,-4.228232667389418,-1.2666186287592314,-3.8864874842966057,6.374981400691326,5.201330048623098,-0.08091154003309403,-1.3624895385236147,-2.0602643157735305,3.9270395655240202,1.4108148244662302,-0.16112522814065913,1.7457100968608434,4.340476295983706,0.05216154395829484,4.8658302624386955,1.938415200118865,-3.117052988187038,-1.9578367787465374,-9.865727029861217,-1.4981840729969045,-0.6006480184572326
4.956870999198667,-0.784371163566942,0.15113408031751815,-0.24161456623336316,-2.881352476089613,3.133565530629518,-1.3478220686970717,-2.24718479205882,-1.3172395064707476,-3.699520794352541,-0.7609728691999847,-0.26671628611685233,3.5873419538983478,-6.215875204537385,-2.620995502957142,4.396547776815108,-3.581683576451313,-2.027337904737032,-8.949065308707395,1.3803882108149583,-3.8940182723376355,-0.4770999565315178,-5.418885578863789,-9.15084845159127,0.7471916022059717,-1.0489427157640425,-2.0575326666720546,-1.4292497979356629,0.46697799861008216,-1.7961401169232272,1.0345216476915193,-2.489481565272624,0.49275901349121987,2.1651610533366044,3.3905331059298898,4.23739774809282,0.9867699098602298,3.744016667737884,-6.561479745572847,-5.200804604783817,-0.2803303163958046,1.459148436473324,2.0281211557941226,-3.8763276991007216,-1.3157819609235748,0.507430456615935,-2.048212036600395,-4.655502707489303,0.03473487438595692,-4.673881688012919,-2.0440324878322413,3.3720544397747245,2.0008243726512758,10.18924826102846,1.4433630984776107,0.7572118948286709
-2.000078095681608,0.7243628400541876,-0.2128210096986429,-0.9140482082520478,0.9912662394272974,-1.3478220686970717,1.5334334480444165,1.5561909673144032,0.4254761644999774,1.5094036825176624,-1.31721483808622,1.008923340888881,-1.3319513190391012,1.639169623362323,1.1976149639007585,-2.8735394914902272,1.3684001940623483,1.3335900767539641,3.8840920901136613,-1.1860291546516488,1.202654424121247,0.8125601213871617,1.8398598461990596,4.759518431374868,-0.8198622608286223,1.5053610376636595,0.3446439508030606,0.5698812154330126,-0.48593809570224905,0.3397164812205828,0.6047191017708238,1.8707007824466124,-0.9016809567784096,-1.7941880388052525,-1.7516344033824551,-1.0966216377307085,0.9382451379526798,-0.5402420012360677,2.962120979500124,1.852872643386662,0.8735300741397563,-1.3865060994491218,-0.7184810204031827,1.469971390159688,0.4779681906686614,-1.0876266704309179,1.2113310255433885,2.6648969264236984,-0.2899457179854994,1.0072267740840133,0.7265278008966356,-1.6689027539415002,-0.8238283181230991,-4.2964507137948384,-0.023112444456984498,-0.7180653668272395
-3.639016951395513,0.8024286773755244,-0.16165634255380879,-0.42492524760616246,1.9952331789434103,-2.24718479205882,1.5561909673144032,2.016250560262852,0.9070916616266924,2.71411630153759,-0.4751545430041772,0.7015140083405421,-2.4800679297905965,3.915614919285297,1.9921166935079444,-3.868496775275432,2.580401367020703,1.826130859222832,6.631889341657478,-1.3330566459866522,2.599469269934419,0.7177588482228014,3.661388167581704,7.222352382918346,-0.9238274976669131,1.3806790291463023,1.204393001979447,1.0647634386014344,-0.4772945021281724,1.06232638079487,-0.1710394286840795,2.30765204227237,-0.8060993756943055,-2.1289661382818417,-2.7102217078869733,-2.657752242055284,0.1301682296593026,-2.1006735230187394,4.970034671724879,3.6400938985750297,0.6073022965216066,-1.6220838149776553,-1.4298062141154606,2.802907324366588,0.9727016224788222,-0.8687270641220901,1.652909317209527,3.8619109452907856,-0.19269483803732076,2.872994535042395,1.3811597239366054,-2.5947020425785943,-1.4639129191872844,-7.481274283786899,-0.6734964509981114,-0.7868901156009983
-2.3125357770157633,0.28294931301776793,0.004842398865780856,0.28277621980308276,1.3576781499500346,-1.3172395064707476,0.4254761644999774,0.9070916616266924,0.6555147672664071,1.703147493376828,0.5351998673174376,-0.08318477978107729,-1.5674860648450433,2.8550638743751273,1.1989375972384635,-1.8477703650352664,1.6708927935049909,0.8985145019393349,3.9733648804114683,-0.450933911060149,1.831425741277659,0.12610602339339216,2.4636406632529653,3.870315298712419,-0.36244191213801763,0.26334035812718426,1.0394239811888795,0.6924363439117635,-0.06960557350169068,0.851963088957423,-0.7186976418155087,0.9464798883251007,-0.13224491807134467,-0.8168146335926665,-1.5026787169223526,-1.9344973102205427,-0.6279213827165093,-1.8059175008884936,2.9604349665268446,2.401133007518598,-0.08898751531051279,-0.6424343047281756,-0.9478986273272426,1.85253569316377,0.6610271728932425,-0.009733820051710761,0.7721633167080956,1.9652996388949453,0.01463858014411854,2.288204123215421,0.8876185933130117,-1.4175007958548207,-0.8927499903728009,-4.512168182150756,-0.7104633551541506,-0.26207274997390184
-6.343349822679519,0.8799598398627412,-0.030953416151079053,0.4996130467233666,3.663004778351426,-3.699520794352541,1.5094036825176624,2.71411630153759,1.703147493376828,4.713749189205901,1.071951691634179,0.10752401924544994,-4.371761340491719,7.720433663810625,3.2361672609376813,-5.381359696199478,4.590851775384802,2.579488810818235,11.131285194092577,-1.4826871178960748,4.924800261492477,0.5248246585557896,6.62960593179471,11.169125537503776,-1.031568808865774,1.0148619925170939,2.649751598585408,1.893040866758626,-0.4309667267760773,2.3196793278426,-1.5548160125081014,2.918111772025535,-0.6009839630785316,-2.5781725221480887,-4.291573423980383,-5.302513866336629,-1.2713577859732323,-4.7647261808557335,8.255075075094227,6.650707241526215,0.07358612491758018,-1.9434965034565361,-2.6473664540817,5.014648643538946,1.8211326620973753,-0.4468556818099367,2.3219414149489457,5.791668908965107,0.027721087851752573,6.037068076816156,2.456033020591068,-4.068212939321655,-2.5346784376846756,-12.757348763516312,-1.7662300972715397,-0.874310886471254
-1.4376801319477064,-0.5079134585835886,0.2563819493229341,1.8773997332545218,1.1275393170780197,-0.7609728691999847,-1.31721483808622,-0.4751545430041772,0.5351998673174376,1.071951691634179,3.1079814008040314,-1.4800474409084172,-1.2690664919473782,3.347661785894993,0.4222541440269337,0.6857754575069083,1.1887269847454895,-0.34254333711824164,2.1642206502362633,0.7167821510822975,1.7653558876421582,-0.9278609851346786,2.097063093753232,0.8534557863547173,0.7528673869198628,-1.6664928825541556,1.407403962314328,0.4365173012823473,0.3340853311255228,1.2635348411380165,-2.059303506405566,-0.8040808276495849,1.0591917334326288,0.9811724768269462,-0.3693995661150666,-2.3837024523801165,-2.5494657622350174,-2.82376555398768,1.368504959867491,2.031697192801188,-1.2424111930037278,0.9894936238679066,-0.8287696729477586,1.2783179320286242,0.5116105164227316,1.3190066867503678,-0.07170881541612245,0.0635926967720775,0.5359256916319352,2.908238963813275,0.7691885103857429,-0.44380745648746317,-0.5987826520939968,-2.793616637050317,-1.3588728830399195,0.47812631149267115
-0.11107317310113671,0.43049048396378586,-0.20567274649643164,-0.9816256024112675,-0.08434463808160846,-0.26671628611685233,1.008923340888881,0.7015140083405421,-0.08318477978107729,0.10752401924544994,-1.4800474409084172,0.9183231190687331,-0.07234424711346918,-0.5354242551338942,0.22425663542812582,-1.1866967739703864,0.013608482638517492,0.5169746706173078,0.587792373528251,-0.7205902874887369,-0.2227257315450835,0.5941487929674245,-0.07680659568340699,1.4082069690552124,-0.4468178639120839,1.1314739472188011,-0.40730268960150756,5.908666647353753e-4,-0.3692678688998542,-0.3079557523314358,1.0101643023886089,0.9566357483695924,-0.6615573979448518,-0.9696360700328492,-0.4390950116482087,0.39264044989619085,1.1901758376375753,0.771454626129115,0.4873818738572827,-0.0915860293067407,0.8193456956401919,-0.7220614566754265,0.05873375065747618,-0.026162455287993745,-0.06779785916168536,-0.9063934940716688,0.5206021682606722,0.8998979958469318,-0.2739500098585356,-0.7116082679683651,0.023284137552149923,-0.4636787483321065,-0.07922290832711593,-0.5421488315002367,0.443649781747684,-0.4254829507877526
5.865339177524811,-0.799281725823982,0.09503909324263021,-0.552872887715424,-3.4293957825450976,3.5873419538983478,-1.3319513190391012,-2.4800679297905965,-1.5674860648450433,-4.371761340491719,-1.2690664919473782,-0.07234424711346918,4.213299563258923,-7.477676519006462,-3.0166838437093433,4.899715845134827,-4.265518869379847,-2.289494467010712,-10.454157175374288,1.42904250742408,-4.660664605589141,-0.40112860743164075,-6.366823502718798,-10.48309238041534,0.7885526073287656,-0.9167676291042262,-2.520833406280786,-1.7135954746474353,0.47811272897262697,-2.2251670230610734,1.472518248908878,-2.7045450840044336,0.4426954248016173,2.3357653752554928,3.922956993312295,5.1301313977814935,1.425366886096869,4.63158504667715,-7.65797350269738,-6.225914985511049,-0.108819725922221,1.5901102172529624,2.450883046538159,-4.611897638267965,-1.6216351735034071,0.3916989766424985,-2.263801426664993,-5.334900921909551,-0.04832955177084469,-5.7218628444625095,-2.3907731594520687,3.8663534867471125,2.373363284793685,11.992197320421363,1.7850240428669542,0.7841745914448426
-10.387015785527998,1.114906137980952,-0.03204577748547124,1.69570079760218,6.181877872539137,-6.215875204537385,1.639169623362323,3.915614919285297,2.8550638743751273,7.720433663810625,3.347661785894993,-0.5354242551338942,-7.477676519006462,13.75870448237443,5.234355097676221,-7.887662523881563,7.605835638874903,3.713206004936004,18.2419486924923,-2.0427892135150802,8.48555574881411,0.26895088502630754,11.440792441236516,17.70573169882171,-1.081235501002083,0.8329547323399712,4.797879379687264,3.054334681670346,-0.6008864206163445,4.191051381557514,-3.3502383456260545,4.148032879601928,-0.3044566910757835,-3.4751079948263657,-6.667239646985628,-9.449999532629267,-3.429872376337222,-8.836113881178076,13.311747738076162,11.17184037163131,-0.3863157499643244,-2.3082061550627833,-4.409304744047811,8.24434801327935,2.9363979606025628,-0.04082991153867409,3.6754622149104765,8.867699229476822,0.27646342616842756,10.729259087080608,4.257688087671688,-6.5785308726877645,-4.177931828815184,-21.016886702403454,-3.5189097960663784,-1.083914771719835
-4.400759048929785,0.7181896774988674,-0.11938662629182649,0.11195683590916769,2.5270227481523673,-2.620995502957142,1.1976149639007585,1.9921166935079444,1.1989375972384635,3.2361672609376813,0.4222541440269337,0.22425663542812582,-3.0166838437093433,5.234355097676221,2.4091268102854912,-3.987397877609464,3.1575251918989173,1.9118338673903386,7.753867345260448,-1.1961740332401063,3.381529405536999,0.4354431192101226,4.700726913691138,7.914877274468661,-0.8663838331351761,1.0294155014907795,1.8105304498361818,1.2885379823360854,-0.31529642501102045,1.455310670958239,-0.9174639109068639,2.2207093233557913,-0.49434999597158824,-1.96185305714824,-2.9583789799849525,-3.500459890788857,-0.7805132314068862,-3.111606293408487,5.773070067998095,4.452680307294957,0.20953012242696975,-1.4830755232353,-1.724933647954848,3.4643834655068257,1.1855400084340788,-0.3740450056480936,1.709399033983498,4.050577030168351,-0.12170283798652783,4.02125995276589,1.7073749330187602,-2.90569380454948,-1.7048180124335983,-8.715942801257748,-1.2027252842761218,-0.6475782988829879
7.252529884063378,-1.519046901180693,0.28912035917367956,0.6650969881809359,-4.0041068950900405,4.396547776815108,-2.8735394914902272,-3.868496775275432,-1.8477703650352664,-5.381359696199478,0.6857754575069083,-1.1866967739703864,4.899715845134827,-7.887662523881563,-3.987397877609464,7.50088652602616,-5.149812502147856,-3.572262488508215,-13.074327299103196,2.5077601639870317,-5.236466353930432,-1.2892150035875656,-7.3474544886753375,-14.062641882432066,1.81392455641432,-2.5607445968059834,-2.510153164973511,-2.1294532343425483,0.8396248439025226,-2.137935847259093,0.5742708505273001,-4.411741217649011,1.46537283620846,4.051813199813649,5.28268528141235,5.32080344268583,0.019817774064366054,4.317327414141123,-9.810601088557263,-7.229629423156794,-1.024037503327951,3.1288243185996283,2.831011026369636,-5.617041639625511,-1.9507526090435536,1.4891072124292861,-3.164917272017584,-7.472661195111691,0.3689280379035987,-5.871304940371021,-2.732702572849833,5.067984621059798,2.8782441714519256,14.713997965172204,1.4448939476521951,1.4601529880915909
-6.190670234979938,0.8180407054887583,-0.01910347773074906,0.578061638163415,3.587401154668503,-3.581683576451313,1.3684001940623483,2.580401367020703,1.6708927935049909,4.590851775384802,1.1887269847454895,0.013608482638517492,-4.265518869379847,7.605835638874903,3.1575251918989173,-5.149812502147856,4.490601279895686,2.4800088423661726,10.820547978285198,-1.3886367075049622,4.837749344585523,0.43738166891137886,6.499952691237,10.781206274769144,-0.975150121146189,0.9006608263798194,2.632763505058104,1.8490864628149812,-0.39381536638914616,2.287006438410734,-1.6116850745960067,2.771844117270847,-0.5208527455379838,-2.4340715993077833,-4.1330129574208465,-5.2163110785456155,-1.3763150301710636,-4.731791962992366,8.01632164393844,6.496233299956423,-2.0859441268837592e-4,-1.835561724537806,-2.583090183347094,4.900555362064912,1.7833325852074011,-0.3401083068423181,2.2219458354410744,5.567462129166811,0.04061384825737711,5.965571685052484,2.397895152751957,-3.93791025079177,-2.4662281552093055,-12.405736538713173,-1.7752862049151783,-0.8032647019601661
-3.494037901584928,0.707719540732657,-0.10446679574849402,-0.29351425347803256,1.9195733678315894,-2.027337904737032,1.3335900767539641,1.826130859222832,0.8985145019393349,2.579488810818235,-0.34254333711824164,0.5169746706173078,-2.289494467010712,3.713206004936004,1.9118338673903386,-3.572262488508215,2.4800088423661726,1.7347680544644146,6.201243385167566,-1.1442795650233593,2.500869962646056,0.5987028981374225,3.4634619919782694,6.626383625749466,-0.9206126490263995,1.1801099205087187,1.2128732359581333,1.0420643067796218,-0.3556603712769975,1.0125090025441847,-0.32671981508922077,2.070779707703406,-0.7051042152344461,-1.9166469889394666,-2.5214636635654153,-2.4998418956233945,-0.005978627135221823,-2.0459292742925945,4.686207811923762,3.4547740355308223,0.42683470393603007,-1.549969316083487,-1.3614177720923446,2.7204947811413804,0.9704842215976437,-0.6585668286574107,1.4451096477317802,3.54848216920667,-0.17812356906069984,2.8232939409254896,1.267381300971704,-2.3771291645772727,-1.3694147673642731,-6.976589528437731,-0.6707679519125592,-0.6760561803810478
-14.965029313933469,2.233210220844179,-0.22592990914972666,0.8526811807151196,8.62056660095522,-8.949065308707395,3.8840920901136613,6.631889341657478,3.9733648804114683,11.131285194092577,2.1642206502362633,0.587792373528251,-10.454157175374288,18.2419486924923,7.753867345260448,-13.074327299103196,10.820547978285198,6.201243385167566,26.544545201870097,-3.8339874037406974,11.59222743952572,1.3815554606137432,15.79669520943684,26.95139542382151,-2.480437411053044,2.846952087193037,6.143796556647582,4.417921662826475,-1.223345762115221,5.381665910840294,-3.2890160782158957,7.259543102809207,-1.5697060641127878,-6.412321054428628,-10.203863093207065,-12.492414983196205,-2.7645771134610686,-11.088778015377205,19.62507031472922,15.643229654026927,0.5371924868871382,-4.6851524731060366,-6.18468840808593,11.76343430518997,4.191345991428458,-1.368603000600558,5.770484491965845,13.937596429764149,-0.046496216438443635,14.033316627023227,5.889733151295333,-9.8474068130789,-6.005760384017425,-30.348708346661052,-4.123416424098633,-2.192270883115197
1.9820248916258498,-0.5959358899797988,0.21629770940274792,0.5859627339834592,-1.0494449029038821,1.3803882108149583,-1.1860291546516488,-1.3330566459866522,-0.450933911060149,-1.4826871178960748,0.7167821510822975,-0.7205902874887369,1.42904250742408,-2.0427892135150802,-1.1961740332401063,2.5077601639870317,-1.3886367075049622,-1.1442795650233593,-3.8339874037406974,1.0396200332879788,-1.3515756708392177,-0.5570449022482147,-2.0644210293175855,-4.472550589372928,0.6096507057697728,-1.2090423786928657,-0.5238671577958873,-0.5450213276508481,0.4397069878178617,-0.4588620618728162,-0.29697283500593197,-1.6278961463177868,0.6281905727593889,1.5065327232810037,1.5664668949015785,1.3507023815528525,-0.38739267666041044,0.9147118614931689,-2.8442594652406274,-1.9080212650765744,-0.6774782740060595,1.0569226132485683,0.7160515510898693,-1.4682868214209506,-0.4491348371039189,0.7919693946795622,-1.1474348301287325,-2.381607105855732,0.22471551738444867,-1.307813378566822,-0.8031322427844552,1.6250159493664134,0.8129526595213298,4.253900638377171,0.27080318240722745,0.5628544695067647
-6.644221323927139,0.7811118061463679,-0.011716686581041738,0.8958991269972915,3.9139717903070514,-3.8940182723376355,1.202654424121247,2.599469269934419,1.831425741277659,4.924800261492477,1.7653558876421582,-0.2227257315450835,-4.660664605589141,8.48555574881411,3.381529405536999,-5.236466353930432,4.837749344585523,2.500869962646056,11.59222743952572,-1.3515756708392177,5.325191093085239,0.29800819246258764,7.168623848662837,11.339776051223176,-0.8702438631897201,0.7010479772612712,2.9845971101196698,1.9706965739902087,-0.34857947613250456,2.564747822795459,-2.0160033917997904,2.75339589606345,-0.336572352491569,-2.3544815440979754,-4.323776500912967,-5.808218623273292,-1.9083397325263536,-5.387226114040779,8.536590613251906,7.040497090940398,-0.1848020133009823,-1.6967337627151218,-2.7845705905139018,5.281809895556673,1.8929341376223936,-0.1157779554632038,2.327334629290714,5.746148290268428,0.10910611505422332,6.671010864472776,2.6414437051098276,-4.178907933543683,-2.639646382216902,-13.292722807843957,-2.107969246921299,-0.7529789425334212
-0.6832264189405963,0.36514970224968374,-0.09925756618903633,-0.595605755945594,0.29216310735241063,-0.4770999565315178,0.8125601213871617,0.7177588482228014,0.12610602339339216,0.5248246585557896,-0.9278609851346786,0.5941487929674245,-0.40112860743164075,0.26895088502630754,0.4354431192101226,-1.2892150035875656,0.43738166891137886,0.5987028981374225,1.3815554606137432,-0.5570449022482147,0.29800819246258764,0.4819454330664681,0.5038022074874109,1.8884335695881387,-0.43471953854220013,0.7960781591502097,-0.019275242645202497,0.19794077152869582,-0.21447703107129562,0.007169314112935093,0.4709251679104982,0.856339970050111,-0.5126486971144821,-0.8524864639179902,-0.7292615409994134,-0.17589620681869544,0.7293485424541588,0.11121912057183993,1.1028714907486346,0.5634670345621652,0.4869179131268961,-0.708526390945309,-0.2234932784890809,0.48729935063066154,0.1542985824274757,-0.6119575289768522,0.5003470142122433,1.1218476735556528,-0.16827915970711138,0.09410777169066516,0.2085448007172111,-0.6302142039166708,-0.2802776101571357,-1.4878719023834803,0.16436329135570862,-0.3723737070847994
-8.954431760341281,1.182020950055248,-0.1466717538018819,0.9554968070971613,5.2706917245979925,-5.418885578863789,1.8398598461990596,3.661388167581704,2.4636406632529653,6.62960593179471,2.097063093753232,-0.07680659568340699,-6.366823502718798,11.440792441236516,4.700726913691138,-7.3474544886753375,6.499952691237,3.4634619919782694,15.79669520943684,-2.0644210293175855,7.168623848662837,0.5038022074874109,9.835106218510829,15.661598186466298,-1.2391745746820244,1.3089030358683904,3.978428286597688,2.6140454069064263,-0.5682421701056105,3.350883717878106,-2.4832460749980694,3.972227921104826,-0.5389157155940439,-3.390477700723466,-5.855261499682494,-7.763738488977131,-2.4556695523287058,-7.1295403398083,11.606329911916092,9.396979576847103,-0.003963596715088826,-2.357585715922058,-3.6676632910125693,7.0813908352827415,2.4468002319277264,-0.32029498858998806,3.3401449312245095,7.871995362687766,0.029350637875848826,8.839595021651006,3.6294960046733835,-5.800484769610943,-3.542692042849989,-17.98275199916358,-2.840366088182981,-1.096768212241301
-14.985680173556776,2.6027163243125457,-0.4166174208940312,-0.02433908134571052,8.499628671590395,-9.15084845159127,4.759518431374868,7.222352382918346,3.870315298712419,11.169125537503776,0.8534557863547173,1.4082069690552124,-10.48309238041534,17.70573169882171,7.914877274468661,-14.062641882432066,10.781206274769144,6.626383625749466,26.95139542382151,-4.472550589372928,11.339776051223176,1.8884335695881387,15.661598186466298,28.099111883410252,-2.852182902133227,3.849036582200274,5.746930143911043,4.391889092055923,-1.5722195794094262,5.085982429085969,-2.354509242349806,8.09026510578985,-2.146946014131305,-7.255737079331513,-10.53371521863762,-12.10325355454916,-1.7066136344741916,-10.36352142804443,19.95841991734725,15.488929474998951,1.2825074256346498,-5.292222150287037,-6.101301261002237,11.671015749447372,4.1063832731823044,-2.1819604963410404,6.221526280969836,14.680072368059651,-0.28973007780324894,13.331074600387938,5.890424387736774,-10.22888713104887,-6.052574740017789,-30.709417606563445,-3.7156360316614494,-2.556450645658886
1.429731483273611,-0.41548291209590704,0.06658226295384075,0.4599554109261233,-0.7194107827840657,0.7471916022059717,-0.8198622608286223,-0.9238274976669131,-0.36244191213801763,-1.031568808865774,0.7528673869198628,-0.4468178639120839,0.7885526073287656,-1.081235501002083,-0.8663838331351761,1.81392455641432,-0.975150121146189,-0.9206126490263995,-2.480437411053044,0.6096507057697728,-0.8702438631897201,-0.43471953854220013,-1.2391745746820244,-2.852182902133227,0.6512027423540687,-0.828990806380547,-0.35293657469754247,-0.4396339920446736,0.14831846457030368,-0.22086449043346812,-0.13624625400622054,-1.078287397204838,0.5191058913907648,1.053291705982492,1.1140584982296995,0.6779656180034506,-0.43748697397110503,0.42779020376849813,-1.9708569254875759,-1.2425209305785463,-0.3454701399112895,0.9760360845135296,0.48509201683503494,-1.107903424945246,-0.39727942527968213,0.4591438304406449,-0.6165429139085068,-1.6101683209182536,0.20111967238421932,-0.8335233512550658,-0.41791523219350896,0.989151508890784,0.5170770877375439,2.6818586574352556,0.06500101151724941,0.3781790466240106
-1.3756360231597617,0.727839484014178,-0.310220675539371,-1.1612536799951512,0.6194746242272097,-1.0489427157640425,1.5053610376636595,1.3806790291463023,0.26334035812718426,1.0148619925170939,-1.6664928825541556,1.1314739472188011,-0.9167676291042262,0.8329547323399712,1.0294155014907795,-2.5607445968059834,0.9006608263798194,1.1801099205087187,2.846952087193037,-1.2090423786928657,0.7010479772612712,0.7960781591502097,1.3089030358683904,3.849036582200274,-0.828990806380547,1.7016924546875387,0.06270237393234128,0.3561830889992084,-0.4929161915028607,-0.013658741420442072,0.9162915733385246,1.7754906284316898,-0.8986165834381885,-1.7044825378956177,-1.2953473894480887,-0.4584944781801464,1.1140199688468337,0.06343900574338283,2.190560950041863,1.067539069173897,1.0276549518931626,-1.2902094172963399,-0.35936900200374855,0.9529176408500395,0.22377298619091682,-1.108885320136977,1.0942362393935503,2.134256491598328,-0.41721165086165907,0.27982641782753154,0.5057265796740085,-1.3694297226655678,-0.5362208396748065,-2.9696173611815935,0.1507332248995537,-0.6590625924366601
-3.5953813902566765,0.3054527134122507,0.04196927010398698,0.7781160718481268,2.1703368483958925,-2.0575326666720546,0.3446439508030606,1.204393001979447,1.0394239811888795,2.649751598585408,1.407403962314328,-0.40730268960150756,-2.520833406280786,4.797879379687264,1.8105304498361818,-2.510153164973511,2.632763505058104,1.2128732359581333,6.143796556647582,-0.5238671577958873,2.9845971101196698,-0.019275242645202497,3.978428286597688,5.746930143911043,-0.35293657469754247,0.06270237393234128,1.7725879177113892,1.0713711758609474,-0.05568848124426001,1.4747588566266536,-1.4266073801356216,1.2122674979068326,0.030713631111786148,-0.9815806518234328,-2.212242645512612,-3.2701049492810035,-1.435479733711698,-3.1699970823577193,4.51314928974136,3.8443462177585914,-0.3545324633454664,-0.7027539105725086,-1.516873922243138,2.8973207033773716,1.036784145446837,0.24323627213244067,1.1150905546761327,2.830610781953974,0.12253895682027799,3.8612785548837634,1.4401277625516906,-2.1401093338290056,-1.4009928427794525,-7.043700654902603,-1.3054223575805675,-0.2763232012792179
-2.5556270548003845,0.3345921287892363,0.016591717177738143,0.22982291947600844,1.4707921767973122,-1.4292497979356629,0.5698812154330126,1.0647634386014344,0.6924363439117635,1.893040866758626,0.4365173012823473,5.908666647353753e-4,-1.7135954746474353,3.054334681670346,1.2885379823360854,-2.1294532343425483,1.8490864628149812,1.0420643067796218,4.417921662826475,-0.5450213276508481,1.9706965739902087,0.19794077152869582,2.6140454069064263,4.391889092055923,-0.4396339920446736,0.3561830889992084,1.0713711758609474,0.7750623393001334,-0.13663227837351888,0.9306108273974003,-0.6694014944592188,1.1278455301347434,-0.23887420798197984,-1.0050422849289342,-1.717866727323021,-2.100294281091891,-0.5103463724650511,-1.9039853185033582,3.298257669666112,2.668718151169014,-0.02396831786827266,-0.8053547103153679,-1.071146706346975,2.031907945590792,0.7576163091465984,-0.13789279246484593,0.877074642912862,2.2972568233075275,0.01860071668171476,2.4365603246404453,0.9564695260382812,-1.5900954984910005,-1.0116857577666274,-5.069805729346274,-0.6944901741024501,-0.3341487649819963
0.5457420722583722,-0.2146042128259019,0.10514547408050912,0.2867508807972639,-0.2658637389562585,0.46697799861008216,-0.48593809570224905,-0.4772945021281724,-0.06960557350169068,-0.4309667267760773,0.3340853311255228,-0.3692678688998542,0.47811272897262697,-0.6008864206163445,-0.31529642501102045,0.8396248439025226,-0.39381536638914616,-0.3556603712769975,-1.223345762115221,0.4397069878178617,-0.34857947613250456,-0.21447703107129562,-0.5682421701056105,-1.5722195794094262,0.14831846457030368,-0.4929161915028607,-0.05568848124426001,-0.13663227837351888,0.2799396207534954,-0.13424725863168285,-0.30319097478022594,-0.6310834809598266,0.2688659333824936,0.5911719425037871,0.4985374019983517,0.43041221809292407,-0.27079581634983146,0.21306160061256135,-0.8575481212333528,-0.5741273939353847,-0.37363479346611306,0.3360641424922824,0.21889680986226182,-0.35933223397871844,-0.11061800410619982,0.43576540921070417,-0.45878143449764497,-0.8640813627236683,0.06811155678702138,-0.26751211298599076,-0.264805121388695,0.5774217866702088,0.2767978265775663,1.4259600587073253,0.02028180225920946,0.22507507551287267
-3.09868232958921,0.24405856223436975,0.06606187965097667,0.7016289219398582,1.8600850423283184,-1.7961401169232272,0.3397164812205828,1.06232638079487,0.851963088957423,2.3196793278426,1.2635348411380165,-0.3079557523314358,-2.2251670230610734,4.191051381557514,1.455310670958239,-2.137935847259093,2.287006438410734,1.0125090025441847,5.381665910840294,-0.4588620618728162,2.564747822795459,0.007169314112935093,3.350883717878106,5.085982429085969,-0.22086449043346812,-0.013658741420442072,1.4747588566266536,0.9306108273974003,-0.13424725863168285,1.3550721905978067,-1.1646541743750036,1.0594380039458065,-0.009621967335563975,-0.8742598419043907,-1.978349870710486,-2.9337764727513376,-1.1461844313668323,-2.786853016862024,3.9190297288886766,3.4314802269719,-0.2684916527817489,-0.5801085240043897,-1.3853301879066906,2.478740746496592,0.9314644294523812,0.0886399175652125,0.9961076287489861,2.5694119403921087,0.17950135661839675,3.3423144112542427,1.259659922256156,-1.8770080969674146,-1.270653958837235,-6.303176205861457,-1.0841726045882174,-0.27345338846154943
2.1328399168366663,0.16391489628102465,-0.2145114293097027,-1.2887976215365116,-1.4112134068515023,1.0345216476915193,0.6047191017708238,-0.1710394286840795,-0.7186976418155087,-1.5548160125081014,-2.059303506405566,1.0101643023886089,1.472518248908878,-3.3502383456260545,-0.9174639109068639,0.5742708505273001,-1.6116850745960067,-0.32671981508922077,-3.2890160782158957,-0.29697283500593197,-2.0160033917997904,0.4709251679104982,-2.4832460749980694,-2.354509242349806,-0.13624625400622054,0.9162915733385246,-1.4266073801356216,-0.6694014944592188,-0.30319097478022594,-1.1646541743750036,1.734418324995861,0.06338935526863398,-0.5499840363924173,-0.20944666622534305,1.0309254617231114,2.3151162216610124,1.822906998220265,2.5663036714656475,-2.3915544733575893,-2.4534179401804677,0.919868543385047,-0.14051804069402718,0.9950683426578116,-1.82396425724055,-0.7075871136893835,-0.9019020392852952,-0.23513307727614552,-1.0054696746492118,-0.3097643603045271,-2.965149951256585,-0.8542460912288042,0.91138387122186,0.7969968712487332,3.878809030691095,1.1495464578158139,-0.1681570940678268
-3.9185356246516347,0.9566138639226895,-0.25224171353116,-0.6786831601683629,2.1194647724859514,-2.489481565272624,1.8707007824466124,2.30765204227237,0.9464798883251007,2.918111772025535,-0.8040808276495849,0.9566357483695924,-2.7045450840044336,4.148032879601928,2.2207093233557913,-4.411741217649011,2.771844117270847,2.070779707703406,7.259543102809207,-1.6278961463177868,2.75339589606345,0.856339970050111,3.972227921104826,8.09026510578985,-1.078287397204838,1.7754906284316898,1.2122674979068326,1.1278455301347434,-0.6310834809598266,1.0594380039458065,0.06338935526863398,2.7197020572820607,-0.9877499861940553,-2.515637222853452,-2.9557163916622686,-2.7874075242679677,0.33096383307423555,-2.1110178064016005,5.423974683869109,3.860095564796332,0.8673856042137819,-1.8716810596025761,-1.4948805674413068,2.9797409810391287,1.0040438905369578,-1.1245563064874737,1.9212441115427563,4.32523674318244,-0.2901250852595877,2.925547084519417,1.507407542941978,-2.920763027646724,-1.5828108988499474,-8.145976695812017,-0.6600857673561289,-0.9179075836432197
0.7941488719047822,-0.3987767083929747,0.1006040294874647,0.6688482838962723,-0.32718819627905943,0.49275901349121987,-0.9016809567784096,-0.8060993756943055,-0.13224491807134467,-0.6009839630785316,1.0591917334326288,-0.6615573979448518,0.4426954248016173,-0.3044566910757835,-0.49434999597158824,1.46537283620846,-0.5208527455379838,-0.7051042152344461,-1.5697060641127878,0.6281905727593889,-0.336572352491569,-0.5126486971144821,-0.5389157155940439,-2.146946014131305,0.5191058913907648,-0.8986165834381885,0.030713631111786148,-0.23887420798197984,0.2688659333824936,-0.009621967335563975,-0.5499840363924173,-0.9877499861940553,0.5964214433339096,0.9936283258565215,0.8157988767236692,0.20337973527907963,-0.8336640042675553,-0.1228023217098469,-1.252369936322601,-0.6539466711305076,-0.5511910700500473,0.8442643739367743,0.26530511514780114,-0.5606816226870773,-0.20472128460990516,0.6985465007102561,-0.5500300101777901,-1.3008189748867138,0.1926104325822298,-0.10833471971821153,-0.21960351706220513,0.7184539345748421,0.330604956077566,1.72069006708264,-0.20402671661109834,0.40506708326416513
3.460376402027848,-0.8952982346522927,0.22094824693612514,0.7478040157926009,-1.8349443098509248,2.1651610533366044,-1.7941880388052525,-2.1289661382818417,-0.8168146335926665,-2.5781725221480887,0.9811724768269462,-0.9696360700328492,2.3357653752554928,-3.4751079948263657,-1.96185305714824,4.051813199813649,-2.4340715993077833,-1.9166469889394666,-6.412321054428628,1.5065327232810037,-2.3544815440979754,-0.8524864639179902,-3.390477700723466,-7.255737079331513,1.053291705982492,-1.7044825378956177,-0.9815806518234328,-1.0050422849289342,0.5911719425037871,-0.8742598419043907,-0.20944666622534305,-2.515637222853452,0.9936283258565215,2.3626922164378685,2.674762915684777,2.3398572464230316,-0.5332218923525219,1.6902764838352977,-4.8239508828402045,-3.3716680810750534,-0.8595908817355696,1.8068317497273134,1.3148124739755476,-2.6230123093275948,-0.9033435135477764,1.128924041217971,-1.718001930713258,-3.94228728339138,0.2882132672584423,-2.436598932964564,-1.2879717614826054,2.5990105380339625,1.4010150298341777,7.195678734709801,0.4679616874541894,0.8706057616377179
5.752990803670732,-0.947640609433875,0.06961590345099156,-0.08470263606144333,-3.2578145848136826,3.3905331059298898,-1.7516344033824551,-2.7102217078869733,-1.5026787169223526,-4.291573423980383,-0.3693995661150666,-0.4390950116482087,3.922956993312295,-6.667239646985628,-2.9583789799849525,5.28268528141235,-4.1330129574208465,-2.5214636635654153,-10.203863093207065,1.5664668949015785,-4.323776500912967,-0.7292615409994134,-5.855261499682494,-10.53371521863762,1.1140584982296995,-1.2953473894480887,-2.212242645512612,-1.717866727323021,0.4985374019983517,-1.978349870710486,1.0309254617231114,-2.9557163916622686,0.8157988767236692,2.674762915684777,4.063760095313239,4.592191272844263,0.6212144129575188,3.960887427018972,-7.612326865719837,-5.965857441180112,-0.3426611604717662,2.056728129999111,2.3832391862515823,-4.516206618510541,-1.642265213267563,0.7542840332679085,-2.244805277078252,-5.565648498348511,0.05657935091320435,-5.151761661353041,-2.1892344462946793,3.7969576457970255,2.31492551595606,11.669958653297233,1.3791083429271205,0.9607383350045021
7.106448317214887,-0.7273202135045912,-0.017753360296111683,-1.2312994931388392,-4.228232667389418,4.23739774809282,-1.0966216377307085,-2.657752242055284,-1.9344973102205427,-5.302513866336629,-2.3837024523801165,0.39264044989619085,5.1301313977814935,-9.449999532629267,-3.500459890788857,5.32080344268583,-5.2163110785456155,-2.4998418956233945,-12.492414983196205,1.3507023815528525,-5.808218623273292,-0.17589620681869544,-7.763738488977131,-12.10325355454916,0.6779656180034506,-0.4584944781801464,-3.2701049492810035,-2.100294281091891,0.43041221809292407,-2.9337764727513376,2.3151162216610124,-2.7874075242679677,0.20337973527907963,2.3398572464230316,4.592191272844263,6.5422522117351765,2.334340761040102,6.106887733934911,-9.103269859396145,-7.723178528039,0.29842618265894727,1.5422137962578144,3.0726835028374713,-5.639591160137325,-2.045462698472429,0.04989658612692593,-2.4933483837811914,-6.100522988398503,-0.2511295380935706,-7.3853813638102634,-2.912617080577574,4.483273361401629,2.8924544948214517,14.482604371790893,2.393973526313281,0.7429523480452888
