V1,V2,V3,V4,V5,V6,V7,V8,V9,V10,V11,V12,V13,V14,V15,V16,V17,V18,V19,V20,V21,V22,V23,V24,V25,V26,V27,V28,V29,V30,V31,V32,V33,V34,V35,V36,V37,V38,V39,V40,V41,V42,V43,V44,V45,V46,V47,V48,V49,V50,V51,V52,V53,V54,V55,V56
14.137790602131984,-1.9342260947072143,0.07007603785478174,-1.1146274517239092,-8.154037260010366,8.099332363501748,-3.288800507614448,-5.978511151098812,-3.7978609447595923,-10.44844829983303,-2.3600708600303455,-0.1597961448217423,9.671486630384521,-17.099639470210263,-7.279120844248063,11.9348261481812,-10.228753320163301,-5.758952383600823,-24.617381627576137,3.2419570728473697,-10.964127832002468,-1.1159584214983034,-14.763922749827742,-24.618690985621484,2.3775800795712394,-2.257895355717947,-5.938634533878888,-4.194122290242985,0.8354428244695548,-5.084942597023405,3.6002413022391244,-6.406839310362639,1.2861917780901444,5.647809352280047,9.491627531725769,11.707517599358694,2.934801444362593,10.554434810592763,-18.347429478615066,-14.731527041633067,-0.06350288196759418,4.341221699920022,5.818473182298998,-11.180304958858544,-4.059577668157797,0.8446400618253901,-5.05581991249415,-12.746355139692062,-0.007321797903249119,-13.424355036792289,-5.395064338377831,8.979278517830886,5.603812102219591,28.138592414828388,3.9630571942447332,1.913452755735686
-1.9342260947072143,0.43269436561194907,-0.11427008747407807,-0.19304275021614078,1.0880568447799261,-1.2469674672530082,0.7626625157849198,1.041468749754836,0.5243144903132706,1.433224188467295,-0.17096900549953384,0.31827892584601275,-1.3276676782976977,2.158783398845386,1.1234923693092365,-2.037375983973089,1.3642470882105246,0.9578705123206191,3.5287175434240714,-0.702372172165679,1.4257325579042315,0.3404049149709564,2.0694345336218314,3.793189021297106,-0.48754648371812004,0.7406988135585351,0.7083681954833728,0.5640078631045782,-0.21892886625606597,0.5515274928885334,-0.15415941743333475,1.2080485504564396,-0.3676158907523912,-1.0894816017448608,-1.3803471495616768,-1.4119091358031142,-0.07129530444325322,-1.1691687530065025,2.6238187653243887,1.886197032388623,0.2957318061853762,-0.8139700640259584,-0.7264449550944879,1.505245966572485,0.47633060705490954,-0.36414335893582944,0.8898892162212031,1.9567843400581644,-0.1318369713014193,1.586648822363549,0.768419327326213,-1.381380774218596,-0.7420569451286312,-3.8973731768027493,-0.4318450300379609,-0.3775658994126322
0.07007603785478174,-0.11427008747407807,0.1580202841881898,0.19543485197134097,-0.04909588283505808,0.2227476860159819,-0.17992382620155126,-0.14526433672740047,0.001369809435942202,-0.03126430104478786,0.13936684030627824,-0.18505480296156407,0.19430579710386528,-0.2149001282683338,-0.19714409182802012,0.2783399928582715,-0.04680034095985646,-0.07385630027441108,-0.30342800419900945,0.259697167145151,-0.09024701299807925,-0.04482073794284448,-0.3358482066261852,-0.4791765722061843,0.01595349857529138,-0.34916457490681924,-0.021891930551466786,0.04886376164723044,0.10495896731216832,0.06211705522648315,-0.15128353830081043,-0.25578094115666683,0.02287699747648168,0.18087382309050978,0.033373449254309705,0.07929910286549592,0.04389295143399513,0.01199940788204994,-0.18673611555262773,-0.0027084831753889436,-0.22772878082531323,-0.007360368263505008,-0.07518913679254213,-0.001424400545161446,0.10486226335550833,0.11453942884185495,-0.237847078059749,-0.13699534644731204,0.11687965244968836,0.030786101761072635,-0.12060196929812257,0.22941484447947275,0.021530726469990144,0.21980065168313095,0.09369420232834208,0.07054146192738071
-1.1146274517239092,-0.19304275021614078,0.19543485197134097,0.9544848692464414,0.7719445356801803,-0.569929798805196,-0.5207620705086546,-0.03087494418237592,0.38653469870987595,0.8609078290111486,1.5023962504530561,-0.7084982351427068,-0.8151392363653873,1.9978052988678827,0.33411433913816446,-0.03756428888296339,0.8702858361629714,0.03910171428514551,1.7657493709680276,0.3062282562758278,1.12705274402734,-0.3642605655788298,1.2825708066568287,1.133250253342694,0.2544369277946401,-0.8138648683286519,0.8116196979607403,0.3922468045553395,0.12310720876720943,0.7946962995722117,-1.0466258785822626,-0.19765526664297192,0.3944448244924494,0.2590188547118747,-0.5156197943598229,-1.4444162776118599,-1.1434291974502968,-1.623675025427575,1.1909242591877693,1.4449798075985096,-0.6191013859660205,0.24121593991552906,-0.6471404851984918,0.9774434855495395,0.4293622747871328,0.5510648933970947,0.07423941020322002,0.4883764651914498,0.3073814814841137,1.7877660297633273,0.49966421983201537,-0.4351637605969284,-0.46420084668367795,-2.237919684465169,-0.6694116764714104,0.16930774533924794
-8.154037260010366,1.0880568447799261,-0.04909588283505808,0.7719445356801803,4.746367044506347,-4.755301924446598,1.7701081271214547,3.381171444798138,2.2336333455109716,6.035713157176389,1.6039258404613526,-0.01625368198490078,-5.624194239270517,10.052091855662463,4.214457245845896,-6.775144024081264,5.902840175965324,3.2538132022138644,14.238158524112636,-1.8227498374510394,6.401798771427456,0.5654306922498454,8.65712448832727,14.146332175215948,-1.2870618315060836,1.1996431916321362,3.519239353050422,2.4248649015502037,-0.46489288281951746,2.9899906415523243,-2.1881903365640087,3.623747542562032,-0.637592128757008,-3.1602694453323323,-5.411275736270214,-6.8535856517215805,-1.9106491310818932,-6.251897448132023,10.553588637841308,8.513611093614827,-0.028601277246274936,-2.377053406388474,-3.3653869215751624,6.468099716921417,2.312294345209701,-0.3685524748143702,2.9269431166113593,7.247236625400948,0.026497652441975977,7.890650637382804,3.1766666668804224,-5.1794892225672715,-3.216854443887456,-16.245523671434462,-2.3954817153025765,-1.041518144438593
8.099332363501748,-1.2469674672530082,0.2227476860159819,-0.569929798805196,-4.755301924446598,5.230490136781189,-2.0284940412065606,-3.600156808487062,-2.227071259795673,-6.079192667069542,-1.5258847493793295,-0.2939217768366581,5.869709300824707,-10.363239062910846,-4.27063199085727,7.073990006489983,-5.852257940208206,-3.264422121957119,-14.702058928300117,2.185486596875692,-6.438016975035237,-0.6789969633559557,-8.959082519065062,-14.927256904119794,1.1469620519086245,-1.5614376820602844,-3.4609981226046087,-2.3905492353054467,0.7952894371104146,-3.028508168487238,1.7528036995384726,-4.022256359666088,0.7218442832456832,3.491353548623544,5.460909630214503,7.025447026307353,1.8083949823477283,6.315785429900143,-10.663220700193898,-8.519628842007034,-0.3924395991364878,2.305133920368806,3.373156307608265,-6.377814001011205,-2.1463636049014343,0.7233181451134002,-3.3626579263830565,-7.5357252718803975,0.008821873035402767,-7.828892718236,-3.4230700159766214,5.512686387512134,3.2500860603693154,16.734831030477114,2.4422794518599287,1.135321812788527
-3.288800507614448,0.7626625157849198,-0.17992382620155126,-0.5207620705086546,1.7701081271214547,-2.0284940412065606,1.5759104279166873,1.9126865653264935,0.7466896669954001,2.4530203310541863,-0.6104090438409933,0.7935535085051143,-2.2984948095436626,3.481928025779779,1.7817856869864028,-3.610830501989998,2.343811574211656,1.6803088827801238,6.056301298783073,-1.3158818054199681,2.306363924376474,0.7294031785008972,3.258251010078839,6.731342106918513,-0.8357205374318429,1.386748642490211,0.992564345438868,0.9254987488787063,-0.506298668154828,0.936534446473848,-0.01525087568451735,2.194222748544508,-0.8151085109222312,-2.0252674246545936,-2.532351825669717,-2.413527489996935,0.29502771538569306,-1.8031264687201787,4.564405141586804,3.328118011185927,0.6772301876065047,-1.5066092790267387,-1.2856028364582177,2.483408694581903,0.8759634236921426,-0.9582518377797073,1.566427469816224,3.6439747911396396,-0.18764619260191331,2.4659564485037704,1.237235574462993,-2.4146148579227744,-1.370848556586166,-6.888973239692525,-0.5435051383857524,-0.8024200380810811
-5.978511151098812,1.041468749754836,-0.14526433672740047,-0.03087494418237592,3.381171444798138,-3.600156808487062,1.9126865653264935,2.8851025666687846,1.5502259006139434,4.4505674200746554,0.26528544590956304,0.5615083247676614,-4.1293510653791525,6.960026636841974,3.1522895700384215,-5.624258462117285,4.2929222180969395,2.6662852146502383,10.693759378561877,-1.757703034038472,4.494871651734194,0.7806027824803441,6.182922592663904,11.141870673270942,-1.1854438846183344,1.5330151013112951,2.2785885104045884,1.7610833069710101,-0.5871392431054253,2.003958858884744,-0.9485977199678302,3.2104530592465697,-0.8820281678882305,-2.8924227075427082,-4.216167115393063,-4.757730840187155,-0.6171763945822965,-4.0686670748752825,7.953992610299281,6.154330836976203,0.4863813846453621,-2.1645857304470577,-2.429824791148493,4.666621142651989,1.6545057210972547,-0.8621082471193848,2.4392597072266957,5.846596785049718,-0.12202242406681331,5.282535539219302,2.3126087103900046,-4.0408647036182375,-2.402114580976108,-12.17351092757974,-1.443304696036814,-1.027149439227548
-3.7978609447595923,0.5243144903132706,0.001369809435942202,0.38653469870987595,2.2336333455109716,-2.227071259795673,0.7466896669954001,1.5502259006139434,1.1356868000045757,2.8112048578512483,0.728276978011492,-0.09315583814070508,-2.508128383874139,4.597610436700647,2.0190558806771146,-3.1715155559131194,2.716529472218781,1.5568183147347325,6.568187571762287,-0.7810867697192058,2.982562419163264,0.2612492301011711,4.051361561448872,6.440429404661109,-0.6919246093094042,0.5359603644194644,1.704873488484843,1.1797736787176287,-0.12931954120349184,1.354197459815136,-1.075752240617603,1.6577150733389932,-0.28521159582809885,-1.4574215356444575,-2.46735547986663,-3.054445482087567,-0.9245582935620472,-2.8752510315434594,4.863419845907334,3.857889803482149,-0.08903053993621513,-1.1804149413176543,-1.5526863860927678,3.073365618218965,1.0677261468138701,-0.0474247713359647,1.3111155430222283,3.262326377189547,-0.019574387444054597,3.715559291869002,1.4734860209596963,-2.347084240328245,-1.423194072728308,-7.373322176201305,-1.1188037394988546,-0.4249691040987192
-10.44844829983303,1.433224188467295,-0.03126430104478786,0.8609078290111486,6.035713157176389,-6.079192667069542,2.4530203310541863,4.4505674200746554,2.8112048578512483,7.768964018330031,1.807975146663217,0.14482450873703964,-7.186625810849725,12.720807849421124,5.309660487880142,-8.82774729163418,7.5636927318270315,4.238863828884082,18.320536257650748,-2.4091197292477387,8.114020152389205,0.849715099861201,10.897259587703422,18.355200114107678,-1.6907910158220016,1.619873559792134,4.3723602349644874,3.1296900685170144,-0.7031761949857835,3.8394142038631083,-2.585155523226528,4.7771512951949555,-0.9810640547735496,-4.224663324628167,-7.063468464134567,-8.743125815593048,-2.107669152288194,-7.870558451132557,13.581622902187458,10.966630297040673,0.09051478818984292,-3.1965503656768366,-4.3776396451100625,8.26798395203387,3.0144488436785455,-0.7159056319583819,3.8015455373838285,9.526945801109816,0.06347600309681055,9.970230787747223,4.0410242262029765,-6.680679354445397,-4.175770683626288,-21.014381775977355,-2.907675929920453,-1.4248450581766725
-2.3600708600303455,-0.17096900549953384,0.13936684030627824,1.5023962504530561,1.6039258404613526,-1.5258847493793295,-0.6104090438409933,0.26528544590956304,0.728276978011492,1.807975146663217,2.6387845080798,-0.9899237963084384,-1.98354839184651,4.307189551431604,0.9410421070663245,-0.638586801135057,1.8318547069866162,0.23591155588263044,4.132973460451496,0.1131385142628415,2.3666428114233486,-0.5740707367537695,3.0321287109675246,3.2708408421701227,0.48024706169474063,-0.987707185740676,1.572826241412909,0.7091380091499623,-0.013853546148586478,1.5068066371445321,-1.6993735482675187,0.12651720462971605,0.6538588483673156,0.09866071322687636,-1.188626971098067,-3.0457182295342675,-2.1594844190636318,-3.2091349758741585,2.761794015328666,2.9692679816754546,-0.7626540708967064,0.42395921495217476,-1.2174046343951777,1.9459014199981923,0.7168077739284184,0.734601503398732,0.5995371432067576,1.3867275537863932,0.4466509377177266,3.4524244055496855,1.1968041856706317,-1.3087753714792425,-1.0180306916182698,-5.038639711798145,-1.408236268900385,0.15069431987256507
-0.1597961448217423,0.31827892584601275,-0.18505480296156407,-0.7084982351427068,-0.01625368198490078,-0.2939217768366581,0.7935535085051143,0.5615083247676614,-0.09315583814070508,0.14482450873703964,-0.9899237963084384,0.7239180791079954,-0.22033159785363185,-0.1524517767407709,0.17875335694794856,-0.9173505967418666,0.09038810392078256,0.36369991889462344,0.6640887391940326,-0.607646543101567,-0.07265922503427497,0.42711358323910376,0.08469943423720137,1.3198013037891265,-0.2410716746197822,0.8561581979696776,-0.2846698305152221,-0.012145668295147988,-0.354437657328246,-0.15040078397946174,0.7551762861817932,0.7669054200250445,-0.4739621938233758,-0.7469202157787042,-0.39739291279192246,0.08014740994528531,0.8177111635924975,0.423847189620579,0.5002647714556798,0.09805816941242491,0.6649469674180543,-0.4581911773363734,-0.002633038271512657,0.0021711227437596846,-0.041936640002830546,-0.7440085130514382,0.4832638140373458,0.8003518006110505,-0.17601860602690614,-0.4316719912439516,0.0906177058999173,-0.4626471151270383,-0.1405157910457181,-0.7344111818972455,0.2658348035027977,-0.3529104593063713
9.671486630384521,-1.3276676782976977,0.19430579710386528,-0.8151392363653873,-5.624194239270517,5.869709300824707,-2.2984948095436626,-4.1293510653791525,-2.508128383874139,-7.186625810849725,-1.98354839184651,-0.22033159785363185,7.005307015386684,-12.304751485855903,-4.978173581135503,8.128322451943694,-7.04970767555608,-3.782197888939748,-17.239928218116834,2.4373689942634433,-7.6593843493384135,-0.6864904341381214,-10.476492003870613,-17.37861287793092,1.294380998956378,-1.6160648927023842,-4.090240153211703,-2.77286540911094,0.8266148841761949,-3.6346682373668555,2.3651940058848138,-4.511207756795189,0.7616070996861175,3.8912170908269044,6.505495956419643,8.481109225930227,2.282501357679689,7.575250194721334,-12.673707132486767,-10.291059360093643,-0.2578617106688148,2.6175423659347024,4.007068692043763,-7.5529835612149885,-2.6691196400445114,0.7421149707851734,-3.762895924210736,-8.870902151305645,-0.05831438990991266,-9.332718716885113,-3.9162794056451085,6.420859976034575,3.9519478634478795,19.818342862279277,2.9222279555056327,1.3555192997169916
-17.099639470210263,2.158783398845386,-0.2149001282683338,1.9978052988678827,10.052091855662463,-10.363239062910846,3.481928025779779,6.960026636841974,4.597610436700647,12.720807849421124,4.307189551431604,-0.1524517767407709,-12.304751485855903,22.097811983635385,8.74973078576641,-13.844077249914527,12.469859853883248,6.485781283526243,30.315168777603397,-3.9113570712530157,13.71672794241482,0.9053729579558027,18.664582894884813,30.08248320415211,-2.1254706195418227,2.256775869879543,7.529881585313639,4.9924696673991455,-1.264662987218361,6.612445134286242,-4.703203220381167,7.5348665940178,-1.015922756385383,-6.444314758814895,-11.266429341926868,-15.165044492931354,-4.681757351449605,-13.852894218610961,22.186216980658553,18.226680188287006,0.006237146615644313,-4.345089605278986,-7.165581415449193,13.475752383039767,4.759932568663903,-0.7783680733744712,6.414742790911676,15.225492116583018,0.23463134653637852,16.998108405813287,6.976581243455375,-11.132619807092977,-6.9088146818410054,-34.826861719393165,-5.412883025516473,-2.1161747564580184
-7.279120844248063,1.1234923693092365,-0.19714409182802012,0.33411433913816446,4.214457245845896,-4.27063199085727,1.7817856869864028,3.1522895700384215,2.0190558806771146,5.309660487880142,0.9410421070663245,0.17875335694794856,-4.978173581135503,8.74973078576641,4.042023682142075,-6.399643403984924,5.224421120927719,3.080806030733396,12.670985434501342,-1.8525779577638744,5.662341799727054,0.598364177321003,7.892584260733903,12.751549711485575,-1.399021420737931,1.559264450662342,3.118666308723937,2.105415648822713,-0.3676224950563386,2.398392797186008,-1.7901043554266658,3.473672704319176,-0.6508859160423388,-3.0199423417778477,-4.779152149395808,-5.809112338005565,-1.6098066649477232,-5.263019625194373,9.477428601348723,7.322173025799575,0.1631859419691085,-2.306938497868335,-2.7924233325659915,5.752368666766635,1.9394331755576881,-0.35305292271343724,2.7092028464458795,6.435803586542339,-0.21214782744562466,6.780951463268826,2.8080260197546907,-4.709598172796161,-2.771843769261076,-14.159877935084225,-2.128282649541448,-0.9866483211987607
11.9348261481812,-2.037375983973089,0.2783399928582715,-0.03756428888296339,-6.775144024081264,7.073990006489983,-3.610830501989998,-5.624258462117285,-3.1715155559131194,-8.82774729163418,-0.638586801135057,-0.9173505967418666,8.128322451943694,-13.844077249914527,-6.399643403984924,11.099743594598504,-8.55307924079325,-5.315803888089064,-21.12385684424392,3.37061901099015,-9.005398676095327,-1.4445783924506186,-12.413706238613106,-21.824198615592984,2.4521828501526493,-2.9733116229482355,-4.674083630665713,-3.521642301728063,0.9829022145213208,-3.924326828886152,2.137298106643881,-6.241844536395496,1.6348771033964509,5.601439714843094,8.267516954813768,9.365734203115995,1.4915561025632014,8.132639811051943,-15.773061496652598,-12.141889830458453,-0.7779242917782494,4.29863043368784,4.7630149457159385,-9.364186819657476,-3.287518816117239,1.4179704502554102,-4.711971554496578,-11.373680129675408,0.30352163291641543,-10.623761840619974,-4.562317707097903,7.932956545767457,4.698490952910009,23.88992386449381,2.9736673993374985,1.9381255908589268
-10.228753320163301,1.3642470882105246,-0.04680034095985646,0.8702858361629714,5.902840175965324,-5.852257940208206,2.343811574211656,4.2929222180969395,2.716529472218781,7.5636927318270315,1.8318547069866162,0.09038810392078256,-7.04970767555608,12.469859853883248,5.224421120927719,-8.55307924079325,7.423367854352623,4.116311659798514,17.830192816978638,-2.3283507466635354,7.958045023654075,0.7652728009170988,10.69094826003402,17.81446006053591,-1.6429449539586871,1.5625869571581752,4.3014974001158075,3.0212311080855723,-0.6311559421745951,3.730542240359599,-2.6431223277252167,4.594398295999663,-0.8949550981919957,-4.033049112931232,-6.86409052598834,-8.575187272158901,-2.1902878349396935,-7.723579241972306,13.273540774914412,10.725095408588926,0.028232915142867583,-3.0614659072538055,-4.2330100905988095,8.070288535265183,2.9476321215073455,-0.6077259034349893,3.658891974000309,9.226775452941272,0.04170455507815999,9.760302908563693,3.91712651442205,-6.503375044597273,-4.086714718251222,-20.448017007605312,-2.897722014879864,-1.3779925311605647
-5.758952383600823,0.9578705123206191,-0.07385630027441108,0.03910171428514551,3.2538132022138644,-3.264422121957119,1.6803088827801238,2.6662852146502383,1.5568183147347325,4.238863828884082,0.23591155588263044,0.36369991889462344,-3.782197888939748,6.485781283526243,3.080806030733396,-5.315803888089064,4.116311659798514,2.602984378865024,10.019547658203585,-1.518616504737973,4.2979641088175145,0.6894076803373455,5.852358452378561,10.275454609122521,-1.2869745856957115,1.3640645154279716,2.2589322404921557,1.7309643314992351,-0.37060278485562786,1.8479155925100441,-1.1111264748749137,2.9257462702847365,-0.8038663224733692,-2.6515067375755894,-3.9633429543569383,-4.371157272134946,-0.6751756954526641,-3.8289538575357795,7.549082512248514,5.791431547897729,0.2634513727395619,-2.173020895927385,-2.2887073570204723,4.55104082310995,1.6338105031135501,-0.5865709700128536,2.136583509643979,5.399773761321271,-0.15679985770708657,5.098201538805954,2.1121957326282805,-3.70927298768327,-2.226705923280212,-11.303597200163269,-1.376753370556021,-0.8995701829599144
-24.617381627576137,3.5287175434240714,-0.30342800419900945,1.7657493709680276,14.238158524112636,-14.702058928300117,6.056301298783073,10.693759378561877,6.568187571762287,18.320536257650748,4.132973460451496,0.6640887391940326,-17.239928218116834,30.315168777603397,12.670985434501342,-21.12385684424392,17.830192816978638,10.019547658203585,43.60013331101852,-6.084840793882383,19.19167307304794,2.0680957051620554,26.07216842919473,44.00567774993194,-3.88361212275388,4.2823820706944815,10.259748177438995,7.282297465643336,-1.9371690141301714,9.014333132547872,-5.738123941987421,11.65033719533357,-2.3577175730250493,-10.245261433093654,-16.67400414133124,-20.78645016168557,-4.969682484200003,-18.58999768081687,32.17858493781034,25.849304303334943,0.6292756808182018,-7.4382871941540625,-10.239595347997605,19.383858045774314,6.928106080278652,-1.9818228068999277,9.36861151140124,22.697971329461204,0.043162721101892926,23.396555783489873,9.729116302550933,-16.097509408934936,-9.888898087730801,-49.93114276910314,-6.955424227376326,-3.468919469288125
3.2419570728473697,-0.702372172165679,0.259697167145151,0.3062282562758278,-1.8227498374510394,2.185486596875692,-1.3158818054199681,-1.757703034038472,-0.7810867697192058,-2.4091197292477387,0.1131385142628415,-0.607646543101567,2.4373689942634433,-3.9113570712530157,-1.8525779577638744,3.37061901099015,-2.3283507466635354,-1.518616504737973,-6.084840793882383,1.2959549911362938,-2.4497388902229837,-0.5141687237649069,-3.5951519071535865,-6.621471697715476,0.637257890398169,-1.2710519505244202,-1.159834856992311,-0.8759801208659488,0.5209028561221966,-1.0041549733891282,0.1941367601515187,-2.0828839426200187,0.5648511666025959,1.842864154170515,2.3300406788341372,2.634443744909178,0.23372973437946798,2.1283457697250405,-4.461501889889027,-3.3053341862614265,-0.6139221550360477,1.1817148593772133,1.2314448109750293,-2.4479405344248484,-0.7702525179158517,0.7346392658950296,-1.6230594685980546,-3.3914746134384424,0.18142685309208273,-2.6975454881241814,-1.368997772847768,2.4582919507463616,1.3349954166288247,6.851011507813035,0.8100652199065635,0.6727237906389367
-10.964127832002468,1.4257325579042315,-0.09024701299807925,1.12705274402734,6.401798771427456,-6.438016975035237,2.306363924376474,4.494871651734194,2.982562419163264,8.114020152389205,2.3666428114233486,-0.07265922503427497,-7.6593843493384135,13.71672794241482,5.662341799727054,-9.005398676095327,7.958045023654075,4.2979641088175145,19.19167307304794,-2.4497388902229837,8.67160149099953,0.6821182985841838,11.75089272657421,19.03306854424156,-1.6192570622275249,1.5476756162552836,4.77544826133319,3.2311432202503285,-0.6520481757960258,4.0760296287947755,-3.012800973953727,4.824514719314368,-0.7676832463474107,-4.173141430321472,-7.239369193182872,-9.367307247013132,-2.7522012308425636,-8.55802179345294,14.189489742679772,11.51024386632566,-0.05607593270876042,-3.0494003497530793,-4.527320477178618,8.677437451981804,3.0901597808823467,-0.452022391623566,3.961930874170316,9.703600087131658,0.06298926701125061,10.704811627695422,4.319061160058978,-6.997945165394973,-4.351076384323342,-21.93269838510542,-3.3173329825600875,-1.3764037668765237
-1.1159584214983034,0.3404049149709564,-0.04482073794284448,-0.3642605655788298,0.5654306922498454,-0.6789969633559557,0.7294031785008972,0.7806027824803441,0.2612492301011711,0.849715099861201,-0.5740707367537695,0.42711358323910376,-0.6864904341381214,0.9053729579558027,0.598364177321003,-1.4445783924506186,0.7652728009170988,0.6894076803373455,2.0680957051620554,-0.5141687237649069,0.6821182985841838,0.41095847449477824,0.9505853735663675,2.4241815890545677,-0.4247516558926265,0.6304717971818476,0.23467963146409251,0.34566268941913,-0.18827380283381603,0.24560085152629327,0.18370162514299695,0.8841438408371247,-0.4471938762603477,-0.8639079159534073,-0.9641214073865584,-0.6304823799168918,0.44875418585543475,-0.37329506634145204,1.5965855264688729,1.0713383490372383,0.334161826796878,-0.729955988530027,-0.4451686655678831,0.853733247994759,0.31484678147730844,-0.49086219779352713,0.5597582266142692,1.390097848216081,-0.09886091101674664,0.6604426607998625,0.3734868300139766,-0.8261425898895313,-0.454015404729115,-2.3269680210708894,-0.02269844791670618,-0.3536643740424957
-14.763922749827742,2.0694345336218314,-0.3358482066261852,1.2825708066568287,8.65712448832727,-8.959082519065062,3.258251010078839,6.182922592663904,4.051361561448872,10.897259587703422,3.0321287109675246,0.08469943423720137,-10.476492003870613,18.664582894884813,7.892584260733903,-12.413706238613106,10.69094826003402,5.852358452378561,26.07216842919473,-3.5951519071535865,11.75089272657421,0.9505853735663675,16.25119118787898,26.033384596037315,-2.2126794802518095,2.523263356428107,6.483083315548931,4.277228420899969,-0.9635825862595997,5.356601661183061,-3.884092163203651,6.773676420223336,-1.0154580344234088,-5.7989896282006885,-9.682060468400113,-12.597380846266963,-3.8361201256336273,-11.49318639062299,19.207266363809584,15.344953448309528,0.18550957315264344,-4.063907467685054,-5.938655357821305,11.64724063062001,3.969191592058054,-0.6617343615247709,5.608815994533362,13.074097622050187,-0.09277901260876108,14.340660591883934,5.962618071458261,-9.650617427155954,-5.804418614364918,-29.538160340354295,-4.609668205274144,-1.891241541731248
-24.618690985621484,3.793189021297106,-0.4791765722061843,1.133250253342694,14.146332175215948,-14.927256904119794,6.731342106918513,11.141870673270942,6.440429404661109,18.355200114107678,3.2708408421701227,1.3198013037891265,-17.37861287793092,30.08248320415211,12.751549711485575,-21.824198615592984,17.81446006053591,10.275454609122521,44.00567774993194,-6.621471697715476,19.03306854424156,2.4241815890545677,26.033384596037315,45.0168826338605,-4.0399432123972465,5.028081768135708,9.94623623157511,7.228576519888154,-2.293051610867318,8.854324579634762,-4.995784301690876,12.299299553221582,-2.7626113682959237,-10.878596788923817,-16.932279355752723,-20.653779072462335,-4.231821323791719,-18.152235888499913,32.45076737640602,25.816191879027944,1.2544763899515825,-7.777111926618049,-10.197887234302573,19.266144295912927,6.843889043841422,-2.6678319418630525,9.789585445020503,23.31764099955045,-0.10308265197619879,22.899033664697907,9.786229835508705,-16.458488789319787,-9.973283582969263,-50.394521511564626,-6.694609477679571,-3.7629372682991296
2.3775800795712394,-0.48754648371812004,0.01595349857529138,0.2544369277946401,-1.2870618315060836,1.1469620519086245,-0.8357205374318429,-1.1854438846183344,-0.6919246093094042,-1.6907910158220016,0.48024706169474063,-0.2410716746197822,1.294380998956378,-2.1254706195418227,-1.399021420737931,2.4521828501526493,-1.6429449539586871,-1.2869745856957115,-3.88361212275388,0.637257890398169,-1.6192570622275249,-0.4247516558926265,-2.2126794802518095,-4.0399432123972465,0.8854040283365436,-0.8141590823202165,-0.8590733929169221,-0.7430547823019527,-0.004888078110450643,-0.5168971133636634,0.3700327070923416,-1.294472426718356,0.4980072299686896,1.232662338439685,1.6434034347720712,1.3309814882354372,-0.047628791630218006,1.138921057105185,-3.092693197989389,-2.125453884839613,-0.11615077268934874,1.2574768162582757,0.8275261852320213,-1.9170371496315202,-0.6878141115083997,0.22703046823944817,-0.7587283801681474,-2.1872976920711564,0.21928952965262608,-1.8197267238626698,-0.7038963431169224,1.417112689340968,0.8090681804837637,4.178680837987701,0.383821161118556,0.40642953719699376
-2.257895355717947,0.7406988135585351,-0.34916457490681924,-0.8138648683286519,1.1996431916321362,-1.5614376820602844,1.386748642490211,1.5330151013112951,0.5359603644194644,1.619873559792134,-0.987707185740676,0.8561581979696776,-1.6160648927023842,2.256775869879543,1.559264450662342,-2.9733116229482355,1.5625869571581752,1.3640645154279716,4.2823820706944815,-1.2710519505244202,1.5476756162552836,0.6304717971818476,2.523263356428107,5.028081768135708,-0.8141590823202165,1.6131470352562,0.6416586194949301,0.5643340470828565,-0.4067171953976121,0.35860462469921794,0.3054765909746497,1.907326948895441,-0.6821998903354598,-1.721185993400961,-1.699586031089594,-1.3813198387550207,0.33730799349955515,-0.9154163261666046,3.2477799040119635,1.9938628362999742,0.8078472731461926,-1.22859339423632,-0.6557336043997823,1.6605190838844728,0.4192063693808288,-0.7943880829122074,1.3219167422813531,2.571906410573261,-0.40575434729839316,1.39129123112356,0.8970788678596426,-1.8664335388582518,-0.8491617826453476,-4.535915120932931,-0.3770245725946466,-0.6406273183351295
-5.938634533878888,0.7083681954833728,-0.021891930551466786,0.8116196979607403,3.519239353050422,-3.4609981226046087,0.992564345438868,2.2785885104045884,1.704873488484843,4.3723602349644874,1.572826241412909,-0.2846698305152221,-4.090240153211703,7.529881585313639,3.118666308723937,-4.674083630665713,4.3014974001158075,2.2589322404921557,10.259748177438995,-1.159834856992311,4.77544826133319,0.23467963146409251,6.483083315548931,9.94623623157511,-0.8590733929169221,0.6416586194949301,2.744465402113402,1.7706135403919767,-0.19965192340582277,2.2229479410878605,-1.9067301732066593,2.4103622249091634,-0.24946720313757342,-2.0444590023844906,-3.783552621899596,-5.069578601120918,-1.8222251503664575,-4.78263899782402,7.5829308934650665,6.171224003457257,-0.24392197560676254,-1.537036064803101,-2.423946001643626,4.757413770987756,1.6595749306663623,0.05983937959793729,2.0220447567387696,4.971618990136873,0.03597493201921533,5.986038549334002,2.3449042514346083,-3.675200104851568,-2.284019019098646,-11.62239541554493,-1.9320874831687458,-0.6174733236736588
-4.194122290242985,0.5640078631045782,0.04886376164723044,0.3922468045553395,2.4248649015502037,-2.3905492353054467,0.9254987488787063,1.7610833069710101,1.1797736787176287,3.1296900685170144,0.7091380091499623,-0.012145668295147988,-2.77286540911094,4.9924696673991455,2.105415648822713,-3.521642301728063,3.0212311080855723,1.7309643314992351,7.282297465643336,-0.8759801208659488,3.2311432202503285,0.34566268941913,4.277228420899969,7.228576519888154,-0.7430547823019527,0.5643340470828565,1.7706135403919767,1.311461115080366,-0.22993979484522517,1.5429110527794836,-1.0715642472983986,1.8697803257054795,-0.41585882292642645,-1.6815039915140122,-2.824708593970086,-3.4139529739215284,-0.7960725298567718,-3.1228421032821845,5.402445941985281,4.364635763618033,-0.043384440892009046,-1.3677364467269053,-1.7889004284924213,3.3637427530202384,1.2483849890963064,-0.22762118525595743,1.4487144955715505,3.783576415925342,0.040402136846669316,4.024598073902082,1.5878235852369857,-2.602132935845519,-1.6428186583304734,-8.338055444625063,-1.1171064786964708,-0.5317356009672756
0.8354428244695548,-0.21892886625606597,0.10495896731216832,0.12310720876720943,-0.46489288281951746,0.7952894371104146,-0.506298668154828,-0.5871392431054253,-0.12931954120349184,-0.7031761949857835,-0.013853546148586478,-0.354437657328246,0.8266148841761949,-1.264662987218361,-0.3676224950563386,0.9829022145213208,-0.6311559421745951,-0.37060278485562786,-1.9371690141301714,0.5209028561221966,-0.6520481757960258,-0.18827380283381603,-0.9635825862595997,-2.293051610867318,-0.004888078110450643,-0.4067171953976121,-0.19965192340582277,-0.22993979484522517,0.4350600191573594,-0.4012074028797588,-0.2524213917200111,-0.7648795474602924,0.24199069277006655,0.6909885779958198,0.7180277240793338,0.9452641115304253,-0.10166148444916394,0.6766585047382088,-1.2601081214346845,-1.0444637852581746,-0.41189599291430024,0.2571664699650611,0.4404599207864134,-0.573783834774428,-0.19345250489676846,0.5265139878892066,-0.6713549767753719,-1.2204164739707815,-0.03602103532703117,-0.7024830823560089,-0.4924936833196447,0.852420810740214,0.46334723316067977,2.37596884394224,0.17307247899994335,0.2541114002051306
-5.084942597023405,0.5515274928885334,0.06211705522648315,0.7946962995722117,2.9899906415523243,-3.028508168487238,0.936534446473848,2.003958858884744,1.354197459815136,3.8394142038631083,1.5068066371445321,-0.15040078397946174,-3.6346682373668555,6.612445134286242,2.398392797186008,-3.924326828886152,3.730542240359599,1.8479155925100441,9.014333132547872,-1.0041549733891282,4.0760296287947755,0.24560085152629327,5.356601661183061,8.854324579634762,-0.5168971133636634,0.35860462469921794,2.2229479410878605,1.5429110527794836,-0.4012074028797588,2.129235877147078,-1.4678556004702024,2.099637810820748,-0.29934751824431227,-1.8229883975903516,-3.411112182529152,-4.646953700196679,-1.3469225768850874,-4.2570602870060545,6.558437210812576,5.588871446700174,-0.11969120943133406,-1.2474432158201811,-2.283485122588693,4.030804257760545,1.520994278641318,-0.24901437217152517,1.821478330713418,4.585105593001475,0.22546677678800572,5.1824580098727075,2.0624429069568126,-3.230952780014739,-2.116275242264139,-10.559838340985078,-1.5554624096244232,-0.60456475273239485
3.6002413022391244,-0.15415941743333475,-0.15128353830081043,-1.0466258785822626,-2.1881903365640087,1.7528036995384726,-0.01525087568451735,-0.9485977199678302,-1.075752240617603,-2.585155523226528,-1.6993735482675187,0.7551762861817932,2.3651940058848138,-4.703203220381167,-1.7901043554266658,2.137298106643881,-2.6431223277252167,-1.1111264748749137,-5.738123941987421,0.1941367601515187,-3.012800973953727,0.18370162514299695,-3.884092163203651,-4.995784301690876,0.3700327070923416,0.3054765909746497,-1.9067301732066593,-1.0715642472983986,-0.2524213917200111,-1.4678556004702024,1.8996097755715562,-0.7976142208999004,-0.22615016195936857,0.5867182190504915,2.0829538554720974,3.200536380402188,1.76010161818877,3.2491352079096125,-4.35936078478783,-3.804194723072477,0.7540529591585836,0.5929767752740939,1.4761870648743112,-2.9540184179678146,-1.1080874179265092,-0.6627414499192025,-0.7704373599213227,-2.4333470526886223,-0.15702864904692573,-4.014744391652577,-1.2964906858610339,1.856859301542795,1.338056583453035,6.552595265903644,1.3933724065467972,0.14655099115327416
-6.406839310362639,1.2080485504564396,-0.25578094115666683,-0.19765526664297192,3.623747542562032,-4.022256359666088,2.194222748544508,3.2104530592465697,1.6577150733389932,4.7771512951949555,0.12651720462971605,0.7669054200250445,-4.511207756795189,7.5348665940178,3.473672704319176,-6.241844536395496,4.594398295999663,2.9257462702847365,11.65033719533357,-2.0828839426200187,4.824514719314368,0.8841438408371247,6.773676420223336,12.299299553221582,-1.294472426718356,1.907326948895441,2.4103622249091634,1.8697803257054795,-0.7648795474602924,2.099637810820748,-0.7976142208999004,3.671803615497121,-1.0109796291049544,-3.2972797154700237,-4.524626832797608,-5.100754865130895,-0.5927756359990312,-4.31379905011635,8.59540521878723,6.548684820472092,0.7341853032604869,-2.3655408636748487,-2.5653047153798907,4.969902436537463,1.6979051144743555,-1.0731838883713818,2.802581962608559,6.398640478356314,-0.2055848717248139,5.578124616420964,2.5603981678888443,-4.490433334228093,-2.575414091466009,-13.194191171998208,-1.5528165113002819,-1.143419380403715
1.2861917780901444,-0.3676158907523912,0.02287699747648168,0.3944448244924494,-0.637592128757008,0.7218442832456832,-0.8151085109222312,-0.8820281678882305,-0.28521159582809885,-0.9810640547735496,0.6538588483673156,-0.4739621938233758,0.7616070996861175,-1.015922756385383,-0.6508859160423388,1.6348771033964509,-0.8949550981919957,-0.8038663224733692,-2.3577175730250493,0.5648511666025959,-0.7676832463474107,-0.4471938762603477,-1.0154580344234088,-2.7626113682959237,0.4980072299686896,-0.6821998903354598,-0.24946720313757342,-0.41585882292642645,0.24199069277006655,-0.29934751824431227,-0.22615016195936857,-1.0109796291049544,0.5350567574032036,1.003327190583358,1.1036152305515876,0.7280864317510725,-0.549291161789554,0.42995680811247994,-1.816625318957699,-1.2521678511062166,-0.37068635918533044,0.8742908871510298,0.539238099051686,-0.9806869214544299,-0.39917538414863263,0.5769586773121586,-0.6135348864280953,-1.6266987488735418,0.09517280764025181,-0.756931810539123,-0.40594947136900367,0.9323785906526247,0.5361147570723411,2.7068780276739797,-0.009201126592764319,0.39060625787057857
5.647809352280047,-1.0894816017448608,0.18087382309050978,0.2590188547118747,-3.1602694453323323,3.491353548623544,-2.0252674246545936,-2.8924227075427082,-1.4574215356444575,-4.224663324628167,0.09866071322687636,-0.7469202157787042,3.8912170908269044,-6.444314758814895,-3.0199423417778477,5.601439714843094,-4.033049112931232,-2.6515067375755894,-10.245261433093654,1.842864154170515,-4.173141430321472,-0.8639079159534073,-5.7989896282006885,-10.878596788923817,1.232662338439685,-1.721185993400961,-2.0444590023844906,-1.6815039915140122,0.6909885779958198,-1.8229883975903516,0.5867182190504915,-3.2972797154700237,1.003327190583358,3.0169067389958295,4.056533273212366,4.381121891123363,0.2840676671628511,3.6579737368088794,-7.585839995210653,-5.759079446523142,-0.684612861856655,2.240692843807988,2.2916506054693273,-4.3932501847814605,-1.5442212994160345,1.0565197993383224,-2.4468163386448074,-5.747845402667094,0.17561438752131944,-4.814271997371802,-2.2027549998847826,3.9387838308901886,2.2746560758482626,11.634892722825981,1.2415158116200913,1.047072076566853
9.491627531725769,-1.3803471495616768,0.033373449254309705,-0.5156197943598229,-5.411275736270214,5.460909630214503,-2.532351825669717,-4.216167115393063,-2.46735547986663,-7.063468464134567,-1.188626971098067,-0.39739291279192246,6.505495956419643,-11.266429341926868,-4.779152149395808,8.267516954813768,-6.86409052598834,-3.9633429543569383,-16.67400414133124,2.3300406788341372,-7.239369193182872,-0.9641214073865584,-9.682060468400113,-16.932279355752723,1.6434034347720712,-1.699586031089594,-3.783552621899596,-2.824708593970086,0.7180277240793338,-3.411112182529152,2.0829538554720974,-4.524626832797608,1.1036152305515876,4.056533273212366,6.582237967007632,7.814572949218545,1.4680651642884444,6.867950377703451,-12.437380926876429,-9.97297114147939,-0.2676055538337822,3.109643928541566,3.979716775150091,-7.464380229383152,-2.77062089292158,0.9490510589452693,-3.511425194812221,-8.922172621248546,-0.03050146185186189,-8.784483799052627,-3.5974791055890085,6.1241760080933885,3.8437305621103333,19.19520407141536,2.441738702191629,1.4482856294833633
11.707517599358694,-1.4119091358031142,0.07929910286549592,-1.4444162776118599,-6.8535856517215805,7.025447026307353,-2.413527489996935,-4.757730840187155,-3.054445482087567,-8.743125815593048,-3.0457182295342675,0.08014740994528531,8.481109225930227,-15.165044492931354,-5.809112338005565,9.365734203115995,-8.575187272158901,-4.371157272134946,-20.78645016168557,2.634443744909178,-9.367307247013132,-0.6304823799168918,-12.597380846266963,-20.653779072462335,1.3309814882354372,-1.3813198387550207,-5.069578601120918,-3.4139529739215284,0.9452641115304253,-4.646953700196679,3.200536380402188,-5.100754865130895,0.7280864317510725,4.381121891123363,7.814572949218545,10.549432796817872,3.0912684817555833,9.55620650265354,-15.213053832008145,-12.668442792306093,0.005696161920790422,2.920086226695702,5.013154510203793,-9.190674753486782,-3.343313296203246,0.6680453836899732,-4.3672757567826395,-10.571576205212601,-0.28229945130817186,-11.650638118143764,-4.752735340626105,7.615301388752181,4.832056544536398,24.112597307881032,3.6395196151580587,1.4981558178004557
