V1,V2,V3,V4,V5,V6,V7,V8,V9,V10,V11,V12,V13,V14,V15,V16,V17,V18,V19,V20,V21,V22,V23,V24,V25,V26,V27,V28,V29,V30,V31,V32,V33,V34,V35,V36,V37,V38,V39,V40,V41,V42,V43,V44,V45,V46,V47,V48,V49,V50,V51,V52,V53,V54,V55,V56
81694.10342680798,-11344.321229918554,833.8426240180306,-6689.187137489985,-47377.84701623027,48425.60438220548,-19129.032774198364,-34826.63931447187,-21959.682523937143,-60686.11379974986,-14896.940797039784,-1272.079219486737,57045.079194084465,-100945.14062591981,-42064.5081230857,69122.48725666403,-59192.78721203598,-32893.621549715455,-144029.73454415367,19485.284255298462,-63933.3505950006,-6307.894819391404,-86706.67445836929,-144512.44464991003,12708.436207914045,-13281.932259233236,-34525.009213074794,-24176.49464676035,5861.080351654036,-30038.934870643694,20160.974985655113,-37737.753924879835,7183.191692480876,33062.09694744809,54891.490777117055,69122.85955126342,17690.40853957353,62274.240965798555,-106400.79863088155,-85739.4064629406,-1207.0285816705345,24157.62862160627,33918.53196576216,-64467.35664871988,-23054.678062334493,5511.652094769119,-30481.87975540664,-74324.60055668703,-259.7230325693265,-78299.06741275228,-32183.59121691461,52921.9839661448,32664.873019708353,164836.5374481541,23534.432922979086,11089.494683974915
-11344.321229918554,1575.393401711078,-116.023980974093,928.8336047326061,6579.120195118014,-6724.990417611904,2656.397211436777,4836.229177105591,3049.3703331125207,8427.100311829634,2068.908168039853,176.7947266181291,-7921.864988512312,14018.218148925587,5841.379354943028,-9598.694100629993,8219.740007140548,4567.627969993957,20000.91599460515,-2706.113484756391,8878.190332498947,875.8629812126459,12040.956951156208,20068.12275023869,-1764.4862733122854,1844.648930386485,4794.3442837329585,3357.129535994159,-814.14040158716,4171.372300693,-2799.4683340501574,5240.641123541989,-997.3578091277504,-4591.223464764946,-7622.359926321817,-9599.008722537585,-2456.89777429771,-8647.919057398387,14775.310332981016,11906.136052263304,167.90833664760046,-3354.297130631015,-4709.982863271113,8952.072880808682,3201.252227743095,-765.4827949648087,4233.21410157237,10321.058967539728,36.009182391110926,10872.997628216655,4469.4037462941105,-7349.270059220449,-4536.0045938431695,-22890.210788247314,-3268.341529737001,-1539.9496608194304
833.8426240180306,-116.023980974093,9.180007988977094,-68.13433621362701,-483.7827534361571,495.5543644971839,-195.4590815870043,-355.7102135081378,-224.06576966312824,-619.472079862224,-152.82030989278655,-13.409719186859931,583.3721204061817,-1032.147232451557,-429.80313672824,705.8400668905355,-604.2505524569683,-335.4758060388061,-1471.3995811540751,199.80322696756363,-653.0953990127141,-64.17491994121663,-886.6448314216395,-1476.8294658858708,128.99663239531708,-136.35180465967233,-352.6323319468317,-246.4763350367318,60.54066367456467,-306.7843062067233,205.3408274784265,-385.89369811558606,72.95774775355156,337.7742277396014,560.1009561717603,706.5972968121853,181.56101178396239,636.5032426595976,-1086.4006152267923,-875.3334900651223,-13.168008007933445,245.67563691988275,346.029637295359,-657.7734075021979,-234.74813418694066,56.5913065141097,-312.25694482719973,-758.8842142750252,-2.4901884410997637,-799.5412637483498,-329.2970555296771,541.1535638280833,333.54734716787124,1683.7478576713802,240.98881597365263,113.26085375861341
-6689.187137489985,928.8336047326061,-68.13433621362701,547.7470074060883,3879.2982201606446,-3964.8614549959043,1566.2576808714025,2851.586189817711,1798.09436986111,4969.021973534189,1219.6122511810581,104.06862821635382,-4670.66527772481,8265.095749838281,3444.1834743534787,-5659.744952061155,4846.742721243069,2693.4157425646426,11793.008439529118,-1595.2779983523174,5234.807042965638,516.5403327871139,7099.273637178765,11832.426540460485,-1040.729919480277,1087.3702383109253,2826.888412807248,1979.6547616754274,-479.758593068971,2459.576978792378,-1650.8922308392548,3089.8511738353645,-588.2425718453754,-2707.0877984068625,-4494.6006278388595,-5659.6159548000005,-1448.295266513063,-5098.885663485408,8712.112828575368,7020.377378795826,98.65295477627201,-1978.2388869364086,-2777.316758280914,5278.695944228854,1887.8581628469678,-451.2280299667791,2495.643984402746,6085.709895091735,21.30041828552787,6411.12402824936,2635.051701452233,-4333.091381514407,-2674.5994325481847,-13496.693614393793,-1926.8565385781567,-908.0026979819252
-47377.84701623027,6579.120195118014,-483.7827534361571,3879.2982201606446,27476.467993068876,-28084.43048567634,11093.79541111259,20197.50529505277,12735.321072478697,35194.4473141748,8639.59439746842,737.8614943956248,-33083.178815712505,58542.87963081863,24395.114629513264,-40087.133120070386,34328.411739302115,19076.315091706554,83529.29628737374,-11300.613002978042,37077.8014013963,3658.150635918461,50285.343023033754,83809.39229822204,-7369.940103433012,7702.988574925499,20022.577837137447,14020.87911429687,-3399.303814378176,17420.89687042627,-11692.065243604342,21885.925353114235,-4165.727542358996,-19174.193672734924,-31833.832905681178,-40087.57632583449,-10259.71195479195,-36115.71641226466,61706.41377624728,49723.9488974886,700.262692662326,-14009.754252218116,-19670.73169258564,37387.25948116073,13370.205551161222,-3196.5388724094873,17678.067002784628,43104.04162473688,150.57502261474124,45409.02859800299,18664.86110226363,-30691.981194049597,-18943.776279281676,-95596.0291562659,-13648.841011146666,-6431.285797731302
48425.60438220548,-6724.990417611904,495.5543644971839,-3964.8614549959043,-28084.43048567634,28707.58531814586,-11339.46562896031,-20644.55482876622,-13016.845339491701,-35972.85868866253,-8831.901531071606,-754.8588197526954,33816.616409061404,-59840.47520595482,-24935.348785438866,40974.16356069453,-35087.693418696515,-19497.754561736296,-85378.63782900876,11552.008854874975,-37898.633445825304,-3738.712118176039,-51400.040103005544,-85665.73558629432,7531.773092899131,-7874.598932388683,-20465.758554289914,-14330.478983558169,3475.633719381744,-17806.446247495303,11949.919327490928,-22371.07008311344,4257.261296348567,19598.749456531612,32537.564514074984,40975.83139668712,10488.221537468573,36915.82811254075,-63071.6571364029,-50823.91690624683,-717.114529308462,14318.127391425374,20105.467215691173,-38213.699166717364,-13664.975441815508,3267.777559427799,-18070.833074767685,-44057.70342587636,-153.6526707909965,-46413.81754550531,-19078.92356478764,31372.324572188052,19362.943985708986,97712.18499108756,13951.938735109392,6573.629325866241
-19129.032774198364,2656.397211436777,-195.4590815870043,1566.2576808714025,11093.79541111259,-11339.46562896031,4479.216256787324,8154.885614411968,5141.931759747321,14209.937822227164,3488.423292134355,297.9987805961046,-13357.705681233916,23637.31299909526,9849.730208404764,-16185.432592438692,13860.279100696771,7702.104014472209,33725.60470955213,-4562.851636480118,14970.443301539803,1476.9563958623512,20303.26228691093,33838.79205639836,-2975.5108150689466,3110.2703757207514,8084.258379528721,5660.942542960927,-1372.6228882642338,7033.806033175788,-4720.6449312394425,8836.683866353394,-1681.8669105923057,-7741.727808853562,-12853.029197186193,-16185.755231618255,-4142.595371602879,-14582.06046999389,24914.333434260847,20076.32028001041,282.8969539250918,-5656.334669693087,-7942.11988828552,15095.237619273177,5398.17439806175,-1290.6792953215277,7137.8231405599145,17403.514202968592,60.76246879031736,18334.178408072014,7536.181572162574,-12392.22100691054,-7648.6671163441,-38597.60149214608,-5510.931552578362,-2596.675882398473
-34826.63931447187,4836.229177105591,-355.7102135081378,2851.586189817711,20197.50529505277,-20644.55482876622,8154.885614411968,14846.870417643524,9361.505442244883,25870.839441678636,6350.921209066896,542.4461556842979,-24319.026371693803,43034.107713430596,17932.490607745356,-29467.403635829036,25234.23323868323,14022.634395988485,61401.12272113428,-8307.010515652566,27255.325115191412,2689.0151675353027,36964.11086447198,61607.08416598209,-5417.419494820309,5662.43978391425,14718.284080167172,10306.467153689975,-2498.866451978516,12805.825206581385,-8594.575617556198,16088.062249187304,-3062.104782603033,-14094.66357401621,-23400.479652013502,-29467.831185773677,-7541.873271157333,-26548.159714552443,45359.37315763547,36551.245857962655,514.865578367073,-10298.20731338053,-14459.592376528748,27482.699066048615,9828.131547741796,-2349.766879152079,12994.994720464207,31685.073724077305,110.66409812217725,33379.44278200325,13720.325995701442,-22561.280455156695,-13925.262780790155,-70271.16679976326,-10033.13324081004,-4727.537240060099
-21959.682523937143,3049.3703331125207,-224.06576966312824,1798.09436986111,12735.321072478697,-13016.845339491701,5141.931759747321,9361.505442244883,5902.854100148676,16312.64982420835,4004.269943148294,341.8921266838393,-15333.809323035868,27134.235605883485,11307.048581760708,-18580.350343749866,15911.23434197415,8841.958147441981,38715.59155842535,-5237.617025400089,17185.466474467434,1695.6087229548332,23306.900408595677,38845.290227295925,-3416.1546138611116,3570.1465673558523,9280.42592388072,6498.7645733749605,-1575.401639223066,8074.558814259241,-5419.393483512456,10143.97232057788,-1930.9074006184312,-8887.183690192815,-14755.058571257117,-18580.36765127261,-4755.140140302083,-16739.454418976045,28600.89356067468,23047.05355791849,324.36056658916436,-6493.759901876404,-9117.447990081568,17329.095094257154,6197.247264311834,-1481.517060477056,8193.51913045101,19978.703667769885,69.83301340205382,21047.04638503785,8650.982085030215,-14225.520995937266,-8780.425475469832,-44308.54096058904,-6326.0594990871,-2980.889991971459
-60686.11379974986,8427.100311829634,-619.472079862224,4969.021973534189,35194.4473141748,-35972.85868866253,14209.937822227164,25870.839441678636,16312.64982420835,45080.42411965222,11066.192642927193,944.9944939043476,-42375.785717569044,74986.81527384142,31247.476931443583,-51347.36933108445,43971.114927372924,24434.863642135733,106991.97959655029,-14474.636124797613,47492.66023306286,4685.775275833863,64409.817865942765,107350.60084296674,-9440.34748731295,9866.492063472018,25646.775049898646,17959.381467730087,-4353.938466921857,22314.309260998074,-14976.457091027287,28033.388034215026,-5335.973673652964,-24560.062388742437,-40775.894247110526,-51347.70864317045,-13141.326959914299,-46260.225468215205,79039.40854562318,63691.16679815818,896.7067698223874,-17945.31592914656,-25196.221727045864,47889.27884264896,17126.02105956222,-4094.334609338426,22643.428756460857,55211.7326303493,192.92039027987875,58164.15545726717,23907.509728130863,-39312.95025737235,-24264.97242508494,-122448.22155326616,-17482.516647485758,-8237.78916982704
-14896.940797039784,2068.908168039853,-152.82030989278655,1219.6122511810581,8639.59439746842,-8831.901531071606,3488.423292134355,6350.921209066896,4004.269943148294,11066.192642927193,2717.3505627008494,232.4518568457499,-10403.477570852294,18409.46524959867,7671.001342910946,-12604.86613108483,10793.902641723364,5997.852036754097,26265.362468386793,-3554.208021154968,11658.879287977581,1150.0043256076344,15812.875540706656,26353.963384092443,-2316.5608350827038,2422.8663391748382,6295.919290092499,4408.2538051977435,-1069.596443261621,5477.814349208443,-3675.8485204899926,6882.305415252717,-1309.435976095111,-6029.250772058101,-10009.282943435635,-12605.803936995813,-3227.0063671960215,-11356.736925411848,19402.65097717613,15634.836503658938,221.07965624425643,-4404.111239904735,-6184.852441289666,11755.368013385829,4203.373228105958,-1005.4411144393307,5559.681284870135,13553.410841543144,47.178475268380474,14278.263771067159,5869.610786560389,-9651.476207947875,-5956.610847019782,-30059.45941748697,-4292.407014867015,-2022.254961944739
-1272.079219486737,176.7947266181291,-13.409719186859931,104.06862821635382,737.8614943956248,-754.8588197526954,297.9987805961046,542.4461556842979,341.8921266838393,944.9944939043476,232.4518568457499,20.079824705606185,-888.9745273723792,1572.9922438577655,655.2855465817001,-1076.5237715936964,921.7565218529568,512.0266948409566,2243.553148048293,-303.9937288015157,995.8629921280215,98.08932721168792,1351.1735495031448,2251.3897870521855,-197.4303702819923,207.31597760618385,537.7501689435459,376.27439690699276,-91.72054519750276,467.8590206995932,-313.65283620151973,588.0751517954616,-111.62432063785461,-515.0146259754979,-854.6207085964239,-1077.0080673910584,-276.09370068373164,-970.2444755934465,1657.0353154377865,1335.1971355438625,19.334001685958796,-375.5940662691445,-528.0445496790555,1003.684945103798,358.6281981766902,-86.0344170072453,475.36190101509015,1157.493754935612,3.9407789512826374,1219.4368559875122,501.6493638984888,-824.6860462161821,-508.7222069696008,-2567.525492691075,-366.9521542467664,-172.722493958013
57045.079194084465,-7921.864988512312,583.3721204061817,-4670.66527772481,-33083.178815712505,33816.616409061404,-13357.705681233916,-24319.026371693803,-15333.809323035868,-42375.785717569044,-10403.477570852294,-888.9745273723792,39835.123263901274,-70490.67068549899,-29373.4273415106,48267.14217651937,-41333.05988428249,-22968.397973690666,-100574.77841866722,13607.661226291775,-44644.0588065786,-4404.303751009152,-60547.99132660511,-100912.68611780606,8872.80189933782,-9275.776598576987,-24108.405751985287,-16881.391481474788,4093.8583345059023,-20975.786146055816,14077.195213880846,-26352.577999959416,5015.244599676731,23087.021705900843,38329.15934337975,48268.66711874783,12354.477158936186,43486.116731508744,-74297.82369335218,-59870.15916621285,-844.2622759294491,16867.196376632088,23684.225125948942,-45015.64955062435,-16097.590701894624,3849.2233392301973,-21286.67933965638,-51899.56629551275,-181.09211071151722,-54674.99823934178,-22474.393423396283,36955.837327934125,22809.352748062327,115103.63966128055,16434.847020887824,7743.654732503572
-100945.14062591981,14018.218148925587,-1032.147232451557,8265.095749838281,58542.87963081863,-59840.47520595482,23637.31299909526,43034.107713430596,27134.235605883485,74986.81527384142,18409.46524959867,1572.9922438577655,-70490.67068549899,124737.5685378754,51978.1586437015,-85411.90500499801,73141.63535812689,40644.20668263992,177973.567170012,-24079.44758793581,79000.55661579798,7793.767369381245,107143.3655201127,178571.3899934143,-15701.206929397737,16413.91701741038,42661.40003743691,29872.841751515643,-7244.178320015755,37118.03169321469,-24910.663954523454,46632.49585345066,-8874.9066255096,-40853.97341263282,-67826.09224755554,-85414.4124586857,-21861.8333423047,-76951.41412266246,131474.94602911687,105944.25994141353,1493.7644517663307,-29847.87690448945,-41910.888091985136,79658.3089176278,28485.923675410024,-6811.377452623782,37667.93659138545,91839.7392498974,320.4959601130853,96751.0323664063,39769.761654684786,-65395.61399821363,-40362.66230694181,-203683.37992130872,-29082.381546192646,-13702.904763514924
-42064.5081230857,5841.379354943028,-429.80313672824,3444.1834743534787,24395.114629513264,-24935.348785438866,9849.730208404764,17932.490607745356,11307.048581760708,31247.476931443583,7671.001342910946,655.2855465817001,-29373.4273415106,51978.1586437015,21659.438743057184,-35591.5650052841,30478.569056745564,16936.82884825395,74162.17842463983,-10033.65361221798,32919.814759065164,3247.8080581457507,44646.614830381506,74411.06991198102,-6543.117911809769,6839.436420012295,17777.18034711901,12448.340699817927,-3018.375639856516,15467.248447002217,-10380.635634548144,19431.75200597499,-3698.393634056722,-17023.980760372062,-28263.6575544018,-35592.27233388555,-9109.523818144406,-32065.77058910208,54786.30970745744,44147.584001220544,622.0817501862948,-12438.210341871405,-17464.621727936672,33194.2509703835,11870.527448534132,-2838.1963202636325,15695.97113355399,38270.10980615272,133.62480631567433,40316.63769832878,16571.96319619106,-27250.344111037935,-16819.325441070836,-84875.63862611174,-12118.473598931096,-5710.059214466364
69122.48725666403,-9598.694100629993,705.8400668905355,-5659.744952061155,-40087.133120070386,40974.16356069453,-16185.432592438692,-29467.403635829036,-18580.350343749866,-51347.36933108445,-12604.86613108483,-1076.5237715936964,48267.14217651937,-85411.90500499801,-35591.5650052841,58485.62124123661,-50083.85414473712,-27831.6132988927,-121866.124226397,16487.19627514066,-54095.12617972297,-5337.096725214444,-73364.46443149548,-122274.78868856282,10752.44251407251,-11238.392335581157,-29212.19050996363,-20455.92270992771,4959.477639423908,-25416.43456998354,17058.2658045722,-31930.75887757634,6077.625234217074,27974.437268091526,46444.35421627671,58486.29118791332,14968.565197745675,52691.49208540735,-90027.33613035727,-72545.36823507136,-1021.6829085759475,20439.67301138014,28698.847706501398,-54546.59200780518,-19506.607954251605,4663.641988610359,-25791.664688975427,-62887.17463053119,-219.67993940788955,-66250.06776496126,-27231.35054970134,44778.47194315704,27638.25792207041,139471.03009299046,19913.168114919205,9383.005273290712
-59192.78721203598,8219.740007140548,-604.2505524569683,4846.742721243069,34328.411739302115,-35087.693418696515,13860.279100696771,25234.23323868323,15911.23434197415,43971.114927372924,10793.902641723364,921.7565218529568,-41333.05988428249,73141.63535812689,30478.569056745564,-50083.85414473712,42889.10929287422,23833.579798382354,104359.2268010854,-14118.478250693188,46324.007048368134,4570.465320133938,62824.90881180213,104709.03945972555,-9208.023128297282,9623.728880487528,25015.68342931536,17517.441242277102,-4246.820894314575,21765.219310775985,-14607.91611408145,27343.581709596347,-5204.664541653725,-23955.704235178735,-39772.49949818621,-50084.206488995944,-12817.976668615229,-45121.90640412151,77094.46694832033,62123.89801639888,874.6661227451115,-17503.704492188954,-24576.204935765243,46710.838514129166,16704.5754940907,-3993.5888014051825,22086.269743980632,53853.12492493442,188.16482334579968,56732.89495079574,23319.23325730134,-38345.58663328101,-23667.878475690482,-119435.13087569986,-17052.33722962648,-8035.080293181858
-32893.621549715455,4567.627969993957,-335.4758060388061,2693.4157425646426,19076.315091706554,-19497.754561736296,7702.104014472209,14022.634395988485,8841.958147441981,24434.863642135733,5997.852036754097,512.0266948409566,-22968.397973690666,40644.20668263992,16936.82884825395,-27831.6132988927,23833.579798382354,13244.518986075456,57992.15554542041,-7845.260383124537,25742.15240019231,2539.9185042966446,34911.24771652342,58186.31581702206,-5117.2582611200805,5347.575385885187,13901.185051169196,9734.631875668669,-2359.641495375399,12094.918874035686,-8117.868266838511,15194.589397673471,-2892.4144733532285,-13312.117809369078,-22101.783771396647,-27831.461876343743,-7122.531427756973,-25073.984044629324,42841.46715466164,34522.35651180307,485.66418264147654,-9727.278652198383,-13657.155423567829,25957.47242093769,9283.048033776045,-2219.096303852012,12272.88911567295,29926.23351040204,104.63805495468286,31526.489622383157,12958.20281459201,-21308.31198827287,-13152.251063955402,-66369.8950789638,-9475.681408187193,-4465.086999242589
-144029.73454415367,20000.91599460515,-1471.3995811540751,11793.008439529118,83529.29628737374,-85378.63782900876,33725.60470955213,61401.12272113428,38715.59155842535,106991.97959655029,26265.362468386793,2243.553148048293,-100574.77841866722,177973.567170012,74162.17842463983,-121866.124226397,104359.2268010854,57992.15554542041,253932.3134803235,-34355.074089769536,112717.91446105052,11120.644187870992,152870.2859154773,254784.33088132262,-22404.045424167547,23418.070607295474,60869.33912127601,42623.48998328353,-10334.703172975704,52960.108766928766,-35543.68553726262,66534.44441544732,-12663.527637240744,-58290.31931742896,-96775.4039536263,-121868.2520919993,-31190.79700434024,-109793.50999754979,187589.2977508648,151162.14821992617,2129.6919883450973,-42589.039644217366,-59799.292273341765,113657.8782251031,40645.144078104815,-9717.902411424584,53742.89514677163,131037.5390879515,457.5889139211946,138044.84924024303,56742.4323482619,-93305.34502754298,-57589.658064881194,-290615.43003575417,-41493.593245995755,-19551.32974324234
19485.284255298462,-2706.113484756391,199.80322696756363,-1595.2779983523174,-11300.613002978042,11552.008854874975,-4562.851636480118,-8307.010515652566,-5237.617025400089,-14474.636124797613,-3554.208021154968,-303.9937288015157,13607.661226291775,-24079.44758793581,-10033.65361221798,16487.19627514066,-14118.478250693188,-7845.260383124537,-34355.074089769536,4648.803939973751,-15249.810887612395,-1504.239993285206,-20683.116997934783,-34470.89934037611,3030.1685653980426,-3169.0212938695454,-8235.067398246734,-5766.059514363323,1398.9443492200774,-7164.989073124759,4808.089443495092,-9002.002539596819,1712.7986802245493,7886.251401582164,13092.221346454275,16488.323594127334,4220.810076254749,14854.561508533568,-25378.72916413523,-20450.429023773275,-289.062646060995,5760.721357676091,8089.845317120286,-15376.119122913755,-5498.110117022326,1315.0779336693272,-7271.947412666729,-17727.90524499192,-61.72968600232427,-18676.003592992492,-7677.379670296684,12624.056560587447,7791.262646492804,39317.77823938975,5614.390600565551,2645.111954381169
-63933.3505950006,8878.190332498947,-653.0953990127141,5234.807042965638,37077.8014013963,-37898.633445825304,14970.443301539803,27255.325115191412,17185.466474467434,47492.66023306286,11658.879287977581,995.8629921280215,-44644.0588065786,79000.55661579798,32919.814759065164,-54095.12617972297,46324.007048368134,25742.15240019231,112717.91446105052,-15249.810887612395,50034.31371954899,4936.356000561413,67857.47432963674,113096.08336444893,-9944.977714110419,10394.99450110291,27019.271838369335,18920.157969789267,-4587.423505690426,23508.44803646417,-15777.514035503324,29533.924133111905,-5621.237007719414,-25874.464878506606,-42957.63981531205,-54096.0210181244,-13845.214828479644,-48736.176729194536,83268.97793382303,67099.34408441684,945.2928075055879,-18904.905881885526,-26544.31605137162,50451.60428903248,18042.008029830828,-4313.656490609907,23855.85647015375,58166.22873120486,203.1293011611381,61276.69682980786,25187.342139327004,-41417.23873125698,-25563.46077631543,-129001.18256801301,-18418.537095151718,-8678.633769486943
-6307.894819391404,875.8629812126459,-64.17491994121663,516.5403327871139,3658.150635918461,-3738.712118176039,1476.9563958623512,2689.0151675353027,1695.6087229548332,4685.775275833863,1150.0043256076344,98.08932721168792,-4404.303751009152,7793.767369381245,3247.8080581457507,-5337.096725214444,4570.465320133938,2539.9185042966446,11120.644187870992,-1504.239993285206,4936.356000561413,487.1210491506762,6694.419331415617,11157.758717500252,-981.4884893539937,1025.3003599791923,2665.725166516472,1866.845506735186,-452.3303000096223,2319.357861096864,-1556.8400530511108,2913.6456173023657,-554.7547388404013,-2552.7425777110316,-4238.421865792833,-5336.888835007313,-1365.6254380506286,-4808.142078662541,8215.468480289212,6620.183640825868,92.93319325763585,-1865.5796910318525,-2619.0262484170134,4977.829472689771,1780.31193867351,-425.46821085986903,2353.261421789447,5738.787469416567,20.103508905029763,6045.6407988641495,2484.7592601340625,-4085.9864491267986,-2522.1277405965593,-12727.219899073321,-1816.9338824207684,-856.2370693572135
-86706.67445836929,12040.956951156208,-886.6448314216395,7099.273637178765,50285.343023033754,-51400.040103005544,20303.26228691093,36964.11086447198,23306.900408595677,64409.817865942765,15812.875540706656,1351.1735495031448,-60547.99132660511,107143.3655201127,44646.614830381506,-73364.46443149548,62824.90881180213,34911.24771652342,152870.2859154773,-20683.116997934783,67857.47432963674,6694.419331415617,92030.83243879389,153383.84764044074,-13486.438939176294,14098.806921596986,36643.97473512978,25659.197088119756,-6222.46461174747,31882.499816568758,-21396.92419167094,40054.99931163849,-7623.046199766319,-35091.49252011602,-58259.096792719756,-73366.7105377169,-18778.30823656059,-66097.40690599015,112930.25146269774,91000.68443710118,1283.1712604858535,-25637.678835087398,-35999.272887648636,68422.35182653076,24467.869498572814,-5850.6610844259885,32354.9580800526,78885.63679503565,275.26784084022097,83104.19349377211,34160.275703783605,-56171.58229543564,-34669.464270348566,-174953.6875101362,-24980.36105406773,-11770.097591763006
-144512.44464991003,20068.12275023869,-1476.8294658858708,11832.426540460485,83809.39229822204,-85665.73558629432,33838.79205639836,61607.08416598209,38845.290227295925,107350.60084296674,26353.963384092443,2251.3897870521855,-100912.68611780606,178571.3899934143,74411.06991198102,-122274.78868856282,104709.03945972555,58186.31581702206,254784.33088132262,-34470.89934037611,113096.08336444893,11157.758717500252,153383.84764044074,255639.57884959827,-22478.597269546233,23497.1405128905,61073.51880855938,42766.124393461556,-10369.874532969403,53137.736988912744,-35662.48033281597,66757.96070637534,-12705.699963592075,-58485.91137147855,-97099.61643129353,-122277.48552017992,-31296.07584823937,-110162.1327385697,188218.27956210283,151668.91255867932,2137.4620039461383,-42731.104892781535,-59999.57825279961,114038.62110509085,40780.94107762463,-9750.721451676269,53923.856569786105,131476.90152326386,459.0028048010288,138507.7636864603,56933.20096331149,-93618.7888992231,-57782.77262604563,-291590.37106995936,-41633.23580240032,-19616.908625298453
12708.436207914045,-1764.4862733122854,128.99663239531708,-1040.729919480277,-7369.940103433012,7531.773092899131,-2975.5108150689466,-5417.419494820309,-3416.1546138611116,-9440.34748731295,-2316.5608350827038,-197.4303702819923,8872.80189933782,-15701.206929397737,-6543.117911809769,10752.44251407251,-9208.023128297282,-5117.2582611200805,-22404.045424167547,3030.1685653980426,-9944.977714110419,-981.4884893539937,-13486.438939176294,-22478.597269546233,1977.7089892080646,-2065.3127950354383,-5370.496792862934,-3761.237497900084,910.9874921158021,-4672.700916879545,3136.7392357856606,-5869.771884985376,1117.814341604296,5142.842682384043,8539.170647992158,10751.691771331567,2750.8704747858274,9686.51691346643,-16551.43308752179,-13337.512391963763,-186.85719315531384,3758.95545229904,5276.594902162962,-10028.876232340494,-3587.0234777262126,857.0393759751986,-4740.58555342531,-11561.746984458372,-40.57434960753192,-12179.922137593956,-5005.65856180127,8231.552171503874,5081.237132979718,25640.80398942003,3660.2128456667515,1725.018714100333
-13281.932259233236,1844.648930386485,-136.35180465967233,1087.3702383109253,7702.988574925499,-7874.598932388683,3110.2703757207514,5662.43978391425,3570.1465673558523,9866.492063472018,2422.8663391748382,207.31597760618385,-9275.776598576987,16413.91701741038,6839.436420012295,-11238.392335581157,9623.728880487528,5347.575385885187,23418.070607295474,-3169.0212938695454,10394.99450110291,1025.3003599791923,14098.806921596986,23497.1405128905,-2065.3127950354383,2160.3145262449534,5613.40120043174,3930.304796843861,-953.7439155485553,4883.980279595572,-3277.2803721647765,6136.28450187582,-1167.429385919723,-5375.6466156799825,-8924.129888036938,-11239.337028670538,-2877.300181399176,-10125.655264173685,17299.22472345267,13939.85920986254,197.23549847652671,-3926.5235154399934,-5514.315471756114,10480.906781456139,3747.5924318204793,-896.4845142545848,4957.111779450858,12084.096220049707,42.03761789535572,12730.375890550238,5233.391545990523,-8605.280026484023,-5310.862305741808,-26800.83835751622,-3827.16841091352,-1803.0282167929565
-34525.009213074794,4794.3442837329585,-352.6323319468317,2826.888412807248,20022.577837137447,-20465.758554289914,8084.258379528721,14718.284080167172,9280.42592388072,25646.775049898646,6295.919290092499,537.7501689435459,-24108.405751985287,42661.40003743691,17777.18034711901,-29212.19050996363,25015.68342931536,13901.185051169196,60869.33912127601,-8235.067398246734,27019.271838369335,2665.725166516472,36643.97473512978,61073.51880855938,-5370.496792862934,5613.40120043174,14590.811743970142,10217.203146552652,-2477.226859238713,12694.916307900965,-8520.137798295893,15948.7280377975,-3035.583764323134,-13972.590805288088,-23197.80947767092,-29212.617277673566,-7476.556838082645,-26318.23196103903,44966.521641859035,36234.679671687,510.40955152996776,-10209.012446603616,-14334.358952589655,27244.67266904216,9743.008515363055,-2329.4161378756926,12882.451327942408,31410.6535776272,109.70446734004175,33090.347775861504,13601.498980647786,-22365.882538442944,-13804.657883093267,-69662.5605881933,-9946.239721510006,-4686.592569411678
-24176.49464676035,3357.129535994159,-246.4763350367318,1979.6547616754274,14020.87911429687,-14330.478983558169,5660.942542960927,10306.467153689975,6498.7645733749605,17959.381467730087,4408.2538051977435,376.27439690699276,-16881.391481474788,29872.841751515643,12448.340699817927,-20455.92270992771,17517.441242277102,9734.631875668669,42623.48998328353,-5766.059514363323,18920.157969789267,1866.845506735186,25659.197088119756,42766.124393461556,-3761.237497900084,3930.304796843861,10217.203146552652,7154.902325437134,-1734.2117370270942,8889.623428972101,-5966.617881527653,11167.776035742549,-2125.948783016645,-9784.232753718823,-16244.622107672249,-20455.70400039898,-5234.849329645909,-18429.011514999675,31488.011359149856,25373.570405550865,356.8376971241298,-7149.584296366393,-10037.902522530498,19078.525449887762,6823.0314905979985,-1630.966138942944,9020.294554353233,21995.456087446768,76.93047760818625,23171.615729251567,9524.040070783645,-15661.263139288993,-9666.757593503156,-48781.05121311785,-6964.42359985762,-3281.7854810040476
5861.080351654036,-814.14040158716,60.54066367456467,-479.758593068971,-3399.303814378176,3475.633719381744,-1372.6228882642338,-2498.866451978516,-1575.401639223066,-4353.938466921857,-1069.596443261621,-91.72054519750276,4093.8583345059023,-7244.178320015755,-3018.375639856516,4959.477639423908,-4246.820894314575,-2359.641495375399,-10334.703172975704,1398.9443492200774,-4587.423505690426,-452.3303000096223,-6222.46461174747,-10369.874532969403,910.9874921158021,-953.7439155485553,-2477.226859238713,-1734.2117370270942,421.269118364705,-2155.3135682276356,1445.959616235137,-2708.227075604948,514.9636248098351,2372.3542284345353,3937.9657575574893,4960.313757050496,1270.2579462518706,4468.759808511584,-7634.051311899593,-6151.524288552974,-87.50806001492525,1732.2045146877686,2433.27280040717,-4624.906586739465,-1653.4305621529647,395.79020270195036,-2188.1139187248423,-5332.641899144814,-18.462219605721476,-5617.885129227972,-2309.8486836995294,3797.905722729233,2343.6674708045566,11827.444467046571,1689.2935000554874,795.684071997442
-30038.934870643694,4171.372300693,-306.7843062067233,2459.576978792378,17420.89687042627,-17806.446247495303,7033.806033175788,12805.825206581385,8074.558814259241,22314.309260998074,5477.814349208443,467.8590206995932,-20975.786146055816,37118.03169321469,15467.248447002217,-25416.43456998354,21765.219310775985,12094.918874035686,52960.108766928766,-7164.989073124759,23508.44803646417,2319.357861096864,31882.499816568758,53137.736988912744,-4672.700916879545,4883.980279595572,12694.916307900965,8889.623428972101,-2155.3135682276356,11045.370325722748,-7413.075780919734,13876.369498502694,-2641.164933577246,-12157.021268809516,-20183.564130474693,-25416.774171332698,-6505.033649350294,-22898.48426285383,39123.69342520762,31526.447560652538,444.0528892450072,-8882.522440258674,-12471.803587099414,23704.59272641787,8477.055442612284,-2026.7244782549456,11208.497918308394,27329.238432622747,95.45624733163139,28790.674150707335,11834.128158931171,-19459.686331170702,-12010.916868803668,-60610.76684082194,-8653.822778959675,-4077.627880894874
20160.974985655113,-2799.4683340501574,205.3408274784265,-1650.8922308392548,-11692.065243604342,11949.919327490928,-4720.6449312394425,-8594.575617556198,-5419.393483512456,-14976.457091027287,-3675.8485204899926,-313.65283620151973,14077.195213880846,-24910.663954523454,-10380.635634548144,17058.2658045722,-14607.91611408145,-8117.868266838511,-35543.68553726262,4808.089443495092,-15777.514035503324,-1556.8400530511108,-21396.92419167094,-35662.48033281597,3136.7392357856606,-3277.2803721647765,-8520.137798295893,-5966.617881527653,1445.959616235137,-7413.075780919734,4975.743824845454,-9312.688123202028,1772.9554813353923,8159.053799354022,13546.571768127238,17057.85912326998,4365.083910247888,15367.840394784898,-26257.99477156538,-21159.165440797868,-297.3173606677019,5962.364633064996,8370.74013992246,-15909.806360823604,-5689.949461202025,1359.974192256487,-7521.760714115703,-18342.111362313346,-64.19927167679579,-19322.891959001165,-7941.935641408728,13059.759663652254,8061.1454251039995,40678.53354155848,5807.457346368708,2736.686224115255
-37737.753924879835,5240.641123541989,-385.89369811558606,3089.8511738353645,21885.925353114235,-22371.07008311344,8836.683866353394,16088.062249187304,10143.97232057788,28033.388034215026,6882.305415252717,588.0751517954616,-26352.577999959416,46632.49585345066,19431.75200597499,-31930.75887757634,27343.581709596347,15194.589397673471,66534.44441544732,-9002.002539596819,29533.924133111905,2913.6456173023657,40054.99931163849,66757.96070637534,-5869.771884985376,6136.28450187582,15948.7280377975,11167.776035742549,-2708.227075604948,13876.369498502694,-9312.688123202028,17433.320775609664,-3317.818724415021,-15273.031130373442,-25356.382030967197,-31931.729996227856,-8172.961997686931,-28767.87797277054,49151.16209048084,39606.654210197616,558.4740035097069,-11158.415493782004,-15668.134814302566,29779.783257425686,10649.270000775361,-2546.4070290342092,14081.992746321004,34333.765361332065,119.80650127422861,36169.82581302339,14867.731538196376,-24447.813352790552,-15089.352845029209,-76145.90742187266,-10872.312971958918,-5122.754167090582
7183.191692480876,-997.3578091277504,72.95774775355156,-588.2425718453754,-4165.727542358996,4257.261296348567,-1681.8669105923057,-3062.104782603033,-1930.9074006184312,-5335.973673652964,-1309.435976095111,-111.62432063785461,5015.244599676731,-8874.9066255096,-3698.393634056722,6077.625234217074,-5204.664541653725,-2892.4144733532285,-12663.527637240744,1712.7986802245493,-5621.237007719414,-554.7547388404013,-7623.046199766319,-12705.699963592075,1117.814341604296,-1167.429385919723,-3035.583764323134,-2125.948783016645,514.9636248098351,-2641.164933577246,1772.9554813353923,-3317.818724415021,631.80632521885,2906.9004165612073,4826.584456061525,6077.247484320634,1554.9313481330375,5475.165437843493,-9355.394105309144,-7538.775463050256,-105.67111783604,2124.6209778895955,2982.481561411312,-5668.604763467168,-2027.4554007269408,484.4403457334507,-2679.5976726623317,-6535.066189866534,-22.91964569333778,-6884.4786606652615,-2829.4017148477574,4652.779970677391,2872.0768121627743,14493.040248521482,2068.90815748247,975.036434483998
33062.09694744809,-4591.223464764946,337.7742277396014,-2707.0877984068625,-19174.193672734924,19598.749456531612,-7741.727808853562,-14094.66357401621,-8887.183690192815,-24560.062388742437,-6029.250772058101,-515.0146259754979,23087.021705900843,-40853.97341263282,-17023.980760372062,27974.437268091526,-23955.704235178735,-13312.117809369078,-58290.31931742896,7886.251401582164,-25874.464878506606,-2552.7425777110316,-35091.49252011602,-58485.91137147855,5142.842682384043,-5375.6466156799825,-13972.590805288088,-9784.232753718823,2372.3542284345353,-12157.021268809516,8159.053799354022,-15273.031130373442,2906.9004165612073,13380.593159859003,22214.840031216117,27974.94652490319,7159.8981530298315,25203.17991254814,-43061.22546050232,-34699.35378349529,-488.8939250526136,9776.308089762557,13726.950238201503,-26090.22137413963,-9330.101737065903,2230.765666737118,-12336.73232967683,-30079.73722876473,-105.04118869206245,-31688.277257770293,-13025.272254149198,21418.31964480097,13219.739135495642,66710.94546025233,9524.900148421239,4488.020282860185
54891.490777117055,-7622.359926321817,560.1009561717603,-4494.6006278388595,-31833.832905681178,32537.564514074984,-12853.029197186193,-23400.479652013502,-14755.058571257117,-40775.894247110526,-10009.282943435635,-854.6207085964239,38329.15934337975,-67826.09224755554,-28263.6575544018,46444.35421627671,-39772.49949818621,-22101.783771396647,-96775.4039536263,13092.221346454275,-42957.63981531205,-4238.421865792833,-58259.096792719756,-97099.61643129353,8539.170647992158,-8924.129888036938,-23197.80947767092,-16244.622107672249,3937.9657575574893,-20183.564130474693,13546.571768127238,-25356.382030967197,4826.584456061525,22214.840031216117,36882.45817030574,46444.41343525896,11886.1987312664,41842.77228557407,-71492.19340384251,-57609.54016112498,-810.8055265414629,16232.099689928002,22790.413004508486,-43316.64256829622,-15490.927914862601,3703.2776191971825,-20480.944056983986,-49939.74549816467,-174.55311080592162,-52610.226932115744,-21624.432797746944,35558.8239217872,21947.981699029122,110755.8121849198,15812.941433228616,7451.179275086674
69122.85955126342,-9599.008722537585,706.5972968121853,-5659.6159548000005,-40087.57632583449,40975.83139668712,-16185.755231618255,-29467.831185773677,-18580.36765127261,-51347.70864317045,-12605.803936995813,-1077.0080673910584,48268.66711874783,-85414.4124586857,-35592.27233388555,58486.29118791332,-50084.206488995944,-27831.461876343743,-121868.2520919993,16488.323594127334,-54096.0210181244,-5336.888835007313,-73366.7105377169,-122277.48552017992,10751.691771331567,-11239.337028670538,-29212.617277673566,-20455.70400039898,4960.313757050496,-25416.774171332698,17057.85912326998,-31931.729996227856,6077.247484320634,27974.94652490319,46444.41343525896,58487.81261048411,14969.775580510048,52692.766939762216,-90028.24972679644,-72545.98722747277,-1022.6454129995603,20438.76701226828,28698.806103885014,-54546.6194315656,-19506.072967845543,4664.04751457042,-25793.07936659172,-62887.807863141614,-219.5018697603101,-66250.82351612086,-27232.402460460566,44779.8268410573,27638.56608294721,139473.22472871272,19914.152715111155,9383.13682237456
17690.40853957353,-2456.89777429771,181.56101178396239,-1448.295266513063,-10259.71195479195,10488.221537468573,-4142.595371602879,-7541.873271157333,-4755.140140302083,-13141.326959914299,-3227.0063671960215,-276.09370068373164,12354.477158936186,-21861.8333423047,-9109.523818144406,14968.565197745675,-12817.976668615229,-7122.531427756973,-31190.79700434024,4220.810076254749,-13845.214828479644,-1365.6254380506286,-18778.30823656059,-31296.07584823937,2750.8704747858274,-2877.300181399176,-7476.556838082645,-5234.849329645909,1270.2579462518706,-6505.033649350294,4365.083910247888,-8172.961997686931,1554.9313481330375,7159.8981530298315,11886.1987312664,14969.775580510048,3832.264108364648,13486.459853628008,-23041.0760611288,-18566.70095064729,-262.64463586474795,5229.852021523014,7344.610124935423,-13959.70088835544,-4991.516795438099,1194.0266125051573,-6602.37278620564,-16094.973351089315,-56.00687032687021,-16955.76394122911,-6970.379068557897,11461.444558678919,7073.610340891121,35696.35787087381,5097.418091256097,2401.476887866803
