V1,V2,V3,V4,V5,V6,V7,V8,V9,V10,V11,V12,V13,V14,V15,V16,V17,V18,V19,V20,V21,V22,V23,V24,V25,V26,V27,V28,V29,V30,V31,V32,V33,V34,V35,V36,V37,V38,V39,V40,V41,V42,V43,V44,V45,V46,V47,V48,V49,V50,V51,V52,V53,V54,V55,V56
257.7064302148622,737.6967592356882,-85.89976070095453,-50.387170268650394,-253.6748004042099,-575.0664010077489,332.59446581574474,488.85665496936497,422.08237336279274,-379.7486327997967,757.0813613437734,684.626032015184,-98.2847682063978,659.4376873407441,81.02147751421693,-176.1892842309204,129.32165980396485,-285.7734586836682,664.986535990607,-66.41586396082066,-333.1345597503062,-525.0408666579192,307.5997046814617,74.1900491196607,-29.420877145837764,704.0132787472029,-327.64697151515844,353.4445151754446,359.46261182916317,123.46763294835513,-373.79664454660303,-485.01841093227705,344.49252609638836,92.00879854124715,28.251181570737586,97.30479969343564,-86.13888373398554,-67.56200320204519,-464.656110236479,-534.1642533176222,32.91438549066228,-176.2202980390528,302.89019928619996,137.1260139443979,-335.81769275285944,-258.63152180865933,629.3561801963392,172.99427040264774,73.09213882932728,199.64813612710657,114.0450687915305,-313.53835867642084,213.09034575950707,-153.5256064170912,180.35944498504884,158.87066432811915
737.6967592356882,2116.093617460459,-247.35670738873662,-146.13936034992935,-727.9049984920474,-1646.7945898442135,956.076949091175,1402.8069961811982,1208.7268353736551,-1089.9335738579841,2170.9217144581967,1965.5979146045627,-284.5558145567194,1892.814894358523,233.66268158533634,-505.7384353904377,373.0516484468531,-820.060530201962,1907.6775681153028,-191.61120673627488,-955.1516734120322,-1506.845674437389,883.3838915679598,213.1742871791075,-84.42674031211452,2021.6841966552474,-940.7761889767619,1012.2703463338393,1032.6039835656607,353.2977312516178,-1074.819056553816,-1392.4693638585275,989.0317655656112,265.3820578337928,79.62971274690997,277.29670932771467,-248.17620005271576,-193.47006839030163,-1330.357916057354,-1530.3241269439784,94.23512482324118,-504.5550565352069,870.4331805129616,393.1177334356888,-962.9423432739693,-742.2683356496851,1804.8647115059532,497.1749989490418,208.98994741069083,571.7114939488304,325.72757766143,-900.2944943499924,609.7702637917873,-441.2280934304771,516.7172825731424,454.1316274996448
-85.89976070095453,-247.35670738873662,29.12203174951273,17.43271079917027,85.1405111760795,191.8883148624394,-112.19996285837733,-164.08958872294252,-140.84994441965947,127.5435633188927,-253.59614006974908,-230.14444501486045,33.83289619749202,-221.51689705993473,-27.584866457448992,59.18806738433144,-44.06083983923881,95.92976286306872,-223.02241566908896,22.636475040579317,111.55541577787929,176.30591179845936,-103.48276460509558,-24.991022272360713,9.875446064047374,-236.80340912385503,110.17174211496344,-117.97967337171731,-121.02764546589557,-41.10689378315339,126.20069512102361,163.03087002553477,-115.7969550688916,-31.339842218519998,-9.00306855551167,-32.01916666551523,29.246274164202823,22.54025781000817,154.96577323892336,178.46640006438406,-10.976127729384002,58.77399045069863,-102.09574333830776,-45.89989905630228,112.48496067439073,86.84891459778652,-210.87668381614174,-58.31805842740132,-24.282057786203147,-66.61175112503152,-37.76596509923896,105.43371869085797,-70.95602736122721,51.752519102026696,-60.260730979788455,-52.73829688309465
-50.387170268650394,-146.13936034992935,17.43271079917027,10.68236952946944,50.36010854136374,112.70003647511152,-66.77089225017292,-97.06630250435524,-82.731155712654,75.50444384858316,-149.64001921107103,-136.38574527237785,20.61233854588494,-131.15701143245875,-16.593926361637074,35.04564146393963,-26.52749599307343,56.752853647484784,-131.79262952526244,13.634517745888617,65.8035733463714,104.34404825237195,-61.379736023813024,-14.843289120123334,5.841594180781401,-140.43237763881777,65.31062713918458,-69.32230570769272,-71.85758387193343,-24.07679677568209,75.17457480382143,96.6049758251352,-68.61687242560657,-18.864418868432736,-4.985452307683926,-18.485322950588433,17.53714480324654,13.234415621860908,90.95985009469052,104.98185044276461,-6.441688357883563,34.49953562913848,-60.69969819730595,-27.059743570306935,66.3731537495112,51.40137010367734,-124.47777275110984,-34.674957399947765,-14.184635717554828,-39.11627100037842,-21.97361637091502,62.50435268981995,-41.569054168615295,30.76737279403419,-35.44931829740178,-30.77885974663067
-253.6748004042099,-727.9049984920474,85.1405111760795,50.36010854136374,250.40434468353092,566.3144515729042,-328.9892975366356,-482.5724383933359,-415.6699487860673,374.9591460630479,-746.7213059480544,-676.2347069239275,98.027508488298,-651.1637029562494,-80.44470023987428,173.98215453145053,-128.43871428954475,282.1082879349192,-656.2149305606457,65.97203545064349,328.53631059404074,518.3759707520787,-303.9247341369886,-73.34181349741365,29.042757607386054,-695.5535589943199,323.6665185475565,-348.115897879387,-355.28416798077257,-121.47893566189023,369.865837166434,479.057789360067,-340.26066775619313,-91.37079235694229,-27.31514276251318,-95.28717746186555,85.42906072791546,66.52914282137017,457.4880701666123,526.3051273612591,-32.405354020930474,173.5059300114343,-299.5072316786318,-135.21066613466283,331.2194361433761,255.35061816972237,-620.8204301351789,-171.06994680304712,-71.85157591374237,-196.60146331373824,-111.96472425632085,309.73643118855233,-209.6705926134646,151.8148547432747,-177.70816300201534,-156.12597775782257
-575.0664010077489,-1646.7945898442135,191.8883148624394,112.70003647511152,566.3144515729042,1283.3709543254101,-742.7454758707989,-1091.3719500432585,-941.9593468931558,847.8051819948439,-1689.9618081359558,-1528.5590469812898,219.77348402765995,-1472.27248034068,-181.045558509622,393.3716856857008,-288.98571578795526,637.9828467311075,-1484.5215519071644,148.41614280915158,743.5996751566046,1172.1747154138086,-686.8224634582651,-165.68872227650726,65.6839088451271,-1571.9047382184137,731.5409911386264,-788.7955732943848,-802.6460596784218,-275.50747819929984,834.7988263891586,1082.8848016965387,-769.141130625256,-205.5893613224466,-62.86503583768647,-216.95758792787262,192.44295724397935,150.7854952939799,1036.9117258035292,1192.1605214606982,-73.4517077858547,393.2598732077006,-676.3675038503895,-306.09065729087644,749.6084002688835,577.4074001790528,-1404.8820722182254,-386.32248778550024,-163.0742623716439,-445.56064585522347,-254.39923712003386,700.0574278526493,-475.4829623894375,342.86161111467317,-402.5322388203832,-354.43436020858013
332.59446581574474,956.076949091175,-112.19996285837733,-66.77089225017292,-328.9892975366356,-742.7454758707989,432.90444879702164,634.0417485382363,545.1792673620787,-492.73733095954327,980.4887453779977,888.8873650519741,-129.77764447364356,855.7499447873198,106.148373693997,-228.64984484306282,169.51357622061133,-370.6623373022138,861.9732630376648,-87.07889546707766,-431.3461887628122,-681.1638379503851,399.5945361967386,96.47017779814172,-38.15913576112009,914.4464287643964,-425.48172160830006,456.6178138951528,467.2298604811846,159.2185344846884,-486.8097831546897,-629.6881758169092,447.251477602218,120.57896709261814,35.328992712104544,124.44652337514248,-112.63082129458056,-87.25340617662583,-599.9154846086782,-690.5304196403247,42.493043657330524,-227.52905267983502,394.0112661780196,177.5039330900141,-434.90659929144635,-335.54193575319,815.2487422635268,225.05907691516884,94.11110013825325,257.84545152689844,146.511001982703,-407.179840222895,274.8175415396755,-199.7279510988226,233.1616898829,204.44601321866682
488.85665496936497,1402.8069961811982,-164.08958872294252,-97.06630250435524,-482.5724383933359,-1091.3719500432585,634.0417485382363,930.0130029799737,801.0566024762512,-722.6143341219888,1439.06308966226,1303.2429192259024,-188.9449423684762,1254.9314137236322,155.0464146455347,-335.30488149016185,247.54851752156338,-543.6737887040953,1264.6610850704174,-127.15144986786746,-633.1395414015641,-999.0111314072611,585.7355883118594,141.35989987026724,-55.97220604670928,1340.4790950379763,-623.769124903498,670.8715435017244,684.7097117825225,234.10745699167686,-712.8231821473269,-923.2385296245246,655.7511033771317,176.09758861979375,52.62389633538901,183.6135266960345,-164.64842427558924,-128.21686191769533,-881.6312988932395,-1014.2613131182993,62.44958366617048,-334.3718881738932,577.215605199961,260.5798193253498,-638.3150967425921,-492.1110882202388,1196.4333759642816,329.6982036594348,138.46531829728605,378.8859287671244,215.76736119662507,-596.9315130879436,404.05765766174994,-292.5978564864994,342.4683028724601,300.86851908367197
422.08237336279274,1208.7268353736551,-140.84994441965947,-82.731155712654,-415.6699487860673,-941.9593468931558,545.1792673620787,801.0566024762512,691.3728985979714,-622.2833764991091,1240.4058180138727,1121.955051486665,-161.32776855847385,1080.6366940518312,132.89302827127042,-288.7314215322223,212.125175570616,-468.27401568907817,1089.6198974162576,-108.9426404723954,-545.7907770358996,-860.3669237794924,504.125023296541,121.61415092167877,-48.2112882632579,1153.773248887092,-536.948576167696,578.9554284962597,589.1422695154199,202.2129687276814,-612.7489892292857,-794.8324716113494,564.5458401425034,150.9101056764108,46.133414710713595,159.2329208375773,-141.25772706931198,-110.6717463895894,-761.0649701536523,-875.0192943351669,53.911397669762074,-288.64146809041034,496.45635281434403,224.6645332501407,-550.2012179085799,-423.8123759130845,1031.1627585549077,283.56133624747,119.69001875080245,327.02861199459664,186.71612898121302,-513.8389096477341,348.9891757432753,-251.6598481962278,295.4497223043064,260.14002205215684
-379.7486327997967,-1089.9335738579841,127.5435633188927,75.50444384858316,374.9591460630479,847.8051819948439,-492.73733095954327,-722.6143341219888,-622.2833764991091,561.4855175584473,-1118.0611148558278,-1012.670324524349,146.94137725095652,-975.0975534217889,-120.53028636083212,260.5336030516836,-192.44535695456804,422.43608332314443,-982.5968460141102,98.85021302974643,491.9090559864201,776.2399593805923,-455.14606082942095,-109.84017397890666,43.48929327017411,-1041.6262717020538,484.7000812153853,-521.157085026378,-532.0771412572475,-181.84432668392958,553.9776810596804,717.3927449446644,-509.54333824490857,-136.90308763245488,-40.81513837323648,-142.5684096518207,127.98368100869087,99.59746467908356,684.8706030188013,787.9495213889153,-48.51144161784235,259.74339947594245,-448.5658310169972,-202.4444100248504,495.93223088621255,382.3740957618179,-929.5622157751598,-256.2095007146511,-107.54640463468107,-294.3226437102248,-167.5652758563029,463.84079851400236,-313.86180612748734,227.37131570522897,-266.0533741381663,-233.67972386301585
757.0813613437734,2170.9217144581967,-253.59614006974908,-149.64001921107103,-746.7213059480544,-1689.9618081359558,980.4887453779977,1439.06308966226,1240.4058180138727,-1118.0611148558278,2227.308935987137,2016.2166649362634,-291.46317682673975,1941.6458479518524,239.4954541195739,-518.7845050920399,382.34709843363,-841.250842062949,1957.0829422569163,-196.38124177355294,-979.9772858630204,-1545.7525057247215,906.0919528438404,218.638851105775,-86.60887546886508,2073.6721923103128,-964.9871205564885,1038.7822629208404,1059.0946971039207,362.6078460296151,-1102.2089723341091,-1428.335225191193,1014.5057712061514,271.99797496498536,81.9419532545978,284.8037373450463,-254.41369482201196,-198.54433342855225,-1365.2714132926176,-1570.315949441406,96.70889881974796,-517.795474838258,892.7018368272612,403.3466777052523,-987.9545395887002,-761.4328856595561,1851.7101965749696,509.8922362746215,214.52525122930749,586.7022083181473,334.4198715935712,-923.4616588566518,625.8322066951747,-452.51697439752667,530.2196271984274,466.1811391238293
684.626032015184,1965.5979146045627,-230.14444501486045,-136.38574527237785,-676.2347069239275,-1528.5590469812898,888.8873650519741,1303.2429192259024,1121.955051486665,-1012.670324524349,2016.2166649362634,1826.4992884986532,-265.36019708663946,1758.673100446611,217.540277427415,-469.899404096062,347.3491735226129,-761.8669681736304,1772.0548299407653,-178.41953475053623,-887.0481259760742,-1399.983035643997,820.9618694597566,198.14483032514343,-78.43426724916831,1878.7846472821125,-874.2371156862458,939.6424954162175,959.7567370472657,327.82178827126387,-999.4050215149791,-1293.9145297286464,919.0321993464701,247.09053795889898,73.40921551274602,256.8542406159123,-230.95753068293095,-179.57297500840022,-1234.750151551142,-1420.724927582876,87.46128097630934,-468.2965585891772,809.164795138953,365.0624210237376,-894.318912776705,-689.62996975538,1676.3214316116323,462.1843774875622,193.85725473213358,530.6538783432522,301.9964040883009,-836.6229210151678,565.8155787432255,-410.1687655508764,479.71299829475504,421.2007071911759
-98.2847682063978,-284.5558145567194,33.83289619749202,20.61233854588494,98.027508488298,219.77348402765995,-129.77764447364356,-188.9449423684762,-161.32776855847385,146.94137725095652,-291.46317682673975,-265.36019708663946,39.83294036826409,-255.24855753932036,-32.167797368430804,68.20490312571211,-51.4131701516614,110.46687677383908,-256.6126343782469,26.42179779808177,128.17697283616835,203.0842046686809,-119.4016814836053,-28.871065495972392,11.37160175823969,-273.1851517327067,127.05978581288237,-135.16842334214718,-139.743933902704,-46.98512373790932,146.07632657970726,187.96261779625712,-133.50734326824275,-36.55948699268423,-9.867913737177131,-36.20147509353497,34.02192740161164,25.81294038671625,177.398055624373,204.6346273509355,-12.564070905994264,67.28680928140099,-118.00314113238132,-52.721099950138964,129.27814123543826,100.04206845968734,-242.4318122524764,-67.41324194307637,-27.69857750126813,-76.28584345800105,-42.95334012210762,121.60345919406407,-81.11183272697015,59.823231724644884,-69.09879836947658,-60.11606629826101
659.4376873407441,1892.814894358523,-221.51689705993473,-131.15701143245875,-651.1637029562494,-1472.27248034068,855.7499447873198,1254.9314137236322,1080.6366940518312,-975.0975534217889,1941.6458479518524,1758.673100446611,-255.24855753932036,1693.426967462497,209.35023453401053,-452.4688313108816,334.26098725680123,-733.6176254202443,1706.4343229739964,-171.69311070228179,-854.2452674593573,-1348.0583055385403,790.4566875407809,190.7819659995736,-75.52753099662884,1808.9710042983497,-841.7599758220128,905.027250705985,924.0530772552592,315.78242749215536,-962.1139791494516,-1245.8667771972898,884.9063576465452,237.77654486442006,70.84196288902668,247.53874930809548,-222.28671092785783,-172.9665345730999,-1189.2972407159905,-1368.3230923561568,84.24280759155025,-451.06210448434814,779.0227163032023,351.5763237125983,-861.2403874415023,-664.052023398904,1614.302104689385,444.97325577979757,186.7539256439314,511.12087054997636,290.9736178275262,-805.5483381372059,545.0252848434249,-394.9037330697948,462.0191074357551,405.7795194213155
81.02147751421693,233.66268158533634,-27.584866457448992,-16.593926361637074,-80.44470023987428,-181.045558509622,106.148373693997,155.0464146455347,132.89302827127042,-120.53028636083212,239.4954541195739,217.540277427415,-32.167797368430804,209.35023453401053,26.157121152918446,-55.93903060329655,41.78744140709797,-90.64318755806949,210.68998548556795,-21.470060350439518,-105.34292993347141,-166.60494525564567,97.83639415499934,23.63820129681461,-9.331515681822015,223.86814670687846,-104.14407899997818,111.32303739019487,114.44397238322951,38.762934229538274,-119.41765041276608,-154.0981373305635,109.45310268572803,29.71889555998064,8.392549864595264,30.10153121528109,-27.713045101678244,-21.267191005856585,-146.18637311891246,-168.43213734751785,10.354250289058532,-55.44678001648819,96.56820479706919,43.341720527308766,-106.22910387890097,-82.07083882588026,199.1668933672233,55.16472213660298,22.88444422568289,62.847838391473054,35.564286541107144,-99.66895821861452,66.91026412298066,-48.95623142728413,56.87319805873683,49.692896917755036
-176.1892842309204,-505.7384353904377,59.18806738433144,35.04564146393963,173.98215453145053,393.3716856857008,-228.64984484306282,-335.30488149016185,-288.7314215322223,260.5336030516836,-518.7845050920399,-469.899404096062,68.20490312571211,-452.4688313108816,-55.93903060329655,120.89709448809879,-89.3154579619027,196.01344417749465,-455.94418784229174,45.87653109473024,228.2417033468074,360.1863071800414,-211.2049982658625,-50.97983851395188,20.1805535497143,-483.3394560747177,224.9086221650526,-241.81130512556453,-246.8980994028105,-84.37313361221665,257.0698857136592,332.8815278950761,-236.43760068975615,-63.53208091765721,-18.924406321265916,-66.13473026329352,59.394466296172446,46.21616027797581,317.75943096421594,365.5945255381684,-22.50846489175362,120.51804212167637,-208.1469000734889,-93.93886172867107,230.11213696586233,177.42766150857295,-431.32302830600315,-118.895369129582,-49.89754205495237,-136.56668452419223,-77.74380902690088,215.23606835429302,-145.6212878014374,105.52012724207809,-123.44448366866531,-108.41698388439255
129.32165980396485,373.0516484468531,-44.06083983923881,-26.52749599307343,-128.43871428954475,-288.98571578795526,169.51357622061133,247.54851752156338,212.125175570616,-192.44535695456804,382.34709843363,347.3491735226129,-51.4131701516614,334.26098725680123,41.78744140709797,-89.3154579619027,66.75980990778393,-144.72257508447194,336.3768021335691,-34.30122781127466,-168.17513495834496,-266.0078395292698,156.22099461941642,37.74558200180475,-14.898732352073027,357.4619539047044,-166.2902743931962,177.69713172645547,182.74636199851534,61.867481271879406,-190.71044429955563,-246.04980789511296,174.76462771020897,47.479085169366606,13.369189287564152,48.01968438829782,-44.26818732886315,-33.94610258662822,-233.33919704209862,-268.8677658962419,16.527046583446385,-88.50260427335695,154.20956741652728,69.19118427146049,-169.5915369086453,-131.03749202637337,317.9677760599747,88.09216628872821,36.521352076666155,100.31710950909036,56.74899672457074,-159.14442508264955,106.79325771593984,-78.1769621187617,90.78664087025203,79.30248563744945
-285.7734586836682,-820.060530201962,95.92976286306872,56.752853647484784,282.1082879349192,637.9828467311075,-370.6623373022138,-543.6737887040953,-468.27401568907817,422.43608332314443,-841.250842062949,-761.8669681736304,110.46687677383908,-733.6176254202443,-90.64318755806949,196.01344417749465,-144.72257508447194,317.8271230704545,-739.2977039158341,74.33628236475754,370.1245188698968,584.0122166328223,-342.4148612595507,-82.63296114739563,32.720178273566056,-783.6368677741291,364.6531371143122,-392.1720071667863,-400.28008166212,-136.84974272870886,416.71988801560684,539.7203342124482,-383.3478456823695,-102.95368387774475,-30.757595500490844,-107.33050362834405,96.25650425230339,74.94929317455862,515.3794754173616,592.9154863581563,-36.506098905712584,195.4627513762889,-337.4423706939986,-152.32723858004235,373.1489144534236,287.68304494759366,-699.4141324738877,-192.73901454947233,-80.94104806251684,-221.48252664517526,-126.12527439962707,348.9605427161637,-236.19941211297402,171.04633334249817,-200.19943580493762,-175.87499495765334
664.986535990607,1907.6775681153028,-223.02241566908896,-131.79262952526244,-656.2149305606457,-1484.5215519071644,861.9732630376648,1264.6610850704174,1089.6198974162576,-982.5968460141102,1957.0829422569163,1772.0548299407653,-256.6126343782469,1706.4343229739964,210.68998548556795,-455.94418784229174,336.3768021335691,-739.2977039158341,1719.8061561506252,-172.77344843159167,-861.0578949030366,-1358.4560587683475,796.4169864897862,192.20308244204293,-76.11361930416047,1822.632263956348,-848.1415071723605,912.5256871940165,930.94450791101,318.47808616114384,-969.0367374013579,-1255.354460035074,891.6450210020391,239.28395864126594,71.7398765977574,249.92472747617566,-223.76678110898453,-174.4111325731369,-1199.2443471704694,-1379.534780444793,84.9485604004716,-454.8353763216775,784.7466178567141,354.3984408808767,-868.0880012798856,-669.1730187647189,1627.0905350586831,448.2424657616349,188.38626314600995,515.3813560960017,293.60756043652736,-811.6550779973957,549.66610076012,-397.81165758379666,465.8036465347667,409.35542010709753
-66.41586396082066,-191.61120673627488,22.636475040579317,13.634517745888617,65.97203545064349,148.41614280915158,-87.07889546707766,-127.15144986786746,-108.9426404723954,98.85021302974643,-196.38124177355294,-178.41953475053623,26.42179779808177,-171.69311070228179,-21.470060350439518,45.87653109473024,-34.30122781127466,74.33628236475754,-172.77344843159167,17.624272062111146,86.37820962963005,136.6345300998694,-80.24517514470872,-19.388047439837408,7.652489390211255,-183.61636415125554,85.41753616167517,-91.2617031696403,-93.87279236998539,-31.77191061617325,97.9693660935597,126.38612959719698,-89.76962126298773,-24.395311470519523,-6.859422990272636,-24.65476364026028,22.743578451532738,17.433357328194692,119.83730758809695,138.0890156938631,-8.487837287641648,45.45220434266363,-79.21631420987634,-35.536863261953016,87.10590576783561,67.3071796172063,-163.31566082722824,-45.2515566546255,-18.75470407717539,-51.51977785487208,-29.139842838108017,81.74633879034684,-54.844375433768626,40.15737913883422,-46.62747002150684,-40.723407075541104
-333.1345597503062,-955.1516734120322,111.55541577787929,65.8035733463714,328.53631059404074,743.5996751566046,-431.3461887628122,-633.1395414015641,-545.7907770358996,491.9090559864201,-979.9772858630204,-887.0481259760742,128.17697283616835,-854.2452674593573,-105.34292993347141,228.2417033468074,-168.17513495834496,370.1245188698968,-861.0578949030366,86.37820962963005,431.1788659486037,680.0770339806597,-398.6315682012748,-96.18072384812052,38.104456298427266,-912.3162906802002,424.55253212359344,-457.07190443492556,-465.94392183981483,-159.55589532765563,484.8880820528344,628.4086182648218,-446.3395756397164,-119.642620339292,-36.085677056862686,-125.34958264160373,111.91137717729343,87.35870419879457,600.7456276219381,690.9465804296849,-42.55336894132895,227.83635352237002,-392.73419588088143,-177.46440670366883,434.6845673761389,335.00326554342536,-814.7152660933193,-224.3160454268322,-94.4004594924452,-258.1519061723127,-147.16547905179874,406.2782050388576,-275.38451611762105,199.06998902199072,-233.29879302836486,-205.14324206239564
-525.0408666579192,-1506.845674437389,176.30591179845936,104.34404825237195,518.3759707520787,1172.1747154138086,-681.1638379503851,-999.0111314072611,-860.3669237794924,776.2399593805923,-1545.7525057247215,-1399.983035643997,203.0842046686809,-1348.0583055385403,-166.60494525564567,360.1863071800414,-266.0078395292698,584.0122166328223,-1358.4560587683475,136.6345300998694,680.0770339806597,1073.1402190308258,-629.2234272612661,-151.8552767980631,60.124414883041666,-1440.0035308252914,670.0773169849116,-720.5477657093209,-735.5639664733279,-251.42607967365876,765.8151449332826,991.7702768663596,-704.4268429999062,-189.23049466867374,-56.46006611520602,-197.14482315712775,176.91202802156226,137.70712353640226,946.8988270588314,1089.392929662993,-67.07228681888101,359.1236875881923,-620.1040715080973,-279.89166880178135,685.639312727883,528.6268916408007,-1285.1433890193039,-354.19305764363963,-148.7014692738689,-406.93453649679407,-231.69918525937607,641.2450307898326,-433.95335832538876,314.33236578405734,-367.8367843378269,-323.104949743007
307.5997046814617,883.3838915679598,-103.48276460509558,-61.379736023813024,-303.9247341369886,-686.8224634582651,399.5945361967386,585.7355883118594,504.125023296541,-455.14606082942095,906.0919528438404,820.9618694597566,-119.4016814836053,790.4566875407809,97.83639415499934,-211.2049982658625,156.22099461941642,-342.4148612595507,796.4169864897862,-80.24517514470872,-398.6315682012748,-629.2234272612661,369.0181683844948,89.07791316812978,-35.252502312874554,844.4859665612,-392.94836356500826,422.2128392160832,431.4143821138082,147.2856970022941,-449.2930917888767,-581.5749178778858,413.07829860077476,111.12347908406814,32.91367092916996,115.33502584824488,-103.85625006057948,-80.68988359059064,-554.7842788101651,-638.3975523485768,39.29754664803527,-210.41436074664838,363.7392523033177,164.05846481123052,-401.90655434754933,-309.9555420493845,753.3536557601908,207.76999997496227,87.08777604824216,238.4397138170136,135.65052639897814,-376.0480524322863,254.20932456728164,-184.39275358493632,215.55789822278825,189.2116157208873
74.1900491196607,213.1742871791075,-24.991022272360713,-14.843289120123334,-73.34181349741365,-165.68872227650726,96.47017779814172,141.35989987026724,121.61415092167877,-109.84017397890666,218.638851105775,198.14483032514343,-28.871065495972392,190.7819659995736,23.63820129681461,-50.97983851395188,37.74558200180475,-82.63296114739563,192.20308244204293,-19.388047439837408,-96.18072384812052,-151.8552767980631,89.07791316812978,21.516139842376603,-8.508726076209886,203.83211184719283,-94.8392895625405,101.85640540338574,104.13556962813664,35.5274633995997,-108.47428948343531,-140.36270465490418,99.69810186327929,26.841763399151333,7.909364401565752,27.78921613517723,-25.085354450615572,-19.47065005800227,-133.81744368175416,-154.0080407372344,9.479591004337243,-50.75947401606345,87.80422278080084,39.59091159671189,-96.9766452525463,-74.80485302141561,181.78882717502708,50.163428751606375,21.002028785834053,57.52640167310948,32.70910823141909,-90.7687528778458,61.311738650454764,-44.52838819030911,52.00213757428315,45.626639895660325
-29.420877145837764,-84.42674031211452,9.875446064047374,5.841594180781401,29.042757607386054,65.6839088451271,-38.15913576112009,-55.97220604670928,-48.2112882632579,43.48929327017411,-86.60887546886508,-78.43426724916831,11.37160175823969,-75.52753099662884,-9.331515681822015,20.1805535497143,-14.898732352073027,32.720178273566056,-76.11361930416047,7.652489390211255,38.104456298427266,60.124414883041666,-35.252502312874554,-8.508726076209886,3.3687728236726278,-80.675322748711,37.540581312532666,-40.37619700559777,-41.20843130648749,-14.089893582036332,42.900492176010864,55.563831600658666,-39.465599423375366,-10.597829674566855,-3.1668132319497446,-11.05028859782999,9.909189392160378,7.717143730523404,53.05958121489478,61.041896993756644,-3.7584666590074125,20.124223843963932,-34.73870668979052,-15.683344209172049,38.41623011531375,29.617243123616866,-72.00651035407552,-19.84309520249512,-8.333497445388453,-22.803668876834383,-12.98616754730277,35.92607586245115,-24.317744348627237,17.610981569276824,-20.61105272192425,-18.107593536300755
704.0132787472029,2021.6841966552474,-236.80340912385503,-140.43237763881777,-695.5535589943199,-1571.9047382184137,914.4464287643964,1340.4790950379763,1153.773248887092,-1041.6262717020538,2073.6721923103128,1878.7846472821125,-273.1851517327067,1808.9710042983497,223.86814670687846,-483.3394560747177,357.4619539047044,-783.6368677741291,1822.632263956348,-183.61636415125554,-912.3162906802002,-1440.0035308252914,844.4859665612,203.83211184719283,-80.675322748711,1932.6075968121934,-899.2714664266109,966.3003305904944,987.2855580292222,337.09140869383936,-1028.171026020611,-1330.9501653857312,945.3381023886623,254.28180029079633,75.3681834470467,264.00769235294433,-237.65245597715617,-184.6642211461192,-1269.7404401171527,-1461.0778006736348,89.93948827364791,-481.56828874342915,832.407338582438,375.4562676389126,-919.8032819354995,-709.3445736401188,1724.1096146601685,475.46237541461545,199.32344738088597,545.6999328664393,310.47679134218976,-860.5821533110613,581.8175847452973,-421.951999784336,493.3388614060255,433.0655673773732
-327.64697151515844,-940.7761889767619,110.17174211496344,65.31062713918458,323.6665185475565,731.5409911386264,-425.48172160830006,-623.769124903498,-536.948576167696,484.7000812153853,-964.9871205564885,-874.2371156862458,127.05978581288237,-841.7599758220128,-104.14407899997818,224.9086221650526,-166.2902743931962,364.6531371143122,-848.1415071723605,85.41753616167517,424.55253212359344,670.0773169849116,-392.94836356500826,-94.8392895625405,37.540581312532666,-899.2714664266109,418.448403682282,-449.6988687281893,-459.39074621123814,-156.88337256269133,478.3892713839015,619.3205852006562,-439.8860521132,-118.29397746355119,-35.10758331355699,-122.9000662793772,110.56315773892359,85.93856786984149,590.928405463756,679.9512941151319,-41.85701922047623,224.11640325542177,-387.31737607977857,-174.71978890002683,428.0331729765397,330.07915364971075,-802.3123716282445,-221.22839560344616,-92.77010187109902,-253.95928280963602,-144.51147225403153,400.4425286891229,-270.7814294653435,196.3277382311892,-229.58802989089452,-201.56278198861378
353.4445151754446,1012.2703463338393,-117.97967337171731,-69.32230570769272,-348.115897879387,-788.7955732943848,456.6178138951528,670.8715435017244,578.9554284962597,-521.157085026378,1038.7822629208404,939.6424954162175,-135.16842334214718,905.027250705985,111.32303739019487,-241.81130512556453,177.69713172645547,-392.1720071667863,912.5256871940165,-91.2617031696403,-457.07190443492556,-720.5477657093209,422.2128392160832,101.85640540338574,-40.37619700559777,966.3003305904944,-449.6988687281893,484.8195043294413,493.4226693186324,169.32651894194055,-513.2182883358714,-665.674802998532,472.8091455936968,126.41650726780925,38.602215049903386,133.30975968260444,-118.3243080130843,-92.67627283264555,-637.308769752791,-732.7555259305942,45.14484631212545,-241.70614517435226,415.80367397730987,188.14402651041206,-460.76770533215586,-354.9383199889358,863.5554511706274,237.49562956134702,100.22074278154705,273.85305572724934,156.33570422398563,-430.3449951823061,292.23258917114674,-210.7767810457967,247.41461221358963,217.82169624071284
359.46261182916317,1032.6039835656607,-121.02764546589557,-71.85758387193343,-355.28416798077257,-802.6460596784218,467.2298604811846,684.7097117825225,589.1422695154199,-532.0771412572475,1059.0946971039207,959.7567370472657,-139.743933902704,924.0530772552592,114.44397238322951,-246.8980994028105,182.74636199851534,-400.28008166212,930.94450791101,-93.87279236998539,-465.94392183981483,-735.5639664733279,431.4143821138082,104.13556962813664,-41.20843130648749,987.2855580292222,-459.39074621123814,493.4226693186324,504.39013330143155,172.10314323951587,-525.3610511306126,-679.8988572845781,482.91390160103174,129.99640286216825,38.38281882197146,134.7000785768294,-121.47167993230585,-94.29146394868283,-648.3375546979778,-746.1123167535853,45.92324427479708,-245.8917697565487,425.2932273431391,191.74951113760363,-469.77455882398016,-362.3385139086982,880.5764057252408,242.92326274103945,101.7526872625196,278.64277602758324,158.4655007296559,-439.62653490655345,297.052683196116,-215.58165606960327,251.9282864647291,221.06613274963922
123.46763294835513,353.2977312516178,-41.10689378315339,-24.07679677568209,-121.47893566189023,-275.50747819929984,159.2185344846884,234.10745699167686,202.2129687276814,-181.84432668392958,362.6078460296151,327.82178827126387,-46.98512373790932,315.78242749215536,38.762934229538274,-84.37313361221665,61.867481271879406,-136.84974272870886,318.47808616114384,-31.77191061617325,-159.55589532765563,-251.42607967365876,147.2856970022941,35.5274633995997,-14.089893582036332,337.09140869383936,-156.88337256269133,169.32651894194055,172.10314323951587,59.162227344496934,-178.93243194593052,-232.24222282723747,164.95488224148826,44.013684641853004,13.574381801528915,46.658658990564305,-41.21789903236403,-32.37166225688057,-222.61133968636082,-255.88170291699683,15.769470595003067,-84.4283369833406,145.00419242151202,65.68389290063956,-160.840130488838,-123.85104495386341,301.4277692696418,82.8229633437824,35.02808309760936,95.65315176872151,54.66799156164521,-150.13204094774179,102.10119202617066,-73.5078249470108,86.39804069567309,76.13931023576528
-373.79664454660303,-1074.819056553816,126.20069512102361,75.17457480382143,369.865837166434,834.7988263891586,-486.8097831546897,-712.8231821473269,-612.7489892292857,553.9776810596804,-1102.2089723341091,-999.4050215149791,146.07632657970726,-962.1139791494516,-119.41765041276608,257.0698857136592,-190.71044429955563,416.71988801560684,-969.0367374013579,97.9693660935597,484.8880820528344,765.8151449332826,-449.2930917888767,-108.47428948343531,42.900492176010864,-1028.171026020611,478.3892713839015,-513.2182883358714,-525.3610511306126,-178.93243194593052,547.4482797676465,707.976440561271,-502.8578157721154,-135.65552849114854,-39.62008935174735,-139.7773685362425,126.69406853979973,98.06618568864766,674.2510518885404,776.1600080867216,-47.75805862242437,255.7225872901461,-443.0567199056144,-199.53266308305822,488.8965944010092,377.2415621700119,-916.4687818810297,-253.0746730340621,-105.75272843405334,-289.8002070712932,-164.60917540114156,457.8123437409677,-308.8471314080212,224.58924404705684,-262.07542354007427,-229.7278289088042
-485.01841093227705,-1392.4693638585275,163.03087002553477,96.6049758251352,479.057789360067,1082.8848016965387,-629.6881758169092,-923.2385296245246,-794.8324716113494,717.3927449446644,-1428.335225191193,-1293.9145297286464,187.96261779625712,-1245.8667771972898,-154.0981373305635,332.8815278950761,-246.04980789511296,539.7203342124482,-1255.354460035074,126.38612959719698,628.4086182648218,991.7702768663596,-581.5749178778858,-140.36270465490418,55.563831600658666,-1330.9501653857312,619.3205852006562,-665.674802998532,-679.8988572845781,-232.24222282723747,707.976440561271,916.6264416272154,-651.0541254129281,-175.03254386430604,-52.01809844590245,-181.97826214165207,163.6052680421858,127.21423692028823,874.7465844052729,1006.4893832004607,-61.96082042602517,331.7581642697601,-573.2162731873034,-258.6178536250983,633.5574173446389,488.5445426489833,-1187.5432834749556,-327.41078567775276,-137.33819031621496,-375.9322200650855,-213.95151620105858,592.6715444149299,-400.84883549468054,290.56017719549703,-339.8446618638039,-298.40103508427006
344.49252609638836,989.0317655656112,-115.7969550688916,-68.61687242560657,-340.26066775619313,-769.141130625256,447.251477602218,655.7511033771317,564.5458401425034,-509.54333824490857,1014.5057712061514,919.0321993464701,-133.50734326824275,884.9063576465452,109.45310268572803,-236.43760068975615,174.76462771020897,-383.3478456823695,891.6450210020391,-89.76962126298773,-446.3395756397164,-704.4268429999062,413.07829860077476,99.69810186327929,-39.465599423375366,945.3381023886623,-439.8860521132,472.8091455936968,482.91390160103174,164.95488224148826,-502.8578157721154,-651.0541254129281,462.42586150387325,124.32124221594306,36.94514811304246,129.25161391531867,-116.20529146756132,-90.3573706076984,-621.3043242029366,-714.8782442017718,44.008934630212224,-235.6380646531033,407.13998485892097,183.6897062860803,-449.9973305798776,-346.9997399228648,843.4785485692784,232.55240540551515,97.54692939038495,267.01445101111995,151.96316622437763,-420.95930810387586,284.7100093704476,-206.37974700728913,241.38119704332516,211.94447278597357
92.00879854124715,265.3820578337928,-31.339842218519998,-18.864418868432736,-91.37079235694229,-205.5893613224466,120.57896709261814,176.09758861979375,150.9101056764108,-136.90308763245488,271.99797496498536,247.09053795889898,-36.55948699268423,237.77654486442006,29.71889555998064,-63.53208091765721,47.479085169366606,-102.95368387774475,239.28395864126594,-24.395311470519523,-119.642620339292,-189.23049466867374,111.12347908406814,26.841763399151333,-10.597829674566855,254.28180029079633,-118.29397746355119,126.41650726780925,129.99640286216825,44.013684641853004,-135.65552849114854,-175.03254386430604,124.32124221594306,33.77120005574376,9.5200532781727,34.1724820215325,-31.485797634036317,-24.146648566160295,-166.0109104578316,-191.28156285217833,11.757810473153423,-62.962071571369584,109.69692711434173,49.218810732612724,-120.64749219687532,-93.21586530884137,226.1972600146884,62.658863239982374,25.983689165006783,71.3638619811171,40.37478867115007,-113.20562836499063,75.97943076346537,-55.60066820943554,64.58831909976287,56.42221662180793
28.251181570737586,79.62971274690997,-9.00306855551167,-4.985452307683926,-27.31514276251318,-62.86503583768647,35.328992712104544,52.62389633538901,46.133414710713595,-40.81513837323648,81.9419532545978,73.40921551274602,-9.867913737177131,70.84196288902668,8.392549864595264,-18.924406321265916,13.369189287564152,-30.757595500490844,71.7398765977574,-6.859422990272636,-36.085677056862686,-56.46006611520602,32.91367092916996,7.909364401565752,-3.1668132319497446,75.3681834470467,-35.10758331355699,38.602215049903386,38.38281882197146,13.574381801528915,-39.62008935174735,-52.01809844590245,36.94514811304246,9.5200532781727,3.447110550612292,11.017907612008772,-8.991408531088899,-7.388033416643061,-50.86590051182097,-58.20486010507447,3.603896477229788,-19.286801869071436,32.245162286070055,14.868108831333583,-36.34943540402581,-27.810152148519762,68.06336354499297,18.40949490708804,8.080981824461437,21.829851984556612,12.710440643923226,-33.58931676162411,23.420386006897893,-16.33810707303101,19.650995877939934,17.59886254929202
97.30479969343564,277.29670932771467,-32.01916666551523,-18.485322950588433,-95.28717746186555,-216.95758792787262,124.44652337514248,183.6135266960345,159.2329208375773,-142.5684096518207,284.8037373450463,256.8542406159123,-36.20147509353497,247.53874930809548,30.10153121528109,-66.13473026329352,48.01968438829782,-107.33050362834405,249.92472747617566,-24.65476364026028,-125.34958264160373,-197.14482315712775,115.33502584824488,27.78921613517723,-11.05028859782999,264.00769235294433,-122.9000662793772,133.30975968260444,134.7000785768294,46.658658990564305,-139.7773685362425,-181.97826214165207,129.25161391531867,34.1724820215325,11.017907612008772,37.09208096498617,-32.07154635453303,-25.492007460183686,-175.37270413763775,-201.33609345648668,12.423462740763258,-66.50633109142782,113.4034201069389,51.61186921039378,-126.33239994531029,-97.11053538978896,236.70079897914968,64.76322337658712,27.666728685890313,75.32720901688583,43.27037069114511,-117.60187629675481,80.5193438086466,-57.47578988961506,67.97903954559715,60.169807420914424
-86.13888373398554,-248.17620005271576,29.246274164202823,17.53714480324654,85.42906072791546,192.44295724397935,-112.63082129458056,-164.64842427558924,-141.25772706931198,127.98368100869087,-254.41369482201196,-230.95753068293095,34.02192740161164,-222.28671092785783,-27.713045101678244,59.394466296172446,-44.26818732886315,96.25650425230339,-223.76678110898453,22.743578451532738,111.91137717729343,176.91202802156226,-103.85625006057948,-25.085354450615572,9.909189392160378,-237.65245597715617,110.56315773892359,-118.3243080130843,-121.47167993230585,-41.21789903236403,126.69406853979973,163.6052680421858,-116.20529146756132,-31.485797634036317,-8.991408531088899,-32.07154635453303,29.374958305501625,22.60570479447426,155.40502096123447,179.00059073725606,-11.007248163881309,58.94157797810624,-102.48001463050363,-46.045708163764374,112.84705939581532,87.14773906674569,-211.56229203597084,-58.53915196322812,-24.34279134779894,-66.80436467649238,-37.85014040299587,105.80977729112514,-71.14761858810654,51.94960489023108,-60.44132410502288,-52.86653050345068
