V1,V2,V3,V4,V5,V6,V7,V8,V9,V10,V11,V12,V13,V14,V15,V16,V17,V18,V19,V20,V21,V22,V23,V24,V25,V26,V27,V28,V29,V30,V31,V32,V33,V34,V35,V36,V37,V38,V39,V40,V41,V42,V43,V44,V45,V46,V47,V48,V49,V50,V51,V52,V53,V54,V55,V56
403.486861669294,1155.3976246846576,-135.4300933386642,-80.04537085688602,-397.83840497280545,-899.0624961406202,522.0828932355521,765.7447645229463,659.5695581135624,-595.7375292185582,1185.4887360471187,1073.5448520980578,-155.5154665947655,1033.4135007547197,127.46717831126847,-275.6186845289246,203.28969208461533,-448.23394921561277,1040.7846180029646,-104.93418108503563,-521.8765814545118,-822.9656194656492,482.30474855996414,115.81559906404848,-45.642511217171766,1104.2502176566363,-513.9734294590252,552.2124763194242,563.6477276013992,192.62147576879525,-586.6476406933988,-760.436805665784,540.3219827241654,145.19241918740718,43.99799843044436,151.46464938468117,-135.8732860153944,-105.39603514729524,-727.0819039940138,-836.1846924247878,51.81922320662732,-274.76425781575585,475.8004848290421,213.87644917340597,-526.2388641514057,-405.4133367311302,985.6541277950421,270.91148556868245,113.98340296128706,311.46793042948394,177.79353023451864,-491.5637658914804,333.0883915212332,-239.92456829340796,281.9586524312708,247.91732421901443
1155.3976246846576,3315.2794147921522,-387.80856833179774,-229.32479122785168,-1140.4309448140934,-2579.5198525815526,1498.343994640934,2197.8977205427127,1893.2401485492044,-1707.716040044494,3401.05872328318,3079.904882112927,-446.50496026739995,2965.898268234397,366.4001047451368,-792.440704634854,584.9271633339814,-1284.8743378346771,2988.8989235370304,-300.53029395373574,-1496.269897777492,-2360.9444922576718,1384.378912332068,334.23866237774854,-132.20617405184763,3167.915708328832,-1474.0810867906885,1585.5286072921945,1618.0241546242007,553.3316136119752,-1684.4333144817736,-2181.7559489163386,1549.7279280331393,416.06125945988697,124.45826787690817,433.9250312803431,-389.1552679593034,-303.1211660293254,-2083.656968063443,-2397.088429273147,147.681639059194,-790.1825477048961,1364.0659988915809,615.8182291704943,-1508.6065691887889,-1163.020242322,2827.6704248014585,779.1527037367015,327.2558067681219,895.5105743272962,510.0797738473675,-1410.7795101019399,954.9754978855393,-691.5812913917042,809.312956160747,711.1213888310531
-135.4300933386642,-387.80856833179774,45.65784438738241,26.912251982213917,133.46468769364563,302.0912690800716,-175.2689397600792,-257.03984882547104,-221.31033739816644,199.92822514176984,-398.07027893812096,-360.406206237491,52.523626579075525,-347.3344069658081,-42.907079239807416,92.57011142821405,-68.22969068216149,150.51733204022142,-349.63324586687565,35.49606931095135,174.99143815220896,276.24795540882235,-162.33821562207726,-39.37871787188643,15.091008060812129,-370.81908491848816,172.42418865474605,-185.21506074047312,-188.93774906955755,-64.68543175932813,196.73538409480577,254.99100186072963,-181.44369935860684,-48.64109078356779,-14.832892986038349,-50.51789640567014,45.90427159869964,35.62024008156963,243.91375942696956,280.57710147612687,-17.652057755080136,91.91908992907335,-159.74286080342029,-71.67954177871216,176.7832988025818,136.15627050578175,-331.1149576280273,-90.97342391616287,-38.200799089408456,-104.60648374420812,-59.90030151308222,165.2541280042037,-111.74503372593125,80.85934496769259,-94.38816065219802,-83.17640511787863
-80.04537085688602,-229.32479122785168,26.912251982213917,15.895677632740176,78.93288344393004,178.50306541865058,-103.63978902067505,-152.0013201881111,-130.90218944420775,118.21256097593724,-235.31969015148115,-213.09007339199906,30.944377191772944,-205.22232991995318,-25.33799521215969,54.74222730895565,-40.37748425573135,88.96137923205052,-206.67474032385763,20.87859793205015,103.5274023965702,163.34203928016356,-95.83123602143321,-23.121558791122307,9.03078458647645,-219.206322876034,101.98709351003653,-109.58738432837086,-111.83580496903926,-38.245533061041755,116.42553300363278,150.88008095393232,-107.25315267527827,-28.793774284245355,-8.715818945653544,-29.982073479377284,27.021363463559727,20.9789121835484,144.2395227793347,165.91046588311644,-10.323297305187673,54.49714754217193,-94.43188665345836,-42.45944392578233,104.45831580425475,80.48052516278199,-195.68251035554832,-53.809114128860465,-22.61282587664122,-61.85759601792629,-35.33029173766959,97.62675120619464,-66.08488720770224,47.73767825745889,-55.91422352980174,-49.19158210399205
-397.83840497280545,-1140.4309448140934,133.46468769364563,78.93288344393004,392.51237579809015,887.2510692334392,-515.3641100391923,-755.9409930704436,-651.168475807112,587.734964538068,-1169.9717205009101,-1059.5267483489692,153.43709386959267,-1019.9719991503248,-125.88906908839456,272.30854872291536,-200.9481958940852,442.1768305252094,-1027.6365846192107,103.37727704143464,514.9677963434575,812.2181983931413,-475.9765835463019,-114.47246553467909,45.354255746535394,-1089.779961083257,507.22569316048634,-545.2849618679506,-556.5652898146313,-190.22352229808862,579.3148196473153,750.6390897834224,-533.1764263699505,-143.25104371603084,-43.08424754392867,-149.49373004143132,133.88015526681716,104.0650510038729,717.2410375770263,824.9824745789872,-50.87497166676006,271.62885899759976,-469.41561742228487,-211.52093693787415,519.1226979198049,400.08659876771947,-972.6857664283522,-267.70855634379626,-112.5605418976121,-307.7251148633964,-175.39180815687658,485.15556904112793,-328.6517938122715,237.25620811037157,-278.4430220666095,-244.67146829427008
-899.0624961406202,-2579.5198525815526,302.0912690800716,178.50306541865058,887.2510692334392,2007.6101589604116,-1165.8450829962176,-1710.1241226186155,-1472.9472149332953,1328.7166755070416,-2646.5536587336414,-2396.5015507040084,347.92233774141374,-2308.4279653429157,-285.25951460281834,616.6223522230063,-455.0426713279232,999.8704093564812,-2325.986785057531,234.2977890896472,1163.9495021919463,1837.0212198854556,-1077.8735949943934,-260.83978530439697,102.44883377585839,-2465.156072581332,1146.8014101977094,-1233.4114815006976,-1258.4883148362646,-430.57266285714957,1310.2673569728474,1697.1430373275145,-1205.9508713295606,-323.57587209980136,-97.00939415594151,-337.1260117726651,303.29812756902624,236.23677396226148,1621.1118242347034,1865.0391198993445,-115.36753781673362,614.2654502827281,-1061.428931300025,-478.90962334207074,1174.096672553349,905.0479471677586,-2200.6115607933716,-606.2443687324494,-254.53202242234335,-696.828756177951,-397.26322540415975,1098.1025446501599,-742.9802199340095,538.5445846795523,-629.2828008713642,-553.2612645864751
522.0828932355521,1498.343994640934,-175.2689397600792,-103.63978902067505,-515.3641100391923,-1165.8450829962176,677.1998051214464,993.3739335108793,855.6639686698693,-771.7326218584108,1537.1093120076869,1391.9602155110251,-201.86192469696735,1340.535788936847,165.64186857072949,-358.21842478459655,264.42885989262356,-580.6582746883558,1350.979267100973,-135.84358858676904,-676.1661329131628,-1067.01713140079,625.756607276473,151.2100778084398,-59.76927191885309,1431.7492263992422,-666.1733690681809,716.5997283102686,731.264799416928,250.1065100789073,-761.3089422391904,-986.0052301628866,700.3880456520628,188.00729693262642,56.18153550422449,196.03516035486027,-175.8943745383418,-137.0577086010843,-941.5790662382018,-1083.2576728001102,66.73997074782041,-357.15109401246906,616.4524211563452,278.3904707658231,-681.7806523930557,-525.6297081856723,1277.9845530372986,352.2209306887934,147.90155424265916,404.8059071401519,230.55575644296206,-637.6543920308261,431.5585283452798,-312.73759977876784,365.74374160714007,321.3724972600894
765.7447645229463,2197.8977205427127,-257.03984882547104,-152.0013201881111,-755.9409930704436,-1710.1241226186155,993.3739335108793,1457.188633660295,1255.2046955200738,-1131.9750265239043,2254.7236819603836,2041.8090431744047,-296.0713779742342,1966.3784852377087,242.9848626158119,-525.5215252671804,387.94496319036966,-851.6973380800898,1981.797709081234,-199.2073670951104,-991.8309662858863,-1565.1671438188762,917.8751462847528,221.8259284528174,-87.75168194781725,2100.156786573438,-977.1774603052604,1051.2326636242683,1072.733248585604,366.902796499512,-1116.8083664078674,-1446.371121422892,1027.3483607947069,275.7678087975667,82.3366586709922,287.57713965855345,-257.9488748926039,-201.04966432139977,-1381.105728808348,-1588.9397825959004,97.82905086927717,-524.0111114628133,904.2050657012742,408.46709406423753,-1000.0211024275061,-771.0163373530017,1874.6025151342965,516.7325387108158,216.9718389415484,593.8735871255736,338.1750064029663,-935.3435898609224,633.026794597941,-458.8372196069306,536.5462640896111,471.41678215216774
659.5695581135624,1893.2401485492044,-221.31033739816644,-130.90218944420775,-651.168475807112,-1472.9472149332953,855.6639686698693,1255.2046955200738,1081.2650194747187,-975.0527549915707,1942.1147182886089,1758.7437830425843,-254.89104505135646,1693.6206915108505,209.25856106427423,-452.6764535493286,334.1919002445653,-733.5909771280799,1707.0091155258824,-171.46591665691608,-854.4069097946586,-1348.1964723704107,790.4584271509243,190.89358819678512,-75.70444750198975,1808.9557010832405,-841.7520860602118,905.5959945755139,924.1509205609229,316.04434099964806,-962.0872001998507,-1245.9833783481238,884.8954949769297,237.5689633873879,70.87208953388155,247.84540413273228,-222.0531498094852,-173.0906623612978,-1189.6876045850279,-1368.699013008967,84.14353252392286,-451.536361426043,778.8294349938587,351.92836305710193,-861.3201662417032,-664.1041751589197,1614.631853419524,445.11453886597246,186.9262512844379,511.56012105182816,291.20784260688583,-805.5842224055738,545.2966105845765,-395.1448615073691,462.286129733395,406.0887477764093
-595.7375292185582,-1707.716040044494,199.92822514176984,118.21256097593724,587.734964538068,1328.7166755070416,-771.7326218584108,-1131.9750265239043,-975.0527549915707,880.0817517171082,-1752.0118142685837,-1586.5935160657918,229.8799152815052,-1527.509551030658,-188.55443673816885,407.78354159848163,-300.90241622873936,662.1548428811748,-1538.9212433232274,154.90150508706333,771.0644630784083,1216.2477190724965,-712.9081435585088,-171.59936227986805,67.82958218767864,-1631.9347564511102,759.5017934416934,-816.4766723009155,-833.3244965902628,-284.858366043334,867.4183370830549,1123.937722428534,-798.4260979038706,-214.47414871056284,-64.54142631769639,-223.73921965651442,200.58642242128798,155.91998764995589,1073.9731521190706,1235.3237889105724,-76.27786766111349,406.6319043654227,-702.9323453281932,-316.69682789734446,777.4070643873562,599.1311122629493,-1456.6333447151344,-400.88884609687653,-168.53052090502354,-460.8193563869544,-262.72030293216295,726.582383082089,-492.1137499072549,355.3935113047922,-416.8565339011166,-366.3657952241112
1185.4887360471187,3401.05872328318,-398.07027893812096,-235.31969015148115,-1169.9717205009101,-2646.5536587336414,1537.1093120076869,2254.7236819603836,1942.1147182886089,-1752.0118142685837,3489.240105305068,3159.689589451507,-458.29692604286254,3042.9706828990165,375.9254389086482,-812.8620276492513,599.9213714233799,-1318.2790977882084,3066.2731034206276,-308.5757518181291,-1534.9374560345238,-2422.084063599509,1420.531656634982,343.1451666468024,-135.33667648868393,3250.0718601784624,-1512.2015790910207,1626.36256771818,1659.6217938955276,567.6264650730025,-1727.7772884588717,-2238.0176012925444,1589.9479940210294,426.7919386122029,127.88173621313166,444.9477858339444,-399.52692014510643,-311.109889784812,-2137.6818760095603,-2459.226205574678,151.7982557288494,-810.23291194272,1399.48609952933,631.4904248444426,-1547.8780911471213,-1193.1979006262727,2901.110684858681,799.1973045361414,335.66185441217607,918.5897987245559,523.4722845675773,-1447.4706717188938,979.7060940309497,-709.4876822724183,830.0258000687624,729.5151591089012
1073.5448520980578,3079.904882112927,-360.406206237491,-213.09007339199906,-1059.5267483489692,-2396.5015507040084,1391.9602155110251,2041.8090431744047,1758.7437830425843,-1586.5935160657918,3159.689589451507,2861.3086031952107,-414.8999415296721,2755.4412814863344,340.38184120480474,-736.0794367708062,543.2795373608662,-1193.7738961591103,2776.605722226867,-279.33257963389883,-1390.0702485385814,-2193.368467976472,1286.2123965133258,310.533509340293,-122.64789434130456,2943.1153956797225,-1369.4516591639185,1472.8335184839964,1503.0147958957969,514.0074308823524,-1564.7063093305644,-2026.7942394206812,1439.7834858764504,386.5365957666699,115.77742814599668,403.05727966704575,-361.6846304419582,-281.6284014365036,-1935.8738277730365,-2227.04009952964,137.3609373655277,-733.8405845258343,1267.3301941309953,571.8973631935313,-1401.655684821916,-1080.497706838093,2627.0503499543343,723.7138939513098,303.9856329895605,831.8136061291075,473.9437686972154,-1310.6864272214646,887.2125615887147,-642.3534981031627,751.7476225428705,660.6365116584948
-155.5154665947655,-446.50496026739995,52.523626579075525,30.944377191772944,153.43709386959267,347.92233774141374,-201.86192469696735,-296.0713779742342,-254.89104505135646,229.8799152815052,-458.29692604286254,-414.8999415296721,60.672423333532414,-400.23551966611296,-49.5717167727605,106.8850617409688,-78.83609248547994,173.10678980528286,-403.12343303976354,40.897829842554195,201.1863565706547,317.98843286938745,-187.20056111867407,-45.909345191588116,17.484974442581546,-426.9220347641226,198.35578379129416,-213.3631204758188,-217.54052523728402,-74.60021396053662,226.62704495258598,293.42908660007356,-208.8299013626965,-55.86393472588877,-16.795679381178136,-57.894391244650414,52.866197525180624,41.247524389155444,280.31231727547,322.61010871952885,-20.268334030937787,105.99948187803327,-183.7322212062666,-82.84925106362437,203.37065261678012,156.75455196362745,-381.2652761037983,-105.07724382997854,-43.98956619644657,-120.78074173172145,-69.05704470080275,190.43911715362034,-128.49515601659132,93.8003647383624,-108.60337978223882,-95.70476573053433
1033.4135007547197,2965.898268234397,-347.3344069658081,-205.22232991995318,-1019.9719991503248,-2308.4279653429157,1340.535788936847,1966.3784852377087,1693.6206915108505,-1527.509551030658,3042.9706828990165,2755.4412814863344,-400.23551966611296,2654.5076403415037,328.13548239981327,-709.2204196287703,523.4215282600626,-1149.503399264776,2674.8521063393546,-269.4508158395555,-1338.0537660189477,-2112.1361563702194,1239.6001899423031,300.39663795036705,-117.85087458735933,2834.418566457986,-1318.4473427027717,1418.2237055404394,1446.9772087582014,495.15959127602133,-1506.6079128825068,-1951.2139693799259,1386.5435413071762,371.9358163649105,111.32904966171117,387.375549633335,-348.77822624479325,-271.8251766583952,-1863.517247603742,-2144.053215817911,132.63474571480634,-706.3611406501974,1220.2882676748015,550.8712398488325,-1349.8493517386278,-1040.615856321599,2530.290030626329,697.3119815868852,292.6530435763426,801.4633047533458,456.8544722741642,-1262.7477032868871,854.1332372871095,-619.7796888477894,723.4563840032072,636.0752125983892
127.46717831126847,366.4001047451368,-42.907079239807416,-25.33799521215969,-125.88906908839456,-285.25951460281834,165.64186857072949,242.9848626158119,209.25856106427423,-188.55443673816885,375.9254389086482,340.38184120480474,-49.5717167727605,328.13548239981327,40.63105163695279,-87.76708158923502,64.79657279530853,-141.92148433964203,330.7473122353251,-33.32822979147342,-165.14361831774875,-260.8964946702649,153.32093788050074,37.432506095528815,-14.589796086205814,350.1648489777546,-162.79022311404256,175.245615255659,178.7356169849852,61.23317773355987,-186.16210388839917,-240.9500519965279,171.26222873638486,45.87286379681598,13.623735787019307,47.694842187170906,-43.1228772948195,-33.71694680922937,-229.95234880288308,-264.65440362255055,16.383710121003855,-87.31319317250107,150.66573320606025,68.19659151491892,-166.69037061752718,-128.55854186846273,312.62952226194307,86.30914235970694,36.15116320973331,99.18015408573463,56.503122325235985,-156.1052590077886,105.43359958439807,-76.93477337934428,89.31588443868743,78.54595119380869
-275.6186845289246,-792.440704634854,92.57011142821405,54.74222730895565,272.30854872291536,616.6223522230063,-358.21842478459655,-525.5215252671804,-452.6764535493286,407.78354159848163,-812.8620276492513,-736.0794367708062,106.8850617409688,-709.2204196287703,-87.76708158923502,189.80484871901922,-140.18683571084503,306.83828506960464,-715.1017370217836,71.78400417087782,357.3148324346973,564.2254441971135,-331.1487029442241,-80.49740148098176,31.822471187439604,-757.1259529863883,352.14961813852335,-379.18501480254815,-386.83691198831235,-132.41968702576247,402.8292903049288,521.3656023105376,-370.2947985657509,-99.28888644126286,-29.350645296269775,-103.4638665297405,92.93886275201777,72.69351965373282,497.39828613595313,572.4169303264322,-35.142752597704266,189.20137461769875,-325.7785697923513,-147.663874935275,360.3211986529516,277.9542702116882,-675.8465406864108,-186.67378763436992,-78.2519306295162,-214.49233089708403,-121.97541429356012,337.36158446597096,-228.06623680233395,166.14504886973035,-193.43436016633524,-169.91009306638557
203.28969208461533,584.9271633339814,-68.22969068216149,-40.37748425573135,-200.9481958940852,-455.0426713279232,264.42885989262356,387.94496319036966,334.1919002445653,-300.90241622873936,599.9213714233799,543.2795373608662,-78.83609248547994,523.4215282600626,64.79657279530853,-140.18683571084503,103.58593030768394,-226.3902845845461,527.921616729097,-52.88204265728424,-263.7151209901693,-416.44213734010765,244.34653074539776,59.40828651911374,-23.627083752997713,558.782334113785,-259.9152448386002,279.9838331061165,285.65153849380806,97.77209710916235,-297.46550625242605,-384.891871601693,273.26592627475065,73.28250445214522,21.530620404787218,76.40474852012397,-68.48202090132474,-53.637419596934805,-367.0075132799133,-422.3953081215696,25.80824241086384,-139.84462824902275,240.38738867630866,109.1572781009395,-265.83790289793757,-205.130849939831,498.75590317638756,137.895801101466,57.785650831898224,158.41802400163851,89.96663075301292,-248.97130689139408,168.30397519513912,-122.75281799034691,142.86042875692047,125.40553866617121
-448.23394921561277,-1284.8743378346771,150.51733204022142,88.96137923205052,442.1768305252094,999.8704093564812,-580.6582746883558,-851.6973380800898,-733.5909771280799,662.1548428811748,-1318.2790977882084,-1193.7738961591103,173.10678980528286,-1149.503399264776,-141.92148433964203,306.83828506960464,-226.3902845845461,498.2336765913945,-1158.0072228313688,116.67327572381119,580.06436891789,915.1058187266193,-536.5951599923014,-129.34098605621531,50.92693741186846,-1227.9371563266072,571.4018246632646,-614.2501721120659,-626.8693612011654,-214.34087937587384,652.5555124063216,845.5270260712658,-600.7697487923989,-161.32505489038257,-48.59474943420603,-168.1944328217367,151.05777158424635,117.42589524314754,807.9964278152461,929.4141850694728,-57.51213977999382,305.8047280532605,-528.8999393354999,-238.22833913972752,584.9882822487385,450.81880367646266,-1096.0925188550873,-301.64203856127847,-126.77527569029128,-346.74559322634394,-197.77464570001675,546.7950291849776,-370.2402135436159,267.5428712720452,-313.5243484381033,-275.6366126219124
1040.7846180029646,2988.8989235370304,-349.63324586687565,-206.67474032385763,-1027.6365846192107,-2325.986785057531,1350.979267100973,1981.797709081234,1707.0091155258824,-1538.9212433232274,3066.2731034206276,2776.605722226867,-403.12343303976354,2674.8521063393546,330.7473122353251,-715.1017370217836,527.921616729097,-1158.0072228313688,2696.0163784964598,-271.14218908607285,-1348.2597363441826,-2128.3710355419594,1248.93906946522,302.805958190374,-119.3054313521317,2856.075094592229,-1328.5574987643388,1429.6215867922283,1458.6084015416784,499.1437330818281,-1518.7442114151995,-1966.5001057848306,1397.0385314219207,374.74837654017546,111.64825098499261,390.4780326958396,-351.0220302874275,-273.9096501279205,-1877.371522753366,-2160.1466182899576,133.16054518028773,-712.5956050948049,1229.3885588772523,555.8193296780395,-1359.8088335066636,-1048.542796558908,2549.5159160162825,703.174403781344,295.02718126751427,808.11400249495,460.18099659420494,-1272.3897328630683,860.5944788412444,-625.1552797632617,729.3615145004551,640.9747892368246
-104.93418108503563,-300.53029395373574,35.49606931095135,20.87859793205015,103.37727704143464,234.2977890896472,-135.84358858676904,-199.2073670951104,-171.46591665691608,154.90150508706333,-308.5757518181291,-279.33257963389883,40.897829842554195,-269.4508158395555,-33.32822979147342,71.78400417087782,-52.88204265728424,116.67327572381119,-271.14218908607285,27.667457355480064,135.4942561262816,214.08468485049627,-126.0777425474173,-30.834258347394368,11.566725048807667,-287.4649274356824,133.55863344520156,-143.45967425570493,-146.27001058542322,-50.152427067865915,152.36152139235,197.45138322828686,-140.65397008040858,-37.632904639178975,-11.5212657243257,-38.95217101321213,35.745954604664654,27.755830679330455,188.9232987017085,217.3636384531518,-13.82749316053261,71.063282761731,-123.80591317725694,-55.4992159413215,137.0781507143029,105.55910505550546,-256.7606716976045,-70.537710705436,-29.570904028997024,-81.11613291463694,-46.554596682529905,128.22109479248405,-86.55799454098323,62.88225965540606,-72.99746070705602,-64.43440404536827
-521.8765814545118,-1496.269897777492,174.99143815220896,103.5274023965702,514.9677963434575,1163.9495021919463,-676.1661329131628,-991.8309662858863,-854.4069097946586,771.0644630784083,-1534.9374560345238,-1390.0702485385814,201.1863565706547,-1338.0537660189477,-165.14361831774875,357.3148324346973,-263.7151209901693,580.06436891789,-1348.2597363441826,135.4942561262816,675.6739297730803,1065.620055937258,-624.3200520917758,-150.05710298766562,59.652511397766766,-1429.7143168057328,665.4996385320626,-715.5246039963772,-730.358505941168,-249.58996880746568,760.19014579977,984.9489692079558,-699.4756639953887,-187.96387665751158,-56.42761541247226,-196.24645346574616,175.49851837657968,136.46204133095938,940.9843788756011,1082.340463040945,-66.59938258373919,356.58427138649427,-615.8168185589076,-277.6524240087318,680.9804720119696,524.8778348699767,-1276.0446927665523,-351.2951858311232,-147.71427317500837,-403.78955602530186,-230.02145331449054,636.4367473247299,-431.1903016580597,311.27591758875457,-365.4396878483358,-321.02028180983393
-822.9656194656492,-2360.9444922576718,276.24795540882235,163.34203928016356,812.2181983931413,1837.0212198854556,-1067.01713140079,-1565.1671438188762,-1348.1964723704107,1216.2477190724965,-2422.084063599509,-2193.368467976472,317.98843286938745,-2112.1361563702194,-260.8964946702649,564.2254441971135,-416.44213734010765,915.1058187266193,-2128.3710355419594,214.08468485049627,1065.620055937258,1681.358818107505,-985.8824736240371,-237.93807592917983,94.04349797590378,-2256.0611950446296,1049.7944865881257,-1129.034607233278,-1152.192068730786,-394.0084144806795,1199.4650107575958,1553.7122368505622,-1103.6786276116502,-296.3261490050287,-88.75870422757909,-309.0312329187506,277.2111641106185,215.83827582344364,1484.0214757556414,1707.2075081887065,-105.2620160416238,562.5697495347653,-971.4942858047856,-438.3929370558738,1074.447355174688,828.2594942466397,-2013.7606048338132,-554.7469582132961,-233.03272626729705,-637.6105552524192,-363.2717540952101,1004.677429920407,-680.1234156268889,492.3170593215218,-576.3027460989016,-506.4299143979866
482.30474855996414,1384.378912332068,-162.33821562207726,-95.83123602143321,-475.9765835463019,-1077.8735949943934,625.756607276473,917.8751462847528,790.4584271509243,-712.9081435585088,1420.531656634982,1286.2123965133258,-187.20056111867407,1239.6001899423031,153.32093788050074,-331.1487029442241,244.34653074539776,-536.5951599923014,1248.93906946522,-126.0777425474173,-624.3200520917758,-985.8824736240371,579.146222060693,140.85881844059853,-54.77038887706322,1323.1985702469742,-615.27870707252,661.8484313886219,675.1185765959154,231.17921218673533,-703.0519971871869,-910.457071573313,647.272061720838,173.48032559592096,51.99859803452633,180.42127528344693,-163.12900469131986,-127.18511158523799,-869.6097574959523,-1000.6132903231648,62.18934399274292,-329.3922731896992,569.6026365064835,257.05509997909024,-630.2074302046454,-485.8096641722555,1181.3699920564545,325.57483258363396,136.53875739062096,374.21689898098475,213.50913031129252,-589.7203922599173,398.59721800570964,-289.75799158602797,337.3965024602519,296.8515514450642
115.81559906404848,334.23866237774854,-39.37871787188643,-23.121558791122307,-114.47246553467909,-260.83978530439697,151.2100778084398,221.8259284528174,190.89358819678512,-171.59936227986805,343.1451666468024,310.533509340293,-45.909345191588116,300.39663795036705,37.432506095528815,-80.49740148098176,59.40828651911374,-129.34098605621531,302.805958190374,-30.834258347394368,-150.05710298766562,-237.93807592917983,140.85881844059853,35.54583603206979,-13.097672064183632,319.6498489207148,-148.1702366564286,159.80820166176764,162.67353319017127,56.05502061375737,-169.67938579782964,-219.2442195156622,156.26069328607133,41.538473902442405,12.209675117122268,42.738300472852025,-39.78585893264674,-31.39102372629319,-208.9968560894868,-240.8103356516348,15.265578187206023,-79.39886433601524,137.27250200194482,62.42151191802906,-152.09013135979893,-117.37787783565399,285.64537010924914,79.17329440670743,32.905692773052735,90.96624028526809,51.98853103404118,-142.98031653459503,95.92013583678782,-71.46833272539037,81.02904178185796,71.5388027664496
-45.642511217171766,-132.20617405184763,15.091008060812129,9.03078458647645,45.354255746535394,102.44883377585839,-59.76927191885309,-87.75168194781725,-75.70444750198975,67.82958218767864,-135.33667648868393,-122.64789434130456,17.484974442581546,-117.85087458735933,-14.589796086205814,31.822471187439604,-23.627083752997713,50.92693741186846,-119.3054313521317,11.566725048807667,59.652511397766766,94.04349797590378,-54.77038887706322,-13.097672064183632,5.761484322726634,-126.01836867356381,58.76031636010963,-63.56574060651212,-64.94125236506139,-22.141467541882765,67.57684134306477,87.25013638359506,-61.582317815943895,-16.599677214674873,-4.560413050071326,-17.546143922146943,15.045887501860062,11.933657378707858,82.76132156304314,95.27976840671664,-5.407646211637945,32.18483196110202,-54.13503681350627,-25.068322181488497,59.734698264026335,46.239452226436974,-112.3376542913438,-31.352453342798988,-13.15082721356565,-35.96348897367263,-20.06684972547373,56.01346357334093,-38.0018893538742,27.774629320742886,-32.6100382909049,-28.352762958499735
1104.2502176566363,3167.915708328832,-370.81908491848816,-219.206322876034,-1089.779961083257,-2465.156072581332,1431.7492263992422,2100.156786573438,1808.9557010832405,-1631.9347564511102,3250.0718601784624,2943.1153956797225,-426.9220347641226,2834.418566457986,350.1648489777546,-757.1259529863883,558.782334113785,-1227.9371563266072,2856.075094592229,-287.4649274356824,-1429.7143168057328,-2256.0611950446296,1323.1985702469742,319.6498489207148,-126.01836867356381,3027.3166663803067,-1408.545055490149,1514.8392864180769,1545.8246669634186,528.7056219385806,-1609.3145039646417,-2084.5829873715043,1480.9782380775018,397.53928004181984,119.1412184250091,414.4154099688404,-372.18426135217436,-289.7961814566842,-1991.1558027467775,-2290.660395145026,141.43363016333387,-754.6305365164953,1303.5795091849789,588.1587852560599,-1441.804607773207,-1111.4184238900234,2702.274184781801,744.3954747389724,312.6401109070088,855.5958711069911,487.6060789891151,-1348.2733941129009,912.545810322911,-660.844947905833,773.095053953912,679.4989894785923
-513.9734294590252,-1474.0810867906885,172.42418865474605,101.98709351003653,507.22569316048634,1146.8014101977094,-666.1733690681809,-977.1774603052604,-841.7520860602118,759.5017934416934,-1512.2015790910207,-1369.4516591639185,198.35578379129416,-1318.4473427027717,-162.79022311404256,352.14961813852335,-259.9152448386002,571.4018246632646,-1328.5574987643388,133.55863344520156,665.4996385320626,1049.7944865881257,-615.27870707252,-148.1702366564286,58.76031636010963,-1408.545055490149,655.5456894022698,-704.9280885331775,-719.4753344332846,-245.94438408918666,748.9255504969191,970.226330310073,-689.0922666300862,-185.10174342859054,-55.4928503788516,-193.15691024029272,172.96877665918194,134.5857904241277,926.7942583791453,1066.0978464449283,-65.64754042334097,351.29403133983226,-606.6203394398066,-273.63745547388606,670.8485099320144,517.1084772307397,-1257.1977214419412,-346.2279557952411,-145.5131523101612,-397.94976220404226,-226.69515898761992,627.1259883872835,-424.71815647805914,307.01136521240824,-359.9360425039393,-316.22641268232024
552.2124763194242,1585.5286072921945,-185.21506074047312,-109.58738432837086,-545.2849618679506,-1233.4114815006976,716.5997283102686,1051.2326636242683,905.5959945755139,-816.4766723009155,1626.36256771818,1472.8335184839964,-213.3631204758188,1418.2237055404394,175.245615255659,-379.18501480254815,279.9838331061165,-614.2501721120659,1429.6215867922283,-143.45967425570493,-715.5246039963772,-1129.034607233278,661.8484313886219,159.80820166176764,-63.56574060651212,1514.8392864180769,-704.9280885331775,758.5235519536562,774.086027833579,264.7060231578676,-805.8556948344949,-1043.548646698592,740.997550634029,198.95500934136155,59.2108161936874,207.63456006540616,-185.80622403675432,-144.91406136117382,-996.1999904812881,-1146.1254725280812,70.30608890446149,-378.3760134941436,652.1527492675596,294.90809336464605,-721.18206866795515,-556.1197169494791,1352.063493399587,372.87300031548045,156.57833823874697,428.50955659066017,243.78913638750325,-674.5752430226654,456.6368338962537,-331.007870396446,387.25931084792586,340.08275789428944
563.6477276013992,1618.0241546242007,-188.93774906955755,-111.83580496903926,-556.5652898146313,-1258.4883148362646,731.264799416928,1072.733248585604,924.1509205609229,-833.3244965902628,1659.6217938955276,1503.0147958957969,-217.54052523728402,1446.9772087582014,178.7356169849852,-386.83691198831235,285.65153849380806,-626.8693612011654,1458.6084015416784,-146.27001058542322,-730.358505941168,-1152.192068730786,675.1185765959154,162.67353319017127,-64.94125236506139,1545.8246669634186,-719.4753344332846,774.086027833579,790.0756263786834,270.07186577947925,-822.4339501278059,-1065.1087457156304,756.1741583697655,203.12877651785396,60.47215050799086,212.1109400286409,-189.47832441299914,-147.69505891052683,-1016.8221824522367,-1169.7777414926659,71.64227840753479,-386.2146813064829,665.5687791337898,300.9016026054076,-735.9423498125703,-567.4858298749622,1379.6295773790216,380.3979242787496,159.8076418980741,437.15039979105387,248.64371606358557,-688.2315119352862,466.0622671963663,-337.42651313184166,395.33077691982487,347.078176127262
192.62147576879525,553.3316136119752,-64.68543175932813,-38.245533061041755,-190.22352229808862,-430.57266285714957,250.1065100789073,366.902796499512,316.04434099964806,-284.858366043334,567.6264650730025,514.0074308823524,-74.60021396053662,495.15959127602133,61.23317773355987,-132.41968702576247,97.77209710916235,-214.34087937587384,499.1437330818281,-50.152427067865915,-249.58996880746568,-394.0084144806795,231.17921218673533,56.05502061375737,-22.141467541882765,528.7056219385806,-245.94438408918666,264.7060231578676,270.07186577947925,92.41984653648468,-281.20598423585477,-364.074026025163,258.60574597672513,69.37031550645966,20.619267194243818,72.30632017822386,-64.93457294466086,-50.70221230161299,-347.5059735890402,-399.8600764476648,24.60015908979101,-131.99934466598435,227.55891516893203,102.96347163425195,-251.69015740400383,-194.10014524606376,471.94730545772654,130.21807680740196,54.629793332208614,149.64586610132017,85.1700572554441,-235.5358935006033,159.30873406555173,-115.77972778452418,135.0589130162095,118.66262776828005
-586.6476406933988,-1684.4333144817736,196.73538409480577,116.42553300363278,579.3148196473153,1310.2673569728474,-761.3089422391904,-1116.8083664078674,-962.0872001998507,867.4183370830549,-1727.7772884588717,-1564.7063093305644,226.62704495258598,-1506.6079128825068,-186.16210388839917,402.8292903049288,-297.46550625242605,652.5555124063216,-1518.7442114151995,152.36152139235,760.19014579977,1199.4650107575958,-703.0519971871869,-169.67938579782964,67.57684134306477,-1609.3145039646417,748.9255504969191,-805.8556948344949,-822.4339501278059,-281.20598423585477,856.1781883635294,1108.7031694421828,-787.2100347737288,-211.39475025798896,-62.88095038959595,-220.6370656132221,197.34546860901523,153.90338317601257,1058.3499806094185,1217.6233075906644,-74.63848749271413,402.0332178022333,-692.8367981606925,-313.32481524724733,766.1361397327468,590.7968929794162,-1436.3455460173718,-396.13134563926036,-166.35240714953113,-455.2212058616286,-258.9420040082901,716.6096823500193,-485.12195794105224,351.5975841630194,-411.46159115236526,-361.2929984338962
-760.436805665784,-2181.7559489163386,254.99100186072963,150.88008095393232,750.6390897834224,1697.1430373275145,-986.0052301628866,-1446.371121422892,-1245.9833783481238,1123.937722428534,-2238.0176012925444,-2026.7942394206812,293.42908660007356,-1951.2139693799259,-240.9500519965279,521.3656023105376,-384.891871601693,845.5270260712658,-1966.5001057848306,197.45138322828686,984.9489692079558,1553.7122368505622,-910.457071573313,-219.2442195156622,87.25013638359506,-2084.5829873715043,970.226330310073,-1043.548646698592,-1065.1087457156304,-364.074026025163,1108.7031694421828,1436.1274890296704,-1019.7828748678528,-273.95276017080926,-81.88116571849358,-285.9884974577021,255.75080136833657,199.14210435279426,1371.4879747187297,1577.688354552482,-96.89333844740634,520.331359266877,-897.6799001206704,-405.3225219737241,992.6562316200374,765.2832992837102,-1860.524238730579,-512.6372922494896,-215.4273037770122,-589.1766929754314,-335.3885356804478,928.081599415837,-628.5538727772687,454.5909413795687,-532.9092431104491,-468.03111524755695
540.3219827241654,1549.7279280331393,-181.44369935860684,-107.25315267527827,-533.1764263699505,-1205.9508713295606,700.3880456520628,1027.3483607947069,884.8954949769297,-798.4260979038706,1589.9479940210294,1439.7834858764504,-208.8299013626965,1386.5435413071762,171.26222873638486,-370.2947985657509,273.26592627475065,-600.7697487923989,1397.0385314219207,-140.65397008040858,-699.4756639953887,-1103.6786276116502,647.272061720838,156.26069328607133,-61.582317815943895,1480.9782380775018,-689.0922666300862,740.997550634029,756.1741583697655,258.60574597672513,-787.2100347737288,-1019.7828748678528,724.522430415514,194.50562611447467,58.380016521592665,202.77036366642983,-182.10698029999435,-141.7264484952375,-974.2072516275383,-1120.7023450338313,69.24031211665188,-369.0675646506356,637.7686428260289,287.60982888711686,-705.3965429910751,-543.7134804131349,1321.965339419264,364.05554948499525,152.9321163342475,418.4553425981083,238.53618539374705,-659.549464171772,446.45589372704444,-323.1071401824498,378.18218399112726,332.42144786375565
145.19241918740718,416.06125945988697,-48.64109078356779,-28.793774284245355,-143.25104371603084,-323.57587209980136,188.00729693262642,275.7678087975667,237.5689633873879,-214.47414871056284,426.7919386122029,386.5365957666699,-55.86393472588877,371.9358163649105,45.87286379681598,-99.28888644126286,73.28250445214522,-161.32505489038257,374.74837654017546,-37.632904639178975,-187.96387665751158,-296.3261490050287,173.48032559592096,41.538473902442405,-16.599677214674873,397.53928004181984,-185.10174342859054,198.95500934136155,203.12877651785396,69.37031550645966,-211.39475025798896,-273.95276017080926,194.50562611447467,52.3127653405895,15.732117005602257,54.664334541092416,-48.75685395228526,-37.86161688371445,-261.76932875631684,-301.054058046079,18.49046127514515,-99.16285170806508,171.27391315126872,77.15764565901121,-189.36703046883957,-145.9415181533285,354.77394982734484,97.6135994296494,41.07938385266923,112.20029470689613,63.90513812242761,-176.9010011816032,119.93488371314051,-86.37002647251506,101.66538061489001,89.27712694953811
43.99799843044436,124.45826787690817,-14.832892986038349,-8.715818945653544,-43.08424754392867,-97.00939415594151,56.18153550422449,82.3366586709922,70.87208953388155,-64.54142631769639,127.88173621313166,115.77742814599668,-16.795679381178136,111.32904966171117,13.623735787019307,-29.350645296269775,21.530620404787218,-48.59474943420603,111.64825098499261,-11.5212657243257,-56.42761541247226,-88.75870422757909,51.99859803452633,12.209675117122268,-4.560413050071326,119.1412184250091,-55.4928503788516,59.2108161936874,60.47215050799086,20.619267194243818,-62.88095038959595,-81.88116571849358,58.380016521592665,15.732117005602257,5.166533219065261,16.365629225829323,-14.89616398223624,-11.276874377839617,-78.87151456282494,-90.55318133508679,5.895576303683963,-29.095369840043432,51.532693087800425,22.523331651240657,-57.04706218465734,-43.7567352679606,106.39157847873403,28.787988558598492,12.216112840887982,33.16902718719908,19.245476313476548,-52.969995662098405,36.039860496647925,-25.2426132763689,30.229653960222876,26.75115620974739
151.46464938468117,433.9250312803431,-50.51789640567014,-29.982073479377284,-149.49373004143132,-337.1260117726651,196.03516035486027,287.57713965855345,247.84540413273228,-223.73921965651442,444.9477858339444,403.05727966704575,-57.894391244650414,387.375549633335,47.694842187170906,-103.4638665297405,76.40474852012397,-168.1944328217367,390.4780326958396,-38.95217101321213,-196.24645346574616,-309.0312329187506,180.42127528344693,42.738300472852025,-17.546143922146943,414.4154099688404,-193.15691024029272,207.63456006540616,212.1109400286409,72.30632017822386,-220.6370656132221,-285.9884974577021,202.77036366642983,54.664334541092416,16.365629225829323,57.37942009308359,-50.528968790482345,-39.208994230229024,-273.19671814434747,-314.1141914766833,19.01527574324976,-103.73311484836967,178.5960031730665,80.55872438687982,-197.3518919899698,-152.12348898421664,369.7069868761489,101.73007178876993,42.90528478797939,116.92498815727913,66.40745289749745,-184.20284646331584,125.16097348824547,-89.66905360410539,106.30452689483846,93.15833638714123
-135.8732860153944,-389.1552679593034,45.90427159869964,27.021363463559727,133.88015526681716,303.29812756902624,-175.8943745383418,-257.9488748926039,-222.0531498094852,200.58642242128798,-399.52692014510643,-361.6846304419582,52.866197525180624,-348.77822624479325,-43.1228772948195,92.93886275201777,-68.48202090132474,151.05777158424635,-351.0220302874275,35.745954604664654,175.49851837657968,277.2111641106185,-163.12900469131986,-39.78585893264674,15.045887501860062,-372.18426135217436,172.96877665918194,-185.80622403675432,-189.47832441299914,-64.93457294466086,197.34546860901523,255.75080136833657,-182.10698029999435,-48.75685395228526,-14.89616398223624,-50.528968790482345,46.20101464779934,35.87308678230358,244.6675313595404,281.4829974158288,-17.827977046549048,92.1106447589297,-160.30151563246426,-71.90162602952144,177.45525502392235,136.66410507109399,-332.3962791150243,-91.33065169356512,-38.308370588511124,-105.02364027246574,-60.21879266809325,165.9586603252428,-112.09769758617175,81.3388426995607,-94.59636904143431,-83.44597425870518
