V1,V2,V3,V4,V5,V6,V7,V8,V9,V10,V11,V12,V13,V14,V15,V16,V17,V18,V19,V20,V21,V22,V23,V24,V25,V26,V27,V28,V29,V30,V31,V32,V33,V34,V35,V36,V37,V38,V39,V40,V41,V42,V43,V44,V45,V46,V47,V48,V49,V50,V51,V52,V53,V54,V55,V56
7.3321334979183685,17.43337630864309,35.59656304153363,-34.88018445340647,134.07511458449338,26.437813233783544,-139.00941479365545,-29.050395749905192,-42.07141131340576,-110.60537129379166,-43.44410198237849,-3.166511028969357,-164.43540045410276,6.403904588727652,-76.54583836656974,-17.144639948217595,-61.06207885525683,73.57234503150279,-88.81901798603317,36.59558661195245,45.77995804496131,-43.810031763427595,-13.8985855732217,63.571861552516076,106.81468598775055,58.36037497238792,-31.907329455958298,-13.620011000370887,-33.29100153330039,-4.919170217981338,-42.200422305372825,57.98300992512359,64.65673340596078,-38.16878993085853,4.646629057159743,51.8306589217854,-28.26377176504715,-8.668950689794883,-73.3870551068692,-28.674694798847263,-11.548563405323073,-8.563371612296951,19.746340067414778,-57.352669482829896,-45.45248880132106,38.46025474214532,1.2410691301457244,-41.542469928214175,91.75508895701539,-67.93564384472913,-31.440256205259168,57.370450625516824,-50.853682605113285,23.592510884870432,-47.03181193821909,-2.5039039538273813
17.43337630864309,44.61799766137002,90.00092958671881,-89.18539034950102,338.98519918692915,63.66438724329414,-352.91274128742845,-73.67541685820936,-105.90545216380536,-280.97786376943634,-110.64713793345659,-6.848051631856946,-416.304651182408,17.12764772595403,-195.9613459388934,-42.34398142572349,-155.10181602905368,187.08940875385693,-225.42300331603144,93.59738067239044,115.18203578380815,-112.6952657417136,-34.94450125247955,161.80302331629102,270.6036716542759,147.55291063521523,-81.49940734084069,-33.91769246502852,-83.00086364944175,-12.13682495941076,-106.17327917759974,149.10840356849624,163.51254386028066,-96.33098707871324,11.313120663606636,131.25475321927826,-71.26459695680487,-21.25411729472725,-186.83655298614877,-73.96014589515451,-29.598364787019182,-22.38145053388475,49.39848389624109,-144.5900430664501,-115.7493089402501,97.28857492869072,2.1929621675485107,-105.1970366809826,231.58944012188846,-172.76981369831728,-81.24260938435744,145.11438907221526,-130.29409964322633,60.27039924641079,-117.83011057423451,-6.267573667771784
35.59656304153363,90.00092958671881,183.21903142317947,-181.13341901931972,690.8867667059806,131.02418880430997,-718.6354953878534,-149.76295591792146,-214.9001824468883,-571.052730153493,-224.26274723043835,-14.64092953677298,-847.037046418822,33.855776870805094,-397.2756430837055,-87.25500479822863,-315.5573425424493,379.75318147812857,-459.4669027649854,191.09916173488705,234.0617470604738,-228.89391813814527,-71.10058072105464,328.94813791517595,550.6742738166421,300.19040273411895,-164.32607820064794,-69.55136025984399,-169.8932335059163,-25.36252461407563,-216.75896792816025,302.9844068307995,333.41302915544736,-195.5182170305731,22.860502334637136,266.1080057097561,-145.80890817279754,-44.42066861368835,-379.997772062413,-150.02357990552278,-61.27406157624588,-44.796380035062754,99.84749343897195,-294.9580082827704,-235.45151667857772,199.27483342923955,6.650362554470744,-213.5149372425699,472.23348713045164,-350.8557005972175,-164.42435465708385,294.81425276464216,-264.14287985603175,122.12333533622662,-241.44011137097038,-11.842531513682173
-34.88018445340647,-89.18539034950102,-181.13341901931972,179.39853226188956,-682.9709106198616,-128.568035445833,710.8554832121554,148.15132355318448,212.39107010517986,564.9941650883179,222.0101608857698,14.098280266087441,837.623326383615,-33.791048087047635,393.5666121029652,85.91953895900471,312.20031075050326,-375.8263153050159,454.47140216398117,-189.1603901427276,-231.28443602845766,226.84345565140347,70.23635687876832,-325.5415275591033,-544.5938156101059,-296.80139667332816,162.81980927908214,68.58132325247438,167.58271111645095,24.937811253712066,214.12842378283497,-300.24329855940914,-329.59054707528765,193.28823664114998,-22.49014433814421,-263.2237835229387,144.0383434428688,43.64165468851234,376.0674634626988,148.76157324298515,60.59168040132009,44.54165090324175,-98.63113516011946,291.4278004247232,233.01377255606198,-196.92322111214423,-6.138132737884329,211.18605695091983,-466.7032921733355,347.21427875814726,163.10401652358433,-291.5343907798535,261.70882924426456,-120.94968438350949,238.30160500770143,11.763135493687727
134.07511458449338,338.98519918692915,690.8867667059806,-682.9709106198616,2605.6948576647023,494.3012755053026,-2710.2562759576685,-564.6467152952055,-809.8459363529664,-2153.0347386688063,-845.2234662497807,-55.39867140526943,-3193.8802481178864,127.23653867546302,-1497.5510643165885,-329.46269373574523,-1189.9466531202556,1431.5319436674831,-1733.090855765643,721.1414588388648,882.2465709119241,-863.1777606741935,-268.04522937508705,1240.3551423552872,2076.4872790070362,1131.8561920206776,-618.8622587509032,-262.4668660640298,-640.9674081207851,-95.97002300671377,-817.6373354216446,1142.648011937859,1257.576408544322,-736.8779972250447,86.01392234784196,1002.8334195909554,-550.2199030429479,-168.06202761554238,-1432.9512905757279,-565.6769723240893,-231.7373287306436,-168.60181796830722,375.97858123136916,-1112.5137768127977,-887.8989030679769,752.1701655083796,26.198642812875597,-804.7788366764448,1781.1016314343406,-1322.7012423802485,-619.7799016891886,1111.3488566715766,-995.7192374900989,460.28561639227905,-911.1654952002621,-44.09500127720853
26.437813233783544,63.66438724329414,131.02418880430997,-128.568035445833,494.3012755053026,96.84189979390557,-512.7299703309423,-106.85085312684322,-153.8949968016652,-406.9688454994955,-159.41015667328998,-11.659830147280456,-605.1563488080257,23.115932886475225,-281.56337915000586,-63.56307631592177,-225.00655287178031,270.3464160805392,-328.01670600002564,135.88408124884066,167.7600568940262,-161.8727033137107,-51.00214968359502,234.19891426509375,393.2927673538003,214.63097279044814,-116.36996604454613,-50.325846208117774,-122.76855196527771,-18.576358496761934,-155.64794021545592,214.34255458210356,238.55248840965757,-139.80520039147797,16.673918375112265,189.81938920887066,-104.64337852791174,-32.65693197212483,-270.54534937143495,-105.87895544836339,-43.74824358111281,-31.190832786343712,71.6647436234673,-211.4547365699602,-167.61155857373663,142.80246988337578,6.171495967280407,-152.37610081819727,338.2736200370147,-249.80719011677664,-115.80590003253275,210.61588368655663,-187.11754375821982,86.64157165498969,-174.04283816053922,-8.270316874406904
-139.00941479365545,-352.91274128742845,-718.6354953878534,710.8554832121554,-2710.2562759576685,-512.7299703309423,2819.6679290687557,587.4465624404063,842.2757178470515,2240.150792798023,879.6097658209975,57.078967323661466,3322.4484666245503,-132.83407787743772,1558.866312264092,342.17627386326944,1238.0550566414984,-1489.5926327912548,1802.986907328154,-750.4571826388815,-917.5108764916715,898.6680770283359,278.73624256966013,-1290.6538938963538,-2160.1344023881848,-1177.343012187769,644.2420313263758,272.7435857429198,666.1421223372349,99.62556745544391,850.2056190858461,-1189.5934362076375,-1308.03679480764,766.4749166916529,-89.31504190838058,-1043.3263421614702,572.1529153543427,174.40949275948492,1491.062753201989,589.0417925765279,241.07463737053166,175.75340976656554,-390.95996785418913,1156.953585406983,923.911488786013,-782.2516283883169,-26.610431233958,837.2461480903058,-1852.3914350112059,1376.331435351794,645.4811293837623,-1156.0864555388303,1036.5308072616974,-479.08782735207984,947.154425738092,45.95188202126211
-29.050395749905192,-73.67541685820936,-149.76295591792146,148.15132355318448,-564.6467152952055,-106.85085312684322,587.4465624404063,122.45778409780424,175.7313279911677,466.9293769011583,183.45124256203778,11.849263581930058,692.4633750923496,-27.808018544232972,325.00879023243493,71.18108757335824,257.99610121003775,-310.5800571655948,375.55906366945203,-156.16437248681908,-191.3584807272389,187.20722875148505,58.11299257369767,-268.97188461313317,-450.1768530148991,-245.4062708548392,134.53580857953784,56.77984902933986,138.7398653499916,20.64560094776697,177.11122163096087,-247.78483505511133,-272.47385968831554,159.8762433340962,-18.689350516473205,-217.64922662860744,119.09440092333028,36.156430310048826,310.69947706971004,122.73788929037522,49.971329465510856,36.723386213880666,-81.68670958738224,241.00870686037226,192.50488103660052,-162.7485166699335,-5.152729975253912,174.60959829847963,-385.9125381498076,286.92475827732306,134.56180740394345,-241.0595725535158,216.09943611255935,-99.90909800023711,197.16002433930842,9.783580210790294
-42.07141131340576,-105.90545216380536,-214.9001824468883,212.39107010517986,-809.8459363529664,-153.8949968016652,842.2757178470515,175.7313279911677,252.67846586666462,669.9413396130387,263.39505783786194,17.126345524865187,993.6256401314487,-40.02280558450237,466.1934306530571,102.02679759871938,370.00841847127936,-445.76756685574253,538.2795073623095,-223.39844612566736,-275.0095435713878,268.124294338111,83.48540468924172,-385.74239184668556,-645.8528643714175,-352.22988700249135,193.4801063905801,81.43780562701701,199.09682569364216,29.43037017472246,254.04495549316925,-354.84114378475203,-390.7053831242627,229.7634605543368,-27.073314455792595,-312.7542563141,170.61894537235636,51.59198466629067,445.48940110547636,175.80164254908354,71.06306868553152,52.77622954985717,-117.76415586607258,345.7083381955708,275.9924005015733,-232.92950375227986,-6.7204589275885365,250.7937515882827,-553.5402228874418,411.7306960911945,192.85936701374578,-346.1655641549622,309.93329832066485,-143.39170160409995,282.5781872149058,14.503467720249532
-110.60537129379166,-280.97786376943634,-571.052730153493,564.9941650883179,-2153.0347386688063,-406.9688454994955,2240.150792798023,466.9293769011583,669.9413396130387,1780.570500812921,699.5765444340899,45.04684664478536,2640.3648054407627,-106.15963178620994,1239.5216398456503,271.2812754642183,983.7979706720274,-1184.3313813676498,1432.0871111741837,-595.6839781941684,-729.5294078343987,714.1317927946461,221.56431186962803,-1025.722338821002,-1716.5628133419577,-935.7037574076459,513.0081931776642,216.44230852622206,528.8509122396572,78.71439047631583,675.219393195122,-945.223663258761,-1038.9764863515684,609.5647537562029,-71.19690631043773,-829.8778660268562,454.1182769024343,137.82428507356505,1184.8594330088256,468.1959297317938,190.6879161777487,140.1123021157002,-311.33797541347224,918.9659298410867,734.1463191861307,-620.6374815125791,-19.626271370191215,665.7714797551462,-1471.4439735759793,1094.1463349412786,513.3197731863105,-919.1230297559085,824.1714299967272,-381.0205617321334,751.6270380791291,37.24699719310666
-43.44410198237849,-110.64713793345659,-224.26274723043835,222.0101608857698,-845.2234662497807,-159.41015667328998,879.6097658209975,183.45124256203778,263.39505783786194,699.5765444340899,275.0894705798952,17.466068703115646,1037.0802655907728,-42.0447873156179,487.3281673368795,106.16974162771726,386.4026539149084,-465.5016156179867,562.1543268472022,-233.66568968261083,-286.69164018911226,280.570591733243,87.0351522100528,-402.94762282254715,-674.1867573009288,-367.54521415264026,202.0577774803485,84.82622661576433,207.38044261280785,30.66759214259155,264.95636879614307,-371.3118718754473,-407.81026201161563,239.6256500221332,-28.046037450010058,-326.3297866981161,178.0608883665885,53.70157243516126,465.40022950740195,184.01722136622243,74.46470568430051,55.29305884249508,-122.5748916417268,360.67139719922824,288.3483764457262,-243.25283422329937,-6.88767735884233,261.7063461031007,-577.5776642601372,429.9865946486284,201.89112291935493,-361.1926893932912,324.02740600189213,-149.8315307263624,294.61361124287254,14.991600998131059
-3.166511028969357,-6.848051631856946,-14.64092953677298,14.098280266087441,-55.39867140526943,-11.659830147280456,57.078967323661466,11.849263581930058,17.126345524865187,45.04684664478536,17.466068703115646,1.650552655497936,67.41599875179433,-2.2148269060412367,30.69115356687394,7.491170379015013,24.97094743942051,-29.785174132261947,36.608445954754806,-15.122378171424222,-18.751448434176936,17.65156998332845,5.726385869195608,-25.88939997152698,-43.802688523934485,-23.938761011885678,12.522775706422573,5.817389835574032,14.108023168877573,2.2660875973610106,17.601820763348755,-23.41057361301998,-26.76236087208147,15.529421253165207,-1.9037014510558101,-20.944196069495543,11.880769821369276,4.0061939724452325,29.930232874200872,11.46534726836544,5.03967876945957,3.2003866297009007,-7.944888431747991,23.832269479720395,18.547692776220323,-16.205871793319847,-1.3142571674501597,16.86179289329635,-38.025751575158814,27.55695079798703,12.43806381345135,-23.393093196629955,20.376029955390976,-9.45399641667133,19.953141919087468,0.7417906137596084
-164.43540045410276,-416.304651182408,-847.037046418822,837.623326383615,-3193.8802481178864,-605.1563488080257,3322.4484666245503,692.4633750923496,993.6256401314487,2640.3648054407627,1037.0802655907728,67.41599875179433,3916.154508523534,-156.79706978724954,1837.2661139128406,403.0932262171131,1459.0053750532588,-1756.0031221859874,2124.201940628496,-883.4266871734533,-1082.1400362894362,1058.4685610260758,328.68503586116793,-1520.9732093500193,-2545.9574549769204,-1387.8732208075166,760.1402887252607,321.38958306272247,785.1505419834622,117.07885791629126,1001.9674776846734,-1401.0425378686957,-1541.2937749031314,904.0008666396532,-105.67200536856534,-1230.498898505437,673.911369553662,205.04650631993397,1756.9913557486673,693.836009367268,283.06743255526004,207.32353429168967,-461.7223877273193,1363.424366824525,1088.6341124107014,-921.0061524463379,-30.17205926413359,987.2639705928137,-2183.0004367664546,1622.3368570714001,760.5175737330152,-1363.109651277249,1221.5888257915085,-564.7729928430724,1115.8132393352826,54.941285824027325
6.403904588727652,17.12764772595403,33.855776870805094,-33.791048087047635,127.23653867546302,23.115932886475225,-132.83407787743772,-27.808018544232972,-40.02280558450237,-106.15963178620994,-42.0447873156179,-2.2148269060412367,-156.79706978724954,6.896070892830239,-74.53017441853366,-15.453907672025034,-58.47506667944155,70.86621026656081,-84.67570775747441,35.13717240881097,43.40740269358283,-42.78421125709219,-13.138991671153935,61.12628886946344,101.90988908651383,55.56339896426933,-31.28262754398279,-12.529729291397793,-30.7736547127771,-4.31024496165607,-39.65884260663233,56.56020822296496,61.324286453654025,-36.420956324043125,4.269581969992936,49.76991292771535,-26.535795245106538,-7.530208337948719,-70.53403837505438,-28.160651302718865,-10.834064362416367,-8.761787799740594,18.76720916573366,-54.142161560475905,-43.692666437086615,36.18458001204976,-0.021465061635836127,-39.80530716042889,86.80155289675723,-65.38779297756325,-31.07966456189724,54.79495023718404,-49.56618821839782,22.933024873497967,-43.65844211044779,-2.6645277291059575
-76.54583836656974,-195.9613459388934,-397.2756430837055,393.5666121029652,-1497.5510643165885,-281.56337915000586,1558.866312264092,325.00879023243493,466.1934306530571,1239.5216398456503,487.3281673368795,30.69115356687394,1837.2661139128406,-74.53017441853366,863.7597988511106,188.013986111369,684.7464613034725,-824.7141764501558,996.3950656565568,-414.53646207597563,-507.50951737656624,497.6297730979142,154.08653729092435,-714.1111294768577,-1194.4719247244748,-651.0438453443161,357.77950692988674,150.21914096736248,367.1982386060598,54.41167519593401,469.36442186859676,-658.5930620644148,-722.616092481265,424.2319376603696,-49.44966204830314,-577.8231023598393,315.5835403479314,95.2272550658941,824.8631645051747,326.4041814961284,132.3893691926938,97.99974000662576,-216.70238045269954,638.9377818295412,511.0797163964791,-431.32259038319114,-12.508953584331161,463.47299625266453,-1023.2578290310605,761.8501742807701,358.04574001106874,-639.6844981344244,574.3619042862136,-265.4935007364551,521.9773851884547,26.240851479035257
-17.144639948217595,-42.34398142572349,-87.25500479822863,85.91953895900471,-329.46269373574523,-63.56307631592177,342.17627386326944,71.18108757335824,102.02679759871938,271.2812754642183,106.16974162771726,7.491170379015013,403.0932262171131,-15.453907672025034,188.013986111369,42.253986510998466,150.09972859367457,-180.12410150007364,219.03449722120368,-91.17407469519888,-111.31387220104105,108.48094144515832,33.8621232932195,-156.29087689751773,-262.08356249270753,-142.86468332024083,77.30372017956627,33.460233589789674,81.56015350222928,12.46900265631354,103.63956077483162,-143.6704602712573,-159.07455368573167,92.81390378094054,-10.845809110483083,-126.1126782059503,69.8599896224015,21.859660866392453,180.6256682662471,70.97693839222713,29.6777733505404,20.82689978658401,-47.23137071291706,140.84523832701524,111.92914908668486,-95.5564301843361,-4.463957473202783,101.31974403718199,-225.37007085494355,166.50552890963323,77.56640706197692,-140.07239891512032,124.99398662551383,-57.77457864599884,115.97710691887272,5.151187039481499
-61.06207885525683,-155.10181602905368,-315.5573425424493,312.20031075050326,-1189.9466531202556,-225.00655287178031,1238.0550566414984,257.99610121003775,370.00841847127936,983.7979706720274,386.4026539149084,24.97094743942051,1459.0053750532588,-58.47506667944155,684.7464613034725,150.09972859367457,543.6652605798554,-654.2736024648244,791.5952055063437,-329.37158891712164,-402.9944744289762,394.626258099841,122.40649410585034,-566.7854076590814,-948.5661341718318,-517.0261231005403,283.1742397657297,119.68911033231147,292.3873559754753,43.630084713728714,373.254394282349,-522.351486757482,-574.2652705367956,336.68141557376725,-39.2651066726768,-458.33506824413263,251.1029535838987,76.38745944115549,654.7645151349685,258.70191451113556,105.63480644756699,77.28987895145889,-171.83762788716035,507.9165945101984,405.69940045438085,-343.254682966097,-11.296061500728955,367.7620342775985,-813.2750350735499,604.4898880710135,283.5497520256726,-507.7674652908252,455.304850169654,-210.45785477810432,415.66439052745375,20.357205316887196
73.57234503150279,187.08940875385693,379.75318147812857,-375.8263153050159,1431.5319436674831,270.3464160805392,-1489.5926327912548,-310.5800571655948,-445.76756685574253,-1184.3313813676498,-465.5016156179867,-29.785174132261947,-1756.0031221859874,70.86621026656081,-824.7141764501558,-180.12410150007364,-654.2736024648244,787.9022654199794,-952.152765410849,395.8933632894297,485.3092476423294,-474.96738501433293,-147.36030001670343,682.2075632313569,1141.5799722181328,622.3185228314587,-341.63139589843485,-143.80090913421458,-351.4595772954921,-52.14825111917539,-448.8710088672847,628.6229525487774,690.7523944319088,-405.55889866304653,47.41919388217853,552.2156684673256,-301.76580811542317,-91.31530836739753,-787.9990447394692,-311.45787206412786,-126.45243017317082,-93.3829659076986,207.3023346606724,-610.9351281020247,-488.2310295189922,412.3330435410681,12.391396559957984,-442.9436487687638,978.2989854192391,-727.8472692548597,-341.58298751797753,611.4200562977205,-548.359775091481,253.53552964334997,-499.4047101421706,-25.067353840540573
-88.81901798603317,-225.42300331603144,-459.4669027649854,454.47140216398117,-1733.090855765643,-328.01670600002564,1802.986907328154,375.55906366945203,538.2795073623095,1432.0871111741837,562.1543268472022,36.608445954754806,2124.201940628496,-84.67570775747441,996.3950656565568,219.03449722120368,791.5952055063437,-952.152765410849,1153.0587944135184,-480.0542424328808,-586.4571049317115,574.5510607484118,178.17985529816812,-825.158301153847,-1381.117104592338,-752.7063673099947,411.5024963051204,174.49738548228075,426.1138291666689,63.86960185817452,543.7717867831869,-760.5816034668114,-836.482903887849,489.8556600999989,-57.011073865105814,-666.7463365607598,366.0205059496896,111.80773591835356,953.3426459394674,376.56835705181874,154.45953398610678,112.18832901627106,-249.7133060311015,739.8488094793443,590.7247068983886,-500.5174390267931,-17.597562054306707,535.1283560580531,-1184.5711540490497,879.8035407144091,412.5377912215321,-738.9922418516273,662.5401860906267,-306.18769724939796,606.003208520809,29.09496883418561
36.59558661195245,93.59738067239044,191.09916173488705,-189.1603901427276,721.1414588388648,135.88408124884066,-750.4571826388815,-156.16437248681908,-223.39844612566736,-595.6839781941684,-233.66568968261083,-15.122378171424222,-883.4266871734533,35.13717240881097,-414.53646207597563,-91.17407469519888,-329.37158891712164,395.8933632894297,-480.0542424328808,200.30079206503606,243.52139011164383,-239.44301397412605,-74.02813817258246,343.3701773533788,574.4926653125578,312.9580656160898,-170.74048658967664,-72.60399560901799,-177.18504187944362,-26.74290952575688,-226.1991033693968,317.0179910728762,348.14459300822244,-203.4285503257451,23.490686368300565,276.9100850110142,-152.47815971175115,-46.764447702963665,-396.79163909005547,-156.90055818495688,-64.84344950809532,-46.59719801237732,103.35203304023821,-307.8434961351922,-245.90438615692545,208.71486216168415,7.933693635560893,-222.34023195528636,492.8490532268168,-365.89471937614445,-171.79167742181815,307.10276923966063,-275.6714433874964,127.31915709154018,-252.2921257526083,-11.683114838826219
45.77995804496131,115.18203578380815,234.0617470604738,-231.28443602845766,882.2465709119241,167.7600568940262,-917.5108764916715,-191.3584807272389,-275.0095435713878,-729.5294078343987,-286.69164018911226,-18.751448434176936,-1082.1400362894362,43.40740269358283,-507.50951737656624,-111.31387220104105,-402.9944744289762,485.3092476423294,-586.4571049317115,243.52139011164383,299.3926921933364,-292.026597466942,-90.90883359431488,420.0950202000549,703.4197792756014,383.5880174895501,-210.39732965704758,-88.78822191343264,-216.9974508483162,-32.194611006630815,-276.80871236228296,386.50386107261994,425.6753036649029,-250.09804739408054,29.419900118209693,340.3891988697274,-185.99698723653484,-56.42982378525414,-485.2033223101331,-191.4363727305128,-77.67298027940458,-57.342759453631864,128.05748215272698,-376.65651767610944,-300.6078799493962,253.99659311837604,7.790584365143737,-273.01009937095904,603.0567767955934,-448.2954367342052,-209.93157247693804,376.8877107218002,-337.40582539302187,156.07711771927003,-308.0812107014559,-15.570994954767805
-43.810031763427595,-112.6952657417136,-228.89391813814527,226.84345565140347,-863.1777606741935,-161.8727033137107,898.6680770283359,187.20722875148505,268.124294338111,714.1317927946461,280.570591733243,17.65156998332845,1058.4685610260758,-42.78421125709219,497.6297730979142,108.48094144515832,394.626258099841,-474.96738501433293,574.5510607484118,-239.44301397412605,-292.026597466942,287.08618967791597,88.70549917734746,-411.55704205382034,-688.2468461321404,-374.99899068282895,205.6470757584724,86.61729750257297,211.60711873116907,31.56091945021296,270.51422669712395,-379.99926098658574,-416.59643637547407,244.10485100937004,-28.283277377751276,-332.4767603356784,182.10186403692563,55.19211117172754,475.4694742008783,188.25960579068922,76.88752140112028,56.342743782037495,-124.3521911606443,368.2934853270175,294.63357610794736,-249.0867285225844,-7.928118617913323,266.78176273636154,-589.772617915795,438.84956446998535,206.39351097013633,-368.2871061890265,330.9283168808663,-152.89295135880414,301.0914571965112,14.676679885377888
-13.8985855732217,-34.94450125247955,-71.10058072105464,70.23635687876832,-268.04522937508705,-51.00214968359502,278.73624256966013,58.11299257369767,83.48540468924172,221.56431186962803,87.0351522100528,5.726385869195608,328.68503586116793,-13.138991671153935,154.08653729092435,33.8621232932195,122.40649410585034,-147.36030001670343,178.17985529816812,-74.02813817258246,-90.90883359431488,88.70549917734746,27.61159558786259,-127.59455048096586,-213.66278251758274,-116.50521366984158,63.81789035552918,26.995065433245415,65.95464941017138,9.818059394388422,84.10844853445464,-117.41292742066068,-129.33999194906755,75.93322982173073,-8.921633854444675,-103.33211771939915,56.54379428322582,17.20630715702842,147.37932208591442,58.13639007338673,23.669401866078726,17.381564931753548,-38.84450611603266,114.45290551420403,91.31424261852575,-77.23444362909854,-2.4948421498643634,82.89114772016542,-183.2283759415691,136.13353147108367,63.73389396227035,-114.44522355896662,102.44095211209722,-47.382653478100174,93.66079354950978,4.6706288770027005
63.571861552516076,161.80302331629102,328.94813791517595,-325.5415275591033,1240.3551423552872,234.19891426509375,-1290.6538938963538,-268.97188461313317,-385.74239184668556,-1025.722338821002,-402.94762282254715,-25.88939997152698,-1520.9732093500193,61.12628886946344,-714.1111294768577,-156.29087689751773,-566.7854076590814,682.2075632313569,-825.158301153847,343.3701773533788,420.0950202000549,-411.55704205382034,-127.59455048096586,590.9433527306779,988.8583818128456,538.9760391850818,-295.3922889086444,-124.68300503573992,-304.6177641126762,-45.39887129649097,-388.9805994224874,544.748700459359,598.5797740015033,-351.01741979837215,40.9228901018215,477.904893721704,-261.67324407686937,-79.47294027705404,-682.6580925234846,-269.82515667347883,-110.05130569624184,-80.695582779663,179.16114384394794,-529.3895564094465,-422.9863959937932,357.70345130568467,11.502363292373207,-383.43757234598087,847.6741419754806,-630.2849190038834,-295.7925989467001,529.3706368310029,-474.83542551789304,219.48398506834187,-433.0599464352497,-21.307198232224103
106.81468598775055,270.6036716542759,550.6742738166421,-544.5938156101059,2076.4872790070362,393.2927673538003,-2160.1344023881848,-450.1768530148991,-645.8528643714175,-1716.5628133419577,-674.1867573009288,-43.802688523934485,-2545.9574549769204,101.90988908651383,-1194.4719247244748,-262.08356249270753,-948.5661341718318,1141.5799722181328,-1381.117104592338,574.4926653125578,703.4197792756014,-688.2468461321404,-213.66278251758274,988.8583818128456,1655.1957937694986,902.2584095019371,-494.07643544842733,-208.9503645208515,-510.436366485234,-76.16156771183637,-651.4153352533062,911.0096372983191,1002.0866950622508,-587.6265029073215,68.64153683871099,799.8659998949822,-438.1862725498607,-133.37366466211338,-1142.326909044955,-451.1463594545473,-184.17928757862623,-134.76557401877145,300.04540656484,-886.4189065175798,-707.7949924510013,598.9037813950555,19.775550037369346,-641.7805902902571,1419.257156891033,-1054.7039845906122,-494.47686975849484,886.1191307567655,-794.2068221757896,367.1609857572486,-725.484443632808,-35.60994587209
58.36037497238792,147.55291063521523,300.19040273411895,-296.80139667332816,1131.8561920206776,214.63097279044814,-1177.343012187769,-245.4062708548392,-352.22988700249135,-935.7037574076459,-367.54521415264026,-23.938761011885678,-1387.8732208075166,55.56339896426933,-651.0438453443161,-142.86468332024083,-517.0261231005403,622.3185228314587,-752.7063673099947,312.9580656160898,383.5880174895501,-374.99899068282895,-116.50521366984158,538.9760391850818,902.2584095019371,491.8766967678071,-269.43839710650684,-113.9078461899379,-278.2890917716678,-41.47111348038166,-355.09712944603046,496.3619899703989,546.1934790297651,-320.434794699401,37.49864367867081,436.1501717313362,-238.79864895936757,-72.64163180987333,-622.5966158314541,-245.812841965986,-100.21341450877021,-73.46955098515217,163.72952704004229,-483.189798238691,-385.7566834862742,326.3140956130975,10.615712686870891,-349.91891435548627,773.6343355604573,-574.9347477256692,-269.45104003132934,483.1245350635439,-432.86728328054585,200.14504228979038,-395.42278094089653,-19.541893952130543
-31.907329455958298,-81.49940734084069,-164.32607820064794,162.81980927908214,-618.8622587509032,-116.36996604454613,644.2420313263758,134.53580857953784,193.4801063905801,513.0081931776642,202.0577774803485,12.522775706422573,760.1402887252607,-31.28262754398279,357.77950692988674,77.30372017956627,283.1742397657297,-341.63139589843485,411.5024963051204,-170.74048658967664,-210.39732965704758,205.6470757584724,63.81789035552918,-295.3922889086444,-494.07643544842733,-269.43839710650684,148.90692301776423,61.92262645882888,151.56320528092184,22.11709274739055,193.86278240838269,-272.0805565948054,-298.4943519623991,175.9522742717961,-20.70291255734254,-239.74126326643434,130.0608928254955,38.74486950218139,341.07791913420573,134.97885655752282,53.89599500968467,40.877263554849215,-90.31333195253406,263.9597862207714,211.29135372695697,-177.50811964005698,-3.858377163194869,192.12797507925134,-422.8129519687098,315.46200580132523,148.28715657388727,-265.01948290844456,237.88150182509872,-110.05198368441356,215.09769961570254,11.539268437933284
-13.620011000370887,-33.91769246502852,-69.55136025984399,68.58132325247438,-262.4668660640298,-50.325846208117774,272.7435857429198,56.77984902933986,81.43780562701701,216.44230852622206,84.82622661576433,5.817389835574032,321.38958306272247,-12.529729291397793,150.21914096736248,33.460233589789674,119.68911033231147,-143.80090913421458,174.49738548228075,-72.60399560901799,-88.78822191343264,86.61729750257297,26.995065433245415,-124.68300503573992,-208.9503645208515,-113.9078461899379,61.92262645882888,26.566268252559773,64.81029453433425,9.813654731478794,82.47729996593962,-114.69069439733278,-126.69962975680512,74.08574915469664,-8.666991423417235,-100.72781705872433,55.54786520739646,17.199428235680838,144.06811510487245,56.70840937725303,23.4856295061559,16.75969797872829,-37.76261311936781,112.15100313833199,89.27255578967252,-75.94827622963942,-3.1405411416252647,80.88021803965485,-179.48766317546543,132.89943189624046,62.04736179129864,-111.7591067232142,99.86991115193942,-46.17062301275423,92.12527360940899,4.270654127121254
-33.29100153330039,-83.00086364944175,-169.8932335059163,167.58271111645095,-640.9674081207851,-122.76855196527771,666.1421223372349,138.7398653499916,199.09682569364216,528.8509122396572,207.38044261280785,14.108023168877573,785.1505419834622,-30.7736547127771,367.1982386060598,81.56015350222928,292.3873559754753,-351.4595772954921,426.1138291666689,-177.18504187944362,-216.9974508483162,211.60711873116907,65.95464941017138,-304.6177641126762,-510.436366485234,-278.2890917716678,151.56320528092184,64.81029453433425,158.17311975652646,23.845881946404496,201.3725277547881,-280.16300044386975,-309.3769451604191,181.09753220694373,-21.221712730858798,-246.2690641088864,135.5419558160039,41.79817278906148,351.9451918947421,138.57838059427402,57.13315347025779,41.067807620611276,-92.41689835114933,273.836072247281,218.07235115159312,-185.26211004612068,-7.249430831795317,197.69645575801988,-438.29583024896016,324.77804454123094,151.69366173550307,-273.1229258064334,244.12187867648342,-112.8767768246384,224.7634901298222,10.626218405420774
-4.919170217981338,-12.13682495941076,-25.36252461407563,24.937811253712066,-95.97002300671377,-18.576358496761934,99.62556745544391,20.64560094776697,29.43037017472246,78.71439047631583,30.66759214259155,2.2660875973610106,117.07885791629126,-4.31024496165607,54.41167519593401,12.46900265631354,43.630084713728714,-52.14825111917539,63.86960185817452,-26.74290952575688,-32.194611006630815,31.56091945021296,9.818059394388422,-45.39887129649097,-76.16156771183637,-41.47111348038166,22.11709274739055,9.813654731478794,23.845881946404496,3.7722497745044077,30.232252098317105,-41.8313939196667,-46.38216584434825,26.810656504180955,-3.073109492687893,-36.38662780345887,20.482126346527817,6.601738140497765,52.51164876413452,20.609711598873815,8.933212868798883,5.915291941960569,-13.493481882229288,41.06878887141311,32.55504586080987,-28.100215071951332,-1.7953578756175665,29.293680352054235,-65.67299547734575,48.25257689022119,22.44056036667426,-40.557385386941796,36.17995666073498,-16.694277046875147,34.021319086421016,1.2508441054684234
-42.200422305372825,-106.17327917759974,-216.75896792816025,214.12842378283497,-817.6373354216446,-155.64794021545592,850.2056190858461,177.11122163096087,254.04495549316925,675.219393195122,264.95636879614307,17.601820763348755,1001.9674776846734,-39.65884260663233,469.36442186859676,103.63956077483162,373.254394282349,-448.8710088672847,543.7717867831869,-226.1991033693968,-276.80871236228296,270.51422669712395,84.10844853445464,-388.9805994224874,-651.4153352533062,-355.09712944603046,193.86278240838269,82.47729996593962,201.3725277547881,30.232252098317105,256.7000142489777,-358.1176402679701,-394.63008502041066,231.12167773129508,-27.005239557919957,-314.454952934861,172.75096169693884,52.961416647863935,449.3992367527149,177.24342368708332,72.79001909903636,52.70447928457751,-117.92570640265158,349.1609655118232,278.45389295569515,-236.15192670056192,-8.62376699841862,252.3909639236855,-558.9727093836996,414.76427153855195,194.11888468918917,-348.59611870139855,312.0706757497127,-144.26378408105938,286.23894122290113,13.71328048079999
57.98300992512359,149.10840356849624,302.9844068307995,-300.24329855940914,1142.648011937859,214.34255458210356,-1189.5934362076375,-247.78483505511133,-354.84114378475203,-945.223663258761,-371.3118718754473,-23.41057361301998,-1401.0425378686957,56.56020822296496,-658.5930620644148,-143.6704602712573,-522.351486757482,628.6229525487774,-760.5816034668114,317.0179910728762,386.50386107261994,-379.99926098658574,-117.41292742066068,544.748700459359,911.0096372983191,496.3619899703989,-272.0805565948054,-114.69069439733278,-280.16300044386975,-41.8313939196667,-358.1176402679701,502.9949593272642,551.492407048832,-323.06411348699527,37.417039450450105,440.0005611263543,-241.10882725583755,-73.15041822785112,-629.3592028521126,-249.17104140745556,-101.87608957349745,-74.52404181609377,164.5292393456114,-487.556438835702,-389.9996105358419,329.8237834242756,10.677030729496662,-353.0798067982729,780.7355786497413,-580.8369663561662,-273.1426943208951,487.44200287765835,-437.9709832199548,202.34081581199717,-398.66879894215714,-19.343885919636044
64.65673340596078,163.51254386028066,333.41302915544736,-329.59054707528765,1257.576408544322,238.55248840965757,-1308.03679480764,-272.47385968831554,-390.7053831242627,-1038.9764863515684,-407.81026201161563,-26.76236087208147,-1541.2937749031314,61.324286453654025,-722.616092481265,-159.07455368573167,-574.2652705367956,690.7523944319088,-836.482903887849,348.14459300822244,425.6753036649029,-416.59643637547407,-129.33999194906755,598.5797740015033,1002.0866950622508,546.1934790297651,-298.4943519623991,-126.69962975680512,-309.3769451604191,-46.38216584434825,-394.63008502041066,551.492407048832,606.9617167451959,-355.5229530394829,41.46399085815645,483.8247046944051,-265.61268384953235,-81.21714702017618,-691.5468947707238,-272.9977076186803,-111.98754696074457,-81.30627973285804,181.3209893776519,-536.9413984796298,-428.5096578807579,363.1474117841541,12.87402993569535,-388.3017751457949,859.6137329210663,-638.2614594994717,-299.0686795118337,536.2474632586628,-480.4711272758696,222.08770284910878,-439.8577332253711,-21.158070893720183
-38.16878993085853,-96.33098707871324,-195.5182170305731,193.28823664114998,-736.8779972250447,-139.80520039147797,766.4749166916529,159.8762433340962,229.7634605543368,609.5647537562029,239.6256500221332,15.529421253165207,904.0008666396532,-36.420956324043125,424.2319376603696,92.81390378094054,336.68141557376725,-405.55889866304653,489.8556600999989,-203.4285503257451,-250.09804739408054,244.10485100937004,75.93322982173073,-351.01741979837215,-587.6265029073215,-320.434794699401,175.9522742717961,74.08574915469664,181.09753220694373,26.810656504180955,231.12167773129508,-323.06411348699527,-355.5229530394829,208.96501880657058,-24.570021823507737,-284.45831248553304,155.28279810704328,46.98358208505565,405.4052974249515,160.04710634484766,64.80716585383813,48.02080224449966,-107.00959330983268,314.5506055298304,251.17075323761375,-212.0491961269846,-6.235386982343262,228.12404769632616,-503.64195081046256,374.6127462350439,175.55907384929,-314.88414835213007,282.04574158838716,-130.46750063512752,257.11636866076935,13.096176497958824
4.646629057159743,11.313120663606636,22.860502334637136,-22.49014433814421,86.01392234784196,16.673918375112265,-89.31504190838058,-18.689350516473205,-27.073314455792595,-71.19690631043773,-28.046037450010058,-1.9037014510558101,-105.67200536856534,4.269581969992936,-49.44966204830314,-10.845809110483083,-39.2651066726768,47.41919388217853,-57.011073865105814,23.490686368300565,29.419900118209693,-28.283277377751276,-8.921633854444675,40.9228901018215,68.64153683871099,37.49864367867081,-20.70291255734254,-8.666991423417235,-21.221712730858798,-3.073109492687893,-27.005239557919957,37.417039450450105,41.46399085815645,-24.570021823507737,2.9837623922908416,33.416654628180446,-18.06110386582148,-5.409340727886313,-47.22588034011403,-18.541224996676007,-7.323724294151423,-5.618408499902582,12.735402030016921,-36.74730655325237,-29.24820378430993,24.566489173754558,0.5123758958125306,-26.756407786437084,58.819594027172755,-43.768745229416794,-20.37853893116689,36.91180131560558,-32.85718409917177,15.242791388968818,-29.977027477933564,-1.706700466942743
51.8306589217854,131.25475321927826,266.1080057097561,-263.2237835229387,1002.8334195909554,189.81938920887066,-1043.3263421614702,-217.64922662860744,-312.7542563141,-829.8778660268562,-326.3297866981161,-20.944196069495543,-1230.498898505437,49.76991292771535,-577.8231023598393,-126.1126782059503,-458.33506824413263,552.2156684673256,-666.7463365607598,276.9100850110142,340.3891988697274,-332.4767603356784,-103.33211771939915,477.904893721704,799.8659998949822,436.1501717313362,-239.74126326643434,-100.72781705872433,-246.2690641088864,-36.38662780345887,-314.454952934861,440.0005611263543,483.8247046944051,-284.45831248553304,33.416654628180446,387.30328809060734,-211.24448925573216,-63.75192862450946,-551.9415391381508,-218.0333078203469,-88.12370691908893,-65.51355695502339,145.67709750575213,-428.0032434248177,-341.9543374425202,288.4738600720312,8.146499887259878,-310.57601820541987,685.3554893987083,-510.05989473244426,-239.21926532999123,428.6476136967949,-384.17066842639696,177.69637460678888,-349.6736847808492,-17.922167030388465
-28.26377176504715,-71.26459695680487,-145.80890817279754,144.0383434428688,-550.2199030429479,-104.64337852791174,572.1529153543427,119.09440092333028,170.61894537235636,454.1182769024343,178.0608883665885,11.880769821369276,673.911369553662,-26.535795245106538,315.5835403479314,69.8599896224015,251.1029535838987,-301.76580811542317,366.0205059496896,-152.47815971175115,-185.99698723653484,182.10186403692563,56.54379428322582,-261.67324407686937,-438.1862725498607,-238.79864895936757,130.0608928254955,55.54786520739646,135.5419558160039,20.482126346527817,172.75096169693884,-241.10882725583755,-265.61268384953235,155.28279810704328,-18.06110386582148,-211.24448925573216,116.38516309779372,35.86055316024357,302.3662094017554,119.27496251863464,49.32149891856005,35.342424840834106,-79.04217792917215,234.99656888093926,187.37204562432558,-159.20622243983894,-6.293651085516748,169.6130860020582,-376.1574608811147,278.88994915474217,130.55361480749266,-234.31985978950814,209.83546940925936,-96.96586936626913,192.81177679993093,8.955736625213744
