V1,V2,V3,V4,V5,V6,V7,V8,V9,V10,V11,V12,V13,V14,V15,V16,V17,V18,V19,V20,V21,V22,V23,V24,V25,V26,V27,V28,V29,V30,V31,V32,V33,V34,V35,V36,V37,V38,V39,V40,V41,V42,V43,V44,V45,V46,V47,V48,V49,V50,V51,V52,V53,V54,V55,V56
125.68247503009418,317.63815001357676,645.5501948502537,-638.1994329797587,2433.5643534400574,461.4357697914334,-2531.3643601912463,-527.7573540440454,-757.8851347078969,-2012.3977408460512,-790.7275180871982,-51.37582482187585,-2984.554206957545,119.86571794107489,-1400.3252587254867,-306.83976722616535,-1111.7120569518088,1338.5752037347675,-1618.0449300157638,672.5331361257192,825.2008380069003,-806.3348977910981,-250.61625642954985,1159.0184407408126,1940.1869879200904,1057.816381412528,-580.0199728693037,-244.79304573503615,-598.1639460332669,-88.91405543746363,-763.316821904826,1067.2486032255124,1174.264202606574,-689.4369529372635,80.83535685632621,938.4434986222124,-513.1892048187583,-155.7599357158594,-1338.7336898737378,-528.5712879031518,-214.94098640413043,-158.2536044876788,352.54931984036256,-1038.8928207168544,-829.4743324679389,701.0864398007891,21.916146354099915,-752.7636206468443,1663.3041337930931,-1236.577892961239,-579.5878304221071,1039.2022360958924,-931.0206974061231,430.5645238133644,-849.6589918508968,-42.510848064132134
317.63815001357676,804.9630066838988,1637.009167870622,-1619.0037438940947,6172.221573223904,1168.585722040559,-6421.057966150329,-1338.3306805538357,-1920.4983234689112,-5103.343369343449,-2004.7559854959416,-129.9098277164986,-7568.550186994734,303.58712666245816,-3551.581990097213,-778.4493558929653,-2819.770105890811,3394.1954680530803,-4104.985935797025,1707.2761955359388,2091.448096115933,-2046.089165926004,-635.2376529959278,2939.723110484569,4920.433153326636,2682.2644442912324,-1469.7287720045556,-620.8618472409884,-1516.8538519343736,-225.98898856222556,-1936.019602453951,2708.266466389277,2978.5183721492117,-1747.3254187344073,204.26469125442938,2378.544773033156,-1302.1095683125338,-395.75871458664625,-3395.8275198158967,-1341.2783823939467,-546.7585800085184,-401.0773249662983,892.5337363709284,-2634.7515383758337,-2104.0813721658083,1779.487570334282,57.373687476751634,-1908.2586011534993,4218.520684028145,-3135.780547741525,-1470.3752142683272,2634.5832799782534,-2361.4292981342296,1091.7799408723433,-2155.605285237893,-106.53446342083141
645.5501948502537,1637.009167870622,3330.2717373241635,-3293.903400429812,12557.477590313705,2376.791187236595,-13064.035986189181,-2722.5938008614717,-3905.909817274155,-10381.90956360341,-4077.846811107631,-264.2675028447007,-15397.161794973246,617.0657339460082,-7225.063041336079,-1584.1909565507751,-5736.780070559106,6904.5467181086115,-8352.380777181674,3474.5557460888926,4253.925472199496,-4163.185317694353,-1292.1155170260954,5980.730384105189,10010.153417698812,5456.522020800295,-2988.7736522641376,-1263.279940665069,-3086.116582085325,-460.27176360038686,-3938.982950912528,5510.627612003583,6060.043528035986,-3553.9030729992146,415.04453615285684,4837.736563712975,-2649.658824696887,-805.9611955689123,-6908.87447658478,-2729.051586365486,-1113.6958818406854,-815.5594046835663,1814.58827384392,-5360.4160489319565,-4280.831124228433,3621.536714889631,118.52505658961995,-3881.4985973848993,8582.650150320473,-6379.0634459673065,-2991.3816370085883,5359.093897982904,-4803.9838633228555,2220.86225207708,-4386.392764945574,-215.65098828938414
-638.1994329797587,-1619.0037438940947,-3293.903400429812,3258.367260298462,-12420.729125188796,-2350.5153256506323,12922.097840171326,2693.0398030795523,3863.043489919511,10268.706234676793,4033.3010020079573,261.188837438172,15229.565851523992,-610.1266772428612,7146.649625756174,1567.085501584028,5674.592168952447,-6829.331950634013,8262.136974964422,-3436.9309915530175,-4207.295913167308,4117.969032030906,1277.8844812122056,-5915.734749107354,-9901.244157305127,-5397.054031627261,2956.0947949737706,1249.5144435871453,3052.5380129352498,455.31528914464985,3896.3490316694506,-5450.749688003413,-5994.097323005825,3514.8359005049942,-410.28013096399985,-4784.680762149159,2620.880284476297,797.2796641387652,6833.892812178738,2699.5712721926734,1101.7667277836695,806.5892333911792,-1794.5162324178943,5301.799164098769,4234.2872164351,-3582.3462600618914,-117.4989865161817,3839.0609972663437,-8489.224774064749,6309.577542226179,2958.9117677113577,-5300.565823877465,4751.913578165137,-2196.652500243732,4338.986763991977,213.0240359381888
2433.5643534400574,6172.221573223904,12557.477590313705,-12420.729125188796,47351.398851247475,8961.580484702608,-49261.897996009626,-10266.135520774993,-14727.151775655313,-39147.12962310214,-15375.972136590712,-996.3582650385258,-58058.39131888016,2326.3243249744996,-27243.738454030823,-5973.965796261928,-21632.162839580957,26034.76761991004,-31495.762747380053,13102.66165336418,16039.60559144665,-15698.807801183308,-4871.998095549926,22551.924994901237,37745.67245650427,20574.858632434167,-11268.922320519454,-4763.618465164574,-11637.065546511038,-1735.9564410748749,-14853.187635461876,20779.897409813027,22851.217308075604,-13400.040829431,1564.5399745104705,18240.80509798687,-9991.651148548934,-3039.691553035654,-26051.939405237466,-10290.912057185102,-4200.541278444498,-3074.9529397305605,6841.323684026096,-20212.788915239107,-16142.127019569254,13656.928674242556,448.327593050855,-14635.542358253373,32363.2354229362,-24053.48485554841,-11279.821394520717,20207.125904576682,-18114.594417259083,8374.095183763102,-16540.77642353442,-812.2581451861229
461.4357697914334,1168.585722040559,2376.791187236595,-2350.5153256506323,8961.580484702608,1697.5044324084274,-9322.562528101242,-1943.1488587938738,-2788.5424073083773,-7409.30617797651,-2910.5466309864137,-188.86974437766608,-10988.922635206689,440.488739806507,-5156.101984445909,-1130.548355268563,-4094.0026351763977,4927.885398544532,-5960.0874126306435,2478.5103773093924,3036.766400818484,-2970.2266587683766,-922.3339497826473,4268.013620329632,7144.019763922965,3894.4739580863998,-2133.778413836003,-901.5734327860451,-2202.689113468425,-328.1784230009034,-2811.187708951519,3931.475096145589,4324.562552962214,-2536.98281984964,296.65293110887967,3453.3897237857186,-1890.5988569826177,-574.7615068573795,-4930.209881898824,-1947.093590139888,-793.6924708994865,-582.1326313610122,1296.0357317978635,-3825.475810788686,-3054.750820141007,2583.652091898268,83.50357588634508,-2770.6116485882135,6125.086948245695,-4552.684006431481,-2134.4275712639005,3825.218293256022,-3428.2566169839133,1585.0294017707988,-3130.1438486392512,-154.69078914821773
-2531.3643601912463,-6421.057966150329,-13064.035986189181,12922.097840171326,-49261.897996009626,-9322.562528101242,51249.80690582976,10680.343411595539,15320.851529929043,40726.43995369741,15996.155808962727,1036.3707084692594,60400.69214516088,-2420.030978840933,28343.098838913313,6215.078452615479,22505.12036919258,-27085.042467199306,32767.072065711287,-13631.748103075972,-16686.313003249143,16332.510392161497,5068.4192463050995,-23461.93493792637,-39268.56595806091,-21404.840235555574,11723.272944300727,4955.801355374844,12106.518796933686,1806.1125053495302,15452.569411018034,-21618.71482635039,-23773.27183371985,13940.278896791187,-1627.4002982340319,-18976.290610683074,10394.919700326493,3162.5049438483616,27103.279636305153,10706.389324512307,4370.445109757733,3198.937933392583,-7116.876012567363,21028.176757499634,16793.527236863654,-14208.325064247047,-466.8731042114773,15225.781304834454,-33668.98846430099,25023.87989979271,11735.090954411005,-21022.12594253586,18845.62316339475,-8711.917747745345,17208.39934412577,844.6505591949773
-527.7573540440454,-1338.3306805538357,-2722.5938008614717,2693.0398030795523,-10266.135520774993,-1943.1488587938738,10680.343411595539,2225.9198344353367,3193.328901253661,8487.602241332368,3333.844354688145,215.97477601160676,12587.964554084629,-504.42533991764776,5906.945573965332,1295.1652310285976,4690.17297518729,-5644.854993147624,6828.591932710302,-2840.4003491567346,-3477.8133587370235,3403.441089755635,1056.315727924151,-4889.519860953672,-8183.784722067395,-4460.984952864012,2443.624494864165,1032.7586274203202,2523.053411714465,376.22113682393643,3220.4068669232765,-4504.946324091173,-4954.258851411939,2905.4443444971366,-339.29597062178465,-3955.0883465059565,2166.1212971823666,658.806663610422,5648.330220253877,2231.1311701881773,910.2896172093408,666.7595384188267,-1483.6035038049265,4382.175525076579,3499.716708379176,-2960.613949002419,-96.69241607893335,3173.336991000384,-7016.628681004569,5215.200229500427,2445.570829010657,-4381.350705207958,3927.582167667289,-1815.67089730216,3586.11405601489,176.37828961371906
-757.8851347078969,-1920.4983234689112,-3905.909817274155,3863.043489919511,-14727.151775655313,-2788.5424073083773,15320.851529929043,3193.328901253661,4582.275098262795,12176.498574246225,4783.233887652034,310.02782641510333,18058.81427675659,-724.1149698946836,8474.005265238986,1857.6348067804172,6728.131437256271,-8098.513584042828,9794.915828914209,-4073.5773185143908,-4990.19532153302,4881.825822493334,1515.642336758353,-7014.207911311698,-11740.318205675514,-6399.961830522298,3506.6444058679367,1481.469856677228,3619.457387476162,539.2894195923983,4619.636897844795,-6461.7252035731735,-7106.874895505764,4169.013396467687,-487.31472515461127,-5675.069074935453,3106.9490326704968,944.4393569801906,8102.524268033669,3200.257443933162,1304.6280018872335,956.832240747626,-2129.5328406723456,6286.5412638382095,5020.335629991412,-4246.045659169517,-137.167625452088,4553.065272921791,-10065.62783398629,7481.937266916451,3508.173128681696,-6286.119117242872,5634.345767243385,-2604.925811253401,5143.7091240929685,254.05784260010216
-2012.3977408460512,-5103.343369343449,-10381.90956360341,10268.706234676793,-39147.12962310214,-7409.30617797651,40726.43995369741,8487.602241332368,12176.498574246225,32365.0955857308,12712.552417160197,823.709520438327,47999.91163342639,-1923.7201601203903,22524.002494578428,4938.551664039052,17884.201809354912,-21524.68709298994,26038.20739168166,-10831.660320502002,-13261.384494936106,12978.538383826579,4028.0625331697124,-18644.676241642068,-31206.164016282033,-17010.43495394733,9317.531446392033,3938.144957127735,9620.715533830995,1434.7934655415017,12279.581986877121,-17179.097154523708,-18891.782858892813,11079.089158281948,-1293.847083511535,-15081.437421982713,8260.078730089,2512.4078492252056,21538.1305738475,8507.772267874332,3471.7561068884033,2542.5276971224807,-5656.928883026995,16710.642645459247,13345.277054423006,-11289.81789261993,-369.2549508130733,12100.410803126284,-26755.855107990137,19886.48164148198,9325.585163751746,-16706.73453989152,14976.350964816513,-6923.478361295745,13674.256436183097,672.3479509059728
-790.7275180871982,-2004.7559854959416,-4077.846811107631,4033.3010020079573,-15375.972136590712,-2910.5466309864137,15996.155808962727,3333.844354688145,4783.233887652034,12712.552417160197,4993.531637529226,323.54640276885266,18853.677214274685,-755.8110538601908,8847.15243094503,1939.5790377599906,7024.517056943522,-8454.785599928346,10226.87195039108,-4253.87938049107,-5209.251289645013,5097.414003965721,1582.2349249185424,-7323.224049523359,-12257.232270318591,-6681.531117605423,3660.3238993517843,1546.7511859596373,3778.774989827981,563.3273370221,4823.0968769729425,-6747.158222250411,-7420.108106758031,4352.033814413711,-508.4198471549578,-5924.230331972271,3244.120299617491,986.4614960415078,8459.618321327756,3341.5350118340584,1363.0043923614157,998.8173306916573,-2222.4791941015264,6563.488407777581,5241.645104134747,-4433.832159428184,-144.23127841158367,4753.121237081736,-10509.015925297621,7811.215378873339,3662.8759672045458,-6562.427453288261,5882.499152182954,-2719.5257949632205,5370.600263798405,264.5670484157933
-51.37582482187585,-129.9098277164986,-264.2675028447007,261.188837438172,-996.3582650385258,-188.86974437766608,1036.3707084692594,215.97477601160676,310.02782641510333,823.709520438327,323.54640276885266,21.09396614670718,1221.60181697335,-48.97802359221483,573.0424909445067,125.70393208379852,455.0455741017243,-547.774492250686,662.4374998649566,-275.57139893880003,-337.6396204997702,330.18829359058145,102.58135119777876,-474.4322309148476,-794.1765297657782,-432.95026057360235,237.12524025294485,100.26450134315904,244.91572756409226,36.52246259814011,312.47566810605537,-437.0685110179782,-480.8119145798548,282.0982222140164,-33.028662815380706,-383.940821587148,210.2248561327455,63.959832600887495,548.0255914444072,216.38122200557575,88.29360444673618,64.69626308676938,-144.0918340039268,425.41780321876684,339.59078931959743,-287.27528804308236,-9.386119445376211,308.0101612740067,-680.9881581192142,506.085199952664,237.22084680377725,-425.2519128029313,380.9922254461907,-176.18352735789412,347.9781438995435,17.193483957834996
-2984.554206957545,-7568.550186994734,-15397.161794973246,15229.565851523992,-58058.39131888016,-10988.922635206689,60400.69214516088,12587.964554084629,18058.81427675659,47999.91163342639,18853.677214274685,1221.60181697335,71188.13198058998,-2852.7466602046575,33405.01898582284,7324.529989936009,26523.98817539557,-31922.928654587824,38617.32725962467,-16063.982886116253,-19667.777413646483,19247.901401423365,5973.86162251035,-27651.598828768532,-46281.4778213918,-25227.979120878266,13818.7547840507,5840.640901730037,14268.552331360175,2127.8976042665686,18212.024721212038,-25477.50727626044,-28018.048952087946,16431.07119441933,-1918.8084420650812,-22366.914575032464,12250.357673172968,3726.1214059224817,31942.885075755377,12617.689034576128,5148.685862100831,3770.652704203156,-8389.771610819658,24783.021228091184,19792.057895594524,-16743.690052046666,-547.619618353038,17945.912614341727,-39681.242489548924,29493.27766939094,13830.440718996182,-24777.523670192426,22211.251621078456,-10268.046639413145,20280.479739569208,997.1273355443228
119.86571794107489,303.58712666245816,617.0657339460082,-610.1266772428612,2326.3243249744996,440.488739806507,-2420.030978840933,-504.42533991764776,-724.1149698946836,-1923.7201601203903,-755.8110538601908,-48.97802359221483,-2852.7466602046575,114.64696448199544,-1338.7250885195135,-293.22136026862466,-1062.713114594379,1279.4792685178738,-1546.8443938471387,643.3270270568107,788.5027647438719,-771.2038172131757,-239.51202743171066,1108.0227007007063,1854.5797930212093,1011.0414878922345,-554.2221535059856,-233.95913235837133,-571.6109394379398,-85.07365617156862,-729.5304872815514,1020.7848427480986,1122.568894248168,-658.8416352186629,77.12759113485917,896.8245073349918,-490.66380878594475,-148.98523611082493,-1279.868855009528,-505.50016886217384,-205.86006358578925,-151.30458264659086,336.6497284813826,-993.1234498054044,-793.0502175091234,670.4545257168918,21.235978968481692,-719.4147732010297,1589.9272845545067,-1182.0432083618168,-554.2706494526324,993.1761812153546,-890.0808826802362,411.5906445704662,-812.1353079126795,-40.39819115208791
-1400.3252587254867,-3551.581990097213,-7225.063041336079,7146.649625756174,-27243.738454030823,-5156.101984445909,28343.098838913313,5906.945573965332,8474.005265238986,22524.002494578428,8847.15243094503,573.0424909445067,33405.01898582284,-1338.7250885195135,15675.626154071204,3436.9161446662656,12446.487354479399,-14979.940648557536,18121.339902268406,-7538.07554392644,-9228.985992851087,9032.24378672508,2803.1680931453934,-12975.613470803151,-21717.59323671424,-11838.193178251886,6484.580849304159,2740.633551002724,6695.353889501139,998.4530114058891,8545.959207091602,-11955.517027833454,-13147.393734217083,7710.185561739825,-900.3128290876869,-10495.636580306056,5748.407028858124,1748.3630795945999,14989.334906825357,5921.038037906867,2416.004392504587,1769.4573014114249,-3936.8262337304673,11629.240206186269,9287.480065970109,-7856.918992684165,-256.79804602719105,8421.107565146202,-18620.280576551162,13839.805571175735,6490.134186142215,-11626.821450416684,10422.870458252031,-4818.345170880325,9516.490828936103,467.89430370689354
-306.83976722616535,-778.4493558929653,-1584.1909565507751,1567.085501584028,-5973.965796261928,-1130.548355268563,6215.078452615479,1295.1652310285976,1857.6348067804172,4938.551664039052,1939.5790377599906,125.70393208379852,7324.529989936009,-293.22136026862466,3436.9161446662656,753.906389303441,2729.2028991421635,-3284.3131204630395,3973.9381006469557,-1653.2899924560313,-2023.279359509194,1980.5846489082119,614.5572169628979,-2845.139505342788,-4761.969332443714,-2595.6333712907494,1421.3096581900925,601.0505267133374,1468.2672419368253,219.15841563426318,1874.075611698766,-2621.6378965022077,-2883.021346508799,1690.2351916865414,-197.2137416143485,-2300.8449998785286,1260.7171401322196,383.7426613209528,3286.779681362133,1298.351548972164,530.2691532398013,387.765350712981,-862.7704474603348,2550.02705169872,2036.50628929068,-1723.3191024910484,-57.10588770600417,1846.1953064437002,-4083.067815142073,3034.4125086989293,1422.9769494886418,-2549.1012919439518,2285.2683571438847,-1056.361872657867,2087.20190212006,102.147406156333
-1111.7120569518088,-2819.770105890811,-5736.780070559106,5674.592168952447,-21632.162839580957,-4094.0026351763977,22505.12036919258,4690.17297518729,6728.131437256271,17884.201809354912,7024.517056943522,455.0455741017243,26523.98817539557,-1062.713114594379,12446.487354479399,2729.2028991421635,9882.768101793416,-11894.051360554406,14389.024525962423,-5985.689510148933,-7327.678241455712,7171.8194653392775,2225.686181613033,-10302.834463052484,-17244.091349255803,-9399.619540717873,5148.414526299871,2176.1971837446113,5316.362459470553,792.9696981937784,6785.796461135079,-9493.00033968432,-10439.401424229252,6121.711940654959,-714.7038766766964,-8333.281956959085,4564.540720704596,1388.5314171750895,11901.836176576247,4701.440382497946,1918.7563172211524,1404.8000440701076,-3125.538788442523,9233.873541848676,7374.445752030122,-6238.949189587185,-204.53851107951203,6686.258005785045,-14784.969171321925,10988.842227095178,5153.183728673883,-9231.639109118403,8275.810811335119,-3825.721009163988,7556.668138296823,371.15743313581936
1338.5752037347675,3394.1954680530803,6904.5467181086115,-6829.331950634013,26034.76761991004,4927.885398544532,-27085.042467199306,-5644.854993147624,-8098.513584042828,-21524.68709298994,-8454.785599928346,-547.774492250686,-31922.928654587824,1279.4792685178738,-14979.940648557536,-3284.3131204630395,-11894.051360554406,14315.414098185454,-17316.700012172183,7203.085938923853,8819.92558912638,-8631.115326757887,-2678.9214144713565,12399.737207957756,20753.947031196178,11313.054098842314,-6197.222788938565,-2619.0212884053462,-6398.313380527383,-954.0032020121215,-8166.659642275352,11424.541545747006,12563.885264968732,-7368.476128633147,860.6272416179718,10030.410965851343,-5493.157431261286,-1670.5652662839489,-14323.987147092967,-5658.037710009861,-2308.301013522821,-1691.034030631074,3762.649709626458,-11113.287096121172,-8875.234774385548,7507.836515976524,244.85525326556336,-8047.715724842163,17794.006360798434,-13225.79535869057,-6201.989612796055,11111.218911710901,-9960.252818057674,4604.598180698722,-9093.939023554161,-447.5489605838633
-1618.0449300157638,-4104.985935797025,-8352.380777181674,8262.136974964422,-31495.762747380053,-5960.0874126306435,32767.072065711287,6828.591932710302,9794.915828914209,26038.20739168166,10226.87195039108,662.4374998649566,38617.32725962467,-1546.8443938471387,18121.339902268406,3973.9381006469557,14389.024525962423,-17316.700012172183,20950.652791994813,-8715.798522516458,-10667.990928418023,10442.28719979338,3240.2935757572654,-15000.537486021576,-25106.522879429558,-13685.139331229126,7494.9424785466035,3168.550602962197,7740.47691533696,1154.8877213596986,9880.038966229411,-13822.032788435534,-15199.598982695352,8912.20704020092,-1040.1524298718382,-12131.919629410351,6646.188155082474,2022.2091368684314,17328.799821334298,6845.376752490671,2794.6108833825756,2045.0386766569447,-4549.715840671209,13444.156105746673,10737.032787490742,-9084.566222160223,-299.08616542461283,9734.339976789714,-21526.46300603544,15998.928029364217,7502.857389999138,-13440.248531622994,12049.153794225822,-5569.876491141603,11002.871338535084,539.5714243439465
672.5331361257192,1707.2761955359388,3474.5557460888926,-3436.9309915530175,13102.66165336418,2478.5103773093924,-13631.748103075972,-2840.4003491567346,-4073.5773185143908,-10831.660320502002,-4253.87938049107,-275.57139893880003,-16063.982886116253,643.3270270568107,-7538.07554392644,-1653.2899924560313,-5985.689510148933,7203.085938923853,-8715.798522516458,3627.0788969025743,4436.982111863988,-4344.82767969234,-1347.8536321448069,6240.2595193357865,10443.999094128103,5692.586114288414,-3116.7116057624494,-1318.2090606697839,-3219.9177424458744,-480.88258202868127,-4109.899326834518,5751.225735448172,6323.4185731919515,-3706.8360196573817,432.33980368822637,5045.916178041246,-2765.3370997980896,-841.9062542704161,-7208.952454763899,-2847.985037230994,-1163.9287490466784,-850.5309616060413,1891.564004628094,-5593.167509274303,-4466.8792280955,3780.3008470841905,125.94970306354857,-4048.857197250322,8955.168723327843,-6655.161703121427,-3121.378619334453,5590.400050926037,-5012.197708292254,2316.8675593656826,-4577.523234821546,-223.565060853533
825.2008380069003,2091.448096115933,4253.925472199496,-4207.295913167308,16039.60559144665,3036.766400818484,-16686.313003249143,-3477.8133587370235,-4990.19532153302,-13261.384494936106,-5209.251289645013,-337.6396204997702,-19667.777413646483,788.5027647438719,-9228.985992851087,-2023.279359509194,-7327.678241455712,8819.92558912638,-10667.990928418023,4436.982111863988,5434.537137877862,-5317.058782144624,-1650.632236543202,7639.248767581501,12786.40397326536,6970.116430440571,-3818.701939830856,-1613.5253917073662,-3941.9960079774223,-587.5044614666785,-5031.317178774367,7037.852377483831,7740.290072116233,-4540.228511534497,530.580496880918,6180.376966387139,-3383.9904132168385,-1028.8450093878866,-8824.609877331042,-3485.5361226711184,-1421.3316306784748,-1041.9851537340246,2318.8950023742254,-6846.800209586392,-5467.767523552033,4624.807120998664,149.9501343520032,-4958.547709546433,10962.640620668073,-8148.491267776788,-3820.8094818014206,6846.001955455722,-6136.349853859126,2836.961246602073,-5602.291766394626,-276.3570356348807
-806.3348977910981,-2046.089165926004,-4163.185317694353,4117.969032030906,-15698.807801183308,-2970.2266587683766,16332.510392161497,3403.441089755635,4881.825822493334,12978.538383826579,5097.414003965721,330.18829359058145,19247.901401423365,-771.2038172131757,9032.24378672508,1980.5846489082119,7171.8194653392775,-8631.115326757887,10442.28719979338,-4344.82767969234,-5317.058782144624,5205.331161759056,1615.1231786334088,-7476.853690315989,-12513.842617106704,-6821.004630024785,3735.412072407038,1579.3042282925626,3857.9150332045037,575.7621913887189,4924.22350324588,-6890.169299808235,-7576.168876133514,4442.1213950177225,-518.4121841540922,-6046.84967513181,3312.8545054785272,1008.0915439723252,8637.342114602696,3412.1219649647314,1393.4529264626879,1019.3813221067006,-2267.4031355606703,6701.355684735989,5351.891461746922,-4528.402253790012,-149.45501446188374,4851.804869451038,-10729.557012048646,7974.398566746612,3739.912550861034,-6698.898563101546,6005.647026914843,-2776.2290000777566,5483.978960478192,268.73477473785357
-250.61625642954985,-635.2376529959278,-1292.1155170260954,1277.8844812122056,-4871.998095549926,-922.3339497826473,5068.4192463050995,1056.315727924151,1515.642336758353,4028.0625331697124,1582.2349249185424,102.58135119777876,5973.86162251035,-239.51202743171066,2803.1680931453934,614.5572169628979,2225.686181613033,-2678.9214144713565,3240.2935757572654,-1347.8536321448069,-1650.632236543202,1615.1231786334088,501.37726889395793,-2320.367907271687,-3883.7461961096706,-2117.0842008419145,1159.7722624549056,490.1122541282523,1197.3391355733115,178.50265842939598,1528.1742621524654,-2137.859467529277,-2351.1152217859913,1379.0332729173235,-161.14511724601243,-1877.1786898757036,1027.9271561110936,312.58056954189857,2680.4170340940677,1058.722836275561,431.8758745723079,316.4825699483771,-704.2453439887614,2079.7621937399654,1660.8313584245636,-1404.8745202583195,-45.71177593817921,1506.071544443496,-3329.8576915743884,2475.011443203255,1160.5624072470164,-2079.360229375068,1863.8189992852592,-861.6888407285695,1701.6600331193993,83.86081664134578
1159.0184407408126,2939.723110484569,5980.730384105189,-5915.734749107354,22551.924994901237,4268.013620329632,-23461.93493792637,-4889.519860953672,-7014.207911311698,-18644.676241642068,-7323.224049523359,-474.4322309148476,-27651.598828768532,1108.0227007007063,-12975.613470803151,-2845.139505342788,-10302.834463052484,12399.737207957756,-15000.537486021576,6240.2595193357865,7639.248767581501,-7476.853690315989,-2320.367907271687,10740.864038370308,17977.194226012864,9799.235621556136,-5367.28599149482,-2268.7109736772595,-5542.316709892655,-826.6894885795981,-7074.1409552825935,9896.785373896235,10883.265188463614,-6382.080897758156,745.1467941961006,8687.667669523238,-4758.616505057946,-1447.5594960386597,-12407.816636360185,-4901.3151727310815,-2000.3979545419118,-1464.580482969592,3258.4335044386107,-9626.596088670232,-7688.01101069885,6504.206706343046,213.22310057570584,-6970.555578552649,15413.55238204979,-11456.062342562966,-5372.327476105021,9624.140698685927,-8627.60839635907,3988.395983562737,-7877.768482798942,-386.97347678228994
1940.1869879200904,4920.433153326636,10010.153417698812,-9901.244157305127,37745.67245650427,7144.019763922965,-39268.56595806091,-8183.784722067395,-11740.318205675514,-31206.164016282033,-12257.232270318591,-794.1765297657782,-46281.4778213918,1854.5797930212093,-21717.59323671424,-4761.969332443714,-17244.091349255803,20753.947031196178,-25106.522879429558,10443.999094128103,12786.40397326536,-12513.842617106704,-3883.7461961096706,17977.194226012864,30088.989884723247,16401.403700210616,-8983.729627891526,-3797.206535521492,-9276.424811172026,-1383.519068140288,-11840.219168406466,16563.989973352654,18215.501816774973,-10682.159409604088,1247.363036007514,14541.166178606787,-7964.466165081138,-2422.6301510536437,-20767.14170946154,-8203.248616950279,-3347.6386605986327,-2451.354858840853,5454.171857874547,-16112.264675447486,-12867.50082893351,10885.875106543637,356.3979871199784,-11667.039828613162,25798.066047358687,-19174.412213408606,-8991.646017559668,16108.461827970092,-14440.207577520609,6675.527817853648,-13185.11877298133,-648.0290261626118
1057.816381412528,2682.2644442912324,5456.522020800295,-5397.054031627261,20574.858632434167,3894.4739580863998,-21404.840235555574,-4460.984952864012,-6399.961830522298,-17010.43495394733,-6681.531117605423,-432.95026057360235,-25227.979120878266,1011.0414878922345,-11838.193178251886,-2595.6333712907494,-9399.619540717873,11313.054098842314,-13685.139331229126,5692.586114288414,6970.116430440571,-6821.004630024785,-2117.0842008419145,9799.235621556136,16401.403700210616,8940.44173084098,-4897.3330833014325,-2069.8102101407994,-5056.537252801088,-754.0145479261843,-6454.002809232377,9028.61501859721,9929.062150783395,-5823.061788866645,680.093400380252,7926.6738304728115,-4341.230542893576,-1320.3568473774917,-11319.95217755324,-4471.41339086867,-1824.3774980799612,-1336.3086351592724,2973.412196281568,-8782.679855778666,-7013.924662535703,5933.473634347133,193.79100487614383,-6359.854284179749,14062.331749272096,-10451.98754761938,-4901.239120848879,8780.877623168637,-7871.288776795802,3638.860840348433,-7186.9299523756645,-353.5490334737851
-580.0199728693037,-1469.7287720045556,-2988.7736522641376,2956.0947949737706,-11268.922320519454,-2133.778413836003,11723.272944300727,2443.624494864165,3506.6444058679367,9317.531446392033,3660.3238993517843,237.12524025294485,13818.7547840507,-554.2221535059856,6484.580849304159,1421.3096581900925,5148.414526299871,-6197.222788938565,7494.9424785466035,-3116.7116057624494,-3818.701939830856,3735.412072407038,1159.7722624549056,-5367.28599149482,-8983.729627891526,-4897.3330833014325,2683.7267753257297,1133.5276637082363,2769.5087799768894,412.4787318888309,3534.922148745025,-4944.242274974377,-5437.980886379693,3190.287465495933,-372.97133435127864,-4342.849759477925,2377.2104333024454,722.3886183755079,6200.029053782135,2448.8326055881053,997.8572464236875,732.2930752783544,-1629.8288402951457,4810.221891679873,3841.4916470370367,-3248.6544093656544,-104.35386879913841,3484.1873406997006,-7702.026433489243,5725.326950471115,2684.511724979371,-4810.3329413391575,4311.586465176496,-1993.38707742386,3935.7080113835395,194.7007624512125
-244.79304573503615,-620.8618472409884,-1263.279940665069,1249.5144435871453,-4763.618465164574,-901.5734327860451,4955.801355374844,1032.7586274203202,1481.469856677228,3938.144957127735,1546.7511859596373,100.26450134315904,5840.640901730037,-233.95913235837133,2740.633551002724,601.0505267133374,2176.1971837446113,-2619.0212884053462,3168.550602962197,-1318.2090606697839,-1613.5253917073662,1579.3042282925626,490.1122541282523,-2268.7109736772595,-3797.206535521492,-2069.8102101407994,1133.5276637082363,479.25147550431865,1170.7401612263438,174.6895929709225,1494.2730609698156,-2090.47395842438,-2298.8811674862823,1347.9807814809021,-157.36284557357945,-1834.9248346532622,1005.2214904131143,305.8812799456973,2620.826723801476,1035.2568500495015,422.68077274037233,309.2889644761429,-688.1534117588371,2033.4469040551317,1623.9026035033012,-1374.0012180810202,-45.279338802402755,1472.2780261453636,-3255.798277347472,2419.7259166816966,1134.7091238065855,-2032.7791998575867,1822.2736716853938,-842.3971877497273,1664.1172742932406,81.6246298013481
-598.1639460332669,-1516.8538519343736,-3086.116582085325,3052.5380129352498,-11637.065546511038,-2202.689113468425,12106.518796933686,2523.053411714465,3619.457387476162,9620.715533830995,3778.774989827981,244.91572756409226,14268.552331360175,-571.6109394379398,6695.353889501139,1468.2672419368253,5316.362459470553,-6398.313380527383,7740.47691533696,-3219.9177424458744,-3941.9960079774223,3857.9150332045037,1197.3391355733115,-5542.316709892655,-9276.424811172026,-5056.537252801088,2769.5087799768894,1170.7401612263438,2860.0536374182766,426.6116124844021,3650.4597777257027,-5106.549486357931,-5615.893123493786,3293.215012736977,-384.52777608619454,-4482.891805488697,2455.5248021918355,747.0306361597313,6402.476506072767,2528.9984945524466,1032.1696841293515,755.6472650048381,-1681.4406372863893,4967.440171002293,3967.0161640753436,-3356.2507265221434,-110.12934072540058,3596.868759150935,-7953.636895474415,5911.365437733957,2771.9934620114695,-4966.168637537311,4451.802683724233,-2057.9924031711125,4065.2066648790865,199.6742458664773
-88.91405543746363,-225.98898856222556,-460.27176360038686,455.31528914464985,-1735.9564410748749,-328.1784230009034,1806.1125053495302,376.22113682393643,539.2894195923983,1434.7934655415017,563.3273370221,36.52246259814011,2127.8976042665686,-85.07365617156862,998.4530114058891,219.15841563426318,792.9696981937784,-954.0032020121215,1154.8877213596986,-480.88258202868127,-587.5044614666785,575.7621913887189,178.50265842939598,-826.6894885795981,-1383.519068140288,-754.0145479261843,412.4787318888309,174.6895929709225,426.6116124844021,63.867782464571114,544.5155166783593,-762.1733554078537,-837.8439241231412,490.8130353589364,-57.13472453563639,-668.0975494442968,366.5311308093561,111.78933027773427,955.0780226095293,377.36496470346003,154.61916883375434,112.5553804155129,-250.22336628170038,741.0578239219357,591.8201335391025,-501.19501316141304,-17.247031938442603,536.1579618581345,-1186.4545672407787,881.4972306624932,413.5005496104686,-740.3532171924651,663.9045818710846,-306.8379229378986,606.6744681326074,29.2931643644023
-763.316821904826,-1936.019602453951,-3938.982950912528,3896.3490316694506,-14853.187635461876,-2811.187708951519,15452.569411018034,3220.4068669232765,4619.636897844795,12279.581986877121,4823.0968769729425,312.47566810605537,18212.024721212038,-729.5304872815514,8545.959207091602,1874.075611698766,6785.796461135079,-8166.659642275352,9880.038966229411,-4109.899326834518,-5031.317178774367,4924.22350324588,1528.1742621524654,-7074.1409552825935,-11840.219168406466,-6454.002809232377,3534.922148745025,1494.2730609698156,3650.4597777257027,544.5155166783593,4659.436057218607,-6517.956710730661,-7167.967535541885,4203.214288178758,-490.68840190355445,-5721.700539388515,3134.16877243086,953.4867404360632,8172.078000606323,3228.083056202209,1317.492939788041,964.4793141765214,-2146.0183485548687,6340.160122951068,5063.433599193568,-4283.895188843594,-140.60496234064033,4590.885230172143,-10151.78020313684,7545.126307490567,3538.1915700272857,-6338.617593728088,5682.319600736571,-2626.7760803809692,5188.815495174567,254.76047596640055
1067.2486032255124,2708.266466389277,5510.627612003583,-5450.749688003413,20779.897409813027,3931.475096145589,-21618.71482635039,-4504.946324091173,-6461.7252035731735,-17179.097154523708,-6747.158222250411,-437.0685110179782,-25477.50727626044,1020.7848427480986,-11955.517027833454,-2621.6378965022077,-9493.00033968432,11424.541545747006,-13822.032788435534,5751.225735448172,7037.852377483831,-6890.169299808235,-2137.859467529277,9896.785373896235,16563.989973352654,9028.61501859721,-4944.242274974377,-2090.47395842438,-5106.549486357931,-762.1733554078537,-6517.956710730661,9120.369703772973,10028.301250263363,-5879.7681067001495,686.1592350637357,8003.832506126063,-4385.154125878947,-1334.460570749813,-11432.888647658267,-4516.505531761256,-1844.631173653683,-1349.2798718812626,3001.124379533925,-8870.359239582755,-7084.098712019721,5994.197835240119,198.03487256298828,-6422.044132454728,14202.279536797125,-10555.31023546745,-4950.3722025893485,8866.948411975585,-7949.36658192766,3674.7442674831127,-7258.954069543237,-355.59808646594456
1174.264202606574,2978.5183721492117,6060.043528035986,-5994.097323005825,22851.217308075604,4324.562552962214,-23773.27183371985,-4954.258851411939,-7106.874895505764,-18891.782858892813,-7420.108106758031,-480.8119145798548,-28018.048952087946,1122.568894248168,-13147.393734217083,-2883.021346508799,-10439.401424229252,12563.885264968732,-15199.598982695352,6323.4185731919515,7740.290072116233,-7576.168876133514,-2351.1152217859913,10883.265188463614,18215.501816774973,9929.062150783395,-5437.980886379693,-2298.8811674862823,-5615.893123493786,-837.8439241231412,-7167.967535541885,10028.301250263363,11027.763280793866,-6466.500817934246,754.9243839256532,8802.523134129926,-4821.944764001241,-1467.0606801904237,-12572.366549696713,-4966.3272883023765,-2027.3965838332344,-1483.8659903281862,3301.284458191083,-9754.451338260338,-7790.019111107089,6590.891156582514,216.69208437904655,-7062.769353350576,15618.099902826605,-11607.79495878771,-5443.511884721481,9751.521127956681,-8741.827779017138,4041.1739273268367,-7982.495741190227,-391.7765093566533
-689.4369529372635,-1747.3254187344073,-3553.9030729992146,3514.8359005049942,-13400.040829431,-2536.98281984964,13940.278896791187,2905.4443444971366,4169.013396467687,11079.089158281948,4352.033814413711,282.0982222140164,16431.07119441933,-658.8416352186629,7710.185561739825,1690.2351916865414,6121.711940654959,-7368.476128633147,8912.20704020092,-3706.8360196573817,-4540.228511534497,4442.1213950177225,1379.0332729173235,-6382.080897758156,-10682.159409604088,-5823.061788866645,3190.287465495933,1347.9807814809021,3293.215012736977,490.8130353589364,4203.214288178758,-5879.7681067001495,-6466.500817934246,3793.14132904191,-443.311274592538,-5163.37720229444,2827.0910739271067,859.5074798959303,7372.345069091742,2911.923681982718,1187.4440038122207,870.5563140097486,-1937.3111105413518,5720.128743120307,4567.975287720051,-3863.6925968429587,-125.22508105348163,4142.567264619825,-9158.535107633503,6807.54561805781,3192.0716826608905,-5719.39967109231,5126.482516458733,-2370.1135994111933,4680.196985245238,230.92395109472147
80.83535685632621,204.26469125442938,415.04453615285684,-410.28013096399985,1564.5399745104705,296.65293110887967,-1627.4002982340319,-339.29597062178465,-487.31472515461127,-1293.847083511535,-508.4198471549578,-33.028662815380706,-1918.8084420650812,77.12759113485917,-900.3128290876869,-197.2137416143485,-714.7038766766964,860.6272416179718,-1040.1524298718382,432.33980368822637,530.580496880918,-518.4121841540922,-161.14511724601243,745.1467941961006,1247.363036007514,680.093400380252,-372.97133435127864,-157.36284557357945,-384.52777608619454,-57.13472453563639,-490.68840190355445,686.1592350637357,754.9243839256532,-443.311274592538,52.00502488049752,603.4188929747196,-329.90160910706993,-100.08832920288347,-860.6707817009118,-339.81748792696305,-138.13268951613153,-101.78166086096589,226.71725243799685,-667.9264046399766,-533.2782869534261,450.6662793440516,13.983244173067822,-484.0021972363091,1069.324914229311,-795.0434605337583,-372.64821209207383,668.1550400234523,-598.5740938648676,276.8386684811388,-546.1534323027515,-27.394873028919314
938.4434986222124,2378.544773033156,4837.736563712975,-4784.680762149159,18240.80509798687,3453.3897237857186,-18976.290610683074,-3955.0883465059565,-5675.069074935453,-15081.437421982713,-5924.230331972271,-383.940821587148,-22366.914575032464,896.8245073349918,-10495.636580306056,-2300.8449998785286,-8333.281956959085,10030.410965851343,-12131.919629410351,5045.916178041246,6180.376966387139,-6046.84967513181,-1877.1786898757036,8687.667669523238,14541.166178606787,7926.6738304728115,-4342.849759477925,-1834.9248346532622,-4482.891805488697,-668.0975494442968,-5721.700539388515,8003.832506126063,8802.523134129926,-5163.37720229444,603.4188929747196,7028.640163479184,-3848.362432642498,-1169.9719587904847,-10035.689696486841,-3963.921178724461,-1616.3696835468825,-1185.0518370488815,2637.1639103937787,-7786.4462846554625,-6218.178215905021,5259.4415566818125,170.40428557152683,-5639.0847915135755,12467.066877985968,-9266.825085156805,-4345.2549204632805,7785.55762012839,-6978.538038295425,3226.3403779276987,-6370.972437707258,-314.3409503650404
-513.1892048187583,-1302.1095683125338,-2649.658824696887,2620.880284476297,-9991.651148548934,-1890.5988569826177,10394.919700326493,2166.1212971823666,3106.9490326704968,8260.078730089,3244.120299617491,210.2248561327455,12250.357673172968,-490.66380878594475,5748.407028858124,1260.7171401322196,4564.540720704596,-5493.157431261286,6646.188155082474,-2765.3370997980896,-3383.9904132168385,3312.8545054785272,1027.9271561110936,-4758.616505057946,-7964.466165081138,-4341.230542893576,2377.2104333024454,1005.2214904131143,2455.5248021918355,366.5311308093561,3134.16877243086,-4385.154125878947,-4821.944764001241,2827.0910739271067,-329.90160910706993,-3848.362432642498,2108.5725382242204,641.7579144287758,5497.236644828059,2171.5956526288624,886.9891226882545,648.6720450993282,-1442.9924552856496,4265.138023086539,3406.198649336122,-2882.2820863965794,-95.41623724733107,3087.853418566672,-6828.969351542019,5075.21577019611,2380.1435609545924,-4263.451563203233,3822.1922971182044,-1766.8597503766302,3490.558582175859,170.9007544266728
