V1,V2,V3,V4,V5,V6,V7,V8,V9,V10,V11,V12,V13,V14,V15,V16,V17,V18,V19,V20,V21,V22,V23,V24,V25,V26,V27,V28,V29,V30,V31,V32,V33,V34,V35,V36,V37,V38,V39,V40,V41,V42,V43,V44,V45,V46,V47,V48,V49,V50,V51,V52,V53,V54,V55,V56
12266.859722667668,8115.223064446056,16832.529058871427,12499.798827539638,5396.152141526703,28535.539100500268,-6301.13397036134,28322.630765819787,-22059.90956506371,9801.536435599586,-28308.303846535466,5031.549588143324,-2015.8343257252714,-16901.29867670909,-20897.782238680353,-12430.790956479272,-7569.242122928071,-19304.310153879986,-11519.976992656224,1293.01525498326,-2100.21720588377,-4658.960398263917,-14137.36042195407,13855.632869357276,6643.841941136334,-11762.11845900447,818.9499672816972,-1127.7756076397873,2149.8118518900937,10622.906437665399,20497.421295644413,-2023.3831251036424,18010.471776151295,-16999.20905237223,-8456.55955628566,-553.0043866022362,-8884.686011043477,-852.3843569339488,-7386.47513134699,25951.410702651152,-13353.353932470352,26126.10354104954,15149.661977492324,7621.389872411497,28077.108213705113,961.5154431369657,-19989.1582638744,-7037.226214578753,-19823.434187725,-27622.312533137276,-2854.9751901261093,655.558237569526,10579.650229037496,30457.767585865844,1913.2522357021965,4397.124744804085
8115.223064446056,5368.853856071195,11135.300758923191,8269.311380941364,3570.019034104108,18878.14530322185,-4167.5728000557165,18736.7303246577,-14593.693516607096,6484.1937121392775,-18727.129039480704,3328.8966589762754,-1333.9450657872062,-11181.19524717891,-13825.302897270712,-8222.940712374866,-5007.885314492182,-12770.719119511712,-7621.323859636587,855.2200481324554,-1389.374805800266,-3082.035243913989,-9352.200276782101,9166.13225998136,4395.077493576569,-7781.136825297689,541.8568479611275,-745.6338979548531,1421.970289872496,7027.088223144318,13559.843044666404,-1338.8937903677863,11914.376247005624,-11245.559704818199,-5594.406955086379,-365.7944460529701,-5877.840765784496,-564.1598048863852,-4886.921774546986,17168.292074108762,-8833.586820587389,17283.5172656565,10022.5388917217,5041.892957939155,18574.0599524739,636.1799360410241,-13223.458650180679,-4654.7961404629905,-13114.094004449244,-18273.08047509471,-1888.4776340006583,434.1460091649463,6998.933694254179,20149.767602804295,1265.5203830611715,2908.2606915056544
16832.529058871427,11135.300758923191,23098.315727139452,17152.197101693935,7404.236542592068,39155.762295983055,-8648.496110175683,38864.81781437189,-30270.908969608467,13449.791585223393,-38845.42356665769,6903.753136417243,-2765.355491442604,-23191.825292525824,-28675.338910979463,-17059.042837232104,-10385.617744173827,-26489.66504678706,-15807.2191771184,1774.6608704974542,-2881.990161242006,-6393.285445970107,-19400.217962683935,19012.9672338721,9117.079717080886,-16140.292932304263,1123.5989601087167,-1548.5002086658424,2950.5019013406163,14577.91735566362,28127.24590280444,-2775.8110260215813,24715.11248428194,-23327.05283011939,-11604.238485323174,-758.9360198220573,-12191.274925051008,-1169.0824816252111,-10134.938444603386,35610.48882855289,-18324.298684344634,35850.9374498841,20787.91518681605,10458.225903258171,38528.43461440051,1319.2095867307553,-27430.109008812695,-9658.008422922197,-27202.12235439343,-37904.59420701922,-3918.120281962093,898.5752908968941,14517.572660681699,41793.5233636005,2625.7940466757454,6035.1849425884775
12499.798827539638,8269.311380941364,17152.197101693935,12737.162431255467,5498.608442715465,29077.387284270622,-6420.867851379758,28860.481684128783,-22478.826987791344,9987.667099104843,-28845.89264650367,5127.075624894666,-2054.084739082095,-17222.24025198078,-21294.597429036567,-12666.902310777117,-7712.944122667204,-19670.899783429548,-11738.716605249996,1317.5835363424253,-2140.1019218810884,-4747.441418989072,-14405.856686899495,14118.754152276844,6770.020092134754,-11985.48673021436,834.4951706236336,-1149.2280177043551,2190.6557048567124,10824.673908413502,20886.682425248888,-2061.7805411977165,18352.524364421883,-17322.04300014708,-8617.150711965262,-563.5095365983099,-9053.390474255157,-868.5495494588737,-7526.710805099334,26444.212836927105,-13606.958283629398,26622.25087028101,15437.328980573777,7766.121915356869,28610.3165145299,979.7672237626675,-20368.77912808297,-7170.917206998805,-20199.886094265654,-28146.893183821536,-2909.209442463118,667.9697979543523,10780.55885758862,31036.12083540086,1949.6001127401712,4480.678695988629
5396.152141526703,3570.019034104108,7404.236542592068,5498.608442715465,2373.894554448793,12552.936918777874,-2770.9503492001404,12458.764656382116,-9703.912496076084,4311.59294973875,-12452.349815670674,2213.5826770455988,-887.0841822217584,-7434.85255642308,-9193.081842091027,-5467.596985762909,-3330.0525399664075,-8491.743035515652,-5067.788800920059,568.6264588386099,-923.8441684538601,-2049.342020820888,-6218.5550955122335,6094.907541473892,2922.421695760456,-5173.961780201092,360.32189141420713,-495.69101890569925,945.4653096173589,4672.465480827704,9016.41846695461,-890.3635942818291,7922.226932153517,-7477.550053455193,-3719.934351665463,-243.21985346265154,-3908.451824510863,-375.1976605331301,-3249.6057620308543,11415.908103322883,-5873.719911822494,11492.441098377043,6664.450599055572,3352.544183754352,12350.538080702858,423.04323652299314,-8792.707823610503,-3094.9890908120447,-8720.053783004481,-12150.377873135827,-1255.6660394110681,288.7949596425058,4653.8586024080105,13398.481792985087,841.4469884012422,1933.654639156833
28535.539100500268,18878.14530322185,39155.762295983055,29077.387284270622,12552.936918777874,66380.64711910966,-14656.3651282872,65884.50105116909,-51316.13744300686,22800.508614624487,-65850.98252608189,11704.915641080235,-4689.8458219465765,-39316.354181560964,-48613.41513582022,-28915.74845542727,-17608.421937760035,-44905.995662891546,-26798.436573030955,3007.5683640907123,-4885.5298633255525,-10837.611290736928,-32886.0349079443,32231.152374992394,15454.795216410388,-27361.1296890488,1905.182108943095,-2622.7640258711763,5000.567249918984,24710.449071792827,47681.15812430417,-4707.336058291597,41895.61824192876,-39543.48398762965,-19671.769925378612,-1286.339163389418,-20668.00596806905,-1983.2432078487966,-17183.18223582828,60368.89654025618,-31062.33454150097,60774.7403674598,35241.87693720884,17728.970187536448,65312.982660504575,2236.834517677813,-46498.60535650248,-16369.082095004147,-46113.51250334937,-64254.85865844709,-6640.942225588002,1525.6862646013046,24610.539493385735,70852.1297896349,4450.348834246814,10227.662295621178
-6301.13397036134,-4167.5728000557165,-8648.496110175683,-6420.867851379758,-2770.9503492001404,-14656.3651282872,3242.299169033751,-14550.199728610543,11332.60621889514,-5035.212843634519,14543.542093466887,-2583.194273366944,1033.4540095734792,8681.553646049995,10733.258475490102,6389.495640025226,3885.818764132749,9917.07289241731,5916.31345827485,-665.2216754429543,1079.0374856521341,2393.9192286708762,7264.596319285685,-7118.11768078586,-3413.8902378660127,6042.8363036202245,-420.24582337269385,581.8804359640753,-1105.727201980665,-5459.897655786529,-10530.99798687981,1037.5887781287634,-9254.708565568146,8734.166931708603,4344.384480016523,284.34294938515046,4563.143595196781,436.3737741094936,3792.235533259472,-13330.70956084844,6861.58508319912,-13422.394686102914,-7780.934172438857,-3915.39129577059,-14425.463846336854,-493.43242097751215,10270.710741578763,3618.951350212277,10184.043993933403,14192.452666489076,1467.9397855927061,-334.1480239206433,-5435.058076337571,-15643.991358227939,-983.9433254439549,-2262.5729369869773
28322.630765819787,18736.7303246577,38864.81781437189,28860.481684128783,12458.764656382116,65884.50105116909,-14550.199728610543,65393.88270240613,-50933.865913147645,22630.64393805871,-65361.014254271555,11616.802279679036,-4653.700160320362,-39022.917739861,-48249.94151974394,-28702.374135883496,-17475.73933141623,-44571.516401012814,-26597.822238957793,2985.7201509760366,-4849.20131260526,-10757.175049526271,-32642.172969316576,31991.17046989957,15340.13432781483,-27157.53903427052,1890.7244879799343,-2604.6641017562592,4964.0734971014135,24527.91502310888,47326.576946112786,-4671.2065639957045,41584.880089343715,-39249.676503146366,-19525.276402187355,-1276.9014988013837,-20513.419093219258,-1967.6062672349628,-17053.84311335703,59918.59604696782,-30831.914056499227,60322.52504156282,34978.35344313563,17596.97786096509,64827.41686352905,2219.876612187258,-46153.29970786607,-16249.306478548611,-45770.20188403343,-63777.53239999753,-6592.203768115815,1512.822965493298,24427.255643598728,70322.7538102157,4417.806189323464,10153.575200444508
-22059.90956506371,-14593.693516607096,-30270.908969608467,-22478.826987791344,-9703.912496076084,-51316.13744300686,11332.60621889514,-50933.865913147645,39671.28557308905,-17626.519879850413,50908.23520529635,-9048.145897849807,3624.7583355116717,30394.148109609494,37580.936728487,22355.503420594443,13611.590087927758,34715.786221845105,20716.542838170157,-2325.470380851448,3776.9330387521436,8378.5082310645,25424.196878592094,-24917.221095023815,-11948.063078088666,21152.40170443781,-1472.6646015838994,2028.6071152958264,-3866.351741737713,-19104.144629634055,-36861.59959937122,3638.3826047357484,-32389.459669032516,30570.66505818122,15207.811520343055,994.539996482987,15977.505588078997,1532.5915311034335,13282.970799890372,-46669.34258666139,24014.236512611373,-46983.86959298425,-27243.958050031466,-13705.899211283015,-50492.59759836986,-1729.0363108088206,35947.72396952406,12656.068341602471,35649.40385170831,49674.83823003446,5134.46914498607,-1178.4190655267766,-19025.857018690847,-54772.99047774757,-3440.887268661995,-7908.239927325831
9801.536435599586,6484.1937121392775,13449.791585223393,9987.667099104843,4311.59294973875,22800.508614624487,-5035.212843634519,22630.64393805871,-17626.519879850413,7831.715158084306,-22619.252367269582,4020.2287172887723,-1610.5425373888538,-13504.559786954924,-16697.759617366308,-9932.852396598348,-6047.837430015742,-15424.720249967106,-9204.66501015747,1033.2349187323812,-1678.1448296963147,-3722.6885188771207,-11296.324758660006,11071.076863223916,5308.6913346925485,-9398.312752675745,654.3282691829738,-901.3266423078061,1717.8688077457452,8488.231398288739,16378.130857713206,-1616.5947204999527,14391.088605422621,-13582.977282088837,-6757.047865515506,-441.88709358602455,-7099.039809565709,-680.9598673055473,-5901.8256439267425,20735.861916392267,-10669.86045032704,20875.60110157032,12104.889094263219,6089.726480515998,22434.575187721322,768.2381466138003,-15972.078777336057,-5623.2534200747095,-15839.538493212282,-22071.22988824859,-2281.311737089878,523.6015075224925,8453.46011477191,24336.437194442555,1528.830142818661,3513.7258477103287
-28308.303846535466,-18727.129039480704,-38845.42356665769,-28845.89264650367,-12452.349815670674,-65850.98252608189,14543.542093466887,-65361.014254271555,50908.23520529635,-22619.252367269582,65328.25124129261,-11610.754264417003,4651.091916346835,39003.158363109214,48225.36752029247,28688.37746939928,17466.61236074214,44549.09651088054,26584.221196788756,-2984.33999767168,4846.775752281038,10751.827361140704,32625.99308415182,-31975.098235480713,-15332.518035981459,27143.924200123405,-1889.7147148603879,2603.6702812047492,-4961.742229208741,-24515.911923539847,-47302.89607174308,4668.621908026249,-41564.252824465526,39230.09393371985,19515.46179223652,1276.29100223619,20502.959133616834,1966.4258309366135,17044.966948306603,-59888.31413118653,30816.61381915629,-60292.28355150488,-34960.532827473275,-17588.139556909413,-64795.00903950853,-2218.694628567736,46130.31219494694,16241.605871227226,45747.21470519595,63745.731815777195,6589.047890221847,-1511.7317641135296,-24414.974346082232,-70287.01969635457,-4415.717461989729,-10148.928806879443
5031.549588143324,3328.8966589762754,6903.753136417243,5127.075624894666,2213.5826770455988,11704.915641080235,-2583.194273366944,11616.802279679036,-9048.145897849807,4020.2287172887723,-11610.754264417003,2064.1472960005726,-827.3386007292551,-6932.515951707151,-8572.058332819975,-5097.772317626515,-3105.26744635124,-7917.885061098522,-4725.4838556005825,530.1074584377964,-861.402149047874,-1910.8030831103868,-5798.134321705202,5683.008824335785,2724.853809999325,-4824.279537763554,336.0163947297011,-461.9539849920214,881.4469942522128,4356.454853729886,8407.009092754724,-830.3720095276111,7386.636352147201,-6972.10809226509,-3468.5422806943243,-226.75955358788667,-3644.432116616996,-349.98644607841726,-3030.227801780626,10644.547599002884,-5476.62621893321,10715.72410195516,6214.249010615362,3125.97467420565,11515.75698536978,394.5041296010725,-8198.338618106764,-2885.4770828932724,-8130.739843589954,-11329.063629896154,-1170.6892807456265,269.52834591156716,4339.354177988576,12493.307395458454,784.4825643048125,1802.6329260175398
-2015.8343257252714,-1333.9450657872062,-2765.355491442604,-2054.084739082095,-887.0841822217584,-4689.8458219465765,1033.4540095734792,-4653.700160320362,3624.7583355116717,-1610.5425373888538,4651.091916346835,-827.3386007292551,331.997485451643,2777.4771758163715,3434.651280094559,2041.2696244338613,1244.6932972401794,3171.9479836494725,1893.520672977053,-212.10814547473746,345.05413552687565,765.3454523049566,2322.261542486357,-2276.6029606899683,-1091.3817832733903,1932.5370487061691,-134.7334100920262,184.39754676874662,-352.76454523652257,-1744.5168967685695,-3367.6309764869407,333.14493207679715,-2958.517309293802,2792.727421384944,1389.50291750611,90.77468652424805,1460.276495006703,140.6064122532777,1214.5506579712026,-4264.562876515527,2193.529262426617,-4292.564456132122,-2489.936782377131,-1252.254539150681,-4612.852866513833,-158.1777964322236,3283.820282190933,1154.9447271584304,3257.143596961082,4537.896808834025,468.6487602783658,-108.66769416090224,-1738.3568810915256,-5005.644814977278,-313.9880353075689,-721.1769941288424
-16901.29867670909,-11181.19524717891,-23191.825292525824,-17222.24025198078,-7434.85255642308,-39316.354181560964,8681.553646049995,-39022.917739861,30394.148109609494,-13504.559786954924,39003.158363109214,-6932.515951707151,2777.4771758163715,23286.640555645678,28793.035421645272,17127.04536565245,10428.978678553553,26597.48066191112,15872.275750442344,-1781.4889418006783,2893.6765163113564,6419.101877957319,19478.402572498613,-19090.287999862834,-9153.86363461658,16205.837837499968,-1128.3626758425178,1553.7779115517617,-2961.9735089548676,-14636.165930094334,-28241.32088871354,2787.870658059714,-24814.764316010955,23421.475704134136,11651.447210470662,761.9224059726876,12241.353377054507,1174.4582726089573,10177.153471422202,-35755.88879317368,18398.205539619303,-35996.52530013637,-20873.257070482963,-10500.748721619115,-38684.597240311,-1324.7908875666144,27541.012822355766,9695.7840002265,27312.721657248185,38057.96193295916,3933.549004605962,-903.3028768593165,-14576.641981276593,-41964.79710019344,-2636.0490199644905,-6058.254722189162
-20897.782238680353,-13825.302897270712,-28675.338910979463,-21294.597429036567,-9193.081842091027,-48613.41513582022,10733.258475490102,-48249.94151974394,37580.936728487,-16697.759617366308,48225.36752029247,-8572.058332819975,3434.651280094559,28793.035421645272,35601.71242002696,21176.06375370646,12895.481260711296,32886.521216405046,19625.674265013953,-2202.5290122955425,3577.8718766641155,7936.812212802442,24083.73160242215,-23604.20213407744,-11318.155995157924,20037.674845661804,-1395.262079404612,1920.6607817566119,-3662.0711399841925,-18096.381782245273,-34918.848609269095,3447.4501715372576,-30681.80698585456,28959.28175592186,14406.450161625651,942.0297517411328,15136.081021476524,1452.4701455336876,12584.048474909854,-44210.688480519384,22748.170184192357,-44507.8288080505,-25809.15678650645,-12983.655170451428,-47831.34079581583,-1638.1469096501928,34052.78442180624,11987.610155517299,33770.824618520724,47056.4084060629,4863.387604605104,-1117.4256856806894,-18023.316027402092,-51888.062116785404,-3259.1335380791948,-7489.997872185856
-12430.790956479272,-8222.940712374866,-17059.042837232104,-12666.902310777117,-5467.596985762909,-28915.74845542727,6389.495640025226,-28702.374135883496,22355.503420594443,-9932.852396598348,28688.37746939928,-5097.772317626515,2041.2696244338613,17127.04536565245,21176.06375370646,12600.002601199702,7668.697267556624,19563.033531062993,11673.058280540876,-1311.0658198248702,2128.4446865484247,4721.775488630384,14328.251542144979,-14041.44783874892,-6733.475684030639,11920.028283867823,-829.5779437572429,1144.7613296087293,-2179.6051713502798,-10767.259278933268,-20772.876005776874,2049.110524110442,-18253.57284069014,17227.98906122488,8569.937022192067,560.6031317884041,9002.924361752215,862.6810943089151,7483.710140729401,-26298.378082555,13533.552394140646,-26476.855913052048,-15351.36519437795,-7723.6134667356155,-28454.598130452167,-974.015022340974,20258.41026447777,7134.3411995735305,20089.327021526307,27994.1740324066,2894.1849748731806,-662.3904012203225,-10721.47659810822,-30863.838049372775,-1939.6834420466544,-4458.784038484867
-7569.242122928071,-5007.885314492182,-10385.617744173827,-7712.944122667204,-3330.0525399664075,-17608.421937760035,3885.818764132749,-17475.73933141623,13611.590087927758,-6047.837430015742,17466.61236074214,-3105.26744635124,1244.6932972401794,10428.978678553553,12895.481260711296,7668.697267556624,4671.519823412248,11911.277745080324,7108.857213743623,-797.4286913655004,1295.8467131850825,2874.498103320204,8722.352037793344,-8549.233338529042,-4099.104303787514,7257.394749592545,-505.5053760822825,694.8394934313965,-1325.9525130026811,-6553.529679323851,-12647.052014957137,1249.2461990803408,-11112.00023656967,10488.445942854822,5217.902604377722,341.1157188618007,5482.550185986782,526.5635958561409,4558.621538950503,-16013.1806342654,8238.700855400459,-16120.177095703586,-9348.483758333252,-4702.558739533397,-17323.675357489836,-593.4935911285397,12333.105271787399,4340.6186148167935,12231.474644139915,17042.797623250033,1761.0761867370766,-405.57104869798803,-6527.909596586671,-18794.43434380982,-1180.0942785529155,-2711.6448031985287
-19304.310153879986,-12770.719119511712,-26489.66504678706,-19670.899783429548,-8491.743035515652,-44905.995662891546,9917.07289241731,-44571.516401012814,34715.786221845105,-15424.720249967106,44549.09651088054,-7917.885061098522,3171.9479836494725,26597.48066191112,32886.521216405046,19563.033531062993,11911.277745080324,30379.299126510967,18128.734257431854,-2034.9990332707698,3305.1427133675174,7331.9218837687895,22248.38368197914,-21804.713778790057,-10455.593180503196,18510.175661337267,-1288.7022082705118,1775.2380954513105,-3383.40728768171,-16717.80406002158,-32257.083122278233,3183.873721967863,-28343.592964863794,26751.97791835443,13308.143934090029,870.3113205794162,13981.677273465579,1341.129888557641,11623.711520666157,-40839.67463696134,21014.543969310642,-41114.93767620914,-23840.78363110797,-11993.8420777294,-44185.38669315053,-1513.0488221111584,31457.373922280232,11075.196783021287,31196.298483618393,43469.78502927758,4493.118543765604,-1031.1842751540328,-16649.26206730005,-47931.04117852488,-3011.0860023159457,-6920.437322522619
-11519.976992656224,-7621.323859636587,-15807.2191771184,-11738.716605249996,-5067.788800920059,-26798.436573030955,5916.31345827485,-26597.822238957793,20716.542838170157,-9204.66501015747,26584.221196788756,-4725.4838556005825,1893.520672977053,15872.275750442344,19625.674265013953,11673.058280540876,7108.857213743623,18128.734257431854,10818.813544917799,-1214.0715512677443,1972.2978273984313,4375.138216956464,13276.03808407784,-13011.832568806773,-6239.085426643191,11045.764139199851,-769.1761796139192,1058.5713338793767,-2018.6187864713106,-9975.445505681844,-19248.979935186006,1900.556135983487,-16913.20363614917,15963.739670520623,7941.568781637926,519.2754740387596,8343.870186766782,800.7935535293506,6937.155614265109,-24371.282957465013,12539.82750677257,-24534.93135324537,-14227.468241872963,-7157.2472776313325,-26366.959811438723,-903.0708198164241,18771.49741224867,6607.89241316139,18616.185478804895,25939.72864879689,2680.849488811641,-616.1861117060987,-9935.371006253032,-28603.579314937968,-1796.51892146663,-4128.585739706572
1293.01525498326,855.2200481324554,1774.6608704974542,1317.5835363424253,568.6264588386099,3007.5683640907123,-665.2216754429543,2985.7201509760366,-2325.470380851448,1033.2349187323812,-2984.33999767168,530.1074584377964,-212.10814547473746,-1781.4889418006783,-2202.5290122955425,-1311.0658198248702,-797.4286913655004,-2034.9990332707698,-1214.0715512677443,136.48557988826246,-221.4180356962371,-491.2261230339689,-1490.6692889908509,1460.6459570568131,700.5200498647833,-1239.9924171586545,86.24425823428967,-119.35337908031173,226.87111504760492,1120.3274123350577,2160.958018279046,-212.95152656545383,1899.0355260288497,-1792.2398740421415,-891.4734847765438,-58.34262922308932,-936.3863636386399,-89.574392617699,-778.21927533221,2735.504855972502,-1407.9755061750448,2754.2808404283314,1596.695299727888,803.4424705359768,2960.096653176205,101.26330714315307,-2107.530514324398,-742.5407571888896,-2089.776390399779,-2912.2699961677185,-301.1985594300182,68.61924964857411,1115.2815805865705,3210.2281506705344,201.88587357296618,464.21159939075943
-2100.21720588377,-1389.374805800266,-2881.990161242006,-2140.1019218810884,-923.8441684538601,-4885.5298633255525,1079.0374856521341,-4849.20131260526,3776.9330387521436,-1678.1448296963147,4846.775752281038,-861.402149047874,345.05413552687565,2893.6765163113564,3577.8718766641155,2128.4446865484247,1295.8467131850825,3305.1427133675174,1972.2978273984313,-221.4180356962371,359.58802612319903,797.6925730119647,2420.569048881553,-2372.2660929107005,-1137.5407506492636,2013.8378993088295,-140.1965597990348,193.18681936756323,-368.1260287892996,-1818.8792537589663,-3509.4568537400087,346.3565596612608,-3083.710485220028,2910.5294974017124,1447.8723350225077,94.69115616280068,1521.1273837901201,145.88032813842005,1264.5665466902547,-4443.166856140857,2286.327702305188,-4473.151404737512,-2593.744672547609,-1304.8826295656213,-4807.218812065178,-164.60353113891128,3422.4675378496936,1205.0078591963904,3394.03429158377,4729.376384496425,488.85720844589633,-112.13828763092447,-1811.372091260748,-5214.6449679885045,-327.614114348538,-752.9853277130784
-4658.960398263917,-3082.035243913989,-6393.285445970107,-4747.441418989072,-2049.342020820888,-10837.611290736928,2393.9192286708762,-10757.175049526271,8378.5082310645,-3722.6885188771207,10751.827361140704,-1910.8030831103868,765.3454523049566,6419.101877957319,7936.812212802442,4721.775488630384,2874.498103320204,7331.9218837687895,4375.138216956464,-491.2261230339689,797.6925730119647,1769.5751896828588,5369.729613118736,-5262.4942583440425,-2523.4869337870973,4467.389230720859,-310.980998356216,428.67306168015057,-816.6904808871303,-4035.014658225757,-7785.207162925605,768.246800915891,-6840.820351361763,6456.59750412864,3211.8719099257146,210.0688121329178,3374.320310256715,323.53985234643454,2805.1229024769655,-9856.38950409033,5071.924967903308,-9922.997863022265,-5753.715448162682,-2894.675179062417,-10664.109763988043,-365.12141637599177,7592.274317530045,2673.293144104766,7529.127046599964,10491.458709709517,1084.5106864710815,-248.6356728531246,-4018.2366879913247,-11567.705844015365,-726.8090447720323,-1670.5499136346775
-14137.36042195407,-9352.200276782101,-19400.217962683935,-14405.856686899495,-6218.5550955122335,-32886.0349079443,7264.596319285685,-32642.172969316576,25424.196878592094,-11296.324758660006,32625.99308415182,-5798.134321705202,2322.261542486357,19478.402572498613,24083.73160242215,14328.251542144979,8722.352037793344,22248.38368197914,13276.03808407784,-1490.6692889908509,2420.569048881553,5369.729613118736,16294.329901857403,-15968.810328121088,-7657.460283937045,13556.114145143103,-943.6258931000278,1300.9597476177412,-2478.2997522113997,-12244.249547008645,-23623.92508747284,2331.082940408547,-20758.315382107907,19592.338562866044,9746.282887245052,637.4612887123426,10239.145097722569,981.6640961515138,8511.857174640014,-29908.68886888318,15390.63817775449,-30110.940951190154,-17459.265777766057,-8783.767553703216,-32359.86515336114,-1107.9089723120949,23038.53468847851,8112.242338729667,22846.813215170372,31836.005931585973,3290.9847768899367,-754.2951780089951,-12193.159652981365,-35101.48256705318,-2205.541044937663,-5069.4569204166355
13855.632869357276,9166.13225998136,19012.9672338721,14118.754152276844,6094.907541473892,32231.152374992394,-7118.11768078586,31991.17046989957,-24917.221095023815,11071.076863223916,-31975.098235480713,5683.008824335785,-2276.6029606899683,-19090.287999862834,-23604.20213407744,-14041.44783874892,-8549.233338529042,-21804.713778790057,-13011.832568806773,1460.6459570568131,-2372.2660929107005,-5262.4942583440425,-15968.810328121088,15650.317528796799,7504.5146062514295,-13285.671591553735,924.9516526775412,-1274.2461763747488,2428.4745199882886,11999.26324462726,23152.519568635817,-2285.169840801201,20343.652519914587,-19201.243312787232,-9551.9094468047,-624.6721878405643,-10035.304244458015,-962.5521676891655,-8342.841649789358,29312.606719168387,-15083.215955507605,29510.231147309707,17111.649779884166,8608.572052176616,31714.065353293703,1085.9747548476812,-22578.55201429063,-7949.318066114953,-22391.12235198044,-31200.46052772652,-3224.9674146155767,740.0577144258687,11949.993681980237,34402.379680020254,2161.2339906417014,4967.240555801379
6643.841941136334,4395.077493576569,9117.079717080886,6770.020092134754,2922.421695760456,15454.795216410388,-3413.8902378660127,15340.13432781483,-11948.063078088666,5308.6913346925485,-15332.518035981459,2724.853809999325,-1091.3817832733903,-9153.86363461658,-11318.155995157924,-6733.475684030639,-4099.104303787514,-10455.593180503196,-6239.085426643191,700.5200498647833,-1137.5407506492636,-2523.4869337870973,-7657.460283937045,7504.5146062514295,3598.5971227170053,-6370.668121739634,443.4640298118099,-611.33836613839,1164.6491401375456,5754.117570823624,11102.00852900273,-1095.5227576185914,9755.295939555113,-9207.365650605312,-4580.249488256452,-299.56941117191025,-4811.8907062875,-461.35897762952044,-4000.1769227418154,14055.562264363934,-7232.776385466269,14150.574959551825,8204.987358544971,4127.915866869881,15207.438996799207,520.6695522679177,-10826.8904121797,-3812.267216803997,-10736.818985973596,-14961.240833745023,-1546.5700837315421,354.52754245628944,5730.155536472157,16495.939032820137,1036.4713327090935,2382.3167704720886
-11762.11845900447,-7781.136825297689,-16140.292932304263,-11985.48673021436,-5173.961780201092,-27361.1296890488,6042.8363036202245,-27157.53903427052,21152.40170443781,-9398.312752675745,27143.924200123405,-4824.279537763554,1932.5370487061691,16205.837837499968,20037.674845661804,11920.028283867823,7257.394749592545,18510.175661337267,11045.764139199851,-1239.9924171586545,2013.8378993088295,4467.389230720859,13556.114145143103,-13285.671591553735,-6370.668121739634,11278.315433233744,-785.1788211378177,1081.819866141494,-2061.603291202109,-10186.36866159714,-19654.378297655632,1939.820105058251,-17269.96522070665,16300.1235540645,8108.685662253675,530.299010533338,8518.994506071587,817.0550817057724,7082.199992327682,-24883.632584006184,12804.316708794062,-25051.47691014357,-14526.126614157985,-7307.8819668037895,-26922.359885493486,-921.8703030235223,19167.16686541032,6748.386720768132,19007.99369411432,26486.382947174632,2737.7498894128357,-628.1324056405106,-10144.436012843407,-29204.305403172642,-1834.7303849554048,-4216.876117963897
818.9499672816972,541.8568479611275,1123.5989601087167,834.4951706236336,360.32189141420713,1905.182108943095,-420.24582337269385,1890.7244879799343,-1472.6646015838994,654.3282691829738,-1889.7147148603879,336.0163947297011,-134.7334100920262,-1128.3626758425178,-1395.262079404612,-829.5779437572429,-505.5053760822825,-1288.7022082705118,-769.1761796139192,86.24425823428967,-140.1965597990348,-310.980998356216,-943.6258931000278,924.9516526775412,443.4640298118099,-785.1788211378177,54.706456407545694,-75.09567786215801,143.4150659753734,708.9529777042371,1368.275091494641,-135.21782460996036,1202.1532411151816,-1134.7227084833055,-564.5324288141184,-36.897907311297686,-593.2027307701857,-57.01817455635095,-493.28084412932355,1732.5305179414624,-891.3068113232417,1744.0446614711866,1011.4863910167537,508.7747301334229,1874.2279854478336,64.22772984896389,-1334.2825371670854,-469.49907716386053,-1323.3357593012975,-1843.819329514682,-190.49336624365873,43.96326703272353,706.2646379472981,2033.4946864256399,127.64265070080313,293.260640076309
-1127.7756076397873,-745.6338979548531,-1548.5002086658424,-1149.2280177043551,-495.69101890569925,-2622.7640258711763,581.8804359640753,-2604.6641017562592,2028.6071152958264,-901.3266423078061,2603.6702812047492,-461.9539849920214,184.39754676874662,1553.7779115517617,1920.6607817566119,1144.7613296087293,694.8394934313965,1775.2380954513105,1058.5713338793767,-119.35337908031173,193.18681936756323,428.67306168015057,1300.9597476177412,-1274.2461763747488,-611.33836613839,1081.819866141494,-75.09567786215801,104.87027295545417,-198.30590742625012,-978.1173335060703,-1885.4164122956727,185.21005882241516,-1657.320386323662,1563.8482195105905,777.6957729542928,50.970678269978315,816.5231647642152,77.68740317670294,678.174207321337,-2385.9879732697846,1228.7473036828628,-2402.9473200751017,-1392.3446176458222,-700.917328684152,-2582.728345473051,-88.18186171044479,1839.0536910316696,648.8829086362812,1823.1084243071264,2541.1943509001176,263.1319455728944,-59.07496757441937,-972.9332739938486,-2799.5947135547567,-176.4329879963038,-406.05265742117325
2149.8118518900937,1421.970289872496,2950.5019013406163,2190.6557048567124,945.4653096173589,5000.567249918984,-1105.727201980665,4964.0734971014135,-3866.351741737713,1717.8688077457452,-4961.742229208741,881.4469942522128,-352.76454523652257,-2961.9735089548676,-3662.0711399841925,-2179.6051713502798,-1325.9525130026811,-3383.40728768171,-2018.6187864713106,226.87111504760492,-368.1260287892996,-816.6904808871303,-2478.2997522113997,2428.4745199882886,1164.6491401375456,-2061.603291202109,143.4150659753734,-198.30590742625012,377.1286192198068,1862.5262614133587,3592.775319535364,-354.1533276899921,3157.23178055,-2979.7265383609038,-1482.1689010560226,-96.98781764285768,-1556.9033579493132,-149.00670229618234,-1293.9984913933567,4548.134022829763,-2340.8255712023315,4579.249002388042,2654.774137356056,1335.8048514449165,4921.398566504314,168.38861649467074,-3503.903352360818,-1234.3569763591988,-3474.4655603259234,-4841.848665242287,-500.7085823434462,114.22496183779415,1854.274594856536,5337.5043133586805,335.60153987945534,771.6096450783288
10622.906437665399,7027.088223144318,14577.91735566362,10824.673908413502,4672.465480827704,24710.449071792827,-5459.897655786529,24527.91502310888,-19104.144629634055,8488.231398288739,-24515.911923539847,4356.454853729886,-1744.5168967685695,-14636.165930094334,-18096.381782245273,-10767.259278933268,-6553.529679323851,-16717.80406002158,-9975.445505681844,1120.3274123350577,-1818.8792537589663,-4035.014658225757,-12244.249547008645,11999.26324462726,5754.117570823624,-10186.36866159714,708.9529777042371,-978.1173335060703,1862.5262614133587,9201.11920406213,17751.628349813276,-1751.202025287019,15598.65145347661,-14722.289572389458,-7323.530135683114,-479.0544394950993,-7693.614968195499,-737.3045077732738,-6395.428383051753,22473.63437264497,-11565.145675865002,22626.0380115952,13118.784844904148,6600.291891238608,24316.091665578522,832.3864149992988,-17311.936883392187,-6096.503282921902,-17167.536793337647,-23922.5935591036,-2473.1810296975095,566.2106340261363,9162.152234380472,26375.20237218662,1657.5140059448688,3810.0825098426867
20497.421295644413,13559.843044666404,28127.24590280444,20886.682425248888,9016.41846695461,47681.15812430417,-10530.99798687981,47326.576946112786,-36861.59959937122,16378.130857713206,-47302.89607174308,8407.009092754724,-3367.6309764869407,-28241.32088871354,-34918.848609269095,-20772.876005776874,-12647.052014957137,-32257.083122278233,-19248.979935186006,2160.958018279046,-3509.4568537400087,-7785.207162925605,-23623.92508747284,23152.519568635817,11102.00852900273,-19654.378297655632,1368.275091494641,-1885.4164122956727,3592.775319535364,17751.628349813276,34251.11329166512,-3380.339562052302,30095.959392404555,-28405.780558252605,-14130.7470488899,-924.1511740300582,-14845.702097633344,-1423.7566884604375,-12341.76607325951,43363.82582779876,-22313.77550493071,43656.44970446139,25314.092625872756,12735.21612958053,46916.82849996597,1606.4795047543669,-33402.11896655841,-11760.44058140521,-33124.63321351015,-46157.106386387124,-4771.070913243597,1094.4545765127702,17678.3827217491,50893.20916607985,3197.394307615316,7348.85261964578
-2023.3831251036424,-1338.8937903677863,-2775.8110260215813,-2061.7805411977165,-890.3635942818291,-4707.336058291597,1037.5887781287634,-4671.2065639957045,3638.3826047357484,-1616.5947204999527,4668.621908026249,-830.3720095276111,333.14493207679715,2787.870658059714,3447.4501715372576,2049.110524110442,1249.2461990803408,3183.873721967863,1900.556135983487,-212.95152656545383,346.3565596612608,768.246800915891,2331.082940408547,-2285.169840801201,-1095.5227576185914,1939.820105058251,-135.21782460996036,185.21005882241516,-354.1533276899921,-1751.202025287019,-3380.339562052302,334.3088810032311,-2969.750053453655,2803.2878893744855,1394.729644258579,91.12793267454657,1465.7134227111592,141.0632038369176,1219.0048106423199,-4280.54290578297,2201.8549328248605,-4308.741667949953,-2499.2130731866764,-1256.9676975280906,-4630.271846646672,-158.74785777077082,3296.252617251218,1159.465352976985,3269.4031226137727,4555.063763140567,470.47107907312557,-108.95177363918779,-1744.8948578704856,-5024.328705947505,-315.21884641858117,-724.0622038353139
18010.471776151295,11914.376247005624,24715.11248428194,18352.524364421883,7922.226932153517,41895.61824192876,-9254.708565568146,41584.880089343715,-32389.459669032516,14391.088605422621,-41564.252824465526,7386.636352147201,-2958.517309293802,-24814.764316010955,-30681.80698585456,-18253.57284069014,-11112.00023656967,-28343.592964863794,-16913.20363614917,1899.0355260288497,-3083.710485220028,-6840.820351361763,-20758.315382107907,20343.652519914587,9755.295939555113,-17269.96522070665,1202.1532411151816,-1657.320386323662,3157.23178055,15598.65145347661,30095.959392404555,-2969.750053453655,26445.254278542103,-24959.865889724268,-12416.391872077678,-812.0961162108496,-13044.304275934912,-1250.6344309262277,-10843.831327943773,38102.55362685454,-19607.051795905583,38360.17434611041,22242.476993341992,11190.182896443917,41225.20145528167,1411.4447254470742,-29350.1771591517,-10334.608641751869,-29105.963402788733,-40557.81160964269,-4192.562507745509,960.9984119324807,15533.619781022351,44718.01135640219,2809.7529920337965,6458.2180126938365
-16999.20905237223,-11245.559704818199,-23327.05283011939,-17322.04300014708,-7477.550053455193,-39543.48398762965,8734.166931708603,-39249.676503146366,30570.66505818122,-13582.977282088837,39230.09393371985,-6972.10809226509,2792.727421384944,23421.475704134136,28959.28175592186,17227.98906122488,10488.445942854822,26751.97791835443,15963.739670520623,-1792.2398740421415,2910.5294974017124,6456.59750412864,19592.338562866044,-19201.243312787232,-9207.365650605312,16300.1235540645,-1134.7227084833055,1563.8482195105905,-2979.7265383609038,-14722.289572389458,-28405.780558252605,2803.2878893744855,-24959.865889724268,23558.055301385244,11719.14926955594,766.4527120101314,12311.992231148284,1180.6508452325302,10235.286088110537,-35963.11390024906,18505.763524307782,-36205.954562589715,-20993.756630407366,-10561.788737683852,-38909.96996657961,-1332.2700779444797,27701.744809920794,9753.667636505392,27471.49195753597,38279.95544949073,3956.926408672223,-907.4586778745809,-14661.332584672224,-42207.366055747516,-2651.801782250253,-6094.968683571628
-8456.55955628566,-5594.406955086379,-11604.238485323174,-8617.150711965262,-3719.934351665463,-19671.769925378612,4344.384480016523,-19525.276402187355,15207.811520343055,-6757.047865515506,19515.46179223652,-3468.5422806943243,1389.50291750611,11651.447210470662,14406.450161625651,8569.937022192067,5217.902604377722,13308.143934090029,7941.568781637926,-891.4734847765438,1447.8723350225077,3211.8719099257146,9746.282887245052,-9551.9094468047,-4580.249488256452,8108.685662253675,-564.5324288141184,777.6957729542928,-1482.1689010560226,-7323.530135683114,-14130.7470488899,1394.729644258579,-12416.391872077678,11719.14926955594,5829.848479811518,381.2563894380539,6124.889424697735,587.4892018035968,5091.932471741014,-17890.470050310214,9205.777106614372,-18011.071904816064,-10443.824202538397,-5254.097725186988,-19356.139372418096,-662.8105899951482,13780.429319341756,4851.70511074681,13666.046421293158,19042.66448849168,1968.2954730918261,-451.7019519517862,-7293.479310319419,-20996.941397015613,-1319.065103276634,-3031.6445546229324
-553.0043866022362,-365.7944460529701,-758.9360198220573,-563.5095365983099,-243.21985346265154,-1286.339163389418,284.34294938515046,-1276.9014988013837,994.539996482987,-441.88709358602455,1276.29100223619,-226.75955358788667,90.77468652424805,761.9224059726876,942.0297517411328,560.6031317884041,341.1157188618007,870.3113205794162,519.2754740387596,-58.34262922308932,94.69115616280068,210.0688121329178,637.4612887123426,-624.6721878405643,-299.56941117191025,530.299010533338,-36.897907311297686,50.970678269978315,-96.98781764285768,-479.0544394950993,-924.1511740300582,91.12793267454657,-812.0961162108496,766.4527120101314,381.2563894380539,24.944204531088555,400.4987462723702,38.35259123682362,332.8913209587137,-1169.9309213341135,602.1029162890426,-1177.9040487080906,-682.9137654956576,-343.6063559709134,-1265.9025082263586,-43.32264984341637,901.2779260558758,317.453633352932,893.7296550857521,1245.4301672814286,128.77697333615677,-29.42319419699612,-476.9729712740066,-1373.0072127261117,-86.30992477486387,-198.42305910818084
-8884.686011043477,-5877.840765784496,-12191.274925051008,-9053.390474255157,-3908.451824510863,-20668.00596806905,4563.143595196781,-20513.419093219258,15977.505588078997,-7099.039809565709,20502.959133616834,-3644.432116616996,1460.276495006703,12241.353377054507,15136.081021476524,9002.924361752215,5482.550185986782,13981.677273465579,8343.870186766782,-936.3863636386399,1521.1273837901201,3374.320310256715,10239.145097722569,-10035.304244458015,-4811.8907062875,8518.994506071587,-593.2027307701857,816.5231647642152,-1556.9033579493132,-7693.614968195499,-14845.702097633344,1465.7134227111592,-13044.304275934912,12311.992231148284,6124.889424697735,400.4987462723702,6435.112090280949,617.5430996784253,5350.139382693687,-18796.157510074685,9671.336630012298,-18922.452394495962,-10972.773238115622,-5519.988388292026,-20335.426845840542,-696.4659394175923,14477.481236288704,5096.456437942057,14357.633130933295,20005.953952807784,2067.642866927369,-475.1187392224475,-7662.597084509057,-22060.21708661208,-1385.5992920241135,-3184.301997230145
