V1,V2,V3,V4,V5,V6,V7,V8,V9,V10,V11,V12,V13,V14,V15,V16,V17,V18,V19,V20,V21,V22,V23,V24,V25,V26,V27,V28,V29,V30,V31,V32,V33,V34,V35,V36,V37,V38,V39,V40,V41,V42,V43,V44,V45,V46,V47,V48,V49,V50,V51,V52,V53,V54,V55,V56
0.3148296347269532,0.4894843519798328,-0.5644745992175719,0.19756053891971742,0.2065400598854462,1.0887573137537403,2.236880868896624,-0.31595808357175825,0.43204703197667915,-0.07698003417627743,0.6425843802093859,0.6557113013867512,-0.8037523099040816,-0.28020207729827157,-0.9967070671350339,1.4220892204443396,-1.0472942550495485,0.10598892915225812,-0.8292391216916267,-0.44370473834045276,0.21886086540560207,0.5132336669816533,0.7492444838223088,-0.26625933297175847,-0.6235465450106586,0.19185591497676402,0.17235992563294253,0.9298274061171048,-0.42960734279703466,-1.2799793650346702,-0.3993941653034543,-0.5954639278073267,-0.8456189372882089,0.5221647944782399,0.10415017429073616,0.2680439129219552,-0.3929707685614656,-0.7564356762499095,-0.8610676109204922,0.15702674625308172,0.5520281217173166,-0.3262518728216819,0.9257018657888134,-0.31649760747870825,-0.912898091996903,0.293792256159727,0.6482183616891204,1.3370702085696178,0.29308721621319217,0.9085079657256582,0.4091366297980372,1.158955696336308,-0.029161251194333646,1.056493412639755,-0.40628630880292066,-1.3077955039751405
0.4894843519798328,1.3838578802361006,-1.462128907729159,0.46436559459298765,1.1995748760148133,2.831344819682518,5.540796735998188,-0.5487749504157124,0.167334633153627,-0.05125265415284573,1.228218443628206,1.624409585161921,-2.204782680044061,-0.884368156699158,-2.2460807886339795,3.8051375180888094,-2.6810156262433353,0.24103925448397318,-1.6981208597618687,-0.9732196515130788,0.15656544171053277,0.5781300712233085,2.115563170696603,-0.33200100470767707,-0.8897679219704402,0.5125223691009045,0.4797556021615715,2.641073810559854,-1.401411087802336,-2.877646999539186,-1.2787539412522417,-1.8953324296259288,-2.5667006684569387,1.5417064012732322,0.12421153484787804,0.2774883828355955,-1.047422206590584,-1.5713827802379914,-2.3861655502382995,0.8914191338406637,1.8839561483190352,-1.1632686862629826,1.6799071636645326,-0.18843297355151165,-2.0245412022266533,0.5149408753025478,2.1330210816098116,4.010121507279291,0.5118803798348288,2.6483228730068586,1.3514356142765243,2.7112507386232694,-0.16308162184324848,2.652938538538289,-1.1217790414303404,-3.8406762527356353
-0.5644745992175719,-1.462128907729159,1.6298303611385587,-0.4283758330986334,-1.319254303558106,-2.917887373181708,-5.904845947660869,0.49288328561328104,0.05056068487776719,-0.0015169281184307943,-1.3702245723533133,-1.7771578071946368,2.340955189214966,0.9869670051868319,2.4387753663402005,-4.073712426346637,2.9334825596504412,-0.18079857428308535,1.7409722258222804,1.1905784785004445,0.011034142193026841,-0.4320416895384876,-2.4245472274711535,0.23378421323083648,0.8255997933600813,-0.5556506122726435,-0.5148330069758615,-2.853811661441496,1.55760840109259,3.0424088383517263,1.4095506387388497,2.2218588171189437,3.012763350304199,-1.6411874275005562,-0.20364077380564632,-0.16243954518116024,1.2134313382250195,1.576387842141928,2.574306461722089,-1.0367076682259446,-2.1088875164671,1.2434302389094407,-1.6945167823281662,0.08452310091402479,1.9558055797765512,-0.5493836208482987,-2.3490966007474765,-4.392664468367963,-0.5362821033312183,-2.871005881349469,-1.542299832765194,-2.8946609074031855,0.2199690414033418,-2.7726050602453656,1.2378010222142979,4.331110129986201
0.19756053891971742,0.46436559459298765,-0.4283758330986334,0.2510637472199465,0.1924520153496006,1.095056457781817,2.0001878538313917,-0.38644052418930963,0.5973524859767565,-0.12979327109893435,0.47776498953510665,0.5268964210925886,-0.7463287384562238,-0.20533707016232297,-0.8064819990035266,1.2767171460124194,-0.8457363496857505,0.1944382443221873,-0.7891521084006548,-0.1967775973371365,0.381840611932174,0.6262354515878239,0.4880950418825094,-0.36228840094887904,-0.6532476729303642,0.16787958174335355,0.15400700391084815,0.8120793060447378,-0.3350435854396162,-1.1515717710144702,-0.3325638285292465,-0.31875252150341027,-0.46182194821928113,0.49737961567612876,-0.0031686284958368834,0.36984482698698723,-0.23387607010866457,-0.7694959107937557,-0.749493084268183,0.06687628003132068,0.41886256209029776,-0.3282166162877332,0.8844575287811014,-0.37658532643481823,-1.0543583876926466,0.24260118497949687,0.5393348133305457,1.11112159609973,0.262477140474094,0.7974392980793408,0.27018046151978087,1.0142192896819338,0.018527807851846843,1.0016575280742464,-0.32126318789775676,-0.9290484434958781
0.2065400598854462,1.1995748760148133,-1.319254303558106,0.1924520153496006,1.6760952307664112,2.094140187418545,4.214565723543776,0.05146083104991009,-1.2889689243279168,0.23474518837023609,0.6924559050941148,1.347610171627321,-1.8697701794244472,-0.9777032129179922,-1.624283416076636,3.2022069672167355,-2.31057465719284,-0.03393930740052585,-0.8074873744922573,-0.9680366449564878,-0.6605097911568838,-0.6528552146311983,2.234450753577581,0.35132628814902556,0.24046023515543527,0.4326828765004009,0.42470924655997977,2.426616124702773,-1.5382060241529716,-1.842632485601706,-1.33634322295999,-2.31392205259429,-3.0240811822249407,1.389780592884553,0.11832288808897323,-0.46653554170651274,-1.1026145515085457,-0.6841878778938792,-2.1428578491392614,1.3914034176494723,2.1496934314949745,-1.2092155250285292,0.4894224891221616,0.704685580369587,-0.822522894207146,0.19048273560816778,2.284534536029282,3.9948291083797525,0.13949713692671875,2.4813981325673713,1.5864171506955236,1.9261063807416992,-0.3044901090474962,1.9658546764169433,-1.060863224421168,-4.04478952965705
1.0887573137537403,2.831344819682518,-2.917887373181708,1.095056457781817,2.094140187418545,6.026297082869369,11.620370050496382,-1.4465536667375158,1.2219430148657409,-0.2831401929898146,2.666945338494692,3.3203422010787276,-4.529553939826307,-1.6690757651611368,-4.728431611825177,7.8121687670180995,-5.4387445205593075,0.6618928944362104,-3.852079109709536,-1.833798455688572,0.8373180422165475,1.8877282946636842,4.014688869862946,-1.0810353006840674,-2.4148571796634792,1.0455605730783624,0.9723511808262318,5.29897809051568,-2.6581142885019635,-6.229480171385643,-2.465438805256655,-3.405913047680964,-4.666928636242264,3.121752890851337,0.20705982262931022,1.0101051241021024,-1.9822236106748794,-3.619396649651148,-4.815689066085259,1.4468860620717223,3.520544886166254,-2.271481004859863,3.98886473847203,-0.9030260224203152,-4.737144859392615,1.1855988519824021,4.085259225369521,7.852728946199306,1.209989200319754,5.2848812661956135,2.4858566212755777,5.755647525889169,-0.22150034766246166,5.61997151963173,-2.2197560922932875,-7.333915490355396
2.236880868896624,5.540796735998188,-5.904845947660869,2.0001878538313917,4.214565723543776,11.620370050496382,22.854598811788506,-2.6375527067353253,1.8746175812702273,-0.4275828530830502,5.387550515312242,6.63718039866183,-8.887717701155916,-3.3849588377333975,-9.40023103463869,15.405986835165763,-10.870010939430367,1.1295464658887164,-7.416570127098228,-3.959479083183401,1.2361663162164753,3.287335417002339,8.287589059502192,-1.8492131761641033,-4.465479399526824,2.0812468511277826,1.9213134309295978,10.512765744987124,-5.374467397855463,-12.195878800175835,-4.959632864983766,-7.162350688888259,-9.8179312738535085,6.1375740881233085,0.5716289440337798,1.6805264354496843,-4.120266715267485,-6.890034364908599,-9.542989613366947,3.045046611984344,7.1585532554087665,-4.476646282666502,7.621127883728492,-1.508363142873017,-8.85337048334169,2.3310404485969114,8.21257691103145,15.717372071576847,2.358847375158432,10.507933921573727,5.1237054155531165,11.329441953316268,-0.543249564230738,10.926656101038798,-4.4638966333178525,-14.97220976474209
-0.31595808357175825,-0.5487749504157124,0.49288328561328104,-0.38644052418930963,0.05146083104991009,-1.4465536667375158,-2.6375527067353253,0.7149935635689495,-1.3610264611493863,0.28573930485914867,-0.7425562259523594,-0.6463737675452905,0.9047172773757587,0.13876662830226133,1.0799781182431751,-1.5660118548840944,0.9997259310951563,-0.3560565929106011,1.2229967238254544,0.1685861975593298,-0.8131641665753311,-1.2602890162482325,-0.4030997217401518,0.7250455244734978,1.2271197257949218,-0.21304934573432407,-0.1790059718009226,-0.9046801635747971,0.2547313067711275,1.6599537841338068,0.3079607246043345,0.07122684126957358,0.1936632264535622,-0.580878828469695,0.008637749390520526,-0.7566872779024739,0.17948023472241717,1.2143421799443077,0.8520527708342873,0.21125068555972207,-0.2762634188386124,0.3204045771190255,-1.465399524982268,0.836717969708604,1.6916327073732038,-0.3973652052779474,-0.4613928393545899,-1.0922589046085442,-0.4572640464788111,-0.8832789008698599,-0.1355566456313232,-1.3875042172985428,-0.08869009124760568,-1.320195441869231,0.3418678935566195,0.7799442111392673
0.43204703197667915,0.167334633153627,0.05056068487776719,0.5973524859767565,-1.2889689243279168,1.2219430148657409,1.8746175812702273,-1.3610264611493863,3.4695039580434353,-0.7030718849078511,0.8506157790534755,0.22631205067127183,-0.3483073630547981,0.4411046432826563,-0.8392442551184884,0.6131618008395487,-0.1931988990583373,0.6892743677538351,-1.7034924662799475,0.41349457402993367,2.009812130320256,2.8279943130145533,-0.8856279288957015,-1.6095919728696673,-2.4595019829783586,0.0763025831897773,0.02793345099237548,-0.06029833306562883,0.6339067191892164,-1.7559037812117664,0.3995154333104467,1.5533650312269758,1.8582159760645771,0.07965582143712323,-0.12130172779919583,1.7552207699547304,0.4681003858250077,-1.7796556332180373,-0.049280532836033696,-1.3849294565965737,-1.0420310067039749,0.2745226848853365,2.385369468133411,-2.065121549736411,-2.5737591235904715,0.5992794688238983,-0.7936691184333672,-0.8432786442455142,0.7381726466884387,-0.15135389537207297,-0.8977428734053384,1.1947115808224118,0.39554361940621063,1.0663346821307476,0.13228886991061808,1.4848219044576239
-0.07698003417627743,-0.05125265415284573,-0.0015169281184307943,-0.12979327109893435,0.23474518837023609,-0.2831401929898146,-0.4275828530830502,0.28573930485914867,-0.7030718849078511,0.1456185468542184,-0.16825598572582803,-0.05427492462498328,0.09654079277303325,-0.08250934683894459,0.1754494067309887,-0.16464655362258565,0.055871011498537654,-0.15101793528201757,0.35458323299516736,-0.09519675838901547,-0.41566472424917994,-0.5764664819451802,0.16976010035361913,0.33289456627798575,0.4994642886546459,-0.02116249922166527,-0.010922274632520953,-0.016539213188478882,-0.11265263470433738,0.37491858026547215,-0.0640600965849409,-0.30706626184597086,-0.3673429804544433,-0.038860151120761584,0.034172120455208184,-0.36004510596776296,-0.09475737071801753,0.374854832741692,0.03392336754886226,0.26956369827429066,0.18853423208084338,-0.03250220479076724,-0.487204130198779,0.41468753760388083,0.5554850885283886,-0.11922479323064836,0.1325120328373834,0.12712547325148546,-0.150529134551201,-0.0018603051585476585,0.17045655771505808,-0.25970319335053155,-0.07968559679548504,-0.24210446530093846,-0.018086435301910352,-0.27418777865264354
0.6425843802093859,1.228218443628206,-1.3702245723533133,0.47776498953510665,0.6924559050941148,2.666945338494692,5.387550515312242,-0.7425562259523594,0.8506157790534755,-0.16825598572582803,1.4392948958157794,1.5598534370233146,-2.000030925015316,-0.7047984923751429,-2.296657859257639,3.5119997488181647,-2.5152136904607527,0.28976419562516065,-1.896856722405773,-0.98220411628203,0.46507870787521816,1.0825069628118087,1.8411347516848304,-0.5882423291805096,-1.3421829193343873,0.48166873205299937,0.4298147143171568,2.3299569443392416,-1.1182646790390138,-3.0060257150597347,-1.0534852165999629,-1.496346999425496,-2.1079077963761996,1.3486821643438032,0.19435599575840684,0.5684799417619953,-0.9294008987167115,-1.7557058943525439,-2.133412653750626,0.48331517912340094,1.4669488516049862,-0.9144694011955253,2.0539881413720704,-0.6208319917290891,-2.210422067910549,0.6395206625422244,1.7156014326926123,3.399330345783686,0.659278976658948,2.316739967421693,1.058312606772196,2.7360581464822022,-0.0931492168010108,2.5446148399593222,-1.0012962095658768,-3.260814219273467
0.6557113013867512,1.624409585161921,-1.7771578071946368,0.5268964210925886,1.347610171627321,3.3203422010787276,6.63718039866183,-0.6463737675452905,0.22631205067127183,-0.05427492462498328,1.5598534370233146,1.9703788940643472,-2.6020158115566683,-1.0529522765960648,-2.751115101414777,4.520784327580255,-3.237170225629676,0.2520633432828019,-2.0570263651384506,-1.2654261842989505,0.1578547846979025,0.70908609784975,2.5789724145486446,-0.3873870204423324,-1.1078254967487746,0.6126092495085371,0.5683202262489319,3.129409376206516,-1.6568376460936678,-3.4813134196800495,-1.5080344158499528,-2.306563354099905,-3.1401341354015657,1.8048460256047671,0.20664932188651694,0.3262484710967304,-1.2931956968875897,-1.8801528771927225,-2.834125793968341,1.0332539555215707,2.2246192471148505,-1.3357691159464473,2.062699513284957,-0.2614819908739341,-2.357324630375313,0.6513282709592925,2.507916303990135,4.751313365665817,0.6416819150452764,3.1313342287976056,1.6164950169587973,3.2760232277844468,-0.2039303717613174,3.1464163890057475,-1.3468595828219136,-4.626186001047851
-0.8037523099040816,-2.204782680044061,2.340955189214966,-0.7463287384562238,-1.8697701794244472,-4.529553939826307,-8.887717701155916,0.9047172773757587,-0.3483073630547981,0.09654079277303325,-2.000030925015316,-2.6020158115566683,3.5206744469752254,1.3991947249845507,3.614142140314933,-6.084832825143381,4.290380925169384,-0.3936077768221628,2.7500802682557586,1.5652050089774625,-0.2865702993159611,-0.9862444133102808,-3.371126266385982,0.5640344468873706,1.481611038591606,-0.8199751690264482,-0.764858537728931,-4.209578012204106,2.221762057867598,4.6399565999583485,2.031107960755611,3.00210569634295,4.076083053259398,-2.4571462288214905,-0.20828982572541693,-0.47777202253133183,1.670056721114643,2.546725491751487,3.8059021781419506,-1.3842207136334963,-2.9822557126812286,1.8449781955696205,-2.741034599887818,0.3516416677869789,3.27702120047931,-0.8423382476628754,-3.3825282301008506,-6.378248479711524,-0.8411022429766737,-4.221814819417522,-2.1399106168071635,-4.3610479827677615,0.2550110961321068,-4.247631292491791,1.7892449539653092,6.108321255571919
-0.28020207729827157,-0.884368156699158,0.9869670051868319,-0.20533707016232297,-0.9777032129179922,-1.6690757651611368,-3.3849588377333975,0.13876662830226133,0.4411046432826563,-0.08250934683894459,-0.7047984923751429,-1.0529522765960648,1.3991947249845507,0.6596795433347601,1.3820565353156544,-2.4202833088646556,1.7624520939868455,-0.035115673281899976,0.8650254213708396,0.7455933464522845,0.22858059991322766,0.065254643680918,-1.5626452741170644,-0.042942184704910305,0.20921924084284113,-0.32654509430636686,-0.3127829929935722,-1.7561937102882628,1.027485104633305,1.6421313106480282,0.9047206541433228,1.5229340387255934,2.025289924093136,-0.9973976796046662,-0.11937820469381138,0.0996743811315427,0.7858366307761245,0.7591603263847351,1.5733466446343816,-0.8084278253725341,-1.4091743399489638,0.796458614331052,-0.7526873148719087,-0.19633574038804882,0.90807362398581,-0.2575927877700193,-1.5291815086515925,-2.7867914894667956,-0.22828213450559262,-1.769935758445271,-1.0425916914492446,-1.6214605122087373,0.1733584048946951,-1.5880769121064542,0.7684366447293012,2.802154282496344
-0.9967070671350339,-2.2460807886339795,2.4387753663402005,-0.8064819990035266,-1.624283416076636,-4.728431611825177,-9.40023103463869,1.0799781182431751,-0.8392442551184884,0.1754494067309887,-2.296657859257639,-2.751115101414777,3.614142140314933,1.3820565353156544,3.93594134080297,-6.287799166244751,4.48958965622222,-0.4302532290630529,3.09528838856996,1.7130042989505223,-0.5088892488821383,-1.4064687331382182,-3.4229189955209596,0.7681659677353628,1.9077360301221238,-0.8480545819870835,-0.7824183114315975,-4.277311080016604,2.172881994213702,5.058082622317249,1.996365682452285,2.949596846093463,4.053963431055651,-2.4708245252145113,-0.2848662138908704,-0.71013036988136,1.7238499126080133,2.8523020235409575,3.8945566675990477,-1.2046632321169632,-2.8834336762342487,1.765874535867516,-3.2182822370160094,0.6821289418899684,3.5943063560782225,-0.9994083794129287,-3.3022048438949994,-6.380589489503198,-0.9982675340635939,-4.256510531006397,-2.0843755042723857,-4.693321141624077,0.22039390725212746,-4.480066972114143,1.8310526149430377,6.1406572474170185
1.4220892204443396,3.8051375180888094,-4.073712426346637,1.2767171460124194,3.2022069672167355,7.8121687670180995,15.405986835165763,-1.5660118548840944,0.6131618008395487,-0.16464655362258565,3.5119997488181647,4.520784327580255,-6.084832825143381,-2.4202833088646556,-6.287799166244751,10.533603946252232,-7.448197327527631,0.6678631357843227,-4.772523424891578,-2.760372474890797,0.47950807481492685,1.7126243952165376,5.869663660537532,-0.9727271867481426,-2.584237938766284,1.4229357214754994,1.3228161605518594,7.2827462167756005,-3.8436022412788926,-8.058456444271206,-3.5152441437868696,-5.224309126787858,-7.10422145117682,4.243908457496058,0.38956674221654974,0.8218896276529309,-2.912439509731365,-4.410607414814539,-6.585645210032898,2.3815889952833698,5.160455898135481,-3.178165486461526,4.767432403173611,-0.6232769261689481,-5.650638385239215,1.4748541830638782,5.848294450563903,11.037400440467778,1.4738122692566369,7.306345735388455,3.711451050799136,7.571272773741468,-0.44887870260969936,7.341309390773441,-3.104127687565116,-10.605675560263855
-1.0472942550495485,-2.6810156262433353,2.9334825596504412,-0.8457363496857505,-2.31057465719284,-5.4387445205593075,-10.870010939430367,0.9997259310951563,-0.1931988990583373,0.055871011498537654,-2.5152136904607527,-3.237170225629676,4.290380925169384,1.7624520939868455,4.48958965622222,-7.448197327527631,5.333995451291698,-0.3885587069046513,3.3062107067059396,2.0900116625229663,-0.16508839539837156,-1.0241913488118983,-4.297481923803482,0.5614413578217838,1.6964238088445447,-1.007075906760538,-0.9382205080372451,-5.180762682389387,2.7759165356227307,5.6549565603813665,2.5169366392223274,3.883456621110198,5.270176518167015,-2.9869215284991055,-0.33526297954960493,-0.44983742098844415,2.1529105096665497,3.0172141501940004,4.685183647272836,-1.7841175437303833,-3.7361399311290047,2.2357406355128875,-3.2759069524700424,0.3187585364988824,3.7792538537505744,-1.0391484592268647,-4.194358758616981,-7.906624120432403,-1.0171009077769053,-5.191420673364879,-2.7180085640767935,-5.3468762175964715,0.35520379674597147,-5.148740818573011,2.231179328118546,7.714194049682777
0.10598892915225812,0.24103925448397318,-0.18079857428308535,0.1944382443221873,-0.03393930740052585,0.6618928944362104,1.1295464658887164,-0.3560565929106011,0.6892743677538351,-0.15101793528201757,0.28976419562516065,0.2520633432828019,-0.3936077768221628,-0.035115673281899976,-0.4302532290630529,0.6678631357843227,-0.3885587069046513,0.1953395298058174,-0.5487120609461134,0.005658256107513968,0.4314971295811539,0.6219081548892006,0.09543260716284654,-0.36887047940763856,-0.5783571834605309,0.0902867989445676,0.0753744493451884,0.37240161416026424,-0.08238654501152574,-0.7206616080170458,-0.11820883510916698,0.06474955292605648,0.04358764003156899,0.25766490433516864,-0.0387237182063114,0.3844271425466885,-0.026849311683121026,-0.5634467396356095,-0.3501608642517245,-0.1337361610536121,0.07885622687069675,-0.14747794199081993,0.6611616025416859,-0.4092452636244581,-0.8282336352916069,0.16635269694103932,0.17253834593001102,0.4195245600193053,0.20272817929164402,0.36687040329773124,0.01268595176235846,0.5881971206913073,0.05662196462937052,0.5836052757692503,-0.12715498284282586,-0.22478416073766203
-0.8292391216916267,-1.6981208597618687,1.7409722258222804,-0.7891521084006548,-0.8074873744922573,-3.852079109709536,-7.416570127098228,1.2229967238254544,-1.7034924662799475,0.35458323299516736,-1.896856722405773,-2.0570263651384506,2.7500802682557586,0.8650254213708396,3.09528838856996,-4.772523424891578,3.3062107067059396,-0.5487120609461134,2.7786502654812706,1.0654561615966656,-1.023739930841667,-1.9150647523610957,-2.179405825413595,1.0751349628525924,2.1493604797933017,-0.6404583800911251,-0.579489790094162,-3.098762069354966,1.3832135909327121,4.213554373228013,1.3312560796425765,1.6269711226379246,2.3172478419139595,-1.8365045215216314,-0.14163691243632856,-1.0784124273684321,1.0833370449978488,2.6375357749426787,2.851631128002631,-0.4479497976823227,-1.7731739542894251,1.2185405126663111,-3.0726417998560813,1.1376583517029741,3.4587241935356596,-0.9001799771591344,-2.163103378479914,-4.381964653155411,-0.9464031348334799,-3.0571749243990514,-1.226131385446764,-3.7722683911538395,0.02972421603080643,-3.6048694949297597,1.2845578839318768,3.9683388257868906
-0.44370473834045276,-0.9732196515130788,1.1905784785004445,-0.1967775973371365,-0.9680366449564878,-1.833798455688572,-3.959479083183401,0.1685861975593298,0.41349457402993367,-0.09519675838901547,-0.98220411628203,-1.2654261842989505,1.5652050089774625,0.7455933464522845,1.7130042989505223,-2.760372474890797,2.0900116625229663,0.005658256107513968,1.0654561615966656,1.0236548584489404,0.283885308071503,0.005351030212954321,-1.8773413464005977,-0.04004878328691849,0.3500089744509425,-0.3802509043646841,-0.3529341409526393,-1.9820538824554352,1.1477816103499812,1.9912400225419211,1.0092861030051248,1.8042802607437882,2.4349378561768993,-1.0934506813648501,-0.233572083433588,0.09946463301716439,0.9673004947215315,0.9044240561070471,1.7863646871524799,-0.8562535167615938,-1.5703554924320493,0.8307539757707869,-0.9897687522738766,-0.13674816793949546,0.9865761161000296,-0.3645521850558201,-1.690006717910113,-3.13851213797652,-0.32675204790676193,-1.9903638324839932,-1.1939204835692006,-1.9469047953877425,0.21137855401511851,-1.8024514257936843,0.8959067560788079,3.2741696875910793
0.21886086540560207,0.15656544171053277,0.011034142193026841,0.381840611932174,-0.6605097911568838,0.8373180422165475,1.2361663162164753,-0.8131641665753311,2.009812130320256,-0.41566472424917994,0.46507870787521816,0.1578547846979025,-0.2865702993159611,0.22858059991322766,-0.5088892488821383,0.47950807481492685,-0.16508839539837156,0.4314971295811539,-1.023739930841667,0.283885308071503,1.1974157399320682,1.6541162245077305,-0.49447244412034014,-0.9534721182899747,-1.4296662021463105,0.05752743514437866,0.033171498827668,0.05570657476820628,0.31949546618545954,-1.0747341738861877,0.18658311911092273,0.8826123425216358,1.0653162589850984,0.11279438431897315,-0.10772954410106274,1.0358762591592252,0.27169151004491077,-1.0806924659521784,-0.10719018512047195,-0.7595122611632816,-0.5397515092869305,0.09437083576474616,1.4030758907466883,-1.1853381765509592,-1.597414830087043,0.3398902116216633,-0.37898300950644714,-0.35493251502863676,0.4227395119565132,0.004526024005167587,-0.4883057864952557,0.7480593481408647,0.2335942598502171,0.7153004087941275,0.05096517297648048,0.7859031128250831
0.5132336669816533,0.5781300712233085,-0.4320416895384876,0.6262354515878239,-0.6528552146311983,1.8877282946636842,3.287335417002339,-1.2602890162482325,2.8279943130145533,-0.5764664819451802,1.0825069628118087,0.70908609784975,-0.9862444133102808,0.065254643680918,-1.4064687331382182,1.7126243952165376,-1.0241913488118983,0.6219081548892006,-1.9150647523610957,0.005351030212954321,1.6541162245077305,2.449701564223015,-0.02247060414031961,-1.3911736220667548,-2.257964801559142,0.22464237380600913,0.1766860198190145,0.8004244709401238,0.057406260053857,-2.3356710584052496,-0.08747890627076946,0.6260076630366144,0.6528316903350245,0.5542543303547227,-0.05163076060516753,1.4927350013631169,0.03052409489524829,-1.9306203309420713,-0.808341256611772,-0.8196910028114046,-0.23097274628820103,-0.14534673861796524,2.4579297311831225,-1.7152426366774725,-2.7001152757659606,0.6495407959862267,0.04530332534845292,0.6133331811098366,0.7559026374513609,0.7251828559751389,-0.28242433222125857,1.8341751388172591,0.2642801011690505,1.7105390200359463,-0.25635436040763354,-0.05474065181622618
0.7492444838223088,2.115563170696603,-2.4245472274711535,0.4880950418825094,2.234450753577581,4.014688869862946,8.287589059502192,-0.4030997217401518,-0.8856279288957015,0.16976010035361913,1.8411347516848304,2.5789724145486446,-3.371126266385982,-1.5626452741170644,-3.4229189955209596,5.869663660537532,-4.297481923803482,0.09543260716284654,-2.179405825413595,-1.8773413464005977,-0.49447244412034014,-0.02247060414031961,3.8001984698151716,0.03554497809620849,-0.6510730238541895,0.8012785523534963,0.7529235829510119,4.2255177615514325,-2.447228662084962,-4.091018036302751,-2.1702867947190545,-3.6573057548189007,-4.9020660933190845,2.3965481882036053,0.34060297930636785,-0.1737639046517878,-1.9128878344099,-1.9123765353785884,-3.789550133176837,1.8530902336481492,3.3542867789242896,-1.8885883534534744,1.9573165034426458,0.35334734513971033,-2.2699068821191672,0.6790170901308243,3.6471040686672205,6.680496956130633,0.6231545079467111,4.2683503897163515,2.4902565339807645,4.004764033696386,-0.41858843421336744,3.8442505273148835,-1.861329447809293,-6.7559944086884105
-0.26625933297175847,-0.33200100470767707,0.23378421323083648,-0.36228840094887904,0.35132628814902556,-1.0810353006840674,-1.8492131761641033,0.7250455244734978,-1.6095919728696673,0.33289456627798575,-0.5882423291805096,-0.3873870204423324,0.5640344468873706,-0.042942184704910305,0.7681659677353628,-0.9727271867481426,0.5614413578217838,-0.36887047940763856,1.0751349628525924,-0.04004878328691849,-0.9534721182899747,-1.3911736220667548,0.03554497809620849,0.7986139862193287,1.27221640489807,-0.1278061261253873,-0.10011992935209801,-0.45456895339047,-0.03234287829528837,1.3094695745445324,0.054635127333829636,-0.3789635285372239,-0.40362281310751136,-0.3249235524626455,0.04723108250216201,-0.8527655538212654,-0.0366270099087657,1.0949412944924843,0.4556878404385757,0.46617789042542324,0.12875076960406853,0.10064446409032472,-1.3758452137988517,0.9681320439526295,1.5581240788226007,-0.35703516472001423,-0.03369019094683065,-0.3480331642898036,-0.4233057749433715,-0.41864359347208474,0.16672926663783053,-1.0241378601497717,-0.15265380097372888,-0.96726910817394,0.1399750329179255,0.004044833196651694
-0.6235465450106586,-0.8897679219704402,0.8255997933600813,-0.6532476729303642,0.24046023515543527,-2.4148571796634792,-4.465479399526824,1.2271197257949218,-2.4595019829783586,0.4994642886546459,-1.3421829193343873,-1.1078254967487746,1.481611038591606,0.20921924084284113,1.9077360301221238,-2.584237938766284,1.6964238088445447,-0.5783571834605309,2.1493604797933017,0.3500089744509425,-1.4296662021463105,-2.257964801559142,-0.6510730238541895,1.27221640489807,2.2057122439382555,-0.34525265889112683,-0.2914936147355735,-1.459851347761614,0.3648165464834663,2.871187449366388,0.44931811824163986,0.06791794910299445,0.2672305774454079,-0.9132874024870007,-0.028394534947978455,-1.3433582982270456,0.3150684054283301,2.1096399859709614,1.3946519169508265,0.4436930133554028,-0.3588887066956706,0.4435906750230868,-2.619405525661339,1.5296290450465155,2.860581416395042,-0.7264588544228141,-0.6596155593697606,-1.7074050086566888,-0.8124726728761703,-1.3952591889180577,-0.17067617311636413,-2.392613768915548,-0.168666745376578,-2.2339248499963658,0.5597477581835979,1.2290665785625716
0.19185591497676402,0.5125223691009045,-0.5556506122726435,0.16787958174335355,0.4326828765004009,1.0455605730783624,2.0812468511277826,-0.21304934573432407,0.0763025831897773,-0.02116249922166527,0.48166873205299937,0.6126092495085371,-0.8199751690264482,-0.32654509430636686,-0.8480545819870835,1.4229357214754994,-1.007075906760538,0.0902867989445676,-0.6404583800911251,-0.3802509043646841,0.05752743514437866,0.22464237380600913,0.8012785523534963,-0.1278061261253873,-0.34525265889112683,0.19537275826978703,0.17903856707106547,0.9846727932168363,-0.5206374013323857,-1.0890847329259299,-0.47950385858527494,-0.7125481111895696,-0.9726958529933405,0.5751673646244531,0.05730548669895092,0.10642976503817646,-0.3954796309217734,-0.5906790015768472,-0.888972720407984,0.3211897701555061,0.7020134307231252,-0.43109516252316776,0.6377309380313402,-0.08133126642215828,-0.7579043518503259,0.19870794652879714,0.7950137286894987,1.4938218267608363,0.2015866442932251,0.9914663952593231,0.5048274040120664,1.0217928947899348,-0.06427030709196047,0.9852944713268528,-0.42114068934229737,-1.4418280132687955
0.17235992563294253,0.4797556021615715,-0.5148330069758615,0.15400700391084815,0.42470924655997977,0.9723511808262318,1.9213134309295978,-0.1790059718009226,0.02793345099237548,-0.010922274632520953,0.4298147143171568,0.5683202262489319,-0.764858537728931,-0.3127829929935722,-0.7824183114315975,1.3228161605518594,-0.9382205080372451,0.0753744493451884,-0.579489790094162,-0.3529341409526393,0.033171498827668,0.1766860198190145,0.7529235829510119,-0.10011992935209801,-0.2914936147355735,0.17903856707106547,0.1671923914077598,0.9220186235360344,-0.49463425942002504,-0.9933769847577778,-0.4499326611945707,-0.6809806013650378,-0.9218648566185785,0.53583898773279,0.04967201331446865,0.07981572873890733,-0.37386068507375103,-0.5324761801066559,-0.8323242111684922,0.3216355710785583,0.666920926218866,-0.40543972049250376,0.5686649910974604,-0.04931679691445275,-0.6789031583971579,0.177248603529768,0.7506383094571755,1.407025189357551,0.17500848997690915,0.9255550463689953,0.4812974103995098,0.9396069924946299,-0.061915682093896036,0.914850896663113,-0.3940720847140495,-1.360520571212923
0.9298274061171048,2.641073810559854,-2.853811661441496,0.8120793060447378,2.426616124702773,5.29897809051568,10.512765744987124,-0.9046801635747971,-0.06029833306562883,-0.016539213188478882,2.3299569443392416,3.129409376206516,-4.209578012204106,-1.7561937102882628,-4.277311080016604,7.2827462167756005,-5.180762682389387,0.37240161416026424,-3.098762069354966,-1.9820538824554352,0.05570657476820628,0.8004244709401238,4.2255177615514325,-0.45456895339047,-1.459851347761614,0.9846727932168363,0.9220186235360344,5.104474804952213,-2.7779686235208114,-5.387729438558776,-2.515313111407948,-3.868793248031313,-5.223455978058735,2.9591398409275067,0.2852203309913582,0.32985691199455147,-2.1001307399410503,-2.8354849412019734,-4.601245570164045,1.8635459056214831,3.7565683571661808,-2.263081054085405,2.997720482872089,-0.14419055689747104,-3.594631389346861,0.9450449678870466,4.203722021503802,7.840233945574356,0.9243770180156546,5.132481248079884,2.721248667834173,5.125990719662193,-0.36834062594583883,4.989676153388239,-2.1894028730764226,-7.623712947307597
-0.42960734279703466,-1.401411087802336,1.55760840109259,-0.3350435854396162,-1.5382060241529716,-2.6581142885019635,-5.374467397855463,0.2547313067711275,0.6339067191892164,-0.11265263470433738,-1.1182646790390138,-1.6568376460936678,2.221762057867598,1.027485104633305,2.172881994213702,-3.8436022412788926,2.7759165356227307,-0.08238654501152574,1.3832135909327121,1.1477816103499812,0.31949546618545954,0.057406260053857,-2.447228662084962,-0.03234287829528837,0.3648165464834663,-0.5206374013323857,-0.49463425942002504,-2.7779686235208114,1.6172447798087046,2.617007867109265,1.4342644731107683,2.368892453902933,3.1581758738905026,-1.5911065751394846,-0.17698558094421726,0.12704287061610525,1.2204439415806851,1.2282735112856822,2.4856426789289454,-1.2490815515065374,-2.2189122705398834,1.2767595945280457,-1.2104522943407523,-0.2803379769750672,1.5026159510229642,-0.4090215324909327,-2.418151810916093,-4.3987442211652565,-0.37450530380871067,-2.811063859658207,-1.6322983481974387,-2.572530519907245,0.2692490312348928,-2.5169615860367793,1.210250629787031,4.393055723577042
-1.2799793650346702,-2.877646999539186,3.0424088383517263,-1.1515717710144702,-1.842632485601706,-6.229480171385643,-12.195878800175835,1.6599537841338068,-1.7559037812117664,0.37491858026547215,-3.0060257150597347,-3.4813134196800495,4.6399565999583485,1.6421313106480282,5.058082622317249,-8.058456444271206,5.6549565603813665,-0.7206616080170458,4.213554373228013,1.9912400225419211,-1.0747341738861877,-2.3356710584052496,-4.091018036302751,1.3094695745445324,2.871187449366388,-1.0890847329259299,-0.9933769847577778,-5.387729438558776,2.617007867109265,6.692843624383184,2.455393298017988,3.3574369029473075,4.670404652936859,-3.161657903073768,-0.2929457865614033,-1.2571852286890415,2.0346418862448497,3.948219228589162,4.917040534122965,-1.2426958199560443,-3.4402462852687563,2.219384081123861,-4.483983364386747,1.2565323289835535,5.1092031375257445,-1.3505911749946262,-4.0325077018539055,-7.885383086847125,-1.393633046223844,-5.361931419946272,-2.4372627173145616,-6.11759716621625,0.19503180952223625,-5.854935308073887,2.2716541453667127,7.391980201852467
-0.3993941653034543,-1.2787539412522417,1.4095506387388497,-0.3325638285292465,-1.33634322295999,-2.465438805256655,-4.959632864983766,0.3079607246043345,0.3995154333104467,-0.0640600965849409,-1.0534852165999629,-1.5080344158499528,2.031107960755611,0.9047206541433228,1.996365682452285,-3.5152441437868696,2.5169366392223274,-0.11820883510916698,1.3312560796425765,1.0092861030051248,0.18658311911092273,-0.08747890627076946,-2.1702867947190545,0.054635127333829636,0.44931811824163986,-0.47950385858527494,-0.4499326611945707,-2.515313111407948,1.4342644731107683,2.455393298017988,1.2868300733793656,2.0625513551697567,2.7645791329491964,-1.4531850952120453,-0.15090525721124853,0.026634583061184006,1.0748063869470421,1.199196720013608,2.2527123200249477,-1.0587649093214853,-1.9635594996548058,1.15377722393463,-1.2041436317125889,-0.15268459892008188,1.5015364235254252,-0.39551366966826834,-2.1599050292084434,-3.9456907414866746,-0.3779821726976659,-2.548129264936544,-1.4335801695390928,-2.3839034439256697,0.2263648155777385,-2.3268152722327824,1.0893877673004204,3.901344381753153
-0.5954639278073267,-1.8953324296259288,2.2218588171189437,-0.31875252150341027,-2.31392205259429,-3.405913047680964,-7.162350688888259,0.07122684126957358,1.5533650312269758,-0.30706626184597086,-1.496346999425496,-2.306563354099905,3.00210569634295,1.5229340387255934,2.949596846093463,-5.224309126787858,3.883456621110198,0.06474955292605648,1.6269711226379246,1.8042802607437882,0.8826123425216358,0.6260076630366144,-3.6573057548189007,-0.3789635285372239,0.06791794910299445,-0.7125481111895696,-0.6809806013650378,-3.868793248031313,2.368892453902933,3.3574369029473075,2.0625513551697567,3.672548549374744,4.871425081342911,-2.1667126970196766,-0.336970541971552,0.5348798152348674,1.849076222290805,1.3652161407612775,3.449108305716365,-1.9908798542542177,-3.2820834429012864,1.77786994884125,-1.2798410165751413,-0.7650179433538059,1.5152237295646762,-0.4928238164192421,-3.494684484283479,-6.276859186491868,-0.4086453898681511,-3.9233385644578678,-2.465160440577833,-3.4009730546926145,0.46515263629895476,-3.284142085295972,1.7271334558818818,6.4847118256211775
-0.8456189372882089,-2.5667006684569387,3.012763350304199,-0.46182194821928113,-3.0240811822249407,-4.666928636242264,-9.8179312738535085,0.1936632264535622,1.8582159760645771,-0.3673429804544433,-2.1079077963761996,-3.1401341354015657,4.076083053259398,2.025289924093136,4.053963431055651,-7.10422145117682,5.270176518167015,0.04358764003156899,2.3172478419139595,2.4349378561768993,1.0653162589850984,0.6528316903350245,-4.9020660933190845,-0.40362281310751136,0.2672305774454079,-0.9726958529933405,-0.9218648566185785,-5.223455978058735,3.1581758738905026,4.670404652936859,2.7645791329491964,4.871425081342911,6.484851725898477,-2.932651837532448,-0.46235137914344976,0.6068187713821265,2.4757058463155146,1.9652622469180083,4.662697375909836,-2.5866994434206614,-4.367434130597172,2.3812462762336857,-1.8977584400091683,-0.8868580021825406,2.2155751280224583,-0.7136127877253344,-4.670502007142838,-8.425979120339697,-0.6135360483657988,-5.296656626137899,-3.275058021119768,-4.686832790757773,0.6076625547767098,-4.500402134366699,2.3291349436837336,8.680538848841579
0.5221647944782399,1.5417064012732322,-1.6411874275005562,0.49737961567612876,1.389780592884553,3.121752890851337,6.1375740881233085,-0.580878828469695,0.07965582143712323,-0.038860151120761584,1.3486821643438032,1.8048460256047671,-2.4571462288214905,-0.9973976796046662,-2.4708245252145113,4.243908457496058,-2.9869215284991055,0.25766490433516864,-1.8365045215216314,-1.0934506813648501,0.11279438431897315,0.5542543303547227,2.3965481882036053,-0.3249235524626455,-0.9132874024870007,0.5751673646244531,0.53583898773279,2.9591398409275067,-1.5911065751394846,-3.161657903073768,-1.4531850952120453,-2.1667126970196766,-2.932651837532448,1.7321117731482247,0.14092934093766774,0.25333782630598756,-1.1798730843047627,-1.6990338186559562,-2.6663291438883325,1.035183592982523,2.149177193080943,-1.3256227199465913,1.7899065203866964,-0.1425188668912822,-2.1969912857323872,0.5529480489555388,2.42334151408505,4.520244392641491,0.553617334881483,2.9814587451603956,1.5422323416926202,2.9904261043632356,-0.19871763191053096,2.92261491703948,-1.259130806886698,-4.343502214847514
0.10415017429073616,0.12421153484787804,-0.20364077380564632,-0.0031686284958368834,0.11832288808897323,0.20705982262931022,0.5716289440337798,0.008637749390520526,-0.12130172779919583,0.034172120455208184,0.19435599575840684,0.20664932188651694,-0.20828982572541693,-0.11937820469381138,-0.2848662138908704,0.38956674221654974,-0.33526297954960493,-0.0387237182063114,-0.14163691243632856,-0.233572083433588,-0.10772954410106274,-0.05163076060516753,0.34060297930636785,0.04723108250216201,-0.028394534947978455,0.05730548669895092,0.04967201331446865,0.2852203309913582,-0.17698558094421726,-0.2929457865614033,-0.15090525721124853,-0.336970541971552,-0.46235137914344976,0.14092934093766774,0.07790056885395215,-0.05787060285544872,-0.18468327375624058,-0.09922873858291086,-0.2585178690165814,0.13784988884888372,0.24557045448864345,-0.0983649110997051,0.1327917416687324,0.04210180390672106,-0.05332581778892434,0.06588551367620733,0.24927541165427464,0.4697258563408048,0.05480912115862664,0.28614205320698144,0.20305518182910484,0.2934011921744385,-0.047956238261083604,0.23198782520207978,-0.1438023784830443,-0.5562107119445914
0.2680439129219552,0.2774883828355955,-0.16243954518116024,0.36984482698698723,-0.46653554170651274,1.0101051241021024,1.6805264354496843,-0.7566872779024739,1.7552207699547304,-0.36004510596776296,0.5684799417619953,0.3262484710967304,-0.47777202253133183,0.0996743811315427,-0.71013036988136,0.8218896276529309,-0.44983742098844415,0.3844271425466885,-1.0784124273684321,0.09946463301716439,1.0358762591592252,1.4927350013631169,-0.1737639046517878,-0.8527655538212654,-1.3433582982270456,0.10642976503817646,0.07981572873890733,0.32985691199455147,0.12704287061610525,-1.2571852286890415,0.026634583061184006,0.5348798152348674,0.6068187713821265,0.25333782630598756,-0.05787060285544872,0.9200369886351785,0.10298219116947666,-1.1034970423969448,-0.3495740809185426,-0.5654725237706671,-0.26620177390002503,-0.026508306669344766,1.4120990842963461,-1.053344159202689,-1.573994907133858,0.3617247780998077,-0.1055170065901267,0.12210432353176869,0.4303371001494979,0.2834079402453335,-0.27039270563809287,0.9552212355792314,0.1796827449256538,0.9004724705680891,-0.08255586571300588,0.2388096808655502
