V1,V2,V3,V4,V5,V6,V7,V8,V9,V10,V11,V12,V13,V14,V15,V16,V17,V18,V19,V20,V21,V22,V23,V24,V25,V26,V27,V28,V29,V30,V31,V32,V33,V34,V35,V36,V37,V38,V39,V40,V41,V42,V43,V44,V45,V46,V47,V48,V49,V50,V51,V52,V53,V54,V55,V56
2.894119130920145,6.458746873725926,-1.4352091440112313,-0.6432415210503033,-2.3603892256635826,-5.850567047901421,2.908813201923388,4.13739758858513,3.338573478209006,-3.706274675022795,7.159309639446346,6.298021294506263,-1.5492762593129503,6.7013127800342485,0.8216671030782693,-1.2524505403525183,0.6872270460954042,-3.0066069665518698,5.8408420341930665,-1.3778878535869592,-2.824828025301709,-4.767337573335575,3.629615990311842,1.3163172541991168,0.6132417471680794,6.742907608327409,-2.846352027026768,2.5039310117127322,2.3704246226813916,0.9876471499197271,-2.566403285369374,-3.723622908962548,3.393816860147903,0.7369450039300025,0.8816366217086637,0.2840571867516173,-1.6481916070034577,-0.9741272117190118,-4.467573393032258,-5.076487721345079,1.1666528468759543,-0.3466540961297089,3.067411461971653,0.3732414617149135,-3.665760457818509,-2.5222017972281625,6.316717796331508,1.1267381677583586,0.45249610950624813,1.4116788377208753,1.5441617065171012,-3.2761137769535575,1.9457042747698017,-1.2655608214462049,0.9195858989026076,1.3722183819163787
6.458746873725926,18.13412765773362,-2.267534344015505,-1.2988451509975305,-6.268051974807653,-14.28652897304722,8.194713834901716,11.99128024562482,10.279651446333556,-9.422076658447258,18.714511828544484,16.911680253580155,-2.588839445907399,16.419475449686182,2.0273589246566948,-4.273354547201513,3.1016159602510673,-7.135404876495901,16.352474015578707,-1.8155895491104812,-8.164662732570466,-12.948349409159103,7.772442369375979,1.9738018019416363,-0.5363514765480354,17.452307709256452,-8.058025968488073,8.546062273768475,8.680541071101473,3.0064330784149074,-9.056766783307285,-11.817836867183503,8.55585293910284,2.2580234093776737,0.8175943655654181,2.253386257770862,-2.3185745170412067,-1.7384880420090718,-11.48387280213857,-13.199081448125725,0.9986590925624608,-4.065833898735654,7.549446388861888,3.1893056774722557,-8.408198866272624,-6.4180641233303986,15.641475546815666,4.178733447034633,1.7494546054086524,4.8246776225670045,2.908275880547106,-7.830250902835219,5.241601746032707,-3.765102359497614,4.286159949642651,3.8862472425972023
-1.4352091440112313,-2.267534344015505,0.9513456951618959,0.3541294929442399,0.9187888606997572,2.5972852807489395,-1.016204442217831,-1.3599838505207897,-0.942989398651997,1.5503157670726768,-2.8621580860744302,-2.4071334492783656,0.9883149833694452,-2.9592324005932085,-0.36061391592412695,0.25067325555506015,0.05467718103428961,1.3848100905005867,-2.063547062629375,1.0045566706095408,0.9345526195879703,1.783876819404785,-1.8863152039969127,-0.898785209997967,-0.7857568795766497,-2.743141706355382,0.9827364504675298,-0.495828086955145,-0.320774913489572,-0.28694109068337503,0.43310927787126396,0.9623677289287268,-1.436881031771763,-0.21005848711771602,-0.7289380083240866,0.26782868547206456,1.1593628887322365,0.594746534551874,1.8364559324145449,2.049009865734392,-0.9862794020849549,-0.6578268485396748,-1.345770508264949,0.4080199592109945,1.763590306124038,1.0544697285906124,-2.746529785619989,-0.14012457658800648,-0.037624054930855216,-0.27743299631358764,-0.9037195854066277,1.4985820978847084,-0.7391231446559005,0.3928763837371447,0.1085403676780711,-0.4717265921559886
-0.6432415210503033,-1.2988451509975305,0.3541294929442399,0.1527314689370251,0.4879819834030082,1.2546486324135362,-0.5872330653774489,-0.8194986335005432,-0.6362931834769363,0.780344074877731,-1.482155361043877,-1.2972380906055225,0.37669974218146357,-1.4312567655759254,-0.1761124273919571,0.2283310892581867,-0.09424276385914852,0.649951164779175,-1.1764198107089907,0.3558427041120026,0.5593618436652258,0.9707334598346447,-0.8178172807157938,-0.3339850165253802,-0.20480574389674544,-1.4138598219542489,0.5709882529462497,-0.4464067037250427,-0.3989782038069308,-0.18811612464920174,0.4417102755035955,0.692654423459904,-0.7145716970317626,-0.136630026552015,-0.23669194305222271,-0.0051553464548015175,0.41172900264740364,0.22840823742269684,0.9344031213124191,1.0592359374356233,-0.3223992017885598,-0.04228163225220208,-0.6558103327536834,0.005402110010689168,0.8063274953755888,0.5349145895463383,-1.3484630491280047,-0.1921589792930923,-0.07167969344142103,-0.24788686205019556,-0.3628026220795472,0.7099857272707447,-0.3986759585661505,0.24747391918737116,-0.12365557521068836,-0.2727121493914303
-2.3603892256635826,-6.268051974807653,0.9187888606997572,0.4879819834030082,2.194228431219351,5.1019058346400845,-2.830471688198735,-4.116061562428333,-3.4836501985901447,3.332293345957565,-6.57451986679218,-5.904709004898721,1.0295168079405677,-5.8584236303849995,-0.7220828511807492,1.4190787293402822,-0.9820890718235697,2.566400496137057,-5.65537485235341,0.7848850131927835,2.8044954769113524,4.5089671789063965,-2.871456388375931,-0.8138724966038713,0.01246803026451051,-6.145857207326757,2.780347135046004,-2.837737745051892,-2.8452478990257113,-1.021115325351819,2.9884176568247343,3.980364692611266,-3.031745270808177,-0.7659480214277973,-0.409716768603944,-0.6676843053495671,0.9780003374766767,0.6768941299140887,4.050842913561564,4.6433035534560005,-0.5197347420453566,1.168533140702462,-2.6910000923790953,-0.9381419427396427,3.05068473450608,2.2693472148838385,-5.566799665413924,-1.3665042977053445,-0.5679497921185158,-1.6012780074120219,-1.1144540883717327,2.8112125331885154,-1.8288053877133916,1.284694074897833,-1.3511134872597048,-1.3406728485717434
-5.850567047901421,-14.28652897304722,2.5972852807489395,1.2546486324135362,5.1019058346400845,12.240568072362963,-6.444586020067786,-9.277205895719073,-7.6832543995103375,7.875030009287651,-15.38082240374643,-13.677859846649291,2.8471849749511033,-14.038216545538301,-1.7272061219397274,3.0208333681963926,-1.9064749343956326,6.220609833551127,-12.906292797929048,2.373850832336748,6.326899129629694,10.40238678028809,-7.234905337632668,-2.345833902770544,-0.6139663812663306,-14.429478588761642,6.317561717956275,-6.037485666176738,-5.910738033028628,-2.2612607785212555,6.287585558468824,8.686000117163992,-7.187545467054739,-1.6924728145930863,-1.4056014469080922,-1.1066975609437755,2.884646664925652,1.8295902760016562,9.534118991670194,10.882354486656983,-1.8318654194444368,1.7857341843485444,-6.435542495247185,-1.5331211120737844,7.489282982363571,5.361243924257762,-13.283085724931961,-2.8269206503234168,-1.1587701734459506,-3.4069362226321513,-2.9474624399215874,6.7996797861160045,-4.231185295623431,2.872003634934822,-2.5932654734808738,-3.04508596452421
2.908813201923388,8.194713834901716,-1.016204442217831,-0.5872330653774489,-2.830471688198735,-6.444586020067786,3.7061640293747358,5.422439537044306,4.649103712497532,-4.251962222485982,8.443072693833964,7.640003940019028,-1.15989769941018,7.403796669329918,0.9154114513572492,-1.9387272233774129,1.407463860852306,-3.2152563981035893,7.389392869115044,-0.8118351499989764,-3.691730446455635,-5.846186422561097,3.4982880526352327,0.8862935213834916,-0.2559495493675316,7.881326516296984,-3.64262138808323,3.8693099488533202,3.932061031295336,1.358248792100389,-4.09885958945285,-5.344104543033301,3.858406724048302,1.0182410562746733,0.35959588309038365,1.0277746627721087,-1.030756863802109,-0.7775632061118958,-5.182138060525021,-5.958930997791755,0.441729961571047,-1.8563282536617771,3.4057894067830934,1.4526490702757815,-3.789347550733868,-2.8992322252776317,7.057225702929827,1.896042984123707,0.7920748412149765,2.1817733422095804,1.3064265015348466,-3.53227565964579,2.367104872712114,-1.7033612975499879,1.9470756088449288,1.7544782125153235
4.13739758858513,11.99128024562482,-1.3599838505207897,-0.8194986335005432,-4.116061562428333,-9.277205895719073,5.422439537044306,7.9601995239574315,6.86920523209456,-6.152105832080806,12.262051077453165,11.122436110443418,-1.5711619999292945,10.665728270012913,1.3188970508988036,-2.8876867572270446,2.14412779363124,-4.613425400133722,10.809482659126859,-1.0383217537063283,-5.418441929696531,-8.52643838969266,4.946682055852331,1.1693101026792836,-0.5350193277017954,11.423953683575402,-5.334118793614018,5.77152530283843,5.9009792760412605,2.0058167882599185,-6.134987697330803,-7.921960949326234,5.579123225946312,1.506969617976908,0.40852769141172585,1.6067944787455675,-1.3469730786623988,-1.069462172716011,-7.509105763000921,-8.644290422781765,0.4802267277451287,-2.936141378271179,4.907582545794518,2.2799191035026123,-5.410035995227433,-4.192295542967085,10.176163092256019,2.844950661921073,1.194590527556998,3.257622426338893,1.8095769357998843,-5.069845421886238,3.4483891278500645,-2.507063346136793,2.9701787246860625,2.5714584429535234
3.338573478209006,10.279651446333556,-0.942989398651997,-0.6362931834769363,-3.4836501985901447,-7.6832543995103375,4.649103712497532,6.86920523209456,6.003506197321118,-5.15060156184385,10.343122942859708,9.436094250024784,-1.1260677653758846,8.844387104371442,1.0944661094271733,-2.567171694928288,1.9856796357369775,-3.792698937312711,9.260269624460983,-0.6295439581184453,-4.673198901682251,-7.256733516795407,3.937151834189372,0.7825667700811211,-0.7412984553941928,9.60462625177061,-4.580316404875833,5.138904289338276,5.31441643008111,1.7503410539278923,-5.49508818208438,-6.965629213085183,4.662772611310201,1.3184377628770594,0.1424793820644127,1.559063163018298,-0.8688336847159868,-0.7934442455355403,-6.305391559127266,-7.27783483888702,0.12293952268073949,-2.9033577694440575,4.073447698602713,2.223194445566843,-4.400966189322709,-3.5081173147444362,8.460309559811039,2.5643569583194337,1.085209935591774,2.903502232350347,1.371722801273595,-4.17252918636772,2.928626743224472,-2.1745784559683883,2.7598253720351935,2.2105308499568976
-3.706274675022795,-9.422076658447258,1.5503157670726768,0.780344074877731,3.332293345957565,7.875030009287651,-4.251962222485982,-6.152105832080806,-5.15060156184385,5.10376455756548,-10.017329870712192,-8.949327719389228,1.7152262657373325,-9.03726228739562,-1.1126782683347296,2.0604569163886146,-1.3647186367944166,3.9830964969069824,-8.50602778520076,1.3757852082869602,4.194464301836575,6.820887717487402,-4.5480929277962225,-1.386406349736969,-0.19739384513556,-9.379489739595853,4.17282592557344,-4.121272231899221,-4.084899033834662,-1.5128691718289176,4.317576298351269,5.855031171037152,-4.651290505623276,-1.1345217216050583,-0.775068370378927,-0.8642956295178613,1.6907940886816837,1.1146042967314673,6.191660741833996,7.080862784322336,-0.9979496723130987,1.4615926614489132,-4.146814473165484,-1.2073802279001937,4.766037404689952,3.4741388868576704,-8.567343281209514,-1.9566442088864084,-0.8085027163552431,-2.3259800829891213,-1.8120923425614255,4.35753683991671,-2.7705278242650895,1.9116264925337847,-1.8673522030802414,-2.0119753037461185
7.159309639446346,18.714511828544484,-2.8621580860744302,-1.482155361043877,-6.57451986679218,-15.38082240374643,8.443072693833964,12.262051077453165,10.343122942859708,-10.017329870712192,19.740718261878076,17.677570989918795,-3.1941597064299034,17.665427650753724,2.17475388928334,-4.178435139813594,2.8551219731124182,-7.7560471491653,16.89092492193026,-2.4775754261790284,-8.356527669695067,-13.499772114455014,8.741869113541453,2.5386611297750017,0.11952207440757548,18.443998699943474,-8.293977695551446,8.372350754542893,8.363153661232309,3.0370515185235827,-8.808963714123403,-11.802141143375676,9.125154165996447,2.282309953505374,1.3383263451531073,1.8898361782151996,-3.0865388529492495,-2.098317915702047,-12.170481864683834,-13.934348464797283,1.699190887436368,-3.275263996936476,8.106493570654276,2.6597994548602464,-9.236640131389938,-6.814503498607973,16.76159906062344,4.006567134282327,1.6663760023586018,4.732125820879594,3.425825096415412,-8.486213028402547,5.476109483656601,-3.8231492844685415,3.914506026373967,4.004065826593152
6.298021294506263,16.911680253580155,-2.4071334492783656,-1.2972380906055225,-5.904709004898721,-13.677859846649291,7.640003940019028,11.122436110443418,9.436094250024784,-8.949327719389228,17.677570989918795,15.900625888903784,-2.7051391348725033,15.706899324543686,1.9377376308623349,-3.8629491929051154,2.6984756428526513,-6.86876670381231,15.25817828666688,-2.034733454022014,-7.576545081932052,-12.145825197452382,7.647940208333544,2.1283265965884124,-0.12776937684353643,16.52268835149822,-7.504464450944874,7.718741968074289,7.759462914303891,2.763951381754327,-8.137499164362188,-10.793162252699322,8.138061529865555,2.072221491755172,1.036047207951987,1.8618541985749821,-2.5405759872746296,-1.7844671844033577,-10.88380997288767,-12.483652272887376,1.3099469198845073,-3.282279484181513,7.216296793222837,2.6204976737555254,-8.152947371147121,-6.097071266291533,14.933441457011975,3.7309034254559363,1.551539934273658,4.354866992143992,2.948342534211804,-7.529945779857495,4.924610291598103,-3.4772631275908203,3.715934321212177,3.6171920246441895
-1.5492762593129503,-2.588839445907399,0.9883149833694452,0.37669974218146357,1.0295168079405677,2.8471849749511033,-1.15989769941018,-1.5711619999292945,-1.1260677653758846,1.7152262657373325,-3.1941597064299034,-2.7051391348725033,1.0342902636802047,-3.2485500057392,-0.3955524010447993,0.3258936012722127,-0.0016102544119553398,1.5105126756550624,-2.354021298780993,1.0338269830538875,1.0768016395853512,2.0128956371181554,-2.0226025066675657,-0.9332876974527592,-0.774644245474317,-3.0497064422620723,1.1248616487909153,-0.6486955215951342,-0.4754425354129651,-0.3414380144910148,0.5949881931187672,1.1723542614274964,-1.5879659721929573,-0.2504536101506245,-0.7410392522491241,0.2281079041914452,1.2014722610946484,0.6247258185346084,2.0374039919257245,2.2805201617589135,-1.001329158686578,-0.5851010891481565,-1.478026685223619,0.3511291749457383,1.9104258362124023,1.1666427317317847,-3.0227775548426723,-0.21491068994751802,-0.06907354667600821,-0.3649219877442814,-0.9538162330042235,1.634579447826038,-0.8312501780871379,0.4600293132531348,0.031073498136298543,-0.5418005474604132
6.7013127800342485,16.419475449686182,-2.9592324005932085,-1.4312567655759254,-5.8584236303849995,-14.038216545538301,7.403796669329918,10.665728270012913,8.844387104371442,-9.03726228739562,17.665427650753724,15.706899324543686,-3.2485500057392,16.104887984689906,1.980500108561466,-3.4785875536847564,2.2083557414395125,-7.133414263944304,14.833206927140518,-2.6967921781285473,-7.2732977434833535,-11.952554368024064,8.282913119968876,2.6685106908145704,0.6756577409083013,16.559934549223218,-7.260425457670387,6.9610811737089895,6.82323341399079,2.604168324734449,-7.256760297951396,-10.005910323891072,8.25015933328307,1.9513295905376056,1.5931209775255089,1.2899363723177972,-3.2885597575542564,-2.092336685677061,-10.944074285401447,-12.49180648101911,2.070347213066829,-2.092924144032216,7.381341396049644,1.7924165806729841,-8.581068014584325,-6.149419939649139,15.236834009322019,3.26092935010201,1.3397225664019834,3.9317186941401365,3.3678694653797625,-7.794599145787119,4.860017948503429,-3.3037181957363537,3.0029213496109115,3.502348183103328
0.8216671030782693,2.0273589246566948,-0.36061391592412695,-0.1761124273919571,-0.7220828511807492,-1.7272061219397274,0.9154114513572492,1.3188970508988036,1.0944661094271733,-1.1126782683347296,2.17475388928334,1.9377376308623349,-0.3955524010447993,1.980500108561466,0.24418236292686496,-0.4333043107373881,0.27622741005349627,-0.8759582012642232,1.8316921649294147,-0.3277597396550506,-0.8992130849131769,-1.4736156551238846,1.0152369748731371,0.32572293169616345,0.07603827640534776,2.041293380298367,-0.8969263320762424,0.8638990633269134,0.8482160858094433,0.32168314960657934,-0.9004872012232795,-1.2383700663044082,1.0147886455906878,0.2403547058695717,0.19137038856830857,0.1641864291128629,-0.39724096161863004,-0.2546803032529882,-1.3474478996996733,-1.5391294471295456,0.24969303044953714,-0.26890139434408317,0.9081313684830102,0.22818267135364423,-1.0537631713245206,-0.7582160507612852,1.874990546777139,0.40666799259678693,0.1665173445013271,0.48714727956376186,0.41160222770017524,-0.959047706906689,0.5992639754099418,-0.40930024707264423,0.3761672466192445,0.4317522099461929
-1.2524505403525183,-4.273354547201513,0.25067325555506015,0.2283310892581867,1.4190787293402822,3.0208333681963926,-1.9387272233774129,-2.8876867572270446,-2.567171694928288,2.0604569163886146,-4.178435139813594,-3.8629491929051154,0.3258936012722127,-3.4785875536847564,-0.4333043107373881,1.1333305206985975,-0.9194853918968873,1.468030313500767,-3.846189696622948,0.09937308759942343,1.9618597067049564,2.977186963178913,-1.4402199717366044,-0.19242675107217316,0.4924912109141358,-3.876995299267186,1.9105492336999348,-2.2574718857686653,-2.369868479325293,-0.7443852957730572,2.4276578673702973,2.999694524582455,-1.8557655424366648,-0.558442470156094,0.0763820751138514,-0.7675742078140492,0.1690156039798293,0.2452138196155909,2.5324695050201456,2.9398557771855813,0.12867546725546472,1.4593727368119929,-1.607308465838612,-1.0961797423645294,1.6770621462432056,1.4083492937079294,-3.3487741786245593,-1.15138587439308,-0.48810366201746075,-1.2721431741410951,-0.4547653607259486,1.6253712021691462,-1.1988156116154416,0.9223968451669599,-1.286432307418477,-0.919244576133048
0.6872270460954042,3.1016159602510673,0.05467718103428961,-0.09424276385914852,-0.9820890718235697,-1.9064749343956326,1.407463860852306,2.14412779363124,1.9856796357369775,-1.3647186367944166,2.8551219731124182,2.6984756428526513,-0.0016102544119553398,2.2083557414395125,0.27622741005349627,-0.9194853918968873,0.8245336839389057,-0.8935323463393012,2.7851588866704704,0.2051884973673686,-1.4542554945332042,-2.1058083050062866,0.7232272305480287,-0.09504904874909065,-0.6575707851951027,2.6129779380397626,-1.3945391412137917,1.8420118037854334,1.9927056232581633,0.5733409618598538,-2.0141031076440536,-2.3639106914741475,1.2201471077496029,0.4344372272729743,-0.2757860506958808,0.749838176799735,0.18065787442732642,-0.048028356720158066,-1.6986184447896224,-1.9929876223310246,-0.4009851033518161,-1.469860306630654,1.0246279654607977,1.082074824587073,-0.9655898798788304,-0.9305078934433311,2.1503444637385916,0.968639738561133,0.41960362038061644,1.0420986095851104,0.1394596577172718,-0.9954928966055732,0.8410117236586507,-0.6967510084761628,1.160266857474319,0.6738535088990614
-3.0066069665518698,-7.135404876495901,1.3848100905005867,0.649951164779175,2.566400496137057,6.220609833551127,-3.2152563981035893,-4.613425400133722,-3.792698937312711,3.9830964969069824,-7.7560471491653,-6.86876670381231,1.5105126756550624,-7.133414263944304,-0.8759582012642232,1.468030313500767,-0.8935323463393012,3.1740531816278432,-6.447884252677991,1.2867357844235068,3.1478130173139864,5.21934292868454,-3.7351591409263345,-1.2549073667351371,-0.4209276456196241,-7.279030669316139,3.1514747728177213,-2.939897764576495,-2.8516995650432553,-1.1187384311477093,3.0501701771782446,4.2726214948859775,-3.6405573082800204,-0.8382148755817609,-0.7859744629163689,-0.4788090264987577,1.5597277170856578,0.9654270814263424,4.816481333565317,5.4883312960712844,-1.027150691925897,0.7350361915721826,-3.2676716357566273,-0.6581744558229915,3.835169631675084,2.7091306164021014,-6.73901707389839,-1.3591601515169163,-0.5555014677089469,-1.6603737244417116,-1.5436436390997337,3.4636269987625363,-2.1247305403029,1.4226544128323306,-1.2091419194428414,-1.5205787003163478
5.8408420341930665,16.352474015578707,-2.063547062629375,-1.1764198107089907,-5.65537485235341,-12.906292797929048,7.389392869115044,10.809482659126859,9.260269624460983,-8.50602778520076,16.89092492193026,15.25817828666688,-2.354021298780993,14.833206927140518,1.8316921649294147,-3.846189696622948,2.7851588866704704,-6.447884252677991,14.748146176430312,-1.659294714035291,-7.35909129518302,-11.680786489565183,7.035756650299946,1.800012248260117,-0.4596657704229354,15.75338659469012,-7.265073333628158,7.690526377541009,7.805999496125089,2.7089877635210815,-8.147550170190314,-10.641758251054796,7.725578288315436,2.0338223869087866,0.7542833824772042,2.0154646168426558,-2.1157812373989717,-1.579259561911724,-10.365489245177395,-11.912309766683979,0.9247566897339752,-3.633592886363551,6.818565692883463,2.8539760094245246,-7.601851971569576,-5.794513403647621,14.127325327478314,3.7582140308806866,1.5724918932833223,4.34258562517453,2.6381941169793732,-7.076172349584683,4.728527353904777,-3.3950714678355753,3.8464615182701127,3.5039487197150163
-1.3778878535869592,-1.8155895491104812,1.0045566706095408,0.3558427041120026,0.7848850131927835,2.373850832336748,-0.8118351499989764,-1.0383217537063283,-0.6295439581184453,1.3757852082869602,-2.4775754261790284,-2.034733454022014,1.0338269830538875,-2.6967921781285473,-0.3277597396550506,0.09937308759942343,0.2051884973673686,1.2867357844235068,-1.659294714035291,1.0886110238110769,0.716012405537443,1.486140141710878,-1.8426598523413995,-0.9602631075919204,-0.9387284089624479,-2.4018876819807122,0.7781834698694761,-0.18787900335130298,0.023397843297141896,-0.1966488955005877,0.08885611403809528,0.579655274284952,-1.282177068574455,-0.13950735505886058,-0.8105889962041846,0.41398708976607707,1.243116308202847,0.6112549432592856,1.6141301298803965,1.7850432893105725,-1.1050838616846612,-0.9507704113785979,-1.223505866189079,0.6217032432933787,1.6710086892748763,0.9374288996948016,-2.4877164410418735,0.025481973385942866,0.03668201272410764,-0.10159160559634714,-0.9198948239529406,1.3888274111445973,-0.6217179884626572,0.28657258900849186,0.32061574950609256,-0.37185537369789307
-2.824828025301709,-8.164662732570466,0.9345526195879703,0.5593618436652258,2.8044954769113524,6.326899129629694,-3.691730446455635,-5.418441929696531,-4.673198901682251,4.194464301836575,-8.356527669695067,-7.576545081932052,1.0768016395853512,-7.2732977434833535,-0.8992130849131769,1.9618597067049564,-1.4542554945332042,3.1478130173139864,-7.35909129518302,0.716012405537443,3.689698294723397,5.808456783549862,-3.378651005230196,-0.8015537045016079,0.3536883290324836,-7.784945110426485,3.631900977170046,-3.9229270620755377,-4.009692498269973,-1.3644974433327413,4.170046397428562,5.389446605992038,-3.8039058885318466,-1.0262889169439848,-0.2867728379832701,-1.088031180493732,0.927415485284072,0.7332249219074551,5.119595464630189,5.891776244095167,-0.3368057124717784,1.9852926008252352,-3.3468386054526027,-1.5431083350058183,3.6926177439784738,2.8571712094119777,-6.93763963796311,-1.9314500486796478,-0.8115296382908608,-2.2140952757009487,-1.2385792581521449,3.4583661605380365,-2.3495447821569355,1.7048218118179228,-2.014392114776076,-1.7507602465566476
-4.767337573335575,-12.948349409159103,1.783876819404785,0.9707334598346447,4.5089671789063965,10.40238678028809,-5.846186422561097,-8.52643838969266,-7.256733516795407,6.820887717487402,-13.499772114455014,-12.145825197452382,2.0128956371181554,-11.952554368024064,-1.4736156551238846,2.977186963178913,-2.1058083050062866,5.21934292868454,-11.680786489565183,1.486140141710878,5.808456783549862,9.290022245622442,-5.777277474445666,-1.5656701375906077,0.17030928165907414,-12.597407163102726,5.7466049257762,-5.961491346094057,-6.0115257492723755,-2.126359461206543,6.29910579624767,8.315924872626384,-6.203388484858068,-1.5984512178688195,-0.7404737062976526,-1.4713744180870039,1.8752044387571285,1.338512891337012,8.301701339078338,9.523650887814734,-0.9229085741163302,2.6126177423444465,-5.490203726562981,-2.0788292907954977,6.180282532562369,4.642167931194354,-11.363417553504448,-2.88644137119349,-1.20577820389943,-3.3681185250319676,-2.210584700725976,5.7189781173088905,-3.7640474926558687,2.6684508894400656,-2.899534680747249,-2.7732396227797325
3.629615990311842,7.772442369375979,-1.8863152039969127,-0.8178172807157938,-2.871456388375931,-7.234905337632668,3.4982880526352327,4.946682055852331,3.937151834189372,-4.5480929277962225,8.741869113541453,7.647940208333544,-2.0226025066675657,8.282913119968876,1.0152369748731371,-1.4402199717366044,0.7232272305480287,-3.7351591409263345,7.035756650299946,-1.8426598523413995,-3.378651005230196,-5.777277474445666,4.586935502547022,1.7394476053856498,0.9407391551628752,8.247138113696254,-3.418512924525321,2.877947152564771,2.672177609017905,1.1681832838319213,-2.9248360393581483,-4.359973076962246,4.172201502296462,0.8704492220721046,1.2096823814148439,0.20987447042931773,-2.1905954336739875,-1.2646525658327157,-5.47080899326762,-6.202551058819985,1.607526377309881,-0.14081858288323615,3.7862772810197916,0.26004748931597405,-4.580280813575336,-3.0943945788361584,7.789001040541401,1.2656130289124596,0.5020559904643588,1.6239178448159743,1.9873723783818236,-4.067329572645312,2.3610977950375887,-1.5075107734030317,0.952422538781813,1.6478178359674902
1.3163172541991168,1.9738018019416363,-0.898785209997967,-0.3339850165253802,-0.8138724966038713,-2.345833902770544,0.8862935213834916,1.1693101026792836,0.7825667700811211,-1.386406349736969,2.5386611297750017,2.1283265965884124,-0.9332876974527592,2.6685106908145704,0.32572293169616345,-0.19242675107217316,-0.09504904874909065,-1.2549073667351371,1.800012248260117,-0.9602631075919204,-0.8015537045016079,-1.5656701375906077,1.7394476053856498,0.8605086443172432,0.7733069959530667,2.450444409451336,-0.8530921827854464,0.36921122410508056,0.19324302606979418,0.2391403852412343,-0.29524863742201823,-0.7751186480015763,1.2858606602155784,0.16981819738788254,0.6983839420253515,-0.2916492727657003,-1.0991430896660428,-0.5537567749586454,-1.6357418982573375,-1.8237660813924248,0.9544216608275805,0.6963893618729821,1.2133730377945353,-0.44380417040398185,-1.6102921975523643,-0.9477243788266169,2.4772666963762586,0.08494182645274742,0.011534125278703329,0.20341837925835113,0.8440691306076642,-1.3599533783829245,0.6507508975979118,-0.33598895652263283,-0.16177018507388788,0.40766487708634036
0.6132417471680794,-0.5363514765480354,-0.7857568795766497,-0.20480574389674544,0.01246803026451051,-0.6139663812663306,-0.2559495493675316,-0.5350193277017954,-0.7412984553941928,-0.19739384513556,0.11952207440757548,-0.12776937684353643,-0.774644245474317,0.6756577409083013,0.07603827640534776,0.4924912109141358,-0.6575707851951027,-0.4209276456196241,-0.4596657704229354,-0.9387284089624479,0.3536883290324836,0.17030928165907414,0.9407391551628752,0.7733069959530667,1.1080907664197874,0.19878606756491216,0.27097694249616017,-0.985021048159404,-1.2343119774032878,-0.20124769557839878,1.1601011052075767,1.0064859488237008,0.21853938164495096,-0.15686504975726373,0.7778778322424549,-0.7713881426881534,-1.0482362959880807,-0.43301229791417467,-0.1733489199037517,-0.11904784037724656,1.0702807636052094,1.6148982001756333,0.29054421468429226,-1.1273296207050618,-0.6623789914195349,-0.13028528946919396,0.5491513765642817,-0.6146074028761944,-0.2827002916161004,-0.5570517519597153,0.604797899312101,-0.4312334208575423,-0.04787246599972662,0.2119474062744668,-0.9518711782254498,-0.1312597705459928
6.742907608327409,17.452307709256452,-2.743141706355382,-1.4138598219542489,-6.145857207326757,-14.429478588761642,7.881326516296984,11.423953683575402,9.60462625177061,-9.379489739595853,18.443998699943474,16.52268835149822,-3.0497064422620723,16.559934549223218,2.041293380298367,-3.876995299267186,2.6129779380397626,-7.279030669316139,15.75338659469012,-2.4018876819807122,-7.784945110426485,-12.597407163102726,8.247138113696254,2.450444409451336,0.19878606756491216,17.26894064164057,-7.734812832832974,7.743059212239669,7.71020306475766,2.8175720720387516,-8.125236820174333,-10.937173317063177,8.540047964371935,2.1096535111857175,1.3119766000120705,1.7082280369434668,-2.958681215885343,-1.9872800953582241,-11.386452816854737,-13.037136552714784,1.6866399521000595,-2.934848295069683,7.602782265257913,2.390838190573551,-8.689816819654324,-6.390176254956919,15.71789278080928,3.7023046634685546,1.5305792132972054,4.367095963695696,3.252081862501464,-7.972227822358535,5.114325893069595,-3.558406863665416,3.5848975589630263,3.7271090396084747
-2.846352027026768,-8.058025968488073,0.9827364504675298,0.5709882529462497,2.780347135046004,6.317561717956275,-3.64262138808323,-5.334118793614018,-4.580316404875833,4.17282592557344,-8.293977695551446,-7.504464450944874,1.1248616487909153,-7.260425457670387,-0.8969263320762424,1.9105492336999348,-1.3945391412137917,3.1514747728177213,-7.265073333628158,0.7781834698694761,3.631900977170046,5.7466049257762,-3.418512924525321,-0.8530921827854464,0.27097694249616017,-7.734812832832974,3.5820586699637476,-3.818786083064658,-3.885638409054393,-1.3386116325902835,4.049458204658664,5.2697221434093615,-3.7871187776709805,-1.0051403397418888,-0.3395702995172092,-1.0229292184371523,0.9958110660585976,0.7570770400510402,5.087743744414848,5.850472159134181,-0.4121749231527184,1.8514469834221692,-3.339637070560495,-1.447348702154536,3.709426825615903,2.8432634989438834,-6.920527867804175,-1.8717548773163237,-0.7838483977845557,-2.154784445146974,-1.2717472040885678,3.4600314741858735,-2.326014083275006,1.675573962335693,-1.9293791449821458,-1.7268379207023978
2.5039310117127322,8.546062273768475,-0.495828086955145,-0.4464067037250427,-2.837737745051892,-6.037485666176738,3.8693099488533202,5.77152530283843,5.138904289338276,-4.121272231899221,8.372350754542893,7.718741968074289,-0.6486955215951342,6.9610811737089895,0.8638990633269134,-2.2574718857686653,1.8420118037854334,-2.939897764576495,7.690526377541009,-0.18787900335130298,-3.9229270620755377,-5.961491346094057,2.877947152564771,0.36921122410508056,-0.985021048159404,7.743059212239669,-3.818786083064658,4.5197090319860145,4.748606047819637,1.4933003539533154,-4.870293944003987,-6.013329398879739,3.717502123375655,1.126934340716545,-0.15231587192215473,1.5339589553081312,-0.3456325744076041,-0.49642145969367607,-5.068988921207371,-5.878412338305133,-0.26962631599406883,-2.9183211253828265,3.2129426667042313,2.197282426751927,-3.351069626398924,-2.8080590169149304,6.691746282664914,2.29747456687581,0.9803541406926317,2.5542325581039007,0.9070991581966118,-3.244899162936672,2.3985914434777733,-1.8417943426843972,2.572932723372064,1.8434666313385486
2.3704246226813916,8.680541071101473,-0.320774913489572,-0.3989782038069308,-2.8452478990257113,-5.910738033028628,3.932061031295336,5.9009792760412605,5.31441643008111,-4.084899033834662,8.363153661232309,7.759462914303891,-0.4754425354129651,6.82323341399079,0.8482160858094433,-2.369868479325293,1.9927056232581633,-2.8516995650432553,7.805999496125089,0.023397843297141896,-4.009692498269973,-6.0115257492723755,2.672177609017905,0.19324302606979418,-1.2343119774032878,7.71020306475766,-3.885638409054393,4.748606047819637,5.035036727094984,1.5414776474178289,-5.141532465933211,-6.252079965168667,3.676423614307785,1.1661800201610557,-0.32582844799464783,1.709146775849286,-0.11251569646244651,-0.4021595828325,-5.040627422739708,-5.862260510388479,-0.5116726858667423,-3.284860484502999,3.1534670324196243,2.454860531720913,-3.2084946437202233,-2.7822765253371453,6.578983039301901,2.437632217965848,1.0461694119322533,2.6849752763187515,0.7732431866924834,-3.1537369110295215,2.413888578018544,-1.8918174708489384,2.789859706650849,1.8765211112939828
0.9876471499197271,3.0064330784149074,-0.28694109068337503,-0.18811612464920174,-1.021115325351819,-2.2612607785212555,1.358248792100389,2.0058167882599185,1.7503410539278923,-1.5128691718289176,3.0370515185235827,2.763951381754327,-0.3414380144910148,2.604168324734449,0.32168314960657934,-0.7443852957730572,0.5733409618598538,-1.1187384311477093,2.7089877635210815,-0.1966488955005877,-1.3644974433327413,-2.126359461206543,1.1681832838319213,0.2391403852412343,-0.20124769557839878,2.8175720720387516,-1.3386116325902835,1.4933003539533154,1.5414776474178289,0.5111883625252818,-1.596557588767702,-2.0296187901397116,1.3712872127280828,0.3856471269796399,0.05284605054092277,0.4453597754138485,-0.2715386818166868,-0.2399852029727721,-1.8514459463340147,-2.1351512461239732,0.04982229354281856,-0.8275951778205761,1.1982562215483714,0.6361848718849135,-1.299557335484776,-1.029259902305451,2.4882100283984014,0.7424806656012869,0.31468551250073495,0.8450846587258958,0.4107604409384136,-1.2289105028893879,0.8580154535996469,-0.634695696383787,0.7953592666000816,0.6470991163283693
-2.566403285369374,-9.056766783307285,0.43310927787126396,0.4417102755035955,2.9884176568247343,6.287585558468824,-4.09885958945285,-6.134987697330803,-5.49508818208438,4.317576298351269,-8.808963714123403,-8.137499164362188,0.5949881931187672,-7.256760297951396,-0.9004872012232795,2.4276578673702973,-2.0141031076440536,3.0501701771782446,-8.147550170190314,0.08885611403809528,4.170046397428562,6.29910579624767,-2.9248360393581483,-0.29524863742201823,1.1601011052075767,-8.125236820174333,4.049458204658664,-4.870293944003987,-5.141532465933211,-1.596557588767702,5.2645140571104925,6.450113796975275,-3.8926818532807563,-1.2088780391861815,0.24616843121530863,-1.7001103163845779,0.25013353338778077,0.4784642090515868,5.319893026736108,6.175282732860459,0.4085987505072758,3.252570534418246,-3.349696628997125,-2.4423885149810562,3.453267305462571,2.937999753350318,-6.98105929764699,-2.4847916596894852,-1.0656925893529605,-2.7561479042314674,-0.8871608433410368,3.366887012192862,-2.5312157052912427,1.9622403190106137,-2.8140803576537277,-1.957219193116764
-3.723622908962548,-11.817836867183503,0.9623677289287268,0.692654423459904,3.980364692611266,8.686000117163992,-5.344104543033301,-7.921960949326234,-6.965629213085183,5.855031171037152,-11.802141143375676,-10.793162252699322,1.1723542614274964,-10.005910323891072,-1.2383700663044082,2.999694524582455,-2.3639106914741475,4.2726214948859775,-10.641758251054796,0.579655274284952,5.389446605992038,8.315924872626384,-4.359973076962246,-0.7751186480015763,1.0064859488237008,-10.937173317063177,5.2697221434093615,-6.013329398879739,-6.252079965168667,-2.0296187901397116,6.450113796975275,8.107220345887148,-5.296550441357836,-1.5327535887299069,-0.05133018370498267,-1.8919619420507376,0.8430353992218351,0.8466267845552912,7.179241840724683,8.295288616541413,0.018825856893736847,3.549621564801613,-4.610148985108308,-2.704732343270083,4.930041088202494,3.9847273086627855,-9.58074819131699,-3.0152244897697686,-1.2820199556497407,-3.4003070506899444,-1.4786931909168546,4.701900839970086,-3.352501667743844,2.5130125923301554,-3.2891709804563822,-2.5451568994781457
3.393816860147903,8.55585293910284,-1.436881031771763,-0.7145716970317626,-3.031745270808177,-7.187545467054739,3.858406724048302,5.579123225946312,4.662772611310201,-4.651290505623276,9.125154165996447,8.138061529865555,-1.5879659721929573,8.25015933328307,1.0147886455906878,-1.8557655424366648,1.2201471077496029,-3.6405573082800204,7.725578288315436,-1.282177068574455,-3.8039058885318466,-6.203388484858068,4.172201502296462,1.2858606602155784,0.21853938164495096,8.540047964371935,-3.7871187776709805,3.717502123375655,3.676423614307785,1.3712872127280828,-3.8926818532807563,-5.296550441357836,4.242294001022504,1.029474353523584,0.7323432974010893,0.7584907078064852,-1.5780762859569024,-1.0316542226906196,-5.641132009064942,-6.4471936049495016,0.9424806949628316,-1.2732335628308442,3.7833755282763057,1.0608044220683044,-4.35970618098435,-3.1639305906312827,7.814991234465443,1.7581799956774595,0.7269805958096924,2.10059162034962,1.6699627371488635,-3.979495966648979,2.519674309660559,-1.732670866866275,1.6658207163705747,1.8278085923595897
0.7369450039300025,2.2580234093776737,-0.21005848711771602,-0.136630026552015,-0.7659480214277973,-1.6924728145930863,1.0182410562746733,1.506969617976908,1.3184377628770594,-1.1345217216050583,2.282309953505374,2.072221491755172,-0.2504536101506245,1.9513295905376056,0.2403547058695717,-0.558442470156094,0.4344372272729743,-0.8382148755817609,2.0338223869087866,-0.13950735505886058,-1.0262889169439848,-1.5984512178688195,0.8704492220721046,0.16981819738788254,-0.15686504975726373,2.1096535111857175,-1.0051403397418888,1.126934340716545,1.1661800201610557,0.3856471269796399,-1.2088780391861815,-1.5327535887299069,1.029474353523584,0.29339702678105023,0.036114724564946,0.33828579643331513,-0.19954500334972988,-0.17982061418822998,-1.390035662525835,-1.6013080050843471,0.028004495125717187,-0.6299242672393864,0.8970997063289726,0.4854168081188716,-0.9706973011300254,-0.7690067523977622,1.8615218485284768,0.5585175490502099,0.23892479863883798,0.639720461713823,0.3043196967142016,-0.9184297040512115,0.6444757796426398,-0.4762307931988793,0.6015997275491448,0.4872805223556338
0.8816366217086637,0.8175943655654181,-0.7289380083240866,-0.23669194305222271,-0.409716768603944,-1.4056014469080922,0.35959588309038365,0.40852769141172585,0.1424793820644127,-0.775068370378927,1.3383263451531073,1.036047207951987,-0.7410392522491241,1.5931209775255089,0.19137038856830857,0.0763820751138514,-0.2757860506958808,-0.7859744629163689,0.7542833824772042,-0.8105889962041846,-0.2867728379832701,-0.7404737062976526,1.2096823814148439,0.6983839420253515,0.7778778322424549,1.3119766000120705,-0.3395702995172092,-0.15231587192215473,-0.32582844799464783,0.05284605054092277,0.24616843121530863,-0.05133018370498267,0.7323432974010893,0.036114724564946,0.6264621641773566,-0.41538837234728404,-0.9240755337377365,-0.4343578451922524,-0.8956025717278268,-0.9699397369567784,0.8524282156232939,0.9137354011238715,0.7179941413037078,-0.6142321322748524,-1.0483229077878997,-0.5243941187187298,1.447679450224682,-0.17256754172839392,-0.09056520306346327,-0.08689034283724446,0.6383795727972517,-0.8400629826621662,0.3153555981227103,-0.09532783920797708,-0.41270373336552973,0.16312019587393667
0.2840571867516173,2.253386257770862,0.26782868547206456,-0.0051553464548015175,-0.6676843053495671,-1.1066975609437755,1.0277746627721087,1.6067944787455675,1.559063163018298,-0.8642956295178613,1.8898361782151996,1.8618541985749821,0.2281079041914452,1.2899363723177972,0.1641864291128629,-0.7675742078140492,0.749838176799735,-0.4788090264987577,2.0154646168426558,0.41398708976607707,-1.088031180493732,-1.4713744180870039,0.20987447042931773,-0.2916492727657003,-0.7713881426881534,1.7082280369434668,-1.0229292184371523,1.5339589553081312,1.709146775849286,0.4453597754138485,-1.7001103163845779,-1.8919619420507376,0.7584907078064852,0.33828579643331513,-0.41538837234728404,0.7356352190658506,0.4337671793740633,0.09739083390499158,-1.0968532531192767,-1.312451656936482,-0.5846692626311099,-1.4699277419386527,0.6070393025333137,1.062401978914662,-0.45743358449651705,-0.5916892386965268,1.2907721323405912,0.8359206668607407,0.36615610312838043,0.8654466019407528,-0.08439475827768637,-0.5456290269474792,0.5824904011206529,-0.5317157399504336,1.0651750763708088,0.4929579265001433
-1.6481916070034577,-2.3185745170412067,1.1593628887322365,0.41172900264740364,0.9780003374766767,2.884646664925652,-1.030756863802109,-1.3469730786623988,-0.8688336847159868,1.6907940886816837,-3.0865388529492495,-2.5405759872746296,1.2014722610946484,-3.2885597575542564,-0.39724096161863004,0.1690156039798293,0.18065787442732642,1.5597277170856578,-2.1157812373989717,1.243116308202847,0.927415485284072,1.8752044387571285,-2.1905954336739875,-1.0991430896660428,-1.0482362959880807,-2.958681215885343,0.9958110660585976,-0.3456325744076041,-0.11251569646244651,-0.2715386818166868,0.25013353338778077,0.8430353992218351,-1.5780762859569024,-0.19954500334972988,-0.9240755337377365,0.4337671793740633,1.4422751318483713,0.719562342128236,1.9929049597209239,2.207156338527911,-1.248230302501038,-1.0093621567289144,-1.4897677769403872,0.6475160678343369,2.005355753981993,1.1448997674658277,-3.033367768543074,-0.03091891161662493,0.011222987065498066,-0.19710395827124566,-1.0774405407662815,1.6765399822417655,-0.7796582647246741,0.3783725339932311,0.29556655148518485,-0.48233918074032534
