V1,V2,V3,V4,V5,V6,V7,V8,V9,V10,V11,V12,V13,V14,V15,V16,V17,V18,V19,V20,V21,V22,V23,V24,V25,V26,V27,V28,V29,V30,V31,V32,V33,V34,V35,V36,V37,V38,V39,V40,V41,V42,V43,V44,V45,V46,V47,V48,V49,V50,V51,V52,V53,V54,V55,V56
29.896172266584557,6.8724845278077655,-29.986268218519733,-8.868061457096822,-8.27884154839921,-40.79108975930892,2.697002171057679,-1.5880336495991134,-11.05792398267416,-19.805037089055826,29.930421855090486,19.16092085898163,-30.04115102770901,45.79648632771271,5.423283178301946,10.80608739881045,-18.151871428276593,-24.232505316320374,7.01962012818278,-34.61922289326325,0.733067125949376,-12.10472215163087,42.890075801459034,29.231898564267677,37.05472768633346,31.077871209228107,-1.9564038956765692,-21.77838154228364,-30.129184677591276,-2.726674044859622,27.122200993462496,18.040612017463,19.28216412422806,-2.293035836348273,27.665961026496387,-23.176588656372857,-38.92341405099442,-17.132557157850535,-21.8189438718595,-22.387327619500464,37.98639464032763,49.446810305300765,20.399815962522286,-34.0749258213407,-34.28462027167189,-13.413306932602028,40.48221460140524,-15.129821914332805,-7.247702514550512,-12.38424802573154,24.681394324318624,-25.612245876807687,5.633262688404774,1.9911828318030629,-26.51985559301497,0.8819871054182495
6.8724845278077655,2.679553012521506,-6.619103753878373,-2.0108054736318492,-2.199527460717203,-9.739032329991216,1.1326940536908243,0.453958330482535,-1.710561147571861,-4.890754624117866,7.665906530379786,5.255740692663131,-6.648848869898413,10.947448847612447,1.305447401494953,2.035694191758913,-3.7120234115299597,-5.689180481666341,2.59324460839025,-7.594718015231769,-0.3827181560839996,-3.454536972096534,9.758787251817663,6.449054008820138,7.950639367998211,7.86445640814929,-0.9573439156401652,-4.135759808706183,-5.93186040367358,-0.395345049226998,5.26739237930779,3.1256036366572557,4.712857068698072,-0.3579065605302055,6.016396509013577,-4.843650917147541,-8.5319204432054,-3.798064237202658,-5.456647416709856,-5.699302949201793,8.268724233443763,10.388146299462699,4.897689218117883,-7.140915029645689,-7.9484325202388835,-3.325871556713078,9.765035512571606,-2.978789349140463,-1.4519652757314163,-2.3645459961570046,5.5139004550855715,-6.04349656667012,1.5593457690247412,0.17902964626342344,-5.4319283159419145,0.4405996006729018
-29.986268218519733,-6.619103753878373,30.14791174808352,8.91140158683406,8.230296241228563,40.82410049797654,-2.5847240667106495,1.793758147233537,11.302463548500839,19.779146542572676,-29.807326508063802,-19.012076451550406,30.196300490410714,-45.82150620672397,-5.426637975128092,-10.941508075668809,18.323756932952637,24.2708303431858,-6.796400363214884,34.82202482672299,-0.8716231367177399,11.965805689831774,-43.04290202842893,-29.399477402605402,-37.30538617680111,-31.000207436839787,1.8382136328494594,22.06444973425701,30.474585514126808,2.797054583207569,-27.458357567389445,-18.36190625108088,-19.263186097545407,2.3515713430028553,-27.83292325328512,23.363713626813034,39.13433936865522,17.21118375789792,21.770081513369863,22.31736168343312,-38.22575654876109,-49.836421072751165,-20.409865811916234,34.353668951753995,34.37192494802354,13.400690741512948,-40.49248234040366,15.294362396203743,7.326532717830443,12.551501816020025,-24.795810167514336,25.653609676325736,-5.5832429396660554,-2.065420898360345,26.76321884422182,-0.820714310736118
-8.868061457096822,-2.0108054736318492,8.91140158683406,2.6632064219585,2.449541144333557,12.091568381621961,-0.8114177485739432,0.48121210225076905,3.314248577584013,5.861823961510283,-8.800524333230022,-5.680409105202412,8.919305965260667,-13.546160691304978,-1.6126271733106001,-3.1873578687949786,5.403781610037109,7.168094686270155,-2.0566179965799005,10.304117152748264,-0.22785335343491578,3.547464606631275,-12.7197238866525,-8.71728388453496,-10.997674178196393,-9.227433367005268,0.5755677479698063,6.493392419793892,8.984667756712769,0.8294426173993242,-8.113493103352885,-5.4177183013550305,-5.688678274440135,0.7156115381860777,-8.20854560615069,6.875744236652985,11.523187034431231,5.059093027170124,6.445473632947061,6.628054112589435,-11.310335516909207,-14.680996972559633,-6.0474382964908635,10.136711967393135,10.170408809122911,3.9970019965863828,-12.005327193190032,4.482464259967866,2.167210624713496,3.7178139208503214,-7.325815461229963,7.603211514393801,-1.6606939431482008,-0.5937752129538518,7.876105909049539,-0.24028164582020528
-8.27884154839921,-2.199527460717203,8.230296241228563,2.449541144333557,2.372517487292144,11.393458368405216,-0.8860196550719569,0.218591583835738,2.838596499448626,5.575332464130708,-8.497715077324807,-5.536148538592741,8.249785305447531,-12.793964715671802,-1.517860800633081,-2.8703890832811787,4.902755130788313,6.741753745757168,-2.2078437644994913,9.489804420559024,-0.0542792693777258,3.5320829038310837,-11.849731303252316,-8.023482988504384,-10.107908248121381,-8.801300984768929,0.6789088801123021,5.7966599204433935,8.076296559882051,0.6932828613579158,-7.25168609125884,-4.7220898933979765,-5.414196567047658,0.590628204411599,-7.5684238940686885,6.287095065052862,10.665266715119104,4.7054420775754435,6.160324732602716,6.348581100276491,-10.395476808992616,-13.42858137265807,-5.705290381810259,9.249925714263547,9.512270049988546,3.780729480765665,-11.334387730451265,4.054467338503656,1.9497971443947186,3.300739827211055,-6.791702548487354,7.1349095816975145,-1.6310760821401846,-0.4761413267727543,7.164493787258243,-0.30773095859165145
-40.79108975930892,-9.739032329991216,40.82410049797654,12.091568381621961,11.393458368405216,55.77567805085362,-3.849337165908428,1.896824434202513,14.814380033425154,27.133635928595698,-41.09485130118735,-26.42434764448537,40.904428356021874,-62.623419105689166,-7.419184785423152,-14.595645419659048,24.615421029521297,33.102041432606995,-9.900282392781383,47.116458171531995,-0.8186833453128934,16.736464711530967,-58.48709776861839,-39.79682964315116,-50.371416868029335,-42.64136593544091,2.836682578609971,29.42869837607176,40.78240162644424,3.6445494464957746,-36.68899473420928,-24.279951968887843,-26.400699774769524,3.073862835083939,-37.634907083962354,31.463088752379907,52.97036136273625,23.3292054355162,29.915016871922134,30.72788478999074,-51.67791338807891,-67.14406050776383,-27.90261912943361,46.26516251070175,46.80100022389457,18.381968045768804,-55.386385508121386,20.478640794101654,9.818801425627624,16.73947528957595,-33.62336854445599,34.997616164968264,-7.7730894515795885,-2.6248834474770955,35.965479006818576,-1.2812718413532964
2.697002171057679,1.1326940536908243,-2.5847240667106495,-0.8114177485739432,-0.8860196550719569,-3.849337165908428,0.5008881199532352,0.24659704432849502,-0.6199552460158699,-1.9409053517756878,3.0222690290097862,2.139208704112017,-2.5916118957014653,4.3059748785280165,0.5207573810722048,0.7434333700592712,-1.4286605243879518,-2.2284679987331386,1.0892995985854097,-2.9733220965257696,-0.1935429560364677,-1.3853259460452152,3.8182611503811574,2.540882196676496,3.072031736380037,3.160025053505134,-0.41928831690907364,-1.5673928021921582,-2.2715554260843174,-0.14933037699325188,2.0291123611878983,1.1821064335692892,1.8519817240370053,-0.1516972980438723,2.330645243761492,-1.8564710487784537,-3.2923312604278148,-1.4599879373630782,-2.162098697170127,-2.278390051514198,3.23417039867708,3.996042018668903,1.9385490547345294,-2.760129577331497,-3.1259492388706307,-1.3416221145513727,3.8726621723993,-1.1183749096006974,-0.5630850367271892,-0.9167950244046397,2.152488162190424,-2.3906512667669015,0.6286948904623958,0.046720516819851246,-2.0771532821522305,0.1787788584824718
-1.5880336495991134,0.453958330482535,1.793758147233537,0.48121210225076905,0.218591583835738,1.896824434202513,0.24659704432849502,0.6977767695335046,1.2022446879041362,0.8017238947533433,-1.0238578093795774,-0.37797341703475207,1.786530486922342,-2.129110464634309,-0.24253961458200632,-0.9176030295092921,1.3047408015938373,1.2044072999359112,0.35639080106275955,2.1011061228462378,-0.45062679403775113,0.15118292743760126,-2.3549798834004636,-1.7413955316964924,-2.3935671946356214,-1.1054443383073598,-0.2767727098166295,1.8014992519824207,2.333464632669864,0.31234794412286826,-2.146737954186627,-1.705730747247655,-0.8233403964352595,0.23756858222212657,-1.7275093471504097,1.5953933860653988,2.3880573818550292,1.0232775757197186,0.8356997243194186,0.7769498789185022,-2.3528544924256467,-3.3589847889462585,-0.928035447965491,2.3216692281051623,1.770380692652309,0.5239187720345165,-1.8055951046890184,1.1814219753580288,0.5405294835613825,1.0064735298205678,-1.429870153484179,1.2412187817983695,-0.10352295109703787,-0.3146159305396791,1.9058866446006402,0.12524186160373948
-11.05792398267416,-1.710561147571861,11.302463548500839,3.314248577584013,2.838596499448626,14.814380033425154,-0.6199552460158699,1.2022446879041362,4.724066002089136,7.068095063808545,-10.45290393283133,-6.451268036290569,11.306551154794066,-16.610281724792042,-1.9637622123574519,-4.323848505465736,7.0654735067603704,8.866382176565851,-1.8554607937075922,13.09034185719151,-0.6864542018561985,3.9585080374910144,-15.93807997651174,-11.033137001920418,-14.131371909330591,-10.96154818462057,0.3431753796453181,8.71820653562481,11.904959189777546,1.1896056273025244,-10.781325699779343,-7.4618242175170435,-6.910301600147869,0.9888908955192688,-10.489916856832078,8.933883519247939,14.697595496583943,6.432177023958008,7.7305867775478365,7.863062031445401,-14.413423418072322,-19.02458493186598,-7.388649541817364,13.131643091109586,12.631306619694419,4.78800776961152,-14.630012740015633,5.9661756008137274,2.847554777797871,4.958511768381019,-9.250165170070138,9.359658862736254,-1.8822491507764434,-0.9455813324942361,10.308454403785015,-0.14009789869088615
-19.805037089055826,-4.890754624117866,19.779146542572676,5.861823961510283,5.575332464130708,27.133635928595698,-1.9409053517756878,0.8017238947533433,7.068095063808545,13.224545830699391,-20.07709165432321,-12.9524357783277,19.82185446006443,-30.47120198752494,-3.6100257552533828,-7.0248148981125516,11.882235227003127,16.09187131172992,-4.951415589669352,22.81859896202503,-0.3166810952141541,8.229006366459217,-28.382740617202796,-19.276360566990117,-24.374003355555242,-20.80555488338858,1.4509546850249664,14.158177808023204,19.650757973817182,1.7331490893222692,-17.664040306444548,-11.63165683379607,-12.86309794658687,1.4627671630922146,-18.222969511866108,15.206316943909977,25.66198166694277,11.3101295850758,14.591845728823436,15.000496720365595,-25.017801755165678,-32.45729299721469,-13.577860255056423,22.35895730569383,22.732527970468354,8.956965962004283,-26.957762270613312,9.871947979416289,4.733870027836398,8.051433928137696,-16.3012479046517,17.013638332689716,-3.8135700847659098,-1.2339617287871856,17.365133093303378,-0.6594875466645367
29.930421855090486,7.665906530379786,-29.807326508063802,-8.800524333230022,-8.497715077324807,-41.09485130118735,3.0222690290097862,-1.0238578093795774,-10.45290393283133,-20.07709165432321,30.63055120831773,19.75784238818662,-29.88889818171879,46.19919290883606,5.4616963714803255,10.551281683558825,-17.829500470214022,-24.37572467293674,7.729013730203469,-34.35244651882287,0.34653889012491507,-12.645916603937899,42.87683253235124,29.000749118031976,36.7066245479486,31.57913023539192,-2.3066409285452893,-21.160980597445107,-29.413079871620603,-2.5377017839867704,26.382938854260285,17.25823199101814,19.54770903025674,-2.1184340803213897,27.464380871559868,-22.877841677885442,-38.730994611744414,-17.099846254520905,-22.186964184513645,-22.805594528570325,37.64316550343711,48.824472058325924,20.56916083271812,-33.59849882524987,-34.36771326263181,-13.557806977530928,40.84074275398229,-14.823251504868644,-7.081482166258068,-11.995793950086483,24.59451264481779,-25.735151362128573,5.835103280303214,1.801392604263284,-26.08873977700656,1.0806367032046007
19.16092085898163,5.255740692663131,-19.012076451550406,-5.680409105202412,-5.536148538592741,-26.42434764448537,2.139208704112017,-0.37797341703475207,-6.451268036290569,-12.9524357783277,19.75784238818662,12.949539140526054,-19.05598616550778,29.660760821769287,3.5244190560800344,6.5620557195671845,-11.281719559091103,-15.613148707933224,5.2565894542733895,-21.92144775248239,0.04124272723100801,-8.263186533441527,27.40799866288474,18.548141160397215,23.305177228592502,20.491148495241717,-1.6513115596489203,-13.290789915586343,-18.55362948655464,-1.5768681558404731,16.659348542495994,10.795061043191755,12.561557315379092,-1.3564437400972789,17.46199974747075,-14.47311966126808,-24.60603585153716,-10.856848224900732,-14.316497942457714,-14.777034186259009,24.004892165825126,30.9276053632693,13.23656204894102,-21.31011327018235,-22.02681978863439,-8.798295551022294,26.30591634636681,-9.30028733878597,-4.486252532889239,-7.5822820185683195,15.69533849998661,-16.541455236660745,3.8129842528158857,1.0582626108833735,-16.478698412457312,0.7406114960568376
-30.04115102770901,-6.648848869898413,30.196300490410714,8.919305965260667,8.249785305447531,40.904428356021874,-2.5916118957014653,1.786530486922342,11.306551154794066,19.82185446006443,-29.88889818171879,-19.05598616550778,30.247041467727016,-45.919064688136736,-5.436176082200136,-10.961650927341573,18.347971085976443,24.321384946448514,-6.824786949135367,34.873510257628205,-0.8652727641111356,12.004997945266236,-43.121414741389216,-29.439174338064348,-37.36661787240356,-31.061777594052177,1.8477001286779078,22.08807021095421,30.50887312203728,2.794777613966279,-27.482203409909026,-18.369059612777036,-19.308891974210923,2.345412635364467,-27.880019635420496,23.401562149676682,39.20757279412953,17.247045861324512,21.820847346665712,22.36674274458994,-38.2806484102439,-49.914726783648625,-20.45018248167699,34.40256118437474,34.43535124730185,13.423047306987343,-40.57180449229902,15.318850110336788,7.333544511170677,12.558739609646167,-24.838509575020943,25.700638814257108,-5.598595992365887,-2.0656749706154107,26.803371917358803,-0.8298450461717549
45.79648632771271,10.947448847612447,-45.82150620672397,-13.546160691304978,-12.793964715671802,-62.623419105689166,4.3059748785280165,-2.129110464634309,-16.610281724792042,-30.47120198752494,46.19919290883606,29.660760821769287,-45.919064688136736,70.33799164740577,8.325431624181903,16.40764100131918,-27.623326988107408,-37.18065690146147,11.12783449420232,-52.87032530122057,0.915629509609658,-18.821903607239616,65.66748137451945,44.64146959015254,56.55286571717662,47.85822180557486,-3.1836635177062327,-33.019082984132034,-45.75451992013006,-4.075630797044449,41.13980913785683,27.210382291843775,29.665205510650914,-3.4209405446560255,42.25483272391848,-35.328210993878415,-59.49505399421358,-26.214036940511303,-33.60514991983138,-34.50398752202238,57.985884791345015,75.381279103340745,31.327654144896652,-51.92339597315096,-52.542616744659554,-20.61860224281489,62.18047905616546,-23.001752768590084,-11.010309401899885,-18.758756855182362,37.746793973325744,-39.28517954345706,8.733374540919364,2.9470775420547546,-40.377191175298876,1.455192049497892
5.423283178301946,1.305447401494953,-5.426637975128092,-1.6126271733106001,-1.517860800633081,-7.419184785423152,0.5207573810722048,-0.24253961458200632,-1.9637622123574519,-3.6100257552533828,5.4616963714803255,3.5244190560800344,-5.436176082200136,8.325431624181903,0.9878676527313308,1.9313440379365558,-3.2695242966357023,-4.399348165538966,1.3255977240489276,-6.265040588408265,0.10295174487267002,-2.2273181454079745,7.774196959163802,5.295022809608412,6.690198571884184,5.680714538383463,-0.38337308819537214,-3.906094636162879,-5.4162420993640525,-0.48476075910905486,4.875814992796968,3.224938527542085,3.508804444394604,-0.4122000992649634,4.999249892946568,-4.176570538070539,-7.033076633795332,-3.0959628067394664,-3.9789664377233134,-4.090901566763005,6.871340462156448,8.915719294494439,3.7119911664109333,-6.1463212166109,-6.223353001019124,-2.450301576525009,7.3696559167331666,-2.7148784273703166,-1.3053427537433773,-2.226205857205443,4.4688782359159545,-4.656165719470208,1.035404697926485,0.3456326998439765,-4.774109332113423,0.1701081592923512
10.80608739881045,2.035694191758913,-10.941508075668809,-3.1873578687949786,-2.8703890832811787,-14.595645419659048,0.7434333700592712,-0.9176030295092921,-4.323848505465736,-7.0248148981125516,10.551281683558825,6.5620557195671845,-10.961650927341573,16.40764100131918,1.9313440379365558,4.115678956321951,-6.7417631548751995,-8.726126716682193,2.1386486217302103,-12.637696211422819,0.49295097380168784,-4.1253603483879315,15.548656654606543,10.640166794392535,13.632417462102902,10.914695845755798,-0.4927827329646783,-8.216472906155118,-11.275124980681753,-1.066366226609378,10.157625994679096,6.9001316435280025,6.877248286193675,-0.8692172094669225,10.146086104273857,-8.585058645575344,-14.26891667426005,-6.274134345094183,-7.720998879946978,-7.865347544235476,13.891069727128244,18.281897051385194,7.287296061840914,-12.588056625336336,-12.362817572533077,-4.727084008180931,14.437261793169515,-5.688884105734486,-2.696066779510863,-4.643519492306688,8.985821822534865,-9.185105018149551,1.9316889083181557,0.8369457440529335,-9.863233461687383,0.23589526385716933
-18.151871428276593,-3.7120234115299597,18.323756932952637,5.403781610037109,4.902755130788313,24.615421029521297,-1.4286605243879518,1.3047408015938373,7.0654735067603704,11.882235227003127,-17.829500470214022,-11.281719559091103,18.347971085976443,-27.623326988107408,-3.2695242966357023,-6.7417631548751995,11.21605076901656,14.659264271524425,-3.851473778876963,21.178111345318726,-0.6751623424633799,7.0616931715010685,-26.08221327071035,-17.871556715780123,-22.734019492059854,-18.574171845917355,0.9771686087173077,13.590521548992038,18.715285236318262,1.756099981481262,-16.88355987611593,-11.391425063568487,-11.584191790195854,1.470717429565739,-16.94001498611552,14.272049740710989,23.79898846099957,10.454620974574716,13.059173644549421,13.361447708072685,-23.265633229772426,-30.429582836218337,-12.299174229537488,20.98185942830534,20.78881195704876,8.04843396248439,-24.389149841908765,9.391019808202275,4.49314673675127,7.729138517315801,-15.05273820174475,15.487949335577333,-3.3086770333327524,-1.324779370979854,16.378476848905493,-0.4321378005894558
-24.232505316320374,-5.689180481666341,24.2708303431858,7.168094686270155,6.741753745757168,33.102041432606995,-2.2284679987331386,1.2044072999359112,8.866382176565851,16.09187131172992,-24.37572467293674,-15.613148707933224,24.321384946448514,-37.18065690146147,-4.399348165538966,-8.726126716682193,14.659264271524425,19.663594190119774,-5.79595809042683,28.007866672887406,-0.5365932892442787,9.897930327110148,-34.75672801797499,-23.643979571440223,-29.97802570731124,-25.25372328171925,1.6362590705337527,17.552658155116294,24.302251377571736,2.177300948517595,-21.856424613205835,-14.491198920429003,-15.672181892160886,1.823852664053828,-22.39127230962492,18.73970010349401,31.522314155784205,13.885796653317932,17.741261130005494,18.20513639310778,-30.723756902480968,-39.979680899208226,-16.55683893530969,27.53877157325192,27.79561671212618,10.885472300498868,-32.85799086778446,12.219285940850828,5.845238505628608,9.969041976010772,-19.98810639007522,20.771760930743255,-4.596511835341018,-1.58594578091198,21.427974366312885,-0.7486944259222856
7.01962012818278,2.59324460839025,-6.796400363214884,-2.0566179965799005,-2.2078437644994913,-9.900282392781383,1.0892995985854097,0.35639080106275955,-1.8554607937075922,-4.951415589669352,7.729013730203469,5.2565894542733895,-6.824786949135367,11.12783449420232,1.3255977240489276,2.1386486217302103,-3.851473778876963,-5.79595809042683,2.5208690669334977,-7.804155007533835,-0.31876125841222047,-3.441430141554737,9.981112367812237,6.6215223064822455,8.195262913361885,7.938017305027098,-0.9112820499638037,-4.3377663718323145,-6.188187514412461,-0.4336372286755486,5.5053935281136095,3.324927482638771,4.777805192977258,-0.3868449506286729,6.190264993837336,-5.010978947322229,-8.76986460444132,-3.8984880964108806,-5.516259669552289,-5.749027536785937,8.50552392515681,10.738768088265457,4.9753088087980855,-7.383932614539569,-8.109800327583786,-3.36475244189548,9.91394478969475,-3.1082721617042104,-1.5107115818716994,-2.477292594656271,5.652861400916136,-6.152315438738693,1.5582773128355234,0.21931190593258373,-5.635276202621406,0.4193700969396815
-34.61922289326325,-7.594718015231769,34.82202482672299,10.304117152748264,9.489804420559024,47.116458171531995,-2.9733220965257696,2.1011061228462378,13.09034185719151,22.81859896202503,-34.35244651882287,-21.92144775248239,34.873510257628205,-52.87032530122057,-6.265040588408265,-12.637696211422819,21.178111345318726,28.007866672887406,-7.804155007533835,40.2295643913291,-1.0282652964037406,13.773779430569196,-49.69504758211296,-33.97147620180245,-43.089703052740084,-35.77141989983493,2.1042041646388028,25.515915002438515,35.23581149073103,3.245902722225972,-31.76227937809129,-21.26121280927564,-22.216432828743624,2.7364501484944492,-32.14482377484258,26.988986727512792,45.1832772560922,19.864210353524065,25.107618003141653,25.742384904458646,-44.16570880140136,-57.57307333345922,-23.555034761557227,39.696360378933335,39.68066271483201,15.471946417230948,-46.73304939762812,17.670434368432197,8.473142468761637,14.526127938437376,-28.63393026989396,29.615006845601183,-6.432893535727785,-2.3946591977891547,30.923319879203316,-0.9302948847437746
0.733067125949376,-0.3827181560839996,-0.8716231367177399,-0.22785335343491578,-0.0542792693777258,-0.8186833453128934,-0.1935429560364677,-0.45062679403775113,-0.6864542018561985,-0.3166810952141541,0.34653889012491507,0.04124272723100801,-0.8652727641111356,0.915629509609658,0.10295174487267002,0.49295097380168784,-0.6751623424633799,-0.5365932892442787,-0.31876125841222047,-1.0282652964037406,0.2946912909250661,0.03710563170414204,1.1028011862600249,0.8482059387427338,1.1939548569597458,0.3980251898099874,0.20736673341146908,-0.9691854655528872,-1.234687129278607,-0.18124587510706316,1.1451632322501346,0.9499809875412801,0.3349438887015877,-0.13762701574823227,0.8512558186301372,-0.8122653191191741,-1.1664869781024116,-0.4933870270122913,-0.315678152602874,-0.271631962372968,1.1604316344482288,1.704240423452641,0.3956823354783995,-1.181218008932577,-0.8067859679324666,-0.20470519682508484,0.7616170768464201,-0.6232142162666438,-0.2837414575425107,-0.5418902140717378,0.6852739333845215,-0.5488832884753369,0.006000474484540697,0.18891137751244536,-0.9841429001107492,-0.09591212175538512
-12.10472215163087,-3.454536972096534,11.965805689831774,3.547464606631275,3.5320829038310837,16.736464711530967,-1.3853259460452152,0.15118292743760126,3.9585080374910144,8.229006366459217,-12.645916603937899,-8.263186533441527,12.004997945266236,-18.821903607239616,-2.2273181454079745,-4.1253603483879315,7.0616931715010685,9.897930327110148,-3.441430141554737,13.773779430569196,0.03710563170414204,5.333070982977876,-17.30862244064863,-11.63809753724778,-14.663136854559198,-13.001177123485554,1.0956789469578847,8.276692016918517,11.573312169418239,0.9504841465194875,-10.354600964578191,-6.64715504251901,-7.998011154910996,0.7995459815987567,-10.997344248290153,9.097482327792827,15.532879696209735,6.872751494580191,9.116425105356077,9.401232355150105,-15.071995396556362,-19.431753869115504,-8.385691988356363,13.364232800698105,13.920711430561484,5.55914369465421,-16.664264712784885,5.835713681136273,2.7939478879945354,4.693301425152936,-9.895192116435393,10.457356659154186,-2.4453568683082536,-0.6391131360793567,10.337643196946312,-0.5149840849972424
42.890075801459034,9.758787251817663,-43.04290202842893,-12.7197238866525,-11.849731303252316,-58.48709776861839,3.8182611503811574,-2.3549798834004636,-15.93807997651174,-28.382740617202796,42.87683253235124,27.40799866288474,-43.121414741389216,65.66748137451945,7.774196959163802,15.548656654606543,-26.08221327071035,-34.75672801797499,9.981112367812237,-49.69504758211296,1.1028011862600249,-17.30862244064863,61.54180619905458,41.95555989529161,53.21336544969956,44.51502264462411,-2.7588809392616027,-31.32192928389087,-43.31181494839751,-3.9305355587289754,38.99188898379034,25.968650196321217,27.641137002596853,-3.300073517462173,39.72310169840203,-33.29623249942189,-55.884478356384044,-24.59623601215229,-31.264333234980594,-32.06674917192782,54.53406051784828,71.02962990067022,29.24696853441684,-48.94657126529265,-49.17941464805887,-19.217008822938364,58.03378862767187,-21.754442058893535,-10.415470189952897,-17.805739895080293,35.423391537250154,-36.728408202617906,8.058037028644142,2.882679571563218,-38.10841143706712,1.2460563239241833
29.231898564267677,6.449054008820138,-29.399477402605402,-8.71728388453496,-8.023482988504384,-39.79682964315116,2.540882196676496,-1.7413955316964924,-11.033137001920418,-19.276360566990117,29.000749118031976,18.548141160397215,-29.439174338064348,44.64146959015254,5.295022809608412,10.640166794392535,-17.871556715780123,-23.643979571440223,6.6215223064822455,-33.97147620180245,0.8482059387427338,-11.63809753724778,41.95555989529161,28.697783815651224,36.361118083644214,30.243384042192503,-1.7978743073005878,-21.522794622355082,-29.732146583088543,-2.7412825080858836,26.81180611606483,17.94130861636145,18.75531194438023,-2.3221718046156195,27.12761612137463,-22.766955485448452,-38.1201949311997,-16.753904147634522,-21.206427880877328,-21.75534021103503,37.294482987794325,48.57551830622072,19.897179482039256,-33.5025721480435,-33.509196252907884,-13.085623906752813,39.48057041660803,-14.894251443894237,-7.154092812798555,-12.267367707117154,24.17310963927252,-25.01698856809372,5.438535596026113,2.0106331959867574,-26.085347084083153,0.78492755300776
37.05472768633346,7.950639367998211,-37.30538617680111,-10.997674178196393,-10.107908248121381,-50.371416868029335,3.072031736380037,-2.3935671946356214,-14.131371909330591,-24.374003355555242,36.7066245479486,23.305177228592502,-37.36661787240356,56.55286571717662,6.690198571884184,13.632417462102902,-22.734019492059854,-29.97802570731124,8.195262913361885,-43.089703052740084,1.1939548569597458,-14.663136854559198,53.21336544969956,36.361118083644214,46.22228930968928,38.140835421293225,-2.16086754373099,-27.43952127316993,-37.85085936652964,-3.4952219049525035,34.10456281064895,22.87719120971858,23.760695437388687,-2.921479552026105,34.469399702891245,-28.978912620042014,-48.466523019915066,-21.314102350675935,-26.819842447195857,-27.462255645548662,47.313501245568645,61.79453209571532,25.176676732177096,-42.588277755006985,-42.45877213123728,-16.493791461807383,49.93652355998499,-19.014816876054667,-9.090598804680543,-15.590297023747237,30.6736427217475,-31.66217776525651,6.846627815507085,2.612713243684881,-33.214674609222456,0.9743532927496489
31.077871209228107,7.86445640814929,-31.000207436839787,-9.227433367005268,-8.801300984768929,-42.64136593544091,3.160025053505134,-1.1054443383073598,-10.96154818462057,-20.80555488338858,31.57913023539192,20.491148495241717,-31.061777594052177,47.85822180557486,5.680714538383463,10.914695845755798,-18.574171845917355,-25.25372328171925,7.938017305027098,-35.77141989983493,0.3980251898099874,-13.001177123485554,44.51502264462411,30.243384042192503,38.140835421293225,32.800964881626456,-2.3730262813569234,-22.078522237753713,-30.68783264686711,-2.695338431183,27.597658242567604,18.118882705422546,20.20774735712147,-2.2991797332071378,28.528961487318448,-23.76602530851429,-40.1616658116785,-17.695488866123195,-22.957072272154775,-23.63549226996774,39.210295779259056,50.75097011792805,21.343828619211525,-34.97825890885224,-35.68571784041072,-14.122883249473306,42.390435332187714,-15.385568687827838,-7.404012811040927,-12.584963007428605,25.552791118543162,-26.73498583306596,6.026036708534694,1.884004838468419,-27.126823166185705,1.0596792159916744
-1.9564038956765692,-0.9573439156401652,1.8382136328494594,0.5755677479698063,0.6789088801123021,2.836682578609971,-0.41928831690907364,-0.2767727098166295,0.3431753796453181,1.4509546850249664,-2.3066409285452893,-1.6513115596489203,1.8477001286779078,-3.1836635177062327,-0.38337308819537214,-0.4927827329646783,0.9771686087173077,1.6362590705337527,-0.9112820499638037,2.1042041646388028,0.20736673341146908,1.0956789469578847,-2.7588809392616027,-1.7978743073005878,-2.16086754373099,-2.3730262813569234,0.3643687237447383,1.0261575286368743,1.5183779021068635,0.07532731046203867,-1.3393743392660744,-0.7192584694100778,-1.3851789404459771,0.07979900615618825,-1.650267496194862,1.2903243051762485,2.3468828371661283,1.0496866499358988,1.627459395052109,1.7205846997891237,-2.2796124256145482,-2.781280347958939,-1.4314517950076993,1.9132917573325583,2.2751433842832784,0.9958067153990329,-2.8632237163253365,0.7551040793363489,0.37845607674599396,0.5958927156055818,-1.5415069680860989,1.750432489846901,-0.4897654187911296,-6.997376767933232e-4,1.4269382363881953,-0.16364058125799325
-21.77838154228364,-4.135759808706183,22.06444973425701,6.493392419793892,5.7966599204433935,29.42869837607176,-1.5673928021921582,1.8014992519824207,8.71820653562481,14.158177808023204,-21.160980597445107,-13.290789915586343,22.08807021095421,-33.019082984132034,-3.906094636162879,-8.216472906155118,13.590521548992038,17.552658155116294,-4.3377663718323145,25.515915002438515,-0.9691854655528872,8.276692016918517,-31.32192928389087,-21.522794622355082,-27.43952127316993,-22.078522237753713,1.0261575286368743,16.558098391627517,22.743135307942037,2.174760153597996,-20.539034422528776,-13.965091255218933,-13.816073401816764,1.8153909215810806,-20.4232714861389,17.262693530016673,28.671869509715158,12.582272828578134,15.539803318173051,15.871135934493223,-28.049712978254117,-36.79123482524689,-14.696303367581903,25.37456756885291,24.92289675420392,9.587838260481753,-29.12966030083416,11.410409586980624,5.453454233027408,9.414715652359021,-18.106331896447273,18.537836743431605,-3.893060091621972,-1.6697443000450731,19.842312191611256,-0.44877246996949016
-30.129184677591276,-5.93186040367358,30.474585514126808,8.984667756712769,8.076296559882051,40.78240162644424,-2.2715554260843174,2.333464632669864,11.904959189777546,19.650757973817182,-29.413079871620603,-18.55362948655464,30.50887312203728,-45.75451992013006,-5.4162420993640525,-11.275124980681753,18.715285236318262,24.302251377571736,-6.188187514412461,35.23581149073103,-1.234687129278607,11.573312169418239,-43.31181494839751,-29.732146583088543,-37.85085936652964,-30.68783264686711,1.5183779021068635,22.743135307942037,31.278498247573303,2.9675140278445675,-28.238875453484795,-19.133153123727965,-19.16234647101438,2.485696878490728,-28.18741068550211,23.787044835402227,39.57950500191218,17.37449089700664,21.579496478029444,22.062827804423193,-38.72308259116314,-50.7092143264255,-20.371654414721835,34.974416611611275,34.492775413964786,13.315723481018848,-40.388891343479614,15.68641224887765,7.5061222487685635,12.939267701325528,-25.018680264451618,25.677935203726577,-5.435619352063862,-2.255875137964655,27.32219661499115,-0.6631020083013154
-2.726674044859622,-0.395345049226998,2.797054583207569,0.8294426173993242,0.6932828613579158,3.6445494464957746,-0.14933037699325188,0.31234794412286826,1.1896056273025244,1.7331490893222692,-2.5377017839867704,-1.5768681558404731,2.794777613966279,-4.075630797044449,-0.48476075910905486,-1.066366226609378,1.756099981481262,2.177300948517595,-0.4336372286755486,3.245902722225972,-0.18124587510706316,0.9504841465194875,-3.9305355587289754,-2.7412825080858836,-3.4952219049525035,-2.695338431183,0.07532731046203867,2.174760153597996,2.9675140278445675,0.30424043825152863,-2.697553496420777,-1.879140871699533,-1.6885817923260849,0.25915446361083755,-2.5924717031540063,2.2104672514540824,3.622179227341772,1.579865092344537,1.890016750753376,1.926055448579718,-3.5763220320743945,-4.710630539704034,-1.8174426858291908,3.258854463915468,3.1138502195029902,1.183588924576713,-3.5995836809818886,1.4766262953067686,0.7116053912792186,1.245869134204359,-2.28495401512469,2.307700194094769,-0.4564656578290618,-0.23847069590039158,2.555229049905825,-0.023291343138087502
27.122200993462496,5.26739237930779,-27.458357567389445,-8.113493103352885,-7.25168609125884,-36.68899473420928,2.0291123611878983,-2.146737954186627,-10.781325699779343,-17.664040306444548,26.382938854260285,16.659348542495994,-27.482203409909026,41.13980913785683,4.875814992796968,10.157625994679096,-16.88355987611593,-21.856424613205835,5.5053935281136095,-31.76227937809129,1.1451632322501346,-10.354600964578191,38.99188898379034,26.81180611606483,34.10456281064895,27.597658242567604,-1.3393743392660744,-20.539034422528776,-28.238875453484795,-2.697553496420777,25.516754371487046,17.320940863408588,17.21371939627215,-2.2718427371447145,25.39192087756804,-21.436516206548628,-35.63219279010989,-15.63009465993409,-19.385260404092815,-19.82542636197073,34.91172606214687,45.704545342105384,18.325913148563295,-31.538077954671248,-31.047566958618383,-11.988839060630896,36.334170249677335,-14.140357721512201,-6.779928371911535,-11.703458894569065,22.532679477933787,-23.112195940025778,4.873033873374674,2.0462190730964216,-24.6337672103429,0.5698938993089898
18.040612017463,3.1256036366572557,-18.36190625108088,-5.4177183013550305,-4.7220898933979765,-24.279951968887843,1.1821064335692892,-1.705730747247655,-7.4618242175170435,-11.63165683379607,17.25823199101814,10.795061043191755,-18.369059612777036,27.210382291843775,3.224938527542085,6.9001316435280025,-11.391425063568487,-14.491198920429003,3.324927482638771,-21.26121280927564,0.9499809875412801,-6.64715504251901,25.968650196321217,17.94130861636145,22.87719120971858,18.118882705422546,-0.7192584694100778,-13.965091255218933,-19.133153123727965,-1.879140871699533,17.320940863408588,11.886855713325197,11.34501877361254,-1.5804194134776615,17.005393602922283,-14.421151280347525,-23.832268461335687,-10.435359366606317,-12.737181953936386,-12.99745321856075,23.392230939661765,30.73335880124538,12.118638612193063,-21.219984644331948,-20.629362189319515,-7.8998366672710985,24.01337357206049,-9.570783374912335,-4.587604265521483,-7.961922611644253,15.043008804807958,-15.323277325268732,3.1491680276561342,1.4554555979245987,-16.611262646859632,0.2918378035577152
19.28216412422806,4.712857068698072,-19.263186097545407,-5.688678274440135,-5.414196567047658,-26.400699774769524,1.8519817240370053,-0.8233403964352595,-6.910301600147869,-12.86309794658687,19.54770903025674,12.561557315379092,-19.308891974210923,29.665205510650914,3.508804444394604,6.877248286193675,-11.584191790195854,-15.672181892160886,4.777805192977258,-22.216432828743624,0.3349438887015877,-7.998011154910996,27.641137002596853,18.75531194438023,23.760695437388687,20.20774735712147,-1.3851789404459771,-13.816073401816764,-19.16234647101438,-1.6885817923260849,17.21371939627215,11.34501877361254,12.525729535000112,-1.4125465532140395,17.761178591758796,-14.83330622000945,-25.023262671094304,-11.03401269735929,-14.19655546902882,-14.57914094943306,24.35900817610488,31.65060556134736,13.209223174193495,-21.792231572674336,-22.127990018522556,-8.694805998708553,26.22035835529482,-9.64455067610079,-4.611076043421553,-7.840552904815697,15.877639189963151,-16.551551808174732,3.7033756082596616,1.2161083664079593,-16.94060031598465,0.640931998826153
-2.293035836348273,-0.3579065605302055,2.3515713430028553,0.7156115381860777,0.590628204411599,3.073862835083939,-0.1516972980438723,0.23756858222212657,0.9888908955192688,1.4627671630922146,-2.1184340803213897,-1.3564437400972789,2.345412635364467,-3.4209405446560255,-0.4122000992649634,-0.8692172094669225,1.470717429565739,1.823852664053828,-0.3868449506286729,2.7364501484944492,-0.13762701574823227,0.7995459815987567,-3.300073517462173,-2.3221718046156195,-2.921479552026105,-2.2991797332071378,0.07979900615618825,1.8153909215810806,2.485696878490728,0.25915446361083755,-2.2718427371447145,-1.5804194134776615,-1.4125465532140395,0.23226888232406837,-2.1683502883661165,1.8411227280364664,3.017150397994765,1.309896671412604,1.5905454520488458,1.6332843008400055,-3.0148698696604703,-3.9323889829835137,-1.5341160672177523,2.731387387728837,2.6215488374750855,1.0152222514813605,-3.042871057354274,1.2196580279647187,0.60046690098442,1.055364734353771,-1.918218807623211,1.9500627029158215,-0.38786549016160216,-0.19179044557799096,2.1292808302427377,-0.016111090764125893
27.665961026496387,6.016396509013577,-27.83292325328512,-8.20854560615069,-7.5684238940686885,-37.634907083962354,2.330645243761492,-1.7275093471504097,-10.489916856832078,-18.222969511866108,27.464380871559868,17.46199974747075,-27.880019635420496,42.25483272391848,4.999249892946568,10.146086104273857,-16.94001498611552,-22.39127230962492,6.190264993837336,-32.14482377484258,0.8512558186301372,-10.997344248290153,39.72310169840203,27.12761612137463,34.469399702891245,28.528961487318448,-1.650267496194862,-20.4232714861389,-28.18741068550211,-2.5924717031540063,25.39192087756804,17.005393602922283,17.761178591758796,-2.1683502883661165,25.71074141282234,-21.60120266728537,-36.156499753532444,-15.903827569670923,-20.056805091654002,-20.544324560856,35.291029873025884,46.06605395710878,18.81268520424096,-31.74672052309738,-31.70560090391163,-12.331930077183925,37.31715185074127,-14.16080903763558,-6.771424345761023,-11.604342355892353,22.889998147414286,-23.650932403837135,5.131219687429246,1.9304678251981653,-24.7505036151516,0.745102735422184
-23.176588656372857,-4.843650917147541,23.363713626813034,6.875744236652985,6.287095065052862,31.463088752379907,-1.8564710487784537,1.5953933860653988,8.933883519247939,15.206316943909977,-22.877841677885442,-14.47311966126808,23.401562149676682,-35.328210993878415,-4.176570538070539,-8.585058645575344,14.272049740710989,18.73970010349401,-5.010978947322229,26.988986727512792,-0.8122653191191741,9.097482327792827,-33.29623249942189,-22.766955485448452,-28.978912620042014,-23.76602530851429,1.2903243051762485,17.262693530016673,23.787044835402227,2.2104672514540824,-21.436516206548628,-14.421151280347525,-14.83330622000945,1.8411227280364664,-21.60120266728537,18.184554100421018,30.369654960458973,13.352990116677015,16.726173936893666,17.111553849961567,-29.641642422172993,-38.767761945778005,-15.722474428765521,26.716738757885707,26.548332777227184,10.283134331420202,-31.178145940013344,11.955362639841889,5.708734877070186,9.80166455689611,-19.20411532367744,19.78352805801717,-4.25198455975356,-1.667639897497541,20.854268306521234,-0.5844607378517702
-38.92341405099442,-8.5319204432054,39.13433936865522,11.523187034431231,10.665266715119104,52.97036136273625,-3.2923312604278148,2.3880573818550292,14.697595496583943,25.66198166694277,-38.730994611744414,-24.60603585153716,39.20757279412953,-59.49505399421358,-7.033076633795332,-14.26891667426005,23.79898846099957,31.522314155784205,-8.76986460444132,45.1832772560922,-1.1664869781024116,15.532879696209735,-55.884478356384044,-38.1201949311997,-48.466523019915066,-40.1616658116785,2.3468828371661283,28.671869509715158,39.57950500191218,3.622179227341772,-35.63219279010989,-23.832268461335687,-25.023262671094304,3.017150397994765,-36.156499753532444,30.369654960458973,50.86797836720006,22.38629620999001,28.256586129299052,28.93685922701445,-49.59992351427145,-64.75889595748795,-26.479319980823785,44.61359931361056,44.60923692370652,17.346644605117795,-52.52342938915667,19.905759020120097,9.50477752890748,16.272777675942468,-32.19389738071534,33.276939409516174,-7.238031669882702,-2.7017506500876403,34.7863165699259,-1.0742621279834041
