V1,V2,V3,V4,V5,V6,V7,V8,V9,V10,V11,V12,V13,V14,V15,V16,V17,V18,V19,V20,V21,V22,V23,V24,V25,V26,V27,V28,V29,V30,V31,V32,V33,V34,V35,V36,V37,V38,V39,V40,V41,V42,V43,V44,V45,V46,V47,V48,V49,V50,V51,V52,V53,V54,V55,V56
17.99761520408761,-55.44829417631024,-54.975016194024604,-49.468878006323315,177.56800699293365,11.623019590040327,-25.54408199757685,50.89585215548398,72.3343967375259,-77.60703607793005,56.49402005807104,6.252979045767725,-77.01804285167405,73.23632282165327,66.95742223789595,-21.896376892055276,-11.457635980113896,-48.64241809965116,-60.64482379575766,-61.91865320942072,104.96509947128435,-38.7430348648115,116.21689957017911,4.258457793264227,-43.74654842842712,-30.123036323509545,73.24018268567053,2.195654724028797,-53.543846173984186,139.5334124632012,-85.18330973629601,-127.47557764813362,43.90116856520304,73.06620938821943,2.059136029907471,34.320969406490825,31.02564014169204,-89.3837226595628,-27.890118110267103,-12.326155200171405,42.66645836582077,109.84625559014275,-140.36466271655146,-179.27173586991472,-123.46591554456775,6.4299940296158304,-43.388599469339525,9.472317021658565,-10.577654323950135,-80.54238272064568,-100.50331969924692,-48.076005898998204,16.886098288547505,-67.89033702215038,-122.64753931491961,37.90671758387278
-55.44829417631024,173.6259853994291,171.62084062057295,155.210817803481,-557.0233578667192,-37.579123525050704,81.24424540356564,-159.61528243619856,-227.1505524625408,244.83192284742844,-179.12417312135975,-19.667240637686575,241.25109879291176,-231.70581296387144,-211.74493453121417,69.58737007258347,34.11970090126105,154.05095366705416,191.5735816150857,193.70632836698462,-329.42270960061995,121.40765529281602,-364.18416459465897,-14.352026777038445,136.93114982443836,93.28975666142215,-227.37270613707213,-5.559579563405019,169.31846628603117,-439.2040442820313,269.5357720903646,399.9369927948552,-135.35371629319428,-228.84794934522705,-5.584213836545821,-104.72484247166918,-97.13461175165565,278.58154132543996,89.39523369731938,38.311710835411645,-133.06057068145003,-344.2016013570876,441.9782428294822,563.5319104159804,386.75186640986806,-20.392672787293268,138.21963983608873,-27.525337048364936,34.14134584736883,253.86348509159646,316.3123455026189,150.2452548613795,-53.063036238522905,213.01941707655095,384.6127576228935,-118.45695158473804
-54.975016194024604,171.62084062057295,169.73529891931358,153.36163810357928,-550.406286425018,-36.92737139623433,80.0746244014432,-157.72713449108022,-224.4078648074874,241.669644891827,-176.64634662193652,-19.424029499283467,238.44987850100995,-228.59193146366061,-208.91691440110904,68.59554831209343,34.049077184327,151.95253724596455,189.05264565086267,191.50262938003726,-325.4815820778421,119.9888413504958,-359.92846946174785,-13.999137731549759,135.35960662044397,92.40283167999871,-225.10864953305537,-5.7375430123900255,167.05834800556184,-433.712276090186,265.90770013736835,395.1765271479005,-134.1798413975427,-226.19518558819266,-5.678629388588675,-104.02054148489668,-96.01571254193868,275.60510740825526,87.98315010740771,37.921816310083685,-131.62362210278056,-340.18276831683835,436.4228181337442,556.6236208882129,382.2595439801727,-20.109556946172507,136.18980768540558,-27.600527995178798,33.55943233270212,250.6261804100657,312.3640345980379,148.5645638310176,-52.41582033918548,210.47965932036243,380.0672001453144,-117.1333024604596
-49.468878006323315,155.210817803481,153.36163810357928,138.7822521480591,-498.0529293841867,-33.721766712941054,72.76370161026502,-142.7126125265034,-203.12882730586833,219.06185620219736,-160.36694641526992,-17.590735893675127,215.6725426010104,-207.38861579513213,-189.51240586206288,62.317715272505254,30.31027057172185,137.90023849131777,171.43652622638902,173.1418851887633,-294.56410021344766,108.54076855953737,-325.5875628622661,-12.940159097378253,122.40218686679569,83.28302824191917,-203.04396617220078,-4.827244918809615,151.5397491138336,-392.86848791271103,241.25183355411357,357.60242416333136,-120.76855643438697,-204.58177715743346,-4.89831755476011,-93.31988673417636,-86.83046492899281,248.89285453682774,80.13737526626407,34.21733682625976,-118.8892249780437,-307.720728513774,395.36701022283415,503.99841467281334,345.74746852443485,-18.257793748733867,123.8152277174268,-24.374391983733126,30.6307870978333,227.11815040595653,282.9375630770804,134.2778263962765,-47.45536379685488,190.47312908441447,343.8811500211293,-105.8670500402991
177.56800699293365,-557.0233578667192,-550.406286425018,-498.0529293841867,1787.3849244458277,120.97809562880995,-261.08979955089814,512.160817865578,728.9686360027162,-786.1067678576231,575.4466272007221,63.126718278661876,-774.0067338167568,744.1930446296764,680.0496689273999,-223.60958992088675,-108.84224819955116,-494.83562217077866,-615.1931071438999,-621.3814562398827,1057.1099896604112,-389.52977038351236,1168.464854609979,46.40285018237666,-439.2812033697887,-298.9254807382363,728.7597590297592,17.372279022023374,-543.7880467287671,1409.8503728253968,-865.7065388684991,-1283.341903610868,433.4937977108633,734.204878820682,17.610680182681445,335.0083394963393,311.6192286006758,-893.2793434397144,-287.5230607553236,-122.81024988103165,426.69156117994186,1104.3450442726237,-1418.8107432413883,-1808.6792357200682,-1240.8196403077734,65.51438552885075,-444.2642634063562,87.5533141263348,-109.8910646334016,-815.024920235189,-1015.3528409348812,-481.9095089930221,170.30192036528098,-683.5576781481308,-1234.1063392836393,379.94638415639554
11.623019590040327,-37.579123525050704,-36.92737139623433,-33.721766712941054,120.97809562880995,8.62653124791942,-18.108071538807476,34.64856243394979,49.43404529106631,-53.74868482427492,39.695165503224295,4.293016556402397,-52.25062430844541,51.14081894193127,46.69584421630338,-15.48730761789597,-6.652781142833268,-34.0654973245958,-42.16134539292469,-41.85022596229104,71.60930517163452,-26.315084016568957,78.93671274781916,3.530066623957796,-29.614970493764712,-19.760422654465746,48.39360565043314,0.6554436153836867,-37.336372434774795,96.01017883155707,-59.503600148183146,-86.88238752688146,28.41509592019512,49.55410889487384,0.8490020141015594,21.523325229823538,21.016652619254195,-59.751380614965306,-20.207289991832717,-8.173281667968565,28.573802830177414,74.59743953064842,-96.68189784073861,-122.87547700436428,-83.76645519563472,4.521278534941491,-30.897133963643128,5.068291356459215,-7.813943245784758,-55.636760685984996,-69.13013061368329,-32.39550252751748,11.562883306961783,-46.285913930501984,-83.47982990667924,25.53821387301401
-25.54408199757685,81.24424540356564,80.0746244014432,72.76370161026502,-261.08979955089814,-18.108071538807476,38.57289766878304,-74.79643459926675,-106.57694020225836,115.36873255745147,-84.80083057462669,-9.24137874105929,112.92495094260853,-109.47431545439197,-100.00166557898562,33.014427877156685,15.187791126523404,72.8528628240612,90.38369019517016,90.56072839284502,-154.47507533581455,56.85022187501463,-170.53233538804034,-7.165949147839442,64.05036955866301,43.194942400742484,-105.5243672438608,-2.019388945290822,79.96132965906783,-206.52484296885808,127.36189030277309,187.48248311379947,-62.40022394676263,-107.10839001308864,-2.2309390451840074,-47.7891737033035,-45.44450861383772,129.77775034080054,42.742891883965655,17.80082473100709,-62.023166569707016,-161.1668475617203,207.89868707375658,264.6545347144625,181.03424054835955,-9.656557106197921,65.7191685589888,-11.93505457385609,16.4266996481785,119.52394035798916,148.7211409147842,70.17292366127654,-24.912551139709795,99.86939787169531,180.22066922352994,-55.32267376986696
50.89585215548398,-159.61528243619856,-157.72713449108022,-142.7126125265034,512.160817865578,34.64856243394979,-74.79643459926675,146.75646853395105,208.8764469356602,-225.23180768366413,164.86106268398197,18.08767526606383,-221.79083734195808,213.2129552663416,194.83713660322223,-64.06001916850211,-31.215283094707683,-141.76932788373807,-176.25847683859485,-178.05978549164152,302.90414710388416,-111.61855439672841,334.82017681837846,13.281421551250805,-125.87701772016135,-85.67273884117354,208.8560906365284,4.997913662857945,-155.79762010805442,403.95881077530044,-248.02632316972173,-367.7305195368379,124.24962035097674,210.38605670806604,5.059291123595056,96.0380665886491,89.29489870222653,-255.98945947220923,-82.35871699176465,-35.19572488689161,122.27663848008665,316.44683781563236,-406.52378816678134,-518.2449861385517,-355.5552667098826,18.76920564875663,-127.26874424377634,25.120739099722137,-31.473842835842245,-233.5207292760807,-290.92559707888347,-138.09583593565193,48.797325362312066,-195.86718222767655,-353.6251794151506,108.87737735666134
72.3343967375259,-227.1505524625408,-224.4078648074874,-203.12882730586833,728.9686360027162,49.43404529106631,-106.57694020225836,208.8764469356602,297.32354982659837,-320.7229624548232,234.8512524956586,25.750056673580527,-315.6418812892495,303.67819327838475,277.49552718095794,-91.27293589859086,-44.23671466922332,-201.93735264256784,-251.01343336344775,-253.38004998776907,431.145412590093,-158.85541277156906,476.5153273880733,19.00867037736538,-179.13153480891032,-121.81246837990328,297.0174727973585,6.973128670206591,-221.89315476964438,575.1205019020639,-353.26611544546654,-523.4036531531754,176.59728626126665,299.4085669585264,7.1085878579044435,136.3823928296533,127.0750073866408,-364.1629982886341,-117.42434054563032,-50.05710617022938,173.9563163877075,450.3649122097867,-578.7890085659859,-737.7514981426583,-506.010157830666,26.738206858939613,-181.3671344676873,35.52325071358525,-44.89899629642997,-332.5021932715582,-414.18992688641634,-196.4946131097104,69.46381254559843,-278.7869940015671,-503.30828449107696,154.9193334935137
-77.60703607793005,244.83192284742844,241.669644891827,219.06185620219736,-786.1067678576231,-53.74868482427492,115.36873255745147,-225.23180768366413,-320.7229624548232,346.4055460888026,-254.0086604241253,-27.788781779246634,340.24451799811607,-328.2546323427695,-299.91591785738206,98.78089377010305,46.98716729898855,218.34072378073213,271.21271012251634,273.0321624396858,-464.999214757599,171.25662862263985,-513.7149221358928,-20.88948926811053,193.05429163935156,130.8864063706518,-319.3626781948133,-6.997325763524723,239.81806623731734,-620.787269267707,381.86810428198254,564.4493611237083,-189.51016668339958,-322.7361770032429,-7.321481230021625,-145.91635741360452,-136.95994638723118,391.99450111300513,127.37763302267072,53.8410716062799,-187.2836563234491,-485.5154087128977,624.8087719745383,796.0358909396275,545.4537610385813,-28.921301536528574,196.4136063804058,-37.44661799341859,48.795781262278325,359.03843711931444,447.0631344138002,211.67314603377443,-74.94479590945988,300.65872132699246,542.7085261342202,-166.88331955450786
56.49402005807104,-179.12417312135975,-176.64634662193652,-160.36694641526992,575.4466272007221,39.695165503224295,-84.80083057462669,164.86106268398197,234.8512524956586,-254.0086604241253,186.5359955080143,20.35824190363904,-248.95615117023945,240.90490308500455,220.07749623205942,-72.59115744800265,-33.825218234827574,-160.28752351805988,-198.95082238907574,-199.6993233176016,340.43663294972555,-125.32350870623844,375.93010540880454,15.602451807235804,-141.2259069407041,-95.43443410899056,233.03562766106378,4.706504372818529,-175.97551075212016,454.8967302802655,-280.2614307354241,-413.2048304293684,137.98587611482588,236.137692572989,5.085490894294513,105.8939923493004,100.19775789207449,-286.3812409832579,-93.83952458808186,-39.30173959002779,136.85054670518952,355.2879707187705,-457.8927409067783,-583.0793227355299,-399.10967762186544,21.240503636569095,-144.43986482584862,26.726547933237892,-36.019887496432474,-263.2010358160146,-327.5844699506478,-154.77170272265758,54.88998775372644,-220.1042137889654,-397.23413451871215,122.0196857427315
6.252979045767725,-19.667240637686575,-19.424029499283467,-17.590735893675127,63.126718278661876,4.293016556402397,-9.24137874105929,18.08767526606383,25.750056673580527,-27.788781779246634,20.35824190363904,2.2304629813638166,-27.32988424511001,26.31914926680121,24.048866329524554,-7.9137713192768055,-3.810963897450972,-17.503124562738115,-21.75165093916754,-21.93623502038847,37.337670262419266,-13.755064953086276,41.2607494070361,1.6568853640683365,-15.50903883037768,-10.535515874081344,25.69501994399241,0.5893917528349633,-19.23008594809069,49.82012137937614,-30.61716614920982,-45.32590906878007,15.267100297600546,25.92407718243529,0.6060544889918128,11.778363601147763,11.002323057056104,-31.515785393707734,-10.189404853423662,-4.330951982769923,15.05560665717932,38.996226224758416,-50.13963962980248,-63.89997780866294,-43.813072361159406,2.317884545151988,-15.72890974523341,3.05238787414579,-3.898573575183466,-28.8069569309265,-35.87905455054519,-17.009746448361412,6.016374987203845,-24.14274004261731,-43.58375552125533,13.410641556547256
-77.01804285167405,241.25109879291176,238.44987850100995,215.6725426010104,-774.0067338167568,-52.25062430844541,112.92495094260853,-221.79083734195808,-315.6418812892495,340.24451799811607,-248.95615117023945,-27.32988424511001,335.21821855390544,-322.022179989865,-294.27829728238805,96.7209208218127,47.35716344246506,214.10314826408597,266.23804425770544,269.14744459134164,-457.75085924446915,168.69713965144848,-506.0377807730565,-19.972023368430662,190.26266507995618,129.59454691175537,-315.87395921034596,-7.686393339791857,235.31452981276362,-610.3358713577486,374.5987828273704,555.730262108239,-188.01039753530935,-317.98321464781026,-7.733800733805455,-145.43320900559615,-134.96660028027708,387.0476369630585,124.2739540416877,53.22531256310538,-184.87019562675354,-478.2709840762599,614.1954630877841,783.0846438509186,537.3912105277477,-28.342850073554096,192.12371578158755,-38.183487798315625,47.46888448979326,352.78878538722927,439.55919479118694,208.75520206941027,-73.73603521489056,296.0006997754639,534.4313953176982,-164.58742891769396
73.23632282165327,-231.70581296387144,-228.59193146366061,-207.38861579513213,744.1930446296764,51.14081894193127,-109.47431545439197,213.2129552663416,303.67819327838475,-328.2546323427695,240.90490308500455,26.31914926680121,-322.022179989865,311.20650403747953,284.31758975615594,-93.7215157092101,-44.06156063721005,-207.03633674727968,-257.05995200627063,-258.352278095261,440.2412847581826,-162.09612643620213,486.23608756025465,20.00479457590424,-182.69180301920156,-123.62985400179784,301.78610404718296,6.317842603428578,-227.34371342118106,588.032556284595,-362.0427397069514,-534.3658574147906,178.86077270129968,305.4459223292424,6.729206374820875,137.45848353551904,129.61351320536073,-370.6761248980624,-121.02575080537648,-50.88849668228228,177.11749783469557,459.5406192034611,-591.8781582438993,-753.8613468332151,-516.2430440192213,27.430546439020006,-186.4283453408713,34.94501227345064,-46.415484488619505,-340.1733967293101,-423.46607232714774,-200.25636074738176,70.97008929303733,-284.6397612143161,-513.7429595649808,157.8804821554704
66.95742223789595,-211.74493453121417,-208.91691440110904,-189.51240586206288,680.0496689273999,46.69584421630338,-100.00166557898562,194.83713660322223,277.49552718095794,-299.91591785738206,220.07749623205942,24.048866329524554,-294.27829728238805,284.31758975615594,259.75539148098795,-85.6136961668276,-40.324172038605454,-189.14306740546027,-234.85894070573212,-236.10215257969185,402.2910816564823,-148.12897512979677,444.33932774509805,18.247708148902923,-166.95522794337592,-113.0139397056686,275.8535601069387,5.817389721141149,-207.70361603001717,537.2994957595561,-330.760509945598,-488.30617845161015,163.52300889315669,279.13089211318726,6.178277886148198,125.70820825527956,118.4479257883745,-338.7870995317387,-110.53085437520068,-46.51407488062662,161.87754699013334,419.9446896024847,-540.807989793999,-688.8459236544281,-471.76554310816186,25.058830159284323,-170.2895433330486,32.00572916053642,-42.383016247768694,-310.8130086804374,-386.93213182948006,-183.01462068566758,64.85001561140616,-260.1045012114525,-469.46672235030616,144.28759954459935
-21.896376892055276,69.58737007258347,68.59554831209343,62.317715272505254,-223.60958992088675,-15.48730761789597,33.014427877156685,-64.06001916850211,-91.27293589859086,98.78089377010305,-72.59115744800265,-7.9137713192768055,96.7209208218127,-93.7215157092101,-85.6136961668276,28.25798170201339,13.042254892008954,62.36678088596541,77.3834724294645,77.57054539331625,-132.29682842712376,48.69163625762777,-146.0592129154158,-6.118317842347674,54.861457922176605,37.01711933014487,-90.42133994358838,-1.7547880519387904,68.45686587240245,-176.8491379461723,109.03456725788402,160.56784869989482,-53.487450920908,-91.73948880170992,-1.9273448005335154,-40.98485958361376,-38.924490549421904,111.18224791635605,36.570751297942124,15.252229057516356,-53.13443971873378,-138.03813129317038,178.0225992415853,226.64044011800456,155.05682909190224,-8.266103634934538,56.24479678346989,-10.263440790929096,14.050311641618523,102.34299895874152,127.35203137271581,60.11020155727884,-21.334527170117287,85.53188185625983,154.35188662217448,-47.38959968330314
-11.457635980113896,34.11970090126105,34.049077184327,30.31027057172185,-108.84224819955116,-6.652781142833268,15.187791126523404,-31.215283094707683,-44.23671466922332,46.98716729898855,-33.825218234827574,-3.810963897450972,47.35716344246506,-44.06156063721005,-40.324172038605454,13.042254892008954,7.791831726315235,29.19930710589617,36.610600129420895,38.17715757170523,-64.27552938959957,23.80180258903012,-71.39809182994772,-2.191172248789668,26.941425147633645,18.97248352199325,-45.896707284911805,-1.9060369425791714,32.24929165491701,-84.89846698439833,51.23579492877838,78.11584509420412,-27.906092180112925,-44.937611645399095,-1.6313264878012224,-22.276929745537434,-19.09840316614535,55.552741516890755,16.292030710045633,7.70517936326305,-26.482790255315617,-67.49234438818306,85.3377621099347,109.39560559313763,75.91411240728588,-3.8476884441822183,25.704962308059837,-6.729469063736804,6.078861371705509,48.86097716589909,61.166970054896744,29.707973070141907,-10.311678177110123,41.59288596362534,75.23189462817925,-23.42717251884957
-48.64241809965116,154.05095366705416,151.95253724596455,137.90023849131777,-494.83562217077866,-34.0654973245958,72.8528628240612,-141.76932788373807,-201.93735264256784,218.34072378073213,-160.28752351805988,-17.503124562738115,214.10314826408597,-207.03633674727968,-189.14306740546027,62.36678088596541,29.19930710589617,137.74359184831573,170.99836759706335,171.7574100819508,-292.73749850697436,107.77552512636699,-323.29201623916686,-13.355531575962438,121.4609167825584,82.13995248511404,-200.53794320250503,-4.129246995413741,151.2404833852024,-391.08069630745604,240.85788543877894,355.31816549572943,-118.80222281936457,-203.08068992521703,-4.427144305820385,-91.24137396024199,-86.173250246613,246.37574215841357,80.57624839940812,33.81810909229441,-117.72832388994922,-305.54129848603264,393.6466287528346,501.3271432500512,343.23501048648615,-18.25126920856538,124.07566842782438,-23.11783636971635,30.914776555369578,226.25612778217425,281.63083440403096,133.12558650455128,-47.19511668206675,189.2679866595224,341.59574524808346,-104.95474761286175
-60.64482379575766,191.5735816150857,189.05264565086267,171.43652622638902,-615.1931071438999,-42.16134539292469,90.38369019517016,-176.25847683859485,-251.01343336344775,271.21271012251634,-198.95082238907574,-21.75165093916754,266.23804425770544,-257.05995200627063,-234.85894070573212,77.3834724294645,36.610600129420895,170.99836759706335,212.3642585455298,213.62320438463505,-363.91338095784005,134.0111387539871,-401.9900713911416,-16.43526442441158,151.05434705237525,102.32308684575708,-249.71755338758175,-5.358711258246906,187.79687213689812,-485.9487360440158,299.04800581248213,441.7325525837886,-148.09865418569728,-252.53587078565425,-5.652444970327689,-113.93226167495088,-107.1658002574331,306.60777063494913,99.85184130594878,42.10371627435625,-146.49575657889966,-379.92202960006927,489.1107484532429,623.0662914743853,426.8133583938625,-22.65299728756143,153.8961568767239,-29.111765825441235,38.271452591736676,281.0836799676924,349.95537450507163,165.60166375543054,-58.658507961541886,235.2945642755434,424.702780048001,-130.55977163841672
-61.91865320942072,193.70632836698462,191.50262938003726,173.1418851887633,-621.3814562398827,-41.85022596229104,90.56072839284502,-178.05978549164152,-253.38004998776907,273.0321624396858,-199.6993233176016,-21.93623502038847,269.14744459134164,-258.352278095261,-236.10215257969185,77.57054539331625,38.17715757170523,171.7574100819508,213.62320438463505,216.12071448174925,-367.4744262486105,135.44307271511647,-406.2860995542817,-15.947479461433938,152.77109112209675,104.14468747200803,-253.7938068816212,-6.286041376056956,188.79570702750564,-489.85492081859434,300.53078660004815,446.14217656634,-151.14213943344836,-255.3115384202122,-6.284851615233261,-117.01074036341642,-108.36933436612517,310.8834681617763,99.60309569364131,42.76065346233509,-148.48398168323294,-383.99463372870076,492.9389960104363,628.5682305005629,431.47207337371566,-22.73472594584048,154.055629709323,-30.844204244615195,38.02528627370596,283.1181723476194,352.79301283097806,167.64031875050995,-59.18809689188394,237.62839181347562,429.05870690319836,-132.17221300444456
104.96509947128435,-329.42270960061995,-325.4815820778421,-294.56410021344766,1057.1099896604112,71.60930517163452,-154.47507533581455,302.90414710388416,431.145412590093,-464.999214757599,340.43663294972555,37.337670262419266,-457.75085924446915,440.2412847581826,402.2910816564823,-132.29682842712376,-64.27552938959957,-292.73749850697436,-363.91338095784005,-367.4744262486105,625.2128243586257,-230.37213644217826,691.0428375282218,27.4967853057828,-259.7873977213757,-176.72894788640005,430.8827373598444,10.203909688026442,-321.6835318571592,833.9047598534681,-512.1265244078853,-759.0074023166662,256.2549820217315,434.2105365524231,10.368932901545712,197.97722751199507,184.29020436726543,-528.214495660723,-170.1504774849531,-72.61460245524533,252.31586487874876,653.1205972007632,-839.2129971064531,-1069.7658802718217,-733.8262840486659,38.75883480284362,-262.86264807273466,51.66520092336392,-65.04366863387958,-482.0927798878967,-600.5635021413124,-284.9847612049772,100.72628615246846,-404.27802168683775,-729.8786082677867,224.68685624636512
-38.7430348648115,121.40765529281602,119.9888413504958,108.54076855953737,-389.52977038351236,-26.315084016568957,56.85022187501463,-111.61855439672841,-158.85541277156906,171.25662862263985,-125.32350870623844,-13.755064953086276,168.69713965144848,-162.09612643620213,-148.12897512979677,48.69163625762777,23.80180258903012,107.77552512636699,134.0111387539871,135.44307271511647,-230.37213644217826,84.89701675524965,-254.66393661942593,-10.06826184765524,95.74718603562957,65.19954799028767,-158.92701779526183,-3.8453799583065225,118.44870148455627,-307.1858076732671,188.562120027879,279.67997147647236,-94.57814565315431,-160.02330979237595,-3.8770840322122275,-73.14072002794657,-67.92063333042343,194.75585224216135,62.575514084848024,26.78025775250264,-93.02505489321102,-240.69004378830905,309.13112608272496,394.1184448010059,270.44012400792417,-14.267805547174037,96.72533189696773,-19.178628093496908,23.90594197673345,177.56676187278947,221.2322761817887,105.04925105499089,-37.11025046247003,148.96737587409572,268.957930735856,-82.82311196845626
116.21689957017911,-364.18416459465897,-359.92846946174785,-325.5875628622661,1168.464854609979,78.93671274781916,-170.53233538804034,334.82017681837846,476.5153273880733,-513.7149221358928,375.93010540880454,41.2607494070361,-506.0377807730565,486.23608756025465,444.33932774509805,-146.0592129154158,-71.39809182994772,-323.29201623916686,-401.9900713911416,-406.2860995542817,691.0428375282218,-254.66393661942593,763.9107137860292,30.2014688895815,-287.2110405126521,-195.57798292015647,476.7307853246921,11.535232374393058,-355.3079001396807,921.4590270027354,-565.6255306622791,-838.9505062941299,283.7047298911679,480.0189989877704,11.63014067410042,219.3992903175849,203.74007117799763,-584.2059212022399,-187.70601280525293,-80.33233358696339,279.0455508810003,721.9932476357482,-927.2942202365923,-1182.229107856204,-811.2340524764778,42.79872095615502,-290.14470655244804,57.53028790559065,-71.70992465894943,-532.6431688577557,-663.6258336264756,-315.11424487334654,111.31894625596425,-446.8545224643022,-806.7878591434315,248.44293532213965
4.258457793264227,-14.352026777038445,-13.999137731549759,-12.940159097378253,46.40285018237666,3.530066623957796,-7.165949147839442,13.281421551250805,19.00867037736538,-20.88948926811053,15.602451807235804,1.6568853640683365,-19.972023368430662,20.00479457590424,18.247708148902923,-6.118317842347674,-2.191172248789668,-13.355531575962438,-16.43526442441158,-15.947479461433938,27.4967853057828,-10.06826184765524,30.2014688895815,1.5506308340727808,-11.299915533512905,-7.34101427408768,18.091434074500054,-0.011329791489861636,-14.588711981583023,37.12161156609516,-23.2822406935237,-33.335120687930626,10.431712139491234,18.93638320269477,0.15249774016789003,7.674175693961455,8.02322251336378,-22.560183856382636,-8.127656642548962,-3.0647300562353244,10.805161843622122,28.537443886901443,-37.41216741758315,-47.360885406612695,-32.0198659759643,1.7781133632649075,-12.268702001072025,1.510926747046919,-3.1870507842558053,-21.578624819662497,-26.721078276464432,-12.313509086164425,4.453337425244794,-17.763591614362877,-31.994642456909986,9.705562295287102
-43.74654842842712,136.93114982443836,135.35960662044397,122.40218686679569,-439.2812033697887,-29.614970493764712,64.05036955866301,-125.87701772016135,-179.13153480891032,193.05429163935156,-141.2259069407041,-15.50903883037768,190.26266507995618,-182.69180301920156,-166.95522794337592,54.861457922176605,26.941425147633645,121.4609167825584,151.05434705237525,152.77109112209675,-259.7873977213757,95.74718603562957,-287.2110405126521,-11.299915533512905,107.99258775958654,73.59281991108355,-179.35549633467585,-4.40913215250233,133.50317447578448,-346.33848917097913,212.51879595196087,315.3983719423873,-106.78700390147898,-180.48132466474175,-4.420115908242731,-82.64301896444275,-76.60600743314701,219.72947397401782,70.46360041001562,30.22007666619811,-104.94915632658409,-271.45225907043636,348.5231388240322,444.3923083183616,305.01157514875405,-16.077965712102287,108.9638226735622,-21.747822542788462,26.90679136026849,200.17996592691173,249.43170826988685,118.49732037538136,-41.84501483883623,167.9910087881429,303.3166723180383,-93.4262900171794
-30.123036323509545,93.28975666142215,92.40283167999871,83.28302824191917,-298.9254807382363,-19.760422654465746,43.194942400742484,-85.67273884117354,-121.81246837990328,130.8864063706518,-95.43443410899056,-10.535515874081344,129.59454691175537,-123.62985400179784,-113.0139397056686,37.01711933014487,18.97248352199325,82.13995248511404,102.32308684575708,104.14468747200803,-176.72894788640005,65.19954799028767,-195.57798292015647,-7.34101427408768,73.59281991108355,50.501631108788054,-122.88344849324909,-3.466127415873136,90.37254959503302,-235.15525695694677,143.80304661247374,214.60669426314257,-73.49578450887786,-122.9407329868525,-3.3148071146159643,-57.268215350083395,-52.196653855119756,150.1584413732664,47.2814971640729,20.688850752191836,-71.69102050410588,-184.85375695686693,236.58348547034362,301.9952979918687,207.7514815972458,-10.863010829440093,73.40800644725695,-15.566792695269658,17.97318790045305,135.79729140255776,169.37131836022817,80.83489967727013,-28.442708956322296,114.2981897454903,206.44797594015947,-63.73497631084616
73.24018268567053,-227.37270613707213,-225.10864953305537,-203.04396617220078,728.7597590297592,48.39360565043314,-105.5243672438608,208.8560906365284,297.0174727973585,-319.3626781948133,233.03562766106378,25.69501994399241,-315.87395921034596,301.78610404718296,275.8535601069387,-90.42133994358838,-45.896707284911805,-200.53794320250503,-249.71755338758175,-253.7938068816212,430.8827373598444,-158.92701779526183,476.7307853246921,18.091434074500054,-179.35549633467585,-122.88344849324909,299.1156672908867,8.190151224114198,-220.58703716168347,573.5848135492951,-351.0360541913167,-523.2064327603828,178.71500055775792,299.6511938273764,7.90982956898074,139.04045677110565,127.21429584844138,-365.72138616311855,-115.64196412286263,-50.36857497250612,174.624472904466,450.58596124228706,-577.0992952469379,-736.4716609797902,-506.3750562230629,26.52667168082598,-179.37724003236966,37.522281962312704,-44.005200584253004,-331.30048035941593,-413.1187531994666,-196.95883698296677,69.35945547692245,-278.66092996319026,-503.28099585977094,155.29238621267442
2.195654724028797,-5.559579563405019,-5.7375430123900255,-4.827244918809615,17.372279022023374,0.6554436153836867,-2.019388945290822,4.997913662857945,6.973128670206591,-6.997325763524723,4.706504372818529,0.5893917528349633,-7.686393339791857,6.317842603428578,5.817389721141149,-1.7547880519387904,-1.9060369425791714,-4.129246995413741,-5.358711258246906,-6.286041376056956,10.203909688026442,-3.8453799583065225,11.535232374393058,-0.011329791489861636,-4.40913215250233,-3.466127415873136,8.190151224114198,0.7869681027948181,-4.655239199924329,13.007737340129573,-7.3346901130578654,-12.449322190224413,5.312743343934658,7.3025310847568745,0.5784682334677554,4.6236783761921325,3.117873936070501,-9.5252361409165,-1.9078756657431495,-1.3588480172189,4.511219543826304,10.911057608406917,-13.017270524801697,-17.037489956152836,-12.318534120742086,0.5333883021268806,-3.33534531931039,1.8697366961823436,-0.6213912272577835,-7.360520074299002,-9.385659075737347,-4.9478130422209485,1.612407729630349,-6.62034401085169,-12.054041295196752,3.9045050750850616
-53.543846173984186,169.31846628603117,167.05834800556184,151.5397491138336,-543.7880467287671,-37.336372434774795,79.96132965906783,-155.79762010805442,-221.89315476964438,239.81806623731734,-175.97551075212016,-19.23008594809069,235.31452981276362,-227.34371342118106,-207.70361603001717,68.45686587240245,32.24929165491701,151.2404833852024,187.79687213689812,188.79570702750564,-321.6835318571592,118.44870148455627,-355.3079001396807,-14.588711981583023,133.50317447578448,90.37254959503302,-220.58703716168347,-4.655239199924329,166.0824983606692,-429.636753197825,264.4799480559883,390.46411430687266,-130.7640946945301,-223.2022819053947,-4.9426774849320045,-100.5278698989268,-94.71512978639664,270.90892964613204,88.37883657824392,37.194954768139695,-129.44421268705304,-335.8013722540584,432.44187711636545,550.8187732179629,377.2393201595105,-20.037260936710485,136.16301069473107,-25.59848525240028,33.88822643205549,248.53228481649515,309.39982247714516,146.34550231350414,-51.85572777726752,207.987188724642,375.3999718891238,-115.37789631737641
139.5334124632012,-439.2040442820313,-433.712276090186,-392.86848791271103,1409.8503728253968,96.01017883155707,-206.52484296885808,403.95881077530044,575.1205019020639,-620.787269267707,454.8967302802655,49.82012137937614,-610.3358713577486,588.032556284595,537.2994957595561,-176.8491379461723,-84.89846698439833,-391.08069630745604,-485.9487360440158,-489.85492081859434,833.9047598534681,-307.1858076732671,921.4590270027354,37.12161156609516,-346.33848917097913,-235.15525695694677,573.5848135492951,13.007737340129573,-429.636753197825,1112.8411713117441,-684.0644165438885,-1012.2991307426015,340.69406612193484,578.9375981791035,13.432842987377525,262.70919001166646,245.69809368880976,-703.651236403252,-227.78904380979546,-96.68424355300255,336.15564560321616,870.8837377208316,-1119.9960689857471,-1427.2561097269104,-978.4407754859346,51.79254019141936,-351.5310653196906,67.91440664908487,-87.18204859940771,-643.5047586643655,-801.4313167455817,-379.8228491418651,134.37864411764886,-539.2017884117935,-973.369554700419,299.45540321926546
-85.18330973629601,269.5357720903646,265.90770013736835,241.25183355411357,-865.7065388684991,-59.503600148183146,127.36189030277309,-248.02632316972173,-353.26611544546654,381.86810428198254,-280.2614307354241,-30.61716614920982,374.5987828273704,-362.0427397069514,-330.760509945598,109.03456725788402,51.23579492877838,240.85788543877894,299.04800581248213,300.53078660004815,-512.1265244078853,188.562120027879,-565.6255306622791,-23.2822406935237,212.51879595196087,143.80304661247374,-351.0360541913167,-7.3346901130578654,264.4799480559883,-684.0644165438885,421.1836115154914,621.6189183794828,-208.03940534110322,-355.31585878122434,-7.8182924647959595,-159.8704663271926,-150.7748893477531,431.18080021259095,140.80814479675027,59.19372506871016,-206.02905961946348,-534.5712604229453,688.5397662459189,876.9664052322784,600.5302298973403,-31.911932907347307,216.89213251123098,-40.626669958344046,54.00496393676178,395.7310107614014,492.6219988113913,232.94834950354436,-82.55925135149435,331.11692579438875,597.6266387683962,-183.65454304047833
-127.47557764813362,399.9369927948552,395.1765271479005,357.60242416333136,-1283.341903610868,-86.88238752688146,187.48248311379947,-367.7305195368379,-523.4036531531754,564.4493611237083,-413.2048304293684,-45.32590906878007,555.730262108239,-534.3658574147906,-488.30617845161015,160.56784869989482,78.11584509420412,355.31816549572943,441.7325525837886,446.14217656634,-759.0074023166662,279.67997147647236,-838.9505062941299,-33.335120687930626,315.3983719423873,214.60669426314257,-523.2064327603828,-12.449322190224413,390.46411430687266,-1012.2991307426015,621.6189183794828,921.4401124570225,-311.20584123514453,-527.1524569416672,-12.62870680204833,-240.48295278494868,-223.73906405739513,641.3415905097698,206.47581052054602,88.17131410390459,-306.35037857203815,-792.912610186833,1018.7356921749081,1298.652211444674,890.8981875368017,-47.043332939919345,319.01966577063854,-62.82379673190281,78.91907094516584,585.2094426557504,729.0417681294899,346.00067226746614,-122.27837271536669,490.79513173543234,886.0857359029261,-272.7932228020829
43.90116856520304,-135.35371629319428,-134.1798413975427,-120.76855643438697,433.4937977108633,28.41509592019512,-62.40022394676263,124.24962035097674,176.59728626126665,-189.51016668339958,137.98587611482588,15.267100297600546,-188.01039753530935,178.86077270129968,163.52300889315669,-53.487450920908,-27.906092180112925,-118.80222281936457,-148.09865418569728,-151.14213943344836,256.2549820217315,-94.57814565315431,283.7047298911679,10.431712139491234,-106.78700390147898,-73.49578450887786,178.71500055775792,5.312743343934658,-130.7640946945301,340.69406612193484,-208.03940534110322,-311.20584123514453,107.09087444088286,178.36254997043315,4.9956757666310505,83.68216864887319,75.73529184280703,-218.1463018167037,-68.15560829722916,-30.078924601205188,104.13308877608718,268.1522436729321,-342.7292575656345,-437.69462577020545,-301.39541887892295,15.705338671944927,-105.99923598609621,23.04638010497285,-25.85737980142695,-196.6697105183146,-245.39403290154863,-117.34680156623678,41.227048782920164,-165.74137397493058,-299.41282725127684,92.52480641179153
73.06620938821943,-228.84794934522705,-226.19518558819266,-204.58177715743346,734.204878820682,49.55410889487384,-107.10839001308864,210.38605670806604,299.4085669585264,-322.7361770032429,236.137692572989,25.92407718243529,-317.98321464781026,305.4459223292424,279.13089211318726,-91.73948880170992,-44.937611645399095,-203.08068992521703,-252.53587078565425,-255.3115384202122,434.2105365524231,-160.02330979237595,480.0189989877704,18.93638320269477,-180.48132466474175,-122.9407329868525,299.6511938273764,7.3025310847568745,-223.2022819053947,578.9375981791035,-355.31585878122434,-527.1524569416672,178.36254997043315,301.63462463111904,7.3436294379605185,137.97986449884016,128.02793783951395,-367.1599210915674,-117.8670468604923,-50.49137394927191,175.37028368471334,453.6800614121501,-582.5973304621449,-742.805990923279,-509.7616799470715,26.883480187499945,-182.22600452089395,36.23881970886284,-45.01960502808522,-334.63702498301745,-416.9467969023383,-198.02525799284317,69.94348667922198,-280.77895479449626,-506.95036402428906,156.12773720463963
2.059136029907471,-5.584213836545821,-5.678629388588675,-4.89831755476011,17.610680182681445,0.8490020141015594,-2.2309390451840074,5.059291123595056,7.1085878579044435,-7.321481230021625,5.085490894294513,0.6060544889918128,-7.733800733805455,6.729206374820875,6.178277886148198,-1.9273448005335154,-1.6313264878012224,-4.427144305820385,-5.652444970327689,-6.284851615233261,10.368932901545712,-3.8770840322122275,11.63014067410042,0.15249774016789003,-4.420115908242731,-3.3148071146159643,7.90982956898074,0.5784682334677554,-4.9426774849320045,13.432842987377525,-7.8182924647959595,-12.62870680204833,4.9956757666310505,7.3436294379605185,0.44196607421119727,4.202060312906921,3.129031378303572,-9.356761288514264,-2.2485831036699686,-1.3188564017841118,4.444090153015577,10.997889408313865,-13.470043490497813,-17.463486449370407,-12.395900876153314,0.5774133543074886,-3.7296184052952084,1.5339771183888309,-0.7884147521988566,-7.660564568472627,-9.685766657959032,-4.9220810911649355,1.64968774234364,-6.719509409486909,-12.198443006029335,3.8830380594976894
34.320969406490825,-104.72484247166918,-104.02054148489668,-93.31988673417636,335.0083394963393,21.523325229823538,-47.7891737033035,96.0380665886491,136.3823928296533,-145.91635741360452,105.8939923493004,11.778363601147763,-145.43320900559615,137.45848353551904,125.70820825527956,-40.98485958361376,-22.276929745537434,-91.24137396024199,-113.93226167495088,-117.01074036341642,197.97722751199507,-73.14072002794657,219.3992903175849,7.674175693961455,-82.64301896444275,-57.268215350083395,139.04045677110565,4.6236783761921325,-100.5278698989268,262.70919001166646,-159.8704663271926,-240.48295278494868,83.68216864887319,137.97986449884016,4.202060312906921,65.81654869894989,58.603832064574874,-169.2919753394202,-51.928386480813764,-23.38373193833971,80.7801744448493,207.37951734881344,-264.21710464317755,-337.8008414980842,-233.13809333740852,12.050679364368543,-81.0938306955938,18.664192749679124,-19.608531531573227,-151.5183445409514,-189.23832308011944,-90.90802138546974,31.82473625044844,-128.0669431280414,-231.43893434814305,71.68148815050958
31.02564014169204,-97.13461175165565,-96.01571254193868,-86.83046492899281,311.6192286006758,21.016652619254195,-45.44450861383772,89.29489870222653,127.0750073866408,-136.95994638723118,100.19775789207449,11.002323057056104,-134.96660028027708,129.61351320536073,118.4479257883745,-38.924490549421904,-19.09840316614535,-86.173250246613,-107.1658002574331,-108.36933436612517,184.29020436726543,-67.92063333042343,203.74007117799763,8.02322251336378,-76.60600743314701,-52.196653855119756,127.21429584844138,3.117873936070501,-94.71512978639664,245.69809368880976,-150.7748893477531,-223.73906405739513,75.73529184280703,128.02793783951395,3.129031378303572,58.603832064574874,54.34200098466242,-155.8590557924047,-50.00016681995195,-21.43504302844602,74.44331424410127,192.56109806649226,-247.24921255890024,-315.2537069954472,-216.36632659217113,11.407167842145489,-77.31305598352166,15.411257852983727,-19.09436773625071,-142.01372858477458,-176.9508490455846,-84.0560300718165,29.684854663735596,-119.17053180859833,-215.16717852612211,66.27174082942514
