V1,V2,V3,V4,V5,V6,V7,V8,V9,V10,V11,V12,V13,V14,V15,V16,V17,V18,V19,V20,V21,V22,V23,V24,V25,V26,V27,V28,V29,V30,V31,V32,V33,V34,V35,V36,V37,V38,V39,V40,V41,V42,V43,V44,V45,V46,V47,V48,V49,V50,V51,V52,V53,V54,V55,V56
0.5981044309032445,-0.5783711893769263,-0.8790704970470916,-0.43238908470117965,1.460060518454049,-0.3604790352694961,-0.23259093133556324,0.4262332726264433,0.5368843510327476,-0.11445552171776523,-0.20083984902716343,0.21551808892407204,-0.7701864178646698,-0.12697008269148427,-0.08897424138419997,0.04908165240034583,-0.7605618967311909,0.15467405891698177,-0.0366010757713031,-0.5599021314394169,0.7125455659182078,-0.5072215168920644,1.060818865635282,-0.33959837573597995,-0.6133578177118746,-0.9303634363808135,1.2014820793684886,0.6948160494366037,0.07684992142489033,0.5125705039210839,-0.193452368577879,-1.0995446226301702,1.1556456476999015,0.8618046903863406,0.32145978013917686,1.2092738555658715,0.375629767311672,-1.624393638050543,0.4463290607199072,-0.18177551923576715,0.5369216165654249,1.254082785366731,-0.637990581803528,-1.0479602894117872,-1.3922755505101403,-0.0277799382441538,0.5987426585596859,0.6292900471690368,0.02121584601432296,-0.28840078442854916,-0.5212111210294592,-0.3746124227146916,0.2797062702984931,-0.27963132422044384,-0.8917061579157686,0.3107933532034915
-0.5783711893769263,1.406122108225137,1.4597652577508609,1.2093994366249716,-4.363357674801073,-0.1317237362648882,0.44010781095383267,-1.2577254369211661,-1.7416494225122454,1.7135069896178494,-1.1171484145549948,-0.1332543675833599,1.9415351596203299,-1.5228713560301663,-1.4068578569237036,0.40450743186420063,0.5379967401952176,0.9908396223659792,1.3001549274945248,1.6064159207982927,-2.564451765136385,0.9598283551049396,-2.912559707136026,0.034885892871790815,1.1067097386701847,0.8921448274223563,-2.1545311009541512,-0.22701579793048457,1.1266680874784405,-3.224726350702137,1.7422625114161605,3.1207558752615494,-1.4163324195004685,-1.8373385595568237,-0.1751521164266542,-1.268227352457958,-0.7853473279252973,2.434589623251487,0.4144264797652455,0.3566649163523329,-1.1663327742200738,-2.738067051504444,3.2088012620976056,4.241134563730683,3.100324821925382,-0.12659559006052326,0.7819847432956561,-0.5597463211259017,0.10690009256619229,1.8051168851201727,2.317629256629106,1.2774727016663092,-0.38929048777571906,1.679624268363876,3.0436486914938574,-1.007758944454416
-0.8790704970470916,1.4597652577508609,1.7621628936489795,1.2308800187679505,-4.288901569321393,0.16446620857275285,0.7054696572264935,-1.2410145339138572,-1.6983924596697215,1.3633690529036442,-0.719872585940627,-0.33805924835049433,1.9953075382758623,-1.05686109259584,-0.9975214791852022,0.32596590281504256,0.9178043687761759,0.6358592516252308,1.016841050875556,1.5229472854471338,-2.3717188300319636,1.1399212231623148,-2.9067087152905575,0.265691558764498,1.3216041534463552,1.4194105509570332,-2.311106777910975,-0.7329176882613206,0.7903643613058405,-2.743442304970945,1.6219711608833236,3.146336036103465,-1.8161146234978691,-2.0470020874036505,-0.3436410032368635,-1.7068006313468072,-0.868760524460515,3.045401130306616,0.011200627847897273,0.37076826045221983,-1.2014273275730905,-3.027582995800933,2.9053205037122205,3.916139479459587,3.380644270054215,-0.07631299101114615,0.09696093718476743,-0.7331374588624769,0.18288062541162664,1.6004698333315197,2.137463170005552,1.1046768058984735,-0.5687528212318597,1.3282801427728956,2.826687376172457,-0.8917977613649724
-0.43238908470117965,1.2093994366249716,1.2308800187679505,1.0731601719010309,-3.827368278459818,-0.20392003338314807,0.5385721699108604,-1.1032152776295943,-1.5540270240374219,1.6129694515897268,-1.1364388737192879,-0.14691570220863495,1.6763570331422348,-1.492213742468048,-1.3733893843398735,0.4458763952317176,0.3185580618030392,0.9873833396954602,1.2498302697664292,1.3455745006088142,-2.2457829417142463,0.8511157410084056,-2.521029804637488,-0.04596783511186086,0.9640057953172182,0.7121130235946961,-1.6591939191938796,-0.11275857746459753,1.0974623377723591,-2.940140508844796,1.7694358670171948,2.7573507950953906,-1.0357858483582403,-1.6086389013532671,-0.080730573674249,-0.8525623645777349,-0.6759083655414992,2.010308750220852,0.5132895327358361,0.27909241265889617,-0.9498699064891605,-2.401986958445682,2.96461687037135,3.814711281842537,2.704000943791218,-0.12853803259269408,0.8356886918956994,-0.2834535924522615,0.2024114300412882,1.6977162432789652,2.123587863530024,1.0406048809408635,-0.37160744335997997,1.4393094357340421,2.638435582115243,-0.8254309791045521
1.460060518454049,-4.363357674801073,-4.288901569321393,-3.827368278459818,13.874316240303731,0.8114532086837541,-1.4816403390254924,3.9866228814101916,5.594825209364704,-5.911688254556919,4.15632429655281,0.3212188167181111,-6.052792920460037,5.492878530211229,5.037823182854212,-1.5117031030953572,-1.1197448591079309,-3.639335164701599,-4.5551124493475905,-5.028426772127426,8.267980629925153,-2.918061775339662,9.156858043074765,0.223134646785127,-3.329373303294247,-2.290772528209213,6.249687009976003,0.16782150071868368,-4.037195333174958,10.797275965141857,-6.071143975985188,-9.88932479409477,3.7810389946982434,5.634094946132047,0.2808268770250194,3.1691508586344788,2.4054010150280885,-7.009875983005747,-1.9329915477189854,-1.0486791908249984,3.5145952813385444,8.442604807130074,-10.684261956935734,-13.86617254415492,-9.55901462279261,0.47522205097547493,-3.2925183781297336,1.222756010590065,-0.4979997380601194,-6.084093482253349,-7.663367606333174,-4.026943339669456,1.1556840254353462,-5.528101983054961,-9.741243061729598,3.163256723462946
-0.3604790352694961,-0.1317237362648882,0.16446620857275285,-0.20392003338314807,0.8114532086837541,0.5048506510340195,-0.13341503905792546,0.22429723043348257,0.3912494047653801,-0.8764624613908892,0.9260239372336817,-0.11878085651683858,-0.21591339301964096,1.0625637452666856,0.9438523450364944,-0.3383365801068713,0.6139406096961397,-0.7749730174035412,-0.7412317442287649,-0.21916296634483198,0.6213918452431589,-0.0013904499053336932,0.42281727870655095,0.3928121334587525,0.04061310902400463,0.5229409540795752,-0.2889743970015372,-0.6492444926663938,-0.759671552246274,1.2641772426648499,-0.9273064630688517,-0.537797299453913,-0.6002230213559908,0.08513910508216516,-0.29640309601782944,-0.7833360658780671,0.025733909421640368,0.4602854719428222,-0.8044682986909965,0.02848778578195815,3.5801943258452128e-6,0.1705603397985869,-1.165775950056744,-1.2451411587651269,-0.20332733345499157,0.11002695445292929,-1.136851616572472,-0.5304070501256914,-0.17848266473550461,-0.748127649398953,-0.7709613578176526,-0.2195283899658156,-0.04780044762402448,-0.5649740422491676,-0.6623845386686521,0.15895240763815138
-0.23259093133556324,0.44010781095383267,0.7054696572264935,0.5385721699108604,-1.4816403390254924,-0.13341503905792546,1.690483162942561,-0.404802010723876,-0.7373696123171162,0.8023617194032432,-0.84914602433374,-0.6159244306146602,0.6165444478191315,-0.8746746546582097,-0.773576139137078,0.6313287895762459,-0.19371988623093042,0.5722542954560282,0.7799870900339697,0.001362640161720047,-0.6041475575619586,0.7339241710431536,-0.8107887611695659,-0.14603251192917716,0.7503188651508742,0.7876811677609974,0.5698820002466155,-0.38421222477371636,0.5906795293047207,-1.128458376355588,2.10966594514253,1.2983311227231065,0.213945892035754,-0.9687368983684217,0.16192010779919908,0.6085213418121335,-0.37245137418615787,1.1365346297415693,0.5671057622488206,-0.09617027046476996,0.0558734280401938,-1.5038043554338107,1.7047572832575864,1.6713507837963633,1.4859356730740723,-0.0875723929625941,0.13534195448006514,0.996817919002493,0.9627192512165467,1.074589265851153,1.2120110942879696,-0.38150936057289553,-0.6802057569874311,-0.21917244460006333,0.5128339301664888,0.2558046957689798
0.4262332726264433,-1.2577254369211661,-1.2410145339138572,-1.1032152776295943,3.9866228814101916,0.22429723043348257,-0.404802010723876,1.1505185702360534,1.606413417055848,-1.6822936046738612,1.1677735725231366,0.08798154954840973,-1.7439825916446434,1.552513235002541,1.4302228312432919,-0.42500423918935504,-0.33917871205432054,-1.0303696033516943,-1.2895619998063936,-1.4539627610215529,2.3733513560572983,-0.83675625351959515,2.6387219549934455,0.04975525477272438,-0.9549294035147842,-0.6618981758581762,1.8311137540119538,0.05562785495456194,-1.1460373530285242,3.088412866904709,-1.713495664407446,-2.845046116612949,1.112276864101025,1.6279104031635856,0.09211954615870076,0.949362402152658,0.6882468400128542,-2.022475684517874,-0.5241028526327496,-0.30859123188638543,1.0256794528598265,2.4276852401358906,-3.049902400659172,-3.9700295865831747,-2.7548159128839433,0.1332174148059803,-0.9276386923846066,0.3883313380071323,-0.12308964429662957,-1.7385677976334493,-2.183862954561536,-1.1670318283559913,0.32561367026640353,-1.5917341956565418,-2.8057953408496665,0.9197353877456064
0.5368843510327476,-1.7416494225122454,-1.6983924596697215,-1.5540270240374219,5.594825209364704,0.3912494047653801,-0.7373696123171162,1.606413417055848,2.277450642567557,-2.466589392172992,1.7974408054813729,0.16261133859184826,-2.4208127552339462,2.333928562310511,2.1361616085383135,-0.6838944146990742,-0.3355517144693331,-1.5561519897519411,-1.9220341446399032,-1.971408206978932,3.3263895795390424,-1.1916948819656883,3.66445861108302,0.14807610263971915,-1.3458688290431378,-0.884638957676919,2.329263149203766,0.013373891411071533,-1.709593343291889,4.4336156604702355,-2.650212171094079,-4.00604893707061,1.3642500941437214,2.2756809354208776,0.0567773158436363,1.0718199092992649,0.9636488039802958,-2.745565401257491,-0.8960346303063629,-0.3940836720350433,1.3552238348135732,3.416228464462549,-4.427403413615829,-5.66355048764495,-3.851754451613771,0.20509843964290847,-1.4309400508386003,0.32022900447636465,-0.2976779732088906,-2.5431540861496917,-3.164123157147882,-1.5505360526043315,0.49901500830036266,-2.189040908721688,-3.89486608198683,1.2213611423299457
-0.11445552171776523,1.7135069896178494,1.3633690529036442,1.6129694515897268,-5.911688254556919,-0.8764624613908892,0.8023617194032432,-1.6822936046738612,-2.466589392172992,3.1481497303242856,-2.5978482114948065,-0.021973155850266365,2.415714982560814,-3.2254177481095283,-2.9152977223801018,0.9667818113769405,-0.33093515547314856,2.215350506216054,2.5173854201535235,2.0145252271705836,-3.663934174732343,1.07979439705021,-3.7555797037559673,-0.5479681710091249,1.1783723458001674,0.2615614812564669,-1.806747672567763,0.660343550106619,2.3382448754466436,-5.3308312102316755,3.3595586527338264,4.179596551695777,-0.6143151673277892,-2.1376868522899963,0.25879353552195367,-0.15272195480721767,-0.9047347365742995,2.0158690471132306,1.6620945580652284,0.32449383041689006,-1.2212497012485928,-3.267001023605447,5.221846688176632,6.427062457736356,3.690783243242153,-0.30143135625862283,2.4788434140655715,0.27019369131237564,0.4592303988278406,3.0739421713777357,3.6744461292713493,1.6363277968092127,-0.4032507577777962,2.5750024764387884,4.215568634212428,-1.269859646285225
-0.20083984902716343,-1.1171484145549948,-0.719872585940627,-1.1364388737192879,4.15632429655281,0.9260239372336817,-0.84914602433374,1.1677735725231366,1.7974408054813729,-2.5978482114948065,2.3556840181539482,0.020047046369278048,-1.5999218979352179,2.8157425220380694,2.5206032504552995,-0.9210810805558275,0.7346431615432621,-1.9626932918547177,-2.1406753848236573,-1.2771235462789412,2.6251513189932747,-0.7164787350237868,2.5340863272060763,0.663644899795665,-0.739537272149955,0.15853233666724978,0.6237604471900142,-0.8391310208427214,-2.0192126710410605,4.165358509319218,-2.984127582877272,-2.9445926812440066,-0.21658659663496266,1.390763527368507,-0.42441810167451466,-0.7003798874493555,0.5836604233342805,-0.9098531572644215,-1.702496551219005,-0.13068339594346248,0.6433693792833736,2.178575148875596,-4.125677900569649,-4.8418546670520435,-2.4273952501227263,0.27403178202102474,-2.3357563053674975,-0.7885327394524485,-0.5790448985671024,-2.486973258259995,-2.8706715539620364,-1.0065071187553116,0.3012045356268747,-1.8393818995902222,-2.9356538935449876,0.77395784210654
0.21551808892407204,-0.1332543675833599,-0.33805924835049433,-0.14691570220863495,0.3212188167181111,-0.11878085651683858,-0.6159244306146602,0.08798154954840973,0.16261133859184826,-0.021973155850266365,0.020047046369278048,0.28127035861846084,-0.17587263456813237,-0.014552290315361469,-0.013092247746352247,-0.13335490411486736,-0.13537244025778913,0.03612732958085437,-0.0569639227992052,0.06681326246805293,0.03510378950431037,-0.29004887093466675,0.18584879119651612,-0.07761319318366657,-0.3110508318506961,-0.48838692638193215,-0.11356010673528777,0.3712774434205501,0.023089994757917464,0.024340323651379354,-0.5152701736567823,-0.33833328433935334,0.12694002290383946,0.35854057675305323,0.03881230847070691,0.03564970443941777,0.1392945823112711,-0.6095800759372562,0.0526614675206393,0.025775195955044444,-0.015601255070505351,0.5411167305398181,-0.28245280188525906,-0.24675731646127186,-0.525300110112088,-0.0028919803723174388,0.33052613213662246,-0.20426389152184474,-0.3143803255339361,-0.17348437806567168,-0.2197017032921107,0.21798541213706524,0.2829708377254036,0.27056362789566085,0.011444053378370355,-0.14891938956298795
-0.7701864178646698,1.9415351596203299,1.9953075382758623,1.6763570331422348,-6.052792920460037,-0.21591339301964096,0.6165444478191315,-1.7439825916446434,-2.4208127552339462,2.415714982560814,-1.5999218979352179,-0.17587263456813237,2.683246142097833,-2.1667255967016312,-1.9990017920055096,0.5800018716173244,0.6965798609476146,1.4155334695404351,1.8384525040480912,2.222063788210199,-3.566933971091801,1.3199289827273624,-4.031814317177398,0.020596998252510768,1.5188851030822097,1.1909887239885406,-2.939158486543966,-0.267877431161715,1.6010678327684773,-4.519082564006208,2.4607411267852117,4.326454669394334,-1.9042161385669278,-2.5315693579933938,-0.21995559326104921,-1.6874175703041399,-1.0813157406231653,3.315031411439521,0.6256988633879185,0.487869793386097,-1.6022132482734883,-3.775798559702014,4.491335005648968,5.915020078226403,4.275673981887506,-0.18162503784250394,1.1527578752208072,-0.7308362858103824,0.16072862163026577,2.5330581049816208,3.2390926094808923,1.7695389747324175,-0.5326598159212484,2.3460919101451556,4.227878678415871,-1.3950014928623318
-0.12697008269148427,-1.5228713560301663,-1.05686109259584,-1.492213742468048,5.492878530211229,1.0625637452666856,-0.8746746546582097,1.552513235002541,2.333928562310511,-3.2254177481095283,2.8157425220380694,-0.014552290315361469,-2.1667255967016312,3.4219810040240666,3.0749982887359324,-1.0628474079350756,0.6937781809571008,-2.3747058165189943,-2.6200113926075446,-1.7945626370868388,3.4626537071644146,-0.9405663356129296,3.4144976636210127,0.7265860258273871,-0.996412011907959,0.07094923173415185,1.2370157073352996,-0.9420524546885448,-2.4662755739380526,5.2932907445370105,-3.528830942668302,-3.8725055335062737,0.08599349129364361,1.871156685563084,-0.42424120709995916,-0.44990146918486484,0.7902726555375718,-1.435471333897949,-1.952874654561307,-0.23642723189843853,0.9891066874915667,2.899597116096522,-5.182829977772012,-6.221059401365273,-3.262787823419798,0.32795256713052434,-2.798470712241402,-0.6610587614269863,-0.5737067503991914,-3.092286082977876,-3.6206690883462427,-1.4576672223303493,0.35189539760182714,-2.4698838145295454,-3.929258921830304,1.1231441333770218
-0.08897424138419997,-1.4068578569237036,-0.9975214791852022,-1.3733893843398735,5.037823182854212,0.9438523450364944,-0.773576139137078,1.4302228312432919,2.1361616085383135,-2.9152977223801018,2.5206032504552995,-0.013092247746352247,-1.9990017920055096,3.0749982887359324,2.770881802961502,-0.9521436147574528,0.5853878756757349,-2.1348543854951947,-2.3588834785315136,-1.6605992694283256,3.167283934834132,-0.8675688983152671,3.145781703130447,0.632563529981688,-0.9217236380198995,0.03243601914920043,1.2066066184240718,-0.826648267596254,-2.2221501168496065,4.8103160987383875,-3.1728990076041,-3.557259811863881,0.14634321514298737,1.73710520122265,-0.3615825762348227,-0.3230455056063183,0.7262852887552064,-1.3642267715349439,-1.7232106597443009,-0.22962878082187888,0.935395338182817,2.6750141024107723,-4.705200406365504,-5.669478613163581,-3.0172010358349586,0.2931781490658884,-2.5035135162920996,-0.5347349595665641,-0.49487539933995917,-2.8069128047447403,-3.2846277969287248,-1.3503291916604137,0.3195304148741961,-2.2595020081681296,-3.6082790426994595,1.044726125864812
0.04908165240034583,0.40450743186420063,0.32596590281504256,0.4458763952317176,-1.5117031030953572,-0.3383365801068713,0.6313287895762459,-0.42500423918935504,-0.6838944146990742,0.9667818113769405,-0.9210810805558275,-0.13335490411486736,0.5800018716173244,-1.0628474079350756,-0.9521436147574528,0.43090863633620535,-0.31987578311064807,0.7395738830108706,0.825076764370209,0.35355887232436295,-0.8899541736596943,0.3535487904672137,-0.8918135937041252,-0.2543821206098822,0.35577559336358633,0.06785158891481297,0.015050972205302915,0.2155993928650365,0.7560963386045267,-1.495333122120561,1.3818329260513713,1.128700922418421,0.19127623659274667,-0.5970783465015757,0.18592807466880684,0.42813318375743836,-0.23532450207848912,0.4262996703586138,0.6687395137548725,0.008130487899280359,-0.15314446432452994,-0.9291771372536095,1.6067641955508711,1.789461559059732,0.9952612081852594,-0.10459086234888042,0.7825148312088817,0.5024866378323783,0.3944757313033707,0.9900628042907537,1.1142119976689153,0.1941440579704092,-0.2279141506138475,0.49084722978712175,0.9562559040478662,-0.15925078515147686
-0.7605618967311909,0.5379967401952176,0.9178043687761759,0.3185580618030392,-1.1197448591079309,0.6139406096961397,-0.19371988623093042,-0.33917871205432054,-0.3355517144693331,-0.33093515547314856,0.7346431615432621,-0.13537244025778913,0.6965798609476146,0.6937781809571008,0.5853878756757349,-0.31987578311064807,1.138803788112729,-0.5620766201942848,-0.37841568127209646,0.6015827094241439,-0.5084729863108548,0.4169592304115539,-0.9320955549311585,0.5607942131025518,0.5512343094739324,1.0630405298559897,-1.6651407092007533,-0.9233939896536604,-0.46938176693411143,0.05485852176270024,-0.584329674144739,0.8204675589475142,-1.6111337613641659,-0.7573313110081102,-0.5136484177096244,-1.8321257528904136,-0.34374551433022765,1.7818001362471085,-0.9206410720086424,0.250504146093954,-0.6559649014924517,-1.060978316207969,-0.02305018257460983,0.449904928854777,1.221676413275974,0.0886548374592352,-1.088012144733143,-1.1655992496085124,-0.3256822139547936,-0.1524283786984811,0.07980360523302008,0.47780953922229685,-0.17362327410784495,0.2196672272005852,0.7346034920084362,-0.38892630586772775
0.15467405891698177,0.9908396223659792,0.6358592516252308,0.9873833396954602,-3.639335164701599,-0.7749730174035412,0.5722542954560282,-1.0303696033516943,-1.5561519897519411,2.215350506216054,-1.9626932918547177,0.03612732958085437,1.4155334695404351,-2.3747058165189943,-2.1348543854951947,0.7395738830108706,-0.5620766201942848,1.6576101286935143,1.8028187568003742,1.1828681318953882,-2.316129193141692,0.5932237144614537,-2.2484574374447086,-0.5357735301792035,0.6191810492330191,-0.15540433887591404,-0.7338479302487817,0.7303168479204671,1.712680239521723,-3.604215511647667,2.4125125640387868,2.5608695715551097,0.06349934321480985,-1.2041213560419253,0.32601250401601356,0.4346659963004466,-0.5023227651214256,0.8100638610497761,1.3893815648122034,0.1464640446727691,-0.6314513394192767,-1.8674187951534125,3.5111017498864783,4.185253939447423,2.106802842394614,-0.2288947229196597,2.000913270895128,0.5139922413858558,0.3913422341435208,2.1079138880804753,2.440979041321076,0.970365404852201,-0.20905807420969666,1.6799748796908698,2.6237943767761704,-0.7473492940674032
-0.0366010757713031,1.3001549274945248,1.016841050875556,1.2498302697664292,-4.5551124493475905,-0.7412317442287649,0.7799870900339697,-1.2895619998063936,-1.9220341446399032,2.5173854201535235,-2.1406753848236573,-0.0569639227992052,1.8384525040480912,-2.6200113926075446,-2.3588834785315136,0.825076764370209,-0.37841568127209646,1.8028187568003742,2.0380951391427584,1.4873168038698366,-2.815871668539779,0.8516714838634184,-2.859231448348443,-0.4897258812590902,0.9171441632347908,0.16959855538141855,-1.1736876106408438,0.5600141030686304,1.8896999791170142,-4.191820853462533,2.814568922211023,3.235313993398005,-0.29866459136368345,-1.6447809101052613,0.2631106751152777,0.11444648598447385,-0.6960631177685356,1.4779677787665688,1.4201391682826636,0.21475016894359872,-0.8650322074299541,-2.5323755840792113,4.155290381922096,5.032509387916417,2.8377391761637254,-0.2480105883622801,2.017440585951002,0.4114405482217258,0.4700889165463351,2.461941512215945,2.919622188256379,1.1770760936649036,-0.3526924095575863,1.9364354944429982,3.2059610518818227,-0.9128596297091991
-0.5599021314394169,1.6064159207982927,1.5229472854471338,1.3455745006088142,-5.028426772127426,-0.21916296634483198,0.001362640161720047,-1.4539627610215529,-1.971408206978932,2.0145252271705836,-1.2771235462789412,0.06681326246805293,2.222063788210199,-1.7945626370868388,-1.6605992694283256,0.35355887232436295,0.6015827094241439,1.1828681318953882,1.4873168038698366,2.017322922939047,-3.0746409337791683,0.9334875721724004,-3.3914710858969785,0.011090373637411397,1.1003174549383257,0.7267744610156442,-2.777972921908305,-0.0189566905726523,1.34037533389271,-3.839961673971282,1.6214716762205512,3.506570942114939,-1.6898713417077265,-1.9479655214940867,-0.2088224246178366,-1.6017596061894543,-0.8460424969598571,2.5179444029569127,0.4848202126991389,0.46402171194391906,-1.4502530802272282,-2.893812268733196,3.607424434833452,4.903191337450339,3.350618518733361,-0.14871794501056612,1.1460464061230164,-0.9119784540079104,-0.15393354125868888,2.008242033381564,2.598745915666629,1.7418746535317104,-0.2410346551403431,2.251823520161285,3.701126373188318,-1.3553780278811056
0.7125455659182078,-2.564451765136385,-2.3717188300319636,-2.2457829417142463,8.267980629925153,0.6213918452431589,-0.6041475575619586,2.3733513560572983,3.3263895795390424,-3.663934174732343,2.6251513189932747,0.03510378950431037,-3.566933971091801,3.4626537071644146,3.167283934834132,-0.8899541736596943,-0.5084729863108548,-2.316129193141692,-2.815871668539779,-3.0746409337791683,5.0274793625680445,-1.6030371832770016,5.450015199609732,0.2359950094608775,-1.8334390910851814,-1.0509832732368216,3.745859578172153,-0.18197052162811475,-2.5451755571268055,6.6443715204046,-3.5224984832731154,-5.82919473667269,2.105795520971374,3.201382735768097,0.10122492799411989,1.7524006871414681,1.3770456533297184,-3.8254871323339406,-1.3155475872774929,-0.6337635674871172,2.106145670147543,4.808921739064142,-6.43471829397508,-8.368945245545522,-5.486999396443752,0.30357186813997106,-2.309858686573453,0.7428944708599886,-0.1744633889988723,-3.66770332484859,-4.600364302200936,-2.5509705806981073,0.5458681238656863,-3.5293674870986274,-5.934689179716171,1.9885246826780705
-0.5072215168920644,0.9598283551049396,1.1399212231623148,0.8511157410084056,-2.918061775339662,-0.0013904499053336932,0.7339241710431536,-0.83675625351959515,-1.1916948819656883,1.07979439705021,-0.7164787350237868,-0.29004887093466675,1.3199289827273624,-0.9405663356129296,-0.8675688983152671,0.3535487904672137,0.4169592304115539,0.5932237144614537,0.8516714838634184,0.9334875721724004,-1.6030371832770016,0.8030273473893915,-1.923400524597721,0.07061327564889339,0.9077389607570472,0.9003556715922362,-1.221051332926726,-0.40407063363919116,0.6854488711390466,-2.0105546150048883,1.4686005852974733,2.166863140722764,-0.9460837590697938,-1.3898280372271699,-0.1293616129600769,-0.7824933088918063,-0.5845145783062685,1.9332587470023908,0.23175781645470492,0.19702607015679816,-0.6982961651061216,-2.078753505968365,2.1927932778444292,2.7970864923247145,2.2877655507577126,-0.07746649419289092,0.25228260563724664,-0.17508308228248362,0.3059320453235316,1.2456762085768558,1.5949162143825117,0.6196082534989933,-0.4491987563700762,0.8326558441820684,1.8602310786344711,-0.5052964207385042
1.060818865635282,-2.912559707136026,-2.9067087152905575,-2.521029804637488,9.156858043074765,0.42281727870655095,-0.8107887611695659,2.6387219549934455,3.66445861108302,-3.7555797037559673,2.5340863272060763,0.18584879119651612,-4.031814317177398,3.4144976636210127,3.145781703130447,-0.8918135937041252,-0.9320955549311585,-2.2484574374447086,-2.859231448348443,-3.3914710858969785,5.450015199609732,-1.923400524597721,6.0895356557626314,0.04082642217388401,-2.2121073131320177,-1.610869470504842,4.410606179095966,0.22928181044561988,-2.5228249879636455,6.977016479928595,-3.721850277328514,-6.516080483613537,2.754403958526205,3.745687047733826,0.28114177459209677,2.4232310409648017,1.6003189981076238,-4.790650441676178,-1.0653748176089213,-0.7366693688725862,2.416768655949364,5.5898212813044985,-6.8641854546597045,-9.026681763231796,-6.351195979288233,0.28946337163892033,-1.969006080998544,1.0722780081591616,-0.19681461456088728,-3.8817542273474372,-4.9361690401637945,-2.7434124016237016,0.7323632063468744,-3.6716885947992393,-6.462045515264171,2.156192818027983
-0.33959837573597995,0.034885892871790815,0.265691558764498,-0.04596783511186086,0.223134646785127,0.3928121334587525,-0.14603251192917716,0.04975525477272438,0.14807610263971915,-0.5479681710091249,0.663644899795665,-0.07761319318366657,0.020596998252510768,0.7265860258273871,0.632563529981688,-0.2543821206098822,0.5607942131025518,-0.5357735301792035,-0.4897258812590902,0.011090373637411397,0.2359950094608775,0.07061327564889339,0.04082642217388401,0.3311072596683842,0.11794494061351475,0.4738942353142637,-0.5162321452268076,-0.5212178589390433,-0.5085815784184854,0.6979191885670509,-0.6512235998981766,-0.13113657022737998,-0.6540369151624144,-0.10307469805731821,-0.2681764765031284,-0.8110499489612434,-0.045327303722014885,0.5806994886745306,-0.639230457890281,0.0723436628542421,-0.1448702675524213,-0.10290863818753027,-0.6524734049486381,-0.5965202751115145,0.12438908291917287,0.07922437252460104,-0.8253494904856811,-0.5529473465007853,-0.18779576078971977,-0.440609160984676,-0.4201283517029409,-0.00855235374145426,-0.044564545962931724,-0.24783626812103887,-0.20231319004535855,-0.006331652620133903
-0.6133578177118746,1.1067097386701847,1.3216041534463552,0.9640057953172182,-3.329373303294247,0.04061310902400463,0.7503188651508742,-0.9549294035147842,-1.3458688290431378,1.1783723458001674,-0.739537272149955,-0.3110508318506961,1.5188851030822097,-0.996412011907959,-0.9217236380198995,0.35577559336358633,0.5512343094739324,0.6191810492330191,0.9171441632347908,1.1003174549383257,-1.8334390910851814,0.9077389607570472,-2.2121073131320177,0.11794494061351475,1.0350092144284206,1.0552106613076593,-1.5142687582248766,-0.4982340927463319,0.7289152518663631,-2.2415012743851994,1.547355006211349,2.4605139867870425,-1.1830699998516945,-1.5835834253211414,-0.18392022278792602,-1.024843024135162,-0.6718773674339922,2.2611023840855706,0.19009667881459819,0.24279318222721538,-0.8355410009117222,-2.3657496430842873,2.4255010563737742,3.1448033440228076,2.6130145563259335,-0.07975466221899619,0.21921020046726797,-0.30887386867360034,0.2888075609912427,1.3630949784534625,1.7730218249165606,0.7526526589163063,-0.49282341606892477,0.9739995817009456,2.1424104383438407,-0.6099932109375559
-0.9303634363808135,0.8921448274223563,1.4194105509570332,0.7121130235946961,-2.290772528209213,0.5229409540795752,0.7876811677609974,-0.6618981758581762,-0.884638957676919,0.2615614812564669,0.15853233666724978,-0.48838692638193215,1.1909887239885406,0.07094923173415185,0.03243601914920043,0.06785158891481297,1.0630405298559897,-0.15540433887591404,0.16959855538141855,0.7267744610156442,-1.0509832732368216,0.9003556715922362,-1.610869470504842,0.4738942353142637,1.0552106613076593,1.5657336105546475,-1.5026352633730158,-1.1474487267585571,-0.042444667942677254,-0.8390692274871707,0.7412872574608538,1.7881626671295523,-1.5900519940289495,-1.4356493619323112,-0.43101030014441144,-1.573720442650305,-0.6139128570029424,2.598384049702796,-0.5547504218044818,0.2219852514172682,-0.7101474341131969,-2.111033315933832,1.191025929111398,1.7251746854407335,2.287720542442224,0.02797720413499315,-0.9365701436074273,-0.6379512086724841,0.22621220872559494,0.5941032343813205,0.9474562644759363,0.3645316335934536,-0.5839769506136836,0.23309321369268124,1.2604459868197782,-0.3230300089635976
1.2014820793684886,-2.1545311009541512,-2.311106777910975,-1.6591939191938796,6.249687009976003,-0.2889743970015372,0.5698820002466155,1.8311137540119538,2.329263149203766,-1.806747672567763,0.6237604471900142,-0.11356010673528777,-2.939158486543966,1.2370157073352996,1.2066066184240718,0.015050972205302915,-1.6651407092007533,-0.7338479302487817,-1.1736876106408438,-2.777972921908305,3.745859578172153,-1.221051332926726,4.410606179095966,-0.5162321452268076,-1.5142687582248766,-1.5026352633730158,4.660159135189638,0.686879052349882,-0.9842052911162986,4.021957838426597,-0.8386644178420678,-4.333378740037097,3.292120949742502,2.602225665066205,0.7018931583971312,3.477518404144457,1.144870214180915,-4.033711406357583,0.36342700560930086,-0.7580268712387438,2.2018703991863173,3.7849017224696735,-3.644428311967548,-5.506471114674673,-4.4431542472051575,0.07243657717203758,-0.36482803156864213,2.246922554116173,0.6832128767319332,-1.8892614894415436,-2.7023772728881688,-2.4558090113919167,0.2480493505584038,-2.7788148514365147,-4.669179104647507,1.9190580992363966
0.6948160494366037,-0.22701579793048457,-0.7329176882613206,-0.11275857746459753,0.16782150071868368,-0.6492444926663938,-0.38421222477371636,0.05562785495456194,0.013373891411071533,0.660343550106619,-0.8391310208427214,0.3712774434205501,-0.267877431161715,-0.9420524546885448,-0.826648267596254,0.2155993928650365,-0.9233939896536604,0.7303168479204671,0.5600141030686304,-0.0189566905726523,-0.18197052162811475,-0.40407063363919116,0.22928181044561988,-0.5212178589390433,-0.4982340927463319,-1.1474487267585571,0.686879052349882,1.074845676239229,0.6756348679086136,-0.8065902501466977,0.35294771898708593,-0.24844830104762772,1.0779274923653237,0.5322268760076477,0.4089731733597227,1.193988056558843,0.2306331620834285,-1.4740527477760765,0.8915148024103243,-0.08581672217938145,0.22266474579266576,0.7484536942590082,0.5060041084623892,0.41663987819195863,-0.7711175998831942,-0.10477497200526542,1.4099118018729486,0.5802663774222785,-0.044340277857353595,0.38226112754981684,0.2704730971531973,0.15826731366756003,0.34159929362818864,0.5183799666955617,0.16802189351682242,-0.0918064401837689
0.07684992142489033,1.1266680874784405,0.7903643613058405,1.0974623377723591,-4.037195333174958,-0.759671552246274,0.5906795293047207,-1.1460373530285242,-1.709593343291889,2.3382448754466436,-2.0192126710410605,0.023089994757917464,1.6010678327684773,-2.4662755739380526,-2.2221501168496065,0.7560963386045267,-0.46938176693411143,1.712680239521723,1.8896999791170142,1.34037533389271,-2.5451755571268055,0.6854488711390466,-2.5228249879636455,-0.5085815784184854,0.7289152518663631,-0.042444667942677254,-0.9842052911162986,0.6756348679086136,1.782745113772422,-3.861436507345798,2.51981086081093,2.8451010676666377,-0.12140761168841886,-1.3818447599469021,0.28921947331543374,0.2502668052823442,-0.5790827853135024,1.0779417993489875,1.3816433763298626,0.1869497677950321,-0.7554630658262327,-2.1287081071750866,3.7649667725215146,4.54406549433147,2.4049186115363668,-0.2351255090175961,2.019516809657697,0.41328878949635217,0.3808501244798554,2.244508631048827,2.6282463835647665,1.0977818809874702,-0.24433199447708023,1.8288776645642981,2.902511903442759,-0.8482340222392691
0.5125705039210839,-3.224726350702137,-2.743442304970945,-2.940140508844796,10.797275965141857,1.2641772426648499,-1.128458376355588,3.088412866904709,4.4336156604702355,-5.3308312102316755,4.165358509319218,0.024340323651379354,-4.519082564006208,5.2932907445370105,4.8103160987383875,-1.495333122120561,0.05485852176270024,-3.604215511647667,-4.191820853462533,-3.839961673971282,6.6443715204046,-2.0105546150048883,6.977016479928595,0.6979191885670509,-2.2415012743851994,-0.8390692274871707,4.021957838426597,-0.8065902501466977,-3.861436507345798,9.284971414258232,-5.435215432881223,-7.621693430974621,1.8356283180365653,4.0175064515317,-0.2069511419281722,1.1701619937798107,1.7077402618963815,-4.225090220546257,-2.4529089562890047,-0.701592147270273,2.4705889281231546,6.083487865234312,-9.035102132219878,-11.385500560949355,-6.9125523482184406,0.48280028700121025,-3.8895127551037865,0.1738906198482542,-0.5453874694901562,-5.252952608511476,-6.393800899754966,-3.1597019520150105,0.7073428207699813,-4.687021645847505,-7.739389792144436,2.458544240918103
-0.193452368577879,1.7422625114161605,1.6219711608833236,1.7694358670171948,-6.071143975985188,-0.9273064630688517,2.10966594514253,-1.713495664407446,-2.650212171094079,3.3595586527338264,-2.984127582877272,-0.5152701736567823,2.4607411267852117,-3.528830942668302,-3.1728990076041,1.3818329260513713,-0.584329674144739,2.4125125640387868,2.814568922211023,1.6214716762205512,-3.5224984832731154,1.4686005852974733,-3.721850277328514,-0.6512235998981766,1.547355006211349,0.7412872574608538,-0.8386644178420678,0.35294771898708593,2.51981086081093,-5.435215432881223,4.6614207293854175,4.5010008978285105,-0.135735623262903,-2.516642005264773,0.4164241321319345,0.6067562856732273,-1.0268485481812593,2.4173069794942146,1.9818005392089046,0.16281663399620536,-0.9019593564131889,-3.872136952890992,5.819908953395591,6.746321184633453,4.195832189258447,-0.33738620123576524,2.336236258830798,1.2005764116528819,1.227825213207447,3.505511588195013,4.090697053630725,0.9986113957777947,-0.8839217892848024,1.9561247089219727,3.8849223816661955,-0.8080343774993792
-1.0995446226301702,3.1207558752615494,3.146336036103465,2.7573507950953906,-9.88932479409477,-0.537797299453913,1.2983311227231065,-2.845046116612949,-4.00604893707061,4.179596551695777,-2.9445926812440066,-0.33833328433935334,4.326454669394334,-3.8725055335062737,-3.557259811863881,1.128700922418421,0.8204675589475142,2.5608695715551097,3.235313993398005,3.506570942114939,-5.82919473667269,2.166863140722764,-6.516080483613537,-0.13113657022737998,2.4605139867870425,1.7881626671295523,-4.333378740037097,-0.24844830104762772,2.8451010676666377,-7.621693430974621,4.5010008978285105,7.099913606747019,-2.685584697353838,-4.112981102770235,-0.20635854097657363,-2.2195392356564647,-1.740784115640336,5.147561160607568,1.3449734005768426,0.7271203578457073,-2.465541865227168,-6.153877604341667,7.645752688207114,9.863518082703127,6.936065906392461,-0.3342607123330308,2.2071307065363754,-0.7677050730667697,0.47900203717984086,4.367822369464152,5.48260890973338,2.739815644726846,-0.9240893119099276,3.7804748592930864,6.850496864475562,-2.165004083278074
1.1556456476999015,-1.4163324195004685,-1.8161146234978691,-1.0357858483582403,3.7810389946982434,-0.6002230213559908,0.213945892035754,1.112276864101025,1.3642500941437214,-0.6143151673277892,-0.21658659663496266,0.12694002290383946,-1.9042161385669278,0.08599349129364361,0.14634321514298737,0.19127623659274667,-1.6111337613641659,0.06349934321480985,-0.29866459136368345,-1.6898713417077265,2.105795520971374,-0.9460837590697938,2.754403958526205,-0.6540369151624144,-1.1830699998516945,-1.5900519940289495,3.292120949742502,1.0779274923653237,-0.12140761168841886,1.8356283180365653,-0.135735623262903,-2.685584697353838,2.6937824162791095,1.8432593121222198,0.6962620590840594,2.9051288376158526,0.8152135636544812,-3.305024854612374,0.8251834269335862,-0.5184768416656245,1.4743565822217244,2.661671038343055,-1.7607861841853265,-2.9455609769138404,-3.073592130401797,-0.028973701052068954,0.6918304286534757,1.7938203212924346,0.44842265990129854,-0.8210183019778501,-1.3782459195889096,-1.4085202530261445,0.3226934833686966,-1.3622001332880171,-2.6768829137494765,1.1169662931479853
0.8618046903863406,-1.8373385595568237,-2.0470020874036505,-1.6086389013532671,5.634094946132047,0.08513910508216516,-0.9687368983684217,1.6279104031635856,2.2756809354208776,-2.1376868522899963,1.390763527368507,0.35854057675305323,-2.5315693579933938,1.871156685563084,1.73710520122265,-0.5970783465015757,-0.7573313110081102,-1.2041213560419253,-1.6447809101052613,-1.9479655214940867,3.201382735768097,-1.3898280372271699,3.745687047733826,-0.10307469805731821,-1.5835834253211414,-1.4356493619323112,2.602225665066205,0.5322268760076477,-1.3818447599469021,4.0175064515317,-2.516642005264773,-4.112981102770235,1.8432593121222198,2.538513195106701,0.24686763910508736,1.605098868870366,1.063735929902659,-3.4290862981261894,-0.46088684104450733,-0.42877779356397505,1.4450293345972225,3.772089116212448,-4.174129945912843,-5.428269400524203,-4.216652405340345,0.1535299003830814,-0.7435213103652327,0.5679432925526832,-0.34086030060207745,-2.3660478918099686,-3.0173750484876973,-1.4338889963213848,0.674323788188541,-1.8955341854599745,-3.771557395030641,1.1520567988425907
0.32145978013917686,-0.1751521164266542,-0.3436410032368635,-0.080730573674249,0.2808268770250194,-0.29640309601782944,0.16192010779919908,0.09211954615870076,0.0567773158436363,0.25879353552195367,-0.42441810167451466,0.03881230847070691,-0.21995559326104921,-0.42424120709995916,-0.3615825762348227,0.18592807466880684,-0.5136484177096244,0.32601250401601356,0.2631106751152777,-0.2088224246178366,0.10122492799411989,-0.1293616129600769,0.28114177459209677,-0.2681764765031284,-0.18392022278792602,-0.43101030014441144,0.7018931583971312,0.4089731733597227,0.28921947331543374,-0.2069511419281722,0.4164241321319345,-0.20635854097657363,0.6962620590840594,0.24686763910508736,0.23872451974832762,0.8217784335568308,0.11149789571161903,-0.6854687982320218,0.47421022522206957,-0.10557704092698045,0.2592751940680042,0.3281954988110778,0.20902736079808143,0.03438842313558711,-0.3898790699183245,-0.05057098446788646,0.5494598157748758,0.5561314166540227,0.1895512954440932,0.18327213406350734,0.1084898400656028,-0.17653436632636993,0.041888399396271155,-0.03184660754392296,-0.19110150286192737,0.14554783327271595
1.2092738555658715,-1.268227352457958,-1.7068006313468072,-0.8525623645777349,3.1691508586344788,-0.7833360658780671,0.6085213418121335,0.949362402152658,1.0718199092992649,-0.15272195480721767,-0.7003798874493555,0.03564970443941777,-1.6874175703041399,-0.44990146918486484,-0.3230455056063183,0.42813318375743836,-1.8321257528904136,0.4346659963004466,0.11444648598447385,-1.6017596061894543,1.7524006871414681,-0.7824933088918063,2.4232310409648017,-0.8110499489612434,-1.024843024135162,-1.573720442650305,3.477518404144457,1.193988056558843,0.2502668052823442,1.1701619937798107,0.6067562856732273,-2.2195392356564647,2.9051288376158526,1.605098868870366,0.8217784335568308,3.2632841574822873,0.7154703783226924,-3.1749653802291844,1.2111144036163743,-0.5458717984348104,1.4783117037753535,2.267815372356947,-1.0069803634068537,-2.159041696840983,-2.6736398124671332,-0.08402299905841765,1.0823271822465497,2.167736170753585,0.7094219713659023,-0.3511913292570162,-0.852880242504657,-1.4013785528068252,0.19031725243090689,-1.2082971157725906,-2.3298455165446383,1.1107316164084535
