V1,V2,V3,V4,V5,V6,V7,V8,V9,V10,V11,V12,V13,V14,V15,V16,V17,V18,V19,V20,V21,V22,V23,V24,V25,V26,V27,V28,V29,V30,V31,V32,V33,V34,V35,V36,V37,V38,V39,V40,V41,V42,V43,V44,V45,V46,V47,V48,V49,V50,V51,V52,V53,V54,V55,V56
1.6862338566388082,-9.683438963466446e-4,-1.9599509580047387,-0.22867078966761195,-1.0636899998884213,-1.471857859784612,-5.04291506343701,-0.3449272048456385,-0.16238656752187333,1.6863861792193968,-1.264825517503261,2.4669988114931356,0.09181040924170288,-1.9744830241121818,-1.8014340258237618,-0.6566262825632277,-1.1626183994195058,1.5754628581198382,0.9667003813257159,1.9862515724309255,-2.077227425260992,-1.8239835505212094,-0.8922507886863715,-0.9018798166352336,-1.9229575515008905,-3.9658051718281193,-2.518860714794897,3.5234106876547484,1.5566865196010131,-3.0893126756299027,-2.6381102255379396,-0.22568475532105692,0.3911057357352853,1.6876358236648634,0.3896604757987551,-0.19442977040508563,0.6095304979787471,-3.7981707211481757,1.281616612096597,0.49222605367620903,-1.0553192126407,2.5557536579561053,0.7234409164426995,1.8962668314582127,-2.108717015703451,-0.19211486806451014,4.250776250936611,-1.9302596601127406,-2.6013988888618806,0.33835979744805494,0.33523480835804126,3.0706133106700704,2.2393390884925006,4.065354191093406,2.894599237873794,-2.2112990030752417
-9.683438963466446e-4,0.3824585743434388,0.23738606115475874,0.32565379228249625,-1.3035718936370577,-0.1885876063944283,-0.18302785710919783,-0.3765260772026223,-0.5121739089902494,0.6605111048570709,-0.4854210702476959,0.133793835436455,0.5381038303862938,-0.652239567037105,-0.5959553260609592,0.10627662752431162,-0.008462122426241682,0.45259032843427455,0.49144492296793346,0.5693523951692269,-0.874844092896413,0.13650559498363513,-0.8664525622197482,-0.09632521189664604,0.1635415903977556,-0.07939116813631347,-0.6817571540473526,0.24088497741395767,0.48488562055087014,-1.1895266012133123,0.4045761264743816,0.865058914792282,-0.26995589724419505,-0.38319078201499107,0.01568010581813066,-0.24462264111692392,-0.17013271375449454,0.3407634797460807,0.2888172916518285,0.11978806913213368,-0.3690146874550588,-0.5748550074768187,1.0257701040545046,1.3777162380870955,0.700780971283908,-0.05871394336683673,0.6098551140132128,-0.19932031797909464,-0.11162444671872598,0.5837887491788161,0.7208735883686936,0.55142707389354,0.0439232530828788,0.7611632679626422,1.0552307233418008,-0.4197853714586495
-1.9599509580047387,0.23738606115475874,2.425695225136274,0.4683370846822525,0.4316495769634044,1.5936330980354563,5.751097514789694,0.16724707519863904,-0.1282318146388448,-1.552628792672357,1.1713340204973555,-2.785845210512269,0.22576435978790996,1.8932651696083063,1.7253639906218918,0.8303052448487966,1.3449381086173546,-1.5514891299278915,-0.8210409252028467,-1.9579757233904895,1.8756043669337237,2.2049914827634245,0.5016924101847468,0.989716604918014,2.3361498021231664,4.560208340768123,2.5077844303826407,-3.94641147660129,-1.509749093235422,2.85645260551545,3.3188533940709197,0.798307092384555,-0.6198934508100223,-2.201016789978382,-0.443385915775292,0.07543305306281496,-0.8125366228178822,4.623839390336289,-1.313752554615239,-0.4978321514466996,0.9980276578313793,-3.3270813903566,-0.206800155394243,-1.3537821545163442,2.8860483000367005,0.18726772687247561,-4.564518006292953,2.120067822109298,2.9549554458665925,-0.03083346009819544,0.05444762116472392,-3.2302805483637957,-2.576132669192819,-4.257195621084052,-2.713373121791999,2.3114063626567813
-0.22867078966761195,0.32565379228249625,0.4683370846822525,0.3093799530435877,-0.9648909511913148,0.038276806288377326,0.5295224874245216,-0.2747081559542013,-0.4144483213013079,0.3332533990685229,-0.24083143112629724,-0.2211653152213604,0.4455955077208644,-0.28659438813938753,-0.2635015962595939,0.18064647407163142,0.1492434916283173,0.17189333771388077,0.2864210136912656,0.21466890346874262,-0.4617857288912524,0.3637422258572132,-0.6167255448744037,0.04105071079330765,0.39962926347160843,0.46926326270608704,-0.23810476090187627,-0.27205490086996664,0.20191570389339167,-0.5935302646492183,0.7038759428098929,0.7682589110958497,-0.2814635369110654,-0.5571422498364217,-0.03959950487640756,-0.18145919125297383,-0.22643061892589186,0.8031734976343602,0.06992863189518034,0.035568668709630234,-0.17175387955813526,-0.8366016801289132,0.7753753594307944,0.9150235259297816,0.8839470227958779,-0.023739595943816985,-0.057104357422552425,0.09134854917486218,0.25748044521182206,0.45266118255257926,0.5670067741121383,0.05180929263983989,-0.2662533921285119,0.09533540554930602,0.5054076751988419,-0.057395535521156844
-1.0636899998884213,-1.3035718936370577,0.4316495769634044,-0.9648909511913148,5.1192769685656945,1.5745620258586488,3.8164666255738737,1.501564218295654,1.8491524330653428,-3.3208037591934545,2.4575964991070047,-2.018031569184057,-1.8931019323400042,3.4756566876896864,3.172950806172535,0.053649351317824015,0.7645351000985725,-2.5410807995965445,-2.289113945748261,-3.19905678987905,4.2993047359192245,0.6890702331567773,3.5193136716634537,0.9004250046436949,0.6591209933359465,2.7804389805390968,3.918588773564767,-3.051465476140292,-2.639256712140221,6.0127167187427215,0.29025121413421556,-2.8062542010264555,0.6731549308170447,0.236798654864274,-0.3006046025229151,0.9562106191359618,0.19521192945023325,1.2408555708296332,-1.798786851752059,-0.7195816228988874,1.9253590849025668,0.34218919670155246,-3.956637310927073,-5.899672782966698,-1.053826525138801,0.3220741449642671,-4.770931479662622,1.8997045923927836,2.0263808028796877,-2.204268274521607,-2.672077517808087,-3.824632018058751,-1.5669618410257542,-5.169880494373629,-5.43087078932112,2.8309565250983963
-1.471857859784612,-0.1885876063944283,1.5936330980354563,0.038276806288377326,1.5745620258586488,1.378664283439565,4.492959962796409,0.4876850358536039,0.39560146584017,-1.7998682806261797,1.345212463709484,-2.2200127560268235,-0.346717811610218,2.0474222218989304,1.8683913602031217,0.5203744505615884,1.0196047016276764,-1.6000227760350247,-1.0877769927347558,-2.0160276881933803,2.2469998780753673,1.5247517253137615,1.208203836857483,0.8353398711079866,1.5977936195367968,3.5018160250567267,2.5362487288665476,-3.1956508980521177,-1.5995935688200886,3.2868031377186098,2.1020961857867633,-0.23161903543683943,-0.20822145303091463,-1.2835552607957421,-0.3481630752116388,0.2902428468579669,-0.44786955906629267,3.1473918624858612,-1.2624581677668614,-0.4889882186073803,1.1039602040406211,-1.9464556489433278,-1.1402544511607027,-2.3384274875132425,1.4938400693924896,0.19686302493617341,-4.013679137898233,1.7833688698229508,2.3261300725670977,-0.5849308531520295,-0.6501282666613496,-2.9537958022634925,-1.9767076974155136,-3.926301347227383,-3.049876238258351,2.1383901649705614
-5.04291506343701,-0.18302785710919783,5.751097514789694,0.5295224874245216,3.8164666255738737,4.492959962796409,15.188381604586597,1.212567604227821,0.7325535559349345,-5.365821811421439,4.019576646827995,-7.450230338348597,-0.5361062304590971,6.224400613830159,5.6764152083002735,1.9182347352530436,3.4778178617778606,-4.931543041109543,-3.131116841249296,-6.223415844949174,6.643889561478579,5.39358077999613,3.0906453240546923,2.7461109996215662,5.675110908854289,11.904286209152174,7.875424588065946,-10.658746824092445,-4.8912245468438,9.820557719195714,7.708608691525515,0.2596291085548569,-1.0323551068001828,-4.870107447001939,-1.1725865814937237,0.7067136893393594,-1.739148549937425,11.195518211414834,-3.977634011413231,-1.5311359448299167,3.337115870840197,-7.372248236137533,-2.6585406053072367,-6.342507190236494,5.974734537658599,0.6035221909584675,-13.014362229970473,5.87628209342363,7.841538100374764,-1.2895643265394745,-1.3535261554724556,-9.46178761795365,-6.724062245799861,-12.539957540944776,-9.176117992978774,6.823094968320204
-0.3449272048456385,-0.3765260772026223,0.16724707519863904,-0.2747081559542013,1.501564218295654,0.4876850358536039,1.212567604227821,0.44222907957052343,0.5380414002529134,-0.9956711440719996,0.7363840230190033,-0.6368597516017889,-0.5489011600242505,1.0460628060554553,0.9561684623419463,0.02918392145001816,0.24710239039133433,-0.7685557060377213,-0.6813195053677554,-0.9673766601348114,1.286409731773153,0.2390710025713441,1.036429973114365,0.27900074754864024,0.2330677374552469,0.8911615387832132,1.1874602672983876,-0.959391704885313,-0.7964991708423321,1.8042930030563757,0.1411223966901002,-0.8067106258193995,0.18518472708040068,0.0332059171578468,-0.0950769684090747,0.2809237991207214,0.04198321172035234,0.44354833820064504,-0.545278888295296,-0.21912926497010532,0.5803063290381076,0.04315040407768901,-1.1585439814107652,-1.744932768341846,-0.2593317350627592,0.09701897517072429,-1.4713876857472177,0.5926221983140385,0.6432311399955987,-0.6452551807378913,-0.7777581942666332,-1.17148099025486,-0.5020643829150202,-1.5817005539050286,-1.632204259065487,0.866527199592194
-0.16238656752187333,-0.5121739089902494,-0.1282318146388448,-0.4144483213013079,1.8491524330653428,0.39560146584017,0.7325535559349345,0.5380414002529134,0.7020492583002936,-1.0483623989612316,0.7730044725336189,-0.4178439172171424,-0.7296636070802344,1.0651808357093906,0.9733143330410112,-0.07937115960274602,0.12467133422254992,-0.7592605951332446,-0.7520754802968109,-0.9546541181414849,1.3727460087472618,-0.006365407881642081,1.2470428338616046,0.216402516890629,-0.03281396608801187,0.49074237016925276,1.1562718569001236,-0.6642433379170503,-0.800675007329514,1.892923595327555,-0.28777004552661634,-1.1373945768282743,0.3227935639848831,0.35047109283019057,-0.05892820722436821,0.3456179945076245,0.1686022043127092,-0.08791549001116206,-0.510913856325872,-0.20810845383699733,0.5964695791374108,0.5228423305775977,-1.444732845439495,-2.029352752761196,-0.7349603821846623,0.09726104665968927,-1.2290157792919274,0.4534242226946424,0.4011083158042831,-0.8155766337333495,-0.9981478741474612,-1.035429635376292,-0.27554682090933647,-1.412815374199403,-1.6936723231978577,0.776234481908379
1.6863861792193968,0.6605111048570709,-1.552628792672357,0.3332533990685229,-3.3208037591934545,-1.7998682806261797,-5.365821811421439,-0.9956711440719996,-1.0483623989612316,2.8325469219889494,-2.1086208330884824,2.701736619703735,1.0226435912277476,-3.107732605660125,-2.8354333193539882,-0.47395807854977473,-1.1787696013715416,2.3612045505437687,1.820043361436973,2.973769825276553,-3.594615211211329,-1.590154499721038,-2.391846207513162,-1.071201248663685,-1.6420045831755408,-4.107542672169834,-3.6999025674063963,3.9444372850362384,2.398184958803829,-5.152176678386274,-1.9410124759358451,1.2693812688490191,-0.07503616484652008,1.0291163094634472,0.4180794062329611,-0.6158342740664937,0.3148861225173842,-3.2121731916616336,1.7866504584396414,0.6993436491730373,-1.6934648780506045,1.5650745558034995,2.500041093804908,4.2836429284193915,-0.9006639184917212,-0.29429547401345596,5.312188835279733,-2.274600418796016,-2.796307301130031,1.3480250733478814,1.5849659616305312,4.028879228370335,2.3176990040762497,5.388253571048271,4.723747973560626,-2.939734042105969
-1.264825517503261,-0.4854210702476959,1.1713340204973555,-0.24083143112629724,2.4575964991070047,1.345212463709484,4.019576646827995,0.7363840230190033,0.7730044725336189,-2.1086208330884824,1.5709459655446423,-2.0230332882499003,-0.7529828640381893,2.3160170402276883,2.1120840671943153,0.35830715648345157,0.8842080755602628,-1.7600676705480194,-1.3539561070384238,-2.2157120482584016,2.6744473804531324,1.1962002144019745,1.771294639209487,0.802112270960005,1.2355039569826398,3.0785186611965485,2.756099445550216,-2.9523702987734213,-1.7869186148235425,3.834661662690606,1.4654886163130072,-0.9290763761800601,0.048704740817082016,-0.7832593268738255,-0.31382899599178343,0.4538115655018778,-0.23984788940695234,2.4174530246345216,-1.3353986774666335,-0.5209101202790458,1.2595085478896324,-1.1890628177609728,-1.8497446570398102,-3.1786557428910838,0.6946800802489408,0.21950244570424937,-3.969616002342749,1.6986247928195615,2.0933117661066425,-0.9958030951418474,-1.1718648343699376,-3.007797003746529,-1.7369059909921074,-4.022420775271652,-3.5157845385194233,2.193645879695197
2.4669988114931356,0.133793835436455,-2.785845210512269,-0.2211653152213604,-2.018031569184057,-2.2200127560268235,-7.450230338348597,-0.6368597516017889,-0.4178439172171424,2.701736619703735,-2.0230332882499003,3.659774474240404,0.3245650065659025,-3.1208939461346565,-2.8463244293203354,-0.9256353832408423,-1.7027984576735657,2.4652524691409328,1.5889537377298473,3.1100517049045937,-3.351343381306984,-2.6224732228782326,-1.6122150862140745,-1.3547096673462264,-2.7571308795766187,-5.832643437301911,-3.9306026617407768,5.242138845464482,2.449231033661722,-4.9422003750648145,-3.722942129665262,-0.026554932905732596,0.4744606738628071,2.3377529730769013,0.575656699712741,-0.3731389555670483,0.8311010400578279,-5.437434638089138,1.9796285060874192,0.7627682040910899,-1.6749693041380196,3.539540953496677,1.419956757615056,3.2625988146790936,-2.841343765845966,-0.3020784260949928,6.437412257304038,-2.8968910544108177,-3.8483770964508026,0.6989726884269503,0.7459553950839709,4.6919783256878596,3.2941549621945083,6.222191807491669,4.6108778913339865,-3.3860858646167933
0.09181040924170288,0.5381038303862938,0.22576435978790996,0.4455955077208644,-1.8931019323400042,-0.346717811610218,-0.5361062304590971,-0.5489011600242505,-0.7296636070802344,1.0226435912277476,-0.7529828640381893,0.3245650065659025,0.7622976254649556,-1.0269108357274326,-0.9381736676575035,0.11329349885423638,-0.07618152261674038,0.7239580631008685,0.7449330598739585,0.910902420220685,-1.3458236926657379,0.09131737394425636,-1.268552756342166,-0.1854169989773599,0.1238997656566204,-0.3308259783362332,-1.0984458373893735,0.5336215578301993,0.7683218937572797,-1.8445643631224105,0.42358058731554205,1.204793980274591,-0.3582391362021626,-0.44597583667055146,0.043616462850845084,-0.354888649119319,-0.20569882663772282,0.26970581308940966,0.4772415265970449,0.19574855204341254,-0.5775385885103483,-0.6677071747157894,1.483416255499799,2.0434390507692033,0.8695929797108352,-0.09322355692053141,1.0930340734782829,-0.3870652332224313,-0.3007666426563002,0.8401610470460575,1.0329168035748246,0.9455602573571399,0.18550097222430892,1.29567632651408,1.6447828294698246,-0.7128513158954363
-1.9744830241121818,-0.652239567037105,1.8932651696083063,-0.28659438813938753,3.4756566876896864,2.0474222218989304,6.224400613830159,1.0460628060554553,1.0651808357093906,-3.107732605660125,2.3160170402276883,-3.1208939461346565,-1.0269108357274326,3.4329642402623604,3.1312321485845316,0.5887918404590674,1.3772532958918056,-2.621415325425809,-1.9761181752700812,-3.3015176495864504,3.9322047570446004,1.9049375294064672,2.5259180760258495,1.2242364135372434,1.9739798276488585,4.783556542540079,4.115561237383294,-4.541693174183846,-2.654494798755085,5.655973862054297,2.400540331386009,-1.211864582537944,0.002450760688107013,-1.3271418573682499,-0.48478727526745174,0.6429782899782872,-0.42198574609855133,3.867937253254622,-2.001893401917733,-0.7805787026789102,1.8652801567375243,-2.0145360007335826,-2.6027165277673405,-4.579790080687421,1.2769484217701872,0.32612858391668287,-6.0266934844852,2.598901039466793,3.237991383762819,-1.393089589882804,-1.6284031310261753,-4.542702827428647,-2.6994601689845337,-6.068034637517074,-5.196543506173212,3.308743526423103
-1.8014340258237618,-0.5959553260609592,1.7253639906218918,-0.2635015962595939,3.172950806172535,1.8683913602031217,5.6764152083002735,0.9561684623419463,0.9733143330410112,-2.8354333193539882,2.1120840671943153,-2.8463244293203354,-0.9381736676575035,3.1312321485845316,2.857465525007623,0.5358119596258304,1.2568940031918265,-2.3919514500607995,-1.802289417679668,-3.0122483211253375,3.5874106119768525,1.736840410159007,2.3064510122408857,1.115718592852682,1.8002752789327203,4.363824429182512,3.755621198785309,-4.143320352571494,-2.4222031288290697,5.161217060585876,2.187336589838313,-1.1089707881762654,0.0022712585840091405,-1.2070328023429102,-0.4417953553409638,0.5876458958329613,-0.38553639009611895,3.528459541488567,-1.823663714186717,-0.7127708246808383,1.7033332192036938,-1.8350344750047856,-2.3763463853222584,-4.179713670846049,1.1610613935187999,0.2973201547539514,-5.4979315502758626,2.372495042568481,2.954229688319845,-1.2734583320691288,-1.4854935202873494,-4.1436558836670665,-2.462295600460266,-5.535105409437939,-4.742140983227344,3.019019579300378
-0.6566262825632277,0.10627662752431162,0.8303052448487966,0.18064647407163142,0.053649351317824015,0.5203744505615884,1.9182347352530436,0.02918392145001816,-0.07937115960274602,-0.47395807854977473,0.35830715648345157,-0.9256353832408423,0.11329349885423638,0.5887918404590674,0.5358119596258304,0.28719818452295615,0.4489206202579288,-0.48779142284721666,-0.24067054684644287,-0.617655492727924,0.5685130315863326,0.7494324652161402,0.1076683258955652,0.32514231623253786,0.7949308695131672,1.5232414833748191,0.7953361720577534,-1.3060376334617583,-0.4715927230009036,0.8741207307458847,1.1442526747089694,0.32928565307629004,-0.22478443049690708,-0.766326894968322,-0.1472108236729124,0.010093285895831472,-0.28386561182299014,1.5731563227372225,-0.4205893855478022,-0.15864233513633627,0.3090138177026886,-1.1567938771629205,0.0037276189066504854,-0.35720265984583127,1.0179804229100606,0.05868668371109057,-1.4873518399005712,0.6982134442195361,0.9840293395529687,0.03220927851660788,0.06880778822980708,-1.0461267257325655,-0.8613022248456605,-1.3756641979161068,-0.8366038254613495,0.7463779721492566
-1.1626183994195058,-0.008462122426241682,1.3449381086173546,0.1492434916283173,0.7645351000985725,1.0196047016276764,3.4778178617778606,0.24710239039133433,0.12467133422254992,-1.1787696013715416,0.8842080755602628,-1.7027984576735657,-0.07618152261674038,1.3772532958918056,1.2568940031918265,0.4489206202579288,0.8027054709100155,-1.09749573407199,-0.6786024952848211,-1.3818780634589634,1.4522619069160294,1.2533758772195074,0.6357155643440804,0.6241253471890372,1.3211723034223515,2.7353172691971994,1.7504348281754416,-2.4344568791766843,-1.0852682013539965,2.1584034130390997,1.8057987634920172,0.13396714031699597,-0.26472256443518644,-1.1529926957378194,-0.26935877146819664,0.13800298434324312,-0.416233572176307,2.6102201935488134,-0.8906000761504387,-0.34194401371118643,0.7358397048290872,-1.7468633989900093,-0.524586553528916,-1.3406623893598069,1.435669777221976,0.1338747589136317,-2.944943088054403,1.3336499840552425,1.7945272331703992,-0.24857877309067358,-0.24886030879814036,-2.1283534627913863,-1.543880985908239,-2.819179395710918,-2.019910970733232,1.5334871102724168
1.5754628581198382,0.45259032843427455,-1.5514891299278915,0.17189333771388077,-2.5410807995965445,-1.6000227760350247,-4.931543041109543,-0.7685557060377213,-0.7592605951332446,2.3612045505437687,-1.7600676705480194,2.4652524691409328,0.7239580631008685,-2.621415325425809,-2.3919514500607995,-0.48779142284721666,-1.09749573407199,2.0105949709485285,1.488061902738072,2.5322616428208664,-2.9805155221065314,-1.5434199941170772,-1.861640576389703,-0.9585183410412068,-1.603676186790454,-3.8019136680613306,-3.162240166353837,3.5801321424469275,2.031254347899826,-4.300255074488067,-1.9857005351601047,0.8145183697884235,0.046226466484052854,1.1245428710871752,0.38354554367064536,-0.4701404965625664,0.3675596142998585,-3.146586738351532,1.5432403525142964,0.601818979641617,-1.423354048347628,1.70796646111776,1.894125210727178,3.408208910997437,-1.1412304216467544,-0.24949754501594196,4.6986410619989964,-2.0390266248031237,-2.5635241637504262,1.0087493369003528,1.1699157093636872,3.524981514133435,2.1454621215071366,4.70422490670335,3.957900278377372,-2.5649387023703607
0.9667003813257159,0.49144492296793346,-0.8210409252028467,0.2864210136912656,-2.289113945748261,-1.0877769927347558,-3.131116841249296,-0.6813195053677554,-0.7520754802968109,1.820043361436973,-1.3539561070384238,1.5889537377298473,0.7449330598739585,-1.9761181752700812,-1.802289417679668,-0.24067054684644287,-0.6786024952848211,1.488061902738072,1.1899572236418579,1.8732579148913078,-2.320170655581739,-0.871714610281627,-1.6267812916449556,-0.6436865343369679,-0.8932040530834532,-2.3787138465924267,-2.3217668015487325,2.333096847568246,1.5187783583801147,-3.306124770907376,-0.993442193906265,0.9822753901068856,-0.12225671703520173,0.47865302832282025,0.24491031612301298,-0.42392629622276673,0.129731132903001,-1.7410471681198114,1.1122004727315256,0.43591008990966634,-1.0789731032324148,0.7284635145892412,1.7369158962412907,2.863795737222828,-0.31095311414743604,-0.1863360303893535,3.2269928394931227,-1.361319514307035,-1.6356042468924774,0.9448378800260544,1.1228993608237683,2.4733396111231247,1.341863658101758,3.315101350262139,3.0200860233430458,-1.8092938375675058
1.9862515724309255,0.5693523951692269,-1.9579757233904895,0.21466890346874262,-3.19905678987905,-2.0160276881933803,-6.223415844949174,-0.9673766601348114,-0.9546541181414849,2.973769825276553,-2.2157120482584016,3.1100517049045937,0.910902420220685,-3.3015176495864504,-3.0122483211253375,-0.617655492727924,-1.3818780634589634,2.5322616428208664,1.8732579148913078,3.1928313968749737,-3.755944969811356,-1.9480978510871385,-2.344537313005902,-1.2077416455186372,-2.0238827906191026,-4.794762405994972,-3.989627342988105,4.513927242232329,2.558314309607826,-5.4172053190016065,-2.51147284056097,1.0224000898855197,0.05621215070666112,1.4212243272920655,0.48268918425123775,-0.5959797259805674,0.46414802783935444,-3.9691484619793482,1.9436234107943797,0.759061867425094,-1.79471431629097,2.1579898499338444,2.381799945122277,4.2911898120856105,-1.4436024315379417,-0.3142352065557924,5.922218014864346,-2.5744323205820763,-3.235183142547896,1.2673975258154309,1.471031568343679,4.445744812216139,2.706957964726654,5.931680454455346,4.9882793718420215,-3.234643168875917
-2.077227425260992,-0.874844092896413,1.8756043669337237,-0.4617857288912524,4.2993047359192245,2.2469998780753673,6.643889561478579,1.286409731773153,1.3727460087472618,-3.594615211211329,2.6744473804531324,-3.351343381306984,-1.3458236926657379,3.9322047570446004,3.5874106119768525,0.5685130315863326,1.4522619069160294,-2.9805155221065314,-2.320170655581739,-3.755944969811356,4.569125751999524,1.9382818577218193,3.0852852550417462,1.3349798257033971,1.9975686150936074,5.073856191378995,4.670213072611093,-4.898356477239514,-3.0312893637770917,6.537105365636107,2.330908931392454,-1.7008222734810305,0.13761904682959528,-1.208293828297412,-0.5170958860266568,0.8002670750785562,-0.36065959317682883,3.9029702570690565,-2.246986521562822,-0.8810633044773605,2.145955110114285,-1.838023920991,-3.2421020002182765,-5.496822134729472,0.9993522107680283,0.37189642443274046,-6.642033559505286,2.836531300038202,3.464849941335087,-1.752209080446751,-2.0670881863767776,-5.053789867899335,-2.8636263367986774,-6.761959910499596,-5.989224375138661,3.690072565775361
-1.8239835505212094,0.13650559498363513,2.2049914827634245,0.3637422258572132,0.6890702331567773,1.5247517253137615,5.39358077999613,0.2390710025713441,-0.006365407881642081,-1.590154499721038,1.1962002144019745,-2.6224732228782326,0.09131737394425636,1.9049375294064672,1.736840410159007,0.7494324652161402,1.2533758772195074,-1.5434199941170772,-0.871714610281627,-1.9480978510871385,1.9382818577218193,2.0222249954880973,0.6582925375185688,0.9417997913901369,2.1384571765651614,4.262036412059673,2.4854684003458902,-3.726162330530488,-1.5117144416066544,2.9204595112972997,3.000476454518667,0.5519016628191935,-0.516898167325902,-1.9633582661300648,-0.4157477806589881,0.12531642790989225,-0.719100513363505,4.228672257564273,-1.2849629825231978,-0.4900865754443877,1.0109606300131002,-2.9697445856639653,-0.41805750131855896,-1.5632120410502452,2.531109119807182,0.18708975736120584,-4.3823585526908575,2.0185900333255216,2.7756688469943804,-0.15743900548246237,-0.10741040131812851,-3.1282445007813044,-2.4076456179533166,-4.130058174502693,-2.758301434317243,2.244247456969742
-0.8922507886863715,-0.8664525622197482,0.5016924101847468,-0.6167255448744037,3.5193136716634537,1.208203836857483,3.0906453240546923,1.036429973114365,1.2470428338616046,-2.391846207513162,1.771294639209487,-1.6122150862140745,-1.268552756342166,2.5259180760258495,2.3064510122408857,0.1076683258955652,0.6357155643440804,-1.861640576389703,-1.6267812916449556,-2.344537313005902,3.0852852550417462,0.6582925375185688,2.437505364189575,0.6968465650301416,0.6494360609611322,2.2838013428074646,2.8820834586203534,-2.415156626721651,-1.9248489788884637,4.335308708080067,0.4830062214390504,-1.8410141867627903,0.4048330966475738,-0.026929746256592824,-0.242208134330946,0.6579819311287446,0.06235709845817585,1.242232353033331,-1.3346507963902112,-0.5326893486253996,1.3963732934520772,-0.05292053355564514,-2.7088154116509076,-4.12897700189733,-0.4696380428622793,0.23499769009582225,-3.637421018789217,1.476061832160217,1.6332724551705777,-1.5025130584275495,-1.8119237014384253,-2.8792456858094186,-1.2876359712058112,-3.8824027173789797,-3.9277522990471816,2.124814238405837
-0.9018798166352336,-0.09632521189664604,0.989716604918014,0.04105071079330765,0.9004250046436949,0.8353398711079866,2.7461109996215662,0.27900074754864024,0.216402516890629,-1.071201248663685,0.802112270960005,-1.3547096673462264,-0.1854169989773599,1.2242364135372434,1.115718592852682,0.32514231623253786,0.6241253471890372,-0.9585183410412068,-0.6436865343369679,-1.2077416455186372,1.3349798257033971,0.9417997913901369,0.6968465650301416,0.5085224345504119,0.9874088741437046,2.1421754060695593,1.5201626299404545,-1.9467290920950673,-0.9565916811298881,1.9560069423800976,1.3097046718157874,-0.09723242970412396,-0.14077307188785337,-0.8084968284077024,-0.21316542807939776,0.1647273183412341,-0.2820253204329314,1.945141183463399,-0.7626228990201066,-0.29319974357845613,0.6570540234109492,-1.2229342755165793,-0.6479952506894672,-1.3655852707822047,0.9527195544789856,0.11803960274348681,-2.4305955351691035,1.0813918753637088,1.4195917195672847,-0.3280994300616529,-0.3641494352496771,-1.7840789633387508,-1.2094524789318088,-2.3701332715398826,-1.8169721323998533,1.2896651743431666
-1.9229575515008905,0.1635415903977556,2.3361498021231664,0.39962926347160843,0.6591209933359465,1.5977936195367968,5.675110908854289,0.2330677374552469,-0.03281396608801187,-1.6420045831755408,1.2355039569826398,-2.7571308795766187,0.1238997656566204,1.9739798276488585,1.8002752789327203,0.7949308695131672,1.3211723034223515,-1.603676186790454,-0.8932040530834532,-2.0238827906191026,1.9975686150936074,2.1384571765651614,0.6494360609611322,0.9874088741437046,2.2625963057920373,4.488717893575145,2.584560285642779,-3.9154712285579567,-1.5685998698078552,3.0171244744051173,3.1827447080610325,0.6256203988686153,-0.5592491920749192,-2.0882544040255433,-0.43734736193541013,0.11941658982442047,-0.7671569391584264,4.475567463583688,-1.3386181387927727,-0.5105828950998392,1.0469894433511966,-3.1594968272901394,-0.38804973454957864,-1.5766446611847469,2.703281254728206,0.19410179601300856,-4.587946389180012,2.1178317890954075,2.9201069452108817,-0.13662852836086678,-0.07565263012586594,-3.2685061621766285,-2.535547162820292,-4.313629616776925,-2.8530505516007674,2.343969438250631
-3.9658051718281193,-0.07939116813631347,4.560208340768123,0.46926326270608704,2.7804389805390968,3.5018160250567267,11.904286209152174,0.8911615387832132,0.49074237016925276,-4.107542672169834,3.0785186611965485,-5.832643437301911,-0.3308259783362332,4.783556542540079,4.363824429182512,1.5232414833748191,2.7353172691971994,-3.8019136680613306,-2.3787138465924267,-4.794762405994972,5.073856191378995,4.262036412059673,2.2838013428074646,2.1421754060695593,4.488717893575145,9.34563168143364,6.072695584182243,-8.339346105372206,-3.764683282196026,7.5205751814260795,6.122379650422304,0.3473978892694998,-0.8605798430993505,-3.889670774383914,-0.9196529302021775,0.5112950816873281,-1.3970291674819872,8.860849134068287,-3.0768548954958845,-1.183509689920851,2.5613300145277504,-5.890339449680393,-1.919454233825232,-4.754377894672277,4.812169619095356,0.46446490388832595,-10.12901653153062,4.5842859377484295,6.144137059433557,-0.9188519977543084,-0.9423710474439313,-7.342326338395921,-5.277619511378911,-9.726964348900141,-7.034847725803675,5.291978887023461
-2.518860714794897,-0.6817571540473526,2.5077844303826407,-0.23810476090187627,3.918588773564767,2.5362487288665476,7.875424588065946,1.1874602672983876,1.1562718569001236,-3.6999025674063963,2.756099445550216,-3.9306026617407768,-1.0984458373893735,4.115561237383294,3.755621198785309,0.7953361720577534,1.7504348281754416,-3.162240166353837,-2.3217668015487325,-3.989627342988105,4.670213072611093,2.4854684003458902,2.8820834586203534,1.5201626299404545,2.584560285642779,6.072695584182243,4.990560959006468,-5.69894970406369,-3.191973692157049,6.7428909208444905,3.2308525514563105,-1.2051684132446678,-0.09799650050528905,-1.8422288369017026,-0.609514677869958,0.7331936434629864,-0.6072208055073361,5.070055332166359,-2.431304628423274,-0.9506792329896379,2.2385090533571046,-2.7979511206255605,-2.909988885180878,-5.294615583178483,1.90459614197421,0.3919829027911754,-7.444788818773053,3.247365282106479,4.0931780083956495,-1.5447568030379337,-1.787227931958805,-5.58062485728223,-3.4291999854084096,-7.442338911971258,-6.214967243485946,4.058828034498815
3.5234106876547484,0.24088497741395767,-3.94641147660129,-0.27205490086996664,-3.051465476140292,-3.1956508980521177,-10.658746824092445,-0.959391704885313,-0.6642433379170503,3.9444372850362384,-2.9523702987734213,5.242138845464482,0.5336215578301993,-4.541693174183846,-4.143320352571494,-1.3060376334617583,-2.4344568791766843,3.5801321424469275,2.333096847568246,4.513927242232329,-4.898356477239514,-3.726162330530488,-2.415156626721651,-1.9467290920950673,-3.9154712285579567,-8.339346105372206,-5.69894970406369,7.517293050583963,3.5614221933373975,-7.212719276994512,-5.259248179489704,0.07656881967858697,0.6447761457511046,3.285829458271353,0.8243960613595971,-0.5625223094303887,1.1653225923693873,-7.721370285279266,2.863538346614901,1.1047806912927942,-2.4398600654298415,4.97778534689169,2.162999254989136,4.838751500859215,-3.963896664513967,-0.43895615148764267,9.272196331872735,-4.161265895111015,-5.508608056153476,1.0766073938389802,1.1590842478254086,6.769611934540726,4.7088270386661835,8.982079958113978,6.720867148274224,-4.888983740227223
1.5566865196010131,0.48488562055087014,-1.509749093235422,0.20191570389339167,-2.639256712140221,-1.5995935688200886,-4.8912245468438,-0.7964991708423321,-0.800675007329514,2.398184958803829,-1.7869186148235425,2.449231033661722,0.7683218937572797,-2.654494798755085,-2.4222031288290697,-0.4715927230009036,-1.0852682013539965,2.031254347899826,1.5187783583801147,2.558314309607826,-3.0312893637770917,-1.5117144416066544,-1.9248489788884637,-0.9565916811298881,-1.5685998698078552,-3.764683282196026,-3.191973692157049,3.5614221933373975,2.0548796083929486,-4.366327449873269,-1.9224530963275115,0.8900024973197864,0.01904921361704664,1.0735140960649006,0.3805099034369854,-0.4887637898773931,0.34644642859383634,-3.0757948957423853,1.5533211776119173,0.6064951682312505,-1.4428520011545027,1.6311693798752847,1.972574458649251,3.5033811682598026,-1.0587390218061672,-0.25232228177630694,4.702954031588626,-2.0345864411383836,-2.544200395546168,1.0542366666845087,1.2269589318123273,3.5375365613573004,2.1244038740573874,4.7234237155719745,4.014884278032699,-2.575903074138386
-3.0893126756299027,-1.1895266012133123,2.85645260551545,-0.5935302646492183,6.0127167187427215,3.2868031377186098,9.820557719195714,1.8042930030563757,1.892923595327555,-5.152176678386274,3.834661662690606,-4.9422003750648145,-1.8445643631224105,5.655973862054297,5.161217060585876,0.8741207307458847,2.1584034130390997,-4.300255074488067,-3.306124770907376,-5.4172053190016065,6.537105365636107,2.9204595112972997,4.335308708080067,1.9560069423800976,3.0171244744051173,7.5205751814260795,6.7428909208444905,-7.212719276994512,-4.366327449873269,9.373156621458948,3.5788514862131104,-2.2793000762193896,0.12384809799743686,-1.9046520566666016,-0.7643229673416642,1.117063411878915,-0.5866396102190348,5.903185149778992,-3.254694823946711,-1.275232400575537,3.08356123050811,-2.897842649110757,-4.523303851779267,-7.771677057485211,1.6868270415194955,0.5356795747986142,-9.697522906476706,4.158594870637563,5.117882335787764,-2.4379442832763205,-2.862997061803266,-7.3508951263316336,-4.243874939601449,-9.829381854224023,-8.596731277763352,5.363272576945864
-2.6381102255379396,0.4045761264743816,3.3188533940709197,0.7038759428098929,0.29025121413421556,2.1020961857867633,7.708608691525515,0.1411223966901002,-0.28777004552661634,-1.9410124759358451,1.4654886163130072,-3.722942129665262,0.42358058731554205,2.400540331386009,2.187336589838313,1.1442526747089694,1.8057987634920172,-1.9857005351601047,-0.993442193906265,-2.51147284056097,2.330908931392454,3.000476454518667,0.4830062214390504,1.3097046718157874,3.1827447080610325,6.122379650422304,3.2308525514563105,-5.259248179489704,-1.9224530963275115,3.5788514862131104,4.56618016360072,1.268946545625974,-0.8901614511194876,-3.050021578073553,-0.5919362068610159,0.053177175541974014,-1.1320083510897785,6.300507271705861,-1.7014269071342807,-0.6445329244090071,1.2634634195057972,-4.609463947986937,-0.04582538540806698,-1.5133862917873218,4.043258909021204,0.2386854414850518,-6.007853150649092,2.815782503469621,3.957486459618537,0.09170604601826675,0.2364440347272365,-4.2294619372499405,-3.4605191779894033,-5.564625564329132,-3.419549436539181,3.0207229404384783
-0.22568475532105692,0.865058914792282,0.798307092384555,0.7682589110958497,-2.8062542010264555,-0.23161903543683943,0.2596291085548569,-0.8067106258193995,-1.1373945768282743,1.2693812688490191,-0.9290763761800601,-0.026554932905732596,1.204793980274591,-1.211864582537944,-1.1089707881762654,0.32928565307629004,0.13396714031699597,0.8145183697884235,0.9822753901068856,1.0224000898855197,-1.7008222734810305,0.5519016628191935,-1.8410141867627903,-0.09723242970412396,0.6256203988686153,0.3473978892694998,-1.2051684132446678,0.07656881967858697,0.8900024973197864,-2.2793000762193896,1.268946545625974,1.988051172211891,-0.660638923295591,-1.0936399564231316,-0.016313450138621188,-0.5261770218428621,-0.4648448359414846,1.2742014547083864,0.4808122150540812,0.20564598935648504,-0.6946430316001062,-1.6413013026453036,2.2245324141982037,2.863273470389952,1.8673398806929569,-0.10706648536461581,0.813929907543595,-0.1938906009215819,0.09402993626620658,1.277355358017048,1.5849016615243463,0.8368061154727551,-0.19895725507688192,1.1787416605163625,2.000817842634786,-0.6547225525697757
0.3911057357352853,-0.26995589724419505,-0.6198934508100223,-0.2814635369110654,0.6731549308170447,-0.20822145303091463,-1.0323551068001828,0.18518472708040068,0.3227935639848831,-0.07503616484652008,0.048704740817082016,0.4744606738628071,-0.3582391362021626,0.002450760688107013,0.0022712585840091405,-0.22478443049690708,-0.26472256443518644,0.046226466484052854,-0.12225671703520173,0.05621215070666112,0.13761904682959528,-0.516898167325902,0.4048330966475738,-0.14077307188785337,-0.5592491920749192,-0.8605798430993505,-0.09799650050528905,0.6447761457511046,0.01904921361704664,0.12384809799743686,-0.8901614511194876,-0.660638923295591,0.2835342009372366,0.6584151601951308,0.07966655681448992,0.1306750031144685,0.26118545380613684,-1.1190627542093818,0.09297394025131694,0.028985090300501098,0.016901420387331036,0.9944490790607723,-0.5538115888512734,-0.532183771012084,-0.979792216682414,-0.0030875240412837996,0.5531763257207118,-0.3030061505872616,-0.5205800682653697,-0.3310505624653117,-0.43002267842877867,0.31862980012973385,0.4855164156978574,0.4008984072265054,-0.07592653091284851,-0.21386559235104388
1.6876358236648634,-0.38319078201499107,-2.201016789978382,-0.5571422498364217,0.236798654864274,-1.2835552607957421,-4.870107447001939,0.0332059171578468,0.35047109283019057,1.0291163094634472,-0.7832593268738255,2.3377529730769013,-0.44597583667055146,-1.3271418573682499,-1.2070328023429102,-0.766326894968322,-1.1529926957378194,1.1245428710871752,0.47865302832282025,1.4212243272920655,-1.208293828297412,-1.9633582661300648,-0.026929746256592824,-0.8084968284077024,-2.0882544040255433,-3.889670774383914,-1.8422288369017026,3.285829458271353,1.0735140960649006,-1.9046520566666016,-3.050021578073553,-1.0936399564231316,0.6584151601951308,2.0777479780208785,0.3747586118000941,0.04893553580697366,0.7780282249772722,-4.139557434259939,0.9994971043358812,0.37235000447656197,-0.6861775104330268,3.1354132123188645,-0.3016465893814673,0.5229832037325354,-2.815407212547422,-0.13411935399316763,3.6464672232182376,-1.7319216798036121,-2.4927157861508364,-0.2483605041159816,-0.3822524127409035,2.5262444857364907,2.1984085134492095,3.3129326230277,1.8443939080458671,-1.7948272220609476
0.3896604757987551,0.01568010581813066,-0.443385915775292,-0.03959950487640756,-0.3006046025229151,-0.3481630752116388,-1.1725865814937237,-0.0950769684090747,-0.05892820722436821,0.4180794062329611,-0.31382899599178343,0.575656699712741,0.043616462850845084,-0.48478727526745174,-0.4417953553409638,-0.1472108236729124,-0.26935877146819664,0.38354554367064536,0.24491031612301298,0.48268918425123775,-0.5170958860266568,-0.4157477806589881,-0.242208134330946,-0.21316542807939776,-0.43734736193541013,-0.9196529302021775,-0.609514677869958,0.8243960613595971,0.3805099034369854,-0.7643229673416642,-0.5919362068610159,-0.016313450138621188,0.07966655681448992,0.3747586118000941,0.09114995499108579,-0.05385751823035562,0.1333510545421108,-0.8632053527654494,0.30995214360756246,0.11841392231387259,-0.25857392293293746,0.5667100944522805,0.21086499980187653,0.4966512839735721,-0.4585525831188081,-0.047024425633156466,1.008484034430225,-0.4528582498938457,-0.6050105160163797,0.10262962754037668,0.10865975096974179,0.73261536996907906,0.519063304463635,0.9715539693642159,0.7129758530202277,-0.5282148884690763
-0.19442977040508563,-0.24462264111692392,0.07543305306281496,-0.18145919125297383,0.9562106191359618,0.2902428468579669,0.7067136893393594,0.2809237991207214,0.3456179945076245,-0.6158342740664937,0.4538115655018778,-0.3731389555670483,-0.354888649119319,0.6429782899782872,0.5876458958329613,0.010093285895831472,0.13800298434324312,-0.4701404965625664,-0.42392629622276673,-0.5959797259805674,0.8002670750785562,0.12531642790989225,0.6579819311287446,0.1647273183412341,0.11941658982442047,0.5112950816873281,0.7331936434629864,-0.5625223094303887,-0.4887637898773931,1.117063411878915,0.053177175541974014,-0.5261770218428621,0.1306750031144685,0.04893553580697366,-0.05385751823035562,0.18405945335226673,0.03763189872788361,0.22263956979124339,-0.3299561321164406,-0.13461112174355863,0.36026882633595686,0.06976543001275563,-0.7363612534104337,-1.098541944803754,-0.20279671528343396,0.05945118595412688,-0.8814016828569842,0.35651027704694566,0.3764778489288309,-0.41038581421339687,-0.4972032524378425,-0.7109538870832445,-0.28940691438734384,-0.9597437416962069,-1.0114864734204303,0.5267344556869478
