V1,V2,V3,V4,V5,V6,V7,V8,V9,V10,V11,V12,V13,V14,V15,V16,V17,V18,V19,V20,V21,V22,V23,V24,V25,V26,V27,V28,V29,V30,V31,V32,V33,V34,V35,V36,V37,V38,V39,V40,V41,V42,V43,V44,V45,V46,V47,V48,V49,V50,V51,V52,V53,V54,V55,V56
3.678173685567525,-29.458087624114462,-21.16472027566725,-3.3913377778068585,-9.084554273545653,21.812657962987068,-36.89685360395985,-39.38469902665342,5.046393518196856,47.69232173793867,11.053693825234731,22.192757849828894,5.274006311037343,17.19804682273186,-16.318274265670684,4.502638532411135,-13.832892637122134,-8.31518399711133,-22.051849796074325,-42.95116721182561,52.4280322310841,-39.19552716121989,-30.98597714714028,8.98324931265843,7.567685072890261,-2.048980153528324,-13.377425241555612,45.86051850295839,-4.799102747823777,-1.7574381255164595,-18.54506563284963,-7.576745241954214,45.21913948629439,18.461510685522192,34.19966807266247,-21.020508406434434,-45.5837486301345,-22.87020975085309,-28.648671590683367,-17.104095873223475,-18.199261770918447,-54.31911333893026,11.886039753343654,-48.270945274050995,-7.792124180391228,-12.773979623908513,50.18465067262043,65.1394338767732,26.322310059953782,13.032287319976778,12.822415552544664,-8.223248634291034,-29.10912607266075,-0.06979715571858497,-8.064493903433101,-31.145685006321912
-29.458087624114462,310.53112957874544,221.71110716694486,30.811489195427203,87.42967049167993,-245.08453446930739,393.3229700946149,426.1081014660499,-58.35328575859143,-507.3235458449173,-106.40688178667733,-233.2346668995042,-50.96511666658089,-184.68392009071857,165.88176458836716,-53.189580145641074,142.93576399708,81.71531583960838,235.34628186158065,442.83594908645404,-569.9529583253991,415.35889483995857,341.3675848496415,-90.79981114612877,-81.93477994890583,21.704384080696187,142.3327937509595,-494.0802421474942,52.365789258685915,16.22508524337658,200.47435722651517,70.79615265208628,-499.2697385665648,-203.2904009334404,-356.7788625963644,219.92071822759314,479.9518648798038,248.24062832927714,308.77987183002256,181.7476078148399,193.21868597338621,588.6569597608119,-124.02909391064469,515.7390801353197,98.78904787859003,140.7370573578702,-541.0086459342506,-700.4364947149992,-278.8812226666975,-144.00292347766887,-134.63430199252645,90.96567422243244,309.140168774426,-4.731892233267916,84.84207616913449,323.63258392294176
-21.16472027566725,221.71110716694486,158.31593096699504,22.06881195761319,62.540938106961946,-174.76870314194596,280.75994758137324,304.0747531943645,-41.5893685753208,-362.150797830715,-76.11565876365971,-166.533693275209,-36.453537723104795,-131.81127525422474,118.52258232689191,-37.89471315742371,102.0935059931781,58.427000729607,167.99013643648186,316.3146724202044,-406.6858700385731,296.52450232380477,243.51806888929792,-64.88413273886509,-58.46858945166732,15.494789484208608,101.60318952720392,-352.60929288617444,37.362605112165724,11.617128563015363,143.06276593606665,50.67570275349611,-356.1442811097891,-145.0207849084356,-254.7839996534284,157.0413737338116,342.6812824730243,177.13565919371987,220.36451114232747,129.74249752221863,137.93352255317484,420.05761089865774,-88.57157570372016,368.12634157531585,70.29619166133315,100.39617067659475,-386.09583783234945,-499.8978558403286,-199.09401825275387,-102.72032851389174,-96.13303064490769,64.88620083519557,220.68558675982766,-3.3008082922248176,60.577510634607044,231.13213009383574
-3.3913377778068585,30.811489195427203,22.06881195761319,3.3055710706436754,9.094088895766607,-23.55581283985458,38.80620077350275,41.72922690138536,-5.530465545724256,-50.10739059000654,-11.066630638451539,-23.17763835498724,-5.289779390505347,-18.154118519250584,16.76765734899546,-4.989581998574374,14.327310158022604,8.406616607190124,23.20618014955177,44.43853417619829,-55.682381861996646,41.10307686192354,33.130243924312644,-9.205351970468778,-8.021141388073385,2.148230797180974,14.056369735103875,-48.488232929634904,5.106497324694304,1.7255492353431916,19.64089171681986,7.480906735491934,-48.40205047432112,-19.73435558894119,-35.58814613824568,21.904782448948975,47.65022508610651,24.27094314721133,30.29662847112023,17.96062929539599,19.10247589709982,57.600210076389104,-12.370005568972495,50.82585295812122,8.964640650208047,13.658397779795488,-53.07692489042668,-68.80594318797912,-27.600412961295966,-13.955130492571772,-13.385467101316198,8.81055513795868,30.55843762216274,-0.19443443246581035,8.426707916716826,32.347245411363566
-9.084554273545653,87.42967049167993,62.540938106961946,9.094088895766607,25.323265934530916,-67.71744752690597,110.36815854033325,119.04201976429714,-15.991729598071018,-142.44774818439717,-30.817344309327684,-65.72709785188785,-14.742266271379073,-51.70970622018552,47.22462630655524,-14.489416092434674,40.488015190915064,23.51088055090479,66.01635151412549,125.52288109149121,-159.0024225452277,116.75852602760459,94.861367552804,-25.895256921201444,-22.88516798424793,6.101897940863775,39.96198152568933,-138.20414197652772,14.592674579719741,4.763465950132622,56.020364779185606,20.70262384564155,-138.65107338117676,-56.49943496162212,-100.76769948394549,62.05973143022126,135.1779068796538,69.28450277654521,86.36090941261979,51.04821937017123,54.284103358609904,164.3728635394151,-35.02781781462169,144.62068492558643,26.400855176688403,39.10819653896023,-151.3025485256579,-196.03785095387863,-78.39936747695768,-39.98156359270786,-37.95124272118857,25.247953927475667,86.8438361269544,-0.8681077353062736,23.901525612556124,91.51611347527908
21.812657962987068,-245.08453446930739,-174.76870314194596,-23.55581283985458,-67.71744752690597,195.76864189513282,-311.1022670185306,-337.9901250481649,46.85071163171913,401.1078872919342,82.42043095284022,183.96961496149737,39.50928878083459,146.28369766665054,-129.97468429995897,42.86309384343467,-112.36659238927466,-63.57712074801078,-186.19127976019746,-347.9731409546073,452.4984257593206,-328.1555334728678,-271.6945878832279,71.06188876208768,64.99957770253292,-17.146328094826686,-112.53811805896919,391.5918003123297,-41.603473642953,-12.450840424558697,-158.9916842161985,-54.475621755630854,397.5310597839969,161.78461814592455,281.009047156261,-173.31384205865106,-378.7114600863058,-197.02643989626725,-244.74885879700227,-143.6660320853253,-152.70821654439854,-467.0704317553221,97.69403763297466,-408.1072051947383,-80.53728836249341,-112.01379382829532,428.8371874753646,554.9398408037436,220.32204015990453,114.67529564597297,106.17712096461648,-72.45415173497076,-244.33969183066878,4.578492008438689,-66.93497779158491,-254.70177385803785
-36.89685360395985,393.3229700946149,280.75994758137324,38.80620077350275,110.36815854033325,-311.1022670185306,498.38360211170504,540.2014935641387,-74.14069764669625,-642.786856582736,-134.3254419460707,-295.3864581138337,-64.34686374205393,-234.07428432279684,209.8344550168797,-67.62553711964244,180.91572688161926,103.23712425761885,298.2213123238751,560.459291636021,-722.6803092271962,526.1965135761599,433.0373466371851,-114.8346978821873,-103.87614072945615,27.4958093038787,180.33928061421432,-626.2828745876118,66.40632334968288,20.448118696982,254.145477244144,89.2669418066079,-633.3887858314728,-257.877029901041,-451.734410252885,278.4803720428438,607.8881824546129,314.7436509638923,391.4068260742149,230.2683286684563,244.7946032607169,746.3162149920934,-157.0402867086379,653.5491401612896,125.86924582816984,178.5304957618784,-685.7830333114946,-887.7958569048092,-353.2972547837066,-182.6910469886475,-170.50584150981675,115.40931663670196,391.66302945527184,-6.23700525518965,107.4545106738115,409.7082809582996
-39.38469902665342,426.1081014660499,304.0747531943645,41.72922690138536,119.04201976429714,-337.9901250481649,540.2014935641387,585.9201740326298,-80.64644694195643,-696.6548542706574,-144.8842335995637,-319.96380437818954,-69.41808307272606,-253.79942188313944,226.93825090881154,-73.62409454410036,195.81426452620815,111.46754236861068,323.26201891248945,606.5496838370108,-784.0099058034444,570.1946987748961,470.06226256921997,-124.16064639692864,-112.67063187426045,29.794183224121827,195.45431249629254,-679.1583217072737,72.05370665078979,22.007949999241514,275.6442214171611,96.13526551521666,-687.6101491220702,-279.9201158984144,-489.1529634674753,301.5876429615219,658.5227487058687,341.43078446709967,424.46050960499474,249.55358845118698,265.2858411295094,809.5381859694792,-170.05078082076636,708.4607339950808,137.41199349178714,193.79541728494698,-743.7029190632502,-962.667008506781,-382.83511819678,-198.33742134759692,-184.68472347776998,125.29892459600703,424.45433683038414,-7.102238765643505,116.40078453681012,443.5638546068804
5.046393518196856,-58.35328575859143,-41.5893685753208,-5.530465545724256,-15.991729598071018,46.85071163171913,-74.14069764669625,-80.64644694195643,11.236875229531911,95.57369326467284,19.4642026378977,43.79088025139788,9.333800285240917,34.88300926968456,-30.849342339350393,10.29592617064795,-26.70827570284495,-15.043453190729512,-44.37686549146213,-82.69347919475264,108.01060412200107,-78.16603343838938,-64.92174494341043,16.857634289944855,15.509820729654134,-4.084122687367011,-26.815487544110088,93.40382078686551,-9.933508599205533,-2.9283134702654827,-37.933645555164354,-12.82677751193641,95.00703422682402,38.657072490631364,66.84765340580549,-41.23851036818789,-90.16000797688046,-47.02412022634007,-58.38035722870059,-34.22916199988172,-36.38079511746567,-111.4603992116501,23.240661492550093,-97.2771702173508,-19.43878509121155,-26.765804556826623,102.29293465787629,132.34538334837225,52.47975632242026,27.408119518657518,25.271619596079084,-17.31841641024243,-58.21197829011338,1.1764762350630225,-15.934115982522842,-60.568712205674544
47.69232173793867,-507.3235458449173,-362.150797830715,-50.10739059000654,-142.44774818439717,401.1078872919342,-642.786856582736,-696.6548542706574,95.57369326467284,829.0424924958553,173.36847194784488,381.0092393097158,83.04724269229614,301.8814345833497,-270.7198702142478,87.164327770182,-233.38399200470718,-133.22384598108067,-384.62668002244067,-723.0109360554911,931.9542462806506,-678.6855116216658,-558.3886156889993,148.16068369437838,133.95995481762026,-35.46393828073021,-232.5944621856205,807.6893995898145,-85.6343474798756,-26.40021843372355,-327.75303907242414,-115.23884964582972,816.7244496609364,332.52600590592823,582.7057794782735,-359.2131501863853,-784.0848022639585,-405.8914202257975,-504.7787951002129,-296.9935510937409,-315.73079868045255,-962.4541828969093,202.5708769687579,-842.8990710448307,-162.1705622246597,-230.20964900830734,884.4203870376497,1144.9654094717991,455.6817758049334,235.57055181086233,219.93117259119833,-148.8127134941545,-505.15784141340015,7.9856832280864385,-138.60111205163224,-528.5095295510057
11.053693825234731,-106.40688178667733,-76.11565876365971,-11.066630638451539,-30.817344309327684,82.42043095284022,-134.3254419460707,-144.8842335995637,19.4642026378977,173.36847194784488,37.50366781874177,79.99357569676093,17.940776885476506,62.93462274225075,-57.47336605090978,17.63625913991803,-49.27552153518634,-28.6123417016241,-80.34654238105776,-152.76583190563264,193.52002738273654,-142.10259871967088,-115.45583289256717,31.51496109921876,27.85325073467829,-7.426297475970511,-48.636375095580114,168.20564204666812,-17.760715492267263,-5.796855561922326,-68.18159611234032,-25.193818341267615,168.75263325509073,68.76570206519438,122.63907093720647,-75.52984296507,-164.5191959791134,-84.3252712744199,-105.10827747080143,-62.1289790646754,-66.06711815796118,-200.0559720102696,42.63044356000569,-176.01365311541537,-32.136189816129495,-47.59870906504135,184.1475888642527,238.5935694646158,95.41699607515774,48.661970993764264,46.18879684560611,-30.729388300626187,-105.69468343791544,1.058181896871377,-29.08955931956822,-111.37932755252656
22.192757849828894,-233.2346668995042,-166.533693275209,-23.17763835498724,-65.72709785188785,183.96961496149737,-295.3864581138337,-319.96380437818954,43.79088025139788,381.0092393097158,79.99357569676093,175.18393766130725,38.312424166484064,138.6884536110431,-124.63546104138521,39.90856605041572,-107.37760014914424,-61.417873665709784,-176.74391269583228,-332.6785432330574,427.957326660512,-311.95340867118995,-256.2890271319691,68.22640712626765,61.52422443502878,-16.300957802719935,-106.89425055010597,371.0187099892175,-39.31826789280529,-12.203155847863039,-150.53705085611767,-53.23942060372711,374.8298920685621,152.6254319108493,267.99767451297697,-165.19079310769447,-360.4879939196591,-186.39775413857475,-231.87055992097322,-136.4971003239554,-145.1133517573875,-442.0144822615257,93.16539581459631,-387.31328134311457,-74.07861078341361,-105.66135033932738,406.25611283938736,525.9868543697794,209.45291196520415,108.11046266955904,101.12547122139564,-68.29179765742609,-232.1735430804163,3.514724868518935,-63.72475841093541,-243.10910630756933
5.274006311037343,-50.96511666658089,-36.453537723104795,-5.289779390505347,-14.742266271379073,39.50928878083459,-64.34686374205393,-69.41808307272606,9.333800285240917,83.04724269229614,17.940776885476506,38.312424166484064,8.583002185538035,30.150821251373156,-27.514202117579178,8.459410115742871,-23.594797906421984,-13.691378322805473,-38.48929333016633,-73.14765282084302,92.72673043184453,-68.06685175420948,-55.331365098287314,15.086096240865388,13.345497090228312,-3.5571885987267793,-23.297956344440937,80.58750822648504,-8.510555648261585,-2.7713054220945557,-32.66731496116609,-12.047103771763537,80.87575057828172,32.95511644244651,58.73154598577019,-36.17248279832911,-78.79749486770288,-40.40425162658821,-50.35774675398049,-29.760685086362162,-31.646834920668283,-95.85450201273792,20.415580822618917,-84.31916320133189,-15.42818847257564,-22.811347080053125,88.22607846539269,114.3075463183063,45.70431183987032,23.32162018247794,22.121558488607775,-14.72773830493821,-50.628918245862,0.518632561083722,-13.932431884723178,-53.33631755283965
17.19804682273186,-184.68392009071857,-131.81127525422474,-18.154118519250584,-51.70970622018552,146.28369766665054,-234.07428432279684,-253.79942188313944,34.88300926968456,301.8814345833497,62.93462274225075,138.6884536110431,30.150821251373156,109.95526471058024,-98.44384690688163,31.83150839388629,-84.90940920512138,-48.3938615845242,-140.06859040888665,-263.0272419792135,339.56838635326983,-247.10396430399692,-203.53224782076654,53.86723001392045,48.80407595420243,-12.912004454208692,-84.69581228193533,294.2147239239225,-31.20513696878017,-9.570214231817516,-119.40131860766397,-41.791547070809536,297.71391642039913,121.20381498727002,212.06006815123732,-130.73708651096118,-285.42485179727964,-147.8847336162305,-183.87659323248508,-108.14175171169202,-114.96144041641145,-350.64976824062404,73.72081721450168,-306.9665306880498,-59.328486058103735,-83.9113423470155,322.1711878239927,417.0501763938147,165.90917055961856,85.87244741822599,80.05339407270417,-54.24834126434932,-183.93566469689551,3.00308062479093,-50.45274824632345,-192.31384040682013
-16.318274265670684,165.88176458836716,118.52258232689191,16.76765734899546,47.22462630655524,-129.97468429995897,209.8344550168797,226.93825090881154,-30.849342339350393,-270.7198702142478,-57.47336605090978,-124.63546104138521,-27.514202117579178,-98.44384690688163,88.995577161875,-28.055575782058074,76.53478183594497,44.02240763223728,125.53869796349979,237.17812142101124,-303.3816103534722,221.74318512548817,181.43372688257347,-48.74762698298921,-43.63347003011649,11.587603346760643,75.95017062826359,-263.2664782709254,27.862186655041143,8.811161905243532,106.77957885901387,38.38549753741669,-265.2916659315129,-108.05288254147064,-190.82023633487137,117.58297074906844,256.4197675997461,132.15997177530997,164.5226981916064,96.99691732979463,103.12922261875187,313.4499339092037,-66.33407753413069,275.07064625110473,51.7315684559144,74.79996804763823,-288.25089123044546,-373.3039256415169,-148.8870293168253,-76.51072394503358,-71.95327985393942,48.32510409468392,164.99585703908522,-2.186218475197077,45.33220795282824,173.17359678615176
4.502638532411135,-53.189580145641074,-37.89471315742371,-4.989581998574374,-14.489416092434674,42.86309384343467,-67.62553711964244,-73.62409454410036,10.29592617064795,87.164327770182,17.63625913991803,39.90856605041572,8.459410115742871,31.83150839388629,-28.055575782058074,9.444811896288504,-24.31500115498763,-13.650387256727752,-40.480068980206646,-75.2725097337786,98.63299638363293,-71.27226503553467,-59.330331741907216,15.325434905404824,14.160148996502013,-3.723803645162116,-24.45630460965277,85.24989385357775,-9.073228159123065,-2.645182759177693,-34.629059858235905,-11.597409963758741,86.83531261418383,35.327013930111434,60.89341911102881,-37.57217307754807,-82.17607705004697,-42.93758015584982,-53.285287751792175,-31.2150922636519,-33.175551315035555,-101.76502740623842,21.170751887472985,-88.74090302530706,-17.892219217978436,-24.460807382311238,93.3664964739395,120.77841030945213,47.85048717981808,25.052127426924365,23.03002125179866,-15.830526934324725,-53.08478747548529,1.1295163357831077,-14.522456851778553,-55.1606095394787
-13.832892637122134,142.93576399708,102.0935059931781,14.327310158022604,40.488015190915064,-112.36659238927466,180.91572688161926,195.81426452620815,-26.70827570284495,-233.38399200470718,-49.27552153518634,-107.37760014914424,-23.594797906421984,-84.90940920512138,76.53478183594497,-24.31500115498763,65.87736570780862,37.787477141203304,108.2439594967572,204.12668195800984,-261.83888828662793,191.1234822034985,156.6971442029069,-41.909078941209714,-37.65070374080002,9.987301575400096,65.47639207748493,-227.11021046779638,24.051631496435586,7.536002325126468,92.1310848695393,32.853593844098754,-229.1477815109013,-93.31878202386541,-164.3330954526935,101.27726231174614,220.9360295809338,114.05385725660074,141.93080515135313,83.6149546286804,88.89716124750841,270.4844345551014,-57.12720754678908,237.18960436365947,44.983389050507476,64.6019916354778,-248.67156669141588,-322.0031400373808,-128.32630052640855,-66.08946695567313,-61.987176311019475,41.74521763215981,142.2284415711793,-2.0177022313696673,39.05739389689536,149.10422964445266
-8.31518399711133,81.71531583960838,58.427000729607,8.406616607190124,23.51088055090479,-63.57712074801078,103.23712425761885,111.46754236861068,-15.043453190729512,-133.22384598108067,-28.6123417016241,-61.417873665709784,-13.691378322805473,-48.3938615845242,44.02240763223728,-13.650387256727752,37.787477141203304,21.862360282834956,61.7559511585316,117.13160534784976,-148.93589518927317,109.16861761446481,88.93893011825747,-24.129432180599444,-21.430322048813665,5.705103836468296,37.374892417929125,-129.3719744529259,13.672494560369906,4.408659619053663,52.45286919999922,19.178629701814724,-130.01475901133787,-52.97030861791724,-94.11117281569572,57.97229235591047,126.33219058483827,64.89094576557562,80.84435637460882,47.7388255039556,50.761902865422876,153.93229416057483,-32.71443561785781,135.29817871725766,24.98900616016616,36.66678164727773,-141.63965492505594,-183.48481282644298,-73.30167190448222,-37.49331007622105,-35.46084837698486,23.678484101759036,81.21093399487725,-0.914486236208448,22.336178879545457,85.44651384370903
-22.051849796074325,235.34628186158065,167.99013643648186,23.20618014955177,66.01635151412549,-186.19127976019746,298.2213123238751,323.26201891248945,-44.37686549146213,-384.62668002244067,-80.34654238105776,-176.74391269583228,-38.48929333016633,-140.06859040888665,125.53869796349979,-40.480068980206646,108.2439594967572,61.7559511585316,178.4501791399951,335.32586867547064,-432.4664316443449,314.8575484877681,259.150093559716,-68.70095000167645,-62.16036904788399,16.452456265697364,107.91031597330586,-374.76838490755677,39.73941162180181,12.22926889159477,152.08274551295997,53.388293882799154,-379.05287481146746,-154.3257585053177,-270.28687653634626,166.62510760314825,363.73086658345306,188.3480901326486,234.21870933616793,137.78601849741344,146.4775926040822,446.6055340462329,-93.96256065113676,391.0729673349876,75.3605057975027,106.84108761994437,-410.37413408937556,-531.2543549313532,-211.40082566573787,-109.33231146381245,-102.0214188376097,69.06710623943772,234.35945056302552,-3.747291746512544,64.29545794199305,245.13790020419952
-42.95116721182561,442.83594908645404,316.3146724202044,44.43853417619829,125.52288109149121,-347.9731409546073,560.459291636021,606.5496838370108,-82.69347919475264,-723.0109360554911,-152.76583190563264,-332.6785432330574,-73.14765282084302,-263.0272419792135,237.17812142101124,-75.2725097337786,204.12668195800984,117.13160534784976,335.32586867547064,632.5154011785529,-811.0386940184133,592.10625685147,485.3205890705005,-129.88024004155375,-116.62547002363674,30.940988845863558,202.84202045446975,-703.5116683433204,74.49712677043559,23.3707764475424,285.3846514816183,101.87748566515518,-709.703068806977,-289.02654660946706,-509.16597799671825,313.7887025958298,684.4975998965161,353.28223128398776,439.65284558167025,259.03670271814144,275.4025500051384,837.8363056485201,-177.00103002195607,734.7776494092951,139.19508752908192,200.0844877900621,-770.2982977781122,-997.471637532898,-397.5592061572174,-204.6869843147861,-192.05054383284988,129.28950700909988,440.6211331258538,-6.1950325599371086,121.00710654232954,461.9939895014685
52.4280322310841,-569.9529583253991,-406.6858700385731,-55.682381861996646,-159.0024225452277,452.4984257593206,-722.6803092271962,-784.0099058034444,108.01060412200107,931.9542462806506,193.52002738273654,427.957326660512,92.72673043184453,339.56838635326983,-303.3816103534722,98.63299638363293,-261.83888828662793,-148.93589518927317,-432.4664316443449,-811.0386940184133,1049.1425596792249,-762.7389805657432,-629.1438904235267,165.96905232708727,150.76422654707414,-39.85504847095816,-261.47107129366384,908.7154474130302,-96.42558231979716,-29.3750011035137,-368.83043364009427,-128.3427944565215,920.3441198188955,374.6499034317043,654.1791577002849,-403.3519787626712,-880.8103689054826,-456.88416179821695,-567.9326984243731,-333.83654621438166,-354.8777836946255,-1083.2552248814043,227.42203378515694,-947.8082156797897,-184.24995441607302,-259.38107239076817,995.0852362327786,1288.0152422190242,512.1099135667284,265.4710101046844,247.01583446961394,-167.71293486286262,-567.8027194171923,9.647840685905992,-155.69051690311835,-593.1743312597263
-39.19552716121989,415.35889483995857,296.52450232380477,41.10307686192354,116.75852602760459,-328.1555334728678,526.1965135761599,570.1946987748961,-78.16603343838938,-678.6855116216658,-142.10259871967088,-311.95340867118995,-68.06685175420948,-247.10396430399692,221.74318512548817,-71.27226503553467,191.1234822034985,109.16861761446481,314.8575484877681,592.10625685147,-762.7389805657432,555.622809916692,456.93202077029747,-121.36531299124955,-109.64222475515167,29.033549966028488,190.4100975312635,-661.1063248833724,70.08275884284868,21.6511051321843,268.2604193191341,94.49395775687908,-668.3126567038449,-272.10913324929066,-477.13589100685715,294.12382519442576,641.9595542144872,332.19942533552313,413.1672118497012,243.1331009723668,258.4749574493514,787.7299189917692,-165.86998982524767,689.9930436098055,132.50732065921568,188.3816089400432,-723.9065662701454,-937.1930392338699,-373.0559441061055,-192.76202263167676,-180.07190799108355,121.76861541136992,413.54930679016985,-6.450731182296662,113.47902540152823,432.77935724725853
-30.98597714714028,341.3675848496415,243.51806888929792,33.130243924312644,94.861367552804,-271.6945878832279,433.0373466371851,470.06226256921997,-64.92174494341043,-558.3886156889993,-115.45583289256717,-256.2890271319691,-55.331365098287314,-203.53224782076654,181.43372688257347,-59.330331741907216,156.6971442029069,88.93893011825747,259.150093559716,485.3205890705005,-629.1438904235267,456.93202077029747,377.4761441372907,-99.23177617213994,-90.39504498704964,23.875512647270256,156.6641060735724,-544.7403161089765,57.83226499697385,17.49117711902548,221.12929009162076,76.46503544395817,-552.2381720948958,-224.77960322889626,-391.6474286966417,241.5093065778363,527.5271385739894,273.96509710431303,340.4597763036087,200.01245504484953,212.6117037117808,649.5203883010537,-136.15562348882094,567.9874173810848,111.09676228033898,155.62475843896374,-596.5306076214899,-772.0575058826806,-306.78566331176836,-159.29632559101628,-147.9238369331698,100.64087927096736,340.1816397716652,-6.022185841930172,93.24166669127231,355.0665978580376
8.98324931265843,-90.79981114612877,-64.88413273886509,-9.205351970468778,-25.895256921201444,71.06188876208768,-114.8346978821873,-124.16064639692864,16.857634289944855,148.16068369437838,31.51496109921876,68.22640712626765,15.086096240865388,53.86723001392045,-48.74762698298921,15.325434905404824,-41.909078941209714,-24.129432180599444,-68.70095000167645,-129.88024004155375,165.96905232708727,-121.36531299124955,-99.23177617213994,26.70482875104772,23.87230954228417,-6.342185489602889,-41.566131668578194,144.0475153862494,-15.241375299632743,-4.835462194080361,-58.42134973340121,-21.061148772208266,145.0904668737069,59.09801186665689,104.47102341827505,-64.37142926057903,-140.36129089386424,-72.3018533126071,-90.01864798802363,-53.0858165770232,-56.4429469090941,-171.48710502392345,36.31643383705129,-150.52927791520807,-28.225122503888294,-40.910482591841536,157.71609169432924,204.26228624165205,81.48950172036713,41.84383038271244,39.388494111894566,-26.42871655951849,-90.30236524534055,1.166598098472684,-24.81471214701603,-94.81693633428958
7.567685072890261,-81.93477994890583,-58.46858945166732,-8.021141388073385,-22.88516798424793,64.99957770253292,-103.87614072945615,-112.67063187426045,15.509820729654134,133.95995481762026,27.85325073467829,61.52422443502878,13.345497090228312,48.80407595420243,-43.63347003011649,14.160148996502013,-37.65070374080002,-21.430322048813665,-62.16036904788399,-116.62547002363674,150.76422654707414,-109.64222475515167,-90.39504498704964,23.87230954228417,21.666553950392156,-5.729098418425906,-37.58396477268794,130.59905029761111,-13.856038843197133,-4.230279530399616,-53.00553686874778,-18.480379377727427,132.2310049661166,53.82983128797469,94.0552598946073,-57.99040039565636,-126.62464769452681,-65.65644318141256,-81.62189195918114,-47.986417004563094,-51.011544902857715,-155.67247613930576,32.69745574480287,-136.2310985492123,-26.431829892847706,-37.26781406515142,143.01094410829543,185.11579326821757,73.61467803853768,38.14141234479776,35.512128360480595,-24.095899949249986,-81.6181302074299,1.3687440915493987,-22.382191697126505,-85.28867668042159
-2.048980153528324,21.704384080696187,15.494789484208608,2.148230797180974,6.101897940863775,-17.146328094826686,27.4958093038787,29.794183224121827,-4.084122687367011,-35.46393828073021,-7.426297475970511,-16.300957802719935,-3.5571885987267793,-12.912004454208692,11.587603346760643,-3.723803645162116,9.987301575400096,5.705103836468296,16.452456265697364,30.940988845863558,-39.85504847095816,29.033549966028488,23.875512647270256,-6.342185489602889,-5.729098418425906,1.5171986916402351,9.949687283201014,-34.54479290343974,3.6619962573505376,1.131517633309975,14.017308160404168,4.938498952159298,-34.92042855004343,-14.218117859565849,-24.932763921631626,15.369433265672514,33.545305160108775,17.358318192823486,21.58922674920739,12.704661936210341,13.506386421611605,41.16102052550246,-8.667592027975136,36.0546028015599,6.922657520642445,9.843228652480827,-37.82624408779162,-48.971319213285206,-19.4936883711387,-10.072053950013732,-9.409599300594802,6.362573099356063,21.60955959964591,-0.33658858959384075,5.929773969807786,22.61498326770599
-13.377425241555612,142.3327937509595,101.60318952720392,14.056369735103875,39.96198152568933,-112.53811805896919,180.33928061421432,195.45431249629254,-26.815487544110088,-232.5944621856205,-48.636375095580114,-106.89425055010597,-23.297956344440937,-84.69581228193533,75.95017062826359,-24.45630460965277,65.47639207748493,37.374892417929125,107.91031597330586,202.84202045446975,-261.47107129366384,190.4100975312635,156.6641060735724,-41.566131668578194,-37.58396477268794,9.949687283201014,65.2562534491212,-226.60562938274913,24.025806136966768,7.40599767874925,91.95471172023505,32.32806212315692,-229.1443402685556,-93.29497624697404,-163.48052680162175,100.77894083290062,219.97966936279383,113.87765145292076,141.62095758207934,83.32387281716682,88.58069551296781,270.02761059375996,-56.832128729629275,236.48277351025067,45.50327253132375,64.58866911803834,-248.13341314533952,-321.23150719915367,-127.84480127964807,-66.09286781289661,-61.7028715611167,41.751694720396806,141.725884046593,-2.2421383739287197,38.88533375444591,148.27508246765476
45.86051850295839,-494.0802421474942,-352.60929288617444,-48.488232929634904,-138.20414197652772,391.5918003123297,-626.2828745876118,-679.1583217072737,93.40382078686551,807.6893995898145,168.20564204666812,371.0187099892175,80.58750822648504,294.2147239239225,-263.2664782709254,85.24989385357775,-227.11021046779638,-129.3719744529259,-374.76838490755677,-703.5116683433204,908.7154474130302,-661.1063248833724,-544.7403161089765,144.0475153862494,130.59905029761111,-34.54479290343974,-226.60562938274913,787.2760660447051,-83.51090876181837,-25.56628403672047,-319.5112793543324,-111.65903838449186,796.827957395071,324.39258638222407,567.2594142259468,-349.73119201950306,-763.5812612956427,-395.7469033636,-492.0293293751023,-289.3318566021603,-307.5752875198187,-938.3416783801114,197.2032546187751,-821.3302524836001,-158.98630703042963,-224.58327779151134,862.0887998573833,1115.9449405646264,443.87520868500604,229.83862071081668,214.1565566533695,-145.19760851508153,-492.11525480556685,8.121841992037284,-134.97242685693814,-514.4180325623761
-4.799102747823777,52.365789258685915,37.362605112165724,5.106497324694304,14.592674579719741,-41.603473642953,66.40632334968288,72.05370665078979,-9.933508599205533,-85.6343474798756,-17.760715492267263,-39.31826789280529,-8.510555648261585,-31.20513696878017,27.862186655041143,-9.073228159123065,24.051631496435586,13.672494560369906,39.73941162180181,74.49712677043559,-96.42558231979716,70.08275884284868,57.83226499697385,-15.241375299632743,-13.856038843197133,3.6619962573505376,24.025806136966768,-83.51090876181837,8.862820385777919,2.69449038452744,33.89678106467832,11.774532255579794,-84.60201448389344,-34.43853949936357,-60.09713190305839,37.05581724356885,80.92555328731272,41.99104685295355,52.193257299788975,30.674736348503696,32.60779012054778,99.55754263408531,-20.892482904662373,87.09530474099351,16.96029504560835,23.842919502452546,-91.4489342928153,-118.36609224462744,-47.054016615510186,-24.40357422863216,-22.694240087577022,15.417197078952473,52.17264642997988,-0.8969168963129471,14.304151034599153,54.4904996529986
-1.7574381255164595,16.22508524337658,11.617128563015363,1.7255492353431916,4.763465950132622,-12.450840424558697,20.448118696982,22.007949999241514,-2.9283134702654827,-26.40021843372355,-5.796855561922326,-12.203155847863039,-2.7713054220945557,-9.570214231817516,8.811161905243532,-2.645182759177693,7.536002325126468,4.408659619053663,12.22926889159477,23.3707764475424,-29.3750011035137,21.6511051321843,17.49117711902548,-4.835462194080361,-4.230279530399616,1.131517633309975,7.40599767874925,-25.56628403672047,2.69449038452744,0.9018966384792324,10.358056336052902,3.9116524349517654,-25.5573036709849,-10.418610465358128,-18.72912061364317,11.529709631816065,25.09062750936973,12.8029946452141,15.974870734377953,9.462450509307603,10.063438534618605,30.381042295071712,-6.51033815776931,26.785844197095656,4.771872992409775,7.210961662995041,-27.986709750783902,-36.27502996295497,-14.538607404718196,-7.369050498314577,-7.047081561765568,4.652473998125235,16.098889008840857,-0.11928918946844295,4.436986712910619,17.01963730002309
-18.54506563284963,200.47435722651517,143.06276593606665,19.64089171681986,56.020364779185606,-158.9916842161985,254.145477244144,275.6442214171611,-37.933645555164354,-327.75303907242414,-68.18159611234032,-150.53705085611767,-32.66731496116609,-119.40131860766397,106.77957885901387,-34.629059858235905,92.1310848695393,52.45286919999922,152.08274551295997,285.3846514816183,-368.83043364009427,268.2604193191341,221.12929009162076,-58.42134973340121,-53.00553686874778,14.017308160404168,91.95471172023505,-319.5112793543324,33.89678106467832,10.358056336052902,129.67626720843742,45.24467725225448,-323.4676192978814,-131.68182406315216,-230.1417967081891,141.89311539077536,309.82128023004225,160.62366009884056,199.6880197320836,117.40693611297257,124.80870607031002,380.84311347026625,-80.00712425340946,333.30348032573477,64.62159455557953,91.16636111740496,-349.87587826265207,-452.8906863956064,-180.11305606621767,-93.3024347778683,-86.89101295355998,58.94325110691771,199.6925531723301,-3.332366379422622,54.76429570229365,208.69486435890784
-7.576745241954214,70.79615265208628,50.67570275349611,7.480906735491934,20.70262384564155,-54.475621755630854,89.2669418066079,96.13526551521666,-12.82677751193641,-115.23884964582972,-25.193818341267615,-53.23942060372711,-12.047103771763537,-41.791547070809536,38.38549753741669,-11.597409963758741,32.853593844098754,19.178629701814724,53.388293882799154,101.87748566515518,-128.3427944565215,94.49395775687908,76.46503544395817,-21.061148772208266,-18.480379377727427,4.938498952159298,32.32806212315692,-111.65903838449186,11.774532255579794,3.9116524349517654,45.24467725225448,16.979106702969347,-111.73743388706842,-45.54503776386798,-81.68515962125943,50.2925500837365,109.47392920358156,55.933613657582306,69.77037541765526,41.301863776179296,43.923853179231386,132.72098833121834,-28.393594645730158,116.94321627461954,20.983713658047666,31.52395423226949,-122.2336708598488,-158.41601709491277,-63.45058227706117,-32.21844234107902,-30.74384118871453,20.34317508149573,70.26773658372764,-0.5735330627429436,19.358365865281176,74.21664655321098
45.21913948629439,-499.2697385665648,-356.1442811097891,-48.40205047432112,-138.65107338117676,397.5310597839969,-633.3887858314728,-687.6101491220702,95.00703422682402,816.7244496609364,168.75263325509073,374.8298920685621,80.87575057828172,297.71391642039913,-265.2916659315129,86.83531261418383,-229.1477815109013,-130.01475901133787,-379.05287481146746,-709.703068806977,920.3441198188955,-668.3126567038449,-552.2381720948958,145.0904668737069,132.2310049661166,-34.92042855004343,-229.1443402685556,796.827957395071,-84.60201448389344,-25.5573036709849,-323.4676192978814,-111.73743388706842,807.9218423122207,328.8459731308205,572.7669599976168,-353.2034073517648,-771.5327483414918,-400.76632208056077,-498.0145862373904,-292.5452243841443,-310.97154593161383,-950.1327105635274,199.12194964695942,-830.7880900156916,-162.66357916265284,-227.6751994833309,872.5886162276647,1129.3258941304096,448.70676130488846,233.05092194458123,216.34142195827152,-147.23882467698567,-497.5597032561202,8.866324002815837,-136.36949848426858,-519.255193860719
18.461510685522192,-203.2904009334404,-145.0207849084356,-19.73435558894119,-56.49943496162212,161.78461814592455,-257.877029901041,-279.9201158984144,38.657072490631364,332.52600590592823,68.76570206519438,152.6254319108493,32.95511644244651,121.20381498727002,-108.05288254147064,35.327013930111434,-93.31878202386541,-52.97030861791724,-154.3257585053177,-289.02654660946706,374.6499034317043,-272.10913324929066,-224.77960322889626,59.09801186665689,53.82983128797469,-14.218117859565849,-93.29497624697404,324.39258638222407,-34.43853949936357,-10.418610465358128,-131.68182406315216,-45.54503776386798,328.8459731308205,133.85213263228218,233.23658502721528,-143.82470263303267,-314.1523696734683,-163.14429532433462,-202.74352064804953,-119.10955481663365,-126.61258993863721,-386.78579693986035,81.08426219821418,-338.2400204422138,-66.14435894127712,-92.6715447661128,355.2333821306009,459.76112431222475,182.69502480826873,94.85770071193508,88.09187711855051,-59.92928222116226,-202.5820930834218,3.5811894933044357,-55.527299127205026,-211.45318478170336
34.19966807266247,-356.7788625963644,-254.7839996534284,-35.58814613824568,-100.76769948394549,281.009047156261,-451.734410252885,-489.1529634674753,66.84765340580549,582.7057794782735,122.63907093720647,267.99767451297697,58.73154598577019,212.06006815123732,-190.82023633487137,60.89341911102881,-164.3330954526935,-94.11117281569572,-270.28687653634626,-509.16597799671825,654.1791577002849,-477.13589100685715,-391.6474286966417,104.47102341827505,94.0552598946073,-24.932763921631626,-163.48052680162175,567.2594142259468,-60.09713190305839,-18.72912061364317,-230.1417967081891,-81.68515962125943,572.7669599976168,233.23658502721528,410.0565293813333,-252.7371646976112,-551.4532961776055,-284.9391917700968,-354.5089370242497,-208.76047953037406,-221.94272602253196,-675.7156342899306,142.54908985435327,-592.2865258123101,-112.86847468569715,-161.46590176461189,621.1257414302723,804.2295393731183,320.36189612099946,165.19756314359205,154.7058553221716,-104.35043330974949,-355.0938169966169,5.228690950913753,-97.48420646581977,-372.01009259043735
-21.020508406434434,219.92071822759314,157.0413737338116,21.904782448948975,62.05973143022126,-173.31384205865106,278.4803720428438,301.5876429615219,-41.23851036818789,-359.2131501863853,-75.52984296507,-165.19079310769447,-36.17248279832911,-130.73708651096118,117.58297074906844,-37.57217307754807,101.27726231174614,57.97229235591047,166.62510760314825,313.7887025958298,-403.3519787626712,294.12382519442576,241.5093065778363,-64.37142926057903,-57.99040039565636,15.369433265672514,100.77894083290062,-349.73119201950306,37.05581724356885,11.529709631816065,141.89311539077536,50.2925500837365,-353.2034073517648,-143.82470263303267,-252.7371646976112,155.7780837299772,339.91559391317674,175.6845568656063,218.56545406638037,128.69051721769137,136.81569544154124,416.6193693244861,-87.85979562406847,365.13359788480324,69.68055199961529,99.56800884411834,-382.94348008658415,-495.821400287143,-197.48210685332353,-101.87172882792179,-95.35826336504107,64.35004770158702,218.8968596168564,-3.258367681975571,60.08877038899534,229.2790371632243
-45.5837486301345,479.9518648798038,342.6812824730243,47.65022508610651,135.1779068796538,-378.7114600863058,607.8881824546129,658.5227487058687,-90.16000797688046,-784.0848022639585,-164.5191959791134,-360.4879939196591,-78.79749486770288,-285.42485179727964,256.4197675997461,-82.17607705004697,220.9360295809338,126.33219058483827,363.73086658345306,684.4975998965161,-880.8103689054826,641.9595542144872,527.5271385739894,-140.36129089386424,-126.62464769452681,33.545305160108775,219.97966936279383,-763.5812612956427,80.92555328731272,25.09062750936973,309.82128023004225,109.47392920358156,-771.5327483414918,-314.1523696734683,-551.4532961776055,339.91559391317674,741.8093037742765,383.6354814463732,477.2062477663256,280.89773418897624,298.6276852799288,909.7261553483203,-191.7047498157328,797.0782673472426,152.59066929527444,217.48584945568325,-836.1052556745542,-1082.5042001378304,-431.0262404958161,-222.53050149511975,-208.09179539441732,140.57027668477411,477.7889269624443,-7.282153018252739,131.13161135958666,500.22868430721286
