V1,V2,V3,V4,V5,V6,V7,V8,V9,V10,V11,V12,V13,V14,V15,V16,V17,V18,V19,V20,V21,V22,V23,V24,V25,V26,V27,V28,V29,V30,V31,V32,V33,V34,V35,V36,V37,V38,V39,V40,V41,V42,V43,V44,V45,V46,V47,V48,V49,V50,V51,V52,V53,V54,V55,V56
261.61358441189986,-1938.3132034715832,2470.2033708457802,919.6291432430223,21.095100766474474,-1408.3832592072959,1519.9202352840837,-1697.7028111697086,641.6873415900302,-736.4745059764438,-2030.5871090947392,-1580.6134034670145,-723.13669449137,145.55245398916622,1730.217548252504,-616.3765670488829,737.0387714237337,-2062.0788204718124,-2222.990255498887,-163.08000758027862,-1787.341279775471,334.10553856879665,-1481.6847119104627,1611.6367234383408,-754.3636801709346,1385.4789614286863,-1106.1737135087967,-486.2508608885677,-25.601727315926684,-732.2774440262679,944.4896786945885,-349.67540658854875,-901.9102597866859,-362.6226791824857,-97.7621330179305,300.7225127825605,1221.3167804121817,-730.3936300623178,1522.9582509799984,2312.8920704940833,-1432.0814741811423,1885.9401236123717,288.14447030052804,790.7513014204256,-2983.589258467304,1184.9429472526626,-1708.4493271015374,-1105.2937352306697,1640.1396906081416,565.4354581560332,-1777.279046980761,-1685.0724416467883,402.8380750494525,-816.7339532625264,-312.4002120685021,1211.234507415188
-1938.3132034715832,14361.353457865624,-18302.82962440384,-6813.993701001529,-156.82206765442746,10435.296367045548,-11261.72689247806,12578.815953682733,-4754.771985553606,5457.202008881261,15045.664898503912,11711.002634839835,5358.576821669834,-1078.3797009589607,-12819.73150815338,4566.745756239358,-5461.327483609488,15278.846932183333,16470.578098977356,1208.3445073065486,13242.958240916094,-2474.9700226133823,10978.771789818606,-11940.798795446834,5589.7719104933485,-10265.591496848605,8195.787348785288,3602.4419944472756,189.66790171868564,5426.090489296093,-6997.871383966958,2591.1258143762793,6682.577733329472,2687.1598793634334,724.068654995951,-2228.672199635422,-9049.434517518202,5411.5154852754895,-11284.482769274446,-17136.644540050267,10611.484793386027,-13973.426331862052,-2135.406720528242,-5859.431471684387,22106.421392877397,-8779.195044376702,12658.389829086516,8189.463810551371,-12152.607353583737,-4189.217748559802,13168.234320726846,12485.430005561157,-2984.7599003441487,6051.161674225981,2314.7133445635113,-8974.438316059232
2470.2033708457802,-18302.82962440384,23327.645400058173,8684.85905827364,201.24636172287998,-13300.09398612419,14353.370139779297,-16031.579506102522,6060.719037787537,-6956.326110636579,-19176.655136581663,-14924.904554206234,-6831.164658972294,1374.2366734701684,16338.646804629901,-5819.79247752511,6961.391442131068,-19473.437840723665,-20990.92173369971,-1540.0891570796973,-16878.031837743874,3152.948750474406,-13993.668744867922,15217.53430799678,-7125.32311719737,13083.770862062207,-10444.958865645196,-4590.356518489485,-241.63795301188702,-6916.594435960855,8918.309125176811,-3303.093731833726,-8517.007011127858,-3425.783785660039,-922.0498355549248,2841.8119006138604,11534.279726469025,-6896.354403309222,14383.062075707747,21839.72585220667,-13526.24947749343,17808.73856958923,2722.785203287568,7469.129796110537,-28174.654524497662,11187.90488110305,-16132.867259515084,-10437.397805511067,15489.17969124223,5338.411437883924,-16782.329963845757,-15913.131537927056,3804.067647241365,-7711.428784319772,-2950.1762750227463,11437.953555077043
919.6291432430223,-6813.993701001529,8684.85905827364,3233.3859157476454,75.0618953953331,-4951.606136604774,5343.727262417363,-5968.474843907637,2256.4523313546506,-2589.9329974087677,-7139.486855037729,-5556.407104159906,-2543.3859452387587,511.60801804213065,6082.799087535416,-2166.6281502298802,2591.786975741431,-7249.9361174868545,-7814.745033539401,-573.3696333229174,-6283.612246546199,1173.6851721174635,-5209.910525209462,5665.314353019503,-2652.8447204090326,4871.058868168263,-3888.5595345723477,-1708.8734002757544,-89.94764716510389,-2575.122362771459,3320.1972885090245,-1229.801446729508,-3170.853147266324,-1275.5088976027275,-343.19459510724846,1058.1362534929037,4294.248587702648,-2567.415280947381,5354.856048337933,8130.74584945238,-5035.966332481315,6630.077961999819,1013.8091541440394,2780.8603917452415,-10489.315097823472,4165.08804866898,-6006.174525653752,-3885.7942887420604,5766.626671572379,1987.3944953697596,-6247.933899324941,-5924.438403312058,1416.2362030132779,-2870.8546013037285,-1098.3442563531282,4258.315945534757
21.095100766474474,-156.82206765442746,201.24636172287998,75.0618953953331,2.9183071807989394,-114.66251832733278,123.72554292713839,-137.79935963514862,52.79620242960618,-60.79142880060204,-165.77398517376943,-127.71180586495046,-60.183917691546164,11.682446480732683,140.4551516163124,-49.61262398590797,60.686896376409734,-167.97626063811344,-179.8491408919306,-13.300015180719571,-145.07498516268086,25.91928377500765,-121.42125379897509,130.0347833599489,-62.2899196341035,112.7829909634398,-89.34910976644795,-38.66218084163601,-2.0018276599867177,-60.3954386947233,76.30601565168259,-29.016289064841107,-73.31375195906395,-30.32436746299317,-7.265085129872855,25.620090478620078,99.87511732329554,-58.792335879541675,124.56924683432995,187.0598918821421,-117.98805725843481,152.84926151372355,24.45545165857622,65.34667369724936,-242.35985126130814,95.22501921523346,-138.55394884736867,-89.71404897158374,133.82041084008955,45.27409137866863,-143.85209576067842,-137.27030985284196,32.71646345615822,-65.66250096346103,-25.442574282585202,98.39969811188847
-1408.3832592072959,10435.296367045548,-13300.09398612419,-4951.606136604774,-114.66251832733278,7582.962817536505,-8183.476085309005,9140.321186807101,-3455.439444611062,3966.0555161726847,10933.41282214209,8509.398962740577,3894.662427277582,-783.5237277511881,-9315.394687917147,3318.1494712653202,-3968.9441777103552,11102.643960689951,11967.901871357635,878.0667000252951,9622.926597737094,-1797.711898398521,7978.346913669616,-8676.24334950156,4062.399094324056,-7459.622995688649,5955.170079189756,2617.2190060854855,137.770788352361,3943.3986519138757,-5084.748532906157,1883.2033131377807,4855.92201542047,1953.1389622997751,525.7428865762457,-1620.1696153206378,-6576.167841856903,3931.948232743101,-8200.370504001607,-12451.852040582364,7711.816133617843,-10153.575109715848,-1552.3182119972878,-4258.415600420032,16063.628744546546,-6378.785613356746,9198.079895970046,5950.830671263422,-8831.033464431162,-3043.708782275863,9568.387092052175,9072.760009549773,-2168.8676574928804,4396.672233862071,1682.0212857651427,-6521.2931111089465
1519.9202352840837,-11261.72689247806,14353.370139779297,5343.727262417363,123.72554292713839,-8183.476085309005,8831.564882655088,-9864.192560191528,3729.091007971707,-4280.112894896646,-11799.262369785869,-9183.296551450676,-4203.065875803622,845.5727510975762,10053.125644523745,-3580.9418454607694,4283.258389929933,-11981.902649959417,-12915.712392671296,-947.6137788650549,-10385.002737408227,1940.1050341904834,-8610.167884319551,9363.384969524066,-4384.103579726793,8050.3850924348535,-6426.787666088324,-2824.5032423482235,-148.69111751146912,-4255.684802629328,5487.447065021112,-2032.3284653847575,-5240.481387912885,-2107.796039467221,-567.3948566437452,1748.4538211941442,7096.94135555478,-4243.35849887121,8849.776754632994,13437.980423515812,-8322.508866948485,10957.690990294532,1675.2254150102706,4595.632685470512,-17335.765499034966,6883.971679488181,-9926.519991188597,-6422.100347928642,9530.391794593665,3284.760415393501,-10326.154607358505,-9791.264045775923,2340.632687367319,-4744.873859899639,-1815.2309000625173,7037.721045615431
-1697.7028111697086,12578.815953682733,-16031.579506102522,-5968.474843907637,-137.79935963514862,9140.321186807101,-9864.192560191528,11017.691121452763,-4164.931433892002,4780.287682939244,13178.73187758532,10257.36300118882,4694.078393873523,-944.4963543068178,-11228.712257487465,3999.827579163845,-4783.852140195249,13382.84508920073,14426.242420548113,1058.4050996661058,11599.405641995048,-2167.371351052429,9616.643220122978,-10458.574296891176,4896.425896266472,-8991.673974690093,7178.467703813775,3155.057558210597,166.10255650665363,4753.022309287522,-6129.254331444183,2269.7774867731323,5853.258210977325,2353.987175170892,633.9628233314188,-1952.5170789731922,-7926.599380285463,4739.728194733274,-9884.339958081264,-15009.611638390206,9295.154287495936,-12239.135352532092,-1870.773593437446,-5132.653469131687,19362.912496380664,-7689.283911649734,11087.344266759017,7173.088042969132,-10644.629463562162,-3669.076718010815,11533.808038648393,10936.075159738799,-2614.3362287193436,5299.9366379881985,2027.4716421793898,-7860.669448501741
641.6873415900302,-4754.771985553606,6060.719037787537,2256.4523313546506,52.79620242960618,-3455.439444611062,3729.091007971707,-4164.931433892002,1574.8574246702974,-1807.637351143135,-4982.406599389982,-3877.1616845423346,-1775.3321482497968,356.96343725621165,4244.709797567629,-1511.7826294083102,1808.9091346071461,-5059.358753757592,-5453.096869244587,-400.141491078255,-4384.828120604718,818.6167958427657,-3635.973202181573,3953.120897497531,-1851.5766899727332,3399.242470839872,-2713.3617590718995,-1192.209274110486,-62.748474507852876,-1797.308589181089,2316.7874814095903,-858.3936626774607,-2212.722588477344,-890.3783398608186,-239.26158890731622,738.7977513257104,2996.8565390437225,-1791.4373833127806,3737.0526268507865,5673.569233895215,-3514.788459530058,4626.528280835197,707.8124889658651,1940.9288698488297,-7319.708528080346,2906.164484447886,-4191.188472176167,-2711.582125253374,4024.307758099131,1386.6268864063054,-4359.7943682287305,-4134.368535284108,988.2893009440678,-2003.1240335134241,-766.4793738202278,2971.546812304333
-736.4745059764438,5457.202008881261,-6956.326110636579,-2589.9329974087677,-60.79142880060204,3966.0555161726847,-4280.112894896646,4780.287682939244,-1807.637351143135,2074.9121794711405,5718.715525736961,4449.934678798091,2037.8902587554383,-409.68579024168287,-4871.8639253340025,1735.065998024205,-2076.3001336802135,5806.979184889263,6258.679299965677,459.25640601473185,5032.692411378073,-939.3574368775816,4173.387677561819,-4537.040829187099,2125.3153568032258,-3901.5246010864043,3114.1946984385127,1368.2268917128526,71.99661579781979,2063.008592848196,-2659.0213246224585,985.3322563092056,2539.6699186295423,1022.0837306493708,274.4977943861024,-848.1657704515403,-3439.7844050192875,2056.0235791510854,-4289.362606901,-6511.727633265862,4034.404675697798,-5310.055248144616,-812.5840594637293,-2227.9118991168125,8401.247915977583,-3335.3779214614574,4810.420940922448,3112.224254772821,-4619.013378368464,-1591.4052940996944,5003.889203536616,4745.295009667771,-1134.3048676975277,2298.98194789649,879.7364466740554,-3410.6418846699266
-2030.5871090947392,15045.664898503912,-19176.655136581663,-7139.486855037729,-165.77398517376943,10933.41282214209,-11799.262369785869,13178.73187758532,-4982.406599389982,5718.715525736961,15764.402723279529,12268.82345465022,5615.964983076061,-1129.6520417780312,-13431.159735880956,4784.034737246618,-5722.844179902651,16008.272510894736,17255.386026805856,1266.0472437254366,13874.555351364876,-2591.541062472228,11503.792194227792,-12509.32959285709,5857.658136191146,-10755.582666930655,8586.136637912328,3773.2665432651984,198.61720805666513,5686.044279967689,-7331.1807666206205,2715.479498946898,7001.420659641194,2816.41011221956,757.7806613774796,-2336.4446260936184,-9481.939461192536,5668.998361437868,-11823.83765150154,-17953.117715616114,11119.71829805287,-14639.57651353589,-2238.5587341155883,-6140.307416748526,23160.972453627066,-9196.731366114669,13261.959377284666,8580.042756142871,-12733.046615257652,-4388.2556297961755,13795.769543701676,13081.50296932544,-3127.1335733172414,6338.988958599884,2425.211144702936,-9402.56848809899
-1580.6134034670145,11711.002634839835,-14924.904554206234,-5556.407104159906,-127.71180586495046,8509.398962740577,-9183.296551450676,10257.36300118882,-3877.1616845423346,4449.934678798091,12268.82345465022,9549.799627443768,4369.438511187667,-879.382651450301,-10453.818109193526,3723.9959181682057,-4453.3014777675535,12459.019773257385,13430.972421786995,985.3263666461613,10798.945565130798,-2018.3711090794427,8952.457907707041,-9737.194902421219,4558.018927054371,-8371.005156859977,6683.301153358695,2937.714647876978,154.66964454517353,4424.556955415317,-5706.442847214892,2112.842919404461,5449.279256528402,2191.118820924269,590.5301247239743,-1817.2020444653037,-7379.246678331901,4412.868370886987,-9201.776774739772,-13974.133296729235,8652.878338279193,-11394.629325616472,-1741.172055691811,-4777.905798904211,18026.61589458256,-7159.103040129762,10322.273298691402,6678.083111258346,-9909.721375605941,-3416.1770854803854,10738.066055618996,10181.147266529211,-2433.9110549239267,4934.494422825989,1887.5137451589721,-7318.188844989188
-723.13669449137,5358.576821669834,-6831.164658972294,-2543.3859452387587,-60.183917691546164,3894.662427277582,-4203.065875803622,4694.078393873523,-1775.3321482497968,2037.8902587554383,5615.964983076061,4369.438511187667,2001.739721879032,-402.2452402851532,-4784.007884287481,1703.6112529126674,-2039.208427396171,5702.492800859066,6145.573011119514,451.003343083664,4941.930121818987,-921.9385669403512,4098.581199558758,-4454.905671286645,2087.4170829163318,-3831.2950078092817,3057.8556408041914,1343.222661777804,70.66766621092948,2026.1915969914828,-2610.9246475278255,967.8162992655075,2493.9120685092253,1004.0120113024095,269.2748697649518,-833.3532170483254,-3378.041746322962,2018.7463778104645,-4212.389283263688,-6394.0187409147975,3962.347152534693,-5214.195924076215,-798.3562233599162,-2188.1910925512366,8249.800343470915,-3274.8472433173947,4723.613905632927,3056.0939009716976,-4535.98968387713,-1562.4512404548766,4913.48155904354,4659.922641088799,-1113.859055942569,2257.266516170608,863.9047542262753,-3349.156594691076
145.55245398916622,-1078.3797009589607,1374.2366734701684,511.60801804213065,11.682446480732683,-783.5237277511881,845.5727510975762,-944.4963543068178,356.96343725621165,-409.68579024168287,-1129.6520417780312,-879.382651450301,-402.2452402851532,80.98363979037566,962.5855326401347,-342.9324639798962,410.00397615886266,-1147.187105143106,-1236.7603658620928,-90.7236609819698,-994.3688484300883,185.92913571557634,-824.2660282758798,896.6468605772119,-419.6350429827919,770.7800677621398,-615.42818159159,-270.55464418888334,-14.244933319786169,-407.35107871774477,525.4705400295511,-194.5102484658053,-501.76330033879356,-201.7034646226516,-54.41713644896407,167.24971017872747,679.4336578765896,-406.3652492165938,847.238659506706,1286.7815054733474,-796.6467890580182,1049.2302029322007,160.260163754571,439.87345284163825,-1659.878455917176,659.2720899126847,-950.4803530410317,-614.9178789613796,912.442220450237,314.60136216078666,-988.7877678596244,-937.4508281551974,224.1136180541848,-454.40887291016065,-173.7954349618681,673.8555185271841
1730.217548252504,-12819.73150815338,16338.646804629901,6082.799087535416,140.4551516163124,-9315.394687917147,10053.125644523745,-11228.712257487465,4244.709797567629,-4871.8639253340025,-13431.159735880956,-10453.818109193526,-4784.007884287481,962.5855326401347,11443.776710155713,-4076.4291078377096,4875.48744380172,-13639.177075098172,-14702.539465624377,-1078.6750158692814,-11821.572398989872,2208.864988431016,-9800.848993288173,10658.872935884056,-4990.22218667725,9163.895653413134,-7315.953331313024,-3215.475024685932,-169.28061996457595,-4844.069421999044,6246.641405502243,-2313.2608864705944,-5965.368290503266,-2399.0876251978107,-646.0943876187044,1989.9323759255421,8078.432125422651,-4830.498286100205,10073.670247843207,15297.083445047318,-9473.213693363265,12473.548702082815,1906.6227267580834,5230.97841224986,-19733.77881957611,7836.542644320198,-11299.699918622311,-7310.47612720641,10848.517246803629,3739.343227052937,-11754.71161486374,-11145.542315621846,2664.4083933056513,-5401.438370525516,-2066.304212588013,8011.232939457368
-616.3765670488829,4566.745756239358,-5819.79247752511,-2166.6281502298802,-49.61262398590797,3318.1494712653202,-3580.9418454607694,3999.827579163845,-1511.7826294083102,1735.065998024205,4784.034737246618,3723.9959181682057,1703.6112529126674,-342.9324639798962,-4076.4291078377096,1452.2304915333928,-1736.4203601643346,4858.256455984338,5237.459511955352,384.2207051498057,4211.009909245431,-787.2506045731374,3490.7939990269397,-3797.1166466273326,1777.219730603988,-3264.1966249238762,2606.1973483036554,1145.6773114116572,60.32830083110032,1725.1937112912983,-2225.268230427111,823.7936160247576,2124.911028349593,854.27781118231,230.38167487606634,-708.4165484544419,-2877.387183367733,1720.8660315631225,-3588.049833794046,-5449.271239963771,3373.8784564190014,-4443.333666906792,-678.7902064327889,-1862.9369143922195,7029.378671558521,-2791.823815320338,4025.1512015412586,2604.093191481307,-3864.152455599484,-1332.2215942681369,4187.335110085675,3970.0292620695814,-949.0952100325228,1924.2882602642012,736.0172561795603,-2853.6760878165333
737.0387714237337,-5461.327483609488,6961.391442131068,2591.786975741431,60.686896376409734,-3968.9441777103552,4283.258389929933,-4783.852140195249,1808.9091346071461,-2076.3001336802135,-5722.844179902651,-4453.3014777675535,-2039.208427396171,410.00397615886266,4875.48744380172,-1736.4203601643346,2077.748916474916,-5811.218865343212,-6263.420430724769,-459.60383828495713,-5036.4279776407275,940.2190238917578,-4176.336078013771,4540.535652643605,-2126.7657400594303,3904.3918987610546,-3116.5599738146934,-1369.3459389811733,-72.06892491953849,-2064.4288150695033,2661.054415326681,-985.9787203596295,-2541.5441930101247,-1022.7248320379234,-274.79094200494364,848.6331566321388,3442.2299905392433,-2057.6305420991825,4292.4271299285965,6516.654061088092,-4037.165188366993,5314.03636091869,813.0378680034185,2229.4039622654286,-8407.450885932218,3337.991640264522,-4814.0093261489155,-3114.5330384346294,4622.358927416674,1592.6616239723069,-5007.658606115518,-4748.765609513756,1135.1519094298515,-2300.771036024963,-880.3837198584664,3413.1357349562454
-2062.0788204718124,15278.846932183333,-19473.437840723665,-7249.9361174868545,-167.97626063811344,11102.643960689951,-11981.902649959417,13382.84508920073,-5059.358753757592,5806.979184889263,16008.272510894736,12459.019773257385,5702.492800859066,-1147.187105143106,-13639.177075098172,4858.256455984338,-5811.218865343212,16256.027035950861,17522.816128680635,1285.63740297453,14089.44360304361,-2632.0422314196176,11681.613796094041,-12703.31241612564,5948.060425958348,-10922.067040907268,8719.250225266289,3831.9518950140555,201.71744851809007,5773.820003297284,-7444.83498092862,2757.3447067637535,7109.8259265910365,2859.7595363207174,769.720974071053,-2372.2648307607287,-9628.570253551454,5756.9507897166795,-12006.67635050979,-18231.37949803673,11291.409633907595,-14866.384673444736,-2272.9052549189355,-6235.056579744306,23519.632653156834,-9339.459565070363,13467.397263832809,8712.930683031886,-12930.04626442921,-4456.409043559611,14009.561257309562,13283.957987196447,-3175.560940310201,6437.358107593666,2462.7476084111927,-9548.167764967548
-2222.990255498887,16470.578098977356,-20990.92173369971,-7814.745033539401,-179.8491408919306,11967.901871357635,-12915.712392671296,14426.242420548113,-5453.096869244587,6258.679299965677,17255.386026805856,13430.972421786995,6145.573011119514,-1236.7603658620928,-14702.539465624377,5237.459511955352,-6263.420430724769,17522.816128680635,18889.583746411154,1385.8139466787634,15187.924609607384,-2838.4729108678894,12591.192335797612,-13694.525974708029,6410.726838297374,-11773.277550711797,9399.488168997595,4131.527701162229,217.52521595893924,6223.00616580222,-8025.637806095219,2971.6748511565597,7664.034212251216,3081.8137230411244,830.4140268074884,-2555.983887995758,-10378.498736501322,6206.297580394739,-12941.80641399973,-19653.472078672185,12169.960661016177,-16025.675694423147,-2449.0217979602644,-6719.983173122749,25353.14059666706,-10068.585967816283,14517.499953618393,9392.232336650559,-13937.432212848822,-4804.481222164429,15102.228009577644,14319.140790351665,-3423.1271949345983,6939.886711608546,2654.670113987188,-10292.489441601765
-163.08000758027862,1208.3445073065486,-1540.0891570796973,-573.3696333229174,-13.300015180719571,878.0667000252951,-947.6137788650549,1058.4050996661058,-400.141491078255,459.25640601473185,1266.0472437254366,985.3263666461613,451.003343083664,-90.7236609819698,-1078.6750158692814,384.2207051498057,-459.60383828495713,1285.63740297453,1385.8139466787634,101.68265686787008,1114.2798103055386,-208.14704777178727,923.8690577145271,-1004.6589577860616,470.42449956513946,-863.7939731829057,689.565649610843,303.04614451893246,15.95662422922088,456.64544479105496,-588.7854142460374,218.0737198948121,562.2911697103256,226.17576580043144,60.86908735103748,-187.62540823695863,-761.491663872751,455.29743495954455,-949.5745763876674,-1441.8455937806261,893.0111899126294,-1175.7282130416222,-179.76305381853862,-493.1177459441959,1860.0786721900743,-738.6160143667981,1065.08633323743,689.0721420517535,-1022.5990082688282,-352.43194677450987,1107.9593443706967,1050.5863949096747,-251.1455407784555,509.09938315388405,194.77282704807845,-755.1198138210436
-1787.341279775471,13242.958240916094,-16878.031837743874,-6283.612246546199,-145.07498516268086,9622.926597737094,-10385.002737408227,11599.405641995048,-4384.828120604718,5032.692411378073,13874.555351364876,10798.945565130798,4941.930121818987,-994.3688484300883,-11821.572398989872,4211.009909245431,-5036.4279776407275,14089.44360304361,15187.924609607384,1114.2798103055386,12211.848212625786,-2281.8039938709912,10124.389775559932,-11010.758746030664,5154.952086032404,-9466.419051133802,7557.488986739562,3321.637163965599,174.86430503897424,5003.9719823062815,-6452.864229732786,2389.6227360214166,6162.305385000299,2478.2824925234436,667.4287613954112,-2055.6107682676784,-8345.122368960148,4989.967573735839,-10406.224670757505,-15802.102372608175,9785.939019484797,-12885.342171810355,-1969.557307881538,-5403.6541566373135,20385.258882748927,-8095.266819768139,11672.740180785153,7551.821409636301,-11206.653486901945,-3862.8014060843934,12142.782488008228,11513.492155751614,-2752.369116445188,5579.768022546006,2134.515644054636,-8275.719571572501
334.10553856879665,-2474.9700226133823,3152.948750474406,1173.6851721174635,25.91928377500765,-1797.711898398521,1940.1050341904834,-2167.371351052429,818.6167958427657,-939.3574368775816,-2591.541062472228,-2018.3711090794427,-921.9385669403512,185.92913571557634,2208.864988431016,-787.2506045731374,940.2190238917578,-2632.0422314196176,-2838.4729108678894,-208.14704777178727,-2281.8039938709912,427.54777288654645,-1890.6144159220246,2058.1535124712473,-962.1684931580952,1768.4967079915075,-1412.5602216350471,-621.4472513686446,-32.75040641360726,-934.0576829642434,1206.0830374207585,-445.87817969482774,-1151.3316893508118,-462.1915958090949,-125.3708914594162,382.8956558613471,1558.5605582073745,-932.873357488477,1943.4789298982987,2953.3135787786096,-1826.788672119042,2407.8739457510305,366.9573196575782,1008.5262794376109,-3808.827137018738,1513.5621866902832,-2181.184636275927,-1411.0695473428962,2093.2974050258263,722.3815861269518,-2269.2999440877943,-2150.830392189043,514.269064965689,-1043.211294658528,-398.7540163684131,1546.2365835690457
-1481.6847119104627,10978.771789818606,-13993.668744867922,-5209.910525209462,-121.42125379897509,7978.346913669616,-8610.167884319551,9616.643220122978,-3635.973202181573,4173.387677561819,11503.792194227792,8952.457907707041,4098.581199558758,-824.2660282758798,-9800.848993288173,3490.7939990269397,-4176.336078013771,11681.613796094041,12591.192335797612,923.8690577145271,10124.389775559932,-1890.6144159220246,8394.866041279116,-9127.880742570353,4274.785549543475,-7848.57179614226,6265.216636500438,2753.086231588225,144.9054568441992,4149.520653988281,-5349.496204291918,1981.750559723791,5109.041268671733,2055.4946347586883,552.7089579984789,-1705.3858747841275,-6919.343552745428,4136.536418385503,-8628.324596739008,-13100.302218049785,8114.8231069926815,-10682.550679621634,-1633.9013676584943,-4481.085543244799,16900.852612884293,-6710.575089401288,9677.334622732913,6260.937650508216,-9291.6851689314,-3201.91766695282,10066.74709183555,9545.875646965535,-2281.9034244450672,4625.380517393503,1769.732671307306,-6861.177824228755
1611.6367234383408,-11940.798795446834,15217.53430799678,5665.314353019503,130.0347833599489,-8676.24334950156,9363.384969524066,-10458.574296891176,3953.120897497531,-4537.040829187099,-12509.32959285709,-9737.194902421219,-4454.905671286645,896.6468605772119,10658.872935884056,-3797.1166466273326,4540.535652643605,-12703.31241612564,-13694.525974708029,-1004.6589577860616,-11010.758746030664,2058.1535124712473,-9127.880742570353,9928.336960055565,-4647.265772202159,8535.162473572207,-6814.453246647058,-2995.4639213595883,-157.7272663663255,-4511.207354736662,5818.442690694659,-2154.1833782073854,-5556.149500608499,-2233.9524684628373,-602.2233769473576,1852.6532533203076,7523.86092390707,-4499.52236570447,9382.120567876822,14248.339863006564,-8822.319001551048,11618.178083536597,1775.145950871544,4871.43471513155,-18380.16383889982,7299.685572364778,-10524.764299631912,-6809.069320880175,10103.995571583591,3483.2758150873533,-10948.75300212498,-10380.775844846785,2481.654335680704,-5031.380670376021,-1924.5302158991622,7461.6910556897465
-754.3636801709346,5589.7719104933485,-7125.32311719737,-2652.8447204090326,-62.2899196341035,4062.399094324056,-4384.103579726793,4896.425896266472,-1851.5766899727332,2125.3153568032258,5857.658136191146,4558.018927054371,2087.4170829163318,-419.6350429827919,-4990.22218667725,1777.219730603988,-2126.7657400594303,5948.060425958348,6410.726838297374,470.42449956513946,5154.952086032404,-962.1684931580952,4274.785549543475,-4647.265772202159,2176.968039765597,-3996.3178723390706,3189.840435175928,1401.452154987934,73.75007784296733,2113.147352516202,-2723.620731642733,1009.2755101990039,2601.370030173261,1046.924981296607,281.15754438023504,-868.7820881164478,-3523.3478906058763,2105.974659392672,-4393.5798332215,-6669.911245447305,4132.4308056957625,-5439.0548179633915,-832.3308409150002,-2282.0400728441055,8605.333409343912,-3416.402551762174,4927.278613079444,3187.8279853336294,-4731.236661297012,-1630.0522763294214,5125.444732693636,4860.590066591201,-1161.8668005189631,2354.823191851877,901.1122214221493,-3493.4777181413638
1385.4789614286863,-10265.591496848605,13083.770862062207,4871.058868168263,112.7829909634398,-7459.622995688649,8050.3850924348535,-8991.673974690093,3399.242470839872,-3901.5246010864043,-10755.582666930655,-8371.005156859977,-3831.2950078092817,770.7800677621398,9163.895653413134,-3264.1966249238762,3904.3918987610546,-10922.067040907268,-11773.277550711797,-863.7939731829057,-9466.419051133802,1768.4967079915075,-7848.57179614226,8535.162473572207,-3996.3178723390706,7338.30382289337,-5858.319632699374,-2574.6654587975167,-135.5375739028394,-3879.257007097669,5002.064515327643,-1852.5636502930017,-4776.945448455474,-1921.3573176689251,-517.2050895836101,1593.7983340666456,6469.195868578677,-3868.0183045227172,8066.988203875434,12249.349767215575,-7586.36017775579,9988.448562117768,1527.048235553775,4189.134424625971,-15802.363940895993,6275.063639756389,-9048.487614488624,-5854.0461029515955,8687.400029664419,2994.212641506475,-9412.77496807278,-8925.199541022723,2133.597084895626,-4325.175051690487,-1654.6675131742818,6415.214024070042
-1106.1737135087967,8195.787348785288,-10444.958865645196,-3888.5595345723477,-89.34910976644795,5955.170079189756,-6426.787666088324,7178.467703813775,-2713.3617590718995,3114.1946984385127,8586.136637912328,6683.301153358695,3057.8556408041914,-615.42818159159,-7315.953331313024,2606.1973483036554,-3116.5599738146934,8719.250225266289,9399.488168997595,689.565649610843,7557.488986739562,-1412.5602216350471,6265.216636500438,-6814.453246647058,3189.840435175928,-5858.319632699374,4677.224772088148,2055.9341577877817,108.24362985313871,3096.4397371470404,-3993.58017955993,1478.6271713177982,3813.598152741752,1533.40400834884,413.2878374978865,-1271.7111035949397,-5164.2392740914975,3088.292473078089,-6439.7082478779785,-9779.612904452482,6055.550270419486,-7974.371107253085,-1218.5080360446336,-3343.7151101723734,12615.659820317866,-5010.222132231389,7223.893968293716,4673.559836862301,-6935.158718750153,-2390.7763136209683,7514.891711422807,7125.122881440554,-1703.3389425488856,3453.350716780387,1320.9461128923192,-5121.5248891077035
-486.2508608885677,3602.4419944472756,-4590.356518489485,-1708.8734002757544,-38.66218084163601,2617.2190060854855,-2824.5032423482235,3155.057558210597,-1192.209274110486,1368.2268917128526,3773.2665432651984,2937.714647876978,1343.222661777804,-270.55464418888334,-3215.475024685932,1145.6773114116572,-1369.3459389811733,3831.9518950140555,4131.527701162229,303.04614451893246,3321.637163965599,-621.4472513686446,2753.086231588225,-2995.4639213595883,1401.452154987934,-2574.6654587975167,2055.9341577877817,904.0259771759883,47.617022542868845,1360.4548971637578,-1755.4269297109358,649.56049334709,1676.0838935648696,673.5030707415566,181.98806229400566,-558.3278608315171,-2269.39217971172,1357.609373685921,-2829.8762029942272,-4298.6398224743425,2660.628526991626,-3504.9859053836826,-535.0132523786939,-1469.0335856234324,5544.695077112503,-2202.555363250297,3175.0827132404465,2054.1063248343726,-3047.767397446273,-1051.0986124382919,3303.1221124361105,3131.354287987346,-748.635571595113,1518.1216613431218,580.5366325210526,-2250.946341951984
-25.601727315926684,189.66790171868564,-241.63795301188702,-89.94764716510389,-2.0018276599867177,137.770788352361,-148.69111751146912,166.10255650665363,-62.748474507852876,71.99661579781979,198.61720805666513,154.66964454517353,70.66766621092948,-14.244933319786169,-169.28061996457595,60.32830083110032,-72.06892491953849,201.71744851809007,217.52521595893924,15.95662422922088,174.86430503897424,-32.75040641360726,144.9054568441992,-157.7272663663255,73.75007784296733,-135.5375739028394,108.24362985313871,47.617022542868845,2.513657430971859,71.59752037848467,-92.42907345725807,34.17655685447492,88.2337977032653,35.42799982440438,9.603187576836433,-29.357938427837677,-119.44782837621669,71.49234947135344,-148.95136237774315,-226.32138369854397,140.01477519322205,-184.53018212706908,-28.131389494980557,-77.30420454267326,291.89288140653053,-115.9816763574198,167.1579234892347,108.13736746389168,-160.4313497767328,-55.35167098114301,173.9034356305014,164.83444127657305,-39.412086996794116,79.93881701065354,30.56236988366285,-118.49064490585089
-732.2774440262679,5426.090489296093,-6916.594435960855,-2575.122362771459,-60.3954386947233,3943.3986519138757,-4255.684802629328,4753.022309287522,-1797.308589181089,2063.008592848196,5686.044279967689,4424.556955415317,2026.1915969914828,-407.35107871774477,-4844.069421999044,1725.1937112912983,-2064.4288150695033,5773.820003297284,6223.00616580222,456.64544479105496,5003.9719823062815,-934.0576829642434,4149.520653988281,-4511.207354736662,2113.147352516202,-3879.257007097669,3096.4397371470404,1360.4548971637578,71.59752037848467,2051.2039149352017,-2643.8749224349226,979.6781726096796,2525.1744019731013,1016.2086117259603,272.9645519770885,-843.2667532904736,-3420.1118646739783,2044.327868668934,-4264.84515291671,-6474.602844851696,4011.296388175992,-5279.771959238731,-807.8893410115782,-2215.1374364624453,8353.289762057646,-3316.398472491263,4782.977689213455,3094.4626417746035,-4592.629040883177,-1582.3473373846607,4975.3540559935755,4718.202544360784,-1127.8369452527227,2285.891494479768,874.7170557215655,-3391.152342976402
944.4896786945885,-6997.871383966958,8918.309125176811,3320.1972885090245,76.30601565168259,-5084.748532906157,5487.447065021112,-6129.254331444183,2316.7874814095903,-2659.0213246224585,-7331.1807666206205,-5706.442847214892,-2610.9246475278255,525.4705400295511,6246.641405502243,-2225.268230427111,2661.054415326681,-7444.83498092862,-8025.637806095219,-588.7854142460374,-6452.864229732786,1206.0830374207585,-5349.496204291918,5818.442690694659,-2723.620731642733,5002.064515327643,-3993.58017955993,-1755.4269297109358,-92.42907345725807,-2643.8749224349226,3409.8724702932373,-1262.5132038349702,-3256.194523235007,-1309.2839837590852,-352.8777584280117,1085.8487230305343,4409.426439325119,-2636.90613227435,5498.477434364618,8350.195010232885,-5170.472128379155,6808.822364045694,1040.4147067511938,2855.0042941530587,-10771.725191991141,4277.906999074012,-6168.035799269016,-3990.4602321002208,5921.511199760512,2041.3255628196177,-6416.491725740984,-6083.70277573555,1454.3766242069983,-2948.592491091279,-1127.8787737758107,4372.93909030658
-349.67540658854875,2591.1258143762793,-3303.093731833726,-1229.801446729508,-29.016289064841107,1883.2033131377807,-2032.3284653847575,2269.7774867731323,-858.3936626774607,985.3322563092056,2715.479498946898,2112.842919404461,967.8162992655075,-194.5102484658053,-2313.2608864705944,823.7936160247576,-985.9787203596295,2757.3447067637535,2971.6748511565597,218.0737198948121,2389.6227360214166,-445.87817969482774,1981.750559723791,-2154.1833782073854,1009.2755101990039,-1852.5636502930017,1478.6271713177982,649.56049334709,34.17655685447492,979.6781726096796,-1262.5132038349702,467.9340437904896,1205.8996721324784,485.4166185353459,130.25325163566262,-402.8758334270914,-1633.3687055274122,976.1813547238455,-2036.7939417165296,-3091.814463994699,1915.8322047445213,-2521.2920736835513,-385.9624330559989,-1057.9990650268587,3989.1009231533135,-1583.587474823877,2284.068527237205,1477.7457337615713,-2193.286316566281,-755.5526041908206,2375.8958527830387,2253.2246191641934,-538.594143934276,1091.524123583638,417.7275169656585,-1619.4473643175877
-901.9102597866859,6682.577733329472,-8517.007011127858,-3170.853147266324,-73.31375195906395,4855.92201542047,-5240.481387912885,5853.258210977325,-2212.722588477344,2539.6699186295423,7001.420659641194,5449.279256528402,2493.9120685092253,-501.76330033879356,-5965.368290503266,2124.911028349593,-2541.5441930101247,7109.8259265910365,7664.034212251216,562.2911697103256,6162.305385000299,-1151.3316893508118,5109.041268671733,-5556.149500608499,2601.370030173261,-4776.945448455474,3813.598152741752,1676.0838935648696,88.2337977032653,2525.1744019731013,-3256.194523235007,1205.8996721324784,3109.6134582713494,1250.66120608427,336.73751395577807,-1037.402485550052,-4211.155118895622,2517.9806836774765,-5251.241726163543,-7973.950075320146,4938.304018414012,-6502.143229107839,-993.9651153879909,-2726.8778487624713,10286.76381281552,-4084.9255079606246,5890.253107758777,3810.777072707135,-5655.129124272825,-1949.180164319516,6127.41838944999,5809.9472803698,-1388.8941785341158,2815.5901711904985,1077.120974048635,-4176.074206502367
-362.6226791824857,2687.1598793634334,-3425.783785660039,-1275.5088976027275,-30.32436746299317,1953.1389622997751,-2107.796039467221,2353.987175170892,-890.3783398608186,1022.0837306493708,2816.41011221956,2191.118820924269,1004.0120113024095,-201.7034646226516,-2399.0876251978107,854.27781118231,-1022.7248320379234,2859.7595363207174,3081.8137230411244,226.17576580043144,2478.2824925234436,-462.1915958090949,2055.4946347586883,-2233.9524684628373,1046.924981296607,-1921.3573176689251,1533.40400834884,673.5030707415566,35.42799982440438,1016.2086117259603,-1309.2839837590852,485.4166185353459,1250.66120608427,503.59980349223866,134.9552297059702,-418.05422675462125,-1694.1108444714173,1012.3009395427414,-2112.544361749707,-3206.3952860663053,1987.2489898406313,-2614.7887409499253,-400.4881996383473,-1097.4728609006345,4137.136097884964,-1642.158305663458,2368.7848166699496,1532.571331579716,-2274.7922162602763,-783.4649926486012,2463.9669451571203,2336.920280612793,-558.5807530261202,1131.9001934369064,433.2406237027128,-1679.5488956246145
-97.7621330179305,724.068654995951,-922.0498355549248,-343.19459510724846,-7.265085129872855,525.7428865762457,-567.3948566437452,633.9628233314188,-239.26158890731622,274.4977943861024,757.7806613774796,590.5301247239743,269.2748697649518,-54.41713644896407,-646.0943876187044,230.38167487606634,-274.79094200494364,769.720974071053,830.4140268074884,60.86908735103748,667.4287613954112,-125.3708914594162,552.7089579984789,-602.2233769473576,281.15754438023504,-517.2050895836101,413.2878374978865,181.98806229400566,9.603187576836433,272.9645519770885,-352.8777584280117,130.25325163566262,336.73751395577807,134.9552297059702,36.85026392676877,-111.68111443928558,-455.68668014872526,273.00115773373386,-568.2208776841009,-864.0261718440614,533.8784049714692,-704.37073487995394,-107.05399175274454,-294.694349955002,1114.0406854590099,-442.9681517907783,638.0345979120128,412.7402204103978,-612.1127197059664,-211.46084217683924,663.8798892214513,628.9878097762411,-150.41900617964825,305.3056742343331,116.61582942198687,-452.2515235828715
300.7225127825605,-2228.672199635422,2841.8119006138604,1058.1362534929037,25.620090478620078,-1620.1696153206378,1748.4538211941442,-1952.5170789731922,738.7977513257104,-848.1657704515403,-2336.4446260936184,-1817.2020444653037,-833.3532170483254,167.24971017872747,1989.9323759255421,-708.4165484544419,848.6331566321388,-2372.2648307607287,-2555.983887995758,-187.62540823695863,-2055.6107682676784,382.8956558613471,-1705.3858747841275,1852.6532533203076,-868.7820881164478,1593.7983340666456,-1271.7111035949397,-558.3278608315171,-29.357938427837677,-843.2667532904736,1085.8487230305343,-402.8758334270914,-1037.402485550052,-418.05422675462125,-111.68111443928558,347.2287393311097,1405.473156697469,-839.4650256584279,1752.6220281615622,2659.2851628434355,-1649.004438242227,2168.7520561378396,332.6002035738265,910.7577506448174,-3431.627845739054,1361.714532304199,-1964.7489104785732,-1271.1931746683094,1887.0982536235938,649.6055999060918,-2043.5806509361464,-1938.5469059869401,463.3206196108882,-938.6101439530773,-359.3865373788506,1393.1389709678424
1221.3167804121817,-9049.434517518202,11534.279726469025,4294.248587702648,99.87511732329554,-6576.167841856903,7096.94135555478,-7926.599380285463,2996.8565390437225,-3439.7844050192875,-9481.939461192536,-7379.246678331901,-3378.041746322962,679.4336578765896,8078.432125422651,-2877.387183367733,3442.2299905392433,-9628.570253551454,-10378.498736501322,-761.491663872751,-8345.122368960148,1558.5605582073745,-6919.343552745428,7523.86092390707,-3523.3478906058763,6469.195868578677,-5164.2392740914975,-2269.39217971172,-119.44782837621669,-3420.1118646739783,4409.426439325119,-1633.3687055274122,-4211.155118895622,-1694.1108444714173,-455.68668014872526,1405.473156697469,5703.207231216056,-3409.653905107343,7111.810840294927,10798.156385428278,-6688.421003468156,8805.223352363597,1346.5795547494506,3693.376281412275,-13930.649707540006,5531.413586643639,-7976.647433100671,-5160.635087839485,7658.634602218195,2639.3169368545855,-8297.676987042423,-7868.189989509113,1880.8751488964401,-3812.6197434786864,-1458.7006753875858,5655.3814821240585
