V1,V2,V3,V4,V5,V6,V7,V8,V9,V10,V11,V12,V13,V14,V15,V16,V17,V18,V19,V20,V21,V22,V23,V24,V25,V26,V27,V28,V29,V30,V31,V32,V33,V34,V35,V36,V37,V38,V39,V40,V41,V42,V43,V44,V45,V46,V47,V48,V49,V50,V51,V52,V53,V54,V55,V56
0.1507613077848951,-0.10707497800566161,0.6565476421581521,-2.863231681928413,1.6668621592600223,0.78007911739358,0.6908601985582458,0.7409458059738157,-0.13734528470035332,1.3004686657788922,-0.7472407860911382,-0.5473258881384613,-1.230477237610664,-0.2115813992901758,-1.2168986823022296,-1.8515229645509712,0.45170538325963006,0.5271932212375768,0.09519033023472948,3.228721279649567,0.6666480118425074,0.152615394797079,1.670249645312331,-0.8218824669319237,-0.06260423380522152,-0.36275675154588544,2.2448966600219817,0.4717341969584566,-1.0608040372156249,-1.1184546459592855,0.2275276806821542,1.7412127602470189,-2.514474847349904,0.25324076732388323,1.9956327632231587,0.6186142226328951,0.7072502993058245,-0.036816337821652896,-0.7714284268169281,1.9294064368749786,-0.4616122950933151,-0.15990586462503226,-1.0801762449839005,-0.6023757424756052,0.7675472473987532,-0.346259535490366,0.7711579127846967,0.19780025226063708,1.0006128887259886,0.8864017079800521,0.3888905856442975,0.662802269469531,-0.03646711390835724,-1.6524650812891455,0.6326483434667681,-1.5948751047374525
-0.10707497800566161,1.1143375027432338,-1.3692727417826946,11.351649098795482,-9.17377703965382,-4.454177253266925,-2.8097521524727136,-1.0595932922709654,0.788102875632454,-4.032881711241751,2.042663311674122,4.154594060609618,4.366775343373651,-0.08752323641128897,4.951893445165986,5.776990853755969,-1.722681474281161,-1.7455262155463847,0.43923348666286033,-13.334842476229744,-2.386462893537829,-1.1971370664787138,-6.817540000817364,3.2552469436434293,-1.023372192078502,1.9442074158769644,-7.393029353538222,-2.7936576472086574,4.967509077275052,6.200452847921117,-0.2810770577893111,-7.3313558635973,8.862403974068423,0.1169063863049012,-6.406817831031484,-1.651603462231765,-3.112171628509475,-2.1214317651376047,1.1911532416458916,-7.468196250825174,0.9701056600488506,-0.4215849584216517,4.552985872758817,1.8845958147806994,-2.9080219266836105,2.146349866226647,-3.6626743162821915,-0.20409842214090831,-3.043818110570241,-2.315331142842224,-1.040746430385986,-1.3204829761396237,0.6758964090237765,7.161080062917206,-1.1482907293024618,4.764720698030512
0.6565476421581521,-1.3692727417826946,3.6514078084957435,-20.607780891603454,14.227319382977685,6.796565478438504,5.033316249921901,3.6985752326182215,-1.2007642858769947,8.382902269601466,-4.5794314231837925,-5.6673952432364985,-8.408679249759611,-0.714659025403713,-8.868738236282896,-11.96801229723181,3.190447896305754,3.4925005730015983,-0.026718437776437728,23.700950758885654,4.574051624323608,1.613071358724754,12.188177578653656,-5.91335931510911,0.6545777081700815,-3.0523012950538564,14.843278321642433,4.199747868031499,-8.298978160091542,-9.585394169391515,1.0956733859228476,12.907788816920672,-17.13851047882647,0.845367584712007,13.052025889778005,3.7514425189636738,5.357632706530694,1.708870958147378,-3.9250504557211787,13.727566143944404,-2.5724944543244814,-0.2310151077632561,-8.006959845080086,-3.8949266827679665,5.4035434991789675,-3.168375463015057,6.076365425562009,0.9209519417843387,6.3994765652334795,5.33428600065095,2.3606375083373394,3.631592882349709,-0.7231313173636241,-12.42523877850445,3.368732912791615,-10.121291214626256
-2.863231681928413,11.351649098795482,-20.607780891603454,138.1835831366261,-103.46357610170453,-49.85662965476364,-33.974422124401265,-18.898668933327848,8.814493878523702,-52.68265708880515,27.813684106557236,44.23465213432979,54.7793630480047,1.8847876266223553,59.86878750686031,75.33311359540726,-21.182438905046155,-22.33908064406598,2.743729598473814,-160.60409316666653,-29.866582818740323,-12.67745698674873,-82.346545771739045,39.63859273569215,-8.386338186097738,22.05419070964358,-94.79883484581062,-31.061039628357207,58.04060865070036,69.82681776298755,-5.399109669013894,-87.89167045674169,111.43630868976722,-2.1496257853880194,-82.79120202269688,-22.64420408536829,-36.89363262534569,-18.58073720467151,20.455559026548023,-91.4810768137901,14.549105455165268,-1.7657276688328642,54.54485740497862,24.538757331064218,-35.81513128429149,23.670428516462234,-42.64756770818452,-4.349612253568597,-40.00822457774736,-32.004135303267695,-14.258840940050291,-20.245251009756558,6.520888471335782,85.2287127275997,-18.3172530726032,62.9748264315002
1.6668621592600223,-9.17377703965382,14.227319382977685,-103.46357610170453,79.97134938453057,38.65981733099725,25.507371791235197,12.318968046836467,-6.837698990229732,38.349688175825385,-19.926416124554752,-35.055722742205205,-40.5189880133095,-0.5094033217275217,-44.95122669795316,-54.87750156899238,15.794386352794561,16.392159731809834,-2.84939979166292,120.77483867803736,22.112705984194907,10.070070477382218,61.85059490303718,-29.675993965048665,7.5210520521436965,-17.0057818211686,69.51215832863288,24.15642884541728,-44.19933458349482,-54.00609236037067,3.4380594140697394,66.22294600931224,-82.35438639635389,0.5178921027247421,60.52283311316915,16.17721132032008,27.92571178848029,16.123490419638006,-13.496969145336294,68.32072843823516,-10.056439027945336,2.350229701282351,-41.106340356291234,-17.88400949075802,26.687192325476687,-18.47489243909064,32.523116468392864,2.688810767088126,29.054301694843307,22.795877623376214,10.189519553085638,13.884770685362325,-5.402477362405472,-64.40802508387884,12.389908895525084,-45.632483068822715
0.78007911739358,-4.454177253266925,6.796565478438504,-49.85662965476364,38.65981733099725,18.695464154977984,12.295137718442284,5.845900395995878,-3.306040299030103,18.426190586138727,-9.557459133318487,-16.986878536554876,-19.50106763831834,-0.20172704377766287,-21.666956444194376,-26.368446321322256,7.608399430176225,7.882942213789706,-1.412075435885158,58.224023691297134,10.643627357557483,4.881096498371909,29.81445846196608,-14.299254584017767,3.6853522099726685,-8.2183719608124,33.42468351852804,11.684418033595586,-21.334929207579293,-26.109485405355606,1.6275739168767158,31.930752547581765,-39.6301834684471,0.19639217399666095,29.09250548498826,7.758016344792181,13.471388727352938,7.877665646261559,-6.414903207646062,32.913507287248734,-4.804921351005937,1.1828382123142676,-19.822008618490283,-8.594491340428274,12.854669564242496,-8.938677303864035,15.70127564228292,1.2673714952625807,13.955964762069557,10.927637141943086,4.886809682241,6.62825697784848,-2.6291516605024094,-31.06525359026823,5.905381295547409,-21.915421207671294
0.6908601985582458,-2.8097521524727136,5.033316249921901,-33.974422124401265,25.507371791235197,12.295137718442284,8.35522933940033,4.595620712558611,-2.173274226332824,12.922718814975186,-6.813382335910323,-10.928688755013232,-13.454595504982992,-0.43872223294972845,-14.722900534977711,-18.479261616866697,5.206619889644892,5.483240613270737,-0.6966436749471651,39.500849928595485,7.336401184565333,3.1329705628241444,20.25155902165671,-9.74510013664143,2.0961655328853017,-5.435634385901928,23.267280313522832,7.661605968046211,-14.290633571560223,-17.21584869127155,1.311049538803574,21.620500335018548,-27.367686414015495,0.4985334316953804,20.314744405066214,5.54614687535076,9.078915239388994,4.62909482853983,-4.97913211412306,22.48692916421533,-3.553888730392533,0.46251979501288565,-13.418311941932382,-6.01996247503055,8.80264244489583,-5.840102949995251,10.501872718943698,1.0536349738718744,9.81154678812546,7.836350810625407,3.4925686865440473,4.94234178832508,-1.6176704622758027,-20.97073329329501,4.466883254306626,-15.441835303724059
0.7409458059738157,-1.0595932922709654,3.6985752326182215,-18.898668933327848,12.318968046836467,5.845900395995878,4.595620712558611,3.9247674724548314,-1.0322435997969521,8.006366106645473,-4.461077691267987,-4.634526064944953,-7.855938396971813,-0.9177974473809319,-8.096966348305141,-11.41973927473623,2.9448340114114373,3.3001347168363133,0.20695648667912592,21.583303594865498,4.267280460472692,1.311175941658803,11.121009819181443,-5.424053897186476,0.2391414720691674,-2.6558590286372916,14.039300297458228,3.5896179319011354,-7.3947181176901084,-8.288822996232598,1.18059876176849,11.7165228819891,-16.032089369941907,1.0928988397291848,12.39636633255396,3.6667031366640352,4.825685506885406,0.9239496512749024,-4.128828127117654,12.640147748256751,-2.6028508419290235,-0.5110804343090327,-7.265448252402563,-3.714254805113104,4.992896609969677,-2.686819946291871,5.400475960574866,1.0096528334584816,6.130983238097493,5.231602143928073,2.3064694570090296,3.701083115347779,-0.5119789763380455,-11.222100806960416,3.4749551788915145,-9.723692440864964
-0.13734528470035332,0.788102875632454,-1.2007642858769947,8.814493878523702,-6.837698990229732,-3.306040299030103,-2.173274226332824,-1.0322435997969521,0.5862109970666735,-3.255786672095157,1.6889516419497168,3.006939716467085,3.447388047669523,0.03422372304678603,3.831343593061998,4.660460066996833,-1.3439859199400233,-1.3932788306447972,0.25017343897115246,-10.296131737045307,-1.8810629768847529,-0.8635823625008738,-5.271473634521661,2.529491776404502,-0.6533418450289219,1.4543857229273673,-5.9074660825340874,-2.0668605815024534,3.7725980460080804,4.617424419102395,-0.2863157467005507,-5.646455064608195,7.0065584830442935,-0.03318137519560842,-5.14243980477043,-1.3705903232579852,-2.382963182422743,-1.3962809189199652,1.1319729617712446,-5.819488031223863,0.8489722248633613,-0.2102062861939204,3.5042484029707714,1.5184578232295467,-2.2713710123394324,1.5819154449139392,-2.7766570866214084,-0.2233271227994764,-2.466574531167145,-1.9311207655259173,-0.8629010814903753,-1.1706619887538023,0.4655073913421773,5.493913814493521,-1.0428413512681962,3.871410035236419
1.3004686657788922,-4.032881711241751,8.382902269601466,-52.68265708880515,38.349688175825385,18.426190586138727,12.922718814975186,8.006366106645473,-3.255786672095157,20.565473345170137,-10.997239191017425,-16.01651637275764,-21.102019102395225,-1.1137579404880316,-22.77004491179004,-29.389122215021093,8.105251303746227,8.663053330365026,-0.6981778100963929,61.00034540610344,11.496154113139951,4.580448249663397,31.309633142256384,-15.112710632088943,2.6535063010196067,-8.191930806612332,36.78478463954427,11.44805807779344,-21.80318534577779,-25.867179433360985,2.3234099097028182,33.32655931131363,-42.95825636452115,1.2976970564865058,32.205956411008195,8.973770801350485,13.933159186126213,6.1153329517711725,-8.595024124072191,34.95343723144121,-5.9131299249367375,0.2230802245220102,-20.679064203679836,-9.56997629033569,13.711813632303905,-8.69464852168976,16.00062460416634,1.9067718155541835,15.647621545984263,12.712252261578541,5.649597054601527,8.275977896863965,-2.258438736405732,-32.23304354115786,7.563348839178404,-24.6751873042381
-0.7472407860911382,2.042663311674122,-4.5794314231837925,27.813684106557236,-19.926416124554752,-9.557459133318487,-6.813382335910323,-4.461077691267987,1.6889516419497168,-10.997239191017425,5.92112436068406,8.209316259631288,11.203886616462961,0.7026746725890919,12.005509231030748,15.71154629121792,-4.286961822551325,-4.615992029492031,0.26710941993466336,-32.138236107134205,-6.1009895673973675,-2.344267462119029,-16.50452794989646,7.979745267112369,-1.2422223050871584,4.262403614668497,-19.60739667062723,-5.929244383810403,11.416314598190272,13.435925824889882,-1.3033755783899423,-17.542458411423656,22.818987302081194,-0.82411524461674035,-17.190246887892272,-4.8362628996758525,-7.317556416445654,-2.946607824771287,4.769670467517429,-18.47594086805932,3.2286369000314417,0.013352584806111971,10.882801864508641,5.1143517529435245,-7.254675281233873,4.4950511880968715,-8.371902678335566,-1.079554085484753,-8.376514562302539,-6.860264891902178,-3.0443022693876105,-4.531851161043679,1.1256985869987108,16.94202987471225,-4.162186604138749,13.22048968361289
-0.5473258881384613,4.154594060609618,-5.6673952432364985,44.23465213432979,-35.055722742205205,-16.986878536554876,-10.928688755013232,-4.634526064944953,3.006939716467085,-16.01651637275764,8.209316259631288,15.658348786716774,17.15137235969392,-0.09495552876711441,19.261963557769644,22.93529101633331,-6.728598872713333,-6.892281671497187,1.4930236917676254,-51.81800211544029,-9.367160929130279,-4.504867053836798,-26.50993767911135,12.688178652229565,-3.6448180226460605,7.442088007547321,-29.210920673704425,-10.639183251207927,19.153574637483196,23.684695131259833,-1.2598787400983782,-28.457859699443734,34.83770902502301,0.15675311446301315,-25.369086204290653,-6.646401615499717,-12.044281223340448,-7.658986483419439,5.141038165804662,-29.149587785709492,4.010147790045547,-1.3605197387380845,17.665368661997988,7.4758906546283805,-11.363215480464955,8.160196854554092,-14.109108913507557,-0.9537953871678275,-12.110731283039037,-9.342604787804236,-4.18707431582845,-5.4959048594121915,2.4891779740646642,27.74344610812003,-4.8391016873258454,18.9826517976073
-1.230477237610664,4.366775343373651,-8.408679249759611,54.7793630480047,-40.5189880133095,-19.50106763831834,-13.454595504982992,-7.855938396971813,3.447388047669523,-21.102019102395225,11.203886616462961,17.15137235969392,21.815616136217606,0.9269909785449083,23.7090696610454,30.16630259778298,-8.410464022990546,-8.923009930295068,0.929084243423989,-63.56490555143471,-11.889635641905567,-4.911063322490061,-32.60717429656205,15.71456177101792,-3.078646510747372,8.644768001099408,-37.87311353818451,-12.134272725739125,22.860861497849946,27.339118021118978,-2.2608200115851513,-34.75896404011674,44.38989741957538,-1.0696704395511674,-33.112564634687814,-9.13277865106177,-14.566294936652419,-6.9267067528043205,8.471363196105534,-36.30098782539837,5.93470844346072,-0.49514933583942383,21.57105952926698,9.8257484249574,-14.224621336370818,9.233164793140663,-16.789463823830737,-1.836161075431547,-16.03890231187936,-12.920140757116325,-5.7500387818768814,-8.279338813010638,2.4825464325563673,33.66860451608369,-7.525249337362532,25.266623786075414
-0.2115813992901758,-0.08752323641128897,-0.714659025403713,1.8847876266223553,-0.5094033217275217,-0.20172704377766287,-0.43872223294972845,-0.9177974473809319,0.03422372304678603,-1.1137579404880316,0.7026746725890919,-0.09495552876711441,0.9269909785449083,0.35173059202794466,0.7716282106577881,1.5770685363192836,-0.31333962722124037,-0.4258293161774379,-0.24955381295004544,-2.0022428173278626,-0.49771078490499787,0.035114351457461446,-1.0543421782670674,0.541129495232784,0.33286864482621326,0.12257055750564419,-1.8230423159193625,-0.09890299887386404,0.5237369411058042,0.3315565916356449,-0.2922085702778404,-1.0478719963865597,1.9085255492784619,-0.42364140903825975,-1.6583795431306985,-0.5906934254508122,-0.39457220798938053,0.5442052824699583,0.9355390066326493,-1.3111645526056372,0.500687868529035,0.3470547634682261,0.6491117643788653,0.512070700562009,-0.5364963886302584,0.05046569089739339,-0.3688246865166616,-0.26320464253768944,-0.8702058929064247,-0.8578973955499557,-0.3708863802698032,-0.7356883359021155,-0.09793233563211134,0.9477825112844096,-0.7278727910952258,1.4075448567759214
-1.2168986823022296,4.951893445165986,-8.868738236282896,59.86878750686031,-44.95122669795316,-21.666956444194376,-14.722900534977711,-8.096966348305141,3.831343593061998,-22.77004491179004,12.005509231030748,19.261963557769644,23.7090696610454,0.7716282106577881,25.945024131509143,32.56216874760351,-9.173795098969574,-9.662119891065263,1.2280735209228004,-69.60973583805158,-12.92733251023808,-5.521416903216925,-35.687277811913,17.17406956015094,-3.6957075881824584,9.579932171168217,-40.99911740514456,-13.502180230945315,25.183252575163642,30.33877744986511,-2.3089177875439515,-38.10023845784301,48.22651683757788,-0.8769549912726841,-35.79702423671586,-9.772323052114688,-15.999928345453538,-8.160875559080036,8.772010264538165,-39.62645258360385,6.262096655289098,-0.8161043879366284,23.645246277154754,10.607192825753483,-15.510528307713273,10.29284064966636,-18.50689302977348,-1.8559079910142549,-17.288794933999874,-13.808237625342935,-6.153490734217199,-8.708102113324568,2.8514029899708153,36.955705859659574,-7.870252396184203,27.207916567948875
-1.8515229645509712,5.776990853755969,-11.96801229723181,75.33311359540726,-54.87750156899238,-26.368446321322256,-18.479261616866697,-11.41973927473623,4.660460066996833,-29.389122215021093,15.71154629121792,22.93529101633331,30.16630259778298,1.5770685363192836,32.56216874760351,42.001071276177235,-11.58771175120296,-12.381859934867384,1.011104679281134,-87.23619226731238,-16.434300262672863,-6.558761633846186,-44.7734452460603,21.611773762981418,-3.814428635092609,11.722888005612276,-52.575654988777785,-16.384906293806225,31.189482990886287,37.015620106174204,-3.3116965583082485,-47.66320928417115,61.41228912924111,-1.8372450209410365,-46.028980186408084,-12.818250984016531,-19.928971662879228,-8.781292394163627,12.260527162906609,-49.97888692658361,8.441937826693689,-0.33583735498848916,29.573019962820418,13.67554193347803,-19.603208758193645,12.446420930778661,-22.889407156880214,-2.7179653164941504,-22.361111889312273,-18.158880688922046,-8.0697575545018,-11.813570363474165,3.2375609826551535,46.10203209645928,-10.793771293926156,35.257871630978194
0.45170538325963006,-1.722681474281161,3.190447896305754,-21.182438905046155,15.794386352794561,7.608399430176225,5.206619889644892,2.9448340114114373,-1.3439859199400233,8.105251303746227,-4.286961822551325,-6.728598872713333,-8.410464022990546,-0.31333962722124037,-9.173795098969574,-11.58771175120296,3.249758243614187,3.433442357866855,-0.3997329896301478,24.60461197340296,4.585264929949537,1.928260676865426,12.618219332432703,-6.075213228107672,1.2526530269479839,-3.367007200113712,14.57110831760726,4.737462694085893,-8.877509308495544,-10.658916341360232,0.8442587152117517,13.46119537692132,-17.1095376956331,0.3588136922048473,12.729765381853309,3.492323175491025,5.6470253558722545,2.789083900051348,-3.183996049436608,14.027588943657648,-2.2522467712930774,0.2434135843890981,-8.354966197836696,-3.7751714958061964,5.494793970915205,-3.607709231305454,6.521953936069126,0.6815084108047312,6.1564459966677445,4.93670517274072,2.1992539158533764,3.137026149337453,-0.9859823545051153,-13.048378899965174,2.8428010887567416,-9.694887025309294
0.5271932212375768,-1.7455262155463847,3.4925005730015983,-22.33908064406598,16.392159731809834,7.882942213789706,5.483240613270737,3.3001347168363133,-1.3932788306447972,8.663053330365026,-4.615992029492031,-6.892281671497187,-8.923009930295068,-0.4258293161774379,-9.662119891065263,-12.381859934867384,3.433442357866855,3.656785786401967,-0.33677331250755616,25.89468695967682,4.861887698961761,1.972369396641226,13.287645949308112,-6.4085339004020705,1.1903525862876914,-3.4992322251627637,15.52243596400635,4.900834668796099,-9.283451936627769,-11.058412249062691,0.9540628055927726,14.152403538384103,-18.15861382566729,0.4940019867935373,13.580814273558774,3.765966120871375,5.924437371793493,2.708184701758189,-3.550847014976242,14.813099092558614,-2.4645511794136437,0.1475399458742258,-8.783159713913713,-4.033084967610112,5.808138892904959,-3.725209824942097,6.815768410690761,0.7783396223628886,6.587969513758763,5.330715245475317,2.370894220741438,3.443633840006338,-0.9853224044915727,-13.698621672921254,3.1388256276387985,-10.38394613070804
0.09519033023472948,0.43923348666286033,-0.026718437776437728,2.743729598473814,-2.84939979166292,-1.412075435885158,-0.6966436749471651,0.20695648667912592,0.25017343897115246,-0.6981778100963929,0.26710941993466336,1.4930236917676254,0.929084243423989,-0.24955381295004544,1.2280735209228004,1.011104679281134,-0.3997329896301478,-0.33677331250755616,0.30764985723926697,-3.3540590886317743,-0.5136138093188275,-0.4352318878242037,-1.6956534618569539,0.7857048365885249,-0.5605142930518502,0.594515959047251,-1.4152757688774502,-0.9028919737355263,1.3885676808051872,1.9339781491186099,0.08506860380583242,-1.877625860175343,1.8693778221882327,0.30462060916547423,-1.177278019936814,-0.20143884381264102,-0.8278491753549485,-1.071386658828362,-0.17250802236350388,-1.7601087750304434,0.022256315017993467,-0.36220382626277975,1.1669945926831977,0.3312893933887667,-0.6695831766176673,0.7095348774487944,-1.0343850051463415,0.09341455701836145,-0.508202897105827,-0.2637964405673605,-0.12796860080258515,0.0032187723616758732,0.2941253899010207,1.8809784308808053,0.05782555226557362,0.7678023567315255
3.228721279649567,-13.334842476229744,23.700950758885654,-160.60409316666653,120.77483867803736,58.224023691297134,39.500849928595485,21.583303594865498,-10.296131737045307,61.00034540610344,-32.138236107134205,-51.81800211544029,-63.56490555143471,-2.0022428173278626,-69.60973583805158,-87.23619226731238,24.60461197340296,25.89468695967682,-3.3540590886317743,186.7751807807045,34.66010080670747,14.855304465609887,95.74975712142317,-46.071160249358734,10.007767900722063,-25.736287512027236,109.8740790398346,36.28858947503225,-67.61231629951222,-81.51659993234048,6.148431283705235,102.2388016481659,-129.29094106590065,2.2705152079782907,95.9191053368267,26.157133295269887,42.94442762795522,22.058895385758635,-23.395155451121518,106.2891041978603,-16.735963418532208,2.266493584807422,-63.45100807222709,-28.418216835416786,41.598967724103616,-27.66799571838415,49.691182229140736,4.93569052194481,46.311048035774945,36.95450901780911,16.470880989383108,23.264706396146707,-7.6884974647918805,-99.18218325298157,21.013239641523906,-72.87355017557284
0.6666480118425074,-2.386462893537829,4.574051624323608,-29.866582818740323,22.112705984194907,10.643627357557483,7.336401184565333,4.267280460472692,-1.8810629768847529,11.496154113139951,-6.1009895673973675,-9.367160929130279,-11.889635641905567,-0.49771078490499787,-12.92733251023808,-16.434300262672863,4.585264929949537,4.861887698961761,-0.5136138093188275,34.66010080670747,6.480368718978377,2.6824790453013008,17.779130985804354,-8.567266404328269,1.6887631439422612,-4.717226661102078,20.636348459512234,6.623516500902633,-12.470585776922714,-14.920437144280951,1.2276144612208684,18.954693005358685,-24.192777644034585,0.5738453927695276,18.040618785046203,4.972348630654141,7.943864995337867,3.7950052111860826,-4.6030167862748606,19.789922024298555,-3.228227803167738,0.27888973310825943,-11.763042040173522,-5.352940418383636,7.754504255835572,-5.040485536459656,9.15879996499493,0.9965367709597178,8.737028508853074,7.033891772392746,3.130824774555758,4.502946089843023,-1.357701861602419,-18.36144589266839,4.091346555633875,-13.763296966497002
0.152615394797079,-1.1971370664787138,1.613071358724754,-12.67745698674873,10.070070477382218,4.881096498371909,3.1329705628241444,1.311175941658803,-0.8635823625008738,4.580448249663397,-2.344267462119029,-4.504867053836798,-4.911063322490061,0.035114351457461446,-5.521416903216925,-6.558761633846186,1.928260676865426,1.972369396641226,-0.4352318878242037,14.855304465609887,2.6824790453013008,1.29651736656046,7.5996327061387605,-3.6357564742055435,1.0559639154800171,-2.137036717864184,8.358519198576264,3.057275717243966,-5.4960474292313,-6.804021642171516,0.3558508265280504,8.159145817552849,-9.97367248551853,-0.054655259951367656,7.2572099967874,1.8981277253363391,3.454418398279427,2.214934459357935,-1.4568734424874148,8.352392361116049,-1.141591582134007,0.3992659594446825,-5.065677835467107,-2.138471639865081,3.2561355262425793,-2.3450336714692037,4.049061328712272,0.2679308485771085,3.462431177057248,2.666847320170972,1.1958916760326725,1.5634171287364174,-0.7182473512328167,-7.956197602638208,1.3746902610238885,-5.42704314973363
1.670249645312331,-6.817540000817364,12.188177578653656,-82.346545771739045,61.85059490303718,29.81445846196608,20.25155902165671,11.121009819181443,-5.271473634521661,31.309633142256384,-16.50452794989646,-26.50993767911135,-32.60717429656205,-1.0543421782670674,-35.687277811913,-44.7734452460603,12.618219332432703,13.287645949308112,-1.6956534618569539,95.74975712142317,17.779130985804354,7.5996327061387605,49.08902616881555,-23.62153242359052,5.094447088695943,-13.18043338288804,56.38055855714997,18.579011793897415,-34.64441467027032,-41.74508617243594,3.1712975066453644,52.40732802937593,-66.32216949255084,1.197500908774439,49.22476704593137,13.436076778048575,22.00987153929378,11.243543564226375,-12.050612982010643,54.50312838456898,-8.606441505905101,1.130929471409357,-32.52631948995953,-14.586376670106233,21.334266745641028,-14.162550733163638,25.460684835071298,2.5470535484849623,23.77163989622165,18.98317115273183,8.46056794066864,11.966960196470252,-3.9270779383969066,-50.83521209645153,10.814098401225339,-37.4108148162042
-0.8218824669319237,3.2552469436434293,-5.91335931510911,39.63859273569215,-29.675993965048665,-14.299254584017767,-9.74510013664143,-5.424053897186476,2.529491776404502,-15.112710632088943,7.979745267112369,12.688178652229565,15.71456177101792,0.541129495232784,17.17406956015094,21.611773762981418,-6.075213228107672,-6.4085339004020705,0.7857048365885249,-46.071160249358734,-8.567266404328269,-3.6357564742055435,-23.62153242359052,11.372132285314871,-2.4047115807326795,6.326647143458812,-27.194967894202204,-8.90909817089867,16.648301584586726,20.02770320834353,-1.548777012123275,-25.21250589709978,31.968503374225534,-0.6175039414135279,-23.751223409853232,-6.496278411154521,-10.583685236640925,-5.328544750144352,5.869858964242768,-26.242793538523646,4.174899208970425,-0.5052526464784928,15.645630161160387,7.039046521629293,-10.272683303117072,6.78994432921531,-12.233082729319221,-1.2483360182722307,-11.477799457021671,-9.18241607149267,-4.090259494118719,-5.809192666391865,1.8701362985921308,24.44855096101887,-5.25625307119963,18.06474487927171
-0.06260423380522152,-1.023372192078502,0.6545777081700815,-8.386338186097738,7.5210520521436965,3.6853522099726685,2.0961655328853017,0.2391414720691674,-0.6533418450289219,2.6535063010196067,-1.2422223050871584,-3.6448180226460605,-3.078646510747372,0.33286864482621326,-3.6957075881824584,-3.814428635092609,1.2526530269479839,1.1903525862876914,-0.5605142930518502,10.007767900722063,1.6887631439422612,1.0559639154800171,5.094447088695943,-2.4047115807326795,1.1251123151782256,-1.5831240747084356,5.025752129489204,2.33126540243955,-3.8903492552239953,-5.092683606842656,0.02782674084429734,5.539953371141904,-6.226371694584822,-0.41085472492424396,4.297761458685574,0.9890136181988304,2.3892231973592146,2.2246091212975134,-0.3396656717113933,5.4657301521511075,-0.4681906830466089,0.6168804650242063,-3.442512706286718,-1.2466757994927222,2.109484041535914,-1.8094656665064477,2.8815500650062593,-0.017830936293125703,1.9810448380220784,1.3640613809011817,0.6240652223504567,0.5972952425594217,-0.6538649559462495,-5.4672532771683136,0.4548746105495084,-3.068049880726024
-0.36275675154588544,1.9442074158769644,-3.0523012950538564,22.05419070964358,-17.0057818211686,-8.2183719608124,-5.435634385901928,-2.6558590286372916,1.4543857229273673,-8.191930806612332,4.262403614668497,7.442088007547321,8.644768001099408,0.12257055750564419,9.579932171168217,11.722888005612276,-3.367007200113712,-3.4992322251627637,0.594515959047251,-25.736287512027236,-4.717226661102078,-2.137036717864184,-13.18043338288804,6.326647143458812,-1.5831240747084356,3.6175704843523664,-14.840332340770017,-5.134829040027857,9.40960910800189,11.483543163953103,-0.7420231524320587,-14.110205281661779,17.573292949060413,-0.12755329612976313,-12.924701464594168,-3.4601619321073236,-5.948056056329489,-3.401806038612318,2.9060006019611437,-14.566159902802452,2.157125847553067,-0.48453823551541436,8.75717372988421,3.819397418789337,-5.689588144830738,3.926826870014711,-6.922978291986261,-0.5826294158479428,-6.208030915966522,-4.877909886911908,-2.1792226068425427,-2.980177713585704,1.142995621661554,13.720252322863892,-2.662385173690452,9.750494770903133
2.2448966600219817,-7.393029353538222,14.843278321642433,-94.79883484581062,69.51215832863288,33.42468351852804,23.267280313522832,14.039300297458228,-5.9074660825340874,36.78478463954427,-19.60739667062723,-29.210920673704425,-37.87311353818451,-1.8230423159193625,-40.99911740514456,-52.575654988777785,14.57110831760726,15.52243596400635,-1.4152757688774502,109.8740790398346,20.636348459512234,8.358519198576264,56.38055855714997,-27.194967894202204,5.025752129489204,-14.840332340770017,65.89749235705128,20.78072576029783,-39.382139800437045,-46.89333792506696,4.059307559642815,60.051801709806014,-77.08212683400924,2.1159786137568903,57.65857722907006,15.992861135312676,25.133811179246212,11.449736189053821,-15.101341424032459,62.86266531476166,-10.473029408870088,0.6075718252720684,-37.26498696043557,-17.122607484135354,24.64784849570347,-15.796134079490066,28.911410747984927,3.3159034570470842,27.975193132854976,22.64162907203681,10.06874192513487,14.636694540057874,-4.169510609884432,-58.12098033417843,13.344119530584413,-44.094759811959804
0.4717341969584566,-2.7936576472086574,4.199747868031499,-31.061039628357207,24.15642884541728,11.684418033595586,7.661605968046211,3.5896179319011354,-2.0668605815024534,11.44805807779344,-5.929244383810403,-10.639183251207927,-12.134272725739125,-0.09890299887386404,-13.502180230945315,-16.384906293806225,4.737462694085893,4.900834668796099,-0.9028919737355263,36.28858947503225,6.623516500902633,3.057275717243966,18.579011793897415,-8.90909817089867,2.33126540243955,-5.134829040027857,20.78072576029783,7.305683003614242,-13.313495878846846,-16.315257197279973,0.9959466891238439,19.90632307527699,-24.66045989560688,0.09024327307119884,18.08227652086771,4.80948734981958,8.401304797455568,4.971837597637014,-3.943500026332808,20.500005901939115,-2.9690251931071665,0.7669020344826925,-12.355752745837588,-5.339389574306229,8.00338486766701,-5.591749990672767,9.798751877828032,0.7740613383455647,8.66923589227141,6.773836207579502,3.029592411108092,4.092507264926151,-1.6523449522357136,-19.37159215535286,3.6406857207348065,-13.608926525780907
-1.0608040372156249,4.967509077275052,-8.298978160091542,58.04060865070036,-44.19933458349482,-21.334929207579293,-14.290633571560223,-7.3947181176901084,3.7725980460080804,-21.80318534577779,11.416314598190272,19.153574637483196,22.860861497849946,0.5237369411058042,25.183252575163642,31.189482990886287,-8.877509308495544,-9.283451936627769,1.3885676808051872,-67.61231629951222,-12.470585776922714,-5.4960474292313,-34.64441467027032,16.648301584586726,-3.8903492552239953,9.40960910800189,-39.382139800437045,-13.313495878846846,24.59891204974958,29.840040437319665,-2.0882887778838266,-37.040470958518725,46.48579489051246,-0.5787361081385416,-34.33902981255519,-9.279581496133742,-15.585395063721403,-8.46015806534095,8.051931135140503,-38.372078574748834,5.862310212204318,-1.046904735864276,22.98859915801775,10.161295133048974,-15.004358806340141,10.16582800760094,-18.088197114041712,-1.6591282699572025,-16.537385241992606,-13.095888284772844,-5.844268945073881,-8.125470918934727,2.892728071724122,35.974454523502104,-7.300445743415522,26.00031841495012
-1.1184546459592855,6.200452847921117,-9.585394169391515,69.82681776298755,-54.00609236037067,-26.109485405355606,-17.21584869127155,-8.288822996232598,4.617424419102395,-25.867179433360985,13.435925824889882,23.684695131259833,27.339118021118978,0.3315565916356449,30.33877744986511,37.015620106174204,-10.658916341360232,-11.058412249062691,1.9339781491186099,-81.51659993234048,-14.920437144280951,-6.804021642171516,-41.74508617243594,20.02770320834353,-5.092683606842656,11.483543163953103,-46.89333792506696,-16.315257197279973,29.840040437319665,36.471987484702744,-2.312338012803474,-44.6989148619895,55.5653037429403,-0.3346996787774885,-40.82618405080342,-10.907225057523211,-18.85065052839619,-10.911421875430127,9.084291303332511,-46.10659446550682,6.7754766694475945,-1.6001951274482729,27.746105858779234,12.063191136411739,-18.009513572134455,12.478671089373657,-21.957648325596715,-1.8070442682466619,-19.596227533184766,-15.368731534053614,-6.870333120954631,-9.35331565284364,3.653136805631087,43.4762844559838,-8.343740437786135,30.77673076964088
0.2275276806821542,-0.2810770577893111,1.0956733859228476,-5.399109669013894,3.4380594140697394,1.6275739168767158,1.311049538803574,1.18059876176849,-0.2863157467005507,2.3234099097028182,-1.3033755783899423,-1.2598787400983782,-2.2608200115851513,-0.2922085702778404,-2.3089177875439515,-3.3116965583082485,0.8442587152117517,0.9540628055927726,0.08506860380583242,6.148431283705235,1.2276144612208684,0.3558508265280504,3.1712975066453644,-1.548777012123275,0.02782674084429734,-0.7420231524320587,4.059307559642815,0.9959466891238439,-2.0882887778838266,-2.312338012803474,0.35767131551469283,3.332799640616636,-4.614138892917849,0.34833332390718885,3.589251756620956,1.0736409849992299,1.3684423879725034,0.19112037560610054,-1.2393501049110798,3.616710108312124,-0.7709435446797777,-0.17974377146219475,-2.0677235443459443,-1.0777350588494228,1.4318004133542102,-0.7421355880016861,1.523649223816821,0.3066632838717545,1.7806504645065615,1.5327947923114702,0.6754867328144786,1.0989887802699285,-0.12953473454485925,-3.185876706849868,1.0360422141822803,-2.8285553767690064
1.7412127602470189,-7.3313558635973,12.907788816920672,-87.89167045674169,66.22294600931224,31.930752547581765,21.620500335018548,11.7165228819891,-5.646455064608195,33.32655931131363,-17.542458411423656,-28.457859699443734,-34.75896404011674,-1.0478719963865597,-38.10023845784301,-47.66320928417115,13.46119537692132,14.152403538384103,-1.877625860175343,102.2388016481659,18.954693005358685,8.159145817552849,52.40732802937593,-25.21250589709978,5.539953371141904,-14.110205281661779,60.051801709806014,19.90632307527699,-37.040470958518725,-44.6989148619895,3.332799640616636,55.974129654692625,-70.7013762996906,1.184944243852206,52.41519702916945,14.271808249907417,23.516216907906266,12.186303216171723,-12.707584531002112,58.15712060403708,-9.114365593439501,1.2944735561851801,-34.736044685895756,-15.525339354600339,22.75689035138653,-15.182157417539752,27.223907735587687,2.6732234243415447,25.29806068848447,20.161577550383402,8.987273731803658,12.664949372105859,-4.233291910920901,-54.309250932113876,11.430138086023009,-39.801535882255855
-2.514474847349904,8.862403974068423,-17.13851047882647,111.43630868976722,-82.35438639635389,-39.6301834684471,-27.367686414015495,-16.032089369941907,7.0065584830442935,-42.95825636452115,22.818987302081194,34.83770902502301,44.38989741957538,1.9085255492784619,48.22651683757788,61.41228912924111,-17.1095376956331,-18.15861382566729,1.8693778221882327,-129.29094106590065,-24.192777644034585,-9.97367248551853,-66.32216949255084,31.968503374225534,-6.226371694584822,17.573292949060413,-77.08212683400924,-24.66045989560688,46.48579489051246,55.5653037429403,-4.614138892917849,-70.7013762996906,90.33605614203395,-2.2042281959402543,-67.39909840704759,-18.595470688482955,-29.622208174247586,-14.029877362573618,17.280972219965687,-73.84914925485194,12.094261286917813,-0.9802309277511299,43.870552658702586,19.999115064894294,-28.93648315702957,18.76544866875336,-34.13698155410746,-3.753693800298424,-32.654026229532015,-26.312918775040174,-11.707921640024953,-16.876422635615164,5.033521580540566,68.47610607934264,-15.343790692042761,51.44002307147109
0.25324076732388323,0.1169063863049012,0.845367584712007,-2.1496257853880194,0.5178921027247421,0.19639217399666095,0.4985334316953804,1.0928988397291848,-0.03318137519560842,1.2976970564865058,-0.82411524461674035,0.15675311446301315,-1.0696704395511674,-0.42364140903825975,-0.8769549912726841,-1.8372450209410365,0.3588136922048473,0.4940019867935373,0.30462060916547423,2.2705152079782907,0.5738453927695276,-0.054655259951367656,1.197500908774439,-0.6175039414135279,-0.41085472492424396,-0.12755329612976313,2.1159786137568903,0.09024327307119884,-0.5787361081385416,-0.3346996787774885,0.34833332390718885,1.184944243852206,-2.2042281959402543,0.5104737119324476,1.9282378715364719,0.6930216856449307,0.4424898305429663,-0.6760985396710711,-1.1126510292923253,1.4998586685406805,-0.5920833066498696,-0.42162196446279,-0.7334346830154513,-0.5961279820478708,0.614824432262375,-0.03890770780308592,0.40577680852733267,0.3145785258712616,1.0152252060303169,1.0077674370057883,0.4350735594936956,0.8710758703854113,0.12480552256580432,-1.0661956055861308,0.8634612125352062,-1.643233329089841
1.9956327632231587,-6.406817831031484,13.052025889778005,-82.79120202269688,60.52283311316915,29.09250548498826,20.314744405066214,12.39636633255396,-5.14243980477043,32.205956411008195,-17.190246887892272,-25.369086204290653,-33.112564634687814,-1.6583795431306985,-35.79702423671586,-46.028980186408084,12.729765381853309,13.580814273558774,-1.177278019936814,95.9191053368267,18.040618785046203,7.2572099967874,49.22476704593137,-23.751223409853232,4.297761458685574,-12.924701464594168,57.65857722907006,18.08227652086771,-34.33902981255519,-40.82618405080342,3.589251756620956,52.41519702916945,-67.39909840704759,1.9282378715364719,50.46367368718922,14.024297486490989,21.928430937171978,9.83698893617235,-13.322450481913192,54.91334265040574,-9.208320738546973,0.4548319223011921,-32.52486923468992,-14.989575235586953,21.534718379379935,-13.740320284820967,25.20578382909057,2.937733286706677,24.49831079010897,19.859894614953205,8.828936885583984,12.87669421470751,-3.6030276936040426,-50.71589039094875,11.751636039793416,-38.62079756442023
0.6186142226328951,-1.651603462231765,3.7514425189636738,-22.64420408536829,16.17721132032008,7.758016344792181,5.54614687535076,3.6667031366640352,-1.3705903232579852,8.973770801350485,-4.8362628996758525,-6.646401615499717,-9.13277865106177,-0.5906934254508122,-9.772323052114688,-12.818250984016531,3.492323175491025,3.765966120871375,-0.20143884381264102,26.157133295269887,4.972348630654141,1.8981277253363391,13.436076778048575,-6.496278411154521,0.9890136181988304,-3.4601619321073236,15.992861135312676,4.80948734981958,-9.279581496133742,-10.907225057523211,1.0736409849992299,14.271808249907417,-18.595470688482955,0.6930216856449307,14.024297486490989,3.9552103071869746,5.952671597266105,2.3567322313825914,-3.9193270220950254,15.046519085408564,-2.6456362307491803,-0.03137053135140023,-8.857271479077347,-4.174857537664278,5.911196261484272,-3.6430645955266456,6.805286018403677,0.8879207924828572,6.835844702224607,5.609043315674007,2.4894456702789,3.71463685285175,-0.9079954649455478,-13.781101777785441,3.4146666280722173,-10.79303524376396
0.7072502993058245,-3.112171628509475,5.357632706530694,-36.89363262534569,27.92571178848029,13.471388727352938,9.078915239388994,4.825685506885406,-2.382963182422743,13.933159186126213,-7.317556416445654,-12.044281223340448,-14.566294936652419,-0.39457220798938053,-15.999928345453538,-19.928971662879228,5.6470253558722545,5.924437371793493,-0.8278491753549485,42.94442762795522,7.943864995337867,3.454418398279427,22.00987153929378,-10.583685236640925,2.3892231973592146,-5.948056056329489,25.133811179246212,8.401304797455568,-15.585395063721403,-18.85065052839619,1.3684423879725034,23.516216907906266,-29.622208174247586,0.4424898305429663,21.928430937171978,5.952671597266105,9.887416052032,5.227922640412727,-5.242637118565504,24.404244672934713,-3.784184171705039,0.5950234315089666,-14.595158167847291,-6.492711345675759,9.546475117029821,-6.410385931222891,11.457877157042383,1.0924741830343554,10.573156879259551,8.404920057816108,3.7483708374546274,5.25222664278973,-1.8040516998961573,-22.82724618013592,4.731327599777533,-16.629790383036212
