V1,V2,V3,V4,V5,V6,V7,V8,V9,V10,V11,V12,V13,V14,V15,V16,V17,V18,V19,V20,V21,V22,V23,V24,V25,V26,V27,V28,V29,V30,V31,V32,V33,V34,V35,V36,V37,V38,V39,V40,V41,V42,V43,V44,V45,V46,V47,V48,V49,V50,V51,V52,V53,V54,V55,V56
4066.480881363834,1453.7023215808538,2057.299973406137,3652.9179181295253,72.824755453681007,-7679.138745822835,-4074.154247374347,-228.4480214311517,5568.268677338377,729.104767132007,3310.31988456569,-2720.472585336895,5919.637742360775,-1486.6940013428923,-2748.9590299261667,411.63781790538644,-4609.213401795565,190.61251112111245,1008.6413506015389,2424.8800408096286,-1677.321751061225,745.5318602593218,-1765.8650543030972,-630.3039533695751,12.825725134355686,-3784.8703995686587,1514.4451506179191,4423.711290282958,-2758.80272352396,2292.474481960904,5286.273759072414,1840.5382441744305,-1314.5844468574867,-3233.0980926322927,3326.9537757027047,4425.013287694361,2361.7206543025686,-937.7637469438317,-6746.662545975271,-5533.24886590354,486.80991953899013,-2544.034821474957,-3134.636144058651,835.9217814098151,-1480.7259633547055,378.6678389733853,2307.5034596740334,-1822.3260835589456,1724.294644894843,2723.1264208092693,3541.103664986745,1477.9691609792728,3870.902673778168,1584.9693526806464,1855.2964183033937,4028.154964762498
1453.7023215808538,519.8161156330539,735.4459394146369,1305.5846018773807,25.998099344837197,-2745.2484418138797,-1456.1698471898667,-81.45778372439531,1990.6024536723323,260.6809187573813,1182.8886695374636,-972.2846679262672,2116.2795363549417,-531.7757276121145,-982.6838483173846,146.79369295882975,-1647.765202372816,68.32479478725968,360.68440620893114,866.7085842719362,-599.7335492652845,266.73380416845094,-631.4034151679136,-225.00232750701656,4.392429028835943,-1352.7497892552344,541.2643668056674,1581.4640255625454,-986.3106845917634,819.4289429184739,1890.0900821442237,658.2351562159279,-470.1862801946711,-1156.0930263325533,1189.2086458434667,1582.114318500531,844.7397060837876,-334.9360845266597,-2411.7497745408295,-1978.1464535646105,174.23322290694693,-909.7615257822695,-1120.5980826916498,298.8473361003649,-529.339696816033,135.11241610806408,825.0095671456673,-651.2085003886946,616.3420645752278,973.2504049603053,1265.876890786665,528.2826353709106,1383.809828665348,566.541612707033,663.4429723137748,1439.9037113131876
2057.299973406137,735.4459394146369,1041.3531852329932,1848.5977772356384,36.958808281408736,-3885.155875777241,-2061.670566206552,-115.65594626997219,2817.6764929533747,369.14397641559214,1674.8807769725418,-1376.8812227888766,2995.6621385695607,-752.6827749498605,-1391.052968010224,208.30395613420148,-2332.0409472076267,96.66057547196638,510.2536015613988,1227.459725286229,-848.6928531898957,377.292566660966,-893.9803754190855,-319.40481339020886,6.1300684566158505,-1915.6245248654034,766.3831514765697,2238.644413872574,-1395.5722131987768,1160.0678507565608,2674.4154315488267,930.9943277551408,-665.3108145207137,-1635.8050177366351,1683.1711333116812,2239.2443723002916,1195.3095343931832,-474.42818582100523,-3413.603921720395,-2799.539314391255,245.7994556885214,-1287.7476473541383,-1586.3647795594727,423.3719910863435,-748.8488384953743,191.8635654623615,1167.0866021363088,-922.0186450898843,872.6087463249927,1378.14411547117,1791.5221264784582,748.1815710538259,1958.6119523637208,801.9972913489197,939.0169033493758,2038.286088481979
3652.9179181295253,1305.5846018773807,1848.5977772356384,3282.457642774639,65.60204021512536,-6898.173272680628,-3660.8080210018416,-205.6919799045052,5002.486432034899,655.152784196086,2974.752196706039,-2444.794278938673,5318.200363428408,-1335.430792578784,-2469.7411815872833,370.5193987602815,-4140.530204439397,171.08464562293673,905.813986672337,2179.2085639511497,-1506.615098733481,669.4151022868078,-1586.5944863095465,-567.3322952337567,11.553240165076017,-3401.2676465128798,1360.8638311122404,3974.300570591823,-2477.9136878316635,2059.7722561051655,4748.009691404793,1652.6605953639278,-1180.6524975204654,-2903.800674214284,2988.841290204068,3975.057666635347,2121.1078215791104,-842.9695426231305,-6061.008965084654,-4970.493515018555,436.42728920602605,-2285.3566511453505,-2816.2985941235715,751.3255514666673,-1329.8654023807103,340.93040113061244,2072.3013664238433,-1637.5407010185809,1549.316102605014,2447.072422205143,3181.0149671370255,1328.2313657142995,3477.4350039158994,1424.024889089116,1666.5954354182654,3619.034030674423
72.824755453681007,25.998099344837197,36.958808281408736,65.60204021512536,1.3403024002808956,-137.54141392438876,-73.12997271342589,-4.159079088995628,99.83948803107076,13.108638590054419,59.43992356666735,-48.89651023641445,106.15780708091386,-26.66398986311221,-49.306032884537565,7.476350327442835,-82.57016199933913,3.408889047064192,18.02759458424694,43.61085256208722,-30.03067210019,13.331380584036573,-31.715760932483143,-11.484391041085908,0.20857192355561815,-68.02881879072429,27.197746497341278,79.33654778500625,-49.34267022183063,41.138466848159176,94.57571011993744,32.84804648116398,-23.529808456193436,-57.837521383788996,59.605482361164135,79.30076166871494,42.28285142397933,-16.86996185698636,-120.91325475516405,-99.10076936166374,8.556828140856366,-45.618052964485685,-56.2407324836043,15.06637388267526,-26.460374691897034,6.908859138349082,41.22642404166137,-32.715920680281975,30.955508942336255,48.92649196683243,63.42438003757403,26.585524437236394,69.37105617510943,28.429935424254552,33.25554375675045,72.23646900003435
-7679.138745822835,-2745.2484418138797,-3885.155875777241,-6898.173272680628,-137.54141392438876,14501.383856981682,7693.609255217308,431.30376081799045,-10515.312476712366,-1376.9458133912456,-6250.971081857756,5137.363991939201,-11178.935214688843,2807.8040744216246,5191.215352312491,-777.1547463120552,8704.113736559832,-360.11040288095086,-1904.7683172188447,-4579.26329505674,3167.5511967106618,-1408.0361370920803,3334.905866752975,1190.2474993935448,-24.01974351863249,7147.43546108567,-2859.8695177314485,-8353.942077839978,5209.704774668142,-4329.137618516454,-9982.763389288612,-3475.757946534524,2482.662957592432,6105.572877058488,-6282.536949656849,-8356.488013491085,-4460.27742589681,1770.7075776352344,12740.450387061053,10449.083410346992,-919.2551872237417,4804.512235112668,5919.602787032261,-1578.706005105603,2796.1280559710563,-715.0205488460474,-4357.455095533921,3441.1714433180027,-3256.2035703757947,-5142.36730899162,-6687.02104346276,-2791.0956425172444,-7309.899559689477,-2993.0639146555063,-3503.7646372585746,-7606.808395756657
-4074.154247374347,-1456.1698471898667,-2061.670566206552,-3660.8080210018416,-73.12997271342589,7693.609255217308,4082.8191522324987,229.3516996283869,-5579.247256166582,-730.6564355198852,-3317.631988181607,2726.563229030968,-5931.359394266946,1489.40021629324,2754.466117600721,-413.1386856366957,4617.970956911133,-190.83962070667727,-1010.3023363897961,-2430.3354327239654,1680.364113145246,-746.6088490246018,1769.486693729445,632.5702168204497,-12.880193261732854,3793.254029367749,-1517.7200183486245,-4432.510404875065,2763.73479330641,-2297.215479201814,-5295.642176503657,-1843.3642474856256,1316.8246193817902,3238.742231609776,-3333.4966329070617,-4433.410506199393,-2365.72373730166,940.1012496438242,6759.86791164692,5543.674571020829,-486.9087665028044,2548.876008792965,3140.971987420373,-837.88186640793,1483.2614331250888,-380.1264107207701,-2311.3568889423937,1826.2900719931638,-1727.9009670398118,-2729.110275623375,-3547.823788670947,-1481.2876041091715,-3878.396923444501,-1588.1925797350016,-1858.766487262603,-4036.2941055036913
-228.4480214311517,-81.45778372439531,-115.65594626997219,-205.6919799045052,-4.159079088995628,431.30376081799045,229.3516996283869,13.15386957999345,-312.8433155235637,-40.941515120739545,-186.72373874337595,153.26106195756876,-332.5102648326548,83.13831525012009,154.51056947394827,-23.665375121973092,258.8926976023833,-10.465908242934185,-56.494886294527,-136.53389554711276,94.06821762625057,-41.57540424579751,99.08345237980816,35.954535470826364,-0.9578492689122432,213.14973755849803,-85.2915279602702,-248.51303804412768,154.8419071283887,-128.96257629755772,-296.48282347344355,-102.97330265305868,73.52275615202214,181.18449571826793,-187.08700026443785,-248.3041708177121,-132.05557470243812,53.12470006972722,379.17278285390535,310.72604418786034,-26.977378675397965,142.55071128771982,176.1419680839463,-46.99448181847359,83.14226987860351,-21.689584107380732,-129.42116588547375,102.74610183601031,-96.99990643614795,-153.37485292209027,-198.95192635497295,-83.19108509701863,-217.45948924044438,-89.14722241102655,-103.97770702678639,-226.48938800943378
5568.268677338377,1990.6024536723323,2817.6764929533747,5002.486432034899,99.83948803107076,-10515.312476712366,-5579.247256166582,-312.8433155235637,7625.367115502659,998.6943244078191,4532.852631245169,-3725.7169096568987,8106.774578587181,-2036.4456806379155,-3764.5151992727383,563.6053613687733,-6311.637161451281,261.3211333373493,1381.1356334771012,3321.1246652127134,-2296.931979767699,1021.0578757318367,-2418.73487100568,-863.5755613956708,17.097427601845418,-5183.471281330387,2073.9320561341447,6058.1425541895105,-3777.5100276381545,3139.378680308912,7238.64887220278,2520.1647603884894,-1800.4191910123636,-4427.352145246692,4555.606205008336,6059.915746809387,3234.6049506916956,-1283.996839723427,-9238.64958815108,-7576.960833528027,666.1086388003234,-3484.4340345197566,-4292.856544715178,1145.1682106129106,-2027.2620052151678,518.7625802654899,3159.3604051788852,-2495.337163607971,2361.3652949332522,3729.2641630999174,4848.884899882896,2024.285420389601,5300.762537451477,2170.447095146958,2540.978656247264,5516.186044178835
729.104767132007,260.6809187573813,369.14397641559214,655.152784196086,13.108638590054419,-1376.9458133912456,-730.6564355198852,-40.941515120739545,998.6943244078191,130.88323914842212,593.456771176714,-487.9898015898328,1061.8285275846251,-266.9310205423062,-493.0346493630352,73.72870418922635,-826.5143686238781,34.34587517451977,180.85918979717619,435.0847510807841,-300.8277877743191,133.79802150173964,-316.9664965393213,-113.19549644046896,2.0579319302850045,-678.953208261031,271.6042264960318,793.4943915132667,-494.58349399331223,411.14644592852477,947.9017988669281,329.99007972602953,-235.89578017356834,-579.8351949322921,596.4769720154453,793.7500590932802,423.83179086304983,-168.05076422506988,-1209.8154565821412,-992.2105170937497,87.0851689592597,-456.57878127706624,-562.2966207435269,150.12834150003633,-265.3458515011235,67.97297944017943,413.5919462650655,-326.70605110947486,309.2784925843219,488.4298150519527,634.9139701163588,265.21402772901996,694.18088320122,284.23342833609576,332.9115676853,722.4004546248641
3310.31988456569,1182.8886695374636,1674.8807769725418,2974.752196706039,59.43992356666735,-6250.971081857756,-3317.631988181607,-186.72373874337595,4532.852631245169,593.456771176714,2696.5754798183707,-2215.569352067625,4818.673707047252,-1209.2689178243863,-2237.95552025265,336.39584802717405,-3752.010279980023,154.54178824720412,820.6819875209229,1974.650538988016,-1365.0221871241952,606.1757060443149,-1437.1405931608704,-514.3612930284037,11.070333478216867,-3082.258152696477,1233.3279071553225,3601.0386121987667,-2245.4497476979195,1866.588419629979,4302.082519834044,1497.2610450428274,-1069.3140731332464,-2630.7889759223585,2708.72583462004,3601.4268993376822,1921.017527262157,-764.4541433853162,-5492.447334199006,-4504.015321574816,395.43589945438896,-2069.98563514686,-2551.802211937569,680.5156087802974,-1205.3206127872688,309.2277793941507,1877.9504210345303,-1484.3578492701236,1403.9610846235,2217.66404105899,2882.6829502461055,1203.4876122381968,3151.07634066371,1290.4892976754813,1509.653783379571,3279.5279006437804
-2720.472585336895,-972.2846679262672,-1376.8812227888766,-2444.794278938673,-48.89651023641445,5137.363991939201,2726.563229030968,153.26106195756876,-3725.7169096568987,-487.9898015898328,-2215.569352067625,1820.9548042117265,-3960.8959886299153,994.634532981865,1839.4073844308937,-276.03592798574584,3083.6528739891114,-127.44428986116047,-674.5595838348495,-1623.1717866787953,1122.0418783775258,-498.5130617420578,1181.747854906791,422.740585706768,-8.536432087609734,2533.352910813822,-1013.5759890285988,-2959.990049733217,1845.3468618930908,-1534.0919647543558,-3535.965258642223,-1230.6996270568284,879.295683040171,2162.5514991788946,-2225.949929461948,-2960.493566992064,-1579.7034103995022,627.8614953714783,4514.000896240786,3701.7580276627477,-324.8388868090307,1702.1325865261513,2097.552345758238,-559.6736228734881,990.3192735667228,-254.04787102848962,-1543.205711951382,1219.616840273577,-1153.9252374369871,-1822.6199995187144,-2369.0351402725473,-989.3320690908508,-2589.8548912579035,-1060.5799432863312,-1241.2498388171286,-2695.3784594698045
5919.637742360775,2116.2795363549417,2995.6621385695607,5318.200363428408,106.15780708091386,-11178.935214688843,-5931.359394266946,-332.5102648326548,8106.774578587181,1061.8285275846251,4818.673707047252,-3960.8959886299153,8618.687448110015,-2165.296239215562,-4002.1530062240845,598.9962972758509,-6709.993354629752,278.0026447821342,1468.3321252245755,3530.850940597718,-2441.977627446447,1085.6174404054834,-2571.6526448772042,-918.0854447360185,17.933440953270992,-5510.687394618571,2204.8059173869738,6440.681554814086,-4015.89166875884,3337.521046946237,7695.619803343187,2679.2955806167424,-1914.246707925346,-4706.95969602271,4843.039111930946,6442.641090363682,3439.1186390389576,-1364.8659927620963,-9821.732049244856,-8055.210813384619,708.0864252805533,-3704.733401205766,-4563.930965888282,1217.6056953196398,-2155.085137639609,551.4678082416324,3358.668449075261,-2652.6932624076535,2510.4234338138963,3964.636928390779,5154.859704655971,2152.1399842970977,5635.359240421421,2307.421471999419,2701.5692303306073,5864.370305765473
-1486.6940013428923,-531.7757276121145,-752.6827749498605,-1335.430792578784,-26.66398986311221,2807.8040744216246,1489.40021629324,83.13831525012009,-2036.4456806379155,-266.9310205423062,-1209.2689178243863,994.634532981865,-2165.296239215562,544.7790856992402,1005.2748530716399,-149.73691153287157,1685.386350224583,-70.34180785608645,-368.9678203860346,-886.8988597453659,613.603559629669,-273.1636289769351,646.5266884432403,230.26412799883036,-3.877663445408593,1383.936411306887,-553.6041841743414,-1618.0717033142046,1008.6466079716927,-838.1879378563171,-1933.401019306158,-673.3411269089722,481.4068483157154,1182.852899846554,-1216.0680569366602,-1618.9008410833467,-864.9692748845561,342.17239304880496,2466.772839679282,2023.3511851516998,-177.9359063125123,931.5026984226055,1146.5717845055192,-306.13867178023185,541.0688106865675,-138.1700456874903,-843.5393946919453,665.7665920323022,-630.5182881212869,-995.5548234207524,-1294.6125302149162,-540.6584558520225,-1415.5157866056518,-579.4671485703019,-679.1584098255032,-1472.8629975179213
-2748.9590299261667,-982.6838483173846,-1391.052968010224,-2469.7411815872833,-49.306032884537565,5191.215352312491,2754.466117600721,154.51056947394827,-3764.5151992727383,-493.0346493630352,-2237.95552025265,1839.4073844308937,-4002.1530062240845,1005.2748530716399,1858.4967876199955,-278.36222933496754,3115.9386726886655,-128.94564723330603,-681.8068760630508,-1639.6489027060459,1133.9180086297738,-504.02786696426926,1194.053633183374,426.45006227955696,-8.504724786965138,2559.1053279689945,-1023.910810710697,-2990.790896136776,1864.8466003001959,-1549.8969381021136,-3573.4749236946845,-1244.057716930338,888.7598362914536,2185.5941808543644,-2249.0491323874876,-2991.6063195235733,-1596.7354351973029,633.9822860306318,4560.985185675218,3740.5797218610014,-328.76245142198945,1720.1068615310119,2119.315981650441,-565.354829770317,1000.8209372475524,-256.192909822968,-1559.6782531995273,1231.9886427153265,-1165.7973017760285,-1841.157782728624,-2393.816419806079,-999.3918124958318,-2616.8920114065804,-1071.5366559605122,-1254.3778143874351,-2723.2744433257294
411.63781790538644,146.79369295882975,208.30395613420148,370.5193987602815,7.476350327442835,-777.1547463120552,-413.1386856366957,-23.665375121973092,563.6053613687733,73.72870418922635,336.39584802717405,-276.03592798574584,598.9962972758509,-149.73691153287157,-278.36222933496754,42.611811134104975,-466.4745476503353,18.81482176249947,101.81220970213525,245.89459050043126,-169.48692278773476,74.93755823912913,-178.43290268696464,-64.67399022107175,1.7930183286050159,-383.9202479736187,153.64325934103877,447.6782544513833,-279.01527030534623,232.32690424065532,534.2274516428229,185.57345141486388,-132.44916027849118,-326.4475824151524,337.0737384517906,447.32777410281375,237.90720559816884,-95.70207670097032,-683.1433712351275,-559.8562028325342,48.701097847133504,-256.7394649010382,-317.3005371009771,84.59912315990042,-149.86917262146054,39.0120512102161,233.2667441578687,-185.11199670330828,174.74013858967132,276.26679492022294,358.48749601728304,149.82266372623744,391.79118071723053,160.6079633946507,187.29591347416974,408.01438327308045
-4609.213401795565,-1647.765202372816,-2332.0409472076267,-4140.530204439397,-82.57016199933913,8704.113736559832,4617.970956911133,258.8926976023833,-6311.637161451281,-826.5143686238781,-3752.010279980023,3083.6528739891114,-6709.993354629752,1685.386350224583,3115.9386726886655,-466.4745476503353,5224.45006170377,-216.1817768085131,-1143.284836075057,-2748.6797016011974,1901.2593496213153,-845.146918916702,2001.777819973985,714.4874519161493,-14.364755394403383,4290.177517190041,-1716.5928515009048,-5014.332854623127,3126.98222155519,-2598.492994597151,-5991.912834721076,-2086.2203472203487,1490.190476196342,3664.742373558456,-3770.9456120994387,-5015.852129103622,-2677.2322992972654,1062.8241179234767,7647.192667780191,6271.831163579401,-551.696471102858,2883.8865639317482,3553.162954984562,-947.6416790080123,1678.2677298482197,-429.21332612299,-2615.4115249293,2065.487304040761,-1954.4890025487714,-3086.6424215472616,-4013.720983795004,-1675.3460602067462,-4387.622077699962,-1796.530567259586,-2103.102158054151,-4565.855101716163
190.61251112111245,68.32479478725968,96.66057547196638,171.08464562293673,3.408889047064192,-360.11040288095086,-190.83962070667727,-10.465908242934185,261.3211333373493,34.34587517451977,154.54178824720412,-127.44428986116047,278.0026447821342,-70.34180785608645,-128.94564723330603,18.81482176249947,-216.1817768085131,9.312233673137543,47.41535492423227,113.75063151020939,-78.83888686180784,35.25796336402566,-83.23601944692794,-29.329854696571452,0.15296807606611315,-177.36495912043605,70.90158299967132,207.72347132276002,-129.39933456259607,107.43916290089004,248.28297692976784,86.60625095131427,-62.069714516524414,-152.07274731757482,155.81919543867775,208.01093739484912,111.54030681017072,-43.54676045137304,-316.3225826656569,-259.5999029946313,22.902810652845456,-120.01008547391203,-147.17691370287653,39.414130857298645,-69.28174285098163,17.526811687219162,108.17786511466477,-85.1092914660689,80.83831328813302,127.54111857709105,165.97670664923916,69.37494980253598,181.59679859221222,74.26778031288106,87.42714057973579,188.87729654593883
1008.6413506015389,360.68440620893114,510.2536015613988,905.813986672337,18.02759458424694,-1904.7683172188447,-1010.3023363897961,-56.494886294527,1381.1356334771012,180.85918979717619,820.6819875209229,-674.5595838348495,1468.3321252245755,-368.9678203860346,-681.8068760630508,101.81220970213525,-1143.284836075057,47.41535492423227,250.271653679206,601.3059576766585,-416.1269997931877,185.08127869193572,-438.075661061157,-156.05363225872958,3.045503433131669,-938.5212643506376,375.52839923217255,1097.2607311482361,-684.3665693148436,568.5298237139025,1311.4636601160796,456.7525321993189,-326.2471512889706,-802.176185282845,825.1160030925123,1097.7330562830264,586.134155719154,-232.3637653490116,-1673.3511729177412,-1372.525445777833,120.94050737939445,-631.2285741082054,-777.4925824916909,207.32846713144306,-367.2933106057447,93.7050966385603,572.4567458845816,-451.80687193346853,427.6219835716035,675.2340763018695,878.3173866633296,366.5115779149705,960.1351378548773,393.0765920218997,460.32452731272156,999.0402428575388
2424.8800408096286,866.7085842719362,1227.459725286229,2179.2085639511497,43.61085256208722,-4579.26329505674,-2430.3354327239654,-136.53389554711276,3321.1246652127134,435.0847510807841,1974.650538988016,-1623.1717866787953,3530.850940597718,-886.8988597453659,-1639.6489027060459,245.89459050043126,-2748.6797016011974,113.75063151020939,601.3059576766585,1446.976903585802,-1000.216716627025,444.50985753183136,-1053.6131122519596,-376.8427912083804,7.404868785975136,-2258.244964036476,903.4582724184933,2638.608358473482,-1644.8082576344298,1367.4581454939012,3151.9032972423875,1097.0326788675186,-783.9504325502942,-1927.751486923898,1984.0157462669742,2639.1245398489527,1408.4499382028034,-559.4981913318371,-4023.610004661036,-3299.6417610913304,289.46278750978723,-1517.5535962776269,-1869.8253060701563,499.0344373505898,-882.6262592696504,226.42551888541192,1375.4710165489753,-1087.0143139684862,1028.6109778918362,1624.6438212912096,2111.630269998686,881.9683005154451,2308.5537075532825,945.3640625254341,1106.6113547524988,2402.5836493547727
-1677.321751061225,-599.7335492652845,-848.6928531898957,-1506.615098733481,-30.03067210019,3167.5511967106618,1680.364113145246,94.06821762625057,-2296.931979767699,-300.8277877743191,-1365.0221871241952,1122.0418783775258,-2441.977627446447,613.603559629669,1133.9180086297738,-169.48692278773476,1901.2593496213153,-78.83888686180784,-416.1269997931877,-1000.216716627025,691.9824126830098,-307.71424786296905,728.6252674311031,259.81875964710946,-5.038828847451657,1561.0892370368604,-624.6049006104976,-1824.8580896849055,1137.9883980850266,-945.5620769732019,-2180.7562955842764,-759.3864667469416,542.4987546007362,1333.882862658379,-1372.1942398816486,-1825.5427303494653,-974.6521064452621,386.5466102483442,2782.8524412091842,2282.458637135449,-200.87648375537532,1049.777363176534,1293.0812037007634,-344.9142907393453,610.7041942669254,-156.0323783509461,-951.8170399725949,751.4671665504881,-711.2243628150408,-1123.1282053417028,-1460.6118818439065,-609.6597851709088,-1596.7296334793632,-653.736764156672,-765.5264401790738,-1661.5193915180655
745.5318602593218,266.73380416845094,377.292566660966,669.4151022868078,13.331380584036573,-1408.0361370920803,-746.6088490246018,-41.57540424579751,1021.0578757318367,133.79802150173964,606.1757060443149,-498.5130617420578,1085.6174404054834,-273.1636289769351,-504.02786696426926,74.93755823912913,-845.146918916702,35.25796336402566,185.08127869193572,444.50985753183136,-307.71424786296905,137.07751773150713,-324.08351794953825,-115.19814501448005,1.9960474920459932,-693.6760850853284,277.51117494677135,811.2460785796796,-505.8447520260235,420.21899570040966,969.6358528938416,337.78356276476035,-241.4303129932728,-593.2130880676915,609.7310582091659,811.7547581200355,433.8147730535889,-171.46818722206388,-1236.8565982665496,-1014.617247374774,89.43558040485175,-467.0145416581026,-574.8333977310926,153.3948296079973,-271.4197702333979,69.10327344611835,423.1453364390489,-333.7515968820565,316.0965381971485,499.0196712021,649.2019678493431,270.9773888479115,709.7693753853953,290.52675997581935,340.5380322301497,738.4196211795479
-1765.8650543030972,-631.4034151679136,-893.9803754190855,-1586.5944863095465,-31.715760932483143,3334.905866752975,1769.486693729445,99.08345237980816,-2418.73487100568,-316.9664965393213,-1437.1405931608704,1181.747854906791,-2571.6526448772042,646.5266884432403,1194.053633183374,-178.43290268696464,2001.777819973985,-83.23601944692794,-438.075661061157,-1053.6131122519596,728.6252674311031,-324.08351794953825,767.6572721035526,273.97243260386097,-4.9469327241876595,1644.187903132403,-657.7438379526923,-1921.763442376931,1197.9393666530136,-995.7083312389979,-2295.9253320614516,-799.3628255676336,571.3891412136569,1404.459504267443,-1444.6305664408949,-1922.452941027513,-1026.5938528377587,406.91231955888173,2930.0751003650007,2403.1239908612874,-211.06394694305547,1105.8601775727072,1361.8013804272884,-363.549760355727,642.6886738665244,-164.50219799807078,-1001.785386613228,791.1710620485392,-748.996032218434,-1182.8177436535777,-1537.7303403457788,-642.2473410960655,-1681.258541271854,-688.3620655511606,-806.3237416512127,-1749.5662776401605
-630.3039533695751,-225.00232750701656,-319.40481339020886,-567.3322952337567,-11.484391041085908,1190.2474993935448,632.5702168204497,35.954535470826364,-863.5755613956708,-113.19549644046896,-514.3612930284037,422.740585706768,-918.0854447360185,230.26412799883036,426.45006227955696,-64.67399022107175,714.4874519161493,-29.329854696571452,-156.05363225872958,-376.8427912083804,259.81875964710946,-115.19814501448005,273.97243260386097,98.93412785306329,-2.0964845602728817,588.0669553132624,-235.21869588774211,-686.1270490009266,427.25788890049915,-355.8083930438834,-818.5986706652748,-284.48761192167683,203.43414191423273,500.5195462507162,-515.9474772272359,-685.8544015701636,-365.48176725671266,146.03080695002058,1046.2304948927683,857.5891047387378,-74.51063620324203,394.25302902247046,486.3139004232331,-129.97408124669968,229.24615793578806,-59.55117142729895,-357.0987609367948,283.09109235919067,-267.6716378637697,-423.0459192871613,-548.9173006375823,-229.67999264563102,-600.1817457617271,-245.93832435632496,-287.47860081464046,-624.9282170105133
12.825725134355686,4.392429028835943,6.1300684566158505,11.553240165076017,0.20857192355561815,-24.01974351863249,-12.880193261732854,-0.9578492689122432,17.097427601845418,2.0579319302850045,11.070333478216867,-8.536432087609734,17.933440953270992,-3.877663445408593,-8.504724786965138,1.7930183286050159,-14.364755394403383,0.15296807606611315,3.045503433131669,7.404868785975136,-5.038828847451657,1.9960474920459932,-4.9469327241876595,-2.0964845602728817,0.5932487549125853,-11.807826192901365,4.822800821554709,13.428277353864665,-8.648923448744867,7.189578521058328,16.153265832168568,5.492312285811987,-3.618246375859473,-9.617137515116763,10.627742407741035,13.207141270551185,6.460028983480728,-3.390548586260644,-21.116596269103344,-17.16623111123215,1.5568383385386344,-7.070252903433069,-9.517174660045203,2.28836617628467,-4.864890638566863,1.3639158512250613,7.332844226542229,-6.058232561419468,5.3654747174478565,8.591364219246552,11.17440125945174,4.457373341855509,11.99103671674851,4.9960494853877,5.276692366435416,12.556167385550072
-3784.8703995686587,-1352.7497892552344,-1915.6245248654034,-3401.2676465128798,-68.02881879072429,7147.43546108567,3793.254029367749,213.14973755849803,-5183.471281330387,-678.953208261031,-3082.258152696477,2533.352910813822,-5510.687394618571,1383.936411306887,2559.1053279689945,-383.9202479736187,4290.177517190041,-177.36495912043605,-938.5212643506376,-2258.244964036476,1561.0892370368604,-693.6760850853284,1644.187903132403,588.0669553132624,-11.807826192901365,3524.504774689078,-1410.1140332259727,-4118.147686252051,2567.334727462589,-2134.303360413921,-4919.511594635032,-1712.2732349497737,1223.4169827951862,3008.7428212840055,-3096.7886143339147,-4118.9105859833935,-2197.9702089033444,873.4091000122182,6280.101961312429,5150.116470352905,-451.960873686603,2368.2216380040436,2918.2668993652323,-778.6860890261379,1377.7782175887762,-353.37517658779984,-2147.0109569449687,1696.7246137200555,-1605.4073914028647,-2535.6835873542186,-3295.930994880449,-1376.427485128399,-3603.168978719047,-1475.5284182096361,-1726.9839002762635,-3749.9230816267454
1514.4451506179191,541.2643668056674,766.3831514765697,1360.8638311122404,27.197746497341278,-2859.8695177314485,-1517.7200183486245,-85.2915279602702,2073.9320561341447,271.6042264960318,1233.3279071553225,-1013.5759890285988,2204.8059173869738,-553.6041841743414,-1023.910810710697,153.64325934103877,-1716.5928515009048,70.90158299967132,375.52839923217255,903.4582724184933,-624.6049006104976,277.51117494677135,-657.7438379526923,-235.21869588774211,4.822800821554709,-1410.1140332259727,564.1984700217562,1647.6571571044199,-1027.298989017511,853.9509171438262,1968.419128737055,685.1455560782164,-489.44956626626924,-1203.8348102661384,1239.134656118739,1647.9567049435018,879.322869558871,-349.50912971305763,-2512.794745149711,-2060.6745458840273,180.93256872819117,-947.4187535275105,-1167.576441844428,311.4705861288922,-551.3527572165331,141.35746783144955,859.1460276884984,-678.9201803767655,642.3216138852941,1014.5238033052144,1318.8018925254567,550.6566381957175,1441.6808057604778,590.380545166093,690.9126001741478,1500.3892348281292
4423.711290282958,1581.4640255625454,2238.644413872574,3974.300570591823,79.33654778500625,-8353.942077839978,-4432.510404875065,-248.51303804412768,6058.1425541895105,793.4943915132667,3601.0386121987667,-2959.990049733217,6440.681554814086,-1618.0717033142046,-2990.790896136776,447.6782544513833,-5014.332854623127,207.72347132276002,1097.2607311482361,2638.608358473482,-1824.8580896849055,811.2460785796796,-1921.763442376931,-686.1270490009266,13.428277353864665,-4118.147686252051,1647.6571571044199,4813.077462676942,-3001.039055679002,2494.124928067324,5750.843382835584,2002.181756924774,-1430.4712325941018,-3517.4383134307354,3619.1906609237217,4814.514736246418,2569.9684388590877,-1019.9984405477938,-7339.733358972502,-6019.597576902064,529.1170155287061,-2768.4823670502997,-3410.5985058896886,909.9079617393718,-1610.4811210242867,412.14613275041773,2509.8966965559184,-1982.3771087453842,1876.0353396001656,2962.783969179595,3852.197956810583,1608.2938878726911,4211.26818904748,1724.3316177982965,2018.8394503481975,4382.424466226913
-2758.80272352396,-986.3106845917634,-1395.5722131987768,-2477.9136878316635,-49.34267022183063,5209.704774668142,2763.73479330641,154.8419071283887,-3777.5100276381545,-494.58349399331223,-2245.4497476979195,1845.3468618930908,-4015.89166875884,1008.6466079716927,1864.8466003001959,-279.01527030534623,3126.98222155519,-129.39933456259607,-684.3665693148436,-1644.8082576344298,1137.9883980850266,-505.8447520260235,1197.9393666530136,427.25788890049915,-8.648923448744867,2567.334727462589,-1027.298989017511,-3001.039055679002,1871.7806906683727,-1555.1294741383035,-3586.595491755718,-1248.9241443164074,891.9443900043718,2193.6247565889544,-2257.0532989202006,-3002.053019009066,-1602.397655584617,636.0164910487161,4576.987650986934,3753.9324157880246,-330.54873850520136,1725.9861612857346,2126.486903436052,-566.9911061809881,1004.6289165262873,-256.6557873227528,-1565.6291240870162,1236.127052740298,-1169.6772583609886,-1847.1614323586973,-2402.357954479776,-1002.5096152915197,-2626.0660793509355,-1075.2025157753226,-1258.7094042982387,-2732.6708545963575
2292.474481960904,819.4289429184739,1160.0678507565608,2059.7722561051655,41.138466848159176,-4329.137618516454,-2297.215479201814,-128.96257629755772,3139.378680308912,411.14644592852477,1866.588419629979,-1534.0919647543558,3337.521046946237,-838.1879378563171,-1549.8969381021136,232.32690424065532,-2598.492994597151,107.43916290089004,568.5298237139025,1367.4581454939012,-945.5620769732019,420.21899570040966,-995.7083312389979,-355.8083930438834,7.189578521058328,-2134.303360413921,853.9509171438262,2494.124928067324,-1555.1294741383035,1292.5778127024385,2979.899545480431,1037.3282566163953,-741.050306613454,-1822.4979961080778,1875.6419835565407,2494.707640982853,1331.3501544135352,-528.8611345725811,-3803.6426479271954,-3119.379471538836,274.0554008187492,-1434.315653630766,-1767.3857334715144,471.4690329975262,-834.622562254328,213.78671803861266,1300.6196306139966,-1027.5363046223536,972.2457957249184,1535.5425922977727,1996.312039648449,833.4764142588161,2182.3284612386115,893.6328495147045,1045.977068952015,2271.109417196703
5286.273759072414,1890.0900821442237,2674.4154315488267,4748.009691404793,94.57571011993744,-9982.763389288612,-5295.642176503657,-296.48282347344355,7238.64887220278,947.9017988669281,4302.082519834044,-3535.965258642223,7695.619803343187,-1933.401019306158,-3573.4749236946845,534.2274516428229,-5991.912834721076,248.28297692976784,1311.4636601160796,3151.9032972423875,-2180.7562955842764,969.6358528938416,-2295.9253320614516,-818.5986706652748,16.153265832168568,-4919.511594635032,1968.419128737055,5750.843382835584,-3586.595491755718,2979.899545480431,6872.82548138047,2393.338325267366,-1709.52485038631,-4203.73307364478,4324.674324246263,5752.981330704319,3071.2749923080873,-1218.3333973579195,-8770.279199947903,-7193.295469632954,633.3458333090383,-3307.9821218932475,-4074.9659867038176,1086.7271741493053,-1924.8739874019911,491.6422535479541,2999.9350034388817,-2368.352444739516,2241.350004537404,3539.4288827111845,4603.272936183832,1921.1375659266046,5032.103612291857,2060.2540073012647,2412.338202061307,5236.272633130293
1840.5382441744305,658.2351562159279,930.9943277551408,1652.6605953639278,32.84804648116398,-3475.757946534524,-1843.3642474856256,-102.97330265305868,2520.1647603884894,329.99007972602953,1497.2610450428274,-1230.6996270568284,2679.2955806167424,-673.3411269089722,-1244.057716930338,185.57345141486388,-2086.2203472203487,86.60625095131427,456.7525321993189,1097.0326788675186,-759.3864667469416,337.78356276476035,-799.3628255676336,-284.48761192167683,5.492312285811987,-1712.2732349497737,685.1455560782164,2002.181756924774,-1248.9241443164074,1037.3282566163953,2393.338325267366,833.6795122074445,-595.4222382896959,-1463.974354950109,1505.6196957961733,2003.1522343630827,1069.710787642913,-423.85228256163595,-3053.401945265359,-2504.586109697038,220.9056946654099,-1151.9271853843431,-1418.662151426784,378.25043976423495,-670.2678656754894,170.79987852662552,1044.721054391352,-824.290394655177,780.2165870655191,1231.9366629254991,1602.7147688422012,668.668168844081,1751.9962387558382,717.2134744281275,840.0329121312121,1822.9289457528462
-1314.5844468574867,-470.1862801946711,-665.3108145207137,-1180.6524975204654,-23.529808456193436,2482.662957592432,1316.8246193817902,73.52275615202214,-1800.4191910123636,-235.89578017356834,-1069.3140731332464,879.295683040171,-1914.246707925346,481.4068483157154,888.7598362914536,-132.44916027849118,1490.190476196342,-62.069714516524414,-326.2471512889706,-783.9504325502942,542.4987546007362,-241.4303129932728,571.3891412136569,203.43414191423273,-3.618246375859473,1223.4169827951862,-489.44956626626924,-1430.4712325941018,891.9443900043718,-741.050306613454,-1709.52485038631,-595.4222382896959,425.5229860587089,1045.8137891956173,-1075.3219636450133,-1431.1928431090025,-764.5254635840846,302.621569084537,2181.066944198871,1789.0232248966681,-157.51904970405516,823.3133150511613,1013.610035751219,-270.4854450136574,478.54981396751896,-122.09583990700048,-746.0056273800263,588.7053683927163,-557.4179842954389,-880.1362381678375,-1144.7322378177141,-477.8752346618258,-1251.5275091617007,-512.3337794247046,-600.3216243688107,-1302.216818085398
-3233.0980926322927,-1156.0930263325533,-1635.8050177366351,-2903.800674214284,-57.837521383788996,6105.572877058488,3238.742231609776,181.18449571826793,-4427.352145246692,-579.8351949322921,-2630.7889759223585,2162.5514991788946,-4706.95969602271,1182.852899846554,2185.5941808543644,-326.4475824151524,3664.742373558456,-152.07274731757482,-802.176185282845,-1927.751486923898,1333.882862658379,-593.2130880676915,1404.459504267443,500.5195462507162,-9.617137515116763,3008.7428212840055,-1203.8348102661384,-3517.4383134307354,2193.6247565889544,-1822.4979961080778,-4203.73307364478,-1463.974354950109,1045.8137891956173,2571.325742427852,-2644.906696924324,-3518.881486560806,-1878.8887729881048,744.8916561797399,5363.966551617863,4399.574604574139,-387.41503373394255,2023.613378235288,2492.395857398091,-664.774530185899,1177.1868013635863,-300.551972964484,-1834.782568449159,1448.3034821213912,-1370.8182067743041,-2164.654031905132,-2815.367022419152,-1175.0216927314384,-3077.733166062734,-1260.0382403350982,-1475.6608215488684,-3202.5490428280327
3326.9537757027047,1189.2086458434667,1683.1711333116812,2988.841290204068,59.605482361164135,-6282.536949656849,-3333.4966329070617,-187.08700026443785,4555.606205008336,596.4769720154453,2708.72583462004,-2225.949929461948,4843.039111930946,-1216.0680569366602,-2249.0491323874876,337.0737384517906,-3770.9456120994387,155.81919543867775,825.1160030925123,1984.0157462669742,-1372.1942398816486,609.7310582091659,-1444.6305664408949,-515.9474772272359,10.627742407741035,-3096.7886143339147,1239.134656118739,3619.1906609237217,-2257.0532989202006,1875.6419835565407,4324.674324246263,1505.6196957961733,-1075.3219636450133,-2644.906696924324,2722.0577211921914,3620.098637684202,1931.8288694468595,-767.4770389465244,-5519.810303426763,-4526.916724620756,398.1156740535029,-2081.159595113986,-2564.566852471011,683.8908187334578,-1211.4278013717355,310.0207779394224,1887.7640585785664,-1491.117795996274,1410.763602651923,2228.091132063759,2897.1296074994502,1209.238034740269,3166.9312810557785,1296.7757801363298,1517.7340021544094,3295.7115247785655
4425.013287694361,1582.114318500531,2239.2443723002916,3975.057666635347,79.30076166871494,-8356.488013491085,-4433.410506199393,-248.3041708177121,6059.915746809387,793.7500590932802,3601.4268993376822,-2960.493566992064,6442.641090363682,-1618.9008410833467,-2991.6063195235733,447.32777410281375,-5015.852129103622,208.01093739484912,1097.7330562830264,2639.1245398489527,-1825.5427303494653,811.7547581200355,-1922.452941027513,-685.8544015701636,13.207141270551185,-4118.9105859833935,1647.9567049435018,4814.514736246418,-3002.053019009066,2494.707640982853,5752.981330704319,2003.1522343630827,-1431.1928431090025,-3518.881486560806,3620.098637684202,4816.202627941248,2571.2899005125987,-1019.9038389755439,-7341.767010834659,-6021.48688814633,529.5947821939044,-2769.649350848069,-3411.5758004594604,910.1567264949405,-1610.984601975847,411.90254475932494,2510.8154280519034,-1982.629994199061,1876.4740009308873,2963.314791521552,3853.315058199449,1608.632334547546,4212.515993615842,1724.7470209402254,2019.6674971187954,4383.555164215126
2361.7206543025686,844.7397060837876,1195.3095343931832,2121.1078215791104,42.28285142397933,-4460.27742589681,-2365.72373730166,-132.05557470243812,3234.6049506916956,423.83179086304983,1921.017527262157,-1579.7034103995022,3439.1186390389576,-864.9692748845561,-1596.7354351973029,237.90720559816884,-2677.2322992972654,111.54030681017072,586.134155719154,1408.4499382028034,-974.6521064452621,433.8147730535889,-1026.5938528377587,-365.48176725671266,6.460028983480728,-2197.9702089033444,879.322869558871,2569.9684388590877,-1602.397655584617,1331.3501544135352,3071.2749923080873,1069.710787642913,-764.5254635840846,-1878.8887729881048,1931.8288694468595,2571.2899005125987,1373.629892586518,-543.6299386901642,-3918.406372618324,-3214.091406161165,282.9699302790738,-1479.2054734025544,-1821.0493255291992,485.98587414137904,-859.725100118962,219.3378880261107,1340.2280136823535,-1057.6169161883809,1001.4519500264861,1581.2201571505118,2056.575380580495,858.5635973957395,2248.458863682087,920.440692203405,1078.5671543728265,2339.497129811233
