V1,V2,V3,V4,V5,V6,V7,V8,V9,V10,V11,V12,V13,V14,V15,V16,V17,V18,V19,V20,V21,V22,V23,V24,V25,V26,V27,V28,V29,V30,V31,V32,V33,V34,V35,V36,V37,V38,V39,V40,V41,V42,V43,V44,V45,V46,V47,V48,V49,V50,V51,V52,V53,V54,V55,V56
2053.0425700461037,733.9199502477155,1038.495179295025,1844.1080072264235,36.74047825099397,-3876.920252496482,-2056.7640348435552,-115.32876299071621,2811.0481932860453,368.0114400064017,1671.3017175834998,-1373.3234905008399,2988.3443992383663,-750.3758647171289,-1387.7789044379329,207.8610588913726,-2326.99712537219,96.11297271180565,509.2295938730647,1224.0554389711672,-846.7724714433069,376.36765552875283,-891.306729616946,-318.097610021219,6.641550136052398,-1910.655045638884,764.5505438919604,2233.174403461107,-1392.83918508109,1157.332179133359,2668.799045352868,929.2196119218629,-663.5748374677353,-1632.1728597888284,1679.6547578273078,2233.829005741036,1192.1542472713713,-473.4855473294124,-3406.055255915596,-2793.4786330238026,245.8928116189785,-1284.1101253923061,-1582.4158188222586,421.8773986335349,-747.6719468832157,191.11654421452653,1165.0769029726814,-920.0523995078373,870.4779727460449,1374.7016743913416,1787.79274241624,746.0526200124438,1954.2088748902881,800.1707103270611,936.5202523513512,2033.55463017518
733.9199502477155,262.50105398461034,371.23473782108954,658.9647778458595,13.10576212267101,-1386.0091529186818,-734.963162133945,-41.020063725169074,1004.9247604968931,131.59648254261776,596.9792612716841,-490.69427021284,1068.3555907306463,-268.54237930509424,-496.08710295221016,73.96591171958781,-831.9005356100586,34.5157673543335,182.14630098755572,437.44014155848896,-302.81229063547374,134.7840139247378,-318.7441012699618,-113.41001330075116,2.209013783058605,-682.7614380652127,273.1929074018448,798.3580474433237,-497.9612538337391,413.6377137183551,954.3286878724493,332.41252420526513,-237.44096575248273,-583.7363283238772,600.2931782204935,798.77096086562506,426.62229248636964,-168.9725153936346,-1217.5042788929265,-998.6888052149496,88.08718859252177,-459.3130379825063,-565.6957877192524,150.83178335330703,-267.2881371944015,68.07554485515837,416.5992718003775,-328.6719816640145,311.123634838757,491.2152354554612,639.0902459338655,266.64156076115864,698.6085787725334,285.99025481494573,334.9759214300762,726.837099396363
1038.495179295025,371.23473782108954,525.8408704802958,933.3364590971056,18.698107507556735,-1961.2205917063231,-1040.8761798266069,-58.417286734046876,1422.5233220737462,186.43187110893652,845.5248233341243,-695.2257398862803,1512.4375930730746,-380.11330586511446,-702.2911257315853,105.18341400732146,-1177.2344931965802,48.857987456668674,257.551770186387,619.8405853593325,-428.43811258244637,190.48623653222933,-451.464408256621,-161.4245589489136,2.9847238370394247,-967.264840443927,386.93331933162517,1130.239805233851,-704.4041667404393,585.6815370177277,1349.98620269786,469.87955360409455,-335.9085499430737,-825.7539706460072,849.6443676730906,1130.5142814481817,603.516299023245,-239.49727882106401,-1723.258643780656,-1413.219524084582,123.89915082725368,-650.2476771678587,-800.9431462511311,213.86932343221608,-377.9155999799179,96.96015809685058,589.0151246655691,-465.45904713666346,440.57294718562844,695.8374733136247,904.3415855107677,377.82967308027054,988.7648099497657,404.8858346796747,474.1247192357179,1029.0255799305571
1844.1080072264235,658.9647778458595,933.3364590971056,1657.4504740944337,33.173750875755935,-3482.3690256430186,-1848.4467290495015,-104.05437241335777,2525.4921408451346,330.75831309036676,1502.2500240375064,-1234.5430497037794,2684.8511834208375,-673.9766515522119,-1246.885585739795,187.4033209151756,-2090.258203035966,86.23613526377248,457.1708575903456,1100.400933232118,-760.4946848331177,337.75516758763774,-800.9473511916086,-286.8128088262754,5.948596495171513,-1717.4857692361506,687.1647955299568,2006.4134313040352,-1250.821555971912,1039.9783638333224,2396.628972033018,834.0244263356901,-595.8436574194865,-1465.6563504294809,1508.9821613853069,2006.6078493307787,1070.45028135502,-425.8433999654497,-3059.9269293175444,-2509.2016438561755,220.03347566200782,-1153.5524960370756,-1421.8358971691607,379.3628584756971,-671.3025040001943,172.41086909197455,1045.9945262192368,-826.9291361348223,782.2554216860957,1235.6618770370214,1605.8910725413982,670.6831586024393,1755.5448799942924,718.9750410726508,841.228968445356,1827.166766272996
36.74047825099397,13.10576212267101,18.698107507556735,33.173750875755935,0.6954143497498667,-69.40990747860431,-36.95151371462382,-2.1207667443198654,50.42437830128697,6.639716103454409,30.050653500946822,-24.738504833190348,53.61609368566383,-13.478188627522638,-24.914664244823054,3.8158472573429445,-41.67229823022793,1.7095487473856952,9.0815103794956,22.087018230333808,-15.146674149743019,6.739372490828353,-16.039189504937976,-5.879687172880403,0.10397423733511924,-34.434473734179676,13.755112546866533,40.072055579193965,-24.849112963571574,20.794245721326728,47.66006266535206,16.510736359857837,-11.865665585171367,-29.138322481383263,30.0626331738949,40.03146378153295,21.33980964849346,-8.539109334839685,-61.03005912018478,-49.99297866529414,4.240488278591148,-23.030337324167327,-28.421070415651062,7.645732518288868,-13.32810272226608,3.538649572567093,20.756743241051243,-16.541279366319777,15.65572933698345,24.753352016761177,32.003027359860724,13.469238294227834,35.018644112704095,14.364280264653742,16.790993487906057,36.47263188903248
-3876.920252496482,-1386.0091529186818,-1961.2205917063231,-3482.3690256430186,-69.40990747860431,7321.227665037517,3883.8739653348402,217.66871383329726,-5308.516712682185,-695.056696090486,-3155.8111147477143,2593.3537881582224,-5643.385828421792,1417.3351530373682,2620.751054166357,-392.3444178041029,4394.337895880303,-181.617540596751,-961.672923557154,-2311.6092947891093,1599.1164063650124,-710.9646011935256,1683.3508781468656,600.6716325121156,-12.38127454119011,3608.1426537636025,-1443.7552018679426,-4217.261903201925,2630.13429098564,-2185.520668792535,-5039.814968291196,-1754.7589570228317,1253.2709534966607,3082.2934569190284,-3171.681945650834,-4218.59074809768,-2251.6637013614436,893.9482470434906,6431.937988602406,5275.21245209912,-464.2834149334475,2425.189145869431,2988.3548639406818,-796.815812923072,1411.8308919243375,-360.8397822777012,-2200.07651899411,1737.308347462765,-1643.8541719317645,-2595.9740031326673,-3376.037237715857,-1408.9422184617918,-3690.3672748094145,-1511.0380297808595,-1768.7159132506422,-3840.1138397299146
-2056.7640348435552,-734.963162133945,-1040.8761798266069,-1848.4467290495015,-36.95151371462382,3883.8739653348402,2061.5545394359115,116.02832875602479,-2816.62996391693,-368.84683475464493,-1675.3628725572908,1376.8032604359826,-2994.3936991960973,751.6471230653472,1390.5815917931936,-208.9177785859591,2331.2627304823,-96.24759542479522,-509.9148598705747,-1227.1293915195704,848.2105437698904,-376.61032376672244,893.2674322388118,319.7208354671673,-6.585735541720411,1915.3118611033294,-766.3399294501459,-2237.733322810342,1395.209225612679,-1159.8212333900321,-2673.1686169833256,-930.3719579122776,664.5840596760204,1634.820899626823,-1683.0737892843028,-2237.988044680118,-1193.8656898871945,474.8990987378842,3412.7778859510718,2798.599254903119,-245.57153905426716,1286.6189739959182,1585.7161249260807,-423.0299007191693,748.7331419093572,-192.19596200121526,-1166.6912631149282,922.2049071482548,-872.3733955418021,-1378.0238279391274,-1791.0618371039725,-747.9057091980189,-1957.9605475052306,-801.8387020516557,-938.232982340843,-2037.8721043661494
-115.32876299071621,-41.020063725169074,-58.417286734046876,-104.05437241335777,-2.1207667443198654,217.66871383329726,116.02832875602479,6.796511596042347,-157.93978683645855,-20.651201680923645,-94.60661505854571,77.5746992615143,-167.8533660734204,41.783061190805434,78.02121431355245,-12.185564476825643,130.66897964599286,-5.197542582333815,-28.44288444443263,-69.04948712336862,47.42012148449075,-20.80152728009101,49.97143693221904,18.386866459019718,-0.5681609806996755,107.81777559839362,-43.14934221463079,-125.46449598178937,78.14817181763122,-65.17323180710908,-149.49280769028283,-51.828556001158454,36.97335707634509,91.30759781449089,-94.5745625845307,-125.22845381326957,-66.36371965661753,27.023823018625254,191.5131271496675,156.83004892863406,-13.473380527066702,71.82629468156169,88.93634396116857,-23.732185547176314,41.9463528683432,-11.1363524998578,-65.24484341811912,52.02911889639083,-49.01313560669023,-77.59962936351589,-100.44287019077666,-42.05395694443817,-109.78215211245919,-45.04697259319272,-52.38175078267145,-114.45718382126427
2811.0481932860453,1004.9247604968931,1422.5233220737462,2525.4921408451346,50.42437830128697,-5308.516712682185,-2816.62996391693,-157.93978683645855,3849.6132405695253,504.2124923862145,2288.3653540867276,-1880.9288963801291,4092.6526344664917,-1028.1313678203703,-1900.5029808856912,284.5477740636813,-3186.3501040426668,131.92482687174655,697.2373979097761,1676.7099144738522,-1159.5737491318678,515.5105920154537,-1221.1189273661632,-436.0397672854309,8.614599867683909,-2616.908253055552,1047.0208265967165,3058.4150920487104,-1906.9582628209405,1584.9055159556385,3654.2699339777655,1272.207079403385,-908.9281703724563,-2235.0475016890705,2299.7917857465754,3059.300685202151,1632.9951719840935,-648.2093488281934,-4664.003627087337,-3825.1042267044313,336.1944595256836,-1759.103939657564,-2167.239143192243,578.1779753292104,-1023.4044034438863,261.93056183300814,1594.9082768000244,-1259.7520839854828,1192.1404438359189,1882.7236714276698,2447.884655249544,1021.9944300440374,2676.0297720715193,1095.7362024602821,1282.8073522951656,2784.776860754884
368.0114400064017,131.59648254261776,186.43187110893652,330.75831309036676,6.639716103454409,-695.056696090486,-368.84683475464493,-20.651201680923645,504.2124923862145,66.12690146505876,299.5117129145255,-246.38762857695275,536.1239238765942,-134.88328841117524,-248.9227548709872,37.18356521527434,-417.22047522254536,17.39297344557193,91.2948408189494,219.73136546407954,-151.87506796320935,67.6041174454234,-160.12120565851313,-57.20593391795714,0.953774936742491,-342.83435551037735,137.11813573166197,400.63882286439406,-249.59883214446344,207.57103644770226,478.4706455492433,166.54435347344807,-119.14221464998607,-292.7135654013809,301.0367495252105,400.7793145230116,214.08665319512355,-84.78476637457429,-610.700119333492,-500.8511479269308,43.8733966586319,-230.61615377005293,-283.92099806149935,75.87542005597993,-133.88049504821478,34.3372708831488,208.70663066048306,-164.8923277473438,156.15760518319587,246.60317375158272,320.47345214234383,133.95519513547987,350.437892675511,143.48745331809394,168.13678149109572,364.6784876623843
1671.3017175834998,596.9792612716841,845.5248233341243,1502.2500240375064,30.050653500946822,-3155.8111147477143,-1675.3628725572908,-94.60661505854571,2288.3653540867276,299.5117129145255,1362.2491261570278,-1118.892857297995,2432.5109717473297,-609.923501052725,-1129.8811661502184,170.43560340560379,-1894.1974516128287,77.67056695731272,414.16317012395604,997.0853230475159,-688.9485265119304,305.66636727206736,-725.2436189937741,-260.13645803830997,5.980729553714805,-1556.4933910518798,622.8540302745497,1817.8705380639171,-1133.553817760147,942.5089940578262,2171.454042635393,755.4968125150598,-539.418666695386,-1327.6680638243286,1367.768816928347,1817.7666554888592,969.0183042908459,-386.45668054352916,-2773.06237673324,-2273.7691952336722,199.38152620769495,-1044.4395402807509,-1288.229899183901,343.46283939801407,-608.5816503207354,156.49929851538553,947.9977694309263,-749.8148739493103,708.8937241007977,1119.9398644550874,1455.4137726075753,607.6492621941017,1590.816803876678,651.6144014213178,761.7755195836213,1655.8468003384794
-1373.3234905008399,-490.69427021284,-695.2257398862803,-1234.5430497037794,-24.738504833190348,2593.3537881582224,1376.8032604359826,77.5746992615143,-1880.9288963801291,-246.38762857695275,-1118.892857297995,919.6118894713327,-1999.6794531380388,502.00069535042735,928.6510095100596,-139.65039683024776,1556.6653371108607,-64.27750706514249,-340.42200411153283,-819.7042815542751,566.3590728111578,-251.46322660386255,596.6368885557348,213.8166722321742,-4.334526097679307,1279.313870401292,-511.8233724436998,-1494.383828624836,931.4796747442647,-774.5741765085904,-1784.7617714770024,-621.0331641196489,443.7571487558476,1091.5030413674274,-1123.8311678066116,-1494.4652668835222,-797.1966595342036,317.2005155990478,2278.908162418366,1868.680600463517,-163.686057196437,859.2371366332918,1059.001371779322,-282.64896696508924,499.8288019575313,-128.54217169660316,-778.8398815729117,615.8896133796002,-582.6317015481773,-920.3977781597129,-1195.9258079714195,-499.6027376279762,-1307.447414368176,-535.4763416441268,-626.5519512654872,-1360.8802275373866
2988.3443992383663,1068.3555907306463,1512.4375930730746,2684.8511834208375,53.61609368566383,-5643.385828421792,-2994.3936991960973,-167.8533660734204,4092.6526344664917,536.1239238765942,2432.5109717473297,-1999.6794531380388,4351.174636330972,-1093.307604337814,-2020.4491049494193,302.3313920144454,-3387.3878809284683,140.4656109850665,741.2490211669059,1782.6253309558008,-1232.8168477901468,548.0864198669024,-1298.4462337995533,-463.5756189686686,8.883654934149545,-2782.096290152608,1113.0678787573509,3251.5976757544527,-2027.290881335262,1684.9075954816894,3884.9813898904977,1352.5777577223816,-966.4756415904978,-2376.2880895180324,2444.8669278325615,3252.5995072264104,1736.3609021091538,-688.9577228818729,-4958.31520527093,-4066.512379478561,357.34616324256444,-1870.5204533617577,-2304.123511218727,614.8236771527814,-1087.8317990137741,278.43970584650856,1695.4361771290824,-1339.104026977942,1267.3730098763854,2001.5331699981455,2602.272234341636,1086.5674864338346,2844.9267402349487,1164.8602007532916,1363.9724010000557,2960.570939529887
-750.3758647171289,-268.54237930509424,-380.11330586511446,-673.9766515522119,-13.478188627522638,1417.3351530373682,751.6471230653472,41.783061190805434,-1028.1313678203703,-134.88328841117524,-609.923501052725,502.00069535042735,-1093.307604337814,275.4931905893171,507.50466470361954,-75.25278803386263,850.7785367355024,-35.753014576062256,-186.32198172750338,-447.78561090017655,309.85787897545157,-138.17163932520572,326.6892181089101,116.1311847417738,-1.6451485924554454,698.5804519933469,-279.38261312018534,-816.98318078737,509.0742177524201,-423.0821516884958,-976.1293124975058,-340.02018661490655,243.30797696491732,597.3375985838587,-613.6313985682862,-817.560308522998,-437.23225450228193,172.4092725234211,1245.1020540335571,1021.3918287484388,-89.79457167519374,470.70509556964834,578.9285666012014,-154.72897475622145,272.9916766043492,-69.60928949029731,-425.7361068362333,335.83198972658647,-318.29422638031406,-502.4627308737095,-653.4266205060435,-273.0164540687724,-714.576381584843,-292.4756614616402,-343.14317297133687,-743.4271893079081
-1387.7789044379329,-496.08710295221016,-702.2911257315853,-1246.885585739795,-24.914664244823054,2620.751054166357,1390.5815917931936,78.02121431355245,-1900.5029808856912,-248.9227548709872,-1129.8811661502184,928.6510095100596,-2020.4491049494193,507.50466470361954,938.2805521420561,-140.58895442077215,1573.0573286078961,-65.050125254691,-344.1860927859497,-827.8328559956784,572.4282632160434,-254.49138063733915,602.8072863771254,215.37329882696898,-4.333595685659953,1292.0429558481883,-516.9427456049953,-1509.875486217011,941.3688176157895,-782.4872625641173,-1803.9259597712996,-627.9529416627834,448.65031106908305,1103.2786636301937,-1135.365964118728,-1510.262581974975,-806.0787274566902,320.0941794773054,2302.5561489671186,1888.3547763742718,-165.89007906047314,868.326145181044,1069.9407347082306,-285.4420658543821,505.2487911023611,-129.38807357835458,-787.3485911378768,622.0039080536901,-588.5810553374919,-929.5503486027535,-1208.4963037107048,-504.5847998818238,-1321.1134307064299,-540.9754535074882,-633.2436991763507,-1374.8049518948412
207.8610588913726,73.96591171958781,105.18341400732146,187.4033209151756,3.8158472573429445,-392.3444178041029,-208.9177785859591,-12.185564476825643,284.5477740636813,37.18356521527434,170.43560340560379,-139.65039683024776,302.3313920144454,-75.25278803386263,-140.58895442077215,21.931506310416232,-235.49850762263324,9.279202781676116,51.284447577725196,124.32710947471432,-85.44562332143828,37.59955583657959,-89.93375439948787,-33.01883198651175,1.139127846207694,-194.17690659721288,77.72498201762096,225.979252978639,-140.78928163546368,117.42133379857252,269.37347209623283,93.3893253680216,-66.59616699376572,-164.4723874858558,170.34065780784937,225.59198039017906,119.59834767786465,-48.66808951593175,-345.033251640646,-282.58415063948155,24.35945002237154,-129.26696869718324,-160.19755874247085,42.68981025889166,-75.68104744405187,19.987246164158684,117.6655645751859,-93.75496786447563,88.3109080220886,139.75315774840817,181.0350937285264,75.72778014574942,197.80612213067624,81.16828820866188,94.33445589156176,206.12855525722804
-2326.99712537219,-831.9005356100586,-1177.2344931965802,-2090.258203035966,-41.67229823022793,4394.337895880303,2331.2627304823,130.66897964599286,-3186.3501040426668,-417.22047522254536,-1894.1974516128287,1556.6653371108607,-3387.3878809284683,850.7785367355024,1573.0573286078961,-235.49850762263324,2637.5785941004974,-109.05665697553555,-577.2060955786022,-1387.5592978760928,959.8357914873126,-426.7197890255685,1010.4682971655385,360.6071869039366,-7.365795911952514,2165.7765420051333,-866.594866967054,-2531.371224007877,1578.6568946870384,-1311.8218741769376,-3025.009365489645,-1053.2335353554854,752.2725814056457,1850.089001665944,-1903.7287112557524,-2532.1572801233615,-1351.5428372144145,536.5676791273175,3860.630840901254,3166.314499539588,-278.61134405639814,1455.757231482607,1793.73398625047,-478.32671942961866,847.3607491963476,-216.62589789917888,-1320.4796651452823,1042.770970621461,-986.6998803986996,-1558.2158077042752,-2026.3582599309593,-845.7296808217117,-2215.0632134101493,-906.9693947430641,-1061.6734541988858,-2304.9790872883705
96.11297271180565,34.5157673543335,48.857987456668674,86.23613526377248,1.7095487473856952,-181.617540596751,-96.24759542479522,-5.197542582333815,131.92482687174655,17.39297344557193,77.67056695731272,-64.27750706514249,140.4656109850665,-35.753014576062256,-65.050125254691,9.279202781676116,-109.05665697553555,4.904255691591759,23.961767561052575,57.408787717081594,-39.856303837327246,17.84271762109959,-42.208997863536446,-14.714294698399172,-0.1681662942080181,-89.42619206412202,35.71943292499974,104.94509804302744,-65.33879939018479,54.16660551950319,125.46079520094939,43.85471831922856,-31.50907332585958,-76.97043454549748,78.58124589664708,105.17654877085364,56.59055868589752,-21.792212736904258,-159.58932301367201,-131.03820437713793,11.587023705762963,-60.91817992651636,-74.33578321187193,19.988387828186212,-34.85241153649179,8.75924358030238,54.5393760347476,-42.77583534376806,40.7593968101656,64.28475681331086,83.68281683142652,35.02394824371032,91.64895337259199,37.43628986603777,44.30651882121025,95.33200159942854
509.2295938730647,182.14630098755572,257.551770186387,457.1708575903456,9.0815103794956,-961.672923557154,-509.9148598705747,-28.44288444443263,697.2373979097761,91.2948408189494,414.16317012395604,-340.42200411153283,741.2490211669059,-186.32198172750338,-344.1860927859497,51.284447577725196,-577.2060955786022,23.961767561052575,126.39428820002966,303.46489068968754,-210.11187565501805,93.51701364664329,-221.1431627434567,-78.63000959116863,1.5259787169887293,-473.6606219792758,189.5321263235634,553.9173163096806,-345.5397825496316,286.97713225463696,662.2030505157113,230.68912181413373,-164.7594000554121,-405.06032878014594,416.5157094211911,554.221365105611,296.0210685878775,-117.21696435906965,-844.7470023906699,-692.9455974305123,61.169348414455584,-318.6970373087529,-392.4821441721668,104.63054263978987,-185.46915590481785,47.19644623260094,289.0847874717842,-228.02021011644703,215.8488447580039,340.783997891664,443.42947130408334,184.97440914354013,484.71857026074343,198.41904967535356,232.42212054072803,504.29795167046615
1224.0554389711672,437.44014155848896,619.8405853593325,1100.400933232118,22.087018230333808,-2311.6092947891093,-1227.1293915195704,-69.04948712336862,1676.7099144738522,219.73136546407954,997.0853230475159,-819.7042815542751,1782.6253309558008,-447.78561090017655,-827.8328559956784,124.32710947471432,-1387.5592978760928,57.408787717081594,303.46489068968754,730.7872625891232,-504.88441787771734,224.3594277163174,-532.0367235453442,-190.61242012495066,3.6972206620439083,-1140.4294485774137,456.2061611804991,1332.1687250357604,-830.1482636749342,690.4455979885817,1590.859834515927,553.5430608344444,-395.7088538457401,-972.9817575340427,1001.5467100588527,1332.3160006575504,710.9598833537929,-282.57207234204003,-2031.2492434946516,-1665.639019000093,145.7966996742297,-766.1597108630045,-944.0764626565415,252.09954373774386,-445.42869579677443,114.54571742020902,694.132028035857,-548.8708660083973,519.3850421623977,820.4169600914903,1065.9459757541729,445.44457633285657,1165.4310599698838,477.300875530015,558.6692226516083,1212.9861145065631
-846.7724714433069,-302.81229063547374,-428.43811258244637,-760.4946848331177,-15.146674149743019,1599.1164063650124,848.2105437698904,47.42012148449075,-1159.5737491318678,-151.87506796320935,-688.9485265119304,566.3590728111578,-1232.8168477901468,309.85787897545157,572.4282632160434,-85.44562332143828,959.8357914873126,-39.856303837327246,-210.11187565501805,-504.88441787771734,349.3743747186551,-155.4126405497463,367.8687781678391,131.05235440066195,-2.4880496441013946,787.9876093549443,-315.2784899647924,-921.2610411735781,574.5280113351272,-477.3178103834049,-1101.032422431979,-383.45738869191996,273.9471428042209,673.4913612680888,-692.6940716096431,-921.6680318805676,-492.180019242255,195.0460255696302,1404.8543937298343,1152.296578030003,-101.4863063537251,530.0533663839752,652.7892907260468,-174.12231756787642,308.3119775427293,-78.6826021232317,-480.55411765009757,379.2875499625932,-359.025180271149,-566.9137346011262,-737.3655684680062,-307.74713134332126,-806.0896745389709,-330.0083079386029,-386.52374318382624,-838.7565489655443
376.36765552875283,134.7840139247378,190.48623653222933,337.75516758763774,6.739372490828353,-710.9646011935256,-376.61032376672244,-20.80152728009101,515.5105920154537,67.6041174454234,305.66636727206736,-251.46322660386255,548.0864198669024,-138.17163932520572,-254.49138063733915,37.59955583657959,-426.7197890255685,17.84271762109959,93.51701364664329,224.3594277163174,-155.4126405497463,69.52743405565916,-163.6840397017832,-57.969174344505305,0.9552527399350278,-350.0769972148695,140.02563535956864,409.55306979284666,-255.26874464523755,212.11222293865796,489.59107692949993,170.58390965984415,-122.03374904412084,-299.5440923886831,307.56943131816627,409.9511464278331,219.4038829464375,-86.33658518578976,-624.2708340045353,-512.2076049836197,45.21641314644229,-235.87697795880547,-290.22534665050017,77.47808573347683,-137.05195449306646,34.7122769571697,213.6839089835405,-168.3479467838691,159.58481908513468,251.79029998020926,327.7422849613897,136.8100501962755,358.3248924795732,146.64646131330406,172.0456295390899,372.6023057376764
-891.306729616946,-318.7441012699618,-451.464408256621,-800.9473511916086,-16.039189504937976,1683.3508781468656,893.2674322388118,49.97143693221904,-1221.1189273661632,-160.12120565851313,-725.2436189937741,596.6368885557348,-1298.4462337995533,326.6892181089101,602.8072863771254,-89.93375439948787,1010.4682971655385,-42.208997863536446,-221.1431627434567,-532.0367235453442,367.8687781678391,-163.6840397017832,387.80175386953687,138.38556468323443,-2.2375463944766874,830.1213493846055,-332.02730543711806,-970.3053812158679,604.6476224135314,-502.6509292310267,-1159.0168863206068,-403.5354738974532,288.617227184489,709.1060964267585,-729.1527777943535,-970.7002843174141,-518.5554832353899,205.2658704144465,1479.0818203632182,1213.0944182474182,-106.41224853159044,558.6318769005022,687.5886929352279,-183.7131605348112,324.2625416759747,-83.05753624106262,-505.5473323796252,399.26526555716555,-378.1297174577005,-597.1345445968243,-776.1588634500954,-324.3353029605238,-848.7309296420261,-347.478719643608,-407.24989646819733,-883.2335837908072
-318.097610021219,-113.41001330075116,-161.4245589489136,-286.8128088262754,-5.879687172880403,600.6716325121156,319.7208354671673,18.386866459019718,-436.0397672854309,-57.20593391795714,-260.13645803830997,213.8166722321742,-463.5756189686686,116.1311847417738,215.37329882696898,-33.01883198651175,360.6071869039366,-14.714294698399172,-78.63000959116863,-190.61242012495066,131.05235440066195,-57.969174344505305,138.38556468323443,50.47037010797339,-1.0986429048242352,297.3963834168272,-118.91766540561115,-346.4715396183882,215.47928677092946,-179.7728531923514,-412.7958788441937,-143.2330558858477,102.52705835367901,252.3417186216706,-260.51306804169394,-346.12587849622327,-184.18967264624544,73.99461842957452,528.2289868889875,432.77960012928514,-37.193595973570375,198.94646560628905,245.62454799960494,-65.7715959489074,115.57500755555829,-30.42964853571082,-179.97091753236336,143.14268025708006,-135.26143744841323,-213.91983423355103,-277.0428916302612,-116.17151441693841,-302.98083383882175,-124.23558906220102,-145.0447742732417,-315.6396885162894
6.641550136052398,2.209013783058605,2.9847238370394247,5.948596495171513,0.10397423733511924,-12.38127454119011,-6.585735541720411,-0.5681609806996755,8.614599867683909,0.953774936742491,5.980729553714805,-4.334526097679307,8.883654934149545,-1.6451485924554454,-4.333595685659953,1.139127846207694,-7.365795911952514,-0.1681662942080181,1.5259787169887293,3.6972206620439083,-2.4880496441013946,0.9552527399350278,-2.2375463944766874,-1.0986429048242352,0.6091831044875159,-6.023797478823724,2.5054872384435187,6.663371201027009,-4.399496132460547,3.698383942787051,8.082089476067635,2.6694927361923018,-1.6228630173158458,-4.658889247197507,5.486562667794489,6.466265403594236,2.9243486254896607,-1.928198469526362,-10.795952854567977,-8.720417443891813,0.825212463738607,-3.152354821843398,-4.736543393358339,1.008120038613737,-2.6392505187325535,0.7518052675289487,3.844420738941246,-3.2733273349043457,2.749009447226303,4.417450615983072,5.792793960311969,2.2079572578639675,6.091600636306683,2.5829110660398245,2.450959899478296,6.35509407939
-1910.655045638884,-682.7614380652127,-967.264840443927,-1717.4857692361506,-34.434473734179676,3608.1426537636025,1915.3118611033294,107.81777559839362,-2616.908253055552,-342.83435551037735,-1556.4933910518798,1279.313870401292,-2782.096290152608,698.5804519933469,1292.0429558481883,-194.17690659721288,2165.7765420051333,-89.42619206412202,-473.6606219792758,-1140.4294485774137,787.9876093549443,-350.0769972148695,830.1213493846055,297.3963834168272,-6.023797478823724,1779.8401458617923,-712.0520785616354,-2079.0860787695065,1295.8331179915026,-1077.6377954786176,-2483.0761945454396,-864.0101143379893,617.4600845238158,1518.5622209174546,-1563.3712977527828,-2079.275953075146,-1109.3493054053338,441.1862421667423,3170.471837951332,2599.8058252476562,-227.73493332040607,1195.4612136730798,1473.3791174823752,-393.2736487863561,695.4147505881401,-178.75098858626438,-1083.5987207750652,856.8017793637941,-810.6194967221055,-1280.4618509180264,-1663.8544912522204,-695.1098584071214,-1819.011257118767,-744.9863880842917,-871.7691622230793,-1893.2237873374067
764.5505438919604,273.1929074018448,386.93331933162517,687.1647955299568,13.755112546866533,-1443.7552018679426,-766.3399294501459,-43.14934221463079,1047.0208265967165,137.11813573166197,622.8540302745497,-511.8233724436998,1113.0678787573509,-279.38261312018534,-516.9427456049953,77.72498201762096,-866.594866967054,35.71943292499974,189.5321263235634,456.2061611804991,-315.2784899647924,140.02563535956864,-332.02730543711806,-118.91766540561115,2.5054872384435187,-712.0520785616354,284.8959150221501,831.8072941914173,-518.5630325061592,431.16613187606896,993.578973081086,345.75048912274497,-246.9996235145373,-607.6021168185753,625.6039002608701,831.8763643201409,443.7492175223868,-176.57358210918784,-1268.6006096274605,-1040.269405444433,91.21954737797655,-478.1879851222742,-589.4601649427723,157.26199941740123,-278.3301339920049,71.4890914989092,433.66293382151594,-342.85709260893447,324.3161789219072,512.2955566331666,665.7894180973353,278.05180836743835,727.8196377831244,298.08168259065826,348.7317122348124,757.5079940052112
2233.174403461107,798.3580474433237,1130.239805233851,2006.4134313040352,40.072055579193965,-4217.261903201925,-2237.733322810342,-125.46449598178937,3058.4150920487104,400.63882286439406,1817.8705380639171,-1494.383828624836,3251.5976757544527,-816.98318078737,-1509.875486217011,225.979252978639,-2531.371224007877,104.94509804302744,553.9173163096806,1332.1687250357604,-921.2610411735781,409.55306979284666,-970.3053812158679,-346.4715396183882,6.663371201027009,-2079.0860787695065,831.8072941914173,2429.8961989136055,-1514.9724017717938,1259.1364634548618,2903.181588695598,1010.737378051709,-722.2100927633542,-1775.7461143309329,1827.0522217478976,2430.6190669042926,1297.5116796195503,-514.8945080303475,-3705.3331106821547,-3038.870103444826,267.01348693118877,-1397.790072025514,-1721.8589102856054,459.4529332098999,-812.9294486055292,208.11181602783952,1266.9749912544219,-1000.738028117683,947.1107783118982,1495.7672239602039,1944.6657544314526,811.9971082778552,2125.9961106519195,870.5018999880795,1019.2634519579419,2212.4337627731215
-1392.83918508109,-497.9612538337391,-704.4041667404393,-1250.821555971912,-24.849112963571574,2630.13429098564,1395.209225612679,78.14817181763122,-1906.9582628209405,-249.59883214446344,-1133.553817760147,931.4796747442647,-2027.290881335262,509.0742177524201,941.3688176157895,-140.78928163546368,1578.6568946870384,-65.33879939018479,-345.5397825496316,-830.1482636749342,574.5280113351272,-255.26874464523755,604.6476224135314,215.47928677092946,-4.399496132460547,1295.8331179915026,-518.5630325061592,-1514.9724017717938,945.1649814682164,-785.019221145583,-1810.9030355599177,-630.7163503487955,450.28622708301333,1107.593409411541,-1139.5992165555297,-1515.51988547191,-808.8689126731794,321.0767343831533,2310.718363209268,1895.2547442263522,-167.11303825134448,871.2968560903537,1073.4345710330315,-286.09812813485945,507.2758040718659,-129.45014689790904,-790.5627365013233,624.0090898621003,-590.4109186879489,-932.3849896052989,-1212.8647932547256,-505.94996515031426,-1325.750554055869,-542.7747241452871,-635.3987232685058,-1379.5839435262471
1157.332179133359,413.6377137183551,585.6815370177277,1039.9783638333224,20.794245721326728,-2185.520668792535,-1159.8212333900321,-65.17323180710908,1584.9055159556385,207.57103644770226,942.5089940578262,-774.5741765085904,1684.9075954816894,-423.0821516884958,-782.4872625641173,117.42133379857252,-1311.8218741769376,54.16660551950319,286.97713225463696,690.4455979885817,-477.3178103834049,212.11222293865796,-502.6509292310267,-179.7728531923514,3.698383942787051,-1077.6377954786176,431.16613187606896,1259.1364634548618,-785.019221145583,652.5996367739133,1504.222717237957,523.5513664457055,-374.03391802398033,-919.9326535429378,946.906915489882,1259.365387490956,671.9969405470094,-267.0912031458393,-1920.2545641879112,-1574.7443016106724,138.24004655025675,-724.00029033454,-892.2702391531194,238.0384076742465,-421.3422554746904,108.03292794035691,656.5464018892005,-518.8371111439005,490.87672354264475,775.3105256897037,1007.8253519721283,420.8316721993903,1101.7289932692706,451.1735401693766,527.9958536602455,1146.5744911054428
2668.799045352868,954.3286878724493,1349.98620269786,2396.628972033018,47.66006266535206,-5039.814968291196,-2673.1686169833256,-149.49280769028283,3654.2699339777655,478.4706455492433,2171.454042635393,-1784.7617714770024,3884.9813898904977,-976.1293124975058,-1803.9259597712996,269.37347209623283,-3025.009365489645,125.46079520094939,662.2030505157113,1590.859834515927,-1101.032422431979,489.59107692949993,-1159.0168863206068,-412.7958788441937,8.082089476067635,-2483.0761945454396,993.578973081086,2903.181588695598,-1810.9030355599177,1504.222717237957,3470.1223319080304,1208.6362263371998,-863.1905197684425,-2122.559435104429,2183.29141481586,2904.4340377381964,1550.7357999099809,-614.8341550107831,-4427.560543520954,-3631.6197886967298,320.1315190095963,-1670.1174570367107,-2057.090122517968,548.4769419109749,-971.8698109022619,247.88486096460335,1514.7462711726994,-1195.4256394604809,1131.3819502740912,1786.5264149704835,2323.960622970992,969.6488541847704,2540.4105032732423,1040.0200315613715,1217.91867458111,2643.386398396891
929.2196119218629,332.41252420526513,469.87955360409455,834.0244263356901,16.510736359857837,-1754.7589570228317,-930.3719579122776,-51.828556001158454,1272.207079403385,166.54435347344807,755.4968125150598,-621.0331641196489,1352.5777577223816,-340.02018661490655,-627.9529416627834,93.3893253680216,-1053.2335353554854,43.85471831922856,230.68912181413373,553.5430608344444,-383.45738869191996,170.58390965984415,-403.5354738974532,-143.2330558858477,2.6694927361923018,-864.0101143379893,345.75048912274497,1010.737378051709,-630.7163503487955,523.5513664457055,1208.6362263371998,421.21037886534054,-300.744431516168,-739.3912258790768,760.1137987526428,1011.3775010117432,540.2570204152104,-213.7662341555125,-1541.4474919895501,-1264.5420523603311,111.84423685085821,-581.6918953816554,-716.1096516782093,190.85225210025033,-338.44857447579943,85.96115720585695,527.6121528992926,-415.9323765901842,393.76006730021624,621.659402503885,809.1315002004884,337.3925956819314,884.4763240480252,362.00459945221877,424.1688425908283,920.2181002459123
-663.5748374677353,-237.44096575248273,-335.9085499430737,-595.8436574194865,-11.865665585171367,1253.2709534966607,664.5840596760204,36.97335707634509,-908.9281703724563,-119.14221464998607,-539.418666695386,443.7571487558476,-966.4756415904978,243.30797696491732,448.65031106908305,-66.59616699376572,752.2725814056457,-31.50907332585958,-164.7594000554121,-395.7088538457401,273.9471428042209,-122.03374904412084,288.617227184489,102.52705835367901,-1.6228630173158458,617.4600845238158,-246.9996235145373,-722.2100927633542,450.28622708301333,-374.03391802398033,-863.1905197684425,-300.744431516168,215.01335212582904,528.1676714269643,-542.722629401425,-722.7017731751293,-386.32496480325767,152.53626621339677,1100.9625267371387,903.1672719338171,-79.59873335530926,415.9319483947936,511.73457160941257,-136.61742772481395,241.52109999646402,-61.4852651037525,-376.60546917184104,296.9940051830626,-281.35877987181453,-444.17693372144737,-577.8306760123074,-241.2342286362276,-631.802177910642,-258.58980014393904,-303.24096967518625,-657.3249794471044
-1632.1728597888284,-583.7363283238772,-825.7539706460072,-1465.6563504294809,-29.138322481383263,3082.2934569190284,1634.820899626823,91.30759781449089,-2235.0475016890705,-292.7135654013809,-1327.6680638243286,1091.5030413674274,-2376.2880895180324,597.3375985838587,1103.2786636301937,-164.4723874858558,1850.089001665944,-76.97043454549748,-405.06032878014594,-972.9817575340427,673.4913612680888,-299.5440923886831,709.1060964267585,252.3417186216706,-4.658889247197507,1518.5622209174546,-607.6021168185753,-1775.7461143309329,1107.593409411541,-919.9326535429378,-2122.559435104429,-739.3912258790768,528.1676714269643,1298.4444554552251,-1335.2251885916307,-1776.631266351287,-948.8451761618858,375.79661669600137,2707.86841086097,2221.1673410695453,-195.83979927039388,1021.8762580935185,1258.210446845689,-335.5692344437616,594.2852433448084,-151.48485921367444,-926.3848821680293,730.9148949950585,-691.9243922465436,-1092.5463928658855,-1421.269732474616,-593.0627622347706,-1553.7470995373685,-636.034040774057,-745.1201307067724,-1616.7096846378493
1679.6547578273078,600.2931782204935,849.6443676730906,1508.9821613853069,30.0626331738949,-3171.681945650834,-1683.0737892843028,-94.5745625845307,2299.7917857465754,301.0367495252105,1367.768816928347,-1123.8311678066116,2444.8669278325615,-613.6313985682862,-1135.365964118728,170.34065780784937,-1903.7287112557524,78.58124589664708,416.5157094211911,1001.5467100588527,-692.6940716096431,307.56943131816627,-729.1527777943535,-260.51306804169394,5.486562667794489,-1563.3712977527828,625.6039002608701,1827.0522217478976,-1139.5992165555297,946.906915489882,2183.29141481586,760.1137987526428,-542.722629401425,-1335.2251885916307,1374.4367660902435,1827.4177738015467,974.9088751540836,-387.6400571076299,-2786.7656026592063,-2285.4315056218056,201.04360608218485,-1050.4630721213894,-1294.6239167751971,345.14271365707185,-611.6420732834913,156.58653859199228,953.0784338388883,-752.9013072386774,712.1821027631461,1124.8786762855193,1462.645398114708,610.3960801190583,1598.801235930657,654.6815655851617,766.0635485010133,1663.9267323378979
2233.829005741036,798.77096086562506,1130.5142814481817,2006.6078493307787,40.03146378153295,-4218.59074809768,-2237.988044680118,-125.22845381326957,3059.300685202151,400.7793145230116,1817.7666554888592,-1494.4652668835222,3252.5995072264104,-817.560308522998,-1510.262581974975,225.59198039017906,-2532.1572801233615,105.17654877085364,554.221365105611,1332.3160006575504,-921.6680318805676,409.9511464278331,-970.7002843174141,-346.12587849622327,6.466265403594236,-2079.275953075146,831.8763643201409,2430.6190669042926,-1515.51988547191,1259.365387490956,2904.4340377381964,1011.3775010117432,-722.7017731751293,-1776.631266351287,1827.4177738015467,2431.581129640436,1298.4333259518278,-514.6694313641622,-3706.2856645024335,-3039.860942708123,267.389321783375,-1398.5135783176795,-1722.3372999177461,459.5694385373083,-813.2014422806963,207.82623741993314,1267.5170841995268,-1000.7223393977617,947.2865301327136,1495.8825941952837,1945.2211965982806,812.1123959643156,2126.6243308263743,870.6722492480943,1019.7789930510138,2212.9142303069934
1192.1542472713713,426.62229248636964,603.516299023245,1070.45028135502,21.33980964849346,-2251.6637013614436,-1193.8656898871945,-66.36371965661753,1632.9951719840935,214.08665319512355,969.0183042908459,-797.1966595342036,1736.3609021091538,-437.23225450228193,-806.0787274566902,119.59834767786465,-1351.5428372144145,56.59055868589752,296.0210685878775,710.9598833537929,-492.180019242255,219.4038829464375,-518.5554832353899,-184.18967264624544,2.9243486254896607,-1109.3493054053338,443.7492175223868,1297.5116796195503,-808.8689126731794,671.9969405470094,1550.7357999099809,540.2570204152104,-386.32496480325767,-948.8451761618858,974.9088751540836,1298.4333259518278,694.2113703254622,-273.9784558760521,-1977.8967757378573,-1622.5734482962391,142.96627083167547,-747.2593854835509,-919.4016199036993,245.4833495817107,-433.9170257798362,110.43374672080319,676.5930580012441,-533.5510033804479,505.51680043960135,797.9909477201162,1038.1178229425436,433.44042177153966,1135.084456074937,464.5832779435294,544.8351950675102,1180.8512843020476
