V1,V2,V3,V4,V5,V6,V7,V8,V9,V10,V11,V12,V13,V14,V15,V16,V17,V18,V19,V20,V21,V22,V23,V24,V25,V26,V27,V28,V29,V30,V31,V32,V33,V34,V35,V36,V37,V38,V39,V40,V41,V42,V43,V44,V45,V46,V47,V48,V49,V50,V51,V52,V53,V54,V55,V56
17122.202147587923,6121.073314605039,8663.712969317761,15381.8487092983,306.8889234777039,-32334.057531790048,-17155.36376650669,-961.83500493735,23447.11158783497,3070.6854161007245,13938.081272038766,-11455.805803796493,24927.1903692526,-6261.538653509727,-11575.435887760039,1732.933503234013,-19407.88678972968,803.3388537149152,4247.000128102811,10211.631735960354,-7062.887780902905,3139.708509960025,-7436.934341217881,-2654.8672349636254,52.91683204211879,-15938.123980049537,6377.030964070992,18627.927597672497,-11615.81050457456,9653.184312473297,22258.582644697497,7749.592081470879,-5536.0267726134,-13613.8264204372,14008.210962624416,18633.48818913046,9945.938815630738,-3948.1615505049153,-28408.070077970737,-23298.669510019678,2048.7698362211254,-10713.849940603981,-13199.86743914542,3520.890336153871,-6234.036491517414,1594.822379915473,9715.249566200786,-7672.937931835325,7260.8446574772,11466.818600941146,14910.107657492224,6224.144753298025,16299.374652335024,6673.894226181466,7813.058219051794,16961.61064562786
6121.073314605039,2188.4315101682237,3097.1582900478843,5498.508823139431,109.66981475075661,-11559.332136314219,-6132.476497901317,-343.56293332482346,8382.168559836215,1097.77804448943,4982.141565498369,-4094.99476504973,8911.312262441787,-2238.7970569739805,-4138.102330940434,619.0734975080638,-6938.241177493453,287.3446064780419,1518.4173016223833,3650.357006110618,-2525.0602149565825,1122.764993318057,-2658.7384982306567,-948.6576121462159,18.764987929273723,-5697.372425354783,2279.575724446347,6659.341340558094,-4152.6180558158185,3450.8198058963744,7957.631312673344,2770.7176312738748,-1979.3536198113563,-4867.14771572618,5007.611242116984,6661.569592360722,3556.1554689526583,-1411.0652159951005,-10155.520670880813,-8329.182748363055,732.6958861502786,-3830.377026063042,-4718.833124116793,1258.674188769939,-2228.6784546861622,569.791965515184,3473.3092646519826,-2742.7302173644935,2595.618531218072,4098.991764379598,5330.254176390603,2224.981478789725,5826.912903952695,2385.793490259602,2793.3139179386358,6063.44431301837
8663.712969317761,3097.1582900478843,4383.952547109041,7783.383987952088,155.32791273195994,-16360.805078962312,-8680.783133755987,-486.79610063652456,11864.253193433988,1553.8166602983931,7052.8028122877995,-5796.8377103158955,12613.22507541875,-3168.3471378792783,-5857.187945801607,876.9992820983907,-9820.283675638368,406.5093654082354,2148.8977562520126,5167.280156897339,-3573.765736474143,1588.5883587859194,-3763.1898760472945,-1343.6309086305953,26.709587627303996,-8064.930402103411,3226.842646121642,9425.789946935702,-5877.470508231234,4884.558927514771,11262.593006515724,3921.110483239011,-2801.183398373221,-6888.457579486759,7088.13962626357,9428.511731691025,5032.5425818310305,-1997.8569501688014,-14374.446516071293,-11788.999608068787,1036.4404117190904,-5421.265324961371,-6679.196095812176,1781.6879379708141,-3154.2786191083924,807.1601298752195,4915.701504506888,-3882.5615339853716,3674.0349745846033,5802.364012794648,7544.416368737102,3149.5367174217286,8247.44644969329,3377.0059579566732,3953.409022667756,8582.640719823283
15381.8487092983,5498.508823139431,7783.383987952088,13819.403694709878,275.833517550653,-29047.345554036907,-15412.694638825667,-864.698475102254,21064.075570937504,2758.595214620181,12522.78951595134,-10292.354981782533,22393.679155406677,-5624.515735064192,-10399.068207743398,1557.781331660403,-17435.156636962845,721.3500521836875,3815.001063631711,9174.402512745648,-6344.739835440142,2819.9557050464955,-6680.975189819049,-2386.1364693251153,47.830715469854354,-14319.249196548602,5729.283996686939,16734.705039577566,-10434.92590117756,8672.376661648159,19995.334429928385,6961.149370803791,-4972.8038199874245,-12229.376236917406,12584.799206957103,16739.164264573632,8933.957890349264,-3547.6770404008953,-25521.016766944354,-20930.38681556199,1839.7606402396405,-9624.429154359865,-11858.397184786863,3163.1920028786826,-5600.223876149368,1433.5559800645262,8727.297361858733,-6893.71918247928,6523.112301217307,10302.129340493962,13394.633326390956,5591.887060446733,14642.728634287847,5995.758627368699,7018.570497596799,15238.094988186922
306.8889234777039,109.66981475075661,155.32791273195994,275.833517550653,5.533752825312539,-579.5525853031552,-307.5760598255134,-17.30597079138467,420.2880782467653,55.05335367091636,250.00964545010814,-205.43941024362775,446.78213442114105,-112.1713433161155,-207.52324378674197,31.203292287188837,-347.8625764993083,14.314205695807592,76.07948226465294,183.14744666408794,-126.55039546616133,56.26617327328889,-133.27822798930706,-47.75040371743767,1.0265512352206316,-285.85215011852324,114.36397473035143,333.8845532954228,-208.09800692958422,173.08448625782347,398.7764352107775,138.74092212711844,-99.1443279226819,-243.84639250080798,251.06492229478607,333.9170634783455,178.15548243068716,-70.86873044630215,-509.19175104922385,-417.5419897800272,36.58521869971827,-191.92134796601712,-236.62155119427314,63.139746218873924,-111.72693608334035,28.69910562474418,174.06386992329277,-137.63134327250322,130.20094202041568,205.6473185260432,267.251050150337,111.63416736671421,292.14725862282836,119.65773350259435,139.98308288367062,304.03132339028963
-32334.057531790048,-11559.332136314219,-16360.805078962312,-29047.345554036907,-579.5525853031552,61060.71507941497,32396.367701170766,1816.175941449738,-44278.22896316093,-5798.821223970346,-26320.758219738444,21633.26672668379,-47073.214484917335,11824.705027215543,21859.429175919842,-3272.320798908731,36650.47218736858,-1517.0544285045632,-8020.231255762816,-19283.893396501244,13337.816254438303,-5929.450423834603,14044.162173334747,5013.356547981075,-99.92026608892103,30097.908901885177,-12042.504594559845,-35177.49331214305,21935.505330513057,-18229.32758963104,-42033.78536265618,-14634.574258959023,10454.51333507499,25708.75843418073,-26453.25218418449,-35188.125813634644,-18782.559203871104,7455.619277164534,53646.465938409565,43997.84995406361,-3869.010375287513,20232.390614534954,24927.025653439465,-6648.978778309046,11772.579603357834,-3011.546408032377,-18346.622030798677,14489.679751555892,-13711.603283610455,-21654.145391519698,-28156.684932861976,-11753.863950273875,-30780.208045535153,-12603.156872965017,-14754.501713388865,-32030.59390737112
-17155.36376650669,-6132.476497901317,-8680.783133755987,-15412.694638825667,-307.5760598255134,32396.367701170766,17189.87029515651,964.4031774442133,-23492.73686158448,-3076.6277861046087,-13966.51682670136,11479.053097271106,-24975.769449383297,6273.037105235487,11597.979971470675,-1737.254931357619,19445.383696427736,-804.7164730409697,-4254.892362752989,-10232.086544542412,7076.341966528734,-3144.888438504204,7451.372436565027,2661.117068917782,-53.14797605784078,15970.05587845891,-6389.807650554724,-18664.28546530571,11638.328346490136,-9672.214619869384,-22301.103120972748,-7764.044062294908,5546.271519689773,13639.739882791308,-14036.023174750992,-18669.29253142057,-9964.06480550074,3956.6583221005026,28463.684645398713,23343.789796849196,-2052.051750886266,10734.392311860847,13225.648244560623,-3527.883181942686,6245.873150227138,-1598.7690601148522,-9733.591402875742,7688.4415643873745,-7275.123050757507,-11489.863576212258,-14939.00039921647,-6236.527554356151,-16331.046615381294,-6687.017890266936,-7827.896280721886,-16995.185794635334
-961.83500493735,-343.56293332482346,-486.79610063652456,-864.698475102254,-17.30597079138467,1816.175941449738,964.4031774442133,54.47013978638265,-1317.1845008909731,-172.46261298910983,-783.9308774287773,644.124518285922,-1400.2963744030762,351.24591921686795,650.3182008381526,-98.01648113258146,1090.160927947727,-44.89776890743392,-238.35546350046326,-574.016748952639,396.56896650904827,-175.8598631936258,417.6627484283364,149.8251396250937,-3.1907889694306557,895.9597933865325,-358.494596096538,-1046.4704262560863,652.4426941713064,-542.4721056322769,-1249.8572459778325,-434.8830465737576,310.5968661443855,764.3075131333161,-787.2574114529717,-1046.4144877766885,-557.8933899930038,222.35847949506203,1596.0940408734868,1308.7052790013531,-114.65258259354978,601.4967764474444,741.5659238865949,-197.83372246465063,350.10549408137405,-90.12684009494967,-545.4775225700612,431.47491801933563,-408.0153080468342,-644.6494711708856,-837.5865057184723,-349.82323161936216,-915.6297555366093,-375.0298924163632,-438.611005729762,-953.1602457867968
23447.11158783497,8382.168559836215,11864.253193433988,21064.075570937504,420.2880782467653,-44278.22896316093,-23492.73686158448,-1317.1845008909731,32108.633736421787,4205.078215597732,19086.859199003717,-15687.774519588114,34135.54138963579,-8574.697938839527,-15851.47608885004,2373.1089592934545,-26577.172649694352,1100.1801312786047,5815.813924862933,13984.019652379102,-9671.941411708245,4299.497933765388,-10184.33145043144,-3635.764304840811,72.33017300745577,-21825.91369664412,8732.7682824624,25509.26976663013,-15906.648494266412,13219.142647717204,30480.87823429262,10612.234653461157,-7581.099886475617,-18642.810660457006,19182.867231509335,25516.851043127303,13620.074069195949,-5406.626630841466,-38902.10902200554,-31905.22981986839,2805.4181637465445,-14671.7721747702,-18076.044390243453,4821.657924197862,-8536.775153318573,2184.0617050851442,13303.929116075587,-10507.340403211707,9943.069326981946,15702.811717466746,20417.879320859163,8523.479996736029,22320.424968260348,9139.264296985872,10699.315448790148,23227.361009988956
3070.6854161007245,1097.77804448943,1553.8166602983931,2758.595214620181,55.05335367091636,-5798.821223970346,-3076.6277861046087,-172.46261298910983,4205.078215597732,550.7433862405592,2499.5826616317986,-2054.5014867674827,4470.541122318106,-1123.0714642764046,-2075.979668368406,310.73501399364403,-3480.6336433378774,144.1117712501483,761.6690855245294,1831.4225426430708,-1266.684322691046,563.1599479650024,-1333.8306650724692,-476.1448439943346,9.42961322062839,-2858.4071684588594,1143.661607120064,3340.8035832103255,-2083.134357516543,1731.223091670633,3991.865603956652,1389.8036397122626,-992.8946522443184,-2441.532380433594,2512.1729819087077,3341.825973507428,1783.8512915941237,-708.0082762303423,-5094.702840237704,-4178.393294585785,367.3804605536539,-1921.5316518727716,-2367.3272955480775,631.5025634648638,-1117.979512602249,286.010968346736,1742.302255416501,-1376.0359263965522,1302.189523240011,2056.4813817239906,2673.9729768841007,1116.2937093780777,2923.1558970028236,1196.904140210036,1401.270435367039,3041.89519881799
13938.081272038766,4982.141565498369,7052.8028122877995,12522.78951595134,250.00964545010814,-26320.758219738444,-13966.51682670136,-783.9308774287773,19086.859199003717,2499.5826616317986,11348.337411282455,-9326.72174837955,20291.50420846455,-5095.9659219137575,-9423.031319772555,1412.2658328149646,-15798.567439444838,653.2563506666919,3456.7061704283174,8313.528549728724,-5748.970879229949,2554.8654988689664,-6053.581596313358,-2162.7640402894594,43.75227155581296,-12975.725000834325,5191.756361577734,15163.797624550798,-9455.309584127172,7858.543687857596,18117.868596706707,6307.224701236355,-4505.555289138831,-11080.866345345028,11403.781885718343,15167.48361526287,8094.480371109782,-3215.2643244375367,-23125.67461619623,-18965.60781262967,1666.6955133439399,-8720.398081775686,-10745.286006515069,2866.2246272576713,-5074.591841239076,1299.4778512885046,7907.936645178004,-6247.135906086652,5910.960449904405,9335.561458226124,12137.410577458579,5067.134857162774,13268.27067264325,5433.096191105929,6359.370993992499,13807.968090755572
-11455.805803796493,-4094.99476504973,-5796.8377103158955,-10292.354981782533,-205.43941024362775,21633.26672668379,11479.053097271106,644.124518285922,-15687.774519588114,-2054.5014867674827,-9326.72174837955,7665.563343563124,-16678.065713525204,4188.841466748407,7744.841704728815,-1160.3197642848247,12985.015067470846,-537.2552717934802,-2841.209537232433,-6832.869233029301,4725.294781712636,-2099.9956365235253,4975.786756780247,1777.2955936454798,-35.58485199407703,10664.610915273008,-4267.02234399352,-12463.459294912534,7771.581581968646,-6458.906303897379,-14891.715989280543,-5184.347357330996,3703.5022976183845,9107.962075920179,-9372.837352380035,-12466.684374550638,-6653.494427853338,2642.3099269373142,19007.214049596787,15588.181812013774,-1370.0721311943962,7167.958548242416,8831.736318709447,-2355.8725859773403,4170.76286256639,-1067.8080006135774,-6499.66244706129,5134.267950006812,-4858.191922449812,-7672.779667329563,-9975.803272912075,-4164.680973232244,-10905.374172351969,-4465.440976121916,-5227.146668030778,-11348.923510885881
24927.1903692526,8911.312262441787,12613.22507541875,22393.679155406677,446.78213442114105,-47073.214484917335,-24975.769449383297,-1400.2963744030762,34135.54138963579,4470.541122318106,20291.50420846455,-16678.065713525204,36290.531688561685,-9116.120374028336,-16852.054407788073,2522.73525978914,-28254.843462109933,1169.8381574451782,6182.970112349157,14866.716371102906,-10282.559102150823,4570.81820232959,-10827.37708697296,-3865.163624680116,76.66637641417799,-23203.556895181417,9283.97258246432,27119.670863057312,-16910.930172661545,14053.544757490714,32405.2646975319,11282.363781271228,-8059.813320026855,-19819.94276395315,20393.89169656303,27127.790590673663,14480.018391533711,-5747.803104831351,-41357.88437024316,-33919.37123930735,2982.6140632350084,-15598.268592769113,-19217.137768179382,5126.069768231389,-9075.58166943295,2321.8535272781623,14143.744523867223,-11170.477838173649,10570.664958038793,16693.980304912664,21706.725338872147,9061.486977207178,23729.438638960684,9716.142812459566,11374.860419769353,24693.700802922503
-6261.538653509727,-2238.7970569739805,-3168.3471378792783,-5624.515735064192,-112.1713433161155,11824.705027215543,6273.037105235487,351.24591921686795,-8574.697938839527,-1123.0714642764046,-5095.9659219137575,4188.841466748407,-9116.120374028336,2290.623737937973,4233.100933996449,-632.9001926235925,7097.542748334692,-294.202110148917,-1553.3721231070026,-3734.1171168912097,2583.160686463925,-1148.7697655780019,2720.0411820912614,970.20060096463,-18.89218867805767,5827.989791159759,-2331.797098197617,-6812.371236431021,4247.985682403954,-3529.9651481491087,-8140.619408422699,-2834.571445948478,2025.0976983000787,4979.2247373969785,-5122.415315358343,-6814.835239652163,-3638.3642454465707,1443.1255433211104,10388.5842960009,8520.478020498993,-749.6278650338404,3918.7853202049673,4827.253298034868,-1287.6859165430299,2279.757344642055,-582.6599143170934,-3553.0627190566684,2805.420804413149,-2655.1658616967,-4192.921033381876,-5452.563588101127,-2276.065590400142,-5960.7163438111475,-2440.507381227149,-2857.728552894867,-6202.585240294681
-11575.435887760039,-4138.102330940434,-5857.187945801607,-10399.068207743398,-207.52324378674197,21859.429175919842,11597.979971470675,650.3182008381526,-15851.47608885004,-2075.979668368406,-9423.031319772555,7744.841704728815,-16852.054407788073,4233.100933996449,7825.646909978407,-1171.706708894507,13120.695998206409,-543.0129314134374,-2871.1309182817645,-6903.755291304105,4774.817455952607,-2122.625361269269,5027.760676718149,1795.0490569827173,-35.83792384140031,10775.22618792011,-4311.271817382871,-12593.438891094722,7852.706009639716,-6526.120048762719,-15047.668770548284,-5238.893739163476,3742.555347923988,9203.42150960793,-9470.191271361466,-12597.12337498493,-6723.874697676053,2669.2553596951425,19205.26931248423,15750.976836182199,-1384.8657098395838,7243.010795754468,8923.833915857696,-2380.3742346044555,4214.480216876511,-1078.3258216050508,-6567.875877548998,5187.400804785593,-4908.780101310905,-7752.300660091016,-10079.968009058945,-4207.954773445804,-11019.194058035233,-4511.93174747109,-5281.9817826818135,-11466.907077312298
1732.933503234013,619.0734975080638,876.9992820983907,1557.781331660403,31.203292287188837,-3272.320798908731,-1737.254931357619,-98.01648113258146,2373.1089592934545,310.73501399364403,1412.2658328149646,-1160.3197642848247,2522.73525978914,-632.9001926235925,-1171.706708894507,176.5360178623203,-1964.168246738472,80.76958422823982,429.4817519392798,1034.1457417540253,-714.4854630247735,317.1343047780057,-752.4046842564485,-269.83480172365694,5.887347253293082,-1614.173849332596,645.8613706187587,1885.286824814935,-1175.3170630691966,977.3601700051298,2251.725138286669,783.4235759291753,-559.589359917265,-1376.8818010043888,1418.138513278703,1885.2559604782725,1005.2944751972223,-400.5300584700291,-2875.47906338829,-2357.7751857407943,206.58238214444265,-1083.5178152908468,-1336.0260314278437,356.4017237005762,-630.8724758109843,162.28214995501418,982.8449377504047,-777.3635482029067,735.1430229458896,1161.3709525080924,1509.0891361312852,630.2717290697078,1649.6400526449838,675.684837758135,790.207298438348,1717.0606987685558
-19407.88678972968,-6938.241177493453,-9820.283675638368,-17435.156636962845,-347.8625764993083,36650.47218736858,19445.383696427736,1090.160927947727,-26577.172649694352,-3480.6336433378774,-15798.567439444838,12985.015067470846,-28254.843462109933,7097.542748334692,13120.695998206409,-1964.168246738472,21998.726130577936,-910.6180587433182,-4813.974997595184,-11574.81555137639,8005.767931358563,-3558.9618053316235,8429.773733755414,3009.214813385272,-59.931770253228976,18065.72610967875,-7228.294787594145,-21114.65434619493,13166.40220208036,-10941.808773830777,-25229.99048778162,-8784.136516441158,6275.123883587622,15431.2234627447,-15878.117671190961,-21121.01404851907,-11273.834476820746,4475.117633673062,32200.305329411844,26408.88330843472,-2322.2787006998656,12144.162886529897,14961.986697814531,-3990.9408353169815,7066.230290549964,-1807.6588299668826,-11012.175863293021,8697.1583548028,-8230.123737335562,-12997.517202708972,-16900.497406915216,-7055.041299511121,-18475.237437605683,-7564.80449933734,-8856.118989353365,-19225.813636377392
803.3388537149152,287.3446064780419,406.5093654082354,721.3500521836875,14.314205695807592,-1517.0544285045632,-804.7164730409697,-44.89776890743392,1100.1801312786047,144.1117712501483,653.2563506666919,-537.2552717934802,1169.8381574451782,-294.202110148917,-543.0129314134374,80.76958422823982,-910.6180587433182,38.101382971099945,199.40753986237894,478.89662367322666,-331.57753233975603,147.38743124994033,-349.21686203966,-124.11479730069792,2.0483819005592747,-747.363434085884,299.01905047840006,874.1842446360071,-545.3088427273589,452.75191883323924,1045.0021909733111,364.14600367270083,-260.1406404458614,-639.4002501819537,657.2812920322776,874.6847965924536,467.2516053744535,-184.8370920323127,-1332.9020202842933,-1093.3895343921738,96.46855020001404,-503.3428319034163,-619.3657743788908,165.2401583976533,-292.42026170025423,74.49041979652573,455.95976142122004,-359.61782745016353,340.52408473263426,537.7015755689077,699.5208157623692,291.89831996879917,764.807378196876,313.02732649673317,366.92695517755965,795.8623559884788
4247.000128102811,1518.4173016223833,2148.8977562520126,3815.001063631711,76.07948226465294,-8020.231255762816,-4254.892362752989,-238.35546350046326,5815.813924862933,761.6690855245294,3456.7061704283174,-2841.209537232433,6182.970112349157,-1553.3721231070026,-2871.1309182817645,429.4817519392798,-4813.974997595184,199.40753986237894,1053.5413869051504,2532.6970416365252,-1751.9856542106627,779.0023555007496,-1844.7331641588898,-658.1535988388883,12.98232795860651,-3952.959185956713,1581.6216207846855,4620.473976625571,-2881.2659099490656,2394.267888881403,5521.335982110068,1922.4779924062552,-1373.3723261242803,-3377.054464076167,3474.459035082582,4622.042228987906,2467.4148525849837,-979.007449588136,-7046.233384607886,-5779.083380373759,508.41683247350835,-2657.6932680643654,-3274.071855942017,873.3004396374666,-1546.3277668926203,395.3024716812304,2409.916371836556,-1902.9567322134333,1800.901661589723,2843.973886831095,3698.2996264953927,1543.7381999501904,4042.902992863852,1655.3274859796384,1938.1162395484798,4207.019718394882
10211.631735960354,3650.357006110618,5167.280156897339,9174.402512745648,183.14744666408794,-19283.893396501244,-10232.086544542412,-574.016748952639,13984.019652379102,1831.4225426430708,8313.528549728724,-6832.869233029301,14866.716371102906,-3734.1171168912097,-6903.755291304105,1034.1457417540253,-11574.81555137639,478.89662367322666,2532.6970416365252,6090.764238585073,-4212.138372184013,1872.229961607911,-4435.4241858301475,-1584.1477927495077,31.72283462473753,-9506.313542119062,3803.551109999077,11109.835049228956,-6927.401764076421,5757.422049569096,13274.379560034347,4621.281305221116,-3301.3756600185757,-8118.763625730573,8354.645801107901,11112.815897875162,5931.19493027853,-2355.169563649556,-16942.7731722364,-13895.16886023417,1221.2917417429699,-6389.499347507502,-7872.578626880864,2100.0436345106286,-3717.8282703831246,951.713134689264,5793.803277194934,-4576.5658377403215,4330.589058748527,6839.379947323981,8892.375141341632,3712.4002379125,9720.98259515197,3980.458595938415,4659.529352344845,10116.181917449496
-7062.887780902905,-2525.0602149565825,-3573.765736474143,-6344.739835440142,-126.55039546616133,13337.816254438303,7076.341966528734,396.56896650904827,-9671.941411708245,-1266.684322691046,-5748.970879229949,4725.294781712636,-10282.559102150823,2583.160686463925,4774.817455952607,-714.4854630247735,8005.767931358563,-331.57753233975603,-1751.9856542106627,-4212.138372184013,2913.5519693567703,-1295.2879953060526,3067.8681027394823,1094.8221805070084,-21.61835263467101,6574.178988278318,-2630.3969043322427,-7684.0696956072725,4791.626862276199,-3981.8305896347265,-9181.993615727342,-3196.9891718871086,2283.8442302285184,5616.025720104837,-5778.296343567152,-7686.53609861792,-4103.115102512379,1628.3330304425153,11718.253701808213,9610.79034372777,-845.3263251578862,4419.783251525871,5444.94629868305,-1452.3815213738835,2571.525500739675,-657.6221207741868,-4007.6352746950824,3164.8395497465567,-2995.0162431970243,-4729.835607895566,-6150.389214909811,-2567.376807555773,-6723.501467181692,-2752.913044733919,-3223.07897760927,-6996.585426567861
3139.708509960025,1122.764993318057,1588.5883587859194,2819.9557050464955,56.26617327328889,-5929.450423834603,-3144.888438504204,-175.8598631936258,4299.497933765388,563.1599479650024,2554.8654988689664,-2099.9956365235253,4570.81820232959,-1148.7697655780019,-2122.625361269269,317.1343047780057,-3558.9618053316235,147.38743124994033,779.0023555007496,1872.229961607911,-1295.2879953060526,576.546484037117,-1363.7834502882288,-486.19617887755254,9.632042938327272,-2922.0817323371743,1169.1209798909833,3415.7047960725154,-2129.8006392382827,1769.9674957406392,4081.832839013025,1421.27062954546,-1015.4993673163634,-2496.5642608327285,2568.0721489628863,3417.1146357356142,1824.7412998317254,-723.3751659753163,-5208.780782959481,-4272.25538138666,375.9899530717907,-1964.769373708279,-2420.431667315266,645.620498849676,-1143.2807882158409,291.9110477534399,1781.7469242092973,-1406.5930318593612,1331.3802288717206,2102.2138391585286,2734.0820015428144,1141.2414738028315,2988.7970334356437,1223.7058874893094,1432.9477455460576,3109.7236701531942
-7436.934341217881,-2658.7384982306567,-3763.1898760472945,-6680.975189819049,-133.27822798930706,14044.162173334747,7451.372436565027,417.6627484283364,-10184.33145043144,-1333.8306650724692,-6053.581596313358,4975.786756780247,-10827.37708697296,2720.0411820912614,5027.760676718149,-752.4046842564485,8429.773733755414,-349.21686203966,-1844.7331641588898,-4435.4241858301475,3067.8681027394823,-1363.7834502882288,3230.5129858938453,1153.0169217014336,-22.645061872122824,6922.61100818117,-2769.7819835137534,-8091.213339986272,5045.405906414606,-4192.79036850242,-9668.273906992581,-3366.2598647957707,2404.8304282193403,5913.500430334493,-6084.423079892313,-8093.7460373249005,-4320.426001745408,1714.6391390321116,12339.016811178615,10119.845556238517,-889.9375241558965,4654.05832348375,5733.452462546978,-1529.4284269967945,2707.6081242552937,-692.592446592662,-4219.75911001392,3332.5057180292283,-3153.6972146694875,-4980.507496653738,-6476.111239808533,-2703.470578655401,-7079.653927128627,-2898.7498833252694,-3393.8596631012424,-7367.318006924082
-2654.8672349636254,-948.6576121462159,-1343.6309086305953,-2386.1364693251153,-47.75040371743767,5013.356547981075,2661.117068917782,149.8251396250937,-3635.764304840811,-476.1448439943346,-2162.7640402894594,1777.2955936454798,-3865.163624680116,970.20060096463,1795.0490569827173,-269.83480172365694,3009.214813385272,-124.11479730069792,-658.1535988388883,-1584.1477927495077,1094.8221805070084,-486.19617887755254,1153.0169217014336,412.9034692386931,-8.6111810597999785,2472.537596780061,-989.2734318357448,-2888.4737221771675,1800.7589485342307,-1497.1895142164067,-3450.2732705922203,-1200.6923865550802,857.7558930504845,2109.9922872140896,-2172.432233389957,-2888.7340318438087,-1540.9668034097765,613.1044096696074,4405.205829334479,3612.3471772139255,-316.7919472436498,1660.6229440147526,2046.8981967474278,-546.1055401034793,966.4596418652819,-248.2188705702897,-1505.877516639853,1190.509493812701,-1126.1546420024285,-1778.905600355698,-2311.917244286565,-965.5136215148046,-2527.343310184055,-1035.0658452123553,-1211.01629464236,-2630.4680466987834
52.91683204211879,18.764987929273723,26.709587627303996,47.830715469854354,1.0265512352206316,-99.92026608892103,-53.14797605784078,-3.1907889694306557,72.33017300745577,9.42961322062839,43.75227155581296,-35.58485199407703,76.66637641417799,-18.89218867805767,-35.83792384140031,5.887347253293082,-59.931770253228976,2.0483819005592747,12.98232795860651,31.72283462473753,-21.61835263467101,9.632042938327272,-22.645061872122824,-8.6111810597999785,0.6322604385202765,-49.6210680379356,19.871731025778175,57.31983523310024,-35.579663791824,29.970992120511433,68.10607443565829,23.403042999734055,-16.688816140479076,-41.386303419872604,43.23386719261764,57.10438747227689,30.10236489638733,-12.60163225485711,-87.70806332580035,-71.72291819829466,6.02046274653127,-32.38049732168271,-40.70233019460984,10.800221006366147,-19.358943848876137,5.240201262539858,29.909990643572595,-24.08972756367371,22.563863075238793,35.70064147441775,46.11118582753177,19.330614966509426,50.27951488183222,20.714954583791386,23.761640468927254,52.32290539104292
-15938.123980049537,-5697.372425354783,-8064.930402103411,-14319.249196548602,-285.85215011852324,30097.908901885177,15970.05587845891,895.9597933865325,-21825.91369664412,-2858.4071684588594,-12975.725000834325,10664.610915273008,-23203.556895181417,5827.989791159759,10775.22618792011,-1614.173849332596,18065.72610967875,-747.363434085884,-3952.959185956713,-9506.313542119062,6574.178988278318,-2922.0817323371743,6922.61100818117,2472.537596780061,-49.6210680379356,14837.264465084705,-5936.523897162208,-17339.92583708088,10812.1399985256,-8986.073572663436,-20718.295336917516,-7212.740192682631,5152.623883853629,12671.495429209945,-13039.794939168447,-17344.534437159928,-9257.114303676639,3675.9893247975883,26443.933280014215,21687.26332785805,-1906.1646874319695,9972.427258080646,12287.308027601008,-3277.647663454358,5802.753771447111,-1485.4527562077865,-9042.866342447382,7143.0821097936405,-6759.093984438014,-10674.783541431972,-13879.055686955675,-5794.212350836366,-15172.288479284776,-6212.627453268544,-7272.3971759722135,-15789.117585906275
6377.030964070992,2279.575724446347,3226.842646121642,5729.283996686939,114.36397473035143,-12042.504594559845,-6389.807650554724,-358.494596096538,8732.7682824624,1143.661607120064,5191.756361577734,-4267.02234399352,9283.97258246432,-2331.797098197617,-4311.271817382871,645.8613706187587,-7228.294787594145,299.01905047840006,1581.6216207846855,3803.551109999077,-2630.3969043322427,1169.1209798909833,-2769.7819835137534,-989.2734318357448,19.871731025778175,-5936.523897162208,2375.2660299630866,6937.876507224473,-4326.088406160388,3595.418982897504,8289.636448649795,2885.9148784584568,-2061.6035535833394,-5070.011743147465,5217.400323307279,6939.713540974705,3703.823727202396,-1470.822721221003,-10580.523626482223,-8677.324339813398,762.7052302861878,-3990.047908427114,-4916.266435408594,1311.3963198394433,-2321.7610899903293,594.3427967479885,3618.1705535675665,-2858.034756496788,2704.375200207928,4271.088456203614,5553.17144683354,2318.303866987451,6070.596976411598,2485.738191493986,2909.742642959357,6317.409659784671
18627.927597672497,6659.341340558094,9425.789946935702,16734.705039577566,333.8845532954228,-35177.49331214305,-18664.28546530571,-1046.4704262560863,25509.26976663013,3340.8035832103255,15163.797624550798,-12463.459294912534,27119.670863057312,-6812.371236431021,-12593.438891094722,1885.286824814935,-21114.65434619493,874.1842446360071,4620.473976625571,11109.835049228956,-7684.0696956072725,3415.7047960725154,-8091.213339986272,-2888.4737221771675,57.31983523310024,-17339.92583708088,6937.876507224473,20266.35229773471,-12637.413021428349,10502.14245708382,24216.187015222218,8431.188745316553,-6023.0071573388295,-14811.263022347322,15240.244797101963,20272.38659963934,10820.748085333807,-4295.347355103898,-30906.49542685663,-25347.710830935583,2228.8459991095183,-11656.44051901927,-14360.845864229526,3830.68075178048,-6782.118178745052,1735.1543472642297,10569.50480438104,-8347.668145871363,7899.403496674152,12475.34806170071,16221.296176066462,6771.608357351727,17732.854166689773,7260.8223117344305,8500.329648876197,18453.46527096651
-11615.81050457456,-4152.6180558158185,-5877.470508231234,-10434.92590117756,-208.09800692958422,21935.505330513057,11638.328346490136,652.4426941713064,-15906.648494266412,-2083.134357516543,-9455.309584127172,7771.581581968646,-16910.930172661545,4247.985682403954,7852.706009639716,-1175.3170630691966,13166.40220208036,-545.3088427273589,-2881.2659099490656,-6927.401764076421,4791.626862276199,-2129.8006392382827,5045.405906414606,1800.7589485342307,-35.579663791824,10812.1399985256,-4326.088406160388,-12637.413021428349,7880.625747175045,-6548.630971421588,-15100.913957953986,-5257.8492792657225,3755.898920992747,9236.249497769119,-9503.489590213183,-12641.30063424687,-6747.580107913715,2678.265966893962,19272.330167319054,15806.190382924437,-1390.2151155000327,7268.797923727327,8954.845357703189,-2388.5562719468676,4229.152652640694,-1081.7345797796233,-6590.99714072083,5205.122197874995,-4925.6388929460145,-7778.940436071572,-10115.077061640293,-4222.325046867199,-11057.630344831801,-4527.523389680725,-5300.6080570180875,-11507.015032852521
9653.184312473297,3450.8198058963744,4884.558927514771,8672.376661648159,173.08448625782347,-18229.32758963104,-9672.214619869384,-542.4721056322769,13219.142647717204,1731.223091670633,7858.543687857596,-6458.906303897379,14053.544757490714,-3529.9651481491087,-6526.120048762719,977.3601700051298,-10941.808773830777,452.75191883323924,2394.267888881403,5757.422049569096,-3981.8305896347265,1769.9674957406392,-4192.79036850242,-1497.1895142164067,29.970992120511433,-8986.073572663436,3595.418982897504,10502.14245708382,-6548.630971421588,5442.442643610366,12548.623861832022,4368.748490966742,-3120.917751037442,-7674.910951549121,7897.654817319574,10505.089920768902,5607.004748436275,-2226.186547771517,-16016.07136095505,-13135.284895634926,1154.7431664560838,-6040.079263333297,-7441.932627630758,1985.0940032603198,-3514.585468807409,899.4371382876557,5477.104219569199,-4326.120781244154,4093.6607459900083,6465.098709716609,8406.064089383946,3509.2292930777594,9189.315686953769,3762.709347081484,4404.735930444726,9562.78631084368
22258.582644697497,7957.631312673344,11262.593006515724,19995.334429928385,398.7764352107775,-42033.78536265618,-22301.103120972748,-1249.8572459778325,30480.87823429262,3991.865603956652,18117.868596706707,-14891.715989280543,32405.2646975319,-8140.619408422699,-15047.668770548284,2251.725138286669,-25229.99048778162,1045.0021909733111,5521.335982110068,13274.379560034347,-9181.993615727342,4081.832839013025,-9668.273906992581,-3450.2732705922203,68.10607443565829,-20718.295336917516,8289.636448649795,24216.187015222218,-15100.913957953986,12548.623861832022,28937.01269752362,10075.377774849645,-7197.452342747337,-17698.915314515885,18210.40378557642,24223.917956379755,12930.682575691088,-5131.735165474357,-36929.95863740782,-30288.2993309665,2664.1327134764947,-13928.869519807895,-17159.58626437395,4577.074489642028,-8104.116759321545,2072.4956519264533,12630.028547049009,-9973.942136462882,9438.669017130504,14905.965702849644,19382.839305377853,8090.949106758232,21188.984503071864,8675.735362623742,10157.422017990913,22049.730918117173
7749.592081470879,2770.7176312738748,3921.110483239011,6961.149370803791,138.74092212711844,-14634.574258959023,-7764.044062294908,-434.8830465737576,10612.234653461157,1389.8036397122626,6307.224701236355,-5184.347357330996,11282.363781271228,-2834.571445948478,-5238.893739163476,783.4235759291753,-8784.136516441158,364.14600367270083,1922.4779924062552,4621.281305221116,-3196.9891718871086,1421.27062954546,-3366.2598647957707,-1200.6923865550802,23.403042999734055,-7212.740192682631,2885.9148784584568,8431.188745316553,-5257.8492792657225,4368.748490966742,10075.377774849645,3508.397238328658,-2506.2142659192964,-6162.659346356335,6340.138895835607,8434.141128156176,4502.500198509577,-1786.2625983656403,-12857.53307216354,-10545.420395465278,927.9803292281135,-4849.959042473633,-5974.255203059129,1593.506493061794,-2821.55828722453,721.1574783412057,4397.509955903403,-3472.1600773334803,3286.006000789314,5189.285903220956,6748.336925245845,2816.749846868443,7377.205479183414,3020.438599939158,3536.68142411969,7676.792571269201
-5536.0267726134,-1979.3536198113563,-2801.183398373221,-4972.8038199874245,-99.1443279226819,10454.51333507499,5546.271519689773,310.5968661443855,-7581.099886475617,-992.8946522443184,-4505.555289138831,3703.5022976183845,-8059.813320026855,2025.0976983000787,3742.555347923988,-559.589359917265,6275.123883587622,-260.1406404458614,-1373.3723261242803,-3301.3756600185757,2283.8442302285184,-1015.4993673163634,2404.8304282193403,857.7558930504845,-16.688816140479076,5152.623883853629,-2061.6035535833394,-6023.0071573388295,3755.898920992747,-3120.917751037442,-7197.452342747337,-2506.2142659192964,1790.4221697974235,4402.3579544762715,-4529.022169852098,-6025.159715619282,-3216.648964175105,1275.9605639197341,9184.924311198629,7533.257605729997,-662.8400455093738,3464.7175375689794,4267.87598401861,-1138.4289875922439,2015.6044864819216,-515.1527653672567,-3141.395643807413,2480.362119394079,-2347.464198342709,-3707.0679296292897,-4820.776436970876,-2012.2725407763303,-5270.043129082788,-2157.711777595123,-2526.566280523417,-5483.969047199003
-13613.8264204372,-4867.14771572618,-6888.457579486759,-12229.376236917406,-243.84639250080798,25708.75843418073,13639.739882791308,764.3075131333161,-18642.810660457006,-2441.532380433594,-11080.866345345028,9107.962075920179,-19819.94276395315,4979.2247373969785,9203.42150960793,-1376.8818010043888,15431.2234627447,-639.4002501819537,-3377.054464076167,-8118.763625730573,5616.025720104837,-2496.5642608327285,5913.500430334493,2109.9922872140896,-41.386303419872604,12671.495429209945,-5070.011743147465,-14811.263022347322,9236.249497769119,-7674.910951549121,-17698.915314515885,-6162.659346356335,4402.3579544762715,10825.450196682783,-11137.917140762189,-14816.132683417365,-7909.03761348066,3138.4411759404934,22587.195971137113,18525.138513560312,-1629.6533370620116,8519.607962817885,10495.20246947724,-2799.4631083991953,4956.607197334272,-1267.3830817380908,-7724.880348441163,6100.046753822524,-5772.803404247898,-9116.628796492447,-11854.940153340358,-4948.517469096227,-12959.682454766558,-5306.205213416202,-6212.710327712073,-13486.135636636931
14008.210962624416,5007.611242116984,7088.13962626357,12584.799206957103,251.06492229478607,-26453.25218418449,-14036.023174750992,-787.2574114529717,19182.867231509335,2512.1729819087077,11403.781885718343,-9372.837352380035,20393.89169656303,-5122.415315358343,-9470.191271361466,1418.138513278703,-15878.117671190961,657.2812920322776,3474.459035082582,8354.645801107901,-5778.296343567152,2568.0721489628863,-6084.423079892313,-2172.432233389957,43.23386719261764,-13039.794939168447,5217.400323307279,15240.244797101963,-9503.489590213183,7897.654817319574,18210.40378557642,6340.138895835607,-4529.022169852098,-11137.917140762189,11461.06149856487,15244.543884207245,8136.499468650158,-3230.4926908405737,-23241.894210751114,-19061.47225062134,1675.9933280814155,-8765.390853748735,-10799.2818357019,2880.582053961063,-5100.125792449449,1305.120327042523,7948.173949416471,-6277.695578612279,5940.33387453236,9381.67017908964,12198.416397410561,5092.214649060567,13335.079354227699,5460.173342396754,6391.997502816419,13877.274637978446
18633.48818913046,6661.569592360722,9428.511731691025,16739.164264573632,333.9170634783455,-35188.125813634644,-18669.29253142057,-1046.4144877766885,25516.851043127303,3341.825973507428,15167.48361526287,-12466.684374550638,27127.790590673663,-6814.835239652163,-12597.12337498493,1885.2559604782725,-21121.01404851907,874.6847965924536,4622.042228987906,11112.815897875162,-7686.53609861792,3417.1146357356142,-8093.7460373249005,-2888.7340318438087,57.10438747227689,-17344.534437159928,6939.713540974705,20272.38659963934,-12641.30063424687,10505.089920768902,24223.917956379755,8434.141128156176,-6025.159715619282,-14816.132683417365,15244.543884207245,20278.740027774547,10824.682471331213,-4296.133939032619,-30915.517758834852,-25355.389134211357,2229.907774473798,-11660.286875038033,-14365.08209535303,3831.786624760637,-6784.202830018193,1735.206982836652,10572.89490177802,-8349.756639112178,7901.627214470177,12478.634653881943,16226.121155002198,6773.460795886826,17738.14301829716,7262.875935585195,8503.133813357817,18458.72017269593
9945.938815630738,3556.1554689526583,5032.5425818310305,8933.957890349264,178.15548243068716,-18782.559203871104,-9964.06480550074,-557.8933899930038,13620.074069195949,1783.8512915941237,8094.480371109782,-6653.494427853338,14480.018391533711,-3638.3642454465707,-6723.874697676053,1005.2944751972223,-11273.834476820746,467.2516053744535,2467.4148525849837,5931.19493027853,-4103.115102512379,1824.7412998317254,-4320.426001745408,-1540.9668034097765,30.10236489638733,-9257.114303676639,3703.823727202396,10820.748085333807,-6747.580107913715,5607.004748436275,12930.682575691088,4502.500198509577,-3216.648964175105,-7909.03761348066,8136.499468650158,10824.682471331213,5779.163049595243,-2292.2771985399677,-16501.3146827573,-13534.027181318286,1190.8208016086073,-6224.501945535097,-7667.586944177103,2045.285128552168,-3621.2753689365263,925.4372459234608,5643.819099686329,-4456.164709951871,4217.464269308924,6660.004687173974,8660.947736212298,3615.250973558328,9468.049548892926,3876.51780102949,4539.18043779199,9852.187371821761
