V1,V2,V3,V4,V5,V6,V7,V8,V9,V10,V11,V12,V13,V14,V15,V16,V17,V18,V19,V20,V21,V22,V23,V24,V25,V26,V27,V28,V29,V30,V31,V32,V33,V34,V35,V36,V37,V38,V39,V40,V41,V42,V43,V44,V45,V46,V47,V48,V49,V50,V51,V52,V53,V54,V55,V56
84147.90994061666,30082.25387616975,42578.76759132008,75595.1162971837,1508.2097971407659,-158907.01899336395,-84311.40049901193,-4726.952253431845,115232.4610456151,15091.18523314049,68499.26533468247,-56300.709076761115,122506.94174000938,-30773.12949519202,-56888.21596795879,8516.342346979665,-95381.01581077151,3948.8170896892552,20872.11887058342,50186.07923965804,-34711.04698412694,15429.98580504998,-36549.88737397199,-13047.740362881314,259.4928446514981,-78329.05160038162,31340.401391934804,91548.59568223696,-57086.69838177296,47441.097992108575,109391.40805051613,38085.944218193275,-27207.407216503783,-66906.63348260896,68844.65124933912,91575.9125019729,48880.248286033515,-19403.17473629188,-139613.2692810547,-114502.76392842007,10068.50614799249,-52654.834958971434,-64871.865709004946,17303.96585723005,-30637.18712701618,7837.912067451252,47745.90075332544,-37708.72739714599,35683.86418172618,56354.39612028838,73276.26299364262,30589.173598457193,80104.39087634254,32799.210042866966,38398.06869836477,83359.3432317062
30082.25387616975,10754.363928614528,15221.521218133654,27024.332439795133,539.1205924275323,-56808.21470017915,-30140.367270910203,-1689.6191845742685,41194.76083492488,5395.014916048911,24487.356251266727,-20126.735776839432,43795.378917212554,-11001.499600909488,-20337.033521156136,3044.0873009407246,-34098.06830383821,1411.8468552952747,7461.760334364816,17940.884472132933,-12409.095067204107,5516.340944187103,-13066.423728362226,-4664.028034267733,92.51997183480654,-28001.638509341945,11203.775011320264,32727.967150243134,-20408.225405087738,16959.706008265,39107.05728961515,13615.842675051372,-9726.743476578346,-23918.992729762198,24611.27709568475,32737.97404582279,17474.850071000998,-6936.158352198123,-49910.63224692676,-40934.04247415709,3599.747133496359,-18824.058898175048,-23191.17682439513,6186.027234884086,-10952.583916377429,2801.67795575869,17068.96338916552,-13480.326774805628,12756.598441119733,20145.98953198568,26195.74538298042,10935.25911023378,28636.73464208039,11725.40379322922,13727.26493330644,29800.201963770018
42578.76759132008,15221.521218133654,21544.847732179067,38251.19615855087,763.173108478599,-80406.74654485381,-42661.615857420664,-2391.9183491640156,58307.51377065957,7636.112047415612,34660.81059328337,-28488.247006006546,61988.38066639281,-15571.041599936829,-28785.419098497197,4309.43231425249,-48262.67974073323,1998.0378164781555,10561.222432449966,25394.217988193792,-17563.69466089973,7807.467434992712,-18494.163708084106,-6602.3179184274995,131.40659638756358,-39634.58836434749,15858.291646872403,46323.49639811022,-28885.75219707033,24005.202287088956,55351.77769499651,19271.289797908674,-13766.802186957528,-33854.556181890905,34835.409893569486,46337.22422764886,24733.152264056567,-9818.112268885463,-70644.21141422355,-57938.23003992073,5094.52105473138,-26643.159145679056,-32825.11829215356,8755.793665579704,-15502.386907529108,3966.097978760481,24159.32473154283,-19080.678932759965,18056.0496114841,28515.380485057172,37077.7061511264,15478.152711564275,40532.747385525625,16596.39891445597,19429.28735209062,42179.810504077075
75595.1162971837,27024.332439795133,38251.19615855087,67912.89811777686,1355.0900124924576,-142755.99539244047,-75743.29100146735,-4247.39745487936,103520.5067439628,13557.415521782348,61538.59940490781,-50579.15179606529,110055.28716560123,-27644.721800188076,-51106.246042430044,7651.959637566419,-85686.60887402743,3546.6172585415457,18750.291896527913,45085.73662578882,-31182.8489152301,13861.058120557498,-32834.83862920919,-11722.733606601421,233.3449087386852,-70368.99420654296,28155.2757074344,82243.68940934443,-51284.312701654344,42619.70582984232,98272.0170926121,34214.279544757665,-24441.570009660507,-60105.163617968916,61847.27846869936,82267.6564614644,43910.96614627104,-17432.240527927086,-125423.63516993306,-102864.71645667416,9044.535951371918,-47302.41799651179,-58278.434840764974,15545.3718610875,-27522.9867511194,7042.266019901941,42892.43615416931,-33877.08253753496,32057.24616131598,50627.65031122653,65828.8351656266,27480.366132513373,71962.5743235689,29465.74214765385,34495.05331609338,74887.08171809568
1508.2097971407659,539.1205924275323,763.173108478599,1355.0900124924576,27.058640562788035,-2848.1676069092655,-1511.3210136342275,-84.84461007390584,2065.3859375340103,270.4927760355172,1227.9657868384872,-1009.2253839071465,2195.7267764148232,-551.4607946677478,-1019.6418852388923,152.812680782428,-1709.555594815859,70.66857092955323,374.040852889038,899.5894682972894,-622.1045085697481,276.46541389393036,-655.0660204323062,-234.0344672440711,4.689941121675136,-1404.0969953937788,561.7804497644197,1640.866249054425,-1023.1550404095734,850.3684831905173,1960.521989568459,682.52552976494,-487.5671162652157,-1199.0359538813861,1233.9434309718629,1641.2775308379237,875.9235285840901,-347.93222633709087,-2502.4179370755073,-2052.268495465749,180.36230930516945,-943.6594734713027,-1162.7355939463791,310.1701146377421,-549.0944555638533,140.6306762899105,855.6860938878167,-676.0183194744361,639.6115951995969,1010.211707497014,1313.3961388837588,548.3047007986343,1435.7411364096722,587.9182171243924,688.1722882170706,1494.1359260699617
-158907.01899336395,-56808.21470017915,-80406.74654485381,-142755.99539244047,-2848.1676069092655,300084.6490378949,159216.14805862829,8926.758029432647,-217608.1603711541,-28498.750815583087,-129355.62093809478,106319.54774725265,-231345.27174065716,58113.036610698444,107429.06354345217,-16082.487678344976,180120.18935874253,-7456.668364134053,-39415.41211361593,-94772.48334554743,65549.46792961257,-29138.393201648116,69021.91761071596,24639.624377513075,-489.58532620503405,147918.71526006865,-59183.79037518682,-172882.81423071222,107804.2905119295,-89589.11707193828,-206577.83873384233,-71922.94335739105,51379.493782991856,126348.08525646442,-130007.46462809313,-172934.47969975419,-92307.03746225861,36641.74227660527,263649.6452178,216230.31291940698,-19013.926248579224,99435.07600379882,122505.71175339201,-32677.38714378469,57855.83254526248,-14801.429421971656,-90164.4133010795,71210.44720746594,-67386.2733404012,-106421.37729156662,-138377.1736476997,-57765.239079185725,-151271.1465584541,-61938.88169388566,-72512.3060873539,-157417.8485162545
-84311.40049901193,-30140.367270910203,-42661.615857420664,-75743.29100146735,-1511.3210136342275,159216.14805862829,84476.56542015278,4737.062151929224,-115456.67350292834,-15120.629443859432,-68633.91873579111,56410.92489237308,-122744.93612479165,30832.345286723135,56998.868198385135,-8534.092173746465,95566.49775449713,-3955.6037478544663,-20912.283378230208,-50284.12912977631,34778.35769943789,-15459.348256011828,36620.80019239225,13074.249143869783,-260.1431861100966,78482.55372813925,-31401.58120001247,-91726.5852426065,57197.56143121885,-47533.80464850411,-109603.15378185568,-38159.41270899021,27259.845302957776,67035.54515288863,-68978.34111876441,-91753.41051179757,-48974.177065001124,19442.108841428493,139885.24945262301,114725.32504354762,-10087.507813096057,52756.62579736458,64998.052694591825,-17337.793538842114,30696.45269466004,-7854.164784029516,-47838.07755881599,37783.118985312554,-35753.46965662431,-56465.0456453389,-73419.06888225852,-30648.864145845953,-80260.0311299124,-32863.20609183856,-38472.49927467171,-83521.68493782092
-4726.952253431845,-1689.6191845742685,-2391.9183491640156,-4247.39745487936,-84.84461007390584,8926.758029432647,4737.062151929224,266.16759293326567,-6473.323855575033,-847.8224303632895,-3848.976351420309,3163.2188064264556,-6881.72304806639,1728.2640534834268,3195.749742739424,-479.22881665744615,5358.0763680956015,-221.21147228507175,-1172.2131920154163,-2819.5405096054888,1949.782384617652,-866.3469876327132,2053.10374905446,733.736191837545,-14.683592866120915,4400.9880899847285,-1760.7183464143445,-5142.760633441455,3206.7773369372335,-2665.341763422179,-6144.449352235402,-2139.0890888515323,1528.0692257231624,3757.6933938035313,-3867.2501297613594,-5143.914971748193,-2745.1068171032193,1090.8099122871881,7843.176767537473,6432.171094017777,-565.2098480027496,2957.49475119799,3644.237713886089,-972.1775195683958,1720.8426370482364,-440.98317253329657,-2681.6908690159153,2119.027205281436,-2004.7103439737136,-3166.4625513104747,-4116.54364542584,-1718.5018792905628,-4499.808372303947,-1842.6455860647532,-2156.869550102323,-4682.913615434133
115232.4610456151,41194.76083492488,58307.51377065957,103520.5067439628,2065.3859375340103,-217608.1603711541,-115456.67350292834,-6473.323855575033,157799.92639171545,20666.005075899917,93803.31139320265,-77098.47520647121,167761.50629534607,-42140.8733552848,-77902.91127036115,11662.465308329014,-130615.25044922922,5407.280201675334,28582.295362596164,68725.01857676286,-47533.51061489761,21129.805931564642,-50051.594778936065,-17867.769266275944,355.1938187707708,-107264.32323779099,42917.63695604788,125367.06508284825,-78174.84299372026,64966.13518004396,149801.02486111247,52155.144595191334,-37257.990815854326,-91622.02516821542,94275.94395606467,125404.44476169601,66936.77431524181,-26571.045719991933,-191187.19552159455,-156800.69814867646,13787.882012588525,-72105.8017974462,-88835.8079515187,23696.202790808828,-41954.57878412313,10733.462374963294,65383.28519042877,-51638.76108380553,48865.63266931343,77172.194286398415,100345.00831111088,41888.922268859606,109695.2681394875,44915.436672164346,52582.58668210537,114152.64641977286
15091.18523314049,5395.014916048911,7636.112047415612,13557.415521782348,270.4927760355172,-28498.750815583087,-15120.629443859432,-847.8224303632895,20666.005075899917,2706.520989565337,12284.738590712413,-10097.014448330947,21970.560665282057,-5518.954525820255,-10202.388785238847,1527.3574860108538,-17105.822655969358,708.0678449506217,3743.219906426827,9000.394885670616,-6225.1874235130945,2767.2275996126195,-6554.954907121897,-2339.9978386340586,46.42560394745457,-14047.69516041717,5620.570178329305,16418.47444215255,-10238.08897425853,8508.196917732434,19618.46970311745,6830.499844509279,-4879.494185805412,-11999.075542780247,12346.543602580266,16423.38084969478,8766.321261850819,-3479.890935561958,-25038.539235121993,-20535.169611303874,1805.7718018462917,-9443.266527947515,-11634.21650713078,3103.3531896460245,-5494.449978631921,1405.7036807297654,8562.759023773311,-6762.832160325627,6399.5862233283915,10106.768336912879,13141.576164794384,5485.868998312053,14366.01449864489,5882.252888927551,6886.468612107236,14949.76064296736
68499.26533468247,24487.356251266727,34660.81059328337,61538.59940490781,1227.9657868384872,-129355.62093809478,-68633.91873579111,-3848.976351420309,93803.31139320265,12284.738590712413,55763.118146291716,-45832.01092280653,99724.68063197806,-25049.247954393595,-46309.20758950995,6934.33159606107,-77643.33880499212,3213.560650546783,16990.07662308635,40854.12974487728,-28255.529409747076,12559.6191843954,-29752.52446032303,-10623.02891825208,211.91173246477706,-63764.257076353075,25512.772142715326,74523.68864428798,-46470.11009468128,38619.28984742771,89046.82200141806,31001.990609699173,-22146.797596972556,-54462.786688810564,56042.28477144421,74545.04242002647,39788.33186043572,-15796.337622713016,-113650.5479306992,-93208.83787737865,8194.989238676966,-42861.70796018513,-52808.07101258481,14086.16597358605,-24939.532414569323,6381.675367203189,38866.079074722904,-30697.46238210652,29048.317970748863,45875.74623173449,59649.55807820303,24901.124134708185,65207.690004585806,26700.00808449637,31256.653964706293,67857.91447951873
-56300.709076761115,-20126.735776839432,-28488.247006006546,-50579.15179606529,-1009.2253839071465,106319.54774725265,56410.92489237308,3163.2188064264556,-77098.47520647121,-10097.014448330947,-45832.01092280653,37669.774014968665,-81965.45116218152,20588.684842209284,38062.241552737396,-5698.960021520908,63816.367880166705,-2641.5784455637277,-13964.576557169781,-33578.46550455708,23223.789081135477,-10323.209575850302,24454.15562452635,8730.80014921671,-174.02207966366217,52408.423973362114,-20969.24942742966,-61252.27105678099,38194.63310438233,-31741.652982016054,-73189.45976300832,-25481.355153771387,18203.048385133803,44764.30522894508,-46062.06599176015,-61270.07112432521,-32703.15886329306,12982.83275924733,93411.1112200253,76609.98839527229,-6735.865032069177,35229.041169426666,43403.79199938526,-11577.612119996684,20498.30389230585,-5244.849494997324,-31944.897852626895,25230.402371611934,-23875.178600324307,-37705.65794523347,-49026.889131291435,-20466.540326803293,-53595.32506181051,-21945.13024282655,-25690.506830056467,-55773.43005591667
122506.94174000938,43795.378917212554,61988.38066639281,110055.28716560123,2195.7267764148232,-231345.27174065716,-122744.93612479165,-6881.72304806639,167761.50629534607,21970.560665282057,99724.68063197806,-81965.45116218152,178352.0650730961,-44801.238260088554,-82820.8110733012,12398.439688420573,-138860.73154034585,5748.903340727772,30386.747381284033,73063.45937773395,-50534.21636542978,22463.83249201418,-53211.27035404343,-18995.500802449515,377.67685731073635,-114035.46561568331,45626.95410339253,133281.2729425103,-83109.8635940922,69067.21770452952,159257.87084455363,55447.64624957932,-39610.06141178036,-97406.25732112625,100227.58295543175,133321.11363701208,71162.56061157856,-28248.11409133552,-203256.35371970435,-166699.22162324982,14658.351430796793,-76657.78562931139,-94443.8573993552,25192.039873730853,-44603.21539191728,11410.807079277543,69511.00566932993,-54898.33808302689,51950.40513341962,82043.66151458124,106679.47716125126,44533.286591356125,116620.18962115589,47750.82717697964,55902.00793234024,121358.88163457322
-30773.12949519202,-11001.499600909488,-15571.041599936829,-27644.721800188076,-551.4607946677478,58113.036610698444,30832.345286723135,1728.2640534834268,-42140.8733552848,-5518.954525820255,-25049.247954393595,20588.684842209284,-44801.238260088554,11254.441905138414,20804.036614234246,-3113.6602509346594,34881.241286780874,-1444.3733289882239,-7633.232047290379,-18352.697060836046,12694.22572534819,-5643.215561883871,13366.61791017227,4770.789034287028,-94.424241580019725,28644.423843378452,-11460.91671576781,-33479.6323214257,20877.076879170992,-17349.11857040606,-40005.57175448212,-13928.896027942868,9950.389636357606,24468.60018066046,-25176.32423179043,-33490.05597588514,-17876.621219065863,7095.22353210653,51056.86472341493,41874.28631015164,-3682.7035584303276,19256.66990642098,23723.77147399836,-6328.09516830792,11204.117557992957,-2865.776097402746,-17461.08487404212,13789.732999622878,-13049.479458559987,-20608.465590982818,-26797.415720142555,-11186.277477297934,-29294.41385880673,-11994.626077566176,-14042.751432789615,-30484.481243567505
-56888.21596795879,-20337.033521156136,-28785.419098497197,-51106.246042430044,-1019.6418852388923,107429.06354345217,56998.868198385135,3195.749742739424,-77902.91127036115,-10202.388785238847,-46309.20758950995,38062.241552737396,-82820.8110733012,20804.036614234246,38459.34547415993,-5757.666948415056,64482.32747664808,-2669.519276915575,-14110.551754797227,-33928.417923800946,23466.35171063487,-10431.35047985367,24709.532662398207,8821.094162907908,-175.55004527267752,52954.55446039479,-21187.7489134598,-61891.43469578458,38593.425727267284,-32072.632026729905,-73953.91375607015,-25747.844212777356,18393.455321135312,45232.094334844085,-46542.50405814967,-61909.785260791105,-33045.30138267409,13117.662967186327,94385.60916474163,77409.53411954633,-6806.685844398386,35597.16054573259,43856.662954912936,-11698.345531240642,20712.264180077906,-5298.929768587591,-32278.56524614102,25493.080416634948,-24124.1456719178,-38098.51557401572,-49538.421252987406,-20679.872891162893,-54154.5747750608,-22173.907880091992,-25958.930334439083,-56355.15394914046
8516.342346979665,3044.0873009407246,4309.43231425249,7651.959637566419,152.812680782428,-16082.487678344976,-8534.092173746465,-479.22881665744615,11662.465308329014,1527.3574860108538,6934.33159606107,-5698.960021520908,12398.439688420573,-3113.6602509346594,-5757.666948415056,863.1970994808695,-9653.207039401079,398.917843915789,2112.003808504076,5079.847125899011,-3512.706657197331,1560.9510177006007,-3698.89311343789,-1321.772005324893,26.701751134041402,-7928.743546752234,3172.279135621074,9265.371263797448,-5777.320010545069,4801.847064176948,11070.102484131769,3853.6981640881536,-2752.922713814123,-6770.298572128353,6967.758000329623,9267.490004884981,4945.708462511557,-1964.8778965222364,-14130.312311934313,-11588.281888937552,1018.2278535748934,-5328.252649538605,-6565.606638195997,1751.405069177831,-3100.525975518371,794.2479887006655,4831.668258219428,-3817.35678249702,3611.772847122349,5704.485076521587,7416.256168150324,3096.176437114586,8107.095191844681,3319.737102918219,3885.711264283884,8436.944228077973
-95381.01581077151,-34098.06830383821,-48262.67974073323,-85686.60887402743,-1709.555594815859,180120.18935874253,95566.49775449713,5358.0763680956015,-130615.25044922922,-17105.822655969358,-77643.33880499212,63816.367880166705,-138860.73154034585,34881.241286780874,64482.32747664808,-9653.207039401079,108113.78582394985,-4475.792344016849,-23658.381141603288,-56885.46264710986,39344.82338166124,-17489.784912586132,41429.10545968021,14789.484392566408,-293.93089030067017,88785.45292633666,-35524.01345434215,-103769.70595300398,64707.48941476058,-53774.19095205108,-123994.49651039155,-43170.35159997671,30839.545336775172,75838.13302102471,-78034.66813399561,-103800.7099910343,-55405.55232516362,21993.47741103307,158250.7774079746,129788.20473952041,-11412.715029015535,59684.02328878665,73531.79011949328,-19613.978049800873,34726.93237824532,-8884.263319916532,-54119.556030429805,42742.703867675955,-40447.372943643284,-63877.41805872095,-83058.28289616405,-34672.54012677967,-90797.723732727,-37177.67148537528,-43524.11211995054,-94487.17065787168
3948.8170896892552,1411.8468552952747,1998.0378164781555,3546.6172585415457,70.66857092955323,-7456.668364134053,-3955.6037478544663,-221.21147228507175,5407.280201675334,708.0678449506217,3213.560650546783,-2641.5784455637277,5748.903340727772,-1444.3733289882239,-2669.519276915575,398.917843915789,-4475.792344016849,185.93300936092396,979.6971695683476,2354.8080996701897,-1628.8998103606025,724.4434882919331,-1715.1718820919834,-611.6365593165767,12.177697305882045,-3674.9215693420547,1470.6092830106656,4296.009223002125,-2678.8462707217986,2225.9053315751057,5133.795362231155,1787.4611402002558,-1276.9287194070032,-3140.3957580476635,3230.8547675666764,4297.615812400245,2294.325792070892,-909.7219209793506,-6551.113909320471,-5373.15210436822,472.73731233551814,-2471.167037056886,-3044.1379324454883,811.8778995653871,-1437.9246117569892,367.1999228162402,2240.9579700467875,-1768.8348368520528,1674.3701800624287,2643.789451106669,3438.2800036844924,1435.342432761526,3759.07851263116,1539.044265358783,1801.9019117175699,3911.602299828803
20872.11887058342,7461.760334364816,10561.222432449966,18750.291896527913,374.040852889038,-39415.41211361593,-20912.283378230208,-1172.2131920154163,28582.295362596164,3743.219906426827,16990.07662308635,-13964.576557169781,30386.747381284033,-7633.232047290379,-14110.551754797227,2112.003808504076,-23658.381141603288,979.6971695683476,5177.264867289009,12447.987668804204,-8609.845168789729,3827.4761697408826,-9065.93484752807,-3235.974224190135,64.24289660235543,-19428.396578000935,7773.565408885177,22707.77636310835,-14159.910274035035,11767.18159280299,27133.86450398084,9447.129696973943,-6748.748875340652,-16595.92508481734,17076.22100229238,22714.7439767555,12124.707607145021,-4812.420524237925,-34629.62760408379,-28401.399742103567,2497.641142999346,-13060.781286042753,-16090.834413406374,4292.044050605343,-7599.325044110578,1943.7972733086053,11843.106073544159,-9352.98343677565,8850.96125199578,13977.860297863563,18175.435649297724,7587.256510948417,19869.157976191244,8135.45282389623,9524.421909210103,20676.388751558163
50186.07923965804,17940.884472132933,25394.217988193792,45085.73662578882,899.5894682972894,-94772.48334554743,-50284.12912977631,-2819.5405096054888,68725.01857676286,9000.394885670616,40854.12974487728,-33578.46550455708,73063.45937773395,-18352.697060836046,-33928.417923800946,5079.847125899011,-56885.46264710986,2354.8080996701897,12447.987668804204,29931.543073566456,-20701.551550958124,9202.128770538093,-21798.292238730195,-7782.407802795655,155.10581012632485,-46716.33762055178,18691.80431261656,54599.84987529745,-34046.45464896691,28294.226887475455,65240.71462187777,22713.98647875286,-16226.138642762173,-39902.758353305624,41059.42543094428,54615.78899785307,29151.531762565028,-11572.637676865384,-83265.94123950445,-68289.61625028195,6004.387626873363,-31403.004103432802,-38689.83417235203,10320.174540208423,-18272.08657575955,4675.071734782781,28475.554266881503,-22490.047254320543,21282.140339955255,33610.40765844547,43702.181671372564,18243.69995282886,47774.5123714848,19561.694669230594,22900.37476674217,49716.00835799228
-34711.04698412694,-12409.095067204107,-17563.69466089973,-31182.8489152301,-622.1045085697481,65549.46792961257,34778.35769943789,1949.782384617652,-47533.51061489761,-6225.1874235130945,-28255.529409747076,23223.789081135477,-50534.21636542978,12694.22572534819,23466.35171063487,-3512.706657197331,39344.82338166124,-1628.8998103606025,-8609.845168789729,-20701.551550958124,14318.49520538861,-6365.0411674065645,15076.981702764855,5381.8739907836425,-106.7668710540658,32310.536226373923,-12927.737480135826,-37763.88497634586,23548.489652977634,-19569.431093369334,-45124.39898026535,-15710.867153820489,11223.361529522617,27599.240280800284,-28398.186751048317,-37775.325411178375,-20163.578884071056,8003.676951647085,57590.59443437813,47232.63743725471,-4153.572414299161,21720.464763644046,26759.668276711156,-7137.91669804697,12637.805403515029,-3232.94401855525,-19695.273564535706,15554.76373616996,-14719.528594976726,-23246.09828920864,-30226.620742114937,-12617.913661142815,-33043.091943265354,-13529.624484391656,-15839.500118495896,-34385.651734926825
15429.98580504998,5516.340944187103,7807.467434992712,13861.058120557498,276.46541389393036,-29138.393201648116,-15459.348256011828,-866.3469876327132,21129.805931564642,2767.2275996126195,12559.6191843954,-10323.209575850302,22463.83249201418,-5643.215561883871,-10431.35047985367,1560.9510177006007,-17489.784912586132,724.4434882919331,3827.4761697408826,9202.128770538093,-6365.0411674065645,2829.709340508336,-6702.184351026809,-2391.864012432331,47.336991865656664,-14362.322807190696,5746.57292368629,16787.020108103137,-10467.99199646037,8698.911174338022,20059.39559379285,6984.196471158363,-4989.313916878625,-12269.074326812495,12623.724935625018,16792.363952793236,8963.754547448862,-3557.328261315882,-25600.28524304215,-20996.18186919294,1846.6605572996493,-9655.602408343642,-11895.324687156468,3172.9208311531447,-5617.93572381303,1436.6902228873944,8755.320931296526,-6914.047951638646,6543.093027787117,10333.031258553443,13436.396876873161,5608.8693798081795,14688.53770323193,6014.169949950954,7041.208269702221,15285.167104516451
-36549.88737397199,-13066.423728362226,-18494.163708084106,-32834.83862920919,-655.0660204323062,69021.91761071596,36620.80019239225,2053.10374905446,-50051.594778936065,-6554.954907121897,-29752.52446032303,24454.15562452635,-53211.27035404343,13366.61791017227,24709.532662398207,-3698.89311343789,41429.10545968021,-1715.1718820919834,-9065.93484752807,-21798.292238730195,15076.981702764855,-6702.184351026809,15875.673587881247,5667.064993086522,-112.51491789627752,34022.290232198015,-13612.632945107805,-39764.43182079137,24795.94347151597,-20606.160878614573,-47514.78464015054,-16543.045546400634,11817.846568252748,29061.255359975727,-29902.655796948067,-39776.409741699084,-21231.63763533388,8427.731960871306,60641.47613554452,49734.74021561315,-4373.528189412023,22871.017783497606,28177.288756658407,-7516.03865632115,13307.304168394767,-3404.2520878132877,-20738.620500748046,16378.80424157222,-15499.340446820532,-24477.610665632128,-31827.8604386905,-13286.389211611982,-34793.55689214161,-14246.350387565706,-16678.536342952502,-36207.27697335448
-13047.740362881314,-4664.028034267733,-6602.3179184274995,-11722.733606601421,-234.0344672440711,24639.624377513075,13074.249143869783,733.736191837545,-17867.769266275944,-2339.9978386340586,-10623.02891825208,8730.80014921671,-18995.500802449515,4770.789034287028,8821.094162907908,-1321.772005324893,14789.484392566408,-611.6365593165767,-3235.974224190135,-7782.407802795655,5381.8739907836425,-2391.864012432331,5667.064993086522,2024.4185429656532,-40.6998479449877,12146.741572609804,-4860.019633971011,-14195.290223645441,8851.396789233648,-7356.523850526887,-16960.82574025377,-5904.590112498021,4218.007748135156,10373.272240265913,-10675.155610992693,-14198.907068657265,-7577.874510046978,3009.6838379332908,21648.488902128705,17754.28846830544,-1560.3780194990245,8163.715386270231,10058.959813540163,-2683.226518760955,4750.391725968488,-1216.3348162958096,-7402.82605295189,5847.967895384903,-5533.343388363506,-8739.147693803905,-11362.15725935893,-4743.436344626731,-12420.773514706336,-5086.041359060776,-5953.400008519109,-12925.894725156579
259.4928446514981,92.51997183480654,131.40659638756358,233.3449087386852,4.689941121675136,-489.58532620503405,-260.1431861100966,-14.683592866120915,355.1938187707708,46.42560394745457,211.91173246477706,-174.02207966366217,377.67685731073635,-94.424241580019725,-175.55004527267752,26.701751134041402,-293.93089030067017,12.177697305882045,64.24289660235543,155.10581012632485,-106.7668710540658,47.336991865656664,-112.51491789627752,-40.6998479449877,1.2640528549758945,-241.8866690381168,96.92622810716516,282.2164167196812,-175.73166822913387,146.36026327549726,336.7268080836308,116.81441309646914,-83.44237280768712,-205.992166535997,212.7069272854312,282.0156289163089,150.0488170278239,-60.02776961087488,-430.3953552619509,-352.7367397572771,30.574935233859996,-161.85202910865232,-200.0597698812732,53.302162162778245,-94.55238066140404,24.423984776132922,147.14608490553775,-116.3801965529944,110.17677313135269,173.9180626556113,225.7314322974171,94.52960533274103,247.00481011493338,101.18885442317348,117.96858192817544,257.2128627699046
-78329.05160038162,-28001.638509341945,-39634.58836434749,-70368.99420654296,-1404.0969953937788,147918.71526006865,78482.55372813925,4400.9880899847285,-107264.32323779099,-14047.69516041717,-63764.257076353075,52408.423973362114,-114035.46561568331,28644.423843378452,52954.55446039479,-7928.743546752234,88785.45292633666,-3674.9215693420547,-19428.396578000935,-46716.33762055178,32310.536226373923,-14362.322807190696,34022.290232198015,12146.741572609804,-241.8866690381168,72913.94240537858,-29173.573122610025,-85218.0442774498,53138.969491005904,-44161.060764215385,-101825.97183731437,-35451.53510249376,25325.42696219781,62278.87050137215,-64084.10958116032,-85242.83455421843,-45498.92187317118,18062.67454038884,129959.57695048545,106584.77822110652,-9371.55487795764,49013.035435777434,60386.10064809013,-16107.552977731117,28518.396786902544,-7296.959343605052,-44443.66913646976,35102.22968216062,-33216.63320667197,-52458.60067214476,-68209.49321129343,-28474.24005185533,-74565.12930034011,-30531.375965554835,-35742.492284257336,-77595.42544403298
31340.401391934804,11203.775011320264,15858.291646872403,28155.2757074344,561.7804497644197,-59183.79037518682,-31401.58120001247,-1760.7183464143445,42917.63695604788,5620.570178329305,25512.772142715326,-20969.24942742966,45626.95410339253,-11460.91671576781,-21187.7489134598,3172.279135621074,-35524.01345434215,1470.6092830106656,7773.565408885177,18691.80431261656,-12927.737480135826,5746.57292368629,-13612.632945107805,-4860.019633971011,96.92622810716516,-29173.573122610025,11672.783288715402,34096.70961296703,-21261.39264444929,17669.256173278187,40741.70444678576,14184.43158087347,-10132.89619034294,-24918.640731827236,25641.05209628917,34106.66136365454,18204.58332800484,-7226.875444015927,-51998.174846207476,-42645.71595175237,3749.5801607400135,-19610.613543051142,-24161.16475841755,6444.767451246071,-11410.665298643036,2919.5122361021477,17782.547002373885,-14044.638873903687,13290.351940676734,20989.115189281576,27291.23834399996,11392.925596061188,29834.4283628779,12215.991419865872,14300.833653814101,31046.865441726306
91548.59568223696,32727.967150243134,46323.49639811022,82243.68940934443,1640.866249054425,-172882.81423071222,-91726.5852426065,-5142.760633441455,125367.06508284825,16418.47444215255,74523.68864428798,-61252.27105678099,133281.2729425103,-33479.6323214257,-61891.43469578458,9265.371263797448,-103769.70595300398,4296.009223002125,22707.77636310835,54599.84987529745,-37763.88497634586,16787.020108103137,-39764.43182079137,-14195.290223645441,282.2164167196812,-85218.0442774498,34096.70961296703,99600.1993850678,-62107.45935929269,51613.5179389824,119012.28149104696,41435.64251993297,-29600.32275219709,-72790.93222141136,74899.33164344568,99629.92778266626,53179.242936888346,-21109.74911265563,-151892.1702789052,-124573.21668907267,10954.06812038782,-57285.82145716133,-70577.26534445368,18825.863496423295,-33331.63577635196,8527.301874177188,51945.03796435569,-41025.26231149908,38822.20510001762,61310.78308239163,79720.91140948237,33279.4278425276,87149.4616049961,35683.87591579872,41775.21086018358,90690.68323520962
-57086.69838177296,-20408.225405087738,-28885.75219707033,-51284.312701654344,-1023.1550404095734,107804.2905119295,57197.56143121885,3206.7773369372335,-78174.84299372026,-10238.08897425853,-46470.11009468128,38194.63310438233,-83109.8635940922,20877.076879170992,38593.425727267284,-5777.320010545069,64707.48941476058,-2678.8462707217986,-14159.910274035035,-34046.45464896691,23548.489652977634,-10467.99199646037,24795.94347151597,8851.396789233648,-175.73166822913387,53138.969491005904,-21261.39264444929,-62107.45935929269,38728.38104845222,-32184.468955367913,-74212.53762733942,-25838.287807678305,18458.07576354009,45390.24579318373,-46704.49940797788,-62126.144122125486,-33161.27684100826,13163.224759136985,94715.03146213993,77679.94127812784,-6830.899088917368,35721.85789936814,44009.67086816268,-11739.20629620288,20784.459470505484,-5317.140712517375,-32391.284924413558,25581.896935336772,-24208.187362811903,-38231.28482697028,-49711.471398185735,-20751.82702820157,-54343.52721989406,-22251.202514360713,-26049.92676916309,-56551.61750892897
47441.097992108575,16959.706008265,24005.202287088956,42619.70582984232,850.3684831905173,-89589.11707193828,-47533.80464850411,-2665.341763422179,64966.13518004396,8508.196917732434,38619.28984742771,-31741.652982016054,69067.21770452952,-17349.11857040606,-32072.632026729905,4801.847064176948,-53774.19095205108,2225.9053315751057,11767.18159280299,28294.226887475455,-19569.431093369334,8698.911174338022,-20606.160878614573,-7356.523850526887,146.36026327549726,-44161.060764215385,17669.256173278187,51613.5179389824,-32184.468955367913,26746.67391307993,61672.638378204945,21471.981574113845,-15338.899225334511,-37720.34288356193,38813.33949363281,51628.688877164655,27557.428517725835,-10939.666105984616,-78711.77400315339,-64554.650231452724,5676.238564714013,-29685.65841702997,-36573.673691129894,9755.745068870045,-17272.5874186437,4419.260218346721,26918.057108339974,-21259.943123970963,20118.048273019165,31772.06729772277,41312.03695630557,17245.72703081038,45161.42115288051,18491.685291481834,21648.098630296896,46996.65777962405
109391.40805051613,39107.05728961515,55351.77769499651,98272.0170926121,1960.521989568459,-206577.83873384233,-109603.15378185568,-6144.449352235402,149801.02486111247,19618.46970311745,89046.82200141806,-73189.45976300832,159257.87084455363,-40005.57175448212,-73953.91375607015,11070.102484131769,-123994.49651039155,5133.795362231155,27133.86450398084,65240.71462187777,-45124.39898026535,20059.39559379285,-47514.78464015054,-16960.82574025377,336.7268080836308,-101825.97183731437,40741.70444678576,119012.28149104696,-74212.53762733942,61672.638378204945,142208.80120130655,49512.34071215811,-35370.10275767603,-86978.8086671699,89496.84156884064,119048.35776459493,63545.13501394404,-25223.155140694875,-181495.6427936139,-148852.77468378193,13089.79199642405,-68451.59160759047,-84332.68514561742,22494.944106970717,-39828.03572604256,10188.410770556658,62069.54662395242,-49020.31191227311,46388.38060526816,73259.44774145352,95258.4737502455,39765.24107806367,104134.87395529951,42638.40965811661,49917.719342693505,108365.90910809208
38085.944218193275,13615.842675051372,19271.289797908674,34214.279544757665,682.52552976494,-71922.94335739105,-38159.41270899021,-2139.0890888515323,52155.144595191334,6830.499844509279,31001.990609699173,-25481.355153771387,55447.64624957932,-13928.896027942868,-25747.844212777356,3853.6981640881536,-43170.35159997671,1787.4611402002558,9447.129696973943,22713.98647875286,-15710.867153820489,6984.196471158363,-16543.045546400634,-5904.590112498021,116.81441309646914,-35451.53510249376,14184.43158087347,41435.64251993297,-25838.287807678305,21471.981574113845,49512.34071215811,17238.937890417015,-12314.983180711464,-30283.116777384417,31159.039751813427,41448.4953463821,22124.725861336916,-8781.472671809743,-63189.96837616487,-51825.20271137471,4557.849827652828,-23832.76072044766,-29361.429839350334,7831.9174676302855,-13866.562820145613,3546.888669479751,21610.397610228763,-17066.821092886115,16150.537974479697,25505.94197226857,33165.566218630454,13844.544915111643,36255.824837283486,14844.994311255674,17379.877443459332,37728.727834341465
-27207.407216503783,-9726.743476578346,-13766.802186957528,-24441.570009660507,-487.5671162652157,51379.493782991856,27259.845302957776,1528.0692257231624,-37257.990815854326,-4879.494185805412,-22146.797596972556,18203.048385133803,-39610.06141178036,9950.389636357606,18393.455321135312,-2752.922713814123,30839.545336775172,-1276.9287194070032,-6748.748875340652,-16226.138642762173,11223.361529522617,-4989.313916878625,11817.846568252748,4218.007748135156,-83.44237280768712,25325.42696219781,-10132.89619034294,-29600.32275219709,18458.07576354009,-15338.899225334511,-35370.10275767603,-12314.983180711464,8797.460055732363,21633.347622895293,-22259.03381804073,-29609.51890361574,-15805.258280075916,6273.172520537084,45140.91578879868,37022.29879585987,-3256.0117727669567,17025.398655584617,20974.885275918714,-5594.868567194972,9905.84230051662,-2533.744664650646,-15437.81104760025,12191.961572527662,-11537.432825000262,-18220.609312566303,-23692.433222836193,-9890.097232002823,-25900.022029815667,-10604.778910172809,-12415.655370664595,-26952.205609699544
-66906.63348260896,-23918.992729762198,-33854.556181890905,-60105.163617968916,-1199.0359538813861,126348.08525646442,67035.54515288863,3757.6933938035313,-91622.02516821542,-11999.075542780247,-54462.786688810564,44764.30522894508,-97406.25732112625,24468.60018066046,45232.094334844085,-6770.298572128353,75838.13302102471,-3140.3957580476635,-16595.92508481734,-39902.758353305624,27599.240280800284,-12269.074326812495,29061.255359975727,10373.272240265913,-205.992166535997,62278.87050137215,-24918.640731827236,-72790.93222141136,45390.24579318373,-37720.34288356193,-86978.8086671699,-30283.116777384417,21633.347622895293,53198.931006384046,-54738.75659098415,-72813.19664055592,-38866.15412804427,15426.594571369062,111007.08180591642,91042.11133971081,-8006.188330159674,41866.8868873777,51579.99044704292,-13758.387174782327,24360.01590809926,-6231.099708761423,-37963.60590693961,29981.607373235427,-28372.23585472255,-44806.874393379185,-58262.29179151671,-24321.393107572752,-63691.607645743345,-26078.67905391265,-30530.931371252907,-66279.2810524684
68844.65124933912,24611.27709568475,34835.409893569486,61847.27846869936,1233.9434309718629,-130007.46462809313,-68978.34111876441,-3867.2501297613594,94275.94395606467,12346.543602580266,56042.28477144421,-46062.06599176015,100227.58295543175,-25176.32423179043,-46542.50405814967,6967.758000329623,-78034.66813399561,3230.8547675666764,17076.22100229238,41059.42543094428,-28398.186751048317,12623.724935625018,-29902.655796948067,-10675.155610992693,212.7069272854312,-64084.10958116032,25641.05209628917,74899.33164344568,-46704.49940797788,38813.33949363281,89496.84156884064,31159.039751813427,-22259.03381804073,-54738.75659098415,56324.91330912439,74921.52586198137,39990.28108394271,-15874.450174748521,-114222.74749469446,-93678.79609377358,8237.041182248906,-43078.53740539148,-53074.14375179054,14156.965576536391,-25065.601077086078,6412.620397536755,39062.77216042142,-30850.90673434321,29194.410513464438,46105.649167573334,59949.83050227239,25026.348858195168,65536.50433223361,26834.368389087787,31414.513805168863,68199.60250183527
91575.9125019729,32737.97404582279,46337.22422764886,82267.6564614644,1641.2775308379237,-172934.47969975419,-91753.41051179757,-5143.914971748193,125404.44476169601,16423.38084969478,74545.04242002647,-61270.07112432521,133321.11363701208,-33490.05597588514,-61909.785260791105,9267.490004884981,-103800.7099910343,4297.615812400245,22714.7439767555,54615.78899785307,-37775.325411178375,16792.363952793236,-39776.409741699084,-14198.907068657265,282.0156289163089,-85242.83455421843,34106.66136365454,99629.92778266626,-62126.144122125486,51628.688877164655,119048.35776459493,41448.4953463821,-29609.51890361574,-72813.19664055592,74921.52586198137,99660.00911931436,53195.79455154874,-21115.509788423413,-151937.3046316885,-124610.54559048246,10957.754384783977,-57303.35333287543,-70598.26043044485,18831.442563258326,-33341.646036633574,8529.379921468168,51960.79010335308,-41037.07393918295,38833.616740924524,61328.60475686941,79744.65608256747,33289.175836226874,87175.48580068928,35694.43653917662,41787.94038359125,90717.54500771554
48880.248286033515,17474.850071000998,24733.152264056567,43910.96614627104,875.9235285840901,-92307.03746225861,-48974.177065001124,-2745.1068171032193,66936.77431524181,8766.321261850819,39788.33186043572,-32703.15886329306,71162.56061157856,-17876.621219065863,-33045.30138267409,4945.708462511557,-55405.55232516362,2294.325792070892,12124.707607145021,29151.531762565028,-20163.578884071056,8963.754547448862,-21231.63763533388,-7577.874510046978,150.0488170278239,-45498.92187317118,18204.58332800484,53179.242936888346,-33161.27684100826,27557.428517725835,63545.13501394404,22124.725861336916,-15805.258280075916,-38866.15412804427,39990.28108394271,53195.79455154874,28395.384333566166,-11270.012545872572,-81098.97431822836,-66513.31523401813,5849.638340208578,-30587.39782694724,-37682.99754615412,10051.54891925511,-17796.71992395083,4551.917579914705,27735.35409957948,-21903.577694135634,20727.88724450442,32734.521959097503,42565.121970598615,17768.350858188503,46531.42219155232,19052.27578870768,22305.57448044546,48421.72312923357
