V1,V2,V3,V4,V5,V6,V7,V8,V9,V10,V11,V12,V13,V14,V15,V16,V17,V18,V19,V20,V21,V22,V23,V24,V25,V26,V27,V28,V29,V30,V31,V32,V33,V34,V35,V36,V37,V38,V39,V40,V41,V42,V43,V44,V45,V46,V47,V48,V49,V50,V51,V52,V53,V54,V55,V56
30146.51262682489,6512.475200042852,-30343.318342110837,-8958.758362895705,-8235.526742129801,-40994.23677828419,2529.304755183355,-1910.3545424271526,-11468.439520253352,-19841.4649140262,29872.225585731136,19000.62438974226,-30390.25514657697,46014.515102074176,5446.922146001793,11061.39998299044,-18479.903087614875,-24386.284484694235,6705.942038401517,-35050.93848544401,948.0786877279572,-11945.820678893153,43286.54710858478,29585.922631301193,37579.00558608616,31068.486340606305,-1781.2061667789312,-22293.357616501937,-30762.548098810053,-2839.5119060800425,27724.632519523013,18586.588673372917,19332.045916195333,-2382.503652389253,28026.422725878696,-23552.212630945825,-39399.93990499988,-17323.965096476608,-21831.023971719562,-22364.224243112774,38485.44343794478,50229.76520853819,20490.922283537086,-34624.728637573695,-34546.33537212262,-13436.898692890709,40648.05139640999,-15442.717265890276,-7391.932938473612,-12676.803607282565,24948.573178555172,-25768.85145388513,5579.195041925896,2113.380125968435,-26992.331104160196,796.2484860409155
6512.475200042852,1407.2294868378267,-6554.901641621078,-1935.415256741135,-1778.7709624747038,-8855.878257586004,546.0915050196836,-412.57602264881115,-2477.296146559941,-4285.728537032234,6453.0139056947855,4104.178168758248,-6564.858956601872,9939.890372557733,1176.9077029915281,2389.5202540341597,-3992.2207897276708,-5267.765481546192,1448.8688360930234,-7571.26233605059,204.7241237837117,-2580.4428756070074,9350.980461278918,6391.243663416954,8117.746749079633,6711.467377526764,-384.69475538783524,-4815.998611770434,-6645.140266630902,-613.3180023022386,5989.161837090517,4015.2186697237066,4176.173078401458,-514.8540046571418,6054.0866880937865,-5088.449265290555,-8511.079049563852,-3742.1591662686847,-4715.85757675499,-4831.244825700225,8314.109345350753,10850.665989595975,4426.0250865741255,-7479.660349651541,-7462.613795799868,-2902.27021691437,8780.805154739648,-3335.9506422354875,-1596.6234760568482,-2738.531471893423,5389.787153971709,-5566.660852770439,1205.3319579047863,456.6613448708094,-5830.58369236351,172.23540045725088
-30343.318342110837,-6554.901641621078,30541.771469134706,9017.246480451151,8289.252464605948,41261.40539722813,-2546.029179978296,1922.930350223681,11543.223065765329,19971.764188083627,-30067.45925871304,-19124.690331358393,30589.02606637671,-46314.89991268764,-5482.008467838307,-11133.545602830574,18600.23453227571,24545.401603702732,-6749.429101935122,35279.799212568636,-954.6035390501296,12023.93839805302,-43569.520320417905,-29778.800824511993,-37824.63483203962,-31271.111643260607,1792.891773740439,22439.034265018534,30963.50838137996,2857.556034425851,-27906.026478541236,-18707.54868325389,-19457.797360433004,2398.2010487357197,-28209.571394622155,23705.351619021436,39656.68021193991,17436.815213035203,21973.523901139237,22509.85382607719,-38736.29815883516,-50557.58609652953,-20624.61501224616,34850.68585199638,34772.13367222721,13524.520909734241,-40913.64934862455,15543.638823392972,7440.5719184613445,12759.58180982125,-25111.28373263201,25937.066622935374,-5615.527869464125,-2127.3552305451494,27168.699610683743,-801.3130035401342
-8958.758362895705,-1935.415256741135,9017.246480451151,2662.3347959967828,2447.298549541725,12182.270909329389,-751.610527728981,567.6690349531013,3408.050949180283,5896.270018602251,-8877.222584199097,-5646.323496370803,9031.10733253862,-13674.109583484676,-1618.6504030295655,-3287.1273573343146,5491.699322197048,7246.788547958221,-1992.827249947474,10415.99720111257,-281.7500582817303,3549.92564874046,-12863.622283691499,-8792.041039216392,-11167.439874439058,-9232.600748727098,529.2903693612498,6624.990609699241,9141.68375724462,843.728971743808,-8239.015457002328,-5523.378281352997,-5744.8578171857025,708.0905059584085,-8328.609247829489,6999.125665701766,11708.391122861758,5148.1025293357225,6487.535874095222,6645.95693980498,-11436.80379665412,-14926.812629756847,-6089.164689238211,10289.457086914073,10266.186603480197,3992.891768980604,-12079.455230249769,4589.1398068001345,2196.6674768929774,3767.1956524548914,-7414.052827963096,7657.75190365751,-1657.982297658643,-628.1138574542755,8021.255187244922,-236.65630757390238
-8235.526742129801,-1778.7709624747038,8289.252464605948,2447.298549541725,2250.16227186389,11199.216564295668,-691.1791468655142,521.9717302304442,3133.239425125846,5420.678021507891,-8160.7200288779995,-5191.1850792378955,8302.296485826986,-12571.000435365288,-1487.9997592921984,-3021.8771772819514,5048.4928853552,6662.390691760197,-1831.8814293964751,9576.095737379681,-258.96441098931734,3263.562599466754,-11825.145303974208,-8082.679768702083,-10266.209003973516,-8487.72939918708,486.68884650823713,6090.129979239757,8404.242643163783,776.0206617016042,-7573.907798157357,-5077.721844117536,-5281.503567105216,650.6154310939647,-7656.71611153089,6433.8163919824065,10764.085431707013,4733.045077292737,5964.1435167618865,6109.777349474377,-10513.6041143267,-13722.391617846393,-5598.451254321807,9459.213635679876,9437.758680163646,3671.3281247846076,-11104.616232136226,4218.773177066389,2019.4512486632964,3463.110381090214,-6815.4278282637915,7039.793047616369,-1524.120374178518,-577.1301625218705,7374.360577893454,-217.35288055992547
-40994.23677828419,-8855.878257586004,41261.40539722813,12182.270909329389,11199.216564295668,55747.97712844605,-3438.8192636613303,2597.9892770279653,15595.656091828083,26980.473690810166,-40620.870595965804,-25838.790342462646,41326.066504569615,-62573.7486353592,-7408.397704191043,-15042.067373385997,25130.66281564996,33163.14209866312,-9119.833997394127,47664.77932637429,-1288.7346615802144,16244.676923939323,-58862.23784554667,-40233.64977458331,-51100.89454300017,-42249.82588326751,2422.43269899176,30315.55140313053,41832.86525968846,3862.7445765466655,-37700.75366892981,-25275.997023075437,-26290.282435377907,3239.155434116872,-38111.74241696462,32028.777015968506,53580.23767528183,23558.897271371632,29686.97103768109,30413.40090026887,-52335.75819553299,-68305.71694926474,-27865.640465928784,47084.92284164624,46977.38968602854,18273.76057638079,-55274.94939961249,20999.707484386203,10051.224629342014,17238.657883967382,-33926.9359783649,35042.28082212794,-7587.21881033641,-2872.981941112145,36705.994910930145,-1083.0658346411324
2529.304755183355,546.0915050196836,-2546.029179978296,-751.610527728981,-691.1791468655142,-3438.8192636613303,212.63053834953845,-160.3367931627247,-962.2676226475419,-1665.400550764078,2506.568607859075,1594.338085007428,-2549.939185100478,3860.7062379333743,456.4400554175248,928.0013547900992,-1550.1560216423138,-2045.901254124934,562.24902276355,-2941.1005204557564,79.75936682289944,-1002.3512789820312,3631.9407634203862,2481.9911029213577,3153.2872144241674,2606.3973753263135,-149.46589987492615,-1870.3513858958072,-2581.160184835353,-237.94827349891295,2326.2730131234134,1559.0981857414115,1621.5703215549313,-199.8922410762974,2351.679401754854,-1975.1713110940823,-3305.331300099867,-1453.4562743542833,-1831.7474443656931,-1875.987886769533,3228.319154973112,4214.234729818089,1719.37809616427,-2904.996826907273,-2898.747171810651,-1127.3547215360115,3410.5853990205705,-1295.7052832620268,-620.5535726124876,-1063.532840027868,2092.78276378739,-2161.9123303636316,467.93225004833033,177.41531361379228,-2264.907907376647,66.53863042701242
-1910.3545424271526,-412.57602264881115,1922.930350223681,567.6690349531013,521.9717302304442,2597.9892770279653,-160.3367931627247,121.16262734390723,726.8252126059565,1257.6909702753017,-1893.0512845094458,-1204.336044993634,1926.0816215779164,-2916.2617507034574,-345.15179640245316,-700.995140484613,1171.0783155370577,1545.6658199742412,-424.91843116243325,2221.5190774701505,-60.1646345172271,757.1464811428552,-2743.174746729199,-1875.0144474449323,-2381.5015686844954,-1969.0257033987614,112.96455126960372,1412.8127577824985,1949.6835973056948,179.97737555415142,-1757.062529155869,-1177.8591863006059,-1225.1780576581498,150.90258632802434,-1776.2432856358487,1492.3724018039902,2497.0693359905044,1097.9453985095452,1383.5180670695827,1417.329298451699,-2438.887364237646,-3183.296364611875,-1298.797827469737,2194.3145356725618,2189.375772544055,851.8280502590912,-2576.0480489069973,978.68691997245,468.54360787713085,803.376799383049,-1581.017291871993,1633.1161616542322,-353.5645203083534,-133.8402077510121,1710.7959565550486,-50.40083953141206
-11468.439520253352,-2477.296146559941,11543.223065765329,3408.050949180283,3133.239425125846,15595.656091828083,-962.2676226475419,726.8252126059565,4363.082023176386,7548.261511893891,-11364.118447378094,-7228.745953895015,11561.311195463002,-17505.566626216674,-2072.3173728655415,-4208.118829115973,7030.373036521051,9277.62058373973,-2551.1660541153365,13334.82825340935,-360.58276054618574,4544.607791989048,-16467.161809710175,-11255.576844093239,-14296.04695721481,-11819.61486027521,677.7010441060471,8480.915638790995,11703.16428538323,1080.5994392085802,-10547.067932721195,-7071.051600306664,-7354.789323890114,906.118136550615,-10662.185989485037,8959.868281614035,14989.428646394283,6590.853724371588,8305.250434227675,8508.247286714994,-14641.018042989062,-19109.05088964152,-7795.811440031857,13172.382822567663,13142.41504180681,5112.2911438870715,-15463.662643231164,5874.837892541452,2812.0504469368275,4822.603183537375,-9491.08063766211,9803.287569515696,-2122.496926557427,-803.7385836930204,10268.930017253577,-302.84552626328014
-19841.4649140262,-4285.728537032234,19971.764188083627,5896.270018602251,5420.678021507891,26980.473690810166,-1665.400550764078,1257.6909702753017,7548.261511893891,13061.109599973364,-19661.56383466693,-12506.292116954484,20002.97291399696,-30285.99413481373,-3583.963456388305,-7280.219764813357,12162.319998113426,16050.678934821291,-4412.923947627764,23070.397819138594,-624.7034867610408,7862.856739950705,-28490.664606391205,-19472.292404539963,-24734.248953861712,-20448.27614883574,1172.5835227766406,14673.056630821507,20247.741098285114,1868.1598842575622,-18248.37648136017,-12232.476851346219,-12723.126766891435,1568.1250112643454,-18446.936318352546,15499.6823087407,25931.57425980335,11402.040472503157,14368.752929238413,14718.910623902695,-25329.0972368861,-33059.98071727656,-13487.099700350336,22789.0832908001,22738.21361663641,8844.256544686656,-26754.064470512858,10164.24381327886,4866.08999023242,8343.542531167843,-16419.903328207452,16960.439865557248,-3671.834375984047,-1391.0986626045317,17766.446460114952,-523.5830544952132
29872.225585731136,6453.0139056947855,-30067.45925871304,-8877.222584199097,-8160.7200288779995,-40620.870595965804,2506.568607859075,-1893.0512845094458,-11364.118447378094,-19661.56383466693,29600.651735750314,18827.898274559033,-30113.99821987477,45595.964961046906,5396.9552199528625,10960.722584891295,-18311.536920260005,-24164.39376777543,6644.646696293922,-34732.278252697826,939.6635130734172,-11837.244584757455,42892.926222886104,29316.554337165016,37237.40412314213,30785.670575148644,-1765.0464342503697,-22090.544310514022,-30482.8350090597,-2813.413963975589,27472.607696946656,18417.22232114847,19155.867919331293,-2360.859675742648,27771.64681914639,-23337.296194296963,-39041.240582329214,-17166.296019506553,-21632.47271588785,-22160.47758113166,38134.88231770139,49772.75539326666,20304.624890045987,-34309.68996899663,-34232.27602740054,-13314.691612794719,40278.41656121826,-15302.288881211683,-7324.983968457467,-12561.448024305253,24721.332294086995,-25534.376033581928,5528.327396760248,2094.2371907429547,-26746.974247547056,788.819336542281
19000.62438974226,4104.178168758248,-19124.690331358393,-5646.323496370803,-5191.1850792378955,-25838.790342462646,1594.338085007428,-1204.336044993634,-7228.745953895015,-12506.292116954484,18827.898274559033,11976.789578270478,-19154.900420451228,29003.28093386412,3433.3295162422055,6971.96453538255,-11647.765698709845,-15371.379850070085,4226.662032523477,-22093.308658895974,597.5423465594827,-7529.606655688306,27282.61321013733,18648.20251638965,23685.55569939997,19582.77679102384,-1122.9261161445831,-14051.12862984656,-19389.911830798585,-1790.3335972038196,17474.391672100664,11715.187156296492,12185.378679066627,-1501.141591598238,17665.170950978663,-14844.329145071648,-24834.53848206139,-10919.73470341701,-13760.069981468167,-14096.417161310705,24257.012439609618,31659.78249252443,12916.30822284249,-21823.916462584883,-21774.320589063198,-8470.37582247053,25620.125952214792,-9733.423931794156,-4659.1220801179015,-7990.057646860933,15724.664100698796,-16242.076660259358,3516.523528119697,1331.510842838203,-17013.7414370194,501.67237192496043
-30390.25514657697,-6564.858956601872,30589.02606637671,9031.10733253862,8302.296485826986,41326.066504569615,-2549.939185100478,1926.0816215779164,11561.311195463002,20002.97291399696,-30113.99821987477,-19154.900420451228,30636.757014884126,-46387.38973486362,-5490.7788466034735,-11150.915121951193,18629.273179581247,24584.19108314133,-6760.001426602064,35335.188678447215,-956.0638646620727,12042.802319988557,-43637.01976925526,-29825.46692812092,-37883.29665017596,-31320.189039244866,1795.8400537942582,22473.91095187305,31011.98322443072,2862.3808225382854,-27949.361525173223,-18736.839465073022,-19488.483386250547,2401.6571587418707,-28253.623750951636,23742.205648174768,39719.09844644965,17464.262350300265,22007.76341358498,22545.222085362002,-38796.735350671624,-50636.51020273567,-20657.258257636524,34905.05984600206,34826.2194608544,13546.293620863742,-40977.29236500506,15567.839744619001,7452.112890751274,12779.450682511664,-25150.373747831854,25977.5941430502,-5624.318489667466,-2130.3437691935596,27211.349125249893,-802.5227609774652
46014.515102074176,9939.890372557733,-46314.89991268764,-13674.109583484676,-12571.000435365288,-62573.7486353592,3860.7062379333743,-2916.2617507034574,-17505.566626216674,-30285.99413481373,45595.964961046906,29003.28093386412,-46387.38973486362,70236.707071153,8314.511644749813,16884.026289906924,-28207.570922147086,-37224.060337143754,10235.912130699535,-53502.34876545327,1447.052594863477,-18234.219496856596,66071.13639251098,45160.12126430628,57359.602456824636,47423.25380262505,-2719.130549869592,-34028.018662574745,-46956.089416050745,-4335.047926569157,42318.1311118847,28370.62845346585,29508.9589120816,-3635.9520163934258,42779.44037557517,-35949.43083965451,-60140.93321476976,-26443.76044157986,-33322.665899621905,-34137.06214538776,58743.70768087321,76670.398123983,31278.29700783759,-52850.920690066734,-52730.92717333986,-20511.450630420015,62044.44870240267,-23571.511620916866,-11282.874708286023,-19349.651884690535,38080.96455617591,-39333.44143983521,8516.05443205502,3225.110162663566,-41201.48969001675,1215.2201699967713
5446.922146001793,1176.9077029915281,-5482.008467838307,-1618.6504030295655,-1487.9997592921984,-7408.397704191043,456.4400554175248,-345.15179640245316,-2072.3173728655415,-3583.963456388305,5396.9552199528625,3433.3295162422055,-5490.7788466034735,8314.511644749813,985.2396720961691,1998.7972930861035,-3339.68822683667,-4406.896007527512,1212.314791587701,-6333.319241737834,170.82666744489714,-2158.3840743693663,7820.682335632824,5346.527970042367,6789.349597458798,5614.3966144074075,-321.8838333845865,-4028.062943758288,-5558.3731911340665,-513.9848598479791,5008.971737729294,3359.102025087459,3494.067846849845,-430.16661987104874,5063.780368437903,-4256.857493494457,-7120.274635998028,-3130.680106019906,-3944.551866980413,-4041.830485885709,6954.849237309359,9076.22746040471,3702.7491980977156,-6256.4803738060755,-6241.619024371356,-2428.4719748815446,7344.24484742443,-2790.1870460524406,-1334.9765883399741,-2290.5960531793617,4508.4228398730465,-4656.338789506604,1008.3513730362489,381.3971698868061,-4877.108379553782,144.19427049270055
11061.39998299044,2389.5202540341597,-11133.545602830574,-3287.1273573343146,-3021.8771772819514,-15042.067373385997,928.0013547900992,-700.995140484613,-4208.118829115973,-7280.219764813357,10960.722584891295,6971.96453538255,-11150.915121951193,16884.026289906924,1998.7972930861035,4058.7326306416016,-6780.831772131287,-8948.173071586389,2460.664661646487,-12861.232082078732,347.7982228845959,-4383.249328852492,15882.722837604933,10855.989620681978,13788.535394024944,11399.998508417293,-653.6161157987402,-8179.945638830516,-11287.625883237803,-1042.1258583025513,10172.74380000711,6820.026049409611,7093.649814771256,-874.0654122192611,10283.61182333486,-8642.008722094084,-14457.174781827309,-6356.757446936479,-8010.364702572808,-8206.19378090231,14121.408572785778,18430.66147221749,7518.846033127321,-12704.745110341615,-12675.846528996959,-4930.620845999708,14914.726531472928,-5666.300317034701,-2712.194032857128,-4651.43775144627,9154.294207752473,-9455.296760061028,2047.1845187303472,775.2945781087508,-9904.262569334549,292.17881723434436
-18479.903087614875,-3992.2207897276708,18600.23453227571,5491.699322197048,5048.4928853552,25130.66281564996,-1550.1560216423138,1171.0783155370577,7030.373036521051,12162.319998113426,-18311.536920260005,-11647.765698709845,18629.273179581247,-28207.570922147086,-3339.68822683667,-6780.831772131287,11328.733171444528,14949.50024354614,-4111.181880111439,21486.72242688052,-580.8633620296071,7322.87564617892,-26534.52999961259,-18136.931584611848,-23035.79791739894,-19045.76291959408,1091.9530728615593,13665.939114331983,18857.760846353776,1741.3247283984158,-16995.069585890065,-11394.234229379099,-11851.432330572767,1460.2241389188184,-17180.338206366487,14438.426964591523,24153.42174153173,10620.126020443086,13382.616205719445,13710.079103734848,-23592.51885588911,-30791.551558292926,-12561.463487737963,21225.432095426735,21176.91447220338,8237.482245749488,-24917.3807390852,9466.444076260505,4530.908898732442,7771.011578940286,-15293.970214033594,15796.695744818544,-3420.2513747818693,-1295.1569745864995,16546.596102494317,-488.27031871673415
-24386.284484694235,-5267.765481546192,24545.401603702732,7246.788547958221,6662.390691760197,33163.14209866312,-2045.901254124934,1545.6658199742412,9277.62058373973,16050.678934821291,-24164.39376777543,-15371.379850070085,24584.19108314133,-37224.060337143754,-4406.896007527512,-8948.173071586389,14949.50024354614,19728.403501826895,-5424.975492780998,28355.26511737763,-766.7915189459349,9663.78284760451,-35015.69121906234,-23934.14087780675,-30398.83987637599,-25133.61318885405,1441.203286757235,18033.965852990874,24885.76350681202,2297.9349269861505,-22427.38357282664,-15036.013537494657,-15639.526200598308,1926.6873320369893,-22672.0924686676,19052.561452266393,31873.96878193736,14014.848326989948,17660.191167631874,18092.241071371234,-31133.049127892566,-40633.64672685782,-16577.174178065085,28009.817548622726,27945.94883519415,10871.227615586196,-32881.91451452016,12492.297625281946,5979.476612348707,10254.861161459366,-20182.101685024143,20845.918616894516,-4513.397760578455,-1708.884609322997,21836.01671674833,-644.0883220888142
6705.942038401517,1448.8688360930234,-6749.429101935122,-1992.827249947474,-1831.8814293964751,-9119.833997394127,562.24902276355,-424.91843116243325,-2551.1660541153365,-4412.923947627764,6644.646696293922,4226.662032523477,-6760.001426602064,10235.912130699535,1212.314791587701,2460.664661646487,-4111.181880111439,-5424.975492780998,1492.1400421750789,-7796.921509338694,210.60286105881127,-2657.2488950906027,9628.622334494099,6581.745771736021,8358.91115309589,6911.52157363027,-396.23163790249805,-4959.0854887963,-6842.982403023533,-632.1646703858746,6166.96922324718,4134.993184677398,4300.953988546509,-529.8190114044314,6234.218426147248,-5239.9966706672685,-8765.077782107357,-3853.8990741983944,-4856.205983025301,-4975.405582262924,8561.658509612296,11173.663428029757,4558.235184702003,-7702.308377584732,-7684.439050012078,-2989.270203344443,9041.839641262108,-3435.118490625663,-1643.8994632695274,-2819.970133391986,5550.123277603736,-5732.3497176393275,1241.2507582082633,469.8644961066499,-6004.263201650509,177.3568436077181
-35050.93848544401,-7571.26233605059,35279.799212568636,10415.99720111257,9576.095737379681,47664.77932637429,-2941.1005204557564,2221.5190774701505,13334.82825340935,23070.397819138594,-34732.278252697826,-22093.308658895974,35335.188678447215,-53502.34876545327,-6333.319241737834,-12861.232082078732,21486.72242688052,28355.26511737763,-7796.921509338694,40755.346781238986,-1102.318866819534,13889.829856422535,-50328.8584069414,-34400.27745467448,-43693.198208764814,-36124.22890354353,2071.344348630871,25920.356498460478,35768.54786185657,3302.3081999861643,-32235.338981286997,-21610.989022903086,-22478.181335035697,2769.458669568663,-32587.010601647966,27383.588895538134,45811.971578577955,20143.479872532385,25383.320797808457,26003.53913110711,-44747.10600731239,-58402.98237353969,-23826.369584577726,40258.711861045995,40167.368700675455,15624.774065697256,-47261.776820478015,17955.365725033935,8594.757987942865,14739.346828541658,-29007.497727978927,29961.837416234095,-6486.936742095263,-2456.5540903087976,31385.132638323543,-925.4886598553452
948.0786877279572,204.7241237837117,-954.6035390501296,-281.7500582817303,-258.96441098931734,-1288.7346615802144,79.75936682289944,-60.1646345172271,-360.58276054618574,-624.7034867610408,939.6635130734172,597.5423465594827,-956.0638646620727,1447.052594863477,170.82666744489714,347.7982228845959,-580.8633620296071,-766.7915189459349,210.60286105881127,-1102.318866819534,30.12967990280392,-375.79132787007904,1361.6688616123458,930.1529534272119,1182.106731567876,976.834465798902,-56.059292120284155,-701.2145715149155,-967.5444190610656,-88.81660236453857,872.2700998214386,584.1490428090688,607.5091231746582,-75.07487424677505,881.5560713074899,-740.0790911320961,-1238.5789496738112,-544.5702173431567,-686.5381517006048,-702.943539995929,1209.9110648261728,1579.544431919054,644.3139232593096,-1088.806862502995,-1086.6874850001734,-422.43692630802303,1278.5399953215779,-485.7477284264433,-232.82962809547234,-398.67863109242046,784.4235241638314,-810.364047615966,175.3633662448603,66.64949829418562,-848.9964970292968,24.90756785855721
-11945.820678893153,-2580.4428756070074,12023.93839805302,3549.92564874046,3263.562599466754,16244.676923939323,-1002.3512789820312,757.1464811428552,4544.607791989048,7862.856739950705,-11837.244584757455,-7529.606655688306,12042.802319988557,-18234.219496856596,-2158.3840743693663,-4383.249328852492,7322.87564617892,9663.78284760451,-2657.2488950906027,13889.829856422535,-375.79132787007904,4733.857760035851,-17152.869748244055,-11723.97175745366,-14891.242832325808,-12311.539089501353,705.9518710012801,8834.077016727235,12190.368603841529,1125.2788497926022,-10986.368194441606,-7365.188841351869,-7660.707421517241,943.9587847449802,-11106.071772228315,9332.61747911462,15613.109544330548,6865.015979464985,8650.908849520285,8862.234266519868,-15250.352351864152,-19904.425879260947,-8120.197200121657,13720.63312236745,13689.595525169942,5325.022991113229,-16107.470331224149,6119.451550061069,2929.288704077029,5023.380126591043,-9886.15834382398,10211.385016057517,-2210.8287867116455,-837.3069836384598,10696.43071685629,-315.43122585308623
43286.54710858478,9350.980461278918,-43569.520320417905,-12863.622283691499,-11825.145303974208,-58862.23784554667,3631.9407634203862,-2743.174746729199,-16467.161809710175,-28490.664606391205,42892.926222886104,27282.61321013733,-43637.01976925526,66071.13639251098,7820.682335632824,15882.722837604933,-26534.52999961259,-35015.69121906234,9628.622334494099,-50328.8584069414,1361.6688616123458,-17152.869748244055,62154.39586680646,42481.47164493971,53958.98507240918,44610.34167198973,-2557.685132545982,-32010.619634530965,-44171.34967348316,-4076.742843028681,39809.50385919412,26687.65766814102,27758.015756572815,-3421.0811962580046,40242.63472772024,-33817.42143069979,-56573.02711745643,-24874.833231215343,-31346.583874401607,-32111.918514768233,55259.9345940753,72123.59292494843,29422.400732580303,-49716.702908635845,-49604.46335293849,-19293.747996795802,58365.73441165441,-22173.920422398085,-10614.265800936095,-18202.3302293666,35822.88914758606,-37000.87187501371,8010.953161038555,3034.668940379253,-38757.825258460616,1143.1859298014247
29585.922631301193,6391.243663416954,-29778.800824511993,-8792.041039216392,-8082.679768702083,-40233.64977458331,2481.9911029213577,-1875.0144474449323,-11255.576844093239,-19472.292404539963,29316.554337165016,18648.20251638965,-29825.46692812092,45160.12126430628,5346.527970042367,10855.989620681978,-18136.931584611848,-23934.14087780675,6581.745771736021,-34400.27745467448,930.1529534272119,-11723.97175745366,42481.47164493971,29036.94122839678,36880.13771801468,30492.03802095318,-1748.3015107268045,-21878.97793603463,-30191.25513040299,-2787.7191495694415,27209.01986033507,18241.840276543015,18973.834719345967,-2337.6898778449236,27505.709592172687,-23115.16687539811,-38669.297762124384,-17002.704739634602,-21425.424335264277,-21949.537297445437,37771.00198556686,49296.88379012711,20111.006969118473,-33981.648603569214,-33904.136534196776,-13188.380716151933,39892.52951233799,-15155.702889274851,-7254.18866971677,-12441.285044412956,24485.241322649657,-25290.31057009899,5475.711421114944,2073.4654198313265,-26491.168547477824,781.5586773163108
37579.00558608616,8117.746749079633,-37824.63483203962,-11167.439874439058,-10266.209003973516,-51100.89454300017,3153.2872144241674,-2381.5015686844954,-14296.04695721481,-24734.248953861712,37237.40412314213,23685.55569939997,-37883.29665017596,57359.602456824636,6789.349597458798,13788.535394024944,-23035.79791739894,-30398.83987637599,8358.91115309589,-43693.198208764814,1182.106731567876,-14891.242832325808,53958.98507240918,36880.13771801468,46844.42946198599,38728.30452000384,-2220.467093779535,-27789.75510396624,-38347.34562086247,-3539.346196639174,34560.368341649344,23168.78673666345,24098.05148548167,-2969.849394217856,34936.65395142899,-29358.08066184115,-49113.839297817176,-21595.19939243377,-27213.55735208054,-27877.82356766479,47973.447951837785,62613.915883922156,25543.295423580803,-43161.44382656732,-43064.03922537754,-16750.0267806131,50670.04079034734,-19250.201225598426,-9214.82092303375,-15802.23198464776,31099.256361425043,-32122.13638299906,6954.6031458351645,2634.444703663267,-33647.681529453905,992.2892484172238
31068.486340606305,6711.467377526764,-31271.111643260607,-9232.600748727098,-8487.72939918708,-42249.82588326751,2606.3973753263135,-1969.0257033987614,-11819.61486027521,-20448.27614883574,30785.670575148644,19582.77679102384,-31320.189039244866,47423.25380262505,5614.3966144074075,11399.998508417293,-19045.76291959408,-25133.61318885405,6911.52157363027,-36124.22890354353,976.834465798902,-12311.539089501353,44610.34167198973,30492.03802095318,38728.30452000384,32020.084229748583,-1835.9529131766812,-22975.407307685673,-31704.27640225559,-2927.371268234593,28572.596859992656,19155.92347565344,19924.625154093555,-2454.8281700919138,28884.139213140246,-24273.385211868168,-40607.1118867312,-17854.739947934504,-22499.096129854996,-23049.45119247248,39663.733994486254,51767.27320365698,21118.87959165692,-35684.54142178815,-35603.1933248832,-13849.378187484082,41891.670800717206,-15915.21292857563,-7617.784572623907,-13064.750605719993,25712.220888126074,-26557.68908695112,5750.101942595334,2177.3582786428046,-27818.789196276004,820.6929129936309
-1781.2061667789312,-384.69475538783524,1792.891773740439,529.2903693612498,486.68884650823713,2422.43269899176,-149.46589987492615,112.96455126960372,677.7010441060471,1172.5835227766406,-1765.0464342503697,-1122.9261161445831,1795.8400537942582,-2719.130549869592,-321.8838333845865,-653.6161157987402,1091.9530728615593,1441.203286757235,-396.23163790249805,2071.344348630871,-56.059292120284155,705.9518710012801,-2557.685132545982,-1748.3015107268045,-2220.467093779535,-1835.9529131766812,105.32617569737887,1317.2929275394536,1817.8738177215741,167.8745268752883,-1638.2397087177192,-1098.2830390888394,-1142.4188750782164,140.682213132417,-1656.1479783854327,1391.5652123188324,2328.3373505675927,1023.7558635448502,1289.9917108934667,1321.5692002428036,-2274.072232879161,-2968.1200763693223,-1211.015336210203,2045.988861409112,2041.3385710201123,794.2720749713857,-2401.8767616838913,912.5158674403921,436.8229389656592,749.0670499966145,-1474.1641758327,1522.7243584082964,-329.67684141361804,-124.76556852304054,1595.13414485755,-47.01158309197077
-22293.357616501937,-4815.998611770434,22439.034265018534,6624.990609699241,6090.129979239757,30315.55140313053,-1870.3513858958072,1412.8127577824985,8480.915638790995,14673.056630821507,-22090.544310514022,-14051.12862984656,22473.91095187305,-34028.018662574745,-4028.062943758288,-8179.945638830516,13665.939114331983,18033.965852990874,-4959.0854887963,25920.356498460478,-701.2145715149155,8834.077016727235,-32010.619634530965,-21878.97793603463,-27789.75510396624,-22975.407307685673,1317.2929275394536,16486.12979026588,22749.132435766915,2099.7832588858087,-20502.61813490332,-13744.82457395294,-14296.160952950915,1761.8636351698028,-20725.70229798388,17416.946148808383,29136.513435367586,12811.106898135406,16144.074222150442,16538.489823938886,-28460.22913732397,-37145.160053370455,-15153.177760091132,25605.129767772498,25547.171909745844,9936.840835724775,-30059.437945656453,11419.995604525,5466.423386677894,9374.588253270897,-18449.658103194815,19056.264667475043,-4125.873747963648,-1562.8032571601236,19961.05251102608,-588.8540675200873
-30762.548098810053,-6645.140266630902,30963.50838137996,9141.68375724462,8404.242643163783,41832.86525968846,-2581.160184835353,1949.6835973056948,11703.16428538323,20247.741098285114,-30482.8350090597,-19389.911830798585,31011.98322443072,-46956.089416050745,-5558.3731911340665,-11287.625883237803,18857.760846353776,24885.76350681202,-6842.982403023533,35768.54786185657,-967.5444190610656,12190.368603841529,-44171.34967348316,-30191.25513040299,-38347.34562086247,-31704.27640225559,1817.8738177215741,22749.132435766915,31392.113115865162,2897.977531850642,-28291.515907089837,-18966.756147883483,-19727.748042961804,2430.810504466584,-28599.876887343395,24033.33534169494,40206.46999946072,17678.651241378495,22277.556606348655,22821.850087233837,-39272.33800815809,-51257.222351722165,-20910.82242420697,35332.94767944003,35252.87305867061,13712.724880343994,-41479.314411670195,15758.545659144176,7543.223511915442,12936.022411423854,-25458.55541696767,26295.9776483153,-5693.277893708743,-2156.171482996611,27544.948573483496,-812.3453698079426
-2839.5119060800425,-613.3180023022386,2857.556034425851,843.728971743808,776.0206617016042,3862.7445765466655,-237.94827349891295,179.97737555415142,1080.5994392085802,1868.1598842575622,-2813.413963975589,-1790.3335972038196,2862.3808225382854,-4335.047926569157,-513.9848598479791,-1042.1258583025513,1741.3247283984158,2297.9349269861505,-632.1646703858746,3302.3081999861643,-88.81660236453857,1125.2788497926022,-4076.742843028681,-2787.7191495694415,-3539.346196639174,-2927.371268234593,167.8745268752883,2099.7832588858087,2897.977531850642,268.57419143900796,-2611.001175631274,-1751.5762747558954,-1822.1317090530954,223.91525957293092,-2640.0238600235107,2219.3976536651885,3712.8900816253504,1632.6121124674178,2056.5792902039225,2107.5836972960633,-3626.0134735867246,-4732.054706491154,-1930.9683943196367,3261.936265318192,3253.892038347172,1266.6697584378544,-3828.7174503523274,1454.5704915436388,695.7682715401098,1194.1417016861228,-2350.3717245307876,2427.6114985651966,-525.7319269814354,-198.48351127334888,2542.8775442195774,-75.13466436818373
27724.632519523013,5989.161837090517,-27906.026478541236,-8239.015457002328,-7573.907798157357,-37700.75366892981,2326.2730131234134,-1757.062529155869,-10547.067932721195,-18248.37648136017,27472.607696946656,17474.391672100664,-27949.361525173223,42318.1311118847,5008.971737729294,10172.74380000711,-16995.069585890065,-22427.38357282664,6166.96922324718,-32235.338981286997,872.2700998214386,-10986.368194441606,39809.50385919412,27209.01986033507,34560.368341649344,28572.596859992656,-1638.2397087177192,-20502.61813490332,-28291.515907089837,-2611.001175631274,25497.83403167918,17093.125986910512,17778.711801998335,-2191.1912770874123,25775.18918064675,-21659.578666072317,-36234.55324241369,-15932.093368903363,-20077.23217146859,-20567.368166187433,35393.46777208355,46194.61757677933,18844.88679760265,-31843.15159144519,-31771.363010683915,-12357.616273506226,37382.88079395742,-14202.272688385168,-6798.48849604846,-11658.465904232855,22944.24631807099,-23698.8150920703,5130.937535164336,1943.687850750743,-24824.220636800786,732.1554370861011
18586.588673372917,4015.2186697237066,-18707.54868325389,-5523.378281352997,-5077.721844117536,-25275.997023075437,1559.0981857414115,-1177.8591863006059,-7071.051600306664,-12232.476851346219,18417.22232114847,11715.187156296492,-18736.839465073022,28370.62845346585,3359.102025087459,6820.026049409611,-11394.234229379099,-15036.013537494657,4134.993184677398,-21610.989022903086,584.1490428090688,-7365.188841351869,26687.65766814102,18241.840276543015,23168.78673666345,19155.92347565344,-1098.2830390888394,-13744.82457395294,-18966.756147883483,-1751.5762747558954,17093.125986910512,11460.173816911425,11920.062408439167,-1468.529646049009,17279.606594999048,-14521.899375587358,-24293.205499731623,-10681.61480858107,-13459.95327618318,-13789.428559411725,23728.887728937865,30969.505026741528,12634.202661712854,-21348.111942911302,-21299.209737320474,-8285.263290438561,25061.286628805512,-9521.107281611075,-4557.019666063602,-7815.9026503747045,15382.327990631538,-15887.975011350762,3440.0306693893026,1302.513404904338,-16642.25179517012,491.0907557305445
19332.045916195333,4176.173078401458,-19457.797360433004,-5744.8578171857025,-5281.503567105216,-26290.282435377907,1621.5703215549313,-1225.1780576581498,-7354.789323890114,-12723.126766891435,19155.867919331293,12185.378679066627,-19488.483386250547,29508.9589120816,3494.067846849845,7093.649814771256,-11851.432330572767,-15639.526200598308,4300.953988546509,-22478.181335035697,607.5091231746582,-7660.707421517241,27758.015756572815,18973.834719345967,24098.05148548167,19924.625154093555,-1142.4188750782164,-14296.160952950915,-19727.748042961804,-1822.1317090530954,17778.711801998335,11920.062408439167,12398.546217919273,-1527.2800696328604,17972.834026156837,-15104.539922647919,-25268.20741498282,-11110.324314931311,-13999.93339377481,-14342.841407707405,24680.93405947012,32212.013083324287,13141.33900772409,-22204.585498676064,-22153.573179476098,-8618.044466338872,26066.571322909836,-9903.040913890707,-4739.735048314085,-8129.440507148748,15999.42952645228,-16525.424198589753,3578.0717399973373,1354.5651318367393,-17310.040084914028,510.79340852212056
-2382.503652389253,-514.8540046571418,2398.2010487357197,708.0905059584085,650.6154310939647,3239.155434116872,-199.8922410762974,150.90258632802434,906.118136550615,1568.1250112643454,-2360.859675742648,-1501.141591598238,2401.6571587418707,-3635.9520163934258,-430.16661987104874,-874.0654122192611,1460.2241389188184,1926.6873320369893,-529.8190114044314,2769.458669568663,-75.07487424677505,943.9587847449802,-3421.0811962580046,-2337.6898778449236,-2969.849394217856,-2454.8281700919138,140.682213132417,1761.8636351698028,2430.810504466584,223.91525957293092,-2191.1912770874123,-1468.529646049009,-1527.2800696328604,188.58634994727836,-2214.6879145711105,1861.121701299802,3112.889233069974,1368.653950327919,1725.100096472293,1766.9664290926744,-3041.1354471245922,-3969.1656528880035,-1618.7920215797894,2736.0427147528085,2730.0811968858034,1061.2888659038388,-3212.27152468344,1220.3941283817455,584.2766520326053,1001.7891116670154,-1971.5647244947813,2036.2879942364998,-440.8518769171124,-167.32183979536714,2132.8179448977476,-62.951508312310686
28026.422725878696,6054.0866880937865,-28209.571394622155,-8328.609247829489,-7656.71611153089,-38111.74241696462,2351.679401754854,-1776.2432856358487,-10662.185989485037,-18446.936318352546,27771.64681914639,17665.170950978663,-28253.623750951636,42779.44037557517,5063.780368437903,10283.61182333486,-17180.338206366487,-22672.0924686676,6234.218426147248,-32587.010601647966,881.5560713074899,-11106.071772228315,40242.63472772024,27505.709592172687,34936.65395142899,28884.139213140246,-1656.1479783854327,-20725.70229798388,-28599.876887343395,-2640.0238600235107,25775.18918064675,17279.606594999048,17972.834026156837,-2214.6879145711105,26056.053120340457,-21895.478931220816,-36629.98636403925,-16106.099748336917,-20296.066849976705,-20791.75395610714,35779.044261335606,46698.02049422918,19050.770099836896,-32190.17746558321,-32117.355244871906,-12492.832433734438,37789.96022817903,-14356.903539640856,-6872.388675554373,-11785.40448995657,23194.034009796345,-23956.997065687916,5186.834577594785,1964.5082542508098,-25094.895289271055,740.0433446062314
-23552.212630945825,-5088.449265290555,23705.351619021436,6999.125665701766,6433.8163919824065,32028.777015968506,-1975.1713110940823,1492.3724018039902,8959.868281614035,15499.6823087407,-23337.296194296963,-14844.329145071648,23742.205648174768,-35949.43083965451,-4256.857493494457,-8642.008722094084,14438.426964591523,19052.561452266393,-5239.9966706672685,27383.588895538134,-740.0790911320961,9332.61747911462,-33817.42143069979,-23115.16687539811,-29358.08066184115,-24273.385211868168,1391.5652123188324,17416.946148808383,24033.33534169494,2219.3976536651885,-21659.578666072317,-14521.899375587358,-15104.539922647919,1861.121701299802,-21895.478931220816,18402.364683565553,30782.857195391916,13534.906899530022,17055.581411017225,17473.37253289954,-30068.624021455787,-39242.86934899406,-16008.73484348326,27051.163343860622,26989.032681981007,10498.088026577681,-31756.267632878156,12064.635546710088,5774.12537835567,9903.997936496758,-19492.20062197815,20132.462657566346,-4359.180432573989,-1650.664349542311,21087.692222229613,-622.6185119213122
-39399.93990499988,-8511.079049563852,39656.68021193991,11708.391122861758,10764.085431707013,53580.23767528183,-3305.331300099867,2497.0693359905044,14989.428646394283,25931.57425980335,-39041.240582329214,-24834.53848206139,39719.09844644965,-60140.93321476976,-7120.274635998028,-14457.174781827309,24153.42174153173,31873.96878193736,-8765.077782107357,45811.971578577955,-1238.5789496738112,15613.109544330548,-56573.02711745643,-38669.297762124384,-49113.839297817176,-40607.1118867312,2328.3373505675927,29136.513435367586,40206.46999946072,3712.8900816253504,-36234.55324241369,-24293.205499731623,-25268.20741498282,3112.889233069974,-36629.98636403925,30782.857195391916,51497.27822309159,22643.180326879265,28532.743631685073,29230.89890888901,-50300.42103741805,-65649.80739262642,-26782.72797760455,45254.13418776582,45150.735401533675,17563.794198681142,-53125.56464906273,20183.112165344985,9660.445172271855,16568.26095518397,-32607.376200321632,33679.67307661009,-7292.122971436132,-2760.9962583457254,35279.07927626785,-1040.7471352501707
