V1,V2,V3,V4,V5,V6,V7,V8,V9,V10,V11,V12,V13,V14,V15,V16,V17,V18,V19,V20,V21,V22,V23,V24,V25,V26,V27,V28,V29,V30,V31,V32,V33,V34,V35,V36,V37,V38,V39,V40,V41,V42,V43,V44,V45,V46,V47,V48,V49,V50,V51,V52,V53,V54,V55,V56
111.19741565382121,23.89305179774966,-112.20465226670012,-33.056466647099334,-30.38669813676899,-150.47753556245206,9.624722892737783,-7.0790073949194134,-42.214598724174515,-73.80922281169813,110.41495024477663,69.99505489742667,-112.2640425908932,169.51800330516878,19.521273152206028,40.700839030013746,-67.79500402411657,-89.6293647991686,24.377262280119275,-129.21382934608573,3.7732172371700834,-44.10079051988793,159.9224289246205,108.69513354036481,138.89842772149362,114.18173079549058,-6.5636660084425715,-82.2324599880385,-113.45193537889004,-9.973544100184705,102.50751525182653,68.11580305351185,70.73667609017392,-8.944871335542217,103.4654106228533,-86.12256970390466,-144.635349223305,-63.62255151139586,-80.49406208793542,-81.97676857680273,141.33771228006063,185.00051036720535,75.41133595678377,-127.5240382459147,-127.61178189023177,-49.27481187111688,150.04130802705208,-57.00037338567263,-27.615565236430122,-46.70745085918824,91.69376663505315,-94.89039417447877,20.4319128274716,8.022149609156404,-99.57775510444029,2.7600709999802184
23.89305179774966,5.2202305464778975,-23.929779337519864,-7.095924599818753,-6.520417541194985,-32.80478208137697,1.8815106817436795,-1.4992149586599397,-9.129422984686046,-15.453541334861217,23.57284200455873,15.102961013803576,-24.012105701932697,36.55710909377184,4.5625486502690435,8.810060373141702,-14.799461103122997,-19.465328417787042,5.474259864678255,-27.81014631407752,0.6332121720753217,-9.45039712190108,34.19625746197266,23.64345639015167,29.66069837585247,24.808836808664935,-1.4125917825430856,-17.665985397946873,-24.390133700713697,-2.4661912689394336,21.863734711440273,14.925863526787671,15.563416882587859,-1.8094524298232193,22.17647998452946,-18.993938010429595,-31.52247889017693,-13.84980376222787,-17.31522506647875,-17.95179105944898,30.772557219436436,39.92780446335023,16.312863534747972,-27.53029656685042,-27.302606619669483,-10.76941784498234,32.17408672160451,-12.220974306179127,-5.7107232580888745,-10.073376818960197,19.919915771550293,-20.489025443874755,4.4868997417041765,1.572325354839238,-21.383008744626753,0.709133675433569
-112.20465226670012,-23.929779337519864,113.62271634509082,33.372957365875564,30.672312568894217,150.79463187067012,-10.135475583272312,7.188067320566172,42.47369814366264,75.35911545538424,-111.73769959070316,-70.50316209141057,113.51610568284654,-170.75023740441034,-18.886068801644814,-40.927109913279246,67.87749735060476,89.98106122070826,-24.092587834419092,130.2749115325757,-4.200819469842672,44.552190813898854,-161.73604075750396,-109.06587409987507,-140.56266551832803,-114.625925876771,6.611715487154973,82.97765262655975,114.45334477490397,9.351214593720007,-103.77733421169042,-68.1064677720062,-70.55956367374455,9.240198971567231,-104.52793834750472,85.83626383546485,144.95171653854072,63.801516186252385,81.17755847755846,81.98864327736389,-141.7396979438599,-186.28120271338284,-75.84808580714163,128.40966708080848,129.03222386500386,49.304777481657666,-151.5570353480846,57.570074794629335,28.36583072503551,47.05970428583812,-92.05640818819123,95.51848775776935,-20.40834705911063,-8.414259651959966,100.495322040439,-2.5349526599434857
-33.056466647099334,-7.095924599818753,33.372957365875564,9.82776723611536,9.03318384644196,44.68932177889245,-2.879489213639589,2.106106415121612,12.54451124185006,21.977909699121895,-32.836724264331366,-20.80311451755357,33.38290342786596,-50.38042238004614,-5.76917854898548,-12.093453479213263,20.13068750827045,26.62508397678254,-7.226381991327449,38.40712346829956,-1.138223806686609,13.112051749125659,-47.556466832975126,-32.28776912387885,-41.30825011349892,-33.919495016130824,1.9503936966091757,24.44549843434631,33.72549923345199,2.9349736079537294,-30.486631796203437,-20.22359453248022,-20.993328890728552,2.6665273356104016,-30.76320530949788,25.558215459863472,42.95430644734479,18.896677616680073,23.926939381127163,24.339758470906833,-41.980152835183,-54.97946625158089,-22.407281250162832,37.89931871729894,37.94732364353147,14.62987607767723,-44.61092196021003,16.946847969158963,8.230774344928461,13.882621994226168,-27.23942453824274,28.198441784018407,-6.065410925490823,-2.397567904309165,29.6020038661887,-0.8103433731416209
-30.38669813676899,-6.520417541194985,30.672312568894217,9.03318384644196,8.30700184542638,41.091375750796836,-2.6392575890280825,1.9368595024905793,11.53045392114528,20.20046569466947,-30.18646690141763,-19.11998526382702,30.687711361675635,-46.31837172930295,-5.310404015421324,-11.117956027905022,18.516219828680974,24.48076396654187,-6.641658012950135,35.30966797069129,-1.0423636583907872,12.054339802243286,-43.713174878261036,-29.678299661786497,-37.968995671540114,-31.18016389201015,1.7953273372471272,22.473604158095366,31.00177180604245,2.7043363112691274,-28.027135080966033,-18.591399695946716,-19.310292078267945,2.4608883753173147,-28.276678248085553,23.49902475968076,39.49893410233094,17.375016313585338,21.996079786721943,22.37590646621742,-38.593563804013236,-50.54486050646992,-20.602234680923807,34.8357823578239,34.878622036470745,13.457890265794315,-41.00256000374623,15.579696160842738,7.558991069922963,12.758072883156936,-25.0393283280005,25.927089416775797,-5.575770716941851,-2.2059709203235687,27.216417186317923,-0.7449003054369412
-150.47753556245206,-32.80478208137697,150.79463187067012,44.68932177889245,41.091375750796836,206.36316917995896,-11.923471203496828,9.4621141668252,57.45130367779048,97.57995835586948,-148.57307583935577,-95.05582287810725,151.30671980262403,-230.19074145873523,-28.536322030791442,-55.45043762529554,93.12476669208988,122.4928634005545,-34.31266408748928,175.1439578180939,-4.0802968015719605,59.543446244103734,-215.4622758172229,-148.70187828841054,-186.90498386626572,-156.0631442382557,8.910598305792819,111.27851815405064,153.59982591118947,15.357153829930311,-137.82325507147158,-93.81683813424468,-97.8549981584,11.533491582727398,-139.69015288264512,119.33148471855353,198.31947988221674,87.1346127556032,109.04741548955775,112.84733490212065,-193.56145910182062,-251.3829737100156,-102.69376094778006,173.28128194241745,172.0032457444381,67.76537594803355,-202.63989034707225,76.99519951555793,36.06893823266622,63.39581114340262,-125.3098803749971,129.01185516854363,-28.195582251357916,-10.01679984183927,134.7105226091224,-4.389324782930219
9.624722892737783,1.8815106817436795,-10.135475583272312,-2.879489213639589,-2.6392575890280825,-11.923471203496828,1.282280739834845,-0.6590882716605777,-3.526513056697075,-7.311457754698068,9.892750683256201,5.930564255726765,-9.96207486784003,14.351604559450978,0.8357766291428574,3.3733065170454144,-5.303869926567723,-7.273339765555642,1.582799949152777,-11.068095138707713,0.7405818078675549,-3.870620528043034,14.225038969173479,8.76922594931455,12.449430101266044,9.267340439038778,-0.5543938448531626,-7.115653708784476,-9.793241443302689,-0.11470804342170493,9.226467814040012,5.24118758318542,5.2591871091701154,-0.9895722141186479,9.088729726361288,-6.335859441887278,-11.471458614311224,-5.089291760274177,-6.918891309424984,-6.331427731547769,11.313099648579081,15.596444960717115,6.267814763317224,-10.759293328607619,-11.325461835581148,-3.8236642822551348,13.15524099968206,-4.988247367693475,-2.9184245994988767,-3.9714520046368653,7.447612786755422,-7.966893656932257,1.550332254687698,1.0257765664498077,-8.632187531692178,-0.022739930133042506
-7.0790073949194134,-1.4992149586599397,7.188067320566172,2.106106415121612,1.9368595024905793,9.4621141668252,-0.6590882716605777,0.45630172935073826,2.672656777629682,4.800919038357838,-7.067552050805126,-4.440135646305483,7.174896222826585,-10.759153575628579,-1.1507665773607747,-2.57495919143787,4.258298844498522,5.654679159624098,-1.4924615880056458,8.214912754916591,-0.2846334894602173,2.814159597325854,-10.222739777316002,-6.847352580963997,-8.888763182333346,-7.200230965550237,0.4175140287036232,5.2362038184507105,7.2195746740332,0.5541029854065451,-6.56691106483869,-4.263652202564594,-4.412560264255312,0.5982949343009183,-6.600677586218866,5.360244313769987,9.09710511874816,4.005633081319121,5.119651121374388,5.134228400322419,-8.896858066024414,-11.733629750718892,-4.773822515504172,8.085893495964823,8.153372542113472,3.092096454286109,-9.56814423672309,3.635644900714444,1.813744755698241,2.9639631999666003,-5.78279979465237,6.01632370775532,-1.2764838128346487,-0.5488312984934429,6.343150507712691,-0.1465423237420773
-42.214598724174515,-9.129422984686046,42.47369814366264,12.54451124185006,11.53045392114528,57.45130367779048,-3.526513056697075,2.672656777629682,16.06728003825952,27.74256706958773,-41.81313396992453,-26.617631984759242,42.544339192303795,-64.44767404330878,-7.663699341868168,-15.496154613459035,25.89679221989415,34.16962846840735,-9.416967235453741,49.08752037634362,-1.310538476543407,16.725084793140706,-60.59818290041828,-41.46372644194963,-52.60484514949923,-43.53735579484444,2.493480696195045,31.2160031926835,43.08035415152701,4.008949759398351,-38.804064812851564,-26.058951324462463,-27.104768411453417,3.317187452819172,-39.242371507994854,33.03058814498807,55.21560950381229,24.277467626929266,30.572413359282894,31.35400878096168,-53.934279513700865,-70.35533333295466,-28.705410144066757,48.502602330094355,48.366318406439305,18.83249131895045,-56.917231530649914,21.62119810867162,10.331172619094053,17.757833836415845,-34.959857744473986,36.092710608546895,-7.823169959016368,-2.9407011598583153,37.79520232689916,-1.1272789955092999
-73.80922281169813,-15.453541334861217,75.35911545538424,21.977909699121895,20.20046569466947,97.57995835586948,-7.311457754698068,4.800919038357838,27.74256706958773,50.94901303999663,-74.01324967509031,-46.169856174489034,75.04312276325221,-111.8607741586596,-11.16663677287878,-26.701493765024576,43.84512732234228,58.481649471177484,-15.051293591885711,85.53338600225571,-3.3708441095537562,29.391235909574828,-106.95845567217887,-70.77396585278467,-93.092556415147385,-74.47382559865464,4.337491739789471,54.59065240355878,75.24586113652468,5.047447665146281,-68.80926130979469,-43.81929487454431,-45.16173133219621,6.44179335543129,-68.9497509952417,54.8025284509565,93.82350031015604,41.355501931409584,53.33094902106871,52.78892470050609,-91.86772788136058,-121.93044763680858,-49.516527928048,84.03729085679146,85.28267262415667,31.802361324844085,-99.92635448019779,37.95787892502786,19.425945049867963,30.836027480611076,-59.82015392557955,62.484848977303066,-13.097577839112262,-6.043186642665562,66.14313261427729,-1.2750473059381282
110.41495024477663,23.57284200455873,-111.73769959070316,-32.836724264331366,-30.18646690141763,-148.57307583935577,9.892750683256201,-7.067552050805126,-41.81313396992453,-74.01324967509031,109.90769683107013,69.39111307398171,-111.66943453142957,168.0847834023851,18.7251888045926,40.2986206734062,-66.89857676576479,-88.62727190429095,23.785693991426246,-128.21976821994232,4.064781931454878,-43.835134993183395,159.0944920941952,107.41802784064159,138.2506817870149,112.88906331427191,-6.512128719925173,-81.65856241988804,-112.63054036741953,-9.3245024808649,102.07337618098329,67.11984855454618,69.5839853670986,-9.077667423016747,102.83617621189471,-84.64424953342518,-142.81838823493038,-62.8531026140752,-79.89196729592513,-80.79804562146144,139.62332638728122,183.38082342870462,74.68320831878148,-126.39778252990217,-126.92448508509445,-48.59908654902769,149.1043110001198,-56.64597022347513,-27.821738226940067,-46.313986876342675,90.66131001475948,-94.04161495541457,20.11593820212613,8.234421356428008,-98.89759372748712,2.534202802508214
69.99505489742667,15.102961013803576,-70.50316209141057,-20.80311451755357,-19.11998526382702,-95.05582287810725,5.930564255726765,-4.440135646305483,-26.617631984759242,-46.169856174489034,69.39111307398171,44.11144017081917,-70.58731745356336,106.80038782405373,12.549442232069602,25.666320782839072,-42.83429166360142,-56.56700623404935,15.517204042245208,-81.36998123739723,2.249564969362462,-27.741508676359388,100.547328443442,68.63317703794006,87.30194776174474,72.07564378778555,-4.131842041328021,-51.7581686331229,-71.42625400954432,-6.509138504787842,64.40529379699551,43.08745418126611,44.7823270389185,-5.538740903908539,65.09202549926324,-54.56104829577992,-91.35876719928265,-40.177097726948084,-50.68263653002982,-51.84705427607879,89.25791791370682,116.578161087552,47.548364439518245,-80.3704575048745,-80.2473041485932,-31.144526701915154,94.40501217937123,-35.85970563954499,-17.227792855034572,-29.431153385144647,57.876385678828065,-59.79905087021917,12.931340482736866,4.936462791109832,-62.67001336750552,1.8209103637725632
-112.2640425908932,-24.012105701932697,113.51610568284654,33.38290342786596,30.687711361675635,151.30671980262403,-9.96207486784003,7.174896222826585,42.544339192303795,75.04312276325221,-111.66943453142957,-70.58731745356336,113.48324331196702,-170.96978563104437,-19.22972604635275,-41.007234714545014,68.13926273281714,90.2199325265631,-24.30683108593162,130.3922480623352,-4.041007662613355,44.55645120536346,-161.67291756531162,-109.36756034941921,-140.47078100170083,-114.92331309380695,6.622579316335526,83.02455109613828,114.52446553257107,9.64864612216473,-103.69894511346325,-68.39474259794716,-70.93859068199474,9.170332146629473,-104.53069152519662,86.31519237097905,145.4420304957986,63.999291508184704,81.24038861767981,82.3270401306171,-142.17141553251673,-186.54456754630988,-75.99176182712566,128.58255108224378,128.99001666742055,49.50837318287188,-151.56844695265676,57.58099021076671,28.172488332424113,47.10938153142002,-92.29289651378645,95.6687775627958,-20.50312606889757,-8.293127609899564,100.54789773870604,-2.63674465000236
169.51800330516878,36.55710909377184,-170.75023740441034,-50.38042238004614,-46.31837172930295,-230.19074145873523,14.351604559450978,-10.759153575628579,-64.44767404330878,-111.8607741586596,168.0847834023851,106.80038782405373,-170.96978563104437,258.65949178473204,30.37191223805831,62.15520195221248,-103.75641223913681,-136.98784629685917,37.54059767878862,-197.07014250384623,5.4555769709686315,-67.19329020991115,243.5241701754745,166.16334599736683,211.44267690562899,174.51114064619912,-10.016468233348794,-125.36319578002714,-172.97636616994276,-15.742124885512505,156.0171040628502,104.31128364617668,108.45657965492435,-13.480204046583102,157.6371480633545,-132.09310859726082,-221.24728911857457,-97.29222841675825,-122.74713575992874,-125.52105182957962,216.126834556802,282.3299228600463,115.15178881103832,-194.60915224410167,-194.34223997046143,-75.4373933040626,228.61571421524562,-86.8571844105493,-41.72154076602323,-71.25615168688752,140.13587324043186,-144.8358603089676,31.30451245898676,11.99080283801119,-151.79688484817441,4.394713305513807
19.521273152206028,4.5625486502690435,-18.886068801644814,-5.76917854898548,-5.310404015421324,-28.536322030791442,0.8357766291428574,-1.1507665773607747,-7.663699341868168,-11.16663677287878,18.7251888045926,12.549442232069602,-19.22972604635275,30.37191223805831,5.073235012596426,7.43421223140966,-12.972251287608987,-16.667373555118107,5.3103377019573825,-22.904143943632363,-0.13429995556233354,-7.63566380036807,27.3348977772704,20.3354647324956,23.561291010545055,21.248392003870304,-1.1732473656556648,-14.433319783424004,-19.971998683938455,-3.196054844777049,17.29811123481761,13.233076110532867,14.071197266796029,-1.1224399508863432,17.91203938021041,-17.28542956659388,-27.40248578528912,-11.974612542623188,-14.22300136791551,-15.87854674467909,26.597831378367783,33.27771686191804,13.737328865705022,-22.940452841032556,-21.869489001218408,-9.489902780594804,26.028537439787275,-9.896678655640157,-3.8376549488714655,-8.347972273788322,17.05081140754138,-17.124030754703753,4.011756730346131,0.754772872885833,-17.445631295129687,0.993695808004379
40.700839030013746,8.810060373141702,-40.927109913279246,-12.093453479213263,-11.117956027905022,-55.45043762529554,3.3733065170454144,-2.57495919143787,-15.496154613459035,-26.701493765024576,40.2986206734062,25.666320782839072,-41.007234714545014,62.15520195221248,7.43421223140966,14.948260216172583,-25.00211705143477,-32.9703740883507,9.103872153616846,-47.334186114491004,1.241240532995924,-16.123278486942798,58.40540284706619,40.00560920107347,50.69574265245399,42.00494726749816,-2.406074268163446,-30.098388827527494,-41.53603214802759,-3.9043655433563136,37.39745338753971,25.15614301336673,26.18131444641315,-3.1945690902399906,37.82685850310597,-31.903257766538797,-53.29309161429167,-23.42890822068922,-29.478930133842187,-30.26688810933336,52.04656242765486,67.85512728195333,27.690094316915197,-46.77433820316434,-46.615552844589786,-18.183168418575274,54.8643028059777,-20.84412611513833,-9.930823862309369,-17.12231829098077,33.72966560204477,-34.81374532187865,7.553222226031006,2.8211581161687107,-36.441535453081656,1.0996579898079435
-67.79500402411657,-14.799461103122997,67.87749735060476,20.13068750827045,18.516219828680974,93.12476669208988,-5.303869926567723,4.258298844498522,25.89679221989415,43.84512732234228,-66.89857676576479,-42.83429166360142,68.13926273281714,-103.75641223913681,-12.972251287608987,-25.00211705143477,42.042772218707555,55.25393075704357,-15.521497580438771,78.92662483813588,-1.7813182868107214,26.821108975122794,-97.02192156263978,-67.06850502270929,-84.14884248874785,-70.38515619941329,4.019786557267674,50.138799607042415,69.20331155532647,7.019494151418831,-62.05501668304735,-42.34841611300923,-44.211274865564214,5.18689402115677,-62.91400245958885,53.90792070749666,89.4969516036859,39.313731926098136,49.13691514805733,50.93650414906108,-87.32374961904618,-113.31448453453444,-46.30360337766012,78.09708618302864,77.45132364969668,30.597661433178832,-91.26532796422498,34.684361351104585,16.173868276855035,28.56487807473265,-56.51557988094349,58.16320109508236,-12.729942014459853,-4.4767412331999665,60.69634314909709,-2.009924200689227
-89.6293647991686,-19.465328417787042,89.98106122070826,26.62508397678254,24.48076396654187,122.4928634005545,-7.273339765555642,5.654679159624098,34.16962846840735,58.481649471177484,-88.62727190429095,-56.56700623404935,90.2199325265631,-136.98784629685917,-16.667373555118107,-32.9703740883507,55.25393075704357,72.77507947676541,-20.23109157341272,104.27889553119748,-2.59011728106803,35.48782183366897,-128.48499425024195,-88.3212096280748,-111.49215266424433,-92.71606269110846,5.303539596753091,66.28192332451864,91.47906076661873,8.85810418349047,-82.23220705060307,-55.62519031148049,-57.955110979376485,6.9591965255510555,-83.25528611756755,70.64332387586383,117.72407372105612,51.73958198105753,64.93428621633011,66.91812548751052,-114.93414058867575,-149.5727136546876,-61.06916764246685,103.10185782957853,102.55828832052421,40.19640155866635,-120.7620929134215,45.8831897848562,21.686561060776707,37.73102825617575,-74.44764758675622,76.75097220880947,-16.709114441502493,-6.09694194580576,80.24632931568287,-2.512150608434542
24.377262280119275,5.474259864678255,-24.092587834419092,-7.226381991327449,-6.641658012950135,-34.31266408748928,1.582799949152777,-1.4924615880056458,-9.416967235453741,-15.051293591885711,23.785693991426246,15.517204042245208,-24.30683108593162,37.54059767878862,5.3103377019573825,9.103872153616846,-15.521497580438771,-20.23109157341272,5.998976025167154,-28.461111468722468,0.3292362839435354,-9.598902204493667,34.59410774398096,24.627145489053436,29.934440873826038,25.794856635532053,-1.448345167772751,-18.02116685431127,-24.907578736060888,-3.0922027304350737,22.02549284321124,15.739201390993017,16.5343590898382,-1.6597411268746236,22.5272175286694,-20.243365327273317,-32.96047107105473,-14.45151776942441,-17.702630353714095,-18.91122098785119,32.109574083079224,41.05521636270118,16.84209494634787,-28.31247325343903,-27.645381668511234,-11.319675013495244,32.70522907389645,-12.423772884221872,-5.426222079624387,-10.33916375863773,20.705761931030587,-21.08750321599246,4.747972371379966,1.3403042661418043,-21.800129325040135,0.9272021532841568
-129.21382934608573,-27.81014631407752,130.2749115325757,38.40712346829956,35.30966797069129,175.1439578180939,-11.068095138707713,8.214912754916591,49.08752037634362,85.53338600225571,-128.21976821994232,-81.36998123739723,130.3922480623352,-197.07014250384623,-22.904143943632363,-47.334186114491004,78.92662483813588,104.27889553119748,-28.461111468722468,150.18320436382643,-4.277897100696857,51.23364760191564,-185.73532103791183,-126.47030990587788,-161.29425124460857,-132.84072440152386,7.6317701026653,95.55730383798361,131.8424813683495,11.783314501608924,-119.02681417252865,-79.32024819753701,-82.42255984565378,10.340650782729167,-120.19619720680674,100.36251005120751,168.34344154276192,74.04020543668531,93.5496377410448,95.45562136751904,-164.47413424036995,-215.08458483728285,-87.6997833725213,148.25762808975628,148.21649380283975,57.37622894667312,-174.3082352273668,66.22265385478687,31.95377494703512,54.292732183162464,-106.6750120397204,110.33020290354662,-23.798142042005924,-9.236925195111015,115.71173027113507,-3.2735319742582374
3.7732172371700834,0.6332121720753217,-4.200819469842672,-1.138223806686609,-1.0423636583907872,-4.0802968015719605,0.7405818078675549,-0.2846334894602173,-1.310538476543407,-3.3708441095537562,4.064781931454878,2.249564969362462,-4.041007662613355,5.4555769709686315,-0.13429995556233354,1.241240532995924,-1.7813182868107214,-2.59011728106803,0.3292362839435354,-4.277897100696857,0.5139297321194105,-1.547848163980425,5.784916096165361,3.0831353541423003,5.111531873625433,3.293315330290039,-0.21231458886368937,-2.791484126799723,-3.823466317816193,0.3609396736149769,3.81518477633373,1.6950587055661595,1.5995801204315916,-0.5183298475335676,3.633137596915556,-1.8745700239957515,-3.934086321211893,-1.7690496506722695,-2.686797621518784,-2.062891161285347,3.9327782920060956,5.890316247350181,2.31756235996939,-4.0606720134385945,-4.588859334703621,-1.2651390466530632,5.24318186689487,-1.9871662268196701,-1.4266565616560651,-1.5138743517173916,2.650759459719522,-2.9940859467572727,0.4880160577990454,0.5875956704226496,-3.3957561357556023,-0.15242412566780913
-44.10079051988793,-9.45039712190108,44.552190813898854,13.112051749125659,12.054339802243286,59.543446244103734,-3.870620528043034,2.814159597325854,16.725084793140706,29.391235909574828,-43.835134993183395,-27.741508676359388,44.55645120536346,-67.19329020991115,-7.63566380036807,-16.123278486942798,26.821108975122794,35.48782183366897,-9.598902204493667,51.23364760191564,-1.547848163980425,17.498155837742317,-63.47356041918093,-43.02433021100493,-55.14061859209671,-45.20460735419163,2.6029092022508573,32.614813162012666,44.991610146644796,3.861999989377863,-40.70233123487694,-26.930308707886237,-27.94953750509478,3.5815056796292377,-41.05041583512378,34.014136813639986,57.23465584943287,25.181065939797076,31.91851011715045,32.41387706024664,-55.93742207014612,-73.32057733155963,-29.87710669286305,50.53810726940225,50.644723394157175,19.490942460238504,-59.52493124174918,22.61443492476237,11.016652940754451,18.512930161219813,-36.30227949395658,37.60530932179432,-8.075133870377947,-3.2259288254939977,39.49733241204572,-1.0607381988848121
159.9224289246205,34.19625746197266,-161.73604075750396,-47.556466832975126,-43.713174878261036,-215.4622758172229,14.225038969173479,-10.222739777316002,-60.59818290041828,-106.95845567217887,159.0944920941952,100.547328443442,-161.67291756531162,243.5241701754745,27.3348977772704,58.40540284706619,-97.02192156263978,-128.48499425024195,34.59410774398096,-185.73532103791183,5.784916096165361,-63.47356041918093,230.33147479265148,155.75830910665002,200.13197255419394,163.67230663848946,-9.431010671070213,-118.26774589699757,-163.1403234425717,-13.693681480864203,147.7403066324915,97.3885934108913,100.99026547024654,-13.068690771690713,148.91556940413727,-122.88504074062793,-207.1092857277813,-91.13895178478701,-115.72428145950437,-117.22791653886557,202.46615837216513,265.70592481746985,108.23185083185689,-183.15329868985717,-183.7689841834295,-70.49038225986374,215.9266943321307,-82.0271963325527,-40.17019270814274,-67.10644661085948,131.442975399635,-136.26176643855976,29.193481566511036,11.832472830799531,-143.22874343592073,3.740036410778927
108.69513354036481,23.64345639015167,-109.06587409987507,-32.28776912387885,-29.678299661786497,-148.70187828841054,8.76922594931455,-6.847352580963997,-41.46372644194963,-70.77396585278467,107.41802784064159,68.63317703794006,-109.36756034941921,166.16334599736683,20.3354647324956,40.00560920107347,-67.06850502270929,-88.3212096280748,24.627145489053436,-126.47030990587788,3.0831353541423003,-43.02433021100493,155.75830910665002,107.22414643561163,135.14641788541292,112.54393786666283,-6.426875479987608,-80.37350863177487,-110.94437815843497,-10.851284980953839,99.65557330162076,67.56602828338009,70.39273982291147,-8.37191315195793,100.9502716877306,-85.84325335696039,-142.90419012571445,-62.804355771126176,-78.75148619135284,-81.27764779006893,139.52693247558804,181.44425858802964,74.092452129179,-125.09040911071543,-124.3401184159798,-48.79476957803699,146.43943678695868,-55.629512522698754,-26.232225216538254,-45.779441825693354,90.36678034784973,-93.10092947622975,20.29965958200006,7.330258660216589,-97.30031244014059,3.090129989874658
138.89842772149362,29.66069837585247,-140.56266551832803,-41.30825011349892,-37.968995671540114,-186.90498386626572,12.449430101266044,-8.888763182333346,-52.60484514949923,-93.092556415147385,138.2506817870149,87.30194776174474,-140.47078100170083,211.44267690562899,23.561291010545055,50.69574265245399,-84.14884248874785,-111.49215266424433,29.934440873826038,-161.29425124460857,5.111531873625433,-55.14061859209671,200.13197255419394,135.14641788541292,173.91214769631057,142.02515093250688,-8.188551886699637,-102.71959115080861,-141.68790158350535,-11.735870661599437,128.39296407302263,84.4471740141002,87.53237157095374,-11.397034992997709,129.36678945409886,-106.4936535941311,-179.66201121112755,-79.06986050784786,-100.5008736432964,-101.65525106009767,175.65465599044478,230.6879521652101,93.94928546924211,-159.01619642301986,-159.6690408808346,-61.13136320952068,187.5753709373002,-71.2553456239925,-35.00039185288845,-58.26892914009495,114.0593102923667,-118.29682483482361,25.309391640691736,10.347180382932567,-124.40296181025629,3.1928281136441217
114.18173079549058,24.808836808664935,-114.625925876771,-33.919495016130824,-31.18016389201015,-156.0631442382557,9.267340439038778,-7.200230965550237,-43.53735579484444,-74.47382559865464,112.88906331427191,72.07564378778555,-114.92331309380695,174.51114064619912,21.248392003870304,42.00494726749816,-70.38515619941329,-92.71606269110846,25.794856635532053,-132.84072440152386,3.293315330290039,-45.20460735419163,163.67230663848946,112.54393786666283,142.02515093250688,118.13742252880523,-6.75156366280067,-84.43282776169812,-116.54010852073198,-11.298922564628752,104.7386587884697,70.88491816291489,73.8355747165241,-8.83479460703154,106.06218432285395,-90.02388929224479,-149.98192337121748,-65.91921371856945,-82.72087243005818,-85.27383112270714,146.44360536317376,190.54908304152994,77.79908486592495,-131.36208049160138,-130.65164527604608,-51.20377847556123,153.84937163559923,-58.44665500297664,-27.623890965060372,-48.07694264602975,94.8592671661653,-97.77126361143122,21.293776492485293,7.749473557637507,-102.21769602236364,3.209474744391015
-6.5636660084425715,-1.4125917825430856,6.611715487154973,1.9503936966091757,1.7953273372471272,8.910598305792819,-0.5543938448531626,0.4175140287036232,2.493480696195045,4.337491739789471,-6.512128719925173,-4.131842041328021,6.622579316335526,-10.016468233348794,-1.1732473656556648,-2.406074268163446,4.019786557267674,5.303539596753091,-1.448345167772751,7.6317701026653,-0.21231458886368937,2.6029092022508573,-9.431010671070213,-6.426875479987608,-8.188551886699637,-6.75156366280067,0.38925310227887344,4.855710337142795,6.697130245701278,0.6068689093132815,-6.045884094357666,-4.033813211079488,-4.199719645691965,0.5302898710650384,-6.103283675543689,5.1083974441786,8.56596231442944,3.7660660291222032,4.753106164897472,4.854580295393581,-8.362932111438205,-10.93152784809129,-4.458864963431829,7.530837378944579,7.5245677820276216,2.9228746807864163,-8.849754898595306,3.364536223047438,1.6154283714315998,2.7562684653416487,-5.421837878449215,5.6097122532412556,-1.210389491170928,-0.46864556976529226,5.880617169187397,-0.16804528442425484
-82.2324599880385,-17.665985397946873,82.97765262655975,24.44549843434631,22.473604158095366,111.27851815405064,-7.115653708784476,5.2362038184507105,31.2160031926835,54.59065240355878,-81.65856241988804,-51.7581686331229,83.02455109613828,-125.36319578002714,-14.433319783424004,-30.098388827527494,50.138799607042415,66.28192332451864,-18.02116685431127,95.55730383798361,-2.791484126799723,32.614813162012666,-118.26774589699757,-80.37350863177487,-102.71959115080861,-84.43282776169812,4.855710337142795,60.81466982383021,83.89908694244457,7.372413179717768,-75.81235738942567,-50.36671537081675,-52.31168126754235,6.62532100236023,-76.51388734998068,63.68215038190599,106.95988293409314,47.04871231791175,59.527197107969066,60.616609350292194,-104.51544317222039,-136.81104914518193,-55.768158801320745,94.30084845935872,94.37062261266094,36.442100430898755,-110.95543144919921,42.154635288621364,20.42193235317557,34.53764345159276,-67.80429630566321,70.17543037081252,-15.107746176944344,-5.937946312165709,73.64320163341861,-2.0386750882454114
-113.45193537889004,-24.390133700713697,114.45334477490397,33.72549923345199,31.00177180604245,153.59982591118947,-9.793241443302689,7.2195746740332,43.08035415152701,75.24586113652468,-112.63054036741953,-71.42625400954432,114.52446553257107,-172.97636616994276,-19.971998683938455,-41.53603214802759,69.20331155532647,91.47906076661873,-24.907578736060888,131.8424813683495,-3.823466317816193,44.991610146644796,-163.1403234425717,-110.94437815843497,-141.68790158350535,-116.54010852073198,6.697130245701278,83.89908694244457,115.75582603645168,10.22470574719412,-104.56123208976142,-69.5413919856978,-72.22530621464243,9.106653370948054,-105.55651080306976,87.94172832033588,147.6357004585089,64.94033407303274,82.12961469321264,83.69093265114265,-144.26464588506974,-188.77915553486923,-76.9583942672953,130.13091975457186,130.18302652482242,50.30217216820752,-153.0755182492999,58.15218045224783,28.143193216112994,47.6609665208991,-93.5861129178752,96.82938420115649,-20.860916087747643,-8.160667659018154,101.59570167859077,-2.8332783230401133
-9.973544100184705,-2.4661912689394336,9.351214593720007,2.9349736079537294,2.7043363112691274,15.357153829930311,-0.11470804342170493,0.5541029854065451,4.008949759398351,5.047447665146281,-9.3245024808649,-6.509138504787842,9.64864612216473,-15.742124885512505,-3.196054844777049,-3.9043655433563136,7.019494151418831,8.85810418349047,-3.0922027304350737,11.783314501608924,0.3609396736149769,3.861999989377863,-13.693681480864203,-10.851284980953839,-11.735870661599437,-11.298922564628752,0.6068689093132815,7.372413179717768,10.22470574719412,2.1637952605672206,-8.580650313098886,-7.2298240481654865,-7.795359464303802,0.40671062258369,-9.059707316747955,9.626461343560578,14.73840362018919,6.414013752893695,7.300587767751096,8.659389355801785,-14.2448663156011,-17.29572089385274,-7.202159210062205,11.924751120093154,10.978233482917087,5.156504949007198,-13.184721310311538,5.0156580785127325,1.5904812563113044,4.3201164048109435,-9.061815699161226,8.91919739631649,-2.205775383580179,-0.14456789568997286,8.899928945296876,-0.6946233922781307
102.50751525182653,21.863734711440273,-103.77733421169042,-30.486631796203437,-28.027135080966033,-137.82325507147158,9.226467814040012,-6.56691106483869,-38.804064812851564,-68.80926130979469,102.07337618098329,64.40529379699551,-103.69894511346325,156.0171040628502,17.29811123481761,37.39745338753971,-62.05501668304735,-82.23220705060307,22.02549284321124,-119.02681417252865,3.81518477633373,-40.70233123487694,147.7403066324915,99.65557330162076,128.39296407302263,104.7386587884697,-6.045884094357666,-75.81235738942567,-104.56123208976142,-8.580650313098886,94.80326619503364,62.24378505594602,64.51663759986276,-8.457426723628046,95.48395314798472,-78.4671978574664,-132.48724104266495,-58.30974391056001,-74.16598200781932,-74.93125794277368,129.5288463680751,170.2069759323969,69.30924883421696,-117.31385655630008,-117.86160988483411,-45.077401152369355,138.44026624118436,-52.596129408458324,-25.880738146963754,-42.98744167059234,84.11673118149176,-87.28458278741964,18.6523179022413,7.681734385358837,-91.81924010254595,2.3251370308964856
68.11580305351185,14.925863526787671,-68.1064677720062,-20.22359453248022,-18.591399695946716,-93.81683813424468,5.24118758318542,-4.263652202564594,-26.058951324462463,-43.81929487454431,67.11984855454618,43.08745418126611,-68.39474259794716,104.31128364617668,13.233076110532867,25.15614301336673,-42.34841611300923,-55.62519031148049,15.739201390993017,-79.32024819753701,1.6950587055661595,-26.930308707886237,97.3885934108913,67.56602828338009,84.4471740141002,70.88491816291489,-4.033813211079488,-50.36671537081675,-69.5413919856978,-7.2298240481654865,62.24378505594602,42.72027448029527,44.604624427079266,-5.114050052254989,63.1871859798561,-54.439163880355636,-90.15151951610478,-39.596916838207704,-49.378369660825946,-51.37588316178436,87.96757469417491,113.94312245642588,46.579499718823804,-78.55411638083481,-77.76111613399317,-30.827813923093807,91.67573596754433,-34.82859030325472,-16.13818464433587,-28.732294582148008,56.91317445190361,-58.481937870375724,12.84734416791391,4.399712232334303,-60.96443612441288,2.087776185077432
70.73667609017392,15.563416882587859,-70.55956367374455,-20.993328890728552,-19.310292078267945,-97.8549981584,5.2591871091701154,-4.412560264255312,-27.104768411453417,-45.16173133219621,69.5839853670986,44.7823270389185,-70.93859068199474,108.45657965492435,14.071197266796029,26.18131444641315,-44.211274865564214,-57.955110979376485,16.5343590898382,-82.42255984565378,1.5995801204315916,-27.94953750509478,100.99026547024654,70.39273982291147,87.53237157095374,73.8355747165241,-4.199719645691965,-52.31168126754235,-72.22530621464243,-7.795359464303802,64.51663759986276,44.604624427079266,46.665155675498575,-5.257488919430412,65.56350114207292,-56.95482912239494,-94.03352024766441,-41.28219563455705,-51.29877372238553,-53.634785874166845,91.69707030612336,118.49148488500609,48.47513644512148,-81.67021436772858,-80.64019965058937,-32.19624031539609,95.12733466879965,-36.15236906574007,-16.54877954052461,-29.855442064929964,59.28116026719553,-60.83631162922807,13.421758837206093,4.4542300913696335,-63.316131511399036,2.264069457986403
-8.944871335542217,-1.8094524298232193,9.240198971567231,2.6665273356104016,2.4608883753173147,11.533491582727398,-0.9895722141186479,0.5982949343009183,3.317187452819172,6.44179335543129,-9.077667423016747,-5.538740903908539,9.170332146629473,-13.480204046583102,-1.1224399508863432,-3.1945690902399906,5.18689402115677,6.9591965255510555,-1.6597411268746236,10.340650782729167,-0.5183298475335676,3.5815056796292377,-13.068690771690713,-8.37191315195793,-11.397034992997709,-8.83479460703154,0.5302898710650384,6.62532100236023,9.106653370948054,0.40671062258369,-8.457426723628046,-5.114050052254989,-5.257488919430412,0.8878920152196947,-8.384671707172146,6.323908202565732,11.100457563578455,4.898889341749574,6.452193077572513,6.1699927858056265,-10.86824219100242,-14.668456056362846,-5.933900925059231,10.085502661971214,10.401638532764734,3.7523826449571893,-12.136619361510578,4.622081071338503,2.485286042452021,3.701495392605167,-7.100868199764975,7.520117472031388,-1.5218794262805695,-0.8437237755692379,8.03535289098662,-0.07647700421409141
103.4654106228533,22.17647998452946,-104.52793834750472,-30.76320530949788,-28.276678248085553,-139.69015288264512,9.088729726361288,-6.600677586218866,-39.242371507994854,-68.9497509952417,102.83617621189471,65.09202549926324,-104.53069152519662,157.6371480633545,17.91203938021041,37.82685850310597,-62.91400245958885,-83.25528611756755,22.5272175286694,-120.19619720680674,3.633137596915556,-41.05041583512378,148.91556940413727,100.9502716877306,129.36678945409886,106.06218432285395,-6.103283675543689,-76.51388734998068,-105.55651080306976,-9.059707316747955,95.48395314798472,63.1871859798561,65.56350114207292,-8.384671707172146,96.31140422209748,-79.80426390760883,-134.27037424294016,-59.07617513707115,-74.88316925695467,-76.05235182367224,131.2392149567082,172.0148596166567,70.09237115665613,-118.57595115255712,-118.82196808606516,-45.71922482541319,139.65924301151978,-53.05311196492649,-25.851789306809685,-43.4392761997518,85.17423105382554,-88.21979967013704,18.947063148685697,7.56111139115325,-92.65833166341615,2.4909251371683454
-86.12256970390466,-18.993938010429595,85.83626383546485,25.558215459863472,23.49902475968076,119.33148471855353,-6.335859441887278,5.360244313769987,33.03058814498807,54.8025284509565,-84.64424953342518,-54.56104829577992,86.31519237097905,-132.09310859726082,-17.28542956659388,-31.903257766538797,53.90792070749666,70.64332387586383,-20.243365327273317,100.36251005120751,-1.8745700239957515,34.014136813639986,-122.88504074062793,-85.84325335696039,-106.4936535941311,-90.02388929224479,5.1083974441786,63.68215038190599,87.94172832033588,9.626461343560578,-78.4671978574664,-54.439163880355636,-56.95482912239494,6.323908202565732,-79.80426390760883,69.55756946655526,114.66128555587211,50.33481954804356,62.46254995475398,65.4538880071333,-111.82030118893161,-144.3336079972188,-59.05997953613029,99.50178276685276,98.13593484774866,39.261571846845904,-115.80195332622762,43.99971199211195,20.06207859407768,36.374939853763124,-72.2767817336813,74.10063629924647,-16.38554138512893,-5.346907936549958,77.07023245965352,-2.810161458012923
-144.635349223305,-31.52247889017693,144.95171653854072,42.95430644734479,39.49893410233094,198.31947988221674,-11.471458614311224,9.09710511874816,55.21560950381229,93.82350031015604,-142.81838823493038,-91.35876719928265,145.4420304957986,-221.24728911857457,-27.40248578528912,-53.29309161429167,89.4969516036859,117.72407372105612,-32.96047107105473,168.34344154276192,-3.934086321211893,57.23465584943287,-207.1092857277813,-142.90419012571445,-179.66201121112755,-149.98192337121748,8.56596231442944,106.95988293409314,147.6357004585089,14.73840362018919,-132.48724104266495,-90.15151951610478,-94.03352024766441,11.100457563578455,-134.27037424294016,114.66128555587211,190.59196543237522,83.73990825024184,104.81322625843774,108.43977421036666,-186.0158538287415,-241.6124015041853,-98.70095127681849,166.5418355277035,165.33282520708414,65.12553959206933,-194.77488204152576,74.00906052107,34.68279227909698,60.92952290891938,-120.42685616582337,123.99854710138003,-27.09311274028177,-9.641362604466776,129.484920629872,-4.209307740266142
