V1,V2,V3,V4,V5,V6,V7,V8,V9,V10,V11,V12,V13,V14,V15,V16,V17,V18,V19,V20,V21,V22,V23,V24,V25,V26,V27,V28,V29,V30,V31,V32,V33,V34,V35,V36,V37,V38,V39,V40,V41,V42,V43,V44,V45,V46,V47,V48,V49,V50,V51,V52,V53,V54,V55,V56
22861.52668115442,4938.396370059222,-23010.075584360744,-6793.83118615022,-6245.856137163666,-31086.993278577287,1918.4816898321637,-1448.3355083047159,-8697.280880314775,-15045.613510531723,22653.482326742138,14408.825901271422,-23045.187957993116,34894.36865124177,4130.494612608866,8388.333522880368,-14014.162887848077,-18492.454031261637,5085.301050152252,-26580.64625142781,718.4088574538558,-9058.61173558239,32825.27321957246,22435.993867226633,28497.79606986695,23559.972085881993,-1350.4853460552,-16905.300468006215,-23328.129496519636,-2153.8289822231427,21023.84397517151,14095.169175281093,14660.328027557322,-1806.5544336844841,21253.358239264013,-17860.435340352553,-29878.472908295425,-13137.862591557237,-16555.611786919584,-16959.544144394153,29184.52662146564,38091.054605271944,15539.210426490168,-26257.304004329897,-26197.660989620297,-10189.343000150175,30824.69779782617,-11710.545089035211,-5605.2557803292175,-9613.073553120315,18918.91827256602,-19541.11476853184,4230.728527119817,1602.598804103916,-20469.03336771277,603.6184569491263
4938.396370059222,1066.9811641045987,-4970.687922283531,-1467.5889394947967,-1348.94196738376,-6715.651578862706,414.1573569053662,-312.9696563792482,-1878.6112763975632,-3250.242902846316,4893.383656162603,3112.4982458150894,-4978.415526260717,7537.803928938889,892.4656024892516,1812.0074770225976,-3027.3286145719308,-3994.891095899175,1098.6372211353407,-5741.694493477488,155.33517693537704,-1956.9125121373513,7091.017360260977,4846.659226834815,6155.826515698225,5089.586569808674,-291.7967328911129,-3652.0747880879876,-5039.298529780548,-465.1505399042621,4541.74534498913,3044.792248072655,3166.9387644251924,-390.3251937750854,4591.074392102876,-3858.429953236473,-6454.335606214949,-2837.8290930319763,-3576.1469283870874,-3663.695475132833,6304.685708411686,8228.353103041823,3356.6071351597525,-5672.006335486839,-5659.123347869085,-2201.1405697733762,6658.707091997633,-2529.7745704193226,-1210.864629480487,-2076.6871788128037,4087.1213709180743,-4221.373270387189,914.031851114598,346.23291064018025,-4421.682697571844,130.54976214595973
-23010.075584360744,-4970.687922283531,23160.38289661783,6837.968805688376,6286.081003510546,31290.02974982429,-1930.634913657201,1458.2110599205398,8753.649054202268,15144.807843272676,-22800.791901338383,-14502.956779748358,23196.333686419675,-35122.04471724352,-4157.491012722852,-8442.914260942247,14105.259681594069,18613.70009929502,-5118.423586038077,26753.86462186224,-723.7154955388567,9118.07467445608,-33039.67625676039,-22582.324080953083,-28683.25111726165,-23714.01248973384,1359.606481109308,17016.024226385965,23480.517949971152,2167.397130779594,-21161.630550603666,-14186.716449758294,-14755.775481565095,1818.4212955163596,-21392.09524688339,17976.64813683768,30073.298613447398,13223.085308473748,16663.1834263951,17070.174692123943,-29375.01191191405,-38339.35993092972,-15640.52067010287,26428.338882239615,26368.55200003889,10256.319091289903,-31025.82704958593,11787.142627876177,5642.2101392825925,9675.926330312035,-19042.623658907163,19668.84593664433,-4258.473666028601,-1613.058158113702,20602.86820354528,-607.692221025533
-6793.83118615022,-1467.5889394947967,6837.968805688376,2018.9716109305853,1856.078206955766,9238.117865742424,-570.1193108126895,430.3740907447357,2584.5604524702394,4471.072998132414,-6731.984607655282,-4281.821770161426,6848.3148338644,-10369.55172448704,-1227.4929589737164,-2492.750789373087,4164.613746934332,5495.328033097112,-1511.1929121355174,7898.958893696404,-213.48069095622978,2691.935331738544,-9754.7973105145,-6667.27660887147,-8468.726422036489,-7001.3287114242385,401.27283836868156,5023.762486026486,6932.378690010709,640.0658086527576,-6247.644766772618,-4188.681040528425,-4356.610587888786,536.8782846549984,-6315.8858613113425,5307.599187317452,8878.994730687396,3904.1649504462675,4919.857763966541,5039.895831064612,-8672.782448682292,-11319.538785068778,-4617.776153934533,7802.897634004264,7785.207706337953,3027.841545493057,-9160.209455209286,3480.0698158464293,1665.7371544827233,2856.721736601081,-5622.1538976576185,5807.031066263369,-1257.2640214429919,-476.34852615085197,6082.776868394035,-179.39157614680846
-6245.856137163666,-1348.94196738376,6286.081003510546,1856.078206955766,1706.7062923936267,8492.530511488898,-524.4276773964668,395.49764129352036,2376.2788793811214,4110.029987367727,-6189.0461345343,-3936.471961434616,6295.421297011794,-9532.986750500942,-1128.2917589769481,-2291.696444861562,3828.6722017870434,5051.772213807672,-1389.1897406215508,7261.955163754887,-195.9885145405171,2474.612462003635,-8967.479331345856,-6129.351415148993,-7785.703663379803,-6436.2521547733495,368.810403956564,4618.133240947571,6373.076400810926,588.6847376979234,-5743.236642735542,-3850.861573090984,-4005.1790303138646,493.42682911910885,-5806.334976143771,4879.2180603712295,8162.706584729509,3589.494538274436,4523.154430459735,4633.201860171443,-7972.788466589753,-10406.338429452751,-4245.4288811897295,7173.464750122762,7157.106971160152,2783.5383940262227,-8421.114037503097,3199.157024917332,1531.2157684882163,2626.1291732853742,-5168.229263749221,5338.359277755049,-1155.692072793688,-437.7907924593833,5591.995357852193,-164.74093427113135
-31086.993278577287,-6715.651578862706,31290.02974982429,9238.117865742424,8492.530511488898,42275.29692004067,-2607.7488845950484,1970.3380885359195,11826.519139618104,20460.864419585614,-30804.012519260206,-19594.441995651785,31339.307668618076,-47451.64587185028,-5617.788481108198,-11406.799226669,19057.101153664473,25148.840767340855,-6915.70173624006,36145.65917189144,-977.6556439717915,12319.036302580615,-44637.302558097144,-30510.311809291863,-38751.39690566424,-32039.375372819904,1837.1595454025567,22989.437747973334,31723.32505674798,2928.8354513775407,-28590.071037182297,-19167.257080972708,-19936.460785612802,2456.4389362835336,-28901.43455770414,24288.025896166047,40631.30676185121,17865.18026840365,22512.399896691986,23063.238154132283,-39687.68275920899,-51798.252695257725,-21131.332477145505,35705.84412355612,35624.532301443534,13857.739030050428,-41916.841024917856,15924.830680116316,7622.458299115061,13072.669036777399,-25727.86652018175,26573.73771046159,-5753.620144829691,-2178.7097646948896,27835.480503666204,-821.2954600171308
1918.4816898321637,414.1573569053662,-1930.634913657201,-570.1193108126895,-524.4276773964668,-2607.7488845950484,161.3981390841805,-121.300804214219,-729.9383313429946,-1262.1625227975737,1901.110859923548,1208.90595606211,-1933.1862475615794,2927.684912502921,346.20405275594567,703.8371733186323,-1175.813531259975,-1551.093185400658,426.4733236646745,-2230.3959476731998,60.06127719305049,-759.8721285293309,2754.1081650868714,1882.2495933696737,2391.5063231303825,1976.3604626010374,-113.12985551621286,-1418.116665387906,-1957.2250416973843,-180.7807627750983,1763.6960400252271,1182.636397166432,1229.8783615951252,-151.5597981034097,1783.2802929728916,-1498.2080275595479,-2506.6622102962347,-1102.5057961879545,-1389.3452774236184,-1422.7055450166729,2448.2253597218,3195.959515186488,1303.8548232288692,-2203.1479356096547,-2198.215239272161,-854.5442549774266,2586.3454887381745,-982.4665447306814,-470.2936680412135,-806.4465494338148,1586.950495286409,-1639.3281012030116,354.7947621603552,134.56390787444508,-1717.3291889037223,50.42820291505523
-1448.3355083047159,-312.9696563792482,1458.2110599205398,430.3740907447357,395.49764129352036,1970.3380885359195,-121.300804214219,92.08043162729835,550.9614210770211,954.0701888867147,-1435.210752783357,-913.2836502841708,1460.930213774321,-2211.4195633685717,-261.8677637542841,-531.521035232429,887.9434859658298,1172.4326913004647,-322.2935753276311,1684.4122953528247,-45.88155877953646,574.3094868189163,-2080.230033686776,-1421.8999658035013,-1805.5935287216416,-1493.344439877821,85.8277258777795,1071.5853122150263,1478.53360830417,136.2835794815605,-1332.6870303238836,-893.0488368960271,-929.0489729263141,114.47410847104106,-1346.9057405937315,1131.7554773398635,1893.5536390521127,832.3434098140465,1048.8807715215637,1074.838055219079,-1849.631299131401,-2413.8345232088977,-984.7898741754234,1663.8438944722134,1660.1275610565924,646.2244358718899,-1953.4063549143473,742.2109972774736,355.3910256950065,609.2930996769833,-1199.1437154783614,1238.5557850482357,-268.21390091118013,-101.4322415750905,1297.3866765533146,-38.35024960972787
-8697.280880314775,-1878.6112763975632,8753.649054202268,2584.5604524702394,2376.2788793811214,11826.519139618104,-729.9383313429946,550.9614210770211,3308.8428698696016,5723.711290732452,-8618.145469819492,-5481.699375064914,8767.024484505884,-13275.04212160087,-1571.3620208792188,-3191.237279139732,5331.494678059974,7035.175933048762,-1934.623631905725,10112.310065600317,-273.19031318337966,3446.160150389627,-12487.616225147975,-8535.463489692447,-10841.535695539653,-8962.97657027609,513.7730915807081,6431.2111377733345,8874.836518871261,819.5441521867431,-7998.01703300683,-5362.352791931436,-5577.36882213285,687.1756018276711,-8085.48050638557,6794.688131495207,11366.887686840935,4998.245011942892,6298.380037608444,6451.998039911911,-11102.711194097763,-14491.149763679701,-5911.769276515847,9989.205300454725,9966.422918735521,3876.4924184375504,-11726.692051289878,4455.003716376101,2132.3386365604283,3657.093983174673,-7197.280210198544,7434.05301947224,-1609.466691177339,-609.544504930885,7787.119147570086,-229.57593000803186
-15045.613510531723,-3250.242902846316,15144.807843272676,4471.072998132414,4110.029987367727,20460.864419585614,-1262.1625227975737,954.0701888867147,5723.711290732452,9904.630500126783,-14909.003578117865,-9483.887408203198,15169.161971319809,-22966.61104748888,-2718.489036337215,-5520.72041713089,9223.042669886298,12172.414038888975,-3346.822282221525,17494.462806364958,-473.9683649577197,5962.812524515738,-21604.908799845092,-14766.670719431348,-18755.650584272167,-15507.044341632989,889.4970384957059,11127.281316036873,15354.397749060672,1416.7175163876102,-13838.418720853075,-9276.238967185134,-9648.625492101924,1189.0851485224828,-13988.53688715314,11754.43489443631,19664.981953344377,8646.185798804852,10895.672943582436,11162.164221018733,-19208.392821871053,-25070.08357796596,-10227.495484668605,17281.331075553557,17242.505875282506,6707.505570680384,-20287.9737190958,7707.825958674685,3689.9345895495,6327.262518806947,-12452.226667020306,12861.823498601914,-2784.7246892121634,-1054.604019187505,13472.768110047711,-397.4166799373666
22653.482326742138,4893.383656162603,-22800.791901338383,-6731.984607655282,-6189.0461345343,-30804.012519260206,1901.110859923548,-1435.210752783357,-8618.145469819492,-14909.003578117865,22447.42464388757,14277.79486581192,-22835.650793057383,34576.91878910174,4092.73452546546,8312.002747789933,-13886.546826168187,-18324.239371805255,5038.933649209316,-26338.870960227137,711.9794536705235,-8976.248891583586,32526.665655783985,22231.803348124624,28238.605350649414,23345.55235854414,-1338.2508402849483,-16751.51606389725,-23115.97041949442,-2134.0867512515115,20832.689782609832,13966.799977859218,14526.812091244536,-1790.1366850931372,21060.049933512702,-17697.703566616623,-29606.503818126916,-13018.286328699016,-16404.97880773226,-16805.1105434931,28918.84813144673,37744.467919276576,15397.850462102926,-26018.384403345324,-25959.375896101174,-10096.711646370894,30544.30756140965,-11604.005633850444,-5554.369390305163,-9525.61045363009,18746.706374756417,-19363.324545526655,4192.190350330847,1588.001049629606,-20282.87880223258,598.0604703592858
14408.825901271422,3112.4982458150894,-14502.956779748358,-4281.821770161426,-3936.471961434616,-19594.441995651785,1208.90595606211,-913.2836502841708,-5481.699375064914,-9483.887408203198,14277.79486581192,9082.22628013337,-14525.852563679324,21994.005713662493,2603.6178041850376,5287.071046725789,-8832.883083855719,-11656.561118454134,3205.289196264177,-16753.80958363941,453.18129928753757,-5709.9291127287715,20689.38003400709,14141.525199510625,17961.485970796977,14850.207937422221,-851.5662355695368,-10655.544722225337,-14703.937323155147,-1357.4945306675513,13251.539683959942,8883.963280183918,9240.487877174197,-1138.4900904495532,13395.966427802694,-11257.162841539957,-18832.638067184806,-8280.631102522066,-10434.6112650561,-10689.714093709501,18395.02459168133,24008.579966270292,9794.588216255854,-16549.73329442949,-16512.11496554773,-6423.235958134251,19428.570060919006,-7381.155705912251,-3533.1230261264823,-6059.160864007032,11924.680392484363,-12316.92178351648,2666.720325156711,1009.754466336231,-12901.926716020756,380.52422985400153
-23045.187957993116,-4978.415526260717,23196.333686419675,6848.3148338644,6295.421297011794,31339.307668618076,-1933.1862475615794,1460.930213774321,8767.024484505884,15169.161971319809,-22835.650793057383,-14525.852563679324,23233.18266587667,-35176.911717834926,-4164.165325394438,-8456.009019102621,14127.029948491485,18643.590375498068,-5126.513657003912,26795.458699496387,-725.3032204622913,9132.628643609805,-33090.959230562934,-22617.732767197664,-28727.302471714327,-23751.412079921938,1362.146263570167,17042.87841218859,23517.404146431352,2170.5333941078443,-21195.082288052512,-14208.59007188609,-14778.839981505353,1821.1860393877,-21425.39786438861,18004.646958896188,30120.354473428804,13243.416792042013,16688.699668646324,17096.907498705612,-29421.06573748941,-38398.98282011106,-15664.953273362116,26469.319476676737,26409.405952981233,10273.228817360605,-31074.05225933608,11805.542012703998,5651.1362960706,9691.131036288598,-19072.621697475388,19699.785009014548,-4265.249179416022,-1615.191341601552,20635.256203058616,-608.7913479165674
34894.36865124177,7537.803928938889,-35122.04471724352,-10369.55172448704,-9532.986750500942,-47451.64587185028,2927.684912502921,-2211.4195633685717,-13275.04212160087,-22966.61104748888,34576.91878910174,21994.005713662493,-35176.911717834926,53262.64294316721,6305.167470706426,12803.717251834314,-21390.75135767981,-28228.058439888646,7762.2715133291385,-40572.418176115236,1097.2572753075901,-13827.51189281712,50103.81022505016,34246.357060880335,43497.63921306134,35962.47839398742,-2061.958537936038,-25804.499705242204,-35608.218134252995,-3287.4122287523933,32091.12474366617,21514.400022023267,22377.57791880144,-2757.2940556743956,32440.92677986569,-27261.767150958454,-45606.69674983228,-20053.147114984815,-25269.650722559687,-25887.197052118863,44547.27451420006,58141.583184039046,23719.200864793354,-40078.54179719188,-39987.48905476333,-15554.343000439048,47050.24771167472,-17874.974004508524,-8556.065466021615,-14673.449423253714,28878.032950129462,-29827.760529187646,6457.98463701144,2445.7025431619945,-31244.262267354276,921.5659153693035
4130.494612608866,892.4656024892516,-4157.491012722852,-1227.4929589737164,-1128.2917589769481,-5617.788481108198,346.20405275594567,-261.8677637542841,-1571.3620208792188,-2718.489036337215,4092.73452546546,2603.6178041850376,-4164.165325394438,6305.167470706426,746.9584555881694,1515.6432435923418,-2532.3633253156304,-3341.88608079519,919.1137164126902,-4802.793500653018,129.8647113485259,-1636.923679614219,5931.089273441869,4054.2148372617203,5148.6615380299645,4257.58812605898,-244.1110241452044,-3054.766180369789,-4215.143930447031,-389.4699961921774,3798.7523095080655,2547.0346305035628,2649.39032139924,-326.2997633456965,3840.2225708521783,-3227.594341790708,-5399.330233123769,-2373.853573865819,-2991.219007461084,-3064.910100433656,5273.836221819416,6882.711156050489,2807.939059039888,-4744.387859586145,-4733.448004101258,-1841.4911041837854,5569.541299031439,-2116.089446313002,-1012.7284496325567,-1737.0618225930962,3418.8201543280015,-3531.0804231657535,764.6783200041164,289.50989290007817,-3698.672356434013,109.30111173028592
8388.333522880368,1812.0074770225976,-8442.914260942247,-2492.750789373087,-2291.696444861562,-11406.799226669,703.8371733186323,-531.521035232429,-3191.237279139732,-5520.72041713089,8312.002747789933,5287.071046725789,-8456.009019102621,12803.717251834314,1515.6432435923418,3077.911912813333,-5142.151330055417,-6785.5990444083,1865.9910676696538,-9753.140373064496,263.65758573494503,-3323.9053502923052,12044.326979149542,8232.461331076938,10456.44621047642,8644.87802133641,-495.63649124247894,-6203.050332449027,-8559.792650193316,-790.2891619581081,7714.274483171185,5171.8811125158,5379.324540809721,-662.8319822942511,7798.386835777134,-6553.534902610867,-10963.287149108415,-4820.621308466386,-6074.6044723135565,-6222.951929849986,10708.67336152942,13976.61285254021,5701.774715587679,-9634.478993427962,-9612.526158549384,-3739.008414085439,11310.348488076512,-4296.87343558586,-2056.6860422333507,-3527.3155698293535,6941.9268014051395,-7170.2181397318755,1552.388007729138,587.8721715054653,-7510.675682030565,221.51495589865328
-14014.162887848077,-3027.3286145719308,14105.259681594069,4164.613746934332,3828.6722017870434,19057.101153664473,-1175.813531259975,887.9434859658298,5331.494678059974,9223.042669886298,-13886.546826168187,-8832.883083855719,14127.029948491485,-21390.75135767981,-2532.3633253156304,-5142.151330055417,8590.941758594256,11336.425331641694,-3117.511275743385,16294.25628770759,-440.3866389222355,5553.0989546596575,-20122.09384696284,-13753.727728042599,-17469.14829180193,-14442.827895141761,827.9526654797104,10363.198734114314,14300.457314210636,1320.5167994738192,-12887.81973281851,-8640.628019937738,-8987.221796081443,1107.3379134327602,-13028.509090309575,10948.913484535635,18316.216519253307,8053.71102677875,10148.675320861048,10396.6650714349,-17890.739363283577,-23350.308904508296,-9525.835961124369,16096.033085856689,16059.317237979865,6246.518901175028,-18895.78227064366,7178.705134986371,3435.9821835305884,5892.962116432905,-11597.702653881788,11979.04703685568,-2593.5897950271833,-982.2568859368421,12547.826171369135,-370.1357634750547
-18492.454031261637,-3994.891095899175,18613.70009929502,5495.328033097112,5051.772213807672,25148.840767340855,-1551.093185400658,1172.4326913004647,7035.175933048762,12172.414038888975,-18324.239371805255,-11656.561118454134,18643.590375498068,-28228.058439888646,-3341.88608079519,-6785.5990444083,11336.425331641694,14961.074954776692,-4113.97643796192,21502.28480720897,-581.9528688808472,7328.584640516021,-26553.644426586576,-18149.99452276342,-23052.01316950922,-19059.758258731064,1093.1827407372762,13676.117651684386,18871.76094437165,1742.068320932676,-17007.966638617938,-11401.938113934462,-11859.713320733194,1461.2275949344494,-17192.872074910054,14448.170938032334,24170.724216347407,10627.416593604921,13391.856594999355,13719.806482067088,-23609.353206965214,-30813.54458879054,-12570.664913140195,21240.476377224135,21192.163663104686,8244.312203452637,-24935.371296331417,9473.363584015946,4534.617000594821,7776.71318023386,-15305.049357979735,15808.302266918734,-3422.752371094039,-1295.8225275190239,16558.976488929384,-488.6009854045789
5085.301050152252,1098.6372211353407,-5118.423586038077,-1511.1929121355174,-1389.1897406215508,-6915.70173624006,426.4733236646745,-322.2935753276311,-1934.623631905725,-3346.822282221525,5038.933649209316,3205.289196264177,-5126.513657003912,7762.2715133291385,919.1137164126902,1865.9910676696538,-3117.511275743385,-4113.97643796192,1131.4163134987782,-5912.736261074951,159.84529664468715,-2015.1504753342801,7301.791342250519,4991.079981056646,6338.967265282071,5241.158348923044,-300.5380834296992,-3760.6846078610574,-5189.370401017587,-479.19601973404656,4676.793358387411,3135.54351773598,3261.386738980336,-401.81516881688833,4727.695565938573,-3973.3863938801196,-6646.685597442735,-2922.4762674107765,-3682.6184312296436,-3772.851919037164,6492.41766729013,8473.340526243917,3456.6740977717477,-5840.893201793461,-5827.46345514814,-2266.9382442901388,6856.81935004832,-2604.9805320665237,-1246.7682729165208,-2138.481739542687,4208.754281737967,-4347.038893487482,941.2275532117535,356.30675571361826,-4553.329246822153,134.41778309312355
-26580.64625142781,-5741.694493477488,26753.86462186224,7898.958893696404,7261.955163754887,36145.65917189144,-2230.3959476731998,1684.4122953528247,10112.310065600317,17494.462806364958,-26338.870960227137,-16753.80958363941,26795.458699496387,-40572.418176115236,-4802.793500653018,-9753.140373064496,16294.25628770759,21502.28480720897,-5912.736261074951,30905.94097452724,-835.662510714173,10532.904011268249,-38166.083275770296,-26086.808715482468,-33134.176926400236,-27393.98477879762,1570.56759512299,19656.148725869716,27124.238110086335,2504.3463846338464,-24444.895699339988,-16388.487284928917,-17045.95034409051,2100.260019201058,-24711.68226590697,20766.200283527385,34740.580871654514,15275.524137565653,19249.141279201664,19719.31686391603,-33933.26603060805,-44288.91833057325,-18068.096893028895,30529.57264390229,30460.2262101444,11848.267078101993,-35840.14661775899,13616.085037973256,6517.499548077175,11177.29605149811,-21997.340909875813,22720.925302828247,-4919.232368319533,-1863.037172788854,23800.085285864574,-701.8587227160882
718.4088574538558,155.33517693537704,-723.7154955388567,-213.48069095622978,-195.9885145405171,-977.6556439717915,60.06127719305049,-45.88155877953646,-273.19031318337966,-473.9683649577197,711.9794536705235,453.18129928753757,-725.3032204622913,1097.2572753075901,129.8647113485259,263.65758573494503,-440.3866389222355,-581.9528688808472,159.84529664468715,-835.662510714173,23.096159173210758,-285.13601662258054,1032.3887846332718,705.4448633061517,895.7750777829517,741.0646297016801,-42.720943821734814,-531.9307203530924,-733.7160459082663,-67.29589106310047,661.618177073665,442.8654323342444,460.7921549401219,-56.88632941702498,668.3703699457539,-561.3414418576914,-939.3811835452182,-412.7161630718213,-520.2417846496686,-533.2305741462308,917.7367188422552,1197.5960534853841,488.54926794675623,-825.4384085367564,-823.7718824616298,-320.7942431748877,969.3126547485416,-368.38104034347333,-176.57394520342774,-302.38885632224196,595.1043282777092,-614.6535822668759,133.13110007078345,50.38699448880145,-643.8717148424483,19.073474400809012
-9058.61173558239,-1956.9125121373513,9118.07467445608,2691.935331738544,2474.612462003635,12319.036302580615,-759.8721285293309,574.3094868189163,3446.160150389627,5962.812524515738,-8976.248891583586,-5709.9291127287715,9132.628643609805,-13827.51189281712,-1636.923679614219,-3323.9053502923052,5553.0989546596575,7328.584640516021,-2015.1504753342801,10532.904011268249,-285.13601662258054,3589.9246158209335,-13007.502644163833,-8890.68485354207,-11292.1606556286,-9336.3740311007,535.4603301860041,6699.289795710581,9244.33268962823,853.2415676885868,-8331.44131254223,-5585.167538902189,-5809.367834796905,715.8432432659379,-8422.001059029084,7077.296759640337,11839.917510839008,5205.777296911382,6560.033512924329,6720.574061001437,-11564.95677091702,-15094.021123533616,-6157.712849820484,10404.649872281081,10381.101428685368,4038.332270740296,-12214.690135753608,4640.593288490521,2221.3946909115157,3809.4307827788048,-7497.149180992018,7743.691136257744,-1676.6235952315865,-634.8959378347467,8111.447438749356,-239.3142697049254
32825.27321957246,7091.017360260977,-33039.67625676039,-9754.7973105145,-8967.479331345856,-44637.302558097144,2754.1081650868714,-2080.230033686776,-12487.616225147975,-21604.908799845092,32526.665655783985,20689.38003400709,-33090.959230562934,50103.81022505016,5931.089273441869,12044.326979149542,-20122.09384696284,-26553.644426586576,7301.791342250519,-38166.083275770296,1032.3887846332718,-13007.502644163833,47133.145709256656,32215.127234846514,40918.33174611583,33829.63416735723,-1939.5331692699158,-24274.40485890197,-33496.378807682246,-3092.072436679796,30188.288039934057,20238.31415978656,21050.15835754571,-2594.044804682724,30517.166007613858,-25644.870579169667,-42901.61892637766,-18863.592842015285,-23771.067181602135,-24351.809976063083,41905.36063544186,54693.50830899063,22312.263071686644,-37701.67775097758,-37616.35815328013,-14631.28765253653,44260.23149811525,-16815.136863194217,-8048.94113218432,-13803.310014247501,27165.52874360347,-28058.85093068832,6075.030281510163,2301.172862069973,-29391.305986259762,866.9505165566068
22435.993867226633,4846.659226834815,-22582.324080953083,-6667.27660887147,-6129.351415148993,-30510.311809291863,1882.2495933696737,-1421.8999658035013,-8535.463489692447,-14766.670719431348,22231.803348124624,14141.525199510625,-22617.732767197664,34246.357060880335,4054.2148372617203,8232.461331076938,-13753.727728042599,-18149.99452276342,4991.079981056646,-26086.808715482468,705.4448633061517,-8890.68485354207,32215.127234846514,22019.590173702913,27967.5504738084,23122.95247760249,-1325.842026029629,-16591.579319659286,-22895.072002920388,-2113.7982220035287,20633.64558376797,13833.247903138277,14388.293900964576,-1772.8238019314506,20858.47313107356,-17528.862814925746,-29323.93063712438,-12893.62862305935,-16247.585850178639,-16644.849018954174,28642.86418249127,37383.39131862749,15250.716814620475,-25769.365295227093,-25710.652042226822,-10001.171319539497,30251.866656691243,-11493.022815851364,-5501.145505520868,-9434.63523697512,18567.902813362347,-19178.45217494015,4152.344508404316,1572.3393062973762,-20089.094096305715,592.6288100066193
28497.79606986695,6155.826515698225,-28683.25111726165,-8468.726422036489,-7785.703663379803,-38751.39690566424,2391.5063231303825,-1805.5935287216416,-10841.535695539653,-18755.650584272167,28238.605350649414,17961.485970796977,-28727.302471714327,43497.63921306134,5148.6615380299645,10456.44621047642,-17469.14829180193,-23052.01316950922,6338.967265282071,-33134.176926400236,895.7750777829517,-11292.1606556286,40918.33174611583,27967.5504738084,35523.8971245535,29368.687974252796,-1683.6138360453772,-21073.393072735147,-29079.862210807634,-2684.6148329558046,26207.529908970235,17570.106928317713,18274.666877926957,-2251.9554184804824,26493.44548813043,-22263.586306085635,-37244.88140650543,-16376.89005790684,-20637.289694919262,-21140.767376999946,36379.80924713568,47482.33304447277,19370.455867494886,-32730.96041992146,-32656.72502267225,-12701.84483970814,38424.57001030407,-14597.78636533099,-6987.410833810325,-11983.197980241921,23583.318626392007,-24359.030084908005,5273.778151928122,1997.5982945441015,-25515.842522775103,752.3771637995571
23559.972085881993,5089.586569808674,-23714.01248973384,-7001.3287114242385,-6436.2521547733495,-32039.375372819904,1976.3604626010374,-1493.344439877821,-8962.97657027609,-15507.044341632989,23345.55235854414,14850.207937422221,-23751.412079921938,35962.47839398742,4257.58812605898,8644.87802133641,-14442.827895141761,-19059.758258731064,5241.158348923044,-27393.98477879762,741.0646297016801,-9336.3740311007,33829.63416735723,23122.95247760249,29368.687974252796,24281.93879439914,-1392.3492793287799,-17423.170567245503,-24042.357154629957,-2219.662831847013,21667.770559635843,14526.312951290185,15109.316514222419,-1861.6536822357202,21903.787522749713,-18407.06346396454,-30793.515651554844,-13539.523553346071,-17061.566741548253,-17479.08316800489,30078.228003128268,39256.600300613805,16015.026644268508,-27060.5429293274,-26999.034764868244,-10502.48006709229,31767.780357145788,-12069.136640639068,-5777.026512343064,-9907.461363762877,19498.486160407756,-20139.604379288256,4360.55407205175,1651.2920866828197,-21095.963586677008,622.4243351792694
-1350.4853460552,-291.7967328911129,1359.606481109308,401.27283836868156,368.810403956564,1837.1595454025567,-113.12985551621286,85.8277258777795,513.7730915807081,889.4970384957059,-1338.2508402849483,-851.5662355695368,1362.146263570167,-2061.958537936038,-244.1110241452044,-495.63649124247894,827.9526654797104,1093.1827407372762,-300.5380834296992,1570.56759512299,-42.720943821734814,535.4603301860041,-1939.5331692699158,-1325.842026029629,-1683.6138360453772,-1392.3492793287799,80.0445340916136,999.1264815323202,1378.6303808292596,127.07108954326647,-1242.599716885648,-832.7170570128128,-866.2604317174734,106.73494554953558,-1255.8291381031424,1055.344035576714,1765.5353114907452,776.1396284507763,978.0151350284541,1002.1487393946239,-1724.6344065171922,-2250.711183553025,-918.1956912461239,1551.4201559027308,1547.889634868672,602.5874702476858,-1821.3725025415124,691.9727562122225,331.294822044026,568.1059422721515,-1118.082638921279,1154.8329701929065,-250.04992989318083,-94.47156643075958,1209.6474201543554,-35.73942407971108
-16905.300468006215,-3652.0747880879876,17016.024226385965,5023.762486026486,4618.133240947571,22989.437747973334,-1418.116665387906,1071.5853122150263,6431.2111377733345,11127.281316036873,-16751.51606389725,-10655.544722225337,17042.87841218859,-25804.499705242204,-3054.766180369789,-6203.050332449027,10363.198734114314,13676.117651684386,-3760.6846078610574,19656.148725869716,-531.9307203530924,6699.289795710581,-24274.40485890197,-16591.579319659286,-21073.393072735147,-17423.170567245503,999.1264815323202,12502.017924007121,17251.43947514505,1592.321277357011,-15547.85218217014,-10423.0314435199,-10841.296125444944,1335.983397678456,-15716.879672546002,13207.760626759726,22095.25544213594,9714.950046318036,12242.30781892412,12541.744407350563,-21582.340619855073,-28168.18219811555,-11491.19701282597,19417.00879090122,19373.011299752518,7535.866660189858,-22794.828487945044,8660.12740003211,4145.385319081374,7109.064425824485,-13991.038010708528,14451.037461730932,-3128.8493436326658,-1184.929602115994,15137.191727978083,-446.6195424874035
-23328.129496519636,-5039.298529780548,23480.517949971152,6932.378690010709,6373.076400810926,31723.32505674798,-1957.2250416973843,1478.53360830417,8874.836518871261,15354.397749060672,-23115.97041949442,-14703.937323155147,23517.404146431352,-35608.218134252995,-4215.143930447031,-8559.792650193316,14300.457314210636,18871.76094437165,-5189.370401017587,27124.238110086335,-733.7160459082663,9244.33268962823,-33496.378807682246,-22895.072002920388,-29079.862210807634,-24042.357154629957,1378.6303808292596,17251.43947514505,23805.630398848927,2197.566636848888,-21454.412039711457,-14383.099029499825,-14960.19939151149,1843.3891749821091,-21688.049344127136,18225.501480044422,30489.773625773785,13406.222391918946,16893.664394830805,17306.525427296616,-29781.62322204035,-38869.9216431862,-15857.173715373527,26794.05118859251,26733.21061012081,10398.910695889786,-31454.989687197496,11950.111473493216,5720.140066265738,9809.821094552544,-19306.159322924275,19941.10621025206,-4317.407956239629,-1634.9292423213344,20888.087643009916,-616.1023152954826
-2153.8289822231427,-465.1505399042621,2167.397130779594,640.0658086527576,588.6847376979234,2928.8354513775407,-180.7807627750983,136.2835794815605,819.5441521867431,1416.7175163876102,-2134.0867512515115,-1357.4945306675513,2170.5333941078443,-3287.4122287523933,-389.4699961921774,-790.2891619581081,1320.5167994738192,1742.068320932676,-479.19601973404656,2504.3463846338464,-67.29589106310047,853.2415676885868,-3092.072436679796,-2113.7982220035287,-2684.6148329558046,-2219.662831847013,127.07108954326647,1592.321277357011,2197.566636848888,203.52197036229518,-1980.052575683096,-1328.2513420210794,-1381.5376307070135,169.96849182824602,-2002.2074831269194,1682.822164578489,2815.3250781123493,1238.0729453212425,1559.8562612540072,1598.0562642921234,-2749.5019818950045,-3588.612772604747,-1464.238833320134,2473.7791778608507,2467.9214738024666,959.9060498136071,-2903.7598834336422,1103.1746620999165,527.7954855975868,905.542394590528,-1782.213241926964,1840.8454693188935,-398.59691646642773,-150.93060603157778,1928.32004845213,-56.858434339297254
21023.84397517151,4541.74534498913,-21161.630550603666,-6247.644766772618,-5743.236642735542,-28590.071037182297,1763.6960400252271,-1332.6870303238836,-7998.01703300683,-13838.418720853075,20832.689782609832,13251.539683959942,-21195.082288052512,32091.12474366617,3798.7523095080655,7714.274483171185,-12887.81973281851,-17007.966638617938,4676.793358387411,-24444.895699339988,661.618177073665,-8331.44131254223,30188.288039934057,20633.64558376797,26207.529908970235,21667.770559635843,-1242.599716885648,-15547.85218217014,-21454.412039711457,-1980.052575683096,19335.85303393245,12962.205516914688,13482.338132934066,-1661.507917427494,19545.93354818897,-16425.318861268057,-27478.004527606925,-12081.699174272502,-15224.833832337352,-15597.044790675653,26840.198515725053,35030.626395847845,14290.69011782152,-24147.45854112739,-24092.817002191867,-9371.846381607944,28348.28712309008,-10769.921651649478,-5155.388537121277,-8841.012944905224,17399.530904585215,-17971.664839446472,3891.050234128234,1473.556252176711,-18825.019007830662,555.3596344390679
14095.169175281093,3044.792248072655,-14186.716449758294,-4188.681040528425,-3850.861573090984,-19167.257080972708,1182.636397166432,-893.0488368960271,-5362.352791931436,-9276.238967185134,13966.799977859218,8883.963280183918,-14208.59007188609,21514.400022023267,2547.0346305035628,5171.8811125158,-8640.628019937738,-11401.938113934462,3135.54351773598,-16388.487284928917,442.8654323342444,-5585.167538902189,20238.31415978656,13833.247903138277,17570.106928317713,14526.312951290185,-832.7170570128128,-10423.0314435199,-14383.099029499825,-1328.2513420210794,12962.205516914688,8690.62724343513,9039.225876429977,-1113.6863485965382,13103.807112498656,-11012.210821371413,-18422.159038503756,-8100.333958028757,-10207.367376095846,-10456.797703126611,17994.13557718726,23485.28529974182,9580.956728202023,-16189.08867888718,-16152.116722076076,-6282.63716728357,19004.964897610174,-7220.174885299771,-3455.79776072202,-5927.004216917968,11664.698075329654,-12048.25971861911,2608.5748668983365,987.9040685900474,-12620.346704529742,372.2616690970433
14660.328027557322,3166.9387644251924,-14755.775481565095,-4356.610587888786,-4005.1790303138646,-19936.460785612802,1229.8783615951252,-929.0489729263141,-5577.36882213285,-9648.625492101924,14526.812091244536,9240.487877174197,-14778.839981505353,22377.57791880144,2649.39032139924,5379.324540809721,-8987.221796081443,-11859.713320733194,3261.386738980336,-17045.95034409051,460.7921549401219,-5809.367834796905,21050.15835754571,14388.293900964576,18274.666877926957,15109.316514222419,-866.2604317174734,-10841.296125444944,-14960.19939151149,-1381.5376307070135,13482.338132934066,9039.225876429977,9401.95764022501,-1158.3103499334363,13629.507278041845,-11453.990623629166,-19161.404067769647,-8425.21805743556,-10616.694759992391,-10876.435581490852,18716.147818186328,24427.42487646941,9965.414358147811,-16838.478378070417,-16800.008917535684,-6535.03349214729,19767.32870230796,-7509.881923354172,-3594.4896760159686,-6164.824724083004,12132.79066960072,-12531.724972520185,2713.309544846012,1027.4394501525044,-13126.786991575045,387.2713187509132
-1806.5544336844841,-390.3251937750854,1818.4212955163596,536.8782846549984,493.42682911910885,2456.4389362835336,-151.5597981034097,114.47410847104106,687.1756018276711,1189.0851485224828,-1790.1366850931372,-1138.4900904495532,1821.1860393877,-2757.2940556743956,-326.2997633456965,-662.8319822942511,1107.3379134327602,1461.2275949344494,-401.81516881688833,2100.260019201058,-56.88632941702498,715.8432432659379,-2594.044804682724,-1772.8238019314506,-2251.9554184804824,-1861.6536822357202,106.73494554953558,1335.983397678456,1843.3891749821091,169.96849182824602,-1661.507917427494,-1113.6863485965382,-1158.3103499334363,142.87730505803287,-1679.4369077662252,1411.3287143214482,2360.7832263335436,1037.9940149404792,1308.1669068401404,1340.0350165865739,-2306.177366144188,-3009.9172860840054,-1227.7329330711748,2074.810633378751,2070.1895032580555,805.0540098498776,-2435.843193755088,925.4046064143968,443.0072677905118,759.6618039718088,-1495.0490593429533,1544.1700267759961,-334.31593252460624,-126.72151935435981,1617.4288093143075,-47.726750664851586
21253.358239264013,4591.074392102876,-21392.09524688339,-6315.8858613113425,-5806.334976143771,-28901.43455770414,1783.2802929728916,-1346.9057405937315,-8085.48050638557,-13988.53688715314,21060.049933512702,13395.966427802694,-21425.39786438861,32440.92677986569,3840.2225708521783,7798.386835777134,-13028.509090309575,-17192.872074910054,4727.695565938573,-24711.68226590697,668.3703699457539,-8422.001059029084,30517.166007613858,20858.47313107356,26493.44548813043,21903.787522749713,-1255.8291381031424,-15716.879672546002,-21688.049344127136,-2002.2074831269194,19545.93354818897,13103.807112498656,13629.507278041845,-1679.4369077662252,19759.04318388274,-16604.2420081875,-27777.798503891237,-12213.819758605334,-15391.15594679173,-15767.173533608891,27132.479918508045,35412.56569931672,14446.786498517791,-24410.824981304566,-24355.504775641544,-9473.588229248588,28657.207956583054,-10887.276695264192,-5211.417117516075,-8937.220897856814,17588.805874702513,-18167.307632690125,3933.381645645417,1489.787701032586,-19030.143902757733,561.2588036189787
-17860.435340352553,-3858.429953236473,17976.64813683768,5307.599187317452,4879.2180603712295,24288.025896166047,-1498.2080275595479,1131.7554773398635,6794.688131495207,11754.43489443631,-17697.703566616623,-11257.162841539957,18004.646958896188,-27261.767150958454,-3227.594341790708,-6553.534902610867,10948.913484535635,14448.170938032334,-3973.3863938801196,20766.200283527385,-561.3414418576914,7077.296759640337,-25644.870579169667,-17528.862814925746,-22263.586306085635,-18407.06346396454,1055.344035576714,13207.760626759726,18225.501480044422,1682.822164578489,-16425.318861268057,-11012.210821371413,-11453.990623629166,1411.3287143214482,-16604.2420081875,13954.500926637947,23343.40630773296,10264.036628031543,12933.9407443957,13250.295325545258,-22801.56020859631,-29759.179864452235,-12140.117874085114,20513.822227018456,20466.880637359736,7961.20199491526,-24081.99017138271,9148.966873678904,4378.919274718999,7510.480812957106,-14781.232271521143,15267.044834773471,-3305.5329859750445,-1251.6579182602038,15991.682397252447,-471.90205287723705
-29878.472908295425,-6454.335606214949,30073.298613447398,8878.994730687396,8162.706584729509,40631.30676185121,-2506.6622102962347,1893.5536390521127,11366.887686840935,19664.981953344377,-29606.503818126916,-18832.638067184806,30120.354473428804,-45606.69674983228,-5399.330233123769,-10963.287149108415,18316.216519253307,24170.724216347407,-6646.685597442735,34740.580871654514,-939.3811835452182,11839.917510839008,-42901.61892637766,-29323.93063712438,-37244.88140650543,-30793.515651554844,1765.5353114907452,22095.25544213594,30489.773625773785,2815.3250781123493,-27478.004527606925,-18422.159038503756,-19161.404067769647,2360.7832263335436,-27777.798503891237,23343.40630773296,39051.689802773966,17170.853982861514,21637.345321128807,22166.544680780244,-38144.26000254117,-49784.3183359318,-20310.020661119575,34317.63986458009,34239.48890178293,13318.718194014195,-40287.01600460479,15305.640928610801,7326.046347329513,12564.2621669672,-24727.188211069533,25540.334210850528,-5529.8335661489755,-2094.1142834979905,26753.23031770527,-789.2072996379238
