V1,V2,V3,V4,V5,V6,V7,V8,V9,V10,V11,V12,V13,V14,V15,V16,V17,V18,V19,V20,V21,V22,V23,V24,V25,V26,V27,V28,V29,V30,V31,V32,V33,V34,V35,V36,V37,V38,V39,V40,V41,V42,V43,V44,V45,V46,V47,V48,V49,V50,V51,V52,V53,V54,V55,V56
1.0641569464329956,0.4123833246716823,0.27312764007059814,0.9349031287546157,0.04281270244468607,2.1027732799098433,-0.10146336783702642,0.1391080539705101,-1.456668428957877,0.044862045796829834,-0.18653857314491792,-0.8020070550194083,-1.0531741530095973,-0.3820395194916075,0.24238081402486297,-0.6625750892155571,-0.17414448076180444,0.19226065825093433,0.3630193664552794,-0.8948264601219459,0.4153816078709209,1.1085756364139803,-0.04121963665702238,-0.46935619020466346,0.23256535192824082,0.312722718768144,-0.3142529400473167,0.10100182455205113,0.03256592723625778,0.052306965647775684,0.19251942530507413,-1.4718668574770921,-0.20455992145332458,-0.5533353237200981,0.1624237338119883,0.577744909515865,-0.06912741439910401,0.6937131443012586,0.018349852981148496,1.149252647123001,1.039413069269843,0.24222596763095613,1.4052085016158342,-0.1865447672308316,-0.22196447865826127,-0.6061775236012279,-0.8925124153923778,-1.0166064881865626,0.20761341027862892,-0.04496831369587303,0.7615272958213392,1.1964361218119388,0.38525384130386303,0.0808485232809707,-0.220229715196256,-0.46111529250048333
0.4123833246716823,0.7341030821617135,0.14032003165876158,0.3089873104686987,-0.4931237702111753,0.06351012253631398,-0.18805833612332468,0.008536651762774152,-1.1201680822880853,-0.5054600584987855,-0.6550786166943369,0.004033853495236496,-0.8181602519789529,0.3465154956564245,-0.9962706935233933,0.21451005597719586,-0.30095916511839127,0.7304440557471313,0.37676116673573584,-0.6127500018782652,0.21130353341419073,0.1407846220563981,0.03808847655796015,0.01478234067434575,0.21719547673789966,0.19653870770576187,-0.9916558250870925,0.4335420410410041,0.7621000985129256,0.3719358831080655,0.5954202267631695,-0.2505328837826016,-0.45009192780646107,-0.5040180416652736,0.04519775852400058,0.7928688391261928,0.3198587192374224,1.1413892846267117,-0.36489518893356926,0.2777992598195181,1.040213945851529,-0.296963885646146,1.1099313359844214,0.30461991572961183,-0.39650278061383876,-0.942677925486989,-1.730578817448106,-0.9598893476345097,-0.40528440148886613,-0.5198382752601746,-0.24406360073679048,1.0218445584409672,-0.5285130450076524,0.4075980266589862,0.8046764140689887,-0.6491337024910345
0.27312764007059814,0.14032003165876158,0.2454038414324111,0.10672013531014929,0.7284626512991162,0.6700982550210167,-0.8297702937936807,-0.07290155847092966,-0.4969328838940729,-0.47154121179073233,-0.1866849731563974,-0.25594066596617926,-1.0519784369274174,-0.14804738013159888,-0.2641967374547239,-0.3415944905124637,-0.3707305880371643,0.3298187410289451,-0.44965866049447717,0.07513834310797667,0.21135292995578403,0.036060199985484,-0.04877828065211842,0.176214412029021,0.571210036540634,0.3283576786318751,-0.08616238010143017,-0.0497376156489393,-0.15291209282790963,-0.07347223422213059,-0.16133477964975207,-0.03334614489667773,0.3074247807644063,-0.23894755969007964,0.001103804347689913,0.2699540679642788,-0.23846485832381556,0.07810619388244751,-0.40020332846070167,0.1697135489133679,0.08277587145623296,0.07901269552147541,0.37225536211387333,-0.36393798836309205,-0.33208555169258663,0.16748494847021203,-0.0462188052611478,-0.42902607273580823,0.5480229966735214,-0.28961176247583725,0.06657692047663906,0.5513812094580198,-0.11373650566791312,0.10861699931810868,-0.4010823883375254,-0.012240869213323591
0.9349031287546157,0.3089873104686987,0.10672013531014929,1.4871980131519267,-0.6576639646934511,1.8671503528617606,-0.0715459061060932,0.5289785454368435,-1.127151927539486,0.8685156143410264,0.2501638198774833,-0.9555532079324487,-0.19891616266043546,-0.7470565370398116,0.5488423710453975,-0.965551051553796,-0.0885750618009028,-0.4362897683195129,0.41167750230593825,-0.587134969938821,-0.5379856535046871,1.184955465515378,0.2519688883444848,-0.9315361247613088,-0.42361620023859836,-0.21369257417611184,0.3761677777156684,0.32908395040826627,0.6086918292897762,-0.13576683918077861,0.7027899198622557,-1.5058756510547757,-0.5439015069317913,0.038587550939327184,-0.24753458041375262,-0.22867419091375427,-0.24945979415462546,0.890584806417236,0.026994381635976505,1.497641909098821,0.7549240886672773,0.5107424558572927,1.2010435626677107,0.1081678350932772,-0.43620404227873943,-0.42226300623340124,-0.5665941564728565,-0.9333954482786831,-0.2892127186578437,0.4825010296352355,0.9640219642676938,1.0252044547508674,0.6665055694075862,-0.05341249232511635,-0.2459845790479517,0.009795289500906414
0.04281270244468607,-0.4931237702111753,0.7284626512991162,-0.6576639646934511,3.7427447172046366,1.4830656377257296,-3.1137125846962674,-0.5152150494431439,0.036394895563202655,-1.6265165190958586,-0.029232767800336915,-0.5217200480511167,-2.9862244212979774,-0.6616999379255434,-0.1620238890600528,-1.1504490896354347,-1.085636183488295,0.5834728541755343,-2.5027171374506616,1.4518487800365916,0.6754808670712041,-0.7006055956386016,-0.31285760269006985,1.129023979011059,2.149009138727839,1.0935015483371264,0.7661713828588068,-0.8400189324794428,-1.7136621714099187,-0.7024538108967692,-1.628278841784064,1.0417062926579677,2.007219714347253,-0.2495606778969888,-0.012870044662232622,0.09471615999317719,-1.244864217590724,-1.48397110969392,-1.2212774091192407,-0.4265593309820621,-1.3982704414337392,0.4368471727492136,-0.5424943056182073,-1.8215637926593489,-0.6922257225048439,2.079851251057145,2.2489148932175733,-0.05562149169162916,2.741506431465764,-0.7194304414399327,0.036972531120361064,0.4037848574772378,-0.16908177528946677,-0.03578995474849981,-2.4310914617179327,0.827415642644186
2.1027732799098433,0.06351012253631398,0.6700982550210167,1.8671503528617606,1.4830656377257296,5.327771676866813,-0.8971829466443754,0.2738700318874608,-2.2373653916936713,0.37920222277381493,0.32963386105658515,-2.1062722127290248,-2.294181184013705,-1.544431269798577,1.6465214245958182,-2.1993650921154297,-0.38255902961068505,-0.28675919144176015,-0.19990944187192525,-1.034938800813394,0.7386731980351873,2.335797188310557,-0.15611805908244566,-0.9378211836531011,0.7692620845880107,0.7227699278166108,0.6524977670426695,-0.38767995464370913,-1.0533378976302155,-0.49957007457034913,-0.4880392782943102,-2.9885182995618282,0.4519219675059179,-0.7314967066358778,0.24292918615106351,0.3961948960982343,-0.8838694372753112,0.11084187034824249,0.09023510572659721,2.429469843213041,0.9561463768022725,1.0731828972446202,2.014671837709647,-1.1971910156933123,-0.3593786276373303,0.1448435847803127,0.3594098905663279,-1.4323719527041072,1.5585914913768395,0.35929282012661584,2.13745138786643,1.8741441810580417,1.4936210498489466,-0.27226751840629276,-2.0418090894276304,-0.09102728649547105
-0.10146336783702642,-0.18805833612332468,-0.8297702937936807,-0.0715459061060932,-3.1137125846962674,-0.8971829466443754,4.31863603114971,0.14427002634892905,0.6589278853445286,1.7387308330235827,0.34826270256519076,0.5993491782767814,3.5537029151215616,0.7215378463862421,1.4156682222908972,1.3733072347001398,1.7101180999529237,-0.9119878433893285,2.7791382882824536,-1.7543600128015875,0.3456198791393594,1.0182420604317797,-0.0957460288279176,-1.0110509901461708,-2.116586683073779,-0.8525903296609219,-0.597435174523927,0.13099322460640425,0.22838754441725995,0.6416957227306791,0.5358134893826336,-1.498861265358144,-1.5203741296665239,0.031623375727628626,0.614050092134361,0.04615574365917321,1.3805298948509845,0.14598192495264922,2.1770071596761817,0.056163202125217394,1.0354278930582848,-0.4140063624394486,-0.1802072269505618,1.418496273848312,1.76507185886355,-1.7717873832513957,-1.0803743067420104,1.06250038396045,-2.167741426773222,0.967379650331771,0.328280153162156,-1.4195417855104093,0.7844044892930936,-0.3620163674432817,1.8991863079115416,-0.9474228939194745
0.1391080539705101,0.008536651762774152,-0.07290155847092966,0.5289785454368435,-0.5152150494431439,0.2738700318874608,0.14427002634892905,0.27178589654873003,-0.0723761743189454,0.5764776128795277,0.24686522552139226,-0.24442128969534915,0.4262734327419018,-0.2842548616333553,0.2995803954487876,-0.2825774040281843,0.0765754327600298,-0.38244134331742013,0.19521316937597286,-0.05394075969090074,-0.483243613918583,0.31515334605769857,0.16599412425737314,-0.4156755591534202,-0.42407109813991145,-0.2852119962831837,0.34698960315912664,0.15884367249276152,0.3549226992347081,-0.08693255834123646,0.36155439961005714,-0.3814508692804204,-0.2951233245072298,0.2504504415950207,-0.1949865347690207,-0.3772215143620068,-0.08257071240869553,0.25696860589744336,0.08734703852540421,0.455243686093967,0.0688531872338329,0.20533283331780036,0.15395621282014818,0.18313740040710913,-0.11301406820783905,-0.06380171146700726,-0.004300411026200477,-0.11717153981573293,-0.32549926740245466,0.3512572708988131,0.30006905057187666,0.08906950291913375,0.287038969235532,-0.08229356465146473,-0.009921205257808437,0.1655347159851087
-1.456668428957877,-1.1201680822880853,-0.4969328838940729,-1.127151927539486,0.036394895563202655,-2.2373653916936713,0.6589278853445286,-0.0723761743189454,2.580084165862777,0.7047639889863851,0.8898607575699309,0.812578833167946,2.2375666660875075,0.060257395482801436,0.8605237038036643,0.525169897442732,0.6144057485158065,-1.0444146776173067,-0.4550607509110259,1.3409565600017386,-0.7191029130941283,-1.117697059242727,0.04124304469914811,0.2875086114278207,-0.7164453357607986,-0.6449556137201368,1.2839124446093282,-0.4563332397700835,-0.6333718377811176,-0.3696954905239093,-0.6182085938523759,1.5405248100645836,0.4342265368387954,1.105013485867028,-0.20990073853373967,-1.4236248033856658,-0.13591165773285255,-1.7001709376333964,0.5143532994324509,-1.328299248473505,-1.94035570731452,0.04317127397110596,-2.4588652275308167,0.06919572231548983,0.7094137136632533,1.3443683661721801,2.4410585241423752,1.997052759989,-0.09286276753288865,0.6933454008973695,-0.46043538001451095,-2.275987266380054,0.22564107392337449,-0.5109629893802187,-0.36967933333369535,1.0450395518413396
0.044862045796829834,-0.5054600584987855,-0.47154121179073233,0.8685156143410264,-1.6265165190958586,0.37920222277381493,1.7387308330235827,0.5764776128795277,0.7047639889863851,2.001618527584206,1.0144648972569774,-0.3549423602154717,2.396826569099708,-0.5919959900088926,1.713569921378797,-0.3198261361164286,0.8686581555813359,-1.502474330776854,1.0147915520720627,-0.3065425449254599,-0.9377607810257013,0.9207021029622373,0.26254058785762446,-1.1666237214873119,-1.6061517394139992,-0.9245375447020492,1.1323559839472155,0.06283956189843769,0.24469500422795723,-0.21674912905609278,0.47876173742614614,-1.1533556075371485,-0.7550777154750183,0.7911335505381603,-0.2043853696336845,-1.206033778962224,0.04641445772990684,-0.1737604069184037,1.0933018864292896,0.8038775888005288,-0.16541531138564128,0.48975657843155007,-0.3954821458639828,0.5734430092230987,0.5794600021647546,-0.08426670622108941,0.7557799908565782,0.6704250322624037,-1.0117382669772212,1.3286296539959903,0.9098126584993214,-0.8630181603924898,1.1882455499090046,-0.5411050547625905,0.007537039473535677,0.42860412557970823
-0.18653857314491792,-0.6550786166943369,-0.1866849731563974,0.2501638198774833,-0.029232767800336915,0.32963386105658515,0.34826270256519076,0.24686522552139226,0.8898607575699309,1.0144648972569774,0.8275268266296627,-0.27449276223487445,1.1145095335814852,-0.6000990603756384,1.239670763888953,-0.48751410553957014,0.3585930373509321,-1.0257444042430268,-0.12130904031818508,0.4423547085973351,-0.5963400566022874,0.24264953972272588,0.10842014931002913,-0.4317698017181504,-0.5908156943439268,-0.4267596671384,1.213518806207679,-0.25707589628265287,-0.3949208927085422,-0.41653350276020745,-0.21679259432727238,-0.2309278759425358,0.12717578401432264,0.6578912607304807,-0.19782856968231546,-1.040396647526166,-0.36405266900945626,-0.7917242136562209,0.4479567129323399,0.2308547899142581,-0.8289737589741861,0.4761462539999879,-0.8055644863802619,-0.12036482474862674,0.27612415566819865,0.7651199420095471,1.5467452230433383,0.7360254125584174,0.08074864545935578,0.8111347907747067,0.5578606551214628,-0.8103281303469876,0.7914668645451908,-0.45541186673958317,-0.7605537987967516,0.7140647894404307
-0.8020070550194083,0.004033853495236496,-0.25594066596617926,-0.9555532079324487,-0.5217200480511167,-2.1062722127290248,0.5993491782767814,-0.24442128969534915,0.812578833167946,-0.3549423602154717,-0.27449276223487445,0.9373262492401503,0.8122008100371286,0.7973137530830336,-0.6952334435896331,1.0750871061431804,0.2204993322467512,0.2950937075341225,0.22502336237317758,0.19925209394560653,0.0731209411857208,-0.9069629281657453,-0.05005790954571899,0.4874944428889299,-0.19078584240494234,-0.14639024342087442,-0.5531759008836387,0.08137701609287572,0.22819705146238092,0.30813894539371095,0.042412670635221035,1.1254526946794903,-0.1470857006153821,0.07720549603637414,0.08829402385840159,0.14160521233713994,0.5023861126193042,-0.10413265036210162,0.08554969457682866,-1.099529199579744,-0.21627533605557767,-0.554610535620767,-0.7412749063784189,0.4564626300597269,0.32382837355967814,-0.23164416829957288,-0.33254687681095513,0.6032978841344331,-0.5714711489154748,-0.28326419121227825,-0.9148274776548767,-0.7690607488671843,-0.65952316897735,0.13901221445467074,0.9428441678248883,-0.19312104369554106
-1.0531741530095973,-0.8181602519789529,-1.0519784369274174,-0.19891616266043546,-2.9862244212979774,-2.294181184013705,3.5537029151215616,0.4262734327419018,2.2375666660875075,2.396826569099708,1.1145095335814852,0.8122008100371286,4.6690682193707715,0.2825995813127738,1.6871912462199397,1.0882104428114452,1.661815983916572,-1.7896320247801363,1.8417148080558043,-0.23789146342970013,-1.0666694390675395,0.12142691077468591,0.23915413484614198,-0.9820117798485916,-2.573658987559233,-1.4913545488197404,0.8571579488121013,0.09569292744846737,0.43949455102024526,0.12013341302712933,0.5805498772811362,-0.17995860253718057,-1.2268239653354953,1.1953443307952096,-0.06518787281628004,-1.492073013923271,0.8044709055053637,-0.5910588189719806,1.8531503615637994,-0.43210435067054404,-0.569098128628054,-0.07463022398288137,-1.696233743146622,1.4068796816856057,1.4636459990455195,-0.4243264263665117,0.7710554376626116,1.9551122381229191,-2.1744785124071826,1.5482459513220697,0.08979848664612311,-2.464590908785804,0.8829893394645433,-0.6425646106475572,1.2645450431739493,0.30568271037410116
-0.3820395194916075,0.3465154956564245,-0.14804738013159888,-0.7470565370398116,-0.6616999379255434,-1.544431269798577,0.7215378463862421,-0.2842548616333553,0.060257395482801436,-0.5919959900088926,-0.6000990603756384,0.7973137530830336,0.2825995813127738,0.9208583835307951,-0.9351389927781639,1.1053901337899745,0.14954744676406692,0.6592980613750071,0.5583058922149079,-0.3687834538811032,0.468014719782915,-0.5484876650206204,-0.11747826667248985,0.4236102579943138,-0.02620713488513798,0.0660525434479335,-1.115780936957419,0.19625787948774745,0.3549885570913733,0.5075266144562811,0.18843278576091513,0.6081768976328491,-0.3373367887140204,-0.34496025777177763,0.26287699359589056,0.7087564932354001,0.6895394411650405,0.38534498690997016,0.08373026727325593,-0.7953226874053682,0.4787885050569063,-0.6624862519327019,-0.008984974593994291,0.5074634850599614,0.2795261234223568,-0.8008917769939745,-1.2123337452810394,0.08539116657148099,-0.6406080264257851,-0.5209141974262695,-0.8235678331144108,-0.1848141427286889,-0.7456797889728147,0.29556971458783016,1.2314200730617821,-0.6578384991472336
0.24238081402486297,-0.9962706935233933,-0.2641967374547239,0.5488423710453975,-0.1620238890600528,1.6465214245958182,1.4156682222908972,0.2995803954487876,0.8605237038036643,1.713569921378797,1.239670763888953,-0.6952334435896331,1.6871912462199397,-0.9351389927781639,2.5205358559910027,-0.7782697836710213,0.860371719803502,-1.5896199781788134,0.45267737829318216,-0.15348773509379557,-0.21081880532746908,1.1496682322947405,-0.0315189713886652,-0.9291638580420103,-0.9637095752018286,-0.4593096191209118,1.5511636802809383,-0.5621032192501311,-1.070514233463239,-0.5088196567502334,-0.5526623439139575,-1.4281249124575666,0.07391502807893524,0.573722240406025,0.10115622952191934,-1.1229216461160563,-0.33323462552882566,-1.2518530110146016,1.2652601363932756,0.7799792366321631,-0.6567869558212497,0.7564992037477897,-0.7193985809034196,-0.24414846823968303,0.8933218183305592,0.6768216973679562,2.0445589137421223,1.0314861491343532,0.17167006998648007,1.3368853861805245,1.35424316497223,-1.091978861771123,1.6428107321637588,-0.7969886307669323,-1.1586912875733801,0.6181740018697521
-0.6625750892155571,0.21451005597719586,-0.3415944905124637,-0.965551051553796,-1.1504490896354347,-2.1993650921154297,1.3733072347001398,-0.2825774040281843,0.525169897442732,-0.3198261361164286,-0.48751410553957014,1.0750871061431804,1.0882104428114452,1.1053901337899745,-0.7782697836710213,1.4555079426243729,0.443208770538027,0.45632565717923973,0.8740237805159587,-0.3920151744753295,0.3798569357016331,-0.6699450998256316,-0.11001534821811537,0.3746050834280891,-0.4149550552015268,-0.15424498539456924,-1.099383366739142,0.19940026122555798,0.4025081586890109,0.5806894067720456,0.23865187279363065,0.7506873744368975,-0.5206699029316317,-0.18225075511532654,0.29636508941488265,0.5432826971301905,0.899833789340493,0.24440468494288212,0.3948455756453149,-1.0557129069737352,0.36347021818598413,-0.7718089556472782,-0.3871129856255966,0.77021554931107294,0.5813775129451052,-0.9023756668569045,-1.138349977090326,0.4914816996146138,-1.0248814855467976,-0.349808241642952,-0.955237465006814,-0.6901002007471534,-0.7160648467911465,0.21835300861643755,1.5601099654860047,-0.6643337252179493
-0.17414448076180444,-0.30095916511839127,-0.3707305880371643,-0.0885750618009028,-1.085636183488295,-0.38255902961068505,1.7101180999529237,0.0765754327600298,0.6144057485158065,0.8686581555813359,0.3585930373509321,0.2204993322467512,1.661815983916572,0.14954744676406692,0.860371719803502,0.443208770538027,0.7504833244534711,-0.6088763621320353,0.9510015671761564,-0.4642827020701534,0.007708800940198911,0.3486520516305087,-0.029669449786452157,-0.4186596049725037,-0.9164370944083938,-0.4190197973241527,0.1147503062494422,-0.06673845907867182,-0.10669832923075785,0.12124286061043389,0.056592293499447326,-0.49568388898969445,-0.466174916398598,0.20263064234110906,0.1950938106183802,-0.2735105646312435,0.42025873864086355,-0.27811306033875255,0.9429668035013613,-0.043651297473198215,0.06148869268934636,-0.05256812778704951,-0.4203068506081154,0.46937188030922683,0.7817156732050966,-0.37991029297944623,0.13181358474410157,0.70378391843757,-0.7381610343001842,0.5598019302227389,0.20976849699478095,-0.8649739942098833,0.475920131397612,-0.2700015910393348,0.482355749369843,-0.13573465387865644
0.19226065825093433,0.7304440557471313,0.3298187410289451,-0.4362897683195129,0.5834728541755343,-0.28675919144176015,-0.9119878433893285,-0.38244134331742013,-1.0444146776173067,-1.502474330776854,-1.0257444042430268,0.2950937075341225,-1.7896320247801363,0.6592980613750071,-1.5896199781788134,0.45632565717923973,-0.6088763621320353,1.353828945174645,-0.24424590825595383,-0.28678310713253197,0.8042442042550658,-0.458175936022256,-0.1724351213628017,0.7214840685925292,1.041892525114468,0.6741591475033749,-1.3765557548854706,0.19991658453248928,0.25567129564661745,0.4092440924829442,0.03459067665290223,0.5126565541891276,0.14347856133868872,-0.8240348618865044,0.22598348162542767,1.2745029779359267,0.2652121457063506,0.7501131785345408,-0.7535315889589,-0.3930210155943205,0.7780101519636897,-0.5348278678708608,0.8671030875720648,-0.10863918333541818,-0.4533262728367951,-0.6149035389940235,-1.5588126086078002,-0.8919283381426074,0.2914697303629969,-1.113581047305041,-0.7238197826565438,1.0283134165866974,-1.0316101950425032,0.56134843563487,0.5961370508951745,-0.7381547327651337
0.3630193664552794,0.37676116673573584,-0.44965866049447717,0.41167750230593825,-2.5027171374506616,-0.19990944187192525,2.7791382882824536,0.19521316937597286,-0.4550607509110259,1.0147915520720627,-0.12130904031818508,0.22502336237317758,1.8417148080558043,0.5583058922149079,0.45267737829318216,0.8740237805159587,0.9510015671761564,-0.24424590825595383,2.175310307180069,-1.6696024687677884,0.2780666513693579,0.9968294774247742,2.3734927194152136e-4,-0.84057805651344,-1.3604591714804133,-0.4846540168478624,-0.9417530975884172,0.40696951274852267,0.7158707903673874,0.6336746236351505,0.8422789386483305,-1.4491995956212496,-1.3909081785107384,-0.28805915111446007,0.4022565162504634,0.4823736658655226,1.0775286568125717,0.951650061096689,1.2509028942282607,0.48565345298878543,1.4745232359024094,-0.3648795929889528,0.7824489313116884,1.151852177159444,0.8704659740364321,-1.8449691030047184,-1.8844128625821852,-0.04395356048535876,-1.7468730669062944,0.4194061957288488,0.2555243816085704,-0.13934470529169551,0.332283167845606,-0.005807374774977254,1.7151282537273416,-1.0369841874236065
-0.8948264601219459,-0.6127500018782652,0.07513834310797667,-0.587134969938821,1.4518487800365916,-1.034938800813394,-1.7543600128015875,-0.05394075969090074,1.3409565600017386,-0.3065425449254599,0.4423547085973351,0.19925209394560653,-0.23789146342970013,-0.3687834538811032,-0.15348773509379557,-0.3920151744753295,-0.4642827020701534,-0.28678310713253197,-1.6696024687677884,1.7754923952200194,-0.789901600670864,-1.2184875497479655,0.1260161558078021,0.6195152390748585,0.5033236276980335,-0.06688997164419132,1.2006248699746034,-0.3023969131060052,-0.3918075842897654,-0.5764590539400037,-0.5562258514595303,1.7367064535018866,0.9691197301801399,0.7749811377072428,-0.5121727940173296,-1.0425123424138203,-0.7986330423980497,-1.0869234829011603,-0.7806083003520942,-0.8176681049955827,-1.77676628192972,0.2670792088018186,-1.4832167888644665,-0.6059291513854336,-0.48531362598662503,1.7494897684181911,2.097042526438888,0.7260169394512429,0.9295213453615231,0.02463295255043901,-0.4422207493998085,-0.7385823432524717,-0.22809855990845304,-0.1512354364635675,-1.16193728031981,1.2022871820841272
0.4153816078709209,0.21130353341419073,0.21135292995578403,-0.5379856535046871,0.6754808670712041,0.7386731980351873,0.3456198791393594,-0.483243613918583,-0.7191029130941283,-0.9377607810257013,-0.5963400566022874,0.0731209411857208,-1.0666694390675395,0.468014719782915,-0.21081880532746908,0.3798569357016331,0.007708800940198911,0.8042442042550658,0.2780666513693579,-0.789901600670864,1.4254761536796996,0.25603764735470064,-0.4180966865940112,0.42020197283509053,0.7449134448553895,0.707381948212925,-1.056510712319285,-0.27964397561128507,-0.7646968139648104,0.323628023782101,-0.6054305458471071,-0.44457006905793156,0.2750841504720443,-0.9273349762007935,0.6536998592436541,1.2281027642785205,0.35452775709265133,-0.10371929949700538,0.2034402211777452,-0.19686843347608277,0.719066335675195,-0.3419621423414298,0.5817016304678776,-0.3157104204047047,0.41042399596339024,-0.5494249192171783,-0.7347046491097756,-0.24288077681518414,0.5262059754517553,-0.6292439379696377,-0.058363135093209624,0.3710556233485414,-0.2085267708636809,0.16198214748100156,0.15030338753053776,-0.8311389483721117
1.1085756364139803,0.1407846220563981,0.036060199985484,1.184955465515378,-0.7006055956386016,2.335797188310557,1.0182420604317797,0.31515334605769857,-1.117697059242727,0.9207021029622373,0.24264953972272588,-0.9069629281657453,0.12142691077468591,-0.5484876650206204,1.1496682322947405,-0.6699450998256316,0.3486520516305087,-0.458175936022256,0.9968294774247742,-1.2184875497479655,0.25603764735470064,1.6086713988838826,-0.009840112043847202,-0.9734010021789552,-0.4984603671620755,-0.04278053895592062,0.05931239784687022,0.04326767338736348,-0.05836024126979673,0.017362138896931594,0.26916183711812125,-2.1269081654436817,-0.5386635258075,-0.31632642048471743,0.2228245507909916,0.1871967139810223,0.0694807951641335,0.4918159644922107,0.7107194521462841,1.4425357218003967,1.0537300965465872,0.4006682913552199,1.2093939146093005,0.0690077120224838,0.2582973766779201,-0.7571991782888271,-0.5827806286043468,-0.599164709181918,-0.24078600144781248,0.542088983627154,1.196510967710255,0.687924941288281,0.9741780596631567,-0.19286652922380068,-0.151124991899889,-0.41404095478301123
-0.04121963665702238,0.03808847655796015,-0.04877828065211842,0.2519688883444848,-0.31285760269006985,-0.15611805908244566,-0.0957460288279176,0.16599412425737314,0.04124304469914811,0.26254058785762446,0.10842014931002913,-0.05005790954571899,0.23915413484614198,-0.11747826667248985,-0.0315189713886652,-0.11001534821811537,-0.029669449786452157,-0.1724351213628017,2.3734927194152136e-4,0.1260161558078021,-0.4180966865940112,-0.009840112043847202,0.13854704571324014,-0.1650420334872327,-0.22829077119656824,-0.20222828036048138,0.20133678809373642,0.1511508430630198,0.34887034618394414,-0.05016714230371062,0.2857387636385515,0.037708736402618556,-0.17040403703344364,0.21705470488361747,-0.19464256560620286,-0.27717790192509445,-0.06410248186020194,0.20700080598580525,-0.08882517815352786,0.14684884337427984,-0.050806169520214446,0.08000563759855699,0.005171558974805421,0.14830747301153605,-0.1744806845052287,0.017815661814184477,-0.02511805060390471,-0.0718297808262182,-0.2365422406227161,0.14835608060907554,0.023097788086597192,0.04144464088590372,0.025717551938136376,-0.002179745788619715,0.06253965957378023,0.16108473616687244
-0.46935619020466346,0.01478234067434575,0.176214412029021,-0.9315361247613088,1.129023979011059,-0.9378211836531011,-1.0110509901461708,-0.4156755591534202,0.2875086114278207,-1.1666237214873119,-0.4317698017181504,0.4874944428889299,-0.9820117798485916,0.4236102579943138,-0.9291638580420103,0.3746050834280891,-0.4186596049725037,0.7214840685925292,-0.84057805651344,0.6195152390748585,0.42020197283509053,-0.9734010021789552,-0.1650420334872327,0.8891525863862407,0.8908212008811801,0.44060911164258565,-0.3916212023555759,-0.17599792498377895,-0.34909767581756596,0.037045674604651,-0.5085824864344364,1.2624221938280205,0.648672617552931,-0.20922517537901678,0.0721492306943934,0.39878756885571787,-0.07579415615400005,-0.3839438414871816,-0.6061970927849248,-0.9504177723589784,-0.4701361424227424,-0.32317819506255585,-0.4640468862656046,-0.3725219511264124,-0.19444362847891403,0.4635441269863834,0.20974274097645415,0.13262521223503854,0.6665314105157348,-0.7073344783085629,-0.7671429729668664,-0.08375273725095049,-0.7541135456102203,0.22118994921951218,-0.11563668321115826,0.022600020707096147
0.23256535192824082,0.21719547673789966,0.571210036540634,-0.42361620023859836,2.149009138727839,0.7692620845880107,-2.116586683073779,-0.42407109813991145,-0.7164453357607986,-1.6061517394139992,-0.5908156943439268,-0.19078584240494234,-2.573658987559233,-0.02620713488513798,-0.9637095752018286,-0.4149550552015268,-0.9164370944083938,1.041892525114468,-1.3604591714804133,0.5033236276980335,0.7449134448553895,-0.4984603671620755,-0.22829077119656824,0.8908212008811801,1.645113868760851,0.9196172978515066,-0.3814494367579968,-0.26509002603297194,-0.6360085723106804,-0.1277253125900155,-0.7157256319638748,0.6693214627603012,1.0321256468850926,-0.6014154573674975,0.09465662992022465,0.7676082901919816,-0.49827526592352395,-0.20305582895806354,-1.059852852608809,-0.28399524289067557,-0.16601771383078623,-0.03958932440010764,0.3662548573430409,-0.964831866293208,-0.6678830255363915,0.639510846321257,0.1503362216482136,-0.6558233898235103,1.5139199761564364,-0.9642761388699679,-0.306447888921715,0.920358841135605,-0.6233381414094977,0.3079114903513388,-0.8953963049099164,-0.01345270169326884
0.312722718768144,0.19653870770576187,0.3283576786318751,-0.21369257417611184,1.0935015483371264,0.7227699278166108,-0.8525903296609219,-0.2852119962831837,-0.6449556137201368,-0.9245375447020492,-0.4267596671384,-0.14639024342087442,-1.4913545488197404,0.0660525434479335,-0.4593096191209118,-0.15424498539456924,-0.4190197973241527,0.6741591475033749,-0.4846540168478624,-0.06688997164419132,0.707381948212925,-0.04278053895592062,-0.20222828036048138,0.44060911164258565,0.9196172978515066,0.6025471579537248,-0.46234881093360664,-0.1655330667982872,-0.44441580579351075,0.03165422590004781,-0.42758892605128634,0.034352951282112854,0.48782815520835565,-0.5446984023743026,0.21330081106643298,0.6949499452932589,-0.13533561426724408,-0.027179953862304446,-0.4165619082981434,-0.05082257053528063,0.2175336393505627,-0.07817226256774229,0.4545306383115819,-0.5095662472087107,-0.22138488966269879,0.07388481856334514,-0.2229928669656417,-0.459026861050105,0.7993330988289383,-0.581054277367112,-0.07409290435950201,0.6236070908638826,-0.2895867224395358,0.18638800856422735,-0.3651221155667855,-0.2585855565370501
-0.3142529400473167,-0.9916558250870925,-0.08616238010143017,0.3761677777156684,0.7661713828588068,0.6524977670426695,-0.597435174523927,0.34698960315912664,1.2839124446093282,1.1323559839472155,1.213518806207679,-0.5531759008836387,0.8571579488121013,-1.115780936957419,1.5511636802809383,-1.099383366739142,0.1147503062494422,-1.3765557548854706,-0.9417530975884172,1.2006248699746034,-1.056510712319285,0.05931239784687022,0.20133678809373642,-0.3916212023555759,-0.3814494367579968,-0.46234881093360664,2.076163031667392,-0.43606570217717655,-0.6676260919852962,-0.8250714687918993,-0.47989248967373127,0.1036046524057292,0.6048384688113256,1.0523771958263066,-0.48567237660708296,-1.6740426089326694,-0.933592013132722,-1.300768222927265,0.12016846850905116,0.29896377842892313,-1.618717917721664,0.84566664316095,-1.2749832396901404,-0.550274540815456,-0.031402007009800455,1.6931337588388853,2.7435037404923412,0.9129063429626155,0.6827817284580863,1.0189326111387003,0.7515189207140786,-0.9436930761442257,1.0130648867081387,-0.6198266196323147,-1.6796606167948707,1.3933257454418448
0.10100182455205113,0.4335420410410041,-0.0497376156489393,0.32908395040826627,-0.8400189324794428,-0.38767995464370913,0.13099322460640425,0.15884367249276152,-0.4563332397700835,0.06283956189843769,-0.25707589628265287,0.08137701609287572,0.09569292744846737,0.19625787948774745,-0.5621032192501311,0.19940026122555798,-0.06673845907867182,0.19991658453248928,0.40696951274852267,-0.3023969131060052,-0.27964397561128507,0.04326767338736348,0.1511508430630198,-0.17599792498377895,-0.26509002603297194,-0.1655330667982872,-0.43606570217717655,0.4101293341597562,0.8138726783214637,0.22571592028289542,0.6585673716280166,-0.08461040749074052,-0.5333849382948159,-0.04836273037579284,-0.12556945031230107,0.17344762755091983,0.24861436009201757,0.8414584860812778,-0.14603241660147434,0.19873794085751836,0.5683191542125973,-0.16364353666977546,0.5352655759620737,0.45433220789977774,-0.25341355961648426,-0.6386127670324769,-1.0844893057554443,-0.47775017049005014,-0.6586571031428012,-0.10320166673438673,-0.18067922181209964,0.44218619675197185,-0.28144173478182205,0.21408772280994473,0.722027676695685,-0.27426676798781957
0.03256592723625778,0.7621000985129256,-0.15291209282790963,0.6086918292897762,-1.7136621714099187,-1.0533378976302155,0.22838754441725995,0.3549226992347081,-0.6333718377811176,0.24469500422795723,-0.3949208927085422,0.22819705146238092,0.43949455102024526,0.3549885570913733,-1.070514233463239,0.4025081586890109,-0.10669832923075785,0.25567129564661745,0.7158707903673874,-0.3918075842897654,-0.7646968139648104,-0.05836024126979673,0.34887034618394414,-0.34909767581756596,-0.6360085723106804,-0.44441580579351075,-0.6676260919852962,0.8138726783214637,1.659367668988497,0.3869681795338749,1.3254094959546003,0.03874145958839347,-1.0434075774807356,0.0847200228176469,-0.341432370978959,0.11337422574243383,0.441077957723017,1.558993569236068,-0.3024388789181974,0.2926984699563995,0.8947278650392892,-0.2942004925299583,0.8094107570089091,0.9358356863409897,-0.5129220482975674,-1.0972721455230412,-1.8975725367641243,-0.7799329202834752,-1.3597907454296017,-0.10774429695234979,-0.4138929042573956,0.6758489290373576,-0.5485324033636791,0.38020335947321154,1.392674945750861,-0.3733298333212076
0.052306965647775684,0.3719358831080655,-0.07347223422213059,-0.13576683918077861,-0.7024538108967692,-0.49957007457034913,0.6416957227306791,-0.08693255834123646,-0.3696954905239093,-0.21674912905609278,-0.41653350276020745,0.30813894539371095,0.12013341302712933,0.5075266144562811,-0.5088196567502334,0.5806894067720456,0.12124286061043389,0.4092440924829442,0.6336746236351505,-0.5764590539400037,0.323628023782101,0.017362138896931594,-0.05016714230371062,0.037045674604651,-0.1277253125900155,0.03165422590004781,-0.8250714687918993,0.22571592028289542,0.3869681795338749,0.37929031839651467,0.3157035717073032,-0.10419968767634014,-0.4297662645858425,-0.3339426749236308,0.19399160086651338,0.5746456092437014,0.4975037286354955,0.5621386091023728,0.13864251618306156,-0.13198641030135325,0.688639703877917,-0.37181808084106166,0.42830755115267344,0.4112184753169364,0.14786072826593677,-0.8214490012037707,-1.1755580966808192,-0.23383537381879663,-0.5634420040735819,-0.27348707552993173,-0.3030346898903425,0.1939604455828803,-0.34451926544490186,0.21023282377696315,0.8920736175464844,-0.5873893542884093
0.19251942530507413,0.5954202267631695,-0.16133477964975207,0.7027899198622557,-1.628278841784064,-0.4880392782943102,0.5358134893826336,0.36155439961005714,-0.6182085938523759,0.47876173742614614,-0.21679259432727238,0.042412670635221035,0.5805498772811362,0.18843278576091513,-0.5526623439139575,0.23865187279363065,0.056592293499447326,0.03459067665290223,0.8422789386483305,-0.5562258514595303,-0.6054305458471071,0.26916183711812125,0.2857387636385515,-0.5085824864344364,-0.7157256319638748,-0.42758892605128634,-0.47989248967373127,0.6585673716280166,1.3254094959546003,0.3157035717073032,1.1297669910215884,-0.3871974569881896,-0.9866353787187078,0.05977651201495421,-0.23108910574618072,0.05922663358776997,0.3991787224081092,1.3057128735587047,-0.020471687460277704,0.4911917968114224,0.8876350289151523,-0.15945850372980133,0.7997511982760175,0.8187567456375082,-0.2921476313140487,-1.035520010066257,-1.5836852450613004,-0.6472710610545324,-1.222585818712613,0.08817465217942631,-0.09376712239008834,0.5590438720639553,-0.20809173543112183,0.23586394702274072,1.1323863394299785,-0.3622379603416616
-1.4718668574770921,-0.2505328837826016,-0.03334614489667773,-1.5058756510547757,1.0417062926579677,-2.9885182995618282,-1.498861265358144,-0.3814508692804204,1.5405248100645836,-1.1533556075371485,-0.2309278759425358,1.1254526946794903,-0.17995860253718057,0.6081768976328491,-1.4281249124575666,0.7506873744368975,-0.49568388898969445,0.5126565541891276,-1.4491995956212496,1.7367064535018866,-0.44457006905793156,-2.1269081654436817,0.037708736402618556,1.2624221938280205,0.6693214627603012,0.034352951282112854,0.1036046524057292,-0.08461040749074052,0.03874145958839347,-0.10419968767634014,-0.3871974569881896,2.831094185853391,0.781817607088371,0.5021853965939157,-0.35439590142277155,-0.38484269383881725,-0.20137773639126433,-0.7326631145597794,-0.9844851948595843,-1.8573376654201328,-1.5287289132862545,-0.4454039775651957,-1.670419895935673,-0.16218968426085886,-0.39752804101975947,1.1650847701084117,0.9938852051876101,0.8181407743311717,0.41249654802103414,-0.6516915773707151,-1.5160705094908555,-0.9282606574336522,-1.2183766926920716,0.21589431058340683,0.02401286269612546,0.6791489852768251
-0.20455992145332458,-0.45009192780646107,0.3074247807644063,-0.5439015069317913,2.007219714347253,0.4519219675059179,-1.5203741296665239,-0.2951233245072298,0.4342265368387954,-0.7550777154750183,0.12717578401432264,-0.1470857006153821,-1.2268239653354953,-0.3373367887140204,0.07391502807893524,-0.5206699029316317,-0.466174916398598,0.14347856133868872,-1.3909081785107384,0.9691197301801399,0.2750841504720443,-0.5386635258075,-0.17040403703344364,0.648672617552931,1.0321256468850926,0.48782815520835565,0.6048384688113256,-0.5333849382948159,-1.0434075774807356,-0.4297662645858425,-0.9866353787187078,0.781817607088371,1.1441125739295182,0.03096320892310446,-0.023340406735202157,-0.16285100817150122,-0.67640336620685515,-1.0819716134365913,-0.5457268439305848,-0.44342386261518646,-1.0490109799183862,0.2368196018109536,-0.6849321753806121,-0.9652020500451642,-0.23095188810081899,1.3167584648470425,1.5952373473599888,0.30330115551230014,1.4540478271754111,-0.27126870324784225,-0.04537974152526314,-0.16188421250989463,-0.04269267115026659,-0.1064432726579867,-1.3571177761746316,0.5951751547979557
-0.5533353237200981,-0.5040180416652736,-0.23894755969007964,0.038587550939327184,-0.2495606778969888,-0.7314967066358778,0.031623375727628626,0.2504504415950207,1.105013485867028,0.7911335505381603,0.6578912607304807,0.07720549603637414,1.1953443307952096,-0.34496025777177763,0.573722240406025,-0.18225075511532654,0.20263064234110906,-0.8240348618865044,-0.28805915111446007,0.7749811377072428,-0.9273349762007935,-0.31632642048471743,0.21705470488361747,-0.20922517537901678,-0.6014154573674975,-0.5446984023743026,1.0523771958263066,-0.04836273037579284,0.0847200228176469,-0.3339426749236308,0.05977651201495421,0.5021853965939157,0.03096320892310446,0.8110414063118982,-0.38523427176016317,-1.1079802110710812,-0.2907278709175704,-0.5380350024108149,0.11194862539870314,-0.1600021058466992,-0.9666557709752032,0.27966713237196017,-1.0037815446061262,0.1035334333371935,0.029986546193992155,0.7523452225058332,1.264692684517023,0.725083376773509,-0.19959155249848856,0.6155599462490337,0.054386280261238866,-0.8571652235332544,0.3262450783663356,-0.29325871001520143,-0.36047491165611295,0.7824820677650043
0.1624237338119883,0.04519775852400058,0.001103804347689913,-0.24753458041375262,-0.012870044662232622,0.24292918615106351,0.614050092134361,-0.1949865347690207,-0.20990073853373967,-0.2043853696336845,-0.19782856968231546,0.08829402385840159,-0.06518787281628004,0.26287699359589056,0.10115622952191934,0.29636508941488265,0.1950938106183802,0.22598348162542767,0.4022565162504634,-0.5121727940173296,0.6536998592436541,0.2228245507909916,-0.19464256560620286,0.0721492306943934,0.09465662992022465,0.21330081106643298,-0.48567237660708296,-0.12556945031230107,-0.341432370978959,0.19399160086651338,-0.23108910574618072,-0.35439590142277155,-0.023340406735202157,-0.38523427176016317,0.3498138242381059,0.5129248370241984,0.2866694214502998,-0.0717577006382435,0.33418112656252613,-0.0819617726379388,0.3886525368143548,-0.178600895060503,0.20044818082563232,-0.00237865360556902,0.3803621531266206,-0.3927587531881196,-0.3701168993782904,0.03770704940489708,0.019563349136558477,-0.1512725235562898,0.025817332636507474,-0.02051236082549608,0.01713117260915497,0.016142690874530227,0.23070685956089235,-0.4397764505207599
