V1,V2,V3,V4,V5,V6,V7,V8,V9,V10,V11,V12,V13,V14,V15,V16,V17,V18,V19,V20,V21,V22,V23,V24,V25,V26,V27,V28,V29,V30,V31,V32,V33,V34,V35,V36,V37,V38,V39,V40,V41,V42,V43,V44,V45,V46,V47,V48,V49,V50,V51,V52,V53,V54,V55,V56
6.633121095967499,-0.6335947920004363,-0.0979726303294354,-0.6122058263440203,-3.800003647802548,3.391493914465003,-1.40712360754996,-2.6220852761333004,-1.6613097521699416,-4.8978329819276025,-0.7522987407634768,0.1921805615963374,4.1607969453726215,-7.37521306056784,-3.2290323272685177,5.399279931823479,-4.667032189489881,-2.7832743462362113,-10.928731808046132,1.2963328836531354,-4.969060299442912,-0.6902994467831876,-6.362289301963212,-10.954267166789954,1.212939820773924,-0.6671968886839144,-2.7665095400899773,-1.9180698354900159,0.3223823927261414,-2.2926854368079197,1.668517733919426,-2.9029662273930588,0.7655908052542788,2.561754783499605,4.404977456720144,5.2103161391637185,1.0349111449989297,4.72800725816167,-8.460241649253284,-6.897099387402922,0.15219203732696043,2.188902113059171,2.8259271515397764,-5.2340925145132875,-2.080397492760839,0.2860970939165092,-1.9047151144182919,-5.8062343191190635,-0.05270006476307986,-6.083295204293928,-2.320005096836514,3.9054335746783266,2.609022044042326,12.75468571152575,1.7195518700680468,0.9372905750309406
-0.6335947920004363,0.728258590153178,-0.11230471312020815,-0.2017496543078224,0.2860215905409914,-0.9631004193748011,0.620012011923202,0.813543756433347,0.4891286740165411,0.3903830822967455,0.39936864522557364,0.6879020739195136,-0.7369171163339289,1.4263517643226418,0.5371659549433827,-1.0670598467816432,0.6878507579808345,0.22821019442070242,2.0905242260625547,-0.42403499752479695,0.43827035714252033,-0.17615240931593673,1.1522212980464677,1.9052399684388233,-0.21116305331000346,0.8863943718271975,0.05438710642318492,0.46929985965366006,0.053082328857526444,0.33681830166836513,-0.20242058003861943,0.30723884319729905,0.04228046349692539,-0.4955738666723927,-0.6301867850448059,-0.6059948391621637,-0.08707656177169573,-0.5273820428479881,0.8975537655045188,0.49525889693484004,0.24687236451313418,-0.4381991665341466,-0.11287456695053708,0.682193981468805,-0.036165622720740365,-0.426044420300279,0.9255271590572891,1.0611536284915322,-0.022547702088745455,0.7929473471412704,0.4351608703068217,-0.8575647523548923,-0.21080792608927298,-1.913763118891572,-0.048342836866321015,-0.07189037128863006
-0.0979726303294354,-0.11230471312020815,0.24852381113906694,0.112645432540901,0.0294934682267621,0.3732838565130961,-0.1463475884158033,-0.1234354033721165,0.0405770567637754,0.11487735221052467,-0.10414665361981831,-0.23172052017161965,0.20393951834290408,-0.3575156309497333,-0.10705945845809312,0.09878934306619362,0.0663691303279804,0.09581345679006377,-0.20908245260750796,0.30900067930750763,0.0358706750933802,0.060043519273170844,-0.3363702788766942,-0.3655754422936532,-0.18408290268548994,-0.34290950794923847,0.03974430026980003,0.10447540512412035,0.17723630284104303,0.03241661897368532,-0.19247056428656875,-0.1664682570975687,-0.08323561451576557,0.10199734102791917,-0.12829113293107478,0.13688314821539205,0.11771549820164294,0.11435781656839954,0.08077929602119852,0.13714046332864677,-0.30764327827291027,-0.1890950115493966,-0.13346844578894607,0.11896954219575376,0.22924511481274945,0.17783049976973633,-0.3165547151826809,-0.030249854970175398,0.06102812509570121,0.07847708924786707,-0.1933802415575947,0.2862711523664944,-0.027884151712659757,0.15446304506902708,0.15361397883428893,0.0512974077276834
-0.6122058263440203,-0.2017496543078224,0.112645432540901,0.5756460328169627,0.4139222985261258,-0.15851765878164212,-0.36722889321573227,-0.10271739512432174,0.1781805407879084,0.41606958237053987,0.7558958159434204,-0.5088025490353247,-0.30418951939099886,0.9009618129407287,0.17448303886420907,0.09102453591487292,0.4301006267498445,0.022746632955097826,0.6809207555520996,0.25627329006073785,0.5430918138320023,-0.2015642634585513,0.5671235608590736,0.27367409823138156,0.10193757867002395,-0.5595438722008365,0.46357461886739615,0.17561253267820207,0.17187290119133417,0.36346416702393136,-0.6745810673915348,-0.22407855234530952,0.22935984218091598,0.25372265269858324,-0.20131062865039176,-0.6666465014897284,-0.6068782753630856,-0.8305215293497213,0.5493917018446505,0.7210207687319576,-0.44686929148753424,0.11195094726324405,-0.322608813997598,0.5433719526318952,0.2615891184669429,0.42511813600507936,-0.15716675211796027,0.1010494786273491,0.15923974599199817,0.9125930760181017,0.19024254453573172,-0.12600591803396763,-0.21443911573686936,-0.9336224699293156,-0.3739807368775853,0.09409684097902511
-3.800003647802548,0.2860215905409914,0.0294934682267621,0.4139222985261258,2.21902055402892,-1.9760147293789707,0.712256407693303,1.416830803825036,0.9119094764107067,2.838660184770028,0.5502872303951486,-0.20426189244770834,-2.4758063033546995,4.362685219080794,1.8563618580522914,-3.005216293063021,2.664000256059054,1.5514824988855707,6.26894440413409,-0.7584256922228402,2.9497758597470876,0.38058659753348917,3.7646970394977197,6.323688643954889,-0.5898591984908497,0.2968055424458888,1.664843849539648,1.039851783666546,-0.26037355565565545,1.3462352334507681,-0.9522451274831097,1.6999371285622282,-0.386339878237628,-1.4293048208729247,-2.481068997627154,-3.1225769893908066,-0.7760547306530592,-2.8328887797591826,4.886436155708512,4.026040890137552,-0.07693149316972839,-1.0896125338288818,-1.6363248636563803,2.9514328912619425,1.1767810231789184,-0.101532517024974,1.102767438983108,3.263417322462122,0.0312722693781045,3.551115141506268,1.3857292926269587,-2.2505055644688436,-1.5217558706117766,-7.3590113334355065,-1.0997903567492773,-0.5192999295146291
3.391493914465003,-0.9631004193748011,0.3732838565130961,-0.15851765878164212,-1.9760147293789707,2.88835066508452,-1.1365374503554344,-1.8841218635545076,-1.1150203440352768,-2.417408269992493,-1.2152569434470653,-0.6174393657363587,2.903235147715694,-5.318144606496675,-2.041916128960436,3.2437381721996563,-2.6226047512209223,-1.1945669420159257,-7.01637239629041,1.2756935591904972,-2.728031993268891,0.044317934098533907,-4.487238872641616,-6.973526216059958,0.30921282924401555,-1.2987349353081155,-1.377909834589672,-1.0952308185708561,0.35319014351640493,-1.3848953588968975,0.8330081206034841,-1.6859613651257237,0.031982593819970734,1.5424691570679552,2.275965615475943,3.282233583167358,1.085595327882988,3.001104336252244,-4.470235524952458,-3.4557461343464597,-0.4458699374590893,0.8386234336900303,1.2211394640260345,-2.757993300697931,-0.5890257715426329,0.5518561471487899,-2.0656849330780767,-3.412660238309824,0.02913471503994043,-3.534001411071492,-1.7487321637209716,2.849533538869287,1.3419881566319094,7.647488505597554,1.1991087782234666,0.4620369287732973
-1.40712360754996,0.620012011923202,-0.1463475884158033,-0.36722889321573227,0.712256407693303,-1.1365374503554344,0.9060697737425755,1.0847095501538229,0.4724152380631983,0.9882334710392944,-0.23194147869353576,0.6544804450796258,-1.0436352836961802,1.6915445780132163,0.8821837442809455,-1.8274537426073947,1.0752762596272287,0.7431556122535471,2.9704490674117165,-0.703619459010843,0.9029394356495479,0.2291429910444929,1.57209897974328,3.1861028240827407,-0.45824201223786937,0.9895394900278622,0.3167436633398775,0.5255677194398009,-0.1582708387141125,0.39816614510102477,0.008579045425982385,0.9659027417519361,-0.33398080534365776,-1.0089090061351904,-1.1416908696746557,-0.96926683198322,0.22693054734238005,-0.7327049791400427,1.9396204622102966,1.2736453947133752,0.4158551229238913,-0.8299041732404404,-0.4617208439571782,1.16093345732102,0.266916393541658,-0.5881372024753715,0.9530538394856212,1.7575863075321672,-0.11481223053150104,1.0807362405843102,0.6017890840730667,-1.2364239646508237,-0.5346429800835902,-3.14459718106375,-0.15186795300675038,-0.34531773516019487
-2.6220852761333004,0.813543756433347,-0.1234354033721165,-0.10271739512432174,1.416830803825036,-1.8841218635545076,1.0847095501538229,1.5749779306398117,0.8805918683119996,1.849676866163367,0.3088147777996842,0.6077948177208109,-1.8805443532717154,3.3639305052226436,1.4889995126259774,-2.7173868500003633,1.9998684657786514,1.1368901998755256,5.140610409622198,-0.8705926666779422,1.848025015885414,0.16868580413007345,2.901607525932681,5.133986491273162,-0.605832811854618,1.079920209464758,0.858734853641102,0.9543843758534545,-0.11369616598255002,0.9209028154538623,-0.5325478410457702,1.2989628285941603,-0.3060490553024197,-1.3379515847742243,-1.9171867170196661,-2.0488226370287723,-0.1964197269346629,-1.8028908643492099,3.4193524956413457,2.531679203573056,0.28097837664438896,-1.1472278938389158,-0.9608416332493014,2.1946144640742555,0.6064897625994217,-0.558500763048124,1.3795044118005344,2.7772791507894916,-0.04701730815827817,2.414176025655811,1.0854787409938629,-1.9961288747381174,-0.9923263902912699,-5.586317274145424,-0.5369115272012787,-0.43290237434208373
-1.6613097521699416,0.4891286740165411,0.0405770567637754,0.1781805407879084,0.9119094764107067,-1.1150203440352768,0.4724152380631983,0.8805918683119996,0.6506095629730196,1.1693643440146282,0.6010045326121675,0.20498344669483784,-1.1659717037647395,2.2748093213900686,0.8800363927908238,-1.4803617526017188,1.3285944159127234,0.6089828137763377,3.226371847076834,-0.31454490426363557,1.2292637525142227,-0.06497313606769471,1.831617804466959,2.926567971630733,-0.3431959119563511,0.42219496547651914,0.617234005845242,0.6927552287989115,0.09506857590956816,0.7002246796786912,-0.6655092560850078,0.5239585121104854,-0.03470800851188299,-0.6093801562927517,-1.189772070770299,-1.375125817664146,-0.3763531602693739,-1.313348923298373,2.083025604074287,1.6485027767593174,-0.08755650632004845,-0.645796706416819,-0.6449828382041886,1.4668445495341937,0.4381617563559823,-0.14311003188345925,0.7704396267147695,1.6178275849617874,0.062248827768256486,1.7743185772153975,0.654185011444484,-1.1349420281013687,-0.6134595764117549,-3.482865559150522,-0.37408566227989637,-0.1476172603405455
-4.8978329819276025,0.3903830822967455,0.11487735221052467,0.41606958237053987,2.838660184770028,-2.417408269992493,0.9882334710392944,1.849676866163367,1.1693643440146282,3.706501665875984,0.4612165539376871,-0.21993811447441636,-3.1335129632167957,5.382840405275421,2.36734743621221,-3.9767130817153005,3.43735897090543,2.0942914258631284,8.046791358837687,-0.9596845326067195,3.795949842364002,0.5988986829986038,4.705140861848506,8.195592412611237,-0.8838947902475897,0.4161592924326509,2.0965785950725895,1.3656569611861429,-0.34382497988809546,1.697716305976214,-1.1250127568372026,2.2785079132600594,-0.6188557872670378,-1.940568709410491,-3.2959684668813116,-3.908502481493436,-0.823149984384359,-3.46688648165403,6.381153238288504,5.204360266689513,-0.08788760527276276,-1.5382154113688669,-2.1370498258896586,3.7897975918772207,1.581198235924155,-0.18722651880912874,1.3938398305628894,4.295508441605629,0.014980079007848634,4.479484869594375,1.7072111450632925,-2.8281149772228305,-1.9761828142210442,-9.44199323974747,-1.2901238811385385,-0.6925071246090402
-0.7522987407634768,0.39936864522557364,-0.10414665361981831,0.7558958159434204,0.5502872303951486,-1.2152569434470653,-0.23194147869353576,0.3088147777996842,0.6010045326121675,0.4612165539376871,2.1171898489018877,-0.070424387203544,-1.1293016045231192,2.7406245561914573,0.5296350962218614,-0.1728781464131972,0.8547398755226007,-0.2787775384782201,2.280592423098223,-0.029642456619201545,0.9487656849896208,-0.7906080416067827,1.8897918455513891,1.4304442249560818,0.4188849497214398,0.015702178343719477,0.5933177625275748,0.4554662616043242,0.1976006656136871,0.7885352807933662,-1.1245286737658353,-0.35045441850522396,0.7652476286081844,0.28345780788531927,-0.3155564497192075,-1.4931731216222943,-1.5260840331475625,-1.7147531249183887,0.8004948311828601,0.8908005225855031,-0.31059177360654666,0.45012944218339374,-0.23050505549550115,0.827844793210793,-0.06292538724265245,0.3163709167297475,0.8114499851389669,0.4820827105312404,0.22845149723959746,1.79865512279175,0.7307526577438177,-0.8382658403149084,-0.2699968828347662,-2.239514401103148,-0.7528951668450993,0.27266271318297014
0.1921805615963374,0.6879020739195136,-0.23172052017161965,-0.5088025490353247,-0.20426189244770834,-0.6174393657363587,0.6544804450796258,0.6077948177208109,0.20498344669483784,-0.21993811447441636,-0.070424387203544,0.8924790311969137,-0.23947315012936046,0.3747080478119571,0.19523605795304488,-0.6294424658085097,0.054686066141189295,-0.013297416528186272,0.770782813176511,-0.48137210952847675,-0.241503434921196,-0.10651319106777782,0.36349171741790604,0.8471753589695803,-0.10720774123353626,1.059465304815964,-0.36568645833269237,0.15848428908456455,-0.05264220317554725,-0.05619483176859702,0.304529222604462,0.21701776154446512,-0.0109277381145526,-0.4008967117194012,-0.11127788741235356,0.12245046036442457,0.2864076558898054,0.22686487825741797,-0.08051844173642286,-0.41129869983261974,0.5107158193931014,-0.2557112857215822,0.27498340063632526,-0.03338275697811501,-0.3456801369919891,-0.5928030093913988,0.7915232937529866,0.4796327967700791,-0.11368811151582488,-0.19036084217364138,0.17490820089322023,-0.4943905218543419,0.10239436930006049,-0.38243064986685715,0.20763343691246353,-0.07192060608776236
4.1607969453726215,-0.7369171163339289,0.20393951834290408,-0.30418951939099886,-2.4758063033546995,2.903235147715694,-1.0436352836961802,-1.8805443532717154,-1.1659717037647395,-3.1335129632167957,-1.1293016045231192,-0.23947315012936046,3.321592118351499,-5.82948090612451,-2.294080780578813,3.645379107170118,-3.1004797394930517,-1.5745978149228799,-7.907918020408987,1.248816879760443,-3.4828228071834153,-0.20060191536141406,-5.00480271160872,-8.010814083188082,0.44078177192701606,-0.9547000802761457,-1.8330738764631032,-1.208359895505309,0.4885356737234845,-1.6445561753562243,0.9574852759492577,-2.106041979561825,0.21330246024320668,1.777335716357212,2.802690055924424,3.905978363248276,1.2950098605037885,3.483118130640823,-5.586356191004638,-4.45929509806364,-0.29074914457420775,0.9537066934895448,1.6803122130913508,-3.2398382432502593,-0.9998344938013102,0.3835447831378325,-1.9947721993332,-3.925160476789248,0.021596941846268324,-4.203447362821242,-1.902402114166159,3.014107277811593,1.7158939165425071,8.902987939242228,1.4206076293963543,0.5430892512202251
-7.37521306056784,1.4263517643226418,-0.3575156309497333,0.9009618129407287,4.362685219080794,-5.318144606496675,1.6915445780132163,3.3639305052226436,2.2748093213900686,5.382840405275421,2.7406245561914573,0.3747080478119571,-5.82948090612451,10.775382281934464,4.057197224219763,-6.199163501100216,5.587012600143888,2.5555333733678958,14.112173663427724,-1.9952350168087012,6.046997423259693,-0.039899263442414186,8.982724062953263,13.73239705873156,-0.685883746597444,1.569109895181524,3.2616247536757514,2.312549629969825,-0.5241747129421948,3.06079375926933,-2.264086675579974,3.169110065456905,-0.049619223322100184,-2.7857769350978443,-4.830720630710807,-6.992583335920456,-2.579472007634505,-6.508194495157598,9.570328102344929,7.76399668610394,0.21382502868532813,-1.6544476463636568,-2.912936874670903,5.955109060409065,1.704974433894016,-0.48870107913355176,3.515211660433691,6.77701818366775,0.10688360417686193,7.799146485094841,3.4098600921249673,-5.369009498877254,-2.939904047428654,-15.761249352170783,-2.594531776285374,-0.8146229832619905
-3.2290323272685177,0.5371659549433827,-0.10705945845809312,0.17448303886420907,1.8563618580522914,-2.041916128960436,0.8821837442809455,1.4889995126259774,0.8800363927908238,2.36734743621221,0.5296350962218614,0.19523605795304488,-2.294080780578813,4.057197224219763,1.7152977765681547,-2.861669569625991,2.3430835952631877,1.3153308025481192,5.818293842351329,-0.887523984291786,2.478245450740912,0.25387266174692896,3.5036109073057964,5.888066650264325,-0.5114062627180044,0.7121373494609533,1.3135856108382153,0.959119846641241,-0.2612648848940412,1.1615382497505298,-0.7188412431360165,1.563139625502189,-0.3019320695107538,-1.3941405881147795,-2.1772653613878306,-2.719648569559925,-0.6208820348039433,-2.438353683985484,4.206401946561196,3.332375883556653,0.16297251484375944,-1.0035485013587933,-1.2979891308147167,2.5558053328056665,0.8503391715791724,-0.3304278510251945,1.3231270277319247,3.025405627664257,-0.01728971523067033,3.0443944172438115,1.3178569274297942,-2.2082839087435278,-1.2808536582909085,-6.606837805501127,-0.9203002302978935,-0.47869156250545053
5.399279931823479,-1.0670598467816432,0.09878934306619362,0.09102453591487292,-3.005216293063021,3.2437381721996563,-1.8274537426073947,-2.7173868500003633,-1.4803617526017188,-3.9767130817153005,-0.1728781464131972,-0.6294424658085097,3.645379107170118,-6.199163501100216,-2.861669569625991,5.18945038819637,-3.9107528701101812,-2.447373997594783,-9.710941688658954,1.5652293860035427,-3.9570121979951463,-0.6775938921481213,-5.499948381969731,-10.025064189755522,1.1987170941623593,-1.5124598546309496,-1.9718282536445915,-1.6845635029082933,0.4234560637306188,-1.786489476504459,0.8990895987975205,-2.8352067390166042,0.8251329302828371,2.6492154304484563,3.853998831162361,4.15324391125933,0.4024081540450605,3.559291817321697,-7.135592478411657,-5.459181305091322,-0.41544091298677704,2.1445467455562173,2.1618272075992295,-4.286403558246684,-1.4990756211239873,0.8365888283541788,-2.2279296275046705,-5.355956976796597,0.11310282860616488,-4.7408935615563745,-2.036017381555526,3.651359801590852,2.1301520093930164,10.9582265518918,1.1791553718112784,0.9222065958765011
-4.667032189489881,0.6878507579808345,0.0663691303279804,0.4301006267498445,2.664000256059054,-2.6226047512209223,1.0752762596272287,1.9998684657786514,1.3285944159127234,3.43735897090543,0.8547398755226007,0.054686066141189295,-3.1004797394930517,5.587012600143888,2.3430835952631877,-3.9107528701101812,3.409661368624687,1.891187002687094,8.12702849260081,-0.9480721129953377,3.556844249220461,0.3220824688934583,4.743372215878887,7.97618979542247,-0.8466258740173489,0.6782915976471972,1.9182527976985029,1.4841526654018165,-0.16164403059478052,1.722538793496602,-1.3080837476700775,1.966417424286345,-0.418160348040068,-1.810357406087278,-3.175894743268622,-3.7941620776629845,-0.8893234479697446,-3.4601864179463773,5.9925507928928186,4.842010801497052,-0.09716150451259438,-1.54559615424859,-1.9496607069764664,3.766238947917532,1.3889268423294785,-0.26433255644094883,1.6193344852386649,4.2294583553927,0.05925736779307,4.489441932482075,1.7251680753605079,-2.8965384383154977,-1.8294994411787069,-9.270059681983396,-1.2092448089212837,-0.5943698978085876
-2.7832743462362113,0.22821019442070242,0.09581345679006377,0.022746632955097826,1.5514824988855707,-1.1945669420159257,0.7431556122535471,1.1368901998755256,0.6089828137763377,2.0942914258631284,-0.2787775384782201,-0.013297416528186272,-1.5745978149228799,2.5555333733678958,1.3153308025481192,-2.447373997594783,1.891187002687094,1.354020997091456,4.365944086404911,-0.5811661487721566,1.9836801455767656,0.5392423700052438,2.3439106030556807,4.6121341587017035,-0.705061645896998,0.35202334232114535,1.0591032440900632,0.7712489646431115,-0.19222697811919973,0.8203323278085866,-0.4263087764901176,1.425402745342738,-0.5787093290468021,-1.2723789668829273,-1.946235584144343,-1.9171825775473705,-0.006860574860560563,-1.6158839828538798,3.628468145056083,2.86422356283076,0.02744600447728161,-1.161626962986415,-1.2116449302649048,2.141602290947442,0.9623715769859276,-0.2516288272851373,0.6774131222242729,2.5441414451915034,-0.04538972404786837,2.2456376976506505,0.8345019071396048,-1.5347391166690119,-1.1051719886926112,-5.171523014349302,-0.5223605033366241,-0.4967395494875546
-10.928731808046132,2.0905242260625547,-0.20908245260750796,0.6809207555520996,6.26894440413409,-7.01637239629041,2.9704490674117165,5.140610409622198,3.226371847076834,8.046791358837687,2.280592423098223,0.770782813176511,-7.907918020408987,14.112173663427724,5.818293842351329,-9.710941688658954,8.12702849260081,4.365944086404911,20.15233993987768,-2.849646340195161,8.511513266758772,0.6298417735635158,12.049970875190626,20.037978978713753,-1.787845782377394,2.4718116968301556,4.43569617549344,3.4864845236089717,-0.696342077821364,4.120194141720204,-2.7511552747780996,5.053602519948919,-0.8589381357562609,-4.626686312214779,-7.521143611965185,-9.32860481043515,-2.3501864754671695,-8.392948911052567,14.298060809243267,11.32326699717257,0.3700763441088156,-3.438210038216635,-4.402835206297051,8.788039420564852,2.8871566011675514,-1.0719246931290911,4.702268098715072,10.370382862518396,0.01597030184539067,10.659068852557835,4.480445535975537,-7.485387870483452,-4.3326779047337505,-22.632347553020036,-3.0417902579190343,-1.4647805718913096
1.2963328836531354,-0.42403499752479695,0.30900067930750763,0.25627329006073785,-0.7584256922228402,1.2756935591904972,-0.703619459010843,-0.8705926666779422,-0.31454490426363557,-0.9596845326067195,-0.029642456619201545,-0.48137210952847675,1.248816879760443,-1.9952350168087012,-0.887523984291786,1.5652293860035427,-0.9480721129953377,-0.5811661487721566,-2.849646340195161,0.8324526541524618,-1.0531655661845523,-0.18655543431507976,-1.8553226916009724,-3.23897617377945,0.12450011967326774,-0.8644359580075256,-0.4642180067918003,-0.29935226680934113,0.40333796799483734,-0.41529261063516065,-0.12129502505813336,-1.081615208052524,0.18661303248455216,0.9154564477805349,0.9182667424629481,1.2587789984152142,0.2065289634959078,0.997830940949808,-1.8831453741807802,-1.314101001877437,-0.5497195961620888,0.3455010925707326,0.42457968331703755,-0.9357187906252108,-0.13287808266864853,0.4877099060019292,-1.0157834252554045,-1.5168828428469066,0.13668166181779967,-1.0996096678629268,-0.7647033086506705,1.3043782821310965,0.5552236058798126,3.1150516699764275,0.46532929553016855,0.3248995056508481
-4.969060299442912,0.43827035714252033,0.0358706750933802,0.5430918138320023,2.9497758597470876,-2.728031993268891,0.9029394356495479,1.848025015885414,1.2292637525142227,3.795949842364002,0.9487656849896208,-0.241503434921196,-3.4828228071834153,6.046997423259693,2.478245450740912,-3.9570121979951463,3.556844249220461,1.9836801455767656,8.511513266758772,-1.0531655661845523,4.068340119215679,0.4449048197637376,5.218572673077775,8.609722616411169,-0.6792623115993892,0.4428039610888465,2.2510441972666526,1.3683584255798156,-0.4424292338954208,1.8596103759006435,-1.2352931293690526,2.318992584427386,-0.4281609897514176,-1.900937305031578,-3.300610095987664,-4.322359192903088,-1.2967831562491379,-3.8674402045735765,6.553725429481543,5.391441399181948,-0.044366872710339116,-1.2512869609075725,-2.157921175000095,3.8233974016141015,1.4996460690361344,-0.1315160318460629,1.6562062968553941,4.342433914399356,0.03276232806608058,4.8186438938543095,1.9232993541848007,-3.0338918487522095,-2.043575653379911,-9.903279076207898,-1.5391675457101142,-0.6288576567764688
-0.6902994467831876,-0.17615240931593673,0.060043519273170844,-0.2015642634585513,0.38058659753348917,0.044317934098533907,0.2291429910444929,0.16868580413007345,-0.06497313606769471,0.5988986829986038,-0.7906080416067827,-0.10651319106777782,-0.20060191536141406,-0.039899263442414186,0.25387266174692896,-0.6775938921481213,0.3220824688934583,0.5392423700052438,0.6298417735635158,-0.18655543431507976,0.4449048197637376,0.4831877272922712,0.19735299107878904,1.0804833870100463,-0.30061225759738064,-0.010523441367097743,0.23634444672412513,0.030943937269731225,-0.2173505069142127,0.019872907306218178,0.27606782642067745,0.6631498623509451,-0.445296263788381,-0.5013025291505965,-0.5161002407217532,-0.2387403822013632,0.38894592690298685,-0.03588864732796072,1.0077540728888195,0.7522074718820562,0.11806876135286243,-0.4052979436317968,-0.3645232447540046,0.3833092419746594,0.36110023612829795,-0.1238846218359655,-0.09304774395624667,0.6247904259439397,-0.09835821991956355,0.16818182743048596,0.05897128175686443,-0.2049912658038067,-0.31470936853931236,-0.9850275466961358,-0.01318335384752508,-0.25656498343874173
-6.362289301963212,1.1522212980464677,-0.3363702788766942,0.5671235608590736,3.7646970394977197,-4.487238872641616,1.57209897974328,2.901607525932681,1.831617804466959,4.705140861848506,1.8897918455513891,0.36349171741790604,-5.00480271160872,8.982724062953263,3.5036109073057964,-5.499948381969731,4.743372215878887,2.3439106030556807,12.049970875190626,-1.8553226916009724,5.218572673077775,0.19735299107878904,7.631455193666925,12.041505025935033,-0.6567835040198502,1.4374597500221142,2.7828386513806014,1.8879901704833475,-0.6264018898409556,2.5257923761001293,-1.6252164911931384,3.034966506457715,-0.24279667179447317,-2.60742922477244,-4.215578033373012,-5.935676303098835,-1.9872639308018063,-5.3945225146834765,8.387271704505299,6.728746058838963,0.36389174200470625,-1.4877133944285599,-2.5334741443420707,5.026896311024521,1.5005411787095018,-0.5453880890078316,3.0049260732745826,5.93029885208476,0.008445899154739278,6.47644091734187,2.9068511152851584,-4.621520323204928,-2.5752144416212923,-13.546094038995067,-2.182033041256792,-0.8087519153375744
-10.954267166789954,1.9052399684388233,-0.3655754422936532,0.27367409823138156,6.323688643954889,-6.973526216059958,3.1861028240827407,5.133986491273162,2.926567971630733,8.195592412611237,1.4304442249560818,0.8471753589695803,-8.010814083188082,13.73239705873156,5.888066650264325,-10.025064189755522,7.97618979542247,4.6121341587017035,20.037978978713753,-3.23897617377945,8.609722616411169,1.0804833870100463,12.041505025935033,20.652035034197578,-1.7961951880365572,2.684044887801625,4.441175487679458,3.2041634195411133,-1.1609095795296576,3.9135476085094125,-2.035602490671696,5.764141022974029,-1.2106177296363914,-5.062684936589498,-7.576767011627605,-9.30880540447988,-2.033610549167498,-8.107665289505396,14.62813257898818,11.449745375085907,0.8347032611997154,-3.4040125811430375,-4.438482047016353,8.536312782057584,2.8837424007346617,-1.3329595361668916,4.753184299864039,10.54324606530984,-0.1716781462911021,10.211537347084523,4.526604638083251,-7.591888016855361,-4.44223667941103,-22.70399791459328,-3.073931832476141,-1.695142385883035
1.212939820773924,-0.21116305331000346,-0.18408290268548994,0.10193757867002395,-0.5898591984908497,0.30921282924401555,-0.45824201223786937,-0.605832811854618,-0.3431959119563511,-0.8838947902475897,0.4188849497214398,-0.10720774123353626,0.44078177192701606,-0.685883746597444,-0.5114062627180044,1.1987170941623593,-0.8466258740173489,-0.705061645896998,-1.787845782377394,0.12450011967326774,-0.6792623115993892,-0.30061225759738064,-0.6567835040198502,-1.7961951880365572,0.5723470190239033,-0.2124022224109556,-0.30935160513042476,-0.47276957550770166,-0.09957116779257247,-0.295029791016252,0.21719330639118636,-0.5190355202204946,0.3935920882134782,0.6077784138984287,0.9723593709816543,0.5084760965820568,-0.3940194150551603,0.3883175011280008,-1.5276538119093777,-1.1359572637685755,0.09297705124120514,0.8728712713032702,0.5327094023727422,-1.0251254697947887,-0.5204844030282905,0.18093493753062515,-0.1766939367254965,-1.2142916563740311,0.010252171263586485,-0.8429966159082545,-0.1797491915289435,0.5283147821761397,0.4366727075960055,2.063131753044426,-0.05918321075843356,0.23102000737963935
-0.6671968886839144,0.8863943718271975,-0.34290950794923847,-0.5595438722008365,0.2968055424458888,-1.2987349353081155,0.9895394900278622,1.079920209464758,0.42219496547651914,0.4161592924326509,0.015702178343719477,1.059465304815964,-0.9547000802761457,1.569109895181524,0.7121373494609533,-1.5124598546309496,0.6782915976471972,0.35202334232114535,2.4718116968301556,-0.8644359580075256,0.4428039610888465,-0.010523441367097743,1.4374597500221142,2.684044887801625,-0.2124022224109556,1.4182813080436365,-0.02983958656893732,0.3816346054215069,-0.22052586733630955,0.2377989799661103,0.24258706168039973,0.7775317784321651,-0.11065242152869559,-0.8796851819049919,-0.7014812409901352,-0.6597546516440945,0.12505763321175808,-0.43298603255638896,1.1023162683566226,0.4742077954547174,0.7037643181880578,-0.49463802792781786,-0.042957298381521195,0.614275994168192,-0.18276223234969088,-0.7851965820084228,1.2895778295920866,1.3724312793846458,-0.15872401013886014,0.5831403503141046,0.600056133773999,-1.2086701197948813,-0.2534009177969356,-2.2825501281932934,-0.07361017420419078,-0.23992905236919876
-2.7665095400899773,0.05438710642318492,0.03974430026980003,0.46357461886739615,1.664843849539648,-1.377909834589672,0.3167436633398775,0.858734853641102,0.617234005845242,2.0965785950725895,0.5933177625275748,-0.36568645833269237,-1.8330738764631032,3.2616247536757514,1.3135856108382153,-1.9718282536445915,1.9182527976985029,1.0591032440900632,4.43569617549344,-0.4642180067918003,2.2510441972666526,0.23634444672412513,2.7828386513806014,4.441175487679458,-0.30935160513042476,-0.02983958656893732,1.3273185265074956,0.6959674367281256,-0.2135481053636784,1.0277873750000774,-0.786243425330022,1.1717045321559014,-0.19712042384893574,-0.9028006648619217,-1.729033351311174,-2.4034438240358345,-0.800969086089806,-2.219064142596067,3.546235666953841,3.021696785396242,-0.15450963762269737,-0.5969790197412876,-1.2316220645552736,2.1110559778268563,0.8817861018030055,0.0893471077514268,0.6943030181637158,2.2142516245808905,0.05507702324836346,2.6895647289037163,1.0267830943888474,-1.5608964315390867,-1.1284973643773601,-5.301922420549649,-0.9295946542027161,-0.3288263063102551
-1.9180698354900159,0.46929985965366006,0.10447540512412035,0.17561253267820207,1.039851783666546,-1.0952308185708561,0.5255677194398009,0.9543843758534545,0.6927552287989115,1.3656569611861429,0.4554662616043242,0.15848428908456455,-1.208359895505309,2.312549629969825,0.959119846641241,-1.6845635029082933,1.4841526654018165,0.7712489646431115,3.4864845236089717,-0.29935226680934113,1.3683584255798156,0.030943937269731225,1.8879901704833475,3.2041634195411133,-0.47276957550770166,0.3816346054215069,0.6959674367281256,0.7713855448284664,0.11754978957092108,0.7466333772289688,-0.7069966193318203,0.6267717450764297,-0.14132182150208414,-0.7162949907669472,-1.3840529712923335,-1.4506030309120168,-0.2690538410124749,-1.3649969124512498,2.397594107705307,1.9021522565751259,-0.14239067141842213,-0.8297545224314605,-0.7764139856777069,1.669106676266108,0.5819200020690112,-0.14307901600076842,0.7208668708440543,1.8292119759458336,0.06321869536856368,1.9216704217372327,0.6564328496390136,-1.1836113878105792,-0.70837522095395,-3.834003976616636,-0.35401445643457774,-0.1988179172517781
0.3223823927261414,0.053082328857526444,0.17723630284104303,0.17187290119133417,-0.26037355565565545,0.35319014351640493,-0.1582708387141125,-0.11369616598255002,0.09506857590956816,-0.34382497988809546,0.1976006656136871,-0.05264220317554725,0.4885356737234845,-0.5241747129421948,-0.2612648848940412,0.4234560637306188,-0.16164403059478052,-0.19222697811919973,-0.696342077821364,0.40333796799483734,-0.4424292338954208,-0.2173505069142127,-0.6264018898409556,-1.1609095795296576,-0.09957116779257247,-0.22052586733630955,-0.2135481053636784,0.11754978957092108,0.40324199502004787,-0.060156743888835636,-0.35184810597698873,-0.6306522771842421,0.1284942197107295,0.3760734025722397,0.2050264335249649,0.4856546188267842,0.15816862419353236,0.2796998717546557,-0.66628240652688,-0.4722127614454392,-0.3612366723538803,-0.14301336311076018,0.1379286630753297,-0.055739016619243784,-0.004316963390514417,0.16563664255116303,-0.31724418317182385,-0.38363552178056703,0.11631389175880268,-0.1670834613759735,-0.2873186490099505,0.394224887340729,0.21962674517437245,0.8849801205206075,0.2712415249661811,0.1532012053014085
-2.2926854368079197,0.33681830166836513,0.03241661897368532,0.36346416702393136,1.3462352334507681,-1.3848953588968975,0.39816614510102477,0.9209028154538623,0.7002246796786912,1.697716305976214,0.7885352807933662,-0.05619483176859702,-1.6445561753562243,3.06079375926933,1.1615382497505298,-1.786489476504459,1.722538793496602,0.8203323278085866,4.120194141720204,-0.41529261063516065,1.8596103759006435,0.019872907306218178,2.5257923761001293,3.9135476085094125,-0.295029791016252,0.2377989799661103,1.0277873750000774,0.7466333772289688,-0.060156743888835636,0.9475566856543355,-0.8080711094194737,0.8540303864520753,-0.05317355222238353,-0.7634878160633792,-1.5194963755327509,-2.0527855236251513,-0.7390493988866824,-1.927128382416406,2.9372913450975577,2.440651515585421,-0.12571590618985615,-0.5832961779962977,-0.9644594853006296,1.8676270104839394,0.6521604349940763,-0.02101619937125297,0.8561335488987254,2.005826318649203,0.07187889568381396,2.414848906805036,0.9229602964499386,-1.4501015309086147,-0.9082199580961564,-4.667583817153281,-0.7185758497395609,-0.2143940540592516
1.668517733919426,-0.20242058003861943,-0.19247056428656875,-0.6745810673915348,-0.9522451274831097,0.8330081206034841,0.008579045425982385,-0.5325478410457702,-0.6655092560850078,-1.1250127568372026,-1.1245286737658353,0.304529222604462,0.9574852759492577,-2.264086675579974,-0.7188412431360165,0.8990895987975205,-1.3080837476700775,-0.4263087764901176,-2.7511552747780996,-0.12129502505813336,-1.2352931293690526,0.27606782642067745,-1.6252164911931384,-2.035602490671696,0.21719330639118636,0.24258706168039973,-0.786243425330022,-0.7069966193318203,-0.35184810597698873,-0.8080711094194737,1.1817063093425317,-0.0013199406024895321,-0.19555916632705012,0.12361745581737625,1.0036337990815505,1.423732241437969,0.7214495409627658,1.582034922244289,-1.8189062495801656,-1.7007533188827655,0.5697037151120931,0.45334264182748135,0.7198329366638787,-1.547631601460455,-0.5623743910435032,-0.30951337696146325,-0.31977369650651394,-1.1765187232493877,-0.21902107640896568,-2.0403885449764148,-0.546544542033617,0.8166561931378242,0.5728739270121045,3.1045833588437675,0.4988091899713459,-0.014121506892395719
-2.9029662273930588,0.30723884319729905,-0.1664682570975687,-0.22407855234530952,1.6999371285622282,-1.6859613651257237,0.9659027417519361,1.2989628285941603,0.5239585121104854,2.2785079132600594,-0.35045441850522396,0.21701776154446512,-2.106041979561825,3.169110065456905,1.563139625502189,-2.8352067390166042,1.966417424286345,1.425402745342738,5.053602519948919,-1.081615208052524,2.318992584427386,0.6631498623509451,3.034966506457715,5.764141022974029,-0.5190355202204946,0.7775317784321651,1.1717045321559014,0.6267717450764297,-0.6306522771842421,0.8540303864520753,-0.0013199406024895321,2.0295800304273843,-0.6222713661901808,-1.6411494344127822,-2.0411755037481796,-2.366917627896689,-0.23251426090718869,-1.8532096892113668,4.086574954678711,3.114080116612309,0.5148443890651416,-0.9100323569809141,-1.2175457985328033,2.0534894536703265,0.8061363787801556,-0.5110696643539384,1.1838932181641086,2.869222952153599,-0.1805406944029,2.3091514914530253,1.166318554286083,-1.9920409507076386,-1.2502597493879168,-5.92017158585062,-0.7918499833987886,-0.6204255581999676
0.7655908052542788,0.04228046349692539,-0.08323561451576557,0.22935984218091598,-0.386339878237628,0.031982593819970734,-0.33398080534365776,-0.3060490553024197,-0.03470800851188299,-0.6188557872670378,0.7652476286081844,-0.0109277381145526,0.21330246024320668,-0.049619223322100184,-0.3019320695107538,0.8251329302828371,-0.418160348040068,-0.5787093290468021,-0.8589381357562609,0.18661303248455216,-0.4281609897514176,-0.445296263788381,-0.24279667179447317,-1.2106177296363914,0.3935920882134782,-0.11065242152869559,-0.19712042384893574,-0.14132182150208414,0.1284942197107295,-0.05317355222238353,-0.19555916632705012,-0.6222713661901808,0.45201655161207616,0.5466987225229966,0.6136246065132661,0.22142812064845024,-0.47223688830257626,0.03674671761410401,-1.06740316624758,-0.7619460735564653,-0.0961413526625209,0.5625312809069016,0.37063005020698636,-0.5106715313489014,-0.3761727395573455,0.18375010630618854,0.01360410326467554,-0.7687654379673828,0.08655790472041473,-0.2514071012963229,-0.06358444832969348,0.2753651809170815,0.31662728673890295,1.159402622429828,-0.05698322070415645,0.2583997296047339
2.561754783499605,-0.4955738666723927,0.10199734102791917,0.25372265269858324,-1.4293048208729247,1.5424691570679552,-1.0089090061351904,-1.3379515847742243,-0.6093801562927517,-1.940568709410491,0.28345780788531927,-0.4008967117194012,1.777335716357212,-2.7857769350978443,-1.3941405881147795,2.6492154304484563,-1.810357406087278,-1.2723789668829273,-4.626686312214779,0.9154564477805349,-1.900937305031578,-0.5013025291505965,-2.60742922477244,-5.062684936589498,0.6077784138984287,-0.8796851819049919,-0.9028006648619217,-0.7162949907669472,0.3760734025722397,-0.7634878160633792,0.12361745581737625,-1.6411494344127822,0.5466987225229966,1.4684167996665245,1.8835651350175406,1.9349001996776343,0.019960446199447823,1.5323142835194485,-3.5267669123735406,-2.6165610711310827,-0.40491872717737637,1.0536566758374528,1.027574128849636,-1.9402818520371272,-0.7010219820273766,0.547143224817936,-1.130805080122249,-2.664256433092536,0.13555157285398786,-2.0585174634413614,-0.9802354739489918,1.7936883670200578,1.0489532082093305,5.256028826016368,0.52912168864212,0.5310597524879977
4.404977456720144,-0.6301867850448059,-0.12829113293107478,-0.20131062865039176,-2.481068997627154,2.275965615475943,-1.1416908696746557,-1.9171867170196661,-1.189772070770299,-3.2959684668813116,-0.3155564497192075,-0.11127788741235356,2.802690055924424,-4.830720630710807,-2.1772653613878306,3.853998831162361,-3.175894743268622,-1.946235584144343,-7.521143611965185,0.9182667424629481,-3.300610095987664,-0.5161002407217532,-4.215578033373012,-7.576767011627605,0.9723593709816543,-0.7014812409901352,-1.729033351311174,-1.3840529712923335,0.2050264335249649,-1.5194963755327509,1.0036337990815505,-2.0411755037481796,0.6136246065132661,1.8835651350175406,3.1037422100664367,3.3690161410577417,0.49817122594525803,2.954081326561901,-5.7531364757833545,-4.565747633925165,0.02000848555494949,1.6613327662080177,1.8707707513312855,-3.5066372429066646,-1.394945826174136,0.35938405029474546,-1.4445985195752333,-4.10158512510862,0.0012361842876132765,-3.9984671088933297,-1.5102294559646028,2.6392230594779096,1.743942240669804,8.624556643754746,0.9654879619733647,0.6386200446302381
5.2103161391637185,-0.6059948391621637,0.13688314821539205,-0.6666465014897284,-3.1225769893908066,3.282233583167358,-0.96926683198322,-2.0488226370287723,-1.375125817664146,-3.908502481493436,-1.4931731216222943,0.12245046036442457,3.905978363248276,-6.992583335920456,-2.719648569559925,4.15324391125933,-3.7941620776629845,-1.9171825775473705,-9.32860481043515,1.2587789984152142,-4.322359192903088,-0.2387403822013632,-5.935676303098835,-9.30880540447988,0.5084760965820568,-0.6597546516440945,-2.4034438240358345,-1.4506030309120168,0.4856546188267842,-2.0527855236251513,1.423732241437969,-2.366917627896689,0.22142812064845024,1.9349001996776343,3.3690161410577417,4.811299528849047,1.698296358490206,4.402677267307019,-6.817619418524962,-5.620863545409196,-0.05313315044046553,1.1046200885514488,2.1791055442915868,-4.0540382375272435,-1.3900542390970083,0.1702122170348585,-2.0393107925997525,-4.569699675241597,-0.053722700148674085,-5.281500609096852,-2.2366493862672767,3.463352244551701,2.127617624957517,10.71409034048232,1.8227002593223225,0.620255638440175
