V1,V2,V3,V4,V5,V6,V7,V8,V9,V10,V11,V12,V13,V14,V15,V16,V17,V18,V19,V20,V21,V22,V23,V24,V25,V26,V27,V28,V29,V30,V31,V32,V33,V34,V35,V36,V37,V38,V39,V40,V41,V42,V43,V44,V45,V46,V47,V48,V49,V50,V51,V52,V53,V54,V55,V56
2.097435226164194,2.370590849443047,-0.18357780922175967,-0.339769020853905,-1.540027929971101,-1.1813146540423178,0.8282965665573999,1.1057363431532263,1.121234139570514,-2.067237743453465,2.349332478574697,2.3056965321772,0.36673437959321764,0.7870526266247743,-0.3535074740818277,0.37546395768232244,-0.3800384836992311,-1.4244806493543603,0.29404650920951847,0.07412536045420912,-1.8835103530704997,-1.8269658324241977,-0.1540086211861612,-1.6412961802598172,0.06719644820095394,2.1921688843618345,-1.5859864479428658,0.8619460223026233,1.2203142021311373,0.032796918960202454,-0.8978781177760254,-2.075232459296201,1.2445643332853176,0.7281573623004954,0.7828990116178649,1.2485546213087189,-0.15469390117655016,0.7145969826804558,-2.9470560106370214,-2.944000766794072,0.10745010316804067,-0.17719014122942672,1.4784257765133657,-0.5513608794963514,-1.4366041397045624,-0.7978204864352051,1.794886288747689,-0.4163563793426583,0.22420337232267004,-0.4089345654918691,-0.08679938389026334,-0.2393370880948945,1.1449849159969365,1.775708864061327,0.9823261613764185,0.7436906011013625
2.370590849443047,7.0965910190704635,-0.7603194609286128,-0.5304231799440909,-2.355279105361255,-5.5152229562800805,3.2029318902583177,4.697088252297961,4.067807305096836,-3.478492537284711,7.252316699663296,6.560293633438241,-1.115644734737352,6.460881235187343,0.8265451429791817,-1.8090838537876255,1.3545081422953607,-2.6704690294633053,6.654360084496177,-0.6568491549220334,-2.9764993589140123,-4.981873698919434,3.108264318485726,1.059236392083756,-0.3138594280345862,6.761406567177341,-3.0716341287655404,3.420030415535747,3.3759358363958323,1.253689206157247,-3.5548156883591697,-4.505564366899004,3.265376089608017,0.7903380428533299,0.11152585122851673,0.7720616809480237,-0.9287286836477004,-0.7019711762288797,-4.1663364643547744,-4.906294827993321,0.32776931464059883,-1.672476154280344,2.8259883753837096,1.3465354409391088,-3.153049770120484,-2.4864123724411202,6.133339210186547,1.8175878955906488,0.6827408210755642,2.048729339455405,1.1271077219444574,-3.0390820758889685,1.951997767720147,-1.7705012209265316,1.7122668652306168,1.5278222010638753
-0.18357780922175967,-0.7603194609286128,0.16810960333445465,-0.0032066429770854035,0.2407975287820616,0.6895199980763586,-0.38541397793401055,-0.5775357607057744,-0.45025289658878137,0.43747200942829256,-0.8077363279557017,-0.725022738787152,0.04967214225362706,-0.7566155403407615,-0.13116193513533694,0.21275990577030807,-0.14880925580328716,0.29569586819145194,-0.7034582863878666,0.10059152828392488,0.4405914194762364,0.5845070587661992,-0.34094171198830436,-0.025346055774041424,0.025630289798781014,-0.7592983120391096,0.3431856611307694,-0.3753676765572891,-0.4398889701817517,-0.11067447482189904,0.4689065375475619,0.5748891930041814,-0.38063850368073393,-0.12351920202216732,-0.07456158629088216,-0.1165241185691407,0.012177287361375137,0.14511667505333214,0.5453567020973246,0.5875502337182453,-0.027715327873503257,0.25456442345883684,-0.33023952647607613,-0.25077462752258145,0.36721667426008653,0.27824064297045564,-0.6066925346264327,-0.17801161092619583,-0.09094904651185431,-0.22359539841283574,-0.14695953723541408,0.4140194223244792,-0.2396939992404942,0.20540826195303527,-0.14953541255073372,-0.12272606498321778
-0.339769020853905,-0.5304231799440909,-0.0032066429770854035,0.10344330097131546,0.25231764508412036,0.28630659783637946,-0.19857310621515753,-0.2647484080707764,-0.2688293075859848,0.2988584160525558,-0.49621987238176646,-0.49230379035109184,0.06144296906093523,-0.30669260961193795,0.021036662843785522,0.04364446927707577,-0.02216724679791522,0.23581958803418723,-0.32762028008495475,0.01005949617918771,0.22608443069231735,0.3462421943388199,-0.11579287678723314,0.03430067932314419,0.017006450125853393,-0.48515545937025273,0.27438595594014353,-0.22118122373837584,-0.20521830440676306,-0.0689913524931221,0.17099181233324,0.31787590887473854,-0.23039641214263995,-0.06717175350517385,-0.032175739993515126,-0.12995765892058633,0.10002707035651512,-0.08809679239071258,0.38271419506156584,0.44463684220279903,-0.03716923325802272,0.04685213013798864,-0.24253848284723054,0.061485175186382045,0.25097057114711147,0.18256855047840517,-0.469004180445559,-0.06013696469979569,-0.035528610155017126,-0.041069622873122234,-0.023882931252083017,0.10202892143139952,-0.16925634526349212,-0.09165109508779515,-0.19035262294166905,-0.15646784823892657
-1.540027929971101,-2.355279105361255,0.2407975287820616,0.25231764508412036,1.226990936256766,1.4699638327200615,-0.9345241695430074,-1.3092098664163352,-1.2132286292604202,1.7173218569186035,-2.372588364048203,-2.2536099492739665,-0.09597362891821458,-1.3478517369230434,0.08607481586309318,0.02330901474709776,0.04536828119927459,1.2067039769766303,-1.0542049826626205,0.053470146945920206,1.5617653213964624,1.7680970396457938,-0.3221822983272658,0.870101305066458,-4.1488904931327394e-4,-2.2170241057372233,1.358831226660276,-0.9709881515828117,-1.203938018688672,-0.17707898608982509,1.0384669116621765,1.8682035741985137,-1.1858019891437974,-0.5527653717067038,-0.5033216358776633,-0.8598184490563449,0.18320032318638996,-0.3093493664551902,2.3450190960357884,2.4284824157114557,-0.10467824366736457,0.3553296991498593,-1.2664249405832373,0.11217688293512684,1.2849956974539565,0.8101179312055866,-1.8655406135094705,0.012657478830854047,-0.230477805111859,-0.028644613991297658,-0.10627264316882225,0.5769089165896522,-0.9524998912152229,-0.8190300100675874,-0.8017147833809324,-0.6312934584633982
-1.1813146540423178,-5.5152229562800805,0.6895199980763586,0.28630659783637946,1.4699638327200615,4.673415222924487,-2.6303180335427245,-3.921724676048068,-3.2854250484883494,2.331055712309083,-5.701636316980034,-5.059457162861539,1.1580953710690265,-5.714273982759942,-0.9675841228769418,1.873863648865122,-1.4427229200766747,1.8367241732564974,-6.064651202817053,0.6685003215685037,1.9909099858223454,3.83712837965202,-2.9798035195963903,-1.6838546692783725,0.3156332339474132,-5.309051201154969,2.135051954102937,-2.7969165374110614,-2.640224669567532,-1.1384401724677489,2.966867975401316,3.308497621594308,-2.492166763014697,-0.4295164613644958,0.21074122166503284,-0.162415622279072,0.7320818549244519,1.045741326029299,2.5916460745323637,3.2529845867998928,-0.24841138640652577,1.532735635676175,-1.967308372693392,-1.5951148107188677,2.295276670444039,1.954290620914082,-4.847431193176331,-1.8742715755915746,-0.5474152663962307,-2.109172879638367,-1.1141041385168216,2.790875948956906,-1.3118157846266818,2.4917967093814006,-1.1117174805292587,-1.049824903873144
0.8282965665573999,3.2029318902583177,-0.38541397793401055,-0.19857310621515753,-0.9345241695430074,-2.6303180335427245,1.5055962271109744,2.2246447576868147,1.8776672641276364,-1.4409373559701555,3.2826511106406366,2.953179045862295,-0.6015337241500608,3.157609329777759,0.49297014960192587,-0.9917862581501885,0.7500126447470592,-1.1160611072317768,3.318943756227925,-0.3594588683696759,-1.2388120997346077,-2.23334341393968,1.6001520689081805,0.7848650588475001,-0.17071109688779945,3.079616339647426,-1.3004663158651315,1.591449926694706,1.5323504401762478,0.6184776928447276,-1.6753244290801963,-1.9636607267121355,1.4534105310694576,0.28723207897591085,-0.054441244711061314,0.19920666318079458,-0.4066244863694854,-0.4914343287154855,-1.6524932878503693,-2.018771334425135,0.1503927775414913,-0.8481291029728873,1.1963642612130763,0.8089386269295813,-1.3687731460068442,-1.1363457810188606,2.793085709374325,0.9886300970990959,0.31261634012257455,1.1006311160934714,0.5930498182637043,-1.5314876111451328,0.8087052367831546,-1.1971557079428095,0.6959079506539222,0.633409111920687
1.1057363431532263,4.697088252297961,-0.5775357607057744,-0.2647484080707764,-1.3092098664163352,-3.921724676048068,2.2246447576868147,3.303468275973406,2.7772130346814676,-2.048568328913427,4.837512162129213,4.319349300851321,-0.9340851269985585,4.753551979786103,0.7755489146670399,-1.5268098852392997,1.1667501273734002,-1.5998775279288369,5.020163711134915,-0.5482485542264558,-1.7566248188199434,-3.273144479575681,2.4447504972578886,1.293367980022838,-0.2599030007062403,4.518593144573806,-1.861550619576747,2.3593673212187953,2.2504958198702476,0.9391684342463189,-2.496226901022864,-2.8510954005053417,2.127958067353679,0.3944711662881067,-0.13006407134595746,0.21357262534497076,-0.6092375008547645,-0.8099156022966659,-2.314230110071037,-2.8636195820286465,0.2143973481583155,-1.2771057889460613,1.7141758756383623,1.2775790807708354,-1.9803939318384365,-1.6647659752597594,4.111024374876974,1.5244988383133968,0.46319558683287515,1.7089150121278776,0.9104969281337735,-2.314356741520434,1.151198190042197,-1.944312174946386,0.9820997291733994,0.9106527396961642
1.121234139570514,4.067807305096836,-0.45025289658878137,-0.2688293075859848,-1.2132286292604202,-3.2854250484883494,1.8776672641276364,2.7772130346814676,2.3771122939171687,-1.8325506204222244,4.178009762017844,3.7379928956539352,-0.7702778488809889,3.9565557270359752,0.5880823784855455,-1.2114889568625524,0.927024193511878,-1.4366180462731433,4.163107721810041,-0.4278158426564022,-1.5488227995833594,-2.830375070093469,1.9983325909868046,0.9614144006422362,-0.20947412932211903,3.885401128264565,-1.6585913495557283,2.012923313474048,1.922284671142351,0.7895720110312213,-2.096208089372617,-2.4859821319750615,1.8472976821095843,0.3730101012236253,-0.0674853073283079,0.2635340534857269,-0.5613063611270962,-0.5794575552444127,-2.112614563599296,-2.5788716747628575,0.1852321017449082,-1.0286686090568795,1.5234905146587916,0.9572998296697072,-1.7391512327697822,-1.4289235606799735,3.5596585436996806,1.2240831120454472,0.39403993607673804,1.3759324085295555,0.7314574235643367,-1.8840975130329298,1.031632025749744,-1.4429589155324922,0.9052916233551149,0.8344460387240838
-2.067237743453465,-3.478492537284711,0.43747200942829256,0.2988584160525558,1.7173218569186035,2.331055712309083,-1.4409373559701555,-2.048568328913427,-1.8325506204222244,2.4910041371854694,-3.5455688836388415,-3.332520282608586,-0.11913553789423789,-2.2038068284308925,0.020211096714499457,0.15757672444406412,-0.030267624900570358,1.7325991353783257,-1.7658016371025356,0.1353972346508151,2.311262939531085,2.6396939524793774,-0.6176282046656061,1.1409073929129951,0.010562443940546172,-3.3088903998115136,1.955022219433645,-1.4745306408423222,-1.8372182477209171,-0.28622458413145985,1.6466110352559291,2.778773609498834,-1.7633082034573084,-0.8009707490807212,-0.7147295529496355,-1.1863569277442276,0.2165506209701819,-0.2866255041734969,3.3760524934093126,3.493505005386338,-0.14538401102843015,0.631192418840632,-1.8337943356132378,-0.039912923174248396,1.8801616411750233,1.2077362850901816,-2.7396270644955267,-0.0797269402944811,-0.35752998467939845,-0.17235488956157066,-0.23200766952270097,1.0146764963406598,-1.3782993112085196,-0.93034926837869,-1.1075978938948392,-0.8726106686434832
2.349332478574697,7.252316699663296,-0.8077363279557017,-0.49621987238176646,-2.372588364048203,-5.701636316980034,3.2826511106406366,4.837512162129213,4.178009762017844,-3.5455688836388415,7.462793799343883,6.697763345841442,-1.1476565347739447,6.701665990730403,0.8819686845718486,-1.875568902343005,1.420828604588174,-2.723815627257501,6.875234491891308,-0.6821902967989417,-3.045962883874817,-5.118790470505409,3.2351790822055038,1.1119218873973193,-0.3152810469336933,6.911115301918974,-3.1163027240927814,3.513382916813176,3.4824419612009647,1.2970048168886972,-3.6970581773142333,-4.6348445233646345,3.3577529853003463,0.8205351513790332,0.11351798163596584,0.751466250685073,-0.9493709524566764,-0.7978861239544367,-4.241678956811294,-4.98482976749931,0.3188280956766614,-1.737894044333791,2.877097211173058,1.456002938439898,-3.219691439757771,-2.533162775967374,6.259793263549743,1.879697151728728,0.7103458743559459,2.156682524682923,1.1824977600319253,-3.1646029213078783,1.9885604140949766,-1.9070968790223854,1.7137560600871515,1.5470958637393755
2.3056965321772,6.560293633438241,-0.725022738787152,-0.49230379035109184,-2.2536099492739665,-5.059457162861539,2.953179045862295,4.319349300851321,3.7379928956539352,-3.332520282608586,6.697763345841442,6.0866948543564305,-0.9296031619633094,5.84361314735326,0.7122661946376476,-1.5790349352984563,1.1648103123483247,-2.5255840604466164,5.943156294402128,-0.5890514837023806,-2.8870770297019854,-4.635906083013894,2.747689363414328,0.7426030751964701,-0.2713458395258312,6.258663816699982,-2.9051182926929315,3.13341808927498,3.1547966493697817,1.1078586009325488,-3.279993352550848,-4.251564277614264,3.0416280192093725,0.7889652641928087,0.2011738205351521,0.8320632960142891,-0.8075529031972222,-0.5670501734336217,-4.046500975620761,-4.694099236164482,0.3035858457003438,-1.5332934245425767,2.678519568480263,1.1730329976539904,-2.9647027638653154,-2.3021846964013566,5.626240537363624,1.5690631105247965,0.6350288295673794,1.774670589776952,1.000493545251992,-2.7573435762289873,1.8660788568204723,-1.3911174257121406,1.6168252328848487,1.421004998187623
0.36673437959321764,-1.115644734737352,0.04967214225362706,0.06144296906093523,-0.09597362891821458,1.1580953710690265,-0.6015337241500608,-0.9340851269985585,-0.7702778488809889,-0.11913553789423789,-1.1476565347739447,-0.9296031619633094,0.7469103427125479,-1.8105058759995682,-0.47627821117489616,0.8849937828039117,-0.7407526762934775,0.0678864572916481,-2.294375400889309,0.25293428574093,-0.26695823734406476,0.6114676431317568,-1.2450042262479353,-1.5653184206048139,0.1674992861903685,-1.0606352589267463,0.10542929242376137,-0.7027651452625707,-0.36404039034348284,-0.47587601897904713,0.6246414619300422,0.2177992676202561,-0.37509057150287795,0.22468499304849854,0.5433787149455439,0.5616644918132139,0.36775445511667676,0.6249661873577514,-0.4747900753396082,-0.1479682248410284,-0.06508656368254583,0.4007537097576786,-0.06681096312732446,-0.7060358232502597,0.21243846650399517,0.39640564843972137,-1.197351460268855,-0.9627771431426297,-0.08497973186447849,-1.015724892571322,-0.43950556188010154,0.856808548217974,0.05057976339062746,1.7730956722313092,-0.04985113213131607,-0.14570769106924464
0.7870526266247743,6.460881235187343,-0.7566155403407615,-0.30669260961193795,-1.3478517369230434,-5.714273982759942,3.157609329777759,4.753551979786103,3.9565557270359752,-2.2038068284308925,6.701665990730403,5.84361314735326,-1.8105058759995682,7.343008776780438,1.4130283650802873,-2.670091680195922,2.1151060635309338,-1.8752415480507436,8.103491817716922,-0.9000432094235749,-1.7513887075833419,-4.3679356592111995,4.099416636204578,3.0775600951088977,-0.4609444735782845,6.214860480104849,-2.1982907599913997,3.4108696942776238,2.970097206541265,1.5583142628103015,-3.5451912165323547,-3.4992292536138203,2.8174196721002325,0.23444856545398893,-0.6897184814677898,-0.3581460167388952,-1.0382945102276553,-1.648590159131479,-2.1417469979935895,-3.0785510966200853,0.2947556428707486,-1.9069921338575089,2.004997182683071,2.2737579457148214,-2.4642043765389157,-2.289178660699867,5.860269057377563,2.732111321119265,0.6270682849850185,3.033461152757601,1.5168763007932142,-3.577593606847109,1.253157746116324,-4.116136480786534,1.121696840482968,1.1544508759129408
-0.3535074740818277,0.8265451429791817,-0.13116193513533694,0.021036662843785522,0.08607481586309318,-0.9675841228769418,0.49297014960192587,0.7755489146670399,0.5880823784855455,0.020211096714499457,0.8819686845718486,0.7122661946376476,-0.47627821117489616,1.4130283650802873,0.4010448723176334,-0.6803323599590494,0.5551271230627138,-0.0579477269880647,1.6942760169148565,-0.22030047972554032,0.06556350253295183,-0.5073212885051687,0.9319769042139073,1.067367516397128,-0.1176252261932778,0.8234313795563629,-0.09220125389000004,0.5325244641890972,0.35617345993627864,0.3275150873370176,-0.5600904290415184,-0.26109855159699297,0.30984291834282157,-0.12594901973432282,-0.33649590112022676,-0.37952653395480623,-0.17371347254745748,-0.5411620620332831,0.24720236005272364,0.04500449448440541,0.03922254728643785,-0.38384805099659064,0.07719847363458851,0.6444247453200939,-0.187556352786873,-0.3068759279782142,0.8309509441826827,0.6985018214394275,0.082814530029122,0.759920788533169,0.35501838029136473,-0.7332300351155053,-0.0049155766229771435,-1.3371143686507885,1.2840023592327577e-4,0.06226359341050888
0.37546395768232244,-1.8090838537876255,0.21275990577030807,0.04364446927707577,0.02330901474709776,1.873863648865122,-0.9917862581501885,-1.5268098852392997,-1.2114889568625524,0.15757672444406412,-1.875568902343005,-1.5790349352984563,0.8849937828039117,-2.670091680195922,-0.6803323599590494,1.21884686233028,-0.9855335768615933,0.25969090226358793,-3.1908566640577596,0.3872469417637031,0.020632205355468804,1.11495010833092,-1.7075509372461875,-1.859519747802948,0.21994724769496524,-1.7665190120429333,0.3464471157169872,-1.082693951799074,-0.7505284836288673,-0.6241418743985375,1.0811966128526416,0.658047921924576,-0.6931977866536869,0.1824534397243337,0.5773030981871493,0.5791734632877193,0.3837466309078184,0.8747137165971371,-0.1869987087852678,0.2154871419080304,-0.09545343176096974,0.6938956886790187,-0.2953164508419495,-1.069561184044791,0.49451030761617726,0.6604001642003964,-1.7825688791101624,-1.2670650381297903,-0.16646456767444118,-1.3572091833874018,-0.6336092274087983,1.3384059273374396,-0.10256113940403738,2.2752519807133336,-0.13687228060558695,-0.22256807906644757
-0.3800384836992311,1.3545081422953607,-0.14880925580328716,-0.02216724679791522,0.04536828119927459,-1.4427229200766747,0.7500126447470592,1.1667501273734002,0.927024193511878,-0.030267624900570358,1.420828604588174,1.1648103123483247,-0.7407526762934775,2.1151060635309338,0.5551271230627138,-0.9855335768615933,0.8107017827393486,-0.15230412508205715,2.5573870981302655,-0.3050265956575975,0.0845191795473816,-0.8188857684730593,1.3833959652428702,1.5715504736285595,-0.17710479882997165,1.3168746706898413,-0.20670958753631588,0.8344599800911777,0.5443756206008554,0.5082577119520616,-0.8291227482944573,-0.43655319770302237,0.5073486962136571,-0.17534730610238963,-0.5052895316965056,-0.5297902314667422,-0.3272694190122777,-0.7315798901898894,0.28795272489361573,-0.03752733892040576,0.06678743663249233,-0.5331909838020502,0.17096801259291564,0.8690393325246287,-0.33264323212039865,-0.4894756183905529,1.364953877268334,1.0347629216519858,0.12423778782183784,1.1170172467779063,0.5101488233428654,-1.0517536010129005,0.029414915057457067,-1.9038348614010374,0.06987087825382823,0.15742868402692695
-1.4244806493543603,-2.6704690294633053,0.29569586819145194,0.23581958803418723,1.2067039769766303,1.8367241732564974,-1.1160611072317768,-1.5998775279288369,-1.4366180462731433,1.7325991353783257,-2.723815627257501,-2.5255840604466164,0.0678864572916481,-1.8752415480507436,-0.0579477269880647,0.25969090226358793,-0.15230412508205715,1.243860927016047,-1.665323485289112,0.1306489528041425,1.5612939031452746,1.9744453271454845,-0.6600176183454731,0.5127818624104709,0.037075313073710967,-2.527782092132239,1.4032346905908981,-1.1710400302883286,-1.3506321142944204,-0.2963089767827829,1.261620287083298,1.9927865990111011,-1.3150657586618302,-0.5226303789961498,-0.3961256607235794,-0.7318681774336677,0.24884100224902744,-0.10778887487637721,2.29074413153683,2.440223603306045,-0.11425787341029527,0.4958824680674614,-1.3080184628757532,-0.12483038412863437,1.3667698102498258,0.9227158094555628,-2.173781033105436,-0.22924664674084463,-0.2656295495633238,-0.3055775572186628,-0.2366389349301498,0.8485833324368689,-0.962891905403144,-0.35124087560361045,-0.8034729576671233,-0.6593671042850069
0.29404650920951847,6.654360084496177,-0.7034582863878666,-0.32762028008495475,-1.0542049826626205,-6.064651202817053,3.318943756227925,5.020163711134915,4.163107721810041,-1.7658016371025356,6.875234491891308,5.943156294402128,-2.294375400889309,8.103491817716922,1.6942760169148565,-3.1908566640577596,2.5573870981302655,-1.665323485289112,9.250830863848309,-1.0316312259952005,-1.2391573579276332,-4.349035812356014,4.759734881896547,4.217688322021068,-0.5697240455209165,6.395415158990582,-1.9898571254838646,3.6291308055787934,2.9107727687604252,1.808734863013824,-3.6595682199880257,-3.209759260499011,2.7818967369118295,-0.03382944002788305,-1.1390121385530216,-0.864768228333361,-1.2380128875805376,-2.0381657825204225,-1.3537425074844216,-2.4875096849686367,0.3226685781164913,-2.0521497459007625,1.782070615709369,2.668135835549105,-2.322154780368981,-2.36586293434288,6.218421595493854,3.3164245003842376,0.621310777280549,3.6147435782566086,1.7424386008641244,-3.9337232121143626,1.0222880827507355,-5.316906825420761,1.0127184667175637,1.1276958526360341
0.07412536045420912,-0.6568491549220334,0.10059152828392488,0.01005949617918771,0.053470146945920206,0.6685003215685037,-0.3594588683696759,-0.5482485542264558,-0.4278158426564022,0.1353972346508151,-0.6821902967989417,-0.5890514837023806,0.25293428574093,-0.9000432094235749,-0.22030047972554032,0.3872469417637031,-0.3050265956575975,0.1306489528041425,-1.0316312259952005,0.13325796366564652,0.1024337055725578,0.42947207527115394,-0.5460132705151186,-0.5225592136838233,0.06648670544901712,-0.6501927315608378,0.166764207115258,-0.3766651949016968,-0.3010350519606704,-0.19339310207231425,0.3983675924964656,0.30137073740896375,-0.2698202396951339,0.026257360265778722,0.1426506529302022,0.13590758466200806,0.10069707270765858,0.2766695999263492,0.06156048777957234,0.18129395554606326,-0.0346006072985972,0.25083183063343617,-0.15054664813191188,-0.35582098278005914,0.2137006742936828,0.24307242909681676,-0.6161562100672007,-0.3902034683219094,-0.06476227613048471,-0.42145432529211996,-0.20850465086079797,0.46444429408955623,-0.07798846300119902,0.6791750016042388,-0.06567591129385256,-0.08193185582916376
-1.8835103530704997,-2.9764993589140123,0.4405914194762364,0.22608443069231735,1.5617653213964624,1.9909099858223454,-1.2388120997346077,-1.7566248188199434,-1.5488227995833594,2.311262939531085,-3.045962883874817,-2.8870770297019854,-0.26695823734406476,-1.7513887075833419,0.06556350253295183,0.020632205355468804,0.0845191795473816,1.5612939031452746,-1.2391573579276332,0.1024337055725578,2.2077082388901834,2.3235569921715262,-0.3700450564000455,1.3255548550810623,-0.018983020153895684,-2.8533889059349167,1.7622361883148678,-1.2323019099187225,-1.6539220638788228,-0.1705955744174477,1.4454215770777334,2.5353599174476096,-1.5543634962492758,-0.7807604642090985,-0.7673598597080042,-1.1829279471326493,0.08183121408369658,-0.31542883956729245,3.187585293067543,3.2220843360990696,-0.11784457323942973,0.558704969742014,-1.6652603684482887,0.006833809845049987,1.685862604645033,1.040585849012527,-2.263745033212715,0.08436039002802691,-0.3209363157478395,-5.734608875506481e-4,-0.15771206582678365,0.8401476888007544,-1.27371804762285,-1.1049478572329927,-0.9758309685838268,-0.7414676224268054
-1.8269658324241977,-4.981873698919434,0.5845070587661992,0.3462421943388199,1.7680970396457938,3.83712837965202,-2.23334341393968,-3.273144479575681,-2.830375070093469,2.6396939524793774,-5.118790470505409,-4.635906083013894,0.6114676431317568,-4.3679356592111995,-0.5073212885051687,1.11495010833092,-0.8188857684730593,1.9744453271454845,-4.349035812356014,0.42947207527115394,2.3235569921715262,3.5689907192302566,-1.9957517493921222,-0.3422585570286998,0.18262066174928213,-4.754920183630329,2.2561057947976897,-2.3637055388825567,-2.4476996969474936,-0.8034360913847608,2.524126276150248,3.3346330642810282,-2.347475445782958,-0.6680116075883545,-0.2492887117806696,-0.7248763169642675,0.5729407543200127,0.39693015094515205,3.257143497110061,3.703672720003366,-0.21717284653212632,1.162130231180389,-2.091895556471912,-0.8617525242624194,2.2983829379797704,1.7425040343823988,-4.225821793556634,-1.09050930425134,-0.4947470277105313,-1.2706608109034996,-0.7353757468893194,2.069785446342977,-1.4745772708792797,0.86588923811178,-1.2411032902094568,-1.0847533896064647
-0.1540086211861612,3.108264318485726,-0.34094171198830436,-0.11579287678723314,-0.3221822983272658,-2.9798035195963903,1.6001520689081805,2.4447504972578886,1.9983325909868046,-0.6176282046656061,3.2351790822055038,2.747689363414328,-1.2450042262479353,4.099416636204578,0.9319769042139073,-1.7075509372461875,1.3833959652428702,-0.6600176183454731,4.759734881896547,-0.5460132705151186,-0.3700450564000455,-1.9957517493921222,2.49692994417711,2.424444110330286,-0.3022097482924233,2.999017042336371,-0.8006165134817843,1.758102909555873,1.3355405350566982,0.935230130964015,-1.7745924910971682,-1.368993144388689,1.267072853680122,-0.1192765784891532,-0.702080066481921,-0.6337202128422817,-0.6246664637801261,-1.1683796106246154,-0.2769795994286563,-0.8631903931919719,0.15003244781004613,-1.0366995968669106,0.7107517707134408,1.467507161662201,-0.997797545382565,-1.10960691489592,2.9658679804900983,1.7791326997005936,0.291132168927612,1.9395634971663276,0.9190622501520295,-2.009480241672218,0.3645790647782586,-3.0196596934813407,0.378805027854914,0.4775493386856967
-1.6412961802598172,1.059236392083756,-0.025346055774041424,0.03430067932314419,0.870101305066458,-1.6838546692783725,0.7848650588475001,1.293367980022838,0.9614144006422362,1.1409073929129951,1.1119218873973193,0.7426030751964701,-1.5653184206048139,3.0775600951088977,1.067367516397128,-1.859519747802948,1.5715504736285595,0.5127818624104709,4.217688322021068,-0.5225592136838233,1.3255548550810623,-0.3422585570286998,2.424444110330286,3.697925660448104,-0.35237867965574626,1.0453252532261206,0.5024903631314208,0.9492696892343829,0.15162058519483376,0.8800162596774491,-0.781991721719369,0.5117234984414227,0.15061854639278496,-0.7569645736844928,-1.3733867434615314,-1.6087065023820672,-0.5995416421462981,-1.5031211445625325,2.203730065992453,1.5825643719846934,0.08245615242326626,-0.7011197162833506,-0.530300218485704,1.599129492991285,0.23440863863326142,-0.4054368706096254,1.463893548306726,2.0158034082559517,0.06083593084595292,2.09931827435159,0.8753191464140246,-1.5318884667791497,-0.6018923947333025,-4.156628343308547,-0.34266659852508113,-0.06517496009216424
0.06719644820095394,-0.3138594280345862,0.025630289798781014,0.017006450125853393,-4.1488904931327394e-4,0.3156332339474132,-0.17071109688779945,-0.2599030007062403,-0.20947412932211903,0.010562443940546172,-0.3152810469336933,-0.2713458395258312,0.1674992861903685,-0.4609444735782845,-0.1176252261932778,0.21994724769496524,-0.17710479882997165,0.037075313073710967,-0.5697240455209165,0.06648670544901712,-0.018983020153895684,0.18262066174928213,-0.3022097482924233,-0.35237867965574626,0.043018582930071526,-0.30392573912340765,0.054733228556432575,-0.18881894335202573,-0.11843146580984491,-0.11315588749370871,0.17529742290971753,0.0945731311949592,-0.11197154210249326,0.04325559051270451,0.11615983682332623,0.11055213767786498,0.07452708980379376,0.1465930189132103,-0.05997331810371104,0.01835625365485529,-0.018878189976918952,0.11666534116124173,-0.042837667494670884,-0.17964493590764904,0.07773450842747993,0.11511347325266727,-0.31722318066651,-0.23248627437243757,-0.02572593396475505,-0.24095283740271806,-0.10905465387522735,0.226473841726997,-0.00936009228961436,0.41160400553884813,-0.027000574841457813,-0.04075819326874017
2.1921688843618345,6.761406567177341,-0.7592983120391096,-0.48515545937025273,-2.2170241057372233,-5.309051201154969,3.079616339647426,4.518593144573806,3.885401128264565,-3.3088903998115136,6.911115301918974,6.258663816699982,-1.0606352589267463,6.214860480104849,0.8234313795563629,-1.7665190120429333,1.3168746706898413,-2.527782092132239,6.395415158990582,-0.6501927315608378,-2.8533889059349167,-4.754920183630329,2.999017042336371,1.0453252532261206,-0.30392573912340765,6.461965009156225,-2.916394822660827,3.268287340239954,3.238839161717104,1.194695772694897,-3.420584196625815,-4.301698612284934,3.1127919664833033,0.7473058330190204,0.1037629700369184,0.719837920328132,-0.8509909197197858,-0.7174326778607485,-3.953662069050621,-4.656337526194589,0.31464593533896723,-1.635548575816059,2.68642495699531,1.350582708430605,-3.0026125192082214,-2.3788168110497137,5.833884553313125,1.7611639220564652,0.6547372131223606,1.9806870984794356,1.0966046187555787,-2.952796353051364,1.8545804670851491,-1.7659508214675197,1.608517455284102,1.4303271097745582
-1.5859864479428658,-3.0716341287655404,0.3431856611307694,0.27438595594014353,1.358831226660276,2.135051954102937,-1.3004663158651315,-1.861550619576747,-1.6585913495557283,1.955022219433645,-3.1163027240927814,-2.9051182926929315,0.10542929242376137,-2.1982907599913997,-0.09220125389000004,0.3464471157169872,-0.20670958753631588,1.4032346905908981,-1.9898571254838646,0.166764207115258,1.7622361883148678,2.2561057947976897,-0.8006165134817843,0.5024903631314208,0.054733228556432575,-2.916394822660827,1.5949016389592914,-1.35619351757683,-1.5455623420285116,-0.3516031461726276,1.4512707766357384,2.2592604154733533,-1.4981057422181263,-0.5738997490604048,-0.42227791614943994,-0.808522844830522,0.27967708768060234,-0.09691738088730185,2.5679900523133603,2.75491609244568,-0.1378901985352061,0.5921101271869924,-1.4829221502214094,-0.18108894457245236,1.5553654053439034,1.0691051025328022,-2.510284866075706,-0.3102484744426669,-0.3025581047008971,-0.3850591831059436,-0.28819663401141127,1.0069666508873922,-1.0868468519116241,-0.3109618666550508,-0.9127848214361114,-0.7448580615749071
0.8619460223026233,3.420030415535747,-0.3753676765572891,-0.22118122373837584,-0.9709881515828117,-2.7969165374110614,1.591449926694706,2.3593673212187953,2.012923313474048,-1.4745306408423222,3.513382916813176,3.13341808927498,-0.7027651452625707,3.4108696942776238,0.5325244641890972,-1.082693951799074,0.8344599800911777,-1.1710400302883286,3.6291308055787934,-0.3766651949016968,-1.2323019099187225,-2.3637055388825567,1.758102909555873,0.9492696892343829,-0.18881894335202573,3.268287340239954,-1.35619351757683,1.7102244265637272,1.6029281399503168,0.6913278426311545,-1.7732163595978085,-2.04339675347599,1.539513522613368,0.27870731934832793,-0.11231696688149136,0.15317619165163793,-0.489033575867882,-0.5432584346218013,-1.663459653308549,-2.0757641062236876,0.1567581824675373,-0.8841985472748061,1.2427858597839418,0.8619565387868133,-1.433813748288854,-1.2028746540153115,3.014003185815161,1.0992142539437804,0.32978414963608066,1.2285758223218166,0.6431490088410325,-1.6276636031491443,0.831731541724677,-1.3691647545134447,0.7373352567426712,0.6894148117516725
1.2203142021311373,3.3759358363958323,-0.4398889701817517,-0.20521830440676306,-1.203938018688672,-2.640224669567532,1.5323504401762478,2.2504958198702476,1.922284671142351,-1.8372182477209171,3.4824419612009647,3.1547966493697817,-0.36404039034348284,2.970097206541265,0.35617345993627864,-0.7505284836288673,0.5443756206008554,-1.3506321142944204,2.9107727687604252,-0.3010350519606704,-1.6539220638788228,-2.4476996969474936,1.3355405350566982,0.15162058519483376,-0.11843146580984491,3.238839161717104,-1.5455623420285116,1.6029281399503168,1.703356685396235,0.5256226919181567,-1.7540119538700345,-2.3189264918488273,1.6088351508938135,0.4809580250374825,0.21295707347637996,0.5262969874193879,-0.33733909771674914,-0.28988570700988453,-2.2839968233735166,-2.5629302607347735,0.14162075540395683,-0.8237866952043786,1.4401598202479606,0.6260063485939041,-1.5779364824258724,-1.1862547140308488,2.83107234283089,0.7144374411954025,0.34493458136208777,0.8459056292254084,0.5035902112713805,-1.4361760630335818,1.0232092872268495,-0.5570280063301857,0.8308762042131036,0.7168381020748198
0.032796918960202454,1.253689206157247,-0.11067447482189904,-0.0689913524931221,-0.17707898608982509,-1.1384401724677489,0.6184776928447276,0.9391684342463189,0.7895720110312213,-0.28622458413145985,1.2970048168886972,1.1078586009325488,-0.47587601897904713,1.5583142628103015,0.3275150873370176,-0.6241418743985375,0.5082577119520616,-0.2963089767827829,1.808734863013824,-0.19339310207231425,-0.1705955744174477,-0.8034360913847608,0.935230130964015,0.8800162596774491,-0.11315588749370871,1.194695772694897,-0.3516031461726276,0.6913278426311545,0.5256226919181567,0.3616524771803427,-0.6790791130719904,-0.5650178427448881,0.5138909616988906,-0.028654563736522462,-0.2544409380851804,-0.20643829063668243,-0.2671264051292489,-0.3996589721362184,-0.17968092288946352,-0.4095155950662905,0.060205472076202464,-0.3758907798746582,0.31085729386812105,0.5068270385007282,-0.41750752201188696,-0.44087530050438944,1.1935848192697622,0.6601585100466794,0.11361714767945483,0.719315446260628,0.33702006121192213,-0.7416933100437557,0.1687960317236848,-1.0742838490710225,0.18506342946632043,0.21801775682530358
-0.8978781177760254,-3.5548156883591697,0.4689065375475619,0.17099181233324,1.0384669116621765,2.966867975401316,-1.6753244290801963,-2.496226901022864,-2.096208089372617,1.6466110352559291,-3.6970581773142333,-3.279993352550848,0.6246414619300422,-3.5451912165323547,-0.5600904290415184,1.0811966128526416,-0.8291227482944573,1.261620287083298,-3.6595682199880257,0.3983675924964656,1.4454215770777334,2.524126276150248,-1.7745924910971682,-0.781991721719369,0.17529742290971753,-3.420584196625815,1.4512707766357384,-1.7732163595978085,-1.7540119538700345,-0.6790791130719904,1.9277223442651419,2.257268492904771,-1.647188730518568,-0.363268788119456,0.013445137149558669,-0.2398509624402852,0.4278053880833389,0.5905822844487929,1.9131980722701163,2.287067608907024,-0.14677476184030644,0.9658743529593347,-1.3481506096198177,-0.9480133789002222,1.5396444084818997,1.252644892504587,-3.0682251833990315,-1.0652215051229188,-0.3631393016486917,-1.2316514228842323,-0.6689163588647848,1.734025549779035,-0.9212400261128394,1.310096008653476,-0.75184229296847,-0.6934761053438993
-2.075232459296201,-4.505564366899004,0.5748891930041814,0.31787590887473854,1.8682035741985137,3.308497621594308,-1.9636607267121355,-2.8510954005053417,-2.4859821319750615,2.778773609498834,-4.6348445233646345,-4.251564277614264,0.2177992676202561,-3.4992292536138203,-0.26109855159699297,0.658047921924576,-0.43655319770302237,1.9927865990111011,-3.209759260499011,0.30137073740896375,2.5353599174476096,3.3346330642810282,-1.368993144388689,0.5117234984414227,0.0945731311949592,-4.301698612284934,2.2592604154733533,-2.04339675347599,-2.3189264918488273,-0.5650178427448881,2.257268492904771,3.31204487891357,-2.2089455889430942,-0.8135524050407447,-0.5557092383543935,-1.051320803313904,0.38838231812487656,0.06962716183299617,3.608814119721351,3.886005349383301,-0.1844499078076764,0.9743481946664968,-2.1130345083518387,-0.5018896535026544,2.2448705033300356,1.57069537661764,-3.6822385674357667,-0.590623369418801,-0.46295340639807875,-0.751410746948492,-0.5148868728991564,1.6581834696960565,-1.54294189774403,-0.0817442758620035,-1.2454560285669356,-1.0342088734350185
1.2445643332853176,3.265376089608017,-0.38063850368073393,-0.23039641214263995,-1.1858019891437974,-2.492166763014697,1.4534105310694576,2.127958067353679,1.8472976821095843,-1.7633082034573084,3.3577529853003463,3.0416280192093725,-0.37509057150287795,2.8174196721002325,0.30984291834282157,-0.6931977866536869,0.5073486962136571,-1.3150657586618302,2.7818967369118295,-0.2698202396951339,-1.5543634962492758,-2.347475445782958,1.267072853680122,0.15061854639278496,-0.11197154210249326,3.1127919664833033,-1.4981057422181263,1.539513522613368,1.6088351508938135,0.5138909616988906,-1.647188730518568,-2.2089455889430942,1.5465590415451416,0.45698915358374925,0.19115239085143254,0.5088523704893001,-0.37360844463614656,-0.22890242133790475,-2.1919521657981083,-2.474344794240741,0.14064476826468975,-0.7459597331921873,1.3906061769475575,0.5292944101734464,-1.520724694923448,-1.1392743475985547,2.7608313084009697,0.6764489000413326,0.32490495285026405,0.7960815729662937,0.4659336496637206,-1.3288360825758732,0.9844100434605038,-0.4827970796684455,0.8267674299544484,0.7204240061291731
0.7281573623004954,0.7903380428533299,-0.12351920202216732,-0.06717175350517385,-0.5527653717067038,-0.4295164613644958,0.28723207897591085,0.3944711662881067,0.3730101012236253,-0.8009707490807212,0.8205351513790332,0.7889652641928087,0.22468499304849854,0.23444856545398893,-0.12594901973432282,0.1824534397243337,-0.17534730610238963,-0.5226303789961498,-0.03382944002788305,0.026257360265778722,-0.7807604642090985,-0.6680116075883545,-0.1192765784891532,-0.7569645736844928,0.04325559051270451,0.7473058330190204,-0.5738997490604048,0.27870731934832793,0.4809580250374825,-0.028654563736522462,-0.363268788119456,-0.8135524050407447,0.45698915358374925,0.3130869448022098,0.36125319516727955,0.502724284754432,0.016726372444193772,0.23584054611268712,-1.166144481221247,-1.1146443889933686,0.021637990819841586,-0.08941501051268906,0.5495700876560967,-0.1615030421266997,-0.5271143323510381,-0.26639826502429337,0.5401811735185403,-0.22386494585125494,0.09182103107150118,-0.19475585823688701,-0.037900279414373794,-0.0977019993140577,0.4386916847079047,0.7335762166089299,0.3240891319763481,0.23470198702505354
0.7828990116178649,0.11152585122851673,-0.07456158629088216,-0.032175739993515126,-0.5033216358776633,0.21074122166503284,-0.054441244711061314,-0.13006407134595746,-0.0674853073283079,-0.7147295529496355,0.11351798163596584,0.2011738205351521,0.5433787149455439,-0.6897184814677898,-0.33649590112022676,0.5773030981871493,-0.5052895316965056,-0.3961256607235794,-1.1390121385530216,0.1426506529302022,-0.7673598597080042,-0.2492887117806696,-0.702080066481921,-1.3733867434615314,0.11615983682332623,0.1037629700369184,-0.42227791614943994,-0.11231696688149136,0.21295707347637996,-0.2544409380851804,0.013445137149558669,-0.5557092383543935,0.19115239085143254,0.36125319516727955,0.5580390948011953,0.6862561104989732,0.1905050292668022,0.5036349865333728,-1.1858787249692413,-0.9887583160184255,-0.009277284306091146,0.1238246462785058,0.419678685732452,-0.48275626140484107,-0.33123617532572874,-0.029889341551289177,-0.13009131261189122,-0.6486544662593545,0.03233654890918178,-0.6565328598546987,-0.2448745612178574,0.3379251166041886,0.38477325957506386,1.4647876103969517,0.24544426714899503,0.12388712467698253
1.2485546213087189,0.7720616809480237,-0.1165241185691407,-0.12995765892058633,-0.8598184490563449,-0.162415622279072,0.19920666318079458,0.21357262534497076,0.2635340534857269,-1.1863569277442276,0.751466250685073,0.8320632960142891,0.5616644918132139,-0.3581460167388952,-0.37952653395480623,0.5791734632877193,-0.5297902314667422,-0.7318681774336677,-0.864768228333361,0.13590758466200806,-1.1829279471326493,-0.7248763169642675,-0.6337202128422817,-1.6087065023820672,0.11055213767786498,0.719837920328132,-0.808522844830522,0.15317619165163793,0.5262969874193879,-0.20643829063668243,-0.2398509624402852,-1.051320803313904,0.5088523704893001,0.502724284754432,0.6862561104989732,0.9352395144112047,0.12859224667895236,0.6306735802934484,-1.8287732053421046,-1.667114723283048,0.02718795099575924,0.04278780036912406,0.7724069019322863,-0.5569368905778312,-0.6857911892310706,-0.25891847079057423,0.4036228653787075,-0.6537001443043385,0.08932982007501747,-0.670566354661186,-0.23014859440382884,0.21029431564902198,0.6479807049530226,1.7268177986631361,0.48953461747512317,0.3113941982015166
