V1,V2,V3,V4,V5,V6,V7,V8,V9,V10,V11,V12,V13,V14,V15,V16,V17,V18,V19,V20,V21,V22,V23,V24,V25,V26,V27,V28,V29,V30,V31,V32,V33,V34,V35,V36,V37,V38,V39,V40,V41,V42,V43,V44,V45,V46,V47,V48,V49,V50,V51,V52,V53,V54,V55,V56
16.08652709775031,20.12751928898939,1.4753461349188388,-5.096129710139637,8.201872684781396,-58.09979799016378,43.69493146567925,20.81937825590673,14.36528268249275,7.5772253228978945,-3.6111497932114833,22.566395416524955,-11.625230150025887,-19.451777978718702,-23.655083749219212,-0.2739822805873368,-25.791704054841144,-32.28888983539043,8.174933640427273,9.688688009421394,-1.405626900603714,67.93370881422564,12.086547880577422,4.565472717787958,34.95384676508634,-16.686050517338465,3.1679271659308945,-9.404936834951103,40.11857286897087,13.055395439374983,-24.297633453457635,-29.78605654529071,2.401086910766365,37.41049047606832,-46.98982161275849,1.3931084092598085,34.89029952422223,10.304640578054276,14.911825393391048,7.145956012380808,-8.637913797094251,39.135308763413384,-5.849302933720116,-0.07336535590233996,-23.353135820700782,-10.440800985572768,15.404768017912707,-10.477208109723744,18.037661656601415,1.296398544895421,16.664760997676648,14.140346289661876,6.297194695545369,9.87514812138047,-2.3746286937460117,-35.812715599339434
20.12751928898939,26.67792082768207,1.748167008439655,-6.509288873300776,11.372473878586534,-77.36801070870011,57.915362608501276,28.012617578508475,19.229831332072514,10.532792491344962,-4.504218844445356,29.822545185483264,-15.824022155757957,-24.33855837957097,-30.611415713326732,-1.1914981155411468,-33.31437411583161,-42.21769649598139,12.411483063328811,12.487218457820317,-1.3946908008483103,89.50436546703773,16.943716820539723,7.471716999945922,45.949796814522955,-21.759212448095276,4.533383751378024,-12.093650114265929,52.999706066628995,17.50589924626438,-32.46305564064099,-39.049441293035116,3.1583604484516083,49.02859252746371,-62.434641900393466,1.1243587349716986,45.979454459469345,12.719954789009769,20.64513943859917,10.252655491664253,-11.392667027924487,51.14742636771947,-8.033123764397672,0.8739359469156892,-30.59230220866826,-13.854978838922385,20.556881725321173,-12.998527924935,23.823037169372302,2.6179721907311855,22.394065099366372,17.8416201010564,8.000302572009335,11.102614510522352,-3.4677858330125537,-47.420813598859425
1.4753461349188388,1.748167008439655,0.3085035961753722,-0.5634995989355179,0.6102006164622483,-4.562671695768906,3.4872279490902605,1.5962818964382506,1.1989454790670049,0.7261727408862173,-0.23921742179257904,1.8822923735422623,-1.1444279258560193,-1.5746065581278745,-1.97762976397299,-0.03533360563966906,-2.04437339494573,-2.613728870670591,0.847058250276565,0.8303874750584939,0.1468733583641246,5.515966975509986,1.0413465735333074,0.6516058012270737,2.7897754459789854,-1.3032617317400468,0.2475978493268843,-0.7147953402107551,3.1020650309884394,1.1389556584243108,-1.8141777913806791,-2.242475996182739,0.17265279286337212,2.9232925473627915,-3.954537316588319,0.020127941128140054,2.585061448882673,0.9638565338467238,1.4051722677432372,0.6694445271025963,-0.6686427854382917,3.2975867879897724,-0.4990855163994863,-0.2144406402146729,-1.8600281335843352,-0.8609645440537796,1.4791518736508977,-0.745971307204964,1.4221945554799242,0.15415812213252938,1.3127686957393085,1.2763203429405667,0.4562547983019186,0.7433839978218902,-0.09090717071024022,-2.770090965672131
-5.096129710139637,-6.509288873300776,-0.5634995989355179,1.6923135784119356,-2.6605122615651666,18.550572131576025,-13.95113994045213,-6.6587578655258755,-4.641452987091399,-2.564128339715076,1.0925281596095713,-7.239263634328641,3.9019024455071936,6.040880627539657,7.512863866706028,0.20397401306270668,8.113857234752189,10.25515976980196,-2.9346505188894154,-3.0834237332475563,0.22200034833511154,-21.687712228829422,-4.027308938628415,-1.8247941487571568,-11.112900666889818,5.270476641345153,-1.0559121778771374,2.935306752937873,-12.723238753296329,-4.255421030935658,7.71221227566995,9.366656404816668,-0.7484777099640696,-11.833710677095509,15.154473206089053,-0.2914374131088776,-10.983607175859627,-3.255408253377228,-5.017495572653661,-2.452580366253049,2.7384465310770367,-12.512644844663942,1.9281735188540345,0.026214652822886098,7.404639830988448,3.3513202185920625,-5.087821510690299,3.1736426506667574,-5.7376775825055875,-0.5629460382750862,-5.350746011022896,-4.4916738738619815,-1.9342363450547462,-2.864031146596476,0.7410453814052574,11.377418797775602
8.201872684781396,11.372473878586534,0.6102006164622483,-2.6605122615651666,5.363963718953105,-34.13563717328496,25.457273070914443,12.367745336559032,8.351915594966984,4.939074919996523,-2.2556221650321153,12.791357868552838,-6.973072285581331,-10.489681751929744,-13.22900958633348,-0.7572332517523146,-14.46278963568183,-18.291490593620292,5.669501483648613,5.378564963842073,-0.45208333211144625,39.544487950024966,7.658924874018013,3.6326264605003975,20.184091111358825,-9.8196010486078,2.2843021475093437,-5.386141148520574,23.268136965568754,7.700321112204298,-14.363782552585464,-16.96767004305521,1.2438379725811202,21.46220851123123,-27.546146013244567,0.23416807542114748,20.39447004925622,5.203379572981967,9.538390429551475,5.010720620415132,-5.043728196679572,22.30440853821379,-3.7758616978368202,0.8314526071113211,-13.238743372829841,-5.997898489443512,8.699273173318245,-5.5415742798591525,10.479099761699128,1.3812365422543018,9.979062368368044,7.589503403232281,3.338019296263432,4.243274983316025,-1.8007038473342918,-21.076927981310565
-58.09979799016378,-77.36801070870011,-4.562671695768906,18.550572131576025,-34.13563717328496,227.92023318237366,-170.46488481248986,-82.40481172281883,-56.11656462936861,-31.24918368243874,14.253644333286031,-86.88282061242305,45.960894290184164,72.0863081332479,89.89058297174743,3.4994252490926723,98.23073561763785,123.92403187238148,-35.63672999400799,-36.624845707267085,4.457616263214622,-264.18847053333315,-49.631573942426236,-21.39974575734491,-135.48051603087427,65.00650136596832,-13.868540354756313,36.1021886292341,-156.21547129460546,-51.23334614381895,95.82100499727562,114.95939501117199,-8.97163796719605,-144.57935609452562,183.57953666458997,-3.3033615599804254,-136.33326719761146,-36.865213500251926,-60.977162997627005,-30.758745671556614,33.70062852767275,-150.30591295450031,24.02400566724487,-3.389840802523525,89.76762899062503,40.48337470604731,-59.11637170126735,38.5974599485212,-70.22828479331837,-7.576895506304204,-66.07555541909684,-52.251366158634085,-23.40985125559812,-32.51863700636686,10.859929428486424,140.35912505784682
43.69493146567925,57.915362608501276,3.4872279490902605,-13.95113994045213,25.457273070914443,-170.46488481248986,127.54698316932337,61.57754449731409,41.96817546409791,23.335699611076233,-10.703250106037345,65.03563153834857,-34.37199264876467,-54.16869041748602,-67.39355091256444,-2.493210994071032,-73.6318728613442,-92.82002850482104,26.460588605027013,27.47137923649708,-3.3493393170468937,197.78371990539205,37.0092825916842,15.855612444440702,101.43082768652667,-48.6943092418698,10.326991487171735,-27.065010294887085,116.8903057696259,38.32406975504155,-71.62865308613632,-86.05138842269083,6.710183058109398,108.25194928897264,-137.38295619422416,2.562186190431657,102.00918979539787,27.758671838125714,45.54026937927035,22.92038298157265,-25.22076821765622,112.6149193527964,-17.941948795636517,2.3420942044854294,-67.22020095503801,-30.29306106217206,44.26125741109863,-28.998279860518664,52.55667935455668,5.541041784440323,49.389284912838995,39.268588410058726,17.55791521641322,24.627619334400016,-8.056922109380485,-105.01232047865187
20.81937825590673,28.012617578508475,1.5962818964382506,-6.6587578655258755,12.367745336559032,-82.40481172281883,61.57754449731409,29.872443880902765,20.33464090457207,11.300128124844393,-5.013521756117996,31.43106650743254,-16.653969384483677,-25.72776620258644,-32.32592069680821,-1.4063297472369043,-35.316924423338676,-44.683481669647904,13.168647879691862,13.157956830379305,-1.594124317014182,95.2216252057907,18.08667390364949,7.9290643240492225,48.84791059178035,-23.329201187694615,5.01576836536146,-12.936303103584505,56.41610454056427,18.534790615487704,-34.68106788789086,-41.50251008903983,3.278399915522077,52.12455439212074,-66.27960148959113,1.102527805535922,49.17570162074189,13.154330413173419,22.07430075353531,11.148362958382188,-12.154418370282537,54.122160358166916,-8.67493187927195,1.3942866184492777,-32.39362306300665,-14.646949052456115,21.425540118774105,-13.785745320792635,25.34922153287673,2.88970578429833,23.912674664744017,18.683614156035897,8.428166618129664,11.429587169236001,-3.9504694847394553,-50.64678298291849
14.36528268249275,19.229831332072514,1.1989454790670049,-4.641452987091399,8.351915594966984,-56.11656462936861,41.96817546409791,20.33464090457207,13.910922415969688,7.710061157478381,-3.3265536771553905,21.521468800311506,-11.460010218563793,-17.533623066604406,-22.091337179540144,-0.9470954531821252,-24.06875660682844,-30.504190859988714,9.0776011008885,9.003126246536599,-0.9859210403645912,64.87802876883168,12.352326414676776,5.514178507538796,33.28081999623016,-15.820314618651002,3.3678220926435003,-8.771839624403077,38.40484294836426,12.68251757005014,-23.57072809414979,-28.250341804970542,2.2551685701273545,35.49489749957631,-45.24908058117795,0.7375116031691156,33.3774899238036,9.074483391831334,15.077822907580323,7.566897362267504,-8.264850577451792,36.97507323919274,-5.886307610213477,0.7997367588054257,-22.10610197213892,-10.014986654270482,14.790552979773645,-9.357433237388486,17.264175438316,1.9781627272644298,16.273186316431797,12.81903450309974,5.747627133766512,7.827668376910121,-2.6024341694747806,-34.42826620565805
7.5772253228978945,10.532792491344962,0.7261727408862173,-2.564128339715076,4.939074919996523,-31.24918368243874,23.335699611076233,11.300128124844393,7.710061157478381,4.713049038050038,-2.03005071767515,11.770134887015448,-6.640109286394467,-9.53223270004838,-12.151496206303767,-0.780718151070184,-13.17338206544191,-16.743138723010933,5.510797918892194,4.956626442938664,-0.10456499399530039,36.335553535169076,7.175348614536977,3.743788913983707,18.478663718858762,-8.978190619236738,2.1387667778222546,-4.886352415133747,21.213502725343588,7.170368653568467,-13.063480733796206,-15.369668856808257,1.1041061718368184,19.567847101261094,-25.479630098450148,0.05184526377438937,18.494151389887723,4.819306199210167,9.0640696511288,4.793336677534939,-4.602597313425572,20.563427788614938,-3.5363537684437962,0.6518906365067391,-12.088660370968753,-5.517680965947134,8.20294636341818,-4.917463186265683,9.58381717797503,1.3947167968297138,9.161862739564022,7.029475000993293,2.973377319152725,3.6610893279537624,-1.5973288629928537,-19.251892437938615
-3.6111497932114833,-4.504218844445356,-0.23921742179257904,1.0925281596095713,-2.2556221650321153,14.253644333286031,-10.703250106037345,-5.013521756117996,-3.3265536771553905,-2.03005071767515,1.316907492426128,-5.181446604965673,2.699342399427575,5.053392268410972,5.79704781072033,0.03369040334141136,6.4290110310193,7.809120292040765,-1.656397213309216,-2.371196688569979,0.3463417415595086,-17.07134050092345,-2.8612018682012774,-0.9817226412641822,-8.686817499842837,4.52184989286424,-0.995312598146071,2.526791380716523,-9.865680034381207,-3.1229744912724064,5.975721472713341,7.2334556951515125,-0.4284789797405106,-9.270236540093713,11.560486943059333,-0.30940082794532037,-8.874871442494024,-2.40635926909861,-3.8569510956821977,-2.046945375104031,2.180603725109262,-9.633695487307433,1.6147029776236312,-0.16229647333988625,5.609410115071376,2.441148980142634,-3.3089280324626564,2.699638343080955,-4.459853300106322,-0.2516066678288788,-4.129248365526804,-3.4901546782394997,-1.4640291916871082,-2.4093618464566036,0.794664524352196,9.069554813165016
22.566395416524955,29.822545185483264,1.8822923735422623,-7.239263634328641,12.791357868552838,-86.88282061242305,65.03563153834857,31.43106650743254,21.521468800311506,11.770134887015448,-5.181446604965673,33.40006700489959,-17.62069725767318,-27.49799297119842,-34.40270615758051,-1.2561233074118792,-37.51025891659523,-47.42408735027939,13.662194360163266,14.029445516616644,-1.7091965399447004,100.59626797418227,18.8995222222945,8.130336472074427,51.6542595185832,-24.556431309816787,5.105025647966167,-13.6675842390217,59.57725759950951,19.58857475044725,-36.48633423161642,-43.92870688778692,3.52667931905499,55.148068631127124,-70.02572368479842,1.3541619663818254,51.794892171838896,14.28542991470319,23.060961946110112,11.462364256115745,-12.818318284761858,57.43667867225926,-9.01781706892315,1.0151640154805333,-34.36498602602911,-15.52441860147116,22.887220058309413,-14.732522228419823,26.77368885039633,2.831106733035794,25.136865366032037,20.057757761971907,9.0171417083832,12.652222445112344,-3.9455427375761816,-53.34484657082934
-11.625230150025887,-15.824022155757957,-1.1444279258560193,3.9019024455071936,-6.973072285581331,45.960894290184164,-34.37199264876467,-16.653969384483677,-11.460010218563793,-6.640109286394467,2.699342399427575,-17.62069725767318,9.733622107367179,14.094898695324817,18.02072685189088,0.9951231981982077,19.501109648654268,24.85776445361061,-7.998646517240761,-7.356545767618078,0.354229616210757,-53.22969568655435,-10.42541229172842,-5.213697060184596,-27.19260464043676,12.939755856370953,-2.8923445954323634,7.100153033128702,-31.28982676569597,-10.544504678949139,19.21450865046435,22.83754758677197,-1.7757741829143538,-28.875201345339402,37.37434136029796,-0.2945804237840113,-27.094312163310832,-7.346130209181433,-12.902313817018726,-6.599327957748756,6.744085972694,-30.335832063741368,4.980010747581582,-0.6781755355847104,17.980162977419525,8.212637828728866,-12.353278200800478,7.35530073163157,-14.10586643870627,-1.8975049061322393,-13.395365358271514,-10.467354888339052,-4.5394770588423965,-5.845602525044809,2.1397846082747467,28.146657548427925
-19.451777978718702,-24.33855837957097,-1.5746065581278745,6.040880627539657,-10.489681751929744,72.0863081332479,-54.16869041748602,-25.72776620258644,-17.533623066604406,-9.53223270004838,5.053392268410972,-27.49799297119842,14.094898695324817,24.49946906822029,29.296707517642453,0.2700353762397403,32.14260108046894,39.896517867418595,-9.553416980480073,-11.985381670657885,1.9008135814318508,-84.71856531984876,-14.793570456104623,-5.293726992522891,-43.49792647443923,21.25551265641181,-4.197187418665662,11.968070837939097,-49.84324868028672,-16.031760689556528,30.215214766213347,36.932672451141556,-2.7874164949682796,-46.55967546371074,58.19883016209605,-1.7554786288978128,-43.783198947910044,-12.571049410810932,-18.6012347024374,-9.15663359320295,10.802645040358952,-48.496025933434225,7.454834515431412,-0.2277584243198668,28.82244690286307,12.781635484361798,-18.371973359494127,13.227611464270092,-22.42509709306271,-1.474247935176763,-20.720556513623144,-17.502690661864744,-7.7424019287529084,-12.303592644217437,3.2580772423612228,44.82001141022765
-23.655083749219212,-30.611415713326732,-1.97762976397299,7.512863866706028,-13.22900958633348,89.89058297174743,-67.39355091256444,-32.32592069680821,-22.091337179540144,-12.151496206303767,5.79704781072033,-34.40270615758051,18.02072685189088,29.296707517642453,35.96758436979414,0.9451394305754351,39.3020285765478,49.309065960900156,-13.298987705179716,-14.689948131874509,1.9143961222559882,-104.79931912235332,-19.151994216357977,-7.802607689185126,-53.77331126356223,25.910155699183086,-5.318079849965039,14.473184424427323,-61.81858134131537,-20.17911678435435,37.70033679626368,45.62355706554858,-3.541577439548435,-57.44023043459903,72.57789136601308,-1.6540958574672768,-53.98885794806414,-15.11949795313284,-23.733773873651185,-11.802476886377976,13.35037533060907,-59.87825927447201,9.373503200820924,-0.75701787323401,35.67290113117953,15.998857252932154,-23.35963908260492,15.707977591931575,-27.806444156108252,-2.5309537342342847,-25.956988368475756,-21.19479275015011,-9.416656034342067,-13.896608479962158,4.100524060566735,55.50372387991578
-0.2739822805873368,-1.1914981155411468,-0.03533360563966906,0.20397401306270668,-0.7572332517523146,3.4994252490926723,-2.493210994071032,-1.4063297472369043,-0.9470954531821252,-0.780718151070184,0.03369040334141136,-1.2561233074118792,0.9951231981982077,0.2700353762397403,0.9451394305754351,0.5132400038538064,0.9512028298560651,1.508857380091101,-1.4729097298797746,-0.36525920811529367,-0.30615618322958754,-3.610831513008173,-1.267857268198146,-1.2205154406544227,-1.7730622840431123,0.7436228261191982,-0.3858837189809133,0.3084897152111662,-2.1447107999202926,-0.9024974212356387,1.4889171285715508,1.3850119853822105,-0.10884493801561765,-1.7809473623554783,2.8584118750574308,0.3895210041018838,-1.7618709680031808,-0.0835542921116802,-1.4718714094683985,-0.9249671382868414,0.4530216732087867,-1.8757997608791748,0.5207105458743098,-0.4942141246764329,1.111868720232656,0.6126117613118373,-1.0480170297045661,0.036275122158843966,-0.9729577139236701,-0.6282877753418201,-1.1275992321505608,-0.33279984853503053,-0.1309715223212175,0.6383051811642427,0.2932478474576427,1.9898792121733067
-25.791704054841144,-33.31437411583161,-2.04437339494573,8.113857234752189,-14.46278963568183,98.23073561763785,-73.6318728613442,-35.316924423338676,-24.06875660682844,-13.17338206544191,6.4290110310193,-37.51025891659523,19.501109648654268,32.14260108046894,39.3020285765478,0.9512028298560651,43.032663864790656,53.88921294469261,-14.240401601386724,-16.042694380765578,2.2973974891458475,-114.5249563277418,-20.78864840512792,-8.208396347590513,-58.794307600027985,28.397233099312906,-5.805966793045751,15.887909693472293,-67.6231682346452,-21.960822927875913,41.2508110291369,49.963518624372476,-3.8687673075219102,-62.85398985705462,79.15686071264365,-1.9234026761744056,-59.167236938667784,-16.496249189106955,-25.737652491627276,-12.793244540194538,14.610222070430696,-65.37446263852881,10.213811519428141,-0.8959880537411606,38.99744160281327,17.449844691912567,-25.30686831878875,17.306985597390995,-30.40250269831486,-2.6509011690176547,-28.34942888310143,-23.14008154420515,-10.3398601904667,-15.377844393981409,4.536223194173797,60.72954547736218
-32.28888983539043,-42.21769649598139,-2.613728870670591,10.25515976980196,-18.291490593620292,123.92403187238148,-92.82002850482104,-44.683481669647904,-30.504190859988714,-16.743138723010933,7.809120292040765,-47.42408735027939,24.85776445361061,39.896517867418595,49.309065960900156,1.508857380091101,53.88921294469261,67.78165383161547,-18.710797295995828,-20.11687009435312,2.650875992532053,-144.02887138945107,-26.596446797954876,-10.992853557380956,-73.93003387191519,35.481106588973496,-7.34338227226249,19.792938848124457,-85.13703649678367,-27.81585089215072,52.04303119349179,62.817186368102575,-4.92943847254184,-78.9736871488375,99.88002833926168,-2.155759559606208,-74.29381147115357,-20.557377506942444,-32.73523214894729,-16.30846683824168,18.364266804655422,-82.18935425798107,12.907926375701562,-1.3320411276596378,49.07819071499312,22.06010167656229,-32.22149223496169,21.420894892603602,-38.2726846998708,-3.701623971567807,-35.819841093164314,-28.887418963067983,-12.931087390759423,-18.67612704903109,5.711797886521011,76.38753175751916
8.174933640427273,12.411483063328811,0.847058250276565,-2.9346505188894154,5.669501483648613,-35.63672999400799,26.460588605027013,13.168647879691862,9.0776011008885,5.510797918892194,-1.656397213309216,13.662194360163266,-7.998646517240761,-9.553416980480073,-13.298987705179716,-1.4729097298797746,-14.240401601386724,-18.710797295995828,7.690878067486701,5.3971771800274135,0.24174109255163714,40.41324278319326,8.86724769522727,5.383038379097971,20.571297511423218,-9.486492590173665,2.4186888200492893,-5.055280985778839,23.879601674307306,8.360035879771434,-14.936641262682663,-17.182547429619046,1.3983413300131242,21.696162000658262,-28.977581694249395,-0.40455467195284694,20.41682172152518,4.989053468134603,10.689649283559268,5.664230803544174,-5.110419946567097,22.818091819338402,-4.012997861072194,1.1595529312043327,-13.582180900462195,-6.393246363330472,9.92132996579277,-4.83082524997122,10.764523152761289,2.257051486618917,10.539877205717081,7.3715335008936185,3.214548093184159,2.833115418080873,-1.7850444871407285,-21.474090627288998
9.688688009421394,12.487218457820317,0.8303874750584939,-3.0834237332475563,5.378564963842073,-36.624845707267085,27.47137923649708,13.157956830379305,9.003126246536599,4.956626442938664,-2.371196688569979,14.029445516616644,-7.356545767618078,-11.985381670657885,-14.689948131874509,-0.36525920811529367,-16.042694380765578,-20.11687009435312,5.3971771800274135,6.003226083211624,-0.7640953031801959,42.749144086513716,7.7902830270881545,3.173746093911423,21.93082656584034,-10.574000466781564,2.1619426459263145,-5.908411877059318,25.193080113634288,8.229886615838426,-15.347909474037474,-18.59273400966939,1.4398364766161111,23.423038595060884,-29.60378661122391,0.6822229377670994,21.997164157148323,6.200572871598056,9.678588097399182,4.806332627623148,-5.4421329495558455,24.445884323842346,-3.8199706220855343,0.26395851741427206,-14.548292705614367,-6.522440955271321,9.538814752649854,-6.41761905046218,11.33551652608726,1.0134467207739901,10.571782724121894,8.678871759297097,3.8410670069494,5.709964115415276,-1.6557106569168978,-22.620726469866597
-1.405626900603714,-1.3946908008483103,0.1468733583641246,0.22200034833511154,-0.45208333211144625,4.457616263214622,-3.3493393170468937,-1.594124317014182,-0.9859210403645912,-0.10456499399530039,0.3463417415595086,-1.7091965399447004,0.354229616210757,1.9008135814318508,1.9143961222559882,-0.30615618322958754,2.2973974891458475,2.650875992532053,0.24174109255163714,-0.7640953031801959,0.7928789454150521,-5.091432839469283,-0.45908998394161954,0.7067944634766302,-2.7830487340705856,1.3356387650412802,-0.060140803009042024,0.8624149301546473,-3.3256664084668563,-0.7571268084080612,2.0044697117947887,2.729298896410543,-0.2794849952930224,-3.1668499050586494,3.127285709065986,-0.5669954359735392,-3.0660953638059265,-0.8999809338237255,-0.3265003260753135,0.031673346291664774,0.7043845338739638,-2.914027731302051,0.22384077969121705,0.014927486822421818,1.9670212278930361,0.7754249371264523,-0.7798922522563493,1.2731759016015585,-1.4359949864359838,0.31782509736741205,-1.1819100405972276,-1.1230774948068052,-0.7279808912446253,-1.593666082034227,0.19026649258517514,2.8448397703722303
67.93370881422564,89.50436546703773,5.515966975509986,-21.687712228829422,39.544487950024966,-264.18847053333315,197.78371990539205,95.2216252057907,64.87802876883168,36.335553535169076,-17.07134050092345,100.59626797418227,-53.22969568655435,-84.71856531984876,-104.79931912235332,-3.610831513008173,-114.5249563277418,-144.02887138945107,40.41324278319326,42.749144086513716,-5.091432839469283,307.37341715930654,57.097884124770125,24.30969797238239,157.52013539348093,-76.0252413101666,16.137512326170377,-42.26789917086573,181.2561451155345,59.383600068712475,-110.91009807021676,-133.37224238106862,10.232592957003032,168.0716854936137,-213.23063049968505,4.061278258504372,158.40937048979424,43.3186881908375,70.7736001515334,35.713448778076334,-39.171843345906005,175.04053837233485,-27.957299709483493,3.350593444382036,-104.22224313598637,-46.87713984894926,68.35168744956782,-45.270490704205265,81.54846100350863,8.31783593713597,76.53263330396443,61.30850512762222,27.20224885434449,38.69907802396093,-12.529746186577968,-163.07455014476764
12.086547880577422,16.943716820539723,1.0413465735333074,-4.027308938628415,7.658924874018013,-49.631573942426236,37.0092825916842,18.08667390364949,12.352326414676776,7.175348614536977,-2.8612018682012774,18.8995222222945,-10.42541229172842,-14.793570456104623,-19.151994216357977,-1.267857268198146,-20.78864840512792,-26.596446797954876,8.86724769522727,7.7902830270881545,-0.45908998394161954,57.097884124770125,11.399787157651609,5.75487723073833,29.181247400693323,-13.853254720013455,3.195126567757059,-7.573248242100711,33.720737351301615,11.333023834002773,-20.84569023550345,-24.58561459166043,1.924635949292676,30.996283364525084,-40.12535519940365,0.2070591585404911,29.247556086047048,7.574300156787975,13.944045203483004,7.217089359731855,-7.261293721308527,32.351903368160016,-5.402472795224995,1.1224012013042608,-19.276012355094817,-8.829271622232385,13.161353724942934,-7.76305802837662,15.178962770413651,2.2301975360328883,14.510626750991682,10.935626097064137,4.838694150368126,5.835000739938137,-2.4514002545178357,-30.352355669572724
4.565472717787958,7.471716999945922,0.6516058012270737,-1.8247941487571568,3.6326264605003975,-21.39974575734491,15.855612444440702,7.9290643240492225,5.514178507538796,3.743788913983707,-0.9817226412641822,8.130336472074427,-5.213697060184596,-5.293726992522891,-7.802607689185126,-1.2205154406544227,-8.208396347590513,-10.992853557380956,5.383038379097971,3.173746093911423,0.7067944634766302,24.30969797238239,5.75487723073833,4.155959343473455,12.224910404593976,-5.674184184596262,1.663640030382334,-2.9177758873394413,14.109639648052513,5.200664542227253,-8.882059649537494,-9.903325671683744,0.7368417175336911,12.729801163743357,-17.74060381037077,-0.6764396996582029,11.970180333975382,2.771119812086238,7.151272092711362,3.969311377457228,-3.0353746800117483,13.654245083562312,-2.6364278244000747,0.8540012607418456,-7.944215802296324,-3.8309645444557425,6.176133804462485,-2.461607681091381,6.407679190916319,1.7598134731308839,6.4322451394736575,4.28077015411786,1.6889677840118267,0.833209886373907,-1.1406794153325923,-12.84030645996026
34.95384676508634,45.949796814522955,2.7897754459789854,-11.112900666889818,20.184091111358825,-135.48051603087427,101.43082768652667,48.84791059178035,33.28081999623016,18.478663718858762,-8.686817499842837,51.6542595185832,-27.19260464043676,-43.49792647443923,-53.77331126356223,-1.7730622840431123,-58.794307600027985,-73.93003387191519,20.571297511423218,21.93082656584034,-2.7830487340705856,157.52013539348093,29.181247400693323,12.224910404593976,80.78489956961255,-38.917294754987175,8.184932229107616,-21.668891920481663,93.01014973979954,30.407665620442422,-56.907893702104715,-68.52365728559656,5.303485320992981,86.24914611189757,-109.22394041230399,2.2069780131005974,81.27086600283992,22.27109498761094,36.04728477312236,18.10798315983075,-20.086517225463172,89.7402606930227,-14.243921879402851,1.6748854054033007,-53.517073947263896,-24.057417133404954,35.04624788547572,-23.31086901357164,41.82642561690297,4.170800617838941,39.21411578508563,31.450236001712714,14.028681443021322,20.065951647270925,-6.383498341972365,-83.596115695416
-16.686050517338465,-21.759212448095276,-1.3032617317400468,5.270476641345153,-9.8196010486078,65.00650136596832,-48.6943092418698,-23.329201187694615,-15.820314618651002,-8.978190619236738,4.52184989286424,-24.556431309816787,12.939755856370953,21.25551265641181,25.910155699183086,0.7436228261191982,28.397233099312906,35.481106588973496,-9.486492590173665,-10.574000466781564,1.3356387650412802,-76.0252413101666,-13.853254720013455,-5.674184184596262,-38.917294754987175,19.04801587413402,-4.06273851735468,10.605061861772773,-44.680070459000916,-14.538389767385608,27.288090819978077,32.86626014015596,-2.4222006934750087,-41.532550320989564,52.49787037665284,-1.0912361033094888,-39.25710903858186,-10.724179853020958,-17.41381099800461,-8.860353190756838,9.69453291898097,-43.22567672820742,6.955507413529648,-0.8034420732788415,25.642944403728478,11.463600176106734,-16.50172807831704,11.366565278084414,-20.116965249545334,-1.8696044397124418,-18.82738106464406,-15.239030796093958,-6.7009285595320085,-9.819801634642365,3.176534642908906,40.34844177200097
3.1679271659308945,4.533383751378024,0.2475978493268843,-1.0559121778771374,2.2843021475093437,-13.868540354756313,10.326991487171735,5.01576836536146,3.3678220926435003,2.1387667778222546,-0.995312598146071,5.105025647966167,-2.8923445954323634,-4.197187418665662,-5.318079849965039,-0.3858837189809133,-5.805966793045751,-7.34338227226249,2.4186888200492893,2.1619426459263145,-0.060140803009042024,16.137512326170377,3.195126567757059,1.663640030382334,8.184932229107616,-4.06273851735468,1.0217700613938694,-2.2002488960968583,9.402725002581322,3.151338912670575,-5.823098738502328,-6.7817514133267345,0.4509662348624176,8.661692951122888,-11.264200241117182,-0.014387359338103145,8.281226417725348,2.02324137519808,4.080452855078361,2.2259213719356095,-2.052631861607072,9.039081380311007,-1.621627098458918,0.4262345898017033,-5.300909710714191,-2.409689688335446,3.483877647078452,-2.1691072856754006,4.249026841112828,0.6479292628092436,4.087650365955032,3.0380619458457936,1.282833984780589,1.5032819874354824,-0.7949287481541902,-8.604203141733676
-9.404936834951103,-12.093650114265929,-0.7147953402107551,2.935306752937873,-5.386141148520574,36.1021886292341,-27.065010294887085,-12.936303103584505,-8.771839624403077,-4.886352415133747,2.526791380716523,-13.6675842390217,7.100153033128702,11.968070837939097,14.473184424427323,0.3084897152111662,15.887909693472293,19.792938848124457,-5.055280985778839,-5.908411877059318,0.8624149301546473,-42.26789917086573,-7.573248242100711,-2.9177758873394413,-21.668891920481663,10.605061861772773,-2.2002488960968583,5.9324396843416745,-24.876470700188285,-8.03814958603928,15.162354819922836,18.35841898990454,-1.3662434311986171,-23.160979790979656,29.10769099168574,-0.7213689648409707,-21.874758601393502,-6.054388909081015,-9.501334597280325,-4.779939463553973,5.3953014952778355,-24.071769374073536,3.8089407023265394,-0.359665786118063,14.307700082630289,6.3720931130330625,-9.131510120967626,6.440497567856105,-11.192870067924616,-0.9190727495552597,-10.426495481643972,-8.546363228507255,-3.785102177840215,-5.719249280105181,1.7320696412980428,22.429933823553537
40.11857286897087,52.999706066628995,3.1020650309884394,-12.723238753296329,23.268136965568754,-156.21547129460546,116.8903057696259,56.41610454056427,38.40484294836426,21.213502725343588,-9.865680034381207,59.57725759950951,-31.28982676569597,-49.84324868028672,-61.81858134131537,-2.1447107999202926,-67.6231682346452,-85.13703649678367,23.879601674307306,25.193080113634288,-3.3256664084668563,181.2561451155345,33.720737351301615,14.109639648052513,93.01014973979954,-44.680070459000916,9.402725002581322,-24.876470700188285,107.21993900005728,35.025847134710496,-65.6890451681796,-79.02824171390489,6.17506358287495,99.33459695475914,-125.7345488198571,2.5291515261441404,93.6511594985299,25.496823801956413,41.43320498228139,20.795391893481813,-23.133784895776774,103.19715794934471,-16.365919659967535,2.127564512256977,-61.67006285549855,-27.74616769148386,40.39062823160824,-26.773682556270646,48.189098870550055,4.90214642705155,45.223324041158094,36.02702354286662,16.182898266417197,22.91964846236233,-7.390193189517682,-96.29193480198302
13.055395439374983,17.50589924626438,1.1389556584243108,-4.255421030935658,7.700321112204298,-51.23334614381895,38.32406975504155,18.534790615487704,12.68251757005014,7.170368653568467,-3.1229744912724064,19.58857475044725,-10.544504678949139,-16.031760689556528,-20.17911678435435,-0.9024974212356387,-21.960822927875913,-27.81585089215072,8.360035879771434,8.229886615838426,-0.7571268084080612,59.383600068712475,11.333023834002773,5.200664542227253,30.407665620442422,-14.538389767385608,3.151338912670575,-8.03814958603928,35.025847134710496,11.615250710334802,-21.485265508376422,-25.695652966132172,2.0042811305081836,32.38638016039779,-41.43688572956545,0.5864490455076298,30.46590831188769,8.272927766017485,13.969795375100889,7.078189770579705,-7.55297704021299,33.823438044885684,-5.455341535249619,0.7318113311478543,-20.135795533815145,-9.126260380646775,13.498388382191063,-8.496750085166758,15.764536778736485,1.8557082141812584,14.880571613222523,11.737843041497285,5.187772316504112,7.026567597350309,-2.406473124012133,-31.479358408004945
-24.297633453457635,-32.46305564064099,-1.8141777913806791,7.71221227566995,-14.363782552585464,95.82100499727562,-71.62865308613632,-34.68106788789086,-23.57072809414979,-13.063480733796206,5.975721472713341,-36.48633423161642,19.21450865046435,30.215214766213347,37.70033679626368,1.4889171285715508,41.2508110291369,52.04303119349179,-14.936641262682663,-15.347909474037474,2.0044697117947887,-110.91009807021676,-20.84569023550345,-8.882059649537494,-56.907893702104715,27.288090819978077,-5.823098738502328,15.162354819922836,-65.6890451681796,-21.485265508376422,40.33898890960105,48.37345589819,-3.791935127554308,-60.76265233215324,77.02571185784812,-1.421045440961437,-57.365650555124716,-15.394100750682599,-25.511457402077806,-12.868736908704317,14.166020114733117,-63.03630941380674,10.070813620390165,-1.554725101985658,37.72028909025966,17.004797148927185,-24.74024849359891,16.233561902382405,-29.51379534127343,-3.1859564285787787,-27.77926951733925,-21.845804336891284,-9.858815536790686,-13.63379516144955,4.611086372863463,59.0034966474021
-29.78605654529071,-39.049441293035116,-2.242475996182739,9.366656404816668,-16.96767004305521,114.95939501117199,-86.05138842269083,-41.50251008903983,-28.250341804970542,-15.369668856808257,7.2334556951515125,-43.92870688778692,22.83754758677197,36.932672451141556,45.62355706554858,1.3850119853822105,49.963518624372476,62.817186368102575,-17.182547429619046,-18.59273400966939,2.729298896410543,-133.37224238106862,-24.58561459166043,-9.903325671683744,-68.52365728559656,32.86626014015596,-6.7817514133267345,18.35841898990454,-79.02824171390489,-25.695652966132172,48.37345589819,58.38744956173581,-4.611479697942059,-73.26816176476326,92.3764384927645,-2.1015264565649154,-69.04060619930728,-18.932159544491544,-30.091990304907025,-14.971713597367335,17.038318151396073,-76.01186131492722,11.906951703336606,-1.4223942643460803,45.520092546668394,20.438298631739364,-29.67429012340564,19.939226377519905,-35.49466725273777,-3.383195876124442,-33.21758409417438,-26.62838458986629,-12.04879600008156,-17.372585885227316,5.3671309954495134,70.86868907073426
2.401086910766365,3.1583604484516083,0.17265279286337212,-0.7484777099640696,1.2438379725811202,-8.97163796719605,6.710183058109398,3.278399915522077,2.2551685701273545,1.1041061718368184,-0.4284789797405106,3.52667931905499,-1.7757741829143538,-2.7874164949682796,-3.541577439548435,-0.10884493801561765,-3.8687673075219102,-4.92943847254184,1.3983413300131242,1.4398364766161111,-0.2794849952930224,10.232592957003032,1.924635949292676,0.7368417175336911,5.303485320992981,-2.4222006934750087,0.4509662348624176,-1.3662434311986171,6.17506358287495,2.0042811305081836,-3.791935127554308,-4.611479697942059,0.4198620532830283,5.696667854765303,-7.134825561153772,0.20363613502998537,5.320750270000333,1.4911887235001937,2.2152861417190324,1.0333498854464893,-1.3117302408786744,5.874948637880726,-0.8549656536354672,0.09041815485537082,-3.592312731324198,-1.6272463573961335,2.413088374127137,-1.5386028726980394,2.758440951413288,0.266234979215544,2.5753390863247967,2.039387000435544,0.9812074651424832,1.3868524894217515,-0.3657362215501893,-5.445027186973183
37.41049047606832,49.02859252746371,2.9232925473627915,-11.833710677095509,21.46220851123123,-144.57935609452562,108.25194928897264,52.12455439212074,35.49489749957631,19.567847101261094,-9.270236540093713,55.148068631127124,-28.875201345339402,-46.55967546371074,-57.44023043459903,-1.7809473623554783,-62.85398985705462,-78.9736871488375,21.696162000658262,23.423038595060884,-3.1668499050586494,168.0716854936137,30.996283364525084,12.729801163743357,86.24914611189757,-41.532550320989564,8.661692951122888,-23.160979790979656,99.33459695475914,32.38638016039779,-60.76265233215324,-73.26816176476326,5.696667854765303,92.13970643855275,-116.43518491629786,2.5029222756172063,86.82718634574094,23.83618354730001,38.21310073733163,19.127396613993593,-21.44617321750073,95.7727457375187,-15.121311174829957,1.7417901605296775,-57.18187451850482,-25.67574909180214,37.32275105696235,-25.023117408114572,44.65340029854021,4.315894413137875,41.812856814259284,33.60313832123653,15.053480273120313,21.70216312519161,-6.790536504091605,-89.22631097599077
-46.98982161275849,-62.434641900393466,-3.954537316588319,15.154473206089053,-27.546146013244567,183.57953666458997,-137.38295619422416,-66.27960148959113,-45.24908058117795,-25.479630098450148,11.560486943059333,-70.02572368479842,37.37434136029796,58.19883016209605,72.57789136601308,2.8584118750574308,79.15686071264365,99.88002833926168,-28.977581694249395,-29.60378661122391,3.127285709065986,-213.23063049968505,-40.12535519940365,-17.74060381037077,-109.22394041230399,52.49787037665284,-11.264200241117182,29.10769099168574,-125.7345488198571,-41.43688572956545,77.02571185784812,92.3764384927645,-7.134825561153772,-116.43518491629786,148.33224407777135,-2.4674975247913067,-109.64681835828515,-29.879736170014137,-49.6259105883771,-25.10283086272068,27.14751957275494,-121.43335686221259,19.497653925584906,-2.4716491783308143,72.28490937349746,32.63039946560786,-47.90242054181239,30.97205507244422,-56.58220180650324,-6.199062062538971,-53.25091034624415,-42.348112801489336,-18.744206145675484,-26.059938861105966,8.674211280693257,113.0802869146303
1.3931084092598085,1.1243587349716986,0.020127941128140054,-0.2914374131088776,0.23416807542114748,-3.3033615599804254,2.562186190431657,1.102527805535922,0.7375116031691156,0.05184526377438937,-0.30940082794532037,1.3541619663818254,-0.2945804237840113,-1.7554786288978128,-1.6540958574672768,0.3895210041018838,-1.9234026761744056,-2.155759559606208,-0.40455467195284694,0.6822229377670994,-0.5669954359735392,4.061278258504372,0.2070591585404911,-0.6764396996582029,2.2069780131005974,-1.0912361033094888,-0.014387359338103145,-0.7213689648409707,2.5291515261441404,0.5864490455076298,-1.421045440961437,-2.1015264565649154,0.20363613502998537,2.5029222756172063,-2.4674975247913067,0.5271414267643634,2.307450234096319,0.9383109828612068,0.1939041407666524,-0.11623070354258087,-0.5415136115007162,2.4594111931101637,-0.13907238926818538,-0.29941225436572366,-1.5693383139202972,-0.6001455503121446,0.6802159712313472,-1.1055579984016617,1.1076400742716115,-0.3946084724302536,0.8375647096573331,1.1096330272528447,0.5982473922705487,1.5823465028499033,-0.0405818070313943,-2.1508128064657237
34.89029952422223,45.979454459469345,2.585061448882673,-10.983607175859627,20.39447004925622,-136.33326719761146,102.00918979539787,49.17570162074189,33.3774899238036,18.494151389887723,-8.874871442494024,51.794892171838896,-27.094312163310832,-43.783198947910044,-53.98885794806414,-1.7618709680031808,-59.167236938667784,-74.29381147115357,20.41682172152518,21.997164157148323,-3.0660953638059265,158.40937048979424,29.247556086047048,11.970180333975382,81.27086600283992,-39.25710903858186,8.281226417725348,-21.874758601393502,93.6511594985299,30.46590831188769,-57.365650555124716,-69.04060619930728,5.320750270000333,86.82718634574094,-109.64681835828515,2.307450234096319,82.00646172785703,22.229618182183202,36.07248952051319,18.168931002536464,-20.235735414127006,90.08282050143845,-14.328751617816756,1.934812583700262,-53.80370752843725,-24.142415263756067,34.894712854666224,-23.564277718661025,42.0913040714081,4.128347068576506,39.46462194855001,31.483866813551384,14.14063456595481,20.2261345238772,-6.564128054496259,-84.22370492232214
