V1,V2,V3,V4,V5,V6,V7,V8,V9,V10,V11,V12,V13,V14,V15,V16,V17,V18,V19,V20,V21,V22,V23,V24,V25,V26,V27,V28,V29,V30,V31,V32,V33,V34,V35,V36,V37,V38,V39,V40,V41,V42,V43,V44,V45,V46,V47,V48,V49,V50,V51,V52,V53,V54,V55,V56
2.1324442275773428,0.6923560270954033,0.0696802956147552,-0.33548561886478123,-0.4501833132008396,-1.772546692715444,1.6316571198433285,0.3303988686593608,0.2569282647904776,-0.7193920452006659,-0.43310322945745255,0.9820413047897111,0.48472495647076597,-2.6396874806147084,-1.7932398055923346,1.1941567998023292,-2.194919486258016,-2.0220011639557325,-2.1594856432412715,0.7728344186598847,-1.1898880231164908,2.949670540439744,-0.9737371283057301,-2.330297109938462,1.79611490024127,-0.9920892694971787,-0.4548384940974609,-0.8506376953162151,1.9119023180100707,0.05745368967121541,-0.7475096877941126,-2.002553522463333,0.23088738417205137,2.2640067299911117,-1.147930417558789,1.2714124414853836,1.8934269851390773,1.540378911712586,-1.1902776318507104,-1.1721187835163678,-0.41180794885501754,2.174234799024264,0.32613627257484507,-1.1140989918074895,-1.4502080733363543,-0.3698590256132795,0.140525425569776,-1.7739261352608662,0.8083524237477293,-1.3105374588616425,0.19008664801484526,1.552438352501925,0.8532989701363226,3.32002627484691,0.29473651211525115,-1.4273487374815392
0.6923560270954033,1.206840303767494,0.07012368874614497,-0.2687066526220195,0.6352885237173034,-3.592654921983242,2.647074872770162,1.3387927846572965,0.9081757027909118,0.6254573947418254,-0.1846334642558174,1.3275439636684656,-0.8403504710971889,-0.861843877744596,-1.2730131706485575,-0.2184221464728127,-1.3583880283013696,-1.8124600545237914,0.8884521617864287,0.5134201446271648,0.08937047087638805,4.052041496202079,0.9650313731405202,0.6757781226823313,2.038210662141365,-0.9634048129862732,0.29580349737737294,-0.49440738498789344,2.3684355862246327,0.8547371597411082,-1.5083302733017752,-1.6612474721221022,0.11808954558150732,2.1271618408913437,-2.9367695778447267,-0.11657580086880355,2.037348145291368,0.41550627592263717,1.1902506330693403,0.6784015392653914,-0.5115637625635523,2.239671135333629,-0.4497104262205062,0.20332995851722946,-1.3138720418909196,-0.6305058844238937,0.975669119720093,-0.41100026493693764,1.0723715141399608,0.30297182756991137,1.0852775542380393,0.6739515266440684,0.2777514277401785,0.10175992851670373,-0.22188286258652176,-2.1692932715580238
0.0696802956147552,0.07012368874614497,0.004673475017642708,-0.018752422376397803,0.023024148577232905,-0.20352503408594355,0.15550213197231647,0.07023885144912105,0.04826085171305671,0.018079566781872714,-0.016200415771634502,0.0808241865845211,-0.03250422894620608,-0.08633122499570232,-0.09191024144406781,0.009664738543628596,-0.10277682552688405,-0.12182227498094812,0.0064652581357637975,0.03791967747846439,-0.015702839588648522,0.24571160701129557,0.030169854280722313,-0.006667714174204641,0.12886764299357326,-0.06329680523121449,0.006568198156145463,-0.03825595859392711,0.14673545931887033,0.04231599649952715,-0.08545513639762742,-0.11409864897885498,0.00961554053473425,0.1410584633356154,-0.16140471690305988,0.015857824081555227,0.13035902830970958,0.04624017004902652,0.037432771783225245,0.012949868821280809,-0.0316711961091313,0.14509740579431868,-0.016204305176601385,-0.009165524877873508,-0.08803356871987102,-0.036742668801648865,0.04966830502997609,-0.0498424670434614,0.06548024584770128,-0.00753040476981657,0.0556318243212045,0.0589223790670089,0.027850254325608198,0.06112300266430704,-0.005661423711533973,-0.12889768909721977
-0.33548561886478123,-0.2687066526220195,-0.018752422376397803,0.07881558165104634,-0.05628043209210365,0.7695584548145983,-0.6010519549255725,-0.2522743592271235,-0.1745947019650805,-0.026611295463459163,0.07524846167072684,-0.3185833403255413,0.08612755802283144,0.4159701030986102,0.39445225606779905,-0.08922596085967328,0.4502679977070952,0.5060881420850093,0.08101951713291525,-0.16427581606971378,0.10969486201638862,-0.9673020319771375,-0.0552717994013174,0.1334386623011175,-0.519188785843055,0.2603333850952457,-5.858729866667294e-4,0.16927279815676946,-0.5849729494945125,-0.14507121921975052,0.3234063999148677,0.4794031681586257,-0.043331710675146545,-0.5825221837770865,0.5976999052422707,-0.11384190790588067,-0.5291429539462239,-0.22857067662825295,-0.06931487533859795,0.012088003792151915,0.12622753482950527,-0.5915224068482415,0.03908073125542455,0.08339658287086463,0.3652347984993398,0.14121549648651174,-0.1734864674689891,0.2521535106294589,-0.25888207460457574,0.08761858346556807,-0.1963872290783478,-0.27186624431630874,-0.13431794800937868,-0.3634024526092323,0.005259026782034196,0.5019484721374109
-0.4501833132008396,0.6352885237173034,0.023024148577232905,-0.05628043209210365,0.7169108593070018,-2.0268660358274873,1.3405089270814814,0.9102952360339511,0.6020670045092101,0.8354092416563056,0.05635691824950465,0.5953733400141095,-0.8962078820651249,0.5533502497398209,-0.17117685488726675,-0.7344024750880314,-0.050587771874644374,-0.493078628587923,1.720695389811638,0.04574542379498638,0.6296230703987132,1.8398017255658212,1.225039100016599,1.6316195735239865,0.7787891943701029,-0.30095173190752245,0.4489274491184367,0.005868960423989745,0.98724797503102,0.6531748838796982,-0.8494225219718455,-0.38193424110486063,-0.014416834808088306,0.6299440952788384,-1.7980608422322462,-0.6896001931442169,0.7324940144970689,-0.3925258976582188,1.5058856994140608,1.0900845697570074,-0.21377908768735845,0.7615397730630848,-0.5109705742017907,0.684891339043565,-0.36475217230855217,-0.328099802510308,0.710345535140892,0.5056631205894608,0.4738991862739363,0.8563062008770483,0.774412420153656,-0.19251792856920089,-0.17953788889129738,-1.4775821223043781,-0.31497394599204437,-1.0562541081665244
-1.772546692715444,-3.592654921983242,-0.20352503408594355,0.7695584548145983,-2.0268660358274873,10.744088099368929,-7.86205865349794,-4.0586527073502445,-2.7475589204697144,-2.0410922703292864,0.4955043676039056,-3.9155056508758688,2.6621279353485567,2.2094433232359036,3.613233601906461,0.8694956687598954,3.8090073976202525,5.232748325077262,-3.0881925329257034,-1.4489783047490086,-0.4718613029669467,-11.959772417745672,-3.1267156812062105,-2.463019413517192,-5.964016253488699,2.79537458429439,-0.9844941892134625,1.3778426597620248,-6.959548592308857,-2.616463127563096,4.510378212454819,4.771677721507419,-0.3244644046746458,-6.159677525047256,8.832188056183256,0.5692904930762541,-5.945582455370691,-1.0204318209316772,-3.8545167277245604,-2.279054345136854,1.5034104674486748,-6.519863740862181,1.435917814476122,-0.8102487450441023,3.7959055963147823,1.8757092707160494,-2.973877859292657,0.9682322911109625,-3.1605995692575117,-1.1485427717916479,-3.3029857743548976,-1.8125259967234166,-0.711672583973957,0.23892242902636798,0.7309275347914794,6.428232377645588
1.6316571198433285,2.647074872770162,0.15550213197231647,-0.6010519549255725,1.3405089270814814,-7.86205865349794,5.813955016355921,2.908268961653366,1.9748427494312917,1.3015463669972704,-0.42647430863314173,2.926310437197359,-1.780037400938163,-2.0304802110786055,-2.861691248723449,-0.3930378749691668,-3.0721124171700938,-4.039794129342948,1.7745033744986312,1.1573621269426817,0.11477810753143604,8.92922036400849,2.017142015811158,1.3047254422028278,4.5118914558475804,-2.142070444272622,0.6081707044069176,-1.1215851976402254,5.2315664629012275,1.846574729869348,-3.301114019655598,-3.7126928638697865,0.2696786356739197,4.7342756012352325,-6.406799504788657,-0.16832050291834225,4.516643907567579,0.9961947513089994,2.4885114955342122,1.386215899028713,-1.1299108226207186,4.970722541721401,-0.9483648362363065,0.36601076919097936,-2.9275051939210965,-1.3835485145791462,2.1125044646238473,-1.002021886930976,2.3649620882645417,0.5677007557624669,2.3524606430215216,1.5542458542007105,0.6545798024740992,0.436027004796689,-0.45933717555765635,-4.770601653856282
0.3303988686593608,1.3387927846572965,0.07023885144912105,-0.2522743592271235,0.9102952360339511,-4.0586527073502445,2.908268961653366,1.5957127087701226,1.0741136594818366,0.9657402052752425,-0.1224022777916832,1.417163711150395,-1.1759754553450374,-0.4152037216845764,-1.1442385658348222,-0.5750468335329948,-1.1500915870704052,-1.7631032350897151,1.6586251885474983,0.44896225786353694,0.41197013603228405,4.337863494171266,1.4557481238752485,1.4349401398525254,2.1032241232461995,-0.9580948145194685,0.48568967868756246,-0.4055768096593112,2.4882216571982676,1.0573788349664006,-1.7031956556071546,-1.5784832681624605,0.08987294568305394,2.096828401342046,-3.393433632673804,-0.4667574669195898,2.0777484315096992,0.13255049692063708,1.7927402832996557,1.1463275336050684,-0.5377304176737343,2.2604085767381115,-0.6462238720118069,0.5360917424593192,-1.2820334838076077,-0.6974290667836378,1.1879618921172332,-0.06817517294072449,1.1410443444085443,0.710402836824005,1.3131394324171028,0.45363660828213914,0.13317651321698504,-0.7095705095344957,-0.3526711556868708,-2.360679858907058
0.2569282647904776,0.9081757027909118,0.04826085171305671,-0.1745947019650805,0.6020670045092101,-2.7475589204697144,1.9748427494312917,1.0741136594818366,0.7236220302256995,0.6347540754596043,-0.0891698322684944,0.9654743728760417,-0.7795013260130116,-0.3221157270414465,-0.7962339671922203,-0.36516598620200197,-0.8068249423617934,-1.2144813955197984,1.0747636928727908,0.3135787296191398,0.25609857264426616,2.9542249283215427,0.9586527094254226,0.9221341193958916,1.4384626625739894,-0.6581523995572082,0.3176527040634889,-0.2857875895689761,1.6981944033782856,0.7090935142565113,-1.1530344569456543,-1.0904696320671539,0.06404088464072095,1.441973255563262,-2.291729043035745,-0.2913772608652818,1.4229611217915263,0.11452709989178025,1.1807428626607164,0.7481204181488315,-0.36697261069483056,1.5500915427420332,-0.42731986104544234,0.3403425012948466,-0.8827625810875487,-0.47323979016147677,0.7979879837564283,-0.07523825956996799,0.7776204024617012,0.45388010779665217,0.8825470143442103,0.329749112476355,0.10341996305857866,-0.41977140194828255,-0.2312189033968566,-1.6046867704015415
-0.7193920452006659,0.6254573947418254,0.018079566781872714,-0.026611295463459163,0.8354092416563056,-2.0410922703292864,1.3015463669972704,0.9657402052752425,0.6347540754596043,0.9941225812823304,0.10763868830021918,0.5510213634097676,-1.0363010186234751,0.8863747797799267,7.416398876693301e-4,-0.9330768274539083,0.17567940803362664,-0.3289624880698025,2.119029334023429,-0.031115868667697538,0.8175878967901554,1.7115091183055335,1.4491918829425394,2.039152103274793,0.6667755434713175,-0.2262227605012836,0.5413599388355981,0.09611470784666988,0.8836615831510599,0.7119649187854125,-0.854840041435674,-0.20874647331510132,-0.040173381216182684,0.45383456757303836,-1.8555574028703552,-0.8920088679067054,0.6055110060850717,-0.5936751690226075,1.7807645103606713,1.3217385938917794,-0.19157633267388224,0.6080756614463998,-0.5960193275345772,0.8700822445171504,-0.24813379842734562,-0.3216954071179953,0.7661649061864955,0.7427871146368743,0.43571769121953674,1.0793568563544786,0.8311808078897246,-0.3751069464961667,-0.287273513658105,-1.9739761393899962,-0.37720012216639276,-1.0105552036926952
-0.43310322945745255,-0.1846334642558174,-0.016200415771634502,0.07524846167072684,0.05635691824950465,0.4955043676039056,-0.42647430863314173,-0.1224022777916832,-0.0891698322684944,0.10763868830021918,0.09000373651586131,-0.24470790251165156,-0.05380098238276299,0.5364698130699591,0.3952523250806749,-0.21539993944096897,0.47488096196204316,0.46261385401842087,0.3674694489863242,-0.16875474454949158,0.2204870150202103,-0.7380513659228878,0.14036283629986995,0.40925146459766626,-0.43017364012267123,0.2303529081142726,0.0724858621029753,0.18262446725235512,-0.46686421810409123,-0.049142858594899884,0.2086995220059595,0.4522357768327202,-0.04883839353958739,-0.5224254085845399,0.34816973299111703,-0.2345680415522745,-0.4485817384368197,-0.309062439874553,0.1711326764244518,0.19062185566493786,0.10062564551333698,-0.5104416526941915,-0.04132686504311843,0.2008747644275782,0.3324295012676122,0.09802118307545261,-0.07014890974779008,0.35301305721207826,-0.20056685567941146,0.23357047945220152,-0.08455365492900528,-0.3229387103183011,-0.17339271969059525,-0.6306730112989462,-0.045572324410213534,0.36656064187807463
0.9820413047897111,1.3275439636684656,0.0808241865845211,-0.3185833403255413,0.5953733400141095,-3.9155056508758688,2.926310437197359,1.417163711150395,0.9654743728760417,0.5510213634097676,-0.24470790251165156,1.4883533690579331,-0.8015306748641889,-1.2206524733875537,-1.5354185308430195,-0.07262769083372288,-1.674181943190535,-2.1185994568054407,0.6381506088347084,0.6255471352057315,-0.05945592345111835,4.536902018840363,0.8675087263333869,0.3979771042101822,2.321802461939174,-1.1156560636920936,0.24606061502933682,-0.6159375864825192,2.675736220221964,0.8852312863172506,-1.6443247492027777,-1.9608567572579425,0.15063323276138413,2.4726356237567626,-3.162360741401159,0.041821040543706375,2.3333439296838745,0.6224657146967063,1.0713069506480375,0.5478933796224603,-0.5777942164893217,2.5767273963575694,-0.42048978567069795,0.06736737143002326,-1.5338256894421842,-0.6946181741377446,1.0199467741894637,-0.6475850751246703,1.2042212847919829,0.1446762373152551,1.1389241405033268,0.8894689652784331,0.3937248046434663,0.5263648366816579,-0.19049936105644288,-2.4096239916192976
0.48472495647076597,-0.8403504710971889,-0.03250422894620608,0.08612755802283144,-0.8962078820651249,2.6621279353485567,-1.780037400938163,-1.1759754553450374,-0.7795013260130116,-1.0363010186234751,-0.05380098238276299,-0.8015306748641889,1.1239178062071353,-0.5952877060737846,0.294113991340002,0.8872926015880055,0.15697909084504705,0.7146621932369409,-2.105966637061386,-0.09099051489765014,-0.7539151209951028,-2.47297936212071,-1.5229972933258409,-1.9851137268883188,-1.0698408855832724,0.4259043602324785,-0.5539330550548843,0.0282699368341416,-1.3407641060911524,-0.8363730565239741,1.1157630000483214,0.5718013164857695,0.008681140676350889,-0.8994703018446844,2.3439626212814972,0.8269033430609205,-1.0146416690763684,0.4361150784889586,-1.8725003099926023,-1.3423311926670372,0.290231180490524,-1.0638993852444503,0.6385945117111556,-0.8272415851728807,0.5267269262803534,0.4344724708072421,-0.9130317797845009,-0.5709417712824515,-0.6390113365118935,-1.038053591480856,-0.9966219372916632,0.18028203695102782,0.1933043503533361,1.746565719865789,0.3895864664195516,1.4084376953401694
-2.6396874806147084,-0.861843877744596,-0.08633122499570232,0.4159701030986102,0.5533502497398209,2.2094433232359036,-2.0304802110786055,-0.4152037216845764,-0.3221157270414465,0.8863747797799267,0.5364698130699591,-1.2206524733875537,-0.5952877060737846,3.267862516298045,2.2233288199531533,-1.4753094885027729,2.7204623414033784,2.5088763797983455,2.6656246442009386,-0.9580002685969562,1.4708713469746693,-3.6669673094957345,1.1991332614295476,2.8779194622244844,-2.2307828021627643,1.2314328894031021,0.5608329106738517,1.0541946712168628,-2.375655315489193,-0.07520695388829972,0.9318006129924103,2.4842227447847534,-0.2860420768338684,-2.8097495638769807,1.4337139669676862,-1.5713883514779872,-2.3512747810185295,-1.9063772449508438,1.4658065762068084,1.44580399761095,0.5117097680510493,-2.6991223259412376,-0.40097979070169854,1.376202680172224,1.7994913371682733,0.46037981778587167,-0.17834853273289172,2.1953123478404866,-1.0047635869199156,1.6188076808464542,-0.24044070495790462,-1.9225856460806867,-1.0563817344778317,-4.105224920192726,-0.36318654492098507,1.7756066169627784
-1.7932398055923346,-1.2730131706485575,-0.09191024144406781,0.39445225606779905,-0.17117685488726675,3.613233601906461,-2.861691248723449,-1.1442385658348222,-0.7962339671922203,7.416398876693301e-4,0.3952523250806749,-1.5354185308430195,0.294113991340002,2.2233288199531533,1.9940037618792492,-0.5778748842758019,2.300185943763088,2.5136493129427047,0.6979809757757385,-0.8345778023599527,0.6661686821124692,-4.657431917337165,-0.08233808567668405,0.9522627918880282,-2.5341196728539312,1.285517955177006,0.07051762821697478,0.8689258299770742,-2.837401690290813,-0.6364310802314546,1.519058352727846,2.3954515105131646,-0.22451040442604983,-2.8833492192219774,2.7690615642490863,-0.6968829075155818,-2.593241079974068,-1.235831915201891,-0.10807624215214046,0.24081006720062179,0.612157109284396,-2.90737904196645,0.11657223925115823,0.5393217983632835,1.8126512054265607,0.6700959337067811,-0.7722882156376686,1.3758642550169942,-1.2495873995207762,0.5897100094247004,-0.8799267873015526,-1.4250368742362085,-0.7181283001427655,-2.1054035528039994,-0.02439633500970014,2.400490339113039
1.1941567998023292,-0.2184221464728127,0.009664738543628596,-0.08922596085967328,-0.7344024750880314,0.8694956687598954,-0.3930378749691668,-0.5750468335329948,-0.36516598620200197,-0.9330768274539083,-0.21539993944096897,-0.07262769083372288,0.8872926015880055,-1.4753094885027729,-0.5778748842758019,1.0428547268809143,-0.830644348531669,-0.4188906554266202,-2.1904773028775435,0.27077611415596375,-0.960006420363322,-0.2579581252103866,-1.3360632796481302,-2.1891150166863165,0.10780677388755686,-0.1597988935384341,-0.528422727327604,-0.34169656282718663,-0.007943014036916293,-0.48387125926095553,0.3624966077176566,-0.4974648336101624,0.10268334879421966,0.4087057805829606,0.9397025331351395,1.0387550545439124,0.1823803795727015,0.9148328020658847,-1.6397448855998458,-1.3100016406179609,0.0025873320762656734,0.2709545465998132,0.5255556103697109,-0.9726143564304534,-0.29182948749144655,0.10791010592188231,-0.4953816816981782,-1.0952562383783324,-0.047181325643467775,-1.183542810128184,-0.5252790423052692,0.7644945670155113,0.47743327227722143,2.4617667071771443,0.36103893244980945,0.2534862424014982
-2.194919486258016,-1.3583880283013696,-0.10277682552688405,0.4502679977070952,-0.050587771874644374,3.8090073976202525,-3.0721124171700938,-1.1500915870704052,-0.8068249423617934,0.17567940803362664,0.47488096196204316,-1.674181943190535,0.15697909084504705,2.7204623414033784,2.300185943763088,-0.830644348531669,2.6841616521558995,2.841638037546574,1.1777766234489775,-0.9681386437620813,0.91225811491573106,-5.071404369777665,0.1598575050413633,1.4570656352547484,-2.805873860430525,1.443093938670382,0.17651770722743315,1.0192249932506403,-3.1176015039696043,-0.6089077883405193,1.601967628586622,2.7264873118459705,-0.26603579893095625,-3.2461688402705935,2.867793786877433,-0.9607198979611534,-2.8849103818071242,-1.5298684439135979,0.18849833153895554,0.5101905317959128,0.6724472628236378,-3.2466937854384113,0.02966684444001461,0.7750217067807986,2.0472607637556353,0.716379673567988,-0.7560277658035243,1.7176938549034209,-1.3647943882926972,0.8700287486597591,-0.868858139988004,-1.7096897539675138,-0.8788822262967573,-2.77567439704982,-0.09442485583983974,2.5913198947120746
-2.0220011639557325,-1.8124600545237914,-0.12182227498094812,0.5060881420850093,-0.493078628587923,5.232748325077262,-4.039794129342948,-1.7631032350897151,-1.2144813955197984,-0.3289624880698025,0.46261385401842087,-2.1185994568054407,0.7146621932369409,2.5088763797983455,2.5136493129427047,-0.4188906554266202,2.841638037546574,3.2782170625546505,0.1767830316184912,-1.0418432766896324,0.5685948739402448,-6.439800072639209,-0.5847327332081249,0.5238915091914282,-3.4161527872171638,1.6958009549286703,-0.09076711123145507,1.0636073236724612,-3.870512709238347,-1.0386285384579217,2.198866795672969,3.089348248848205,-0.26971630924995194,-3.7857854706223053,4.106823307523584,-0.5825752292006579,-3.4704138520158607,-1.3609965407200153,-0.7271961559872091,-0.13503554371882645,0.8353563511789411,-3.8672079464030493,0.3447676600692562,0.39112846257849404,2.3676266013001332,0.9515674652438031,-1.2278454327042732,1.488121766702762,-1.7200122484485916,0.38527573406946497,-1.3852108808262313,-1.672074596849394,-0.810043104358779,-1.9992651927680187,0.09445751358838565,3.361800002489605
-2.1594856432412715,0.8884521617864287,0.0064652581357637975,0.08101951713291525,1.720695389811638,-3.0881925329257034,1.7745033744986312,1.6586251885474983,1.0747636928727908,2.119029334023429,0.3674694489863242,0.6381506088347084,-2.105966637061386,2.6656246442009386,0.6979809757757385,-2.1904773028775435,1.1777766234489775,0.1767830316184912,4.760059239860427,-0.3577879238308927,1.9752135868741116,2.0210846673040237,3.059893693682245,4.678638016028018,0.5360317719117007,-0.0331572907260864,1.1784133674140547,0.508333835885712,0.8923393551355692,1.2951382901319655,-1.2913460383789315,0.3917448512157308,-0.1640313545356305,-0.039785440012848707,-2.987639225507559,-2.1445254512739265,0.38477410365042547,-1.6968836437084007,3.7575937692564314,2.9011099554050994,-0.19449929863499726,0.2805929689763337,-1.2295724858060582,2.042712926842026,0.10423116098211571,-0.45159659754449577,1.3632383529272345,2.0636319948028694,0.49220937091356015,2.5063812920843227,1.464158465976561,-1.2971361244372668,-0.8630757661003273,-4.942426863769108,-0.8124201644502146,-1.3153752750001264
0.7728344186598847,0.5134201446271648,0.03791967747846439,-0.16427581606971378,0.04574542379498638,-1.4489783047490086,1.1573621269426817,0.44896225786353694,0.3135787296191398,-0.031115868667697538,-0.16875474454949158,0.6255471352057315,-0.09099051489765014,-0.9580002685969562,-0.8345778023599527,0.27077611415596375,-0.9681386437620813,-1.0418432766896324,-0.3577879238308927,0.35026362663640015,-0.30413560412445617,1.8962286425556856,-0.010450059349647933,-0.46173287730515067,1.0399364566878773,-0.5310107310812102,-0.046294573813005446,-0.3666458596267493,1.1601420136187552,0.24430515973679412,-0.6092683305048066,-0.9960896176426521,0.09520927175107907,1.1926958755803982,-1.1014352952711708,0.31930773327685713,1.0665662628616748,0.5356420643454187,-0.009947951003689521,-0.14174796690775457,-0.2502666782214506,1.1979869469174536,-0.030316701227987852,-0.2527030844041474,-0.7509576289173552,-0.2704867934850264,0.29949749927741354,-0.5988548486017988,0.5094832483531659,-0.2802607001544745,0.34251212830818356,0.6080549655026871,0.30945930397716576,0.9423518525948732,0.021909425550430146,-0.9733472018935524
-1.1898880231164908,0.08937047087638805,-0.015702839588648522,0.10969486201638862,0.6296230703987132,-0.4718613029669467,0.11477810753143604,0.41197013603228405,0.25609857264426616,0.8175878967901554,0.2204870150202103,-0.05945592345111835,-0.7539151209951028,1.4708713469746693,0.6661686821124692,-0.960006420363322,0.91225811491573106,0.5685948739402448,1.9752135868741116,-0.30413560412445617,0.8946669143412356,-0.14759020606729287,1.1639714213437256,1.9944617052572102,-0.29774206553998306,0.24317738465625663,0.46858221838239156,0.36910492639572334,-0.22072237663292907,0.3729341496086236,-0.19563951779659028,0.6280690052148679,-0.10796882591393794,-0.589412534871402,-0.6012695938189315,-0.9660074117973448,-0.3679687485535169,-0.9005114358140118,1.4280258049856152,1.167041815354847,0.04685895713980921,-0.4704945578367659,-0.45109041689404294,0.8952104422484813,0.40107050734723176,-0.040813947145655595,0.3722554551594887,1.0699879982368592,-0.0589196286733749,1.0842393149207592,0.3895920461174864,-0.7839870166384125,-0.475907301310848,-2.325659136989837,-0.3181771275819698,-0.029430313300802168
2.949670540439744,4.052041496202079,0.24571160701129557,-0.9673020319771375,1.8398017255658212,-11.959772417745672,8.92922036400849,4.337863494171266,2.9542249283215427,1.7115091183055335,-0.7380513659228878,4.536902018840363,-2.47297936212071,-3.6669673094957345,-4.657431917337165,-0.2579581252103866,-5.071404369777665,-6.439800072639209,2.0210846673040237,1.8962286425556856,-0.14759020606729287,13.831309402249374,2.6899195251052537,1.289256455272362,7.069894232829562,-3.393447021330226,0.7682857176378364,-1.864567346000176,8.152356502416344,2.7139049031324034,-5.022527100848119,-5.95661403712694,0.45530746298078456,7.5188927938531585,-9.667437697807564,0.09093337506509959,7.102642054221852,1.8640803508166026,3.3214167451226526,1.7152810701474317,-1.7604443282873874,7.840644338225456,-1.2995674202412146,0.23969034708073728,-4.662718273069053,-2.1200031653509455,3.124549784200643,-1.9345023866048672,3.6704991851467375,0.48237697051367084,3.488390042960303,2.6828437800011313,1.1827631645243792,1.5170341930656688,-0.5932043635087418,-7.3502730056296395
-0.9737371283057301,0.9650313731405202,0.030169854280722313,-0.0552717994013174,1.225039100016599,-3.1267156812062105,2.017142015811158,1.4557481238752485,0.9586527094254226,1.4491918829425394,0.14036283629986995,0.8675087263333869,-1.5229972933258409,1.1991332614295476,-0.08233808567668405,-1.3360632796481302,0.1598575050413633,-0.5847327332081249,3.059893693682245,-0.010450059349647933,1.1639714213437256,2.6899195251052537,2.116073993446924,2.932798795110084,1.0780657220854777,-0.3835899889122641,0.7862526375782115,0.10374872504240759,1.4069458656758265,1.0645203459645254,-1.3097711547936914,-0.40456163345527235,-0.0491708807616648,0.7822598495830841,-2.820876139190173,-1.2712046450277192,0.991260774737083,-0.8137783996508312,2.600503086141988,1.9167535530241235,-0.30489882769397725,1.0080825107058502,-0.8737567935822063,1.2458803743611342,-0.43757518990688243,-0.49700161651226255,1.1491877302480442,1.0252543222172323,0.6874807650883775,1.5488096852455526,1.2485229641656976,-0.4872297744738901,-0.38873563197206745,-2.7895746500245613,-0.548883989659557,-1.5736548831109183
-2.330297109938462,0.6757781226823313,-0.006667714174204641,0.1334386623011175,1.6316195735239865,-2.463019413517192,1.3047254422028278,1.4349401398525254,0.9221341193958916,2.039152103274793,0.40925146459766626,0.3979771042101822,-1.9851137268883188,2.8779194622244844,0.9522627918880282,-2.1891150166863165,1.4570656352547484,0.5238915091914282,4.678638016028018,-0.46173287730515067,1.9944617052572102,1.289256455272362,2.932798795110084,4.636096148414723,0.15911459929784952,0.14905012408446866,1.1438397334735737,0.6114571257217774,0.4592620462681643,1.1566874340581474,-1.028754803312101,0.7141420969468861,-0.18943751711268786,-0.4441305215414227,-2.485142148977508,-2.161664571960448,0.0051937692837310135,-1.806724067659257,3.6005568906916268,2.8254858086690473,-0.10098824593417095,-0.1391735503313224,-1.1667441850117912,2.041445452859652,0.3554227599764377,-0.34024084564685586,1.20314166441979,2.179395924096126,0.29774198121658885,2.4947673271681143,1.2850245516022454,-1.4487024524954257,-0.9315746143372753,-5.052168954475572,-0.7851519648182731,-0.9278163650976808
1.79611490024127,2.038210662141365,0.12886764299357326,-0.519188785843055,0.7787891943701029,-5.964016253488699,4.5118914558475804,2.1032241232461995,1.4384626625739894,0.6667755434713175,-0.43017364012267123,2.321802461939174,-1.0698408855832724,-2.2307828021627643,-2.5341196728539312,0.10780677388755686,-2.805873860430525,-3.4161527872171638,0.5360317719117007,1.0399364566878773,-0.29774206553998306,7.069894232829562,1.0780657220854777,0.15911459929784952,3.6691230404667503,-1.786078923189759,0.2740206434661372,-1.04000121341823,4.20036914032753,1.28717912467213,-2.505218170347991,-3.185246131389858,0.2583990809839369,3.9700381655819004,-4.7661817473255645,0.28670444518849736,3.7032385565750965,1.172055435184686,1.3334534887196843,0.5816995444534161,-0.9068391428672645,4.1040639481149475,-0.5485320555568849,-0.10098547994549432,-2.4708102055577474,-1.067854433761131,1.4961751814355306,-1.2500332188436307,1.881095623948005,-0.02461355802624566,1.6768445110173007,1.5593845309729482,0.7198960098423013,1.3503369993890457,-0.22242685494902745,-3.730240821723248
-0.9920892694971787,-0.9634048129862732,-0.06329680523121449,0.2603333850952457,-0.30095173190752245,2.79537458429439,-2.142070444272622,-0.9580948145194685,-0.6581523995572082,-0.2262227605012836,0.2303529081142726,-1.1156560636920936,0.4259043602324785,1.2314328894031021,1.285517955177006,-0.1597988935384341,1.443093938670382,1.6958009549286703,-0.0331572907260864,-0.5310107310812102,0.24317738465625663,-3.393447021330226,-0.3835899889122641,0.14905012408446866,-1.786078923189759,0.8805326451524257,-0.07802119442058927,0.5383861339693206,-2.0311416435933562,-0.5727098578812975,1.1745152150511973,1.592245522925624,-0.13559956442539597,-1.9627188832554663,2.2086182038450253,-0.24593224341059639,-1.810326247724012,-0.6613831622050628,-0.47576977176071095,-0.14616848015893075,0.4384252739947728,-2.0132859429525087,0.21110459082723995,0.14919853801126,1.2253812622972184,0.5054302320233497,-0.6725827854092749,0.7177808641009606,-0.9051197929801342,0.13408406342291637,-0.7569630691443354,-0.8332393935581635,-0.3975395306728236,-0.9073419165454482,0.0703580052092748,1.778374800712215
-0.4548384940974609,0.29580349737737294,0.006568198156145463,-5.858729866667294e-4,0.4489274491184367,-0.9844941892134625,0.6081707044069176,0.48568967868756246,0.3176527040634889,0.5413599388355981,0.0724858621029753,0.24606061502933682,-0.5539330550548843,0.5608329106738517,0.07051762821697478,-0.528422727327604,0.17651770722743315,-0.09076711123145507,1.1784133674140547,-0.046294573813005446,0.46858221838239156,0.7682857176378364,0.7862526375782115,1.1438397334735737,0.2740206434661372,-0.07802119442058927,0.29728754018504094,0.08287004440128429,0.3814859829048427,0.3653092910703898,-0.41213900882379906,-0.029496961647300597,-0.029769104380973774,0.14579938522274732,-0.9130728986059167,-0.510226933263026,0.23863080522382124,-0.36676712898597824,0.9658857206606686,0.72821290512101,-0.08281188207000148,0.22889315744093158,-0.320466517918225,0.492819229688503,-0.0714017647540491,-0.15161639642662078,0.3900031403805908,0.4528302658846525,0.1933521809479666,0.608487232543961,0.42169883903257205,-0.2543925752227641,-0.18167244260443172,-1.1489416783499464,-0.20629272621288308,-0.4659501714425612
-0.8506376953162151,-0.49440738498789344,-0.03825595859392711,0.16927279815676946,0.005868960423989745,1.3778426597620248,-1.1215851976402254,-0.4055768096593112,-0.2857875895689761,0.09611470784666988,0.18262446725235512,-0.6159375864825192,0.0282699368341416,1.0541946712168628,0.8689258299770742,-0.34169656282718663,1.0192249932506403,1.0636073236724612,0.508333835885712,-0.3666458596267493,0.36910492639572334,-1.864567346000176,0.10374872504240759,0.6114571257217774,-1.04000121341823,0.5383861339693206,0.08287004440128429,0.387905274115879,-1.1512831840635673,-0.2087091318054773,0.5796042622531279,1.023727779598176,-0.10169889444709117,-1.212704170234896,1.0278032073280112,-0.3896145071169059,-1.0717208637899307,-0.5956585457290332,0.12449984209672105,0.23227394297575696,0.24829619987063042,-1.2082558670027106,-0.0066228085917349805,0.3187665394444301,0.7659473539278185,0.2609902932696746,-0.262636347443676,0.6711075305982713,-0.5025328464082119,0.36095561312793406,-0.3033593705990998,-0.6570513693397116,-0.3406036027383765,-1.1075884898081425,-0.046935650113877424,0.9486830260863266
1.9119023180100707,2.3684355862246327,0.14673545931887033,-0.5849729494945125,0.98724797503102,-6.959548592308857,5.2315664629012275,2.4882216571982676,1.6981944033782856,0.8836615831510599,-0.46686421810409123,2.675736220221964,-1.3407641060911524,-2.375655315489193,-2.837401690290813,-0.007943014036916293,-3.1176015039696043,-3.870512709238347,0.8923393551355692,1.1601420136187552,-0.22072237663292907,8.152356502416344,1.4069458656758265,0.4592620462681643,4.20036914032753,-2.0311416435933562,0.3814859829048427,-1.1512831840635673,4.825152290955851,1.5394364236153786,-2.923074304106362,-3.595431038420474,0.28379663242889325,4.507966982976486,-5.592643205241482,0.19805588775072588,4.230183243715392,1.2304814168498621,1.7386064751176034,0.8335846773389344,-1.0418391967646972,4.679241750996785,-0.6963904977992179,0.006961659389811896,-2.8008498233172774,-1.240054634769261,1.7808740701702257,-1.2973040436219545,2.1664048825711815,0.12125642770590235,1.9922288515695796,1.6943269083341428,0.7664859249332331,1.239831762459144,-0.30110298745500585,-4.316238468565344
0.05745368967121541,0.8547371597411082,0.04231599649952715,-0.14507121921975052,0.6531748838796982,-2.616463127563096,1.846574729869348,1.0573788349664006,0.7090935142565113,0.7119649187854125,-0.049142858594899884,0.8852312863172506,-0.8363730565239741,-0.07520695388829972,-0.6364310802314546,-0.48387125926095553,-0.6089077883405193,-1.0386285384579217,1.2951382901319655,0.24430515973679412,0.3729341496086236,2.7139049031324034,1.0645203459645254,1.1566874340581474,1.28717912467213,-0.5727098578812975,0.3653092910703898,-0.2087091318054773,1.5394364236153786,0.7133616464244559,-1.0976589024128338,-0.914743995099554,0.042936667311266045,1.246181818563963,-2.2138884499882026,-0.41643552075305895,1.2621694085493955,-0.03054043527203061,1.3102858874879086,0.8699847402056953,-0.33279286202669117,1.3643628318901388,-0.4642322505252574,0.4510515473759291,-0.7567958114880686,-0.4445210632555676,0.79559327326534,0.09263928860654569,0.71131806100535,0.5848880548397507,0.8765484904048254,0.1864831213644182,0.02359102527006563,-0.7416323597702362,-0.26243463676696854,-1.4907778830077185
-0.7475096877941126,-1.5083302733017752,-0.08545513639762742,0.3234063999148677,-0.8494225219718455,4.510378212454819,-3.301114019655598,-1.7031956556071546,-1.1530344569456543,-0.854840041435674,0.2086995220059595,-1.6443247492027777,1.1157630000483214,0.9318006129924103,1.519058352727846,0.3624966077176566,1.601967628586622,2.198866795672969,-1.2913460383789315,-0.6092683305048066,-0.19563951779659028,-5.022527100848119,-1.3097711547936914,-1.028754803312101,-2.505218170347991,1.1745152150511973,-0.41213900882379906,0.5796042622531279,-2.923074304106362,-1.0976589024128338,1.8934923696861767,2.0054616510427503,-0.1365423199055378,-2.588190722323631,3.707114194996464,0.23640056547834717,-2.4977268667877723,-0.43091385122276005,-1.6146447649463718,-0.9538219686314414,0.6314460188452479,-2.7390533348859303,0.6017375638123532,-0.3378575784120016,1.5950625047940459,0.787523531564318,-1.2476941443476626,0.40952239179557565,-1.3273618753453629,-0.4793247087480266,-1.3859297466391205,-0.7632147800452789,-0.30015096912682804,0.09397803469813797,0.30609448770289965,2.699287888549447
-2.002553522463333,-1.6612474721221022,-0.11409864897885498,0.4794031681586257,-0.38193424110486063,4.771677721507419,-3.7126928638697865,-1.5784832681624605,-1.0904696320671539,-0.20874647331510132,0.4522357768327202,-1.9608567572579425,0.5718013164857695,2.4842227447847534,2.3954515105131646,-0.4974648336101624,2.7264873118459705,3.089348248848205,0.3917448512157308,-0.9960896176426521,0.6280690052148679,-5.95661403712694,-0.40456163345527235,0.7141420969468861,-3.185246131389858,1.592245522925624,-0.029496961647300597,1.023727779598176,-3.595431038420474,-0.914743995099554,2.0054616510427503,2.922101495839439,-0.2612593510158557,-3.5599452740016373,3.718136022536202,-0.6491551935921952,-3.2435062273820066,-1.359435199137799,-0.5053610487963772,0.010545981610865727,0.7758993829990419,-3.621186689164007,0.2657750345687147,0.4642653546478389,2.230119814507889,0.8729082880250347,-1.0892634601470959,1.496399170431242,-1.5932269566609356,0.48085506865476635,-1.2325241911896914,-1.632866927923452,-0.8022110887346054,-2.1131389788596664,0.05034263211317822,3.0972920679520195
0.23088738417205137,0.11808954558150732,0.00961554053473425,-0.043331710675146545,-0.014416834808088306,-0.3244644046746458,0.2696786356739197,0.08987294568305394,0.06404088464072095,-0.040173381216182684,-0.04883839353958739,0.15063323276138413,0.008681140676350889,-0.2860420768338684,-0.22451040442604983,0.10268334879421966,-0.26603579893095625,-0.26971630924995194,-0.1640313545356305,0.09520927175107907,-0.10796882591393794,0.45530746298078456,-0.0491708807616648,-0.18943751711268786,0.2583990809839369,-0.13559956442539597,-0.029769104380973774,-0.10169889444709117,0.28379663242889325,0.042936667311266045,-0.1365423199055378,-0.2612593510158557,0.026895125562884106,0.3063021976462791,-0.23690727602438777,0.1144255831620511,0.26752751370486494,0.1630663292661717,-0.05964572451219097,-0.08041080143076892,-0.06119027534839625,0.30278508765697476,0.010911596991106096,-0.09580014064813695,-0.19405910795631456,-0.06246528807592714,0.05604357493706899,-0.18484709993163415,0.12310603185044872,-0.10991503686156795,0.06554314722091999,0.1755528683492068,0.09243060001258294,0.31662510402271776,0.017955791475133084,-0.22949320127146994
2.2640067299911117,2.1271618408913437,0.1410584633356154,-0.5825221837770865,0.6299440952788384,-6.159677525047256,4.7342756012352325,2.096828401342046,1.441973255563262,0.45383456757303836,-0.5224254085845399,2.4726356237567626,-0.8994703018446844,-2.8097495638769807,-2.8833492192219774,0.4087057805829606,-3.2461688402705935,-3.7857854706223053,-0.039785440012848707,1.1926958755803982,-0.589412534871402,7.5188927938531585,0.7822598495830841,-0.4441305215414227,3.9700381655819004,-1.9627188832554663,0.14579938522274732,-1.212704170234896,4.507966982976486,1.246181818563963,-2.588190722323631,-3.5599452740016373,0.3063021976462791,4.377682091586201,-4.853732303449094,0.5996574343180613,4.027651601578558,1.5154651861753785,0.9711651640828374,0.2566082578907742,-0.9730042810144777,4.4828625226704775,-0.44135797425549567,-0.3816142964695247,-2.735028798044935,-1.1162989900155686,1.467330127837835,-1.6499140597197506,2.0065925581516444,-0.3589024852275341,1.6529749417562667,1.8891340237735659,0.9071139125288598,2.141469127570756,-0.13743221371180567,-3.9341906084491836
-1.147930417558789,-2.9367695778447267,-0.16140471690305988,0.5976999052422707,-1.7980608422322462,8.832188056183256,-6.406799504788657,-3.393433632673804,-2.291729043035745,-1.8555574028703552,0.34816973299111703,-3.162360741401159,2.3439626212814972,1.4337139669676862,2.7690615642490863,0.9397025331351395,2.867793786877433,4.106823307523584,-2.987639225507559,-1.1014352952711708,-0.6012695938189315,-9.667437697807564,-2.820876139190173,-2.485142148977508,-4.7661817473255645,2.2086182038450253,-0.9130728986059167,1.0278032073280112,-5.592643205241482,-2.2138884499882026,3.707114194996464,3.718136022536202,-0.23690727602438777,-4.853732303449094,7.312708819313597,0.6976340937287252,-4.733973971910791,-0.608277308656903,-3.4758502847758974,-2.13387061600118,1.2083274831552138,-5.175107497279197,1.2750849531155273,-0.8756932703983258,2.9819114908871325,1.5318164836316621,-2.503812713541841,0.5244357747162447,-2.5499295645844935,-1.1964382554970268,-2.774887069092216,-1.2793592657793744,-0.46126941831566887,0.7613204722954349,0.6705974239209207,5.22258989690036
1.2714124414853836,-0.11657580086880355,0.015857824081555227,-0.11384190790588067,-0.6896001931442169,0.5692904930762541,-0.16832050291834225,-0.4667574669195898,-0.2913772608652818,-0.8920088679067054,-0.2345680415522745,0.041821040543706375,0.8269033430609205,-1.5713883514779872,-0.6968829075155818,1.0387550545439124,-0.9607198979611534,-0.5825752292006579,-2.1445254512739265,0.31930773327685713,-0.9660074117973448,0.09093337506509959,-1.2712046450277192,-2.161664571960448,0.28670444518849736,-0.24593224341059639,-0.510226933263026,-0.3896145071169059,0.19805588775072588,-0.41643552075305895,0.23640056547834717,-0.6491551935921952,0.1144255831620511,0.5996574343180613,0.6976340937287252,1.0434750210725374,0.3623209897645005,0.9640251588156082,-1.5596503699109734,-1.2697042448536564,-0.041896194425363784,0.4696714432879835,0.49393617643156384,-0.968766996697707,-0.4103228115136248,0.05459888164884991,-0.41763438992346813,-1.1466946506889126,0.04546157928779823,-1.1741059414320838,-0.43834528302883874,0.834029999678265,0.5084323154298639,2.5058095495035255,0.34686260206188796,0.06831970490487545
