V1,V2,V3,V4,V5,V6,V7,V8,V9,V10,V11,V12,V13,V14,V15,V16,V17,V18,V19,V20,V21,V22,V23,V24,V25,V26,V27,V28,V29,V30,V31,V32,V33,V34,V35,V36,V37,V38,V39,V40,V41,V42,V43,V44,V45,V46,V47,V48,V49,V50,V51,V52,V53,V54,V55,V56
1.0389736132080278,2.9645877516508476,-0.34223851074321904,-0.17173538229219243,-1.0196567213792944,-2.313025970357041,1.3130343162406566,1.9525551346908048,1.7042683233131064,-1.5353202452148524,3.10953722784102,2.736793112378482,-0.4033877422079894,2.690854666621149,0.32265234616318816,-0.673763267366187,0.5275143381057135,-1.1720957495125963,2.6737589692657697,-0.24742092042415909,-1.3333860391678134,-2.1414331426828057,1.2519817799931567,0.26147796397527007,-0.1014878495198012,2.8082640000633345,-1.3091087762319265,1.4249822744324911,1.4644504561053824,0.5101948601159053,-1.5479576377990785,-1.9907924948893987,1.415362063657525,0.4056002839239589,0.12433466656976762,0.37063079054022224,-0.3922536574360578,-0.30348148658313656,-1.883995866397997,-2.1458008624827034,0.10615287739617013,-0.683798006046236,1.2217935451854283,0.5560225835626419,-1.35301600911188,-1.0155725454028672,2.5261811104841216,0.673355522215905,0.3040704655303914,0.832987087585051,0.46040103364918356,-1.255472190499099,0.8587119136895078,-0.6133136591168804,0.7099189574477516,0.6526064779593287
2.9645877516508476,8.781208234628837,-1.1013830298919713,-1.1590763963033908,-3.023521249205008,-6.724942126592059,4.412459428343893,6.034138245962419,4.827929679335754,-4.38709018037236,7.8776019366532495,8.444172518125882,-1.1126305661091966,7.212352848379137,1.0523247853298219,-2.675457603989891,1.4753592746114303,-3.019950652701091,7.897665997569658,-1.1474161193853427,-4.040653900787143,-5.75290296697536,3.431554353715976,1.5013281626250958,-0.628471435213042,8.79637146322465,-4.054792044918388,4.081521520440042,3.996072723158541,1.210439945995597,-3.772104814095614,-5.121073731017182,3.6148748185709145,0.5472251768569839,0.11349002068559526,1.4392744243765005,-0.2962257478171625,-0.2644814219080406,-5.176472260349268,-6.3121987049639925,0.8186264164220576,-2.4720494615371442,3.5795199400909596,1.5430275833964011,-3.929013378670721,-3.484415268331917,7.5273775103402585,2.450379946435703,0.6778409512274178,1.8381602940065944,1.2788366719741224,-3.8357300728611916,2.4511179539179717,-1.9141210439125034,2.373325948238067,1.6071334418578642
-0.34223851074321904,-1.1013830298919713,0.1611225675832663,0.31588623039353225,0.3800808205636059,0.8103597304925579,-0.690599062546306,-0.8225313138462893,-0.5478223365507389,0.5081525047739338,-0.6385960732405942,-1.1476430750503688,0.11799721678158132,-0.7058761001993926,-0.15731754364366393,0.5137749063388904,-0.16219778869338353,0.2603220330256008,-0.984771536153743,0.2525940579536701,0.5306873575494215,0.5668564058129473,-0.35782054888345266,-0.3788506885864452,0.1647794457867057,-1.2286516378896892,0.5550193888624252,-0.475399143796732,-0.411631531289843,-0.07296717395798619,0.2599774028919764,0.4389445831596749,-0.30200240178029947,0.10286591549256906,0.05256322227164503,-0.2700378988873228,-0.18978640580273679,-0.13315509648381826,0.5433482102031815,0.7802416772218833,-0.23485888242557781,0.427143746489932,-0.4386127539098566,-0.166287529976839,0.47217325681560623,0.5618898786732062,-0.9558516990636973,-0.4268538703908409,-0.026601217175164626,-0.06560400820242482,-0.13814385929044753,0.5117642471071856,-0.28320343255711394,0.2656305772222047,-0.3685956369532757,-0.11613309213965436
-0.17173538229219243,-1.1590763963033908,0.31588623039353225,1.4180634584512077,0.4054385379695001,0.6419582597640107,-1.6001116896194472,-1.2839261269972488,-0.2090111432951708,0.2667313726425195,1.5529121647296247,-1.7714471033327752,-0.013058886379967346,0.5224816264889404,-0.32683230764702403,1.67532196743262,-0.025213762121348973,-0.4802455935235812,-0.9994711525735112,0.9577865859737963,0.7105830154710675,-0.38843329767971874,0.08556597109244946,-1.611905013791721,0.720675901901074,-2.091221010999745,0.8798211764534184,-0.2677429832097502,0.13713528440133052,0.4252623988367902,-1.0834580189776597,-0.8328929880535625,0.6460979188190809,1.200204156599964,0.4806172676090662,-0.8541367506430229,-1.644656697415393,-1.1991374688756797,-0.10252335450767756,0.7481098462088577,-1.0887676210970403,1.1950104439987401,-0.3956994091267134,-0.0015184194296209805,0.36559887669039487,1.3862875130137278,-1.080609090639083,-1.2101646781170905,0.34394592245892464,0.9811775539164997,-0.003687641558020232,0.7338334700562938,-0.14377861701833725,0.44223407902379536,-0.8394587360890874,0.4217897480590198
-1.0196567213792944,-3.023521249205008,0.3800808205636059,0.4054385379695001,1.041082305124325,2.314280393478941,-1.5243929012618778,-2.0801039248289457,-1.6601902304900358,1.5089832680036663,-2.6993828760540453,-2.9107703880399467,0.3822953323207731,-2.475937875266398,-0.3632766500937668,0.9278412712590545,-0.5071408679408851,1.0354105794776383,-2.7190867394981697,0.39912159542626696,1.3921561696449998,1.9750635801777912,-1.178840818385537,-0.524027774640909,0.21959384613716154,-3.033409992609433,1.3978641095610098,-1.4039782005975596,-1.3725814869050001,-0.41383941564812343,1.2908648554015323,1.7557019583770035,-1.2390268355172118,-0.18203352899069905,-0.03658948683543641,-0.49889995972322765,0.09354594798073687,0.08487262496799806,1.7784051804111474,2.172971830924502,-0.2867887362675119,0.8555287090005306,-1.232105064012832,-0.5302764952325596,1.3520591162254973,1.204393001994684,-2.5922424929404544,-0.8481579266465299,-0.23121727378424417,-0.626768766238046,-0.4394969008667543,1.321849786415653,-0.8430600477483534,0.6600162212530492,-0.8198176167317748,-0.5501824778279745
-2.313025970357041,-6.724942126592059,0.8103597304925579,0.6419582597640107,2.314280393478941,5.197904847445324,-3.181553907306601,-4.526472270708153,-3.7805643051621107,3.420442989772331,-6.536485712986754,-6.339254545179052,0.8831492495229587,-5.809832068411065,-0.7694056908801548,1.7921629501708431,-1.1628046244709707,2.483471244437757,-6.056643945050546,0.7221241268669616,3.060044793836644,4.6286874829209,-2.732588590041134,-0.8751922821302108,0.3574467674612966,-6.555902977429003,3.0383653873110092,-3.178398286092485,-3.189403326306233,-1.0406202174344499,3.195933643246031,4.214936631014252,-2.986547186160171,-0.6662146444313177,-0.18316898081528174,-0.9732518130445992,0.5538774964094831,0.44222446684963274,4.116931060389228,4.850614404875757,-0.436458123048937,1.7244573714402984,-2.7562278370232836,-1.2209641192912353,3.0386872773116953,2.4885641726037835,-5.747813411425076,-1.704363360204305,-0.603291230324482,-1.6454110243787994,-1.0114437998617103,2.8933381804388683,-1.9120601261159715,1.429077758037182,-1.7153756932857778,-1.3539164958403564
1.3130343162406566,4.412459428343893,-0.690599062546306,-1.6001116896194472,-1.5243929012618778,-3.181553907306601,3.0358932852558,3.4242169595941236,2.081472942549857,-1.953199113583507,1.872691467609319,4.771513153961521,-0.4304360049130442,2.437981523571704,0.679962612377914,-2.408013503559914,0.6049757826812471,-0.8104876554654943,3.9339123343798548,-1.2252201101545523,-2.172961885850096,-1.967429391607655,1.2911090722779044,1.891684025622135,-0.8288155191322754,5.16833412136733,-2.3147088367753006,1.832914455918931,1.473345608292694,0.13760051320890687,-0.6233149301811959,-1.3594857943618273,0.9128389846975534,-0.748638228421497,-0.3416567399995172,1.2575037710060826,1.205651269753924,0.8598329398628326,-1.968987692556325,-3.1033753806778077,1.2002869730002284,-1.9410143354373324,1.7369034086676844,0.6127313362701486,-1.8511950418148915,-2.4960933260017133,3.8524366430108388,1.94461743368718,-0.008056036321556515,-0.060837609034181506,0.5097761329572114,-2.1104533778473398,1.087053718041156,-1.1143320964882308,1.6158654658910458,0.2976057786987845
1.9525551346908048,6.034138245962419,-0.8225313138462893,-1.2839261269972488,-2.0801039248289457,-4.526472270708153,3.4242169595941236,4.334269206533025,3.1525724953237924,-2.894304368475474,4.414201749311288,6.0556355733644684,-0.7029410255883412,4.387939422562669,0.795532959550533,-2.3479329328944254,0.9484942462662234,-1.7365655082472693,5.410437451252991,-1.0991555542669253,-2.8448873299915154,-3.5109343084742335,2.150546709793538,1.5763926124372478,-0.6775862103859911,6.4029549956629666,-2.9190933123428238,2.70025916948417,2.4898824153840646,0.6063499121637769,-1.982739105246707,-2.9376414690806776,2.0512137433378346,-0.11425305090268913,-0.11297420823122638,1.2449288364636095,0.4452191067542379,0.29375340611918555,-3.2543134420848587,-4.304743092590916,0.9404137115554314,-2.0334325281298553,2.4301362620429643,0.982421823761091,-2.6409226603971194,-2.751308038099094,5.206084468337888,2.025483224028991,0.298786687212803,0.79156989494427,0.8151515473924545,-2.7234519176993732,1.615059427995601,-1.3883644550927206,1.833615185914083,0.8601061723639699
1.7042683233131064,4.827929679335754,-0.5478223365507389,-0.2090111432951708,-1.6601902304900358,-3.7805643051621107,2.081472942549857,3.1525724953237924,2.7993793357019943,-2.5177672283925143,5.208811338280687,4.420267115383417,-0.6658633418963136,4.464509087601234,0.5149524594901639,-1.0233905025034056,0.8685442114394283,-1.9578893742732881,4.356706273976244,-0.3578922150000824,-2.1615632438145407,-3.5515093720159507,2.0689748180298295,0.3468555801800956,-0.12965388178496307,4.521394382141426,-2.112677659078232,2.335768665808904,2.4220300013902447,0.8635487336833191,-2.609233538034175,-3.326354608499508,2.3677074482092846,0.731610524890607,0.2301667298827215,0.5664852659014361,-0.7328511090374099,-0.5631623902080333,-3.112043482089913,-3.499259922641787,0.1180918284486177,-1.0650623949670923,1.9940202343957107,0.9167933815153864,-2.2119786201340634,-1.6021479874545217,4.109108351684232,1.0470501731464037,0.5193991421446382,1.4249077372400605,0.7590014125710168,-2.031868272128426,1.4084819401943953,-0.9882119583056276,1.1267340785466502,1.0982016706252646
-1.5353202452148524,-4.38709018037236,0.5081525047739338,0.2667313726425195,1.5089832680036663,3.420442989772331,-1.953199113583507,-2.894304368475474,-2.5177672283925143,2.268906267111688,-4.575784201166094,-4.056530592242488,0.5953540685655496,-3.967335067814744,-0.47934167878330386,1.0102164294274538,-0.7789449153326072,1.7257563163752072,-3.956284778258557,0.37416715769755077,1.974950755239315,3.1575355306633184,-1.8473618735181776,-0.40101501938018264,0.15653250530000293,-4.165015626612166,1.9406904203022843,-2.1060361881029657,-2.1605247428432777,-0.7491792125700591,2.2749762671210427,2.931018924977478,-2.083317017032853,-0.5875547959339206,-0.17906140244212534,-0.5550818626046922,0.5637098887266749,0.4368182897427009,2.780174914886329,3.1745768636287512,-0.16684995525887383,1.0205525942734954,-1.8072842836924463,-0.8208075816966698,2.0007126331475296,1.5120967949755844,-3.7391885149641646,-1.0052787647799948,-0.4456589904810726,-1.2204992580658907,-0.6796724759382217,1.8601520436916714,-1.2689596777758856,0.9094878376954862,-1.0557978694950982,-0.9594377787371465
3.10953722784102,7.8776019366532495,-0.6385960732405942,1.5529121647296247,-2.6993828760540453,-6.536485712986754,1.872691467609319,4.414201749311288,5.208811338280687,-4.575784201166094,12.38065757260045,6.229041936470725,-1.3258899183435875,9.492071739573584,0.5588812598043581,0.3096018502538998,1.6709796645246882,-4.51039108854275,7.17306825407835,0.6232062606522872,-3.2616216121427066,-7.513266309241981,4.182105023035616,-1.5505644258070108,0.7431851203477292,5.98491040457206,-2.931282127134223,4.216923832201512,4.946935600850914,2.2848898476195645,-6.624880802572021,-7.686435755471347,5.544942854654629,3.098723950024131,1.1175204023869778,-0.07000103073858295,-3.7165420654375234,-2.7664014346296297,-6.2542541028286855,-5.83700574226916,-1.275547504481476,-0.4372763056857681,3.368536300718746,1.7985530483551442,-3.838300671392239,-1.227316318098297,6.574423940168734,0.38091657695657655,1.4963631303770102,4.157154521676538,1.4856335577951336,-2.9746981428285193,2.5672975955045763,-1.32861737746087,1.0506953323633317,2.7409587898385976
2.736793112378482,8.444172518125882,-1.1476430750503688,-1.7714471033327752,-2.9107703880399467,-6.339254545179052,4.771513153961521,6.0556355733644684,4.420267115383417,-4.056530592242488,6.229041936470725,8.461130354373088,-0.9868911964419705,6.169945440441294,1.109513463619121,-3.259277060310105,1.3307102872131689,-2.4477113313316843,7.572224560936033,-1.5220457982494084,-3.977593468190197,-4.936136581362638,3.020235617003773,2.1777539925792486,-0.9354709645927536,8.941708254760913,-4.078092851289436,3.7841575932015763,3.497621390575964,0.8602163419750094,-2.80624404775703,-4.1410854590958355,2.8929132991484794,-0.13445955074331895,-0.14819293559202837,1.7288818716750676,0.5893942538548688,0.3864194057093972,-4.569787852231948,-6.025756970532995,1.296417978459799,-2.8282264353906514,3.402266696335844,1.3788404899096687,-3.698764451490497,-3.8316693938221276,7.283655040207825,2.8167422200458723,0.4267827350739315,1.1321772728586974,1.1440223241439889,-3.8066516695799804,2.2637059687759233,-1.9390888587365585,2.5554464246245767,1.2162997449261934
-0.4033877422079894,-1.1126305661091966,0.11799721678158132,-0.013058886379967346,0.3822953323207731,0.8831492495229587,-0.4304360049130442,-0.7029410255883412,-0.6658633418963136,0.5953540685655496,-1.3258899183435875,-0.9868911964419705,0.16119277748899824,-1.1002395341506712,-0.10957895717321113,0.1718568870212502,-0.20836691081241862,0.49374479194483056,-1.0061140429637703,0.043453820846279516,0.4895696316774264,0.8740211962510057,-0.5028729393339677,-0.011513195066175711,-9.847945287196611e-4,-0.9969702064062355,0.4702031332478187,-0.551410190411205,-0.5903391698399835,-0.22732545869659038,0.6778509611162955,0.8396073525792849,-0.6000177549465409,-0.23018821974787745,-0.07702950016567149,-0.09840649763545603,0.2503813152012324,0.18951027146865498,0.7552232630324811,0.8105464053129114,0.020249509511537044,0.20340717801541638,-0.4632520606851357,-0.22106535731008584,0.517171591941644,0.32439222489899056,-0.9427609188040866,-0.1983842763315211,-0.14067577944633552,-0.38760989850336747,-0.1829083712104971,0.4572461169814248,-0.33329451634465584,0.21856515703747895,-0.23419720400831107,-0.28376902118779396
2.690854666621149,7.212352848379137,-0.7058761001993926,0.5224816264889404,-2.475937875266398,-5.809832068411065,2.437981523571704,4.387939422562669,4.464509087601234,-3.967335067814744,9.492071739573584,6.169945440441294,-1.1002395341506712,7.6423352593590215,0.6452773384770364,-0.6564261702429695,1.4093587278606847,-3.504746288923732,6.536761508131028,-0.0026134334741298574,-3.1121742151479275,-6.062866549556279,3.446124963712744,-0.4146512576151514,0.2270935445841716,6.140698345476229,-2.9287095431316272,3.6681704761151104,4.056739513100802,1.676056715109459,-4.941296133994381,-5.9647476606710885,4.278212217627642,1.9325175520125293,0.6708468887432706,0.4080357240197897,-2.205769293597184,-1.6555472379351004,-5.167504521497416,-5.28360873771669,-0.4706790504128084,-1.0178828296351254,3.0294898878675145,1.5029653544975659,-3.405393178714123,-1.7821863702631562,6.081093659728071,0.9790883782758554,1.0618982379885487,2.9361344196556014,1.2428024329044614,-2.8852367938203174,2.2227117824730387,-1.3511827802845549,1.3360150543865963,2.058858212054418
0.32265234616318816,1.0523247853298219,-0.15731754364366393,-0.32683230764702403,-0.3632766500937668,-0.7694056908801548,0.679962612377914,0.795532959550533,0.5149524594901639,-0.47934167878330386,0.5588812598043581,1.109513463619121,-0.10957895717321113,0.6452773384770364,0.1540265121692761,-0.5170357499326754,0.15162077461442972,-0.23134738403873448,0.9400574911666711,-0.2572879123951547,-0.5105540623385394,-0.5189100853305122,0.33123340109401583,0.3899320047687861,-0.1700505129100195,1.192317847200139,-0.5371120235315555,0.44886482220060475,0.38015425647737433,0.058148157458625616,-0.21712650784181828,-0.3895558795197994,0.266338677814197,-0.12344605133278455,-0.06002222469052146,0.27114332001787267,0.2146286556646116,0.1516269803926821,-0.5036073620336322,-0.743805614408181,0.24379101226874256,-0.4252962577284255,0.417557592533788,0.15488314998426442,-0.4481157656894869,-0.5551804837541234,0.9149968078273294,0.4253755294433963,0.016845629561849932,0.03848145283025521,0.1287255474868846,-0.49346848963411505,0.267034230349607,-0.2575476305261075,0.3625827821890995,0.09842459863548021
-0.673763267366187,-2.675457603989891,0.5137749063388904,1.67532196743262,0.9278412712590545,1.7921629501708431,-2.408013503559914,-2.3479329328944254,-1.0233905025034056,1.0102164294274538,0.3096018502538998,-3.259277060310105,0.1718568870212502,-0.6564261702429695,-0.5170357499326754,2.197014058374145,-0.2723336886902109,0.0015832157610429086,-2.361337892710271,1.1923247359420899,1.4163427728470992,0.5531959725121213,-0.48270349034017235,-1.9349757861865913,0.8579892399750721,-3.6522061159677777,1.5955773143671732,-0.9603272369315161,-0.5229267093915845,0.24264550545359,-0.5034532175565052,-0.016668851610342057,0.07256570817712285,1.1631427260635563,0.4833898708885567,-1.1326568610958017,-1.6695055943061559,-1.2091688231821798,0.7559051185260527,1.834290717521974,-1.274400049283176,1.6611083413913788,-1.0103623727776647,-0.2588508973499978,1.0371730363172114,2.029807825022927,-2.3844012999984185,-1.673333719409859,0.24645698815292436,0.7189961797177894,-0.21707034140672699,1.406476441731637,-0.55893544936825,0.7813310644163128,-1.2730476373193957,0.17287670166098118
0.5275143381057135,1.4753592746114303,-0.16219778869338353,-0.025213762121348973,-0.5071408679408851,-1.1628046244709707,0.6049757826812471,0.9484942462662234,0.8685442114394283,-0.7789449153326072,1.6709796645246882,1.3307102872131689,-0.20836691081241862,1.4093587278606847,0.15162077461442972,-0.2723336886902109,0.2705973618329545,-0.6251643079029874,1.3326723008654022,-0.08472804479345103,-0.6551327048205858,-1.1203737722770102,0.6487104304504837,0.06279453629858824,-0.020133464398806047,1.3532626433545827,-0.635079340094741,0.7220648549571708,0.7604527978703564,0.28176775926595393,-0.8456740727103411,-1.0626022809539493,0.7578676184012721,0.2624543330172942,0.08548058024795917,0.15281615634208537,-0.2754024761119141,-0.20980550657818817,-0.9750163456147414,-1.0719327406765224,0.006119194611176761,-0.2989248949265632,0.6116956470837791,0.28633876018731336,-0.6806306704398405,-0.46129037649194515,1.2530363191335927,0.29287008773922535,0.1719665791938277,0.4728319103126293,0.23698747549274804,-0.6139623947316796,0.435908685234332,-0.29619299819320366,0.32823767786613073,0.3549689052307543
-1.1720957495125963,-3.019950652701091,0.2603220330256008,-0.4802455935235812,1.0354105794776383,2.483471244437757,-0.8104876554654943,-1.7365655082472693,-1.9578893742732881,1.7257563163752072,-4.51039108854275,-2.4477113313316843,0.49374479194483056,-3.504746288923732,-0.23134738403873448,0.0015832157610429086,-0.6251643079029874,1.6491535381100413,-2.745951363111424,-0.16556352645068612,1.266494795156814,2.775870449926252,-1.5542620851634958,0.46582213071999073,-0.22689639439362572,-2.3789807432922214,1.1550811668498404,-1.5919448891360077,-1.8359977078050382,-0.8227155968216674,2.3958600443260507,2.8094125150648477,-2.0235283810785205,-1.0721767801547581,-0.3833295268938296,-0.03357988920088044,1.2716070147768466,0.9482698338439631,2.326145664536135,2.2299311063085225,0.3997820159773965,0.24665644873501424,-1.2843748789964142,-0.6711027869139604,1.4575288848204033,0.5547696255695141,-2.5282823681381412,-0.2266891252167025,-0.5342185452866576,-1.4823594003669431,-0.5545116963014454,1.161075558056002,-0.9678453533787675,0.5265827471562514,-0.4506587651633016,-0.993106597739569
2.6737589692657697,7.897665997569658,-0.984771536153743,-0.9994711525735112,-2.7190867394981697,-6.056643945050546,3.9339123343798548,5.410437451252991,4.356706273976244,-3.956284778258557,7.17306825407835,7.572224560936033,-1.0061140429637703,6.536761508131028,0.9400574911666711,-2.361337892710271,1.3326723008654022,-2.745951363111424,7.104483827586108,-1.0045701583140705,-3.6280720772217925,-5.213058104642998,3.1045768582155486,1.3022353699935751,-0.5435691057263202,7.879701034926903,-3.6351010543767996,3.6800568969925926,3.6165786534235322,1.1085257503736468,-3.4462936142156693,-4.6570692814972166,3.2893188378783664,0.5353970165437549,0.11890934841195955,1.2718929309380975,-0.323627549837955,-0.27979794821523973,-4.682327189271353,-5.679972072605162,0.7029377001467064,-2.1938029749863244,3.221966655520466,1.3946405421101595,-3.5388850309028896,-3.102348473124651,6.767035443618921,2.173701730217749,0.6243641443787641,1.694789380068036,1.1557733226759468,-3.4420581795185026,2.2106002814825474,-1.7150860384542157,2.116650233585061,1.4669660317092543
-0.24742092042415909,-1.1474161193853427,0.2525940579536701,0.9577865859737963,0.39912159542626696,0.7221241268669616,-1.2252201101545523,-1.0991555542669253,-0.3578922150000824,0.37416715769755077,0.6232062606522872,-1.5220457982494084,0.043453820846279516,-0.0026134334741298574,-0.2572879123951547,1.1923247359420899,-0.08472804479345103,-0.16556352645068612,-1.0045701583140705,0.6638718625625663,0.6409483882712348,0.02013650751328247,-0.10515246046000133,-1.0972646795637877,0.48859223415586217,-1.7422537882167801,0.7494756368070875,-0.36059200614710085,-0.09855352474309685,0.21472554653608789,-0.5150379403613781,-0.2925567904293418,0.24358941773379758,0.7395226597168828,0.30105533626076486,-0.6113892464207663,-1.0344891385646575,-0.7520005189359891,0.17554555879963754,0.7705758050731182,-0.7320562469042692,0.8767171169150325,-0.41878798481293766,-0.07277408361456732,0.41586646332183874,1.0457450446372518,-1.0390542722880718,-0.8853677298571226,0.18768090102886809,0.5398441914261459,-0.061862322216999804,0.6462314769970626,-0.20570699018696328,0.3709474120730336,-0.6455007186468055,0.1940516339770843
-1.3333860391678134,-4.040653900787143,0.5306873575494215,0.7105830154710675,1.3921561696449998,3.060044793836644,-2.172961885850096,-2.8448873299915154,-2.1615632438145407,1.974950755239315,-3.2616216121427066,-3.977593468190197,0.4895696316774264,-3.1121742151479275,-0.5105540623385394,1.4163427728470992,-0.6551327048205858,1.266494795156814,-3.6280720772217925,0.6409483882712348,1.8841289885014454,2.4863806056091518,-1.5035763963910798,-0.8888975358750569,0.37853448525121647,-4.177944349473957,1.9140834335560624,-1.840136452810656,-1.7456740778550155,-0.4750179321836264,1.514177586417842,2.1450610453759245,-1.5060102927503503,-0.07353622834411967,0.01721103059641639,-0.7553278087981429,-0.09958685407190433,-0.05118960201047045,2.2718529342340568,2.892626307412064,-0.5140871157873627,1.2592148207145037,-1.6363514967188992,-0.6816990719647597,1.7864900425899473,1.7331294703500792,-3.475899623401119,-1.2517674575279192,-0.2511852102975494,-0.6743702108600583,-0.5653216470702411,1.7968806777955133,-1.1026926518812006,0.9073387461639802,-1.1658002191706804,-0.6507062350327972
-2.1414331426828057,-5.75290296697536,0.5668564058129473,-0.38843329767971874,1.9750635801777912,4.6286874829209,-1.967429391607655,-3.5109343084742335,-3.5515093720159507,3.1575355306633184,-7.513266309241981,-4.936136581362638,0.8740211962510057,-6.062866549556279,-0.5189100853305122,0.5531959725121213,-1.1203737722770102,2.775870449926252,-5.213058104642998,0.02013650751328247,2.4863806056091518,4.810323756413199,-2.736731034139728,0.2990945730753486,-0.16686313845985787,-4.918925978150841,2.343787847816594,-2.9198337720818,-3.220962462987828,-1.3238020489725768,3.90600122718308,4.723976319015067,-3.387351218063588,-1.5129776678153581,-0.5240029390955337,-0.3403369592464575,1.7217272402917718,1.2929128651395918,4.104246235572301,4.212543820238498,0.35347930266184213,0.8313583925056806,-2.4147409723088624,-1.194308257177124,2.7128719991145216,1.4422925458649607,-4.852507272284767,-0.8008174643350645,-0.8373154660265755,-2.314597149189714,-0.987619659657236,2.306491010089862,-1.768912384153721,1.0820095120814586,-1.0774469906664501,-1.628047546930547
1.2519817799931567,3.431554353715976,-0.35782054888345266,0.08556597109244946,-1.178840818385537,-2.732588590041134,1.2911090722779044,2.150546709793538,2.0689748180298295,-1.8473618735181776,4.182105023035616,3.020235617003773,-0.5028729393339677,3.446124963712744,0.33123340109401583,-0.48270349034017235,0.6487104304504837,-1.5542620851634958,3.1045768582155486,-0.10515246046000133,-1.5035763963910798,-2.736731034139728,1.5702303025454112,-0.015103517519402771,0.025867909405778072,3.0415374042985444,-1.4378545969424168,1.7103508009494997,1.8445058465238418,0.7220573531514074,-2.1472284037434846,-2.6435186343521297,1.8907760408252872,0.7554958254401567,0.25531551710010764,0.27972634431705384,-0.8325004178364753,-0.6286633857522395,-2.357377106167756,-2.5029175739439404,-0.09756302179812743,-0.5962444426269978,1.4315020750646057,0.689042839290438,-1.600528814413247,-0.9673203569176916,2.904529770974732,0.5801079501696976,0.4493861091836067,1.2392718574690296,0.5700336665763097,-1.4020840739116207,1.0343760736372813,-0.6673075607477627,0.7034687879014346,0.8978897663438182
0.26147796397527007,1.5013281626250958,-0.3788506885864452,-1.611905013791721,-0.524027774640909,-0.8751922821302108,1.891684025622135,1.5763926124372478,0.3468555801800956,-0.40101501938018264,-1.5505644258070108,2.1777539925792486,-0.011513195066175711,-0.4146512576151514,0.3899320047687861,-1.9349757861865913,0.06279453629858824,0.46582213071999073,1.3022353699935751,-1.0972646795637877,-0.8888975358750569,0.2990945730753486,-0.015103517519402771,1.8365566180363553,-0.820113221950594,2.5433704060453897,-1.078355614947153,0.394975663486947,-0.05948721711088765,-0.44683580235289655,1.1222731185665638,0.8106105667122888,-0.6372054757867667,-1.3284071993021498,-0.5344345289892353,0.988282486119572,1.830979429115958,1.333849444578989,-0.006889000850315157,-0.9841337807200954,1.2359233682864565,-1.3934472487301741,0.5261900676339223,0.03790237749426337,-0.5007527395524295,-1.6309565214693034,1.3842198785953896,1.4098738958101649,-0.36846022134584616,-1.053351045051255,0.03412755691492208,-0.9100719673094164,0.2181878023200007,-0.539116466756451,0.9937961099759495,-0.4336470632905361
-0.1014878495198012,-0.628471435213042,0.1647794457867057,0.720675901901074,0.21959384613716154,0.3574467674612966,-0.8288155191322754,-0.6775862103859911,-0.12965388178496307,0.15653250530000293,0.7431851203477292,-0.9354709645927536,-9.847945287196611e-4,0.2270935445841716,-0.1700505129100195,0.8579892399750721,-0.020133464398806047,-0.22689639439362572,-0.5435691057263202,0.48859223415586217,0.37853448525121647,-0.16686313845985787,0.025867909405778072,-0.820113221950594,0.3664539713472578,-1.0984406778956048,0.46391836511175844,-0.1555049932381639,0.049023572431718856,0.2082839483067785,-0.5271905824214561,-0.3940937525367571,0.30750899788937325,0.6022680790505972,0.24170754594350413,-0.43781095893475774,-0.8275789578884227,-0.603152980807663,-0.025636586518334538,0.40888093995001185,-0.5529653125453966,0.6148413530029245,-0.21748185989763175,-0.008529146636015558,0.20406668736036176,0.7163575811031281,-0.5826075399197579,-0.622371550893564,0.169972171866388,0.4853617285904446,-0.008293375166169997,0.3892239400065693,-0.08481137029950156,0.23256051153275537,-0.4351114474472572,0.2045374354118444
2.8082640000633345,8.79637146322465,-1.2286516378896892,-2.091221010999745,-3.033409992609433,-6.555902977429003,5.16833412136733,6.4029549956629666,4.521394382141426,-4.165015626612166,5.98491040457206,8.941708254760913,-0.9969702064062355,6.140698345476229,1.192317847200139,-3.6522061159677777,1.3532626433545827,-2.3789807432922214,7.879701034926903,-1.7422537882167801,-4.177944349473957,-4.918925978150841,3.0415374042985444,2.5433704060453897,-1.0984406778956048,9.495448368808804,-4.315167108712023,3.8893183388148844,3.514328113614483,0.7823836305699702,-2.615925873523702,-4.020535470920263,2.7952523323607634,-0.3873875070198772,-0.2507018472722356,1.9300828954007536,0.9412446464152542,0.6423951134502902,-4.607657341912312,-6.260551240844771,1.541108931742044,-3.1150384520675245,3.5292487696925727,1.3970586521820543,-3.823296186188046,-4.171539349117598,7.604366040596966,3.1065766673340014,0.36034126422048773,0.9415315980514201,1.1596460091179484,-4.009649275676637,2.3231842728969765,-2.0568145865929437,2.764306210269081,1.1438165445820154
-1.3091087762319265,-4.054792044918388,0.5550193888624252,0.8798211764534184,1.3978641095610098,3.0383653873110092,-2.3147088367753006,-2.9190933123428238,-2.112677659078232,1.9406904203022843,-2.931282127134223,-4.078092851289436,0.4702031332478187,-2.9287095431316272,-0.5371120235315555,1.5955773143671732,-0.635079340094741,1.1550811668498404,-3.6351010543767996,0.7494756368070875,1.9140834335560624,2.343787847816594,-1.4378545969424168,-1.078355614947153,0.46391836511175844,-4.315167108712023,1.9662043795393986,-1.810854212633484,-1.6641800853218638,-0.39956530305508076,1.3110334007056106,1.9536817134763194,-1.3632225261201258,0.09392899892898277,0.0825970585018561,-0.8455150353228171,-0.3218750683198609,-0.2140313080111194,2.17622504040488,2.891534336175228,-0.645155857967879,1.378127644183119,-1.631956547066562,-0.6574379801364718,1.7725721198116644,1.861299460537764,-3.4995336219748454,-1.3730287673470918,-0.19493435673921689,-0.5154172532372383,-0.54553583876887,1.8331599224041863,-1.0828567796151665,0.9355023938131164,-1.2392377864692061,-0.5694241766843426
1.4249822744324911,4.081521520440042,-0.475399143796732,-0.2677429832097502,-1.4039782005975596,-3.178398286092485,1.832914455918931,2.70025916948417,2.335768665808904,-2.1060361881029657,4.216923832201512,3.7841575932015763,-0.551410190411205,3.6681704761151104,0.44886482220060475,-0.9603272369315161,0.7220648549571708,-1.5919448891360077,3.6800568969925926,-0.36059200614710085,-1.840136452810656,-2.9198337720818,1.7103508009494997,0.394975663486947,-0.1555049932381639,3.8893183388148844,-1.810854212633484,1.955150543543221,1.9997488890693285,0.687938147534941,-2.092032414487416,-2.703503330089394,1.9208165750883133,0.526926595421616,0.15891501039863423,0.5267040858587629,-0.49837312071489187,-0.3872835926772704,-2.5743625866646758,-2.9521445967110433,0.170415129300992,-0.9629214903350509,1.6802147556200049,0.7605064651609991,-1.8589900055070476,-1.4211214843538833,3.480095079361087,0.9489904747431004,0.4079064719034397,1.1165383872253833,0.6297752671154949,-1.734112575990931,1.1777907917112485,-0.8490760682306917,0.990407862851145,0.8827947738000462
1.4644504561053824,3.996072723158541,-0.411631531289843,0.13713528440133052,-1.3725814869050001,-3.189403326306233,1.473345608292694,2.4898824153840646,2.4220300013902447,-2.1605247428432777,4.946935600850914,3.497621390575964,-0.5903391698399835,4.056739513100802,0.38015425647737433,-0.5229267093915845,0.7604527978703564,-1.8359977078050382,3.6165786534235322,-0.09855352474309685,-1.7456740778550155,-3.220962462987828,1.8445058465238418,-0.05948721711088765,0.049023572431718856,3.514328113614483,-1.6641800853218638,1.9997488890693285,2.1676386668917593,0.8581803265561788,-2.547331621363463,-3.1231166796433865,2.235113617776602,0.9174922525761862,0.31200504503069665,0.30605983423169003,-1.0193550901991366,-0.7686571640056776,-2.768473253385908,-2.9171889168898497,-0.14267839727000414,-0.6685853788584263,1.6692712398326273,0.8083871982510306,-1.8683635340038574,-1.0989976978118068,3.379768960870462,0.6492603979801617,0.5361589836535287,1.4794121049582507,0.6687022584526078,-1.6259947200549736,1.2098667541597363,-0.7714664560242579,0.8036002977834462,1.0643875138686714
0.5101948601159053,1.210439945995597,-0.07296717395798619,0.4252623988367902,-0.41383941564812343,-1.0406202174344499,0.13760051320890687,0.6063499121637769,0.8635487336833191,-0.7491792125700591,2.2848898476195645,0.8602163419750094,-0.22732545869659038,1.676056715109459,0.058148157458625616,0.24264550545359,0.28176775926595393,-0.8227155968216674,1.1085257503736468,0.21472554653608789,-0.4750179321836264,-1.3238020489725768,0.7220573531514074,-0.44683580235289655,0.2082839483067785,0.7823836305699702,-0.39956530305508076,0.687938147534941,0.8581803265561788,0.437402649827803,-1.2512650653249378,-1.403681460038458,1.017736250246434,0.6638719900193701,0.24483391811805638,-0.10874602835298718,-0.819489722027635,-0.6071449963662748,-1.0769386007925434,-0.9094414376821525,-0.34068955587672833,0.06097950284807153,0.528923499461239,0.30618396983584206,-0.612352807268127,-0.05190917148352905,0.9973582613039126,-0.07229735852406032,0.29387134469046117,0.819331298354884,0.25263701143736217,-0.42350929084127814,0.4210016947380621,-0.1761793700594928,0.08381137518722166,0.5146933943662266
-1.5479576377990785,-3.772104814095614,0.2599774028919764,-1.0834580189776597,1.2908648554015323,3.195933643246031,-0.6233149301811959,-1.982739105246707,-2.609233538034175,2.2749762671210427,-6.624880802572021,-2.80624404775703,0.6778509611162955,-4.941296133994381,-0.21712650784181828,-0.5034532175565052,-0.8456740727103411,2.3958600443260507,-3.4462936142156693,-0.5150379403613781,1.514177586417842,3.90600122718308,-2.1472284037434846,1.1222731185665638,-0.5271905824214561,-2.615925873523702,1.3110334007056106,-2.092032414487416,-2.547331621363463,-1.2512650653249378,3.5970862214640427,4.085921084468201,-2.9568968110220406,-1.825631718262548,-0.6682554031057135,0.2119464530022687,2.231969330458884,1.6561898269485762,3.2058861787996404,2.8178413079390254,0.8742518110974814,-0.023995407973409304,-1.633614257882363,-0.9155265627706421,1.8790356646864317,0.33881906471545725,-3.1247107697304664,0.0558222808614605,-0.832955487863888,-2.3193854216560337,-0.7557372892952268,1.3632743837550267,-1.277614694706982,0.5852633758234892,-0.3617522405277955,-1.482782832439026
-1.9907924948893987,-5.121073731017182,0.4389445831596749,-0.8328929880535625,1.7557019583770035,4.214936631014252,-1.3594857943618273,-2.9376414690806776,-3.326354608499508,2.931018924977478,-7.686435755471347,-4.1410854590958355,0.8396073525792849,-5.9647476606710885,-0.3895558795197994,-0.016668851610342057,-1.0626022809539493,2.8094125150648477,-4.6570692814972166,-0.2925567904293418,2.1450610453759245,4.723976319015067,-2.6435186343521297,0.8106105667122888,-0.3940937525367571,-4.020535470920263,1.9536817134763194,-2.703503330089394,-3.1231166796433865,-1.403681460038458,4.085921084468201,4.786140301317471,-3.4478348676109363,-1.8367666016581126,-0.6572844913643839,-0.04722125131918031,2.180970710591264,1.62608980873764,3.9560578626963276,3.7826452963815043,0.6922847258691128,0.405551120787798,-2.1790993535691,-1.1409799400691916,2.4738406841017033,0.9271893995091386,-4.286054516770033,-0.3714278814415427,-0.9122439919591356,-2.5316209224791026,-0.9427286852866361,1.965560368902558,-1.6438525560076789,0.8901763666120082,-0.7565012368430379,-1.6933371909025083
1.415362063657525,3.6148748185709145,-0.30200240178029947,0.6460979188190809,-1.2390268355172118,-2.986547186160171,0.9128389846975534,2.0512137433378346,2.3677074482092846,-2.083317017032853,5.544942854654629,2.8929132991484794,-0.6000177549465409,4.278212217627642,0.266338677814197,0.07256570817712285,0.7578676184012721,-2.0235283810785205,3.2893188378783664,0.24358941773379758,-1.5060102927503503,-3.387351218063588,1.8907760408252872,-0.6372054757867667,0.30750899788937325,2.7952523323607634,-1.3632225261201258,1.9208165750883133,2.235113617776602,1.017736250246434,-2.9568968110220406,-3.4478348676109363,2.4854170073696733,1.3550530757744559,0.4867551912199904,0.0027916334669098883,-1.616935042003579,-1.204574848138386,-2.828645061046096,-2.674013869639027,-0.5337690032232236,-0.24632407954107377,1.5417181253994312,0.8146933526220353,-1.7532762691448271,-0.611888270103518,3.0214474900169535,0.22140870991500267,0.6638672650299968,1.8433021771366134,0.6730480086384099,-1.3769909713567599,1.1686322872047539,-0.6196419487444479,0.5098041488913182,1.224447208004692
0.4056002839239589,0.5472251768569839,0.10286591549256906,1.200204156599964,-0.18203352899069905,-0.6662146444313177,-0.748638228421497,-0.11425305090268913,0.731610524890607,-0.5875547959339206,3.098723950024131,-0.13445955074331895,-0.23018821974787745,1.9325175520125293,-0.12344605133278455,1.1631427260635563,0.2624543330172942,-1.0721767801547581,0.5353970165437549,0.7395226597168828,-0.07353622834411967,-1.5129776678153581,0.7554958254401567,-1.3284071993021498,0.6022680790505972,-0.3873875070198772,0.09392899892898277,0.526926595421616,0.9174922525761862,0.6638719900193701,-1.825631718262548,-1.8367666016581126,1.3550530757744559,1.313944039854988,0.5055547682210008,-0.5783333955116116,-1.7120185266108552,-1.2577131485613804,-1.1129526081679606,-0.47892665327095774,-0.9354068423160147,0.7197163577717082,0.30029424474352107,0.2994884209165681,-0.39874959779268226,0.7146133285296938,0.3815504412687551,-0.7391861185525126,0.47818210433370906,1.3454796378288363,0.24576789257778872,-0.01017364325542984,0.3335514774815204,0.07139933583327454,-0.38135403760652575,0.7377665711378382
0.12433466656976762,0.11349002068559526,0.05256322227164503,0.4806172676090662,-0.03658948683543641,-0.18316898081528174,-0.3416567399995172,-0.11297420823122638,0.2301667298827215,-0.17906140244212534,1.1175204023869778,-0.14819293559202837,-0.07702950016567149,0.6708468887432706,-0.06002222469052146,0.4833898708885567,0.08548058024795917,-0.3833295268938296,0.11890934841195955,0.30105533626076486,0.01721103059641639,-0.5240029390955337,0.25531551710010764,-0.5344345289892353,0.24170754594350413,-0.2507018472722356,0.0825970585018561,0.15891501039863423,0.31200504503069665,0.24483391811805638,-0.6682554031057135,-0.6572844913643839,0.4867551912199904,0.5055547682210008,0.19561932150642547,-0.24158610473456804,-0.6634480176629998,-0.4868620657343883,-0.3747394594816923,-0.11490640109093284,-0.3736187119210199,0.3083726825049158,0.07634118700512066,0.09913700953326662,-0.11072232396085323,0.3178732298657851,0.06319000688441657,-0.3157100123742863,0.17855388069609415,0.5031882296727866,0.08121152038247174,0.03956452518998706,0.10209932004407507,0.04953016722920052,-0.17546455904220382,0.2691133280665551
0.37063079054022224,1.4392744243765005,-0.2700378988873228,-0.8541367506430229,-0.49889995972322765,-0.9732518130445992,1.2575037710060826,1.2449288364636095,0.5664852659014361,-0.5550818626046922,-0.07000103073858295,1.7288818716750676,-0.09840649763545603,0.4080357240197897,0.27114332001787267,-1.1326568610958017,0.15281615634208537,-0.03357988920088044,1.2718929309380975,-0.6113892464207663,-0.7553278087981429,-0.3403369592464575,0.27972634431705384,0.988282486119572,-0.43781095893475774,1.9300828954007536,-0.8455150353228171,0.5267040858587629,0.30605983423169003,-0.10874602835298718,0.2119464530022687,-0.04722125131918031,0.0027916334669098883,-0.5783333955116116,-0.24158610473456804,0.5845850784439987,0.8354162840556345,0.6045228586292545,-0.4359048191911619,-0.9899328398520654,0.6490482717616738,-0.8612505574686425,0.5463881851136687,0.14677804191500432,-0.5636499178664722,-1.0574472679564497,1.279458370115797,0.8671564070058282,-0.11644252301755038,-0.34121369150462433,0.12292262111373498,-0.7481470625366538,0.30737583570788035,-0.4132607665912979,0.6652467499984522,-0.06939300312958857
