V1,V2,V3,V4,V5,V6,V7,V8,V9,V10,V11,V12,V13,V14,V15,V16,V17,V18,V19,V20,V21,V22,V23,V24,V25,V26,V27,V28,V29,V30,V31,V32,V33,V34,V35,V36,V37,V38,V39,V40,V41,V42,V43,V44,V45,V46,V47,V48,V49,V50,V51,V52,V53,V54,V55,V56
114709.24044042236,329141.379380083,-38495.43213609079,-22766.317108198902,-113225.27568556367,-256083.65046126762,148754.8378827022,218206.6050129395,187962.89551455004,-169544.51058172356,337652.2863198538,305771.5143776912,-44318.18838177756,294438.4564642455,36371.83523640295,-78670.61663319264,58071.170346639985,-127561.04461318045,296726.60702427017,-29827.74370209406,-148556.60237739567,-234394.65388071284,137425.63519282299,33164.67202093024,-13132.538556384558,314505.70396948827,-146350.68738297155,157415.21365587387,160646.12153100732,54933.196863472294,-167236.52213698713,-216614.00795810285,153854.87307283218,41310.4569309465,12354.876664551011,43091.275006948454,-38625.804452284865,-30085.04017092756,-206871.4600070877,-237987.34309672433,14653.501066576357,-78458.63527560097,135424.28575787233,61140.86644229254,-149770.24317613576,-115462.27159246177,280722.0858772475,77351.9434468458,32491.75601923994,88902.9961717875,50632.8702866084,-140053.35699846002,94812.2477182601,-68647.12981407896,80357.04742063968,70601.38519790808
329141.379380083,944423.3352365147,-110457.11939636283,-65325.181668919504,-324883.4622910731,-734794.7030035454,426830.82265164127,626112.3443549834,539332.0191331398,-486483.17943967675,968843.0246767902,877367.1876913949,-127164.53490509416,844847.7179894003,104363.78051414428,-225734.4782123134,166626.7160193839,-366017.4860152705,851413.8586281697,-85586.72416613091,-426261.64096570667,-672560.8836256195,394322.65755500953,95161.8335277945,-37682.18875780113,902428.7943574941,-419932.1635845679,451679.95601648063,460950.4032940538,157622.5727436396,-479860.20705279126,-621541.7465233041,441463.70232020534,118533.7959771639,35450.30016431174,123644.42726291995,-110830.40214699921,-86324.12424060587,-593587.2231495876,-682870.0309630102,42046.51333141379,-225126.0284409566,388580.26014073414,175434.75121898798,-429743.8672471407,-331302.6019525224,805491.2506312361,221950.54945410675,93230.18309547492,255093.70433413514,145283.59225052956,-401862.8512940026,272049.8778891313,-196973.0635847855,230573.0890959555,202580.13391574362
-38495.43213609079,-110457.11939636283,12918.77741413064,7640.39885467253,37997.46444983444,85939.51145064789,-49921.06187807671,-73228.41094195335,-63078.71859342407,56897.679930509636,-113312.87536844428,-102614.49651153355,14872.790703527735,-98810.86131279846,-12206.118970922587,26401.429603895453,-19488.175922975985,42808.28192544083,-99578.98534747773,10010.07950709303,49854.39401487547,78660.71134513816,-46118.81591225494,-11130.027980991346,4407.277742971199,-105545.66432632033,49114.135070263124,-52827.19596993785,-53911.395815484575,-18435.02791375033,56122.926580679465,72693.6129150415,-51632.23241842384,-13863.23350950055,-4146.110961910171,-14461.184902745172,12962.217882407485,10096.085056319767,69424.21498995423,79866.56496998368,-4917.758137246011,26330.21371865563,-45447.254915805956,-20518.335633235194,50261.6268853938,38748.33692716045,-94208.02065697279,-25958.820676255065,-10903.891488296613,-29834.904907527954,-16991.944917495748,47000.78570964584,-31818.174177460078,23037.442393461522,-26967.2464452083,-23693.13312581436
-22766.317108198902,-65325.181668919504,7640.39885467253,4519.600899003248,22471.995222831658,50825.08437984223,-29524.508705213422,-43308.22869568055,-37304.89243725148,33649.47158501983,-67012.02635053072,-60687.519250512865,8795.75405928511,-58436.31726093137,-7218.941344080653,15615.062212580315,-11525.320063071587,25316.442020244387,-58891.73547157677,5920.680868177857,29484.409403306625,46519.62672834049,-27274.588276714152,-6583.512308195532,2607.0071306255504,-62421.25231313918,29046.74887477016,-31242.189544713863,-31883.078933932215,-10902.148681572717,33190.262651686695,42990.35087346157,-30534.79812908443,-8197.805483695289,-2451.645481749754,-8552.985554164688,7664.609885082192,5969.915141541291,41057.381650170624,47233.62679323236,-2909.182816809929,15572.582395552761,-26877.791287049786,-12134.537664213214,29724.986532495343,22916.80134001629,-55715.41052939731,-15352.952352987457,-6448.298213603876,-17643.612211869073,-10049.03335246724,27796.8034793574,-18817.3669096005,13624.669490203778,-15949.055666866363,-14011.793389125956
-113225.27568556367,-324883.4622910731,37997.46444983444,22471.995222831658,111760.54380629721,252770.80329764093,-146830.63629252455,-215383.86421183439,-185531.2601071079,167351.15950350423,-333283.8715540125,-301816.0203966409,43744.84491677592,-290629.2474824427,-35901.34287945427,77653.10287389506,-57319.91159959757,125910.72365233621,-292888.0175597151,29442.002450997803,146634.83535940383,231362.2461153427,-135647.75572858134,-32735.857779394573,12962.748469621953,-310437.2626559092,144457.48281710272,-155378.78065724304,-158567.83160991257,-54222.46792007346,165072.8361002272,213811.56302575307,-151864.3668299608,-40775.85153801081,-12194.97160663573,-42533.92806020025,38125.866052281155,29695.659292777702,204195.1579143981,234908.61979007145,-14464.086646306081,77443.79414142604,-133672.36529463544,-60349.8923932731,147832.72552160147,113968.74278886513,-277090.5551659896,-76351.42199877523,-32071.362225246354,-87752.7223638823,-49977.83645376729,138241.601226384,-93585.68681849573,67759.1126631605,-79317.59364733593,-69687.957336158
-256083.65046126762,-734794.7030035454,85939.51145064789,50825.08437984223,252770.80329764093,571696.2685064373,-332089.28070300183,-487137.43112269335,-419619.4274184141,378501.1434259263,-753794.5213489698,-682622.5418277391,98938.52671511826,-657321.6083691134,-81198.67597129449,175629.17341786774,-129641.49833113619,284774.6761476085,-662430.0562293124,66589.35877340322,331646.57744602096,523276.3095846943,-306797.04472496075,-74039.03162805167,29317.96554014324,-702121.3112278567,326721.99241413636,-351423.00062754884,-358635.8018795695,-122636.02640204139,373348.4521488002,483581.6793036255,-343474.5382778571,-92223.69265258595,-27581.66841415181,-96199.61660606913,86230.25068593101,67163.42692336156,461831.9503063512,531297.0095254537,-32713.507353797235,175155.85310802513,-302329.1759263958,-136494.46669038327,334355.92909690086,257764.96696178275,-626700.6214901359,-172685.21646906942,-72536.44747733258,-198472.1172838888,-113035.79390686595,312663.4519839339,-211664.44097785853,153251.97049166728,-179393.91502719768,-157614.60371976273
148754.8378827022,426830.82265164127,-49921.06187807671,-29524.508705213422,-146830.63629252455,-332089.28070300183,192906.31182549035,282970.9504554423,243750.06270977829,-219865.18294059933,437865.4575191495,396525.34790980583,-57471.724625792645,381826.7313364747,47167.1981768025,-102021.30950855726,75306.59640537671,-165420.48366232638,384795.2891398757,-38681.365013601215,-192648.48369376795,-303962.1615854056,178213.2054434479,43009.24726477261,-17030.858518965808,407852.0973694921,-189788.00195662613,204135.94358728937,208325.43456429528,71236.89588108996,-216871.05444488904,-280903.8807774246,199518.1266080121,53570.29690315463,16021.367910694498,55881.39143587261,-50088.471613746435,-39013.20787089672,-268270.37680188037,-308622.1078367409,19003.548341914906,-101746.00466489002,175618.25830864016,79287.35327399091,-194222.04057977264,-149732.40041100903,364040.71959940495,100310.86406814172,42134.94999147276,115288.39373056489,65660.60399170157,-181621.5203575378,122952.44104972629,-89021.83789040137,104207.55641111967,91555.36907973132
218206.6050129395,626112.3443549834,-73228.41094195335,-43308.22869568055,-215383.86421183439,-487137.43112269335,282970.9504554423,415085.91307209834,357553.9563354604,-322517.46986194164,642300.688832442,581657.2014008611,-84304.603707832,560097.470520745,69188.79380424545,-149652.7634933047,110466.34203783002,-242653.66976275656,564451.0205579582,-56740.613527611094,-282593.3253071301,-445878.7636217608,261418.90548839266,63088.70675446318,-24981.895644117452,598272.0680814253,-278397.20802115917,299444.4338792784,305590.21280988184,104496.83995214185,-318126.299123263,-412055.13328999747,292671.2083957433,78582.419465106,23501.868873735606,81971.19686619703,-73475.26085897282,-57228.796878888665,-393522.7185817914,-452713.642252636,27875.370770046193,-149249.23529665932,257612.09386799776,116305.68294727048,-284901.78233134304,-219639.78828552214,534006.3337691497,147144.03462204614,61807.48561325082,169115.82546288485,96316.7633569701,-266417.98801792465,180357.39195007287,-130584.79643180915,152860.28807614857,134301.7662297259
187962.89551455004,539332.0191331398,-63078.71859342407,-37304.89243725148,-185531.2601071079,-419619.4274184141,243750.06270977829,357553.9563354604,307996.5679382513,-277816.13574350055,553278.1375968051,501038.05867705384,-72619.92306520056,482467.7856534716,59598.989743935344,-128909.84495099919,95155.60182498001,-209021.9352012742,486217.092892125,-48875.790389316375,-243425.26630547724,-384079.81270276685,225186.07598218136,54343.67254163073,-21518.987926718648,515349.9150472767,-239810.64137981422,257941.04097215072,263235.2326156777,90013.72564180366,-274034.32751264947,-354944.41014145967,252107.09280881763,67691.4916930772,20244.754842910475,70609.45176255042,-63292.433943800956,-49297.497596726076,-338980.2016828372,-389966.7465039903,24011.222203654466,-128562.51058405208,221906.6274260659,100185.61805862041,-245413.95899568038,-189196.76960473755,459992.02066637867,126749.08399024847,53241.10633493568,145676.77204734288,82967.17813122268,-229491.83073789792,155359.6295787956,-112485.391796688,131673.26452026307,115687.66286653868
-169544.51058172356,-486483.17943967675,56897.679930509636,33649.47158501983,167351.15950350423,378501.1434259263,-219865.18294059933,-322517.46986194164,-277816.13574350055,250593.07721632905,-499062.5943783487,-451941.65650293976,65503.927450026,-435190.9618767123,-53758.92628858495,116278.10604156552,-85831.34672961352,188539.9513638454,-438572.94653450226,44086.51994488625,219572.1744496762,346443.99162631325,-203120.18923952064,-49018.63216987326,19410.385704900666,-464851.11568950885,216311.7514827145,-232665.52924109518,-237440.92750265103,-81193.30047619845,247181.777587468,320163.5334619234,-227403.20518799743,-61058.37776099531,-18260.96068513385,-63690.50813813313,57090.35827478137,44466.79871695465,305763.68913278246,351754.1258042141,-21658.42634485141,115964.78541057419,-200162.1206165502,-90368.47267290737,221365.97791512863,170657.5322053564,-414917.6664047951,-114329.05434320818,-48024.01840823021,-131401.92181622595,-74837.26189377789,207004.0658834516,-140136.01993966036,101463.01407774136,-118770.70315336484,-104351.4625156771
337652.2863198538,968843.0246767902,-113312.87536844428,-67012.02635053072,-333283.8715540125,-753794.5213489698,437865.4575191495,642300.688832442,553278.1375968051,-499062.5943783487,993898.7391795432,900051.8569281556,-130452.8773815825,866695.3320042139,107061.95147146937,-231568.87960855008,170935.43775217494,-375483.0609719362,873428.7048103693,-87798.28233696439,-437283.0535323348,-689953.1435888036,404519.50644802564,97619.89218278594,-38655.39183235618,925760.9886138323,-430789.61880344705,463359.39983138983,472870.25054456166,161699.21599498624,-492270.6305460192,-637615.4608757755,452880.5036515346,121600.95437315226,36367.81047220239,126840.28487765184,-113699.10797702259,-88558.37836694338,-608936.8394382547,-700526.9613715665,43131.95423881787,-230945.5034972967,398627.80773812154,179971.2779173259,-440855.9064619923,-339867.35288148496,826318.4576225925,227687.8852940351,95641.5806744799,261691.76753122482,149040.44342533275,-412253.3021835035,279084.5150845108,-202065.80398085018,236534.01646197567,207819.31910369731
305771.5143776912,877367.1876913949,-102614.49651153355,-60687.519250512865,-301816.0203966409,-682622.5418277391,396525.34790980583,581657.2014008611,501038.05867705384,-451941.65650293976,900051.8569281556,815072.4712202891,-118135.4991551798,784860.9951147396,96953.8056145319,-209707.4259468481,154795.77350453625,-340029.03852079116,790961.5697582776,-79510.24078515942,-395996.2011547142,-624807.0549400197,366324.6330858388,88405.76907943857,-35006.957010831655,838354.7715087021,-390116.2058384086,419609.5568620751,428221.6046792407,146430.75730710122,-445788.3572863106,-577410.2268391657,410118.2961860386,110117.06086420499,32933.02757078638,114865.69875381088,-102960.43953512113,-80194.36408732079,-551440.8629465417,-634384.7093729284,39061.559958169906,-209141.9731768248,360990.16718017845,162978.4040017639,-399231.0327346216,-307779.8013021171,748299.6279208229,206191.96818591442,86610.43837175469,236980.93465315807,134968.0611890279,-373329.80174641765,252733.65354192644,-182987.62460421605,214202.12637315894,188196.2102939155
-44318.18838177756,-127164.53490509416,14872.790703527735,8795.75405928511,43744.84491677592,98938.52671511826,-57471.724625792645,-84304.603707832,-72619.92306520056,65503.927450026,-130452.8773815825,-118135.4991551798,17122.446242388763,-113757.060892588,-14052.335164113028,30394.51016257995,-22435.942688417897,49283.54886370586,-114641.02139427015,11523.977547616945,57395.1748132083,90558.97623299962,-53094.74489840748,-12813.18270650619,5073.754161515045,-121509.96013548774,56542.907556305974,-60817.74735206651,-62066.034639844016,-21223.599508160492,64612.29970733993,83689.39916480241,-59442.24417271641,-15960.454503771458,-4773.358108783717,-16648.37595853415,14923.257170776858,11623.49162973924,79925.30286111783,91946.96138819461,-5661.363975843742,30312.631315094768,-52321.4888523488,-23621.928459199764,57864.08731747721,44609.068713739325,-108457.62559660345,-29885.06045330322,-12553.287429381904,-34347.9453192378,-19562.136985844856,54109.92982413095,-36630.93911807402,26521.976023797015,-31046.102950496046,-27277.04089468021
294438.4564642455,844847.7179894003,-98810.86131279846,-58436.31726093137,-290629.2474824427,-657321.6083691134,381826.7313364747,560097.470520745,482467.7856534716,-435190.9618767123,866695.3320042139,784860.9951147396,-113757.060892588,755772.3893123352,93359.95969188584,-201932.74736531137,149058.5418026461,-327427.1870248887,761644.7796788786,-76562.04290082307,-381318.4076659126,-601650.3433206858,352747.65474304534,85126.98856771691,-33708.508310261765,807279.946618936,-375656.1128546906,404057.19052028307,412350.6015374594,141004.17263336855,-429267.57204769336,-556010.7907111758,394918.95258710225,106037.4276154841,31713.0841398055,110607.25639008378,-99146.66287028165,-77223.76092454707,-531002.9285097445,-610871.4631037705,37612.3326086144,-201388.90559915715,347610.23544838215,156937.93200652144,-384433.82060817257,-296370.65510048653,720563.901651249,198548.21903046867,83400.86319520832,228199.04857475916,129965.73309975023,-359492.0687727105,243366.3804139298,-176204.9537267652,206261.99743106883,181221.66431421213
36371.83523640295,104363.78051414428,-12206.118970922587,-7218.941344080653,-35901.34287945427,-81198.67597129449,47167.1981768025,69188.79380424545,59598.989743935344,-53758.92628858495,107061.95147146937,96953.8056145319,-14052.335164113028,93359.95969188584,11532.775790014988,-24945.027433191033,18413.114069253774,-40446.75664831184,94085.73828738899,-9457.89085360447,-47104.19050045471,-74321.39157466337,43574.67470502248,10516.072044005696,-4164.163835886312,99723.28144974112,-46404.77171500027,49912.992849565606,50937.375088665154,17418.05426696856,-53026.89099428251,-68683.45948798512,48783.932250885104,13098.447491960553,3917.3809670449255,13663.448095197697,-12247.129586586723,-9539.115471792928,-65594.42833694856,-75460.74216982967,4646.48893261243,-24877.73106682254,42940.16610528084,19386.44475768169,-47488.95315454767,-36610.81172295029,89011.06098421468,24526.827143472507,10302.373140280923,28189.04933748929,16054.585953441661,-44408.004196797374,30062.928448356655,-21766.595011622554,25479.614612480535,22386.09557648495
-78670.61663319264,-225734.4782123134,26401.429603895453,15615.062212580315,77653.10287389506,175629.17341786774,-102021.30950855726,-149652.7634933047,-128909.84495099919,116278.10604156552,-231568.87960855008,-209707.4259468481,30394.51016257995,-201932.74736531137,-24945.027433191033,53955.87746411595,-39826.686101385356,87484.08560412342,-203503.4754753184,20457.52688106791,101884.49931377017,160753.3303373379,-94249.85322582215,-22746.708961730073,9007.312548338963,-215697.8573224878,100371.79103913454,-107959.5389650066,-110174.98767730224,-37674.15279674881,114693.9465966132,148558.49350670428,-105516.89274317354,-28330.593277436485,-8472.819457801023,-29553.883148640478,26488.969440413806,20631.93002279625,141877.5033701159,163218.366316953,-10050.776303295359,53810.034116519964,-92877.72949090296,-41931.93869979884,102716.51683881735,79188.23134355072,-192527.24431922304,-53051.054370839025,-22283.32856506208,-60970.96130712614,-34725.29129984928,96052.7914479987,-65024.74016933941,47080.34870562807,-55111.668634323185,-48419.78754794194
58071.170346639985,166626.7160193839,-19488.175922975985,-11525.320063071587,-57319.91159959757,-129641.49833113619,75306.59640537671,110466.34203783002,95155.60182498001,-85831.34672961352,170935.43775217494,154795.77350453625,-22435.942688417897,149058.5418026461,18413.114069253774,-39826.686101385356,29398.34499668308,-64577.38244320977,150216.85587884855,-15100.163203053855,-75206.26953561793,-118661.55014380571,69571.29111162601,16789.454509209423,-6648.279202530338,159217.41717242156,-74089.52713545827,79690.93468800254,81326.58529276693,27809.77113848592,-84662.99159119168,-109660.17125232835,77888.55598997597,20913.328987072793,6254.631168036082,21814.7828593276,-19554.25107103752,-15230.503209654993,-104728.00565311013,-120480.2897459743,7418.245761769175,-39719.38761850577,68558.08973811046,30952.37045436123,-75820.68585118098,-58452.34940460554,142114.60858577158,39159.12994608674,16448.859658898946,45006.89626445798,25632.72828528301,-70901.5343221849,47998.38661464832,-34752.38030071229,40680.46270985968,35741.73825375068
-127561.04461318045,-366017.4860152705,42808.28192544083,25316.442020244387,125910.72365233621,284774.6761476085,-165420.48366232638,-242653.66976275656,-209021.9352012742,188539.9513638454,-375483.0609719362,-340029.03852079116,49283.54886370586,-327427.1870248887,-40446.75664831184,87484.08560412342,-64577.38244320977,141853.01916544052,-329971.07365314837,33169.21265751893,165200.40203699507,260656.09413746407,-152822.66735639688,-36879.74041312967,14603.595374791323,-349741.6644122959,162747.2698212287,-175051.70564495213,-178644.7664598465,-61088.018676590764,185973.93773364217,240883.5094639704,-171092.8441555789,-45939.32151166753,-13739.297686164015,-47918.81323958907,42954.0677792219,33456.22606826603,230049.11564843496,264650.8331465486,-16294.81233482736,87248.55086742097,-150596.88732373918,-67991.01396050054,166550.16035499153,128397.94776313705,-312173.3886789033,-86017.8614596384,-36132.232983510665,-98863.98197531515,-56305.71256140706,155744.45781004502,-105434.83179844853,76338.0908174275,-89359.80282563635,-78511.64809803283
296726.60702427017,851413.8586281697,-99578.98534747773,-58891.73547157677,-292888.0175597151,-662430.0562293124,384795.2891398757,564451.0205579582,486217.092892125,-438572.94653450226,873428.7048103693,790961.5697582776,-114641.02139427015,761644.7796788786,94085.73828738899,-203503.4754753184,150216.85587884855,-329971.07365314837,767564.2292802973,-77157.87955063744,-384282.18056506565,-606325.22160499,355488.6709776837,85789.99665374342,-33971.12252268916,813555.0314708031,-378576.0452901599,407197.2480411915,415554.72481366084,142099.47611745665,-432602.2666924358,-560330.6014762458,397987.14263594267,106860.28797985813,31959.064946297935,111467.55002017313,-99915.56212396969,-77822.72177758341,-535129.0920168683,-615619.0576511302,37905.625131259985,-202954.957506125,350311.77832546685,158157.45224433765,-387421.4802176049,-298674.95909194584,726164.1970105008,200092.21194247442,84048.6241424225,229971.39785549653,130975.6610616423,-362286.2599843106,245257.64037006706,-177574.60683798595,207865.5827486822,182629.48801921666
-29827.74370209406,-85586.72416613091,10010.07950709303,5920.680868177857,29442.002450997803,66589.35877340322,-38681.365013601215,-56740.613527611094,-48875.790389316375,44086.51994488625,-87798.28233696439,-79510.24078515942,11523.977547616945,-76562.04290082307,-9457.89085360447,20457.52688106791,-15100.163203053855,33169.21265751893,-77157.87955063744,7756.595044610388,38629.31820168177,60949.02687659428,-35734.50948676794,-8624.659721808464,3415.235176188759,-81781.55686471736,38055.81306385332,-40932.56128253163,-41772.46139810924,-14283.948410555418,43485.622722406966,56325.30573611757,-40006.259974488545,-10741.21512461518,-3212.3476897046885,-11205.42775222382,10042.881897194402,7822.292195062001,53792.37553624384,61883.862661006744,-3810.9353429524253,20402.13532894126,-35214.368512672954,-15898.35801700439,38944.707064679445,30024.23544012839,-72996.29418177747,-20114.373955378513,-8448.583527268458,-23116.747415106798,-13165.982585846792,36418.249705484515,-24653.947893363773,17850.448274975257,-20895.575943757605,-18358.1218342545
-148556.60237739567,-426261.64096570667,49854.39401487547,29484.409403306625,146634.83535940383,331646.57744602096,-192648.48369376795,-282593.3253071301,-243425.26630547724,219572.1744496762,-437283.0535323348,-395996.2011547142,57395.1748132083,-381318.4076659126,-47104.19050045471,101884.49931377017,-75206.26953561793,165200.40203699507,-384282.18056506565,38629.31820168177,192391.48742376265,303557.48767364013,-177975.86310804955,-42951.07319525353,17007.780108183957,-407307.68849037914,189534.72195285995,-203863.88218555728,-208048.01475214385,-71142.23638365416,216582.76556471764,280530.16475360154,-199252.71517664328,-53499.59483335618,-16000.2914169595,-55806.49439705122,50022.64635914413,38961.8913110721,267913.0945578467,308210.6118427713,-18977.64230175703,101609.82504527926,-175384.11630497783,-79181.7370621468,193963.1336964489,149532.19797394914,-363555.2175710909,-100176.5850369213,-42079.012393165256,-115135.35692791913,-65573.13884999018,181379.19399698864,-122788.5884525029,88903.01004618492,-104068.29317813109,-91433.64477270967
-234394.65388071284,-672560.8836256195,78660.71134513816,46519.62672834049,231362.2461153427,523276.3095846943,-303962.1615854056,-445878.7636217608,-384079.81270276685,346443.99162631325,-689953.1435888036,-624807.0549400197,90558.97623299962,-601650.3433206858,-74321.39157466337,160753.3303373379,-118661.55014380571,260656.09413746407,-606325.22160499,60949.02687659428,303557.48767364013,478957.877417539,-280813.0476174784,-67767.35800114073,26834.461556008373,-642654.19239118,299049.8863423983,-321659.2182099608,-328261.37751562684,-112249.67409240539,341728.5118586861,442625.4342323797,-314384.4949544885,-84413.56562531796,-25245.93956092941,-88051.52179857435,78928.00011320824,61475.76475601342,422717.3535098226,486298.58929605223,-29942.19845584605,160320.386864647,-276723.2986409575,-124934.12323461556,306037.57709940436,235932.8423545124,-573621.8305453949,-158058.98904072822,-66393.20983869431,-181663.19096436744,-103462.27189053516,286182.1124338371,-193737.52583556317,140272.09047196998,-164199.722156604,-144265.75477540542
137425.63519282299,394322.65755500953,-46118.81591225494,-27274.588276714152,-135647.75572858134,-306797.04472496075,178213.2054434479,261418.90548839266,225186.07598218136,-203120.18923952064,404519.50644802564,366324.6330858388,-53094.74489840748,352747.65474304534,43574.67470502248,-94249.85322582215,69571.29111162601,-152822.66735639688,355488.6709776837,-35734.50948676794,-177975.86310804955,-280813.0476174784,164640.73331968303,39732.16159251955,-15733.112056235095,376788.44137713785,-175333.0721270325,188588.87630544734,192459.6863282791,65811.96665473499,-200355.3882343244,-259511.28932627995,184323.62426267893,49491.580861421455,14801.654178430994,51624.69211825653,-46275.357573565896,-36043.149734886974,-247839.23921667674,-285117.00341363315,17555.21151028225,-93995.9734927671,162242.94823126198,73248.89956411842,-179429.912639459,-138327.58535324718,336314.66935784556,92670.1201456574,38926.31963426072,106509.07671001457,60659.949249235775,-167788.68625271996,113588.35393603094,-82241.596459718,96270.39546787838,84582.99826315402
33164.67202093024,95161.8335277945,-11130.027980991346,-6583.512308195532,-32735.857779394573,-74039.03162805167,43009.24726477261,63088.70675446318,54343.67254163073,-49018.63216987326,97619.89218278594,88405.76907943857,-12813.18270650619,85126.98856771691,10516.072044005696,-22746.708961730073,16789.454509209423,-36879.74041312967,85789.99665374342,-8624.659721808464,-42951.07319525353,-67767.35800114073,39732.16159251955,9590.065051127991,-3797.545722897849,90931.28879739578,-42313.46866577977,45511.84200222055,46445.56470983009,15881.775460346003,-48350.064268936105,-62626.22255915375,44481.604839962376,11942.44632571036,3571.552433453674,12459.278025267384,-11165.844525047667,-8696.985605568168,-59810.16961110883,-68807.15103349583,4237.635861085239,-22684.95620372398,39153.9847467713,17676.936411718132,-43301.63264160768,-33383.55863797589,81162.86777810234,22365.011535549304,9393.62421659552,25702.530077598152,14638.88467899054,-40492.66501392083,27412.069079258963,-19847.565302634088,23233.476831080436,20411.731415015816
-13132.538556384558,-37682.18875780113,4407.277742971199,2607.0071306255504,12962.748469621953,29317.96554014324,-17030.858518965808,-24981.895644117452,-21518.987926718648,19410.385704900666,-38655.39183235618,-35006.957010831655,5073.754161515045,-33708.508310261765,-4164.163835886312,9007.312548338963,-6648.279202530338,14603.595374791323,-33971.12252268916,3415.235176188759,17007.780108183957,26834.461556008373,-15733.112056235095,-3797.545722897849,1503.7870287389724,-36007.02652289265,16755.30941062659,-18021.76767069518,-18391.483263726226,-6288.834515791292,19145.577419396137,24798.656655636274,-17613.768599135034,-4728.903626074236,-1414.237906067855,-4933.663568432775,4421.360387852586,3443.7651255079372,23683.595268478588,27246.257439181798,-1678.0708194805807,8982.837564585987,-15504.193808527663,-6999.702993001312,17146.575031256503,13219.272858707804,-32138.880676692002,-8856.144620498962,-3719.664969482103,-10177.622500958196,-5796.696364025122,16034.298564542098,-10854.624072324528,7859.246302505875,-9200.022992655817,-8082.6050867595295
314505.70396948827,902428.7943574941,-105545.66432632033,-62421.25231313918,-310437.2626559092,-702121.3112278567,407852.0973694921,598272.0680814253,515349.9150472767,-464851.11568950885,925760.9886138323,838354.7715087021,-121509.96013548774,807279.946618936,99723.28144974112,-215697.8573224878,159217.41717242156,-349741.6644122959,813555.0314708031,-81781.55686471736,-407307.68849037914,-642654.19239118,376788.44137713785,90931.28879739578,-36007.02652289265,862302.1683054165,-401259.7630654098,431595.4714220074,440453.4496568827,150613.3852918121,-458521.82892406284,-593903.4314169072,421832.94828582613,113262.28372309094,33873.658254796595,118146.9021478688,-105901.16532179707,-82484.86579816774,-567192.3901124676,-652505.6133821778,40177.507634625676,-215116.17298775443,371301.67850031576,167633.7752253745,-410634.8643445452,-316571.5573816409,769674.4921709555,212081.90601388944,89084.35161980898,243749.97725535816,138823.3358401492,-383993.84308408404,259952.84727126008,-188214.61957932645,220320.80713998736,193571.84120314522
-146350.68738297155,-419932.1635845679,49114.135070263124,29046.74887477016,144457.48281710272,326721.99241413636,-189788.00195662613,-278397.20802115917,-239810.64137981422,216311.7514827145,-430789.61880344705,-390116.2058384086,56542.907556305974,-375656.1128546906,-46404.77171500027,100371.79103913454,-74089.52713545827,162747.2698212287,-378576.0452901599,38055.81306385332,189534.72195285995,299049.8863423983,-175333.0721270325,-42313.46866577977,16755.30941062659,-401259.7630654098,186720.39669065588,-200836.71507979362,-204958.6714515211,-70085.79129987107,213366.58480948774,276364.44883421547,-196293.9184413536,-52705.0404148559,-15762.64714063123,-54977.91057431476,49279.67413419528,38383.21028262593,263934.8103679529,303634.0398078413,-18695.961425107696,100101.14135984976,-172779.86148559648,-78005.95933047046,191082.9938872808,147311.93104949401,-358156.86668290454,-98689.18675973764,-41454.13852009448,-113425.59248418098,-64599.43697619616,178685.95590848962,-120965.30253157935,87582.93085823383,-102523.06417049852,-90075.8902092426
157415.21365587387,451679.95601648063,-52827.19596993785,-31242.189544713863,-155378.78065724304,-351423.00062754884,204135.94358728937,299444.4338792784,257941.04097215072,-232665.52924109518,463359.39983138983,419609.5568620751,-60817.74735206651,404057.19052028307,49912.992849565606,-107959.5389650066,79690.93468800254,-175051.70564495213,407197.2480411915,-40932.56128253163,-203863.88218555728,-321659.2182099608,188588.87630544734,45511.84200222055,-18021.76767069518,431595.4714220074,-200836.71507979362,216020.5313836622,220454.28900802255,75384.68936800379,-229498.2634755118,-297258.8700905946,211134.6629637271,56690.216015455495,16954.553759127244,59134.066634909184,-53006.066893311196,-41285.61031363942,-283889.2025787255,-326589.4730414916,20108.984987011652,-107668.62607346779,185842.4301593411,83903.47246602003,-205529.35326878217,-158448.62821475958,385234.27321779117,106149.9180306638,44588.353148654125,122001.35750093231,69483.36953795966,-192194.90725601092,130110.62250700203,-94204.31470980933,110273.80042459386,96886.10363027774
160646.12153100732,460950.4032940538,-53911.395815484575,-31883.078933932215,-158567.83160991257,-358635.8018795695,208325.43456429528,305590.21280988184,263235.2326156777,-237440.92750265103,472870.25054456166,428221.6046792407,-62066.034639844016,412350.6015374594,50937.375088665154,-110174.98767730224,81326.58529276693,-178644.7664598465,415554.72481366084,-41772.46139810924,-208048.01475214385,-328261.37751562684,192459.6863282791,46445.56470983009,-18391.483263726226,440453.4496568827,-204958.6714515211,220454.28900802255,224979.15231856512,76932.06793541493,-234208.99231990872,-303360.32450497616,215468.3685434114,57854.08656591187,17302.668337194926,60347.580816288,-54094.43057621526,-42133.29921011112,-289716.0615176163,-333292.5411801507,20521.448002781795,-109878.22583641556,189656.75039656798,85625.59182664099,-209747.75530566767,-161700.4401138382,393140.94075266924,108328.34111914331,45503.6165761771,124505.68328620607,70909.51548571986,-196139.52582603303,132781.109848768,-96137.74591571123,112536.961231898,98874.79885835828
54933.196863472294,157622.5727436396,-18435.02791375033,-10902.148681572717,-54222.46792007346,-122636.02640204139,71236.89588108996,104496.83995214185,90013.72564180366,-81193.30047619845,161699.21599498624,146430.75730710122,-21223.599508160492,141004.17263336855,17418.05426696856,-37674.15279674881,27809.77113848592,-61088.018676590764,142099.47611745665,-14283.948410555418,-71142.23638365416,-112249.67409240539,65811.96665473499,15881.775460346003,-6288.834515791292,150613.3852918121,-70085.79129987107,75384.68936800379,76932.06793541493,26307.161972111073,-80088.44884450446,-103734.81539837297,73679.95627692128,19783.58956427929,5916.789871512215,20635.76703361413,-18498.072824175804,-14407.838747917773,-99068.96386355336,-113969.82460277989,7017.0945321281415,-37572.784901900835,64853.383540618364,29279.82960650087,-71723.546991881,-55293.44244422792,134435.02064220596,37042.79673009115,15560.125459859579,42575.177354780084,24247.63948881285,-67070.10349932576,45404.71166335652,-32874.37999834635,38482.026433291285,33810.51784453345
-167236.52213698713,-479860.20705279126,56122.926580679465,33190.262651686695,165072.8361002272,373348.4521488002,-216871.05444488904,-318126.299123263,-274034.32751264947,247181.777587468,-492270.6305460192,-445788.3572863106,64612.29970733993,-429267.57204769336,-53026.89099428251,114693.9465966132,-84662.99159119168,185973.93773364217,-432602.2666924358,43485.622722406966,216582.76556471764,341728.5118586861,-200355.3882343244,-48350.064268936105,19145.577419396137,-458521.82892406284,213366.58480948774,-229498.2634755118,-234208.99231990872,-80088.44884450446,243818.03258915283,315806.1500684221,-224308.3227444997,-60228.240277269586,-18012.786227868048,-62822.84406620963,56314.60177560962,43862.509090712236,301601.7093505559,346965.4218592434,-21362.711465688353,114385.28654138629,-197437.18243655429,-89138.37847365632,218352.43760062844,168333.3945921225,-409268.90954957774,-112771.80988780018,-47370.59913802205,-129614.0914006627,-73818.57401758157,204185.71970302478,-138228.36629840956,100081.54048814914,-117153.30089101165,-102931.37683297133
-216614.00795810285,-621541.7465233041,72693.6129150415,42990.35087346157,213811.56302575307,483581.6793036255,-280903.8807774246,-412055.13328999747,-354944.41014145967,320163.5334619234,-637615.4608757755,-577410.2268391657,83689.39916480241,-556010.7907111758,-68683.45948798512,148558.49350670428,-109660.17125232835,240883.5094639704,-560330.6014762458,56325.30573611757,280530.16475360154,442625.4342323797,-259511.28932627995,-62626.22255915375,24798.656655636274,-593903.4314169072,276364.44883421547,-297258.8700905946,-303360.32450497616,-103734.81539837297,315806.1500684221,409049.2103376664,-290536.254985874,-78010.5116131261,-23330.98569840694,-81371.9051809164,72941.19487951537,56812.71319646161,390651.0955868842,449408.96883028804,-27670.54049034866,148158.53317446704,-255731.64117808512,-115456.92979723604,282822.2195744074,218035.15908113337,-530107.9863843991,-146068.6733537826,-61356.88580698522,-167882.9560623763,-95613.87873160798,264472.8330610163,-179041.0366200827,129631.26629752992,-151743.6953239454,-133322.23527057265
153854.87307283218,441463.70232020534,-51632.23241842384,-30534.79812908443,-151864.3668299608,-343474.5382778571,199518.1266080121,292671.2083957433,252107.09280881763,-227403.20518799743,452880.5036515346,410118.2961860386,-59442.24417271641,394918.95258710225,48783.932250885104,-105516.89274317354,77888.55598997597,-171092.8441555789,397987.14263594267,-40006.259974488545,-199252.71517664328,-314384.4949544885,184323.62426267893,44481.604839962376,-17613.768599135034,421832.94828582613,-196293.9184413536,211134.6629637271,215468.3685434114,73679.95627692128,-224308.3227444997,-290536.254985874,206359.80804438097,55408.726966263595,16571.363201201402,57796.16151940658,-51808.149199737534,-40352.52412291973,-277468.56342343887,-319202.6113529239,19653.576188701678,-105232.82694940014,181639.02795881164,82005.83206041263,-200880.7104003017,-154864.23694383554,376520.8599928287,103748.45865321868,43580.093445079016,119242.60763566598,67911.86781075496,-187847.64198764693,127167.84196492242,-92073.45438169547,107779.27941686759,94695.07366080082
41310.4569309465,118533.7959771639,-13863.23350950055,-8197.805483695289,-40775.85153801081,-92223.69265258595,53570.29690315463,78582.419465106,67691.4916930772,-61058.37776099531,121600.95437315226,110117.06086420499,-15960.454503771458,106037.4276154841,13098.447491960553,-28330.593277436485,20913.328987072793,-45939.32151166753,106860.28797985813,-10741.21512461518,-53499.59483335618,-84413.56562531796,49491.580861421455,11942.44632571036,-4728.903626074236,113262.28372309094,-52705.0404148559,56690.216015455495,57854.08656591187,19783.58956427929,-60228.240277269586,-78010.5116131261,55408.726966263595,14878.190753959809,4449.771808637122,15517.932070212508,-13911.701863885015,-10835.546022620014,-74501.33246769437,-85706.53208594646,5276.367108724421,-28254.62414952133,48770.456630274486,22018.84687378236,-53936.93342828988,-41580.70837948845,101096.4677738072,27856.05543883504,11701.622011466357,32017.667891733174,18234.56772678292,-50437.27651842852,34144.91407652443,-24721.758593422306,28938.57990078914,25426.21952855987
12354.876664551011,35450.30016431174,-4146.110961910171,-2451.645481749754,-12194.97160663573,-27581.66841415181,16021.367910694498,23501.868873735606,20244.754842910475,-18260.96068513385,36367.81047220239,32933.02757078638,-4773.358108783717,31713.0841398055,3917.3809670449255,-8472.819457801023,6254.631168036082,-13739.297686164015,31959.064946297935,-3212.3476897046885,-16000.2914169595,-25245.93956092941,14801.654178430994,3571.552433453674,-1414.237906067855,33873.658254796595,-15762.64714063123,16954.553759127244,17302.668337194926,5916.789871512215,-18012.786227868048,-23330.98569840694,16571.363201201402,4449.771808637122,1330.8492497057828,4640.949155551592,-4160.752118795551,-3240.7193859160816,-22281.42893422379,-25632.549681739954,1577.943883964652,-8450.135678664035,14585.95148811929,6585.264629041822,-16131.112987744105,-12435.609027273838,30235.25283112325,8330.931912538415,3499.677539376531,9575.725899078141,5453.486021773587,-15084.42693565723,10211.849275391309,-7393.600236693351,8654.716866526776,7604.355059929858
43091.275006948454,123644.42726291995,-14461.184902745172,-8552.985554164688,-42533.92806020025,-96199.61660606913,55881.39143587261,81971.19686619703,70609.45176255042,-63690.50813813313,126840.28487765184,114865.69875381088,-16648.37595853415,110607.25639008378,13663.448095197697,-29553.883148640478,21814.7828593276,-47918.81323958907,111467.55002017313,-11205.42775222382,-55806.49439705122,-88051.52179857435,51624.69211825653,12459.278025267384,-4933.663568432775,118146.9021478688,-54977.91057431476,59134.066634909184,60347.580816288,20635.76703361413,-62822.84406620963,-81371.9051809164,57796.16151940658,15517.932070212508,4640.949155551592,16187.90281360234,-14509.209339753512,-11301.037472588478,-77712.41518605885,-89401.68837494703,5505.199236109014,-29474.020288094576,50873.109740191685,22967.921007647576,-56262.236730192424,-43374.74245827218,105455.39996891248,29058.2904679565,12205.549995019162,33396.44892834474,19020.53186681083,-52612.20919789435,35616.840555643015,-25787.902792185803,30186.99787560022,26521.6152127312
-38625.804452284865,-110830.40214699921,12962.217882407485,7664.609885082192,38125.866052281155,86230.25068593101,-50088.471613746435,-73475.26085897282,-63292.433943800956,57090.35827478137,-113699.10797702259,-102960.43953512113,14923.257170776858,-99146.66287028165,-12247.129586586723,26488.969440413806,-19554.25107103752,42954.0677792219,-99915.56212396969,10042.881897194402,50022.64635914413,78928.00011320824,-46275.357573565896,-11165.844525047667,4421.360387852586,-105901.16532179707,49279.67413419528,-53006.066893311196,-54094.43057621526,-18498.072824175804,56314.60177560962,72941.19487951537,-51808.149199737534,-13911.701863885015,-4160.752118795551,-14509.209339753512,13008.166614422218,10131.774351293581,69659.82765310563,80136.57577280828,-4933.129692567741,26418.088769239355,-45600.93816250934,-20587.93259728309,50431.677127969226,38878.105610276965,-94526.28071844859,-26045.419231131367,-10941.291784651523,-29937.28789115933,-17049.578320128876,47159.331958268085,-31925.92978249959,23115.05598787353,-27057.710933876264,-23774.009492901743
