V1,V2,V3,V4,V5,V6,V7,V8,V9,V10,V11,V12,V13,V14,V15,V16,V17,V18,V19,V20,V21,V22,V23,V24,V25,V26,V27,V28,V29,V30,V31,V32,V33,V34,V35,V36,V37,V38,V39,V40,V41,V42,V43,V44,V45,V46,V47,V48,V49,V50,V51,V52,V53,V54,V55,V56
6.530582397531856,4.152226387104668,5.0861999166944996,-3.98295636357469,-2.6319749804463375,2.9601037266356354,-0.4966337909903025,-1.8556475456885424,1.0677604961865814,1.6499000861278892,2.7706662465923118,3.001137080009368,-5.063701629463075,-0.35947838210755473,-3.166303787855314,0.7681849066151664,0.2574029920378093,-1.5442229838324466,4.188346914116253,1.4744647212626394,5.241140379856116,0.18977141193883082,0.29795857493242656,6.071458971413577,0.029045232316305108,1.5266993021854274,-1.661675604071398,1.3420842617980249,-3.451897368664678,2.5649288441877713,4.009134970738295,2.884170993018777,-0.08850010975150506,-1.9236969161096371,-3.8657306797866466,-1.9578570939858366,-5.343145114319577,4.033269121565242,3.001765607906862,0.9779975503831894,1.0210446909166506,4.129282640516535,-0.19587073581728182,-6.539724475135463,-0.07369332932256792,-1.631422184660202,7.015227407011879,2.4891200543039287,-0.22686546422687195,0.43532435370074224,-1.0361629055395605,3.7674475084035075,-0.9049119704704314,-0.45377616973869817,3.5875291656270614,3.3317607549406194
4.152226387104668,3.144036578129702,3.1846504979252304,-3.108504607362341,-1.5051481734630505,2.066981342946833,-0.6236352664389572,-1.336371411804325,1.3099820958811628,1.0088609972934384,1.277703056301537,1.6650249361086156,-3.110196328063344,-0.5701636136823596,-0.8906814134231099,-0.10298664949414259,0.20417403879314883,-0.5495951360126843,2.528512647354101,1.0131307742214095,3.9065473293487227,0.011256857676550287,1.3382925521412175,3.3530352771974985,-0.9660779967005989,1.862691383173065,-0.4608835153634565,0.9498891803385668,-1.4197405482808503,0.9608627777994997,1.9960003035727532,1.9869712658503298,0.23835324671301805,-1.171135755617031,-2.188049500508733,-0.30678698772574536,-4.566950557728912,3.2060014531397525,2.2165482957585145,-0.25912001175583255,0.3153398126587869,2.402549436200003,0.5577375189169287,-4.016554711226257,-0.364334161190415,0.10905942888533723,4.564574883415169,0.6561386326436413,-0.9492986023061468,0.4045352003356402,-0.7972987213797882,2.7459459786745772,-0.06715662372263545,1.5458692766765199,1.9886199472211337,2.5662735011980025
5.0861999166944996,3.1846504979252304,3.9828231193778105,-3.0452964589949487,-2.0693804342485334,2.3062954397959197,-0.3590354676367369,-1.43250835526412,0.7701920731712493,1.296953546677198,2.2036981415251,2.3601374736951226,-3.9530363345121486,-0.25741012341937186,-2.587387283802443,0.657605178285852,0.20364071230123754,-1.2407219547445392,3.2797042312626026,1.1524124880641031,4.030007362426563,0.15874400620178067,0.0998130370202477,4.781334798766557,0.11164780846446225,1.0906825226046908,-1.358147917520418,1.0443574318691828,-2.767472783852529,2.071016474839413,3.1791976707653964,2.2310668656332693,-0.10544436249071094,-1.5080995294955264,-3.049835131109346,-1.618246255171443,-4.03861687510619,3.085175764619532,2.3158356759725343,0.8606442181507147,0.8206315115458258,3.2281820101949923,-0.22927123213701298,-5.107676759466917,-0.012999503232906077,-1.3874041081395885,5.450479513305676,2.043606780572623,-0.09243808614694338,0.33004386620338494,-0.8025390016003106,2.9101819061410623,-0.7608682915738088,-0.5455865936063049,2.8378662832366883,2.5553728079220708
-3.98295636357469,-3.108504607362341,-3.0452964589949487,3.089510147579826,1.4138321194641812,-2.0226398415625124,0.6602763960928351,1.3136027476020495,-1.3726634234145145,-0.959056002808781,-1.1368230167896398,-1.5502863329185388,2.963172607591825,0.6075085357620592,0.6426601484709681,0.20869179236815422,-0.2056135581781999,0.443998082215533,-2.4000646303035107,-0.9841818061287424,-3.855223008558437,0.017079634085111702,-1.4980207484451538,-3.122622026555629,1.1131016708093093,-1.9560189117377553,0.3315463598076133,-0.9297303593874581,1.2226852827060424,-0.7954977157704143,-1.8152231797450287,-1.9385172484621869,-0.28389199054508174,1.1179047807873146,2.0432245214803944,0.12017192939028917,4.604472401536385,-3.1940520974315,-2.181794175768881,0.41428475437537465,-0.24224719857836055,-2.260770868796257,-0.6635148324634715,3.828197588994288,0.4072411517961157,-0.3191010329904077,-4.398271826424585,-0.4574104102217843,1.0629795565683555,-0.411401609713579,0.791879049830049,-2.6977564956451934,-0.02983516610884792,-1.8243128206224763,-1.8529715588339304,-2.5494669426674
-2.6319749804463375,-1.5051481734630505,-2.0693804342485334,1.4138321194641812,1.118139211505459,-1.1385332241922757,0.10102190617083827,0.6978366441307097,-0.21969420188198624,-0.6792197706759794,-1.2780398623215408,-1.2892493138253234,2.0769508629024074,0.03169204009053506,1.6501310452096931,-0.5066934371289924,-0.09300352195029288,0.7636598707551563,-1.7334515193407667,-0.5703785723097444,-1.922806626473902,-0.10851285493972465,0.2657530912782187,-2.616684383858128,-0.3358460367265485,-0.31828366399970215,0.8691366090503094,-0.5108395378854858,1.6525833496824172,-1.2572511582049357,-1.8023234560906016,-1.1137578252259805,0.13496231045282123,0.7959965454801803,1.6471149967105625,1.1016687929396929,1.7661907742497722,-1.4130647674042363,-1.1079677661385983,-0.6886943810659398,-0.52219773979397055,-1.7350160652048827,0.3069789599091256,2.68382447720273,-0.07935840579156997,1.0390529688030412,-2.792264068141067,-1.3144836088596183,-0.17594812404539034,-0.13341562666532478,0.37413135645662715,-1.4029669475046793,0.5352069337601822,0.7955386883109282,-1.5460676373872715,-1.1972807039007338
2.9601037266356354,2.066981342946833,2.3062954397959197,-2.0226398415625124,-1.1385332241922757,1.454021837541633,-0.3603748710177933,-0.9121410242453206,0.7160950652436809,0.7384247717389107,1.0771055846738338,1.2621969991351776,-2.252900787359689,-0.2937563151687709,-1.01871191768532,0.1288874791224321,0.14856404621820263,-0.5229096628625634,1.852432609679729,0.7046821802321255,2.5998973501302065,0.018570818938325215,0.5428943497060784,2.56808895623825,-0.37617518197262084,1.0242627901298933,-0.5380493958631699,0.6571820880470294,-1.296077811355876,0.9157673633283607,1.625702789904436,1.3788053776008642,0.062340564143831524,-0.87325100688363,-1.6474980068770508,-0.5395051094264458,-2.871402561756144,2.0745957761311113,1.4799568924450146,0.12250537476993484,0.335460761489141,1.7678736112200222,0.1601292244333944,-2.9179371777229277,-0.13124321557853158,-0.3114525420822506,3.2165277774213563,0.800268187758801,-0.40690325830347096,0.24803922625106395,-0.5374457687706373,1.8464549194621425,-0.2286991800594073,0.46648503757246007,1.5346721413377202,1.6992411512368988
-0.4966337909903025,-0.6236352664389572,-0.3590354676367369,0.6602763960928351,0.10102190617083827,-0.3603748710177933,0.24300305873153152,0.24624538885553085,-0.4670117472452641,-0.09880627606948758,0.08474508547694927,-0.07288797257740325,0.31756125952224545,0.23173881482689218,-0.4586252304083953,0.3061352720734279,-0.05297603272319296,-0.15892464723488858,-0.23541687182556165,-0.15619678390950134,-0.7575133160762886,0.07597422452165242,-0.7293956377326402,-0.15109872792127804,0.6173528274666997,-0.6745873868422212,-0.23940508156427626,-0.16545609750434015,-0.2001923066914506,0.22167327690048158,0.02549265918241365,-0.32620075780103397,-0.17484650792471748,0.12798896282806352,0.11368353007904357,-0.4288438835487071,1.1453750464549852,-0.7026097109453239,-0.41516531815441066,0.4724103104100043,0.12447789015367179,-0.16698216588159284,-0.40904784064533517,0.4152441667972493,0.19470672886770626,-0.5865793174672368,-0.5983654354499937,0.378497033958409,0.5211472356766272,-0.11155051175010247,0.1703893420641021,-0.5008649916463079,-0.24272437999502872,-1.0961270120780637,-0.09511081744766153,-0.5446067698574872
-1.8556475456885424,-1.336371411804325,-1.43250835526412,1.3136027476020495,0.6978366441307097,-0.9121410242453206,0.24624538885553085,0.581261166314765,-0.49958482222748063,-0.4558132412963377,-0.6369570965699968,-0.7734702669768702,1.4043744915648742,0.20676408604089483,0.5445370822556254,-0.03293729933647494,-0.0909817879362596,0.29752160873828293,-1.1481829725787138,-0.4421907019486006,-1.672360222453215,-0.007155665288601815,-0.44259141710941535,-1.5674842318717628,0.3079387307245025,-0.717350892329249,0.28658081799298074,-0.41440162123384905,0.7462369977563124,-0.5173021797655197,-0.9716907753253581,-0.8743099192548719,-0.06662080929272468,0.5381528182176473,1.007226788848654,0.2625618548029445,1.894177468654377,-1.3479790590064413,-0.9485499522287738,-6.054342702608214e-4,-0.18686239016921488,-1.0974369492194485,-0.15934814912192877,1.8167059171736626,0.11586758379922803,0.10227080623235074,-2.026150068708872,-0.4196709834114123,0.3206394129936557,-0.16386561441134573,0.34194460479619004,-1.180304388037177,0.09920092352557312,-0.4452380193673696,-0.9302571020821787,-1.0957304318978631
1.0677604961865814,1.3099820958811628,0.7701920731712493,-1.3726634234145145,-0.21969420188198624,0.7160950652436809,-0.4670117472452641,-0.49958482222748063,0.9648091638197356,0.21951983925450186,-0.15295312359778793,0.18612128972803518,-0.6909490422777952,-0.4865649783707649,0.8879462375808665,-0.6149757187392738,0.09303618163353451,0.28900210087641737,0.516430317305598,0.3358896322595693,1.5760623389751138,-0.10634712213236751,1.48712058540849,0.3575261513935061,-1.2284374378861227,1.3666424064235494,0.47410774602901606,0.3405256275282285,0.40584334439986874,-0.4195538947371344,-0.036863472944857846,0.6635894351023386,0.3543867005168602,-0.249721229505795,-0.29406510857053497,0.85452622944730106,-2.33859213765264,1.4629678652420377,0.8765119220423059,-0.9431796691729706,-0.2511438379728055,0.39575351738450826,0.822300405479681,-0.8921724351615703,-0.4093575272362906,1.1687788153236724,1.2774691914164173,-0.7529932066237207,-1.0452899071160735,0.23118466552013686,-0.3430447507032367,1.055051160361539,0.4883381933743096,2.2227779509727044,0.22064526395806008,1.1059261851598647
1.6499000861278892,1.0088609972934384,1.296953546677198,-0.959056002808781,-0.6792197706759794,0.7384247717389107,-0.09880627606948758,-0.4558132412963377,0.21951983925450186,0.42452194183312897,0.7377939220784091,0.7784046811181496,-1.2874492564728226,-0.06989134947286829,-0.8979979830267867,0.24263316787228464,0.0637500128693842,-0.4248346159253018,1.0713663421716586,0.3726968290484818,1.2788942951308024,0.061327718269831064,-0.027395314615799644,1.5760853294616324,0.08567748633949447,0.306307463058382,-0.47059694010247377,0.3348508436133239,-0.9334971548022453,0.7068691003406181,1.0569176960642082,0.713776216158658,-0.050073591916206424,-0.4899953074123895,-1.00758341844481,-0.5712162640930003,-1.247643527701671,0.9704313685869007,0.7381513487867213,0.3255028318695467,0.2805723278315056,1.0582268416137277,-0.11035240194536268,-1.66292503362597,0.012542334254561298,-0.5079816452532577,1.7622817416380314,0.7104111838986894,0.012025643568199794,0.10148394993558603,-0.2539958128329011,0.9290192231008306,-0.27261018229105605,-0.2693750556081954,0.93721805786827606,0.8048111144787865
2.7706662465923118,1.277703056301537,2.2036981415251,-1.1368230167896398,-1.2780398623215408,1.0771055846738338,0.08474508547694927,-0.6369570965699968,-0.15295312359778793,0.7377939220784091,1.6402647466078104,1.5066592125182514,-2.253447550073857,0.17653484469070144,-2.419788520986969,0.8935532752442965,0.06986085424891628,-1.0702853454928076,1.9056622602778213,0.5518634431773483,1.672117747083164,0.1850277376959011,-0.974796195643908,3.0626510744102324,0.9578967494311375,-0.20746282595111176,-1.2763358288512172,0.476005241407749,-2.208582759740109,1.730601957940002,2.231858376014756,1.076862719609228,-0.31971378333058315,-0.8659146948388203,-1.8977009296956382,-1.7310609044777074,-1.145038710147286,1.0946103854979559,0.977066118117893,1.2594503103687145,0.7544191662201587,1.9665262381760749,-0.737152780941973,-2.910436419638208,0.2724857434023452,-1.7921776102076308,2.876520635616843,1.9442848451072225,0.6759838141751946,0.061730877771255716,-0.30597148698165294,1.2608827059210863,-0.8712776489591229,-1.952475974673596,1.80144791655069,0.9834758678375983
3.001137080009368,1.6650249361086156,2.3601374736951226,-1.5502863329185388,-1.2892493138253234,1.2621969991351776,-0.07288797257740325,-0.7734702669768702,0.18612128972803518,0.7784046811181496,1.5066592125182514,1.4991789112232632,-2.380078533541539,-0.002055892128519149,-2.0019933322493135,0.6396241319276795,0.09528863524178988,-0.9230723983655567,1.9899993161312965,0.6419067563721945,2.128314511869693,0.1493347262551524,-0.41919041100632465,3.035149609411626,0.4955315744685065,0.265928174422402,-1.0517120253475551,0.5683922409042093,-1.9559400465382608,1.5048529953675558,2.106237329202764,1.2462539336081186,-0.18340935709812903,-0.9037609783804372,-1.9127605033850819,-1.3541310436694896,-1.881466117281383,1.542378304034424,1.231350458882711,0.877807349093873,0.629586621467332,2.009495418688822,-0.4219613697257414,-3.071867998734698,0.11732702313982372,-1.3068425653075555,3.1731132488874865,1.5915065663276955,0.28890400399492194,0.13825105325194212,-0.40655253930186075,1.5620952751370085,-0.6614314964653688,-1.0974292692720338,1.7892944582246557,1.3080325273758031
-5.063701629463075,-3.110196328063344,-3.9530363345121486,2.963172607591825,2.0769508629024074,-2.252900787359689,0.31756125952224545,1.4043744915648742,-0.6909490422777952,-1.2874492564728226,-2.253447550073857,-2.380078533541539,3.950173193840308,0.2038814902049147,2.698173249606138,-0.7239516244173058,-0.18996360696052766,1.2918713095952195,-3.2764244794215096,-1.1260188193819562,-3.9387155558062803,-0.171591739142901,0.01683544359858519,-4.817556673550198,-0.2372924845946186,-0.9906822319261546,1.417286420156088,-1.0188607208484446,2.8441271005202506,-2.133783712626033,-3.2281808827794314,-2.2027065172111056,0.13199144871856378,1.5020864446181112,3.0554426098287157,1.7216488237893215,3.889074188476733,-2.987454051378659,-2.2600843608018013,-0.9487327520757599,-0.8646608671314014,-3.2512389728983657,0.2993518072591446,5.101316188040339,-0.010544118397763359,1.513670281044173,-5.4170741121170645,-2.129974348651178,0.0012813969901553314,-0.3095330526732794,0.7724360217615537,-2.844326769021533,0.8114552015632999,0.7491950524862627,-2.843920493674609,-2.4853159783824177
-0.35947838210755473,-0.5701636136823596,-0.25741012341937186,0.6075085357620592,0.03169204009053506,-0.2937563151687709,0.23173881482689218,0.20676408604089483,-0.4865649783707649,-0.06989134947286829,0.17653484469070144,-0.002055892128519149,0.2038814902049147,0.2602590125481007,-0.5736912316703766,0.3563570671871136,-0.043600952364836944,-0.20664474819998163,-0.14287293238882656,-0.1410897397747,-0.6777217932730598,0.05546307897993733,-0.779505866898249,0.007167120590587574,0.664442578996561,-0.6761898426109771,-0.30756019904583537,-0.14373464433508493,-0.3366328938669648,0.30483708683480026,0.15480987976410313,-0.2578713067645015,-0.18890988368383574,0.06938575866230799,0.04401036439894906,-0.5251604965672868,1.072643570184143,-0.6601023953901578,-0.37998852138592404,0.5313564662209799,0.17567345753700797,-0.0733044210260097,-0.44221984285027843,0.26297667245207196,0.21162320281122773,-0.6802600765759299,-0.454290002959307,0.4802536515358208,0.5501061563741181,-0.11281632118944379,0.15479410351741285,-0.4519857423009802,-0.28978498605927955,-1.2058849091815214,-0.009553952041056876,-0.4838893782079896
-3.166303787855314,-0.8906814134231099,-2.587387283802443,0.6426601484709681,1.6501310452096931,-1.01871191768532,-0.4586252304083953,0.5445370822556254,0.8879462375808665,-0.8979979830267867,-2.419788520986969,-2.0019933322493135,2.698173249606138,-0.5736912316703766,4.057409473211516,-1.6939150888238719,-0.032585385997872314,1.71915507406277,-2.3348675538633175,-0.5578328348160801,-1.2583025687976472,-0.35736223178859994,2.4353505337660892,-4.076804238628046,-2.2174787645917906,1.2681351215175218,2.1388061996383354,-0.438670303188343,3.3927393533983845,-2.749096551279123,-3.171047113410419,-1.0448901616679336,0.70696319914759,1.0401680393797765,2.4998795559221105,3.0442448913373426,-0.043990240268550494,-0.528404193596281,-0.7772430514357543,-2.454781310161983,-1.2309937441564178,-2.5004623337794745,1.6294080761103373,3.4823378337028337,-0.678041472364659,3.3575841780091364,-3.1656010822461296,-3.283978491511764,-1.6987182029002725,0.07095157247043628,0.19506772500020872,-1.054130866130651,1.576951910680943,4.325508065415285,-2.402379036068502,-0.6052785736235674
0.7681849066151664,-0.10298664949414259,0.657605178285852,0.20869179236815422,-0.5066934371289924,0.1288874791224321,0.3061352720734279,-0.03293729933647494,-0.6149757187392738,0.24263316787228464,0.8935532752442965,0.6396241319276795,-0.7239516244173058,0.3563570671871136,-1.6939150888238719,0.7852144255123036,-0.01819086078296263,-0.6909045718543703,0.6512418909264964,0.0865163848469531,-0.05843743072538328,0.1556327123263505,-1.3165290218425116,1.3099755416370926,1.1616190361104697,-0.8713180442587315,-0.8955072097457715,0.044672020509046353,-1.3136554886162874,1.0903822603767228,1.119352170278373,0.15671970376050204,-0.3574104654083822,-0.2850610410661469,-0.7761241143935541,-1.3322355284075795,0.7502149201122331,-0.2784618939635535,-0.0070666792589421865,1.1521480184853612,0.5106038674682642,0.7483717249852935,-0.8263690029177988,-0.9344452346426522,0.36450377554577473,-1.5398113824531856,0.7022953686510774,1.3821105209399664,0.921202352008095,-0.0983596868276201,0.04097578102600888,0.03300926581960548,-0.703800483946918,-2.2096001145694566,0.7667600572312948,-0.136816011537504
0.2574029920378093,0.20417403879314883,0.20364071230123754,-0.2056135581781999,-0.09300352195029288,0.14856404621820263,-0.05297603272319296,-0.0909817879362596,0.09303618163353451,0.0637500128693842,0.06986085424891628,0.09528863524178988,-0.18996360696052766,-0.043600952364836944,-0.032585385997872314,-0.01819086078296263,0.01992630671883315,-0.018997832223796383,0.15550313372840968,0.0673739686423041,0.2579666034700812,-0.011953567898398403,0.09907465333418274,0.19934058641435212,-0.08884075212846622,0.13399213336531612,-0.018851479499961427,0.06576219912419859,-0.07985493201597803,0.046721278329934675,0.1179605174539151,0.13195448373435203,0.018115688256862952,-0.07950463698178087,-0.12826035749406928,-2.6963760420336673e-4,-0.31268681660600395,0.21474827143024802,0.14542457104131953,-0.03151887734378684,0.011623831340883923,0.13640703597417853,0.04672733801830511,-0.24856154228819144,-0.0213680099707819,0.030814045253597926,0.2843504467075677,0.028068289336752865,-0.0771299864549765,0.028875009174633186,-0.05844672739291104,0.18048150649408218,0.003340523843943053,0.12943375608872593,0.12383593839585712,0.17689243240872288
-1.5442229838324466,-0.5495951360126843,-1.2407219547445392,0.443998082215533,0.7636598707551563,-0.5229096628625634,-0.15892464723488858,0.29752160873828293,0.28900210087641737,-0.4248346159253018,-1.0702853454928076,-0.9230723983655567,1.2918713095952195,-0.20664474819998163,1.71915507406277,-0.6909045718543703,-0.018997832223796383,0.7450760836932826,-1.1056773872228889,-0.283514763515201,-0.7405494961173513,-0.1550912871969331,0.9152094953525814,-1.8707460059991845,-0.8649782995382644,0.41175556436722577,0.904200508964246,-0.23015003616246912,1.4729247345339427,-1.1850709711047298,-1.4166942560224438,-0.5413911962753957,0.27353474473845885,0.4893469969690827,1.1543335738428693,1.2704622790491666,0.24448594156083012,-0.3996792192768358,-0.44529472829087724,-0.9908304635817159,-0.5275971938069887,-1.1766265617785212,0.6349049228645917,1.6646164038428024,-0.24943438541390578,1.3753991654417272,-1.5690616355194742,-1.3822079379922059,-0.6443780101867641,0.007442087518825486,0.11997283056022168,-0.5884851658800776,0.6495988298257419,1.685554794057339,-1.0961034890094192,-0.39075931609032044
4.188346914116253,2.528512647354101,3.2797042312626026,-2.4000646303035107,-1.7334515193407667,1.852432609679729,-0.23541687182556165,-1.1481829725787138,0.516430317305598,1.0713663421716586,1.9056622602778213,1.9899993161312965,-3.2764244794215096,-0.14287293238882656,-2.3348675538633175,0.6512418909264964,0.15550313372840968,-1.1056773872228889,2.7234534630866922,0.9289217325333643,3.208569553332941,0.15317119374734206,-0.12166909858945825,4.030234401073603,0.28101037555277053,0.7366299090979737,-1.2264938882912308,0.836996437844102,-2.420624995887037,1.8267481836244932,2.7189098155194866,1.8075574267071333,-0.13774144584622744,-1.2477377322332386,-2.5563483660862203,-1.5069330053470442,-3.1099269258587636,2.4170183012445445,1.8453916891408415,0.8668105680847108,0.7417064724788176,2.706042562078093,-0.31123770384428223,-4.231714049346342,0.04083281278373667,-1.3545619908941087,4.4703939465105496,1.8479381587195938,0.07207020478183847,0.2460582391450231,-0.6295198474772902,2.325581029655347,-0.7179235311070526,-0.7852000132887426,2.3831341065613048,2.016851869618078
1.4744647212626394,1.0131307742214095,1.1524124880641031,-0.9841818061287424,-0.5703785723097444,0.7046821802321255,-0.15619678390950134,-0.4421907019486006,0.3358896322595693,0.3726968290484818,0.5518634431773483,0.6419067563721945,-1.1260188193819562,-0.1410897397747,-0.5578328348160801,0.0865163848469531,0.0673739686423041,-0.283514763515201,0.9289217325333643,0.3529031458010547,1.2706554777266255,0.03181792346938922,0.22429558045640147,1.2970967350409828,-0.14229689205742388,0.4675471983089078,-0.29035074831550794,0.32263275967324995,-0.6630635539003803,0.4858806376834384,0.822489498635523,0.6710635878909008,0.018354152307056733,-0.42698350600021884,-0.8448148508167705,-0.30357859247467567,-1.3704220007206924,1.0107709415745871,0.7299890031435244,0.09972413182589678,0.1748860432720138,0.8944033861572176,0.04939217354387178,-1.4547198795169303,-0.055794680631974514,-0.20204465625123808,1.5971161797756728,0.43371545541519174,-0.16535855669167793,0.11985415870606206,-0.25966451842231125,0.9104769403352124,-0.1328946187672505,0.16134668561098653,0.776793077566719,0.8186051737657493
5.241140379856116,3.9065473293487227,4.030007362426563,-3.855223008558437,-1.922806626473902,2.5998973501302065,-0.7575133160762886,-1.672360222453215,1.5760623389751138,1.2788942951308024,1.672117747083164,2.128314511869693,-3.9387155558062803,-0.6777217932730598,-1.2583025687976472,-0.05843743072538328,0.2579666034700812,-0.7405494961173513,3.208569553332941,1.2706554777266255,4.864877936426049,0.017037586900364957,1.546470226908391,4.295016601509131,-1.1078403039054132,2.245529862893791,-0.6552251907301839,1.1906802244181878,-1.8928897738721837,1.2933418506071364,2.5913789986665106,2.495187034717459,0.2639131445244063,-1.4916339640320797,-2.7903997572322146,-0.5008365522077297,-5.63025548565407,3.9708533465852263,2.7608658960831365,-0.2202335049070313,0.4386043836053783,3.0533422280048335,0.6214545574891845,-5.089363129789706,-0.4161645349968403,4.4834894398079034e-4,5.748805833193376,0.9440308438008954,-1.1036634205935678,0.4957322624800094,-0.994191014609548,3.424924985336801,-0.1479815496709372,1.7277667924935491,2.549313264164473,3.192942583711535
0.18977141193883082,0.011256857676550287,0.15874400620178067,0.017079634085111702,-0.10851285493972465,0.018570818938325215,0.07597422452165242,-0.007155665288601815,-0.10634712213236751,0.061327718269831064,0.1850277376959011,0.1493347262551524,-0.171591739142901,0.05546307897993733,-0.35736223178859994,0.1556327123263505,-0.011953567898398403,-0.1550912871969331,0.15317119374734206,0.03181792346938922,0.017037586900364957,0.06235883654868168,-0.25184907511778376,0.2882531056671971,0.23849597879428533,-0.1706720302095204,-0.18148955535469644,0.013649542233972115,-0.25421135905169157,0.2321062324844131,0.2266737195314972,0.03188080268437447,-0.07039179355215339,-0.04934228216870469,-0.1952411704233793,-0.26750751916856086,0.13477588416188546,-0.026241966421531426,0.023808202507966406,0.23447074025877032,0.09810004653131645,0.1816222886125661,-0.16594813371392778,-0.21477961252463998,0.06279912885167777,-0.3118189898767097,0.1788954232452587,0.2790546743199362,0.18631826527153184,-0.014927372955293608,0.007856116011866417,0.03521159745145422,-0.13950763244877606,-0.42822439276455854,0.169651367325994,-0.02423010803498286
0.29795857493242656,1.3382925521412175,0.0998130370202477,-1.4980207484451538,0.2657530912782187,0.5428943497060784,-0.7293956377326402,-0.44259141710941535,1.48712058540849,-0.027395314615799644,-0.974796195643908,-0.41919041100632465,0.01683544359858519,-0.779505866898249,2.4353505337660892,-1.3165290218425116,0.09907465333418274,0.9152094953525814,-0.12166909858945825,0.22429558045640147,1.546470226908391,-0.25184907511778376,2.659910208687151,-0.8836504016840154,-2.2422502619676004,2.123342918479785,1.2901320194888775,0.27262403434564714,1.608450439455714,-1.4235662046387763,-1.0778222224843914,0.48716445879624665,0.6780464789547599,0.03059108385353957,0.4618534546584312,2.0533543008919146,-2.932110134284771,1.6400056596141326,0.828280838979185,-1.983718538928026,-0.7045274798985193,-0.3125903330561016,1.56229825028211,0.022822889917300818,-0.741715900684594,2.549500676057351,0.5619424202157502,-2.0174777322964834,-1.8581043124466894,0.30686698856442746,-0.354732442628888,0.9581841457475634,1.1257960526125381,4.181779817481222,-0.5215986349327919,1.1757086429106944
6.071458971413577,3.3530352771974985,4.781334798766557,-3.122622026555629,-2.616684383858128,2.56808895623825,-0.15109872792127804,-1.5674842318717628,0.3575261513935061,1.5760853294616324,3.0626510744102324,3.035149609411626,-4.817556673550198,0.007167120590587574,-4.076804238628046,1.3099755416370926,0.19934058641435212,-1.8707460059991845,4.030234401073603,1.2970967350409828,4.295016601509131,0.2882531056671971,-0.8836504016840154,6.155871527223533,1.0178077347928522,0.5183733821027194,-2.1456537372612727,1.1519200867506019,-3.9891875800547454,3.0610242844731945,4.283956738282945,2.5262422039757704,-0.38047262197053006,-1.8407761769132143,-3.8691691871939695,-2.765047192500205,-3.7867573447088354,3.104983564673081,2.482431819026752,1.7990951981597882,1.283725245984041,4.062183082356936,-0.8713266593511168,-6.22216385317633,0.25335907964118715,-2.672219610210304,6.416466117288233,3.249651895513726,0.6013488651362104,0.27680294970214514,-0.8252386955152106,3.151768390674878,-1.3541619903255242,-2.2714951053679853,3.6325663675094595,2.6463208748910088
0.029045232316305108,-0.9660779967005989,0.11164780846446225,1.1131016708093093,-0.3358460367265485,-0.37617518197262084,0.6173528274666997,0.3079387307245025,-1.2284374378861227,0.08567748633949447,0.9578967494311375,0.4955315744685065,-0.2372924845946186,0.664442578996561,-2.2174787645917906,1.1616190361104697,-0.08884075212846622,-0.8649782995382644,0.28101037555277053,-0.14229689205742388,-1.1078403039054132,0.23849597879428533,-2.2422502619676004,1.0178077347928522,1.9439219394011829,-1.7463525496657972,-1.171242849660705,-0.18960121915214015,-1.5174518044594867,1.3254974082667146,1.0898271364788916,-0.29987681451332615,-0.5753579224955215,-0.09502629296257727,-0.5564221309023754,-1.845446260050298,2.283772676677162,-1.2413289879548666,-0.589320445838134,1.7303805985314566,0.656918514021869,0.4676058377598899,-1.338104272488432,-0.3008951841985942,0.6111223878402537,-2.25580133938288,-0.17274999301799776,1.8186530778381222,1.5823852051714609,-0.24902680907740668,0.27564081180555583,-0.671183273538713,-0.9960570958096525,-3.5920042337943086,0.5818564435148559,-0.8793076644647639
1.5266993021854274,1.862691383173065,1.0906825226046908,-1.9560189117377553,-0.31828366399970215,1.0242627901298933,-0.6745873868422212,-0.717350892329249,1.3666424064235494,0.306307463058382,-0.20746282595111176,0.265928174422402,-0.9906822319261546,-0.6761898426109771,1.2681351215175218,-0.8713180442587315,0.13399213336531612,0.41175556436722577,0.7366299090979737,0.4675471983089078,2.245529862893791,-0.1706720302095204,2.123342918479785,0.5183733821027194,-1.7463525496657972,1.956779911348551,0.6720737758538745,0.4818375797947782,0.557708468841614,-0.5991452485249665,-0.037067756090708184,0.9575098823045934,0.5083519242121464,-0.36600646945132537,-0.4021103482091992,1.2081710055405943,-3.3481538024180573,2.0767198322160265,1.2393032716782042,-1.348560624215568,-0.34482193179708603,0.5686753456903154,1.1762069738983016,-1.2819069274293442,-0.5854236242852522,1.6606634170180983,1.8279091560780483,-1.0710369783143483,-1.4932371413099945,0.3254677382877329,-0.48641364563240275,1.4932353867191985,0.6940216164031766,3.159930911597908,0.30989172530799514,1.5840788574251614
-1.661675604071398,-0.4608835153634565,-1.358147917520418,0.3315463598076133,0.8691366090503094,-0.5380493958631699,-0.23940508156427626,0.28658081799298074,0.47410774602901606,-0.47059694010247377,-1.2763358288512172,-1.0517120253475551,1.417286420156088,-0.30756019904583537,2.1388061996383354,-0.8955072097457715,-0.018851479499961427,0.904200508964246,-1.2264938882912308,-0.29035074831550794,-0.6552251907301839,-0.18148955535469644,1.2901320194888775,-2.1456537372612727,-1.171242849660705,0.6720737758538745,1.1291982027446308,-0.22980096113548557,1.793750907886639,-1.4485472914780795,-1.6735294979773865,-0.550587794234896,0.37383262449901405,0.5504976238919749,1.309725866745669,1.6081934317455557,-0.02997571302348293,-0.2697984393009299,-0.402979572873543,-1.2961390195354803,-0.6513991767030821,-1.312315063759354,0.8610551529159179,1.8307052692060322,-0.36062248269325514,1.7733495394060848,-1.6605341965164198,-1.7339447267972448,-0.8977476813292855,0.03898984876047106,0.10219758721542178,-0.5480621573029465,0.8334178638919606,2.289823095162319,-1.2638626349355389,-0.3171346838878463
1.3420842617980249,0.9498891803385668,1.0443574318691828,-0.9297303593874581,-0.5108395378854858,0.6571820880470294,-0.16545609750434015,-0.41440162123384905,0.3405256275282285,0.3348508436133239,0.476005241407749,0.5683922409042093,-1.0188607208484446,-0.14373464433508493,-0.438670303188343,0.044672020509046353,0.06576219912419859,-0.23015003616246912,0.836996437844102,0.32263275967324995,1.1906802244181878,0.013649542233972115,0.27262403434564714,1.1519200867506019,-0.18960121915214015,0.4818375797947782,-0.22980096113548557,0.2992837547653296,-0.5645572005259548,0.40115174971570533,0.7206946873421173,0.6244942174117537,0.03482965460855697,-0.39026604957919214,-0.7459352133661191,-0.22257911358912527,-1.3227530748548655,0.9557621245373772,0.6795551120951332,0.03677341404805764,0.14273103396401804,0.799170083813878,0.08697508254231295,-1.3179432681430145,-0.06858037126769247,-0.11597306551246728,1.4604343136898865,0.34067971851720835,-0.20048046028635272,0.11570105484332846,-0.24520050959706113,0.8463951525088557,-0.09150295191010621,0.2538726023754467,0.6887819238138956,0.775953408873298
-3.451897368664678,-1.4197405482808503,-2.767472783852529,1.2226852827060424,1.6525833496824172,-1.296077811355876,-0.2001923066914506,0.7462369977563124,0.40584334439986874,-0.9334971548022453,-2.208582759740109,-1.9559400465382608,2.8441271005202506,-0.3366328938669648,3.3927393533983845,-1.3136554886162874,-0.07985493201597803,1.4729247345339427,-2.420624995887037,-0.6630635539003803,-1.8928897738721837,-0.25421135905169157,1.608450439455714,-3.9891875800547454,-1.5174518044594867,0.557708468841614,1.793750907886639,-0.5645572005259548,3.0232832404838974,-2.382334694129121,-2.974449494449499,-1.2970140453983703,0.49975514105070806,1.1054856504214492,2.450318146196859,2.4746745024544556,1.0394683326443013,-1.148451468586519,-1.1132238740477627,-1.8678383676138175,-1.0533448062644462,-2.5176545416238554,1.1495004500027113,3.677001148211352,-0.4537468496192666,2.6193359260537212,-3.5482240303735995,-2.7409325597105947,-1.1113255652924043,-0.03430740932627207,0.3400341986518357,-1.453632969294916,1.2598691671081175,3.05604076985715,-2.3481890954791544,-1.0835625336429033
2.5649288441877713,0.9608627777994997,2.071016474839413,-0.7954977157704143,-1.2572511582049357,0.9157673633283607,0.22167327690048158,-0.5173021797655197,-0.4195538947371344,0.7068691003406181,1.730601957940002,1.5048529953675558,-2.133783712626033,0.30483708683480026,-2.749096551279123,1.0903822603767228,0.046721278329934675,-1.1850709711047298,1.8267481836244932,0.4858806376834384,1.2933418506071364,0.2321062324844131,-1.4235662046387763,3.0610242844731945,1.3254974082667146,-0.5991452485249665,-1.4485472914780795,0.40115174971570533,-2.382334694129121,1.9060908845116022,2.3074850423002977,0.922252287395747,-0.4314336378656686,-0.8204005338286398,-1.8917958420703014,-2.0192693009562843,-0.5265421223838469,0.7328156116761517,0.7745871876030759,1.566583065546024,0.8399626552346315,1.9184104779861797,-0.9930149957668242,-2.7546734368742607,0.39791401193866605,-2.1724957913876115,2.6145027781066763,2.218023836433482,0.9902808414976406,0.002849371036042473,-0.22424905533093487,1.0191647024252168,-1.0350340901388584,-2.6288728425110652,1.8055349094649655,0.7065257792512626
4.009134970738295,1.9960003035727532,3.1791976707653964,-1.8152231797450287,-1.8023234560906016,1.625702789904436,0.02549265918241365,-0.9716907753253581,-0.036863472944857846,1.0569176960642082,2.231858376014756,2.106237329202764,-3.2281808827794314,0.15480987976410313,-3.171047113410419,1.119352170278373,0.1179605174539151,-1.4166942560224438,2.7189098155194866,0.822489498635523,2.5913789986665106,0.2266737195314972,-1.0778222224843914,4.283956738282945,1.0898271364788916,-0.037067756090708184,-1.6735294979773865,0.7206946873421173,-2.974449494449499,2.3074850423002977,3.0715372029815717,1.6080661449889053,-0.3777859539380348,-1.244156733913909,-2.6641394624759522,-2.229492984292766,-2.005978629275149,1.7743511569258819,1.5051572109890896,1.564834667908534,0.993163245679006,2.773973788405667,-0.8669995696631317,-4.171884897781301,0.3066043801541355,-2.255608959650522,4.192503742122466,2.545514329866895,0.7396564586860989,0.12760429745354457,-0.488035712836433,1.9293489656303229,-1.1134206958241504,-2.288676889125489,2.5252310176257744,1.5617390558994253
2.884170993018777,1.9869712658503298,2.2310668656332693,-1.9385172484621869,-1.1137578252259805,1.3788053776008642,-0.32620075780103397,-0.8743099192548719,0.6635894351023386,0.713776216158658,1.076862719609228,1.2462539336081186,-2.2027065172111056,-0.2578713067645015,-1.0448901616679336,0.15671970376050204,0.13195448373435203,-0.5413911962753957,1.8075574267071333,0.6710635878909008,2.495187034717459,0.03188080268437447,0.48716445879624665,2.5262422039757704,-0.29987681451332615,0.9575098823045934,-0.550587794234896,0.6244942174117537,-1.2970140453983703,0.922252287395747,1.6080661449889053,1.3308713069723817,0.05268782330895229,-0.8438272719514058,-1.6114420798721694,-0.5756086422954689,-2.7357118822479545,1.978575967881678,1.4173256367867177,0.15573226568444024,0.3517889800392645,1.7484961019961978,0.1277819415511269,-2.8485746408334878,-0.1268744380471867,-0.363269105133887,3.1312181053388537,0.8144525488294063,-0.35515963285485835,0.23097622370649978,-0.5041113543910115,1.7693125903644698,-0.24351411920406899,0.36671557908245583,1.4943510364702344,1.6209926559375503
-0.08850010975150506,0.23835324671301805,-0.10544436249071094,-0.28389199054508174,0.13496231045282123,0.062340564143831524,-0.17484650792471748,-0.06662080929272468,0.3543867005168602,-0.050073591916206424,-0.31971378333058315,-0.18340935709812903,0.13199144871856378,-0.18890988368383574,0.70696319914759,-0.3574104654083822,0.018115688256862952,0.27353474473845885,-0.13774144584622744,0.018354152307056733,0.2639131445244063,-0.07039179355215339,0.6780464789547599,-0.38047262197053006,-0.5753579224955215,0.5083519242121464,0.37383262449901405,0.03482965460855697,0.49975514105070806,-0.4314336378656686,-0.3777859539380348,0.05268782330895229,0.1774348742664837,0.05664243757617692,0.21875146263895995,0.5765089810530496,-0.6193994510589856,0.31782837087647176,0.13526136672272224,-0.5358611060371544,-0.20522658654117484,-0.18334045398140655,0.40751996836067667,0.1709043232902426,-0.19031207893624627,0.6962275493792818,-0.03250566234300564,-0.5826564754043079,-0.4721886612555299,0.06715987941561898,-0.06363130753649533,0.14895100069467923,0.31264993323043494,1.0863923660405053,-0.2267776175835355,0.2174178420092909
-1.9236969161096371,-1.171135755617031,-1.5080995294955264,1.1179047807873146,0.7959965454801803,-0.87325100688363,0.12798896282806352,0.5381528182176473,-0.249721229505795,-0.4899953074123895,-0.8659146948388203,-0.9037609783804372,1.5020864446181112,0.06938575866230799,1.0401680393797765,-0.2850610410661469,-0.07950463698178087,0.4893469969690827,-1.2477377322332386,-0.42698350600021884,-1.4916339640320797,-0.04934228216870469,0.03059108385353957,-1.8407761769132143,-0.09502629296257727,-0.36600646945132537,0.5504976238919749,-0.39026604957919214,1.1054856504214492,-0.8204005338286398,-1.244156733913909,-0.8438272719514058,0.05664243757617692,0.5830905000639882,1.157127145982964,0.6702008585761233,1.470335846021685,-1.126114437983283,-0.852977414941645,-0.37471577109700893,-0.3352617662353608,-1.2293419530791418,0.12445041048236857,1.9443715023922443,-0.017131587064052264,0.5917767214123912,-2.056093519600256,-0.82999963292546,-0.008022174778943757,-0.11600016355699726,0.29789119471082975,-1.0756415687205847,0.31930294344031734,0.3175548082431783,-1.0903665026103824,-0.9493880648874329
-3.8657306797866466,-2.188049500508733,-3.049835131109346,2.0432245214803944,1.6471149967105625,-1.6474980068770508,0.11368353007904357,1.007226788848654,-0.29406510857053497,-1.00758341844481,-1.8977009296956382,-1.9127605033850819,3.0554426098287157,0.04401036439894906,2.4998795559221105,-0.7761241143935541,-0.12826035749406928,1.1543335738428693,-2.5563483660862203,-0.8448148508167705,-2.7903997572322146,-0.1952411704233793,0.4618534546584312,-3.8691691871939695,-0.5564221309023754,-0.4021103482091992,1.309725866745669,-0.7459352133661191,2.450318146196859,-1.8917958420703014,-2.6641394624759522,-1.6114420798721694,0.21875146263895995,1.157127145982964,2.4600625219830805,1.6676073622447571,2.5038279469279696,-2.045875663481622,-1.620525474763194,-1.0710640251792352,-0.7748008599432707,-2.566106862560166,0.49765724707394887,3.942940005565593,-0.13349316377321072,1.5944455556311463,-4.092868529893662,-1.9844308948669025,-0.3141902588241438,-0.19201143580687988,0.5402397765735463,-2.051430513009306,0.8147006358829254,1.272773443145809,-2.292990887095146,-1.7182212387245206
-1.9578570939858366,-0.30678698772574536,-1.618246255171443,0.12017192939028917,1.1016687929396929,-0.5395051094264458,-0.4288438835487071,0.2625618548029445,0.85452622944730106,-0.5712162640930003,-1.7310609044777074,-1.3541310436694896,1.7216488237893215,-0.5251604965672868,3.0442448913373426,-1.3322355284075795,-2.6963760420336673e-4,1.2704622790491666,-1.5069330053470442,-0.30357859247467567,-0.5008365522077297,-0.26750751916856086,2.0533543008919146,-2.765047192500205,-1.845446260050298,1.2081710055405943,1.6081934317455557,-0.22257911358912527,2.4746745024544556,-2.0192693009562843,-2.229492984292766,-0.5756086422954689,0.5765089810530496,0.6702008585761233,1.6676073622447571,2.334515692012862,-0.5837141556720178,-0.014831302367451742,-0.32825756201036177,-1.9372907579030392,-0.9258744494863045,-1.6545999348660485,1.3321902370925336,2.222726823130243,-0.5693634382180985,2.6264600613688502,-1.9084009193049705,-2.4732994412321787,-1.4347732813242884,0.1068636608343027,0.052159012055470313,-0.47846996624424143,1.2184380960120582,3.555126018635882,-1.6217106239239831,-0.16065231727848606
