V1,V2,V3,V4,V5,V6,V7,V8,V9,V10,V11,V12,V13,V14,V15,V16,V17,V18,V19,V20,V21,V22,V23,V24,V25,V26,V27,V28,V29,V30,V31,V32,V33,V34,V35,V36,V37,V38,V39,V40,V41,V42,V43,V44,V45,V46,V47,V48,V49,V50,V51,V52,V53,V54,V55,V56
25.76938244940686,65.17490892594614,-71.04589581792767,21.044268637747592,54.85469339835386,132.9160198529478,265.16274201800786,-25.581089620257664,7.842089576135335,-1.9633343751317887,61.73132112954254,78.62649292603436,-104.35496529619863,-42.28737488661537,-109.45733302393909,181.16344192643055,-129.4192160621278,10.092684237607518,-81.66504887143955,-50.16705705941012,5.776522110327166,27.362435590618453,103.3727599745637,-15.160137285416772,-43.27366541301115,24.491733146595003,22.72993511192227,125.57394035367447,-66.75773216444958,-138.65440447208107,-60.773987568510464,-92.71920582646119,-126.10578903599423,72.51318924302012,7.999478165169202,12.535947574228402,-51.72548539619372,-74.780542240864,-113.63222251373588,42.004550001089,89.71873775181604,-54.1082544131195,81.5127760319401,-9.614652199809273,-94.06837718340994,25.663578793444564,101.11231660540646,191.012072610355,25.289703087363016,125.81331271366916,65.12129613667744,130.63019681467196,-8.269901662631375,125.71184364171071,-54.037594540551105,-185.6240868615232
65.17490892594614,172.25882991179307,-185.71375255742967,56.50365451583335,146.62239771976903,351.9396645546251,697.0819360628734,-68.19334216234134,21.404361801602207,-5.903248460405771,159.43948117848106,205.69717998644873,-275.41438527358883,-110.98877337844542,-285.6265842675483,477.14794773619633,-338.9209916913321,28.239839023035046,-214.29394819186183,-128.12842553181588,17.34855243013725,72.66132670491518,269.3793248538685,-40.81125439613819,-113.45300373628451,64.48183557527699,60.017333861519646,330.77018479093505,-175.63501315492462,-363.6680318379923,-160.09321660458136,-241.29680822466895,-327.75996657753495,192.00090245881927,18.917466147235757,33.886104999447625,-134.13244432915656,-197.12356045369273,-299.0965459851327,110.6366571431777,236.06900729930194,-143.82530580381325,213.23809425395157,-24.924524692513174,-250.58173333295744,66.5237030412005,266.5632852394769,502.6742327202815,65.93645775964808,331.6638678528111,170.4877958964137,342.5582263714141,-21.255119685345885,331.5827771308788,-141.50364563975216,-485.7086970601931
-71.04589581792767,-185.71375255742967,200.9365388610312,-60.6254912683437,-157.71119550576577,-379.2666082621577,-752.7943350684731,73.28244753019008,-22.761180803227198,6.194257534421797,-173.041380003034,-222.46914983562985,297.06198329656775,119.93321081113316,309.10876945835355,-514.9756114551079,366.411904067478,-29.994760377443473,231.45265904916874,139.59405606569356,-18.090764478110867,-78.17855521989739,-291.65737913380934,43.65626103452805,122.59924466836193,-69.64431076476824,-64.79040413157671,-356.99283044946753,189.61412055933357,392.9492400588441,172.74175849818815,261.35009543918824,355.1093165199777,-206.9824286618551,-21.073105372567007,-36.21377695657606,145.40967407273365,212.60870164289975,322.868226790288,-119.40278941528382,-254.86020032683734,154.7726297190052,-230.47958979448367,26.919617642490422,269.51281846719036,-72.14746632160133,-287.5812477614235,-542.6374605644912,-71.42903044018671,-357.88952412826575,-184.30702120577706,-370.19581679998055,23.122633159689872,-357.7318263706824,152.9010102000196,525.2974713911924
21.044268637747592,56.50365451583335,-60.6254912683437,18.66807918524314,48.231524129531195,115.540223999188,228.17955563654195,-22.48921492692025,7.2285541536921665,-2.0344899136571692,51.83824831098985,67.18868387467997,-90.29027191410502,-36.283863954959905,-93.22709247900526,156.29326629873108,-110.75484363450713,9.474181056011318,-70.14769329871066,-41.42130506594676,6.006137308062998,23.96154991230985,87.82839616235466,-13.549616213806061,-37.16028491913172,21.10712163144497,19.66211984057623,108.33538749842293,-57.486480663931815,-118.9654762106453,-52.43477290355256,-78.60765844527778,-106.73314679674984,62.99558797228062,5.917542848141996,11.277115794177806,-43.64912845888439,-64.65083797949895,-97.93596542697136,36.202010436315895,77.25991450010827,-47.277589177411805,69.74888594209305,-8.193644106096613,-82.51415711195202,21.662650246320652,87.32583848955743,164.56120947066074,21.510791961489108,108.65341040606744,55.68500601871962,112.03009355091046,-6.877980170375813,108.69043083191619,-46.25483228279267,-158.6065942957384
54.85469339835386,146.62239771976903,-157.71119550576577,48.231524129531195,125.23634061645038,299.6487328657989,592.5812583874944,-58.0673181774585,18.13560008065073,-5.139478630496213,134.95366942277585,174.6897907703133,-234.3505579622197,-94.36116442030996,-242.3927181230495,405.8206866940605,-287.89905017414316,24.31330127205349,-182.00519062290027,-108.2496290096156,15.071470772214234,61.74460057661866,228.63048366208716,-34.760785075223545,-96.26463401748775,54.84988030841049,51.09507682374451,281.3603085254538,-149.391530507878,-308.9333375978102,-136.18904347329143,-204.7693864263399,-278.0425896169004,163.52207478326605,15.67682156273854,28.867395011091688,-113.70522466038449,-167.57549023192277,-254.36505671199038,94.18240035796116,200.81007224664026,-122.58958058850453,180.93803476866108,-20.98231516631006,-213.52596553899556,56.35051309818357,226.81662014051517,427.5220307194032,55.92565932263199,282.17746016546863,144.85790091339217,291.02289809892994,-18.00391685677978,282.07833547488775,-120.1873229238984,-412.62469384574206
132.9160198529478,351.9396645546251,-379.2666082621577,115.540223999188,299.6487328657989,719.1516965940795,1423.9852932566691,-139.4245269236484,43.950930897793675,-12.167270206146705,325.48356306251407,420.0999717765532,-562.6730413112002,-226.6765668817406,-583.306466553478,974.7396599542764,-692.1981206184424,57.86579129128395,-437.76456409107846,-261.4060281279446,35.72957550344273,148.61313811233018,550.010861047638,-83.49679354333225,-231.8482984113127,131.7327783139599,122.6294725011375,675.6918530074439,-358.7362472445868,-742.8588500679839,-327.0063142560804,-492.60045182775656,-669.0880120135745,392.3125150794332,38.46021937502604,69.36354534477293,-273.8042752599866,-402.7642648710894,-610.9728516444736,225.93354458321,482.16319481751225,-293.88078181584365,435.58933960429397,-50.972062435046254,-512.2299490573168,135.84418010707844,544.4988419765813,1026.7627329099716,134.68542141835405,677.5327178918596,348.13215596096364,699.7158530403644,-43.35920991468225,677.4509759881394,-288.97015200585986,-991.876814830055
265.16274201800786,697.0819360628734,-752.7943350684731,228.17955563654195,592.5812583874944,1423.9852932566691,2823.254231948705,-275.6310280386891,86.3352551251127,-23.646011559196808,647.3089083717717,833.6629674072027,-1114.7758696604858,-449.59047775075186,-1157.9966729579119,1931.8963267853771,-1373.3299607267577,113.53061865338117,-868.0563617081049,-521.0632283424684,69.2807784517381,293.9723766239606,1092.2273133631247,-164.6551682368816,-459.8150302612625,261.1678976257656,243.02774352271302,1339.1968571418834,-711.1513847423519,-1473.341140196081,-648.0606678271687,-978.4684925929913,-1329.2989777687876,776.9357292075713,77.75085865018501,136.68801466164257,-544.1747612114402,-797.9795796007393,-1211.0697898192216,447.81964556092004,955.8326886301564,-581.4674970040276,864.1414537878039,-101.11082411894365,-1013.0672927526365,270.01399586283566,1078.9714164908733,2035.3153844684673,267.48817142234077,1342.6811663604587,690.7245570134909,1387.88237724013,-86.34993130311389,1342.3357700537313,-573.2145561072983,-1968.3227773222904
-25.581089620257664,-68.19334216234134,73.28244753019008,-22.48921492692025,-58.0673181774585,-139.4245269236484,-275.6310280386891,27.155705942628586,-8.773887953960022,2.42878590164608,-62.8066985076888,-81.21036297602058,108.98759475355061,43.81672474333323,112.73369702542917,-188.71988558838922,133.8399225289769,-11.356463382696989,84.79384483694822,50.23432240602041,-7.170249631816862,-28.989096637707746,-106.1754273258368,16.3663209106139,44.96176803855948,-25.4874030320313,-23.727977738009606,-130.7956237740398,69.3916642777146,143.77572121142583,63.29956088298036,95.04020802488489,129.07347392889153,-76.01108161679188,-7.271397525233483,-13.625896885565044,52.816292110108286,78.11307524778603,118.26467652841639,-43.66575476754877,-93.26349368596925,57.00607194784995,-84.35528670046943,9.974805089604711,99.54772764333582,-26.230135891735955,-105.39905457003339,-198.70446193696617,-26.043714300326958,-131.17087085797218,-67.27301871608982,-135.3851953181714,8.325176664302163,-131.22482285056898,55.89557969858796,191.64163884628084
7.842089576135335,21.404361801602207,-22.761180803227198,7.2285541536921665,18.13560008065073,43.950930897793675,86.3352551251127,-8.773887953960022,3.36129892943963,-0.9252245007092257,19.47258781323956,25.29281046997724,-34.18710974945744,-13.595527136004824,-35.13514319957153,59.10188243497748,-41.69800172990293,3.80311806271379,-26.709799769521855,-15.264850459074333,2.743902794586097,9.546564087187017,32.80274912609901,-5.453977084251653,-14.386546363566184,7.969800758588859,7.427498387961372,40.89037421591401,-21.59188617830906,-45.08412000630062,-19.738065300791643,-29.20885418505135,-39.67355948453882,23.849551475077064,2.0572690779846705,4.6140581238093095,-16.24957427732841,-24.71502637783073,-36.96389973669419,13.450203256495257,28.98331789413463,-17.905115609234496,26.633829461807412,-3.4142806937865475,-31.772367891648027,8.1936088767574,32.86505388427084,61.956036695299325,8.17193945611915,41.007263723881294,20.804286768705186,42.37077122521367,-2.4900522009520563,41.240424737753706,-17.39415923343454,-59.388115594832904
-1.9633343751317887,-5.903248460405771,6.194257534421797,-2.0344899136571692,-5.139478630496213,-12.167270206146705,-23.646011559196808,2.42878590164608,-0.9252245007092257,0.3100975121954876,-5.170243308887536,-6.880566949153851,9.412412712582993,3.720825277010922,9.507718238689279,-16.225940587129525,11.350255275767212,-1.1432333031076714,7.2627046933840536,3.9988345816705966,-0.8775500796526743,-2.6290953057480606,-8.862409896484605,1.5026227756859813,3.917130826095571,-2.2010852155445626,-2.0684769982347473,-11.231789801126535,5.917944172556326,12.287444196882523,5.408477458411508,7.871216065790175,10.660955264727356,-6.626194810032927,-0.44510117781166053,-1.2805952484697074,4.34529071621153,6.760588995196977,10.137782265326184,-3.6935521481945166,-7.947222204668465,4.969586295941967,-7.195792381935276,0.8792918541657134,8.85086407586066,-2.1983818856282626,-9.024934542167912,-16.980690571192085,-2.2244782487874786,-11.281473217911207,-5.651251078991505,-11.556785116379919,0.6619889806827073,-11.352257562130937,4.705777858384587,16.16643532489936
61.73132112954254,159.43948117848106,-173.041380003034,51.83824831098985,134.95366942277585,325.48356306251407,647.3089083717717,-62.8066985076888,19.47258781323956,-5.170243308887536,149.53559326165674,191.54389225954927,-255.13840727902542,-103.14888942231975,-266.33698499314244,442.55412096458906,-315.37409665439327,25.381646665178845,-199.14650874768867,-120.97708900344571,15.076441398476193,67.12758985740743,251.33408908862557,-37.3309336707804,-105.57384516693277,59.86460893190526,55.649530755325635,306.7637616604519,-162.96124672309213,-338.1213472325377,-148.41405945195726,-225.27594636865024,-306.2060171250571,177.62698187959938,18.652976019186138,30.949339629841322,-125.47437194794203,-182.71135311312784,-277.50191104924943,102.5509739317325,219.02855630674546,-132.6477616848122,198.49036894220018,-23.290716166875136,-230.96733957566417,62.29562630325717,247.02501006850142,466.37969597019173,61.59543877699364,307.4695032942924,158.60811672857153,318.54929284484444,-19.99374103671237,307.32470267783236,-131.5832466586704,-452.1793190352378
78.62649292603436,205.69717998644873,-222.46914983562985,67.18868387467997,174.6897907703133,420.0999717765532,833.6629674072027,-81.21036297602058,25.29281046997724,-6.880566949153851,191.54389225954927,246.3270487854776,-329.01329479673024,-132.8001990860765,-342.2486768143049,570.327454735975,-405.7248843368928,33.273785701812166,-256.33461038498405,-154.4452390292168,20.121604151986794,86.6383931753979,322.89455242873237,-48.416687740973906,-135.78561223283762,77.11916702578736,71.74547912287451,395.35809770781697,-209.98291761952598,-435.1520837934715,-191.3106543718296,-289.32055903732396,-393.1085172691075,229.24205045762295,23.267325343734715,40.16941637745444,-160.96399745720436,-235.49850481668116,-357.5597339526766,132.22378370683117,282.23188320159085,-171.45542045194557,255.25407581492942,-29.843981561790937,-298.6060984711795,79.8688667683873,318.4964707552925,600.9334313070042,79.07482524992497,396.35336628833284,204.07430924877335,409.93990770325564,-25.58156064659134,396.20365173833585,-169.32141548575504,-581.6110616596966
-104.35496529619863,-275.41438527358883,297.06198329656775,-90.29027191410502,-234.3505579622197,-562.6730413112002,-1114.7758696604858,108.98759475355061,-34.18710974945744,9.412412712582993,-255.13840727902542,-329.01329479673024,440.3739431897825,177.50438065153065,456.9042135432059,-762.9959109456346,542.0781671030521,-45.07144087589415,342.71095077541133,205.13301640795456,-27.639301344795406,-116.1546972048608,-430.93126905970854,65.18877319562456,181.46534932057264,-103.12105479845752,-95.97644820285265,-528.924032200261,280.8633162660153,581.6256370380979,255.9869401870354,386.01411006402344,524.358095705973,-306.97235557471026,-30.372904334123113,-54.122786869776505,214.60396520917513,315.1901477122933,478.2835713127547,-176.9079491847275,-377.49909843980714,229.89301313410792,-341.0657595835893,39.8722044905192,400.52668329151936,-106.44855133183326,-426.2246941091244,-803.817217795709,-105.48613804696897,-530.335096401427,-272.6709351472947,-547.8717327171703,34.020221975986416,-530.2064235055884,226.30491227238207,776.8785178826937
-42.28737488661537,-110.98877337844542,119.93321081113316,-36.283863954959905,-94.36116442030996,-226.6765668817406,-449.59047775075186,43.81672474333323,-13.595527136004824,3.720825277010922,-103.14888942231975,-132.8001990860765,177.50438065153065,71.62889930497371,184.46772154411352,-307.64299086961904,218.76275177264426,-18.00733486636809,138.1997469756554,83.1205712380301,-10.898365694791728,-46.69020551279923,-174.06533542585692,26.12948551329297,73.15342564301491,-41.59238529758344,-38.7011859324325,-213.27645984086584,113.28509539884178,234.61768549716686,103.21918004369297,155.97135193353844,211.8982862120717,-123.7000447278654,-12.450330460193252,-21.671928518375083,86.74199530098193,127.00594194053987,192.87240989602438,-71.36887788015137,-152.26756772522796,92.5693308027334,-137.57128202763909,16.03371883296233,161.1523718777917,-43.0127238648594,-171.85208388933054,-324.17562819829914,-42.59294384889417,-213.82632598738937,-110.06419810814802,-221.02939549796125,13.782845813395904,-213.72186227836193,91.31311565042435,313.621086494335
-109.45733302393909,-285.6265842675483,309.10876945835355,-93.22709247900526,-242.3927181230495,-583.306466553478,-1157.9966729579119,112.73369702542917,-35.13514319957153,9.507718238689279,-266.33698499314244,-342.2486768143049,456.9042135432059,184.46772154411352,475.6060338199558,-792.1117763505806,563.6797551741952,-46.07472887304172,356.1180140148302,214.8733647074285,-27.79793897315304,-120.32729142809937,-448.70942759779734,67.18464140103308,188.69330820536464,-107.11299085004347,-99.63467687606423,-549.0881550119443,291.6414566148075,604.5420688339764,265.68529070755545,402.0596807773467,546.3374259888383,-318.287009794669,-32.51304888000294,-55.73741874422467,223.73936643599578,327.0847721986632,496.6109861094237,-183.60794507290112,-391.97517007829157,237.9870715557911,-354.70022056070104,41.52877562171141,414.4995600319039,-111.0437753405447,-442.29706274020697,-834.6142761929542,-109.90066702103478,-550.4394987532439,-283.50069571499176,-569.5127728990904,35.56978431077804,-550.2489294813032,235.2297878649056,808.0406120525914
181.16344192643055,477.14794773619633,-514.9756114551079,156.29326629873108,405.8206866940605,974.7396599542764,1931.8963267853771,-188.71988558838922,59.10188243497748,-16.225940587129525,442.55412096458906,570.327454735975,-762.9959109456346,-307.64299086961904,-792.1117763505806,1322.122361185015,-939.5994665956334,77.87581920752321,-593.9414086938779,-356.0515680440306,47.60364627761032,201.17827735206382,747.1362049798796,-112.7966079087552,-314.5221129223536,178.70843408003597,166.30967039810915,916.5187640980552,-486.70183208202496,-1008.0576205249835,-443.5566792750579,-669.3056322339418,-909.2314046598776,531.8078213908574,52.93401069181809,93.63407451107469,-372.16305308632485,-546.1126327568571,-828.7994817951707,306.5385242704324,654.1615246909349,-398.1536751062555,591.1697263526646,-69.11505119878544,-693.6189832393403,184.61543473157286,738.5101715496478,1392.9091023148221,182.90962209452687,918.9330048377317,472.62360733106635,949.5777602773398,-59.03172102418524,918.6802218716743,-392.23041458291124,-1346.662867878615
-129.4192160621278,-338.9209916913321,366.411904067478,-110.75484363450713,-287.89905017414316,-692.1981206184424,-1373.3299607267577,133.8399225289769,-41.69800172990293,11.350255275767212,-315.37409665439327,-405.7248843368928,542.0781671030521,218.76275177264426,563.6797551741952,-939.5994665956334,668.3053050449333,-54.893961176196065,422.2619983649603,254.19724368968735,-33.234610951342106,-142.74463203328696,-531.8040021726677,79.83114872387677,223.6407906348139,-127.03549980822191,-118.18697016288648,-651.348243578581,345.9467817590789,716.8001580846977,315.20203539361944,476.4995935938455,647.4143685368163,-377.7038187457426,-38.213057879034636,-66.23131267456125,265.0737452840946,387.9928460814466,589.0627619456338,-217.86104976987275,-464.9762363335756,282.56708856449853,-420.4483460426556,49.14887300749167,492.09262535455747,-131.5058662077215,-524.7595240664411,-990.0239518375255,-130.20235247432464,-652.9985313330063,-336.1694432492642,-675.26022444435,42.114180558091455,-652.7496788998171,278.9356269498836,958.0035389889816
10.092684237607518,28.239839023035046,-29.994760377443473,9.474181056011318,24.31330127205349,57.86579129128395,113.53061865338117,-11.356463382696989,3.80311806271379,-1.1432333031076714,25.381646665178845,33.273785701812166,-45.07144087589415,-18.00733486636809,-46.07472887304172,77.87581920752321,-54.893961176196065,4.984337558415731,-34.87063743488909,-20.036994457739794,3.3642973903841407,12.097375385101817,43.30640332028669,-6.917117005298549,-18.502825688669223,10.514997229860985,9.820958703755315,53.972183010704285,-28.592931559373188,-59.087201404649385,-26.111670783688723,-38.68890960043629,-52.474789937399876,31.535179584867365,2.6269009219876454,5.788511426847953,-21.420917239097857,-32.27386701120271,-48.760437967396356,17.99761829262111,38.4253002197347,-23.73425978923536,34.59492814599128,-4.075412685391095,-41.58668817201216,10.652000791092878,43.515819007916,81.8904220842485,10.637846746330261,54.16598447542405,27.562473580885325,55.62198522193461,-3.3386398451093564,54.24703320568479,-22.91409551357308,-78.50538274173913
-81.66504887143955,-214.29394819186183,231.45265904916874,-70.14769329871066,-182.00519062290027,-437.76456409107846,-868.0563617081049,84.79384483694822,-26.709799769521855,7.2627046933840536,-199.14650874768867,-256.33461038498405,342.71095077541133,138.1997469756554,356.1180140148302,-593.9414086938779,422.2619983649603,-34.87063743488909,266.9915912087157,160.27826509570474,-21.312585646572092,-90.50759699063386,-335.81947424586076,50.702809288351666,141.49255113420887,-80.28099025273443,-74.69021906890374,-411.6953445875873,218.60170569427504,453.0796713389949,199.22137352568873,300.821465577809,408.7124577497216,-238.79958452617345,-23.970539706373234,-42.10405681485335,167.3427599365678,245.42659046450623,372.32257592250244,-137.60656698529553,-293.80385225977875,178.71755472058558,-265.84923456363276,31.224482303373915,311.49116080350046,-83.06542184117873,-331.66815399670935,-625.6887298854821,-82.27391426238583,-412.750983805514,-212.34298510512767,-426.76955377540673,26.53901469662933,-412.69765523669867,176.2640301904956,605.1173130808563
-50.16705705941012,-128.12842553181588,139.59405606569356,-41.42130506594676,-108.2496290096156,-261.4060281279446,-521.0632283424684,50.23432240602041,-15.264850459074333,3.9988345816705966,-120.97708900344571,-154.4452390292168,205.13301640795456,83.1205712380301,214.8733647074285,-356.0515680440306,254.19724368968735,-20.036994457739794,160.27826509570474,98.31448923078274,-11.57922868773485,-53.6957176123829,-202.94530048792248,29.671715874092857,84.94474765064267,-48.19940760582569,-44.78558526916665,-246.82506255288678,131.19341348949,272.301011078914,119.39964098621246,182.0029594486455,247.45866116829123,-142.73216333196623,-15.492785564865414,-24.55338357729368,101.44739491811502,146.81668109399632,223.31526289502972,-82.57543905040615,-176.33492466875066,106.40392187665172,-159.84984261813418,18.66094179895957,185.02514446614177,-50.35378884569048,-198.709009373783,-375.36127796240066,-49.712197488463985,-247.34212838203032,-127.87720435964418,-256.59999328025447,16.237765862426425,-247.1256742522074,106.00880055593987,364.68363646178005
5.776522110327166,17.34855243013725,-18.090764478110867,6.006137308062998,15.071470772214234,35.72957550344273,69.2807784517381,-7.170249631816862,2.743902794586097,-0.8775500796526743,15.076441398476193,20.121604151986794,-27.639301344795406,-10.898365694791728,-27.79793897315304,47.60364627761032,-33.234610951342106,3.3642973903841407,-21.312585646572092,-11.57922868773485,2.570742731204719,7.7167884389191395,25.92363796159214,-4.489387004597794,-11.435118194426932,6.424454009660986,6.026620486128611,32.9554993956086,-17.37827468085936,-35.99422218393528,-15.907972331983155,-23.03287666082807,-31.195738065720075,19.415532768246106,1.2564846467482065,3.813342278289759,-12.708484531862128,-19.875753817828436,-29.74306319207902,10.87127123556273,23.334842087943002,-14.663225130667797,21.110570162540782,-2.6043147272971243,-26.043997558148504,6.394124056573566,26.536455449709624,49.85066675275012,6.449928205174967,33.10061443454359,16.586402851913736,33.834165162395706,-1.921703099070906,33.29621211017044,-13.846575661595548,-47.311984958033655
27.362435590618453,72.66132670491518,-78.17855521989739,23.96154991230985,61.74460057661866,148.61313811233018,293.9723766239606,-28.989096637707746,9.546564087187017,-2.6290953057480606,67.12758985740743,86.6383931753979,-116.1546972048608,-46.69020551279923,-120.32729142809937,201.17827735206382,-142.74463203328696,12.097375385101817,-90.50759699063386,-53.6957176123829,7.7167884389191395,31.067290195654348,113.21900575500968,-17.48844806562333,-48.124956122705534,27.185377720742416,25.306028384841632,139.3955054784757,-73.9127840142805,-153.4213745095848,-67.41812871548746,-101.30049498560453,-137.60385446026984,81.00048173775178,7.825501076318381,14.589642861296198,-56.338767989483856,-83.34868439606313,-126.05562279397326,46.430657750089004,99.32839608283575,-60.66280734210177,90.10603319668627,-10.768389804911187,-106.15405569119454,28.05163046982749,112.24667210118946,211.7204610048373,27.86085962766571,139.78195410206456,71.66613537771794,144.44857501791478,-8.870813479388186,139.9217320692008,-59.56946421831795,-204.2970517882325
103.3727599745637,269.3793248538685,-291.65737913380934,87.82839616235466,228.63048366208716,550.010861047638,1092.2273133631247,-106.1754273258368,32.80274912609901,-8.862409896484605,251.33408908862557,322.89455242873237,-430.93126905970854,-174.06533542585692,-448.70942759779734,747.1362049798796,-531.8040021726677,43.30640332028669,-335.81947424586076,-202.94530048792248,25.92363796159214,113.21900575500968,423.505473613958,-63.187107366114766,-177.8051385353068,101.03021277062355,93.96939838863821,517.951684196869,-275.17231492707367,-570.1887795786661,-250.6540916851002,-379.557552007085,-515.7657792932123,300.1641705583333,30.801595952922007,52.374709196695264,-211.2099456413644,-308.37019403160866,-468.4511812670984,173.31865988161763,369.8521601833358,-224.44245364173327,334.46531489290777,-39.0205658492688,-390.6051346733924,104.75326057147737,417.272878431559,787.3768676883404,103.63325963572673,519.2169217573628,267.5606191546542,537.1912866806723,-33.616046407919654,518.9211379703892,-221.95216940202872,-762.5207006224861
-15.160137285416772,-40.81125439613819,43.65626103452805,-13.549616213806061,-34.760785075223545,-83.49679354333225,-164.6551682368816,16.3663209106139,-5.453977084251653,1.5026227756859813,-37.3309336707804,-48.416687740973906,65.18877319562456,26.12948551329297,67.18464140103308,-112.7966079087552,79.83114872387677,-6.917117005298549,50.702809288351666,29.671715874092857,-4.489387004597794,-17.48844806562333,-63.187107366114766,9.957276806381945,26.907311686689283,-15.211117584949863,-14.161160586900111,-78.15858178620691,41.43294987798146,85.86878068660562,37.835692475869365,56.519308777193416,76.74266680393819,-45.47116730265157,-4.185397075793193,-8.309479352567877,31.39539056206021,46.79643672409799,70.6643104255684,-26.052835532425178,-55.68229053957413,34.18412204235979,-50.423518951142725,6.043420012530931,59.81609205729942,-15.601662022170878,-62.999231445123264,-118.7028526688934,-15.512408139519522,-78.3968430022798,-40.10668906556483,-80.82170112297148,4.914420628929026,-78.48100299188481,33.374649895224266,114.1925191817108
-43.27366541301115,-113.45300373628451,122.59924466836193,-37.16028491913172,-96.26463401748775,-231.8482984113127,-459.8150302612625,44.96176803855948,-14.386546363566184,3.917130826095571,-105.57384516693277,-135.78561223283762,181.46534932057264,73.15342564301491,188.69330820536464,-314.5221129223536,223.6407906348139,-18.502825688669223,141.49255113420887,84.94474765064267,-11.435118194426932,-48.124956122705534,-177.8051385353068,26.907311686689283,75.14279003824896,-42.53291733458382,-39.57536491260568,-217.9748140790604,115.69015462329975,240.06652619315457,105.42412032420229,159.20700805843904,216.3300079127239,-126.44962769531737,-12.72128421340158,-22.382072057083366,88.59993506744131,130.04841369228123,197.13543333877743,-72.73424630746874,-155.47132958978486,94.54221259878122,-140.95263475766154,16.67557144110216,165.0525253462577,-44.06774010162301,-175.5094556535719,-331.19413285441146,-43.66252998823711,-218.521294425382,-112.35943560891063,-226.10361522961895,14.036023703816545,-218.59986321094703,93.29323067098672,320.36756927710366
24.491733146595003,64.48183557527699,-69.64431076476824,21.10712163144497,54.84988030841049,131.7327783139599,261.1678976257656,-25.4874030320313,7.969800758588859,-2.2010852155445626,59.86460893190526,77.11916702578736,-103.12105479845752,-41.59238529758344,-107.11299085004347,178.70843408003597,-127.03549980822191,10.514997229860985,-80.28099025273443,-48.19940760582569,6.424454009660986,27.185377720742416,101.03021277062355,-15.211117584949863,-42.53291733458382,24.16794331568552,22.494501240141098,123.88314371525225,-65.7824364674452,-136.28125895104532,-59.940469485383964,-90.5048015922637,-122.9494982802063,71.88854396532189,7.1819420456964815,12.629878653501185,-50.32835697051143,-73.79896887174488,-112.02811824423324,41.42331702743745,88.41750124465291,-53.78247216910526,79.90989069739632,-9.33168346851795,-93.71228727787056,24.97789319708522,99.80178904956402,188.26847188180005,24.753310641847733,124.2089288609512,63.88683392717579,128.38338545172417,-7.9894721729819596,124.17642073735406,-53.005768187982774,-182.08425746802973
22.72993511192227,60.017333861519646,-64.79040413157671,19.66211984057623,51.09507682374451,122.6294725011375,243.02774352271302,-23.727977738009606,7.427498387961372,-2.0684769982347473,55.649530755325635,71.74547912287451,-95.97644820285265,-38.7011859324325,-99.63467687606423,166.30967039810915,-118.18697016288648,9.820958703755315,-74.69021906890374,-44.78558526916665,6.026620486128611,25.306028384841632,93.96939838863821,-14.161160586900111,-39.57536491260568,22.494501240141098,20.94290366662354,115.28909060716721,-61.215047139475914,-126.79699579314814,-55.77737076071779,-84.16943122868648,-114.33397888144422,66.92447808496571,6.6412343446310675,11.761752802337,-46.794420316342794,-68.67258856698125,-104.25005353860942,38.54801842378576,82.27729328129767,-50.06870262904387,74.33330114277148,-8.670165903991842,-87.25788159343722,23.22817421750295,92.87688009946791,175.19129728550462,23.026902819627125,115.59631099684448,59.430806029364334,119.45013051455037,-7.426096022973409,115.5733476057782,-49.30457119341623,-169.39690773537959
125.57394035367447,330.77018479093505,-356.99283044946753,108.33538749842293,281.3603085254538,675.6918530074439,1339.1968571418834,-130.7956237740398,40.89037421591401,-11.231789801126535,306.7637616604519,395.35809770781697,-528.924032200261,-213.27645984086584,-549.0881550119443,916.5187640980552,-651.348243578581,53.972183010704285,-411.6953445875873,-246.82506255288678,32.9554993956086,139.3955054784757,517.951684196869,-78.15858178620691,-217.9748140790604,123.88314371525225,115.28909060716721,635.3589071155218,-337.4113954487195,-698.7688922211589,-307.49695792304453,-464.0131390382415,-630.3414151096417,368.6631392068246,36.69380323723072,64.87035318583474,-258.00101026414865,-378.53944315231536,-574.5460510109723,212.535368055586,453.50898902277453,-276.0222683889682,409.7569441910311,-47.8632637830874,-480.7809850669518,127.96344218221918,511.97760525180144,965.6247413026399,126.77720036426868,637.034967377505,327.6563977087636,658.2419078985156,-40.930694508634865,636.8305115778647,-271.9084748752643,-933.5732475502641
-66.75773216444958,-175.63501315492462,189.61412055933357,-57.486480663931815,-149.391530507878,-358.7362472445868,-711.1513847423519,69.3916642777146,-21.59188617830906,5.917944172556326,-162.96124672309213,-209.98291761952598,280.8633162660153,113.28509539884178,291.6414566148075,-486.70183208202496,345.9467817590789,-28.592931559373188,218.60170569427504,131.19341348949,-17.37827468085936,-73.9127840142805,-275.17231492707367,41.43294987798146,115.69015462329975,-65.7824364674452,-61.215047139475914,-337.4113954487195,179.2164909579551,371.06762177075694,163.31259900753895,246.54359753863574,334.92650508332633,-195.73724690032233,-19.54816680209112,-34.36922608276783,137.08366907067702,200.96129921689558,305.1146699801621,-112.91767487836412,-240.88066010524125,146.55690188000162,-217.57868782123919,25.369416690087466,255.15452200182264,-67.96467143120206,-271.91153519027023,-512.832238375654,-67.30633280146826,-338.29129824198236,-174.06076765879087,-349.5597511454981,21.761637967121146,-338.14438563642716,144.43067499616419,495.9064292917276
-138.65440447208107,-363.6680318379923,392.9492400588441,-118.9654762106453,-308.9333375978102,-742.8588500679839,-1473.341140196081,143.77572121142583,-45.08412000630062,12.287444196882523,-338.1213472325377,-435.1520837934715,581.6256370380979,234.61768549716686,604.5420688339764,-1008.0576205249835,716.8001580846977,-59.087201404649385,453.0796713389949,272.301011078914,-35.99422218393528,-153.4213745095848,-570.1887795786661,85.86878068660562,240.06652619315457,-136.28125895104532,-126.79699579314814,-698.7688922211589,371.06762177075694,768.9912664443141,338.1296256254503,510.80864180169533,694.0129486225511,-405.29131583177485,-40.794256414428865,-71.28421874453568,284.1504429766963,416.41240071117204,631.9403298938979,-233.61750344507573,-498.7284977160755,303.2474360110955,-451.13021455207195,52.86727178786406,528.3869317765166,-141.02629681704647,-562.9347363181744,-1062.010951092214,-139.67113369605957,-700.5552630753486,-360.4875257366938,-724.3799686323922,45.099475593048474,-700.3989238490477,299.1738107045106,1027.3374411597026
-60.773987568510464,-160.09321660458136,172.74175849818815,-52.43477290355256,-136.18904347329143,-327.0063142560804,-648.0606678271687,63.29956088298036,-19.738065300791643,5.408477458411508,-148.41405945195726,-191.3106543718296,255.9869401870354,103.21918004369297,265.68529070755545,-443.5566792750579,315.20203539361944,-26.111670783688723,199.22137352568873,119.39964098621246,-15.907972331983155,-67.41812871548746,-250.6540916851002,37.835692475869365,105.42412032420229,-59.940469485383964,-55.77737076071779,-307.49695792304453,163.31259900753895,338.1296256254503,148.84513050442754,224.57292074022638,305.0668229828632,-178.4132138347508,-17.741482367407674,-31.39090868803659,124.85819885048657,183.19182469157147,278.06469183006584,-102.89891789930189,-219.51118677980014,133.62962327552674,-198.2643724334054,23.138059208726375,232.67488961613034,-61.895227441004195,-247.82180437872643,-467.36788595197777,-61.31490962000219,-308.3124540764019,-158.5966285474728,-318.5188570180981,19.808180715022992,-308.18184892806823,131.616540338847,451.7991777728963
-92.71920582646119,-241.29680822466895,261.35009543918824,-78.60765844527778,-204.7693864263399,-492.60045182775656,-978.4684925929913,95.04020802488489,-29.20885418505135,7.871216065790175,-225.27594636865024,-289.32055903732396,386.01411006402344,155.97135193353844,402.0596807773467,-669.3056322339418,476.4995935938455,-38.68890960043629,300.821465577809,182.0029594486455,-23.03287666082807,-101.30049498560453,-379.557552007085,56.519308777193416,159.20700805843904,-90.5048015922637,-84.16943122868648,-464.0131390382415,246.54359753863574,510.80864180169533,224.57292074022638,340.2286711357511,462.3295965170999,-268.8621063208766,-27.69900760135416,-46.824436560415585,189.33353377611985,276.1948958317191,419.68110924642946,-155.32309416009832,-331.38908343425084,201.0339853483371,-299.5979411890014,34.895072620619445,349.7139612238672,-93.86236352808461,-373.84503654469546,-705.4522845575407,-92.84836045672778,-465.1464603287729,-239.7868442423191,-481.26781462289983,30.155369141014226,-464.81002731122607,198.88905895380952,683.3124602427818
-126.10578903599423,-327.75996657753495,355.1093165199777,-106.73314679674984,-278.0425896169004,-669.0880120135745,-1329.2989777687876,129.07347392889153,-39.67355948453882,10.660955264727356,-306.2060171250571,-393.1085172691075,524.358095705973,211.8982862120717,546.3374259888383,-909.2314046598776,647.4143685368163,-52.474789937399876,408.7124577497216,247.45866116829123,-31.195738065720075,-137.60385446026984,-515.7657792932123,76.74266680393819,216.3300079127239,-122.9494982802063,-114.33397888144422,-630.3414151096417,334.92650508332633,694.0129486225511,305.0668229828632,462.3295965170999,628.2768947051763,-365.18146678591046,-37.74332544352196,-63.57524603750563,257.3108260593834,375.20354429135887,570.128824991144,-210.9875924684513,-450.1818935411848,273.0193899005187,-407.0966575723264,47.44504638492184,474.93874812218485,-127.57383308979601,-507.831347266805,-958.3383511997996,-126.1716488460994,-631.8633110630487,-325.7867248855303,-653.8761179060247,40.989545778473996,-631.4116714432176,270.22489274102435,928.413023649829
72.51318924302012,192.00090245881927,-206.9824286618551,62.99558797228062,163.52207478326605,392.3125150794332,776.9357292075713,-76.01108161679188,23.849551475077064,-6.626194810032927,177.62698187959938,229.24205045762295,-306.97235557471026,-123.7000447278654,-318.287009794669,531.8078213908574,-377.7038187457426,31.535179584867365,-238.79958452617345,-142.73216333196623,19.415532768246106,81.00048173775178,300.1641705583333,-45.47116730265157,-126.44962769531737,71.88854396532189,66.92447808496571,368.6631392068246,-195.73724690032233,-405.29131583177485,-178.4132138347508,-268.8621063208766,-365.18146678591046,214.06002753950128,21.024968812892958,37.76632841060521,-149.43758135428078,-219.68499157054637,-333.35621792399513,123.29465204095403,263.0963347793317,-160.31205217051087,237.58832287944475,-27.736614337547092,-279.3562328461889,74.12866275451874,297.0800591860793,560.2351665317435,73.51059342654133,369.67550430548175,189.9775338640661,381.777553176482,-23.682950873799125,369.5882791814013,-157.65601573231888,-541.2961700069775
7.999478165169202,18.917466147235757,-21.073105372567007,5.917542848141996,15.67682156273854,38.46021937502604,77.75085865018501,-7.271397525233483,2.0572690779846705,-0.44510117781166053,18.652976019186138,23.267325343734715,-30.372904334123113,-12.450330460193252,-32.51304888000294,52.93401069181809,-38.213057879034636,2.6269009219876454,-23.970539706373234,-15.492785564865414,1.2564846467482065,7.825501076318381,30.801595952922007,-4.185397075793193,-12.72128421340158,7.1819420456964815,6.6412343446310675,36.69380323723072,-19.54816680209112,-40.794256414428865,-17.741482367407674,-27.69900760135416,-37.74332544352196,21.024968812892958,2.76226807157441,3.4329196953957557,-15.534889754888441,-21.761539567985878,-33.244613054076744,12.283774024277548,26.27509637421813,-15.531124411791037,24.029889483235795,-2.8194764648196484,-26.87720355981137,7.714920973118866,29.486762156613388,55.90290717753408,7.546928211953537,36.720518365884814,19.236136530849716,38.467914000737146,-2.534567028736975,36.63406575428581,-15.919758823251756,-54.936946961985484
12.535947574228402,33.886104999447625,-36.21377695657606,11.277115794177806,28.867395011091688,69.36354534477293,136.68801466164257,-13.625896885565044,4.6140581238093095,-1.2805952484697074,30.949339629841322,40.16941637745444,-54.122786869776505,-21.671928518375083,-55.73741874422467,93.63407451107469,-66.23131267456125,5.788511426847953,-42.10405681485335,-24.55338357729368,3.813342278289759,14.589642861296198,52.374709196695264,-8.309479352567877,-22.382072057083366,12.629878653501185,11.761752802337,64.87035318583474,-34.36922608276783,-71.28421874453568,-31.39090868803659,-46.824436560415585,-63.57524603750563,37.76632841060521,3.4329196953957557,6.947517350314169,-26.009683518532697,-38.879617440010506,-58.64890080856293,21.589757582101647,46.18642177216981,-28.384691011864486,41.873644632754846,-5.050287451294855,-49.75319670749314,12.946438833670593,52.270486889661484,98.493502152787,12.886405124301152,65.07182088482632,33.247436112725666,67.08529149405719,-4.061831239708614,65.17310803512513,-27.677101714427625,-94.69473957602398
-51.72548539619372,-134.13244432915656,145.40967407273365,-43.64912845888439,-113.70522466038449,-273.8042752599866,-544.1747612114402,52.816292110108286,-16.24957427732841,4.34529071621153,-125.47437194794203,-160.96399745720436,214.60396520917513,86.74199530098193,223.73936643599578,-372.16305308632485,265.0737452840946,-21.420917239097857,167.3427599365678,101.44739491811502,-12.708484531862128,-56.338767989483856,-211.2099456413644,31.39539056206021,88.59993506744131,-50.32835697051143,-46.794420316342794,-258.00101026414865,137.08366907067702,284.1504429766963,124.85819885048657,189.33353377611985,257.3108260593834,-149.43758135428078,-15.534889754888441,-26.009683518532697,105.39921119265765,153.591131050739,233.3681560800738,-86.33758263964862,-184.25682385305356,111.69100830841619,-166.71186674064882,19.45959945276866,194.31818028129675,-52.26876544457474,-207.83567108209894,-392.26316420823866,-51.687056210831365,-258.6148908619402,-133.37653816897048,-267.7153933921636,16.79436023648356,-258.43587773574023,110.63359559315595,380.11957086592986
