V1,V2,V3,V4,V5,V6,V7,V8,V9,V10,V11,V12,V13,V14,V15,V16,V17,V18,V19,V20,V21,V22,V23,V24,V25,V26,V27,V28,V29,V30,V31,V32,V33,V34,V35,V36,V37,V38,V39,V40,V41,V42,V43,V44,V45,V46,V47,V48,V49,V50,V51,V52,V53,V54,V55,V56
10.975276618492742,29.747047480005374,-4.013307755762152,-2.1536078765585613,-10.339061676392236,-23.964281579274353,13.348520008949857,19.5778123990142,16.779917725693448,-15.616388929178152,31.001002037244717,27.81152061873462,-4.4662901386528295,27.34083589717509,3.325319783006007,-6.850588152478093,4.776485627056105,-11.939990446839198,26.82813405912668,-3.3187756654918745,-13.36948954988311,-21.293255213773094,13.16539136524117,3.5457118299269297,-0.44956689565445707,28.811862093727633,-13.16518176174154,13.801605945585218,13.794437109920363,4.926284993658407,-14.399315264886408,-19.080403943460528,14.184982772485194,3.608100465234104,1.7175613066446525,3.4981466870021367,-4.1955870176761785,-3.059312971990259,-19.14953793216645,-21.935130157734775,2.0751258139104216,-6.124336942727144,12.51673317167513,4.8392065722033255,-14.165386053732542,-10.635722163961761,26.073404451726436,6.620698077121043,2.8094965550966915,7.797176544886382,5.103273243986444,-13.066248574900523,8.704832748258417,-6.101711004680273,6.734281218730202,6.4378807016432
29.747047480005374,84.95112820183974,-10.045202348619766,-5.886895662440068,-29.244755631219547,-66.28926920352812,38.360472063345625,56.28489735829124,48.480599891801724,-43.81879879335759,87.25725197540399,78.9468765692808,-11.522046074629934,76.14475606623813,9.388159236122712,-20.2467904000529,14.873454211621842,-33.01027693417759,76.58641498154914,-7.826410898200905,-38.33276109322303,-60.51599433786605,35.62420579112021,8.676209658292475,-3.230039756253625,81.24385054305907,-37.754020464215,40.54664478329871,41.297068151355575,14.175271975745288,-42.99334621666589,-55.793278318699706,39.76506373733874,10.626147964778653,3.3271654143011773,11.047294344702054,-10.114875764508511,-7.84053605391734,-53.50647337170188,-61.52818188000672,3.9453498797970155,-20.047068921050986,35.00304972625435,15.633577047561294,-38.79370694359378,-29.84171200484451,72.60867203488284,19.8788462262732,8.362790427163933,22.900545809126033,13.190871382954386,-36.23042599781833,24.509362747269712,-17.690695618944588,20.62991805155401,18.24421994222348
-4.013307755762152,-10.045202348619766,1.7748749405196411,0.8965370047418489,3.5783163358306354,8.45763278225304,-4.576108001965826,-6.548770957485567,-5.394801359132223,5.5110299435637895,-10.741968708985697,-9.62365640510948,1.9876580463970785,-9.799039446080753,-1.2298539674457956,2.1610480037849014,-1.4335505399805444,4.328197956015959,-9.075101969597688,1.6089699090205472,4.4481942692439205,7.3133501305777955,-5.010614010644189,-1.585851195751436,-0.33936373072732434,-10.133435356898357,4.464955971275406,-4.27185949945548,-4.270780565631127,-1.5804501896186958,4.552789745976336,6.189311812696542,-5.033139244534005,-1.2301120619846053,-0.8903571438552558,-0.7976561864680697,1.9589965430809264,1.238174817232545,6.606264440355451,7.566945937086494,-1.1910834415379747,1.3601110222756252,-4.516759479026786,-1.1590963721263854,5.181579212202693,3.7505285213224138,-9.244561537191595,-2.0486889242104183,-0.8195200772048202,-2.4088128093882086,-1.9830672389908126,4.744248576272464,-2.9337967731625505,2.0447907774819827,-1.8787931096051764,-2.1081533316309873
-2.1536078765585613,-5.886895662440068,0.8965370047418489,0.5187720304331446,2.0692851930533984,4.679037039549397,-2.7368311417090276,-3.886577072932994,-3.195270520390634,3.152279780338797,-6.142935244996663,-5.611454538902705,1.0649285334821166,-5.544862529591725,-0.7262309999277958,1.3467527619834867,-1.006061405346775,2.4204234709954022,-5.316984554459945,0.7751951952867496,2.617576533370432,4.264141772219579,-2.7318887183371854,-0.7733184108364293,0.017333552751755094,-5.85476695982157,2.6470534710685096,-2.606612466839292,-2.734712623853818,-0.9257366016281753,2.911897489265392,3.788558744302235,-2.8790958624324516,-0.7771491992888117,-0.3271673598660844,-0.5592400571203042,0.9562870710440249,0.6214106227937009,3.7055862426321604,4.284096768234869,-0.47586283756435066,1.0674160321315127,-2.5871653236586902,-0.87698851730284,2.8476797638159344,2.144358825205747,-5.205999905597214,-1.3213480144068055,-0.5084099572065071,-1.4678944563246745,-0.9888740059519912,2.672733770109859,-1.659791964658397,1.2391201472979778,-1.2470692350724026,-1.1974953829655541
-10.339061676392236,-29.244755631219547,3.5783163358306354,2.0692851930533984,10.09230307303761,22.942205112437744,-13.216484187645538,-19.355318419329002,-16.61853465757902,15.152410707386194,-30.123593790265655,-27.23847942858908,4.09660825260052,-26.37583182549771,-3.2577857225394986,6.923216422214579,-5.057024065206293,11.45043905312845,-26.369188339201134,2.8342218373913153,13.17850310400378,20.865777104283524,-12.426854996069117,-3.1007330904506714,0.9657980531983215,-28.078103427340665,12.998296625745452,-13.85034718679811,-14.094456963457171,-4.859356744908788,14.696324418933099,19.125890627614304,-13.757476189336492,-3.654630207916122,-1.2442987382017798,-3.6976393234615443,3.6381198613988457,2.7617344853132786,18.47319390268866,21.23790562205651,-1.504822871382325,6.695278964955468,-12.128563342303126,-5.241852280574289,13.474893747215571,10.318579044988214,-25.128756793257704,-6.783372256525329,-2.843724483410745,-7.82169078038231,-4.624967217145613,12.56687923026839,-8.442758987187517,6.081591943804893,-6.987471574348172,-6.268624435212907
-23.964281579274353,-66.28926920352812,8.45763278225304,4.679037039549397,22.942205112437744,52.75457709610061,-29.783032864504477,-43.740546635793955,-37.61968437356797,34.530817836468046,-68.68036641232041,-61.78288417453681,9.492670809409121,-60.26573932231414,-7.348685762728627,15.484026230109398,-11.006317528960471,26.242825494714097,-59.77245882677855,6.829534913880436,29.852254003941347,47.338303223199894,-28.66773508219575,-7.4174887682507045,1.6415499760359913,-63.81805270055803,29.370131755517786,-31.16174135417654,-31.335224647577455,-11.031336868189003,32.65011044966571,42.92341737612078,-31.34762481999022,-8.115953749703975,-3.337508552587475,-8.181055475975594,8.71274707277187,6.529776306684563,42.337065437000646,48.554450180432866,-3.976308478889144,14.508702260971988,-27.615241474445057,-11.385710312165395,31.027856116103635,23.518140897704626,-57.50318155360415,-15.054148151203671,-6.386571457808051,-17.60470568683578,-10.94684816642502,28.741895247898874,-19.313840277907225,13.667775248044226,-15.48034278113127,-14.333140546265135
13.348520008949857,38.360472063345625,-4.576108001965826,-2.7368311417090276,-13.216484187645538,-29.783032864504477,17.423993458629624,25.44328830761342,21.793890791226865,-19.81423011900543,39.356510300800224,35.73340238074189,-5.326711574849142,34.43321373429938,4.300696395005942,-9.162316619387248,6.82620655476632,-14.916529877116359,34.58958584319017,-3.579985768302688,-17.288562335434488,-27.362959168360568,16.12676209707213,3.926869024143469,-1.4701184232381874,36.791211715953274,-17.09499433011679,18.23568723975238,18.73175021941522,6.3578872199462575,-19.551988841564622,-25.260264961003088,17.9948937285085,4.872718044366986,1.4245916782501253,4.903816561688479,-4.611731731419727,-3.5187013292039144,-24.0310641590499,-27.682444219104706,1.7623376261892116,-9.018870596693835,15.881588126315568,7.056813564724686,-17.49164261018824,-13.491474091418816,32.754824208974014,9.027568076214395,3.744395727899814,10.294613198496936,5.878686584692579,-16.399220341486316,10.992128312725411,-8.029968922094604,9.290913149241273,8.158498458554558
19.5778123990142,56.28489735829124,-6.548770957485567,-3.886577072932994,-19.355318419329002,-43.740546635793955,25.44328830761342,37.32339019883594,32.156433712384455,-28.97420903901532,57.709817576670275,52.27679711310491,-7.548615989272466,50.30386600924174,6.216972219376974,-13.469436608615094,9.959729527317384,-21.78743435514042,50.7410869934201,-5.06087938915766,-25.40768750200012,-40.07554957649765,23.452959056388828,5.636482247568892,-2.2924540887677836,53.75687350356725,-25.03035389892406,26.946269472373878,27.51677158609419,9.396571797577405,-28.64283426291473,-37.07322708534953,26.291977291714332,7.071794214011695,2.0750966156729764,7.394518336691933,-6.56021093089661,-5.1232363001186165,-35.348168327490576,-40.670654941535545,2.458304535717253,-13.47839121071973,23.14018332276392,10.49899540578844,-25.571708957496007,-19.731830553437543,47.96057346792544,13.250763892141824,5.564520119709484,15.218246455682154,8.625516526075568,-23.92368745966534,16.20523549122773,-11.745262554105159,13.775152166918843,12.070080324491919
16.779917725693448,48.480599891801724,-5.394801359132223,-3.195270520390634,-16.61853465757902,-37.61968437356797,21.793890791226865,32.156433712384455,27.918294223016048,-24.813453443778506,49.60867357336977,44.839351596981075,-6.1544324083557855,43.001017943126406,5.248640528350599,-11.661866137536492,8.575499469716828,-18.608092612786074,43.692263136396264,-4.073645826153434,-21.93616306091583,-34.42574671623835,19.881655371035528,4.65119464850838,-2.2125669085111155,46.00987110139616,-21.51008850827056,23.468846666477408,23.825511994338967,8.172342920306507,-24.709929149490385,-32.00434665828493,22.490846636326953,6.021905591287211,1.6971319042632846,6.635008509880811,-5.339258104658836,-4.327943889741707,-30.487502326882666,-35.037067488120165,1.8864181492766425,-11.995389721282805,19.72079776535291,9.285215063994787,-21.84731985048752,-16.90186475098488,41.11607646155992,11.464259888816743,4.885361427668784,13.260772621662715,7.364782692104269,-20.405721856677115,14.025364723361594,-10.089161391800927,12.085664275043397,10.49779076997603
-15.616388929178152,-43.81879879335759,5.5110299435637895,3.152279780338797,15.152410707386194,34.530817836468046,-19.81423011900543,-28.97420903901532,-24.813453443778506,22.78754642900248,-45.242724370171665,-40.88687680519043,6.29825103085372,-39.7225504297814,-4.912389017529695,10.314449655050824,-7.49589765303148,17.26468609666987,-39.51509514933553,4.420667072883158,19.724279246646216,31.30458042198316,-18.822797128633447,-4.788196104239404,1.2641502429266247,-42.205613546995025,19.476666278562472,-20.619126973266006,-20.963892855543747,-7.256211382320065,21.88698960245695,28.554409872540422,-20.697945747959384,-5.4700575715063025,-1.9896329376118032,-5.410271525924517,5.645324097995325,4.21674199093856,27.74865912436102,31.89457133373457,-2.438435402054558,9.77501045520485,-18.269549458160377,-7.67906991808586,20.34063011867361,15.51730765427755,-37.818454200933154,-10.087797734291527,-4.217536146602918,-11.643159133813866,-7.03635634385466,18.946784476806062,-12.658369414487362,9.100863621560832,-10.327075218194807,-9.37918107178759
31.001002037244717,87.25725197540399,-10.741968708985697,-6.142935244996663,-30.123593790265655,-68.68036641232041,39.356510300800224,57.709817576670275,49.60867357336977,-45.242724370171665,89.98792666441857,81.25007654950466,-12.225738242207036,78.78994508104533,9.689674957888165,-20.60139665948644,14.943361616735944,-34.227194723463555,78.67546364966613,-8.533220280938156,-39.32365849187264,-62.253388090251796,37.17847918416386,9.338066634024178,-2.7511310095504986,83.7782173089327,-38.7443744606094,41.298111113322044,41.88174852099941,14.518289217604018,-43.646434435916674,-56.94259885531238,41.07170816534951,10.83850845657869,3.860124363392083,11.017145671569084,-10.946464708127694,-8.310277785068328,-55.27255278915181,-63.499625539811674,4.627293937653675,-19.83486115359527,36.18883679138274,15.526621991103484,-40.32602751050046,-30.81129837195952,75.11351922695276,20.1467006036051,8.482695545310307,23.325547419516216,13.934597596799888,-37.540635167650855,25.2586481293881,-18.103399615850456,20.774800739249407,18.76123100061071
27.81152061873462,78.9468765692808,-9.62365640510948,-5.611454538902705,-27.23847942858908,-61.78288417453681,35.73340238074189,52.27679711310491,44.839351596981075,-40.88687680519043,81.25007654950466,73.55064584645018,-11.06759427745281,71.15037644559806,8.818029671413962,-18.724405095133083,13.748362091536384,-30.873796684563125,71.18594460980714,-7.608563472990685,-35.57204257662321,-56.33285285201536,33.4892522331302,8.31910384766783,-2.6868957404928255,75.80509878485891,-35.11633666991676,37.39947175487291,38.15890614458899,13.102585535990816,-39.80696316661547,-51.71059010472212,37.1275620591617,9.911658784515483,3.263504242085906,9.984102500146925,-9.769718600061344,-7.411242892471716,-49.76482504830214,-57.24391267250311,3.977821069664923,-18.156777197810147,32.74706824183521,14.218711640852508,-36.30052300971961,-27.842189961970274,67.75021485984641,18.37210830742387,7.675293158738325,21.118160325422302,12.3971730836394,-33.90070770484154,22.744046044575203,-16.44631974871144,18.905194148186034,16.880858743912377
-4.4662901386528295,-11.522046074629934,1.9876580463970785,1.0649285334821166,4.09660825260052,9.492670809409121,-5.326711574849142,-7.548615989272466,-6.1544324083557855,6.29825103085372,-12.225738242207036,-11.06759427745281,2.294914031004369,-11.17039507654922,-1.4443393763685646,2.526994048137862,-1.7790362376345497,4.914484089702196,-10.411834429959661,1.7888018724958308,5.096686996761908,8.396592787454662,-5.670191355785372,-1.749205854563911,-0.28035610708821995,-11.63631534017096,5.159572212486667,-4.911857286472983,-5.051511060913228,-1.7907825127671217,5.408118023334155,7.209711745784267,-5.759030171255,-1.4754071861064997,-0.8891238782124353,-0.9158187797044909,2.1780113320667036,1.3595284167721127,7.432500415414632,8.556540830787464,-1.2505876214493443,1.6719306528875462,-5.190560886663132,-1.422380544225299,5.840161196892186,4.284564744275037,-10.48646375714219,-2.4332796736594813,-0.9372755633619236,-2.766309577542766,-2.1526769986092633,5.410216560320928,-3.2986481708197313,2.38588899592681,-2.2121021011925714,-2.3595986111132397
27.34083589717509,76.14475606623813,-9.799039446080753,-5.544862529591725,-26.37583182549771,-60.26573932231414,34.43321373429938,50.30386600924174,43.001017943126406,-39.7225504297814,78.78994508104533,71.15037644559806,-11.17039507654922,69.32856969877754,8.57445278092765,-17.830450627303872,12.884520278081304,-30.164666426979146,68.6726487119795,-7.940950704365593,-34.24529523103632,-54.45474338808793,33.01306998203683,8.536662488850327,-1.9151539298495093,73.53161561517524,-33.83883900923436,35.63739189828203,36.18017658956943,12.57797507175277,-37.80846310130785,-49.45208053266529,36.090451903729935,9.485023185636907,3.660947326067854,9.215634117368246,-10.100116432816668,-7.451231914269198,-48.34556835726613,-55.550739842561725,4.521207353976274,-16.598574226779718,31.883662113351903,13.076759887969882,-35.58056902488833,-27.048628863091146,65.9780001611684,17.405581022749278,7.267503970327348,20.122752750172467,12.402141513516108,-33.09747086664204,22.020800703552197,-15.790794617168107,17.731295615275428,16.29019216369119
3.325319783006007,9.388159236122712,-1.2298539674457956,-0.7262309999277958,-3.2577857225394986,-7.348685762728627,4.300696395005942,6.216972219376974,5.248640528350599,-4.912389017529695,9.689674957888165,8.818029671413962,-1.4443393763685646,8.57445278092765,1.0904591366018324,-2.2090827034316907,1.6482525378365773,-3.7247267651355775,8.470299739196232,-1.0038964881431987,-4.210868876746404,-6.73364773714013,4.09209186278239,1.0573674855535014,-0.24246855090720543,9.12276574142627,-4.197503991504386,4.354031105389339,4.506228468889193,1.5274214661194012,-4.73641310704643,-6.133120147356007,4.470630490573691,1.2097899531884946,0.40911315078432037,1.0903410738620378,-1.2692146106906068,-0.906853412965306,-5.890006384739932,-6.794141891999733,0.5469394467922908,-2.0283878043577666,3.972038720341233,1.6108978217519736,-4.372686488437483,-3.343672052787587,8.117081458308245,2.1737369776567776,0.8787504805727046,2.455899803628917,1.486878689427408,-4.101833476899909,2.6741758518643146,-1.9694562970144205,2.17280202284138,1.9651707009589268
-6.850588152478093,-20.2467904000529,2.1610480037849014,1.3467527619834867,6.923216422214579,15.484026230109398,-9.162316619387248,-13.469436608615094,-11.661866137536492,10.314449655050824,-20.60139665948644,-18.724405095133083,2.526994048137862,-17.830450627303872,-2.2090827034316907,4.930823667341339,-3.721399072650453,7.692152099608348,-18.247434074921962,1.5936510620336433,9.164137179767554,14.36971544488144,-8.168499568796355,-1.8350640802585085,1.0780330653718604,-19.17884722943265,9.014610508962864,-9.857593505886728,-10.130723915512775,-3.4033465662670968,10.520157101281765,13.493272051074056,-9.351699860522809,-2.570400654069207,-0.5555783808940337,-2.8169696367359993,2.10500517679298,1.7297404077736627,12.587955545091981,14.50513303771519,-0.6279907559874747,5.191774038418049,-8.210344377503896,-4.015719866451126,8.986009194214663,7.024602800422343,-17.015853536220632,-4.8834214035516235,-2.0530813825114436,-5.567442306222945,-2.93749941581063,8.455020280915866,-5.799379083424604,4.251069109824539,-5.144273777206282,-4.340296663100966
4.776485627056105,14.873454211621842,-1.4335505399805444,-1.006061405346775,-5.057024065206293,-11.006317528960471,6.82620655476632,9.959729527317384,8.575499469716828,-7.49589765303148,14.943361616735944,13.748362091536384,-1.7790362376345497,12.884520278081304,1.6482525378365773,-3.721399072650453,2.9602747416928614,-5.519431027716307,13.405048197517182,-0.9905872981572175,-6.738002721583412,-10.542184637403098,5.77613047415727,1.16999957791378,-1.046112562304993,14.024347873406391,-6.672000686566578,7.338134976826923,7.7368458987684745,2.486184266311081,-8.053607286328813,-10.119900130407823,6.80009698408995,1.9765568171497416,0.15838602330144036,2.1494136728087834,-1.3378622369164797,-1.1431409382399564,-9.014382120694215,-10.449780157898832,0.1978740855205359,-4.116796937925558,5.985546034088433,3.17829357273606,-6.374136585829914,-5.103232624488989,12.244600802515425,3.7432083603690796,1.5309051937859663,4.140654220590459,1.9329036856398256,-6.0985709717680985,4.1678669052783945,-3.183067208327728,3.9405730347325436,3.1195899273923082
-11.939990446839198,-33.01027693417759,4.328197956015959,2.4204234709954022,11.45043905312845,26.242825494714097,-14.916529877116359,-21.78743435514042,-18.608092612786074,17.26468609666987,-34.227194723463555,-30.873796684563125,4.914484089702196,-30.164666426979146,-3.7247267651355775,7.692152099608348,-5.519431027716307,13.138044591051138,-29.77273690611969,3.5359757365126927,14.836997270134358,23.624474341088824,-14.423107618100525,-3.7820644337315152,0.7217439223523516,-31.93790009827766,14.662160322936716,-15.384457600045714,-15.580460976470107,-5.445791551505418,16.289403550435768,21.367183186813474,-15.688464273931295,-4.095729473483469,-1.6734192152575444,-3.9340144079552575,4.484026009146493,3.2798314363486325,21.02162052012475,24.142181894260275,-2.07029645553131,7.052050874112054,-13.865509212506463,-5.567576980803634,15.517033231250997,11.756229385706977,-28.70549664944979,-7.492588195380712,-3.130862629447728,-8.687086299894629,-5.452011052379939,14.409950626815936,-9.564194666413576,6.831784061181756,-7.608112053654622,-7.0680806607389925
26.82813405912668,76.58641498154914,-9.075101969597688,-5.316984554459945,-26.369188339201134,-59.77245882677855,34.58958584319017,50.7410869934201,43.692263136396264,-39.51509514933553,78.67546364966613,71.18594460980714,-10.411834429959661,68.6726487119795,8.470299739196232,-18.247434074921962,13.405048197517182,-29.77273690611969,69.04619871710779,-7.07786604956344,-34.55482743093616,-54.5636716634942,32.14158880685122,7.838563795353551,-2.891701664804774,73.26467234647465,-34.03893918354667,36.535404993997716,37.21722825302565,12.774571212224846,-38.75156230884053,-50.29111121270917,35.86111373226308,9.582813246441248,3.0100299615443666,9.940552690270032,-9.14321377322202,-7.076426540241036,-48.239501165750816,-55.47316413148402,3.5768730681877976,-18.042211396383955,31.57120134683451,14.074129744470701,-34.98977732661273,-26.910578748198322,65.47670242099686,17.915303121282662,7.532846597047471,20.634662747665843,11.900377816396384,-32.67827051442079,22.09330022332273,-15.949505817742638,18.58112939075901,16.442372583802904
-3.3187756654918745,-7.826410898200905,1.6089699090205472,0.7751951952867496,2.8342218373913153,6.829534913880436,-3.579985768302688,-5.06087938915766,-4.073645826153434,4.420667072883158,-8.533220280938156,-7.608563472990685,1.7888018724958308,-7.940950704365593,-1.0038964881431987,1.5936510620336433,-0.9905872981572175,3.5359757365126927,-7.07786604956344,1.5168733276988402,3.433231517921305,5.75844338726231,-4.211427277235108,-1.4514791557683693,-0.5427343709252936,-8.097448389090582,3.478613497392369,-3.1272684559174317,-3.090522003319746,-1.1947775709019353,3.341216500761303,4.664271231525024,-4.048803927292528,-0.9476251736741066,-0.8860030921542879,-0.42593969599770093,1.820237752255985,1.0848459534427948,5.255844823587692,6.008780657819086,-1.2076419464737849,0.6702070419961039,-3.6642051666073763,-0.637115881259488,4.266539716231134,3.0075522285205087,-7.4570079830067435,-1.4793004377031858,-0.5734326090346571,-1.7617469265533297,-1.7089481681013856,3.8735063221799044,-2.300129052003092,1.5746425290930885,-1.2477450083280126,-1.6241773696950637
-13.36948954988311,-38.33276109322303,4.4481942692439205,2.617576533370432,13.17850310400378,29.852254003941347,-17.288562335434488,-25.40768750200012,-21.93616306091583,19.724279246646216,-39.32365849187264,-35.57204257662321,5.096686996761908,-34.24529523103632,-4.210868876746404,9.164137179767554,-6.738002721583412,14.836997270134358,-34.55482743093616,3.433231517921305,17.311509798808977,27.2802161624685,-15.962058540466485,-3.8388292078024486,1.5520617363312905,-36.57355665823859,17.028614226587948,-18.377036678493432,-18.703601703504848,-6.415727437331213,19.449842281578334,25.22013381102434,-17.89319683387114,-4.787017785785023,-1.4468692181079277,-5.065792125521097,4.4555010558528485,3.499700180840473,24.126525919765495,27.740111642698825,-1.6864480509532758,9.185976719595466,-15.732515681684609,-7.146886253558432,17.42961094291208,13.43346811845363,-32.680390440303825,-9.002498869698687,-3.8010655648246514,-10.380518907421923,-5.907526245801759,16.280951205671514,-11.06619630426889,7.9825560548947045,-9.387553826445744,-8.251175710149857
-21.293255213773094,-60.51599433786605,7.3133501305777955,4.264141772219579,20.865777104283524,47.338303223199894,-27.362959168360568,-40.07554957649765,-34.42574671623835,31.30458042198316,-62.253388090251796,-56.33285285201536,8.396592787454662,-54.45474338808793,-6.73364773714013,14.36971544488144,-10.542184637403098,23.624474341088824,-54.5636716634942,5.75844338726231,27.2802161624685,43.158215323875794,-25.587846138108628,-6.323301010743336,2.1231322362617053,-58.03415428800182,26.906809001680557,-28.73389247333203,-29.286569892610654,-10.06280065609638,30.529369179406242,39.65987263704462,-28.42010013974168,-7.582270973845276,-2.4746096515440934,-7.720288047328327,7.40814716505091,5.657654652063446,38.15235348000184,43.877280064282374,-2.9871825619993584,14.018824067630613,-25.049096891764556,-10.963235179187903,27.77744714687878,21.317903964497095,-51.88049663025789,-14.098459490777167,-5.906642682870416,-16.226536871824205,-9.482695000706142,25.93462167122554,-17.44902801907588,12.601127106527134,-14.549055384792238,-12.963540521662184
13.16539136524117,35.62420579112021,-5.010614010644189,-2.7318887183371854,-12.426854996069117,-28.66773508219575,16.12676209707213,23.452959056388828,19.881655371035528,-18.822797128633447,37.17847918416386,33.4892522331302,-5.670191355785372,33.01306998203683,4.09209186278239,-8.168499568796355,5.77613047415727,-14.423107618100525,32.14158880685122,-4.211427277235108,-15.962058540466485,-25.587846138108628,16.026203874661693,4.4038068100937915,-0.3651229108275756,34.77568204829256,-15.826332089753027,16.29802826891623,16.467225576990522,5.81946873014616,-17.28229844156497,-22.82859100003967,17.12325497922101,4.409274614618609,2.086865618677088,3.9482637497781155,-5.280089989597322,-3.7169901061010515,-22.839010144202735,-26.21536822875497,2.649423092775314,-7.027925648664923,15.184975570876867,5.61209394345165,-17.085723385054557,-12.815571948862136,31.355193321926592,7.915426317057326,3.279588566496756,9.200377716853714,6.122355917673884,-15.817688237397899,10.337571874727042,-7.348164823185048,7.88697148777247,7.594803820856774
3.5457118299269297,8.676209658292475,-1.585851195751436,-0.7733184108364293,-3.1007330904506714,-7.4174887682507045,3.926869024143469,5.636482247568892,4.65119464850838,-4.788196104239404,9.338066634024178,8.31910384766783,-1.749205854563911,8.536662488850327,1.0573674855535014,-1.8350640802585085,1.16999957791378,-3.7820644337315152,7.838563795353551,-1.4514791557683693,-3.8388292078024486,-6.323301010743336,4.4038068100937915,1.428745805724509,0.37597253024435057,8.77958414696062,-3.84275208757519,3.6537422076586497,3.596649803135073,1.3671979225853104,-3.8332243396060646,-5.2813484508225175,4.3723092429612835,1.0376686070951409,0.8466554905453487,0.6578414653968754,-1.7630368374549281,-1.1100994994586415,-5.775043951629233,-6.597574634843669,1.1142298222640765,-1.073327273449978,3.9205525786734383,0.9259587615618957,-4.54854240823434,-3.2590715591418924,8.066761725176846,1.721193932464841,0.6985653887708583,2.0612220983906284,1.7823234035110629,-4.136879797583144,2.5600554941923326,-1.7486997017899997,1.56826474137186,1.8389321117542814
-0.44956689565445707,-3.230039756253625,-0.33936373072732434,0.017333552751755094,0.9657980531983215,1.6415499760359913,-1.4701184232381874,-2.2924540887677836,-2.2125669085111155,1.2641502429266247,-2.7511310095504986,-2.6868957404928255,-0.28035610708821995,-1.9151539298495093,-0.24246855090720543,1.0780330653718604,-1.046112562304993,0.7217439223523516,-2.891701664804774,-0.5427343709252936,1.5520617363312905,2.1231322362617053,-0.3651229108275756,0.37597253024435057,1.0463641813149998,-2.4842484647059453,1.4633576274345295,-2.1606581855612954,-2.39968992857977,-0.6341896633493566,2.3939984750563257,2.6805092502054375,-1.1150197222286364,-0.4831747031958929,0.5525842372062748,-1.0143894609640491,-0.5576357790358185,-0.11044280774705488,1.5997067275223709,1.907129193174795,0.7823672433637787,2.02541647532146,-0.8973060816289368,-1.4688691444622766,0.7039254568420031,0.8627055490848762,-1.903884608628247,-1.1707731492950777,-0.5135880293188604,-1.2223490558088779,0.08394878488130314,0.816896772628119,-0.8404490869839546,0.7579451547445856,-1.4815538150875134,-0.7072010273498649
28.811862093727633,81.24385054305907,-10.133435356898357,-5.85476695982157,-28.078103427340665,-63.81805270055803,36.791211715953274,53.75687350356725,46.00987110139616,-42.205613546995025,83.7782173089327,75.80509878485891,-11.63631534017096,73.53161561517524,9.12276574142627,-19.17884722943265,14.024347873406391,-31.93790009827766,73.26467234647465,-8.097448389090582,-36.57355665823859,-58.03415428800182,34.77568204829256,8.77958414696062,-2.4842484647059453,78.21847170879501,-36.13946368657027,38.28211721419071,39.03251511711868,13.445438622314418,-40.76159356420211,-53.05771873223625,38.337761295571596,10.191584246220897,3.550204144071652,10.074274415767787,-10.352395996141635,-7.747563097644547,-51.31837988862392,-59.020520862505876,4.375458664649949,-18.2904545316571,33.84893300018618,14.363619167680032,-37.58768165129711,-28.7391175219983,69.97737909446431,18.79024101537567,7.8318211657494645,21.61488895361346,12.920920345186538,-35.06733203044725,23.417824536969377,-16.907504585049114,19.23614697612494,17.350882955261763
-13.16518176174154,-37.754020464215,4.464955971275406,2.6470534710685096,12.998296625745452,29.370131755517786,-17.09499433011679,-25.03035389892406,-21.51008850827056,19.476666278562472,-38.7443744606094,-35.11633666991676,5.159572212486667,-33.83883900923436,-4.197503991504386,9.014610508962864,-6.672000686566578,14.662160322936716,-34.03893918354667,3.478613497392369,17.028614226587948,26.906809001680557,-15.826332089753027,-3.84275208757519,1.4633576274345295,-36.13946368657027,16.80070536362361,-18.00134090061282,-18.411732077214992,-6.282445626973116,19.18864207922627,24.839600052174095,-17.680321124971456,-4.758357759559436,-1.426539848885619,-4.885528292669851,4.4924175616981925,3.464570690170561,23.70928631773306,27.287638303057946,-1.7218218350662033,8.924897734921696,-15.579985489482608,-6.968044982474538,17.209988125783553,13.262997467377623,-32.23308756716795,-8.868028249185787,-3.7068210297413815,-10.164921599492576,-5.812482746962038,16.105645753575846,-10.85586142358352,7.883164101278765,-9.17412602375424,-8.071995944207137
13.801605945585218,40.54664478329871,-4.27185949945548,-2.606612466839292,-13.85034718679811,-31.16174135417654,18.23568723975238,26.946269472373878,23.468846666477408,-20.619126973266006,41.298111113322044,37.39947175487291,-4.911857286472983,35.63739189828203,4.354031105389339,-9.857593505886728,7.338134976826923,-15.384457600045714,36.535404993997716,-3.1272684559174317,-18.377036678493432,-28.73389247333203,16.29802826891623,3.6537422076586497,-2.1606581855612954,38.28211721419071,-18.00134090061282,19.832393068586995,20.208263926425207,6.8649293257830415,-20.926824582052337,-26.95718886694923,18.678793721189233,5.066254019459485,1.1882299270307517,5.744692170320484,-4.151516014771234,-3.481707790908689,-25.346593176905305,-29.153717872706086,1.2642183300176744,-10.454371252349151,16.351427574642255,8.058753198632541,-18.01224940722567,-14.045373536987771,34.0985959034197,9.72950978362575,4.150032351820335,11.206454542871803,5.959741857658665,-16.88002478629567,11.696068511823773,-8.468500259684228,10.34047720901209,8.780783155072719
13.794437109920363,41.297068151355575,-4.270780565631127,-2.734712623853818,-14.094456963457171,-31.335224647577455,18.73175021941522,27.51677158609419,23.825511994338967,-20.963892855543747,41.88174852099941,38.15890614458899,-5.051511060913228,36.18017658956943,4.506228468889193,-10.130723915512775,7.7368458987684745,-15.580460976470107,37.21722825302565,-3.090522003319746,-18.703601703504848,-29.286569892610654,16.467225576990522,3.596649803135073,-2.39968992857977,39.03251511711868,-18.411732077214992,20.208263926425207,20.873377852419154,6.944629480063668,-21.67464035297951,-27.66748474331924,19.005744770164267,5.289569606200202,0.9576138208816248,5.837883280074823,-4.111216384961704,-3.432572634600761,-25.530653853184532,-29.453323290011184,1.075101791723233,-10.844397666751663,16.684862689910698,8.375480773456113,-18.154347753252974,-14.276717855058166,34.511950153353645,10.069353674236849,4.216347840132169,11.411859610953728,5.835881810752046,-17.14219231941115,11.779156975437882,-8.705699246107425,10.630837656579073,8.823555654297186
4.926284993658407,14.175271975745288,-1.5804501896186958,-0.9257366016281753,-4.859356744908788,-11.031336868189003,6.3578872199462575,9.396571797577405,8.172342920306507,-7.256211382320065,14.518289217604018,13.102585535990816,-1.7907825127671217,12.57797507175277,1.5274214661194012,-3.4033465662670968,2.486184266311081,-5.445791551505418,12.774571212224846,-1.1947775709019353,-6.415727437331213,-10.06280065609638,5.81946873014616,1.3671979225853104,-0.6341896633493566,13.445438622314418,-6.282445626973116,6.8649293257830415,6.944629480063668,2.394413656526261,-7.1964579711437615,-9.341738050626843,6.575476823139356,1.7493620432834658,0.5153187857165755,1.944735698439017,-1.5662875384602624,-1.2734229308064244,-8.9377680924321,-10.263907158040569,0.5654956100928515,-3.4968353056169894,5.760788465012831,2.704753336571375,-6.40088637343674,-4.94295311065935,12.036804023595968,3.3398788769527767,1.4305524039589335,3.8795909596934575,2.1713531770040597,-5.96771775054413,4.112548386372599,-2.943117759301665,3.5288062636381055,3.080492894778424
-14.399315264886408,-42.99334621666589,4.552789745976336,2.911897489265392,14.696324418933099,32.65011044966571,-19.551988841564622,-28.64283426291473,-24.709929149490385,21.88698960245695,-43.646434435916674,-39.80696316661547,5.408118023334155,-37.80846310130785,-4.73641310704643,10.520157101281765,-8.053607286328813,16.289403550435768,-38.75156230884053,3.341216500761303,19.449842281578334,30.529369179406242,-17.28229844156497,-3.8332243396060646,2.3939984750563257,-40.76159356420211,19.18864207922627,-20.926824582052337,-21.67464035297951,-7.1964579711437615,22.544976240081184,28.77116808455004,-19.85353115921145,-5.535483968238429,-1.0381154853987797,-5.963402196424936,4.415159292153089,3.611161568990158,26.56447923635158,30.662886167246953,-1.2206524591627093,11.121943810591315,-17.460650414534335,-8.613812812523687,18.97870902040861,14.90385821509481,-36.0152165391984,-10.459611587403636,-4.349862975032142,-11.814924966399996,-6.105616687775214,17.93318358514933,-12.235338053865574,9.0743955209579,-10.971671623161996,-9.143485002727155
-19.080403943460528,-55.793278318699706,6.189311812696542,3.788558744302235,19.125890627614304,42.92341737612078,-25.260264961003088,-37.07322708534953,-32.00434665828493,28.554409872540422,-56.94259885531238,-51.71059010472212,7.209711745784267,-49.45208053266529,-6.133120147356007,13.493272051074056,-10.119900130407823,21.367183186813474,-50.29111121270917,4.664271231525024,25.22013381102434,39.65987263704462,-22.82859100003967,-5.2813484508225175,2.6805092502054375,-53.05771873223625,24.839600052174095,-26.95718886694923,-27.66748474331924,-9.341738050626843,28.77116808455004,37.016320463805236,-25.901534401557797,-7.0695757245860955,-1.7336947322616094,-7.561691371561085,6.105356033147618,4.8923863072915434,34.80552059548276,40.092323321096615,-2.0223254910613018,13.902271432354365,-22.77362941309478,-10.789110340520672,25.002156231176393,19.445878204263206,-47.15582601130327,-13.333737522676737,-5.590847273772191,-15.22369315719537,-8.267878536781016,23.482414744514994,-15.998445666207425,11.69393039262779,-13.951675949794174,-11.943826631659407
14.184982772485194,39.76506373733874,-5.033139244534005,-2.8790958624324516,-13.757476189336492,-31.34762481999022,17.9948937285085,26.291977291714332,22.490846636326953,-20.697945747959384,41.07170816534951,37.1275620591617,-5.759030171255,36.090451903729935,4.470630490573691,-9.351699860522809,6.80009698408995,-15.688464273931295,35.86111373226308,-4.048803927292528,-17.89319683387114,-28.42010013974168,17.12325497922101,4.3723092429612835,-1.1150197222286364,38.337761295571596,-17.680321124971456,18.678793721189233,19.005744770164267,6.575476823139356,-19.85353115921145,-25.901534401557797,18.80302113075806,4.971425617586061,1.8196284704481154,4.8762836177379265,-5.163669339279759,-3.8385749426782656,-25.17944525445219,-28.94575779876995,2.244296898904922,-8.819850837965516,16.60574981027724,6.936309508691162,-18.483494411947778,-14.09396961653661,34.346689773702344,9.146462352755615,3.8157904564526337,10.546751809934786,6.396055874454366,-17.219909962103163,11.480238764693175,-8.26156993332018,9.34277648046879,8.499943342451854
3.608100465234104,10.626147964778653,-1.2301120619846053,-0.7771491992888117,-3.654630207916122,-8.115953749703975,4.872718044366986,7.071794214011695,6.021905591287211,-5.4700575715063025,10.83850845657869,9.911658784515483,-1.4754071861064997,9.485023185636907,1.2097899531884946,-2.570400654069207,1.9765568171497416,-4.095729473483469,9.582813246441248,-0.9476251736741066,-4.787017785785023,-7.582270973845276,4.409274614618609,1.0376686070951409,-0.4831747031958929,10.191584246220897,-4.758357759559436,5.066254019459485,5.289569606200202,1.7493620432834658,-5.535483968238429,-7.0695757245860955,4.971425617586061,1.3888579797564808,0.3080219140297087,1.366379342765199,-1.2248886946677684,-0.9337242649566746,-6.565643962111665,-7.59020513900694,0.4081653563167366,-2.580247723296057,4.399645020736379,2.020649435791994,-4.774654564632564,-3.7235693252552,8.993311195470438,2.5551918936927116,1.0380679179299241,2.8580807511352675,1.5490371575427457,-4.517047427226012,3.0044753887397646,-2.249351930176819,2.6161364873551123,2.2255680565837164
1.7175613066446525,3.3271654143011773,-0.8903571438552558,-0.3271673598660844,-1.2442987382017798,-3.337508552587475,1.4245916782501253,2.0750966156729764,1.6971319042632846,-1.9896329376118032,3.860124363392083,3.263504242085906,-0.8891238782124353,3.660947326067854,0.40911315078432037,-0.5555783808940337,0.15838602330144036,-1.6734192152575444,3.0100299615443666,-0.8860030921542879,-1.4468692181079277,-2.4746096515440934,2.086865618677088,0.8466554905453487,0.5525842372062748,3.550204144071652,-1.426539848885619,1.1882299270307517,0.9576138208816248,0.5153187857165755,-1.0381154853987797,-1.7336947322616094,1.8196284704481154,0.3080219140297087,0.6768413391950202,0.05837425862347766,-1.0508096622917527,-0.6188310629326489,-2.500268162702279,-2.792871937491077,0.8452420949307135,0.11004194512386978,1.63455099094127,-0.02140679964449149,-2.0975141366572103,-1.3554054004875635,3.4885047588932205,0.44222054613583844,0.20708253611555666,0.672915318198576,0.9951045746653687,-1.799898032796216,1.077657779670137,-0.6025697681894691,0.3181319696324382,0.7590848659893549
3.4981466870021367,11.047294344702054,-0.7976561864680697,-0.5592400571203042,-3.6976393234615443,-8.181055475975594,4.903816561688479,7.394518336691933,6.635008509880811,-5.410271525924517,11.017145671569084,9.984102500146925,-0.9158187797044909,9.215634117368246,1.0903410738620378,-2.8169696367359993,2.1494136728087834,-3.9340144079552575,9.940552690270032,-0.42593969599770093,-5.065792125521097,-7.720288047328327,3.9482637497781155,0.6578414653968754,-1.0143894609640491,10.074274415767787,-4.885528292669851,5.744692170320484,5.837883280074823,1.944735698439017,-5.963402196424936,-7.561691371561085,4.8762836177379265,1.366379342765199,0.05837425862347766,1.902480389082917,-0.658271559031288,-0.771748459278925,-6.791332929327053,-7.80974803506426,-0.08013294593170364,-3.464582023389744,4.199511725892933,2.6081086899761567,-4.5634151552942575,-3.6879806419475623,8.91032889348735,2.8106022384526566,1.24449109618672,3.250252161092095,1.4023290563898696,-4.3090241425553995,3.1955183016467994,-2.3187972388755087,3.1616911504833745,2.453633543924233
-4.1955870176761785,-10.114875764508511,1.9589965430809264,0.9562870710440249,3.6381198613988457,8.71274707277187,-4.611731731419727,-6.56021093089661,-5.339258104658836,5.645324097995325,-10.946464708127694,-9.769718600061344,2.1780113320667036,-10.100116432816668,-1.2692146106906068,2.10500517679298,-1.3378622369164797,4.484026009146493,-9.14321377322202,1.820237752255985,4.4555010558528485,7.40814716505091,-5.280089989597322,-1.7630368374549281,-0.5576357790358185,-10.352395996141635,4.4924175616981925,-4.151516014771234,-4.111216384961704,-1.5662875384602624,4.415159292153089,6.105356033147618,-5.163669339279759,-1.2248886946677684,-1.0508096622917527,-0.658271559031288,2.196501420068529,1.3411992713802539,6.745639098566262,7.714301714803501,-1.4168392910374195,1.0710237177758755,-4.654702793247442,-0.9618110153460295,5.39673567396496,3.841387266284433,-9.507616649450423,-1.9688614271590812,-0.777247156605432,-2.3400307135188814,-2.1291459149274425,4.9112104730334885,-2.9707261669731126,2.0416501401794034,-1.7266720555465034,-2.1144396678446915
