V1,V2,V3,V4,V5,V6,V7,V8,V9,V10,V11,V12,V13,V14,V15,V16,V17,V18,V19,V20,V21,V22,V23,V24,V25,V26,V27,V28,V29,V30,V31,V32,V33,V34,V35,V36,V37,V38,V39,V40,V41,V42,V43,V44,V45,V46,V47,V48,V49,V50,V51,V52,V53,V54,V55,V56
2005.7708606764572,5753.543154010982,-673.5473670832915,-398.1459434251057,-1979.3601789752154,-4477.227567378709,2600.2915165550066,3814.2175271299484,3285.355968389383,-2964.0702020557137,5902.811872848214,5345.301754859619,-775.3252868750573,5147.769997691761,635.8936581819192,-1374.9264101791377,1014.6868354125055,-2230.293106718118,5186.928733377008,-522.135289382913,-2596.7592571659848,-4097.4818108181225,2403.1225303341303,580.34319803482515,-228.75585735047144,5498.231885996936,-2558.254791781486,2751.1498972151003,2807.4433109025663,960.1733396384581,-2922.705492915798,-3786.0254890662036,2689.800501179654,722.057098169288,216.5655440820109,752.741311872685,-676.0175898688764,-526.2537883904525,-3616.595310240048,-4160.5120933307135,256.9646993863248,-1370.389780851602,2367.6586259389724,1068.0037444483053,-2618.7279881164836,-2018.5713217101652,4907.899146291783,1351.7813674787933,567.8003431565503,1553.754585684754,885.596525255614,-2448.6840165775384,1657.4443950601917,-1199.9002307539902,1404.071355456119,1234.1344126067386
5753.543154010982,16508.583031518527,-1930.9325203864812,-1141.9187972327052,-5679.0117280788745,-12844.42908742998,7461.0220504301415,10944.45378898965,9427.493589404145,-8503.835671302786,16935.564691853808,15336.491653059858,-2222.980720919144,14768.18925769525,1824.3061565939652,-3945.787483326331,2912.556319156865,-6398.116044363932,14882.776182036523,-1496.2147941599264,-7451.062648709609,-11756.449808155934,6892.976809453008,1663.5601889060113,-658.508912417701,15774.623099080289,-7340.434246071478,7895.281423352007,8057.291115511279,2755.2393844819453,-8387.854738950464,-10864.49482184672,7716.896794579317,2071.971242026236,619.8049703067446,2161.196509816211,-1937.511214898873,-1509.0370363327193,-10376.031389887274,-11936.695827684127,735.1455114692606,-3934.974571355448,6792.490448231208,3066.448035534554,-7512.097897431068,-5791.236862000763,14080.202288273736,3879.6266719575315,1629.6359242675312,4458.997395853838,2539.6790876436035,-7024.693884622377,4755.468667487437,-3443.085913338643,4030.298106151584,3541.116210554301
-673.5473670832915,-1930.9325203864812,226.47162562676888,133.7440167499743,664.3732958574012,1503.1029579172869,-872.673926963981,-1279.9921618214644,-1102.3712112256073,994.9995876975278,-1981.3591339016489,-1794.1105112867472,260.6308554431483,-1728.2081286243717,-213.48037081654238,461.256769861735,-340.25906481453745,748.8155428761005,-1740.7869372416355,175.72687079033,871.4347136278534,1375.250892202329,-807.0887725518983,-195.1842334353859,76.23130634037649,-1845.605840483627,858.5539465798663,-922.9419711598916,-941.7151224785197,-322.18484613596354,980.4411861094646,1270.2920731349816,-902.9509752285202,-242.28297281702356,-73.0758802727653,-252.27346577191793,227.43059604119176,176.85473478289003,1214.0056927439493,1396.548060531446,-86.7853644945521,459.17199912508437,-794.8598317260804,-357.9185089603097,879.3156828081821,677.6077096292493,-1647.6297872980804,-453.4275616118817,-190.44244836898153,-521.2456266621963,-297.5544055953207,822.1275558430539,-556.3016127627391,402.64971498139744,-470.8070287936626,-414.17431900015515
-398.1459434251057,-1141.9187972327052,133.7440167499743,79.04098812209429,392.8607550369325,888.6775251112064,-516.0877627098096,-757.0041919400588,-652.0174335325414,588.3209040857004,-1171.5922426208747,-1060.923778392032,153.94659162017948,-1021.7763612346095,-126.21916292561941,272.8590751602411,-201.3491109400521,442.69755856693797,-1029.4642923167557,103.70349270900749,515.3755191007318,813.2528686986669,-477.04043310913823,-115.24422709861048,45.32220491547893,-1091.3019134295473,507.741330889063,-545.9714498317235,-557.1302185838294,-190.55849323533087,580.014341271723,751.3743366888232,-533.8861868671162,-143.30337817913997,-43.038448855168234,-149.34402176774088,134.25362020343314,104.48188208746281,717.8271024713207,825.7802430966359,-51.08048318612308,271.8742754097243,-469.95402322773685,-211.8937890293966,519.8106941024928,400.6544373864618,-974.1552394459179,-268.2571194600251,-112.67478891590589,-308.3459260547324,-175.81497565619313,486.04579396628174,-328.962306249487,238.141721279883,-278.60806158869923,-244.93793734096516
-1979.3601789752154,-5679.0117280788745,664.3732958574012,392.8607550369325,1953.6275265624977,4418.680160153515,-2566.6164682148756,-3764.904121363799,-3243.0263330388875,2925.4221310912885,-5825.993021027312,-5275.863608491342,764.8370954268194,-5080.47764569578,-627.5867811596029,1357.3094265830491,-1001.8450925711342,2201.068812376924,-5119.727527781675,514.8489326997575,2563.1779598091543,4044.2924558951,-2371.378198102573,-572.3886759401672,226.3686201270717,-5426.632522806875,2525.1324230551004,-2715.8964986873284,-2771.5937666810482,-947.7944992216882,2885.3205141477106,3737.32988230579,-2654.7097654729005,-712.7533560063594,-213.33447293444968,-743.3578772162926,666.6742502130517,519.1830033237758,3569.470459620144,4106.343732203381,-253.05456016500847,1353.4249646274186,-2336.718114076546,-1054.715115103795,2584.3233519033306,1992.2535352457137,-4843.7880614219375,-1334.5313417268978,-560.5664459089263,-1533.8472477583293,-873.7589797945736,2416.61595160791,-1635.914880792266,1184.4140014537345,-1386.316569893699,-1218.1542837192749
-4477.227567378709,-12844.42908742998,1503.1029579172869,888.6775251112064,4418.680160153515,9994.469893487443,-5805.000550173626,-8515.124701070888,-7334.637807838847,6616.787139490352,-13177.231062660254,-11932.813917655609,1730.3260966025407,-11491.344383790687,-1419.511862428032,3069.6827527590303,-2265.5999918372345,4978.579356943557,-11579.50169131489,1164.996948549348,5797.166302707224,9147.236883210233,-5364.08033854151,-1295.063460241673,511.3888986863768,-12274.001657856717,5711.160819841603,-6142.246569013154,-6268.0737339165125,-2143.604379313026,6525.339606717297,8452.486918461786,-6004.508752364,-1612.0028496895545,-482.94368611755107,-1680.8911396441613,1508.451690367455,1174.5267406308333,8073.477526354197,9287.742750235737,-572.9473900067175,3060.276282398401,-5285.315083611757,-2384.9278719202584,5845.556457856599,4506.128517108483,-10955.931303798148,-3018.094912793998,-1267.7281571475175,-3468.940131537992,-1976.5979187138046,5466.115271898234,-3700.06724470187,2678.7918725487134,-3135.0298969574837,-2755.1372083159226
2600.2915165550066,7461.0220504301415,-872.673926963981,-516.0877627098096,-2566.6164682148756,-5805.000550173626,3371.9976220878343,4946.327451065892,4260.739059126557,-3843.287521090728,7653.987691252962,6931.296287899094,-1004.667485239693,6674.445245982005,824.4924177966126,-1783.2957522258534,1316.33345986401,-2891.6098609698993,6726.242940960838,-676.2030405389146,-3367.4931830243727,-5313.3035068492445,3115.2578218343965,751.836094691386,-297.6230540068595,7129.3062536065,-3317.496324026835,3568.2623948403593,3641.4890690835296,1245.2252157688924,-3790.8876278406738,-4910.195374257158,3487.632886114261,936.4261346679374,280.1089890126675,976.7524429282021,-875.644844985992,-682.0015084123838,-4689.417403770382,-5394.757706417593,332.2361496805594,-1778.4180992631523,3069.849635542242,1385.8859308530182,-3395.0680532249507,-2617.33555861832,6363.509337026676,1753.3966984421272,736.5121523165656,2015.238663556346,1147.7942303097043,-3174.7917662629998,2149.221277388409,-1556.099638118745,1821.4926019114437,1600.3983378550288
3814.2175271299484,10944.45378898965,-1279.9921618214644,-757.0041919400588,-3764.904121363799,-8515.124701070888,4946.327451065892,7255.712510574789,6250.073917220148,-5637.590002525015,11227.421220211952,10167.352958673713,-1473.6089699173542,9790.475430490966,1209.41391390642,-2615.937846706146,1930.9830542436368,-4241.568587417279,9866.615108007603,-991.7726023793826,-4939.7377567459935,-7793.9693899270305,4569.559157809127,1102.7413863502898,-436.72887132598834,10457.762549861842,-4866.384864961187,5234.330853697299,5341.774230773254,1826.6182103928306,-5560.911205283381,-7202.775568922179,5115.8865444102785,1373.6384873146767,410.7792145922619,1432.8824083929187,-1284.3140078823583,-1000.3514810804246,-6878.764734275723,-7913.416520171274,487.2004118931599,-2608.9405860033958,4503.03950027941,2033.076995365672,-4980.04594920752,-3839.282633929216,9334.391388285616,2572.095671821309,1080.411007521534,2956.1807888386484,1683.5884495815167,-4656.958433671898,3152.6460186820022,-2282.630713738785,2672.0329493224367,2347.6038375399844
3285.355968389383,9427.493589404145,-1102.3712112256073,-652.0174335325414,-3243.0263330388875,-7334.637807838847,4260.739059126557,6250.073917220148,5383.889035548738,-4856.074393958695,9671.080496390417,8758.010120653553,-1269.1489214963385,8433.181120530355,1041.747383041307,-2253.441505303822,1663.470761845576,-3653.512118195361,8499.042433522836,-854.0661915047084,-4255.091645812814,-6713.631246012663,3935.909679615531,949.693230967247,-376.4585956424003,9008.08386405816,-4191.884034092812,4509.0036311007525,4601.608744239586,1573.4677808117747,-4790.349884679572,-6204.589084433308,4406.682552115876,1183.264608411178,353.6528062836795,1234.4502771557677,-1106.0308129149867,-861.5814832819847,-5925.2127251519305,-6816.455649383795,419.40683485131524,-2247.6885981698133,3878.767639338674,1751.5305851535004,-4289.566179680184,-3307.0592482833904,8040.35145727572,2215.7052482604972,930.7172363606688,2546.5398684986167,1450.070063287216,-4011.3173570373656,2715.6493934441446,-1966.267654251919,2301.8745991925075,2022.2203709553692
-2964.0702020557137,-8503.835671302786,994.9995876975278,588.3209040857004,2925.4221310912885,6616.787139490352,-3843.287521090728,-5637.590002525015,-4856.074393958695,4380.6573421612075,-8724.050631187562,-7900.2247872636435,1145.4358825586842,-7607.796148926852,-939.7832819790515,2032.3885943166972,-1500.074121889552,3296.0287093595216,-7666.360621209411,771.1256700789918,3838.1191928811795,6056.021850657312,-3551.1527127380123,-857.2578320018624,338.76687713428043,-8126.051702149167,3781.1644231166306,-4066.6882661654695,-4150.045254135874,-1419.2205866778374,4320.35717635012,5596.211209113326,-3975.288007712838,-1067.2704210074062,-319.5970610923687,-1112.984627000902,998.4932869157204,777.5214250860432,5345.070518444278,6148.992254767115,-379.13039616277695,2026.3634585489497,-3499.130693749353,-1579.1560157624072,3869.9712326365593,2983.2890423075833,-7253.345855813573,-1998.257379503564,-839.3576431244677,-2296.7290774436083,-1308.506623058081,3618.798859863884,-2449.6621452678132,1773.54172979221,-2075.7387587377502,-1824.07855637772
5902.811872848214,16935.564691853808,-1981.3591339016489,-1171.5922426208747,-5825.993021027312,-13177.231062660254,7653.987691252962,11227.421220211952,9671.080496390417,-8724.050631187562,17373.970638415096,15733.369466832017,-2280.9590086306653,15150.81554327407,1871.5673302255545,-4047.635251509366,2987.5643966156276,-6563.956598451749,15267.721515272438,-1535.4777571730697,-7643.714945947724,-12060.640626886036,7071.923123462572,1707.0613954505816,-674.9202574437726,16183.027659769941,-7530.269998057576,8099.071025492265,8265.129252688563,2826.437662750087,-8604.289775673487,-11145.120695825755,7916.754927843896,2125.507811807082,636.2919887622288,2216.6948464728202,-1988.2564352946945,-1548.341753765026,-10644.691403422823,-12245.719585568551,754.7859235248146,-4035.901059701079,6968.464044526972,3145.171970577471,-7706.91050848675,-5941.205384432535,14444.951543205498,3979.691500623799,1671.6538124150954,4574.089888425961,2605.7594545146726,-7206.758853360842,4878.526645958749,-3532.0816184000123,4134.070232409598,3632.695438908823
5345.301754859619,15336.491653059858,-1794.1105112867472,-1060.923778392032,-5275.863608491342,-11932.813917655609,6931.296287899094,10167.352958673713,8758.010120653553,-7900.2247872636435,15733.369466832017,14247.738323430929,-2065.424738938044,13720.032936498226,1694.827022020164,-3665.5253399484636,2705.590510201603,-5944.057628903103,13826.122334461457,-1390.302023907081,-6922.009595840512,-10921.822669246698,6403.955265938121,1545.7137332484008,-611.408949425519,14654.872367752329,-6819.262613579806,7334.490273514661,7484.92334021209,2559.5831689346505,-7792.04515499398,-10092.919851080469,7169.155851713117,1924.8362788518207,576.0524886510084,2007.5285727140026,-1800.3051157956183,-1402.0494608254874,-9639.504472122811,-11089.363294616849,683.3005381090958,-3655.1201589798548,6310.396385691867,2848.404736576081,-6979.036100803084,-5380.167971044486,13080.843975795478,3604.022712550566,1513.859131431664,4142.2795547791775,2359.5819850766097,-6526.159733007179,4417.86785977885,-3198.5988336878286,3743.888939737227,3289.693412979127
-775.3252868750573,-2222.980720919144,260.6308554431483,153.94659162017948,764.8370954268194,1730.3260966025407,-1004.667485239693,-1473.6089699173542,-1269.1489214963385,1145.4358825586842,-2280.9590086306653,-2065.424738938044,299.9606145151678,-1989.470311834798,-245.75632401392585,531.0638352356569,-391.78966678043787,862.0006254383819,-2004.0783947665084,202.19625702734075,1003.2463366328694,1583.230630276383,-929.032479218652,-224.61789673935465,87.88307028328764,-2124.6713277644208,988.4110264333165,-1062.6149166051448,-1084.2571433666958,-370.927074148366,1128.8331961567226,1462.4933778454238,-1039.4679858016125,-278.9382381132445,-84.03567295976207,-290.5029980794449,261.7065320985363,203.55161547545381,1397.5569380015042,1607.7099296226513,-99.7885733428908,528.78653340628955,-915.023340520583,-412.1697440971433,1012.2069250017499,780.0586522375175,-1896.7167764568858,-522.065312075421,-219.27137568590382,-600.1305509646737,-342.4813209752076,946.4009177227693,-640.4258991096239,463.56721839950274,-542.1054390137681,-476.8167468584361
5147.769997691761,14768.18925769525,-1728.2081286243717,-1021.7763612346095,-5080.47764569578,-11491.344383790687,6674.445245982005,9790.475430490966,8433.181120530355,-7607.796148926852,15150.81554327407,13720.032936498226,-1989.470311834798,13212.422373426463,1632.119068131269,-3529.454034972419,2604.9515263430926,-5724.223212010466,13313.812374571713,-1339.4597960130907,-6665.43017438652,-10517.250391979533,6167.453011334628,1489.012449720751,-588.012016680894,14112.314110296573,-6566.546291052484,7062.210359210201,7206.898802758258,2464.6614965207914,-7502.6983004901085,-9718.46940566125,6903.816862832054,1853.4449676464512,555.2480043385444,1932.6562872940822,-1734.3516925427662,-1350.4276163159811,-9282.648455898707,-10678.781376209601,658.72915593155,-3518.6644188416467,6076.907156392004,2742.1572161399945,-6721.041280511038,-5181.021354674086,12596.815170646983,3470.145190415922,1457.6049321094488,3988.5072471849894,2272.618102928981,-6284.78267123932,4254.232070051766,-3080.014971803004,3604.595369792646,3167.7798789046506
635.8936581819192,1824.3061565939652,-213.48037081654238,-126.21916292561941,-627.5867811596029,-1419.511862428032,824.4924177966126,1209.41391390642,1041.747383041307,-939.7832819790515,1871.5673302255545,1694.827022020164,-245.75632401392585,1632.119068131269,201.61571712488123,-435.99510718625595,321.7942156441726,-707.1059783117195,1644.6502840296978,-165.45815847598288,-823.3758617700455,-1299.1891618109821,761.8575749379604,183.93499991124662,-72.64338939404537,1743.2838974068454,-811.1619575611307,872.394246265996,890.2708179630915,304.45875318897976,-926.8116276154132,-1200.521009697477,852.8223433638502,228.95605710885863,68.58267200530152,238.74127458542256,-214.2381865910706,-166.81565100743373,-1146.6732849096386,-1319.1376436532803,81.36591676462557,-434.66698462354884,750.6744885542778,338.7441367038634,-830.2403691855781,-640.0071295176368,1556.0716846847201,428.6700211093414,180.05791751911846,492.7011218707542,280.730686916305,-776.3534512905841,525.5204430876367,-380.47681444537733,445.2774334268927,391.3126668995683
-1374.9264101791377,-3945.787483326331,461.256769861735,272.8590751602411,1357.3094265830491,3069.6827527590303,-1783.2957522258534,-2615.937846706146,-2253.441505303822,2032.3885943166972,-4047.635251509366,-3665.5253399484636,531.0638352356569,-3529.454034972419,-435.99510718625595,943.2151187737305,-696.3206627670187,1529.044684074094,-3557.194642508005,357.3103113276247,1780.9422049291113,2809.8940308736787,-1647.1618278839715,-397.36272210230266,157.7311717425415,-3770.139501618087,1754.4772613996315,-1887.312305549615,-1926.1105158563155,-658.5776486457213,2005.0953537676858,2596.972100915728,-1844.3030597627314,-495.25818888482405,-147.89170910030427,-516.7712033341745,462.7491248857591,360.5346956711329,2479.8562655973287,2852.8790873064468,-175.36949736102696,940.9779015771443,-1623.342193471949,-733.2472472786413,1795.215788885189,1384.0890915029674,-3365.0574190299376,-927.4409577388498,-389.5777871451155,-1065.8959128079307,-606.8069351357913,1678.7993798331306,-1136.5901238976128,822.9848303938971,-963.5526458604481,-846.3818408842419
1014.6868354125055,2912.556319156865,-340.25906481453745,-201.3491109400521,-1001.8450925711342,-2265.5999918372345,1316.33345986401,1930.9830542436368,1663.470761845576,-1500.074121889552,2987.5643966156276,2705.590510201603,-391.78966678043787,2604.9515263430926,321.7942156441726,-696.3206627670187,514.1306060724567,-1128.4947520878507,2625.7139215658062,-263.4963817372847,-1314.6178458117795,-2074.051885612579,1215.5472407120528,293.1007835675243,-116.7042829047158,2782.72467236807,-1295.0646578612552,1393.2901041248174,1421.9949007035318,486.1522605945339,-1480.2773966551663,-1917.105550680324,1361.2420792908053,365.59657034761534,108.96048746478472,381.62639956805316,-341.2948500934911,-266.00409137840256,-1830.3558425034485,-2105.7015785302397,129.1689837775152,-694.9530195890649,1198.1310475346165,541.5028628491697,-1324.895413957762,-1021.5751558268571,2483.63789446303,684.7096610907054,287.6219087697543,786.8882147951321,447.7340501088799,-1239.0280954890575,838.9371512621614,-607.5079161799962,711.4473482577055,624.7532312148979
-2230.293106718118,-6398.116044363932,748.8155428761005,442.69755856693797,2201.068812376924,4978.579356943557,-2891.6098609698993,-4241.568587417279,-3653.512118195361,3296.0287093595216,-6563.956598451749,-5944.057628903103,862.0006254383819,-5724.223212010466,-707.1059783117195,1529.044684074094,-1128.4947520878507,2480.0120272484623,-5768.023212768154,580.4100580745738,2887.697678440819,4556.478513550325,-2672.0882193726607,-645.1782847170573,254.62845723723774,-6114.044886339143,2844.8646844477066,-3059.525393105541,-3122.1838673769225,-1067.7672742311352,3250.3426938615485,4210.324020706658,-2991.036010968974,-802.9710992720748,-240.64395622735395,-837.223795803656,751.5048187729899,585.1040082258181,4021.6422419485357,4626.496440667327,-285.5056183956638,1524.2493287903255,-2632.794657540548,-1187.8863018597028,2911.900069043925,2244.6416320311046,-5457.507424410291,-1503.335889118989,-631.4622502037462,-1727.917241595344,-984.6548016226516,2722.866062046205,-1843.101489755159,1334.355380501583,-1561.5530590568137,-1372.3963065592054
5186.928733377008,14882.776182036523,-1740.7869372416355,-1029.4642923167557,-5119.727527781675,-11579.50169131489,6726.242940960838,9866.615108007603,8499.042433522836,-7666.360621209411,15267.721515272438,13826.122334461457,-2004.0783947665084,13313.812374571713,1644.6502840296978,-3557.194642508005,2625.7139215658062,-5768.023212768154,13417.094823534946,-1348.885822080277,-6717.254990927188,-10598.648169111013,6214.170141681873,1499.757955008115,-593.6359987574776,14221.113560713844,-6617.525835132534,7117.720665571662,7263.767905448572,2483.896472268767,-7561.780813119583,-9794.514740488994,6956.925988051339,1867.9135938267677,558.7765668554441,1948.3358190098647,-1746.724544973869,-1360.4383465967462,-9354.174221638606,-10761.142172166752,662.7691301731934,-3547.4195255226664,6123.556246737688,2764.4406490877477,-6772.3037791684865,-5220.908018388048,12693.570953338365,3497.547446847126,1469.1403914099708,4019.8619074818953,2289.581703598815,-6332.902106760382,4287.137112093405,-3104.014043311525,3633.3650075539053,3192.376506810971
-522.135289382913,-1496.2147941599264,175.72687079033,103.70349270900749,514.8489326997575,1164.996948549348,-676.2030405389146,-991.7726023793826,-854.0661915047084,771.1256700789918,-1535.4777571730697,-1390.302023907081,202.19625702734075,-1339.4597960130907,-165.45815847598288,357.3103113276247,-263.4963817372847,580.4100580745738,-1348.885822080277,136.44654734928704,675.2128472907752,1065.6954084664173,-625.7182563511795,-151.47958029900548,58.760486646729895,-1430.3013467371266,665.2553025856979,-714.9492522705799,-729.4267306691135,-249.6182945154664,759.4585757760201,984.1198165030655,-699.7993776401464,-187.71079485120103,-56.84971568750541,-195.27779308085616,176.54406948700517,137.17594992859796,940.8349933481977,1082.2806608252968,-67.55869214304701,355.37446083808044,-616.0554871804086,-277.04732886827844,681.6094833105172,525.1465915465035,-1276.9795021005266,-351.2084009764444,-147.5017174548063,-403.77859859033333,-230.76032193848434,637.2275099878851,-431.088854865895,311.97358571359484,-364.57885847456083,-320.92430716606293
-2596.7592571659848,-7451.062648709609,871.4347136278534,515.3755191007318,2563.1779598091543,5797.166302707224,-3367.4931830243727,-4939.7377567459935,-4255.091645812814,3838.1191928811795,-7643.714945947724,-6922.009595840512,1003.2463366328694,-6665.43017438652,-823.3758617700455,1780.9422049291113,-1314.6178458117795,2887.697678440819,-6717.254990927188,675.2128472907752,3363.0120406397914,5306.192468392254,-3110.9936120590296,-750.7532512590752,297.31800860053545,-7119.724574067416,3313.071140011653,-3563.563506472509,-3636.709551523354,-1243.572720756809,3785.898240979224,4903.697426429447,-3482.936537962214,-935.183243995905,-279.67224948141035,-975.515508142178,874.3782991978143,681.0474038153075,4683.124559054802,5387.521474403968,-331.69912381934387,1776.1718809466067,-3065.707295320743,-1384.1211122762347,3390.4606594766924,2613.813639635969,-6354.928462182927,-1751.0924192573284,-735.5499897437898,-2012.5818386227638,-1146.204162610435,3170.49324668625,-2146.3477916671673,1554.0209514940314,-1819.1339048870198,-1598.2670361112102
-4097.4818108181225,-11756.449808155934,1375.250892202329,813.2528686986669,4044.2924558951,9147.236883210233,-5313.3035068492445,-7793.9693899270305,-6713.631246012663,6056.021850657312,-12060.640626886036,-10921.822669246698,1583.230630276383,-10517.250391979533,-1299.1891618109821,2809.8940308736787,-2074.051885612579,4556.478513550325,-10598.648169111013,1065.6954084664173,5306.192468392254,8372.296058324995,-4908.985421815472,-1184.838889027498,468.75600116613816,-11233.895947083744,5227.424178256105,-5622.4265146148355,-5737.758231619777,-1962.0997310681314,5973.1817506710695,7736.942305375919,-5495.608487900269,-1475.5216336368512,-441.5322531173497,-1538.951621505375,1379.9825663750248,1074.7338469392546,7389.295610892478,8500.709495041508,-523.7250256466908,2801.991038017382,-4837.3087338868,-2183.5595238233627,5349.841181822339,4124.2388923343315,-10027.279613128712,-2762.755935637206,-1160.489757729059,-3175.3619937769818,-1808.7339861008368,5002.6960948600145,-3386.586033989927,2451.9459476534407,-2869.995389142215,-2521.772543914404
2403.1225303341303,6892.976809453008,-807.0887725518983,-477.04043310913823,-2371.378198102573,-5364.08033854151,3115.2578218343965,4569.559157809127,3935.909679615531,-3551.1527127380123,7071.923123462572,6403.955265938121,-929.032479218652,6167.453011334628,761.8575749379604,-1647.1618278839715,1215.5472407120528,-2672.0882193726607,6214.170141681873,-625.7182563511795,-3110.9936120590296,-4908.985421815472,2879.2551332651756,695.4388044051183,-273.8684236310556,6587.234380211974,-3064.884021179401,3295.8587088698077,3363.2599602406112,1150.308014563339,-3501.3687197954737,-4535.6924315987735,3222.5723606354445,865.0362316757099,259.5857274044641,901.678714925891,-810.0963595274219,-630.5645936672952,-4332.898534747099,-4984.535856778015,308.0474301061205,-1641.5203318690521,2836.639565133117,1279.3367573002936,-3137.497849382317,-2418.387376835398,5880.040605971546,1619.412898640293,680.2055020475652,1861.394322177075,1061.1024563584328,-2933.7463286195975,1985.6967755939402,-1437.532081325584,1681.9848122988615,1478.5349296153663
580.34319803482515,1663.5601889060113,-195.1842334353859,-115.24422709861048,-572.3886759401672,-1295.063460241673,751.836094691386,1102.7413863502898,949.693230967247,-857.2578320018624,1707.0613954505816,1545.7137332484008,-224.61789673935465,1489.012449720751,183.93499991124662,-397.36272210230266,293.1007835675243,-645.1782847170573,1499.757955008115,-151.47958029900548,-750.7532512590752,-1184.838889027498,695.4388044051183,168.24098382413524,-65.58465446159437,1590.1084922032617,-739.6650417258234,795.0844488947937,811.2334832325092,277.56588702156904,-844.606294739876,-1094.3370057528439,777.9594061111412,208.72306512345352,63.020297962720335,217.2763734073723,-196.03397637812913,-152.4125102454641,-1045.9384344687678,-1203.2059242088849,74.86153932864188,-395.4675414420289,684.8364789786214,308.27677556967393,-757.633079262545,-583.8079126572876,1419.5733696699474,390.6072709165592,164.05285378200725,449.0418894506313,256.414272519459,-708.3493329882667,479.27789118645484,-346.9017989944051,405.54351523431745,356.8222901874637
-228.75585735047144,-658.508912417701,76.23130634037649,45.32220491547893,226.3686201270717,511.3888986863768,-297.6230540068595,-436.72887132598834,-376.4585956424003,338.76687713428043,-674.9202574437726,-611.408949425519,87.88307028328764,-588.012016680894,-72.64338939404537,157.7311717425415,-116.7042829047158,254.62845723723774,-593.6359987574776,58.760486646729895,297.31800860053545,468.75600116613816,-273.8684236310556,-65.58465446159437,27.279653543490536,-628.5673716532783,292.8312333951285,-315.6138450978659,-322.304376447635,-110.00868399521191,335.41261038199644,433.9841792925818,-307.3825016626942,-82.73397949035855,-23.979551150882845,-86.86007450859745,76.25158042938148,59.746681667243855,413.41276162893325,475.6682806021739,-28.302202342247963,158.34732448996647,-270.4680137468799,-123.2764230240606,298.8039496010762,230.70757311278692,-560.7047371599964,-155.20866708118015,-65.21930101229236,-178.2512168797658,-100.66446615352254,279.59226363216516,-189.59092898564631,137.43500565872037,-161.5285943688149,-141.26709494879333
5498.231885996936,15774.623099080289,-1845.605840483627,-1091.3019134295473,-5426.632522806875,-12274.001657856717,7129.3062536065,10457.762549861842,9008.08386405816,-8126.051702149167,16183.027659769941,14654.872367752329,-2124.6713277644208,14112.314110296573,1743.2838974068454,-3770.139501618087,2782.72467236807,-6114.044886339143,14221.113560713844,-1430.3013467371266,-7119.724574067416,-11233.895947083744,6587.234380211974,1590.1084922032617,-628.5673716532783,15073.734547455235,-7014.065561997149,7543.813905066427,7698.47569220019,2632.673046612357,-8014.395561291735,-10381.067055981004,7374.096521626638,1979.7989266286781,592.7346564676495,2064.6794896592837,-1852.0513747140276,-1442.2397702936303,-9915.027851634655,-11406.305761313697,703.1322193545649,-3759.1171797303596,6490.816538900125,2929.486073850887,-7178.669599692707,-5533.959119217703,13454.822298600517,3706.8446039278006,1557.041227897596,4260.498438348301,2427.1852502399224,-6712.786503882401,4544.106548634417,-3289.9493026878754,3850.6106836278427,3383.667583304345
-2558.254791781486,-7340.434246071478,858.5539465798663,507.741330889063,2525.1324230551004,5711.160819841603,-3317.496324026835,-4866.384864961187,-4191.884034092812,3781.1644231166306,-7530.269998057576,-6819.262613579806,988.4110264333165,-6566.546291052484,-811.1619575611307,1754.4772613996315,-1295.0646578612552,2844.8646844477066,-6617.525835132534,665.2553025856979,3313.071140011653,5227.424178256105,-3064.884021179401,-739.6650417258234,292.8312333951285,-7014.065561997149,3263.8789142899946,-3510.6041005500642,-3582.6501890005907,-1225.1011012330323,3729.63094175497,4830.847031398633,-3431.256099243551,-921.2929214412909,-275.5708341517783,-960.9818014676355,861.4716468967238,670.9685632394571,4613.622215470735,5307.561477080646,-326.84744762212415,1749.7005213964064,-3020.224773249481,-1363.5027029139665,3340.1811472498557,2575.027292176885,-6260.642039468407,-1725.0629846533548,-724.6129342471764,-1982.6730473928883,-1129.2312360463168,3123.46578272921,-2114.485271747729,1530.9449608590016,-1792.0686390820954,-1574.5340869039724
2751.1498972151003,7895.281423352007,-922.9419711598916,-545.9714498317235,-2715.8964986873284,-6142.246569013154,3568.2623948403593,5234.330853697299,4509.0036311007525,-4066.6882661654695,8099.071025492265,7334.490273514661,-1062.6149166051448,7062.210359210201,872.394246265996,-1887.312305549615,1393.2901041248174,-3059.525393105541,7117.720665571662,-714.9492522705799,-3563.563506472509,-5622.4265146148355,3295.8587088698077,795.0844488947937,-315.6138450978659,7543.813905066427,-3510.6041005500642,3776.401530678881,3854.0325892463275,1317.7737377580377,-4012.0724853317665,-5196.387605201923,3690.3362474794917,990.982112912273,295.92548753108315,1034.0386625669298,-925.9256199844851,-721.4022590025728,-4962.052266790235,-5708.445956192023,350.89964730333,-1882.845517121809,3248.2074854511216,1467.1831663359858,-3592.1169546556293,-2769.4763341772473,6733.271040372739,1855.7483068485483,779.523585503102,2132.7908291621247,1214.181235275593,-3359.168178326626,2274.2524813074924,-1646.7299775311515,1928.016586229645,1693.5623457545855
2807.4433109025663,8057.291115511279,-941.7151224785197,-557.1302185838294,-2771.5937666810482,-6268.0737339165125,3641.4890690835296,5341.774230773254,4601.608744239586,-4150.045254135874,8265.129252688563,7484.92334021209,-1084.2571433666958,7206.898802758258,890.2708179630915,-1926.1105158563155,1421.9949007035318,-3122.1838673769225,7263.767905448572,-729.4267306691135,-3636.709551523354,-5737.758231619777,3363.2599602406112,811.2334832325092,-322.304376447635,7698.47569220019,-3582.6501890005907,3854.0325892463275,3933.3124425723363,1344.8339439646754,-4094.5807565690357,-5303.149641196956,3765.9711271766673,1011.3389467474926,301.83837661880705,1055.3925261153547,-944.7086575277253,-736.1085585721977,-5063.768787822378,-5825.479711249188,357.8832349879885,-1921.7719936707779,3314.763507040167,1497.4907449361883,-3665.6473600619843,-2826.243102179681,6871.236254574067,1893.9247447155267,795.5632854508514,2176.63338218347,1238.9565726642832,-3427.9684571819034,2320.8961314280164,-1680.5388716068583,1967.7401296516591,1728.314037000447
960.1733396384581,2755.2393844819453,-322.18484613596354,-190.55849323533087,-947.7944992216882,-2143.604379313026,1245.2252157688924,1826.6182103928306,1573.4677808117747,-1419.2205866778374,2826.437662750087,2559.5831689346505,-370.927074148366,2464.6614965207914,304.45875318897976,-658.5776486457213,486.1522605945339,-1067.7672742311352,2483.896472268767,-249.6182945154664,-1243.572720756809,-1962.0997310681314,1150.308014563339,277.56588702156904,-110.00868399521191,2632.673046612357,-1225.1011012330323,1317.7737377580377,1344.8339439646754,459.8542188204541,-1399.9958485451803,-1813.3177491972067,1287.8839266306397,345.8139308635772,103.36657671650855,360.7656898508791,-323.2578895569337,-251.80920556758346,-1731.6828150297274,-1992.1538481092127,122.58793434664783,-656.8817387651717,1133.5977534480257,511.8829416702982,-1253.6615339302064,-966.5111233653603,2349.8521994255616,647.5473906798583,272.00469970487126,744.237081922063,423.80075458357754,-1172.3395001020133,793.66530060611,-574.6540941172351,672.7255231464299,591.0054725996914
-2922.705492915798,-8387.854738950464,980.4411861094646,580.014341271723,2885.3205141477106,6525.339606717297,-3790.8876278406738,-5560.911205283381,-4790.349884679572,4320.35717635012,-8604.289775673487,-7792.04515499398,1128.8331961567226,-7502.6983004901085,-926.8116276154132,2005.0953537676858,-1480.2773966551663,3250.3426938615485,-7561.780813119583,759.4585757760201,3785.898240979224,5973.1817506710695,-3501.3687197954737,-844.606294739876,335.41261038199644,-8014.395561291735,3729.63094175497,-4012.0724853317665,-4094.5807565690357,-1399.9958485451803,4262.475456082406,5520.650657923392,-3920.5262433455023,-1052.821568477003,-314.30430668862994,-1098.6149998817164,983.5854513777297,766.3602651967495,5271.568414989457,6064.530290345044,-372.6820088437414,2000.4580503636303,-3450.8118360408953,-1558.8196645364442,3816.131879220665,2942.228598638487,-7153.246750728433,-1971.576399435578,-828.1776292677637,-2265.8899716993774,-1289.8590795910234,3568.677908711523,-2416.1242756281895,1749.4785125493825,-2048.382072495575,-1799.2177298812655
-3786.0254890662036,-10864.49482184672,1270.2920731349816,751.3743366888232,3737.32988230579,8452.486918461786,-4910.195374257158,-7202.775568922179,-6204.589084433308,5596.211209113326,-11145.120695825755,-10092.919851080469,1462.4933778454238,-9718.46940566125,-1200.521009697477,2596.972100915728,-1917.105550680324,4210.324020706658,-9794.514740488994,984.1198165030655,4903.697426429447,7736.942305375919,-4535.6924315987735,-1094.3370057528439,433.9841792925818,-10381.067055981004,4830.847031398633,-5196.387605201923,-5303.149641196956,-1813.3177491972067,5520.650657923392,7150.425501468224,-5078.319214645365,-1363.6429127305303,-407.4520955311558,-1422.7043033450473,1274.4747638600168,992.8425967798979,6828.303908741856,7855.39699349513,-483.1900898437786,2590.4896083110407,-4469.933156243925,-2018.6434630865785,4943.290687316171,3811.101752295358,-9265.780012245548,-2553.501685434013,-1072.6121696707621,-2934.7496552697025,-1671.003620499562,4622.662024472874,-3129.570356675468,2265.987931264171,-2652.849586491471,-2330.4594277091733
2689.800501179654,7716.896794579317,-902.9509752285202,-533.8861868671162,-2654.7097654729005,-6004.508752364,3487.632886114261,5115.8865444102785,4406.682552115876,-3975.288007712838,7916.754927843896,7169.155851713117,-1039.4679858016125,6903.816862832054,852.8223433638502,-1844.3030597627314,1361.2420792908053,-2991.036010968974,6956.925988051339,-699.7993776401464,-3482.936537962214,-5495.608487900269,3222.5723606354445,777.9594061111412,-307.3825016626942,7374.096521626638,-3431.256099243551,3690.3362474794917,3765.9711271766673,1287.8839266306397,-3920.5262433455023,-5078.319214645365,3607.432772384952,968.5022151811847,290.0458785468577,1009.9643981683199,-906.1304100233498,-705.5876515098678,-4850.4541866949,-5579.982218052387,344.08177224458007,-1838.797101204202,3175.339497324333,1432.99027361552,-3511.875567607644,-2707.2281965455336,6582.159893106965,1813.326516930742,761.6763838624639,2084.179961781578,1187.4414749449788,-3283.9410334890513,2222.974241113541,-1609.4213174101747,1883.6236191093435,1655.2783336825494
722.057098169288,2071.971242026236,-242.28297281702356,-143.30337817913997,-712.7533560063594,-1612.0028496895545,936.4261346679374,1373.6384873146767,1183.264608411178,-1067.2704210074062,2125.507811807082,1924.8362788518207,-278.9382381132445,1853.4449676464512,228.95605710885863,-495.25818888482405,365.59657034761534,-802.9710992720748,1867.9135938267677,-187.71079485120103,-935.183243995905,-1475.5216336368512,865.0362316757099,208.72306512345352,-82.73397949035855,1979.7989266286781,-921.2929214412909,990.982112912273,1011.3389467474926,345.8139308635772,-1052.821568477003,-1363.6429127305303,968.5022151811847,260.0600056573233,77.72782872098554,271.3038856862092,-243.0879364302362,-189.3577610761714,-1302.2422414161133,-1498.119609691814,92.18056180636593,-493.98933693314785,852.4790605238796,384.9454308484269,-942.762647669091,-726.825900138812,1767.1079354797876,486.96479811077256,204.55101578818747,559.6730413748511,318.6955533677426,-881.608242258353,596.8436806958149,-432.1424540854744,505.9021524121899,444.4409744275362
216.5655440820109,619.8049703067446,-73.0758802727653,-43.038448855168234,-213.33447293444968,-482.94368611755107,280.1089890126675,410.7792145922619,353.6528062836795,-319.5970610923687,636.2919887622288,576.0524886510084,-84.03567295976207,555.2480043385444,68.58267200530152,-147.89170910030427,108.96048746478472,-240.64395622735395,558.7765668554441,-56.84971568750541,-279.67224948141035,-441.5322531173497,259.5857274044641,63.020297962720335,-23.979551150882845,592.7346564676495,-275.5708341517783,295.92548753108315,301.83837661880705,103.36657671650855,-314.30430668862994,-407.4520955311558,290.0458785468577,77.72782872098554,23.81933436956722,80.66574221833791,-73.50003398287295,-56.98271801152142,-389.9169247971641,-448.5082622914613,28.351090424772927,-146.71924674550385,255.3696937964475,114.422069066043,-282.65904122394227,-217.6472198245411,529.3219721257948,145.32139619135575,61.026590472741155,167.1251801712843,95.82151967254998,-264.18715008437545,178.61675984777506,-129.19388074267445,150.75524303548096,132.9393888498266
752.741311872685,2161.196509816211,-252.27346577191793,-149.34402176774088,-743.3578772162926,-1680.8911396441613,976.7524429282021,1432.8824083929187,1234.4502771557677,-1112.984627000902,2216.6948464728202,2007.5285727140026,-290.5029980794449,1932.6562872940822,238.74127458542256,-516.7712033341745,381.62639956805316,-837.223795803656,1948.3358190098647,-195.27779308085616,-975.515508142178,-1538.951621505375,901.678714925891,217.2763734073723,-86.86007450859745,2064.6794896592837,-960.9818014676355,1034.0386625669298,1055.3925261153547,360.7656898508791,-1098.6149998817164,-1422.7043033450473,1009.9643981683199,271.3038856862092,80.66574221833791,283.35649791344326,-252.97751334058037,-197.26233528442833,-1358.0649388245065,-1562.3767740761407,95.5815611671936,-516.0351560636375,888.9210366996606,402.0553467131113,-982.8918068978317,-757.958100828278,1842.6827356706804,508.18399363755304,213.4809234576938,583.9900053872796,332.0655389184299,-919.2271175865047,622.4947203711341,-450.79797622592935,528.1157153068405,463.5929893048998
-676.0175898688764,-1937.511214898873,227.43059604119176,134.25362020343314,666.6742502130517,1508.451690367455,-875.644844985992,-1284.3140078823583,-1106.0308129149867,998.4932869157204,-1988.2564352946945,-1800.3051157956183,261.7065320985363,-1734.3516925427662,-214.2381865910706,462.7491248857591,-341.2948500934911,751.5048187729899,-1746.724544973869,176.54406948700517,874.3782991978143,1379.9825663750248,-810.0963595274219,-196.03397637812913,76.25158042938148,-1852.0513747140276,861.4716468967238,-925.9256199844851,-944.7086575277253,-323.2578895569337,983.5854513777297,1274.4747638600168,-906.1304100233498,-243.0879364302362,-73.50003398287295,-252.97751334058037,228.4503627617811,177.56383034639722,1218.2526760837752,1401.416711010125,-87.32287665056518,460.40867564170145,-797.6804339149527,-358.9116947319263,882.5111519986477,679.9869918621571,-1653.4656524415304,-454.8657783326302,-191.0403423695686,-522.9308281744877,-298.7199957076425,825.0747630842334,-558.2198613148867,404.0013878148466,-472.2297524670822,-415.58131846311625
