V1,V2,V3,V4,V5,V6,V7,V8,V9,V10,V11,V12,V13,V14,V15,V16,V17,V18,V19,V20,V21,V22,V23,V24,V25,V26,V27,V28,V29,V30,V31,V32,V33,V34,V35,V36,V37,V38,V39,V40,V41,V42,V43,V44,V45,V46,V47,V48,V49,V50,V51,V52,V53,V54,V55,V56
36.37536354654658,5.895140236761322,-43.27600383413983,54.11857540400727,20.041076582398116,-0.4246678990262742,-30.912613921252635,33.377694699694864,-37.57713640261029,13.67933064443381,-15.544439133937955,-44.23493516225821,-35.41530018439873,-14.901911773042222,3.3177517709899216,38.28385898259913,-13.953661899336142,15.676323262722361,-45.193729109892445,-49.63877091216588,-3.5633809778356436,-39.558916053388145,8.285820127716306,-31.93517953392308,36.25160123647889,-15.911951436278784,30.424595640798184,-24.805548235877467,-11.360060218817058,-0.6238610436862292,-15.498452191170664,21.17155748776796,-7.269069080214294,-19.883354736269503,-7.36636776478275,-2.6610653922744256,5.7552938394543585,26.479665287656804,-16.532463358749574,33.0013719702728,51.69078365227894,-30.39714704361117,41.912462703200276,5.582233728361699,16.637227060957635,-65.89450803895105,26.93867477048212,-37.89954150175769,-24.463631704852784,35.788242280957554,12.973653021633808,-39.63630784920781,-36.93017191243376,8.903620404066018,-18.542735377980225,-6.850520599917302
5.895140236761322,0.9580493443132924,-7.004591356487668,8.703655669612901,3.217029878404069,-0.11707306710744463,-4.975155977046144,5.3725313595552064,-6.064775876420908,2.17933928441164,-2.4669003561719407,-7.100142709309439,-5.740529799464192,-2.3446269741507173,0.5404052558640929,6.178462346183132,-2.2691531040278288,2.494996609464114,-7.269063124696623,-8.035497531240544,-0.5717740972617757,-6.384882388998744,1.3864490352909322,-5.106314096219991,5.8828195716584535,-2.5247142145758654,4.897118376503658,-4.021059972866766,-1.8667321442846503,-0.10348033400754701,-2.4620375310428964,3.432155316492647,-1.1473546620681556,-3.205153882018158,-1.1533142549407953,-0.4569774527680186,0.878514438194262,4.244245695256238,-2.6880392466260496,5.2876621738265825,8.370467202589811,-4.834236483365635,6.77416496196071,0.8563499421916149,2.637723263513117,-10.627836332844053,4.388213806629094,-6.121433134928497,-3.9485638968856533,5.748207297520197,2.1189776781239247,-6.413198758945188,-5.940549602064204,1.4364684201132747,-3.0178208765849313,-1.101580373063786
-43.27600383413983,-7.004591356487668,51.51662795421517,-64.613412001873,-23.948123970928798,0.3418803756080939,36.894670387008944,-39.8351913217989,44.79125010534106,-16.401825057676604,18.670776741850247,52.86018673678606,42.1304990884393,17.96780235646632,-3.938156139305536,-45.63492484483286,16.574453326269627,-18.80500796982906,53.95501777462976,59.087191018177215,4.259329936795546,47.15300754043508,-9.70978051313289,38.22910235645013,-43.10278952277894,19.113923064795294,-36.31062431208534,29.508133185107358,13.427691272542232,0.7342339833467895,18.60789753407069,-25.184266252995478,8.75217871895181,23.713819351755724,8.901165315962004,3.0784710348288753,-7.031526313487325,-31.66303584581248,19.63970934459874,-39.46790886112142,-61.520144989856085,36.47675917746377,-49.92625870527889,-6.80580794507261,-19.99225887354352,78.56984576662589,-31.973067288067444,45.16001145897469,29.15935993906368,-42.75364340621502,-15.379329646095039,47.1916602295515,44.087306580619014,-10.614690079031746,22.017532191630764,8.179650901486152
54.11857540400727,8.703655669612901,-64.613412001873,82.65925747212516,30.805785600037712,0.9765532409261005,-47.11024104806665,50.83636969999301,-56.69224291329951,21.58804278259663,-24.824909599053314,-68.02559249931078,-52.65002165154088,-24.48528613320312,4.831375959402433,57.78174587366932,-20.487980033322906,24.807196353714005,-68.99736871663636,-74.10045698747189,-5.460651761457772,-59.686027603693894,10.884547623821595,-49.74220821784439,53.64106473584399,-25.43099342986866,46.339889735834795,-36.840767565318814,-16.054672169936357,-0.8377507978107388,-24.670634457271216,31.458045924234646,-11.820698424453346,-30.14192896800196,-12.31040650639999,-3.1125274779686287,10.31824042657402,40.952369508671445,-24.278970814675073,51.07302878437637,77.08328138482167,-48.220005505553424,62.926305811262324,9.866011998815468,26.670384450334193,-99.67619123399832,39.35108118672544,-57.025314738163196,-36.9097080391468,54.92709104248806,18.741878879894816,-59.258789833457705,-56.38243068542594,13.455952878668684,-27.131763604669256,-10.452176528216983
20.041076582398116,3.217029878404069,-23.948123970928798,30.805785600037712,11.498232001359964,0.5087260300171849,-17.547975324311658,18.93309063029697,-21.065835933934085,8.107429758094696,-9.348259828178554,-25.39325992617287,-19.493554480939345,-9.278875928653907,1.7795174847569928,21.472797680131617,-7.562159329612674,9.322148336039696,-25.71153990013503,-27.46328179976101,-2.0365845495399193,-22.178610060807227,3.898844758144438,-18.62401098693016,19.837305433458173,-9.578121500846432,17.258617403967314,-13.636816418574705,-5.8679880736839864,-0.3019350763532927,-9.283209681858516,11.645779796229672,-4.46934461679654,-11.21324266492474,-4.6822800076688456,-1.0752714800263639,3.9813546792106767,15.307658117577692,-8.961762376415393,19.09362405555621,28.561504463812902,-18.13035442752599,23.354673712786216,3.7960744164220395,10.05176470822347,-37.06153047962979,14.505916822038918,-21.17576194731044,-13.71517336969717,20.49410805465707,6.889194509945266,-21.970756916945007,-21.010797456180043,5.002108976626195,-10.00560731493024,-3.8943166243195866
-0.4246678990262742,-0.11707306710744463,0.3418803756080939,0.9765532409261005,0.5087260300171849,1.2219366699941954,-0.4808806034251425,0.49415570022996846,-0.14895927656028157,0.7733691671482855,-1.0974404051607205,-1.1479345932768354,0.4447497161875868,-1.5726125202967765,-0.11993700094076336,0.17064557972669042,0.3702954453747702,0.935127064174075,-0.7923298306588511,0.39888928072880114,-0.07415307667712494,-0.16071628905405552,-1.1868176070142353,-1.3030588131919085,-0.6497895853167373,-1.1381150380152996,0.4518065704631143,0.3423551694056639,0.7713610375987165,0.0771303136203672,-1.0322401352802009,-0.27836292798877976,-0.6738771931244965,-0.18952806067809802,-0.9359021965246824,0.6698030335323167,1.2537068765885058,0.8661528656105353,0.43732746797912964,1.101904391696946,-0.4744298019592688,-1.9009850370585477,-0.06411776762381072,1.1084238133676643,1.2519325485267887,-0.46132101148097504,-0.8625832721727132,-0.034134685048199796,-0.09944162076516322,0.848377560027082,-0.5768926073839855,0.25254812320729686,-0.650992678606014,0.05355680778874245,0.5653981426233444,-0.11306296098527686
-30.912613921252635,-4.975155977046144,36.894670387008944,-47.11024104806665,-17.547975324311658,-0.4808806034251425,26.855029421040395,-28.980117244805353,32.34388748563733,-12.27158169533563,14.09772224525417,38.74851961947883,30.07553761140315,13.874478549955365,-2.7643370399904024,-32.96459047375397,11.715511403935356,-14.098013491259302,39.325286656851404,42.31300258391459,3.110650706307198,34.05182793175614,-6.286613812607316,28.304114934727348,-30.65307322896359,14.441095381607703,-26.41689073064299,21.045887085595055,9.211328527553345,0.48259790405150155,14.013493837775618,-17.97078032396445,6.703457336832623,17.189986444325097,6.967043167341995,1.818719405570784,-5.808425979294464,-23.317162665782053,13.882653959856498,-29.077359512018276,-44.020425077532416,27.398020269538623,-35.91525969624496,-5.559430139414869,-15.141515504838951,56.854920949630326,-22.512665077052407,32.54112285547883,21.057747176262527,-31.292768468899926,-10.73188876132655,33.83339406837696,32.13578545890883,-7.67590527042035,15.518789666419762,5.957174084000562
33.377694699694864,5.3725313595552064,-39.8351913217989,50.83636969999301,18.93309063029697,0.49415570022996846,-28.980117244805353,31.274399938748108,-34.91224962893022,13.231366367236854,-15.196682553313858,-41.806169781493075,-32.4746674313299,-14.945791212278401,2.986834083821711,35.58164887002115,-12.654261436392229,15.200165155895446,-42.43607821175073,-45.684917827473924,-3.357276663477605,-36.7557146743027,6.810022105900614,-30.52888517667341,33.10294638090084,-15.566497723473192,28.50800114275891,-22.725927621900198,-9.958547751780111,-0.5227705297529344,-15.107441105451283,19.404452500994037,-7.222828409934773,-18.55245397741871,-7.501681259541951,-1.9765020744945403,6.245916149262474,25.15284767512952,-14.995529315987095,31.366714657408647,47.529259365738426,-29.53861014221952,38.77168832772674,5.980116885134466,16.32014869676329,-61.36537119865881,24.31873743441266,-35.127548395043426,-22.72964973510329,33.763418761145914,11.596737872695508,-36.52866931589222,-34.677324183690125,8.2849006602901,-16.764206013304396,-6.428953740722169
-37.57713640261029,-6.064775876420908,44.79125010534106,-56.69224291329951,-21.065835933934085,-0.14895927656028157,32.34388748563733,-34.91224962893022,39.10728425577205,-14.583450097512424,16.679845025957093,46.50758382780494,36.570915895246046,16.24091645782699,-3.389550053847486,-39.85095473252212,14.315666214518764,-16.73761914275638,47.33203499513484,51.37141354742383,3.7402313012768214,41.1708288232392,-8.03202768866819,33.807328846526154,-37.3431811954977,17.08112096583601,-31.82385390919182,25.60250900184576,11.425736472396409,0.6117827712452752,16.601002491803886,-21.856386636506056,7.8772869435642425,20.745250043546502,8.103305910070729,2.439346792362252,-6.588483382261997,-27.923665653409177,16.96341392545073,-34.814490450009146,-53.46527524720272,32.4982201554602,-43.506641889295096,-6.338518828471991,-17.888683694821445,68.67278680940903,-27.562179486245814,39.386762686950235,25.4601066048149,-37.58655298769154,-13.198032210095276,41.053107035082846,38.677232987155094,-9.274464817866894,18.98981092898757,7.172749871434337
13.67933064443381,2.17933928441164,-16.401825057676604,21.58804278259663,8.107429758094696,0.7733691671482855,-12.27158169533563,13.231366367236854,-14.583450097512424,5.860196842836092,-6.8276351762961935,-17.913609881319037,-13.294499909770373,-6.944260591293434,1.1858763963762877,14.87190417699484,-5.088788672682102,6.753699967567049,-18.01019312643655,-18.807462845549395,-1.4298865724440655,-15.355315703022168,2.2797792021078345,-13.297112455084426,13.460161746780619,-7.000301767176137,12.061692886828855,-9.288876461203278,-3.7819178729075515,-0.18139546394354075,-6.760096116180994,7.9379921331098595,-3.3159128160161035,-7.801096290829055,-3.553750431526689,-0.5105681483476897,3.178853463730775,10.859619631242024,-6.030805366056893,13.552307384618377,19.53924960108927,-13.16330421548751,16.088997319317123,3.000813736124841,7.366565087612503,-25.726183457765224,9.709726283003157,-14.619577027501464,-9.495786445664676,14.430872725484985,4.5530860362651655,-15.068728119943827,-14.719131520935886,3.469268568046437,-6.706629741190042,-2.7251028901671543
-15.544439133937955,-2.4669003561719407,18.670776741850247,-24.824909599053314,-9.348259828178554,-1.0974404051607205,14.09772224525417,-15.196682553313858,16.679845025957093,-6.8276351762961935,7.990441652014111,20.658792671746927,15.101851721432334,8.206481389891408,-1.3336799196251827,-17.012578431580014,5.745936484663073,-7.877126345507414,20.70681707761853,21.406935708184527,1.6472456613137645,17.5629407676048,-2.3942149547870506,15.41507528207316,-15.256329311269598,8.194675920930962,-13.853419271039552,10.547343451790175,4.182214946720158,0.19410223128701987,7.90208359704109,-9.014908816531152,3.9051627076258892,8.94117277831028,4.221918726333307,0.4648320937629031,-3.852159784600989,-12.552229316539863,6.81054314743158,-15.669595430969805,-22.228712854066735,15.367049478598693,-18.3611109368761,-3.6233605075689788,-8.632485181715047,29.458385052618546,-10.934220357474624,16.7009792634355,10.860819254527573,-16.62816811222596,-5.098042159392032,17.163922679876887,16.922612973670706,-3.970905523335744,7.559836354052256,3.1326740250916787
-44.23493516225821,-7.100142709309439,52.86018673678606,-68.02559249931078,-25.39325992617287,-1.1479345932768354,38.74851961947883,-41.806169781493075,46.50758382780494,-17.913609881319037,20.658792671746927,56.080587625156376,43.02561492138178,20.51554117063811,-3.925716127281873,-47.40667478643883,16.686731907979336,-20.598055482318625,56.775931814380584,60.619565908343425,4.496662533725101,48.964536794162015,-8.583453642381222,41.13953040163655,-43.77962014321009,21.167098773847055,-38.10888218194355,30.097509958058055,12.93911321166038,0.6647187467951107,20.51369070743973,-25.703996933968362,9.879972006903955,24.758333315496053,10.355792267542869,2.3605454866582796,-8.813465230242407,-33.8110170198012,19.774735228530655,-42.17306468169844,-63.04280343429855,40.06193385168964,-51.556361699573294,-8.401482154702997,-22.21522319413713,81.82612802022025,-32.00685744064284,46.74790132772292,30.27961684535069,-45.25969442417662,-15.196844800384829,48.49689057281808,46.396399466685565,-11.04379876170056,22.076541496853643,8.598836550648825
-35.41530018439873,-5.740529799464192,42.1304990884393,-52.65002165154088,-19.493554480939345,0.4447497161875868,30.07553761140315,-32.4746674313299,36.570915895246046,-13.294499909770373,15.101851721432334,43.02561492138178,34.481498043667756,14.464098728954593,-3.2324659526981923,-37.25808170008754,13.590867056443868,-15.234262978743153,43.968015348629336,48.324739306344604,3.4667665954845672,38.49938328954038,-8.09503575510158,31.050215662661337,-35.30108789327432,15.458476177374278,-29.601418969400875,24.15262201783678,11.076520732839777,0.6093388986245618,15.058800429853072,-20.61364771684855,7.057915758498338,19.34790037912065,7.145669772420921,2.6071280762602527,-5.570079632060914,-25.750762174858004,16.10274477910193,-32.092739817496685,-50.32377858436397,29.53779524833878,-40.795879513308144,-5.4053690694588346,-16.16137069744417,64.12461210131598,-26.241531816026328,36.88765241827263,23.808368518956613,-34.81168378346741,-12.64233705277346,38.58554445027615,35.92822553412639,-8.664658079950806,18.062718921307333,6.665115410783102
-14.901911773042222,-2.3446269741507173,17.96780235646632,-24.48528613320312,-9.278875928653907,-1.5726125202967765,13.874478549955365,-14.945791212278401,16.24091645782699,-6.944260591293434,8.206481389891408,20.51554117063811,14.464098728954593,8.613821629231877,-1.2435852618479235,-16.57286522637274,5.419521251698899,-8.029243889777183,20.414200306296767,20.598434018899216,1.628170292501212,17.102584656905933,-1.8291449577193408,15.493493060192124,-14.528237885738783,8.42154142435389,-13.625249619548764,10.088287985467126,3.736289494846532,0.15602009308958492,8.093648177991584,-8.628830397050919,4.068013578397017,8.751727456881241,4.484510508819698,0.17257068049607127,-4.257119842705317,-12.53584599151305,6.424107118946799,-15.657243075353119,-21.364347935650187,15.695613820103015,-17.78335169078336,-3.974782914869103,-8.893689225790112,28.765981001331866,-10.248124564012494,16.213685205634153,10.576199552365042,-16.481740244252638,-4.705144249723676,16.54341933166568,16.68526471442439,-3.8740264404966074,7.097594215624199,3.0853068103653545
3.3177517709899216,0.5404052558640929,-3.938156139305536,4.831375959402433,1.7795174847569928,-0.11993700094076336,-2.7643370399904024,2.986834083821711,-3.389550053847486,1.1858763963762877,-1.3336799196251827,-3.925716127281873,-3.2324659526981923,-1.2435852618479235,0.30844118688148026,3.451769838741833,-1.2868543486448967,1.3562074769687111,-4.036229252020719,-4.517007182250194,-0.3182240824694599,-3.567849645223097,0.828149114770176,-2.8032105930030653,3.3225160149722646,-1.3641609229863263,2.722408211586952,-2.2668285522464346,-1.0783824729757017,-0.06186355912545783,-1.3340255857825054,1.9332164326167895,-0.6128524254400695,-1.7857936354871558,-0.6037297130718897,-0.284970727348199,0.4382966511149811,2.337238138526829,-1.524997257566312,2.9121201496840787,4.707306252208657,-2.6241483087183273,3.7956241367485353,0.43234159446891934,1.4219642178384844,-5.930064876420363,2.4930937788173644,-3.4263969914120422,-2.20627691745196,3.1810287612528896,1.212034333863549,-3.602827685923104,-3.2974178933780465,0.801769904766657,-1.715382192700246,-0.6127154933197303
38.28385898259913,6.178462346183132,-45.63492484483286,57.78174587366932,21.472797680131617,0.17064557972669042,-32.96459047375397,35.58164887002115,-39.85095473252212,14.87190417699484,-17.012578431580014,-47.40667478643883,-37.25808170008754,-16.57286522637274,3.451769838741833,40.60925653097336,-14.581458638084293,17.06912103608329,-48.241218092657995,-52.33932596651872,-3.811780637920601,-41.95400139817814,8.166366205736539,-34.4677147753198,38.04134233832929,-17.422129805706035,32.434063391544576,-26.082621294344413,-11.630904458095465,-0.6219982364069281,-16.93119889803724,22.266853023816758,-8.036900044912711,-21.14169846578497,-8.271563787528033,-2.475510185044666,6.731944954270183,28.466779514565964,-17.278158230127378,35.49144810480411,54.4719627084141,-33.14307566072257,44.33069857939414,6.475006603697929,18.246925696366105,-69.98212417349912,28.07239152143219,-40.13397261203488,-25.944474478908266,38.312281600240276,13.43941719408605,-41.82737186060596,-39.420605760836885,9.451212458657187,-19.340958969781365,-7.310129369977689
-13.953661899336142,-2.2691531040278288,16.574453326269627,-20.487980033322906,-7.562159329612674,0.3702954453747702,11.715511403935356,-12.654261436392229,14.315666214518764,-5.088788672682102,5.745936484663073,16.686731907979336,13.590867056443868,5.419521251698899,-1.2868543486448967,-14.581458638084293,5.3882789058474225,-5.823714964291398,17.113289908016238,19.012014121582837,1.3479213531433913,15.069760511069406,-3.36396368531627,11.966587135664405,-13.94557426967824,5.879232312803016,-11.534438088876867,9.525143372349406,4.466350231551759,0.2514638477212313,5.739532911336494,-8.126898884205927,2.659522252668957,7.555759959255292,2.6516113647399613,1.1293766917072434,-1.9838249822535694,-9.957729781256335,6.384141397903477,-12.407037219372476,-19.807727156515735,11.27766162061108,-16.006189167962038,-1.9425195509781608,-6.136417716226359,25.069147041587865,-10.42669423815997,14.458276638120386,9.319216583745565,-13.513682400516878,-5.049501965932682,15.170074042798992,13.983090395084826,-3.388761669442387,7.173191767197534,2.595599190906727
15.676323262722361,2.494996609464114,-18.80500796982906,24.807196353714005,9.322148336039696,0.935127064174075,-14.098013491259302,15.200165155895446,-16.73761914275638,6.753699967567049,-7.877126345507414,-20.598055482318625,-15.234262978743153,-8.029243889777183,1.3562074769687111,17.06912103608329,-5.823714964291398,7.785694990073403,-20.694995159570954,-21.56213875035038,-1.6443742873019904,-17.623453215356207,2.5684308665783084,-15.308224064614292,15.417126846531083,-8.076776975889324,13.85638617071112,-10.643730733569564,-4.307926591176235,-0.2054084315704774,-7.797300126599091,9.095672522075134,-3.8310067068767473,-8.957332294288982,-4.113637332675531,-0.5590254210816871,3.697715579200063,12.49272471170656,-6.902334211920872,15.592008211205028,22.398335481719904,-15.178097023805915,18.45623355627634,3.487767628136879,8.501208036793424,-29.533604595996962,11.104608915878961,-16.774601714396344,-10.898264170621475,16.58995426389451,5.201075969777872,-17.278924263527063,-16.912830767735056,3.9822649159926513,-7.67264219186376,-3.1315612076741983
-45.193729109892445,-7.269063124696623,53.95501777462976,-68.99736871663636,-25.71153990013503,-0.7923298306588511,39.325286656851404,-42.43607821175073,47.33203499513484,-18.01019312643655,20.70681707761853,56.775931814380584,43.968015348629336,20.414200306296767,-4.036229252020719,-48.241218092657995,17.113289908016238,-20.694995159570954,57.594047615810446,61.87715964475186,4.557992551972556,49.83128428087166,-9.11031141258815,41.50740777056589,-44.799472456878995,21.212066832104355,-38.682680085896486,30.76646141532538,13.419269933538795,0.7009955728841658,20.57910163929842,-26.270914637586245,9.856930644275831,25.16316509527368,10.260745352280116,2.6114113649961537,-8.591601832390355,-34.17643928131502,20.2797847803598,-42.62230507815763,-64.36902487307488,40.22509533216389,-52.54100266730623,-8.21674082459453,-22.244656183756483,83.21510270733424,-32.871926879042555,47.61226835115563,30.815599770976313,-45.84489715133487,-15.659278854719538,49.482474624272456,47.06381039740674,-11.233945348067325,22.664227692122168,8.724929998815188
-49.63877091216588,-8.035497531240544,59.087191018177215,-74.10045698747189,-27.46328179976101,0.39888928072880114,42.31300258391459,-45.684917827473924,51.37141354742383,-18.807462845549395,21.406935708184527,60.619565908343425,48.324739306344604,20.598434018899216,-4.517007182250194,-52.33932596651872,19.012014121582837,-21.56213875035038,61.87715964475186,67.77125384146265,4.883489619310409,54.080415069749485,-11.143952244939959,43.83708043078829,-49.43991772756401,21.91502258455398,-41.64288448139165,33.84568794737737,15.406041407695254,0.8421247282519294,21.334944298791513,-28.887066720520775,10.034046623944803,27.197462843939736,10.2041519645642,3.5351879506702395,-8.055716154306056,-36.31112615956608,22.527429561000037,-45.260486339441464,-70.56266371763759,41.82399235498601,-57.262605294191786,-7.797642643619352,-22.92212026443661,90.11186427289583,-36.67782989703914,51.794967283520194,33.443442515496585,-49.03057541819732,-17.642359713998943,54.12642026816816,50.5614203189216,-12.174193328900731,25.25538090780196,9.380043497503276
-3.5633809778356436,-0.5717740972617757,4.259329936795546,-5.460651761457772,-2.0365845495399193,-0.07415307667712494,3.110650706307198,-3.357276663477605,3.7402313012768214,-1.4298865724440655,1.6472456613137645,4.496662533725101,3.4667665954845672,1.628170292501212,-0.3182240824694599,-3.811780637920601,1.3479213531433913,-1.6443742873019904,4.557992551972556,4.883489619310409,0.36231023389082617,3.937456861321337,-0.7071729437441718,3.293156106903304,-3.5318619296913436,1.6874863094822008,-3.0601349265226996,2.4268321221169344,1.051172895633743,0.05514089033371417,1.6369169957770475,-2.071217967131914,0.7853887990544919,1.9888335585639039,0.8189539810334389,0.1990463924103817,-0.6930255969561088,-2.7069214438001254,1.598176974864009,-3.3774545616454494,-5.078897530490782,3.1975242752593247,-4.149059397055444,-0.6620410524363821,-1.7697328847550322,6.576935750075295,-2.585601933984387,3.761322930288968,2.4346565945986796,-3.629425564179741,-1.231223533963007,3.9067283896270735,3.7236308025235583,-0.8875966719169557,1.7851863930823257,0.6912313908413488
-39.558916053388145,-6.384882388998744,47.15300754043508,-59.686027603693894,-22.178610060807227,-0.16071628905405552,34.05182793175614,-36.7557146743027,41.1708288232392,-15.355315703022168,17.5629407676048,48.964536794162015,38.49938328954038,17.102584656905933,-3.567849645223097,-41.95400139817814,15.069760511069406,-17.623453215356207,49.83128428087166,54.080415069749485,3.937456861321337,43.34360080813214,-8.45224566479979,35.59462219308458,-39.311318493502746,17.985554372027714,-33.50412090018291,26.95203813850535,12.02629017998665,0.6436371278917434,17.479893800660136,-23.008773590040832,8.294907513038288,21.840478455493436,8.534008655123342,2.566026257302109,-6.939526647839145,-29.399924421757948,17.856912420836778,-36.65462915661246,-56.284679078267104,34.21849352144578,-45.801927443067655,-6.6759501400520875,-18.836289733716736,72.29750132732579,-29.014328109510384,41.46473693173885,26.803727218518336,-39.57234097275073,-13.892506555419528,43.21804573936183,40.719851544832046,-9.763982207159378,19.989657937163912,7.55122619922247
8.285820127716306,1.3864490352909322,-9.70978051313289,10.884547623821595,3.898844758144438,-1.1868176070142353,-6.286613812607316,6.810022105900614,-8.03202768866819,2.2797792021078345,-2.3942149547870506,-8.583453642381222,-8.09503575510158,-1.8291449577193408,0.828149114770176,8.166366205736539,-3.36396368531627,2.5684308665783084,-9.11031141258815,-11.143952244939959,-0.7071729437441718,-8.45224566479979,2.864162558005162,-5.771280601260691,8.459801445837925,-2.4376381334303003,6.206385390942708,-5.6969820441426045,-3.16016445381304,-0.2044420716396546,-2.4424394856989875,4.850490257722779,-0.975742165586603,-4.151122970689988,-0.7625429393093117,-1.178639127398568,0.1264521095452423,4.978535211728131,-3.984015031192401,6.184003682873497,11.657830735874272,-4.901456244526779,9.165220310578443,0.2189929354983874,2.493472714771073,-13.905826544851173,6.6276551082719495,-8.204910352285353,-5.227039583764804,7.0167428466032895,3.336018795539216,-8.83892194661709,-7.441806494328285,1.8869098531014408,-4.535659039342541,-1.3869017038853377
-31.93517953392308,-5.106314096219991,38.22910235645013,-49.74220821784439,-18.62401098693016,-1.3030588131919085,28.304114934727348,-30.52888517667341,33.807328846526154,-13.297112455084426,15.41507528207316,41.13953040163655,31.050215662661337,15.493493060192124,-2.8032105930030653,-34.4677147753198,11.966587135664405,-15.308224064614292,41.50740777056589,43.83708043078829,3.293156106903304,35.59462219308458,-5.771280601260691,30.357689940670195,-31.51974428816799,15.7995408194183,-27.829229788596344,21.709529081023263,9.091623417374894,0.4531600034605304,15.285113584933017,-18.544796905635867,7.42935579700132,18.039180812582448,7.8747260509599135,1.4545378420422863,-6.880381864073224,-24.868641385675932,14.182468640082808,-31.028593790517768,-45.56588402828491,29.80571321446523,-37.38869497411472,-6.525545124222382,-16.603600884736423,59.557176011757754,-22.892671450039877,33.93761653615897,22.011435368259267,-33.1708840272502,-10.806036449326433,35.096940125027764,33.919627597741346,-8.034698400736861,15.80344265421818,6.284448832151149
36.25160123647889,5.8828195716584535,-43.10278952277894,53.64106473584399,19.837305433458173,-0.6497895853167373,-30.65307322896359,33.10294638090084,-37.3431811954977,13.460161746780619,-15.256329311269598,-43.77962014321009,-35.30108789327432,-14.528237885738783,3.3225160149722646,38.04134233832929,-13.94557426967824,15.417126846531083,-44.799472456878995,-49.43991772756401,-3.5318619296913436,-39.311318493502746,8.459801445837925,-31.51974428816799,36.17266811450614,-15.614158212162724,30.173791480552755,-24.732941250542403,-11.439538857078794,-0.6354413996954222,-15.222981745310788,21.105632491942163,-7.1042073323520905,-19.7381257904832,-7.1511190420976485,-2.7701373323885834,5.493277308011773,26.171851568887632,-16.523519635448114,32.615362217287775,51.49385907787086,-29.87874138439298,41.693480914833536,5.348184734625048,16.313704063663902,-65.44589819468362,26.947821673138105,-37.68518776988645,-24.310263279438736,35.433758802222435,13.009515748030502,-39.466202685086,-36.60601902546978,8.844425090067979,-18.54659340324048,-6.793080138029283
-15.911951436278784,-2.5247142145758654,19.113923064795294,-25.43099342986866,-9.578121500846432,-1.1381150380152996,14.441095381607703,-15.566497723473192,17.08112096583601,-7.000301767176137,8.194675920930962,21.167098773847055,15.458476177374278,8.42154142435389,-1.3641609229863263,-17.422129805706035,5.879232312803016,-8.076776975889324,21.212066832104355,21.91502258455398,1.6874863094822008,17.985554372027714,-2.4376381334303003,15.7995408194183,-15.614158212162724,8.404313037235832,-14.190554659075199,10.795943686374935,4.273398860145172,0.19779425052448318,8.103428380148246,-9.227640502894094,4.006624452285431,9.157625593359722,4.3341130200127935,0.4681212397520722,-3.959065804664615,-12.863167671913928,6.968516873015201,-16.057900525507335,-22.75564839972851,15.757431723032392,-18.800196931321892,-3.723062626409331,-8.85397244758217,30.169510812127907,-11.186162743392797,17.101410656161296,11.122161403348777,-17.036480043597265,-5.213378038846318,17.572049743628153,17.335645968860796,-4.066656693268354,7.7342183820645944,3.2089714515956214
30.424595640798184,4.897118376503658,-36.31062431208534,46.339889735834795,17.258617403967314,0.4518065704631143,-26.41689073064299,28.50800114275891,-31.82385390919182,12.061692886828855,-13.853419271039552,-38.10888218194355,-29.601418969400875,-13.625249619548764,2.722408211586952,32.434063391544576,-11.534438088876867,13.85638617071112,-38.682680085896486,-41.64288448139165,-3.0601349265226996,-33.50412090018291,6.206385390942708,-27.829229788596344,30.173791480552755,-14.190554659075199,25.9864603819779,-20.715130032761337,-9.076935744131836,-0.47641571547598394,-13.771779404148315,17.687699068800047,-6.584561341813885,-16.91143159260053,-6.839041275822542,-1.8010416935840314,5.694431682453107,22.92863224970608,-13.668336376735496,28.59297524042799,43.324056703295064,-26.927144609264364,35.3415790159846,5.451962793582707,14.877626840803792,-55.9370025729122,22.166577091068035,-32.0199506124873,-20.718965459426943,30.777287506002448,10.570203574541113,-33.29669250299414,-31.610218326819474,7.5520705636400125,-15.28052579998305,-5.860244602139588
-24.805548235877467,-4.021059972866766,29.508133185107358,-36.840767565318814,-13.636816418574705,0.3423551694056639,21.045887085595055,-22.725927621900198,25.60250900184576,-9.288876461203278,10.547343451790175,30.097509958058055,24.15262201783678,10.088287985467126,-2.2668285522464346,-26.082621294344413,9.525143372349406,-10.643730733569564,30.76646141532538,33.84568794737737,2.4268321221169344,26.95203813850535,-5.6969820441426045,21.709529081023263,-24.732941250542403,10.795943686374935,-20.715130032761337,16.919754527085278,7.773834677128743,0.4290841999131193,10.51899720004284,-14.439224359222145,4.9251031895317885,13.54163407834961,4.979096400515835,1.8416911214426661,-3.870464470968673,-18.007330875907314,11.286197474447187,-22.442988111432634,-35.24665275487722,20.635318701471153,-28.565471816123015,-3.758796304197149,-11.284782959340797,44.886348369734286,-18.393037347999186,25.82719476610983,16.667220833064064,-24.3528803791979,-8.866310999128638,27.023574164171666,25.139562537564363,-6.065223061890998,12.661792464066957,4.664811301934124
-11.360060218817058,-1.8667321442846503,13.427691272542232,-16.054672169936357,-5.8679880736839864,0.7713610375987165,9.211328527553345,-9.958547751780111,11.425736472396409,-3.7819178729075515,4.182214946720158,12.93911321166038,11.076520732839777,3.736289494846532,-1.0783824729757017,-11.630904458095465,4.466350231551759,-4.307926591176235,13.419269933538795,15.406041407695254,1.051172895633743,12.02629017998665,-3.16016445381304,9.091623417374894,-11.439538857078794,4.273398860145172,-9.076935744131836,7.773834677128743,3.883467525286257,0.2312482211613387,4.2020389823346775,-6.628282220842608,1.8714695728087651,5.987921436129921,1.764067995262491,1.1667073693752739,-1.1026319674669982,-7.652272174277818,5.29056883930644,-9.52458856028749,-16.074247251889282,8.306872038374122,-12.865003718177045,-1.1258788061122964,-4.435833587369298,19.93111046970903,-8.70109186545504,11.584648416850548,7.437323539172566,-10.510833675947104,-4.274695020090095,12.266589841148278,10.964196233676496,-2.6977927723980764,5.973364329840418,2.0374261781980616
-0.6238610436862292,-0.10348033400754701,0.7342339833467895,-0.8377507978107388,-0.3019350763532927,0.0771303136203672,0.48259790405150155,-0.5227705297529344,0.6117827712452752,-0.18139546394354075,0.19410223128701987,0.6647187467951107,0.6093388986245618,0.15602009308958492,-0.06186355912545783,-0.6219982364069281,0.2514638477212313,-0.2054084315704774,0.7009955728841658,0.8421247282519294,0.05514089033371417,0.6436371278917434,-0.2044420716396546,0.4531600034605304,-0.6354413996954222,0.19779425052448318,-0.47641571547598394,0.4290841999131193,0.2312482211613387,0.01493443752999794,0.19715518535921348,-0.36499748325871323,0.0814725406932015,0.3171002623618642,0.06770046522834085,0.0820516913386198,-0.02397375033642206,-0.3870293589201922,0.29813252547694513,-0.4816219215685654,-0.8800592662252594,0.39341459726352135,-0.695299144734292,-0.029453151882283996,-0.20305996485934735,1.0609677059422247,-0.4930848426089027,0.6236991295709573,0.39796072111833186,-0.5420591225292984,-0.24717654697844146,0.6689432552870945,0.5721948192726132,-0.14380682928060637,0.33867848330176253,0.10697835864561658
-15.498452191170664,-2.4620375310428964,18.60789753407069,-24.670634457271216,-9.283209681858516,-1.0322401352802009,14.013493837775618,-15.107441105451283,16.601002491803886,-6.760096116180994,7.90208359704109,20.51369070743973,15.058800429853072,8.093648177991584,-1.3340255857825054,-16.93119889803724,5.739532911336494,-7.797300126599091,20.57910163929842,21.334944298791513,1.6369169957770475,17.479893800660136,-2.4424394856989875,15.285113584933017,-15.222981745310788,8.103428380148246,-13.771779404148315,10.51899720004284,4.2020389823346775,0.19715518535921348,7.817663305898969,-8.989704465664722,3.855150187933077,8.893391562718595,4.157519633755425,0.49574085774234466,-3.7741980710775325,-12.455513653021304,6.803182133559107,-15.548010871709527,-22.156785327117635,15.207805794663889,-18.285645981458714,-3.553611198309861,-8.533751570497627,29.30943116940772,-10.929626774830012,16.62778202138112,10.809318630839634,-16.5151356327671,-5.104698770623798,17.103099844745852,16.817940329659827,-3.9511711772659726,7.555428973694912,3.1138373117558786
21.17155748776796,3.432155316492647,-25.184266252995478,31.458045924234646,11.645779796229672,-0.27836292798877976,-17.97078032396445,19.404452500994037,-21.856386636506056,7.9379921331098595,-9.014908816531152,-25.703996933968362,-20.61364771684855,-8.628830397050919,1.9332164326167895,22.266853023816758,-8.126898884205927,9.095672522075134,-26.270914637586245,-28.887066720520775,-2.071217967131914,-23.008773590040832,4.850490257722779,-18.544796905635867,21.105632491942163,-9.227640502894094,17.687699068800047,-14.439224359222145,-6.628282220842608,-0.36499748325871323,-8.989704465664722,12.323406873717175,-4.211499658594379,-11.562011110710667,-4.261206173954603,-1.5651600509415684,3.3162155326379783,15.381919131258623,-9.628824957169291,19.1700320605742,30.082654276765993,-17.63465043399881,24.383700478174887,3.2192408627290146,9.646526240182423,-38.32151684442503,15.693006350311617,-22.0468610605116,-14.22888450314301,20.797641926174432,7.562075182643491,-23.064552626502397,-21.46706015560959,5.178207641384063,-10.80166192573641,-3.982478246262899
-7.269069080214294,-1.1473546620681556,8.75217871895181,-11.820698424453346,-4.46934461679654,-0.6738771931244965,6.703457336832623,-7.222828409934773,7.8772869435642425,-3.3159128160161035,3.9051627076258892,9.879972006903955,7.057915758498338,4.068013578397017,-0.6128524254400695,-8.036900044912711,2.659522252668957,-3.8310067068767473,9.856930644275831,10.034046623944803,0.7853887990544919,8.294907513038288,-0.975742165586603,7.42935579700132,-7.1042073323520905,4.006624452285431,-6.584561341813885,4.9251031895317885,1.8714695728087651,0.0814725406932015,3.855150187933077,-4.211499658594379,1.9262527716851912,4.23676110925605,2.1092271690315556,0.1331033093818202,-1.9754778474125259,-6.024893773621652,3.1523990200028433,-7.5236537572515,-10.411593403090743,7.483505938413742,-8.642101704406885,-1.8490340451586618,-4.2275490042772645,13.937707869667081,-5.0409369245701114,7.8725063241368956,5.129545269236659,-7.942755871691997,-2.3277560287642234,8.053769374978044,8.056141382623055,-1.877668462162269,3.4889470065521895,1.4902489221934319
-19.883354736269503,-3.205153882018158,23.713819351755724,-30.14192896800196,-11.21324266492474,-0.18952806067809802,17.189986444325097,-18.55245397741871,20.745250043546502,-7.801096290829055,8.94117277831028,24.758333315496053,19.34790037912065,8.751727456881241,-1.7857936354871558,-21.14169846578497,7.555759959255292,-8.957332294288982,25.16316509527368,27.197462843939736,1.9888335585639039,21.840478455493436,-4.151122970689988,18.039180812582448,-19.7381257904832,9.157625593359722,-16.91143159260053,13.54163407834961,5.987921436129921,0.3171002623618642,8.893391562718595,-11.562011110710667,4.23676110925605,11.015050709105429,4.3806837368432525,1.2329099818449598,-3.605101823288633,-14.881897994845271,8.953040964172791,-18.55568379198748,-28.30096036498969,17.399342553057213,-23.058519003343694,-3.459450779022823,-9.596237893528576,36.44737011204621,-14.534685152164046,20.883030040524734,13.50627504823076,-20.00243621175352,-6.944536145325118,21.74030723355736,20.56281284936137,-4.9216124084862205,10.015681500371382,3.812243810581839
-7.36636776478275,-1.1533142549407953,8.901165315962004,-12.31040650639999,-4.6822800076688456,-0.9359021965246824,6.967043167341995,-7.501681259541951,8.103305910070729,-3.553750431526689,4.221918726333307,10.355792267542869,7.145669772420921,4.484510508819698,-0.6037297130718897,-8.271563787528033,2.6516113647399613,-4.113637332675531,10.260745352280116,10.2041519645642,0.8189539810334389,8.534008655123342,-0.7625429393093117,7.8747260509599135,-7.1511190420976485,4.3341130200127935,-6.839041275822542,4.979096400515835,1.764067995262491,0.06770046522834085,4.157519633755425,-4.261206173954603,2.1092271690315556,4.3806837368432525,2.349899495547541,0.0024636423416949807,-2.274881217339854,-6.349368067108827,3.1429394234842465,-7.932033401690027,-10.576352999165756,8.050307212873209,-8.844862573591895,-2.1161514463405333,-4.583684245163593,14.377886495221453,-4.995074389185649,8.075358162447596,5.277510208087557,-8.310888215489753,-2.2700759895744977,8.203425675791836,8.387535955294787,-1.935328806296177,3.4621379507386085,1.549464189864086
-2.6610653922744256,-0.4569774527680186,3.0784710348288753,-3.1125274779686287,-1.0752714800263639,0.6698030335323167,1.818719405570784,-1.9765020744945403,2.439346792362252,-0.5105681483476897,0.4648320937629031,2.3605454866582796,2.6071280762602527,0.17257068049607127,-0.284970727348199,-2.475510185044666,1.1293766917072434,-0.5590254210816871,2.6114113649961537,3.5351879506702395,0.1990463924103817,2.566026257302109,-1.178639127398568,1.4545378420422863,-2.7701373323885834,0.4681212397520722,-1.8010416935840314,1.8416911214426661,1.1667073693752739,0.0820516913386198,0.49574085774234466,-1.5651600509415684,0.1331033093818202,1.2329099818449598,0.0024636423416949807,0.5303048683545735,0.2736729477337386,-1.3198104616070505,1.3369333715291691,-1.632486137470941,-3.712650861747845,1.0376287968560323,-2.841880711308917,0.2090257491290979,-0.45714466052638525,4.172814883687543,-2.2588474431773484,2.521159036786176,1.5869713709105444,-1.9522967903215644,-1.1721008575090088,2.787800440330198,2.132547911502427,-0.5685224473454396,1.5389456208496843,0.39916720602738676
5.7552938394543585,0.878514438194262,-7.031526313487325,10.31824042657402,3.9813546792106767,1.2537068765885058,-5.808425979294464,6.245916149262474,-6.588483382261997,3.178853463730775,-3.852159784600989,-8.813465230242407,-5.570079632060914,-4.257119842705317,0.4382966511149811,6.731944954270183,-1.9838249822535694,3.697715579200063,-8.591601832390355,-8.055716154306056,-0.6930255969561088,-6.939526647839145,0.1264521095452423,-6.880381864073224,5.493277308011773,-3.959065804664615,5.694431682453107,-3.870464470968673,-1.1026319674669982,-0.02397375033642206,-3.7741980710775325,3.3162155326379783,-1.9754778474125259,-3.605101823288633,-2.274881217339854,0.2736729477337386,2.3500960079590447,5.46710353906296,-2.35360266446434,6.840707597844389,8.32326672000831,-7.266322358187458,7.0973980570178705,2.162788651350586,4.205827063947018,-11.769185388250245,3.665364147213188,-6.519070232134514,-4.291032294293761,7.0417556538640715,1.5921756553710311,-6.505674412194463,-7.022411802500425,1.5803334179966424,-2.5581773103500764,-1.296285933001385
