V1,V2,V3,V4,V5,V6,V7,V8,V9,V10,V11,V12,V13,V14,V15,V16,V17,V18,V19,V20,V21,V22,V23,V24,V25,V26,V27,V28,V29,V30,V31,V32,V33,V34,V35,V36,V37,V38,V39,V40,V41,V42,V43,V44,V45,V46,V47,V48,V49,V50,V51,V52,V53,V54,V55,V56
6.8659373845772285,1.5915057421583347,-4.190839970822873,-9.194332938769747,-10.739894566843251,-1.3948248866620807,4.217621646672252,-0.9569864962149576,4.412728415711089,-8.748041063359096,-1.106426413688708,5.43779950937626,5.195037358173547,0.35399392277829683,-14.35153447935059,-3.973616277470066,-5.782952049439996,-2.617682185142608,-3.7952019247322286,-1.4931967480222532,-2.8037720373207957,-10.067499948490198,-3.9113495641834377,-7.072458513885431,-3.4567162863363494,-3.114688065911887,2.3491396398294278,-3.729191993817258,6.826950900571796,-4.089941049711747,12.57237545425287,-19.011635149719265,-4.234743216866856,0.2915185659837874,-11.451282303459012,-2.5545253261218446,-1.298902142251594,3.7010861447827725,-1.8883085635736223,3.077790018275342,2.5887195753284744,8.945504598484977,6.5057923739701495,-10.245384712282627,-9.854950583688145,-2.412711831169966,8.647537664210445,6.898516253419362,-4.182927308176288,-6.749724816658294,-1.0803963272406316,6.7999202232495515,-5.914903624436082,-1.10737292201296,0.41552323580014655,14.541463945182524
1.5915057421583347,0.8252539588789702,-0.7816361583202346,-2.823767441553505,-2.6229177260884096,-0.302096046399591,1.591704409451415,-0.08071406769876938,1.30569500672102,-2.0467936715559496,0.6384080613954813,0.818773354117806,0.5937385529438599,0.1257593738704788,-3.3642568548923966,-0.7181352855945013,-0.9502496342230897,-0.14841344408732404,-0.9549494968685863,-0.1908682076841622,-0.7846769052435564,-1.993538093230713,-0.7471046143558875,-1.8727608302811296,-0.4383823149151109,0.044967142250481214,0.04037377407474126,-0.3784607980460631,2.0530535398553447,-0.5043536472226324,2.1865374210939166,-4.063020329128978,-0.31478782896834295,0.6879630155379267,-1.833560964411801,-0.6167991533200556,-1.2114809572909546,-0.0938069315422835,-0.2848627520900348,0.2080714826308587,0.041992912305286054,1.8108946059817392,1.023379117617734,-1.8813780003345517,-1.5356331965710879,-0.7145457483828699,1.8763332216821553,1.6922974518072924,-0.2868335512144864,-1.0677495688740017,0.34787931685259266,1.508933255069156,-0.8522228475386436,0.3754144300151085,-0.5768553187990437,3.166480571186231
-4.190839970822873,-0.7816361583202346,2.646647359735983,5.29190303015071,6.51938136879939,0.8679605112683194,-2.3085563434661984,0.6420403778864746,-2.582330372065107,5.34507974530317,1.0389189120932616,-3.5149615866435235,-3.4370612861279977,-0.199523842287802,8.735264893417702,2.4894649919654936,3.6989659609571035,1.7965975849761484,2.2885562601548273,1.0079176214931984,1.6601836748616088,6.291657688560282,2.4671626971389795,4.213827472730602,2.261434223396269,2.2154346638073195,-1.626100993277395,2.4893789793793912,-3.9802945978053113,2.665535900168776,-7.979499823635792,11.769634965835024,2.8405918922574482,0.08281732409826133,7.353149552925338,1.5565795379563003,0.4229897529792205,-2.6541217507685997,1.213801543028226,-2.0730846328803465,-1.8184568367478353,-5.5687483318792115,-4.184406764778374,6.451805965305732,6.33581019305122,1.4025367927940682,-5.325959619904875,-4.172719611245402,2.850412146194781,4.334296386986089,0.9151125100687258,-4.1764419978425185,3.8259157625054696,0.9237344234942572,-0.5240648736642518,-8.97103045838873
-9.194332938769747,-2.823767441553505,5.29190303015071,13.54508563896368,14.461407118215076,1.7749970930722425,-6.637035647831391,1.0390235240985135,-6.336427610346784,11.67743763710823,0.1266406541305553,-6.542162683037166,-5.9436130367443125,-0.539044295251565,19.341811798844493,5.0942752847436195,7.111246031606994,2.7683863423960573,5.201239725306073,1.5688471464584388,3.9281710331494635,12.934557826039843,4.8902563337735785,9.87710020733196,4.054571491623855,3.005911510667882,-2.474832541532285,4.202336420902761,-9.799072767786589,4.868968230255598,-15.708832363945113,24.812689067910537,4.765754919743487,-1.35468585811979,13.958525461905914,3.432971597246694,3.108536949826515,-3.500771616872062,2.314904732909533,-3.445672010502436,-2.5825704523001303,-11.56901650719649,-7.892720683823227,12.978431004031819,11.989611225275244,3.4985030927318075,-11.427353235492804,-9.384327185272102,4.493476012921133,8.226918586215668,0.5002869029610023,-9.02297943589339,7.121072580949213,0.6035274578687723,0.4675941221538228,-19.074518894102994
-10.739894566843251,-2.6229177260884096,6.51938136879939,14.461407118215076,16.92514814977225,2.218981846676124,-6.737918628918623,1.4782484667689715,-6.984031899317076,13.733617303266007,1.4713861141416753,-8.423999517041752,-8.009076006580239,-0.5662001744749088,22.41423376297257,6.105348033781333,8.959333643594075,3.9890370206395067,5.9533766561754105,2.42625402116661,4.4481811168092005,15.66949442337416,6.146447908714401,11.094567279682044,5.319074822705934,4.650461218816871,-3.4621042996744382,5.726898284575184,-10.85683344075234,6.224533170538814,-19.469571039056255,29.72292049682907,6.355779292648269,-0.6218439716960835,17.76144302572953,4.020116364799791,2.305178483810132,-5.51908240984418,2.89559833316055,-4.604172893225848,-3.910717686149178,-13.924899345539918,-10.093424957185114,15.879833841264421,15.2470895211801,3.7978445160253496,-13.459072100023437,-10.813883769049767,6.391099833623003,10.453254165013737,1.5390830533846507,-10.60359618772816,9.10992090606839,1.492646366574804,-0.459109261868226,-22.750690962624798
-1.3948248866620807,-0.302096046399591,0.8679605112683194,1.7749970930722425,2.218981846676124,0.3069918604355081,-0.809297086798151,0.21487721066389456,-0.8796143241171044,1.7972562175547526,0.27145809948158806,-1.1487043070336784,-1.1153325583325076,-0.06921856632192076,2.889850656518214,0.7942758703297343,1.2068035588782176,0.5665508383727078,0.7628616572817252,0.3782425908200902,0.574407698699691,2.07161808442077,0.8412652292578957,1.4062161469235483,0.7297686645210812,0.6723571644385745,-0.4694062708870056,0.7971528595268674,-1.3853189588239607,0.8323080204282626,-2.596570365412783,3.919952866440963,0.8570506262297685,-0.021860879997349054,2.409048837327557,0.5242889056967406,0.22129254334747814,-0.801693503221198,0.38381164442278876,-0.6180272575352939,-0.564408974142161,-1.8353094249216886,-1.3744960288118568,2.1061699620175145,2.063333463336237,0.4722479649422608,-1.7473313187369974,-1.3942864510202864,0.9049687656814727,1.41558237335602,0.2597736658366143,-1.3772898690158881,1.2317047213050245,0.22813547541886778,-0.12377314435916115,-2.9976107560189127
4.217621646672252,1.591704409451415,-2.3085563434661984,-6.637035647831391,-6.737918628918623,-0.809297086798151,3.4352533447420854,-0.38959734347745023,3.089845440484707,-5.378375355522586,0.5227370493818508,2.724237364181695,2.3425664774394606,0.27585853057606285,-8.887001551911117,-2.193746519325514,-3.0145924107505797,-0.9779212295223448,-2.433579209831096,-0.646565249595385,-1.893427631794967,-5.716999937061047,-2.1551696053091867,-4.674473049832107,-1.6279998862240954,-0.8816736191861407,0.7947999318585894,-1.6197832577775357,4.80882651245351,-1.9366154865776037,6.736724292066049,-11.176582603956863,-1.7385974769255792,1.0207367694621907,-5.888948348196698,-1.5936839716396274,-2.0177227943191585,0.9899337300504095,-0.9600914807800889,1.2394285960746338,0.8278844603921564,5.138402030973532,3.3181204910789024,-5.632503538762208,-5.024033851306632,-1.7010749371507572,5.152864709055265,4.364511875808041,-1.6283238366795711,-3.459859860227613,0.1529282456178741,4.092386270849024,-2.931765300896253,0.14479222266389968,-0.6500591134463851,8.63018782301563
-0.9569864962149576,-0.08071406769876938,0.6420403778864746,1.0390235240985135,1.4782484667689715,0.21487721066389456,-0.38959734347745023,0.1904933156135627,-0.5184382924875468,1.2214843849038861,0.4430100791873473,-0.9062469843060055,-0.9311594041504453,-0.03423082997535615,1.9743454692133724,0.6128257566858076,0.933886416525974,0.5117639115351552,0.4984760064372548,0.2900205837543219,0.3538172994358522,1.513896466490668,0.6188380461907375,0.9002714501122773,0.6033644236602654,0.679614541770853,-0.4703073896008172,0.6765421904055132,-0.8168875350618167,0.7033774199779954,-1.9831184862981925,2.775844143984733,0.7846581600379493,0.15725123351976142,1.8727230666755208,0.3469996910869575,-0.10958760435565743,-0.8166005968213419,0.306401918224974,-0.5709042593850886,-0.5404088219545883,-1.3342724967079287,-1.074445367744345,1.588578797083655,1.621412125080103,0.2832119145036571,-1.2363716724494798,-0.9296007647491009,0.8050140227855476,1.1078516466995711,0.3427777874005935,-0.9636362987183564,0.9910400189750832,0.3391411028477356,-0.28230649428622406,-2.112052431108032
4.412728415711089,1.30569500672102,-2.582330372065107,-6.336427610346784,-6.984031899317076,-0.8796143241171044,3.089845440484707,-0.5184382924875468,3.021960509954239,-5.637471910509709,-0.1431277252327282,3.2210864793970737,2.956883575192935,0.25632366441837895,-9.250945067126501,-2.418085499323453,-3.47439117765884,-1.400629439370902,-2.492859114114918,-0.8632415907231923,-1.8868356715129408,-6.259243034745176,-2.4080070994699145,-4.695279066036435,-1.9910361807402288,-1.5174488372017665,1.1935629729686317,-2.098204307692382,4.678510064794632,-2.3455694763929706,7.627395417409316,-12.00736949166639,-2.3007260167272867,0.5745494258060821,-6.850056459643306,-1.663946284060076,-1.412204578388228,1.7834406605325008,-1.1196160608194292,1.6638077022771243,1.3166525703343448,5.581732758843673,3.8769040275815314,-6.269105319992087,-5.865301137221057,-1.6466900223843128,5.479599351336735,4.493898791913266,-2.266056427409637,-4.02610924912543,-0.32171340505987334,4.330700453368981,-3.475483985088409,-0.31656506042112503,-0.16758913767467912,9.212216374642972
-8.748041063359096,-2.0467936715559496,5.34507974530317,11.67743763710823,13.733617303266007,1.7972562175547526,-5.378375355522586,1.2214843849038861,-5.637471910509709,11.17167147448469,1.3681097920784242,-6.935330978718649,-6.62411808677972,-0.45387699207442206,18.264254211458287,5.022539189940735,7.366619338082836,3.331694412391218,4.838653648732686,1.9663079689438494,3.5890916758226736,12.824241279431448,5.013205643854957,9.003265476050005,4.396369723589325,3.9349547323957705,-2.9372993395514904,4.7514877145476415,-8.738506634944667,5.167137809084456,-15.996356364901242,24.254436371637933,5.327589620672334,-0.38952654598611863,14.603393004107982,3.266433803054057,1.7003111788260725,-4.678847314473791,2.393209458696145,-3.8674247259705687,-3.288464811512358,-11.389811124205881,-8.29832280592443,13.028342966053689,12.549786556567728,3.0690019796202934,-10.998142548637155,-8.792341215919521,5.327454729172691,8.59940179939316,1.3655022820084384,-8.654740460052784,7.5182534241176375,1.3550135231840363,-0.49816156848730503,-18.54933494323535
-1.106426413688708,0.6384080613954813,1.0389189120932616,0.1266406541305553,1.4713861141416753,0.27145809948158806,0.5227370493818508,0.4430100791873473,-0.1431277252327282,1.3681097920784242,1.9506187752199178,-1.7424869067082718,-2.0392972019959603,0.031132553585132935,2.2343673175995282,1.0519084339986944,1.6976058552870381,1.318036622323478,0.4550549779560441,0.5462666513311477,0.18662302040024364,2.28964779194858,0.9522882648778541,0.6756066614782998,1.276077912283997,2.0172820747359532,-1.3713137250063638,1.550291030960627,-0.17892184322088783,1.5391583787021592,-3.4555998695101553,3.7359912307391747,1.9989272945311995,1.1727367138225413,3.456098269522051,0.3551610086575857,-1.5918556576248943,-2.469167385547493,0.6027047455369094,-1.4883300659854686,-1.5126828012110427,-1.9625834981567172,-2.003887912773353,2.6315227394130636,3.0622521084759327,0.0847030233544227,-1.6427658392116962,-0.9256637494547542,2.011319065119556,2.0671035267234723,1.3486091007332175,-1.2252302654270593,1.9763107326098364,1.4219537999901133,-1.4091969319289275,-2.753590956790193
5.43779950937626,0.818773354117806,-3.5149615866435235,-6.542162683037166,-8.423999517041752,-1.1487043070336784,2.724237364181695,-0.9062469843060055,3.2210864793970737,-6.935330978718649,-1.7424869067082718,4.761455832536887,4.738877488664887,0.23870822519929508,-11.304446562745534,-3.3129751250497663,-4.973675941984885,-2.532612724220877,-2.9305272440212575,-1.4073452308435344,-2.1010492160793204,-8.314697363229797,-3.29301175184789,-5.354868929548467,-3.098594487221561,-3.2108271248901348,2.31298983951512,-3.4446639517073603,4.973629438703927,-3.644520263377505,10.6709382591128,-15.438125655910543,-3.9595546460420876,-0.3789618882548499,-9.914817424013709,-2.0080619687568544,-0.1506156349568941,3.857471071489197,-1.6364750395835304,2.8923152780958294,2.6053507713705253,7.344032405677046,5.654193229219319,-8.590199928380468,-8.557329198176678,-1.7484091981963508,6.9572703195154615,5.3714445052342,-4.001576056424127,-5.849665845976691,-1.4505898831013653,5.443181370342207,-5.192338962512604,-1.4587385116769633,0.9833936675630498,11.749013377788694
5.195037358173547,0.5937385529438599,-3.4370612861279977,-5.9436130367443125,-8.009076006580239,-1.1153325583325076,2.3425664774394606,-0.9311594041504453,2.956883575192935,-6.62411808677972,-2.0392972019959603,4.738877488664887,4.791673865183383,0.2088421002661592,-10.775110712534408,-3.2443220216551,-4.9173429168892495,-2.6132528045237877,-2.765455993366324,-1.433543921573753,-1.9567675935923992,-8.087456848133863,-3.2275968361663256,-5.01174137662191,-3.1151746423290114,-3.38698388301386,2.4069557177802574,-3.496423301662092,4.564740027235805,-3.659633038072432,10.498271244900238,-14.904665980642477,-4.046531814697994,-0.6211945012754085,-9.826006802058815,-1.9099272049109135,0.23368740984948363,4.0807326960584085,-1.623589423669734,2.9609580800946587,2.723186720628461,7.127447822540256,5.613382679513604,-8.413296236622918,-8.49511764774136,-1.6025726744539883,6.692995908844637,5.091376280382287,-4.1120429052624194,-5.801482665921249,-1.635777856197009,5.225043167768347,-5.177393843373078,-1.6457039798322117,1.2237579939079697,11.322929169656625
0.35399392277829683,0.1257593738704788,-0.199523842287802,-0.539044295251565,-0.5662001744749088,-0.06921856632192076,0.27585853057606285,-0.03423082997535615,0.25632366441837895,-0.45387699207442206,0.031132553585132935,0.23870822519929508,0.2088421002661592,0.02308479988222713,-0.743805687310129,-0.18269968707721057,-0.261114858279999,-0.09145282761218529,-0.20403231750656656,-0.06204887918093603,-0.15678054760344626,-0.4867184098898092,-0.1853487571717634,-0.38741449876670264,-0.14255256131652,-0.08601049020084711,0.07243536540068717,-0.14672162037775258,0.3969328130131197,-0.16708376210072984,0.5784125870232742,-0.9482862839767787,-0.15367719928156418,0.07438325244324263,-0.5127309396363549,-0.13468016824608814,-0.1554620240338279,0.09929555530163102,-0.08303620089531916,0.10999613735577901,0.08060516621608328,0.435477139274655,0.28869475695256375,-0.4792678848291275,-0.4356972135094291,-0.1390554506209981,0.43422631588161253,0.3651322104793366,-0.1512950641999845,-0.3002946852977774,4.783187938871926e-4,0.34434369948759774,-0.25485509879198337,0.003962564019832142,-0.04569018767512411,0.7288430018760327
-14.35153447935059,-3.3642568548923966,8.735264893417702,19.341811798844493,22.41423376297257,2.889850656518214,-8.887001551911117,1.9743454692133724,-9.250945067126501,18.264254211458287,2.2343673175995282,-11.304446562745534,-10.775110712534408,-0.743805687310129,30.02765754723545,8.314788972770316,12.040508910303313,5.419639129175952,7.943977002543631,3.036364945776066,5.860833439196396,21.004035975673972,8.120668049780415,14.82388199919674,7.184326753553257,6.442997444573705,-4.901788600428031,7.736133431741274,-14.287466802638278,8.533062396274442,-26.210358087924696,39.66573598354141,8.83278482356755,-0.6700355943374798,23.819994431229887,5.335324936869129,2.791208378307069,-7.651316204944141,3.9414232800164792,-6.424889857845178,-5.350885367627191,-18.670416984392904,-13.526153965687145,21.373391438317032,20.509487921991937,5.067695419555174,-18.080917872781676,-14.430192565122521,8.660966245651718,14.04468917394813,2.193975799637246,-14.216009186063737,12.31447175434391,2.290588224903074,-0.8046390930546894,-30.34296945033017
-3.973616277470066,-0.7181352855945013,2.4894649919654936,5.0942752847436195,6.105348033781333,0.7942758703297343,-2.193746519325514,0.6128257566858076,-2.418085499323453,5.022539189940735,1.0519084339986944,-3.3129751250497663,-3.2443220216551,-0.18269968707721057,8.314788972770316,2.43535488549709,3.5027870285372638,1.6992644898812543,2.158905023692568,0.8505968651426519,1.5500523862456628,5.96438606360708,2.2956395228691187,4.007756415071808,2.156844256360956,2.150501255156123,-1.6265752952266843,2.348049858591864,-3.718325457993295,2.599110854909496,-7.591530594228182,11.100212908155978,2.7985809515257634,0.09891737958347739,6.935889524443112,1.4517352224528592,0.3317621272478259,-2.564216961556015,1.1674533531640447,-2.0459941731696154,-1.7302615514024444,-5.2928564170806895,-3.9479067358112845,6.160969818740289,6.010041634064584,1.3414390761961952,-5.077547817197775,-3.95074198124576,2.6914949589129096,4.105364632334204,0.8738736647894964,-3.9719936752060168,3.6521372784207418,0.9588314589920179,-0.5536727458329308,-8.475688799315012
-5.782952049439996,-0.9502496342230897,3.6989659609571035,7.111246031606994,8.959333643594075,1.2068035588782176,-3.0145924107505797,0.933886416525974,-3.47439117765884,7.366619338082836,1.6976058552870381,-4.973675941984885,-4.9173429168892495,-0.261114858279999,12.040508910303313,3.5027870285372638,5.213804803900742,2.6058268466616417,3.130534487333549,1.4339392996768558,2.2525667836882115,8.777437651265851,3.454959907621107,5.745071916142418,3.2276234767090664,3.2805385966528955,-2.3891440842346476,3.56859948507722,-5.360668004395223,3.8104244332334094,-11.217028548000696,16.334970879322853,4.114080670580725,0.29055097259548757,10.3767528342396,2.1352978666892417,0.3167414767995149,-3.9343326757630237,1.7170904246820462,-3.004318010007445,-2.6664108946122815,-7.762217196291975,-5.913236292558917,9.050614668665531,8.957009844010297,1.892234692423836,-7.383966730726984,-5.72945267741049,4.123308730198031,6.1235124273942,1.4310252399793442,-5.780411617886953,5.42899679126238,1.4557540116604315,-0.9278749896704855,-12.442803500184985
-2.617682185142608,-0.14841344408732404,1.7965975849761484,2.7683863423960573,3.9890370206395067,0.5665508383727078,-0.9779212295223448,0.5117639115351552,-1.400629439370902,3.331694412391218,1.318036622323478,-2.532612724220877,-2.6132528045237877,-0.09145282761218529,5.419639129175952,1.6992644898812543,2.6058268466616417,1.4684365269338815,1.3714626044315203,0.7702857967550976,0.9414425424985349,4.186824127083229,1.6745384163019985,2.451122315893525,1.686942049204295,1.9564716078905435,-1.3794639616116815,1.9224637120992027,-2.1433743062642496,1.9885413918427055,-5.529225102758707,7.622404265197872,2.2580452139607914,0.5165355291884887,5.219797609951841,0.9565089857145738,-0.41355289200896617,-2.368314694347332,0.8691687273162123,-1.6600530227844028,-1.5554362381552054,-3.6761094002096586,-2.98562022804634,4.3986646176889606,4.524959156580757,0.756675118410522,-3.4160152922682947,-2.535695309015099,2.2966709015388895,3.0848766443127156,1.0205352599707966,-2.656183447334053,2.778271710857507,1.0380779396123243,-0.832151705005207,-5.7686804143864
-3.7952019247322286,-0.9549494968685863,2.2885562601548273,5.201239725306073,5.9533766561754105,0.7628616572817252,-2.433579209831096,0.4984760064372548,-2.492859114114918,4.838653648732686,0.4550549779560441,-2.9305272440212575,-2.765455993366324,-0.20403231750656656,7.943977002543631,2.158905023692568,3.130534487333549,1.3714626044315203,2.1151691696685284,0.79277154992525,1.5717638625921027,5.507513974668755,2.1273687839419977,3.9531015965812584,1.8462044499418255,1.589088365256124,-1.2161928213811253,1.981178267328314,-3.848601861302821,2.1844434150588166,-6.827423549064466,10.448938243205955,2.2294841717778264,-0.26598420920083077,6.189302218041329,1.419779023881196,0.8764052549820708,-1.8849281997628102,1.0197601796594435,-1.620351410484425,-1.336860031780749,-4.897792910815229,-3.5106383563473917,5.575454351504516,5.318481027998524,1.3601795549190614,-4.761208685601291,-3.8304004571904793,2.1977584811129667,3.644322203876212,0.4961408750747465,-3.749653768424864,3.180510020932397,0.5084158059245223,-0.10684144941165498,-7.996299164666203
-1.4931967480222532,-0.1908682076841622,1.0079176214931984,1.5688471464584388,2.42625402116661,0.3782425908200902,-0.646565249595385,0.2900205837543219,-0.8632415907231923,1.9663079689438494,0.5462666513311477,-1.4073452308435344,-1.433543921573753,-0.06204887918093603,3.036364945776066,0.8505968651426519,1.4339392996768558,0.7702857967550976,0.79277154992525,0.591770598512339,0.6001575282306026,2.3383875939163246,1.0218321324362252,1.4016799714205326,0.9027155953691007,0.9409610366096574,-0.5793337012448855,1.0332475171682647,-1.3878735419776278,0.9707382208487486,-3.007037401052234,4.38581469677028,1.0311106652026687,0.17190145436739893,2.9100682307951744,0.5749067098230572,-0.014099545296646206,-1.1406431625405378,0.44174110865779215,-0.7424557906488973,-0.7915878156986523,-2.0480755174629923,-1.6716029151918834,2.3910158009090305,2.4770196911400193,0.43765339895481953,-1.8769860953660369,-1.4623000051482684,1.2176945306282072,1.7000378101775941,0.47671621297837896,-1.4808566229951814,1.4768702069687845,0.36905726381674625,-0.3259060323578064,-3.331687973058341
-2.8037720373207957,-0.7846769052435564,1.6601836748616088,3.9281710331494635,4.4481811168092005,0.574407698699691,-1.893427631794967,0.3538172994358522,-1.8868356715129408,3.5890916758226736,0.18662302040024364,-2.1010492160793204,-1.9567675935923992,-0.15678054760344626,5.860833439196396,1.5500523862456628,2.2525667836882115,0.9414425424985349,1.5717638625921027,0.6001575282306026,1.1932793029281743,4.015570582425164,1.5687537398517288,2.9490910826360057,1.3082492278584212,1.043768058399399,-0.7919821218521095,1.387938520542453,-2.9372796897585465,1.5262191720304075,-4.922583968984903,7.683054874811312,1.5105277191680635,-0.29974569568979587,4.454694634017184,1.05726010749754,0.80526754983366,-1.2303981876953867,0.7220832658317763,-1.0909453054076967,-0.8967644424054272,-3.5765363766055165,-2.527769554813092,4.036100952398391,3.815963100489903,1.0256908803301101,-3.4845237850659734,-2.843534406118592,1.517292712873207,2.6183671097401557,0.2672735181285267,-2.753998034369167,2.2631233298770708,0.2503171274365389,0.03084046045690147,-5.8941137493853875
-10.067499948490198,-1.993538093230713,6.291657688560282,12.934557826039843,15.66949442337416,2.07161808442077,-5.716999937061047,1.513896466490668,-6.259243034745176,12.824241279431448,2.28964779194858,-8.314697363229797,-8.087456848133863,-0.4867184098898092,21.004035975673972,5.96438606360708,8.777437651265851,4.186824127083229,5.507513974668755,2.3383875939163246,4.015570582425164,15.020799622406335,5.87251592036881,10.187064574353737,5.343470642542076,5.1396102867552536,-3.804539416413843,5.839433633578375,-9.669539318918495,6.3171978900945405,-18.981308264090156,28.15433979648583,6.688821055085204,0.03911458521311173,17.425387322365996,3.7309937089010434,1.2270758664818795,-6.138571628732813,2.879610821763938,-4.874200464250519,-4.2184027667526,-13.314879838760943,-9.915234392257496,15.390009864932425,15.020679350918176,3.416601656916189,-12.768345350487115,-10.04485624190032,6.654645726587861,10.277711688945994,2.037175543364347,-10.017440761472475,9.062252099012499,2.0814719746025974,-1.112679588821003,-21.489872351365165
-3.9113495641834377,-0.7471046143558875,2.4671626971389795,4.8902563337735785,6.146447908714401,0.8412652292578957,-2.1551696053091867,0.6188380461907375,-2.4080070994699145,5.013205643854957,0.9522882648778541,-3.29301175184789,-3.2275968361663256,-0.1853487571717634,8.120668049780415,2.2956395228691187,3.454959907621107,1.6745384163019985,2.1273687839419977,1.0218321324362252,1.5687537398517288,5.87251592036881,2.3522034411433896,3.91286196061728,2.114716360600095,2.049834529507744,-1.4607810348054604,2.3238083106334746,-3.7596493278852967,2.4522300520501954,-7.431567156942682,11.022947757569733,2.58696767056915,0.06590730949061414,6.887950766648823,1.457179717045025,0.4201331964928931,-2.451265643695861,1.1173369336740444,-1.876784009562665,-1.6919800915257315,-5.198188853256926,-3.928356336492715,6.012542253020304,5.92181393923212,1.3015849190052857,-4.944636767576842,-3.8923699166284362,2.662598861344391,4.055973321561922,0.8470835079138445,-3.8844924267484826,3.561539640324073,0.8066670702201597,-0.4868668494126966,-8.414127463753204
-7.072458513885431,-1.8727608302811296,4.213827472730602,9.87710020733196,11.094567279682044,1.4062161469235483,-4.674473049832107,0.9002714501122773,-4.695279066036435,9.003265476050005,0.6756066614782998,-5.354868929548467,-5.01174137662191,-0.38741449876670264,14.82388199919674,4.007756415071808,5.745071916142418,2.451122315893525,3.9531015965812584,1.4016799714205326,2.9490910826360057,10.187064574353737,3.91286196061728,7.422709294419203,3.3650254170774807,2.8106590235093254,-2.187319242582352,3.5783256834927726,-7.255701908985312,4.000676626534703,-12.570513645015593,19.371904514758832,4.047912488980675,-0.6259032563976124,11.336849637295614,2.6404969373954983,1.8073931303881947,-3.3193355676603424,1.8726519950269527,-2.9377784215440395,-2.3693608570775937,-9.074209882635175,-6.426891156913863,10.297909345076006,9.745288097596607,2.573898401637587,-8.854762113698316,-7.156391027218744,3.9388428853504864,6.679313894077442,0.7942239279530288,-6.976770011950766,5.821218973813373,0.8388310226467105,-0.07334857514607,-14.844692728468278
-3.4567162863363494,-0.4383823149151109,2.261434223396269,4.054571491623855,5.319074822705934,0.7297686645210812,-1.6279998862240954,0.6033644236602654,-1.9910361807402288,4.396369723589325,1.276077912283997,-3.098594487221561,-3.1151746423290114,-0.14255256131652,7.184326753553257,2.156844256360956,3.2276234767090664,1.686942049204295,1.8462044499418255,0.9027155953691007,1.3082492278584212,5.343470642542076,2.114716360600095,3.3650254170774807,2.0354941881734545,2.1832785782409756,-1.572429152529948,2.269780688141738,-3.0715344679084633,2.407398675187861,-6.91268175714149,9.861369219062093,2.6514958991885647,0.35113707507410014,6.4365571118572245,1.2663381139932053,-0.07540321282590207,-2.6245741421583593,1.0691100614420355,-1.9394609681840842,-1.7527587876147002,-4.7168344954601675,-3.6746606200267795,5.555282375226445,5.5694217498206875,1.0870085806612655,-4.448920589330979,-3.3968921148532387,2.6580531409159134,3.8036112296811737,1.0255938784982914,-3.4732346995513432,3.3947843078612188,1.0509028770227369,-0.754785856877461,-7.500075514965505
-3.114688065911887,0.044967142250481214,2.2154346638073195,3.005911510667882,4.650461218816871,0.6723571644385745,-0.8816736191861407,0.679614541770853,-1.5174488372017665,3.9349547323957705,2.0172820747359532,-3.2108271248901348,-3.38698388301386,-0.08601049020084711,6.442997444573705,2.150501255156123,3.2805385966528955,1.9564716078905435,1.589088365256124,0.9409610366096574,1.043768058399399,5.1396102867552536,2.049834529507744,2.8106590235093254,2.1832785782409756,2.7101629417494513,-1.9151573260407087,2.507338919044946,-2.3077942717203968,2.6072349693473837,-6.928663836082217,9.203362410235357,3.0473907636285107,0.9134855631680898,6.5779550663797135,1.1113894728667433,-0.9526865032769435,-3.283671911730978,1.112709300766464,-2.2454226470228686,-2.1145621559628522,-4.503948026945194,-3.7705925743387696,5.485567961130326,5.733702313697026,0.8332510534125113,-4.137125915721245,-2.9707659874185985,3.0459087238174836,3.9017811267993716,1.4989390605736532,-3.195733257017987,3.5596938645984775,1.566643402714261,-1.3351912971063864,-6.947104473128225
2.3491396398294278,0.04037377407474126,-1.626100993277395,-2.474832541532285,-3.4621042996744382,-0.4694062708870056,0.7947999318585894,-0.4703073896008172,1.1935629729686317,-2.9372993395514904,-1.3713137250063638,2.31298983951512,2.4069557177802574,0.07243536540068717,-4.901788600428031,-1.6265752952266843,-2.3891440842346476,-1.3794639616116815,-1.2161928213811253,-0.5793337012448855,-0.7919821218521095,-3.804539416413843,-1.4607810348054604,-2.187319242582352,-1.572429152529948,-1.9151573260407087,1.4118136740233809,-1.7847204239276389,1.7857942974874261,-1.9260102940081612,5.094132524917865,-6.819736743300787,-2.2447837350365862,-0.575207429878052,-4.758125916698164,-0.8306299162284119,0.5729275989701264,2.3141918333909985,-0.8248413768118116,1.6592525800850133,1.484463682147488,3.346272174024058,2.7187447697684575,-4.056489887517259,-4.162527548813028,-0.6704069617250072,3.122808435927399,2.2594785042674115,-2.149151652306776,-2.829620687616474,-1.0136765221173352,2.4100845145874996,-2.5920006589257114,-1.1202451883664768,0.8891817208859601,5.15530291163064
-3.729191993817258,-0.3784607980460631,2.4893789793793912,4.202336420902761,5.726898284575184,0.7971528595268674,-1.6197832577775357,0.6765421904055132,-2.098204307692382,4.7514877145476415,1.550291030960627,-3.4446639517073603,-3.496423301662092,-0.14672162037775258,7.736133431741274,2.348049858591864,3.56859948507722,1.9224637120992027,1.981178267328314,1.0332475171682647,1.387938520542453,5.839433633578375,2.3238083106334746,3.5783256834927726,2.269780688141738,2.507338919044946,-1.7847204239276389,2.559668496111921,-3.2235217406678793,2.673304780402282,-7.610057233322265,10.729456557955935,2.9778245864827024,0.5088412914931646,7.132560867837473,1.3695587270848912,-0.2584141626517154,-3.026252309826754,1.1833151274358835,-2.183040596355455,-2.011523061640953,-5.140990450723562,-4.073616581582281,6.086165713277675,6.169889383575567,1.1356376416234324,-4.821736350551102,-3.6467541429734456,3.0207323645583375,4.21168614574521,1.2358466997076354,-3.759712688035097,3.768182699639063,1.250643387914224,-0.9400982211289045,-8.139976536213986
6.826950900571796,2.0530535398553447,-3.9802945978053113,-9.799072767786589,-10.85683344075234,-1.3853189588239607,4.80882651245351,-0.8168875350618167,4.678510064794632,-8.738506634944667,-0.17892184322088783,4.973629438703927,4.564740027235805,0.3969328130131197,-14.287466802638278,-3.718325457993295,-5.360668004395223,-2.1433743062642496,-3.848601861302821,-1.3878735419776278,-2.9372796897585465,-9.669539318918495,-3.7596493278852967,-7.255701908985312,-3.0715344679084633,-2.3077942717203968,1.7857942974874261,-3.2235217406678793,7.2923507776527945,-3.589333802578547,11.7583823352908,-18.588852487130712,-3.489299098742798,0.9221703083975349,-10.581607095790083,-2.5731057807193394,-2.233129362635088,2.702668117188792,-1.7136829110590717,2.510299469371991,2.010188902603901,8.628214133840828,5.996511944951738,-9.677840441610405,-9.050618737145198,-2.5491299366063562,8.452347109742623,6.953500476870257,-3.4774021731527913,-6.218202450390373,-0.4687647972310792,6.685697534674582,-5.350959172144685,-0.4239570455030256,-0.2775913268730081,14.278548314847503
-4.089941049711747,-0.5043536472226324,2.665535900168776,4.868968230255598,6.224533170538814,0.8323080204282626,-1.9366154865776037,0.7033774199779954,-2.3455694763929706,5.167137809084456,1.5391583787021592,-3.644520263377505,-3.659633038072432,-0.16708376210072984,8.533062396274442,2.599110854909496,3.8104244332334094,1.9885413918427055,2.1844434150588166,0.9707382208487486,1.5262191720304075,6.3171978900945405,2.4522300520501954,4.000676626534703,2.407398675187861,2.6072349693473837,-1.9260102940081612,2.673304780402282,-3.589333802578547,2.8966782905061277,-8.19003205441808,11.61433228327965,3.2148790951771415,0.42370900089021407,7.574493557590974,1.483389892132923,-0.12581841643452668,-3.1302633601186893,1.2796562716393134,-2.3579231334771795,-2.073018549027408,-5.583450197237986,-4.319715846914151,6.59212903422847,6.5760416291552115,1.297624949102634,-5.2903060178716865,-4.018890535865794,3.1301492381549405,4.486386431779016,1.2142371765275497,-4.121286423509064,4.026863260457113,1.3051605595213107,-0.913393622039694,-8.833719534820949
12.57237545425287,2.1865374210939166,-7.979499823635792,-15.708832363945113,-19.469571039056255,-2.596570365412783,6.736724292066049,-1.9831184862981925,7.627395417409316,-15.996356364901242,-3.4555998695101553,10.6709382591128,10.498271244900238,0.5784125870232742,-26.210358087924696,-7.591530594228182,-11.217028548000696,-5.529225102758707,-6.827423549064466,-3.007037401052234,-4.922583968984903,-18.981308264090156,-7.431567156942682,-12.570513645015593,-6.91268175714149,-6.928663836082217,5.094132524917865,-7.610057233322265,11.7583823352908,-8.19003205441808,24.185644365905794,-35.377041385660554,-8.805577888144208,-0.45914694255774163,-22.29512160443001,-4.640123589742564,-0.9254569857711858,8.297415389315695,-3.6988637941875124,6.4304108987037445,5.635454885853227,16.801715225620214,12.697415756052413,-19.548844751982983,-19.249683397925274,-4.166369884137019,16.033589712132326,12.482290315789355,-8.757359137026205,-13.160435893784454,-2.937972041232973,12.55596269934703,-11.661084123630706,-3.026165734378493,1.8384727324595278,26.966007804810932
-19.011635149719265,-4.063020329128978,11.769634965835024,24.812689067910537,29.72292049682907,3.919952866440963,-11.176582603956863,2.775844143984733,-12.00736949166639,24.254436371637933,3.7359912307391747,-15.438125655910543,-14.904665980642477,-0.9482862839767787,39.66573598354141,11.100212908155978,16.334970879322853,7.622404265197872,10.448938243205955,4.38581469677028,7.683054874811312,28.15433979648583,11.022947757569733,19.371904514758832,9.861369219062093,9.203362410235357,-6.819736743300787,10.729456557955935,-18.588852487130712,11.61433228327965,-35.377041385660554,52.988024220075566,12.15482415186006,-0.32398210998732435,32.41708870871893,7.072369994395114,2.9194295789060267,-10.972925050843576,5.331191882416423,-8.840898847278677,-7.614332198636271,-24.97577584384873,-18.437141737961902,28.73626416681062,27.90115494312184,6.541977095785265,-24.012959416019594,-19.028392246801392,12.14623500009564,19.104290000297045,3.468923099151988,-18.866585288578495,16.777985011207694,3.4876558887988303,-1.6594452507355095,-40.480075783422315
-4.234743216866856,-0.31478782896834295,2.8405918922574482,4.765754919743487,6.355779292648269,0.8570506262297685,-1.7385974769255792,0.7846581600379493,-2.3007260167272867,5.327589620672334,1.9989272945311995,-3.9595546460420876,-4.046531814697994,-0.15367719928156418,8.83278482356755,2.7985809515257634,4.114080670580725,2.2580452139607914,2.2294841717778264,1.0311106652026687,1.5105277191680635,6.688821055085204,2.58696767056915,4.047912488980675,2.6514958991885647,3.0473907636285107,-2.2447837350365862,2.9778245864827024,-3.489299098742798,3.2148790951771415,-8.805577888144208,12.15482415186006,3.656075681044381,0.7160649825493465,8.187732409526959,1.5187582453731594,-0.5469710371592464,-3.671420789309399,1.3990684422948998,-2.6913813042195205,-2.3928357419277106,-5.897670598873092,-4.673999887675652,7.050068143682074,7.132495119758799,1.279854843422766,-5.546243332683395,-4.120387941658522,3.5366544370836026,4.858256939864215,1.5227759689259015,-4.302043630567817,4.402390011186633,1.6565259302307132,-1.249481526242161,-9.217845944431097
0.2915185659837874,0.6879630155379267,0.08281732409826133,-1.35468585811979,-0.6218439716960835,-0.021860879997349054,1.0207367694621907,0.15725123351976142,0.5745494258060821,-0.38952654598611863,1.1727367138225413,-0.3789618882548499,-0.6211945012754085,0.07438325244324263,-0.6700355943374798,0.09891737958347739,0.29055097259548757,0.5165355291884887,-0.26598420920083077,0.17190145436739893,-0.29974569568979587,0.03911458521311173,0.06590730949061414,-0.6259032563976124,0.35113707507410014,0.9134855631680898,-0.575207429878052,0.5088412914931646,0.9221703083975349,0.42370900089021407,-0.45914694255774163,-0.32398210998732435,0.7160649825493465,0.859900923323728,0.6473388122678592,-0.14126501526851096,-1.2957758783323414,-1.140058966142629,0.12528770441233328,-0.5453408748564761,-0.6545409055954267,0.019782554800190172,-0.3944740549226302,0.23767295289604198,0.6095196051982346,-0.3175797257455459,0.1979913715654749,0.4207960096596587,0.7601034760897962,0.39774390924657144,0.7742102938278327,0.20032390421751564,0.4573855122708329,0.8033897762935492,-0.9029630604681207,0.32693745307616334
-11.451282303459012,-1.833560964411801,7.353149552925338,13.958525461905914,17.76144302572953,2.409048837327557,-5.888948348196698,1.8727230666755208,-6.850056459643306,14.603393004107982,3.456098269522051,-9.914817424013709,-9.826006802058815,-0.5127309396363549,23.819994431229887,6.935889524443112,10.3767528342396,5.219797609951841,6.189302218041329,2.9100682307951744,4.454694634017184,17.425387322365996,6.887950766648823,11.336849637295614,6.4365571118572245,6.5779550663797135,-4.758125916698164,7.132560867837473,-10.581607095790083,7.574493557590974,-22.29512160443001,32.41708870871893,8.187732409526959,0.6473388122678592,20.670925139247835,4.232309801248186,0.5338790298935057,-7.894421112402275,3.4110363704357747,-5.97736304875675,-5.349281690744654,-15.401799941213039,-11.783883582784533,17.97265577471745,17.835462987474976,3.721833216233496,-14.62351002000512,-11.334039937825848,8.25668607300428,12.19452906459771,2.907539266220818,-11.447973849906793,10.808975247060454,2.9273415358193993,-1.9102571325690587,-24.685787884233783
-2.5545253261218446,-0.6167991533200556,1.5565795379563003,3.432971597246694,4.020116364799791,0.5242889056967406,-1.5936839716396274,0.3469996910869575,-1.663946284060076,3.266433803054057,0.3551610086575857,-2.0080619687568544,-1.9099272049109135,-0.13468016824608814,5.335324936869129,1.4517352224528592,2.1352978666892417,0.9565089857145738,1.419779023881196,0.5749067098230572,1.05726010749754,3.7309937089010434,1.457179717045025,2.6404969373954983,1.2663381139932053,1.1113894728667433,-0.8306299162284119,1.3695587270848912,-2.5731057807193394,1.483389892132923,-4.640123589742564,7.072369994395114,1.5187582453731594,-0.14126501526851096,4.232309801248186,0.9605322990984196,0.5438866872522344,-1.3229291268853294,0.6917772439576736,-1.1044104245977076,-0.9361446646775433,-3.3124104940712846,-2.40322112986954,3.7783583140790524,3.6335041750675097,0.9017218178428249,-3.2045235201233426,-2.5722762062895224,1.5285707258412722,2.489294331186339,0.37145933398406905,-2.5251638691582037,2.1711299879426647,0.3643141326684734,-0.1074607362609946,-5.407875487647649
-1.298902142251594,-1.2114809572909546,0.4229897529792205,3.108536949826515,2.305178483810132,0.22129254334747814,-2.0177227943191585,-0.10958760435565743,-1.412204578388228,1.7003111788260725,-1.5918556576248943,-0.1506156349568941,0.23368740984948363,-0.1554620240338279,2.791208378307069,0.3317621272478259,0.3167414767995149,-0.41355289200896617,0.8764052549820708,-0.014099545296646206,0.80526754983366,1.2270758664818795,0.4201331964928931,1.8073931303881947,-0.07540321282590207,-0.9526865032769435,0.5729275989701264,-0.2584141626517154,-2.233129362635088,-0.12581841643452668,-0.9254569857711858,2.9194295789060267,-0.5469710371592464,-1.2957758783323414,0.5338790298935057,0.5438866872522344,2.081022606847695,1.2055660750715622,0.05149451782635876,0.4332083347552009,0.6245178031299976,-1.1627951585075424,-0.2639242152191251,0.9414957398338438,0.3700563157498727,0.7642152461150231,-1.3778920472635319,-1.493406680140888,-0.5669612312135957,0.2834556614469984,-0.9923368202977112,-1.1537994117643682,0.07848134921435682,-1.0612245302389811,1.2860997971052186,-2.3414206518387384
