V1,V2,V3,V4,V5,V6,V7,V8,V9,V10,V11,V12,V13,V14,V15,V16,V17,V18,V19,V20,V21,V22,V23,V24,V25,V26,V27,V28,V29,V30,V31,V32,V33,V34,V35,V36,V37,V38,V39,V40,V41,V42,V43,V44,V45,V46,V47,V48,V49,V50,V51,V52,V53,V54,V55,V56
0.748345194141348,0.5992614177456471,0.270146366516061,0.4777828823747854,-0.34396809660219363,-1.2031044026653206,0.026949126405489385,0.40797986931346625,0.5906775293893746,-0.18182238495400319,1.2240985164885534,0.49379794162378604,0.29797876564802733,0.5515297529806051,-0.8032298635696887,0.19464194856844697,-0.3379811566969724,-0.45914740517811586,0.8031134432511325,0.17347340507894854,-0.5748471085025314,-0.29993054286981274,-0.4549762672107281,0.3902030799014577,0.446746966903905,-0.16803501545392868,-0.45014491579820626,0.6887718916803169,-0.4150885321988852,0.6969436132635756,0.5477515351118818,-0.22851462073398854,0.015406268010469343,-0.297140218963098,0.10883999670720942,-0.0010742863762470474,0.580003004619395,-0.34951027668620127,-1.0819611364692858,-0.5083290602523763,0.254673318524416,-0.17540628091962554,-0.37612390104943033,-0.03519271187255971,-0.2625018398172668,-0.7615335558916834,0.8493343187476516,0.4732734752631049,0.5995491230293238,0.3675005790687062,0.46424096982936824,-0.1921592527116913,0.27129941771012517,-0.862247130815407,0.5478771616361973,0.3723685627016416
0.5992614177456471,1.8982327617120802,-0.2634473017588314,-0.1535136647750071,-0.4658188131855793,-1.5865981327496947,0.5253985565746165,1.111301769839355,1.4132840901889379,-0.918462928422823,1.6225607567946454,1.3483725888857256,0.11844383241403239,1.3625992309580037,0.6369406325172127,-0.6626185615587126,0.16225226406048163,-0.44939900928497056,1.4456266100665576,-0.07669633903140104,-0.7075146703346444,-1.257425538596628,1.1376184214479859,-0.1879765730484517,-0.48068432120317717,1.866352842207333,-0.43311351503773543,0.9854853822702381,1.1468973075343645,0.029565900458196664,-1.0165368544982814,-1.07164774495694,0.8893618404335674,0.1705200471618915,0.3735900626042025,0.8075506092130161,-0.5012240683324903,-0.0077755146208850325,-1.2478107550648663,-1.82454716998103,-0.06680228394896037,-0.6776855033111803,0.896477208878027,0.5465421982658453,-0.9674205830735902,-0.07923107645097532,1.4454726275653729,-0.0958118033237059,-0.1044268460820529,0.6014075078738184,0.3487112021866126,-0.6207081644126187,0.8590298588363623,0.469532285095522,0.2841661023279174,0.622480505450116
0.270146366516061,-0.2634473017588314,0.26004121741464564,0.35356541598599556,-0.061649060018743436,-0.22139570637350336,-0.15680704112187935,-0.11649867978591884,-0.10861930646903833,0.19508667262064283,0.2274313009684061,-0.1395458146360967,0.14386864020695805,-0.10894974337737635,-0.7267750116827062,0.3490038718151554,-0.2660107433939911,-0.14090199097361164,0.021086361643971055,0.13442958544647235,-0.12523368714224398,0.2346931723577826,-0.675515888082204,0.31381671865989724,0.44865272167463716,-0.7374087656686719,-0.14222999960125055,0.10070639816935929,-0.6517592426839569,0.4329120193833119,0.6895119571334437,0.21589447768776662,-0.2909227347463522,-0.24429394657302336,-0.061113871406762464,-0.27976112824445554,0.5385685732270323,-0.2196457888049161,-0.26016149980099357,0.30107338536320727,0.18476561112645448,0.12066878460873302,-0.5415995865254439,-0.2089214750811168,0.16263660272850075,-0.46017678545834667,0.049108545541977376,0.33710656602825506,0.41682286467300933,0.027659417409108506,0.17427257180618358,0.08653591218065097,-0.12268218263946529,-0.7123578315137961,0.2517311318661987,0.022123358225519738
0.4777828823747854,-0.1535136647750071,0.35356541598599556,0.5151598635226448,-0.1142745767398599,-0.5705463851313783,-0.2435616394483655,-0.06450244098128977,0.09156774159799322,0.1905424155521268,0.4891894343153279,-0.12729906141214892,0.3172554776659064,-0.061148198976108036,-0.9331823308619986,0.40054803331562644,-0.4230601790346606,-0.21153270711373404,0.16359923126172732,0.21611486361460974,-0.25141028307265045,0.21430596157288223,-0.8070789772126186,0.3717543932435403,0.5337631329722861,-0.8702393722737664,-0.18402131067153568,0.3000700890728195,-0.797135842617638,0.6023122724104321,0.9088204278517519,0.228300431571933,-0.3273251299233069,-0.365736183988193,0.022008798326626475,-0.19901952029854825,0.6959277109821056,-0.3003247253675112,-0.5732240070913939,0.12150463258228855,0.2404820606281769,0.0462668009021628,-0.6845190002137198,-0.20510889813955707,0.09875524758160342,-0.5848863733189557,0.2267078623060978,0.3836115225716293,0.5591395486094316,0.14054329853151143,0.32451303804940457,0.09172042460443208,-0.006293189340028006,-0.837031982920332,0.3824836554570465,0.16265587744582602
-0.34396809660219363,-0.4658188131855793,-0.061649060018743436,-0.1142745767398599,0.33502856410549947,0.46446843074948513,-0.3987994413032746,-0.4217969213275608,-0.08130924170278438,0.25271530185289953,-0.8737093313641385,-0.7281846365465873,0.2484403223956981,-0.6720938925719484,0.4861812242183306,-0.12976873004745942,-0.10064873670225086,0.4518901416942615,-0.6848351332391138,0.056732544947099034,0.3982402522092276,0.3707690311597281,0.24050401485645614,-0.4137325206265554,-0.4027007357191839,-0.2205256481518065,0.5611081341401836,-0.2651403316370441,0.11484160644764334,-0.44235221394909374,-0.01547093903222137,0.39822121848611547,-0.15002067743040998,-0.016119294972937778,0.1875552004532951,0.37799660719706174,-0.31669210420140903,0.24053271048313954,0.4281309863846099,0.016726464429816075,-0.19120503838164002,-0.04966545498258776,0.0505988020183364,0.09550645373459664,0.1317228978288205,0.7410781749607548,-0.6119691718956641,-0.5988481942287444,-0.39987601915578164,-0.11075461430102772,-0.12220600356597755,0.3227037066084806,0.07519958403388814,0.9302963541065249,-0.34852404306394474,5.123545254181615e-4
-1.2031044026653206,-1.5865981327496947,-0.22139570637350336,-0.5705463851313783,0.46446843074948513,2.4038341629997753,0.09789827370317054,-0.8539522926691152,-1.7226159315117198,0.5574821472699858,-1.9944441791450596,-0.7879688552012649,-0.8462715705725986,-0.9558056623047956,0.4004207501832496,0.2174777547063291,0.5782440579623048,0.5126104510414949,-1.407203518801501,-0.3064724887515717,0.9180932467850275,0.8195208567431927,-0.19339953400730533,-0.06446919938140937,0.002615680505108779,-0.5757568274847603,0.36384326357700314,-1.4227530838292946,-0.12206192550990753,-0.6688028826228535,-0.2878792677243023,0.5600298844315229,-0.38140414486196134,0.409564210342172,-0.6147663949565986,-0.9062369508910518,-0.30379805203132176,0.30995156328254075,2.043938698703383,1.903133987991433,-0.16480901807544876,0.7482507969484038,0.03473533481534907,-0.3739085708197702,0.8577119234902845,0.4654251119586458,-1.5665372309622463,-0.046099760800626055,-0.4764649895855767,-0.8388082788426141,-0.8364111196178147,0.3187226034148256,-1.0434715247055715,0.09216161170447146,-0.6793429790349312,-0.9858946046607449
0.026949126405489385,0.5253985565746165,-0.15680704112187935,-0.2435616394483655,-0.3987994413032746,0.09789827370317054,0.8513078610610367,0.564973747932702,-0.3110850753111424,-0.4188549749184813,0.7457634901158893,1.1424796524065395,-0.8096985225541934,0.9682598670298432,-0.18235802649126026,0.032504354506102014,0.558360337437276,-0.5296952392703164,0.7519611943473165,-0.2968530694495899,-0.32084494605373176,-0.5751148192313668,0.026595353566111885,0.4713598277146286,0.37091308752071184,0.7662646308441612,-0.767407801606219,-0.05212226743792262,0.25231670004516477,0.2436576313703738,-0.5834896268758457,-0.6901191617878025,0.36524447509043306,0.3405264663255941,-0.475609445459654,-0.7364277520055925,0.05624348951937968,-0.16108224725128073,0.07908416534544566,0.3356721460363042,0.14571810869638624,0.22916707118365265,0.3309298719153864,-0.12667975360880182,-0.08773553094215883,-0.8124424750615196,0.5527765807289192,0.7855854516326333,0.24090886205726203,-0.08700843993685342,-0.17696263191811518,-0.5344176689564064,-0.3646548217157693,-1.071373503649989,0.2120941385047617,-0.3246075841485605
0.40797986931346625,1.111301769839355,-0.11649867978591884,-0.06450244098128977,-0.4217969213275608,-0.8539522926691152,0.564973747932702,0.7663136763592945,0.5726283927852219,-0.5823641150103626,1.2142322257334892,1.1143817366572253,-0.2185966632609706,1.061406262799237,0.02417027147515104,-0.21871880828483442,0.22380175288648527,-0.49136055685855246,1.0589577480392611,-0.11627889898057503,-0.5360514218568752,-0.8083259780594484,0.3842791417323451,0.19279275495366321,0.04376084012273367,1.040082931649577,-0.5790531645013864,0.5221178473474858,0.48755788272435047,0.25198683755118706,-0.5412467087150837,-0.7643317822224792,0.515019490029389,0.14733028785818827,-0.017387099828665785,0.03256750306011972,-0.06483953854600467,-0.13919338482480795,-0.6982988539381214,-0.7143473856179569,0.08318880548199077,-0.2204055972195795,0.42466459497961784,0.16544805525370884,-0.4848056161769433,-0.5154913859674075,0.9876532874745508,0.3745370493508677,0.1762666717485118,0.28558705669650913,0.1653008018174577,-0.50928104438177,0.2592335983728566,-0.415973115681573,0.31327101082944675,0.19907232122651536
0.5906775293893746,1.4132840901889379,-0.10861930646903833,0.09156774159799322,-0.08130924170278438,-1.7226159315117198,-0.3110850753111424,0.5726283927852219,1.7509740474181124,-0.5190969729950964,0.9220609422799982,0.24118130751960437,0.9275124462601902,0.4291918840832822,0.8181852232773927,-0.7028222514793656,-0.3934237825858516,0.06392810355715546,0.7312449653279005,0.21887007390577243,-0.4068857887949541,-0.7096365131007544,1.123323689384971,-0.6540969686581922,-0.850975322095855,1.1326492234454872,0.31647112600316984,1.0607220318174584,0.909302392037499,-0.2034811597413854,-0.4466445015976286,-0.4060345518015565,0.5407678028474175,-0.16836230175863476,0.8526740374707987,1.5509764314075767,-0.5578147665511132,0.14783120804761904,-1.358495821475027,-2.191968620194924,-0.20947784701134914,-0.9177892558899867,0.5773730508935248,0.6803593395151916,-0.8983924458160445,0.7168239860143784,0.9292824684144393,-0.8713187840296543,-0.33797502097078314,0.7014759500793434,0.535250046328715,-0.10215356801404091,1.2374740626671097,1.5298421640146844,0.08464043160398615,0.9587320596921481
-0.18182238495400319,-0.918462928422823,0.19508667262064283,0.1905424155521268,0.25271530185289953,0.5574821472699858,-0.4188549749184813,-0.5823641150103626,-0.5190969729950964,0.4936234664817133,-0.7445586223915583,-0.8005817445872337,0.1527548686034648,-0.7633736045861994,-0.3777115469199078,0.33382622868454376,-0.23928769777385128,0.25544141212004945,-0.722256601055076,0.12190289854943823,0.31789129951018696,0.6688444840293828,-0.6073724784641054,0.047559204195163136,0.21438132879249144,-1.0622250854729018,0.2977706139375726,-0.35629829473898883,-0.6522430245719737,0.035366546698798865,0.6775727538665572,0.6148666963476039,-0.49259939131337005,-0.1927033603554408,-0.06330072963103744,-0.23019195594533695,0.3077814254551649,-0.013048503000177314,0.41864857404754174,0.71998291893388,0.037849866217080246,0.24777775317510403,-0.5447121096379661,-0.23694310296351317,0.43732118231867223,0.09561527436391501,-0.6747911586179015,-0.04849921263995153,0.08531019018396943,-0.2136402581065407,-0.0621868267247549,0.3753231682890183,-0.2920200848855709,-0.12467204950969066,-0.09953325281126273,-0.17416590432771006
1.2240985164885534,1.6225607567946454,0.2274313009684061,0.4891894343153279,-0.8737093313641385,-1.9944441791450596,0.7457634901158893,1.2142322257334892,0.9220609422799982,-0.7445586223915583,2.6271940956260282,1.7937841746299512,-0.11549157031545074,1.757358485574755,-1.1631678975460877,0.17077434682959905,-0.06285654002617551,-1.1295106344012324,1.9860520222702163,0.02642218666233787,-1.2020434863796856,-1.0944267151423763,-0.4101475874485179,0.859551979625535,0.8113735218146111,0.6746077231853351,-1.2808751234214653,1.1602613948960392,-0.19117518444009998,1.187294485033877,0.17612010754972898,-1.0345659907890676,0.45982257041034136,-0.15569726826360472,-0.10227515902773099,-0.3575594271402228,0.778405762427159,-0.6213904011513283,-1.763741023313479,-0.8685945593829191,0.4580708096607465,-0.22960384182146662,-0.13003452011834618,-0.02969762808061975,-0.6377518284899331,-1.6920421430061734,1.9124253098520803,1.220216552910977,1.0171889355662276,0.5926089918856934,0.6180995645084312,-0.7807912343440004,0.30953300408961454,-1.9095491453610178,1.0006703153570897,0.4363190970442773
0.49379794162378604,1.3483725888857256,-0.1395458146360967,-0.12729906141214892,-0.7281846365465873,-0.7879688552012649,1.1424796524065395,1.1143817366572253,0.24118130751960437,-0.8005817445872337,1.7937841746299512,1.886748776802038,-0.7948813010071415,1.7102074822889717,-0.3820794389861526,-0.05116532376753089,0.5558705796018906,-0.924807950599998,1.5819975765317793,-0.2956547680215295,-0.7940432601129487,-1.1190566862383187,0.13448553667070967,0.6649307896788629,0.4957389153233377,1.3055778225682242,-1.1952878712083363,0.4754427385671907,0.4176356259558831,0.5805577212984467,-0.717331123418225,-1.1767051893439062,0.6616670933346925,0.3197573986811141,-0.4164172121553689,-0.6561645510504075,0.17698421860588112,-0.3348843792863756,-0.6732972626692799,-0.28365139234025366,0.258667488299451,0.022545695764355292,0.4617011361129639,-0.02301288767913533,-0.4586642943158149,-1.2859909414550623,1.367791788088405,1.090761594153979,0.502848761609107,0.20369897438733697,0.07362979251127494,-0.8639784614515813,-0.09520801580493622,-1.4903396238838367,0.5472187846902842,-0.0671310472187982
0.29797876564802733,0.11844383241403239,0.14386864020695805,0.3172554776659064,0.2484403223956981,-0.8462715705725986,-0.8096985225541934,-0.2185966632609706,0.9275124462601902,0.1527548686034648,-0.11549157031545074,-0.7948813010071415,1.0299088580867741,-0.5782062224170318,0.2760179913051041,-0.2194477214592309,-0.6540307226528688,0.38493778664866046,-0.2555083467039178,0.3498790779007518,0.03795305927405725,0.2019260386267065,0.2595512991052535,-0.5379166270035336,-0.5071282574769331,-0.3079611976960774,0.6671559972053615,0.505300900276734,0.008466157650084986,-0.14824345812494394,0.4414311649703066,0.40848340324844684,-0.12984852379529915,-0.3917578587957922,0.6923260159428412,1.1167949332751919,-0.12530178505614656,0.12175793813521575,-0.6922417243849515,-1.0755559047147827,-0.14531424738631232,-0.5183305798757137,-0.15762956949197918,0.319140649823359,-0.2611532297337484,0.7794249917090568,-0.016688725328888918,-0.8568357088387775,-0.20619705490035697,0.36288225835441945,0.4016628140789442,0.382076834335688,0.7514519539307412,1.2406373758542957,-0.05501572519906665,0.6458252671906883
0.5515297529806051,1.3625992309580037,-0.10894974337737635,-0.061148198976108036,-0.6720938925719484,-0.9558056623047956,0.9682598670298432,1.061406262799237,0.4291918840832822,-0.7633736045861994,1.757358485574755,1.7102074822889717,-0.5782062224170318,1.5794231916424428,-0.32338162293627337,-0.09539261252135801,0.4176367079061952,-0.839456327173174,1.5182018585939439,-0.22186459650976617,-0.7805920352323016,-1.0694038684001121,0.18621063572178062,0.550313843501483,0.3887963893839261,1.2324929280868964,-1.050116807232483,0.575448177337602,0.4156815710667143,0.5463345863597243,-0.6210619487055394,-1.0842634629594405,0.6300780938704982,0.23700825737864287,-0.2716046248625859,-0.42304710889258623,0.15037269800543324,-0.3077562688575594,-0.810406998241454,-0.5016055748353424,0.2273082039533753,-0.08348090027091912,0.4256731117289816,0.042210079949274,-0.5087613454725203,-1.1174781845561097,1.354580490672993,0.907628353880893,0.4572987390552136,0.27649394973561003,0.1555527706016841,-0.7794682572254622,0.059248196447585576,-1.226076166594332,0.5320974575586964,0.06560236316563685
-0.8032298635696887,0.6369406325172127,-0.7267750116827062,-0.9331823308619986,0.4861812242183306,0.4004207501832496,-0.18235802649126026,0.02417027147515104,0.8181852232773927,-0.3777115469199078,-1.1631678975460877,-0.3820794389861526,0.2760179913051041,-0.32338162293627337,2.5687967248266497,-1.2341653803162786,0.37594714412293073,0.8576021895906842,-0.5345589140458581,-0.17585227449855956,0.5863845267786063,-0.41239441270548466,2.2887853393082733,-1.4457759993468822,-1.8274333415208868,1.9308879218909507,1.0748180741371416,-0.1385705567280114,2.0146138342296864,-1.5933769847156247,-1.8231734235072168,-0.22493095221211296,0.7270432884591345,0.5009412843715678,0.6684348640941651,1.6579560839964473,-1.8373266469944811,0.8428216218759413,0.5875078697068548,-1.5106726386276101,-0.7283905226035233,-0.6825189685186128,1.5583033166735878,0.8549022070015315,-0.574614367619577,2.1783046998089266,-0.4475451946639764,-1.7857637363969383,-1.5580990494661893,0.0722453605577078,-0.35101335268526546,0.11241684271240637,0.8337741262942319,3.2884648528386635,-0.9518529648153408,0.3035263461367952
0.19464194856844697,-0.6626185615587126,0.3490038718151554,0.40054803331562644,-0.12976873004745942,0.2174777547063291,0.032504354506102014,-0.21871880828483442,-0.7028222514793656,0.33382622868454376,0.17077434682959905,-0.05116532376753089,-0.2194477214592309,-0.09539261252135801,-1.2341653803162786,0.6719070771304281,-0.14141394755705367,-0.3002984457690442,-0.04789550275959987,0.06289100507560329,-0.10691182746013185,0.4134122050952436,-1.2162016357110859,0.6894115768855715,0.907435918874132,-1.1694261568468918,-0.4168583181072707,-0.1800527467531334,-1.083237034006538,0.6776897538871955,0.9415476145791261,0.28085669758684184,-0.477083647881545,-0.21591444649326685,-0.41080713284410686,-0.9488960045707652,0.8864202072564493,-0.36340388508621874,0.05807725012567827,1.0896918440524894,0.33206730488288866,0.4651475056901687,-0.827144940560268,-0.4960155007123871,0.4585404820238488,-0.9628275647339756,-0.10284487037689274,0.8385780535193987,0.6944025680437649,-0.18022306960941473,0.04666579000100657,0.049075760214973625,-0.5835331421221243,-1.5778304850402036,0.34821582074810753,-0.3037542477180906
-0.3379811566969724,0.16225226406048163,-0.2660107433939911,-0.4230601790346606,-0.10064873670225086,0.5782440579623048,0.558360337437276,0.22380175288648527,-0.3934237825858516,-0.23928769777385128,-0.06285654002617551,0.5558705796018906,-0.6540307226528688,0.4176367079061952,0.37594714412293073,-0.14141394755705367,0.5434800262125187,-0.11810112488526829,0.15410565144341865,-0.2847465779456527,0.05235760624126876,-0.30101127047861637,0.35936607427708406,0.0652513807452291,-0.05253551041984646,0.724789685346876,-0.2691707498294573,-0.3220515130676553,0.47868874080264945,-0.2238513919182394,-0.7451019425809771,-0.3953704415810164,0.2937092296987431,0.38682333603084634,-0.32257520887042895,-0.3881483812754433,-0.3217782830609713,0.08872245510476647,0.5296184427504389,0.3292460298940954,-0.053202080795318095,0.17986970565019406,0.48514467754851137,-0.01326042173342772,0.0058296349934349465,-0.09843257931540467,0.005390418365437296,0.22312674352058454,-0.18413689430962416,-0.20217785029787108,-0.33185269269734075,-0.2801995502315506,-0.3005919325453971,-0.15812134123574054,-0.1411032683207458,-0.35052765505875527
-0.45914740517811586,-0.44939900928497056,-0.14090199097361164,-0.21153270711373404,0.4518901416942615,0.5126104510414949,-0.5296952392703164,-0.49136055685855246,0.06392810355715546,0.25544141212004945,-1.1295106344012324,-0.924807950599998,0.38493778664866046,-0.839456327173174,0.8576021895906842,-0.3002984457690442,-0.11810112488526829,0.6355289715110614,-0.8548150698602937,0.06933291107203793,0.5200562474959288,0.3890010337723755,0.5463281684253202,-0.6685290220933475,-0.6964208127910358,-0.05659268819151203,0.8034538688002916,-0.28097175930932816,0.35563268495211386,-0.6901382985811383,-0.18998219164968738,0.45549327648079213,-0.09832137537993658,0.010129143159902038,0.335872981200224,0.6921662248528349,-0.5730620855681109,0.375543797177328,0.5029933258117689,-0.22477784662269343,-0.3084720760165376,-0.1688479632865199,0.2201337343789792,0.2261299856464135,0.06718382590913637,1.1386533856709666,-0.7457234303821105,-0.9388320849371113,-0.6420464931804142,-0.0922198126907766,-0.14974703563379524,0.4056041481773358,0.23095402003302784,1.5094998310475058,-0.5055436898852742,0.07966154641168925
0.8031134432511325,1.4456266100665576,0.021086361643971055,0.16359923126172732,-0.6848351332391138,-1.407203518801501,0.7519611943473165,1.0589577480392611,0.7312449653279005,-0.722256601055076,1.9860520222702163,1.5819975765317793,-0.2555083467039178,1.5182018585939439,-0.5345589140458581,-0.04789550275959987,0.15410565144341865,-0.8548150698602937,1.6017104117980583,-0.08351022824701068,-0.8953442989416666,-1.0298342673429395,0.04136342486139196,0.5499038792970405,0.4308146279591248,0.9918302322410674,-0.9974559831661426,0.8340425765360988,0.22306597980072312,0.7140413460863807,-0.2917868836167793,-0.9869954302123832,0.5473788235808825,0.046673968788581995,-0.10039581742254054,-0.21147152685014275,0.32305990149778435,-0.38106437806224996,-1.211577835508604,-0.7880997688401683,0.2718994192788444,-0.21418421928252218,0.22108295152848823,0.07246127016663596,-0.5856788514692696,-1.1521929496239796,1.5078061210617122,0.8507572683764273,0.5913083257371269,0.43164393619797664,0.3641528418278261,-0.7062597758317893,0.2612779669648494,-1.2166205420039635,0.6619329399786072,0.2874596368104809
0.17347340507894854,-0.07669633903140104,0.13442958544647235,0.21611486361460974,0.056732544947099034,-0.3064724887515717,-0.2968530694495899,-0.11627889898057503,0.21887007390577243,0.12190289854943823,0.02642218666233787,-0.2956547680215295,0.3498790779007518,-0.22186459650976617,-0.17585227449855956,0.06289100507560329,-0.2847465779456527,0.06933291107203793,-0.08351022824701068,0.14957643648987817,-0.024130668825040866,0.153630527011991,-0.1686252266085694,-0.04773836908076366,0.010813520391961054,-0.3641352116899887,0.15133931559208857,0.17182278014856384,-0.23401140308672366,0.10498810282006843,0.3773489567799522,0.2055947137009441,-0.14779841693219248,-0.2005678743092439,0.17766856265216396,0.22219792890855924,0.15389890952382412,-0.03968477569513484,-0.278421869728318,-0.19154568325646007,0.021589300883857424,-0.10300659107564526,-0.24214220328193967,0.015752700192108268,-0.009939048626807022,0.07111654064997433,-0.003969181414289192,-0.13411036270633717,0.08396295852398537,0.10921387617032391,0.17367012822823474,0.14852169498780562,0.16853145065040925,0.11352815922904398,0.06728605006339541,0.1899475141300705
-0.5748471085025314,-0.7075146703346444,-0.12523368714224398,-0.25141028307265045,0.3982402522092276,0.9180932467850275,-0.32084494605373176,-0.5360514218568752,-0.4068857887949541,0.31789129951018696,-1.2020434863796856,-0.7940432601129487,0.03795305927405725,-0.7805920352323016,0.5863845267786063,-0.10691182746013185,0.05235760624126876,0.5200562474959288,-0.8953442989416666,-0.024130668825040866,0.5518619950951109,0.471850968691299,0.24306895488240932,-0.4133785250841013,-0.40346523249315336,-0.2389725273681093,0.5879191341016682,-0.5317218673836173,0.14272425547592443,-0.571846844185157,-0.1398806063809004,0.44628311929678544,-0.18142954643397813,0.09189579286892695,0.05039178752155133,0.18365687023042543,-0.39708304822628826,0.2985991818311908,0.8174331374406133,0.36624611220367703,-0.22199966877550076,0.09363360483196861,0.10591184014314627,0.031055599427276027,0.2732196863126078,0.8004763734480937,-0.8649496273262014,-0.5773266735994053,-0.49380763164699054,-0.2696612726621491,-0.2939089265433249,0.3433123002158038,-0.12970512035995,0.9196780970586176,-0.4722416461904129,-0.19922627402323229
-0.29993054286981274,-1.257425538596628,0.2346931723577826,0.21430596157288223,0.3707690311597281,0.8195208567431927,-0.5751148192313668,-0.8083259780594484,-0.7096365131007544,0.6688444840293828,-1.0944267151423763,-1.1190566862383187,0.2019260386267065,-1.0694038684001121,-0.41239441270548466,0.4134122050952436,-0.30101127047861637,0.3890010337723755,-1.0298342673429395,0.153630527011991,0.471850968691299,0.9111552211037528,-0.7466338257957271,0.010529384441336147,0.22495753294633578,-1.386382485972588,0.4517991771044321,-0.5173722960955922,-0.8165333443648906,-0.023059721409907606,0.8502214775744742,0.8396337814618648,-0.6512773060669158,-0.23619192139784217,-0.07334992625057404,-0.26991541883915404,0.3458079893564471,0.0190391101144085,0.6305182483335992,0.9611439123678106,0.02172643868840825,0.3266697481530672,-0.6837983723813319,-0.2984313877667828,0.5906666239087874,0.21895492258760138,-0.9650043860579987,-0.13244786628338648,0.049897367952524085,-0.3042499079217937,-0.11346381015829687,0.521189879040395,-0.38690835757563274,-0.04734880211407722,-0.1834355329924533,-0.2448042541908232
-0.4549762672107281,1.1376184214479859,-0.675515888082204,-0.8070789772126186,0.24050401485645614,-0.19339953400730533,0.026595353566111885,0.3842791417323451,1.123323689384971,-0.6073724784641054,-0.4101475874485179,0.13448553667070967,0.2595512991052535,0.18621063572178062,2.2887853393082733,-1.2162016357110859,0.35936607427708406,0.5463281684253202,0.04136342486139196,-0.1686252266085694,0.24306895488240932,-0.7466338257957271,2.226191780163125,-1.231183023378022,-1.6362991428257752,2.1765254981261406,0.7269430620678669,0.20923640349617423,2.0075588361689545,-1.280611123988251,-1.8109786119320959,-0.5343558332320459,0.8807438179569541,0.462682294178684,0.662117970586356,1.6045457661778546,-1.6523208966422012,0.6797801488682649,0.068809135985673,-1.8187348459080948,-0.6113885223209322,-0.7733602368962774,1.5564983644880954,0.8706083849735292,-0.7818615301093664,1.7364140855683898,0.11127824787429494,-1.4756914297551855,-1.295800248388968,0.2545689430011361,-0.17105535092969631,-0.11342192567217009,0.9548717857280964,2.8143109818564276,-0.6778662772550912,0.44811243110421844
0.3902030799014577,-0.1879765730484517,0.31381671865989724,0.3717543932435403,-0.4137325206265554,-0.06446919938140937,0.4713598277146286,0.19279275495366321,-0.6540969686581922,0.047559204195163136,0.859551979625535,0.6649307896788629,-0.5379166270035336,0.550313843501483,-1.4457759993468822,0.6894115768855715,0.0652513807452291,-0.6685290220933475,0.5499038792970405,-0.04773836908076366,-0.4133785250841013,0.010529384441336147,-1.231183023378022,0.98076702371162106,1.1461277422308602,-0.7353685090694267,-0.8952521169199081,-0.012535612497028115,-0.9826190670124962,0.934217074856389,0.7173880587007709,-0.15202771069798904,-0.2511256077178827,-0.10406618157649332,-0.5941540185578835,-1.2539976593542472,1.0010674170303446,-0.5101460111681643,-0.18977193587620456,1.046205068027543,0.4484531626845349,0.5013528169524971,-0.6952725977968945,-0.5328751989171131,0.3106746914683744,-1.5051425842717274,0.40961869211477386,1.3008209074238553,0.9227267299597668,-0.11475696838475456,0.07473132416467992,-0.2775999816933339,-0.6548001573363189,-2.232720251082035,0.5741057650032365,-0.348966408992
0.446746966903905,-0.48068432120317717,0.44865272167463716,0.5337631329722861,-0.4027007357191839,0.002615680505108779,0.37091308752071184,0.04376084012273367,-0.850975322095855,0.21438132879249144,0.8113735218146111,0.4957389153233377,-0.5071282574769331,0.3887963893839261,-1.8274333415208868,0.907435918874132,-0.05253551041984646,-0.6964208127910358,0.4308146279591248,0.010813520391961054,-0.40346523249315336,0.22495753294633578,-1.6362991428257752,1.1461277422308602,1.3967618725640356,-1.2232535627041978,-0.9309388715039978,-0.06994979295050335,-1.3732487194244491,1.1234547873951009,1.103273448401575,0.03288459186644962,-0.45755718443243854,-0.21845531494638273,-0.6693974695617827,-1.4735125311995838,1.2849037099922478,-0.6078130710048253,-0.17400064242658017,1.3680191422053167,0.5383064658386285,0.6272820977735739,-1.0112038896074331,-0.6811176995388926,0.4762680331927515,-1.7145989280108607,0.2979706124320429,1.4742499943516996,1.1184906382104964,-0.16565655251465722,0.11044556052405542,-0.19034573675010488,-0.8030012358453708,-2.612303928933328,0.6588005175359034,-0.4099727974259909
-0.16803501545392868,1.866352842207333,-0.7374087656686719,-0.8702393722737664,-0.2205256481518065,-0.5757568274847603,0.7662646308441612,1.040082931649577,1.1326492234454872,-1.0622250854729018,0.6746077231853351,1.3055778225682242,-0.3079611976960774,1.2324929280868964,1.9308879218909507,-1.1694261568468918,0.724789685346876,-0.05659268819151203,0.9918302322410674,-0.3641352116899887,-0.2389725273681093,-1.386382485972588,2.1765254981261406,-0.7353685090694267,-1.2232535627041978,2.866477266809864,-0.06778824129502148,0.43606575758750993,2.1564488740013297,-0.8650963267746195,-2.183818450552005,-1.2358042637809459,1.2388261294012943,0.6619266561632703,0.3265322524959725,1.0468183705377785,-1.4583066735660903,0.4398837596740846,-0.27176935619398784,-1.8070829234464303,-0.4176565763352589,-0.6791316541692064,1.7669165698081908,0.7883308568168234,-0.9919989358160886,0.8304485788131039,0.9120074458622273,-0.6904383107183759,-0.9203446453452495,0.3314233866613653,-0.15371470289844286,-0.6487023832660153,0.7892710389503821,1.6972699537583469,-0.3187060887973496,0.3322900083446301
-0.45014491579820626,-0.43311351503773543,-0.14222999960125055,-0.18402131067153568,0.5611081341401836,0.36384326357700314,-0.767407801606219,-0.5790531645013864,0.31647112600316984,0.2977706139375726,-1.2808751234214653,-1.1952878712083363,0.6671559972053615,-1.050116807232483,1.0748180741371416,-0.4168583181072707,-0.2691707498294573,0.8034538688002916,-0.9974559831661426,0.15133931559208857,0.5879191341016682,0.4517991771044321,0.7269430620678669,-0.8952521169199081,-0.9309388715039978,-0.06778824129502148,1.0583020794155884,-0.18697413592062292,0.452907730437565,-0.831241233523682,-0.16171196577187005,0.5787116999359248,-0.11155859427344274,-0.06487798604341619,0.5479774284704142,1.0651379148262756,-0.7084216372792856,0.46118351241605865,0.3964651550221339,-0.5481739152153154,-0.39071674036093235,-0.32748556120847777,0.2524848264137982,0.3477614418294281,-0.00942817155836933,1.4827973984662086,-0.8205353436590678,-1.273082389034004,-0.7921040413880276,-0.010657824980650061,-0.0776324812892727,0.5302276602077128,0.4548190181470231,2.0286245200265514,-0.5889245582238013,0.2490675548709279
0.6887718916803169,0.9854853822702381,0.10070639816935929,0.3000700890728195,-0.2651403316370441,-1.4227530838292946,-0.05212226743792262,0.5221178473474858,1.0607220318174584,-0.35629829473898883,1.1602613948960392,0.4754427385671907,0.505300900276734,0.575448177337602,-0.1385705567280114,-0.1800527467531334,-0.3220515130676553,-0.28097175930932816,0.8340425765360988,0.17182278014856384,-0.5317218673836173,-0.5173722960955922,0.20923640349617423,-0.012535612497028115,-0.06994979295050335,0.43606575758750993,-0.18697413592062292,0.846385088408289,0.15936212175450978,0.34009393186960524,0.0887090518560514,-0.35623737157313196,0.2640862250956436,-0.21951346961367074,0.38772755705602535,0.5986105586534656,0.1084778685242033,-0.15407844023770356,-1.199822765670096,-1.1965280106051401,0.07138981205627004,-0.4727009211503061,0.047891038222227185,0.25694985615351756,-0.538754968534644,-0.20367812251943554,0.9296622522149652,-0.03201166728325166,0.22621869682941745,0.5043340138069029,0.4840431706543443,-0.19513118921729136,0.6533316058344558,0.06087177236246857,0.3720856544920781,0.5979382417352684
-0.4150885321988852,1.1468973075343645,-0.6517592426839569,-0.797135842617638,0.11484160644764334,-0.12206192550990753,0.25231670004516477,0.48755788272435047,0.909302392037499,-0.6522430245719737,-0.19117518444009998,0.4176356259558831,0.008466157650084986,0.4156815710667143,2.0146138342296864,-1.083237034006538,0.47868874080264945,0.35563268495211386,0.22306597980072312,-0.23401140308672366,0.14272425547592443,-0.8165333443648906,2.0075588361689545,-0.9826190670124962,-1.3732487194244491,2.1564488740013297,0.452907730437565,0.15936212175450978,1.8723922342089154,-1.0941048068870585,-1.7883203005548618,-0.6592268035272065,0.8857352538477481,0.511562468387832,0.4619394580361269,1.2373770437061578,-1.474454677037342,0.5719446347540984,0.10486379475177952,-1.5262246551055485,-0.5131171847515321,-0.6269322507722187,1.4889219222516124,0.7456654462383072,-0.7175036682426283,1.3502037210451818,0.2308536844402004,-1.1181784202027167,-1.1064325169372506,0.1969636310298051,-0.21019392217747213,-0.2412210904009211,0.7505449279902742,2.2467136473980793,-0.5602302805024505,0.3059775409489781
0.6969436132635756,0.029565900458196664,0.4329120193833119,0.6023122724104321,-0.44235221394909374,-0.6688028826228535,0.2436576313703738,0.25198683755118706,-0.2034811597413854,0.035366546698798865,1.187294485033877,0.5805577212984467,-0.14824345812494394,0.5463345863597243,-1.5933769847156247,0.6776897538871955,-0.2238513919182394,-0.6901382985811383,0.7140413460863807,0.10498810282006843,-0.571846844185157,-0.023059721409907606,-1.280611123988251,0.934217074856389,1.1234547873951009,-0.8650963267746195,-0.831241233523682,0.34009393186960524,-1.0941048068870585,1.092076035060661,1.000184976922158,-0.10338595726541704,-0.28040873359552215,-0.30424013741262473,-0.35727968097414514,-0.9216681898924425,1.1293123338319953,-0.5752729177973032,-0.7121498643297741,0.5738457179994968,0.4788172042175688,0.2946474666865476,-0.8457813264114604,-0.4462960207452568,0.1532372297283666,-1.4962192716562335,0.6572443872020803,1.1850684100553892,1.034743026330693,0.10121153547286031,0.3286515684767236,-0.22380108012965566,-0.35107965219142656,-2.114496404765721,0.7176944587132645,-0.04830704548900035
0.5477515351118818,-1.0165368544982814,0.6895119571334437,0.9088204278517519,-0.01547093903222137,-0.2878792677243023,-0.5834896268758457,-0.5412467087150837,-0.4466445015976286,0.6775727538665572,0.17612010754972898,-0.717331123418225,0.4414311649703066,-0.6210619487055394,-1.8231734235072168,0.9415476145791261,-0.7451019425809771,-0.18998219164968738,-0.2917868836167793,0.3773489567799522,-0.1398806063809004,0.8502214775744742,-1.8109786119320959,0.7173880587007709,1.103273448401575,-2.183818450552005,-0.16171196577187005,0.0887090518560514,-1.7883203005548618,1.000184976922158,1.9049711265073896,0.7915246249457312,-0.8953759602485909,-0.6630743034753787,-0.13950121474570704,-0.6985756370863893,1.3667114515029481,-0.5034756070545806,-0.4332591515529508,0.9719848782449483,0.4342301172230182,0.36791620407755915,-1.4937049239901623,-0.5730027021080929,0.5602483011686118,-0.9766391882687632,-0.1957337015798026,0.7130921865272458,0.9836979809755986,-0.019160628972073865,0.38728518757946023,0.38481795357764387,-0.38241541720989825,-1.634569033347,0.5278599560644289,-0.0018795675636137446
-0.22851462073398854,-1.07164774495694,0.21589447768776662,0.228300431571933,0.39822121848611547,0.5600298844315229,-0.6901191617878025,-0.7643317822224792,-0.4060345518015565,0.6148666963476039,-1.0345659907890676,-1.1767051893439062,0.40848340324844684,-1.0842634629594405,-0.22493095221211296,0.28085669758684184,-0.3953704415810164,0.45549327648079213,-0.9869954302123832,0.2055947137009441,0.44628311929678544,0.8396337814618648,-0.5343558332320459,-0.15202771069798904,0.03288459186644962,-1.2358042637809459,0.5787116999359248,-0.35623737157313196,-0.6592268035272065,-0.10338595726541704,0.7915246249457312,0.8263732348945795,-0.5831372659546437,-0.2776053431963559,0.10444713028642846,0.052155729399753666,0.22137219164255967,0.06997407564284061,0.43108069948869465,0.5755292685298744,-0.035038590098786376,0.1576951834921344,-0.5912764721031726,-0.16961290177326493,0.45049424451144204,0.43120178528620484,-0.8753975252369096,-0.3583674834407452,-0.04982655562843095,-0.19049430640773904,-0.026120989285819855,0.5484164719253952,-0.15632709811376883,0.32889072990953905,-0.20544581857374145,-0.06967846398656814
0.015406268010469343,0.8893618404335674,-0.2909227347463522,-0.3273251299233069,-0.15002067743040998,-0.38140414486196134,0.36524447509043306,0.515019490029389,0.5407678028474175,-0.49259939131337005,0.45982257041034136,0.6616670933346925,-0.12984852379529915,0.6300780938704982,0.7270432884591345,-0.477083647881545,0.2937092296987431,-0.09832137537993658,0.5473788235808825,-0.14779841693219248,-0.18142954643397813,-0.6512773060669158,0.8807438179569541,-0.2511256077178827,-0.45755718443243854,1.2388261294012943,-0.11155859427344274,0.2640862250956436,0.8857352538477481,-0.28040873359552215,-0.8953759602485909,-0.5831372659546437,0.5469037667416472,0.2628074427041683,0.1334202697820956,0.41880169397717637,-0.555431813436452,0.14165553286613006,-0.2379943664922681,-0.8191367973278336,-0.14367981596599877,-0.3019185131549652,0.726553003750871,0.3284950929972554,-0.45861687499547005,0.23542205712677472,0.5105822974396131,-0.20977641143918416,-0.31541052898964256,0.1808373318947373,-0.019357523375894484,-0.3213060401231577,0.35475071991130386,0.5847112103592593,-0.0648610694811136,0.17229161746145127
-0.297140218963098,0.1705200471618915,-0.24429394657302336,-0.365736183988193,-0.016119294972937778,0.409564210342172,0.3405264663255941,0.14733028785818827,-0.16836230175863476,-0.1927033603554408,-0.15569726826360472,0.3197573986811141,-0.3917578587957922,0.23700825737864287,0.5009412843715678,-0.21591444649326685,0.38682333603084634,0.010129143159902038,0.046673968788581995,-0.2005678743092439,0.09189579286892695,-0.23619192139784217,0.462682294178684,-0.10406618157649332,-0.21845531494638273,0.6619266561632703,-0.06487798604341619,-0.21951346961367074,0.511562468387832,-0.30424013741262473,-0.6630743034753787,-0.2776053431963559,0.2628074427041683,0.29891965378283264,-0.13916011608089507,-0.08102942512307057,-0.3923144710130699,0.14187353722145152,0.3976274590076112,0.056868598234382235,-0.10761275095967274,0.04588029516336515,0.46945932770783755,0.07827309115948534,-0.05532879393213429,0.15632407364924653,-0.039957381109984036,-0.03696181149640403,-0.27535709133348407,-0.12177273920910632,-0.2479134550148664,-0.1692094035587453,-0.10784489645987534,0.2305803549869788,-0.18619612273879235,-0.19361891543877194
0.10883999670720942,0.3735900626042025,-0.061113871406762464,0.022008798326626475,0.1875552004532951,-0.6147663949565986,-0.475609445459654,-0.017387099828665785,0.8526740374707987,-0.06330072963103744,-0.10227515902773099,-0.4164172121553689,0.6923260159428412,-0.2716046248625859,0.6684348640941651,-0.41080713284410686,-0.32257520887042895,0.335872981200224,-0.10039581742254054,0.17766856265216396,0.05039178752155133,-0.07334992625057404,0.662117970586356,-0.5941540185578835,-0.6693974695617827,0.3265322524959725,0.5479774284704142,0.38772755705602535,0.4619394580361269,-0.35727968097414514,-0.13950121474570704,0.10444713028642846,0.1334202697820956,-0.13916011608089507,0.5770459316853146,1.049278116839131,-0.4385092666854478,0.21637844417912838,-0.453838997214508,-1.10269178009841,-0.21905095365697108,-0.5029573329694706,0.2574143633231868,0.39620852824010216,-0.3563067905842287,0.8393492274004049,0.06139163014895223,-0.8386352810506591,-0.40063840724025046,0.29664642650273954,0.22349228831333395,0.19085027884483824,0.6906429994181544,1.3665260977508278,-0.16578337866269688,0.5120205465430925
