V1,V2,V3,V4,V5,V6,V7,V8,V9,V10,V11,V12,V13,V14,V15,V16,V17,V18,V19,V20,V21,V22,V23,V24,V25,V26,V27,V28,V29,V30,V31,V32,V33,V34,V35,V36,V37,V38,V39,V40,V41,V42,V43,V44,V45,V46,V47,V48,V49,V50,V51,V52,V53,V54,V55,V56
0.6765245772143813,0.6391772066875563,0.5175354847325486,0.6738608675107791,0.4724407386737257,1.8702047252742966,0.7407104040371227,1.2354309033445168,-1.0093996442231152,0.45389752234821157,-1.0978101636089534,0.5439002596386687,-0.5050115396750299,-0.9629614139161669,-1.411908223944321,0.12363432447320596,-0.8621782235972397,-0.8692654984541306,-0.8627866655668984,-0.1305643232238553,-0.07366518558603284,-0.11182106959760311,-0.26550317012066776,0.5933736560052094,0.1444668234562762,-0.45899790027024984,0.1279598266988133,0.43922434329287746,-0.1600311688248439,-0.04036843307835532,0.729097154922878,-0.455306633704406,0.36105547675861244,-0.5166401073339197,-0.370397705642144,0.0241726601621573,-0.6193800888190328,-0.33365578377132804,-0.7939358498115635,1.3892663496824647,-0.2785677989760037,1.019173741429721,1.0326133349136652,0.32257611745487397,0.9526356632130135,0.14463439051430618,-0.5465936040243724,0.41621266347408975,-0.8371836150025971,-0.8098014071277891,0.11932050574917341,0.541219434787221,0.4674498377290078,1.9308441974839832,-0.1205357503694784,-0.5162761080818608
0.6391772066875563,0.9268547276903157,-0.20174197202123167,0.610478671778304,0.7409761926825876,2.266285421449887,2.5305243830828092,0.61792199829401,-0.605496435505853,0.28325521847628315,-0.25842028434483694,0.9625698720659445,-1.1397945865381496,-0.9619565107429346,-1.7712397865166178,1.478232605726136,-1.563063039775841,-0.4931748918635012,-1.198191943957669,-0.4632617502072861,0.0010290351038808694,0.13828911464509253,0.6139408105972146,0.27359673444051924,-0.2365690945685638,-0.11500015204855002,0.2603442642904938,1.2584637343390908,-0.6199335569786925,-1.0916392776483708,0.013719816565212694,-1.008692630674363,-0.7221942513963174,0.2198235430432734,-0.18885063174630232,0.11457988925444647,-0.8032696692317997,-0.7973243779198803,-1.400477208049715,1.2430337497203556,0.506461075900537,0.25389337779961907,1.3077561360713053,0.1402765287905067,-0.10184184127438264,0.29087292130443854,0.418404139039278,1.7466845240523803,-0.36049393293886234,0.43462827262086956,0.5782328812695653,1.3611959568682177,0.24690704840379676,2.247568331945012,-0.49408576440778523,-1.764435388497011
0.5175354847325486,-0.20174197202123167,1.8755013079728426,0.5714452252379896,-0.26875929870504905,0.36231668574921755,-3.353622442258826,2.121546008729598,-1.5183529670634923,0.659274638597903,-2.508624202845913,-0.5440020959365028,1.0325343259622801,-0.6253400580243412,-0.14502116020848282,-2.8205940959597844,0.9427899268853099,-1.3684007018423254,0.15964074719405827,0.6275611883761816,-0.2080332039360019,-0.6082100152022707,-2.055274305432373,1.0689328223405066,0.9098360672448106,-1.034154101808585,-0.20048973991697774,-1.4703053055863227,0.8812724174275162,2.2250810126338343,2.003545839225693,0.8901043063752709,2.553586764923732,-1.9113449474568602,-0.6288627425040685,-0.17830500326129436,-0.007449115606663836,0.7772938072001842,0.7852753022375765,1.2131984786587864,-1.8621010427559899,2.298502649014767,0.07949931726931127,0.5989339388041817,2.8748822206934546,-0.21945217108114412,-2.4202474829587364,-2.579361484438195,-1.5627299802726364,-3.189640464151459,-0.9056789581070356,-1.4055844161000575,0.7752559747882513,0.5719201724757391,0.722048916445948,2.338632884496064
0.6738608675107791,0.610478671778304,0.5714452252379896,0.6733386644503319,0.44670478390375373,1.822369339358931,0.5894721663847696,1.2750896573647612,-1.0336064926798434,0.46389423294839005,-1.1565357377363927,0.505388264944104,-0.4493265521826863,-0.9549273062629862,-1.3708777115228659,0.01284442130397836,-0.7981245745344019,-0.8923968179854835,-0.8283411746209914,-0.10250478362328526,-0.07908688370339936,-0.13114331737762217,-0.3345202442328589,0.6142808482007903,0.174109291032584,-0.4829892696758141,0.11615191898257528,0.3691591922485893,-0.12140391674826913,0.04514971338587918,0.7809233363947633,-0.40663873626988634,0.44577145843374344,-0.5719605978493411,-0.3819724530465167,0.01664773654906337,-0.5992710025895296,-0.29328613211447735,-0.738113106020387,1.3893787276537164,-0.33978357224234623,1.0725832651489255,1.0016173928390317,0.33463460402609396,1.0300414753090692,0.13156054052577168,-0.6201473132224616,0.30490666288682,-0.8687412960100878,-0.9037940354108784,0.081154631916777,0.4702208740609182,0.48137362899966585,1.8889091938149691,-0.08927568073803678,-0.41080605865429254
0.4724407386737257,0.7409761926825876,-0.26875929870504905,0.44670478390375373,0.5986882114648797,1.7615442878578653,2.1874655347326573,0.3616088010586108,-0.3872096500139372,0.1841357607685161,-0.05606781455135211,0.7891511342368697,-0.9572214767353284,-0.7200300657925863,-1.3848592625545961,1.3283966164343224,-1.2849245973651058,-0.30765990787318864,-0.9519428612440656,-0.40126782336293676,0.01301030035493406,0.1444690370930944,0.6035665375194416,0.15250056276376836,-0.23948803160416474,-0.02978374567285673,0.21657132027277143,1.0762651787102342,-0.5393782462291614,-0.9893220549956505,-0.10678614657392413,-0.8457446989502523,-0.7179739581508151,0.28509211187302663,-0.11165921387708419,0.10058872065193437,-0.6314827805764235,-0.6728315126445531,-1.1477784954440515,0.9066564656865727,0.5076945505060404,0.06483920944010853,1.024103771603792,0.07519865982127583,-0.2488176284281685,0.24169394624856813,0.47119262308443727,1.525423185115938,-0.1918732100726876,0.5290674322108753,0.508031752383137,1.1532810780915919,0.14874778729294727,1.7345205311993075,-0.43106223573621316,-1.5252571056559827
1.8702047252742966,2.266285421449887,0.36231668574921755,1.822369339358931,1.7615442878578653,5.94214605902394,4.879071830871624,2.565643509472141,-2.251798842643671,1.029544181080132,-1.8301081221924456,2.1973898812204156,-2.4209350590470224,-2.742635088064403,-4.579170377606964,2.447365479415505,-3.540971553179274,-1.8954070155654625,-2.9774156981192137,-0.8865565120268579,-0.0943177551486068,0.06822358874323356,0.6036093495452016,1.1963499071441286,-0.1777096315205323,-0.7758893009045054,0.5693646518713901,2.5187837878729233,-1.167356199541917,-1.7409763296625753,0.971348787758639,-2.1533331957381168,-0.6465287095543427,-0.33326024240304725,-0.7746722559212628,0.2087854524031199,-2.0493934788687005,-1.6680222358380863,-3.200652536275866,3.732681368778402,0.420451926538794,1.72073785983776,3.3681337238987985,0.637346988274692,1.0838039501919061,0.6383294742926493,-0.06514697917484673,3.2437767037334755,-1.6484601597487718,-0.382888081087116,1.0498314956583907,2.8105275180716625,0.990912819055389,5.992134370477729,-0.9212595637014537,-3.401682554351548
0.7407104040371227,2.5305243830828092,-3.353622442258826,0.5894721663847696,2.1874655347326573,4.879071830871624,11.198718425531439,-1.7645953734358801,0.8716526926372336,-0.3297145960994237,3.219301159138344,3.1399145428444024,-4.31266345510355,-1.3495080654919482,-4.02435058602168,7.859956796007339,-5.190075152124364,0.911672075900593,-3.116882269789309,-2.070736249992106,0.32101092001906983,1.2623465531805176,4.616921631767235,-0.9797250585791171,-1.9595694900256884,1.306926878185092,0.930864963616471,5.267130704314002,-2.834815345985524,-6.02195229718062,-3.032681122220639,-3.7802276699183293,-5.6389643079091085,3.451613792666891,0.5096684257381345,0.547740163686926,-1.914258328370049,-3.101174330851571,-4.559433426244504,1.1233779796111685,4.063920348379108,-2.9083645144044974,3.0135479988224323,-0.5800151587075997,-4.643293622657842,1.0331275528298747,4.706451041297996,8.134348642226522,1.5269478379450556,5.923033040299096,2.772238412560619,5.4142556152602,-0.5945297038104903,4.513252060982778,-2.289484082538647,-7.808719372710812
1.2354309033445168,0.61792199829401,2.121546008729598,1.2750896573647612,0.3616088010586108,2.565643509472141,-1.7645953734358801,3.1915973150830403,-2.4365205665793344,1.0769618279860673,-3.3315298126158783,0.2297351430950217,0.20603548149267675,-1.6699202111148799,-1.8346182946322815,-2.092270992510157,-0.3002602585869048,-2.1466113111201572,-0.9237352394193467,0.340041839642074,-0.25508365699331786,-0.6197922937351199,-1.9576004830234934,1.5725655507231948,0.8993443127420805,-1.3812251392120296,-0.0036145457893925776,-0.6342084415434339,0.5059291915166781,1.7201539190774837,2.4810660747123623,0.1533089766263033,2.4701725151348626,-2.1490063180826033,-0.9510546133812879,-0.11231998371937775,-0.7602086214365447,0.2117156907959817,-0.3424582812227269,2.656383945960724,-1.8197487729718187,3.068790474721749,1.3206894535271485,0.8691063634119831,3.446087967164944,0.0016066289049468563,-2.5900381132770383,-1.5441806591540654,-2.262095835188407,-3.522393544133859,-0.5747806008699039,-0.45859455362382834,1.185671204749358,2.806083064567343,0.4272865539815089,1.2308633900529655
-1.0093996442231152,-0.605496435505853,-1.5183529670634923,-1.0336064926798434,-0.3872096500139372,-2.251798842643671,0.8716526926372336,-2.4365205665793344,1.882440372949873,-0.8346352833787439,2.4796934764089147,-0.32749839452968055,0.038055958224688026,1.3807142329146511,1.6353158516448476,1.2855127066365868,0.478485477586458,1.651819601551169,0.8740724794396435,-0.17195772821301364,0.1864583280328694,0.43042997014537815,1.33014327739007,-1.195517557263824,-0.6186837334016179,1.0293627426580991,-0.040496952513297414,0.25551771024499437,-0.26729823672837405,-1.0773435826283342,-1.816904574980424,0.054904088729797636,-1.6871589539653302,1.535378797729254,0.726964928526501,0.06320766078197512,0.68902705654828,-0.022861314520628024,0.4823546725083013,-2.1489397621885917,1.2473302781506372,-2.2866342930006724,-1.182570431864287,-0.6588689615835142,-2.5036651741558735,-0.04938154272819863,1.825216370388925,0.8401420321197608,1.714275640651172,2.504411882147146,0.3247467538878642,0.10998073990000418,-0.9081494538826367,-2.424659976567703,-0.23080152849773974,-0.6080945455461049
0.45389752234821157,0.28325521847628315,0.659274638597903,0.46389423294839005,0.1841357607685161,1.029544181080132,-0.3297145960994237,1.0769618279860673,-0.8346352833787439,0.3703597516639909,-1.0885595232523921,0.1625209604733916,-0.039640963566457264,-0.6226367374463443,-0.7502152173393235,-0.5317695399713768,-0.24060581095313247,-0.7316160665825031,-0.4060664605418107,0.06576724940843642,-0.08144351630780475,-0.185259675176792,-0.5687256801613139,0.5278295298327059,0.2655190396265207,-0.4520385486104567,0.022950868228319012,-0.086220761979465,0.10426525497665877,0.4486334214081309,0.7940544938077985,-0.04435952678450708,0.7225126921321899,-0.6663455183846254,-0.321415067369242,-0.02530462946568307,-0.3172532805512764,-0.006110020678322475,-0.23901166298973128,0.9639447378375278,-0.5347126257057285,1.0041228496848698,0.5430590333631372,0.29068114325557604,1.0917608268740622,0.027446939105168468,-0.7889546237259409,-0.3317713715444951,-0.7562198877965233,-1.0853715243497557,-0.13019781528517035,-0.020563331218715536,0.4017473136900607,1.1046876836194601,0.09085293250471375,0.23003656284206642
-1.0978101636089534,-0.25842028434483694,-2.508624202845913,-1.1565357377363927,-0.05606781455135211,-1.8301081221924456,3.219301159138344,-3.3315298126158783,2.4796934764089147,-1.0885595232523921,3.663864662150867,0.2000018735822698,-0.7806484680703992,1.437191527714722,1.236909151456323,3.0870755245044736,-0.40792321309990465,2.2041196917936623,0.47578500508134153,-0.608448538496263,0.29070572590155863,0.770970725278831,2.5197683454992057,-1.6565836137531178,-1.136019528332887,1.5153071397494668,0.12880860912260142,1.3244355397461272,-0.8722039506993798,-2.478749986276263,-2.8137058718159254,-0.6577614830966355,-3.154428029697496,2.548271718635011,0.9908694908747726,0.1827870740731781,0.47921287108608085,-0.62310519691485,-0.2822442458728096,-2.4244512331154686,2.312064969443799,-3.3669501118192935,-0.8746052276470238,-0.9206079735965622,-3.9664232700959743,0.13752457433476253,3.1451029721599904,2.5925775939833096,2.3988283459666193,4.212932189668012,0.9308294503349827,1.173824469465084,-1.2297266054593863,-2.1127177033430202,-0.7228007300113457,-2.2451065306443914
0.5439002596386687,0.9625698720659445,-0.5440020959365028,0.505388264944104,0.7891511342368697,2.1973898812204156,3.1399145428444024,0.2297351430950217,-0.32749839452968055,0.1625209604733916,0.2000018735822698,1.0607496600129056,-1.3269863216937485,-0.8466076915037997,-1.7426260784618273,1.9915413172639833,-1.7333568895857594,-0.24268833796118,-1.2259024339859421,-0.5773011067546241,0.039023696742330805,0.24920021956499752,0.9885381150058506,0.07806133306103011,-0.402439379742749,0.07399627255527133,0.2966423500093639,1.5254558190108916,-0.7801375370189844,-1.4966694327943897,-0.35217673910200004,-1.1700202239933257,-1.1876567186493603,0.5686042636092564,-0.073781999027346,0.14701150569711832,-0.8009286706549237,-0.9383183552724026,-1.5422026889466416,1.0199866648037883,0.8458968422973451,-0.1661544554951557,1.2916603117949097,0.03073485518529077,-0.6267276595014147,0.3306018423892627,0.8598622620893139,2.215615716418726,-0.07468457442275384,1.0166030257314898,0.7429215826751353,1.6162476236384888,0.105027322273463,2.140418810967196,-0.6253400036235832,-2.1893860975329402
-0.5050115396750299,-1.1397945865381496,1.0325343259622801,-0.4493265521826863,-0.9572214767353284,-2.4209350590470224,-4.31266345510355,0.20603548149267675,0.038055958224688026,-0.039640963566457264,-0.7806484680703992,-1.3269863216937485,1.7377955500623534,0.8257017424847565,1.9511230301099727,-2.888141145554362,2.1804674615512076,-0.025491214713509017,1.4303126891074953,0.7952329756861887,-0.0903596316227375,-0.41771829843515135,-1.5780530974487417,0.14677490398825968,0.6586219134819166,-0.3122415734803598,-0.38174560964661375,-2.0601972211686257,1.0820948066763418,2.1937277411501594,0.8423142480081861,1.5276893494258053,1.9144973953863424,-1.0683421169414276,-0.054715001021186725,-0.20669487810575024,0.9097866388665696,1.2392741458731376,1.9282854792708666,-0.8932314704817835,-1.373264844996633,0.6956948901981903,-1.4524014145490771,0.0969694899312797,1.346935482041193,-0.4245963523615454,-1.511997745747282,-3.089939883928213,-0.25944113058121443,-1.860123162064678,-1.04514967545874,-2.1491950083968363,0.051440668116649775,-2.309803016912516,0.8708494127094107,3.007104858449658
-0.9629614139161669,-0.9619565107429346,-0.6253400580243412,-0.9549273062629862,-0.7200300657925863,-2.742635088064403,-1.3495080654919482,-1.6699202111148799,1.3807142329146511,-0.6226367374463443,1.437191527714722,-0.8466076915037997,0.8257017424847565,1.3791342930088772,2.080359772574694,-0.3955104186936259,1.3479614361083123,1.1845006142195273,1.2899063052750153,0.24068863138610366,0.09350926694665024,0.11985378101138296,0.23850062481653786,-0.7983677207250587,-0.14552983023887703,0.6020244078006056,-0.204646937955434,-0.7611856994430122,0.3034012745512444,0.2273350161030255,-0.9289439862405968,0.7413954936219554,-0.3425186606489322,0.6212460536217229,0.5013096733920993,-0.04917309115203563,0.9168286912534015,0.5526398270745353,1.2349621253006378,-1.9664371166498162,0.2725352772733794,-1.3364344734256157,-1.523454827806555,-0.4326242441675194,-1.194500145774427,-0.23076328803960364,0.6273560730856016,-0.8107154876103018,1.1222982474107568,0.9593211523517557,-0.24486069473494507,-0.9074370911327921,-0.6340278039286276,-2.816750506078775,0.23284017219605557,0.9407359162388773
-1.411908223944321,-1.7712397865166178,-0.14502116020848282,-1.3708777115228659,-1.3848592625545961,-4.579170377606964,-4.02435058602168,-1.8346182946322815,1.6353158516448476,-0.7502152173393235,1.236909151456323,-1.7426260784618273,1.9511230301099727,2.080359772574694,3.538770772923617,-2.1011800086343944,2.8127406451873322,1.370033303302248,2.319244860471224,0.7326799153671896,0.05814394585729235,-0.09688262789031868,-0.6166773587335279,-0.8498208310368152,0.20352900758931786,0.5265624819818803,-0.4558592075042139,-2.0586035893795533,0.9686405251065222,1.5105371477039058,-0.6076168920063061,1.733457718016317,0.6860104379653008,0.11979171461462607,0.5549671568536485,-0.17464747531846994,1.5878929099147876,1.3490070375346743,2.537457970882234,-2.805390295180052,-0.4604962263132536,-1.1671797280153344,-2.604790396370937,-0.450519123183599,-0.6317932900218814,-0.5106719162323812,-0.12476607580275449,-2.701020062778028,1.1644722911047312,0.06586382072612326,-0.879182537436855,-2.28013112103973,-0.7119555689579582,-4.602870560150022,0.7662411165315467,2.805873134053137
0.12363432447320596,1.478232605726136,-2.8205940959597844,0.01284442130397836,1.3283966164343224,2.447365479415505,7.859956796007339,-2.092270992510157,1.2855127066365868,-0.5317695399713768,3.0870755245044736,1.9915413172639833,-2.888141145554362,-0.3955104186936259,-2.1011800086343944,5.766818481905919,-3.315101256484897,1.2267686931936532,-1.7730458685744555,-1.4574429707548986,0.28519547538812257,1.0092987297416702,3.6008885184055024,-1.1031975040880064,-1.5483775656539704,1.2616457995870087,0.6114342904109353,3.6394338194594966,-2.0069943505096672,-4.45259171120446,-2.715550899054531,-2.5236152236882767,-4.421237647572916,2.892923757116856,0.612847611123529,0.39202566960275353,-1.0324456012168646,-2.095420892884047,-2.889204634626586,-0.041749178758197135,3.1978800430971237,-2.8062376060383927,1.5889883424939364,-0.6350046599251375,-4.0543508982950955,0.676943827998474,3.844964914763465,5.786143927373602,1.6640711277883178,4.915781444551751,1.986161720273285,3.684457985638997,-0.7372237785409368,2.137071942394565,-1.626409424000488,-5.480796705910383
-0.8621782235972397,-1.563063039775841,0.9427899268853099,-0.7981245745344019,-1.2849245973651058,-3.540971553179274,-5.190075152124364,-0.3002602585869048,0.478485477586458,-0.24060581095313247,-0.40792321309990465,-1.7333568895857594,2.1804674615512076,1.3479614361083123,2.8127406451873322,-3.315101256484897,2.834511267656547,0.34629146485798684,1.9875902122723816,0.9544735290416501,-0.07022170307691844,-0.42348564126620786,-1.6676235331173852,-0.09025189978417414,0.6814488887511132,-0.15455589902985511,-0.4863543039809384,-2.516167358239827,1.2911233674082008,2.4949235559522527,0.6367491585440831,1.9217661444307932,2.0063577006364564,-0.9836596885439306,0.09805232891155613,-0.24382415916064815,1.2947287241167438,1.5434971096380776,2.520224490414472,-1.6082582532598084,-1.4306320412033366,0.3459718598975333,-2.085824059744947,-0.029631068808631877,1.1101496859654507,-0.541934560824642,-1.471755520144624,-3.6692556249955737,0.068200686788029,-1.7512985896225237,-1.2317993054808576,-2.660717612882676,-0.14362564141170647,-3.4416766771201037,1.0354807931578416,3.618840920318171
-0.8692654984541306,-0.4931748918635012,-1.3684007018423254,-0.8923968179854835,-0.30765990787318864,-1.8954070155654625,0.911672075900593,-2.1466113111201572,1.651819601551169,-0.7316160665825031,2.2041196917936623,-0.24268833796118,-0.025491214713509017,1.1845006142195273,1.370033303302248,1.2267686931936532,0.34629146485798684,1.4514913531078968,0.7191257770935381,-0.1779115801488442,0.16685750924375925,0.392182211337742,1.2216013826358683,-1.0548534856887108,-0.5656803979009345,0.914592606484735,-0.022647324176984594,0.29424954056694086,-0.2714163606651421,-1.0204457760783534,-1.6240620790087477,-0.0035322924846441263,-1.5465268513943884,1.3845168998991015,0.6402972622048051,0.06255997149790293,0.5742947557495885,-0.06212544452039921,0.3581930771665718,-1.8569647394071767,1.1420001605013912,-2.0316368475439606,-0.9893136050008842,-0.5818545016900037,-2.2443229855108076,-0.02898424993226239,1.654088864850066,0.8424722937777898,1.5142240561568496,2.2624317000072245,0.32062656211173807,0.1694254024894492,-0.7993088133088667,-2.0510273741499856,-0.2322123903793398,-0.6359268903644387
-0.8627866655668984,-1.198191943957669,0.15964074719405827,-0.8283411746209914,-0.9519428612440656,-2.9774156981192137,-3.116882269789309,-0.9237352394193467,0.8740724794396435,-0.4060664605418107,0.47578500508134153,-1.2259024339859421,1.4303126891074953,1.2899063052750153,2.319244860471224,-1.7730458685744555,1.9875902122723816,0.7191257770935381,1.5547147255203682,0.5697409666730077,0.010055914377703026,-0.14690289725963945,-0.6875853999129025,-0.4161027234789742,0.25850305581247157,0.20713720185464637,-0.3286076877812826,-1.5610118228900631,0.7602805995899627,1.3015270484657018,-0.12874033830773426,1.2670206097982952,0.8013031508364148,-0.18116016230278653,0.2811226702020591,-0.13975667165867145,1.0485404791198492,0.9975850439770614,1.7842151963927406,-1.6889655795384673,-0.5581240446102426,-0.4583825075638946,-1.7108661918905912,-0.21622500489556257,-0.025983172706355036,-0.3674243002429823,-0.4121717677062353,-2.1366504173442795,0.5568126197508073,-0.39100105703304205,-0.704528787118291,-1.69858572581674,-0.3649512022914,-2.9644797897868593,0.604859769548252,2.173197920138867
-0.1305643232238553,-0.4632617502072861,0.6275611883761816,-0.10250478362328526,-0.40126782336293676,-0.8865565120268579,-2.070736249992106,0.340041839642074,-0.17195772821301364,0.06576724940843642,-0.608448538496263,-0.5773011067546241,0.7952329756861887,0.24068863138610366,0.7326799153671896,-1.4574429707548986,0.9544735290416501,-0.1779115801488442,0.5697409666730077,0.38303849037492016,-0.06024743590041047,-0.23535507382892068,-0.8594712865207101,0.18780353773300437,0.36505649453421213,-0.24710937274537942,-0.1714892811869116,-0.9729975774684645,0.5244662929437339,1.1171568875327074,0.5702347197479744,0.6969803194308425,1.0501064970889964,-0.645804404650287,-0.09826974258935302,-0.10134293405097848,0.3490519455612471,0.5720867220795309,0.8380679373598228,-0.19457665880818625,-0.7568852681724892,0.550038852148227,-0.5488775152401749,0.1109439685750581,0.871308005712587,-0.19028202813670075,-0.8789666147623195,-1.5054408369494168,-0.29183035484497305,-1.1072809763158822,-0.5132418264888656,-0.9993180672231148,0.11498537243845984,-0.8181259400186058,0.4236476640091893,1.4439447081397512
-0.07366518558603284,0.0010290351038808694,-0.2080332039360019,-0.07908688370339936,0.01301030035493406,-0.0943177551486068,0.32101092001906983,-0.25508365699331786,0.1864583280328694,-0.08144351630780475,0.29070572590155863,0.039023696742330805,-0.0903596316227375,0.09350926694665024,0.05814394585729235,0.28519547538812257,-0.07022170307691844,0.16685750924375925,0.010055914377703026,-0.06024743590041047,0.02363310877264894,0.06577548083967959,0.21873060997990182,-0.12768554207199612,-0.09770111315572166,0.12006628499001802,0.016600263916555513,0.1372576764573444,-0.08539982891365906,-0.22674728301293678,-0.22753571932787894,-0.07724014562707977,-0.2727165218643629,0.21161693861756098,0.07581931319805034,0.017585595122202216,0.019758027952062242,-0.06949287869943016,-0.056225842189463075,-0.1669316548098225,0.199431244478756,-0.2666848031476417,-0.03977960883162159,-0.07119451680161201,-0.3237295902251623,0.018046420694228512,0.26470007013443553,0.25149867512310237,0.185734506151717,0.35168194556246624,0.08917945455371364,0.12746024137553386,-0.09379690457484516,-0.11771720929031981,-0.07031999758090374,-0.2238228872729002
-0.11182106959760311,0.13828911464509253,-0.6082100152022707,-0.13114331737762217,0.1444690370930944,0.06822358874323356,1.2623465531805176,-0.6197922937351199,0.43042997014537815,-0.185259675176792,0.770970725278831,0.24920021956499752,-0.41771829843515135,0.11985378101138296,-0.09688262789031868,1.0092987297416702,-0.42348564126620786,0.392182211337742,-0.14690289725963945,-0.23535507382892068,0.06577548083967959,0.20312690886793075,0.6981554010387178,-0.31533585869310776,-0.30624565953825195,0.31716276885752004,0.0842373105363869,0.5654572041825229,-0.32810340185073156,-0.7902195814233324,-0.6312198873235026,-0.36216902105026705,-0.8641476217402679,0.6209490848318628,0.1832885602407392,0.06554033646824176,-0.062322980850416466,-0.3095913537499758,-0.360698446787085,-0.2828194044396928,0.6285505118585577,-0.704984860448651,0.08023776477769283,-0.17771132980271934,-0.9155791085837095,0.09269323458706219,0.7975522558590173,0.9547745894825652,0.4641751323604565,1.0417730543162675,0.3324330759706025,0.5532897797596872,-0.2248284923302481,5.333775338126153e-4,-0.267692409353649,-0.8802508415951663
-0.26550317012066776,0.6139408105972146,-2.055274305432373,-0.3345202442328589,0.6035665375194416,0.6036093495452016,4.616921631767235,-1.9576004830234934,1.33014327739007,-0.5687256801613139,2.5197683454992057,0.9885381150058506,-1.5780530974487417,0.23850062481653786,-0.6166773587335279,3.6008885184055024,-1.6676235331173852,1.2216013826358683,-0.6875853999129025,-0.8594712865207101,0.21873060997990182,0.6981554010387178,2.42281130121196,-1.0027165425060498,-1.0572660984063436,1.0350898699916533,0.32334323978907675,2.0888588344610035,-1.1937100500868862,-2.8083112928018483,-2.09605375011202,-1.371683205749561,-2.9926006989912426,2.100707076981555,0.5778126263331054,0.23683288310824202,-0.34082825615311596,-1.1616230856551968,-1.4318082173862106,-0.7332954441189696,2.1734903151383413,-2.301266289247549,0.4842377160962574,-0.5674679561362401,-3.060412991102606,0.3565006536500426,2.720799867653203,3.464317094366013,1.4830532989307372,3.5351298618442497,1.2011872418023195,2.0655418808190444,-0.7062148683642718,0.3755620451534351,-0.9720005942442516,-3.2194773792752573
0.5933736560052094,0.27359673444051924,1.0689328223405066,0.6142808482007903,0.15250056276376836,1.1963499071441286,-0.9797250585791171,1.5725655507231948,-1.195517557263824,0.5278295298327059,-1.6565836137531178,0.07806133306103011,0.14677490398825968,-0.7983677207250587,-0.8498208310368152,-1.1031975040880064,-0.09025189978417414,-1.0548534856887108,-0.4161027234789742,0.18780353773300437,-0.12768554207199612,-0.31533585869310776,-1.0027165425060498,0.7760901206758,0.458969059637019,-0.6865197906736252,-0.011766322457731938,-0.3655299126404889,0.2767980796125004,0.9022482060126445,1.2404129054383113,0.11535200252926449,1.2632681071274878,-1.08330215317845,-0.4685201410552087,-0.06061698003831361,-0.3494534116433443,0.13652543471425266,-0.11753533601907393,1.2811483885837458,-0.9297817349251859,1.5252366310533372,0.6104713839578607,0.42929629387200857,1.7276021007085487,-0.01032856190928752,-1.3115883374742354,-0.8393175977737247,-1.117661506020494,-1.7785883597010865,-0.30973092976699473,-0.2815739948090317,0.5836367765333637,1.3174091492700677,0.23272544162146117,0.6833319993451448
0.1444668234562762,-0.2365690945685638,0.9098360672448106,0.174109291032584,-0.23948803160416474,-0.1777096315205323,-1.9595694900256884,0.8993443127420805,-0.6186837334016179,0.2655190396265207,-1.136019528332887,-0.402439379742749,0.6586219134819166,-0.14552983023887703,0.20352900758931786,-1.5483775656539704,0.6814488887511132,-0.5656803979009345,0.25850305581247157,0.36505649453421213,-0.09770111315572166,-0.30624565953825195,-1.0572660984063436,0.458969059637019,0.4626807462195564,-0.4670379515854611,-0.1338427517043903,-0.8819887276935615,0.5080146902200952,1.21005901016559,0.9367228256856638,0.5717386268509673,1.3073835937260196,-0.9293491356716344,-0.2657846939802418,-0.10117154794977479,0.11963172024475276,0.4865454013081662,0.5827595390956517,0.3780438578457933,-0.9503574056282953,1.0381679756395847,-0.16321641182565624,0.2591199542232422,1.3628246428822828,-0.14742000371830163,-1.1983013995128702,-1.4764675586974174,-0.6770407447223323,-1.5614094634402182,-0.513098325182782,-0.8673677187280115,0.32548957432954767,-0.07655443735162362,0.41414010126075523,1.3664282346637002
-0.45899790027024984,-0.11500015204855002,-1.034154101808585,-0.4829892696758141,-0.02978374567285673,-0.7758893009045054,1.306926878185092,-1.3812251392120296,1.0293627426580991,-0.4520385486104567,1.5153071397494668,0.07399627255527133,-0.3122415734803598,0.6020244078006056,0.5265624819818803,1.2616457995870087,-0.15455589902985511,0.914592606484735,0.20713720185464637,-0.24710937274537942,0.12006628499001802,0.31716276885752004,1.0350898699916533,-0.6865197906736252,-0.4670379515854611,0.6267928160972343,0.05086441149607066,0.5357518375116904,-0.35467708051637203,-1.0138923348639348,-1.1620142575962407,-0.2626321244517799,-1.296205180217637,1.050339789853149,0.4108768321019416,0.07449135538042194,0.20506513054956366,-0.25024722639875596,-0.10412400625535057,-1.0122720905443297,0.950294051732051,-1.3926285113578325,-0.37281648388025884,-0.3813927032506787,-1.637034706223261,0.054202045015248106,1.2950237728352445,1.0550446921091612,0.9937923134279242,1.7359063629528664,0.37924543262876054,0.4726295612212222,-0.5100396793218371,-0.8924499377014502,-0.2940842254933272,-0.9114199543697283
0.1279598266988133,0.2603442642904938,-0.20048973991697774,0.11615191898257528,0.21657132027277143,0.5693646518713901,0.930864963616471,-0.0036145457893925776,-0.040496952513297414,0.022950868228319012,0.12880860912260142,0.2966423500093639,-0.38174560964661375,-0.204646937955434,-0.4558592075042139,0.6114342904109353,-0.4863543039809384,-0.022647324176984594,-0.3286076877812826,-0.1714892811869116,0.016600263916555513,0.0842373105363869,0.32334323978907675,-0.011766322457731938,-0.1338427517043903,0.05086441149607066,0.08442316461519313,0.4474203993890743,-0.2327405771441931,-0.4626918345835861,-0.15371902999217443,-0.33597991230800844,-0.3910268314369088,0.20808203541408396,-4.425777309272804e-4,0.04422134280006188,-0.2113094187273177,-0.27135678980092304,-0.43108892043000224,0.23264900335123626,0.2798019241387278,-0.11351690634848312,0.3387331641612665,-0.010033633236664993,-0.2526171000798072,0.09396525785942905,0.3004159916261377,0.663309537785243,0.027618016027713473,0.3651121930953305,0.22364225589044476,0.46944568317741736,0.004259686994061943,0.547978554972124,-0.18702576843484595,-0.649081871329768
0.43922434329287746,1.2584637343390908,-1.4703053055863227,0.3691591922485893,1.0762651787102342,2.5187837878729233,5.267130704314002,-0.6342084415434339,0.25551771024499437,-0.086220761979465,1.3244355397461272,1.5254558190108916,-2.0601972211686257,-0.7611856994430122,-2.0586035893795533,3.6394338194594966,-2.516167358239827,0.29424954056694086,-1.5610118228900631,-0.9729975774684645,0.1372576764573444,0.5654572041825229,2.0888588344610035,-0.3655299126404889,-0.8819887276935615,0.5357518375116904,0.4474203993890743,2.4904603411378647,-1.3293263853746913,-2.7805079081631683,-1.2917892484375446,-1.8076712141039057,-2.5459450491394464,1.515573436987298,0.18123142375070614,0.2558846244519456,-0.9716572926842474,-1.4771986309909513,-2.215727065031863,0.7186716590131098,1.8321896227261414,-1.1925330818543818,1.5379768945056245,-0.22054753879889807,-2.0015506383810884,0.4969541179670768,2.0894234970578665,3.8082061565709333,0.5823772366116884,2.6118889599919157,1.2946122282820536,2.573002991445128,-0.20628437248930784,2.358992518892444,-1.0723538017745793,-3.672663303002134
-0.1600311688248439,-0.6199335569786925,0.8812724174275162,-0.12140391674826913,-0.5393782462291614,-1.167356199541917,-2.834815345985524,0.5059291915166781,-0.26729823672837405,0.10426525497665877,-0.8722039506993798,-0.7801375370189844,1.0820948066763418,0.3034012745512444,0.9686405251065222,-2.0069943505096672,1.2911233674082008,-0.2714163606651421,0.7602805995899627,0.5244662929437339,-0.08539982891365906,-0.32810340185073156,-1.1937100500868862,0.2767980796125004,0.5080146902200952,-0.35467708051637203,-0.2327405771441931,-1.3293263853746913,0.7188545397080989,1.5400656691283532,0.8083791810899154,0.9479289061879221,1.4595448267601394,-0.9063401420770135,-0.14666990496953144,-0.13918302446701566,0.46298496343873047,0.779396007982144,1.1326205504633176,-0.22690207210401003,-1.0525980044081171,0.7892073579609408,-0.726394445467811,0.16262477858482288,1.2305149070080448,-0.2582043342703289,-1.228851152391101,-2.064457343278266,-0.42754886733814207,-1.5519180711399396,-0.7045148996611392,-1.362563896474243,0.17266529569788813,-1.0710780056019844,0.5808588368824898,1.9766906816067804
-0.04036843307835532,-1.0916392776483708,2.2250810126338343,0.04514971338587918,-0.9893220549956505,-1.7409763296625753,-6.02195229718062,1.7201539190774837,-1.0773435826283342,0.4486334214081309,-2.478749986276263,-1.4966694327943897,2.1937277411501594,0.2273350161030255,1.5105371477039058,-4.45259171120446,2.4949235559522527,-1.0204457760783534,1.3015270484657018,1.1171568875327074,-0.22674728301293678,-0.7902195814233324,-2.8083112928018483,0.9022482060126445,1.21005901016559,-1.0138923348639348,-0.4626918345835861,-2.7805079081631683,1.5400656691283532,3.4423884759448864,2.1610653199296554,1.9156737475967283,3.4509548809990647,-2.2809624753597526,-0.5045609196270275,-0.3014197929548234,0.7482865902752119,1.5942982022478787,2.170933563449142,0.14594761587035593,-2.4975086071505004,2.254975160384281,-1.145193763175119,0.5177712795705595,3.215416813358609,-0.512033067306697,-3.020138748587058,-4.44361233482556,-1.3562136908492295,-3.8703913827227825,-1.5272492076951751,-2.807002438474017,0.6087595779705987,-1.4958794690608057,1.248747970044142,4.199147367715425
0.729097154922878,0.013719816565212694,2.003545839225693,0.7809233363947633,-0.10678614657392413,0.971348787758639,-3.032681122220639,2.4810660747123623,-1.816904574980424,0.7940544938077985,-2.8137058718159254,-0.35217673910200004,0.8423142480081861,-0.9289439862405968,-0.6076168920063061,-2.715550899054531,0.6367491585440831,-1.6240620790087477,-0.12874033830773426,0.5702347197479744,-0.22753571932787894,-0.6312198873235026,-2.09605375011202,1.2404129054383113,0.9367228256856638,-1.1620142575962407,-0.15371902999217443,-1.2917892484375446,0.8083791810899154,2.1610653199296554,2.1985984694175005,0.7195842029141531,2.614543215748143,-2.03834560175354,-0.7367246934077946,-0.16620344502491408,-0.21165770029001088,0.6493969656706932,0.505284541678836,1.6439465030935332,-1.911485230257872,2.582514940980248,0.4184552390548354,0.6918006769796721,3.1237765869843974,-0.16673203980535592,-2.5455088397364665,-2.383281023068415,-1.8034331290220669,-3.3841424547433885,-0.8456236246248593,-1.1949312134580694,0.9118063354782828,1.196114128815084,0.6657841893382438,2.114954375487181
-0.455306633704406,-1.008692630674363,0.8901043063752709,-0.40663873626988634,-0.8457446989502523,-2.1533331957381168,-3.7802276699183293,0.1533089766263033,0.054904088729797636,-0.04435952678450708,-0.6577614830966355,-1.1700202239933257,1.5276893494258053,0.7413954936219554,1.733457718016317,-2.5236152236882767,1.9217661444307932,-0.0035322924846441263,1.2670206097982952,0.6969803194308425,-0.07724014562707977,-0.36216902105026705,-1.371683205749561,0.11535200252926449,0.5717386268509673,-0.2626321244517799,-0.33597991230800844,-1.8076712141039057,0.9479289061879221,1.9156737475967283,0.7195842029141531,1.343277355774602,1.6633043676057755,-0.9214207886883005,-0.03976455363310478,-0.18088739944742135,0.8074842874760744,1.0888387770491628,1.7001458721839806,-0.8096026259749207,-1.1926240551005618,0.5853433550662909,-1.2899730369314961,0.07773571399231065,1.1551835601537803,-0.3737240914223814,-1.3080465313055152,-2.706065695694416,-0.20846837914871252,-1.6061355272321098,-0.914830089889477,-1.8875683254556175,0.034800979103901744,-2.057672198082541,0.7627240933821067,2.635880177708601
0.36105547675861244,-0.7221942513963174,2.553586764923732,0.44577145843374344,-0.7179739581508151,-0.6465287095543427,-5.6389643079091085,2.4701725151348626,-1.6871589539653302,0.7225126921321899,-3.154428029697496,-1.1876567186493603,1.9144973953863424,-0.3425186606489322,0.6860104379653008,-4.421237647572916,2.0063577006364564,-1.5465268513943884,0.8013031508364148,1.0501064970889964,-0.2727165218643629,-0.8641476217402679,-2.9926006989912426,1.2632681071274878,1.3073835937260196,-1.296205180217637,-0.3910268314369088,-2.5459450491394464,1.4595448267601394,3.4509548809990647,2.614543215748143,1.6633043676057755,3.6980972356751445,-2.6093979519982207,-0.7294206340612107,-0.289964190900277,0.38740770661806917,1.411236335293017,1.7199049613059907,0.9727286081118879,-2.6867531955734116,2.8817190928199516,-0.5425859299697158,0.7142417885575012,3.811731877868672,-0.43093770345702814,-3.3734174689235332,-4.238343629061018,-1.8663600583965307,-4.388123508910458,-1.4708674176360241,-2.512044868712084,0.8922539857177239,-0.36301112849537626,1.1890046354050559,3.9321824402855614
-0.5166401073339197,0.2198235430432734,-1.9113449474568602,-0.5719605978493411,0.28509211187302663,-0.33326024240304725,3.451613792666891,-2.1490063180826033,1.535378797729254,-0.6663455183846254,2.548271718635011,0.5686042636092564,-1.0683421169414276,0.6212460536217229,0.11979171461462607,2.892923757116856,-0.9836596885439306,1.3845168998991015,-0.18116016230278653,-0.645804404650287,0.21161693861756098,0.6209490848318628,2.100707076981555,-1.08330215317845,-0.9293491356716344,1.050339789853149,0.20808203541408396,1.515573436987298,-0.9063401420770135,-2.2809624753597526,-2.03834560175354,-0.9214207886883005,-2.6093979519982207,1.9481572161887293,0.6368312515935934,0.18315297331788408,-0.005008755815784287,-0.8032551837529645,-0.8208010845861441,-1.2148248759320313,1.9023831104250786,-2.3346426837476604,-0.060416704797033094,-0.6072340024266492,-2.926616217460331,0.22784070928269223,2.469008736137108,2.651703926967607,1.5843604687638524,3.251996526394589,0.9304771757398674,1.4513753857160978,-0.7848663468343454,-0.5467441642942005,-0.7423351800452331,-2.407001967908083
-0.370397705642144,-0.18885063174630232,-0.6288627425040685,-0.3819724530465167,-0.11165921387708419,-0.7746722559212628,0.5096684257381345,-0.9510546133812879,0.726964928526501,-0.321415067369242,0.9908694908747726,-0.073781999027346,-0.054715001021186725,0.5013096733920993,0.5549671568536485,0.612847611123529,0.09805232891155613,0.6402972622048051,0.2811226702020591,-0.09826974258935302,0.07581931319805034,0.1832885602407392,0.5778126263331054,-0.4685201410552087,-0.2657846939802418,0.4108768321019416,-4.425777309272804e-4,0.18123142375070614,-0.14666990496953144,-0.5045609196270275,-0.7367246934077946,-0.03976455363310478,-0.7294206340612107,0.6368312515935934,0.2835567733752963,0.032763656645162016,0.23032987087719028,-0.05840764855684951,0.10957860062453086,-0.7960268773346515,0.5376658602798519,-0.912691001933951,-0.3996453284804054,-0.25881339616774207,-1.0227158224840172,-0.002158688283515564,0.7667452616364154,0.4485339618029901,0.6737710866083394,1.0435662531829075,0.1674598748688394,0.12842720249041947,-0.3535473170098919,-0.8460648041343578,-0.12413481082472985,-0.35546719851845204
0.0241726601621573,0.11457988925444647,-0.17830500326129436,0.01664773654906337,0.10058872065193437,0.2087854524031199,0.547740163686926,-0.11231998371937775,0.06320766078197512,-0.02530462946568307,0.1827870740731781,0.14701150569711832,-0.20669487810575024,-0.04917309115203563,-0.17464747531846994,0.39202566960275353,-0.24382415916064815,0.06255997149790293,-0.13975667165867145,-0.10134293405097848,0.017585595122202216,0.06554033646824176,0.23683288310824202,-0.06061698003831361,-0.10117154794977479,0.07449135538042194,0.04422134280006188,0.2558846244519456,-0.13918302446701566,-0.3014197929548234,-0.16620344502491408,-0.18088739944742135,-0.289964190900277,0.18315297331788408,0.032763656645162016,0.027072385852697573,-0.08406667991221106,-0.14924071689436333,-0.21353869576899873,0.0294787856572637,0.20939699665811345,-0.1656007274130966,0.13127216192899202,-0.03529259986457649,-0.25140695203639213,0.049046408683688245,0.2467054026483744,0.4001282233639849,0.09277021001472706,0.3129375390923695,0.13683543820556388,0.26126575971780835,-0.03890736504487584,0.1892042208228098,-0.11257906130254199,-0.381899562566977
