V1,V2,V3,V4,V5,V6,V7,V8,V9,V10,V11,V12,V13,V14,V15,V16,V17,V18,V19,V20,V21,V22,V23,V24,V25,V26,V27,V28,V29,V30,V31,V32,V33,V34,V35,V36,V37,V38,V39,V40,V41,V42,V43,V44,V45,V46,V47,V48,V49,V50,V51,V52,V53,V54,V55,V56
0.7056353985841795,-0.28952008487144876,-0.3944965915874496,-0.31519910476416746,-0.752283388384302,-0.5940706100058213,0.32129515000018405,0.08820685108724799,-0.1045059194782669,0.1453148610304653,0.8252531624252237,0.3287597317703203,0.20192591615021305,-0.09840546214686595,-0.7435074743849563,-0.11963312425521279,-0.49785707988254674,-0.4260698235047151,-0.21838515803694733,-1.0635717385896106,-0.43308012487864517,0.00925732383418279,0.7410110495542443,0.21827365567561238,-0.2798166567302977,0.031298458636200135,-0.03194619153228777,-0.09999246880427162,-0.059925713215169145,-0.4577655249461827,0.10478589867649139,-0.6087382179599086,-1.0313933263337653,-0.291341090865905,0.5808822704020213,-0.14640324483643113,-0.41999536956798256,0.014244585120809734,0.010961418192441952,-0.11318472582238968,-0.1439853449736444,0.48657461565824695,0.41075795222350847,-0.1718508210016818,0.7074313908684849,0.3564118163297013,-0.3512443855023669,-0.12287765180393438,0.2069830927733479,-0.09783197548692762,0.10282772770976976,0.4392471046719402,-0.1711353232045689,-0.18325895153594984,-0.059866152275764334,-0.6939665882845799
-0.28952008487144876,1.0803539097536603,0.12944615869358642,0.4430681782032866,1.4073179125119128,1.2420889214564264,0.7517962545422209,0.9389989248892664,0.7150401855042562,-0.19980336248105995,0.49942787216968815,0.5100850131514916,-0.2615569065329626,0.25914169452860286,0.031548426030884355,0.919571308520817,-0.004210753502690878,0.3602317192008506,-0.36233138762279493,-0.0842473293895176,0.015496978270481153,-0.3096457108147733,-0.44560185134938946,-0.1486155062401869,-0.001248417573900861,-0.07167349540503043,0.1792143002849422,0.448530029342073,0.7952576057100527,-0.021715867367350303,-0.2911086992408122,-0.5317211208845901,0.14898482562580498,0.32123125215521436,-0.171480856779591,-0.29405907558234506,-0.9651470246605555,-0.05560545826178299,-0.208612572071563,0.04714764454545292,1.0965614194863171,-0.6694287736460205,0.4931713527705122,-0.12122630893256259,-0.41318070005475943,-0.28686611582255817,1.7793444283850581,0.9669383576000274,0.42303140919266286,-0.32355325949483554,0.8518900614500846,0.005100782610289936,0.4997699941952621,0.8378178702619608,-0.9531874119376568,-0.5051830599248794
-0.3944965915874496,0.12944615869358642,0.4543917956931207,0.1757273640335504,0.32677003452294956,0.07245545991073193,-0.8550391813798806,0.22907996844403744,0.39592503147841857,-0.13560077319192004,-0.35250175660289756,-0.28094658246045534,0.2543719807394859,0.2936870589563026,0.6482422430964649,-0.40273533743111095,0.6716222306989879,0.24112399699683468,0.20336799765625233,0.5712543723331865,0.25195968943019165,-0.020823483460923047,-0.8332616009859205,-0.150505383113556,0.12055168358991686,-0.12169170904478033,-0.03139012138223255,-0.3504436858260748,0.5258953236470478,0.5962086869114723,0.15352538319009426,0.5351496631186969,1.0064883926454942,-0.0989211924604781,-0.28466084655165147,0.03171316776528875,0.13154469074568928,0.16933264375924112,0.38875042433613993,-0.1971100095851227,-0.08695539278922443,-0.10953207726678751,-0.1951653106324549,-0.057260298447048545,-0.1336927655831043,-0.2626956716456985,0.12943809445194998,-0.5155581124181225,-0.020012274573046194,-0.5554534639868098,-0.12915894533143238,-0.5958950305533988,0.2438187316014218,-0.1544186281915674,-0.001557310133527554,0.9348349005937431
-0.31519910476416746,0.4430681782032866,0.1757273640335504,0.3257211437211665,0.5513168813379061,0.7700759530987119,0.3890499542845454,0.024859016228798915,0.6257189436993794,-0.1942488549838288,-0.10824722827912774,0.04707735202355695,-0.24228281179376016,0.1368335760577038,0.1805962043055834,0.43562434317814996,0.13078846678251818,0.3577164340522266,-0.23088551054319892,0.4647961110922781,0.42682616676220425,0.2593242775363999,-0.4852426114355976,-0.32414152423821346,-0.18352219830238373,-0.011095869239659275,0.07224959777318452,0.20699800084595543,0.26384221648936157,-0.07536983800149351,-0.09941252442912454,0.2683496375526784,0.6398429955963039,0.24898471086646454,-0.30499490780156197,0.19986263635562707,-0.026688157900538412,-0.26124876943865394,-0.11640886373127411,-0.07833094524905516,0.2549665594261602,-0.36946976847144297,0.2584687088184994,-0.19831956556192668,-0.7504067275888023,-0.14400869249177323,0.54734940286232,0.28525137359866504,0.11123251743551119,0.0041362177189958665,0.09273207407171133,0.010963442738426865,0.23975888149402153,0.47070657064510585,-0.21963604168872178,0.2598295942188605
-0.752283388384302,1.4073179125119128,0.32677003452294956,0.5513168813379061,2.3123659495303297,1.5056445079155758,0.35796771764637103,1.4026009183353152,0.20178984891732504,-0.1617861023931187,0.07680606824700531,0.4275274468794901,-0.32002371723661277,0.27628287891605263,0.5490100326883818,1.0285903251909077,0.2674473075093246,0.48132766362227264,0.015425412499079947,0.27246695187395154,-0.21502325219572416,-0.977492388977147,-0.6946802476977498,0.060396774855554,0.6363176912674038,-0.12041600607669116,0.2247699816487549,0.5884745578756696,0.8811521240893734,0.5545462387571365,-0.47835165957382503,-0.7034051786663567,0.25459674313144565,0.493412049884733,-0.4346778525586067,-0.6664949674607652,-1.0966703480193123,0.30718099751435196,-0.2337516443581067,0.38693665450268777,1.6148149595720371,-1.0823826456680892,-0.07891970107009519,0.3554918756109269,-0.2625806425268405,-0.633781001951037,2.4900954322685815,1.3897814160450401,0.2755247764633775,-0.3412314976981836,1.1813040328242046,-0.44960408767819543,0.6059662053336152,0.8659804481889264,-1.1663072143144078,-0.6067115673311518
-0.5940706100058213,1.2420889214564264,0.07245545991073193,0.7700759530987119,1.5056445079155758,2.190053526240156,1.899656366980157,0.021249653681618505,1.2271333964818996,-0.39679084736651,-0.001506861446879689,0.4356395864393786,-0.9578737948328118,0.09595974836477646,-0.040318678353087556,1.701532718469403,-0.2650639596756935,0.7871158630084821,-0.7720845948142647,0.7654984603126337,0.8496349984641504,0.5374629716944503,-0.5654977360629291,-0.6891453661071623,-0.4644434844627792,0.07700507770963726,0.25478479775125445,0.9951442274513419,0.26252369660816094,-0.6750684518640895,-0.49880142249106063,0.09866523544555146,0.7507062781732305,0.8496271720307879,-0.6197506066697284,0.39674665754663446,-0.31523723730914044,-0.8002714216819492,-0.7398118666798937,0.07798458248399409,1.0003284880475998,-1.0517542442978496,0.8000181735113537,-0.37182431126850174,-1.9054547110561846,-0.23266264331165035,1.6771884585334622,1.4896165018627685,0.31956386715137874,0.55299280830632,0.5343336683993845,0.5282367195365316,0.4691786763861477,1.5154340900653154,-0.7249604068756654,-0.31572357771115533
0.32129515000018405,0.7517962545422209,-0.8550391813798806,0.3890499542845454,0.35796771764637103,1.899656366980157,3.6517356659859725,-0.813695910480518,0.7118781168409588,-0.1674192091621233,0.7025346132193954,0.9076471889987617,-1.4371072082330971,-0.49036348158273324,-1.44800694599579,2.355414807848888,-1.6233717083949637,0.30400992217300726,-1.3074079521370046,-0.31431142238676485,0.5901459337118006,1.0031746213058248,1.0854526338291541,-0.5534872713164887,-1.0152104523444554,0.3431680446253361,0.2779892032985348,1.5717776873911187,-0.8791648135513009,-2.0743114358544004,-0.6807454990716548,-0.6533517072764489,-1.0583424298449648,0.972505959260806,-0.02084893906161126,0.617875323188967,-0.30338640683548734,-1.3428080798328634,-1.4634874007586742,0.2806843205677522,0.7841217753958994,-0.6341904450171356,1.3788403419190474,-0.49279059101597494,-1.849801210773613,0.4344769174410059,0.902786790246754,2.173046943709584,0.3576630704869807,1.699410961143962,0.4821607006931093,1.8605431576790155,-0.08087650717020399,1.7559894341021494,-0.4865503087378646,-1.87151243952839
0.08820685108724799,0.9389989248892664,0.22907996844403744,0.024859016228798915,1.4026009183353152,0.021249653681618505,-0.813695910480518,2.2872210588970305,0.029608499915689427,0.060895894851513525,1.198292245733442,0.637495823786393,0.6834734521203053,0.5033263766939001,0.16273008245378034,-0.10274049276687285,0.3741862272726391,-0.19977421050242616,0.20138923206185444,-1.2411233554326546,-1.144528863771121,-1.5304003107222426,-0.32558461835597335,0.597686304801294,0.6698877039159771,-0.2846368461886109,0.08761341131474663,-0.2753250926087807,1.587346582761155,0.9116670274154034,-0.02962405552666259,-1.4383448653019628,-0.6598415047669349,-0.3816006547723042,0.42230463727824924,-1.2834257094159638,-1.9262323735097082,0.9881615040341301,0.5142653065776892,0.022122404608198556,1.319890929707965,-0.20258122932040026,0.0702102904240322,0.23993344956963145,1.6288090247870854,-0.39780430455250143,2.063070969362935,0.31970209160998503,0.5842425179527082,-1.5588963258317814,1.3566753792882396,-0.7436243521217671,0.5792607860072055,-0.04722083113498735,-1.336200508099502,-0.794721979885549
-0.1045059194782669,0.7150401855042562,0.39592503147841857,0.6257189436993794,0.20178984891732504,1.2271333964818996,0.7118781168409588,0.029608499915689427,2.484707831887737,-0.5505454884855365,0.5961686480470204,0.22998014739850733,-0.054420430424885965,0.5936395738204939,-0.03702189409338372,0.43623539848462517,0.3567578449487487,0.6532007026578978,-0.95178226387757,0.4064568884016874,1.1564836574851092,1.2716389955983451,-1.2402710035023166,-0.9842396730716606,-1.2282161820725108,-0.09825160869043754,0.07707589360507727,-0.11348966455032383,1.1953121576790222,-0.5098006519856062,0.2081141818886373,0.8275888795379455,1.66116134105824,0.05811354760965328,-0.2636380313179067,0.73706195429954,-0.2690576705593275,-0.7971205199507115,0.19741914503882083,-0.879435139294933,-0.054053405183132265,-0.19527658525974617,1.4265531688993032,-1.21744877533005,-1.4911306492656606,0.011770807186578885,0.579289251271184,-0.38473288119034654,0.6375664431541377,-0.7583473022315057,-0.08839313444776745,0.2093275188105005,0.6447779530219052,0.8312580134989889,-0.4630217973132161,1.1310297614468166
0.1453148610304653,-0.19980336248105995,-0.13560077319192004,-0.1942488549838288,-0.1617861023931187,-0.39679084736651,-0.1674192091621233,0.060895894851513525,-0.5505454884855365,0.14533756695834832,0.03171236991109902,0.005889323772459193,0.08392680700262384,-0.125312448815164,-0.09892343978581047,-0.1554741834844736,-0.1304028850663777,-0.2222040052558405,0.1855759846603101,-0.2919807354162919,-0.3490045351100338,-0.30651739385083476,0.3693234021577275,0.2646442975642625,0.23479377675762417,0.015645419449115024,-0.02531274789875078,-0.026106299734339252,-0.21992140191748646,0.0746457470724508,-0.013235603867385688,-0.2951198284566945,-0.5262922948911147,-0.087913600547326,0.16739108178211062,-0.2121539534130764,-0.04556108583808244,0.20863607791961886,-0.005567082572105231,0.15897477828367543,-0.007004179186336934,0.13658403052395943,-0.24694753308966627,0.23603376837203602,0.4983416094056617,0.04800847155111149,-0.16700860634906112,0.02567352573684885,-0.09269885425539219,0.08619510251546199,0.050655494557364185,-0.008708513698913366,-0.15504872476349524,-0.23829927753009306,0.07286748470350062,-0.34243008636617084
0.8252531624252237,0.49942787216968815,-0.35250175660289756,-0.10824722827912774,0.07680606824700531,-0.001506861446879689,0.7025346132193954,1.198292245733442,0.5961686480470204,0.03171236991109902,1.7806825706948335,0.9052404522855221,0.31853399119013764,0.2180196065746823,-0.9596883546749162,0.3322418906418135,-0.5270673148286882,-0.3559298526538398,-0.5678478122419609,-1.7590231533088978,-0.7114517462958415,-0.35530033040640185,0.5143419362968232,0.23351485952731946,-0.38964011872934934,-0.08339222071006626,0.08037637737146752,-0.003818764682315432,0.9154838681923455,-0.46941283595222527,0.021826540368008032,-1.350220505785704,-1.2553045708811972,-0.32999795479879296,0.7785615787691563,-0.5748713438122423,-1.6036447596654142,0.133713044565094,0.0777853160905545,-0.2578864127379499,0.6906272630116465,0.24722693254854794,1.038815491784771,-0.4146721171584418,0.9658031319898885,0.23928815320385802,1.0403808745378484,0.3394046897560203,0.7435889907137117,-0.8225962482659355,0.9099906950222671,0.4351320902676107,0.26629971035027933,0.2794362237079542,-0.9796854746601822,-1.2363513714257026
0.3287597317703203,0.5100850131514916,-0.28094658246045534,0.04707735202355695,0.4275274468794901,0.4356395864393786,0.9076471889987617,0.637495823786393,0.22998014739850733,0.005889323772459193,0.9052404522855221,0.6123576714464243,-0.12517304869615725,0.019429760225185274,-0.5906196545617236,0.6518743947713657,-0.49043132059989347,-0.09428956349092321,-0.39662874864763376,-0.857512611010366,-0.35813053986817184,-0.25119608859695497,0.40203970805763156,0.10518591267525221,-0.15194598081346175,0.005215519745189686,0.10976001674570778,0.34646246816365234,0.32701230281225885,-0.42534190272273065,-0.18676162974358246,-0.9017575465307616,-0.8411053465077458,0.07182845772257354,0.3129165951656742,-0.3263913078006153,-0.9390519092323026,-0.043917666909224176,-0.24755040995050556,0.05110056479474979,0.6946558632063718,-0.1350910209758721,0.5807581166355129,-0.12374242072913129,0.22906490901331533,0.08348569799888077,0.9600130662211187,0.7439983041003854,0.3952621900326548,-0.10499234911925642,0.6854679185092108,0.41436196404673614,0.15310745634221118,0.47684767817467033,-0.673888217047323,-1.0515515928454444
0.20192591615021305,-0.2615569065329626,0.2543719807394859,-0.24228281179376016,-0.32002371723661277,-0.9578737948328118,-1.4371072082330971,0.6834734521203053,-0.054420430424885965,0.08392680700262384,0.31853399119013764,-0.12517304869615725,0.797481007712039,0.29861860772628795,0.2806163912044751,-1.0355750204747944,0.5494938506682431,-0.28406968743943817,0.3689862590602184,-0.4861009824337948,-0.46827186302284024,-0.4663752512630663,-0.29981783144940594,0.3007399264744431,0.23810056934515936,-0.18045699518937966,-0.11532121753228458,-0.775506869221395,0.6932633445553416,0.7261945407516206,0.3663044219189072,-0.09278482889888948,0.07500278706293441,-0.6020322004661498,0.3116987325172081,-0.40917710698831705,-0.34575379426474623,0.614063528465361,0.7255187685251135,-0.2795860528304822,-0.2502319587363857,0.46109004123918323,-0.21526366701291433,0.012427144570459145,1.1655201665211457,-0.06302666305839327,-0.2327312475357075,-1.004763893978104,0.09588138344820378,-1.0677655485440474,3.752309580677507e-4,-0.6581439545192702,0.10212303088021975,-0.7528881603840591,-0.04167262725513083,0.509063996192316
-0.09840546214686595,0.25914169452860286,0.2936870589563026,0.1368335760577038,0.27628287891605263,0.09595974836477646,-0.49036348158273324,0.5033263766939001,0.5936395738204939,-0.125312448815164,0.2180196065746823,0.019429760225185274,0.29861860772628795,0.32502841570371555,0.26807659737827155,-0.23522860604420778,0.4250049304972189,0.125351970185474,-0.026808560381332676,0.00792404620973969,0.06586829419648133,-0.050234625800045916,-0.5953504143949476,-0.10327286128538592,-0.06493702156386076,-0.12647251181652655,-0.003149449416504851,-0.3022635695652576,0.7268176370265773,0.33861646969050374,0.14689689491382327,0.11741475977676365,0.559148622006452,-0.17459556168861923,-0.03016175790755805,-0.09242633449968046,-0.3284046115864574,0.13985010496744074,0.3540533504452712,-0.2748413351084033,0.09731495050212088,-0.020385464049662225,0.18279117180183665,-0.21571594874059685,0.09226046148664663,-0.14532230307526572,0.38971845721791065,-0.3652167941193623,0.21033735668505837,-0.7130715354574216,0.1252078081820085,-0.36150436625575777,0.29563414331490684,-0.02551137242945793,-0.27599499382630444,0.4914350361666243
-0.7435074743849563,0.031548426030884355,0.6482422430964649,0.1805962043055834,0.5490100326883818,-0.040318678353087556,-1.44800694599579,0.16273008245378034,-0.03702189409338372,-0.09892343978581047,-0.9596883546749162,-0.5906196545617236,0.2806163912044751,0.26807659737827155,1.1386103992376073,-0.6467878299168456,0.9898719521561121,0.3116738261146746,0.5831368416207124,1.0880963672127948,0.25593179136412325,-0.2669872082212997,-1.0685711799698219,-0.06185598367187005,0.5253223160650251,-0.1415140718522107,-0.060447829116136026,-0.4279540543204787,0.37366537476805894,1.0596914538364943,0.13857758956560665,0.8114471797251381,1.3489817858269055,-0.0512601107264185,-0.5298242818099255,-0.026028554547490677,0.48737036643653,0.383478345664183,0.4729314587973738,-0.027531568177081255,-0.1459641228904269,-0.23377547915230693,-0.7624715730437902,0.26244218095470767,-0.10785300293754004,-0.45708602422919714,0.01859447037074582,-0.6230663258483072,-0.2832785046604273,-0.4837000249298156,-0.26995720965093756,-0.9873528882985037,0.20007427848510276,-0.3771370312062868,0.2097032586112401,1.2929742902995127
-0.11963312425521279,0.919571308520817,-0.40273533743111095,0.43562434317814996,1.0285903251909077,1.701532718469403,2.355414807848888,-0.10274049276687285,0.43623539848462517,-0.1554741834844736,0.3322418906418135,0.6518743947713657,-1.0355750204747944,-0.23522860604420778,-0.6467878299168456,1.8085347465919757,-0.8925409306525344,0.3747887957880916,-0.7595018821018856,0.016745376765852145,0.32680506665368664,0.2908911610380768,0.4197570570949827,-0.32702531105956995,-0.366292056984247,0.18037435941657026,0.24646032909724297,1.1947477239369657,-0.32534012524447004,-1.064970060951863,-0.5999158144433752,-0.5744246051562347,-0.5115710056391296,0.8058485048018071,-0.2168166078987187,0.18244684692886146,-0.45797033395791814,-0.731260231831123,-1.0087123613041995,0.34410157019925963,1.0113054995394153,-0.7926201994079621,0.7412020619127115,-0.13570125173044206,-1.2975144420865923,0.03266074833941158,1.3586491553919178,1.8334627373232746,0.25852745431844093,1.0161477167250863,0.6545608188204729,0.9749097637279339,0.1332623419275723,1.3729409731180318,-0.6384553569717583,-1.3173446647847251
-0.49785707988254674,-0.004210753502690878,0.6716222306989879,0.13078846678251818,0.2674473075093246,-0.2650639596756935,-1.6233717083949637,0.3741862272726391,0.3567578449487487,-0.1304028850663777,-0.5270673148286882,-0.49043132059989347,0.5494938506682431,0.4250049304972189,0.9898719521561121,-0.8925409306525344,1.0572705175541628,0.2233492757187186,0.45192047827858295,0.716180577103412,0.2075161458649123,-0.16218920016012991,-1.1513425244118798,-0.09059811830194282,0.2885675348412111,-0.19863174996432315,-0.08870060463523097,-0.692128415863402,0.7535439614617548,1.0323222098791893,0.3084031184724536,0.7586816928096538,1.3622793861536804,-0.2928259677029338,-0.32010195967320276,-0.04700379123442143,0.22792965747741672,0.4130871156221067,0.7107263767738693,-0.2945324565549664,-0.2734295879935585,0.004492483096701238,-0.44881199309866754,-0.0014371335739437707,0.15419441713655582,-0.36555914876856205,-0.056311402125356354,-1.008397541112506,-0.08515540627755366,-0.9371154547304111,-0.2610600930539784,-1.0004503396843805,0.2895819628021904,-0.493335884411265,0.1042870945441272,1.433399621102622
-0.4260698235047151,0.3602317192008506,0.24112399699683468,0.3577164340522266,0.48132766362227264,0.7871158630084821,0.30400992217300726,-0.19977421050242616,0.6532007026578978,-0.2222040052558405,-0.3559298526538398,-0.09428956349092321,-0.28406968743943817,0.125351970185474,0.3116738261146746,0.3747887957880916,0.2233492757187186,0.43150196196139473,-0.19110613980653343,0.7494566821877676,0.6014535539282035,0.4069840135729123,-0.6077458031993451,-0.4116188147162776,-0.2037633239421736,1.7621567322172643e-4,0.05695722142884891,0.18363698777891133,0.15743195971228566,-0.043872520858853493,-0.07776814280785518,0.540114052803514,0.9111809187522047,0.28787327125722534,-0.42589083796365274,0.3454042357829151,0.24005317854668937,-0.33065639656919016,-0.11074011450636721,-0.09460838614786928,0.09744655813716577,-0.38534177018943,0.17178930299231265,-0.206152830396714,-0.9665594319934735,-0.16195752269795807,0.34201290733078676,0.1711398477072645,0.020296180008764136,0.10198238359210232,-0.08749703736681584,-0.03344557190056849,0.2134677619015016,0.44317880656733183,-0.05702927270932554,0.5271871870164392
-0.21838515803694733,-0.36233138762279493,0.20336799765625233,-0.23088551054319892,0.015425412499079947,-0.7720845948142647,-1.3074079521370046,0.20138923206185444,-0.95178226387757,0.1855759846603101,-0.5678478122419609,-0.39662874864763376,0.3689862590602184,-0.026808560381332676,0.5831368416207124,-0.7595018821018856,0.45192047827858295,-0.19110613980653343,0.710314048824507,0.20101578995958866,-0.42902487903203257,-0.6822511533966353,-0.08224991582420166,0.4128664459372521,0.7319137989407906,-0.07189493540749581,-0.09327094760958791,-0.3758205795416047,-0.1140869292578946,0.8404994640480257,0.09829501010944305,0.05696996160925755,0.006903842130496487,-0.22046278796995433,-0.0443249610200508,-0.37161049594416184,0.2595360678145528,0.6201336931085178,0.34082284971579235,0.22462885374339964,-0.16244653123464936,0.12344910705982688,-0.9225797461630787,0.5582568053717925,0.8196913944128964,-0.2069228651390055,-0.3439744461171462,-0.4496655320088013,-0.3448036741850096,-0.21286866275260308,-0.12517869428531325,-0.6824952885454094,-0.13885256180370859,-0.7031972903324065,0.2895364846731179,0.3193911606616516
-1.0635717385896106,-0.0842473293895176,0.5712543723331865,0.4647961110922781,0.27246695187395154,0.7654984603126337,-0.31431142238676485,-1.2411233554326546,0.4064568884016874,-0.2919807354162919,-1.7590231533088978,-0.857512611010366,-0.4861009824337948,0.00792404620973969,1.0880963672127948,0.016745376765852145,0.716180577103412,0.7494566821877676,0.20101578995958866,2.209200876788112,1.301993944595775,0.8721895990566972,-1.141999299719344,-0.696543013931466,-0.03683034285382547,0.055765679065479315,-0.022966393207759124,0.09021386152416919,-0.49044831683396345,0.30093487854569617,-0.02104932469469894,1.790718469497625,2.1210687407662543,0.500660668408674,-1.05509045448331,0.9198598806990256,1.5940400521440818,-0.5092781695131637,-0.09548048955889517,-0.01557189247852949,-0.6007000252292712,-0.5150074731070032,-0.5480311590575442,-0.01307269440032368,-1.8417182448398004,-0.32324790306985585,-0.6340609572228086,-0.3016250213054203,-0.5418649094971969,0.6621869787805683,-0.9289979832791704,-0.38436692801549555,0.02844638530004506,0.19873039331842277,0.7801104209194082,1.7458329579346112
-0.43308012487864517,0.015496978270481153,0.25195968943019165,0.42682616676220425,-0.21502325219572416,0.8496349984641504,0.5901459337118006,-1.144528863771121,1.1564836574851092,-0.3490045351100338,-0.7114517462958415,-0.35813053986817184,-0.46827186302284024,0.06586829419648133,0.25593179136412325,0.32680506665368664,0.2075161458649123,0.6014535539282035,-0.42902487903203257,1.301993944595775,1.290081502422846,1.314978723037644,-0.7513519338576083,-0.8424940895177857,-0.7464049268077161,0.08168063405062057,0.010536274457117384,0.14686441312330592,-0.21186413905050447,-0.4645995938245138,0.04937678801378414,1.3591424431971042,1.5594871231183394,0.3632885523353271,-0.6079944012509071,1.0288793508006797,1.0148244493264693,-0.8550616752699093,-0.1800719681030088,-0.34610407015035877,-0.5843182322368955,-0.2347265921635524,0.41636864850010996,-0.5815345416125753,-1.821312416864272,0.026815215451826212,-0.5572744329004151,-0.24532937267482938,-0.09540021721247334,0.479280711457741,-0.741725408546534,0.2557845578699853,0.0917670126482794,0.5022287117858422,0.4637752532156468,1.2136254787434975
0.00925732383418279,-0.3096457108147733,-0.020823483460923047,0.2593242775363999,-0.977492388977147,0.5374629716944503,1.0031746213058248,-1.5304003107222426,1.2716389955983451,-0.30651739385083476,-0.35530033040640185,-0.25119608859695497,-0.4663752512630663,-0.050234625800045916,-0.2669872082212997,0.2908911610380768,-0.16218920016012991,0.4069840135729123,-0.6822511533966353,0.8721895990566972,1.314978723037644,1.7171882449118572,-0.29595730872857473,-0.889284490419235,-1.155627931958903,0.1493571725745183,-0.02320853008122997,0.11867568824887718,-0.4672380793521521,-0.979029731980699,0.14418604734076154,1.3050377482845505,1.1377475603945,0.24484326037665158,-0.32529925853992175,1.2389769334606362,1.0952835995979793,-1.0963206434294908,-0.2521027925667643,-0.4955545652661106,-0.9477924016804872,0.11641409841757293,0.7807318440628289,-0.8357768981862712,-1.7795540945857928,0.3411746664118046,-1.1561329752485667,-0.4297847581054147,-0.02472247594021793,0.6545036329228167,-0.9496128886103417,0.7023380445951404,-0.0855181229638373,0.4465519089255908,0.6532374641368833,1.0051985138609922
0.7410110495542443,-0.44560185134938946,-0.8332616009859205,-0.4852426114355976,-0.6946802476977498,-0.5654977360629291,1.0854526338291541,-0.32558461835597335,-1.2402710035023166,0.3693234021577275,0.5143419362968232,0.40203970805763156,-0.29981783144940594,-0.5953504143949476,-1.0685711799698219,0.4197570570949827,-1.1513425244118798,-0.6077458031993451,-0.08224991582420166,-1.141999299719344,-0.7513519338576083,-0.29595730872857473,1.6684824810278631,0.5184278878534105,0.08941019298158025,0.20570194521716265,0.015273753690744718,0.49915195249804023,-1.0799324415761182,-0.8098073117986149,-0.24570067565194886,-1.0975711416092377,-2.0820050677179713,0.05863557870557811,0.5986125567655285,-0.264587863610616,-0.193774166991427,-0.0284979013461563,-0.5974380251809932,0.4837717738172455,0.09248174477363742,0.318787876918528,-0.013648769012667082,0.3632581134177299,0.7347143637974806,0.449173840371211,-0.43237371336388225,0.7923335650268346,-0.09895790560938725,0.9681552575627659,0.217172970256937,0.8839261611461304,-0.556636015470922,-0.04771331563414788,0.12230068138750234,-1.7617271322298718
0.21827365567561238,-0.1486155062401869,-0.150505383113556,-0.32414152423821346,0.060396774855554,-0.6891453661071623,-0.5534872713164887,0.597686304801294,-0.9842396730716606,0.2646442975642625,0.23351485952731946,0.10518591267525221,0.3007399264744431,-0.10327286128538592,-0.06185598367187005,-0.32702531105956995,-0.09059811830194282,-0.4116188147162776,0.4128664459372521,-0.696543013931466,-0.8424940895177857,-0.889284490419235,0.5184278878534105,0.5921764451093828,0.6005836163951562,-0.039755749933454224,-0.028607046038537646,-0.12095312887648585,-0.04126317607982166,0.3945556356609236,-0.027997901635871774,-0.7749182141857863,-0.9855034962811187,-0.22994145807636956,0.34360174226025386,-0.6495126817696449,-0.450480272226004,0.6024096638858996,0.12002390105632947,0.29471029181252917,0.2657241940648542,0.17319691109572033,-0.48206043399662946,0.49544690834942806,1.2100739926926287,-0.03288038567136959,0.15025576582271155,0.09030720586463135,-0.06490559031275117,-0.19262061796019458,0.3618919963094618,-0.2360077701274583,-0.14103596748195824,-0.4497386963125229,-0.13925595891012396,-0.6985533147586088
-0.2798166567302977,-0.001248417573900861,0.12055168358991686,-0.18352219830238373,0.6363176912674038,-0.4644434844627792,-1.0152104523444554,0.6698877039159771,-1.2282161820725108,0.23479377675762417,-0.38964011872934934,-0.15194598081346175,0.23810056934515936,-0.06493702156386076,0.5253223160650251,-0.366292056984247,0.2885675348412111,-0.2037633239421736,0.7319137989407906,-0.03683034285382547,-0.7464049268077161,-1.155627931958903,0.08941019298158025,0.6005836163951562,1.012467970208767,-0.074532668714704,-0.0184974309682046,-0.09430050043682696,-0.037212081983639386,0.8897173660980047,-0.11036799317197629,-0.4925588743194289,-0.44976489329052505,-0.07509220624641141,-0.019130230576469884,-0.7161666919086104,-0.20569682205395617,0.7768082682346074,0.15609155582101814,0.4752174814953531,0.41999012475338066,-0.14431996292306434,-0.9846887055504848,0.7919367513202754,1.018108406903172,-0.32242326127366927,0.41090306509015495,0.1791228277047317,-0.27095589713228757,-0.1582695456689284,0.35378664500793167,-0.6669911247617557,-0.06455223916848064,-0.4711885005718412,-0.09419315816010979,-0.3243980256324847
0.031298458636200135,-0.07167349540503043,-0.12169170904478033,-0.011095869239659275,-0.12041600607669116,0.07700507770963726,0.3431680446253361,-0.2846368461886109,-0.09825160869043754,0.015645419449115024,-0.08339222071006626,0.005215519745189686,-0.18045699518937966,-0.12647251181652655,-0.1415140718522107,0.18037435941657026,-0.19863174996432315,1.7621567322172643e-4,-0.07189493540749581,0.055765679065479315,0.08168063405062057,0.1493571725745183,0.20570194521716265,-0.039755749933454224,-0.074532668714704,0.06209378531248945,0.010176167503502118,0.1648066042990278,-0.29825685486254794,-0.23290153629446195,-0.06677401622667216,0.023272449190868526,-0.1395077945777591,0.11188795368510075,-0.020116497452133623,0.12559721732591528,0.16851817237130975,-0.15645254515499038,-0.18408100451316908,0.0754234437774181,-0.055606050310899796,-0.018265905005223293,0.024477201705891637,0.010205233208255872,-0.21038546131167807,0.07632156911678531,-0.156570218864507,0.17638390259873346,-0.0626260640836692,0.33631262122668004,-0.0803422971080411,0.21761925855099182,-0.10282411328676118,0.09941306034085613,0.11274247228565029,-0.15965396450075647
-0.03194619153228777,0.1792143002849422,-0.03139012138223255,0.07224959777318452,0.2247699816487549,0.25478479775125445,0.2779892032985348,0.08761341131474663,0.07707589360507727,-0.02531274789875078,0.08037637737146752,0.10976001674570778,-0.11532121753228458,-0.003149449416504851,-0.060447829116136026,0.24646032909724297,-0.08870060463523097,0.05695722142884891,-0.09327094760958791,-0.022966393207759124,0.010536274457117384,-0.02320853008122997,0.015273753690744718,-0.028607046038537646,-0.0184974309682046,0.010176167503502118,0.038719101057395316,0.15175738990132018,0.03608025716414879,-0.09357609514841356,-0.08446716276898997,-0.12216979890501492,-0.062258933722614256,0.10028363973109203,-0.027470117751708486,-0.025444691008225703,-0.13966159636741113,-0.059191921244699366,-0.11278737994971917,0.04593449675622375,0.2007651935526134,-0.13104639945106628,0.10051046372573198,-0.009578137231580755,-0.12960015390608887,-0.023218109155057537,0.29074400754310625,0.26457880352560903,0.05950115697498347,0.06565969325224173,0.14713130778075795,0.08782428347180964,0.05256604771242206,0.19375718756569776,-0.14821879668835408,-0.18981869681277852
-0.09999246880427162,0.448530029342073,-0.3504436858260748,0.20699800084595543,0.5884745578756696,0.9951442274513419,1.5717776873911187,-0.2753250926087807,-0.11348966455032383,-0.026106299734339252,-0.003818764682315432,0.34646246816365234,-0.775506869221395,-0.3022635695652576,-0.4279540543204787,1.1947477239369657,-0.692128415863402,0.18363698777891133,-0.3758205795416047,0.09021386152416919,0.14686441312330592,0.11867568824887718,0.49915195249804023,-0.12095312887648585,-0.09430050043682696,0.1648066042990278,0.15175738990132018,0.8753321488558652,-0.5601238263740993,-0.7136340657747742,-0.45265262004850726,-0.3912356962765707,-0.538157021807273,0.5931038340335404,-0.16447995300377075,0.11811471942076852,-0.091613721735364,-0.4584450496643248,-0.7774093681706578,0.38896889868967577,0.6032745156802812,-0.5183650545475993,0.2527275831875679,0.09652106786828335,-0.816000653358561,0.04107229535162232,0.6821491114094645,1.3139999990139966,0.01428964694128741,0.9695472676729556,0.3489522332926255,0.6879848822098352,-0.05892567528016787,0.8238436386399105,-0.24849982228146497,-1.009451837870135
-0.059925713215169145,0.7952576057100527,0.5258953236470478,0.26384221648936157,0.8811521240893734,0.26252369660816094,-0.8791648135513009,1.587346582761155,1.1953121576790222,-0.21992140191748646,0.9154838681923455,0.32701230281225885,0.6932633445553416,0.7268176370265773,0.37366537476805894,-0.32534012524447004,0.7535439614617548,0.15743195971228566,-0.1140869292578946,-0.49044831683396345,-0.21186413905050447,-0.4672380793521521,-1.0799324415761182,-0.04126317607982166,-0.037212081983639386,-0.29825685486254794,0.03608025716414879,-0.5601238263740993,1.793799891277395,0.7144635767447878,0.23725490485846307,-0.308952528293719,0.6922939354185528,-0.4102923952731827,0.12959671676529402,-0.523035958208365,-1.2644980986091359,0.46054592614390094,0.7273102595274769,-0.5168173609430305,0.6124721475584359,-0.08888322539039034,0.5215866136819755,-0.40271794918657106,0.5972080266919902,-0.323562608506938,1.378114706665358,-0.46735755569503495,0.6259871464201353,-1.7169894818353248,0.6832289442302051,-0.7276169703759326,0.7137695811707315,0.04462472394942063,-0.9638984655210324,0.501453248484255
-0.4577655249461827,-0.021715867367350303,0.5962086869114723,-0.07536983800149351,0.5545462387571365,-0.6750684518640895,-2.0743114358544004,0.9116670274154034,-0.5098006519856062,0.0746457470724508,-0.46941283595222527,-0.42534190272273065,0.7261945407516206,0.33861646969050374,1.0596914538364943,-1.064970060951863,1.0323222098791893,-0.043872520858853493,0.8404994640480257,0.30093487854569617,-0.4645995938245138,-0.979029731980699,-0.8098073117986149,0.3945556356609236,0.8897173660980047,-0.23290153629446195,-0.09357609514841356,-0.7136340657747742,0.7144635767447878,1.4412750533695222,0.2240826808957538,0.13477536542358529,0.6422207926659826,-0.3963526957087639,-0.14047391285545366,-0.611978716849472,-0.13080477263865525,0.9305615860036456,0.762680477300206,0.02471101160289615,0.06869868512603594,0.010971030145570791,-0.9445223666934617,0.49014886209153685,1.052291336306,-0.47436806619004124,0.24692497461219307,-0.7892491057791006,-0.17439571326533573,-1.0402110136265672,0.09516882593268784,-1.262596828195409,0.20591331228778953,-0.7910307399846109,-0.05341956716247398,0.8580542603958713
0.10478589867649139,-0.2911086992408122,0.15352538319009426,-0.09941252442912454,-0.47835165957382503,-0.49880142249106063,-0.6807454990716548,-0.02962405552666259,0.2081141818886373,-0.013235603867385688,0.021826540368008032,-0.18676162974358246,0.3663044219189072,0.14689689491382327,0.13857758956560665,-0.5999158144433752,0.3084031184724536,-0.07776814280785518,0.09829501010944305,-0.02104932469469894,0.04937678801378414,0.14418604734076154,-0.24570067565194886,-0.027997901635871774,-0.11036799317197629,-0.06677401622667216,-0.08446716276898997,-0.45265262004850726,0.23725490485846307,0.2240826808957538,0.2625750740921988,0.31676524256764005,0.3453133941353904,-0.30329534746692727,0.08963466675487099,0.07536782847690984,0.14592015113460186,0.11014953372097559,0.3792671759029996,-0.2729179270458729,-0.4388396451854733,0.3206233547314118,-0.0068908315760770195,-0.1648027436910728,0.2659416751451434,0.044754224328504184,-0.5183313552817612,-0.7497633480089337,0.006293692204111536,-0.44030934028484636,-0.2877441311087868,-0.24537408017237178,0.009933877847561876,-0.3906883111669804,0.20185690418821065,0.6001558625785222
-0.6087382179599086,-0.5317211208845901,0.5351496631186969,0.2683496375526784,-0.7034051786663567,0.09866523544555146,-0.6533517072764489,-1.4383448653019628,0.8275888795379455,-0.2951198284566945,-1.350220505785704,-0.9017575465307616,-0.09278482889888948,0.11741475977676365,0.8114471797251381,-0.5744246051562347,0.7586816928096538,0.540114052803514,0.05696996160925755,1.790718469497625,1.3591424431971042,1.3050377482845505,-1.0975711416092377,-0.7749182141857863,-0.4925588743194289,0.023272449190868526,-0.12216979890501492,-0.3912356962765707,-0.308952528293719,0.13477536542358529,0.31676524256764005,2.007962113018245,2.1613934490990268,0.09334623981852266,-0.7304292820127752,1.1204197314144,1.6687789301793665,-0.5768151438347225,0.25379373096359353,-0.4417120516122198,-1.2373996931762856,0.05277490414359924,-0.18633784101254156,-0.4228150377216929,-1.5292522709065963,-0.05215105066795246,-1.4584155442496762,-1.1723312561335688,-0.41142317344139023,0.24477757014423998,-1.2950913681260912,-0.2981586487576796,-0.03585672546466666,-0.18302236187099008,1.0218036568956963,2.1673188360449602
-1.0313933263337653,0.14898482562580498,1.0064883926454942,0.6398429955963039,0.25459674313144565,0.7507062781732305,-1.0583424298449648,-0.6598415047669349,1.66116134105824,-0.5262922948911147,-1.2553045708811972,-0.8411053465077458,0.07500278706293441,0.559148622006452,1.3489817858269055,-0.5115710056391296,1.3622793861536804,0.9111809187522047,0.006903842130496487,2.1210687407662543,1.5594871231183394,1.1377475603945,-2.0820050677179713,-0.9855034962811187,-0.44976489329052505,-0.1395077945777591,-0.062258933722614256,-0.538157021807273,0.6922939354185528,0.6422207926659826,0.3453133941353904,2.1613934490990268,3.1092525719015707,0.10288317013124516,-1.0024821780652937,0.97326967194962,1.179247444794402,-0.4400864080553057,0.5551802486251171,-0.6645757302568492,-0.7581486379416401,-0.3280289747930393,-0.004744613192292491,-0.6098010811247526,-1.769554163478409,-0.4088114193795983,-0.40897604688456773,-1.218081953607942,-0.1426701671938194,-0.5547058932562625,-0.9414985597791169,-0.8239408447557232,0.4706705539454799,0.090071570284607,0.47393125715337925,2.7439239236647244
-0.291341090865905,0.32123125215521436,-0.0989211924604781,0.24898471086646454,0.493412049884733,0.8496271720307879,0.972505959260806,-0.3816006547723042,0.05811354760965328,-0.087913600547326,-0.32999795479879296,0.07182845772257354,-0.6020322004661498,-0.17459556168861923,-0.0512601107264185,0.8058485048018071,-0.2928259677029338,0.28787327125722534,-0.22046278796995433,0.500660668408674,0.3632885523353271,0.24484326037665158,0.05863557870557811,-0.22994145807636956,-0.07509220624641141,0.11188795368510075,0.10028363973109203,0.5931038340335404,-0.4102923952731827,-0.3963526957087639,-0.30329534746692727,0.09334623981852266,0.10288317013124516,0.49199125493765006,-0.3261862481761467,0.25139495626116304,0.2171541083010311,-0.4009205172085165,-0.5206048755740327,0.2401701771203011,0.31128784151854066,-0.46416889082394,0.08149296823827144,0.04535145388853412,-0.9166075663261496,-0.051977461586490345,0.3896744981910037,0.8143522345803413,-0.07672242621456965,0.7288023927273506,0.07253390479158026,0.36062374366675876,-0.004836256218999308,0.6059854045072023,-0.046888319785285466,-0.3047253674169463
0.5808822704020213,-0.171480856779591,-0.28466084655165147,-0.30499490780156197,-0.4346778525586067,-0.6197506066697284,-0.02084893906161126,0.42230463727824924,-0.2636380313179067,0.16739108178211062,0.7785615787691563,0.3129165951656742,0.3116987325172081,-0.03016175790755805,-0.5298242818099255,-0.2168166078987187,-0.32010195967320276,-0.42589083796365274,-0.0443249610200508,-1.05509045448331,-0.6079944012509071,-0.32529925853992175,0.5986125567655285,0.34360174226025386,-0.019130230576469884,-0.020116497452133623,-0.027470117751708486,-0.16447995300377075,0.12959671676529402,-0.14047391285545366,0.08963466675487099,-0.7304292820127752,-1.0024821780652937,-0.3261862481761467,0.5488015631413479,-0.36929643313423893,-0.5878726907219676,0.2476527886786459,0.11741475316758873,-0.041234463454698826,0.04922218563494792,0.3989434281224979,0.2061352715724664,-0.01068444939194299,0.9622317299998718,0.21727603704801357,-0.05749504105036896,-0.10044851799323352,0.1983819572760925,-0.30840760175184234,0.2666692680436807,0.17574090828650493,-0.09499979088061802,-0.2662713470616053,-0.19330671951176798,-0.6874132749903196
