V1,V2,V3,V4,V5,V6,V7,V8,V9,V10,V11,V12,V13,V14,V15,V16,V17,V18,V19,V20,V21,V22,V23,V24,V25,V26,V27,V28,V29,V30,V31,V32,V33,V34,V35,V36,V37,V38,V39,V40,V41,V42,V43,V44,V45,V46,V47,V48,V49,V50,V51,V52,V53,V54,V55,V56
58.18947392273876,-27.551885960566555,29.920428005656326,-16.241512849405996,2.2462096401491736,-42.44453933128035,15.524349592526171,-29.831147130299303,-86.78371899366329,5.214220316067318,54.53500359295017,56.47026883884517,0.17574558894549025,-18.155730421382334,3.833244646771711,1.1508684384538914,-23.327235905287754,-26.158737738426684,-4.773418999664946,-34.03956892507021,-33.85150301509832,8.829415647546984,-12.565939670491245,23.257482331258952,14.057529610490239,37.05067052223217,54.64670620696026,55.625440014194595,-12.666749089387942,32.762992947974574,53.60137756185931,-6.3141048243479325,31.216128634670135,-18.82904910925266,31.683625674756662,-54.040223386225506,-47.79411047782069,43.3590811126627,55.10476369075372,6.783511406220584,25.223839895349858,48.63589342764192,-33.47149129825825,13.199674026255996,-4.176298975563865,-13.888544059199083,-33.200300488655714,-30.91556154616204,68.01585412436397,2.7572862616452363,25.632134547580105,21.91212759509935,38.978683066359494,8.241811989081205,18.31013580311137,-55.19275558382367
-27.551885960566555,13.765371478872853,-14.666596447184013,7.580010110372365,-1.233394444790988,20.434047304728654,-7.449235081360339,14.326536838778855,42.106831984048,-1.9872580277192,-26.708060787130375,-27.326864310708988,0.39424265779033785,8.882087044065829,-1.314787089276676,-0.3662455951980212,11.223153700744604,12.107885289927328,2.2300005099160485,16.659019563568425,15.979082497765903,-3.604472722475869,6.310533996612642,-11.203510172715843,-6.234283422014653,-17.592740502686624,-26.403026090084353,-27.240431480262362,6.0452918818825125,-15.833032038023122,-26.943803574522793,3.038753029620496,-14.778873175670144,9.624974682478955,-15.889139901010935,26.683211412135055,22.64658194613479,-20.783864895983424,-26.32690034389289,-3.416099440569091,-12.011526374855109,-23.04451809775363,15.686274201297701,-6.621678483187976,2.4723414866272972,6.273243908653065,16.21930062480545,15.081060632855484,-32.755443373816426,0.13380024927348244,-12.273659655229544,-10.598834082426546,-17.866469526417863,-3.800844867920045,-9.20596950642461,26.244091888729596
29.920428005656326,-14.666596447184013,16.427413921440785,-8.375819278446281,1.4625182211228098,-22.163968231893282,7.900013751040227,-15.133247219526275,-45.35679181217582,1.9698374401195853,28.459033211964076,29.854093722114527,-0.27440616019254355,-9.483842079529506,1.62800357419542,0.2601850559755842,-11.820640231647868,-12.976001515879263,-2.1630471186500184,-17.78197700307935,-16.83500702202692,4.018661315290736,-7.413911607421718,11.994178472465885,6.275033267678606,19.217512921953805,28.114198865033693,29.162028266476174,-6.653442885385818,17.04692906527292,28.771384678518075,-3.4304837226886593,16.26449671466257,-9.838802884591054,16.725058797977226,-28.25931928211724,-24.920243820523734,22.410858365968252,28.380929829088213,3.6779227848797396,13.158293689286392,25.490299012745563,-17.008138632940696,6.429504698185451,-1.9152872358199304,-6.867603862120517,-17.62654930956712,-15.934370584227729,35.12370044307271,0.30223740228912477,13.621472594498478,11.384584889891757,19.900335874862968,4.181615453463174,9.472825762077298,-27.649528164583298
-16.241512849405996,7.580010110372365,-8.375819278446281,4.59096508113096,-0.6776880165125252,11.724139848444848,-4.194537451063926,8.336471495528668,24.039548136048708,-1.4554584684018164,-14.925346663798788,-15.851881300994156,-0.16562195522956466,5.057186727925255,-1.140368973932184,-0.2875208712964642,6.557871723424183,7.261367864620756,1.224716151842554,9.391150503560514,9.221391021412725,-2.457396488833776,3.56668581607976,-6.46006683288561,-3.717319191300934,-10.406252142523115,-15.090964194516031,-15.372515032586843,3.4588110095307347,-9.194213653845544,-14.775086577523908,1.8167241684196225,-8.66894381528058,5.177209842452157,-8.666832690957383,14.889154565949358,13.389962974668682,-11.925493132392685,-15.17465504974826,-1.8059750880844496,-6.949363062288983,-13.600310731924564,9.303928177517712,-3.5313634767120408,0.9982034104055881,3.8497347698747038,9.141447905566912,8.53994781807448,-18.87206203961931,-0.912655193690516,-7.199445430050924,-6.1194969059936035,-11.020626886799365,-2.4215486411914653,-5.017379556524289,15.186410087785777
2.2462096401491736,-1.233394444790988,1.4625182211228098,-0.6776880165125252,0.2770723398718183,-1.573530566209321,0.37845728493493563,-1.2872185550583273,-3.534366477869173,-0.05374148273027447,1.9999310510021342,2.6713160197965324,-0.02056494421230587,-0.8352863061525853,0.01748102815170241,-0.11569716542224093,-1.0951159559703787,-0.7839758391555303,0.04215387048640125,-1.3905938406350877,-0.836804598935916,0.014552103800341129,-0.7877795887337417,0.9424428750764272,-0.08585333961372796,1.5852691807253358,2.0804194013276245,2.331818349416569,-0.35997027839012946,1.5368987861378702,2.5470661856597783,-0.3751364054336264,1.1120197027603225,-0.962845630303866,1.3563735077696273,-2.2994160925998544,-1.9472590739288222,1.4609517779076064,1.8453477222344197,0.19680034132289959,0.828291344253764,1.9276811203102975,-1.1291048939158455,0.41839715286886364,-0.10785284212461968,-0.3195344778893769,-1.299062901702732,-1.2606246460396187,2.7039665455937616,-0.3870503886440651,1.147570340727841,0.9746205761473573,1.4616537876794273,0.5031805034107928,0.8173173959889328,-1.7693378610991124
-42.44453933128035,20.434047304728654,-22.163968231893282,11.724139848444848,-1.573530566209321,31.43807489881828,-11.703596619398986,21.481488399468788,63.893056668881684,-3.5885782164506734,-40.62214784975013,-41.10465630189307,0.2665275531260178,13.227509400904768,-2.5864423890714234,-0.83224844152743,16.64311798543717,19.054477004151927,3.6825972736944754,25.111955920614655,25.135956725535717,-6.428483919474187,9.395015973611875,-16.993778869413255,-10.569829053648947,-26.88038329292805,-40.15687749200766,-41.00531167558033,9.575847003505142,-23.688721221663073,-39.718065197257424,4.512356285807506,-23.06687076885302,13.73480149719021,-23.544877354641784,39.82934442432731,34.90692216875539,-32.186997832287084,-40.82425339206366,-5.273091137652513,-18.803630637473415,-35.698824173824555,24.501139600135364,-9.728788123344202,3.2144665177389893,10.203915000854638,24.759144877919496,22.65343319515599,-49.81464292898923,-1.5338802234729947,-18.758294091076902,-15.93072426376941,-28.15506988107109,-5.6058216510945496,-13.436854655417577,40.48295822936608
15.524349592526171,-7.449235081360339,7.900013751040227,-4.194537451063926,0.37845728493493563,-11.703596619398986,4.605903991280952,-7.686155203688131,-23.416184937689103,1.4859798135145434,15.250842333165414,14.561293809826562,-0.20629751707816762,-4.727544712673575,0.981028841564424,0.4540922037061383,-5.8315603032180245,-7.173648966825902,-1.627756764949685,-9.228014021505105,-9.783556256280269,2.6265879751394543,-3.1957519370101655,6.198925189515228,4.554651923368528,9.641934222177246,14.847388796415133,14.999773764213666,-3.711635290284187,8.372462060211479,14.33419936196802,-1.4957882302373002,8.592347510331722,-4.864348074097219,8.668775752958755,-14.562256185763854,-12.665485874115383,12.14360211056541,15.388381191743457,2.087734216499018,7.1203011236955795,13.044058763278263,-9.133446054820803,3.72939045013573,-1.3346668247547986,-3.9410211164637308,-9.204793782301302,-8.292843315397173,18.247826485938738,0.814328282229401,6.71753185205611,5.707249793769985,10.212208152097666,1.7591953914438085,4.883426327332271,-15.260230330546655
-29.831147130299303,14.326536838778855,-15.133247219526275,8.336471495528668,-1.2872185550583273,21.481488399468788,-7.686155203688131,15.858859749356357,44.64487961885974,-2.6537538915931798,-27.82315907283328,-29.35756971297576,-0.1470289439569735,9.561628464289614,-1.7975166023279172,-0.5295576936316797,12.58943864790045,13.31819433216815,2.3039221872099214,17.6050341790242,17.030650456542578,-4.13468613928504,6.242459072768763,-12.073427860870272,-6.771706908865421,-19.141166412354504,-28.23079246889635,-28.784259092529084,6.140519209110285,-17.271529685521692,-27.99509354047269,3.3222313254464964,-15.616653515508725,10.3145581240877,-16.533595348914282,28.216913170412248,24.354847550966735,-21.85545527542934,-27.809516746882473,-3.2775852178948877,-12.510576297222627,-24.552279957963187,16.973514349433128,-7.157146922741279,2.5415585707546677,6.83069549858673,16.766288272176364,16.174318789974414,-35.159981409838025,-0.8413526172965532,-13.064685190053032,-11.474568737727699,-19.727635695373145,-4.568879031634075,-9.822194296869078,28.41791537975148
-86.78371899366329,42.106831984048,-45.35679181217582,24.039548136048708,-3.534366477869173,63.893056668881684,-23.416184937689103,44.64487961885974,130.90619439768975,-7.105682000219633,-82.74532265275688,-84.91272052430932,0.4749737056667029,27.426346706187203,-5.0198597610107765,-1.4953942826405886,34.880731613168464,38.6629016005103,7.159089176744513,51.54407936507112,50.596027820483286,-12.451081364892826,19.261394757236868,-34.93660266412868,-20.568649451524507,-55.264719407096955,-82.27008223240281,-84.23887807236143,19.07196911530415,-49.184093653081305,-82.10821033470363,9.44074380190459,-46.65887887149631,28.96776600288622,-48.51523959241467,82.1113980207963,71.31203294276511,-65.18605516374929,-82.70835683670771,-10.488825304063326,-37.85005334753469,-72.6295812539028,49.751162742376316,-20.19473711783991,6.913632603040493,20.3663465120266,50.330632894776635,46.69877819978337,-102.19971904559917,-2.152748710005512,-38.415355320407244,-32.9391107127877,-57.296078077163905,-12.016882746117549,-28.007114117111353,82.54730691478395
5.214220316067318,-1.9872580277192,1.9698374401195853,-1.4554584684018164,-0.05374148273027447,-3.5885782164506734,1.4859798135145434,-2.6537538915931798,-7.105682000219633,1.0099779241432831,4.500945168345733,4.35050324803733,0.31780925458461873,-1.4315171964167912,0.681835247525539,0.35885662814507124,-2.039889060334769,-2.7153041463589207,-0.6514957303888983,-2.749401534218014,-3.4786237173994823,1.3041392290823928,-0.493630516858809,1.9979302733538797,2.035638094562374,3.173467204141705,4.7560411512699785,4.420295952580043,-1.1111966597829832,2.6538056359722226,3.6580686540537997,-0.42168587268341273,2.7413365021621345,-1.3308938370097638,2.3532286715110056,-4.250432036487356,-4.087758487608136,3.8474250432663104,4.962237973030599,0.4938653838976782,2.2155294643418113,4.124748391124695,-3.1955322999786597,1.2707133596300966,-0.3592094230951102,-1.5309185672669827,-2.5885873339825047,-2.6052113527331877,5.847065454987912,1.322771463440375,2.0051054974090685,1.8003180763473423,3.7337428984789454,0.7192317604447918,1.424486439776623,-5.3734463803778825
54.53500359295017,-26.708060787130375,28.459033211964076,-14.925346663798788,1.9999310510021342,-40.62214784975013,15.250842333165414,-27.82315907283328,-82.74532265275688,4.500945168345733,52.95134148862318,52.89456540265225,-0.6669873572897671,-17.167254722416832,3.0105901412491907,1.0805267405866144,-21.549459635602332,-24.47409529071048,-4.898626808115305,-32.663759061620105,-32.64469206227975,8.014934805755336,-11.952676426467148,21.9935224972734,13.7682209016201,34.4642060010566,52.12062771740326,53.291495544502325,-12.348452269328797,30.57025738682461,51.93320680291918,-5.724563449769157,29.591862178796138,-18.19463642481168,30.910548966518895,-51.99448617828853,-44.69812693316095,41.64535945182523,52.77768904008868,6.930843290943872,24.21499872691181,45.68308143450445,-31.460520399652268,13.036360563054657,-4.725436249341844,-13.000954044555506,-32.08940992488215,-29.501358786648957,64.45818761943383,1.1638234721179874,24.0098929410694,20.594546767095764,35.6658967106883,7.050514333090195,17.726415409905833,-52.538025465445394
56.47026883884517,-27.326864310708988,29.854093722114527,-15.851881300994156,2.6713160197965324,-41.10465630189307,14.561293809826562,-29.35756971297576,-84.91272052430932,4.35050324803733,52.89456540265225,56.113925970622596,-0.007936604148499466,-18.021221559577363,3.279981156756671,0.6983967699691286,-23.180476748289834,-24.788991385289172,-4.092566923058683,-33.35910398199077,-31.73197986658434,7.641471806043495,-12.966420057808069,22.732805166466996,12.054750502363744,36.336567313629885,53.11568276422844,54.65569118815756,-11.979807702126346,32.53986976558372,53.5526271350419,-6.4494667926335145,30.049197606414292,-19.04713436325551,31.30145623653159,-53.251310226106384,-46.61025896486578,41.62310563916794,52.85285605265938,6.469110154841043,24.127640825299046,47.288672233958074,-32.05212041309193,12.724148923038996,-4.086215986458706,-12.8801791167061,-32.36521425489708,-30.29457584225932,66.34920773991081,1.1318205078600942,25.26732775911067,21.636596271933154,37.5592320276127,8.425937885636,18.1935772123919,-52.76847197380541
0.17574558894549025,0.39424265779033785,-0.27440616019254355,-0.16562195522956466,-0.02056494421230587,0.2665275531260178,-0.20629751707816762,-0.1470289439569735,0.4749737056667029,0.31780925458461873,-0.6669873572897671,-0.007936604148499466,0.4120323288907825,0.054296829405495566,0.33077699262669685,0.07257229272843457,-0.18940094408000807,-0.19698579673290362,0.09238520435840572,0.2769192744109192,0.1401043174053663,0.26442725206193884,0.21022126231479396,-0.028611566616201855,0.017527938215834253,0.1752840764854144,-0.22546819329868614,-0.4386680937225614,0.16151406962713824,0.08168988273753014,-0.813657259900536,-0.0565756000282235,-0.059451502041804744,0.24582160348388354,-0.5113977191860518,0.5215468192801946,-0.12465323245681031,-0.2817249679551883,-0.27894710993499267,-0.23953589866139274,-0.1693618435980712,0.03590735605399716,-0.11663436453907687,-0.19050541566684143,0.30317851794338,-0.12216725046614735,0.39357130432389686,0.1536612219712771,-0.13802813012162007,0.8545069060110241,-2.196342078963191e-5,0.0019514387732334352,0.5192556165327564,0.2898191958281579,-0.21912475920542673,0.030762644016170192
-18.155730421382334,8.882087044065829,-9.483842079529506,5.057186727925255,-0.8352863061525853,13.227509400904768,-4.727544712673575,9.561628464289614,27.426346706187203,-1.4315171964167912,-17.167254722416832,-18.021221559577363,0.054296829405495566,5.84787104264924,-0.9861992454734679,-0.2527081815615192,7.561454739520107,8.00348232166124,1.377508847509156,10.821948717464966,10.32519916302955,-2.4063759383696994,4.034893281727158,-7.360431304757033,-3.9798778864989517,-11.658222827715054,-17.237345279995353,-17.7097045768785,3.8245127020075715,-10.516880980600117,-17.396274551324783,2.0438536309459567,-9.600148682014396,6.3111309627828724,-10.228809148562796,17.343015306958993,14.90131719384092,-13.423460233919014,-17.04446350284705,-2.0903778957725945,-7.722992083122265,-15.080586829428617,10.30366724101572,-4.300344532966622,1.5291649968198242,4.1128888691835535,10.412692775883533,9.870549644652552,-21.4662470701699,-0.1982858363528291,-8.052758078331427,-6.998841229288599,-11.928228877784868,-2.6985673096372036,-6.005269453643468,17.185047721928406
3.833244646771711,-1.314787089276676,1.62800357419542,-1.140368973932184,0.01748102815170241,-2.5864423890714234,0.981028841564424,-1.7975166023279172,-5.0198597610107765,0.681835247525539,3.0105901412491907,3.279981156756671,0.33077699262669685,-0.9861992454734679,0.6023736096405988,0.20705261998751898,-1.3783690140483629,-1.9261762465409233,-0.3539818013387755,-1.868596859279136,-2.303779750926243,1.0030122335319507,-0.5775147971217353,1.39468689421732,1.2632241608158974,2.3923518390321012,3.238617077308919,3.0382640849787443,-0.8252758237415142,1.9074793377770756,2.433838479623777,-0.3721559661486773,2.0796835049666256,-0.722876581670182,1.472459058622669,-2.7912892155079745,-3.137550625760253,2.714374580267785,3.507560790569203,0.32236939594250436,1.6422174308196191,3.207122514158903,-2.3306604383544856,0.6085790904086334,0.07068414297638682,-1.142287575922665,-1.862837515979283,-1.7218403529707906,4.094774867280965,1.1987688274787425,1.5909506130174624,1.2758092666596208,2.9757163407285065,0.5855454548371964,0.8216954087158703,-3.5767328872651962
1.1508684384538914,-0.3662455951980212,0.2601850559755842,-0.2875208712964642,-0.11569716542224093,-0.83224844152743,0.4540922037061383,-0.5295576936316797,-1.4953942826405886,0.35885662814507124,1.0805267405866144,0.6983967699691286,0.07257229272843457,-0.2527081815615192,0.20705261998751898,0.1673768796472373,-0.36056024688385163,-0.7223106946662012,-0.27331359071034084,-0.5833707337622576,-1.03657859661118,0.45171527901225933,0.06673698676374433,0.42561966742560986,0.7975057226997094,0.6142443487015037,1.0908227780788657,0.9026511312065428,-0.31238566532373513,0.44879801204676983,0.5888572036609381,-0.018494729632731344,0.6478350984090095,-0.19693618692907164,0.4775841783641799,-0.8627504350307608,-0.8369357520679587,0.9724566519432137,1.2569853056630265,0.14807402190350855,0.5647795876417044,0.8683029431240835,-0.7915145162439763,0.3598713989494588,-0.14022239945296058,-0.44865918131622184,-0.5688101751419379,-0.5595290206377586,1.270441282501795,0.5220025685725911,0.35001051369208047,0.33540346345150285,0.8227942351883634,0.0558346563835732,0.27949814743465035,-1.4094972313120315
-23.327235905287754,11.223153700744604,-11.820640231647868,6.557871723424183,-1.0951159559703787,16.64311798543717,-5.8315603032180245,12.58943864790045,34.880731613168464,-2.039889060334769,-21.549459635602332,-23.180476748289834,-0.18940094408000807,7.561454739520107,-1.3783690140483629,-0.36056024688385163,10.078811109334172,10.340568385850522,1.6765536647063686,13.763127012431687,13.048910973091703,-3.0767096283760447,4.888289243636596,-9.474539583934483,-4.986896013176192,-15.063218389913503,-22.050602595375363,-22.52728792675379,4.6421532866378,-13.703682083234936,-22.000652909019017,2.66608093126067,-12.063510147271472,8.247010291210103,-12.93705053212171,22.139009409197612,19.039582742763123,-16.863058233074835,-21.47573540347477,-2.4506238879937223,-9.594621874454806,-19.105190223271208,13.179337883885744,-5.621739152616133,2.011785397225991,5.217847644744227,12.971705408958146,12.704822838139238,-27.529647720295152,-0.5077618000498119,-10.23558101823687,-9.060666890267708,-15.421003094649276,-3.7589200104308436,-7.772663654154445,22.1023357874896
-26.158737738426684,12.107885289927328,-12.976001515879263,7.261367864620756,-0.7839758391555303,19.054477004151927,-7.173648966825902,13.31819433216815,38.6629016005103,-2.7153041463589207,-24.47409529071048,-24.788991385289172,-0.19698579673290362,8.00348232166124,-1.9261762465409233,-0.7223106946662012,10.340568385850522,12.051460893294358,2.390222296680548,15.153380352567638,15.718138572202486,-4.37393931353972,5.203174009166929,-10.39872462455136,-7.045064447392966,-16.492473011264398,-24.553401476881607,-24.693316354413422,5.7758798362125985,-14.442179510679855,-23.378474624244486,2.6920528718413035,-14.074654264759772,8.190873181513744,-13.996624045851313,23.958827820003254,21.33777029241421,-19.63497718897149,-24.987034183117903,-3.0581217644627694,-11.424938959910369,-21.736448901315505,15.230696595444682,-6.04889507596156,1.9305618187958435,6.494348353988424,14.780842263348356,13.80538215155398,-30.447449945716038,-1.9457100880765739,-11.303055078312788,-9.706382744943726,-17.622366445122246,-3.564942807837357,-8.092407665038952,25.237145406766675
-4.773418999664946,2.2300005099160485,-2.1630471186500184,1.224716151842554,0.04215387048640125,3.6825972736944754,-1.627756764949685,2.3039221872099214,7.159089176744513,-0.6514957303888983,-4.898626808115305,-4.092566923058683,0.09238520435840572,1.377508847509156,-0.3539818013387755,-0.27331359071034084,1.6765536647063686,2.390222296680548,0.7131383807914319,2.8442030011606976,3.448854601536197,-1.0277759320253064,0.7039871413781017,-1.8995767537749264,-1.9435108791452549,-2.827698123445323,-4.683369121876878,-4.566720904258326,1.2458794653793144,-2.38334843521474,-4.173193625736136,0.3407823965407572,-2.700515234311578,1.4091894159846572,-2.6718006610105345,4.450467425456866,3.779039509084795,-3.948234459500456,-5.0075533858174115,-0.7159184356907023,-2.3071410788590483,-3.926906250522447,2.9354567177156077,-1.323406821659447,0.5657383769822253,1.3656509724708965,2.8541673589491414,2.5688628202292536,-5.6294160525730765,-0.5118836575007378,-1.9159409833775323,-1.6754372237895814,-3.083721257402567,-0.371569090597738,-1.4988101550729171,5.084450207438475
-34.03956892507021,16.659019563568425,-17.78197700307935,9.391150503560514,-1.3905938406350877,25.111955920614655,-9.228014021505105,17.6050341790242,51.54407936507112,-2.749401534218014,-32.663759061620105,-33.35910398199077,0.2769192744109192,10.821948717464966,-1.868596859279136,-0.5833707337622576,13.763127012431687,15.153380352567638,2.8442030011606976,20.340571390556985,19.919734877101273,-4.787831127096666,7.517898643659688,-13.756927990599454,-8.086992930418129,-21.666114658735314,-32.429233331972696,-33.23168154509409,7.473807486428559,-19.358653691938397,-32.498663736764406,3.6890817986961983,-18.26764106331098,11.555738073749444,-19.23482444166658,32.47066350483942,27.922600695538517,-25.628701960745655,-32.50675432843507,-4.1476001895186165,-14.838427315777556,-28.417762495638687,19.496049264496957,-8.091279346719988,2.900226211510104,7.938333108077656,19.808916440899807,18.44707297520805,-40.23191682019071,-0.5753495863163709,-15.04127939240258,-12.970261595914902,-22.314528060360427,-4.6904335144726375,-11.14098635910027,32.52589334697054
-33.85150301509832,15.979082497765903,-16.83500702202692,9.221391021412725,-0.836804598935916,25.135956725535717,-9.783556256280269,17.030650456542578,50.596027820483286,-3.4786237173994823,-32.64469206227975,-31.73197986658434,0.1401043174053663,10.32519916302955,-2.303779750926243,-1.03657859661118,13.048910973091703,15.718138572202486,3.448854601536197,19.919734877101273,21.099659339639263,-5.766999825702815,6.66069949912397,-13.51083551275225,-9.8228142098215,-21.10955840932376,-32.21049758444075,-32.383497919045794,7.819803664814233,-18.41337930697775,-30.745368157943187,3.3031063164023604,-18.472426231781753,10.658743911591667,-18.59643802992659,31.48245514206876,27.521381122360694,-26.06515923917674,-33.099835366944326,-4.295958063825268,-15.194639620439107,-28.188020548871428,19.86957985852879,-8.165805983356485,2.8839381179585475,8.554830385257995,19.618501703092406,18.048692132055223,-39.67272862004166,-2.1768215246315488,-14.53539736217874,-12.488346216472497,-22.435114109994696,-4.140091822431386,-10.637483839296811,33.255216033749306
8.829415647546984,-3.604472722475869,4.018661315290736,-2.457396488833776,0.014552103800341129,-6.428483919474187,2.6265879751394543,-4.13468613928504,-12.451081364892826,1.3041392290823928,8.014934805755336,7.641471806043495,0.26442725206193884,-2.4063759383696994,1.0030122335319507,0.45171527901225933,-3.0767096283760447,-4.37393931353972,-1.0277759320253064,-4.787831127096666,-5.766999825702815,2.073646316378194,-1.4532591450018681,3.3508309993584215,3.142598477761879,5.3877556115543355,8.022430823862441,7.74603707693389,-2.1354059692944514,4.396000450901334,6.739270589619853,-0.7667937621098311,4.9415086966059,-2.091905155871252,4.170566818050134,-7.319489915333138,-7.1685731104698105,6.794692975699601,8.680929451268238,1.0592662808655728,4.0665905565693325,7.415617835022009,-5.383813529087944,1.8301926036413543,-0.35860099470157586,-2.5649847389624574,-4.852634410709031,-4.325678558164292,9.901518645253834,1.7855784632787746,3.669221388050371,3.014854635849579,6.3023999200693614,1.0025736509568988,2.2925193187702795,-8.693584211979404
-12.565939670491245,6.310533996612642,-7.413911607421718,3.56668581607976,-0.7877795887337417,9.395015973611875,-3.1957519370101655,6.242459072768763,19.261394757236868,-0.493630516858809,-11.952676426467148,-12.966420057808069,0.21022126231479396,4.034893281727158,-0.5775147971217353,0.06673698676374433,4.888289243636596,5.203174009166929,0.7039871413781017,7.517898643659688,6.66069949912397,-1.4532591450018681,3.610413698540542,-5.027098878306136,-2.0648339223429426,-8.187466129085339,-11.695534287155258,-12.394455716220328,2.8224076972653407,-7.2673673231024685,-12.504706531788244,1.5601207677745976,-6.916648404355483,4.125861070016568,-7.096263909795774,11.937202970628345,10.668032009384568,-9.362201623336531,-11.818460977564666,-1.5822246809135256,-5.570749858097397,-10.96442025962531,7.0294798250277015,-2.412442143745636,0.5655861543583839,2.749226357312413,7.588471489376612,6.635823862158227,-14.73312139697384,0.2760653802480989,-5.9619253238148335,-4.828758016822434,-8.397705569495434,-1.7975417214717309,-3.924341655302792,11.115293542939979
23.257482331258952,-11.203510172715843,11.994178472465885,-6.46006683288561,0.9424428750764272,-16.993778869413255,6.198925189515228,-12.073427860870272,-34.93660266412868,1.9979302733538797,21.9935224972734,22.732805166466996,-0.028611566616201855,-7.360431304757033,1.39468689421732,0.42561966742560986,-9.474539583934483,-10.39872462455136,-1.8995767537749264,-13.756927990599454,-13.51083551275225,3.3508309993584215,-5.027098878306136,9.368061436408862,5.508030511283794,14.831958821996034,22.016918345577707,22.48020037197309,-5.016051694408894,13.236343109956714,21.8443537292504,-2.5357482248362784,12.406143272563204,-7.804473074892245,12.919081747465382,-21.941664701274327,-19.062066377195134,17.339174488247522,22.02399334573044,2.7259806135827835,10.028351197490998,19.355351669109154,-13.32129559189312,5.459428989304259,-1.879500500516204,-5.446224587638637,-13.33284295828856,-12.521962497756743,27.367138254520203,0.7019745550220511,10.240878705995197,8.845625039248402,15.39057176641113,3.318218911699221,7.523533074386292,-22.159398021667833
14.057529610490239,-6.234283422014653,6.275033267678606,-3.717319191300934,-0.08585333961372796,-10.569829053648947,4.554651923368528,-6.771706908865421,-20.568649451524507,2.035638094562374,13.7682209016201,12.054750502363744,0.017527938215834253,-3.9798778864989517,1.2632241608158974,0.7975057226997094,-4.986896013176192,-7.045064447392966,-1.9435108791452549,-8.086992930418129,-9.8228142098215,3.142598477761879,-2.0648339223429426,5.508030511283794,5.508074238781537,8.416935133590258,13.432542752601458,13.0106268894184,-3.5311003873147015,7.030609741329631,11.652587017999345,-1.0734570498153666,7.873306047157533,-3.8859034167858684,7.401614348848954,-12.571666106660832,-11.192722073358,11.291368713224184,14.369262266123487,1.921872842743045,6.629215545692554,11.582707422882187,-8.621181899776477,3.5971251296277886,-1.3145348305420368,-4.046740819993895,-8.088981598182116,-7.337269944115467,16.28788854356733,2.050220096886576,5.672009837434514,4.893198615043119,9.424674125749672,1.3093805127256728,4.160853249956659,-14.629648965891572
37.05067052223217,-17.592740502686624,19.217512921953805,-10.406252142523115,1.5852691807253358,-26.88038329292805,9.641934222177246,-19.141166412354504,-55.264719407096955,3.173467204141705,34.4642060010566,36.336567313629885,0.1752840764854144,-11.658222827715054,2.3923518390321012,0.6142443487015037,-15.063218389913503,-16.492473011264398,-2.827698123445323,-21.666114658735314,-21.10955840932376,5.3877556115543355,-8.187466129085339,14.831958821996034,8.416935133590258,23.73672492463681,34.70223331975804,35.45720280122076,-7.904475580544697,21.099400201027986,34.343173208662634,-4.1380702223593,19.75213350136163,-12.148758181275241,20.171723605574716,-34.46642602432502,-30.50391905952886,27.33478863289813,34.74831741053278,4.20485010659825,15.874512099825129,30.96889706874968,-21.17473721988954,8.301864499916249,-2.5702585555544104,-8.671059150237705,-21.04263245066586,-19.703553835172105,43.31427864561301,1.5011213968149952,16.42981612103024,14.05429807428828,24.853720430125552,5.466610620937485,11.711668741598455,-34.815421671961715
54.64670620696026,-26.403026090084353,28.114198865033693,-15.090964194516031,2.0804194013276245,-40.15687749200766,14.847388796415133,-28.23079246889635,-82.27008223240281,4.7560411512699785,52.12062771740326,53.11568276422844,-0.22546819329868614,-17.237345279995353,3.238617077308919,1.0908227780788657,-22.050602595375363,-24.553401476881607,-4.683369121876878,-32.429233331972696,-32.21049758444075,8.022430823862441,-11.695534287155258,22.016918345577707,13.432542752601458,34.70223331975804,51.92070620876803,52.94237872083979,-11.976701882408344,30.89484154708272,51.381924304843466,-5.842825526598099,29.294904665097533,-18.279803711325542,30.514339373617563,-51.682579654537356,-44.723163515563094,41.08743848623362,52.16286749439813,6.570909761167828,23.78582489558636,45.496666221015396,-31.419139088488205,12.988190442646054,-4.585651915972836,-12.9285622251395,-31.534167125833495,-29.473601776485157,64.389772146306,1.6622494503960048,23.97874245043126,20.71078633432443,36.02341486723016,7.536578280924095,17.70687660619907,-52.421748621308204
55.625440014194595,-27.240431480262362,29.162028266476174,-15.372515032586843,2.331818349416569,-41.00531167558033,14.999773764213666,-28.784259092529084,-84.23887807236143,4.420295952580043,53.291495544502325,54.65569118815756,-0.4386680937225614,-17.7097045768785,3.0382640849787443,0.9026511312065428,-22.52728792675379,-24.693316354413422,-4.566720904258326,-33.23168154509409,-32.383497919045794,7.74603707693389,-12.394455716220328,22.48020037197309,13.0106268894184,35.45720280122076,52.94237872083979,54.31483576535361,-12.17643088816331,31.701681467912607,53.18349533330891,-6.07403608895335,29.833855919524915,-18.90524206245635,31.420851723316,-53.059245656984665,-45.6760271252364,41.79983172700002,53.01666470355946,6.749891703811992,24.20650710432357,46.47625899690317,-31.812607139342273,13.146053717183065,-4.670781522490355,-12.917211455936396,-32.36152351001454,-30.130971528673765,65.73076181864403,0.8536682585859436,24.638230290628627,21.22205174113829,36.49348087369681,7.72764298477726,18.1984397316954,-52.99631695250425
-12.666749089387942,6.0452918818825125,-6.653442885385818,3.4588110095307347,-0.35997027839012946,9.575847003505142,-3.711635290284187,6.140519209110285,19.07196911530415,-1.1111966597829832,-12.348452269328797,-11.979807702126346,0.16151406962713824,3.8245127020075715,-0.8252758237415142,-0.31238566532373513,4.6421532866378,5.7758798362125985,1.2458794653793144,7.473807486428559,7.819803664814233,-2.1354059692944514,2.8224076972653407,-5.016051694408894,-3.5311003873147015,-7.904475580544697,-11.976701882408344,-12.17643088816331,3.0686110113389278,-6.801380098436914,-11.663059779196447,1.2645473689338256,-7.087854499129804,3.8193137411971225,-6.973335981515509,11.73537560453841,10.443204288270708,-9.886977667429306,-12.51885405842067,-1.7151725053214801,-5.861322931433869,-10.801523704918809,7.433671256879842,-2.822925319356729,0.876765670427634,3.2135113631634153,7.563446050499052,6.655461578148526,-14.786744930886856,-0.6961756833702675,-5.588220351233442,-4.630630527189339,-8.446471425114513,-1.4363920104480452,-3.8531478802939536,12.18599551639016
32.762992947974574,-15.833032038023122,17.04692906527292,-9.194213653845544,1.5368987861378702,-23.688721221663073,8.372462060211479,-17.271529685521692,-49.184093653081305,2.6538056359722226,30.57025738682461,32.53986976558372,0.08168988273753014,-10.516880980600117,1.9074793377770756,0.44879801204676983,-13.703682083234936,-14.442179510679855,-2.38334843521474,-19.358653691938397,-18.41337930697775,4.396000450901334,-7.2673673231024685,13.236343109956714,7.030609741329631,21.099400201027986,30.89484154708272,31.701681467912607,-6.801380098436914,19.00669121778271,31.025420444393138,-3.734694508314849,17.258007536024568,-11.25637873850973,18.185370338161125,-30.99185940551695,-26.922746759246653,24.00084302683233,30.506832901615624,3.649215451932354,13.816815014248792,27.207926506449212,-18.570777440600594,7.593743203406962,-2.5619111715525054,-7.424585237929796,-18.585382625245106,-17.686706114680227,38.57184286818205,0.6645714599674741,14.546534048021897,12.615544267170167,21.724149883329577,5.016686571081172,10.700933191389849,-30.80611017695894
53.60137756185931,-26.943803574522793,28.771384678518075,-14.775086577523908,2.5470661856597783,-39.718065197257424,14.33419936196802,-27.99509354047269,-82.10821033470363,3.6580686540537997,51.93320680291918,53.5526271350419,-0.813657259900536,-17.396274551324783,2.433838479623777,0.5888572036609381,-22.000652909019017,-23.378474624244486,-4.173193625736136,-32.498663736764406,-30.745368157943187,6.739270589619853,-12.504706531788244,21.8443537292504,11.652587017999345,34.343173208662634,51.381924304843466,53.18349533330891,-11.663059779196447,31.025420444393138,52.85928146937905,-6.007579130198016,28.674557722755026,-18.950312255588805,31.063756305553035,-52.13977855629198,-44.12674818262706,40.28863311936101,51.02164502984459,6.606468828998804,23.259454291128254,44.856885063641016,-30.388454701445077,12.852471516826352,-4.813340644253727,-12.02861835582045,-31.58836652210056,-29.420930070926897,63.817999771750266,-0.7053102519568725,23.994629351320683,20.729915386971552,34.688388559116675,7.527240469838461,18.029203848708438,-50.81419002046626
-6.3141048243479325,3.038753029620496,-3.4304837226886593,1.8167241684196225,-0.3751364054336264,4.512356285807506,-1.4957882302373002,3.3222313254464964,9.44074380190459,-0.42168587268341273,-5.724563449769157,-6.4494667926335145,-0.0565756000282235,2.0438536309459567,-0.3721559661486773,-0.018494729632731344,2.66608093126067,2.6920528718413035,0.3407823965407572,3.6890817986961983,3.3031063164023604,-0.7667937621098311,1.5601207677745976,-2.5357482248362784,-1.0734570498153666,-4.1380702223593,-5.842825526598099,-6.07403608895335,1.2645473689338256,-3.734694508314849,-6.007579130198016,0.784952181288377,-3.3123312901087383,2.14684934591969,-3.4370569832841684,5.901227659328893,5.265192078645668,-4.502888962109364,-5.724121902221056,-0.6583599522014104,-2.61065640082476,-5.314649425663274,3.521104906107809,-1.3147009428400382,0.35098938923091755,1.3695232388598053,3.5542443902423693,3.3554044362637363,-7.377179747485781,-0.07968837142683827,-2.8904523527412915,-2.453815873334824,-4.266173962240525,-1.055907969353809,-2.01136925621478,5.687334582870199
31.216128634670135,-14.778873175670144,16.26449671466257,-8.66894381528058,1.1120197027603225,-23.06687076885302,8.592347510331722,-15.616653515508725,-46.65887887149631,2.7413365021621345,29.591862178796138,30.049197606414292,-0.059451502041804744,-9.600148682014396,2.0796835049666256,0.6478350984090095,-12.063510147271472,-14.074654264759772,-2.700515234311578,-18.26764106331098,-18.472426231781753,4.9415086966059,-6.916648404355483,12.406143272563204,7.873306047157533,19.75213350136163,29.294904665097533,29.833855919524915,-7.087854499129804,17.258007536024568,28.674557722755026,-3.3123312901087383,17.043889660873894,-9.75059305570859,16.978950911471596,-28.847555049708088,-25.73067220111787,23.6338526759785,29.99295119758736,3.847082686052475,13.881204296291934,26.36196675644425,-18.081998046569687,6.907156705989887,-2.081978697999594,-7.627497685720716,-18.11479782895242,-16.445194134362694,36.39708900377032,1.6338073575389451,13.809098296088363,11.610522332344063,20.958242504894866,4.111702908156039,9.61767654560718,-29.615877242478007
-18.82904910925266,9.624974682478955,-9.838802884591054,5.177209842452157,-0.962845630303866,13.73480149719021,-4.864348074097219,10.3145581240877,28.96776600288622,-1.3308938370097638,-18.19463642481168,-19.04713436325551,0.24582160348388354,6.3111309627828724,-0.722876581670182,-0.19693618692907164,8.247010291210103,8.190873181513744,1.4091894159846572,11.555738073749444,10.658743911591667,-2.091905155871252,4.125861070016568,-7.804473074892245,-3.8859034167858684,-12.148758181275241,-18.279803711325542,-18.90524206245635,3.8193137411971225,-11.25637873850973,-18.950312255588805,2.14684934591969,-9.75059305570859,7.214642906447251,-11.17321798237367,18.761717773566918,15.333125239628536,-13.89437801489435,-17.6243847978388,-2.168421678595933,-7.837741913322337,-15.393007991703653,10.552139933327133,-4.917935638064656,2.0966346162773446,4.019191231087685,10.880228653702453,10.629548690467658,-22.682512951112265,0.6701158380137779,-8.312981374183062,-7.4692949173631655,-11.940408534378696,-2.8920010372773204,-6.718492062395487,18.087353176348888
31.683625674756662,-15.889139901010935,16.725058797977226,-8.666832690957383,1.3563735077696273,-23.544877354641784,8.668775752958755,-16.533595348914282,-48.51523959241467,2.3532286715110056,30.910548966518895,31.30145623653159,-0.5113977191860518,-10.228809148562796,1.472459058622669,0.4775841783641799,-12.93705053212171,-13.996624045851313,-2.6718006610105345,-19.23482444166658,-18.59643802992659,4.170566818050134,-7.096263909795774,12.919081747465382,7.401614348848954,20.171723605574716,30.514339373617563,31.420851723316,-6.973335981515509,18.185370338161125,31.063756305553035,-3.4370569832841684,16.978950911471596,-11.17321798237367,18.401872548297636,-30.844416095970555,-25.954792948712775,24.007369057937243,30.407744181062643,3.9671821024061447,13.836337005253467,26.39949047664632,-18.075912969627776,7.811358110082219,-3.040025297014663,-7.240422187115719,-18.681234546234066,-17.44090062458208,37.770787610134214,-0.21184928671063602,14.026298115722629,12.193676110993728,20.420236817183568,4.302574884487804,10.695187210423756,-30.44627850671099
-54.040223386225506,26.683211412135055,-28.25931928211724,14.889154565949358,-2.2994160925998544,39.82934442432731,-14.562256185763854,28.216913170412248,82.1113980207963,-4.250432036487356,-51.99448617828853,-53.251310226106384,0.5215468192801946,17.343015306958993,-2.7912892155079745,-0.8627504350307608,22.139009409197612,23.958827820003254,4.450467425456866,32.47066350483942,31.48245514206876,-7.319489915333138,11.937202970628345,-21.941664701274327,-12.571666106660832,-34.46642602432502,-51.682579654537356,-53.059245656984665,11.73537560453841,-30.99185940551695,-52.13977855629198,5.901227659328893,-28.847555049708088,18.761717773566918,-30.844416095970555,51.990929414938435,44.27569497776073,-40.59411844564249,-51.48221541625895,-6.54968976015006,-23.405692736004166,-44.968493341740604,30.841985721826127,-13.079604366158161,4.869235550255493,12.422121240728481,31.45633058509011,29.510505194912156,-64.10503236477304,-0.37249533398207946,-23.8800960722065,-20.73558180440204,-35.19781589480608,-7.560750462207493,-17.97535857486597,51.70710873261411
-47.79411047782069,22.64658194613479,-24.920243820523734,13.389962974668682,-1.9472590739288222,34.90692216875539,-12.665485874115383,24.354847550966735,71.31203294276511,-4.087758487608136,-44.69812693316095,-46.61025896486578,-0.12465323245681031,14.90131719384092,-3.137550625760253,-0.8369357520679587,19.039582742763123,21.33777029241421,3.779039509084795,27.922600695538517,27.521381122360694,-7.1685731104698105,10.668032009384568,-19.062066377195134,-11.192722073358,-30.50391905952886,-44.723163515563094,-45.6760271252364,10.443204288270708,-26.922746759246653,-44.12674818262706,5.265192078645668,-25.73067220111787,15.333125239628536,-25.954792948712775,44.27569497776073,39.41685081735944,-35.570577100891555,-45.18627851197169,-5.589839235655327,-20.771275507673764,-40.16701839964367,27.437368141207962,-10.553975566348152,3.164388000234491,11.360042608198476,27.368330127460194,25.27659487243328,-55.76764494207401,-2.16606299398143,-21.224672477434744,-17.99130298964083,-32.13151000993966,-6.789846078802925,-14.90643354550525,44.93532878737913
