V1,V2,V3,V4,V5,V6,V7,V8,V9,V10,V11,V12,V13,V14,V15,V16,V17,V18,V19,V20,V21,V22,V23,V24,V25,V26,V27,V28,V29,V30,V31,V32,V33,V34,V35,V36,V37,V38,V39,V40,V41,V42,V43,V44,V45,V46,V47,V48,V49,V50,V51,V52,V53,V54,V55,V56
57.14677661086411,-27.287356946951473,29.536978464859132,-15.91722024859205,2.2633534820446806,-41.78156360093408,15.268597458934114,-29.37360177765437,-85.54904906646061,4.968830369245771,53.82882288788779,55.65443243539865,0.025470254485325427,-17.92581809811842,3.6045790341822674,1.0721752425124642,-22.98106407770356,-25.59986957458772,-4.673367624085864,-33.60193350154509,-33.21850538349643,8.481074900358166,-12.450342688290544,22.90401365974188,13.66000150702503,36.406987741121164,53.83623144070997,54.91647275980338,-12.445417497880584,32.28856497432062,53.142028791911954,-6.219090891651148,30.646546225634946,-18.728931305165926,31.39871080959564,-53.42561937600935,-46.94029229771068,42.65033980078039,54.17827127917561,6.720313093678941,24.78220272101624,47.76094009247652,-32.81582820639947,13.08703847729004,-4.263845445271224,-13.537642569308394,-32.754820330912736,-30.507020117355307,66.97527590916224,2.244066841739529,25.214949516720296,21.595625865917857,38.091186925732,8.072083811907612,18.159147990206595,-54.23833087302729
-27.287356946951473,13.41608596722222,-14.460202487326393,7.5272931923615065,-1.1429045475741646,20.238041217553018,-7.43385349030718,13.992249747746916,41.432320891481695,-2.0867714265932373,-26.294691201462786,-26.812899622893948,0.29964728301905247,8.66301397963509,-1.4603407456714987,-0.42287412975052635,10.905534533961342,12.083825894273549,2.259415561849129,16.33685295488752,15.935394125925423,-3.8094408839028793,6.2136889183378745,-11.013225627518016,-6.400472928489651,-17.369814215661712,-25.9771284683269,-26.704110280578075,6.073122561956703,-15.4777607307157,-26.190864564654206,2.9721667523876687,-14.741224634324242,9.195597274848678,-15.46065905152745,26.044904169195,22.461001697406985,-20.63235732063841,-26.146151473231406,-3.3927964177773693,-11.99592075244174,-22.91794077585449,15.625003837267675,-6.376894154670007,2.2362286566081453,6.36246664519384,16.01966690480007,14.751296173538801,-32.24056270155917,-0.34936639090392324,-12.140705435254315,-10.38073172963965,-17.893132653921562,-3.690990743559415,-8.881708967100073,25.94628698123883
29.536978464859132,-14.460202487326393,17.175832354426603,-8.30391798623865,1.4865254961586993,-22.40084388666844,8.033710308388915,-14.04842191359316,-44.927738963941856,1.5155412630522518,28.370632049032775,29.4950142845739,-0.5135508863148343,-9.107223900657639,1.6556343863394778,0.107146905800916,-10.732644436879744,-12.60770759582121,-2.079688623942123,-17.45936377289876,-16.559204156500616,4.159831090557332,-8.232748763608246,11.641614970118752,6.053260788947841,18.91664423868259,27.376951178812217,28.694312371234172,-7.090848104881211,16.34250489927561,28.369721460880037,-3.4200407853689923,16.68955847235683,-8.8721965194535,16.291638808676893,-27.392195088095644,-25.049739026626373,22.599338421226687,28.5223936891811,3.971945277107905,13.626356389979847,26.002161377039965,-16.88967935162118,5.501509446268919,-1.102778531565658,-6.980776031518888,-18.026300458150377,-15.262344708506896,34.3100034413065,0.44255802320885707,13.858172903303522,10.989526189865332,19.98197331538842,3.6976078339706193,8.744957834422248,-26.534272504105093
-15.91722024859205,7.5272931923615065,-8.30391798623865,4.4742116190512675,-0.6693022750589486,11.585024507692406,-4.171010484394193,8.136952245056548,23.716084379767747,-1.3556410005193495,-14.809440468075907,-15.569199326490251,-0.07056466249757705,4.97240122177102,-1.0526994491288943,-0.2652739392830228,6.378750216821548,7.088880876085032,1.2234605864564752,9.280717409872494,9.09081475785643,-2.3645691824908703,3.5656567960208467,-6.347416053345712,-3.650235635774856,-10.182802154540493,-14.863971114149662,-15.189487225482095,3.4443771344437706,-9.000848896204092,-14.680929899490907,1.772196624595191,-8.542904754677506,5.117285581157811,-8.6158418621045,14.722898198283314,13.135611145879045,-11.786785181981779,-14.978324029353931,-1.832297165968596,-6.877777379906542,-13.370167236373694,9.118443563819287,-3.491338450907211,1.028184668710925,3.761799713048274,9.076246149316775,8.410419963654467,-18.55873219340854,-0.7240358017228982,-7.079649073581029,-6.004054523482433,-10.723827315015443,-2.306147534970511,-4.960775502580479,14.910898593368955
2.2633534820446806,-1.1429045475741646,1.4865254961586993,-0.6693022750589486,0.19609692615695049,-1.6950345122906127,0.5184153850560994,-1.0766986640758214,-3.475912489780268,2.788522089641121e-4,2.0850350888615528,2.458039144747123,-0.036684006886041856,-0.72916904729177,0.0988178335557369,-0.06532198392247221,-0.849394553369427,-0.8645894000904006,-0.05065595339098288,-1.3350917291160658,-1.0456096704095101,0.21094445855365168,-0.8049354357850872,0.8897975285280562,0.18374209953277068,1.5167766105125031,2.029414679262354,2.2248549723460296,-0.5094880669201676,1.3333598065299017,2.301510391580027,-0.3233281825661057,1.2716009605601608,-0.6990441687595672,1.2438739167341286,-2.1028669371218722,-1.9930021164961975,1.6426238538344284,2.0665934782856423,0.2805832008116912,1.0077869763164118,2.0638990978355296,-1.2327741730106336,0.3062359098893966,0.017205893227154528,-0.46260497814866236,-1.3947838315521048,-1.1468354538094923,2.611085379868093,-0.10240732543714477,1.152205994392102,0.8748543018951255,1.5668716377465768,0.3524980510954909,0.6541374179299588,-1.8109840663374541
-41.78156360093408,20.238041217553018,-22.40084388666844,11.585024507692406,-1.6950345122906127,31.11265730634511,-11.468161022337462,20.898803994033855,63.10088285612766,-3.187369962496124,-40.04755158365049,-40.81022544221698,0.38611834382515614,13.018840566930251,-2.4657089549791693,-0.6519183936984427,16.15695052338039,18.523574501413467,3.4538597325626887,24.74783795316354,24.40981368948536,-6.1722813326786765,9.807448777485181,-16.68656771395722,-9.926022972996927,-26.542845369172166,-39.379478271038316,-40.473452738063955,9.543060242573933,-23.319810015552243,-39.44029276067033,4.542271795974497,-22.88821722460651,13.37167466234619,-23.204018077950295,39.18262889691226,34.60173046992312,-31.733402772623958,-40.201027949060034,-5.284160794532401,-18.660394652133782,-35.4961533200823,24.04525211183686,-9.202341566545694,2.8398479932277407,9.971492321482708,24.6368055567545,22.17595989912312,-48.96286796090187,-1.2029253549277938,-18.73063406738941,-15.676878532263206,-27.800948515979226,-5.472174528067453,-13.081033530016354,39.32398655306829
15.268597458934114,-7.43385349030718,8.033710308388915,-4.171010484394193,0.5184153850560994,-11.468161022337462,4.3611049728181355,-7.623576183298223,-23.145433741051008,1.260022755856635,14.89508876332212,14.689748870119303,-0.21687303306332847,-4.735285821730027,0.8819232964882091,0.3203726835870561,-5.8451545691049684,-6.878766381245114,-1.4206416973990792,-9.113006675531743,-9.249897193524829,2.3539519211984428,-3.4063483893707813,6.117170720341411,3.9920346437573535,9.601872125347562,14.545380881481822,14.86204598346192,-3.5678016111163426,8.41856751546452,14.417865193318812,-1.5746853350867642,8.402855732114128,-4.9111070314108245,8.590107618594066,-14.430774803338396,-12.555249026637023,11.78501732097949,14.9237017151232,2.008149333574536,6.91117223931924,12.902244347573049,-8.863922846090286,3.5481509985370403,-1.220612233660174,-3.723899689956265,-9.07408724058766,-8.174294658038933,17.97447044639461,0.4688677773811921,6.743602670912364,5.69690248758887,10.045043018072432,1.86295774115633,4.846266390073888,-14.68826519961396
-29.37360177765437,13.992249747746916,-14.04842191359316,8.136952245056548,-1.0766986640758214,20.898803994033855,-7.623576183298223,16.054696263356536,43.737393755913004,-3.0902882822522066,-27.351315628793756,-28.47398757216799,-0.30249801067651527,9.463305727116515,-1.8385479117493726,-0.7512963509680077,12.810039571824925,13.431386928153755,2.5047521634542473,17.3449336089572,17.225700892729822,-4.222690863320117,5.321357409164307,-11.9788485525,-7.303071015168381,-18.744574746490343,-28.077161848128515,-28.268678603984952,5.8389909454204245,-17.076252781515322,-27.21525789904508,3.1345117337390773,-15.066863038217928,10.492866552891114,-16.32893675827253,27.94658529452601,23.611481245324004,-21.424605114625205,-27.33007315769811,-3.0810759083579846,-12.056085806502173,-23.61053003595865,16.7913713236365,-7.66770050486842,3.0578285004336188,6.783918260902814,16.123163040205306,16.172608088529113,-34.796198932947526,-1.1284487277018365,-12.472303282069971,-11.346113152232318,-19.233032850267602,-4.596630170427039,-9.968659888595491,28.782052559300766
-85.54904906646061,41.432320891481695,-44.927738963941856,23.716084379767747,-3.475912489780268,63.10088285612766,-23.145433741051008,43.737393755913004,128.9884598124443,-6.933984378569067,-81.5671766012221,-83.64531663080791,0.49225825814769525,26.93497446454459,-5.010906222392016,-1.4523750811542315,34.10028372866369,38.08698006116231,7.049699788063011,50.73251271664456,49.87508191504694,-12.388582143548302,19.20411452994232,-34.365141615048024,-20.289915490750335,-54.454631329234026,-80.94558861917007,-82.92637023672928,18.946190615849652,-48.31182397018808,-80.77584825782931,9.308025164066196,-46.175418398856976,28.24870516841247,-47.679200306479515,80.69572756265147,70.4198296136306,-64.37453513787956,-81.65861723554764,-10.418343172703919,-37.48794342899965,-71.82910244797687,49.09024547421546,-19.63782532941791,6.549720900313446,20.166142265035155,49.743964559458824,45.860752218232,-100.59094472324594,-2.306392637868193,-37.96798591663392,-32.376749145168034,-56.63080724260454,-11.729631255276722,-27.386514227783834,81.15739686797663
4.968830369245771,-2.0867714265932373,1.5155412630522518,-1.3556410005193495,2.788522089641121e-4,-3.187369962496124,1.260022755856635,-3.0902882822522066,-6.933984378569067,1.04576739136249,4.296424933932216,4.357105986197373,0.3324333735048946,-1.5914412399067035,0.49275987287950396,0.35429536579819637,-2.538805144080154,-2.59424365742223,-0.5972149336920887,-2.799356421240004,-3.2386736003072,0.949797248927048,-0.10451007823716148,2.0624251629234722,1.798745660035427,3.0970072427251027,4.841708511452069,4.487536325595463,-0.7531487633956858,2.9202406549199575,3.925655129718053,-0.4207152838466051,2.2428357454890895,-1.9269566576808754,2.5734519699539344,-4.598975101846374,-3.6732390150270637,3.4113314737586102,4.439056558031509,0.3109526697845829,1.7438065106782263,3.4818499098746787,-2.9227834333737324,1.7344823144861292,-0.8669345597286513,-1.240730921377152,-2.2278966597511385,-2.845630871704686,5.901463768310132,0.781334902979356,1.7455167919427774,1.9260650075508439,3.2427886525399985,0.9408099204000638,1.8250546448141642,-5.486582162556041
53.82882288788779,-26.294691201462786,28.370632049032775,-14.809440468075907,2.0850350888615528,-40.04755158365049,14.89508876332212,-27.351315628793756,-81.5671766012221,4.296424933932216,51.98825216058086,52.43935257890376,-0.5919399009633923,-16.925908809016125,3.015511968332982,0.9619869754298912,-21.203301692568633,-24.01891456476487,-4.654923089283423,-32.13445704216939,-31.85383311622327,7.848129987841778,-12.10392526699498,21.654324954466066,13.184499029106517,34.1163529243797,51.2081939716701,52.4810674213562,-12.169188712974526,30.211969549827053,51.199607778818276,-5.747117821001004,29.25179006763235,-17.795598940062916,30.330423488777928,-51.09433476243715,-44.2774175538039,40.95494831503056,51.89934906300974,6.795714202984664,23.883786764974467,45.28025324285897,-30.98743371969153,12.53806888304223,-4.3411883585574245,-12.781722339033966,-31.664075634712102,-28.96469052226478,63.46729278331044,1.1832305256412852,23.861041918281693,20.322185385882417,35.39417535685166,7.054867281059267,17.32533282205148,-51.402946413112964
55.65443243539865,-26.812899622893948,29.4950142845739,-15.569199326490251,2.458039144747123,-40.81022544221698,14.689748870119303,-28.47398757216799,-83.64531663080791,4.357105986197373,52.43935257890376,54.83485981306558,-0.11758319089761664,-17.547813338522904,3.3423003972451744,0.789371249532669,-22.30241899804061,-24.57393684572376,-4.257107366780114,-32.81369016200243,-31.760025658003546,7.900640641711864,-12.825585855259272,22.301399150788683,12.472277221330394,35.627187184156476,52.2938914763059,53.72185625135331,-12.147461657049993,31.62390421212111,52.40481792178684,-6.229849783090927,29.952467084553874,-18.27349164829747,30.712525118550925,-52.173206839882916,-45.99385714433386,41.457490747551525,52.60998544866562,6.594916025410217,24.182532614886526,46.86455619555632,-31.787638553998168,12.363425123268541,-3.84292705301832,-12.975210580297091,-32.16318484341532,-29.654338324924684,65.22566907794194,1.5611427852068993,24.896733734635742,21.113387439356913,37.12867986321115,7.930949035428143,17.638554551507376,-52.129129147875034
0.025470254485325427,0.29964728301905247,-0.5135508863148343,-0.07056466249757705,-0.036684006886041856,0.38611834382515614,-0.21687303306332847,-0.30249801067651527,0.49225825814769525,0.3324333735048946,-0.5919399009633923,-0.11758319089761664,0.33835677523616847,-0.0054317639438979754,0.20005158033951667,0.09513653294666771,-0.35111382225371823,-0.15547876969682736,0.042306709962635414,0.2073562831086145,0.10655037258970473,0.11554976565563777,0.43204921033904437,0.0018473021659942846,0.05586919367536814,0.06696993085649114,-0.11968469046712556,-0.34996021389835985,0.2703556608882971,0.13305845909078765,-0.6194576640818202,-0.012012235793773255,-0.2658976445763869,-0.04551233579073653,-0.3222190269567852,0.28317951817403036,0.12568550181922944,-0.3781692929881794,-0.40005750949320656,-0.2618977252086513,-0.32675696637833573,-0.295567180812062,-0.0024769109078185184,0.10462827533476335,-0.026878200707673324,-0.0087987158716554,0.48789478861497637,0.014155253667561025,-0.09133914010400246,0.5283815806182166,-0.16434127495127646,0.034893829991314906,0.18223186868635335,0.2927849790747452,8.673032380106732e-4,-0.13043269696008494
-17.92581809811842,8.66301397963509,-9.107223900657639,4.97240122177102,-0.72916904729177,13.018840566930251,-4.735285821730027,9.463305727116515,26.93497446454459,-1.5914412399067035,-16.925908809016125,-17.547813338522904,-0.0054317639438979754,5.727532726038775,-1.049478525250829,-0.3433980468946146,7.468698141152332,8.034650012906773,1.4661331222659661,10.635671576826185,10.408503551239296,-2.5259920368255546,3.7406277393645797,-7.259372914899215,-4.239003000361881,-11.446279531380629,-17.04562362102859,-17.371925642246197,3.7766071157407786,-10.299511040765665,-16.897048088351333,1.9544851246154755,-9.45413121207024,6.180926418723928,-10.02155516367197,17.0306776604397,14.620947105089689,-13.285627349944125,-16.88907816015693,-2.0478191534032586,-7.620417017541584,-14.780689715459907,10.241825499394894,-4.355426235710936,1.5909713367722778,4.149446075978832,10.1857251617508,9.743245174831797,-21.171322687878696,-0.4643841972580889,-7.832974129607761,-6.869006649587077,-11.78918343487074,-2.6322927969958787,-5.917673396516469,17.198451758267613
3.6045790341822674,-1.4603407456714987,1.6556343863394778,-1.0526994491288943,0.0988178335557369,-2.4657089549791693,0.8819232964882091,-1.8385479117493726,-5.010906222392016,0.49275987287950396,3.015511968332982,3.3423003972451744,0.20005158033951667,-1.049478525250829,0.4051382604526453,0.1247074790298423,-1.4549887407271187,-1.7051445973656287,-0.2793159787470963,-1.9204429191760837,-2.054743968529107,0.7088880771997523,-0.634457203056192,1.38533158021402,0.9514678496963326,2.300366501756684,3.202846308187137,3.136679929022328,-0.7209364557097026,1.972400968496206,2.798751578208648,-0.3889161777238677,1.8875240052544484,-0.9769499012559778,1.6588993015608795,-2.9915688352511585,-2.9439843204679352,2.535715577726829,3.2593450810232625,0.31613622957980836,1.4824299617911998,2.9683849015445154,-2.1067538421781986,0.7109516323518089,-0.1077481998788851,-0.93372037841198,-1.8373817752342476,-1.7829509408654407,4.036608098674493,0.6371865012283671,1.535509031564186,1.304201830246663,2.6120590993628894,0.5972800170676889,0.9803938664314564,-3.3691054271677934
1.0721752425124642,-0.42287412975052635,0.107146905800916,-0.2652739392830228,-0.06532198392247221,-0.6519183936984427,0.3203726835870561,-0.7512963509680077,-1.4523750811542315,0.35429536579819637,0.9619869754298912,0.789371249532669,0.09513653294666771,-0.3433980468946146,0.1247074790298423,0.14584734113017242,-0.6171783165075452,-0.6552072033834835,-0.2143550488774011,-0.6126669865324152,-0.8692874044393838,0.26854783029269447,0.19501514091084537,0.46502376301696874,0.6100532498269262,0.623850547198442,1.1288332372315184,0.9539108049612173,-0.13706445228235692,0.6155935112775609,0.7491156553471532,-0.042097540757482024,0.4284537020956276,-0.47905925592168497,0.5754836278927437,-1.0330273082818329,-0.6953233312072302,0.7548544815661921,0.995966025358989,0.0509504397985428,0.3417390344037401,0.618103241823931,-0.6671302350061538,0.538783869862758,-0.3353893168057735,-0.30322156779255355,-0.4085239882069897,-0.6735438907374339,1.318917478397489,0.26178773826251056,0.27005184201111904,0.41438122818905276,0.6439073432912183,0.19379299690408477,0.4611936698385171,-1.4201623280924678
-22.98106407770356,10.905534533961342,-10.732644436879744,6.378750216821548,-0.849394553369427,16.15695052338039,-5.8451545691049684,12.810039571824925,34.10028372866369,-2.538805144080154,-21.203301692568633,-22.30241899804061,-0.35111382225371823,7.468698141152332,-1.4549887407271187,-0.6171783165075452,10.298498003050717,10.550130000650794,1.9334365277000147,13.551002370826469,13.40583260660415,-3.2504207787364794,3.9317819181633813,-9.414091562989436,-5.675168525568136,-14.705358272549136,-22.005667568849862,-22.078353490086037,4.393703151220681,-13.511814920338685,-21.221776048151714,2.4636320581323807,-11.59546799349669,8.407993194162628,-12.76300877483493,21.923585567483364,18.367982816765398,-16.56078758638573,-21.16138698508489,-2.2811758152314705,-9.220915218974518,-18.249808094271557,13.095531076778661,-6.1720102815557665,2.5432282768024783,5.243185624068876,12.390134847157306,12.745541179114017,-27.27759342738214,-0.9058672869922217,-9.660939730821491,-8.945942585117454,-15.012023422367243,-3.7625436247360438,-7.927995804575507,22.643534638448077
-25.59986957458772,12.083825894273549,-12.60770759582121,7.088880876085032,-0.8645894000904006,18.523574501413467,-6.878766381245114,13.431386928153755,38.08698006116231,-2.59424365742223,-24.01891456476487,-24.57393684572376,-0.15547876969682736,8.034650012906773,-1.7051445973656287,-0.6552072033834835,10.550130000650794,11.712093028576719,2.2639394216199205,15.013824048118863,15.210760753701875,-3.959699475799588,4.982762368329552,-10.304127394663244,-6.604979449208849,-16.229444708479054,-24.264323622573265,-24.473015875232793,5.437910873038595,-14.474412807489411,-23.428681225689317,2.684791039843389,-13.524707846173222,8.550280876982656,-14.023719155515739,23.947547990069353,20.77404846317831,-19.03120728250579,-24.228475944103753,-2.8994121964338766,-10.926374917658125,-21.012913845525507,14.772423027986637,-6.253570440545837,2.246164806023264,6.136182179631406,14.374724190758016,13.794087612843668,-30.07427173554234,-1.3394090670454852,-11.015153581973488,-9.683105505558235,-16.982444992870803,-3.6816290439577046,-8.287554580032847,24.840341860582257
-4.673367624085864,2.259415561849129,-2.079688623942123,1.2234605864564752,-0.05065595339098288,3.4538597325626887,-1.4206416973990792,2.5047521634542473,7.049699788063011,-0.5972149336920887,-4.654923089283423,-4.257107366780114,0.042306709962635414,1.4661331222659661,-0.2793159787470963,-0.2143550488774011,1.9334365277000147,2.2639394216199205,0.5845058657269092,2.8297924735087,3.1291656527193297,-0.8036553335991854,0.6619608479196152,-1.9188947337255113,-1.5949820151609564,-2.863883294112853,-4.628940242724172,-4.564918587720999,1.0411027697476953,-2.5730667288780116,-4.310314868146396,0.3982763760231619,-2.4643792892750893,1.6589029630872458,-2.7073356618568956,4.544509115231591,3.6656695245188904,-3.643700979241062,-4.636951334968442,-0.5898141490411656,-2.047453385508729,-3.702615855301524,2.7683120131675176,-1.4045265681965482,0.668261979586353,1.1853984917959801,2.662519121402643,2.633471721326602,-5.611633954242927,-0.24143513482814116,-1.8764064755108607,-1.7553483616426686,-2.945175538353347,-0.5565018529084559,-1.6350569366795418,4.9274759256894445
-33.60193350154509,16.33685295488752,-17.45936377289876,9.280717409872494,-1.3350917291160658,24.74783795316354,-9.113006675531743,17.3449336089572,50.73251271664456,-2.799356421240004,-32.13445704216939,-32.81369016200243,0.2073562831086145,10.635671576826185,-1.9204429191760837,-0.6126669865324152,13.551002370826469,15.013824048118863,2.8297924735087,20.00207550542897,19.707588764402338,-4.8271491214916855,7.346105067234758,-13.552081010071277,-8.08882627178687,-21.368841449648606,-31.946597545815266,-32.671416164604224,7.379554145361946,-19.047997602413908,-31.837215504125957,3.62468800110645,-18.037840784618297,11.298490337604418,-18.8612039947467,31.894105446241362,27.55148900082366,-25.280850883537767,-32.07811007464468,-4.071191010996748,-14.647591082538115,-28.042941004045932,19.279214001471313,-7.948907806256326,2.805219461002239,7.8923792080718815,19.48461264359455,18.148227357084288,-39.63751260144106,-0.7958349301935373,-14.815649279865234,-12.764820085071621,-22.10715205671579,-4.6305567084002766,-10.920987123158932,32.12477986269635
-33.21850538349643,15.935394125925423,-16.559204156500616,9.09081475785643,-1.0456096704095101,24.40981368948536,-9.249897193524829,17.225700892729822,49.87508191504694,-3.2386736003072,-31.85383311622327,-31.760025658003546,0.10655037258970473,10.408503551239296,-2.054743968529107,-0.8692874044393838,13.40583260660415,15.210760753701875,3.1291656527193297,19.707588764402338,20.15521289612378,-5.157087602045502,6.5782382592371365,-13.398590821274766,-8.905861673525399,-20.926108827674778,-31.74638669649807,-32.08989511594646,7.32208320122335,-18.601811741150847,-30.853457014163464,3.390940908163929,-17.77444591656426,11.105145777740585,-18.54525950909314,31.40748023544842,26.96198938123992,-25.154665548027918,-31.961735291977185,-4.019577618512757,-14.497065506540219,-27.40535319333621,19.253400146688534,-8.244259542906708,3.0923041223350785,8.038343168521706,19.06498273450626,17.995796855567132,-39.19588359434344,-1.3991315987987574,-14.307616035609774,-12.5183101841998,-21.801617030387632,-4.4441193188787045,-10.83366429330545,32.48988899985716
8.481074900358166,-3.8094408839028793,4.159831090557332,-2.3645691824908703,0.21094445855365168,-6.1722813326786765,2.3539519211984428,-4.222690863320117,-12.388582143548302,0.949797248927048,7.848129987841778,7.900640641711864,0.11554976565563777,-2.5259920368255546,0.7088880771997523,0.26854783029269447,-3.2504207787364794,-3.959699475799588,-0.8036553335991854,-4.8271491214916855,-5.157087602045502,1.5451242884861058,-1.6557752625815854,3.3291877815471262,2.408730180204049,5.318275867502616,7.873099260929927,7.859761351403248,-1.9129532199237904,4.578440446035346,7.314113057371809,-0.8521573824594334,4.6120383349649865,-2.484415970912426,4.392516111977279,-7.568585990876211,-6.929434691253602,6.386833179490865,8.13488696372028,0.9928247344589818,3.750379277721255,7.088125288746223,-4.98513827560438,1.8743005516754667,-0.5216550781494508,-2.183705115167298,-4.761434669830802,-4.382300479066317,9.76861225841451,0.8884666836796835,3.651233334780349,3.0872275937745974,5.815463865426306,1.1210714038934615,2.504368033489298,-8.167903392986346
-12.450342688290544,6.2136889183378745,-8.232748763608246,3.5656567960208467,-0.8049354357850872,9.807448777485181,-3.4063483893707813,5.321357409164307,19.20411452994232,-0.10451007823716148,-12.10392526699498,-12.825585855259272,0.43204921033904437,3.7406277393645797,-0.634457203056192,0.19501514091084537,3.9317819181633813,4.982762368329552,0.6619608479196152,7.346105067234758,6.5782382592371365,-1.6557752625815854,4.42280148854289,-4.784999040598243,-1.963480196689129,-8.04775659891984,-11.223937484663228,-12.166322714375523,3.305052135486538,-6.711928089529796,-12.30329852790212,1.5674816032670822,-7.465428312269961,3.2584756636976575,-6.800727815554529,11.31562963735831,10.990683704108227,-9.743292696176548,-12.211152237736401,-1.8961344823600181,-6.137700013927495,-11.660870679383699,7.074043000024891,-1.5847852987982598,-0.19443757248184848,2.9361073001305726,8.109297313037487,6.117450651808085,-14.23798160365819,0.08122680267664903,-6.286445477185706,-4.533997779127842,-8.652245189332874,-1.357232856165916,-3.293976927697709,10.312179234416863
22.90401365974188,-11.013225627518016,11.641614970118752,-6.347416053345712,0.8897975285280562,-16.68656771395722,6.117170720341411,-11.9788485525,-34.365141615048024,2.0624251629234722,21.654324954466066,22.301399150788683,0.0018473021659942846,-7.259372914899215,1.38533158021402,0.46502376301696874,-9.414091562989436,-10.304127394663244,-1.9188947337255113,-13.552081010071277,-13.398590821274766,3.3291877815471262,-4.784999040598243,9.244234282730911,5.552190666505139,14.585310591490222,21.740961517476627,22.12726554900023,-4.898732803167908,13.049945863778722,21.446927433746275,-2.469754753856906,12.155616128079844,-7.7558394997379345,12.736056921247966,-21.64491455105459,-18.697754764323474,17.05810012522283,21.68079405424517,2.656370190363166,9.823509228202614,18.947513393213445,-13.134341354023089,5.503018432509596,-1.964695093923524,-5.374387955446266,-13.054723771525246,-12.38311959673264,26.98903060823356,0.7467463119560391,10.006500360757913,8.721412150499926,15.115424612133063,3.2867176126519873,7.471143509559874,-21.985212880479438
13.66000150702503,-6.400472928489651,6.053260788947841,-3.650235635774856,0.18374209953277068,-9.926022972996927,3.9920346437573535,-7.303071015168381,-20.289915490750335,1.798745660035427,13.184499029106517,12.472277221330394,0.05586919367536814,-4.239003000361881,0.9514678496963326,0.6100532498269262,-5.675168525568136,-6.604979449208849,-1.5949820151609564,-8.08882627178687,-8.905861673525399,2.408730180204049,-1.963480196689129,5.552190666505139,4.486864629835597,8.435670531751486,13.291460506046695,13.07124206678771,-2.9577634955444263,7.5339319010867465,12.216571423675118,-1.2169951066563778,7.159464679744186,-4.67687384789977,7.617953509411748,-12.942948245297078,-10.769260907807954,10.432777606797252,13.305898070083623,1.607412043339738,5.882859116178311,10.85307049812456,-8.069446337464036,3.8918441298771347,-1.7104090141306691,-3.4723490997265,-7.592693511676354,-7.546435380249848,16.2142536925296,1.0289173768126303,5.520066194709346,5.106881476362654,8.832091970895297,1.7662952814864707,4.611902931940644,-14.14842344189388
36.406987741121164,-17.369814215661712,18.91664423868259,-10.182802154540493,1.5167766105125031,-26.542845369172166,9.601872125347562,-18.744574746490343,-54.454631329234026,3.0970072427251027,34.1163529243797,35.627187184156476,0.06696993085649114,-11.446279531380629,2.300366501756684,0.623850547198442,-14.705358272549136,-16.229444708479054,-2.863883294112853,-21.368841449648606,-20.926108827674778,5.318275867502616,-8.04775659891984,14.585310591490222,8.435670531751486,23.266593961014888,34.2036714208208,34.9526071371904,-7.861276545957123,20.660124223325013,33.880734573547024,-4.023440516828941,19.48371398211682,-11.943583327107545,19.944114398572385,-33.98552229719855,-29.96035753383946,27.031081534902267,34.34257846966095,4.222729496222099,15.710654802080818,30.460845727179922,-20.846113633778664,8.227911113303113,-2.609592467571743,-8.55776608742852,-20.812866851635803,-19.40198096721899,42.626847620697966,1.3801015388212798,16.13095796758686,13.790129304738537,24.33223888892903,5.2476689485059405,11.542958254218538,-34.34282380612556
53.83623144070997,-25.9771284683269,27.376951178812217,-14.863971114149662,2.029414679262354,-39.379478271038316,14.545380881481822,-28.077161848128515,-80.94558861917007,4.841708511452069,51.2081939716701,52.2938914763059,-0.11968469046712556,-17.04562362102859,3.202846308187137,1.1288332372315184,-22.005667568849862,-24.264323622573265,-4.628940242724172,-31.946597545815266,-31.74638669649807,7.873099260929927,-11.223937484663228,21.740961517476627,13.291460506046695,34.2036714208208,51.23460133619117,52.13539779757025,-11.632870027131133,30.57229844906367,50.54499088044769,-5.744958290726213,28.663595270524397,-18.229584673413637,30.07910913651052,-51.01052533043851,-43.92248636350773,40.31293973298278,51.21499531153387,6.3553799921538605,23.23026847905499,44.56305276990312,-30.92950759705783,13.032779660982358,-4.730112234054688,-12.689455266403458,-30.844177498801024,-29.155757705596187,63.515457509702436,1.6698825828050359,23.490810261021014,20.469369551221018,35.41973875728106,7.566643257600055,17.601396237522742,-51.86621707697072
54.91647275980338,-26.704110280578075,28.694312371234172,-15.189487225482095,2.2248549723460296,-40.473452738063955,14.86204598346192,-28.268678603984952,-82.92637023672928,4.487536325595463,52.4810674213562,53.72185625135331,-0.34996021389835985,-17.371925642246197,3.136679929022328,0.9539108049612173,-22.078353490086037,-24.473015875232793,-4.564918587720999,-32.671416164604224,-32.08989511594646,7.859761351403248,-12.166322714375523,22.12726554900023,13.07124206678771,34.9526071371904,52.13539779757025,53.38609369618702,-12.086603088479213,31.125745499548035,52.068785114948554,-5.957406691411546,29.529558586470447,-18.39235415020851,30.78970205307289,-52.06625702003469,-45.1033929520283,41.30740848451111,52.40378487093574,6.66685392811055,23.97287305440937,45.938506228640904,-31.488112826952033,12.854236541768964,-4.4576129573061865,-12.883614315106545,-31.895579085037422,-29.60155870199618,64.73148149364776,1.2670387637804545,24.292317103105486,20.853849383047535,36.18682287767755,7.56864867178668,17.780099133459853,-52.32221756413603
-12.445417497880584,6.073122561956703,-7.090848104881211,3.4443771344437706,-0.5094880669201676,9.543060242573933,-3.5678016111163426,5.8389909454204245,18.946190615849652,-0.7531487633956858,-12.169188712974526,-12.147461657049993,0.2703556608882971,3.7766071157407786,-0.7209364557097026,-0.13706445228235692,4.393703151220681,5.437910873038595,1.0411027697476953,7.379554145361946,7.32208320122335,-1.9129532199237904,3.305052135486538,-4.898732803167908,-2.9577634955444263,-7.861276545957123,-11.632870027131133,-12.086603088479213,3.096992834278263,-6.7248581351877945,-11.830022540481918,1.3498782783648453,-7.107931673126756,3.6595190839152725,-6.8955901621102855,11.541579429789008,10.4848481855373,-9.72488573695701,-12.270039214093824,-1.7565873906793503,-5.867493088437531,-10.929005647140542,7.215410829842433,-2.4342520799821723,0.5715136059822014,3.0606540480486193,7.66383813606389,6.442191337004314,-14.476702066575822,-0.34182456462660377,-5.745191305152611,-4.56495419739825,-8.366427532599866,-1.3993455300921984,-3.6761593317339116,11.460633470196779
32.28856497432062,-15.4777607307157,16.34250489927561,-9.000848896204092,1.3333598065299017,-23.319810015552243,8.41856751546452,-17.076252781515322,-48.31182397018808,2.9202406549199575,30.211969549827053,31.62390421212111,0.13305845909078765,-10.299511040765665,1.972400968496206,0.6155935112775609,-13.511814920338685,-14.474412807489411,-2.5730667288780116,-19.047997602413908,-18.601811741150847,4.578440446035346,-6.711928089529796,13.049945863778722,7.5339319010867465,20.660124223325013,30.57229844906367,31.125745499548035,-6.7248581351877945,18.58251463951862,30.19834158013814,-3.551568408120307,16.971945877565783,-11.06555453967019,17.87724676279931,-30.487804583266488,-26.34843039023158,23.772753663451685,30.243406389744436,3.599951145858389,13.632917650798738,26.6027143503551,-18.429613137881702,7.752327012992369,-2.7517908984115143,-7.469655771501041,-18.199115202633365,-17.477753361953464,38.034228141741956,1.0316591732949998,14.11141125930035,12.369397932618076,21.35845314313714,4.848436264823011,10.583366910701972,-30.85650077918293
53.142028791911954,-26.190864564654206,28.369721460880037,-14.680929899490907,2.301510391580027,-39.44029276067033,14.417865193318812,-27.21525789904508,-80.77584825782931,3.925655129718053,51.199607778818276,52.40481792178684,-0.6194576640818202,-16.897048088351333,2.798751578208648,0.7491156553471532,-21.221776048151714,-23.428681225689317,-4.310314868146396,-31.837215504125957,-30.853457014163464,7.314113057371809,-12.30329852790212,21.446927433746275,12.216571423675118,33.880734573547024,50.54499088044769,52.068785114948554,-11.830022540481918,30.19834158013814,51.187284354605296,-5.839980968548349,28.734691078932197,-17.91761150617442,30.14081713123952,-50.75738684407045,-43.8240906936911,40.14887067647775,50.86447146918622,6.617007227766605,23.37012699948014,44.73201792066153,-30.378057915928242,12.305463854066085,-4.261342087200988,-12.329328684336788,-31.267237533223696,-28.709270865206133,62.78387462214709,0.5055965446853184,23.74298644133359,20.24116959455075,34.861475818629465,7.214786923941219,17.28101617735703,-50.323178863388655
-6.219090891651148,2.9721667523876687,-3.4200407853689923,1.772196624595191,-0.3233281825661057,4.542271795974497,-1.5746853350867642,3.1345117337390773,9.308025164066196,-0.4207152838466051,-5.747117821001004,-6.229849783090927,-0.012012235793773255,1.9544851246154755,-0.3889161777238677,-0.042097540757482024,2.4636320581323807,2.684791039843389,0.3982763760231619,3.62468800110645,3.390940908163929,-0.8521573824594334,1.5674816032670822,-2.469754753856906,-1.2169951066563778,-4.023440516828941,-5.744958290726213,-5.957406691411546,1.3498782783648453,-3.551568408120307,-5.839980968548349,0.7380060414041973,-3.3660962313992484,1.9759350446174764,-3.3607562585212056,5.739613008177219,5.2078309402284555,-4.570153556776432,-5.797308880509546,-0.7191258964017476,-2.6956623350841658,-5.3185544072832895,3.52301213243391,-1.2419979697278987,0.29356989450943527,1.426145254023903,3.593576712571444,3.2500660724474355,-7.225113893016555,-0.17984167553172337,-2.8527346753792755,-2.358091408736464,-4.22674425380747,-0.9261871440035747,-1.9007177848249548,5.630370932365336
30.646546225634946,-14.741224634324242,16.68955847235683,-8.542904754677506,1.2716009605601608,-22.88821722460651,8.402855732114128,-15.066863038217928,-46.175418398856976,2.2428357454890895,29.25179006763235,29.952467084553874,-0.2658976445763869,-9.45413121207024,1.8875240052544484,0.4284537020956276,-11.59546799349669,-13.524707846173222,-2.4643792892750893,-18.037840784618297,-17.77444591656426,4.6120383349649865,-7.465428312269961,12.155616128079844,7.159464679744186,19.48371398211682,28.663595270524397,29.529558586470447,-7.107931673126756,16.971945877565783,28.734691078932197,-3.3660962313992484,16.94778402685663,-9.486043730393996,16.815885035579687,-28.43286915300789,-25.533303044528214,23.308202149503238,29.51336963406456,3.9172054978782658,13.819905493473934,26.288745592130066,-17.6554323931335,6.407885587051911,-1.7432493494967616,-7.375538736271703,-18.157634383944877,-16.06057527328227,35.720469007980235,1.0802593236246973,13.871799776207446,11.4161251799928,20.5945095158454,3.9576884999401947,9.342243883938492,-28.507804295726437
-18.728931305165926,9.195597274848678,-8.8721965194535,5.117285581157811,-0.6990441687595672,13.37167466234619,-4.9111070314108245,10.492866552891114,28.24870516841247,-1.9269566576808754,-17.795598940062916,-18.27349164829747,-0.04551233579073653,6.180926418723928,-0.9769499012559778,-0.47905925592168497,8.407993194162628,8.550280876982656,1.6589029630872458,11.298490337604418,11.105145777740585,-2.484415970912426,3.2584756636976575,-7.7558394997379345,-4.67687384789977,-11.943583327107545,-18.229584673413637,-18.39235415020851,3.6595190839152725,-11.06555453967019,-17.91761150617442,1.9759350446174764,-9.486043730393996,7.130956485830518,-10.81584188434423,18.359130591619873,14.930981202820545,-13.721862208897374,-17.491379500723152,-1.9940771895339175,-7.611362503645209,-14.854717327375422,10.657155852634215,-5.272501796651837,2.363661659185187,4.206002496120122,10.351778581857555,10.59577244550875,-22.490633753674054,-0.18858160403881075,-7.8747744994725,-7.354657858200393,-11.938288635721857,-2.933758664498328,-6.701014454277724,18.675248621308636
31.39871080959564,-15.46065905152745,16.291638808676893,-8.6158418621045,1.2438739167341286,-23.204018077950295,8.590107618594066,-16.32893675827253,-47.679200306479515,2.5734519699539344,30.330423488777928,30.712525118550925,-0.3222190269567852,-10.02155516367197,1.6588993015608795,0.5754836278927437,-12.76300877483493,-14.023719155515739,-2.7073356618568956,-18.8612039947467,-18.54525950909314,4.392516111977279,-6.800727815554529,12.736056921247966,7.617953509411748,19.944114398572385,30.07910913651052,30.78970205307289,-6.8955901621102855,17.87724676279931,30.14081713123952,-3.3607562585212056,16.815885035579687,-10.81584188434423,17.90842603606172,-30.163664106172885,-25.6731340279325,23.723000369443504,30.085770482104667,3.857151100746306,13.687222279656979,26.106721284165317,-17.998433232155868,7.669661393921014,-2.887609177890666,-7.315989692622962,-18.30556954874771,-17.137311778252815,37.239746446334244,0.3879567565405095,13.800438991542277,11.991347335671328,20.43553187843707,4.282273543222809,10.417168982381643,-30.243578917686754
-53.42561937600935,26.044904169195,-27.392195088095644,14.722898198283314,-2.1028669371218722,39.18262889691226,-14.430774803338396,27.94658529452601,80.69572756265147,-4.598975101846374,-51.09433476243715,-52.173206839882916,0.28317951817403036,17.0306776604397,-2.9915688352511585,-1.0330273082818329,21.923585567483364,23.947547990069353,4.544509115231591,31.894105446241362,31.40748023544842,-7.568585990876211,11.31562963735831,-21.64491455105459,-12.942948245297078,-33.98552229719855,-51.01052533043851,-52.06625702003469,11.541579429789008,-30.487804583266488,-50.75738684407045,5.739613008177219,-28.43286915300789,18.359130591619873,-30.163664106172885,51.01633874802292,43.61367276643077,-40.056311396815474,-50.857662734897076,-6.3656896986789455,-23.05571230051515,-44.24278230028815,30.613084443119135,-13.034954293959409,4.842954287239863,12.457618862233742,30.781302222180745,29.087631749859998,-63.22328149608331,-1.098845518959666,-23.386815539204314,-20.407333396609705,-34.95031465344291,-7.503708636292764,-17.658465903910688,51.44040598357477
-46.94029229771068,22.461001697406985,-25.049739026626373,13.135611145879045,-1.9930021164961975,34.60173046992312,-12.555249026637023,23.611481245324004,70.4198296136306,-3.6732390150270637,-44.2774175538039,-45.99385714433386,0.12568550181922944,14.620947105089689,-2.9439843204679352,-0.6953233312072302,18.367982816765398,20.77404846317831,3.6656695245188904,27.55148900082366,26.96198938123992,-6.929434691253602,10.990683704108227,-18.697754764323474,-10.769260907807954,-29.96035753383946,-43.92248636350773,-45.1033929520283,10.4848481855373,-26.34843039023158,-43.8240906936911,5.2078309402284555,-25.533303044528214,14.930981202820545,-25.6731340279325,43.61367276643077,38.9135662254766,-35.20018506935416,-44.647566723208875,-5.692082484861345,-20.681854632682317,-39.81241660562988,26.93084213793235,-10.114264714120502,2.92036277669678,11.138445642396352,27.296109828812764,24.764189400436393,-54.78803466956603,-1.7259651453996383,-21.070295665326242,-17.639468282136118,-31.51987205513207,-6.466603322629901,-14.55111813058146,43.82288058463874
