V1,V2,V3,V4,V5,V6,V7,V8,V9,V10,V11,V12,V13,V14,V15,V16,V17,V18,V19,V20,V21,V22,V23,V24,V25,V26,V27,V28,V29,V30,V31,V32,V33,V34,V35,V36,V37,V38,V39,V40,V41,V42,V43,V44,V45,V46,V47,V48,V49,V50,V51,V52,V53,V54,V55,V56
1.2404513296098612,-0.4892837383701704,-0.807884382443086,1.5520475757824261,-0.38551079545871886,1.9032802769548234,2.9028658122901447,1.6626495429409442,-0.07681928164984658,0.001294893197676111,1.4312524336835282,-0.31894643384786553,-1.079166246588341,-0.8791422541869103,0.1305141144159754,1.0216766353698408,-1.1270048518995963,0.6440928312312725,-0.6104690458160017,0.40094111009908145,0.907896936306666,0.6135552497702648,0.8987931528877096,-0.0466575187607361,-1.098396858132121,0.9333388007219622,-0.1882776707202235,1.688515059337221,-0.34881334263705427,-0.9139007512729591,0.5838298633186612,-0.42345395946069436,-1.1698872829126619,-0.05149593895715243,0.7363803118348399,0.8364291217340692,-0.05297522285847961,-1.4386088431533037,-1.8132624698995867,-1.103101055191983,2.3737557155594358,-0.09628827041044202,0.3209136274987979,0.6148191667474447,-0.6500235042733257,-0.02199692524075229,0.7307151305302125,0.7711337867504301,0.03996908204732015,1.8738489977074468,1.1001911775614284,1.041761187300924,-0.7521321215746831,0.8428440980126606,-0.9339592592906552,-1.4838927425939819
-0.4892837383701704,2.8953692827814392,-1.631059695794179,-0.9666976539779949,2.4239597425420003,2.6671956346411068,6.261913781709902,-2.787612380199104,0.3759297557551504,-0.07856016686581146,0.5806947166635249,3.1639295061871766,-2.5484716329756316,-0.531455281138205,-4.04610718090256,5.3646809345035384,-3.3658457489435527,-0.33987656000931454,-2.242470530220086,-2.2028761195152757,-0.7853205589201077,0.30320966518197906,2.6749043302253,-0.5042382625153738,-0.31869108557742865,-0.16514614914104972,1.0271604366756766,2.623089897015208,-2.006230695628134,-3.940421676791315,-2.8371165093650035,-2.8243240371729343,-3.172565385750241,2.6721496458480627,-0.5603405530249252,-0.47383922857889493,-1.775240820139565,-1.0807662430612115,-2.052420124841386,2.7433530723426505,0.5668115930401701,-1.8523923029836218,2.553354906870987,-1.0290276195486554,-2.684304939706114,0.9331789216724803,2.8193462858067484,5.995570757745079,0.8541223719260673,2.4272263750622027,1.098445994761754,3.5091249963063342,0.5500864480306884,3.5779125767380413,-0.8893920628023982,-4.970832402199607
-0.807884382443086,-1.631059695794179,1.9394765516567882,-0.760332420436026,-1.3920244100712653,-3.716648621532016,-7.254485759644312,0.45005589310084854,-0.19935478293376097,0.05815344971934907,-1.7646543632440281,-1.9866855570624928,2.8551082560505834,1.2104375800942266,2.8006610578729028,-4.835937325438807,3.490991343586356,-0.3620257223154318,2.192199056586546,1.2157225999373906,-0.28944993437049327,-0.7961642263862829,-2.776974790192769,0.40558431263209843,1.2646044884885934,-0.759594956992551,-0.5671725524039717,-3.4820340201775566,1.776400266483277,3.705967927595378,1.4990980938544114,2.436874678824933,3.389257485455949,-1.8844502229033557,-0.2866234761978034,-0.44237721777479716,1.3308910243772634,2.131069226123949,3.1866106055684518,-0.9431803780369484,-2.639790269203052,1.426878341249418,-2.1441591133039117,0.16380022828343332,2.550563075044454,-0.6544917604404112,-2.72146072259559,-5.053782469998327,-0.657011068807526,-3.5152502190844337,-1.8259002748978703,-3.5152518764281537,0.30989238576322536,-3.3778076814898044,1.5173859372938427,4.986646240521766
1.5520475757824261,-0.9666976539779949,-0.760332420436026,1.9928511803032114,-0.7770702460177111,1.942269804239973,2.676546705652689,2.3644654593326,-0.1416298434701576,0.00968622501686305,1.645382513850635,-0.7956098400201739,-0.9653396910518158,-0.988368840515917,0.6842765838667982,0.5290545073648439,-0.9166705949505599,0.8206817146446251,-0.44049991033893654,0.7685979430628896,1.1972847748592128,0.6987314044989499,0.7318235354281408,0.0119039760360035,-1.2811422185500232,1.1454034503544972,-0.358663683942425,1.6887184881680797,-0.15716488068043957,-0.5854223376839987,1.073903529133031,-0.13968574456250685,-0.9912217725790892,-0.40857614157314603,0.9581096368068962,1.0665762084234591,0.16891911630111567,-1.5877637244649017,-1.9129198801052476,-1.6859397171493347,2.7803257351145474,0.12756247883063068,0.05131775110664949,0.8752036961404309,-0.4317931409624649,-0.14731296331102312,0.509195232980783,0.14342037562552082,-0.06147586160785122,1.9373909680931953,1.1785122747224344,0.7961320053737015,-0.9765874691072027,0.5480118073732342,-1.0048047981273989,-1.1370904704180251
-0.38551079545871886,2.4239597425420003,-1.3920244100712653,-0.7770702460177111,2.0322865157815118,2.288896447934727,5.336979670410231,-2.305564695159134,0.31432199753831913,-0.06764736612683833,0.5216333087389761,2.6547903527819887,-2.168918531881992,-0.46779655737366027,-3.4011446581551614,4.536907236261723,-2.8579651686617566,-0.26966930099397063,-1.8998002279391264,-1.8445871446531437,-0.6373583877256473,0.2696189245454973,2.271023390322858,-0.4236040303382407,-0.29490133860892276,-0.11622095774124207,0.8610493360053764,2.2460511314010194,-1.695384895842311,-3.3363817257688346,-2.3719434666194683,-2.384948651768247,-2.6946969707876547,2.248216019887619,-0.45473225897359953,-0.38007030263782465,-1.493871746537027,-0.9415625443462313,-1.7686652953005337,2.2811701300750276,0.5315599910905008,-1.5592891955980732,2.1543139076959865,-0.8502355061382305,-2.2734416168272746,0.785184555462105,2.3874018618722457,5.060315880285142,0.7208708443088285,2.0857625562875435,0.948617922697716,2.977023430090438,0.4450873978663014,3.0303253101403103,-0.768096929594553,-4.216891140727033
1.9032802769548234,2.6671956346411068,-3.716648621532016,1.942269804239973,2.288896447934727,7.262633098442673,13.856062870474029,-0.1357837662774707,0.31894690076595783,-0.10128770092362027,3.6547069719050658,3.3574086207952205,-5.428472556645431,-2.4671960600775487,-4.858474302284881,8.877936335745025,-6.562003267153213,0.8871487067225384,-4.082594692947724,-1.9736757224958368,0.863767127384762,1.6364022499702888,5.2204456646779835,-0.7290423945391296,-2.64784822950352,1.6977227506950296,0.9203310614331532,6.766583227813086,-3.250799239152915,-6.8548982978598305,-2.398297998376727,-4.437929980116862,-6.400081671835764,3.282840942294528,0.7913595521202877,1.1037823554348691,-2.3538933124321564,-4.30035327000547,-6.2978296596562195,1.220714097967966,5.558978285790026,-2.5385922767822002,3.884774221973049,-0.045651783475100405,-4.725686535848528,1.1386661016332125,5.057050407717261,9.161526791012081,1.1670815746903358,6.897140492970053,3.632507500428648,6.5709617941162906,-0.8383034005382165,6.252422569825975,-3.0264565189910613,-9.32369512160726
2.9028658122901447,6.261913781709902,-7.254485759644312,2.676546705652689,5.336979670410231,13.856062870474029,27.15503753273891,-1.9361600451709253,0.767388414810484,-0.2190119174205832,6.5069389039548975,7.588219903863619,-10.696802464283843,-4.477488230405589,-10.654474513081887,18.22727405074789,-13.105072562581121,1.285449170814582,-8.24400203785228,-4.670963274390645,0.9731288348029615,2.9398687048827727,10.424405939634557,-1.5357616025635312,-4.651793962824522,2.7564695269455926,2.1781902860795617,12.994609165673566,-6.699725500383806,-13.950233504743009,-5.7740602397577625,-9.198552827171538,-12.71436744042095,7.162071592075478,0.9887384772271047,1.5673086022968854,-5.048530208806922,-7.899154090513109,-11.856011887135846,3.733986190499074,9.70298071242754,-5.4071664002506425,8.101364001973142,-0.7070098300944513,-9.597785736605047,2.4879743486880104,10.237781892148163,19.090601708894837,2.487869080010202,13.094875129308152,6.7860817732211185,13.208105945489937,-1.0741680940756584,12.713620558180024,-5.6379268008284225,-18.736215713423153
1.6626495429409442,-2.787612380199104,0.45005589310084854,2.3644654593326,-2.305564695159134,-0.1357837662774707,-1.9361600451709253,3.9149860415695077,-0.37595515223430875,0.06116162596273269,1.0195604137299006,-2.822155843099736,0.8945169553837824,-0.4892661596420821,3.3230047762740953,-3.173317891394346,1.488867837900858,0.9344453654007945,1.1382502952619564,2.149141250902175,1.5592406111089814,0.3948159102274996,-1.1805894743342586,0.35162400818289574,-0.8845022765425865,1.0950433763341945,-1.0021242429242712,-0.32398528506694824,1.221743978638585,2.161853761601157,2.8406281809705978,1.7899696074948646,1.2947204932408616,-2.157349644329804,1.201188186591106,1.2357716405481511,1.345465567088899,-0.6319736658146657,-0.25435631067704867,-3.302250908438552,2.0032505987780374,1.3624834511537482,-1.682579116165905,1.4473880966499384,1.4445344965978866,-0.7572914049867079,-1.469670670043569,-3.931226756274899,-0.6301357833753669,0.021768319354207002,0.26869245757203325,-1.6891612740161812,-1.2102420051633833,-1.9484433778829897,-0.2607692278440949,2.3848803273235695
-0.07681928164984658,0.3759297557551504,-0.19935478293376097,-0.1416298434701576,0.31432199753831913,0.31894690076595783,0.767388414810484,-0.37595515223430875,0.04912853410597256,-0.010044040783165715,0.05797166012257005,0.408284623494963,-0.3134995081978726,-0.05770475292742299,-0.5188427537451895,0.6744495645635771,-0.41743550790945083,-0.05083410503654965,-0.2797441520794422,-0.28634317968644757,-0.11101731829433842,0.03172324145787094,0.33186529979206403,-0.06414198275660424,-0.028072387102472476,-0.03185874601453018,0.1334683862092613,0.3160278945054785,-0.2526180480970525,-0.4935074480288696,-0.3698114104796646,-0.35638520099970794,-0.3924877048229423,0.34240334773835024,-0.08007595857784411,-0.07019673272123124,-0.2264263641314727,-0.12169593283214418,-0.2415524660711463,0.3634759224301222,0.04524094272546071,-0.23606362698743524,0.32283630290032905,-0.1388189987094865,-0.3360169957408448,0.11956615661502001,0.352385131333034,0.7580749285683682,0.10884276100091432,0.2890131732074144,0.12788213399403806,0.4367643769644734,0.07896702909269374,0.44764699216851106,-0.10309734588958343,-0.6186592875134244
0.001294893197676111,-0.07856016686581146,0.05815344971934907,0.00968622501686305,-0.06764736612683833,-0.10128770092362027,-0.2190119174205832,0.06116162596273269,-0.010044040783165715,0.0033488745429534747,-0.03409172931576541,-0.08908068677704327,0.08740879935304414,0.02619764904520031,0.11699423245137822,-0.16926366934969883,0.112084394355031,0.0013460618191564059,0.07230088884780198,0.0601277531676104,0.010672151020314106,-0.016407247822575275,-0.08895124878148553,0.014252466150389179,0.023313026555293628,-0.007030355880646489,-0.028660174804484104,-0.09701836141738526,0.0625610762505462,0.1263971725090525,0.07527043711761748,0.08711683889407237,0.10592153918966822,-0.07855589700101466,0.007860967423633413,0.004438314399523336,0.05202788261477757,0.0481220589724571,0.08165729382423323,-0.06630373951623987,-0.04472295784983185,0.05457541049200712,-0.07773294222728208,0.02201858569428997,0.08647950558119102,-0.027462912746886205,-0.09037895973811962,-0.18372229745949967,-0.026440441559429453,-0.09369184480911061,-0.044632245459323185,-0.11560576374656982,-0.0069398551845975395,-0.11519515055205844,0.03600851080204606,0.163620409998633
1.4312524336835282,0.5806947166635249,-1.7646543632440281,1.645382513850635,0.5216333087389761,3.6547069719050658,6.5069389039548975,1.0195604137299006,0.05797166012257005,-0.03409172931576541,2.1426878153792326,0.921795015729696,-2.511607053360633,-1.390414430732178,-1.5455736380669716,3.6318264276805214,-2.922462362801009,0.7110017851953395,-1.7595057231999538,-0.40543066976053993,0.8723827786536716,0.9419833079438684,2.326491069962357,-0.27368650167309605,-1.592273418797239,1.1678614743352074,0.18869993575358787,3.3508008874767956,-1.3133558230310467,-2.8844255466492337,-0.42992260446185415,-1.759003965047389,-2.89511152493061,1.0688795932141115,0.7369462872575826,0.9054716821277052,-0.8227707316421299,-2.3630403729485776,-3.2732928698008545,-0.29812958411954804,3.3846431935250965,-0.9126680257565287,1.5074928757258221,0.37900903356486126,-2.0015644662097962,0.3680817377954968,2.1634767652842246,3.5655870523335103,0.41797293534870145,3.513746019348816,1.9223813810569517,2.8712181210779546,-0.7631451512939068,2.636609315042638,-1.6122428725096267,-4.077570164595452
-0.31894643384786553,3.1639295061871766,-1.9866855570624928,-0.7956098400201739,2.6547903527819887,3.3574086207952205,7.588219903863619,-2.822155843099736,0.408284623494963,-0.08908068677704327,0.921795015729696,3.4985139771292184,-3.068590315260512,-0.7629120040525672,-4.525861167150862,6.224982586291908,-3.9969609213782014,-0.26044757803512963,-2.6359437191124937,-2.402458112524485,-0.7113185179058487,0.4563917007845382,3.1768858600098877,-0.5748303561890783,-0.5654598103410908,-0.009800426139452234,1.1205651740913443,3.2670682125167207,-2.3213982985287474,-4.603128986528874,-3.080217133231774,-3.255183539598997,-3.7866876542969545,2.9962885596898983,-0.4921161862819019,-0.3763231697184715,-2.005862219996682,-1.484939327264098,-2.64859261982366,2.8772811519153088,1.0829843887478512,-2.1005177371650614,2.9309978135976475,-1.0410771171333155,-3.140936207636088,1.045700000106373,3.307023629756456,6.886496483778382,0.9689206906326938,3.081758734275071,1.4412996297434615,4.142397690745641,0.4772283055945178,4.182383909690421,-1.174502700251846,-5.869204886443315
-1.079166246588341,-2.5484716329756316,2.8551082560505834,-0.9653396910518158,-2.168918531881992,-5.428472556645431,-10.696802464283843,0.8945169553837824,-0.3134995081978726,0.08740879935304414,-2.511607053360633,-3.068590315260512,4.218442103944564,1.7356097248409397,4.286391185893142,-7.245564816986155,5.181786307626185,-0.47024527004990174,3.2670240329276843,1.9031213284930202,-0.32599207126642465,-1.1369666795421545,-4.1217740556813105,0.6138656135662542,1.7897591347505637,-1.0405640308271529,-0.8872018770109547,-5.0979779099763505,2.665295784410542,5.5360433343673146,2.3595313631887715,3.66337286873342,5.022503635585103,-2.878323656412236,-0.34530236630156486,-0.5707095988568394,2.0233519935455466,3.0703932533174227,4.632194472613001,-1.577052123924814,-3.7285252063604504,2.1644167269230152,-3.2302397406668697,0.3274950357494013,3.8072893058779633,-1.000120697340708,-4.059123451707797,-7.610345860954523,-0.9954096544346497,-5.125091932633085,-2.6473213100077615,-5.228947137432073,0.37824455495916715,-5.044444240331984,2.198373398424786,7.417173321517458
-0.8791422541869103,-0.531455281138205,1.2104375800942266,-0.988368840515917,-0.46779655737366027,-2.4671960600775487,-4.477488230405589,-0.4892661596420821,-0.05770475292742299,0.02619764904520031,-1.390414430732178,-0.7629120040525672,1.7356097248409397,0.911410088346751,1.2081689806093507,-2.6043897311997624,2.0422367355100444,-0.43143350293191507,1.2416524944011447,0.381382901107027,-0.508897719162523,-0.6141055943020669,-1.6252473062478694,0.2014944104474462,1.0272507623688323,-0.7308711510122783,-0.17778864587621865,-2.271671328075543,0.9454894790381003,2.050371155994401,0.43218332429667794,1.274077038293931,2.0134558533351075,-0.8282943787415188,-0.43526139499797495,-0.546960185673686,0.6216003882153199,1.558441239523153,2.1903956336507777,0.03401042753766442,-2.1768436877302912,0.682484004162922,-1.0994726805062327,-0.18239078062463834,1.4197538870901902,-0.28606247538712104,-1.5298257139677556,-2.597826921883658,-0.313126666093418,-2.363638687791764,-1.2801347435041937,-2.017857325594577,0.4525285738663707,-1.8733722949306635,1.0716619253274768,2.864833416405994
0.1305141144159754,-4.04610718090256,2.8006610578729028,0.6842765838667982,-3.4011446581551614,-4.858474302284881,-10.654474513081887,3.3230047762740953,-0.5188427537451895,0.11699423245137822,-1.5455736380669716,-4.525861167150862,4.286391185893142,1.2081689806093507,5.920660286974309,-8.423238855910219,5.518297945812181,0.19221812385431294,3.608186872570959,3.0655674710321534,0.7233889853581129,-0.7431460977487505,-4.386675340370672,0.7664505348605104,0.99969710479267,-0.2047719283349242,-1.4296884486122636,-4.689425522981536,3.1336056300064485,6.265596542391892,3.9137935059045725,4.3787855375296445,5.251511134709662,-3.927879656760701,0.47550263827629274,0.29995310288372923,2.6497491531863084,2.2877406094180714,3.905287958177903,-3.526093257228643,-1.9772406029266452,2.7841223127882175,-3.9286253882046718,1.2253993959556835,4.281403046162415,-1.3699281609630982,-4.518435197665219,-9.23447517266486,-1.2834396907785497,-4.488898690382032,-2.1514637963937027,-5.689698082343554,-0.45218026481763945,-5.696016623072203,1.7618112698927473,8.063280914743949
1.0216766353698408,5.3646809345035384,-4.835937325438807,0.5290545073648439,4.536907236261723,8.877936335745025,18.22727405074789,-3.173317891394346,0.6744495645635771,-0.16926366934969883,3.6318264276805214,6.224982586291908,-7.245564816986155,-2.6043897311997624,-8.423238855910219,13.164337685578626,-9.071693858018403,0.3535601213471647,-5.806974285517701,-4.036076133714749,-0.15512469425085462,1.6734732350521622,7.2142488928025195,-1.1512935659283734,-2.518928486347908,1.2093458578346787,1.8818902570715443,8.423623538194938,-4.866321812558362,-9.942914616131207,-5.080886641915928,-6.737217289862741,-8.727247480574984,5.624005972814626,0.03294416911848391,0.3837876194630468,-3.877823231440971,-4.709598179237393,-7.412788217722136,4.012681972565471,5.176232616527907,-4.114357719191909,5.986353434700805,-1.1677682271258238,-6.819470500742865,1.9575609504394063,7.239219319714095,14.089582126832495,1.8942319931056923,8.315791436835925,4.182014340536718,9.236451599353149,-0.08263907989537055,9.050673435903395,-3.4560250995322375,-13.096753164470446
-1.1270048518995963,-3.3658457489435527,3.490991343586356,-0.9166705949505599,-2.8579651686617566,-6.562003267153213,-13.105072562581121,1.488867837900858,-0.41743550790945083,0.112084394355031,-2.922462362801009,-3.9969609213782014,5.181786307626185,2.0422367355100444,5.518297945812181,-9.071693858018403,6.406062286667594,-0.46945782155609594,4.059654836130438,2.520735987474715,-0.23020760312877164,-1.3300254818438784,-5.095109778419374,0.776931145164617,2.0662528401076328,-1.1404956267223365,-1.175319955810404,-6.182891036206539,3.34266243235976,6.9038126649082825,3.143297817177014,4.605968710734339,6.193251818974136,-3.6979225624213115,-0.29053947200522223,-0.5587367022886474,2.5813171680440496,3.6369634134853506,5.560479720164211,-2.2480206388183657,-4.287174967844527,2.7530723987456596,-4.072275565870125,0.5464329041741136,4.743461988963785,-1.2857518831947101,-5.049604612686986,-9.590834552034439,-1.266824771299437,-6.179333756292619,-3.1647343609575826,-6.48399931093032,0.32943095295349106,-6.288710584989136,2.6239322019442834,9.196193765030648
0.6440928312312725,-0.33987656000931454,-0.3620257223154318,0.8206817146446251,-0.26966930099397063,0.8871487067225384,1.285449170814582,0.9344453654007945,-0.05083410503654965,0.0013460618191564059,0.7110017851953395,-0.26044757803512963,-0.47024527004990174,-0.43143350293191507,0.19221812385431294,0.3535601213471647,-0.46945782155609594,0.3401666812152001,-0.240114758626308,0.2720381606498553,0.48925986758320505,0.30341877949757834,0.37447615948888574,-0.006381818368147309,-0.5509681781275514,0.4817218139043817,-0.12648530922126167,0.7785378736375385,-0.11471711644108917,-0.343151281126731,0.3868861462775462,-0.12681242220434694,-0.4957248087267386,-0.10776726191294161,0.3921097700461711,0.4398618105121953,0.02919548328427948,-0.6979835817931523,-0.8595700017296897,-0.6486090778035852,1.19109270492368,0.009814028386708128,0.08261009314230357,0.34638148868525503,-0.24787662687739723,-0.0395715145981486,0.28309925630181493,0.20465420116136246,-0.00459868617712861,0.8794129317537583,0.5251298861971039,0.42216228593259153,-0.40052338305371593,0.31854913932279333,-0.4461184906413873,-0.6018106198598399
-0.6104690458160017,-2.242470530220086,2.192199056586546,-0.44049991033893654,-1.8998002279391264,-4.082594692947724,-8.24400203785228,1.1382502952619564,-0.2797441520794422,0.07230088884780198,-1.7595057231999538,-2.6359437191124937,3.2670240329276843,1.2416524944011447,3.608186872570959,-5.806974285517701,4.059654836130438,-0.240114758626308,2.5837129572750532,1.6823488442942824,-0.05716977433814093,-0.8044112683209145,-3.2287642247299533,0.5023071588917897,1.2345927109840857,-0.6482499029320978,-0.7840355053126047,-3.8576161798246864,2.142768582740426,4.405411814097455,2.107392484111566,2.9584914035125784,3.917500241071206,-2.4135918300115953,-0.11516802691031382,-0.2800411757587055,1.6768078612387443,2.224806899794557,3.43964843035938,-1.5765482961195227,-2.5536525174638327,1.784519275121878,-2.621326283750446,0.4186549197523618,3.0245987880559992,-0.8395449082309606,-3.2167169040738526,-6.1712878439696786,-0.8205206017154795,-3.8364417074071704,-1.951282210067745,-4.118757328163411,0.1385692644637407,-4.011640404707456,1.616148085883768,5.8411422471239565
0.40094111009908145,-2.2028761195152757,1.2157225999373906,0.7685979430628896,-1.8445871446531437,-1.9736757224958368,-4.670963274390645,2.149141250902175,-0.28634317968644757,0.0601277531676104,-0.40543066976053993,-2.402458112524485,1.9031213284930202,0.381382901107027,3.0655674710321534,-4.036076133714749,2.520735987474715,0.2720381606498553,1.6823488442942824,1.677110379730273,0.6151382767895444,-0.21499991145111486,-2.0031142941487974,0.3799047082230792,0.2155633282013034,0.1467959174723184,-0.782417214019696,-1.9451725915955163,1.509960606834223,2.960723111123672,2.160776456338575,2.127207402255473,2.3728285952674746,-2.0242813299554214,0.44179589063741287,0.37889211101070613,1.342031519863199,0.7833235046750999,1.5101857550280702,-2.102150938626661,-0.372337773544282,1.3992693500092375,-1.9244203650155485,0.7930398924723381,2.01629263737294,-0.7070670509020696,-2.115972267470498,-4.518942058749943,-0.6460901087807025,-1.7926374869143422,-0.8047876296765926,-2.6314186304386347,-0.43415181282242377,-2.688181769780664,0.6502103822503325,3.7271871361758575
0.907896936306666,-0.7853205589201077,-0.28944993437049327,1.1972847748592128,-0.6373583877256473,0.863767127384762,0.9731288348029615,1.5592406111089814,-0.11101731829433842,0.010672151020314106,0.8723827786536716,-0.7113185179058487,-0.32599207126642465,-0.508897719162523,0.7233889853581129,-0.15512469425085462,-0.23020760312877164,0.48925986758320505,-0.05716977433814093,0.6151382767895444,0.7383562061962793,0.3659786335076583,0.18457572671547912,0.05048532721390097,-0.6916312353577094,0.656138123958156,-0.28615674829244925,0.7249338785351056,0.08122987465769457,0.0035833557153555897,0.8410747318380059,0.16020835774577266,-0.2868620473241374,-0.45239174077552696,0.5832700833866764,0.6363428800416749,0.24466794001961334,-0.7971893773915834,-0.898306218723558,-1.1758367497049977,1.50876581077097,0.2283472510111126,-0.18716364181552522,0.57761535146458,-0.016061856597421886,-0.16046800837851333,0.04673647373251424,-0.42543511375241116,-0.10507173338706881,0.8808617825522527,0.5665932933519567,0.15109688763195397,-0.5933093992535654,0.00636182030059705,-0.48625148806878077,-0.21894649122243068
0.6135552497702648,0.30320966518197906,-0.7961642263862829,0.6987314044989499,0.2696189245454973,1.6364022499702888,2.9398687048827727,0.3948159102274996,0.03172324145787094,-0.016407247822575275,0.9419833079438684,0.4563917007845382,-1.1369666795421545,-0.6141055943020669,-0.7431460977487505,1.6734732350521622,-1.3300254818438784,0.30341877949757834,-0.8044112683209145,-0.21499991145111486,0.3659786335076583,0.41502805119069963,1.0586221792160329,-0.12758918361987295,-0.6982617582919914,0.505155725502223,0.1002445164179778,1.5032781089442295,-0.6062603562656562,-1.3235007144104693,-0.2364326127980067,-0.8143589460345372,-1.314447798420981,0.5118325860851405,0.3106186464841832,0.3853852162050439,-0.38883021536100315,-1.0465098486419264,-1.4595670393417042,-0.08172228285255832,1.4818860878362872,-0.4291273744185012,0.7002153255283923,0.1470051053746192,-0.9174786797006713,0.17652115028059448,0.9900633157226072,1.6555067073176337,0.19689522966427417,1.5706808107584604,0.8551648713301396,1.3103030787539847,-0.32228105024021453,1.2095483009412429,-0.7165078073534796,-1.8605413262673312
0.8987931528877096,2.6749043302253,-2.776974790192769,0.7318235354281408,2.271023390322858,5.2204456646779835,10.424405939634557,-1.1805894743342586,0.33186529979206403,-0.08895124878148553,2.326491069962357,3.1768858600098877,-4.1217740556813105,-1.6252473062478694,-4.386675340370672,7.2142488928025195,-5.095109778419374,0.37447615948888574,-3.2287642247299533,-2.0031142941487974,0.18457572671547912,1.0586221792160329,4.052606966202215,-0.6180757308786321,-1.644794297924409,0.9085365300985606,0.9338290513270299,4.918893830580845,-2.6582444798693645,-5.490506126943971,-2.4980691350096254,-3.6627686761942964,-4.926391572397953,2.9396992515667235,0.23258992245647472,0.4460231500329906,-2.0523402360950285,-2.894490590952496,-4.424297608860102,1.7849511539099312,3.4133160004272707,-2.189256619370398,3.2382274416168486,-0.4333759996956919,-3.7725835050149885,1.022050382093298,4.016290503251378,7.626634965210088,1.0071542286336637,4.916580161241116,2.5183923525639305,5.156871819094626,-0.2634659443467535,5.001021167611358,-2.0882114039722386,-7.314039640577484
-0.0466575187607361,-0.5042382625153738,0.40558431263209843,0.0119039760360035,-0.4236040303382407,-0.7290423945391296,-1.5357616025635312,0.35162400818289574,-0.06414198275660424,0.014252466150389179,-0.27368650167309605,-0.5748303561890783,0.6138656135662542,0.2014944104474462,0.7664505348605104,-1.1512935659283734,0.776931145164617,-0.006381818368147309,0.5023071588917897,0.3799047082230792,0.05048532721390097,-0.12758918361987295,-0.6180757308786321,0.10359134812767541,0.18471749686696728,-0.07282698607721873,-0.17647377740486025,-0.6968667064358012,0.4270527612117969,0.8639812482084674,0.4829069240794612,0.5936551805319333,0.7454372496662198,-0.5096277392866629,0.02494864717326317,-0.0032175018603839618,0.34920357408179176,0.371428252520372,0.6007694341242994,-0.4059368326251037,-0.37730443522745627,0.36942867160107906,-0.5298489601322502,0.1300929424721233,0.5917766032268507,-0.17740896850680687,-0.6277003732041939,-1.2456624625326964,-0.16884227000742721,-0.6799748495509603,-0.3366970587906678,-0.7947706632470525,-0.02152121950300478,-0.7854498335353415,0.2779917651072848,1.1269804352733659
-1.098396858132121,-0.31869108557742865,1.2646044884885934,-1.2811422185500232,-0.29490133860892276,-2.64784822950352,-4.651793962824522,-0.8845022765425865,-0.028072387102472476,0.023313026555293628,-1.592273418797239,-0.5654598103410908,1.7897591347505637,1.0272507623688323,0.99969710479267,-2.518928486347908,2.0662528401076328,-0.5509681781275514,1.2345927109840857,0.2155633282013034,-0.6916312353577094,-0.6982617582919914,-1.644794297924409,0.18471749686696728,1.188723898014437,-0.8883084092742094,-0.10080200924199884,-2.419848708928637,0.9079094203057595,2.0138228952535004,0.20676438391896027,1.2102217256982624,2.052534171207593,-0.6970627077401278,-0.5787067893031165,-0.7020769125749063,0.5472108858284438,1.7375449971539625,2.3847961242059896,0.3382821084616445,-2.529652289271358,0.6114115963423035,-1.0315411923952977,-0.32894343977178486,1.3993849496027801,-0.23962481777184683,-1.5151696596773132,-2.4421841918517915,-0.2808311384440271,-2.5508023997145677,-1.4044030360881803,-2.0219430386636685,0.5983980304563149,-1.842302775956876,1.1786165134488764,2.871750380390759
0.9333388007219622,-0.16514614914104972,-0.759594956992551,1.1454034503544972,-0.11622095774124207,1.6977227506950296,2.7564695269455926,1.0950433763341945,-0.03185874601453018,-0.007030355880646489,1.1678614743352074,-0.009800426139452234,-1.0405640308271529,-0.7308711510122783,-0.2047719283349242,1.2093458578346787,-1.1404956267223365,0.4817218139043817,-0.6482499029320978,0.1467959174723184,0.656138123958156,0.505155725502223,0.9085365300985606,-0.07282698607721873,-0.8883084092742094,0.7217073868443107,-0.068241415060789,1.5249601027360569,-0.4254739951459606,-1.0168612121904483,0.2446726531708608,-0.5456049644173856,-1.157528296794239,0.16421060369512344,0.5351740064837649,0.619694093916666,-0.17518932791799807,-1.2102079761280407,-1.5793121741026672,-0.6595736648972812,1.9063974888103232,-0.21462872384602832,0.44407820389475117,0.4061312290812264,-0.7143696566393778,0.05434157701327932,0.785982378940704,1.0585129242337996,0.09808683099626915,1.656010396122697,0.945903586984953,1.0851162649063755,-0.5491666747086044,0.9340386449410607,-0.7985049835486627,-1.5430858376810423
-0.1882776707202235,1.0271604366756766,-0.5671725524039717,-0.358663683942425,0.8610493360053764,0.9203310614331532,2.1781902860795617,-1.0021242429242712,0.1334683862092613,-0.028660174804484104,0.18869993575358787,1.1205651740913443,-0.8872018770109547,-0.17778864587621865,-1.4296884486122636,1.8818902570715443,-1.175319955810404,-0.12648530922126167,-0.7840355053126047,-0.782417214019696,-0.28615674829244925,0.1002445164179778,0.9338290513270299,-0.17647377740486025,-0.10080200924199884,-0.068241415060789,0.36540853687049996,0.9067669165967992,-0.7038517194111821,-1.3805224471836222,-1.0072079221510026,-0.9915110576976088,-1.105665743719907,0.9445157260577048,-0.20634478326892,-0.17719796852669184,-0.6254850073843474,-0.3645645115078914,-0.7038276538222592,0.9800706313682047,0.17297401261596082,-0.6519499692486522,0.8968605396727652,-0.36946372645864406,-0.9401298548756952,0.329975731893883,0.9859998625967595,2.106511875604312,0.301813924815845,0.8356544092013124,0.3746564098533244,1.2271444456483025,0.20252677176275677,1.2536941681402787,-0.3022966430842734,-1.7379910916276768
1.688515059337221,2.623089897015208,-3.4820340201775566,1.6887184881680797,2.2460511314010194,6.766583227813086,12.994609165673566,-0.32398528506694824,0.3160278945054785,-0.09701836141738526,3.3508008874767956,3.2670682125167207,-5.0979779099763505,-2.271671328075543,-4.689425522981536,8.423623538194938,-6.182891036206539,0.7785378736375385,-3.8576161798246864,-1.9451725915955163,0.7249338785351056,1.5032781089442295,4.918893830580845,-0.6968667064358012,-2.419848708928637,1.5249601027360569,0.9067669165967992,6.314762834508219,-3.0875711943432913,-6.489555342373349,-2.375908690295432,-4.221260076401475,-6.023041408558571,3.16411612734138,0.6763180776463974,0.9654372739438603,-2.2589382132608047,-3.971310189777031,-5.849302395510989,1.3026161316572322,5.073762058359366,-2.4321276499160946,3.7009374084929365,-0.11574014882321199,-4.471686877125064,1.0978447279076562,4.781730355974756,8.726114654187667,1.1178588814349686,6.419044093248614,3.367975736571284,6.201236937642549,-0.7194027668854135,5.917536154145286,-2.8044517526027746,-8.798629419774123
-0.34881334263705427,-2.006230695628134,1.776400266483277,-0.15716488068043957,-1.695384895842311,-3.250799239152915,-6.699725500383806,1.221743978638585,-0.2526180480970525,0.0625610762505462,-1.3133558230310467,-2.3213982985287474,2.665295784410542,0.9454894790381003,3.1336056300064485,-4.866321812558362,3.34266243235976,-0.11471711644108917,2.142768582740426,1.509960606834223,0.08122987465769457,-0.6062603562656562,-2.6582444798693645,0.4270527612117969,0.9079094203057595,-0.4254739951459606,-0.7038517194111821,-3.0875711943432913,1.7997352840635785,3.671838177052764,1.9033339723102112,2.4932217654108384,3.2139338313187746,-2.0910295168404307,0.00636732751271507,-0.1215819499843045,1.4399739880367515,1.7139420006010115,2.708794878001354,-1.5195399412308035,-1.863441600062742,1.5268672088397355,-2.2168591321146045,0.44986565271578427,2.5177745822711426,-0.7279034628628729,-2.6720759743242364,-5.2168940261878465,-0.7026040448753377,-3.042728356156166,-1.5264593102598016,-3.4059356446763203,0.011547709713938066,-3.3419565428389224,1.261065040604446,4.829334464877874
-0.9139007512729591,-3.940421676791315,3.705967927595378,-0.5854223376839987,-3.3363817257688346,-6.8548982978598305,-13.950233504743009,2.161853761601157,-0.4935074480288696,0.1263971725090525,-2.8844255466492337,-4.603128986528874,5.5360433343673146,2.050371155994401,6.265596542391892,-9.942914616131207,6.9038126649082825,-0.343151281126731,4.405411814097455,2.960723111123672,0.0035833557153555897,-1.3235007144104693,-5.490506126943971,0.8639812482084674,2.0138228952535004,-1.0168612121904483,-1.3805224471836222,-6.489555342373349,3.671838177052764,7.52732813616,3.7170130361014473,5.076145127317328,6.651899075361071,-4.1880482111010515,-0.1150425136528264,-0.38889284676857006,2.898215615687609,3.688863053391927,5.751023371440746,-2.8565444782082015,-4.151996708647223,3.0798632390951233,-4.503511772453214,0.7950193700262992,5.16557789662356,-1.4572677996916747,-5.4882132202353935,-10.601789747552175,-1.4178292426495263,-6.431988067501139,-3.253813382001371,-7.016304063402984,0.1541730375546196,-6.853286973425863,2.6918066538159953,9.949466482586125
0.5838298633186612,-2.8371165093650035,1.4990980938544114,1.073903529133031,-2.3719434666194683,-2.398297998376727,-5.7740602397577625,2.8406281809705978,-0.3698114104796646,0.07527043711761748,-0.42992260446185415,-3.080217133231774,2.3595313631887715,0.43218332429667794,3.9137935059045725,-5.080886641915928,3.143297817177014,0.3868861462775462,2.107392484111566,2.160776456338575,0.8410747318380059,-0.2364326127980067,-2.4980691350096254,0.4829069240794612,0.20676438391896027,0.2446726531708608,-1.0072079221510026,-2.375908690295432,1.9033339723102112,3.7170130361014473,2.7901472402139347,2.68567502052326,2.95392770393404,-2.5813324552873973,0.6072480914979019,0.53281605245674,1.707562115412301,0.9117055240432745,1.8141818721106846,-2.746571125056566,-0.330652545416888,1.7785331340299702,-2.433705167359216,1.0490319573035634,2.5297936586575838,-0.9017069022142833,-2.653278737060948,-5.712790471851792,-0.8196588215627912,-2.1702661556261504,-0.9596056164616815,-3.289086774211074,-0.5990622766595436,-3.3732800789321677,0.7734715733341191,4.658606006629799
-0.42345395946069436,-2.8243240371729343,2.436874678824933,-0.13968574456250685,-2.384948651768247,-4.437929980116862,-9.198552827171538,1.7899696074948646,-0.35638520099970794,0.08711683889407237,-1.759003965047389,-3.255183539598997,3.66337286873342,1.274077038293931,4.3787855375296445,-6.737217289862741,4.605968710734339,-0.12681242220434694,2.9584914035125784,2.127207402255473,0.16020835774577266,-0.8143589460345372,-3.6627686761942964,0.5936551805319333,1.2102217256982624,-0.5456049644173856,-0.9915110576976088,-4.221260076401475,2.4932217654108384,5.076145127317328,2.68567502052326,3.4570305729435966,4.424353351719398,-2.9198842945241053,0.04660197530184422,-0.12685863053953791,2.006506133982857,2.317714129254665,3.6864233672855886,-2.1768769525209857,-2.478227693376963,2.125532650007945,-3.0767620064676953,0.6593480639204214,3.479476263566074,-1.0166334870637141,-3.6908485552874537,-7.239415676941934,-0.9780183748279677,-4.149121004791651,-2.0734766010159356,-4.698540126070348,-0.022508424900756465,-4.619516968427922,1.7118269885574378,6.66183896841176
-1.1698872829126619,-3.172565385750241,3.389257485455949,-0.9912217725790892,-2.6946969707876547,-6.400081671835764,-12.71436744042095,1.2947204932408616,-0.3924877048229423,0.10592153918966822,-2.89511152493061,-3.7866876542969545,5.022503635585103,2.0134558533351075,5.251511134709662,-8.727247480574984,6.193251818974136,-0.4957248087267386,3.917500241071206,2.3728285952674746,-0.2868620473241374,-1.314447798420981,-4.926391572397953,0.7454372496662198,2.052534171207593,-1.157528296794239,-1.105665743719907,-6.023041408558571,3.2139338313187746,6.651899075361071,2.95392770393404,4.424353351719398,5.994764934833305,-3.521405479041948,-0.33303623361138596,-0.5965186703484562,2.4657144354202964,3.5772621719528317,5.439046604604133,-2.060535862572206,-4.267682905159235,2.6333345759028663,-3.9077866000505552,0.47529255104282286,4.572227390810947,-1.2239246874284946,-4.87106598977449,-9.204158146213354,-1.2102881625469586,-6.033772254024166,-3.101406452661263,-6.260881047052203,0.37094403882364574,-6.0593577519911594,2.573635747374169,8.880500544630772
-0.05149593895715243,2.6721496458480627,-1.8844502229033557,-0.40857614157314603,2.248216019887619,3.282840942294528,7.162071592075478,-2.157349644329804,0.34240334773835024,-0.07855589700101466,1.0688795932141115,2.9962885596898983,-2.878323656412236,-0.8282943787415188,-3.927879656760701,5.624005972814626,-3.6979225624213115,-0.10776726191294161,-2.4135918300115953,-2.0242813299554214,-0.45239174077552696,0.5118325860851405,2.9396992515667235,-0.5096277392866629,-0.6970627077401278,0.16421060369512344,0.9445157260577048,3.16411612734138,-2.0910295168404307,-4.1880482111010515,-2.5813324552873973,-2.9198842945241053,-3.521405479041948,2.6077673731891684,-0.29414880999446036,-0.17490620057955825,-1.7607038883751698,-1.5612080290489345,-2.6468988630710584,2.308182498259199,1.3831191959888738,-1.851284514071462,2.6176419904942105,-0.7950525999453555,-2.8627107110520993,0.909405335900853,3.0216522236172385,6.154495519270565,0.8543776113394232,3.0367634512350716,1.460761008303035,3.809544989705529,0.27784221879374726,3.8076165691745643,-1.196675660847233,-5.398854237259148
0.7363803118348399,-0.5603405530249252,-0.2866234761978034,0.9581096368068962,-0.45473225897359953,0.7913595521202877,0.9887384772271047,1.201188186591106,-0.08007595857784411,0.007860967423633413,0.7369462872575826,-0.4921161862819019,-0.34530236630156486,-0.43526139499797495,0.47550263827629274,0.03294416911848391,-0.29053947200522223,0.3921097700461711,-0.11516802691031382,0.44179589063741287,0.5832700833866764,0.3106186464841832,0.23258992245647472,0.02494864717326317,-0.5787067893031165,0.5351740064837649,-0.20634478326892,0.6763180776463974,0.00636732751271507,-0.1150425136528264,0.6072480914979019,0.04660197530184422,-0.33303623361138596,-0.29414880999446036,0.4645675526541849,0.5112962511714765,0.14780023789705812,-0.6907139651162869,-0.8023216841762032,-0.886366527621619,1.261495344265218,0.1314914118430035,-0.07671949629629309,0.4443462940961488,-0.09369351457726399,-0.10492127968731195,0.12439642110665883,-0.1696625412308093,-0.06224589358503272,0.798922872895995,0.5010720871070549,0.22916487483050912,-0.4725659451979488,0.11175821988877734,-0.429270413195063,-0.32903620854948606
0.8364291217340692,-0.47383922857889493,-0.44237721777479716,1.0665762084234591,-0.38007030263782465,1.1037823554348691,1.5673086022968854,1.2357716405481511,-0.07019673272123124,0.004438314399523336,0.9054716821277052,-0.3763231697184715,-0.5707095988568394,-0.546960185673686,0.29995310288372923,0.3837876194630468,-0.5587367022886474,0.4398618105121953,-0.2800411757587055,0.37889211101070613,0.6363428800416749,0.3853852162050439,0.4460231500329906,-0.0032175018603839618,-0.7020769125749063,0.619694093916666,-0.17719796852669184,0.9654372739438603,-0.1215819499843045,-0.38889284676857006,0.53281605245674,-0.12685863053953791,-0.5965186703484562,-0.17490620057955825,0.5112962511714765,0.5719859848408879,0.0598234743441856,-0.8833633553612198,-1.077226269865691,-0.8675714143264351,1.5226158641350271,0.03567589865570192,0.07402353137284241,0.4571658137508843,-0.2829234669918106,-0.06367117280281027,0.3279952966423518,0.18588393678791323,-0.018631583126576427,1.0971872119192083,0.6610715254466778,0.4955644943930819,-0.5212889300556427,0.3617443784480558,-0.5631427680981066,-0.707224851828979
