V1,V2,V3,V4,V5,V6,V7,V8,V9,V10,V11,V12,V13,V14,V15,V16,V17,V18,V19,V20,V21,V22,V23,V24,V25,V26,V27,V28,V29,V30,V31,V32,V33,V34,V35,V36,V37,V38,V39,V40,V41,V42,V43,V44,V45,V46,V47,V48,V49,V50,V51,V52,V53,V54,V55,V56
0.9812729789962357,1.423986504126556,-1.1073563283826915,0.9172828606777714,1.1441682043231947,3.5459987486991777,5.4747139426397,0.34548517146381064,-0.3531053879111983,0.20438884845022118,0.7501768679899159,1.6166276258355954,-2.2666668087550037,-1.3377669865804511,-2.611312234769856,3.4463771548958553,-2.8770939801323014,-0.1639491136636046,-1.9742797230922546,-0.8762557207654007,0.16959176180993285,0.5180682030112258,1.83179653486828,-0.019797921386474487,-0.8316656347671886,0.32645404860054844,0.4262599061606856,2.6910710010578427,-1.3282018362880965,-2.6177220722208268,-0.676636578643713,-1.9375421534657955,-2.2398652894437046,1.0281057391525101,0.05643840723600409,0.3667101434556375,-1.2354501424925444,-1.7131704934232375,-2.667440570024408,1.296185658569498,1.7976432123255695,-0.515488586939712,2.0157459318354034,0.051837833195798835,-1.3267367245784512,0.51206841347962,1.6685246974121353,3.751357888597948,0.028188630522731045,2.112789750135539,1.3827960153216474,2.7268756373226632,-0.01616989975083802,3.2972127788071126,-1.175041382299785,-3.752151823863333
1.423986504126556,3.9213294790066064,-3.647932823115354,1.1794506286026352,3.3032966092423584,7.76064404919676,14.563115953003535,-1.2895393497056737,0.13717821311720443,0.024409099683453526,2.819816536818634,4.578639036064195,-5.829296662223403,-2.529313409771437,-6.5251975696282996,9.985847826207367,-7.288568648771095,0.21681674268555423,-4.724807471831664,-2.824657731234779,0.2005374159189755,1.4085359355436236,5.491754286384941,-0.6644050074722145,-2.192441092452641,1.07847290453507,1.337456184833244,6.8911714338687835,-3.717642739381283,-7.5780802026482625,-3.2407432409248447,-5.200090642702217,-6.662355798663332,3.9002688913688073,0.17974708976420026,0.5990027845185897,-3.037010679889306,-4.066225405435251,-6.31729635864871,2.951554501743461,4.556781398438368,-2.6988245005853493,4.801969501100108,-0.5164548791664996,-4.891172530548022,1.4601911906560205,5.357819697854968,10.659785926568684,1.1213235928326242,6.480394617144179,3.487893983795981,7.273004710461424,-0.19007136564662222,7.510393690829367,-2.8993398012400875,-10.234819137507962
-1.1073563283826915,-3.647932823115354,4.777180247947962,-0.9143132394763992,-3.1641546653186348,-7.1348351348459556,-16.1094731173182,2.4042536073031675,-1.1749126439706572,0.4505046855065355,-4.5484452056479805,-4.521058274510407,6.213486874979298,2.009681296783156,5.845463644980558,-11.256141846917313,7.4940564314168014,-1.2627656237836524,4.516202302750122,2.9653769639199434,-0.48283111667011935,-1.8080548572272912,-6.592716279172276,1.3497719335397542,2.816449269203758,-1.8583579277121676,-1.3439142221653464,-7.584206256608612,4.0639469158634745,8.623523831520293,4.2661615411047675,5.433416264171755,8.042861683121366,-4.905062289851231,-0.7125478837351928,-0.7925047912851017,2.772756610205334,4.470603874913604,6.597812157384312,-1.673833060469264,-5.824465991518491,4.0799350775496,-4.3733478806451425,0.7892598895273745,6.581604626630465,-1.4896859284667974,-6.690994570297875,-11.654176725228835,-2.1347094155291844,-8.441153930909326,-3.9808139075125517,-7.7944639336080055,0.8316728938119293,-6.598081915017499,3.283322968494184,11.220863586875025
0.9172828606777714,1.1794506286026352,-0.9143132394763992,0.9210620052771169,0.9731127284764474,3.2059847526632765,4.733075154279484,0.5320810825699218,-0.3957550245642115,0.19257133792286707,0.5943778724741439,1.3489999435263775,-1.962014037048658,-1.2462220243436661,-2.2544430025463407,2.8770844594695726,-2.4999825472002097,-0.16067706456980085,-1.7191645019201895,-0.7038533987248597,0.21969460164761542,0.4546414587861877,1.5180604212039737,0.061088405123222986,-0.7511381173681418,0.2953064874561101,0.3612279281903666,2.3440688640612817,-1.1109082542543194,-2.19154283072438,-0.4186198185806999,-1.6349634196351677,-1.8423275573896238,0.7944344716285405,0.05402649505477238,0.34714807194243485,-1.0579671709569896,-1.5092096461682758,-2.3671366418109043,1.1014961690310754,1.588269286934561,-0.3053769899457173,1.7462552025130453,0.13148319296194058,-1.0252657315932643,0.43584885196427703,1.3306488778672507,3.118213229763,-0.04240340273675347,1.7636669162541931,1.196855104519141,2.3457152943912654,-0.020472814323043268,2.9358307953124863,-1.0075184369527495,-3.2037278337541157
1.1441682043231947,3.3032966092423584,-3.1641546653186348,0.9731127284764474,2.8183015815983237,6.5325137568502445,12.424314989787907,-1.158806047252896,0.1757646547171896,-0.02713580086345425,2.477929399330888,3.8831906819283297,-4.950768777542156,-2.1085004443536146,-5.491681621926714,8.525897642844624,-6.179700969966718,0.2566482281850483,-3.973641160194533,-2.4125261246497365,0.20702797304652704,1.2152550989268478,4.707856639627843,-0.5817962131825758,-1.9012779379803033,0.9653501422692998,1.1509932582163445,5.866414207688248,-3.160593846302501,-6.475895252242997,-2.7941995256770387,-4.404064731757102,-5.69785395581402,3.381057179106913,0.17267834795952622,0.5013179781857214,-2.54631459186779,-3.4435529232716626,-5.352518315124634,2.4193029631498906,3.9113873991632753,-2.350582600639922,4.024381024022813,-0.4434031582242934,-4.239066106085281,1.2466194658043395,4.594036339100702,9.063565277497343,1.0267007747079229,5.594171488571983,2.962426892492744,6.191917330652989,-0.19587770803868368,6.3105409448382925,-2.4487913533590127,-8.723915276837902
3.5459987486991777,7.76064404919676,-7.1348351348459556,3.2059847526632765,6.5325137568502445,16.736966210492803,29.761521835272035,-1.2621146980974967,-0.2726454366892569,0.2650699213256853,5.452361446963814,9.060219947855202,-11.982061989027777,-5.72879913953474,-13.350181006367125,19.84790938692252,-15.018750603511382,0.22953476299478145,-9.837317053322316,-5.413565347636034,0.704468890164072,2.9096557785404733,10.86953360453723,-0.9958042390165911,-4.603101225768409,2.2160535708330924,2.6047094374927857,14.238788470865359,-7.431233168667861,-15.087709143766364,-5.705230992090701,-10.4860098531061,-13.186330339317417,7.31137550844984,0.43011206881104325,1.4781788122361634,-6.228951221853359,-8.593939480986183,-13.347167926444524,6.023617117913725,9.587415238322826,-4.755754839650747,9.96420688645491,-0.6052698020027232,-9.265799951180794,2.908071114047221,10.395716768526274,21.201467828639903,1.7818300425222169,12.87900280981961,7.236801113024949,14.798950357474848,-0.41200025824952025,15.889558256027513,-6.026237993425017,-20.70494771651395
5.4747139426397,14.563115953003535,-16.1094731173182,4.733075154279484,12.424314989787907,29.761521835272035,59.71014555403864,-6.050434324128134,2.0684058438210213,-0.6283794386003673,14.039024455354198,17.49620495007465,-23.512724074941307,-9.318687763338406,-24.1511392478686,40.897717071084514,-28.90279356841158,2.6604424379179408,-18.171993448636236,-10.985829902445975,1.5453668051614569,6.27645092969366,23.223207570786407,-3.6145035541383552,-9.828505382478236,5.695549521400624,5.115429916110842,28.309820707777426,-15.02115250185691,-31.211587272759715,-13.855487966421965,-20.606930098349295,-28.265636506350724,16.580756542280323,1.7699465672039798,2.91370783243274,-11.357367230576354,-16.856952749184263,-25.51383514566229,9.068373263459852,20.404381636690943,-12.548889735010457,18.029848614799185,-2.1770503168620907,-21.70109978258426,5.683386005663768,22.98903204782264,42.987912705743135,5.884935013127187,28.705199838642955,14.630009208543624,29.28996285200175,-1.9823613026330666,27.969493898703256,-12.125981584182822,-41.60359228016191
0.34548517146381064,-1.2895393497056737,2.4042536073031675,0.5320810825699218,-1.158806047252896,-1.2621146980974967,-6.050434324128134,2.552206303501065,-1.3846100790382088,0.5670254907737388,-2.6177518423515074,-1.7187771515285133,2.170283399327046,-0.08924503764326971,1.5738436012192827,-4.817245022127057,2.4546184392512145,-1.1135911491101609,1.224510678077885,1.3588839321951554,-0.03188436056884375,-0.7626635634227049,-3.019757706735604,1.104100843377988,1.1209376195024445,-0.9802057301397025,-0.5549123843374664,-2.6953014189881745,1.6538115406725282,3.699775338246888,2.718688865448949,2.0270854543967594,3.7033852448059,-2.683680203968641,-0.4413051011846557,-0.13388472858807937,0.7639439978300453,1.420420949654065,1.921039737105411,0.06679823004274266,-2.2948065699025415,2.692632774977256,-1.0977304136006467,0.7940325199888675,3.6374530338263846,-0.5697913836492909,-3.3457637572857872,-4.837288431938485,-1.6453736856941183,-4.0580031745432885,-1.4567189736329949,-2.8733796834438188,0.5668028903467541,-1.2417959519010158,1.1830611451760615,4.3569728018765925
-0.3531053879111983,0.13717821311720443,-1.1749126439706572,-0.3957550245642115,0.1757646547171896,-0.2726454366892569,2.0684058438210213,-1.3846100790382088,0.9692062772978736,-0.41862395208083286,1.5666884998563155,0.3509007549237375,-0.6328531168350016,0.4172385287979611,0.09260182981108944,1.7704080745999946,-0.57385762283076025,0.8569746978193139,-0.088225132773064,-0.4060547651847793,0.11299159935970739,0.37445851546471143,1.2872676424080134,-0.6805670938059145,-0.555502733432951,0.6378401219449544,0.1297491241033663,0.8983345173728199,-0.5523281410445907,-1.39472972733364,-1.2864095905230686,-0.5560103317543817,-1.5990776048612196,1.2147992542515187,0.3852668879706479,0.09733566664397009,0.006527112993227787,-0.46507333135534185,-0.4602866044369168,-0.7503703712321614,1.1350852252480894,-1.460545902232426,-0.05752023263116264,-0.3948604397682116,-1.8150587324632395,0.13937435656127245,1.5241831694035932,1.6223200247984575,0.9925277262220429,1.9889855115245243,0.5528635865490965,0.8703903961989475,-0.47762998674833745,-0.3845171351347193,-0.44047706644176804,-1.4532711232946254
0.20438884845022118,0.024409099683453526,0.4505046855065355,0.19257133792286707,-0.02713580086345425,0.2650699213256853,-0.6283794386003673,0.5670254907737388,-0.41862395208083286,0.19721171969433077,-0.6286979274488146,-0.06402206817727399,0.15971694229685166,-0.2292398223560679,-0.16982334698534607,-0.5734302568488141,0.10722950776190583,-0.3824317609748969,-0.06379098356847157,0.12534183072016453,-0.06619808831001663,-0.13862071869504444,-0.451494626017385,0.26916655503266507,0.2114691018334159,-0.2676862868258563,-0.0408082615153997,-0.25719752831559445,0.1624282074201392,0.4592318443112014,0.48407772876849703,0.13062885012923078,0.5532857902061983,-0.4640153979725693,-0.16231781474546642,-0.024215038426490497,-0.07131116780947705,0.11409245091805269,0.07595839864381153,0.3991892224707624,-0.4044347694657133,0.5721061100374534,0.13233228073806363,0.1504433001702756,0.6958911542790153,-0.036763030994255125,-0.5464243406603885,-0.48147551820827605,-0.4230424740891476,-0.7436610588955317,-0.16423717839948607,-0.24099847439567368,0.2081594135158568,0.31162183390955445,0.11972643859979842,0.4359323131677266
0.7501768679899159,2.819816536818634,-4.5484452056479805,0.5943778724741439,2.477929399330888,5.452361446963814,14.039024455354198,-2.6177518423515074,1.5666884998563155,-0.6286979274488146,4.72683836038381,3.6490741654949757,-5.298110545464179,-1.335670133336586,-4.368281731307738,9.928535409294067,-6.235432260965935,1.6300271863672176,-3.573979893716336,-2.4932877755145335,0.5388358936014614,1.7076319385031655,6.026411502154115,-1.5193363608919384,-2.65269009098612,1.9639856104947777,1.0861330655514387,6.596592222087867,-3.524027915147538,-7.647321188382858,-4.091182523665451,-4.5798122090259135,-7.3869978106793335,4.574192332204319,0.8994091982111733,0.7712996648876145,-2.1164063978332752,-3.8992140315872805,-5.553191732422521,0.6269913782679778,5.50420648671617,-4.149516807262816,3.3311819746668885,-0.8137933443280991,-6.358383414842302,1.2259769508577596,6.254715833220278,10.106894538950336,2.319580662915468,8.035193823175586,3.5496993797291805,6.659853339057124,-1.0534220776717926,4.84478274173717,-2.9247346115845567,-9.728890444601817
1.6166276258355954,4.578639036064195,-4.521058274510407,1.3489999435263775,3.8831906819283297,9.060219947855202,17.49620495007465,-1.7187771515285133,0.3509007549237375,-0.06402206817727399,3.6490741654949757,5.398767283007675,-6.957415536768616,-2.8958711695752544,-7.583609914234641,12.02896926845052,-8.649632874637046,0.45368256571636023,-5.540359604058805,-3.3638122263250376,0.2995441935124682,1.7391528098589888,6.688807252813928,-0.9032341117093567,-2.7111608457041214,1.4223578857714418,1.5853340755684475,8.270248984633033,-4.453041294142028,-9.144448527629862,-4.008314340590154,-6.181981552402012,-8.11802379225199,4.79538340838341,0.3094778268620622,0.7415291221592862,-3.535777425319912,-4.875964383192686,-7.516752689427755,3.2459356379128277,5.617773693735892,-3.4346924933487126,5.589612331058326,-0.6536436468643001,-6.087687685618563,1.7326431569036056,6.5678749290421665,12.76794945243527,1.5149330512512167,8.017787025855673,4.208046955608085,8.690976952032226,-0.34420773100615965,8.709183723852282,-3.489581839501193,-12.274633940020681
-2.2666668087550037,-5.829296662223403,6.213486874979298,-1.962014037048658,-4.950768777542156,-11.982061989027777,-23.512724074941307,2.170283399327046,-0.6328531168350016,0.15971694229685166,-5.298110545464179,-6.957415536768616,9.300066995168157,3.816380693686462,9.719895369586784,-16.048697303483113,11.475308441026906,-0.8784388986841419,7.276479502676681,4.331300727237337,-0.5768003954999924,-2.4347659444904077,-9.051519025605746,1.3177602712402994,3.813866684789538,-2.139933765201286,-2.024995206724588,-11.163419684024934,5.9170097911475725,12.236364061713719,5.312757153595016,8.160490507455474,11.014292309161435,-6.404354869638738,-0.6237340740668819,-1.1430357162413438,4.565711381457145,6.660676619280365,10.129861830529219,-3.8157154829243507,-7.9326822711031815,4.743415012778841,-7.254433430962534,0.8058053550681313,8.333568068752871,-2.2517943755459697,-8.915859945035066,-16.928095194924403,-2.153051520368783,-11.094427094110962,-5.752164018608881,-11.568903583000145,0.6871906134967607,-11.299380822586828,4.774951674547663,16.38921078003476
-1.3377669865804511,-2.529313409771437,2.009681296783156,-1.2462220243436661,-2.1085004443536146,-5.72879913953474,-9.318687763338406,-0.08924503764326971,0.4172385287979611,-0.2292398223560679,-1.335670133336586,-2.8958711695752544,3.816380693686462,2.075752489386651,4.4807624130509405,-6.058156914951921,4.850391539933054,0.19233309259437892,3.2701052677419615,1.6584008764926907,-0.22226118290024818,-0.8628369422851988,-3.2211138102098595,0.1065686444024457,1.3806041269362217,-0.5520295596839122,-0.8195239313164099,-4.49769419456876,2.304457943571145,4.5927170292813075,1.4567143688159867,3.324589222777115,3.897954458566887,-2.0305156103277695,-0.035754694506756585,-0.48490164656225027,2.082042561443871,2.7530012158815307,4.35049048790928,-2.229558303981468,-2.8865747897897394,1.101130642139288,-3.353120203634966,0.052801506028655694,2.502381135481242,-0.9226567762047657,-2.9795270429069975,-6.552722769796538,-0.2628570815731312,-3.684398267408431,-2.261028144598105,-4.675292515007402,-0.0010088531998321544,-5.453244559306471,1.8904213161762928,6.463096059230522
-2.611312234769856,-6.5251975696282996,5.845463644980558,-2.2544430025463407,-5.491681621926714,-13.350181006367125,-24.1511392478686,1.5738436012192827,0.09260182981108944,-0.16982334698534607,-4.368281731307738,-7.583609914234641,9.719895369586784,4.4807624130509405,11.028268789847214,-16.355433481761565,12.206569422663305,-0.14829242448875604,7.990124716578422,4.6007194870276535,-0.39168244156921783,-2.3088859317615817,-8.920469802913741,0.894095573322672,3.619164003899402,-1.6972567130776577,-2.204273439659963,-11.478305684584694,6.118535239092189,12.408248237478183,4.989165120310725,8.622182560466996,10.809999666211285,-6.185235763328432,-0.23906367006592064,-1.046980190828612,5.125536725383795,6.826873186543385,10.663194403270428,-5.122578929255695,-7.519432634534168,4.076948903198687,-8.141210866880376,0.6830656037326109,7.715084477040876,-2.419019330793023,-8.595923168395379,-17.511004936963978,-1.5778844796052878,-10.445810714624605,-5.7932553706113845,-12.078466423967921,0.2309480386125498,-12.872201316240362,4.81870558492718,16.921832255368926
3.4463771548958553,9.985847826207367,-11.256141846917313,2.8770844594695726,8.525897642844624,19.84790938692252,40.897717071084514,-4.817245022127057,1.7704080745999946,-0.5734302568488141,9.928535409294067,12.02896926845052,-16.048697303483113,-6.058156914951921,-16.355433481761565,28.26364383595158,-19.674499508166363,2.037846687296184,-12.28541976733782,-7.643848363462887,0.9705949637136753,4.319299914351059,16.11645946976214,-2.7046789761283856,-6.732279855339541,3.981571807645354,3.5327524456100163,19.32600214116068,-10.350298299142938,-21.568851302130508,-9.946306340394104,-14.132309302466503,-19.624765074282926,11.691394896390142,1.256859238568146,1.915786225728405,-7.696124740348371,-11.435213278673407,-17.254197934826728,6.008331406996743,13.974227205619092,-9.043802271790591,12.1710107450255,-1.70076715914065,-15.307424124152849,3.9047284722853863,16.071234268309833,29.663421991239698,4.345933441285952,19.974601818898986,9.998183785342965,20.05441890504898,-1.4301434532573027,18.718338145463044,-8.282213324978473,-28.567424423999224
-2.8770939801323014,-7.288568648771095,7.4940564314168014,-2.4999825472002097,-6.179700969966718,-15.018750603511382,-28.90279356841158,2.4546184392512145,-0.57385762283076025,0.10722950776190583,-6.235432260965935,-8.649632874637046,11.475308441026906,4.850391539933054,12.206569422663305,-19.674499508166363,14.213729918680476,-0.8866201572975311,9.07756249390138,5.3489864376557605,-0.6719479383740365,-2.9466090406110594,-11.019791088754793,1.4914806385970791,4.6197033539251455,-2.507869622463219,-2.51622262774812,-13.730611399340656,7.276725864297989,14.986649967966775,6.38009005958952,10.084251948306347,13.397298533761258,-7.752067518303115,-0.66931360738443,-1.3820807635653831,5.720016460533644,8.193019087187798,12.531232293431225,-4.986520405615121,-9.605052335104611,5.60505657683517,-9.092025188934446,0.9372254722522236,10.007998442069105,-2.791851478227941,-10.798904804748599,-20.815708132019438,-2.472371944017518,-13.38919681358208,-7.045155509653363,-14.26686939704848,0.7283196284483774,-14.222436590941358,5.85022824013923,20.15989434185344
-0.1639491136636046,0.21681674268555423,-1.2627656237836524,-0.16067706456980085,0.2566482281850483,0.22953476299478145,2.6604424379179408,-1.1135911491101609,0.8569746978193139,-0.3824317609748969,1.6300271863672176,0.45368256571636023,-0.8784388986841419,0.19233309259437892,-0.14829242448875604,2.037846687296184,-0.8866201572975311,0.8396087162894448,-0.30343424954011056,-0.4319767939315194,0.20919847367042152,0.44424338720416456,1.4301750427895807,-0.6211676454106506,-0.6870838572784992,0.702308821502185,0.15648483497907348,1.2126308002100246,-0.6573373540458735,-1.6061005798646497,-1.1982014256434401,-0.7194173034139546,-1.7667613575005459,1.2287201165739787,0.4154586063461315,0.18084623342247622,-0.1052625508767054,-0.690824619870388,-0.8125277883349167,-0.6699809974886769,1.397802324501452,-1.3969322818307446,0.14698040853432723,-0.3028891821250942,-1.854851521179538,0.18003906005845421,1.6106809706634766,1.8966911459300138,0.9370459308624262,2.1852846081283945,0.7165920943611629,1.144687939238907,-0.5041605649541508,0.020209832341621648,-0.5733642286183639,-1.8134541900989332
-1.9742797230922546,-4.724807471831664,4.516202302750122,-1.7191645019201895,-3.973641160194533,-9.837317053322316,-18.171993448636236,1.224510678077885,-0.088225132773064,-0.06379098356847157,-3.573979893716336,-5.540359604058805,7.276479502676681,3.2701052677419615,7.990124716578422,-12.28541976733782,9.07756249390138,-0.30343424954011056,5.888584311356088,3.3712742903744166,-0.3755413041706022,-1.7977087343343914,-6.787627535264379,0.7787242324892308,2.8202527164126727,-1.4222227030017662,-1.5985661534968938,-8.655710332021597,4.5776142258690085,9.34114973357551,3.7956104519600453,6.408516821757364,8.24741173134726,-4.686784601786729,-0.3103502589985414,-0.8621586139427955,3.7363964647838146,5.1848048495367545,8.002929288033055,-3.502843002600238,-5.884285562385631,3.2257042153462625,-5.9487622940684535,0.512009960908587,5.973948273892909,-1.7763322309671512,-6.583086559479298,-13.086917050530095,-1.3080042612883869,-8.103171658028783,-4.4153859752213,-9.022774654041896,0.3172337400867189,-9.371507552895961,3.677268094167478,12.684340477463367
-0.8762557207654007,-2.824657731234779,2.9653769639199434,-0.7038533987248597,-2.4125261246497365,-5.413565347636034,-10.985829902445975,1.3588839321951554,-0.4060547651847793,0.12534183072016453,-2.4932877755145335,-3.3638122263250376,4.331300727237337,1.6584008764926907,4.6007194870276535,-7.643848363462887,5.3489864376557605,-0.4319767939315194,3.3712742903744166,2.1389655437081228,-0.1866991961140616,-1.1171889964372979,-4.301515401184013,0.6786868182998981,1.7345781494135422,-0.9703490789703122,-0.9982559017013211,-5.167752344416402,2.8089721599288757,5.817333248413775,2.704939717812789,3.8590674534239424,5.222977640022213,-3.162676722184124,-0.24475310378931908,-0.44707449385562503,2.147168396147958,3.019964411937695,4.619108887016435,-1.8525711810349792,-3.5818097247883505,2.3729550228265164,-3.378999349180908,0.4882733153939228,4.046516182966931,-1.0839052708104795,-4.275975444671291,-8.067188847545873,-1.1200565711380814,-5.225107686746686,-2.639793538666646,-5.435878774527364,0.2852849637464322,-5.204477094155524,2.1826306782635307,7.720627846198182
0.16959176180993285,0.2005374159189755,-0.48283111667011935,0.21969460164761542,0.20702797304652704,0.704468890164072,1.5453668051614569,-0.03188436056884375,0.11299159935970739,-0.06619808831001663,0.5388358936014614,0.2995441935124682,-0.5768003954999924,-0.22226118290024818,-0.39168244156921783,0.9705949637136753,-0.6719479383740365,0.20919847367042152,-0.3755413041706022,-0.1866991961140616,0.16317619494929797,0.2126896973232626,0.6098376691877706,-0.1094236769432918,-0.35480436695509726,0.27023916741320886,0.09229488039178843,0.7526836803592143,-0.33884071253539183,-0.7617336475713228,-0.272373106875674,-0.4379370038022617,-0.7394680836273817,0.4019849493719811,0.14206605311263706,0.14225835726101807,-0.18948912705348792,-0.47788676751650294,-0.6773371288218962,-0.049024301916333904,0.7100836694275009,-0.34139990667169395,0.3244810868277239,0.00887331126499933,-0.6075178349227524,0.11424696253526832,0.5947109381686768,0.9475476621286181,0.2099657430457603,0.880659189366179,0.4100310953528975,0.70173556366815,-0.1631198854386482,0.5442398045591664,-0.3299831866145383,-1.0119018401369302
0.5180682030112258,1.4085359355436236,-1.8080548572272912,0.4546414587861877,1.2152550989268478,2.9096557785404733,6.27645092969366,-0.7626635634227049,0.37445851546471143,-0.13862071869504444,1.7076319385031655,1.7391528098589888,-2.4347659444904077,-0.8628369422851988,-2.3088859317615817,4.319299914351059,-2.9466090406110594,0.44424338720416456,-1.7977087343343914,-1.1171889964372979,0.2126896973232626,0.7030696082089879,2.51859661269513,-0.47519023484156386,-1.1016893380582153,0.7098894974169127,0.5100308199673136,2.974230250984181,-1.5668422065340122,-3.310749813660438,-1.54640002682961,-2.1096117908324383,-3.0738660235079016,1.8222499292019645,0.2746745944415495,0.33668304008250727,-1.096892495283008,-1.7772635349972128,-2.6294166412160878,0.6867335125110007,2.2849665723002417,-1.4830116613069713,1.7439683514310242,-0.25440113558992994,-2.457979620684695,0.573685353222555,2.530957890207675,4.481351976497492,0.7531337819851595,3.2210934148192014,1.562794561084325,3.034933881550481,-0.31321803219266636,2.6681377747329833,-1.2924933029186243,-4.350150465998957
1.83179653486828,5.491754286384941,-6.592716279172276,1.5180604212039737,4.707856639627843,10.86953360453723,23.223207570786407,-3.019757706735604,1.2872676424080134,-0.451494626017385,6.026411502154115,6.688807252813928,-9.051519025605746,-3.2211138102098595,-8.920469802913741,16.11645946976214,-11.019791088754793,1.4301750427895807,-6.787627535264379,-4.301515401184013,0.6098376691877706,2.51859661269513,9.29776025971518,-1.7110374047176486,-3.922499376996305,2.4362089324896052,1.967887818532241,10.9636223530319,-5.869563757849885,-12.31950958838584,-5.848370209660692,-7.946142651012065,-11.33712248964173,6.80313696450953,0.85202311662428,1.1219596726837089,-4.216229085135828,-6.486686403896733,-9.689455215043358,2.9900553498191202,8.144308906113292,-5.444372477645736,6.662769285030485,-1.0341012756588963,-9.01716173834256,2.183035218513871,9.344631965696733,16.823701239317966,2.710415205195255,11.689802256524612,5.71328676451517,11.321454622280614,-0.9777787084885097,10.163398091709944,-4.728745381528647,-16.199291797681052
-0.019797921386474487,-0.6644050074722145,1.3497719335397542,0.061088405123222986,-0.5817962131825758,-0.9958042390165911,-3.6145035541383552,1.104100843377988,-0.6805670938059145,0.26916655503266507,-1.5193363608919384,-0.9032341117093567,1.3177602712402994,0.1065686444024457,0.894095573322672,-2.7046789761283856,1.4914806385970791,-0.6211676454106506,0.7787242324892308,0.6786868182998981,-0.1094236769432918,-0.47519023484156386,-1.7110374047176486,0.5772286008000239,0.7174977334596611,-0.6078416495115415,-0.2710876458001689,-1.6681357176398393,0.9376352273255654,2.0892517205306,1.3528539068060388,1.163808237362391,2.1133538436860593,-1.3917980166487576,-0.31030124762926237,-0.1811569927006129,0.45137305666274485,0.959130041263118,1.2889632071570645,0.09330274722938847,-1.5052932846504328,1.4078265182880048,-0.6861111682938336,0.34079209996241566,1.9741448688156673,-0.3046170028576404,-1.858808911816664,-2.709734439087625,-0.832278505829418,-2.354508128580035,-0.9259850958319099,-1.6850891685667344,0.3698732048761426,-0.858905217625359,0.7648801969979565,2.5310551103798193
-0.8316656347671886,-2.192441092452641,2.816449269203758,-0.7511381173681418,-1.9012779379803033,-4.603101225768409,-9.828505382478236,1.1209376195024445,-0.555502733432951,0.2114691018334159,-2.65269009098612,-2.7111608457041214,3.813866684789538,1.3806041269362217,3.619164003899402,-6.732279855339541,4.6197033539251455,-0.6870838572784992,2.8202527164126727,1.7345781494135422,-0.35480436695509726,-1.1016893380582153,-3.922499376996305,0.7174977334596611,1.7335564862782713,-1.113624960447437,-0.7976023733717789,-4.6625529629761004,2.442303085059816,5.161943355157223,2.369106346951114,3.292332255480858,4.782402747886295,-2.824116675217511,-0.42953425075047125,-0.5348902505705558,1.7162866442348537,2.7904965276090925,4.136626570320865,-1.0748605422800426,-3.5852940963352244,2.2760841184722316,-2.7341174883424917,0.3709316933641865,3.8083715431655323,-0.8970503412654222,-3.9267355386009988,-6.979899377240519,-1.157098298534747,-5.02087165336242,-2.4465620475166223,-4.749952186020866,0.4903210455250966,-4.209402724933581,2.0200620183275757,6.800805393236096
0.32645404860054844,1.07847290453507,-1.8583579277121676,0.2953064874561101,0.9653501422692998,2.2160535708330924,5.695549521400624,-0.9802057301397025,0.6378401219449544,-0.2676862868258563,1.9639856104947777,1.4223578857714418,-2.139933765201286,-0.5520295596839122,-1.6972567130776577,3.981571807645354,-2.507869622463219,0.702308821502185,-1.4222227030017662,-0.9703490789703122,0.27023916741320886,0.7098894974169127,2.4362089324896052,-0.6078416495115415,-1.113624960447437,0.8382573652411712,0.426312873634086,2.6860189961196563,-1.4073386129011496,-3.074870063090182,-1.6027273607244834,-1.8207679871180227,-2.9832428623697647,1.8297812253001904,0.39687814525973186,0.33983064759300946,-0.8236991512759709,-1.600494372513715,-2.2695994614834603,0.16065223399154635,2.2975935395353972,-1.6639764347652048,1.306894618568961,-0.29387865045944944,-2.5721531850932666,0.48533578973302316,2.5177538596125415,4.025822188315312,0.9469846164504223,3.292595385199453,1.4509924288135094,2.6815063340436036,-0.464345637646285,1.9233969069050296,-1.1909132990572713,-3.9191163394768407
0.4262599061606856,1.337456184833244,-1.3439142221653464,0.3612279281903666,1.1509932582163445,2.6047094374927857,5.115429916110842,-0.5549123843374664,0.1297491241033663,-0.0408082615153997,1.0861330655514387,1.5853340755684475,-2.024995206724588,-0.8195239313164099,-2.204273439659963,3.5327524456100163,-2.51622262774812,0.15648483497907348,-1.5985661534968938,-0.9982559017013211,0.09229488039178843,0.5100308199673136,1.967887818532241,-0.2710876458001689,-0.7976023733717789,0.426312873634086,0.4751655715644919,2.4075399441526844,-1.3020634930815218,-2.686343176099554,-1.2013428031054323,-1.800828353564018,-2.380517988784082,1.437982506900349,0.08899742166210121,0.20186139634641972,-1.0211020449295372,-1.4045159850676858,-2.1730167851470092,0.928370338398396,1.6314719594736822,-1.0307822415753993,1.6103140812036196,-0.20190316836988664,-1.8134260443167007,0.5115230201701438,1.9338432741497245,3.7368901811625133,0.47714817473601717,2.364395172854093,1.218049364460408,2.5407356283759457,-0.10559000648975521,2.5127697820079447,-1.003159047514429,-3.5925370629473363
2.6910710010578427,6.8911714338687835,-7.584206256608612,2.3440688640612817,5.866414207688248,14.238788470865359,28.309820707777426,-2.6953014189881745,0.8983345173728199,-0.25719752831559445,6.596592222087867,8.270248984633033,-11.163419684024934,-4.49769419456876,-11.478305684584694,19.32600214116068,-13.730611399340656,1.2126308002100246,-8.655710332021597,-5.167752344416402,0.7526836803592143,2.974230250984181,10.9636223530319,-1.6681357176398393,-4.6625529629761004,2.6860189961196563,2.4075399441526844,13.444172614473615,-7.107329137869344,-14.749823237669796,-6.456997654361982,-9.76600512150283,-13.349160136011747,7.769309525567243,0.8395208953768085,1.4129367475955597,-5.402897498595535,-8.032605398697505,-12.1582388090098,4.333059972331376,9.696766206294958,-5.848611378052476,8.59003300216066,-0.9809089304109775,-10.18450747581657,2.6857489725105625,10.830224071675667,20.327555106867013,2.7090156632782976,13.54658289563216,6.95335198113594,13.884240791937927,-0.9308709089661509,13.354697082833326,-5.76919351617768,-19.704652504310125
-1.3282018362880965,-3.717642739381283,4.0639469158634745,-1.1109082542543194,-3.160593846302501,-7.431233168667861,-15.02115250185691,1.6538115406725282,-0.5523281410445907,0.1624282074201392,-3.524027915147538,-4.453041294142028,5.9170097911475725,2.304457943571145,6.118535239092189,-10.350298299142938,7.276725864297989,-0.6573373540458735,4.5776142258690085,2.8089721599288757,-0.33884071253539183,-1.5668422065340122,-5.869563757849885,0.9376352273255654,2.442303085059816,-1.4073386129011496,-1.3020634930815218,-7.107329137869344,3.8028384456306723,7.892517271379163,3.5758739050012713,5.215570796617255,7.146812253563503,-4.225493731148551,-0.42336686007057145,-0.7026212450095689,2.8769586544926073,4.213764538790446,6.382967241468528,-2.3374507094075896,-5.079783267607533,3.2157562728035134,-4.55359894018966,0.5968978654205951,5.50810790048138,-1.4408603239246751,-5.830063970179075,-10.895370782268861,-1.5068105998405947,-7.224942504856633,-3.6688336588579724,-7.384086058183954,0.47578813959872496,-7.027720028640474,3.0436669211110217,10.495674074750388
-2.6177220722208268,-7.5780802026482625,8.623523831520293,-2.19154283072438,-6.475895252242997,-15.087709143766364,-31.211587272759715,3.699775338246888,-1.39472972733364,0.4592318443112014,-7.647321188382858,-9.144448527629862,12.236364061713719,4.5927170292813075,12.408248237478183,-21.568851302130508,14.986649967966775,-1.6061005798646497,9.34114973357551,5.817333248413775,-0.7617336475713228,-3.310749813660438,-12.31950958838584,2.0892517205306,5.161943355157223,-3.074870063090182,-2.686343176099554,-14.749823237669796,7.892517271379163,16.464964590183786,7.6074003694712955,10.764492953835807,15.003189522957332,-8.940473319755489,-0.9880322873867372,-1.4743524308107612,5.841896404289068,8.731191576149397,13.155716783544733,-4.49901684576607,-10.712144769318106,6.944233333327171,-9.24088331988711,1.3000627525862436,11.729697787586934,-2.9717366003408254,-12.293662870008722,-22.617360832177578,-3.354354607103169,-15.304408777117297,-7.638631518467571,-15.289906259303235,1.1253817117067608,-14.204570099494987,6.326299987786413,21.79125366740172
-0.676636578643713,-3.2407432409248447,4.2661615411047675,-0.4186198185806999,-2.7941995256770387,-5.705230992090701,-13.855487966421965,2.718688865448949,-1.2864095905230686,0.48407772876849703,-4.091182523665451,-4.008314340590154,5.312757153595016,1.4567143688159867,4.989165120310725,-9.946306340394104,6.38009005958952,-1.1982014256434401,3.7956104519600453,2.704939717812789,-0.272373106875674,-1.54640002682961,-5.848370209660692,1.3528539068060388,2.369106346951114,-1.6027273607244834,-1.2013428031054323,-6.456997654361982,3.5758739050012713,7.6074003694712955,4.111824554437379,4.739908025732573,7.1444413525982124,-4.52264212940095,-0.6011877676072114,-0.5778918293898389,2.368683793083779,3.728295476093849,5.474279099069321,-1.4140768581652958,-4.912708640117592,3.8908548378302514,-3.6831644265923438,0.8963248756981548,6.021896079747503,-1.3085345962272337,-6.038499722084857,-10.302831553050916,-2.078107711415798,-7.459527705875509,-3.38885516274825,-6.72714235236226,0.7189764647841782,-5.3886833069010125,2.796866445348908,9.7471843301089
-1.9375421534657955,-5.200090642702217,5.433416264171755,-1.6349634196351677,-4.404064731757102,-10.4860098531061,-20.606930098349295,2.0270854543967594,-0.5560103317543817,0.13062885012923078,-4.5798122090259135,-6.181981552402012,8.160490507455474,3.324589222777115,8.622182560466996,-14.132309302466503,10.084251948306347,-0.7194173034139546,6.408516821757364,3.8590674534239424,-0.4379370038022617,-2.1096117908324383,-7.946142651012065,1.163808237362391,3.292332255480858,-1.8207679871180227,-1.800828353564018,-9.76600512150283,5.215570796617255,10.764492953835807,4.739908025732573,7.2003658353228825,9.668803772223772,-5.660258440029258,-0.49943715567776165,-0.9573221759614908,4.045879315421849,5.80219794568734,8.846924614959185,-3.470433139426612,-6.855402950761522,4.1865875824947905,-6.411730066383722,0.7568499156509674,7.319873331302313,-1.9928901664160696,-7.840121704163913,-14.936863103155067,-1.8888996916710628,-9.679684349081777,-5.019717554015959,-10.167836423602731,0.5509942322373457,-9.955930755828486,4.169536480946597,14.40344766789449
-2.2398652894437046,-6.662355798663332,8.042861683121366,-1.8423275573896238,-5.69785395581402,-13.186330339317417,-28.265636506350724,3.7033852448059,-1.5990776048612196,0.5532857902061983,-7.3869978106793335,-8.11802379225199,11.014292309161435,3.897954458566887,10.809999666211285,-19.624765074282926,13.397298533761258,-1.7667613575005459,8.24741173134726,5.222977640022213,-0.7394680836273817,-3.0738660235079016,-11.33712248964173,2.1133538436860593,4.782402747886295,-2.9832428623697647,-2.380517988784082,-13.349160136011747,7.146812253563503,15.003189522957332,7.1444413525982124,9.668803772223772,13.834283767836938,-8.287513714752494,-1.059845763981883,-1.3797671419496509,5.118646782942101,7.908031800781747,11.789553543575963,-3.5910433436490807,-9.95122794015014,6.6694975926463655,-8.088873030637808,1.270137787044763,11.01260033281677,-2.648134557016537,-11.409660516904026,-20.483949651845727,-3.3169187878874054,-14.273643748331466,-6.969629305735694,-13.770381474123129,1.2117996378381113,-12.314001279095562,5.774624455295734,19.71433671063491
1.0281057391525101,3.9002688913688073,-4.905062289851231,0.7944344716285405,3.381057179106913,7.31137550844984,16.580756542280323,-2.683680203968641,1.2147992542515187,-0.4640153979725693,4.574192332204319,4.79538340838341,-6.404354869638738,-2.0305156103277695,-6.185235763328432,11.691394896390142,-7.752067518303115,1.2287201165739787,-4.686784601786729,-3.162676722184124,0.4019849493719811,1.8222499292019645,6.80313696450953,-1.3917980166487576,-2.824116675217511,1.8297812253001904,1.437982506900349,7.769309525567243,-4.225493731148551,-8.940473319755489,-4.52264212940095,-5.660258440029258,-8.287513714752494,5.1410444469874035,0.6504022361652845,0.7318733714390739,-2.9171379483661077,-4.527233804389792,-6.7287026081591295,1.9198570442044331,5.822706313694943,-4.239613257816543,4.574775898226701,-0.8896427526854639,-6.803316306861133,1.570307885252992,6.916194349415649,12.143153930910376,2.215568870928805,8.614089656204863,4.047866690767658,8.069674688446803,-0.7722037383629583,6.874559301358368,-3.33418403268758,-11.611332609981238
0.05643840723600409,0.17974708976420026,-0.7125478837351928,0.05402649505477238,0.17267834795952622,0.43011206881104325,1.7699465672039798,-0.4413051011846557,0.3852668879706479,-0.16231781474546642,0.8994091982111733,0.3094778268620622,-0.6237340740668819,-0.035754694506756585,-0.23906367006592064,1.256859238568146,-0.66931360738443,0.4154586063461315,-0.3103502589985414,-0.24475310378931908,0.14206605311263706,0.2746745944415495,0.85202311662428,-0.31030124762926237,-0.42953425075047125,0.39687814525973186,0.08899742166210121,0.8395208953768085,-0.42336686007057145,-0.9880322873867372,-0.6011877676072114,-0.49943715567776165,-1.059845763981883,0.6504022361652845,0.23916651515908666,0.1536428909541027,-0.13982670455637905,-0.5173326455773387,-0.6521749301394293,-0.2797936047827057,0.9021831601443369,-0.7169422147715234,0.22612114636518102,-0.11992624117415575,-1.0094202282565883,0.11663941361844844,0.9261537840367855,1.2056226285603753,0.44730592562696136,1.2757460588106482,0.49228880750460374,0.7767549669352023,-0.2765913257230665,0.2652876896000612,-0.40575640463018064,-1.187644568251918
0.3667101434556375,0.5990027845185897,-0.7925047912851017,0.34714807194243485,0.5013179781857214,1.4781788122361634,2.91370783243274,-0.13388472858807937,0.09733566664397009,-0.024215038426490497,0.7712996648876145,0.7415291221592862,-1.1430357162413438,-0.48490164656225027,-1.046980190828612,1.915786225728405,-1.3820807635653831,0.18084623342247622,-0.8621586139427955,-0.44707449385562503,0.14225835726101807,0.33668304008250727,1.1219596726837089,-0.1811569927006129,-0.5348902505705558,0.33983064759300946,0.20186139634641972,1.4129367475955597,-0.7026212450095689,-1.4743524308107612,-0.5778918293898389,-0.9573221759614908,-1.3797671419496509,0.7318733714390739,0.1536428909541027,0.21231432253402988,-0.5086191587473651,-0.8872733574048367,-1.2972121778884647,0.2923517504592515,1.1349535912470508,-0.5862128351345701,0.8288387728336771,-0.05002246383909271,-1.0373862390564836,0.24626223518619628,1.1056942484878123,1.9905374485009326,0.2674893677384777,1.4604223507514287,0.7582099185474047,1.3923950524371547,-0.1620684032681609,1.2995826391220449,-0.6356034149883975,-1.9825242485127104
-1.2354501424925444,-3.037010679889306,2.772756610205334,-1.0579671709569896,-2.54631459186779,-6.228951221853359,-11.357367230576354,0.7639439978300453,0.006527112993227787,-0.07131116780947705,-2.1164063978332752,-3.535777425319912,4.565711381457145,2.082042561443871,5.125536725383795,-7.696124740348371,5.720016460533644,-0.1052625508767054,3.7363964647838146,2.147168396147958,-0.18948912705348792,-1.096892495283008,-4.216229085135828,0.45137305666274485,1.7162866442348537,-0.8236991512759709,-1.0211020449295372,-5.402897498595535,2.8769586544926073,5.841896404289068,2.368683793083779,4.045879315421849,5.118646782942101,-2.9171379483661077,-0.13982670455637905,-0.5086191587473651,2.390526197547475,3.223438432181656,5.009762426854521,-2.3439495343067,-3.583143012040196,1.9616878109216769,-3.7981590380945884,0.3291860896873077,3.6697883197277976,-1.1276079020770362,-4.078143885040667,-8.232255276767777,-0.765779911589291,-4.9661160757724145,-2.7402255376788145,-5.667905236339505,0.13650177043112002,-5.985831258624136,2.283766908134492,7.952137846078789
