V1,V2,V3,V4,V5,V6,V7,V8,V9,V10,V11,V12,V13,V14,V15,V16,V17,V18,V19,V20,V21,V22,V23,V24,V25,V26,V27,V28,V29,V30,V31,V32,V33,V34,V35,V36,V37,V38,V39,V40,V41,V42,V43,V44,V45,V46,V47,V48,V49,V50,V51,V52,V53,V54,V55,V56
0.8026949020497525,-0.3285954877932185,1.9070229345376353,-0.3005202399182375,0.1365585835020605,-1.3244769381819903,0.4951923524189088,0.9287059458641834,-1.3753357405456637,-0.6114296659869516,1.0542325868322333,0.8921532510613619,-0.32459212827551176,0.13110141108006268,0.13753193135307037,-0.23786977190975342,1.0735341974831742,-0.011822875959598822,0.083606101026483165,-0.283776778837581,-0.24313192701963815,0.3891688035297185,-1.616325490574096,0.010283531343901593,-0.15972998603655947,0.46285442004614546,0.11739258697841419,0.5764743411614112,-0.9309568633879586,-0.24886447704470122,0.6540801204386231,-0.16981021172588678,1.3732865449128264,1.0329768022799677,0.04990529815457199,0.07984223993396963,-1.369758202759761,1.2443067500171963,1.4259162468671356,0.5759470497167087,1.2737696445496056,1.9665761874180496,-0.57704387998106,-1.173104893568598,1.210339672324425,-0.46787529333072814,-1.3762936263898158,0.3161399238227778,0.3503730213201508,0.2687104996396933,1.0145661541788402,-0.07157293640427977,1.0908234882878303,-0.4820452874097349,-0.6923568987033875,0.516449556643384
-0.3285954877932185,2.249736428113024,-19.580845781535896,1.0673715781827802,-2.778349707836268,8.552805091832557,-1.8825585537475984,-13.035755418938894,5.841096722640197,10.080890047033929,-4.718861465455215,-6.158113346607181,4.756026610781062,-2.506461824249797,0.966694900885384,4.233522311066153,-13.275358148557855,-5.714125388718633,-3.1696489536361607,-0.08888802090898135,-5.510725324330086,0.5562841329945474,18.555373018302937,2.5292973857949548,8.907696599622863,-0.8870270533584567,5.693065704040464,-1.473408229127566,7.494764770904626,4.8522549057023125,-6.029234840585007,1.941365596805322,-9.74490993011952,-10.772932412801046,1.248646829665299,-4.860889624062052,8.728188830767236,-6.271215624334957,-6.114853356241885,-5.244192977116773,-9.31302098167266,-14.675739702536893,0.05387688963076648,14.461428806717379,-13.059386496604214,0.9616488933028954,11.223730171501114,-6.468893998694205,4.3102503230439275,3.905359989671978,-8.65847850813859,2.512461539298042,-4.773833851895758,5.348766482343282,8.306363337588522,-15.756507913268155
1.9070229345376353,-19.580845781535896,196.1383913888749,-10.407283318660513,26.559199819522387,-86.14375776501939,20.299261736960972,135.32245947576402,-54.155145840309324,-100.21444738141444,45.78362652481656,56.80012721266201,-47.44928739771159,27.587047520378388,-7.960473524310957,-41.79150071752093,137.92065258764706,56.762542450819005,30.75941349119465,3.300052447108683,53.605809935636,-2.4863375484283483,-186.3412342963616,-27.127963698146768,-85.93283621423952,6.981565753449395,-60.400986911118494,10.61388201383589,-77.07894379047772,-52.942633737111976,53.79050170434886,-18.644165924945128,99.41590935889965,113.60177339960923,-16.31701574536029,54.728760430582,-87.22918588772009,63.8973410046964,62.65657171050805,53.43793827057907,95.3792904845561,148.27199145692754,-1.3162152189430625,-148.1558841775958,134.14546661011676,-11.652102724731094,-112.54918058563749,68.20703755318138,-47.426698295494354,-33.531244198292775,86.36190304290129,-27.48823722523982,49.43281974440488,-55.94262009623936,-87.26048085312458,159.93015662669382
-0.3005202399182375,1.0673715781827802,-10.407283318660513,0.6087818923727399,-1.376105717882607,4.689038371904203,-1.1502743349366635,-7.076454847828609,3.083369270850062,5.215495841890211,-2.568161272188358,-3.1064445797295415,2.478299862682819,-1.4259320609419233,0.3610323495486447,2.1772834983238125,-7.237874681040273,-2.863101637649448,-1.5777206289801238,-0.09025300816713319,-2.655247780153781,0.036757771154777845,9.834150776565293,1.3694759854703544,4.392929573045244,-0.478653265307802,3.0309393810590515,-0.6863524227673979,4.1286738370255796,2.7316394575086207,-2.8919792927517967,0.989509307808154,-5.369425158446719,-6.001582113457602,0.8189980950616852,-2.7901689105673837,4.761778178351003,-3.529869839996159,-3.520577405645671,-2.8419992593410743,-5.137286581338327,-7.992003469910922,0.21845627863988676,7.792733659659642,-7.095617418462058,0.7056639402261974,6.022620839028125,-3.5285421751091404,2.3133436356803445,1.626709688516493,-4.622942369043531,1.3985349872629709,-2.7913720436197234,2.9419730286572086,4.594507141506993,-8.22275606376318
0.1365585835020605,-2.778349707836268,26.559199819522387,-1.376105717882607,3.713597835721987,-11.49543916633674,2.5660347476240366,18.14863572997941,-7.343816860479619,-13.71956512267152,6.0981153749759,7.89595972937329,-6.456708574228915,3.6308617520229,-1.2310873849950086,-5.740080348259204,18.460681312021705,7.872919003978485,4.2964655451104194,0.41234815077339787,7.581280556141482,-0.6125923831058858,-25.266414072039737,-3.6443663241230166,-12.031364274476772,0.9555798780506981,-8.1831954906216,1.5271577073095628,-10.267625932591116,-6.987002187550302,7.59778475063287,-2.5793999186383814,13.253361126253335,15.089498583682396,-2.06198822031814,7.204713186763454,-11.694336740064609,8.421271995561284,8.169122739511305,7.16228423873478,12.700924319834845,19.88052545471905,0.026852664961121417,-19.961709262642,18.017547707682112,-1.3664290806837265,-15.16408542483613,9.142977747515248,-6.3969842511885036,-4.998108945139507,11.681921870906503,-3.649250581987194,6.446925105815417,-7.444645179570558,-11.627336862651454,21.835237213156326
-1.3244769381819903,8.552805091832557,-86.14375776501939,4.689038371904203,-11.49543916633674,38.23662863371138,-9.238514629024724,-59.42690247388207,24.18604184626679,43.70948959165975,-20.518161306022904,-24.900543878199212,20.753002027239077,-12.155588676406985,3.2562575006673873,18.193641604645258,-60.67097718930371,-24.489208739947323,-13.278080069260055,-1.3356824877362439,-22.860874747134762,0.6203385605119703,81.7189315318662,11.813005172627316,37.031303657195124,-3.232557048406592,26.182239991385654,-4.799054401203454,34.11233944186309,23.314661540186208,-23.3840338602105,8.125506122148765,-44.06736540097683,-50.149847184793664,7.1991213729312316,-24.016207252557496,38.668244368637595,-28.605297450571765,-28.225838209179745,-23.578451078768534,-42.27574720741826,-65.56761522615058,1.0373861068909425,65.0374899137209,-59.00845502787233,5.492303255495372,49.66397778629285,-29.88291638597239,20.46533325094454,14.010544445504241,-38.02768337076551,12.062006459058226,-22.218701656003145,24.68150881845157,38.42662605407129,-69.57291710567543
0.4951923524189088,-1.8825585537475984,20.299261736960972,-1.1502743349366635,2.5660347476240366,-9.238514629024724,2.4097056008026394,14.18763087017091,-5.741678576918688,-10.11116438790437,5.00070789158745,5.645239295399151,-4.852135221195388,2.9784599372393132,-0.5835124444647108,-4.182700557248509,14.536625639550486,5.525259063268995,2.9619498205543704,0.33504028748709913,4.964061152399539,0.19809233575441698,-19.206759422598708,-2.801410627125954,-8.225108604844928,0.7667721393351344,-6.119461670653505,1.0573127465608403,-8.249342220424394,-5.694553567312234,5.160374047412478,-1.8481019133270842,10.651861687026766,12.152485607530577,-1.8472871186710351,5.865653242945632,-9.274242993890965,7.053605956676307,7.070538462600467,5.650051525499105,10.235549862392771,15.70915917524001,-0.511483245885226,-15.422247630273006,14.063978509779691,-1.559289803446316,-11.817855923649411,7.128087111709003,-4.802640259526635,-2.7466106083426753,8.984878888677073,-2.919352386497876,5.544810053869058,-5.971132440414862,-9.260044624814897,16.12426217728218
0.9287059458641834,-13.035755418938894,135.32245947576402,-7.076454847828609,18.14863572997941,-59.42690247388207,14.18763087017091,94.20984763878307,-36.52191449268762,-69.11735230351276,31.280741079856348,38.323384935627224,-32.756195908912694,19.45985246136823,-5.28501434397904,-28.76460969189514,96.02429902311377,39.21501461102414,21.100826434084684,2.7236687844840923,36.865373814941975,-1.2967460940161621,-128.683248870554,-19.05668568205339,-58.88357739712828,4.410450572941191,-42.33325660486385,6.575248921045504,-53.47949754150634,-37.2939296697899,36.04921343863657,-12.728008428229046,68.81055741767588,79.30209473293478,-11.876830804380472,38.79119867460669,-60.033931437244966,44.17489666055036,43.318187533381604,37.02360198344599,66.09353351318988,102.40163858246213,-0.9041305612193216,-102.78497279428902,93.08129257652767,-8.290461133057505,-77.66271623307831,47.66866868423883,-33.551770403235686,-22.394274075656035,59.49220976731559,-19.393866297682138,34.1924172031166,-39.01599780697464,-60.86377301204313,110.87554333712531
-1.3753357405456637,5.841096722640197,-54.155145840309324,3.083369270850062,-7.343816860479619,24.18604184626679,-5.741678576918688,-36.52191449268762,16.184210911551087,27.408208061928562,-13.362263264220585,-16.48909563956091,13.008443704835226,-7.232459373038534,2.1816845719846123,11.450354553170715,-37.32129575005385,-15.200115818550938,-8.38586002952508,-0.3552240480578455,-14.251876941208476,0.646218102201161,51.21407307443289,7.054369631662135,23.435737861842256,-2.4820080940239,15.680344113876423,-3.810960227647855,21.240484752597535,13.924538545227772,-15.685118873964527,5.217250109181833,-27.624387149056048,-30.69400302286863,3.9092527706207845,-14.056285687488307,24.57032129196308,-18.090188166173213,-17.90452050003979,-14.713743492524541,-26.428455589118126,-41.26634690525528,0.8056587402394164,40.30575781773888,-36.59124380723625,3.3287306409574455,31.304595864199573,-18.153300901807967,11.915471122295271,9.317447189975873,-24.029253801898214,7.159378082037196,-14.033116069863798,15.149287492752272,23.529341041754588,-42.977886557881114
-0.6114296659869516,10.080890047033929,-100.21444738141444,5.215495841890211,-13.71956512267152,43.70948959165975,-10.11116438790437,-69.11735230351276,27.408208061928562,51.47000413943888,-23.120734367341395,-29.087321058498503,24.319857454770258,-14.050843186792918,4.282741462092592,21.47673660960343,-70.3803266491036,-29.361746094121987,-15.906225111084696,-1.7681683877918783,-27.924258275847286,1.635809413399454,95.30924972460602,13.924724578891649,44.4772467152607,-3.4378785821310776,31.089645441859048,-5.340989197381124,39.18079302819752,26.987593736484474,-27.709409250669697,9.57536722572549,-50.48945562270288,-57.8185202078983,8.267711361253026,-27.9285565437623,44.29459628047862,-32.26340360158252,-31.478679380489982,-27.228662948971014,-48.444078209835155,-75.42559998802146,0.2964839401220971,75.7002877360586,-68.44053200820582,5.6527547319702105,57.37537774281443,-34.88486846406181,24.470620124790667,17.732615012885663,-44.06521645376885,14.059032559444834,-24.821149925900393,28.499334596273282,44.462125332719154,-82.21601272004241
1.0542325868322333,-4.718861465455215,45.78362652481656,-2.568161272188358,6.0981153749759,-20.518161306022904,5.00070789158745,31.280741079856348,-13.362263264220585,-23.120734367341395,11.244632361554244,13.514667963104618,-11.004514493339396,6.323693962686015,-1.718956591664551,-9.619577177679846,31.98957707120271,12.809398937491418,6.989865268899527,0.49007268335767357,11.870227652132662,-0.26917269509793573,-43.33538536968913,-6.1075896919783315,-19.49701459671044,1.9222386368659092,-13.502366925289344,2.8976209182668544,-18.149144815872923,-12.154460940451365,12.730821538225396,-4.331699431238396,23.52969757117211,26.426604100832606,-3.587145686484233,12.355118577552037,-20.753594851356258,15.443762613688888,15.308886462631468,12.540475199616562,22.55266010309269,35.01010661924563,-0.7485266011760235,-34.32997335502055,31.188486608993873,-2.9939437133018854,-26.529422281885292,15.620716256350061,-10.401405048118605,-7.4282261160100225,20.28665693728367,-6.2610245465734975,11.964950154901114,-13.0381921856663,-20.211527414103756,36.47118687593696
0.8921532510613619,-6.158113346607181,56.80012721266201,-3.1064445797295415,7.89595972937329,-24.900543878199212,5.645239295399151,38.323384935627224,-16.48909563956091,-29.087321058498503,13.514667963104618,17.34259158531154,-13.725614572224023,7.549669427585252,-2.5451901644839086,-12.191998848588852,39.04349205709796,16.44169309341801,9.066134318437445,0.5219903622877239,15.73794351646526,-1.1978650056266957,-53.859156404037165,-7.5213481630182,-25.393577592563982,2.4181676059459636,-16.862395468332156,3.810821210681356,-21.982375541335205,-14.541114148032053,16.677664488258667,-5.5467357809055535,28.51943369182566,31.930883194716916,-4.095015020295482,14.80627010470894,-25.373649956007398,18.348636251587834,17.963372651806747,15.30227494899864,27.281478392994696,42.786543821124916,-0.32521475057754823,-42.33719620817802,38.303355167751555,-3.0728924699333025,-32.559264038478325,19.14261968364248,-12.931095049630645,-10.542851690864689,25.097661737871153,-7.528742753443125,14.167305598280997,-15.755884548305723,-24.584771651896517,45.85863572997976
-0.32459212827551176,4.756026610781062,-47.44928739771159,2.478299862682819,-6.456708574228915,20.753002027239077,-4.852135221195388,-32.756195908912694,13.008443704835226,24.319857454770258,-11.004514493339396,-13.725614572224023,11.521023497399813,-6.668347588579414,1.9938554794144039,10.14817704041083,-33.35987965373492,-13.840380970972339,-7.481973452038884,-0.8145594945591488,-13.111070793692738,0.7238006819427927,45.10496325805878,6.59116202139667,20.937656242418353,-1.6305582958067726,14.6924729213203,-2.5463449250140724,18.594308440738484,12.809488785200907,-13.093505714958923,4.517247497904035,-23.951589546055786,-27.415443356881106,3.923594139846331,-13.23255055933498,20.998025094227934,-15.336313638122325,-15.0024011348367,-12.913523839781162,-22.987838512797364,-35.745911190715525,0.20673994029786055,35.83666416634093,-32.41216563643448,2.727528115691391,27.177175983059545,-16.51580139367282,11.569183509194993,8.313204371139157,-20.85599434615512,6.655474924857221,-11.810103031854908,13.527844515524304,21.08351287191418,-38.84254383343065
0.13110141108006268,-2.506461824249797,27.587047520378388,-1.4259320609419233,3.6308617520229,-12.155588676406985,2.9784599372393132,19.45985246136823,-7.232459373038534,-14.050843186792918,6.323693962686015,7.549669427585252,-6.668347588579414,4.101575955138415,-0.9857923135624046,-5.824645779465082,19.849641800701754,7.962333485234587,4.243656357352398,0.684250060939005,7.408905842406487,-0.07850568393094574,-26.258934900288928,-3.976627810833301,-11.807365100338867,0.7970530333757329,-8.793653778248666,1.1222257578970487,-11.021722425647532,-7.841715977342266,6.98852556506674,-2.548221999297098,14.142865171024962,16.481819328242544,-2.617965561337023,8.225374671034201,-12.23846521642877,9.095170144380532,8.934813626987879,7.605278822706868,13.605713485471554,20.9645500677882,-0.23301497075898903,-21.128220573185175,19.15345264682496,-1.8096357697062782,-15.865301071560781,9.897921096140687,-7.0503933437525985,-4.250335915004776,12.11609742790757,-4.085452528061435,7.058522564111703,-8.090508386772479,-12.620631274722118,22.695281806828593
0.13753193135307037,0.966694900885384,-7.960473524310957,0.3610323495486447,-1.2310873849950086,3.2562575006673873,-0.5835124444647108,-5.28501434397904,2.1816845719846123,4.282741462092592,-1.718956591664551,-2.5451901644839086,1.9938554794144039,-0.9857923135624046,0.5467692863743493,1.8128533913302212,-5.329056112106496,-2.578553714481105,-1.4193873340472443,-0.08577683945751143,-2.6220298020826935,0.5039068764799793,7.6110003057725155,1.0760561918702625,4.0286289706394935,-0.2664985152646293,2.4832581632451887,-0.5479982548345087,2.8986069766187637,1.925192344808748,-2.6291911917184603,0.8242063685659878,-3.7311674420148697,-4.206928785144412,0.45636575918301997,-1.946776235564039,3.342756831165771,-2.257456591713622,-2.0949819430167276,-2.0758618072905035,-3.5691363904202253,-5.710289836358493,-0.24513066549776294,5.874167668278646,-5.230766080601852,0.17048749975337507,4.450785248880287,-2.6519812306940698,1.93137482459814,2.033334294692168,-3.4666438708655223,1.0230048931197164,-1.6268852462669323,2.1131920924980325,3.2915267085868587,-6.7649926661458535
-0.23786977190975342,4.233522311066153,-41.79150071752093,2.1772834983238125,-5.740080348259204,18.193641604645258,-4.182700557248509,-28.76460969189514,11.450354553170715,21.47673660960343,-9.619577177679846,-12.191998848588852,10.14817704041083,-5.824645779465082,1.8128533913302212,8.976441771773967,-29.272789244303745,-12.267761343963343,-6.654455790549306,-0.7054756678076058,-11.704558048961774,0.7629038977420363,39.74089381091364,5.7922752588463515,18.628764117170636,-1.453086982647961,12.951969550081223,-2.2759045918866248,16.2925221293363,11.18950117759868,-11.660157293638548,4.008572504257235,-20.996727538108164,-24.01625565978748,3.4058782425687344,-11.575130027800203,18.449561389567272,-13.384801116869436,-13.05694010332791,-11.329713507601538,-20.139815919834607,-31.395608972348263,0.09565998518472006,31.527136365217302,-28.493966274711365,2.3076219626514898,23.881951057148907,-14.507523797078143,10.182516451848036,7.507970112483137,-18.36525257525642,5.82159822710547,-10.315360629063417,11.840557859874625,18.493580629018457,-34.29804947651313
1.0735341974831742,-13.275358148557855,137.92065258764706,-7.237874681040273,18.460681312021705,-60.67097718930371,14.536625639550486,96.02429902311377,-37.32129575005385,-70.3803266491036,31.98957707120271,39.04349205709796,-33.35987965373492,19.849641800701754,-5.329056112106496,-29.272789244303745,97.9089691734204,39.86502439867758,21.45380011605997,2.7636198331220396,37.405025115125106,-1.1821087873272607,-131.1314543064359,-19.39905377382917,-59.83678509940731,4.53066707617797,-43.06049733595178,6.718915471522769,-54.579224830943566,-38.03866726963426,36.65400945203455,-12.954987439798023,70.24784389440478,80.91107992081557,-12.118014299786752,39.545057662705716,-61.28195219701275,45.180939293133775,44.335971797092036,37.76801013921239,67.4743159824031,104.50014788126478,-1.0292522277605554,-104.76270945193248,94.90280342967115,-8.549779695163954,-79.23839256659643,48.57591060151564,-34.10494316078884,-22.626474535292946,60.66960418410721,-19.780490213044896,34.97051451082462,-39.8015487510264,-62.059349448970586,112.84592877760858
-0.011822875959598822,-5.714125388718633,56.762542450819005,-2.863101637649448,7.872919003978485,-24.489208739947323,5.525259063268995,39.21501461102414,-15.200115818550938,-29.361746094121987,12.809398937491418,16.44169309341801,-13.840380970972339,7.962333485234587,-2.578553714481105,-12.267761343963343,39.86502439867758,16.934785898412354,9.155018531009963,1.1081142471630259,16.264169827331415,-1.2147348250796668,-54.07543053333131,-7.979264972109955,-25.63949221654724,1.801519482839844,-17.884719663650767,2.8832379157311507,-22.04191512061364,-15.30206096703736,15.788622482275818,-5.454439538685596,28.342895217640205,32.64014529467898,-4.69696828345462,15.899318184968841,-24.834239724632457,17.923519712077788,17.365298703522477,15.364805760083902,27.20404027908587,42.427825721981705,0.14493860069910283,-42.93532145372461,38.73505470562653,-2.9663086077109435,-32.35112841780393,19.85018138652905,-14.162233065653632,-10.483940613289796,24.886303693297464,-8.003784953999379,13.711829815090848,-16.1028587189064,-25.157091863887008,47.05350058258566
0.083606101026483165,-3.1696489536361607,30.75941349119465,-1.5777206289801238,4.2964655451104194,-13.278080069260055,2.9619498205543704,21.100826434084684,-8.38586002952508,-15.906225111084696,6.989865268899527,9.066134318437445,-7.481973452038884,4.243656357352398,-1.4193873340472443,-6.654455790549306,21.45380011605997,9.155018531009963,4.983580800278158,0.5313646048406625,8.825727007291228,-0.7062499039437243,-29.28286298097243,-4.26250485380439,-13.952745267562962,1.057931605053347,-9.573565189471433,1.6817391415061327,-11.897661690405283,-8.15902650545957,8.708954705351141,-2.980738047355608,15.337046768925806,17.54738738589991,-2.452872507563431,8.452512995056532,-13.50357763244806,9.711703659806524,9.408898765326555,8.297717708167344,14.703526663673108,22.99903600973434,0.06490027869753495,-23.180040737525772,20.916509399144495,-1.5780911160353517,-17.536417945437435,10.655950007967451,-7.521405143153936,-5.7646839800191385,13.512563080063064,-4.266348392746461,7.444522712560102,-8.64907249824339,-13.527078812368904,25.395701821896882
-0.283776778837581,-0.08888802090898135,3.300052447108683,-0.09025300816713319,0.41234815077339787,-1.3356824877362439,0.33504028748709913,2.7236687844840923,-0.3552240480578455,-1.7681683877918783,0.49007268335767357,0.5219903622877239,-0.8145594945591488,0.684250060939005,-0.08577683945751143,-0.7054756678076058,2.7636198331220396,1.1081142471630259,0.5313646048406625,0.3483768993147486,1.0370613943032574,0.08558688644192708,-3.243255409666643,-0.6629785794994818,-1.4352295439063933,-0.13797194373461175,-1.4597620664020061,-0.2807134729443774,-1.3902661749901624,-1.2853540502324208,0.3610628288205878,-0.2619616527872715,1.7010252285446341,2.3618762783593477,-0.6080901379336973,1.4958233244545842,-1.3124320646244316,1.001102550914829,0.9155770331080776,0.9528147168851971,1.6695170480367871,2.4658726766206285,0.11067543115994881,-2.8236284884491214,2.5368307956966403,-0.23745477473439314,-1.8675144976681743,1.5036295447920816,-1.3285774807470883,-0.3242302062388644,1.3997468858044684,-0.7111251075377961,0.7509823905816175,-1.130888334758059,-1.792018829161021,3.166661448482769
-0.24313192701963815,-5.510725324330086,53.605809935636,-2.655247780153781,7.581280556141482,-22.860874747134762,4.964061152399539,36.865373814941975,-14.251876941208476,-27.924258275847286,11.870227652132662,15.73794351646526,-13.111070793692738,7.408905842406487,-2.6220298020826935,-11.704558048961774,37.405025115125106,16.264169827331415,8.825727007291228,1.0370613943032574,15.836434719051466,-1.533622662227856,-51.12375225044002,-7.5340090129499675,-24.763061777736375,1.6838848739457013,-16.99098345918832,2.773491688978116,-20.58255342666806,-14.251110916788704,15.261991733769003,-5.223093998420919,26.459256991797222,30.480254730451527,-4.306197733937553,14.836712501995708,-23.259057071195006,16.545601340183296,15.912422916573812,14.400995941255408,25.37777244451008,39.76218602068791,0.43005637646268685,-40.46517231687843,36.42869010398188,-2.509922831128833,-30.38624659733135,18.67662771414619,-13.449031062809757,-10.492446054723528,23.460587357354513,-7.476852122964657,12.622620202580775,-15.039837637888901,-23.568482718267155,44.77058552680237
0.3891688035297185,0.5562841329945474,-2.4863375484283483,0.036757771154777845,-0.6125923831058858,0.6203385605119703,0.19809233575441698,-1.2967460940161621,0.646218102201161,1.635809413399454,-0.26917269509793573,-1.1978650056266957,0.7238006819427927,-0.07850568393094574,0.5039068764799793,0.7629038977420363,-1.1821087873272607,-1.2147348250796668,-0.7062499039437243,0.08558688644192708,-1.533622662227856,0.8517634695316174,2.432145670926086,0.29223029632370834,2.1261416069727277,-0.08615092468049032,0.8356893063279157,-0.39042365155263026,0.5113338070588936,0.20190091182012831,-1.5797197038332953,0.3747754509410066,-0.64007135857847,-0.620701892517328,-0.1759420800440607,-0.1539381592168045,0.7253588655496715,-0.09365795065128621,0.096451461319702,-0.472056748368362,-0.5850000041908096,-1.2447844604267144,-0.5246326595138754,1.5942130503991416,-1.2822011792477137,-0.44147973682999186,1.1132931226481468,-0.6217772253418182,0.6190465721428556,1.72329479045498,-0.9965533427887425,0.12126237215255103,0.050018136687867296,0.37110950246108293,0.639430296767224,-2.5335228220627553
-1.616325490574096,18.555373018302937,-186.3412342963616,9.834150776565293,-25.266414072039737,81.7189315318662,-19.206759422598708,-128.683248870554,51.21407307443289,95.30924972460602,-43.33538536968913,-53.859156404037165,45.10496325805878,-26.258934900288928,7.6110003057725155,39.74089381091364,-131.1314543064359,-54.07543053333131,-29.28286298097243,-3.243255409666643,-51.12375225044002,2.432145670926086,177.09363970562674,25.850600780029403,81.80471472853957,-6.523083702398891,57.57798170618448,-9.927848412059992,73.19613792468158,50.39184221247233,-51.01277385943362,17.712902659872164,-94.36876695332543,-107.99083905233006,15.578381471285052,-52.150421781322535,82.74854132503373,-60.571331787805484,-59.330257476800575,-50.76147059866927,-90.54873524912219,-140.76101533295179,1.103254760616047,140.85134317751974,-127.49693180263279,10.994319554820782,106.88064234282082,-64.91241474948599,45.279130480918134,31.961077554979976,-82.01556817607513,26.189989240389426,-46.81530701660515,53.176881009851655,82.95926626285238,-152.22440710562253
0.010283531343901593,2.5292973857949548,-27.127963698146768,1.3694759854703544,-3.6443663241230166,11.813005172627316,-2.801410627125954,-19.05668568205339,7.054369631662135,13.924724578891649,-6.1075896919783315,-7.5213481630182,6.59116202139667,-3.976627810833301,1.0760561918702625,5.7922752588463515,-19.39905377382917,-7.979264972109955,-4.26250485380439,-0.6629785794994818,-7.5340090129499675,0.29223029632370834,25.850600780029403,3.913203222563291,11.897576194026774,-0.7628943850308632,8.703809397152293,-1.1349790079581186,10.717000790931051,7.613716805839516,-7.073072654878322,2.5402016453149527,-13.738930461096501,-16.019486219794917,2.49754542823821,-7.988296703789882,11.918014015300965,-8.739601339625258,-8.527860517358754,-7.425848281351971,-13.212179527090726,-20.43924691995199,0.06857497126497356,20.726740209158113,-18.743777813152064,1.6204428696665703,15.512580348772563,-9.696127436209249,6.981744100848921,4.5160505281965,-11.883825216934707,3.9755125278564627,-6.749046085963218,7.877166235205628,12.308861168665905,-22.49761826246238
-0.15972998603655947,8.907696599622863,-85.93283621423952,4.392929573045244,-12.031364274476772,37.031303657195124,-8.225108604844928,-58.88357739712828,23.435737861842256,44.4772467152607,-19.49701459671044,-25.393577592563982,20.937656242418353,-11.807365100338867,4.0286289706394935,18.628764117170636,-59.83678509940731,-25.63949221654724,-13.952745267562962,-1.4352295439063933,-24.763061777736375,2.1261416069727277,81.80471472853957,11.897576194026774,39.11796829795891,-2.954918898319511,26.74598918352493,-4.770447667451579,33.16563871860955,22.71391502390756,-24.516729757207358,8.345198997252119,-42.737199175626195,-48.86548460988659,6.77533141317556,-23.501105689784545,37.65334031817411,-27.00711010624507,-26.155914141993737,-23.150495619856024,-40.97093483279307,-64.1256976975135,-0.25088670929814927,64.68892235814423,-58.344310045039634,4.313447666548771,48.91864607701493,-29.71460818932324,21.011599562974002,16.33897900328772,-37.715949206554626,11.86361380423746,-20.689812701327103,24.11364433264587,37.714192341176876,-70.99937725370589
0.46285442004614546,-0.8870270533584567,6.981565753449395,-0.478653265307802,0.9555798780506981,-3.232557048406592,0.7667721393351344,4.410450572941191,-2.4820080940239,-3.4378785821310776,1.9222386368659092,2.4181676059459636,-1.6305582958067726,0.7970530333757329,-0.2664985152646293,-1.453086982647961,4.53066707617797,1.801519482839844,1.057931605053347,-0.13797194373461175,1.6838848739457013,-0.08615092468049032,-6.523083702398891,-0.7628943850308632,-2.954918898319511,0.5219043687898556,-1.7019404596811227,0.7808633332127913,-2.7051806444784656,-1.5406528244543936,2.2990634376417507,-0.7052945979168216,3.6020415641725605,3.719965039894902,-0.3199032142270886,1.467268166596331,-3.334120530860301,2.4439218357618397,2.4752612460551764,1.865131153780605,3.413326690758223,5.418904542669464,-0.2504159010245778,-5.001425590064217,4.577240503574832,-0.45671690389934894,-4.079197517024685,2.1125745816602564,-1.1475140680096632,-1.2173265792211139,3.1596294585429403,-0.7648176204328966,1.9587860477060832,-1.827129986831102,-2.848595838051584,5.163128004910445
0.11739258697841419,5.693065704040464,-60.400986911118494,3.0309393810590515,-8.1831954906216,26.182239991385654,-6.119461670653505,-42.33325660486385,15.680344113876423,31.089645441859048,-13.502366925289344,-16.862395468332156,14.6924729213203,-8.793653778248666,2.4832581632451887,12.951969550081223,-43.06049733595178,-17.884719663650767,-9.573565189471433,-1.4597620664020061,-16.99098345918832,0.8356893063279157,57.57798170618448,8.703809397152293,26.74598918352493,-1.7019404596811227,19.408981146015034,-2.5688767495798146,23.748721069878922,16.84233959648922,-15.9327679474581,5.691728717200987,-30.44550286944641,-35.48935144923262,5.488663110988485,-17.681059360184406,26.45244509314841,-19.282933261195552,-18.765770571401138,-16.479892964047163,-29.268004169532013,-45.3670428878624,0.022923936120514007,46.09739948798586,-41.652363109637136,3.47109579052252,34.460682142976154,-21.541990921133756,15.558604997337616,10.337782057494652,-26.442136031581352,8.802469990549287,-14.88098429595166,17.451929262241826,27.305881608572896,-50.22731583285187
0.5764743411614112,-1.473408229127566,10.61388201383589,-0.6863524227673979,1.5271577073095628,-4.799054401203454,1.0573127465608403,6.575248921045504,-3.810960227647855,-5.340989197381124,2.8976209182668544,3.810821210681356,-2.5463449250140724,1.1222257578970487,-0.5479982548345087,-2.2759045918866248,6.718915471522769,2.8832379157311507,1.6817391415061327,-0.2807134729443774,2.773491688978116,-0.39042365155263026,-9.927848412059992,-1.1349790079581186,-4.770447667451579,0.7808633332127913,-2.5688767495798146,1.31059564696898,-3.9851138420068,-2.2028573279979997,3.830541289717276,-1.1040755125012522,5.292724655901105,5.376344205786149,-0.32180690509844845,2.010203418427295,-4.941103266237631,3.531804516695635,3.5347550570952344,2.7919948474153466,5.015017715416798,8.034992880739443,-0.2229501468565201,-7.47813228707631,6.788115714254331,-0.5153957283206262,-6.132133378537583,3.1117843213029155,-1.720197333522383,-2.2965902049976172,4.7634356876786255,-1.0881721341046997,2.736168354382411,-2.6989701449564327,-4.162182374787648,7.955108477979903
-0.9309568633879586,7.494764770904626,-77.07894379047772,4.1286738370255796,-10.267625932591116,34.11233944186309,-8.249342220424394,-53.47949754150634,21.240484752597535,39.18079302819752,-18.149144815872923,-21.982375541335205,18.594308440738484,-11.021722425647532,2.8986069766187637,16.2925221293363,-54.579224830943566,-22.04191512061364,-11.897661690405283,-1.3902661749901624,-20.58255342666806,0.5113338070588936,73.19613792468158,10.717000790931051,33.16563871860955,-2.7051806444784656,23.748721069878922,-3.9851138420068,30.56913984807444,21.12454961390987,-20.589398140808473,7.237455910000097,-39.416299000502136,-45.15014520872802,6.658240268387325,-21.869936838437795,34.46241297074483,-25.50322577732193,-25.11705950089472,-21.127897626652096,-37.841654313900435,-58.60537732014108,0.8114172038462599,58.410518579321035,-52.97204206754761,4.9151523341894015,44.39542600382933,-26.97917011510917,18.697602075547312,12.437232347679403,-33.97468215204156,10.955536787032704,-19.787080172084327,22.20890100153265,34.59482377415653,-62.61085852118439
-0.24886447704470122,4.8522549057023125,-52.942633737111976,2.7316394575086207,-6.987002187550302,23.314661540186208,-5.694553567312234,-37.2939296697899,13.924538545227772,26.987593736484474,-12.154460940451365,-14.541114148032053,12.809488785200907,-7.841715977342266,1.925192344808748,11.18950117759868,-38.03866726963426,-15.30206096703736,-8.15902650545957,-1.2853540502324208,-14.251110916788704,0.20190091182012831,50.39184221247233,7.613716805839516,22.71391502390756,-1.5406528244543936,16.84233959648922,-2.2028573279979997,21.12454961390987,15.00156096870429,-13.504945748001683,4.898845804631353,-27.10998259443911,-31.553935431108435,4.969972116478421,-15.707975713691177,23.473646006490327,-17.433699926153537,-17.1162643275296,-14.586736728577657,-26.079195902858384,-40.20292451868576,0.42190728344469935,40.504561722410095,-36.7085204340197,3.4374108093315576,30.44716080905395,-18.955558894771173,13.490169968496629,8.25531017775022,-23.251582258066694,7.816315454890455,-13.499655519987684,15.503286470560768,24.16558283254111,-43.54644834440701
0.6540801204386231,-6.029234840585007,53.79050170434886,-2.8919792927517967,7.59778475063287,-23.3840338602105,5.160374047412478,36.04921343863657,-15.685118873964527,-27.709409250669697,12.730821538225396,16.677664488258667,-13.093505714958923,6.98852556506674,-2.6291911917184603,-11.660157293638548,36.65400945203455,15.788622482275818,8.708954705351141,0.3610628288205878,15.261991733769003,-1.5797197038332953,-51.01277385943362,-7.073072654878322,-24.516729757207358,2.2990634376417507,-15.9327679474581,3.830541289717276,-20.589398140808473,-13.504945748001683,16.364894684265384,-5.314824875235761,26.690744979165263,29.752454914314605,-3.6133024437607717,13.64583729694015,-23.832613396535542,17.040111523840793,16.61814691517578,14.400195539583404,25.524848641355725,40.17535733416113,-0.0665167569340832,-39.87870955574393,35.99257343784322,-2.6116649885620675,-30.678921331672175,17.94790406235802,-12.190538117315564,-10.710689004771748,23.699608829429135,-6.977798137490725,13.05841611381008,-14.759372686154258,-23.003782950121128,43.58623853547648
-0.16981021172588678,1.941365596805322,-18.644165924945128,0.989509307808154,-2.5793999186383814,8.125506122148765,-1.8481019133270842,-12.728008428229046,5.217250109181833,9.57536722572549,-4.331699431238396,-5.5467357809055535,4.517247497904035,-2.548221999297098,0.8242063685659878,4.008572504257235,-12.954987439798023,-5.454439538685596,-2.980738047355608,-0.2619616527872715,-5.223093998420919,0.3747754509410066,17.712902659872164,2.5402016453149527,8.345198997252119,-0.7052945979168216,5.691728717200987,-1.1040755125012522,7.237455910000097,4.898845804631353,-5.314824875235761,1.8047072287334045,-9.352438435027015,-10.613428521837495,1.451344771707985,-5.044844376556168,8.262531068493942,-5.973017873172262,-5.829543293921794,-5.03600742473545,-8.959513306542448,-14.010269469762239,0.05558842709912879,14.000522468350775,-12.656401322743056,1.0101406672000903,10.657972168815474,-6.398841090292022,4.43284938855576,3.4101849555378085,-8.210017706939265,2.545631480602751,-4.6118419982151675,5.230471165845703,8.175717240513562,-15.222493109759263
1.3732865449128264,-9.74490993011952,99.41590935889965,-5.369425158446719,13.253361126253335,-44.06736540097683,10.651861687026766,68.81055741767588,-27.624387149056048,-50.48945562270288,23.52969757117211,28.51943369182566,-23.951589546055786,14.142865171024962,-3.7311674420148697,-20.996727538108164,70.24784389440478,28.342895217640205,15.337046768925806,1.7010252285446341,26.459256991797222,-0.64007135857847,-94.36876695332543,-13.738930461096501,-42.737199175626195,3.6020415641725605,-30.44550286944641,5.292724655901105,-39.416299000502136,-27.10998259443911,26.690744979165263,-9.352438435027015,50.87732648611789,58.11784153357813,-8.486191189529881,28.020867133377447,-44.5532011456275,32.9801081834794,32.5025836421576,27.237813066097097,48.82626138739433,75.666689605173,-1.1267302893720264,-75.23603913804303,68.25293366798243,-6.362520638487695,-57.31017976598026,34.67462835930109,-23.88933786466904,-16.03079314612784,43.866565228720674,-14.05362918898754,25.605840386366218,-28.579052488776885,-44.514804057913324,80.54215212204751
1.0329768022799677,-10.772932412801046,113.60177339960923,-6.001582113457602,15.089498583682396,-50.149847184793664,12.152485607530577,79.30209473293478,-30.69400302286863,-57.8185202078983,26.426604100832606,31.930883194716916,-27.415443356881106,16.481819328242544,-4.206928785144412,-24.01625565978748,80.91107992081557,32.64014529467898,17.54738738589991,2.3618762783593477,30.480254730451527,-0.620701892517328,-107.99083905233006,-16.019486219794917,-48.86548460988659,3.719965039894902,-35.48935144923262,5.376344205786149,-45.15014520872802,-31.553935431108435,29.752454914314605,-10.613428521837495,58.11784153357813,67.0301357029454,-10.18714179894339,32.86362057241133,-50.62791665856784,37.4889402054209,36.861260162296915,31.189076749932138,55.833213499355786,86.33750902144976,-1.0640071683263983,-86.44857486351214,78.38190818519442,-7.291165620801782,-65.37808683601389,40.14853942888539,-28.13735826247058,-18.0558814404932,50.010720488587275,-16.405018588652602,29.099470965744406,-32.92744391130732,-51.34869860641463,92.79054514711915
0.04990529815457199,1.248646829665299,-16.31701574536029,0.8189980950616852,-2.06198822031814,7.1991213729312316,-1.8472871186710351,-11.876830804380472,3.9092527706207845,8.267711361253026,-3.587145686484233,-4.095015020295482,3.923594139846331,-2.617965561337023,0.45636575918301997,3.4058782425687344,-12.118014299786752,-4.69696828345462,-2.452872507563431,-0.6080901379336973,-4.306197733937553,-0.1759420800440607,15.578381471285052,2.49754542823821,6.77533141317556,-0.3199032142270886,5.488663110988485,-0.32180690509844845,6.658240268387325,4.969972116478421,-3.6133024437607717,1.451344771707985,-8.486191189529881,-10.18714179894339,1.8550192146950366,-5.349591919404266,7.211626125631571,-5.43140053149818,-5.348565690769215,-4.558501277181549,-8.18849794169761,-12.48379044533872,0.17248411637891317,12.765887184325495,-11.595735352749532,1.2091628068665352,9.380024093880035,-6.129531679567214,4.522544198738728,2.0990157335193973,-7.1388046898478645,2.6002732829449293,-4.284963466371639,4.956113155941241,7.779826975266008,-13.632428264648553
0.07984223993396963,-4.860889624062052,54.728760430582,-2.7901689105673837,7.204713186763454,-24.016207252557496,5.865653242945632,38.79119867460669,-14.056285687488307,-27.9285565437623,12.355118577552037,14.80627010470894,-13.23255055933498,8.225374671034201,-1.946776235564039,-11.575130027800203,39.545057662705716,15.899318184968841,8.452512995056532,1.4958233244545842,14.836712501995708,-0.1539381592168045,-52.150421781322535,-7.988296703789882,-23.501105689784545,1.467268166596331,-17.681059360184406,2.010203418427295,-21.869936838437795,-15.707975713691177,13.64583729694015,-5.044844376556168,28.020867133377447,32.86362057241133,-5.349591919404266,16.578548719843823,-24.182891839678472,17.93393724072495,17.57766926518076,15.088180344560937,26.967474658197645,41.529565281250136,-0.3654780023802899,-42.06763905413732,38.11955605609027,-3.569169817830655,-31.414596062647227,19.79807803063435,-14.257111578303643,-8.385201348603808,24.003229692646105,-8.20283539848776,13.941749683342303,-16.104262000830413,-25.17554614607054,45.30210219880084
-1.369758202759761,8.728188830767236,-87.22918588772009,4.761778178351003,-11.694336740064609,38.668244368637595,-9.274242993890965,-60.033931437244966,24.57032129196308,44.29459628047862,-20.753594851356258,-25.373649956007398,20.998025094227934,-12.23846521642877,3.342756831165771,18.449561389567272,-61.28195219701275,-24.834239724632457,-13.50357763244806,-1.3124320646244316,-23.259057071195006,0.7253588655496715,82.74854132503373,11.918014015300965,37.65334031817411,-3.334120530860301,26.45244509314841,-4.941103266237631,34.46241297074483,23.473646006490327,-23.832613396535542,8.262531068493942,-44.5532011456275,-50.62791665856784,7.211626125631571,-24.182891839678472,39.160709367609385,-28.892471428361524,-28.482408850676407,-23.830385207092593,-42.72247661911944,-66.35324563232483,1.003580987146463,65.79137037061933,-59.684278689837235,5.488180972179064,50.264092854395976,-30.180802730201226,20.628835966725163,14.33723677595827,-38.525894122560025,12.151815913130045,-22.459277694301765,24.89887812436124,38.804350907651205,-70.44879077612761
