V1,V2,V3,V4,V5,V6,V7,V8,V9,V10,V11,V12,V13,V14,V15,V16,V17,V18,V19,V20,V21,V22,V23,V24,V25,V26,V27,V28,V29,V30,V31,V32,V33,V34,V35,V36,V37,V38,V39,V40,V41,V42,V43,V44,V45,V46,V47,V48,V49,V50,V51,V52,V53,V54,V55,V56
53.038381584451685,-25.17997320530274,27.114101859115888,-14.67400534369807,1.8281360443714714,-39.00304430335276,14.57309309775443,-26.97922189205162,-79.30344107086734,4.888219429990959,50.32362647134063,50.96711028531031,-0.047403298707777104,-16.44265244535489,3.4707332823023886,1.2052302582772907,-20.941345631571004,-24.05173054403314,-4.692591232780682,-31.150945866643063,-31.576578267784576,8.31604303000139,-11.233309563725529,21.198318214665015,13.60397663996577,33.54159215349,50.067849016627314,50.824412589248496,-11.827220527417902,29.530248282041562,48.830835444056866,-5.5713296047840215,28.66458141529391,-17.036085575386522,29.06359122199459,-49.38398047921986,-43.453062297546154,40.02905589715447,50.840180730540496,6.418472241194769,23.32063067827433,44.34264680665246,-30.702174769076677,12.267947175665022,-4.0468283380562715,-12.882841767481976,-30.533905296392977,-28.233601674296782,62.09327309714375,2.6344334801186506,23.21715321796378,19.847482254133244,35.35192493497489,7.1245686623774285,16.70474634091579,-50.859964328474064
-25.17997320530274,12.704042698763965,-13.59501756649974,7.007612511631825,-1.3535278879556396,18.45292092827552,-6.4555014639382575,13.38720259381721,38.55340904168083,-1.610001004144448,-24.087045581163988,-25.54910349816705,0.28681138632078307,8.296688016299552,-1.092789004179258,-0.1678570607777213,10.642372564671238,10.832605358186491,1.743276621152238,15.261290727327145,13.981239835217378,-2.9079748842660726,5.980247477138273,-10.30204843574743,-4.92943369430604,-16.290115055920744,-24.068962284707258,-25.023246459241317,5.259816878172189,-14.867928454589787,-25.041011458118675,2.942838198660995,-13.280482755355445,9.141419304540923,-14.601747554157342,24.588839343491586,20.763067115157384,-18.591610475694964,-23.561744022489066,-2.948791443019427,-10.669272143943992,-20.994363872500287,14.12336203702665,-6.004257218307037,2.2355047222336912,5.45342799696983,14.672098410954417,13.88024533172247,-30.015177046147482,0.5967906481635341,-11.34644510350594,-9.866663591615048,-16.30701846358831,-3.8084134139066546,-8.577268345041873,23.59630779360225
27.114101859115888,-13.59501756649974,14.587309384334214,-7.542858639593958,1.405249265670289,-19.891544040017116,7.008435367021144,-14.325215555172722,-41.417128593764836,1.8000775855964564,25.920860980978468,27.36285434063371,-0.2855388356219413,-8.87192695568818,1.2404457022602373,0.22097464636344213,-11.355042235711846,-11.723515017836107,-1.9284111472541199,-16.377323298482022,-15.163529541233837,3.25240760064227,-6.394998740164056,11.060823994016427,5.4719220295365005,17.49971715458631,25.872006004984637,26.8418588791418,-5.717882424155827,15.901951153294801,26.75540079632054,-3.137269559112391,14.355150615142211,-9.70127846876263,15.626046678966404,-26.333974828682212,-22.356661920380084,20.07776420708568,25.4483049848035,3.1953985523258983,11.551286137374706,22.63810159705607,-15.261063969608468,6.419328192807093,-2.347740726519307,-5.951570688318372,-15.796653743801896,-14.879012989073194,32.24945493720361,-0.4318904872204596,12.194419123812574,10.567975054014749,17.62367408905685,4.0421232568729835,9.145667663769487,-25.44558464385173
-14.67400534369807,7.007612511631825,-7.542858639593958,4.062372635094491,-0.5326898770960774,10.78798411259633,-4.00647752610763,7.494947500638604,21.99058271120824,-1.3127276465789794,-13.93355372075071,-14.175683430852379,0.027756316889584343,4.5757970856474195,-0.9299156876266459,-0.3108734945956779,5.831151535461563,6.621711078023158,1.2713647738422804,8.644201858258052,8.68014611598934,-2.2438408797157186,3.144881466731225,-5.8776293677858735,-3.6790699627478287,-9.300142420852435,-13.867896147481138,-14.110478697728835,3.2532951939760513,-8.216217525452986,-13.611937636422471,1.557995458545652,-7.913355504109462,4.769990402513621,-8.084496273054917,13.724887985855624,12.030116427541385,-11.052299097443838,-14.034660441531623,-1.7707283391268898,-6.430609528877107,-12.266324373163405,8.469418357266182,-3.4025999188567444,1.1354887123496815,3.5280327680056773,8.458218463642668,7.836715522455099,-17.208082952865034,-0.6275543551421142,-6.441976747167113,-5.5153115677096745,-9.755193090965866,-1.9942492438564596,-4.656180548684452,14.03961815263643
1.8281360443714714,-1.3535278879556396,1.405249265670289,-0.5326898770960774,0.3780999463719447,-1.3037213261126779,0.2021441195800187,-1.3031310406499363,-3.319121568960958,-0.29321374167051606,1.8611011189296789,2.6338412417825325,-0.17311008775899095,-0.8841113729875849,-0.23975453800420798,-0.22101363102405547,-1.1739069914314026,-0.4485620049384217,0.15288887150507544,-1.3792863426031565,-0.4328370483406192,-0.3871914010438656,-0.80908576154558,0.8844894440127196,-0.5234103576862408,1.3936269053645023,1.918249990379192,2.330745912844011,-0.17833025034622543,1.5669131801793883,2.887138980102672,-0.38537534800423956,0.7766448804240411,-1.267955437447914,1.521716496569559,-2.4417601681713985,-1.585651785164771,1.1130060857330917,1.3802121993999985,0.15790319499344568,0.5442330754175342,1.493246687761039,-0.76500962073628,0.537070370766432,-0.34080781124993575,-0.014804752826051891,-1.1675567405330407,-1.28055470466198,2.4866927712827636,-1.1059546715384976,1.0114482353205194,0.9713961400850455,0.9110474573023137,0.5211865724964156,0.993293771498195,-1.3943022855445049
-39.00304430335276,18.45292092827552,-19.891544040017116,10.78798411259633,-1.3037213261126779,28.694946591480477,-10.759477918575831,19.77786036917865,58.24348651654555,-3.648875410384435,-36.994262174244504,-37.36539915854438,0.01596904106593567,12.04620052058847,-2.6000819564513677,-0.9184487537211833,15.326739228150995,17.73388130497376,3.4912593258908182,22.866281205772214,23.305655284195034,-6.2065440954725934,8.218817295563824,-15.565597091376707,-10.132003007614738,-24.63374638345918,-36.787967435878436,-37.29796284290206,8.735218972029969,-21.636733209889776,-35.75088757537883,4.0722078128666475,-21.116240459373692,12.426374897534316,-21.301259936462273,36.21148514480848,31.949302116421965,-29.478210193015737,-37.44289847466548,-4.73335205106503,-17.19273620960756,-32.62543184881157,22.61742984723916,-8.994184936627565,2.937997822854533,9.53290835368983,22.44811403982832,20.71512705189735,-45.611146165170595,-2.0960607008948755,-17.051698383948718,-14.554079719874837,-26.04202577612635,-5.196795602492441,-12.22059625468958,37.4369797605811
14.57309309775443,-6.4555014639382575,7.008435367021144,-4.00647752610763,0.2021441195800187,-10.759477918575831,4.292286610696702,-7.050366834276785,-21.232703934235655,1.7801203362540101,13.708874187750038,13.167764254061641,0.14854325903189372,-4.21334728776873,1.2966175981788821,0.5804005683711171,-5.315771177229243,-6.969859797092676,-1.5890498269055107,-8.26722667191625,-9.300971041822876,2.928916714119995,-2.6910762807956448,5.676413357943299,4.683204284913666,8.989127516251209,13.570655416407151,13.41222057844628,-3.472391701032328,7.586644041038933,12.268896455187376,-1.3466613159405372,8.082387200587865,-4.025555519833721,7.488389682546505,-12.860169029582904,-11.858903285412607,11.25664241233463,14.327966577315022,1.8266119329419193,6.660090499642489,12.223640969237792,-8.71627685272269,3.255662386889767,-0.914176440295716,-3.9505829183532053,-8.284727692068982,-7.461059930161043,16.728084016869698,1.8659150192344554,6.180946547821006,5.177589922401109,10.009058285434834,1.6914289789950094,4.187284970728589,-14.311076258602059
-26.97922189205162,13.38720259381721,-14.325215555172722,7.494947500638604,-1.3031310406499363,19.77786036917865,-7.050366834276785,14.192162740065504,41.033163823371076,-1.949334814392231,-25.74309719296752,-26.967512561331546,0.22207922357739338,8.748543096796697,-1.3362396734092215,-0.3051867808268591,11.215705439108746,11.787882053427902,2.015077151411668,16.212461374752493,15.285722750438737,-3.4234857916828467,6.190046039462908,-10.971684950134234,-5.7451495486286275,-17.34528116217072,-25.70870661486827,-26.545226398059082,5.729454107431142,-15.687433015793019,-26.273078524825735,3.0626445504831996,-14.31223846004774,9.499289329731441,-15.409501689966342,26.015249284454242,22.195160941788835,-20.032454085681298,-25.40583497364789,-3.180713072092525,-11.536770936088843,-22.49066540440025,15.266122422762512,-6.400735908518012,2.3209447186257215,6.037262308985254,15.652178310817735,14.740862367246752,-32.00810931145483,0.08821956030338941,-12.04940734347589,-10.444474703917557,-17.606607567583634,-3.9630271536957036,-9.011266999592507,25.467073147029183
-79.30344107086734,38.55340904168083,-41.417128593764836,21.99058271120824,-3.319121568960958,58.24348651654555,-21.232703934235655,41.033163823371076,119.66629513824246,-6.45008089115869,-75.48197819014435,-77.83720069228207,0.39071549698458163,25.1754083630863,-4.520649110908351,-1.3138455604702102,32.151700240213884,35.25494809169869,6.432055115337857,47.14636583032439,45.99603700018268,-11.181273438467226,17.580783049655285,-31.982044414113897,-18.49677840365287,-50.593014946274664,-75.22104007654987,-77.07121020746733,17.258571931161345,-45.174478411338214,-75.25309113076509,8.689585212750755,-42.467156461762826,26.738665197244636,-44.42416718302039,75.21605985536698,65.13471518697057,-59.35708948399688,-75.32655553459529,-9.480075479049487,-34.387353468493586,-66.23651466630803,45.36106453097341,-18.556241792701524,6.426018862792356,18.46455784289559,45.87010992661944,42.787201722743724,-93.48747760647328,-1.7121747042530107,-35.107228691040966,-30.210381063532232,-52.28573867254076,-11.164268952293476,-25.753808453976276,75.38029415394831
4.888219429990959,-1.610001004144448,1.8000775855964564,-1.3127276465789794,-0.29321374167051606,-3.648875410384435,1.7801203362540101,-1.949334814392231,-6.45008089115869,1.1308518690058729,4.449954951729769,3.4130910883949657,0.24917215438974466,-1.0534476560349568,0.8455035743990694,0.49696584862323173,-1.2778263812363655,-2.77573718409725,-0.8936845423438163,-2.4246644219256357,-3.8705462092653513,1.7509505935869583,-0.4082532509318443,1.7305578008854865,2.707978441289644,2.744206223075292,4.336568009366702,3.83773153959878,-1.4204274201635951,1.9228363615149098,2.738192028079063,-0.2301083049243937,2.9447874110398065,-0.5821573501513803,1.9196576646347938,-3.47392491202261,-3.8714794810263777,4.074771600444047,5.22533121534118,0.6807853529440613,2.5227784773581385,4.129687278957847,-3.2578657232132326,0.9721638639189449,-0.08634668368745069,-1.8136634704447625,-2.6392640979397166,-2.156915453063936,5.219351676378626,1.99326462415622,1.8263944428676375,1.4112253550281815,3.7047775502847258,0.2575786171394208,0.934571552397745,-5.220487292824107
50.32362647134063,-24.087045581163988,25.920860980978468,-13.93355372075071,1.8611011189296789,-36.994262174244504,13.708874187750038,-25.74309719296752,-75.48197819014435,4.449954951729769,47.80241487425373,48.71044572590631,-0.11614185405651291,-15.72721599976216,3.1484019911494316,1.0373680660525801,-20.045457163740224,-22.666838253667198,-4.326386433834887,-29.679583726637468,-29.698116324254755,7.620697608391844,-10.832777418660756,20.174188401030527,12.509450717656968,31.919476461499638,47.581514384814746,48.4562837808137,-11.133241874691997,28.236302749277396,46.8165962094158,-5.363692867515609,27.116411547057247,-16.433444102210263,27.784973440522023,-47.15205161715451,-41.26650061585325,37.87696230153967,48.092766817053395,6.0670957461583255,22.026948318338786,42.063522093401296,-29.013670771289743,11.68213740110138,-3.9172573087339306,-12.05225185808188,-29.02183476115328,-26.909972882798066,59.0530244215489,2.018316249697327,22.115742234733798,18.94562658478695,33.41978534837091,6.867340276351522,16.01469754618048,-48.10968138528052
50.96711028531031,-25.54910349816705,27.36285434063371,-14.175683430852379,2.6338412417825325,-37.36539915854438,13.167764254061641,-26.967512561331546,-77.83720069228207,3.4130910883949657,48.71044572590631,51.418735614793846,-0.5225066006953097,-16.685025085538314,2.334238420070031,0.42759913823248646,-21.38518307172328,-22.05381361914689,-3.6336587467739894,-30.785832683816494,-28.518751450116874,6.114438693129696,-11.966435140547866,20.799450787851676,10.310525609138699,32.89311708125115,48.65008972657893,50.452243709448126,-10.725330729757975,29.907271599661293,50.27697375753519,-5.891909094109554,26.954751935970958,-18.26906204189529,29.377365701919405,-49.51671517551894,-41.999410655319195,37.72199255365469,47.81739311593328,5.990606325497554,21.685304693496615,42.51042718986374,-28.686472457112938,12.10979234326615,-4.452103676025434,-11.183970183758523,-29.660306435489144,-27.988560911072696,60.63441211241275,-0.8015170802370536,22.897175167970584,19.87313873918633,33.1139359571965,7.614874972594186,17.21694495972129,-47.877640670535584
-0.047403298707777104,0.28681138632078307,-0.2855388356219413,0.027756316889584343,-0.17311008775899095,0.01596904106593567,0.14854325903189372,0.22207922357739338,0.39071549698458163,0.24917215438974466,-0.11614185405651291,-0.5225066006953097,0.09500369633059759,0.18591687826593073,0.19229895596641183,0.14247453958033157,0.25925640374326936,-0.18645639983248302,-0.16697147505061205,0.19380932493076572,-0.3280814197233552,0.3580294621663981,0.24449809109262213,-0.10159741658866861,0.5278467915879809,-0.15867586474290354,-0.1477428747880835,-0.36015909142494473,-0.1110546590247911,-0.32218879258585603,-0.6988650358433038,0.1101739750715981,0.08570714264547716,0.38103126181440594,-0.3080671209739569,0.44411081974072636,0.08904524786568349,0.10614886102112368,0.15365269798946715,0.026583403901504668,0.11653822295150867,-0.02509821694970785,-0.13137127086919417,-0.06876081160463092,0.10916427842161591,-0.2207740450371062,0.09367109819085663,0.19006526204306345,-0.2421805336294621,0.648167480590195,-0.13779060153248626,-0.17260160016522968,0.13409869544605801,-0.1535408499238095,-0.23889358896359505,-0.15336088771973794
-16.44265244535489,8.296688016299552,-8.87192695568818,4.5757970856474195,-0.8841113729875849,12.04620052058847,-4.21334728776873,8.748543096796697,25.1754083630863,-1.0534476560349568,-15.72721599976216,-16.685025085538314,0.18591687826593073,5.420028498899798,-0.7126810423967229,-0.11017910996053328,6.956616528634032,7.074463906280879,1.1381737638789051,9.966806758090428,9.129046522862977,-1.8964590192576054,3.8997093097189595,-6.728891506326982,-3.2181482947586098,-10.638303660565526,-15.719942133740664,-16.341821831785698,3.4307361361866398,-9.713048132351132,-16.354084805260623,1.921793297696536,-8.667564178985819,5.976197349577433,-9.537337903340182,16.06122283621808,13.55553594362013,-12.136723995444024,-15.381800257161625,-1.9231258598387433,-6.962336507163692,-13.703692449601332,9.22146896995399,-3.926656131448036,1.4654041181601931,3.5590222965019724,9.576839534665831,9.067523972750646,-19.603044375417902,0.39263624927208735,-7.406869332894785,-6.445141053500009,-10.645848006581309,-2.4903115193230043,-5.60578016292778,15.412962140760985
3.4707332823023886,-1.092789004179258,1.2404457022602373,-0.9299156876266459,-0.23975453800420798,-2.6000819564513677,1.2966175981788821,-1.3362396734092215,-4.520649110908351,0.8455035743990694,3.1484019911494316,2.334238420070031,0.19229895596641183,-0.7126810423967229,0.6379100245762617,0.37795846978895586,-0.8510348963909136,-2.007397464237555,-0.6656799929831594,-1.6888112554149226,-2.813656613438875,1.3142107659535907,-0.2568770516082249,1.2107083157640166,2.0218665974731667,1.923810167640242,3.0545929393836566,2.663971259693184,-1.0373589549142137,1.3039913046577671,1.8198570417478979,-0.14418190624089616,2.119184540229989,-0.33424149518416657,1.3066996005343616,-2.3846009169200326,-2.7449142817074823,2.9249135420700796,3.7528026100503493,0.4931949351561831,1.8243341192475646,2.944967142669263,-2.3440785884838067,0.6687571071777022,-0.031468923466529304,-1.333729710974633,-1.8684300140342895,-1.4945537534133202,3.665981492550935,1.5398648927602687,1.2798177754487507,0.9699057484009292,2.666162520779315,0.1504995621103889,0.6138794039793145,-3.7341930012357896
1.2052302582772907,-0.1678570607777213,0.22097464636344213,-0.3108734945956779,-0.22101363102405547,-0.9184487537211833,0.5804005683711171,-0.3051867808268591,-1.3138455604702102,0.49696584862323173,1.0373680660525801,0.42759913823248646,0.14247453958033157,-0.11017910996053328,0.37795846978895586,0.24655684696498584,-0.10241549115902629,-0.864054988009724,-0.3688667113833363,-0.4537161341152301,-1.2637422092075494,0.7494985098176684,0.09910232742262955,0.3542756521078328,1.136045738322583,0.564530184784747,0.9786975879601513,0.6731194525480101,-0.45804631049334604,0.21535360683726015,0.1070620059126693,0.034552130476961145,0.8253238700592153,0.17701055570396945,0.22823243491202072,-0.5079944825975368,-0.912719498844842,1.1302690412543892,1.463595746603269,0.1974987945100468,0.7440673554238907,1.0341404361436444,-0.9415549571055448,0.18648786012874966,0.07304080658085128,-0.6495596156596553,-0.5959687582271715,-0.38714884342658773,1.123697097439903,1.0559965660788566,0.35032948952577647,0.21255183825787216,1.058217469856275,-0.0662751501884873,0.033944941431577426,-1.4570591890864786
-20.941345631571004,10.642372564671238,-11.355042235711846,5.831151535461563,-1.1739069914314026,15.326739228150995,-5.315771177229243,11.215705439108746,32.151700240213884,-1.2778263812363655,-20.045457163740224,-21.38518307172328,0.25925640374326936,6.956616528634032,-0.8510348963909136,-0.10241549115902629,8.946460031277388,8.954815108549747,1.4020885368276197,12.742920804253258,11.526816335140555,-2.307630554441945,5.015608802308568,-8.59731289849707,-3.9479800898425124,-13.586526016732343,-20.057724743185407,-20.904517827453322,4.324760422654374,-12.464043787439978,-21.015870849764138,2.4768105659002098,-10.995123444679228,7.731735412611069,-12.231478531070344,20.57940271556041,17.269848664904814,-15.40795293046726,-19.52409941025555,-2.433613477747218,-8.81592386430223,-17.43261782359931,11.697379444989682,-5.034001047548848,1.911837721439527,4.462814550880515,12.204015772201705,11.604463585704742,-25.0267314603763,0.688155410881719,-9.458671308942387,-8.257410867131519,-13.504679926321979,-3.221713654757003,-7.215104560344487,19.58837532879549
-24.05173054403314,10.832605358186491,-11.723515017836107,6.621711078023158,-0.4485620049384217,17.73388130497376,-6.969859797092676,11.787882053427902,35.25494809169869,-2.77573718409725,-22.666838253667198,-22.05381361914689,-0.18645639983248302,7.074463906280879,-2.007397464237555,-0.864054988009724,8.954815108549747,11.36695283921759,2.507969345871768,13.757927120421073,15.110745459588015,-4.583534681389446,4.580973250322477,-9.428182827706696,-7.367335613442881,-14.923950836043145,-22.473999074297918,-22.34953240050144,5.637942683080249,-12.730748406634827,-20.690821287986022,2.2929860474268198,-13.251153528609363,6.907533468204024,-12.553175905825647,21.50418848112445,19.596981627273056,-18.472191311126142,-23.501938073646258,-2.9856344153655443,-10.885971839543677,-20.147261321342896,14.276231586421416,-5.429054557065977,1.595592312720459,6.359263187807926,13.704902084945072,12.434357235423601,-27.741398708343855,-2.6383002619670686,-10.271818100946291,-8.65474610385399,-16.400901533334,-2.9000171254812632,-7.073971568800216,23.50013141004565
-4.692591232780682,1.743276621152238,-1.9284111472541199,1.2713647738422804,0.15288887150507544,3.4912593258908182,-1.5890498269055107,2.015077151411668,6.432055115337857,-0.8936845423438163,-4.326386433834887,-3.6336587467739894,-0.16697147505061205,1.1381737638789051,-0.6656799929831594,-0.3688667113833363,1.4020885368276197,2.507969345871768,0.7294802560035728,2.4513375512816626,3.448558606932531,-1.4083045231972116,0.57197139329691,-1.7221571918976777,-2.194626818156746,-2.730471461596446,-4.238180594194679,-3.919206361243197,1.275121078230213,-2.064887728729084,-3.118796975718842,0.29983167329154,-2.7467518739590964,0.8284389101926789,-2.052801249810746,3.6316827898660304,3.756370304411509,-3.807756106723786,-4.869638039323278,-0.631017288360417,-2.3221149941288917,-3.9577367480964187,3.0090791384490023,-0.9722474130482875,0.15789966884673087,1.5682055479359813,2.5864192237378303,2.1916001050514096,-5.148359373102474,-1.4273537815613395,-1.8429795982071338,-1.4694205703365784,-3.434203604694216,-0.3553403750401751,-1.0617454231444616,4.858871624303
-31.150945866643063,15.261290727327145,-16.377323298482022,8.644201858258052,-1.3792863426031565,22.866281205772214,-8.26722667191625,16.212461374752493,47.14636583032439,-2.4246644219256357,-29.679583726637468,-30.785832683816494,0.19380932493076572,9.966806758090428,-1.6888112554149226,-0.4537161341152301,12.742920804253258,13.757927120421073,2.4513375512816626,18.593732921275045,17.91056547780276,-4.22884927019135,7.0026590590066515,-12.600895432429622,-7.027939232453543,-19.93059880999356,-29.595958513354184,-30.414303201677956,6.721580026705345,-17.879406298284287,-29.850431141770233,3.4595770125221144,-16.62736868481316,10.671506004953708,-17.57684462494308,29.726473181880905,25.6041515183162,-23.249650267035143,-29.497072575148014,-3.7070454096113177,-13.442065522793916,-26.00534926923193,17.747155448147584,-7.321169319367282,2.5770491712918115,7.148696401914007,18.042858034310896,16.883715141401346,-36.808033994267916,-0.38336042729920294,-13.839001698651265,-11.93728812580703,-20.462181490477725,-4.453669363031133,-10.220096616163808,29.527903755225466
-31.576578267784576,13.981239835217378,-15.163529541233837,8.68014611598934,-0.4328370483406192,23.305655284195034,-9.300971041822876,15.285722750438737,45.99603700018268,-3.8705462092653513,-29.698116324254755,-28.518751450116874,-0.3280814197233552,9.129046522862977,-2.813656613438875,-1.2637422092075494,11.526816335140555,15.110745459588015,3.448558606932531,17.91056547780276,20.163540428343268,-6.352713586065841,5.810138044954438,-12.30057501595322,-10.163931830473409,-19.474868976731873,-29.408146974792025,-29.05483474109656,7.5187550404679,-16.43862089188505,-26.56772455275647,2.9145966286739187,-17.505488597296846,8.72656413452299,-16.222052478408504,27.863068466061694,25.686970824714155,-24.386831658264896,-31.042791722091113,-3.9533468813228034,-14.42434648289596,-26.472782569698463,18.888707857912323,-7.066544368025087,1.9909242148156838,8.562833466160104,17.93960854398613,16.169763074480016,-36.24712981876599,-4.05732343112494,-13.383049128260428,-11.21864188530228,-21.686007753258465,-3.6678990911899376,-9.076943285788143,31.026468703049083
8.31604303000139,-2.9079748842660726,3.25240760064227,-2.2438408797157186,-0.3871914010438656,-6.2065440954725934,2.928916714119995,-3.4234857916828467,-11.181273438467226,1.7509505935869583,7.620697608391844,6.114438693129696,0.3580294621663981,-1.8964590192576054,1.3142107659535907,0.7494985098176684,-2.307630554441945,-4.583534681389446,-1.4083045231972116,-4.22884927019135,-6.352713586065841,2.748054598920366,-0.8665074849571117,2.992556578587695,4.255009806141215,4.750505287150391,7.434276702014503,6.728298315977223,-2.349655939376657,3.4507536699836914,5.077928672828647,-0.46024624577472467,4.952319821563374,-1.206120644922045,3.441210538978223,-6.154628516146493,-6.629115536055656,6.8506141093847734,8.771688441587953,1.1446148283056348,4.217392938914852,7.03549699564295,-5.442212856992785,1.6709080845209707,-0.19586430319645096,-2.9404417770467672,-4.546272189967571,-3.764279954683664,8.99054889297427,2.976673126386837,3.1920875857842463,2.4947857718834845,6.204571141764449,0.5238456589085101,1.7196812654645302,-8.73474441362049
-11.233309563725529,5.980247477138273,-6.394998740164056,3.144881466731225,-0.80908576154558,8.218817295563824,-2.6910762807956448,6.190046039462908,17.580783049655285,-0.4082532509318443,-10.832777418660756,-11.966435140547866,0.24449809109262213,3.8997093097189595,-0.2568770516082249,0.09910232742262955,5.015608802308568,4.580973250322477,0.57197139329691,7.0026590590066515,5.810138044954438,-0.8665074849571117,2.965492181530252,-4.6899679056426935,-1.552107478209038,-7.419941775305474,-10.850913535200272,-11.53406478109484,2.2114917354734094,-6.975407134542259,-11.947745516014255,1.4391429348238536,-5.804464933788767,4.4955892077795845,-6.843390639194015,11.433077006942005,9.331986577661539,-8.133038996626833,-10.282528240536895,-1.2829481253736486,-4.608190509929037,-9.365652739279131,6.113503619824944,-2.7289331981512963,1.1054071477791783,2.160418667293074,6.635545482959164,6.378018965165497,-13.603929412957001,1.0353075208193439,-5.209673231716602,-4.58090700103256,-7.086076890674898,-1.86666491672485,-4.079776795174057,10.273003549251976
21.198318214665015,-10.30204843574743,11.060823994016427,-5.8776293677858735,0.8844894440127196,-15.565597091376707,5.676413357943299,-10.971684950134234,-31.982044414113897,1.7305578008854865,20.174188401030527,20.799450787851676,-0.10159741658866861,-6.728891506326982,1.2107083157640166,0.3542756521078328,-8.59731289849707,-9.428182827706696,-1.7221571918976777,-12.600895432429622,-12.30057501595322,2.992556578587695,-4.6899679056426935,8.549258584324743,4.952916112226713,13.522314171058246,20.108248694201205,20.59786676892373,-4.61149623397127,12.074545081866422,20.10682133183569,-2.321009890890219,11.348990452826845,-7.148116116669666,11.872635773313101,-20.103731433682743,-17.407160534391465,15.865495779083448,20.134675262024707,2.532255309162793,9.189653410949647,17.69986595558805,-12.126904216705581,4.965257255747524,-1.7217555943838143,-4.937569934503643,-12.256194508695316,-11.438261173793268,24.989708833504604,0.4656814953614917,9.379896413792125,8.074925118761522,13.976263465768092,2.985025400457206,6.885284284952704,-20.157726508934292
13.60397663996577,-4.92943369430604,5.4719220295365005,-3.6790699627478287,-0.5234103576862408,-10.132003007614738,4.683204284913666,-5.7451495486286275,-18.49677840365287,2.707978441289644,12.509450717656968,10.310525609138699,0.5278467915879809,-3.2181482947586098,2.0218665974731667,1.136045738322583,-3.9479800898425124,-7.367335613442881,-2.194626818156746,-7.027939232453543,-10.163931830473409,4.255009806141215,-1.552107478209038,4.952916112226713,6.61464835583207,7.855210379580572,12.23632259659147,11.213386117012362,-3.755699629728993,5.845413081034917,8.733402595090887,-0.8200933361706702,8.017713016631456,-2.2263096722466718,5.817484658280694,-10.338104408045528,-10.868274479495259,11.107075673624312,14.21228357656124,1.8457305064986536,6.798851228306187,11.483972519547397,-8.798282720588892,2.7875719646216024,-0.4045691026885722,-4.6560678561429585,-7.469277744516576,-6.27401212109358,14.835858957639893,4.444180277993341,5.2897441116878605,4.1861505416696385,10.035350508609616,0.9595168254125938,2.970219316166448,-14.17564871493821
33.54159215349,-16.290115055920744,17.49971715458631,-9.300142420852435,1.3936269053645023,-24.63374638345918,8.989127516251209,-17.34528116217072,-50.593014946274664,2.744206223075292,31.919476461499638,32.89311708125115,-0.15867586474290354,-10.638303660565526,1.923810167640242,0.564530184784747,-13.586526016732343,-14.923950836043145,-2.730471461596446,-19.93059880999356,-19.474868976731873,4.750505287150391,-7.419941775305474,13.522314171058246,7.855210379580572,21.391055267032048,31.80907866252031,32.5783033797371,-7.305381433497202,19.09021982952619,31.788767895051162,-3.6690669867497645,17.96664907164919,-11.288990520749548,18.77242185064928,-31.789430458343723,-27.545039416719867,25.11211662636004,31.869611734727666,4.010482970131234,14.55071614382842,28.01390555215855,-19.19475388742759,7.84639191630555,-2.7128667081263598,-7.822973816624368,-19.395023882323226,-18.08788987669267,39.53004395842937,0.7632194604614353,14.840878809426878,12.768860670646111,22.12400769741832,4.714498045503943,10.880351606414159,-31.895210685557295
50.067849016627314,-24.068962284707258,25.872006004984637,-13.867896147481138,1.918249990379192,-36.787967435878436,13.570655416407151,-25.70870661486827,-75.22104007654987,4.336568009366702,47.581514384814746,48.65008972657893,-0.1477428747880835,-15.719942133740664,3.0545929393836566,0.9786975879601513,-20.057724743185407,-22.473999074297918,-4.238180594194679,-29.595958513354184,-29.408146974792025,7.434276702014503,-10.850913535200272,20.108248694201205,12.23632259659147,31.80907866252031,47.38801224070821,48.33578902327448,-11.017927419087082,28.219300045934585,46.83697906612375,-5.377177559431165,26.92162728539614,-16.51121967172876,27.75909076921905,-47.08012803587932,-41.06716722261717,37.61854665613409,47.75948729326088,6.0164309604267805,21.8476185492234,41.82664452950715,-28.801596155922113,11.663011985412606,-3.9551404169670774,-11.89544124504766,-28.88746757808531,-26.847699809593934,58.83386678890437,1.749231210992341,22.04087417908493,18.915458752980978,33.177765720901384,6.899387252018671,16.03391706538144,-47.80268338850934
50.824412589248496,-25.023246459241317,26.8418588791418,-14.110478697728835,2.330745912844011,-37.29796284290206,13.41222057844628,-26.545226398059082,-77.07121020746733,3.83773153959878,48.4562837808137,50.452243709448126,-0.36015909142494473,-16.341821831785698,2.663971259693184,0.6731194525480101,-20.904517827453322,-22.34953240050144,-3.919206361243197,-30.414303201677956,-29.05483474109656,6.728298315977223,-11.53406478109484,20.59786676892373,11.213386117012362,32.5783033797371,48.33578902327448,49.76985179126263,-10.908971027625626,29.310350676656338,49.00909909347475,-5.6938350367813815,27.075553545933396,-17.58317880505043,28.809502847637955,-48.68782083404328,-41.79760572147331,37.865668914230135,48.03195332997316,6.032600226794883,21.866213125534628,42.421480469935574,-28.880821453788702,11.972599607594029,-4.254563543612765,-11.55444154360323,-29.468161701332818,-27.624194367608577,60.14191833825267,0.32092315949397754,22.633531698096814,19.549128809786566,33.30735992438762,7.336037360978576,16.779970786448704,-48.083686433541146
-11.827220527417902,5.259816878172189,-5.717882424155827,3.2532951939760513,-0.17833025034622543,8.735218972029969,-3.472391701032328,5.729454107431142,17.258571931161345,-1.4204274201635951,-11.133241874691997,-10.725330729757975,-0.1110546590247911,3.4307361361866398,-1.0373589549142137,-0.45804631049334604,4.324760422654374,5.637942683080249,1.275121078230213,6.721580026705345,7.5187550404679,-2.349655939376657,2.2114917354734094,-4.61149623397127,-3.755699629728993,-7.305381433497202,-11.017927419087082,-10.908971027625626,2.813090454761472,-6.176407498414604,-10.008723116503658,1.1018253479744051,-6.556429192852601,3.2881724671718375,-6.097359545716806,10.463719494116095,9.63279416855656,-9.1282165303626,-11.616542982324843,-1.4828141859148145,-5.399896016078728,-9.927269470714933,7.062041862135269,-2.638471468515156,0.7424719902436585,3.189454332935698,6.734589172815987,6.06375704391133,-13.587380481007669,-1.4640910809527132,-5.029695562078378,-4.212087169726156,-8.113433683767033,-1.3808315862789622,-3.4102355365550343,11.59090489449622
29.530248282041562,-14.867928454589787,15.901951153294801,-8.216217525452986,1.5669131801793883,-21.636733209889776,7.586644041038933,-15.687433015793019,-45.174478411338214,1.9228363615149098,28.236302749277396,29.907271599661293,-0.32218879258585603,-9.713048132351132,1.3039913046577671,0.21535360683726015,-12.464043787439978,-12.730748406634827,-2.064887728729084,-17.879406298284287,-16.43862089188505,3.4507536699836914,-6.975407134542259,12.074545081866422,5.845413081034917,19.09021982952619,28.219300045934585,29.310350676656338,-6.176407498414604,17.40786639395755,29.29066494853108,-3.438660255394792,15.58033562464537,-10.687770462303634,17.093744420448928,-28.795772394704368,-24.33920876670487,21.81428969414738,27.64925154235695,3.4577917436181287,12.520954110970736,24.613310554883057,-16.580766796714393,7.044488283433179,-2.6183468794210683,-6.420315920539717,-17.191458100545493,-16.264375581579323,35.18300475655516,-0.6252330237200704,13.288274722268023,11.556130345017765,19.140081853403444,4.454486545980319,10.039946082410156,-27.704720810381747
48.830835444056866,-25.041011458118675,26.75540079632054,-13.611937636422471,2.887138980102672,-35.75088757537883,12.268896455187376,-26.273078524825735,-75.25309113076509,2.738192028079063,46.8165962094158,50.27697375753519,-0.6988650358433038,-16.354084805260623,1.8198570417478979,0.1070620059126693,-21.015870849764138,-20.690821287986022,-3.118796975718842,-29.850431141770233,-26.56772455275647,5.077928672828647,-11.947745516014255,20.10682133183569,8.733402595090887,31.788767895051162,46.83697906612375,49.00909909347475,-10.008723116503658,29.29066494853108,49.56416093509312,-5.867882386996622,25.577795562171303,-18.295542960285403,28.75013254526333,-48.300969066125035,-40.33800636457962,35.831724990981336,45.382246507991375,5.665435133802483,20.473875043612306,40.68357254783252,-27.144859035063092,11.739937544004096,-4.5038042713562865,-10.21802990010381,-28.548322134672627,-27.174111944689393,58.496490107720426,-2.154145845256289,22.17923891238013,19.373661882649458,31.36740324884632,7.6154254109901975,16.982020947441423,-45.46181032715108
-5.5713296047840215,2.942838198660995,-3.137269559112391,1.557995458545652,-0.38537534800423956,4.0722078128666475,-1.3466613159405372,3.0626445504831996,8.689585212750755,-0.2301083049243937,-5.363692867515609,-5.891909094109554,0.1101739750715981,1.921793297696536,-0.14418190624089616,0.034552130476961145,2.4768105659002098,2.2929860474268198,0.29983167329154,3.4595770125221144,2.9145966286739187,-0.46024624577472467,1.4391429348238536,-2.321009890890219,-0.8200933361706702,-3.6690669867497645,-5.377177559431165,-5.6938350367813815,1.1018253479744051,-3.438660255394792,-5.867882386996622,0.7038974837842601,-2.8815535909314702,2.2068039705489486,-3.3716960874429316,5.640878596458931,4.618562239425487,-4.041181112899086,-5.112193735020077,-0.6354371235787799,-2.2905782660750247,-4.636649484765221,3.0451749899531793,-1.358349226368326,0.5482110408921231,1.0899884071046266,3.2781558267486663,3.1541079431143952,-6.734839862190613,0.45731262737411754,-2.5685449669429747,-2.2610234709727575,-3.5250656608476025,-0.9174102728494592,-2.0105629539632677,5.122032179763051
28.66458141529391,-13.280482755355445,14.355150615142211,-7.913355504109462,0.7766448804240411,-21.116240459373692,8.082387200587865,-14.31223846004774,-42.467156461762826,2.9447874110398065,27.116411547057247,26.954751935970958,0.08570714264547716,-8.667564178985819,2.119184540229989,0.8253238700592153,-10.995123444679228,-13.251153528609363,-2.7467518739590964,-16.62736868481316,-17.505488597296846,4.952319821563374,-5.804464933788767,11.348990452826845,8.017713016631456,17.96664907164919,26.92162728539614,27.075553545933396,-6.556429192852601,15.58033562464537,25.577795562171303,-2.8815535909314702,15.646320424693874,-8.731807677713933,15.352078766627093,-26.180656858901695,-23.433752459997912,21.822006297997977,27.736495486465685,3.51784126249545,12.790549379675857,24.00496410818743,-16.792395520234102,6.536403664678983,-2.0356388565718895,-7.255648803911701,-16.436154787621117,-15.042312397816431,33.31741028427322,2.233700281778908,12.413452175489187,10.528140203044778,19.32012327654273,3.6568276178935735,8.734624612784254,-27.713660931166228
-17.036085575386522,9.141419304540923,-9.70127846876263,4.769990402513621,-1.267955437447914,12.426374897534316,-4.025555519833721,9.499289329731441,26.738665197244636,-0.5821573501513803,-16.433444102210263,-18.26906204189529,0.38103126181440594,5.976197349577433,-0.33424149518416657,0.17701055570396945,7.731735412611069,6.907533468204024,0.8284389101926789,10.671506004953708,8.72656413452299,-1.206120644922045,4.4955892077795845,-7.148116116669666,-2.2263096722466718,-11.288990520749548,-16.51121967172876,-17.58317880505043,3.2881724671718375,-10.687770462303634,-18.295542960285403,2.2068039705489486,-8.731807677713933,6.971240424380792,-10.469635166069807,17.480606680885806,14.134470639895959,-12.268082252554427,-15.51169592665265,-1.9156945952962967,-6.911294869481162,-14.142794086424672,9.22407670092556,-4.213410421999101,1.7599638713113153,3.2028032599571428,10.040426239267466,9.748744037189697,-20.706415904780396,1.751688035187702,-7.902763645572123,-7.0044020098206206,-10.678206487254354,-2.8963631769908162,-6.288118671809194,15.583078335995324
29.06359122199459,-14.601747554157342,15.626046678966404,-8.084496273054917,1.521716496569559,-21.301259936462273,7.488389682546505,-15.409501689966342,-44.42416718302039,1.9196576646347938,27.784973440522023,29.377365701919405,-0.3080671209739569,-9.537337903340182,1.3066996005343616,0.22823243491202072,-12.231478531070344,-12.553175905825647,-2.052801249810746,-17.57684462494308,-16.222052478408504,3.441210538978223,-6.843390639194015,11.872635773313101,5.817484658280694,18.77242185064928,27.75909076921905,28.809502847637955,-6.097359545716806,17.093744420448928,28.75013254526333,-3.3716960874429316,15.352078766627093,-10.469635166069807,16.78929679575674,-28.290289495694132,-23.951546969241296,21.490813366078637,27.240553893553862,3.409809476694343,12.344473138842597,24.231835471861885,-16.338637386501752,6.9210051592582795,-2.5596148173311395,-6.348136724417576,-16.91677768627004,-15.984800047822956,34.60263357593446,-0.5372814558848347,13.066967482549455,11.353197619762982,18.859155336665545,4.362855278304958,9.850749284699182,-27.286298363934026
-49.38398047921986,24.588839343491586,-26.333974828682212,13.724887985855624,-2.4417601681713985,36.21148514480848,-12.860169029582904,26.015249284454242,75.21605985536698,-3.47392491202261,-47.15205161715451,-49.51671517551894,0.44411081974072636,16.06122283621808,-2.3846009169200326,-0.5079944825975368,20.57940271556041,21.50418848112445,3.6316827898660304,29.726473181880905,27.863068466061694,-6.154628516146493,11.433077006942005,-20.103731433682743,-10.338104408045528,-31.789430458343723,-47.08012803587932,-48.68782083404328,10.463719494116095,-28.795772394704368,-48.300969066125035,5.640878596458931,-26.180656858901695,17.480606680885806,-28.290289495694132,47.732935462716426,40.65652416366009,-36.63654778774114,-46.454657001379445,-5.82171304327753,-21.09199762174302,-41.18808246871333,27.89566212994244,-11.709567965851218,4.258789214688427,10.982097387703448,28.690118745922607,27.02139936874154,-58.63820401034132,0.3662395933094418,-22.105626408661593,-19.160477170763286,-32.18481334721055,-7.288818452123502,-16.54858384668807,46.52936357789805
-43.453062297546154,20.763067115157384,-22.356661920380084,12.030116427541385,-1.585651785164771,31.949302116421965,-11.858903285412607,22.195160941788835,65.13471518697057,-3.8714794810263777,-41.26650061585325,-41.999410655319195,0.08904524786568349,13.55553594362013,-2.7449142817074823,-0.912719498844842,17.269848664904814,19.596981627273056,3.756370304411509,25.6041515183162,25.686970824714155,-6.629115536055656,9.331986577661539,-17.407160534391465,-10.868274479495259,-27.545039416719867,-41.06716722261717,-41.79760572147331,9.63279416855656,-24.33920876670487,-40.33800636457962,4.618562239425487,-23.433752459997912,14.134470639895959,-23.951546969241296,40.65652416366009,35.63036732881239,-32.72661205658024,-41.55494562112565,-5.245077429970032,-19.042150468877512,-36.33005274091198,25.073590987326604,-10.070944637950666,3.36039331869609,10.438334887052823,25.055157222916463,23.209799455944708,-50.96225409741816,-1.8295589595551904,-19.08516012247941,-16.336833692088742,-28.882783264274305,-5.908077153486919,-13.79315094362846,41.558446264477126
