V1,V2,V3,V4,V5,V6,V7,V8,V9,V10,V11,V12,V13,V14,V15,V16,V17,V18,V19,V20,V21,V22,V23,V24,V25,V26,V27,V28,V29,V30,V31,V32,V33,V34,V35,V36,V37,V38,V39,V40,V41,V42,V43,V44,V45,V46,V47,V48,V49,V50,V51,V52,V53,V54,V55,V56
3044073243167.687,14164707468723.014,-20601302069689.668,-3892580555452.162,12946903388904.088,26209565710487.69,31994038728564.883,4240532589724.5938,-11455336407401.236,3153776048506.526,-12690349599426.367,26225231563907.92,5054854855794.39,-17186244958253.424,-16788630582797.596,-977597462262.1782,42973803004788.69,12301037653144,18115881779621.348,8749343169503.8,11238602659064.22,4822677017920.513,8157493172238.137,30872516540223.527,12069600779596.623,20756337928259.188,11081005486950.717,10832986898439.525,-8004957325498.819,12140589538456.133,-19586958159512.31,13118956229398.71,-39137213953888.95,57736724446823.164,13976207587504.795,331571973197.90283,35976895082860.11,7620032815812.084,2134067567073.137,-12950652127367.664,5957369608853.778,-10193582898370.604,-8856022579947.594,-27353411807394.688,-20477710244088.773,31697959192608.75,31034987126787.906,6932246796933.5205,-26185941753278.613,-20516997679243.9,13887246261703.4,21228067121601.953,4408862322640.163,-20528620372125.137,18756021368741.844,4529478012137.158
14164707468723.014,65911337095745.98,-95862153759607.92,-18112988900707.285,60244640808602.234,121958573764512.92,148874932740343.97,19732082261777.734,-53304068662240.984,14675177494250.844,-59050842536463.836,122031470246702.45,23521293546369.246,-79971181004243.875,-78120998415397.34,-4548964814235.792,199966065122711.8,57239292881560.01,84296974956946.05,40712517945384.4,52295561343742.62,22440921659268.46,37958516511472.41,143656256168360.6,56162368855950.1,96583567933439.44,51562228843973.766,50408146641466.12,-37248735413918.1,56492694351592.3,-91142200061847.05,61045238547253.31,-182113616366526,268661016559756.1,65034207847509.12,1542873521754.5942,167407993754947.56,35457601416237.37,9930261327961.06,-60262084470251.71,27720882860456.973,-47432866517823.016,-41208919484103.48,-127281128137439.42,-95287055227042.66,147497212928998.25,144412265681634.4,32257189671763.74,-121848646566189.73,-95469867853975.45,64620252250737.6,98778622222341.625,20515355604617.906,-95523950667217.1,87275677929801.75,21076605555387.74
-20601302069689.668,-95862153759607.92,139422941914856.45,26343724821169.527,-87620450060014.2,-177377854336849.78,-216525294769467.62,-28698551525786.74,77526007683467.95,-21343735135578.062,85884177082340.66,-177483875760357.38,-34209620953243.566,116310941145526.69,113620015795951.11,6616063088446.316,-290832784254567.6,-83249439885167.78,-122602422145584.34,-59212721622561.836,-76059223850920.97,-32638316523348.95,-55207272476106.77,-208935195736300.78,-81683150061909.3,-140472174406616.31,-74992657218421.375,-73314147717281.95,54174959254929.63,-82163578996433.34,132558190765054.8,-88784847975515.125,264867991806722.47,-390743456489917.8,-94586447597868.6,-2243971754953.565,-243479976966815.94,-51569914808019.1,-14442678304511.518,87645820308121.36,-40317548576824.71,68986868477349.98,59934693330737.94,185119034354942.4,138586512456968.08,-214521524337667.3,-210034744059830.06,-46915201730401.85,177217975043660.53,138852397097220.19,-93984386149627.45,-143664684846023.25,-29837752654692.42,138931055719350,-126934679614027.5,-30654040587072.098
-3892580555452.162,-18112988900707.285,26343724821169.527,4977601447237.536,-16555733176951.96,-33515240173837.934,-40912081640859.87,-5422541898615.009,14648405670168.506,-4032862004955.8247,16227667387275.904,-33535272739265.586,-6463848978162.624,21976752069255.52,21468306357596.19,1250093729251.205,-54952353838981.01,-15729838330270.24,-23165516571759.83,-11188141800148.535,-14371259390466.797,-6166953711552.082,-10431319080370.797,-39477945496915.23,-15433890564949.73,-26541975493955.004,-14169733461633.9,-13852581981393.742,10236265274630.979,-15524666784941.934,25046641910907.72,-16775744158265.451,50046351011250.4,-73830303335079.55,-17871946417913.85,-423994599504.8908,-46005122432400.95,-9744046611663.54,-2728919198728.8696,16560526841650.316,-7617931386217.793,13034950019569.668,11324557111342.213,34977922809758.133,26185682915237.113,-40533472667794.48,-39685703259481.586,-8864546589973.059,33485031256664.47,26235921360221.746,-17758187943877.367,-27145194844725.965,-5637791990484.35,26250783771441.215,-23984089161289.91,-5792028189850.884
12946903388904.088,60244640808602.234,-87620450060014.2,-16555733176951.96,55065136076442.37,111473242597087.11,136075480236702.81,18035625745837.387,-48721276364472.81,13413485993454.496,-53973974050728.1,111539871838417.11,21499061367792.297,-73095696232678.875,-71404582223969.7,-4157869698296.828,182774076479854.53,52318171527588.945,77049582079571.72,37212278313676.46,47799474989582.01,20511573946872.156,34695050861116.2,131305476934863.38,51333835539884.84,88279840988673.19,47129190407467.06,46074329880928.52,-34046292860458.324,51635761455998.41,-83306292167241.27,55796902800081.22,-166456483630720.44,245563011692582.53,59442922336012.15,1410225694498.6636,153015170024618.7,32409150767989.074,9076511768674.42,-55081080027463.8,25337592960670.707,-43354848070182.18,-37666001962971.35,-116338192854664.28,-87094795354001.69,134816209239835.38,131996488884884.42,29483892921902.36,-111372766338072.08,-87261890751092.86,59064556377482.85,90286176514808.44,18751557530467.812,-87311323819838.16,79772192461674.39,19264554280008.246
26209565710487.69,121958573764512.92,-177377854336849.78,-33515240173837.934,111473242597087.11,225665179467800.16,275469672841335.84,36511118057803.06,-98630804294701.2,27154110291223.133,-109264306455782.61,225800062955102.75,43522458205400.65,-147974105932238.1,-144550633739405.6,-8417144687008.796,370005786231298.4,105912318437473.11,155978308003031.75,75332117990088.58,96764719951479.3,41523399768841.72,70236271026196.84,265813331767069.7,103919639726900.12,178712717921944.1,95407803376762.64,93272355582396.53,-68922932621046.1,104530855158139.64,-168644321585461.84,112954622928108.9,-336972634660641.44,497115000992247.25,120335583899102.27,2854845046443.6553,309762190463128.44,65608720568862.98,18374388413751.727,-111505519352343.94,51293138420835.77,-87767067168928.17,-76250631046328.19,-235513730092152.34,-176313724857822.22,272920418788201.7,267212208592424,59686861462161.81,-225461776458299.97,-176651990901712.62,119569624105101.84,182774321011885.25,37960442316266.05,-176752062650498.1,161489929861195.44,38998947170474.12
31994038728564.883,148874932740343.97,-216525294769467.62,-40912081640859.87,136075480236702.81,275469672841335.84,336266059452652.6,44569152273178.375,-120398705086958.19,33147045086272.55,-133379030046169.38,275634325226815.53,53127901040678.78,-180632114561382.53,-176453079199502.97,-10274815541577.748,451666371936131.9,129287255475766.81,190402850706844.1,91957979277594.45,118120774372375.78,50687648739423.72,85737474637476.53,324478555847331.5,126854790911343.92,218154763861424.9,116464385177588.2,113857642273471.92,-84134281350633.31,127600902098175.31,-205864264053751.16,137883802442647.62,-411342776255364.9,606828696437833.4,146893747657629.66,3484911729895.7383,378126964322687.2,80088619933595.125,22429631265812.26,-136114880498770.73,62613576862482.52,-107137332114271.12,-93079208931631.81,-287491806804802.3,-215226311026650.38,333154182903233.2,326186165955076.8,72859801581635.45,-275221378617947.1,-215639232668630.9,145958739898079.44,223112766141776.4,46338343604606.63,-215761390335862.7,197130892107266.38,47606047346528.914
4240532589724.5938,19732082261777.734,-28698551525786.74,-5422541898615.009,18035625745837.387,36511118057803.06,44569152273178.375,5907254920651.621,-15957805046541.275,4393353591084.3184,-17678234639120.746,36532941304706.45,7041642904105.439,-23941221520888.688,-23387326597024.87,-1361837763813.886,59864463693606.766,17135905377010.39,25236247928838.824,12188233293089.547,15655885069689.938,6718208607535.215,11363759306709.44,43006820814686.445,16813503277472.27,28914523533791.69,15436345035330.4,15090843852071.79,-11151269928979.535,16912393849874.389,-27285524287381.574,18275303184252.95,-54519920509487.664,80429885250075.81,19469493346986.05,461894851359.7095,50117452468810.34,10615052565754.404,2972853260732.232,-18040847909151.617,8298887036338.762,-14200124975192.154,-12336842567737.783,-38104547737082.69,-28526382486995.61,44156700002460.945,43233149737203.99,9656935334393.496,-36478208810082.086,-28581111672475.074,19345566170750.39,29571663772575.613,6141745900737.608,-28597302612712.812,26127991514746.637,6309769046466.361
-11455336407401.236,-53304068662240.984,77526007683467.95,14648405670168.506,-48721276364472.81,-98630804294701.2,-120398705086958.19,-15957805046541.275,43108270308967.75,-11868165679111.834,47755823259273.73,-98689757416623.25,-19022230491229.582,64674599410089.65,63178312669459.38,3678856225415.1626,-161717321102671.53,-46290779892761.6,-68172972042684.17,-32925183247626.164,-42292666412576.69,-18148508006019.81,-30697956673297.402,-116178237007013.52,-45419845775286.1,-78109432513705.64,-41699602948196.66,-40766269174752.31,30123939789006.137,-45686987873693.39,73708868674095.8,-49368738830147,147279620454807.25,-217272565002979,-52594713341384.13,-1247758576363.1748,-135386833083950.42,-28675407050898.633,-8030838926703.622,48735383469248.63,-22418538425722.637,38360089252022.31,33326634998869.97,102935280827180.78,77060911798326.45,-119284510251028.58,-116789639912500.78,-26087157822589.215,98541903550376,77208756725280.55,-52259937587686.4,-79884625214819.3,-16591256860565.707,77252494784883.53,-70581920105123.34,-17045153067663.568
3153776048506.526,14675177494250.844,-21343735135578.062,-4032862004955.8247,13413485993454.496,27154110291223.133,33147045086272.55,4393353591084.3184,-11868165679111.834,3267432341342.9736,-13147686476892.625,27170340713211.254,5237022535074.468,-17805605641974.17,-17393661975156.727,-1012828278192.5109,44522499888598.57,12744344443537.77,18768744865919.543,9064653417946.443,11643621244795.977,4996477434617.229,8451474234472.883,31985105299379.402,12504567010397.297,21504358201568.574,11480344560228.13,11223387837590.89,-8293441276143,12578114073665.152,-20292836135021.363,13591739302124.713,-40547647219117.81,59817449888369.92,14479884423733.803,343521217753.4624,37273436263953.875,7894644794533.065,2210975440241.6484,-13417369829560.094,6172062261209.932,-10560940892444.684,-9175177358290.264,-28339178499322.473,-21215689287716.84,32840295387969.7,32153431027295.598,7182072231537.834,-27129634970012.94,-21256392569832.035,14387717095243.912,21993087648102.562,4567749618219.361,-21268434123209.926,19431953909391.324,4692712075500.939
-12690349599426.367,-59050842536463.836,85884177082340.66,16227667387275.904,-53973974050728.1,-109264306455782.61,-133379030046169.38,-17678234639120.746,47755823259273.73,-13147686476892.625,52904434319104.57,-109329615382606.06,-21073039368674.16,71647243479171.81,69989640318140.67,4075478010089.9053,-179152254293436.9,-51281442916831.42,-75522779749587.3,-36474885693238.72,-46852288154606.84,-20105119842275.355,-34007539221676.164,-128703548375189.19,-50316612375347.54,-86530501624666.55,-46195285825738.75,-45161328248525.375,33371636906932.75,-50612555375268.81,81655507859912.3,-54691240200729.89,163158008282914.9,-240696973898598.3,-58265010790303,-1382280885221.2952,-149983045620944.84,-31766936163188.297,-8896653047282.61,53989602058939.47,-24835507226726.49,42495735259144.81,36919618426473.43,114032853628644.28,85368938666829.14,-132144712564171.45,-129380867341721.12,-28899644763830.645,109165821218421.39,85532722927964.95,-57894142471753.27,-88497079923399.55,-18379979632761.094,85581176438837.64,-78191439315050.61,-18882810919863.613
26225231563907.92,122031470246702.45,-177483875760357.38,-33535272739265.586,111539871838417.11,225800062955102.75,275634325226815.53,36532941304706.45,-98689757416623.25,27170340713211.254,-109329615382606.06,225935027064303.94,43548472236242.664,-148062552291067.47,-144637033837181.1,-8422175741561.863,370226944280080.8,105975623830413.8,156071538594374.72,75377145135190.66,96822557686595.7,41548218932253.25,70278252306577.16,265972212411594.22,103981754065668.12,178819537213584.78,95464830062340.7,93328105878563.7,-68964128899218.06,104593334829605.95,-168745122844490.66,113022137612844.61,-337174048295637.7,497412134139162.1,120407510295727.27,2856551430460.7515,309947340004509.8,65647935892417,18385371063322.76,-111572167885977.25,51323797104648.82,-87819526871032.2,-76296207200562.03,-235654500206962.97,-176419110235062.25,273083547446017.38,267371925366761.62,59722537201056.445,-225596538368550.9,-176757578465677.5,119641092675985.84,182883567985058.38,37983131846175.805,-176857710028860.94,161586454832195.9,39022257430425.98
5054854855794.39,23521293546369.246,-34209620953243.566,-6463848978162.624,21499061367792.297,43522458205400.65,53127901040678.78,7041642904105.439,-19022230491229.582,5237022535074.468,-21073039368674.16,43548472236242.664,8393870834251.605,-28538726515565.12,-27878465478477.4,-1623355577998.2898,71360417256157.44,20426564982257.938,30082440751473.703,14528776501896.12,18662331910388.266,8008326473971.584,13545976288631.898,51265550358960.05,20042251034921.6,34467066717491.164,18400632940921.42,17988784123131.797,-13292681934658.479,20160131862275.152,-32525245831418.258,21784764787767.258,-64989545320943.21,95875078756001.98,23208278890091.277,550593913114.4365,59741658061023.34,12653493133510.504,3543739240910.4087,-21505286358883.94,9892547350058.38,-16927017813198.99,-14705923663879.621,-45421878993060.63,-34004389774533.152,52636244316127.4,51535341907260.73,11511385759755.65,-43483229295558.29,-34069628770608.375,23060553604337.59,35250399578794.28,7321163894512.091,-34088928905941.367,31145428548403.152,7521453031808.044
-17186244958253.424,-79971181004243.875,116310941145526.69,21976752069255.52,-73095696232678.875,-147974105932238.1,-180632114561382.53,-23941221520888.688,64674599410089.65,-17805605641974.17,71647243479171.81,-148062552291067.47,-28538726515565.12,97030193484368.45,94785340121908.58,5519324968520.337,-242621726295807.4,-69449264015637.42,-102278742010638.1,-49397088349449.2,-63450962857326.734,-27227895639690.195,-46055618477012.695,-174300218606448.75,-68142616480104.75,-117186243423049.7,-62561199902130.02,-61160935231783.04,45194430779616.1,-68543405193644.234,110584152885306.89,-74067073077549.4,220961091361699.62,-325970306942403,-78906947369097.05,-1871990815415.1616,-203118546217420.97,-43021221929016.85,-12048530056735.203,73116860880291.28,-33634149123855.816,57550984716584.81,49999379534135.11,154432038329269.12,115613165757110.33,-178960507137515.75,-175217495910947.25,-39138115953882.875,147840729668581.4,115834974968128.6,-78404689041229.39,-119849534619782.89,-24891578425121.305,115900594429624.47,-105892845518419.67,-25572551128442.625
-16788630582797.596,-78120998415397.34,113620015795951.11,21468306357596.19,-71404582223969.7,-144550633739405.6,-176453079199502.97,-23387326597024.87,63178312669459.38,-17393661975156.727,69989640318140.67,-144637033837181.1,-27878465478477.4,94785340121908.58,92592422826337.05,5391631981738.572,-237008523038942.28,-67842512464936.87,-99912460241370.73,-48254256248482.32,-61982985702932.734,-26597961483274.395,-44990093342150.02,-170267675562216.3,-66566095025916.65,-114475067415505.77,-61113807962399.77,-59745939278710.9,44148829753205.87,-66957611245411.945,108025720313704.92,-72353485666509.23,215849020251629.8,-318428782873203.1,-77081386481686.52,-1828681153488.0203,-198419273392334.4,-42025899429530.56,-11769779883833.375,71425257214406.78,-32856002342500.605,56219507194851.87,48842613055192.414,150859157887978.84,112938383871446.95,-174820145444227.44,-171163731090611.38,-38232631505750.97,144420343217858.94,113155061389583.4,-76590748209965.48,-117076741728014.05,-24315696408215.15,113219162704373.64,-103442949235767.25,-24980914388105.74
-977597462262.1782,-4548964814235.792,6616063088446.316,1250093729251.205,-4157869698296.828,-8417144687008.796,-10274815541577.748,-1361837763813.886,3678856225415.1626,-1012828278192.5109,4075478010089.9053,-8422175741561.863,-1623355577998.2898,5519324968520.337,5391631981738.572,313953286232.6965,-13800942817516.066,-3950451330273.1094,-5817875799859.905,-2809832417197.8086,-3609252656304.932,-1548792173321.3384,-2619761085418.396,-9914641144443.906,-3876125884667.0156,-6665852515240.854,-3558640669269.1123,-3478990042180.1265,2570774531952.681,-3898923769267.155,6290308760860.256,-4213124091606.792,12568830637453.639,-18542022740515.395,-4488428489778.981,-106483613783.11162,-11553901146122.883,-2447156867798.182,-685351130284.4746,4159073597451.1045,-1913196216435.2324,3273646846436.9355,2844092276470.8887,8784488358540.089,6576371844046.685,-10179730246363.672,-9966818217866.63,-2226275892565.6753,8409557904835.928,6588988917893.492,-4459858754627.401,-6817347313639.565,-1415896489269.3894,6592721520287.743,-6023455228415.356,-1454631954070.3682
42973803004788.69,199966065122711.8,-290832784254567.6,-54952353838981.01,182774076479854.53,370005786231298.4,451666371936131.9,59864463693606.766,-161717321102671.53,44522499888598.57,-179152254293436.9,370226944280080.8,71360417256157.44,-242621726295807.4,-237008523038942.28,-13800942817516.066,606669944240008.9,173656258123016.4,255745598961248.53,123516262505039.45,158657646560876.03,68082715351568.516,115160995348470.05,435833614398052.4,170389016562971.75,293021457099351.3,156432815130247.22,152931486117176.66,-113007615680716.44,171391179354440.2,-276513084335089.75,185202981530159.25,-552508033893787.9,815081118067463.9,197304973843085.75,4680869190668.914,507893167644826.3,107573557847790.73,30127067222260.844,-182826998185513.1,84101402149994.83,-143904889401372.4,-125022277506287.73,-386153694940989.5,-289088013238196.5,447486556722912.7,438127244814699.4,97863942301906.47,-369672282007788.1,-289642641975425.44,196049088657481.72,299680954360723.4,62240808874644.75,-289806721902055.44,264782580137733.9,63943565170465.766
12301037653144,57239292881560.01,-83249439885167.78,-15729838330270.24,52318171527588.945,105912318437473.11,129287255475766.81,17135905377010.39,-46290779892761.6,12744344443537.77,-51281442916831.42,105975623830413.8,20426564982257.938,-69449264015637.42,-67842512464936.87,-3950451330273.1094,173656258123016.4,49708241312441.41,73205907377982.98,35355916619267.38,45414963253010.4,19488339092879.906,32964262897497.027,124755207274044.84,48773009644730.89,83875936615538.6,44778116307046.195,43775878268652.695,-32347868663744.7,49059873765904.06,-79150496911198.44,53013433533522.66,-158152680316303.62,233312921423255.84,56477568720784.836,1339875555287.4333,145381896460908.88,30792396600805.79,8623723346955.151,-52333320102963.79,24073608621839.39,-41192059795140.305,-35787005932784.65,-110534577096668.56,-82750007848256.66,128090804132717.95,125411747588022.11,28013067379834.74,-105816854510056.2,-82908767569368.69,56118077824565.77,85782184627938.45,17816122381438.69,-82955734633358.83,75792698351783.875,18303527913285.406
18115881779621.348,84296974956946.05,-122602422145584.34,-23165516571759.83,77049582079571.72,155978308003031.75,190402850706844.1,25236247928838.824,-68172972042684.17,18768744865919.543,-75522779749587.3,156071538594374.72,30082440751473.703,-102278742010638.1,-99912460241370.73,-5817875799859.905,255745598961248.53,73205907377982.98,107811194553217.22,52069071223526.36,66883146651223.06,28700704529391.78,48546854862348.61,183728450403635.6,71828580781110.05,123525071195424.39,65945254718028.516,64469247056679.84,-47639083877235.16,72251048921809.34,-116565860968254.69,78073502553641.44,-232913298904365.78,343602663559180.44,83175174891423.16,1973250374758.2073,214105616407896.4,45348322008335.71,12700258064302.293,-77071891563400.3,35453484502640.94,-60664027421880.02,-52703941488975.12,-162785562300267.12,-121866902753419.12,188640822844080.2,184695344989842.2,41255171412957.32,-155837717162481.6,-122100710048390.45,82645748451119.92,126332424900779.38,26238011453524.14,-122169878991923.08,111620791823896.69,26955819271258.61
8749343169503.8,40712517945384.4,-59212721622561.836,-11188141800148.535,37212278313676.46,75332117990088.58,91957979277594.45,12188233293089.547,-32925183247626.164,9064653417946.443,-36474885693238.72,75377145135190.66,14528776501896.12,-49397088349449.2,-48254256248482.32,-2809832417197.8086,123516262505039.45,35355916619267.38,52069071223526.36,25147557165248.77,32302242277049.367,13861445784914.883,23446448710463.367,88734475204548.19,34690715598466.395,59658329143093.58,31849272972035.95,31136412416471.96,-23008026779658.406,34894753071558.54,-56297271745671.38,37706796422974.1,-112489052735353.75,165948180387016.53,40170727385023.38,953011556276.9313,103405593791071.86,21901668173744.863,6133784570773.606,-37223053021325.6,17122804522669.816,-29298623186822.375,-25454177504688.18,-78619785938749.31,-58857491242492.18,91106980875579.97,89201451786002.75,19924818267176.26,-75264217485689.31,-58970412064350.9,39915032759413.02,61014183705689.15,12672050363591.63,-59003818267313.77,53908974699619.37,13018726666931.742
11238602659064.22,52295561343742.62,-76059223850920.97,-14371259390466.797,47799474989582.01,96764719951479.3,118120774372375.78,15655885069689.938,-42292666412576.69,11643621244795.977,-46852288154606.84,96822557686595.7,18662331910388.266,-63450962857326.734,-61982985702932.734,-3609252656304.932,158657646560876.03,45414963253010.4,66883146651223.06,32302242277049.367,41492493655293.89,17805140161815.062,30117154592989.348,113980157100315.36,44560507116548.664,76631610345327.16,40910650888679.57,39994975691113.89,-29553998047190.51,44822594914823.61,-72314304706247.78,48434687534162.38,-144493105676066.4,213161791146241.72,51599626950226.016,1224151116602.4321,132825328579319.03,28132871394661.152,7878896307041.471,-47813315189431.9,21994382059430.164,-37634320436999.23,-32696098603792.22,-100987756245075.28,-75602927530535.5,117027659984420.45,114579992327756.9,25593591566895.613,-96677501199796.58,-75747975247171.23,51271185118238.04,78373216589050.36,16277352042661.184,-75790885787334.31,69246517672135.46,16722660581722.24
4822677017920.513,22440921659268.46,-32638316523348.95,-6166953711552.082,20511573946872.156,41523399768841.72,50687648739423.72,6718208607535.215,-18148508006019.81,4996477434617.229,-20105119842275.355,41548218932253.25,8008326473971.584,-27227895639690.195,-26597961483274.395,-1548792173321.3384,68082715351568.516,19488339092879.906,28700704529391.78,13861445784914.883,17805140161815.062,7640490803363.284,12923787209757.281,48910838902493.64,19121677320314.27,32883937378154.58,17555461458535.178,17162529537624.389,-12682127084090.135,19234143686441.824,-31031307534698.617,20784154536574.918,-62004468093715.08,91471377932432.11,22142284283483.703,525304224697.4468,56997624969021.45,12072297280989.367,3380969440706.774,-20517513013833.504,9438166300489.492,-16149531909127.441,-14030456284971.26,-43335577020481,-32442511951869.684,50218574620810.1,49168238479085.33,10982648786515.604,-41485972707663.93,-32504754413031.76,22001344264256.53,33631290466494.117,6984890736877.157,-32523168061253.03,29714867539967.316,7175980263071.997
8157493172238.137,37958516511472.41,-55207272476106.77,-10431319080370.797,34695050861116.2,70236271026196.84,85737474637476.53,11363759306709.44,-30697956673297.402,8451474234472.883,-34007539221676.164,70278252306577.16,13545976288631.898,-46055618477012.695,-44990093342150.02,-2619761085418.396,115160995348470.05,32964262897497.027,48546854862348.61,23446448710463.367,30117154592989.348,12923787209757.281,21860411869034.605,82732024747455.2,32344059451337.71,55622736841352.84,29694826431743.55,29030187383747.09,-21451647023739.914,32534294793738.875,-52489038432249.24,35156117254557.46,-104879722038879.3,154722602854473.1,37453375415585.06,888545015639.8245,96410714379358.95,20420128131526.99,5718864237773.977,-34705096712828.74,15964531082759.049,-27316715549068.566,-23732327693262.008,-73301544421492.1,-54876071682646.77,84944042088365.89,83167412661838.75,18577002390206.727,-70172963656684.5,-54981353966752.336,37214977272756.09,56886874516906.055,11814848533953.494,-55012500404528.68,50262297925103.31,12138073891867.697
30872516540223.527,143656256168360.6,-208935195736300.78,-39477945496915.23,131305476934863.38,265813331767069.7,324478555847331.5,43006820814686.445,-116178237007013.52,31985105299379.402,-128703548375189.19,265972212411594.22,51265550358960.05,-174300218606448.75,-170267675562216.3,-9914641144443.906,435833614398052.4,124755207274044.84,183728450403635.6,88734475204548.19,113980157100315.36,48910838902493.64,82732024747455.2,313104252555691.7,122408010562313.8,210507545258036.25,112381831135688.38,109866465254368.75,-81185029956169.2,123127967494033.05,-198647877842516.53,133050410035892.5,-396923526016356.6,585556863477002.4,141744519742887.8,3362751290487.527,364872064430387.3,77281185553362.08,21643380759765.098,-131343496056257.23,60418714365179.25,-103381729510139.83,-89816401163735.875,-277414040661146.78,-207681746697689.16,321475763325319.2,314752003930340.44,70305766912706.88,-265573741273871.38,-208080193743714.88,140842287837538.25,215291749237570.88,44713994738731.76,-208198069284038.72,190220646377390.75,45937260268684.09
12069600779596.623,56162368855950.1,-81683150061909.3,-15433890564949.73,51333835539884.84,103919639726900.12,126854790911343.92,16813503277472.27,-45419845775286.1,12504567010397.297,-50316612375347.54,103981754065668.12,20042251034921.6,-68142616480104.75,-66566095025916.65,-3876125884667.0156,170389016562971.75,48773009644730.89,71828580781110.05,34690715598466.395,44560507116548.664,19121677320314.27,32344059451337.71,122408010562313.8,47855373817251.484,82297859620445.14,43935642075709.94,42952260563464.72,-31739262316818.934,48136840756722.35,-77661326317511.81,52016016595293.37,-155177129561341.53,228923274418254.9,55414976092513.266,1314666575508.8704,142646620581253.34,30213055556636.906,8461473004663.086,-51348699103619.9,23620677668243.72,-40417055132704.22,-35113694217117.27,-108454933276079.9,-81193114548481.28,125680850104885.34,123052198451893.97,27486017799490.98,-103825971897789.47,-81348887297718.97,55062248808554.31,84168242684486.05,17480922394334.287,-81394970703697.83,74366702786294.95,17959157674400.37
20756337928259.188,96583567933439.44,-140472174406616.31,-26541975493955.004,88279840988673.19,178712717921944.1,218154763861424.9,28914523533791.69,-78109432513705.64,21504358201568.574,-86530501624666.55,178819537213584.78,34467066717491.164,-117186243423049.7,-114475067415505.77,-6665852515240.854,293021457099351.3,83875936615538.6,123525071195424.39,59658329143093.58,76631610345327.16,32883937378154.58,55622736841352.84,210507545258036.25,82297859620445.14,141529302936192.12,75557017226296.125,73865876039996.875,-54582654908954.45,82781904040635.84,-133555762318842.12,89453001623634.05,-266861265648272.38,393684010783644.8,95298261397927.55,2260858847160.448,245312294513827.25,51958006103975.9,14551367212786.1,-88305402161517.95,40620959775684.266,-69506031700540.4,-60385734075988.35,-186512154475783.2,-139629450367992.3,216135913981334.38,211615368273029,47268263811412.07,-178551635451237.16,-139897335932911.2,94691669114051.83,144745838730661.1,30062297762810.344,-139976586503403.53,127889931227234,30884728700132.58
11081005486950.717,51562228843973.766,-74992657218421.375,-14169733461633.9,47129190407467.06,95407803376762.64,116464385177588.2,15436345035330.4,-41699602948196.66,11480344560228.13,-46195285825738.75,95464830062340.7,18400632940921.42,-62561199902130.02,-61113807962399.77,-3558640669269.1123,156432815130247.22,44778116307046.195,65945254718028.516,31849272972035.95,40910650888679.57,17555461458535.178,29694826431743.55,112381831135688.38,43935642075709.94,75557017226296.125,40336967212426.97,39434132385331.65,-29139566942346.79,44194054657669.414,-71300252490789.05,47755495465613.98,-142466901392909.4,210172656597537.47,50876053429907.3,1206985036435.1882,130962739714473.88,27738368527201.71,7768411773061.481,-47142836528353.77,21685958270449.414,-37106580231635.266,-32237606312941.56,-99571620691114.125,-74542759470164.625,115386599362193.55,112973254967297.05,25234696624388.688,-95321807680030.375,-74685773205294.44,50552217286499.234,77274201197316.05,16049097273875.1,-74728082017644.89,68275484555749.13,16488161320751.125
10832986898439.525,50408146641466.12,-73314147717281.95,-13852581981393.742,46074329880928.52,93272355582396.53,113857642273471.92,15090843852071.79,-40766269174752.31,11223387837590.89,-45161328248525.375,93328105878563.7,17988784123131.797,-61160935231783.04,-59745939278710.9,-3478990042180.1265,152931486117176.66,43775878268652.695,64469247056679.84,31136412416471.96,39994975691113.89,17162529537624.389,29030187383747.09,109866465254368.75,42952260563464.72,73865876039996.875,39434132385331.65,38551505094433.195,-28487355888811.758,43204889272840.85,-69704387566429.04,46686616780102.24,-139278161902196.3,205468505363754.8,49737329423717.61,1179969913534.8022,128031490028711.38,27117519542168.395,7594536710441.95,-46087670569998.35,21200576256417.76,-36276048953190.38,-31516053957053.355,-97342977013545.86,-72874319723491.86,112803979802927.77,110444651649708.81,24669885620038.645,-93188284668694.625,-73014132479724.45,49420741483849.41,75544625453321.89,15689881275161.434,-73055494322782.56,66747320949171.805,16119118050920.158
-8004957325498.819,-37248735413918.1,54174959254929.63,10236265274630.979,-34046292860458.324,-68922932621046.1,-84134281350633.31,-11151269928979.535,30123939789006.137,-8293441276143,33371636906932.75,-68964128899218.06,-13292681934658.479,45194430779616.1,44148829753205.87,2570774531952.681,-113007615680716.44,-32347868663744.7,-47639083877235.16,-23008026779658.406,-29553998047190.51,-12682127084090.135,-21451647023739.914,-81185029956169.2,-31739262316818.934,-54582654908954.45,-29139566942346.79,-28487355888811.758,21050525616261.95,-31925940474626.19,51507553096889.69,-34498737836603.703,102918590491564.03,-151829466110383.5,-36753039882147.56,-871930234179.4907,-94607943645484.95,-20038294954432.617,-5611927979233.139,34056150866168.145,-15666012504183.03,26805924029116.95,23288560150540.4,71930888889257.33,53849951539711.57,-83355685088008.84,-81612276611618.42,-18229633568724.07,68860809027358.65,53953265164817.55,-36519099513514.86,-55823154647379.29,-11593924300591.611,53983829199620.1,-49322450105284.484,-11911105711840.041
12140589538456.133,56492694351592.3,-82163578996433.34,-15524666784941.934,51635761455998.41,104530855158139.64,127600902098175.31,16912393849874.389,-45686987873693.39,12578114073665.152,-50612555375268.81,104593334829605.95,20160131862275.152,-68543405193644.234,-66957611245411.945,-3898923769267.155,171391179354440.2,49059873765904.06,72251048921809.34,34894753071558.54,44822594914823.61,19234143686441.824,32534294793738.875,123127967494033.05,48136840756722.35,82781904040635.84,44194054657669.414,43204889272840.85,-31925940474626.19,48419963176690.164,-78118100428551.61,52321954838519.06,-156089821872560.62,230269713246007.56,55740905710807.805,1322398939669.804,143485613248496.94,30390757152116,8511240140934.252,-51650712441509.12,23759605427473.004,-40654772736877.19,-35320219488083.98,-109092823563099.69,-81670661282215.7,126420056622511.08,123775944249507,27647680005658.94,-104436636410812.95,-81827350226970.58,55386103820359.79,84663287979911.05,17583738469792.023,-81873704677855.78,74804099186367.625,18064786546204.613
-19586958159512.31,-91142200061847.05,132558190765054.8,25046641910907.72,-83306292167241.27,-168644321585461.84,-205864264053751.16,-27285524287381.574,73708868674095.8,-20292836135021.363,81655507859912.3,-168745122844490.66,-32525245831418.258,110584152885306.89,108025720313704.92,6290308760860.256,-276513084335089.75,-79150496911198.44,-116565860968254.69,-56297271745671.38,-72314304706247.78,-31031307534698.617,-52489038432249.24,-198647877842516.53,-77661326317511.81,-133555762318842.12,-71300252490789.05,-69704387566429.04,51507553096889.69,-78118100428551.61,126031438567946.95,-84413358758216.375,251826717348382.4,-371504466440097.2,-89929305695787.16,-2133485579053.088,-231491781703676.6,-49030772919952.08,-13731565835247.924,83330413263397.33,-38332438134104.59,65590170070352.5,56983695816954.03,176004350024767.06,131762944486949.42,-203959153033283.8,-199693287833325.28,-44605243407914.29,168492314250407.25,132015737796141.97,-89356887876939.69,-136591083493636.62,-28368634703007.715,132090523512857.55,-120684811580384.62,-29144731161549.56
13118956229398.71,61045238547253.31,-88784847975515.125,-16775744158265.451,55796902800081.22,112954622928108.9,137883802442647.62,18275303184252.95,-49368738830147,13591739302124.713,-54691240200729.89,113022137612844.61,21784764787767.258,-74067073077549.4,-72353485666509.23,-4213124091606.792,185202981530159.25,53013433533522.66,78073502553641.44,37706796422974.1,48434687534162.38,20784154536574.918,35156117254557.46,133050410035892.5,52016016595293.37,89453001623634.05,47755495465613.98,46686616780102.24,-34498737836603.703,52321954838519.06,-84413358758216.375,56538394053177.01,-168668542373039.94,248826325893127.4,60232865948626.945,1428966340751.272,155048605654025.4,32839839580607.152,9197130544042.625,-55813058632042.984,25674307054321.312,-43930995472817.055,-38166549656356.77,-117884224051266.67,-88252207785594.1,136607796853310.08,133750604920646.89,29875707657339.02,-112852811428901.89,-88421523732019.78,59849471842751.73,91485999565938.53,19000749066073.047,-88471613722318.56,80832294008216.27,19520563086529.25
-39137213953888.95,-182113616366526,264867991806722.47,50046351011250.4,-166456483630720.44,-336972634660641.44,-411342776255364.9,-54519920509487.664,147279620454807.25,-40547647219117.81,163158008282914.9,-337174048295637.7,-64989545320943.21,220961091361699.62,215849020251629.8,12568830637453.639,-552508033893787.9,-158152680316303.62,-232913298904365.78,-112489052735353.75,-144493105676066.4,-62004468093715.08,-104879722038879.3,-396923526016356.6,-155177129561341.53,-266861265648272.38,-142466901392909.4,-139278161902196.3,102918590491564.03,-156089821872560.62,251826717348382.4,-168668542373039.94,503181557641845.56,-742312801685859.9,-179690100375867.1,-4262973397652.9854,-462549790290114.06,-97969671169220.2,-27437401236036.297,166504680624525.6,-76593048313633.7,131057436198619.88,113860614645176.72,351678900196615.06,263278989396099.3,-407536124042870.7,-399012387091497.94,-89126904775308.8,336668904824382.6,263784102326214.06,-178546337344118.34,-272926220363000,-56684111790585.86,263933533624935,-241143481971058.94,-58234850445329.67
57736724446823.164,268661016559756.1,-390743456489917.8,-73830303335079.55,245563011692582.53,497115000992247.25,606828696437833.4,80429885250075.81,-217272565002979,59817449888369.92,-240696973898598.3,497412134139162.1,95875078756001.98,-325970306942403,-318428782873203.1,-18542022740515.395,815081118067463.9,233312921423255.84,343602663559180.44,165948180387016.53,213161791146241.72,91471377932432.11,154722602854473.1,585556863477002.4,228923274418254.9,393684010783644.8,210172656597537.47,205468505363754.8,-151829466110383.5,230269713246007.56,-371504466440097.2,248826325893127.4,-742312801685859.9,1095088417248633.6,265085752487306.16,6288902441406.044,682371254540008.1,144528629838278.03,40476710390482.445,-245634113752984.78,112993012998745.08,-193340974383662.1,-167971561308880.12,-518810249966604.75,-388399298971818.25,601212976572934.4,588638431736951.75,131483440488968.53,-496666927046998.5,-389144461008516.5,263398429238534.16,402631265423672.9,83622583529371.3,-389364907812115.94,355744146405365.3,85910292881995.7
13976207587504.795,65034207847509.12,-94586447597868.6,-17871946417913.85,59442922336012.15,120335583899102.27,146893747657629.66,19469493346986.05,-52594713341384.13,14479884423733.803,-58265010790303,120407510295727.27,23208278890091.277,-78906947369097.05,-77081386481686.52,-4488428489778.981,197304973843085.75,56477568720784.836,83175174891423.16,40170727385023.38,51599626950226.016,22142284283483.703,37453375415585.06,141744519742887.8,55414976092513.266,95298261397927.55,50876053429907.3,49737329423717.61,-36753039882147.56,55740905710807.805,-89929305695787.16,60232865948626.945,-179690100375867.1,265085752487306.16,64168751184779.62,1522341401608.844,165180175989730.88,34985741784118.48,9798112246524.52,-59460133862396,27351981269088.387,-46801643478149.73,-40660522953848.664,-125587307238681.12,-94019002312313.22,145534362148024.25,142490468497494.25,31827920205025.848,-120227119580536.08,-94199382121022.95,63760304390853.6,97464104531312.98,20242343111901.71,-94252745215630.94,86114238135905.58,20796124108632.72
331571973197.90283,1542873521754.5942,-2243971754953.565,-423994599504.8908,1410225694498.6636,2854845046443.6553,3484911729895.7383,461894851359.7095,-1247758576363.1748,343521217753.4624,-1382280885221.2952,2856551430460.7515,550593913114.4365,-1871990815415.1616,-1828681153488.0203,-106483613783.11162,4680869190668.914,1339875555287.4333,1973250374758.2073,953011556276.9313,1224151116602.4321,525304224697.4468,888545015639.8245,3362751290487.527,1314666575508.8704,2260858847160.448,1206985036435.1882,1179969913534.8022,-871930234179.4907,1322398939669.804,-2133485579053.088,1428966340751.272,-4262973397652.9854,6288902441406.044,1522341401608.844,36116073638.74514,3918739510918.964,830002800438.0703,232450712457.68143,-1410634021274.5496,648899234177.7645,-1110323611019.2952,-964631481223.9778,-2979437090421.9053,-2230509665768.6655,3452661626788.017,3380448201393.8696,755086545406.2549,-2852271835655.9624,-2234789001828.3247,1512651397466.285,2312241375423.9297,480229962651.02136,-2236054989502.77,2042976800417.3877,493367879832.95526
35976895082860.11,167407993754947.56,-243479976966815.94,-46005122432400.95,153015170024618.7,309762190463128.44,378126964322687.2,50117452468810.34,-135386833083950.42,37273436263953.875,-149983045620944.84,309947340004509.8,59741658061023.34,-203118546217420.97,-198419273392334.4,-11553901146122.883,507893167644826.3,145381896460908.88,214105616407896.4,103405593791071.86,132825328579319.03,56997624969021.45,96410714379358.95,364872064430387.3,142646620581253.34,245312294513827.25,130962739714473.88,128031490028711.38,-94607943645484.95,143485613248496.94,-231491781703676.6,155048605654025.4,-462549790290114.06,682371254540008.1,165180175989730.88,3918739510918.964,425199026570277.1,90058648147771.05,25221838907036.074,-153059475124912.66,70408181494538.875,-120474585582447.12,-104666402467629.11,-323280929248974.75,-242019286047918.38,374627698191296.5,366792250569124.44,81929932619608.23,-309482986724571.6,-242483611252904.9,164128771496775.1,250887505864107.38,52106885920845.38,-242620976016847.47,221671214537902.03,53532402871244.1
