V1,V2,V3,V4,V5,V6,V7,V8,V9,V10,V11,V12,V13,V14,V15,V16,V17,V18,V19,V20,V21,V22,V23,V24,V25,V26,V27,V28,V29,V30,V31,V32,V33,V34,V35,V36,V37,V38,V39,V40,V41,V42,V43,V44,V45,V46,V47,V48,V49,V50,V51,V52,V53,V54,V55,V56
2.2795432216312097,2.0074816098013244,1.4965080121195302,-1.3786460838503893,-0.9564227681755592,0.3168481491843864,0.1650155584849649,-0.17129532468581155,0.8150372741037637,0.2248466960502599,1.3859405829809266,1.4769399318929837,-1.672914645826011,0.3125578505952454,-0.7842530502009217,0.013895452604313551,0.10708364832474802,-0.7354063021198002,1.8140894597966515,0.44702507853917506,1.4717288417734669,-0.18021952638686758,0.5981529409345694,1.8523857096266172,-0.0671918073792472,1.1249095967771052,-0.643767428644745,0.6729067735354436,-0.5318946410631937,0.8136870789384305,0.7671015750672866,0.44505507230284197,0.31998249703922294,-0.3870347136861737,-1.2529529657855647,-0.3752612933088713,-1.865849324218365,1.321298354897615,0.6585909568391106,-0.25283826757837363,0.25414958281043515,1.2484844496697982,0.2864556524044971,-1.9017433645098882,-0.42183824433720474,-0.5185881086436098,2.7342493295001202,0.6882407524081489,-0.10338816999299329,0.3291586883206946,-0.19766319983447475,1.0252538524521513,-0.0018073301085159443,0.1049125417922143,1.1723826674701545,1.136085439482551
2.0074816098013244,2.8051521264893253,0.8237568886484222,-1.3583161130413186,-1.1043958833156562,-0.9025497032917864,1.0488589576995124,0.9496003515819657,1.296575893175019,-0.4684075884816816,1.7275082828408432,2.4756331833634877,-1.3024705120382023,1.0492973991092234,-0.3443268827830316,-0.6540583122200323,0.23272715222495766,-0.8741113692483956,2.4839851753489586,0.017729751307607036,0.3549150663827419,-0.7090326481363352,0.9162660252821052,1.71953574748822,-0.22303228672060732,2.2980455486064515,-1.105859840860304,1.0453801741491409,0.26719424202034564,0.6510600812558771,0.11798412521964491,-0.3091827579890952,0.6132010557600933,-0.3131181378888576,-1.0044723291799442,0.11888647319479284,-1.0060623402605826,1.1059353000131344,-0.19178205204148668,-1.1635650204732342,0.42889318069597643,0.3768196903722129,0.754356818768755,-1.0736828349201635,-0.9306873083071056,-1.0326786850720229,3.0884308683913653,0.9519766615629357,-0.02701639247805428,0.32200979097242594,0.06329870470753561,0.09981467091173228,0.3834389055595524,-0.18120625165215237,1.2481998761537751,0.8678701514302974
1.4965080121195302,0.8237568886484222,1.2732388745532204,-0.8936753649871444,-0.5192000029718157,0.9076010329638343,-0.36348970499103145,-0.6723008066126168,0.25298639528757294,0.4964419519957223,0.5877056046418107,0.39303612341618716,-1.1747096233986105,-0.23142570162591966,-0.6587776606028848,0.28602438265029256,0.042723515308282244,-0.2992222599770625,0.7703913184026007,0.48168085337647004,1.4659602357989265,0.11246776976696153,0.16541315436360943,1.2158845858589473,-0.06435049886483585,0.14882567504352545,-0.1731539985962298,0.25196188283069837,-0.7567100611531034,0.5441366798161628,0.8412692120928389,0.7146783121127129,0.007008174505034849,-0.35296236300141226,-0.8739402094201244,-0.4284526498187626,-1.5573886479985832,0.9687489936511566,0.8533514973749822,0.2932346162369561,0.07554114744111567,1.0928811799253535,-0.055966051167341865,-1.563895615616392,0.044091967022927774,-0.05458698778648211,1.4695964877738845,0.33048733079915366,-0.14058509884916734,0.1807993445108274,-0.29610478059362605,1.0934144581691492,-0.20146290153938326,0.21434038196593327,0.7209077082238462,0.8636317468523758
-1.3786460838503893,-1.3583161130413186,-0.8936753649871444,1.6315897913984976,0.6486281592015652,-0.39594082040415446,-0.6276281930809908,-0.14853479116167628,-0.33189410840435546,-0.2985179564954616,0.5045841861682827,-1.3341997135264567,1.002620159749206,0.5812835429702428,0.34341300396721985,0.7539244952505538,-0.013242139095705645,-0.04138396403166386,-1.1895018044571009,0.15519549126766324,-0.8865924513558534,-0.4196921856390291,-0.1379202780099294,-1.982042496176366,0.4793736910859092,-1.3378823110833165,0.6102105458963929,-0.32690827109369525,0.7119484029039029,-0.18006414132943122,-1.3671528089626501,-1.1438976045325004,0.38839038752333743,0.9930317984788197,1.0460882636232538,-0.16253295522936298,0.38576259257802037,-1.572532042922218,-0.8503860152328258,0.18292412639014424,-0.7028828404257867,-0.2825134052348237,-0.19079523907782203,1.3557679646727383,0.1924988961092868,0.8081919701085608,-1.8676109496585804,-0.9291073265432264,0.35531025986240106,0.44590984556205143,0.24406462547607932,-0.5429944041515116,0.07860822353650818,-0.021978147006342603,-1.0695927277043447,-0.4636925714823161
-0.9564227681755592,-1.1043958833156562,-0.5192000029718157,0.6486281592015652,0.5332932054999111,-0.012914577357504897,-0.20110546591728132,-0.17300280973307908,-0.45326223493368845,0.10919559244198859,-0.7325221712466101,-0.9275743782122041,0.6535456423839427,-0.4016500621446748,0.19028013577252428,0.19151884808297287,-0.17098495360692526,0.27163136862242526,-1.0267558727365458,-0.04233219388542927,-0.37706528355306446,0.4486023683286203,-0.29655568139726907,-0.867509593412892,0.1889446216191502,-0.9260997310636593,0.469879693209494,-0.45194191950612533,0.19893607823432136,-0.3002674842827821,-0.3121049753431126,-0.12931902329621356,-0.19978742479107792,0.31989973445338404,0.37915169402435284,0.05069286276561496,0.7149147594501549,-0.5474112938660348,-0.028876407241344822,0.3847213988486955,-0.22728522613652627,-0.20402985931875667,-0.2744119600011508,0.6854929124662402,0.2547918845169382,0.39898868022021255,-1.3536259392744905,-0.4752287204546626,0.08213993041673422,-0.12249240948393615,0.08029469501861257,-0.1699051416683417,-0.07230948337421637,0.1033472633808446,-0.6078140474471289,-0.5719013817784185
0.3168481491843864,-0.9025497032917864,0.9076010329638343,-0.39594082040415446,-0.012914577357504897,2.1771047540646253,-1.294287981712689,-1.4473714055211748,-0.6696535265869195,0.8107878610434582,-0.7825417182143299,-1.1339764315107106,-0.4082781825024575,-0.9641480641522363,-0.23949120254866776,0.4685887081044554,0.13099267668826417,0.656676626761515,-0.6983437086500961,0.30698949056840824,1.4461043600055121,0.07484291954310512,-0.5281155878805199,0.524378003389835,-0.42767634000937116,-0.8346323383404627,0.3868519410521408,-0.2841219981428793,-1.4856977701595238,-0.023898431601296864,1.366622094071003,1.5391416776985067,-0.5577314810310923,-0.790830060078478,-0.00771047091292469,-0.412963061710704,-1.2592307397377813,0.5810727672309198,1.0696006034685408,0.9233902884838515,0.06987110356158222,0.4741580961590647,-0.4366760579952429,-1.1648637526759411,0.8397858588444316,0.5350568774585013,-0.2971037176918636,0.02508898490264819,-0.4224768466739283,-0.20786932715367856,-0.5706849707826568,1.0172251692906682,-0.524266906497668,0.3016981257255077,0.18242559446620776,0.7217561539260939
0.1650155584849649,1.0488589576995124,-0.36348970499103145,-0.6276281930809908,-0.20110546591728132,-1.294287981712689,1.4178752653613704,1.1920242693374288,0.42826919028002147,-0.3465095527572465,-0.4137394417779128,1.4118228163344262,3.752419362106235e-4,0.0038829745633569657,0.06424717054660746,-0.9498635054065041,-0.1433833365845792,-0.18653910769582793,0.853266573242135,-0.48613613485000073,-0.7610943293606012,0.47365862936580577,0.20276908042578462,0.720334530634091,-0.02733963250310799,1.2384868299260545,-0.577385085139644,0.21777908696882078,0.5872633039559039,-0.07618766020549556,-0.014012276386494077,-0.24311255607654536,-0.09936999868294148,-0.15096548629956177,-0.5254538484568986,0.5172009337215847,1.2971025098244284,0.4835100033530857,-0.20426493667449505,-0.6253603166216318,0.4671703495759545,-0.4824660513214068,0.3070930642023211,0.2965843522745207,-0.577817939239955,-0.9348130132800913,0.8263035029878015,0.5761525418580559,0.07315250913770473,-0.3704320361726927,0.2615418757543508,-0.5745043498326441,0.26388860666851177,-0.29799514299587854,0.3980779474664298,-0.5599097552218583
-0.17129532468581155,0.9496003515819657,-0.6723008066126168,-0.14853479116167628,-0.17300280973307908,-1.4473714055211748,1.1920242693374288,1.294457583526433,0.5028355282111557,-0.6659148656744219,0.1600195451778412,1.2559520230744454,0.2954701389905508,0.6021020635073623,0.32827998288600074,-0.8086336353369317,0.03163319711947309,-0.20866101402041357,0.8000734129975204,-0.5009585788863957,-1.1690842551852059,-0.22734602303557042,0.29640652211519247,0.1211560093506665,-0.06529901616449398,1.2809582533399428,-0.5613968709224428,0.34736393248380476,0.8328943967630477,-0.12957415901694694,-0.5347614637052119,-0.7159345149916372,0.20184470328992385,0.046536964508087086,0.011272262283074172,0.5261142450973397,1.165226500214348,-0.05639936790757845,-0.759722315169152,-0.8959725784447946,0.2924308093577433,-0.8144191591139505,0.44724769426817,0.7670088663180848,-0.60038775481079,-0.7446349977660993,0.5321667783742102,0.40136312648500966,0.124942192957485,-0.1256831989302546,0.31633582559365364,-0.9392592691504652,0.38231911112017547,-0.3756585905134266,0.17387413522028716,-0.44094286271551336
0.8150372741037637,1.296575893175019,0.25298639528757294,-0.33189410840435546,-0.45326223493368845,-0.6696535265869195,0.42826919028002147,0.5028355282111557,0.7130000200742151,-0.35126661528968484,1.2030156375533647,1.0623120411455662,-0.49764576187219883,0.7785255217128901,-0.09873445891905706,-0.15236545614951919,0.12010189541054098,-0.5570745629578575,1.1261508731857408,0.09772528268241397,-9.052479106456655e-4,-0.5066347519531917,0.5560776633260234,0.4037442674303696,0.010979335713882278,0.9520493529229741,-0.4419373093496036,0.5269152819201597,0.429966195397559,0.33986910141078713,-0.392611525023742,-0.556797930492701,0.5068374334800662,0.16055141667497774,-0.322813325953999,0.036885558919223814,-0.5484885998350817,0.21330915571465534,-0.33510156269256375,-0.6462358589657498,0.0018685438315277434,0.19456852260532673,0.40294279217161355,-0.24752459309962874,-0.5172708279162337,-0.31708623147026604,1.3011594069421244,0.2353488549363931,0.08269840934887562,0.3567703351237236,0.11212083009017249,-0.047639738022134184,0.26992787229390774,-0.033745144906643564,0.41288249784433345,0.3886960795900096
0.2248466960502599,-0.4684075884816816,0.4964419519957223,-0.2985179564954616,0.10919559244198859,0.8107878610434582,-0.3465095527572465,-0.6659148656744219,-0.35126661528968484,0.5817314194574854,-0.7215796790388743,-0.5188384772178671,-0.2824414556736015,-0.8584178289594232,-0.3257676925060199,0.21133216355809326,-0.16539665200362164,0.19295522324400327,-0.4280074669106808,0.20541055837779532,0.8044612155847684,0.7386821906293406,-0.27777618959899036,0.38537896195787397,0.031023062898231403,-0.6687357431831439,0.27196357428002405,-0.30786358780442763,-0.5818569368694677,0.04254436874475794,0.6907099538815921,0.7532759132192102,-0.4054659551704598,-0.2105363169728994,-0.40942901583792074,-0.2042754873263481,-0.2724744381363791,0.45406138416876146,0.8162966184749045,0.6659580982696314,0.01823864067816639,0.5468446412599964,-0.3484709443665355,-0.6486533156168188,0.3373866340212333,0.1905687095209725,-0.15527321130416064,-0.04362253361059078,-0.11035129250056355,-0.20010900775325072,-0.19679520093095756,0.6888611225939169,-0.2850222659996584,0.22864157600555646,0.0696884092648854,0.028334009359841126
1.3859405829809266,1.7275082828408432,0.5877056046418107,0.5045841861682827,-0.7325221712466101,-0.7825417182143299,-0.4137394417779128,0.1600195451778412,1.2030156375533647,-0.7215796790388743,3.7998964583073294,0.9193078862119443,-0.8971363061159768,2.3369902534125293,-0.33735819992973237,0.907439271171532,0.40704388093444704,-1.3783029662215087,1.6325677815200892,0.7334389684870569,0.23465674083246704,-1.8954866588941752,1.0561524690640396,-0.378388104704062,0.44937887116633707,0.6200583927760012,-0.43192032911433464,0.9819904759255771,0.7481160598925939,0.9722569075731895,-1.4945223186016587,-1.724184385958979,1.5399914076412216,0.986205749689751,0.06920859139969804,-0.611453963680552,-2.2943459973392613,-0.6806581175873244,-1.1000615137830434,-0.8941886105231053,-0.653554135185477,0.9140716869349856,0.5860824202651549,-0.37709559880235327,-0.7059572470509299,0.21023439766904442,1.8106078668465557,-0.20449297671596525,0.41941936338121283,1.4274767494310456,0.19910259522754473,0.10695421671103582,0.4174042172311403,-0.08880327931665298,0.2570909122410212,1.2423915071482514
1.4769399318929837,2.4756331833634877,0.39303612341618716,-1.3341997135264567,-0.9275743782122041,-1.1339764315107106,1.4118228163344262,1.2559520230744454,1.0623120411455662,-0.5188384772178671,0.9193078862119443,2.4766350616769293,-0.9025083737772389,0.7453013910860077,-0.17290510179413093,-1.0009807746748238,0.15349726903848257,-0.600306400837954,2.1943709447510624,-0.31228110433614603,-0.15281831010591787,-0.3987699295795471,0.6663014275344229,1.6844337959282196,-0.2725032291459143,2.3544761071906493,-1.1348480722581658,0.866637215079015,0.3080150940197189,0.38019804009364905,0.2577544889652566,-0.1783344937018116,0.3154930571910819,-0.48032116829465893,-0.8851250810664409,0.3479870240104628,-0.04492393106904527,1.0584594041108,-0.25443570642084873,-1.146050492981044,0.6400863798637532,-0.11608506533969666,0.6927361598789418,-0.6461214831523046,-0.8821693980648605,-1.2742886559478928,2.603194249646598,1.0797734410685278,-0.03425962817500124,-0.03486267300467564,0.12824560820706954,-0.28410790213491954,0.36670950845616407,-0.37229518342651535,1.140782657496945,0.39526042150352764
-1.672914645826011,-1.3024705120382023,-1.1747096233986105,1.002620159749206,0.6535456423839427,-0.4082781825024575,3.752419362106235e-4,0.2954701389905508,-0.49764576187219883,-0.2824414556736015,-0.8971363061159768,-0.9025083737772389,1.2577429884901947,-0.07649021561361559,0.6398595651482644,-0.10601141573482194,-0.0424114895810935,0.5031344925676943,-1.1830151331964809,-0.38103333973304837,-1.2315853424288403,-2.970500341614165e-4,-0.37119357108057355,-1.3644313841045386,0.012943454566824686,-0.6102373083427797,0.3850189583500256,-0.4081057420497788,0.5093857661596145,-0.6050106638577986,-0.6687419592283042,-0.45272916755637915,-0.16559444315371963,0.29065591520037426,0.956882210618254,0.3443454598977889,1.4380127017353916,-0.9940118612278825,-0.6259808861183626,0.022822984289870146,-0.16398914466126535,-1.0417262451462348,-0.12216277107456286,1.4972819444283307,0.22315202886950763,0.3016518123835063,-1.8963814787031144,-0.4542691606617079,0.08430977797624233,-0.2196579457766886,0.17838218026425898,-0.8849425471093318,0.06660399610195994,-0.1199787405670793,-0.8265441955914588,-0.8312288774523844
0.3125578505952454,1.0492973991092234,-0.23142570162591966,0.5812835429702428,-0.4016500621446748,-0.9641480641522363,0.0038829745633569657,0.6021020635073623,0.7785255217128901,-0.8584178289594232,2.3369902534125293,0.7453013910860077,-0.07649021561361559,1.8522569090910908,0.1919402632524782,0.2619369199411964,0.3683703900284392,-0.7187974831238281,1.0095100166467854,0.1235548879889618,-0.6488676923130569,-1.632985889810613,0.6701719326276088,-0.60714600536619,0.14207478432388185,0.8147645742814753,-0.4065041015452251,0.6942487615757446,0.7797146349245094,0.35825833695479375,-1.2699660626269402,-1.411308806210582,1.0448135462250985,0.5929769129956329,0.5400333001025868,-0.11334381600209593,-0.8127010296927356,-0.8063515998795625,-1.2766741048665147,-0.9741587814417151,-0.3114616553354286,-0.15736583647817307,0.5602156814493009,0.46365879729689663,-0.5507705740640186,-0.023640547605575418,0.8051635567784357,-0.07529774162250673,0.26870870194797625,0.8159028014094047,0.24432730320485707,-0.6184811167364556,0.4197632597266618,-0.2735063017565275,-0.002486347760295239,0.5621411728754009
-0.7842530502009217,-0.3443268827830316,-0.6587776606028848,0.34341300396721985,0.19028013577252428,-0.23949120254866776,0.06424717054660746,0.32827998288600074,-0.09873445891905706,-0.3257676925060199,-0.33735819992973237,-0.17290510179413093,0.6398595651482644,0.1919402632524782,0.5402941082037428,-0.2848761804461315,0.11131408741738905,0.3330929300296666,-0.3304899747682437,-0.3269028244935553,-0.738463718313654,-0.393564592506003,-0.03800740962602047,-0.5782619766255077,-0.2468480426500587,0.2302019410384323,0.04430911042487024,-0.03130120324935881,0.27324159319441066,-0.392904711026182,-0.32094537556287234,-0.2020292012917601,-0.0011590154833232035,-0.04705428024079581,0.642765282612998,0.33367275353132253,0.6042701121984345,-0.41498308986209476,-0.4974760837071747,-0.3250664152604471,0.0317894139045298,-0.8162114366827737,0.14924440166473557,0.7954297006236603,0.01908522047101091,0.07158973220303949,-0.6889471180016185,-0.11023954123184092,-0.0860489331436514,-0.12265185616715406,0.06439848086985352,-0.6354569975273192,0.13370675464745563,-0.04057171950269185,-0.3058578363411621,-0.2379659875824321
0.013895452604313551,-0.6540583122200323,0.28602438265029256,0.7539244952505538,0.19151884808297287,0.4685887081044554,-0.9498635054065041,-0.8086336353369317,-0.15236545614951919,0.21133216355809326,0.907439271171532,-1.0009807746748238,-0.10601141573482194,0.2619369199411964,-0.2848761804461315,1.0078206066242172,-0.018621607496511677,-0.29539130368265015,-0.5361442811672492,0.5750893185260642,0.519926788939396,-0.1890500205464436,0.0018160136130368773,-0.7911436366433058,0.44395115280025993,-1.2404219490128194,0.4774979655384179,-0.15738980322214874,-0.0501724380476192,0.30268411232915426,-0.4895047719277917,-0.381099918058723,0.33638392373814197,0.6350183597153749,0.1999794966555318,-0.5663782211129452,-1.019231124414429,-0.6246201183311856,0.021050855589271722,0.5096217178318011,-0.5900753734798269,0.7871613347276829,-0.26964420420126867,-0.1501079638582024,0.24170498751965921,0.747970028593497,-0.5271335727310753,-0.6305493472423062,0.2068696876130958,0.5504479669774826,-0.026692629405360054,0.5033467898177885,-0.13138885802400357,0.2014252747076616,-0.41775195180957325,0.2891306878363244
0.10708364832474802,0.23272715222495766,0.042723515308282244,-0.013242139095705645,-0.17098495360692526,0.13099267668826417,-0.1433833365845792,0.03163319711947309,0.12010189541054098,-0.16539665200362164,0.40704388093444704,0.15349726903848257,-0.0424114895810935,0.3683703900284392,0.11131408741738905,-0.018621607496511677,0.19197852040303037,0.01929013732896089,0.2566420021682617,-0.01931370580665565,-0.03469299319253632,-0.5758986595784799,0.07313760549684714,0.026554871731494508,-0.18880667134408577,0.3423629096818348,-0.14501381355683118,0.21189316843058947,-0.08311405230617765,0.02490856852797926,-0.02029144091127143,-0.03905000060187916,0.149051495003243,-0.14195136018786156,0.21174547762482435,-7.950327887072722e-4,-0.34128298229589477,-0.04705337066104439,-0.22761620142626487,-0.23217870592535556,0.027559096155576102,-0.19458807583235363,0.14682528780783521,-0.026197726930966003,-0.007518116643547044,-0.020580366764048338,0.24069018783213628,0.11557878374649903,-0.06220953380996334,0.1131162477027212,-0.06090360337533707,-0.11812824335140312,0.04543884869176508,-0.08220825184017637,0.11644903268339728,0.3138509908911451
-0.7354063021198002,-0.8741113692483956,-0.2992222599770625,-0.04138396403166386,0.27163136862242526,0.656676626761515,-0.18653910769582793,-0.20866101402041357,-0.5570745629578575,0.19295522324400327,-1.3783029662215087,-0.600306400837954,0.5031344925676943,-0.7187974831238281,0.3330929300296666,-0.29539130368265015,0.01929013732896089,0.7400908078062846,-0.7662782860452865,-0.32290744633452234,-0.14458813264642378,0.2234835846212929,-0.47371431721922264,-0.06277390980121623,-0.39106464471031865,-0.20473624674200444,0.19596459879670583,-0.32512514004723203,-0.4689447088418013,-0.48181142302626007,0.6009454959462711,0.7530924565337245,-0.5598218177130907,-0.540553581228473,0.372910369275414,0.23693836503129756,0.6468136681260432,0.08436119936316439,0.2482442398675793,0.27833656415041375,0.23770965431387586,-0.6417198502297211,-0.18069198406556722,0.25536259743693596,0.43036458650826503,0.07519096919458151,-0.9294846429330547,0.05679182842669607,-0.2655214806564779,-0.5104492580946854,-0.17400373316961776,-0.1674991530004449,-0.1794620644938511,0.00963015182611999,-0.1629533185380264,-0.2554604206309109
1.8140894597966515,2.4839851753489586,0.7703913184026007,-1.1895018044571009,-1.0267558727365458,-0.6983437086500961,0.853266573242135,0.8000734129975204,1.1261508731857408,-0.4280074669106808,1.6325677815200892,2.1943709447510624,-1.1830151331964809,1.0095100166467854,-0.3304899747682437,-0.5361442811672492,0.2566420021682617,-0.7662782860452865,2.240649375048944,0.018079999226631584,0.33279021874341164,-0.7707453502644458,0.7671296024355163,1.562797332355326,-0.2143899264863088,2.049692028225743,-1.0232965884511842,0.9621465202453711,0.12958263945413984,0.60978085954522,0.1673824590328179,-0.2380453313381023,0.5528479092544075,-0.339039533556031,-0.8403181749328631,0.04704723768090215,-0.980584873173672,0.9528522721270493,-0.2064851597165528,-1.019510568012516,0.40205291045128316,0.31598959125870824,0.661787691611991,-1.003869807895687,-0.7841533906503402,-0.9436042393798587,2.7767539782527693,0.905240047894808,-0.02064704864098284,0.30367948458060495,0.028563902889971977,0.077901683665847,0.31157056862022575,-0.24575529579792635,1.1462997780073692,0.8556172727563397
0.44702507853917506,0.017729751307607036,0.48168085337647004,0.15519549126766324,-0.04233219388542927,0.30698949056840824,-0.48613613485000073,-0.5009585788863957,0.09772528268241397,0.20541055837779532,0.7334389684870569,-0.31228110433614603,-0.38103333973304837,0.1235548879889618,-0.3269028244935553,0.5750893185260642,-0.01931370580665565,-0.32290744633452234,0.018079999226631584,0.4625968410743257,0.6207992988692651,-0.023888837479644185,0.13121225543315618,-0.12770978085961246,0.24675717198474473,-0.5512911748553407,0.19065670266692816,0.02718251418794601,-0.05177255584841271,0.3318732437562357,-0.1871589151680375,-0.1633094378414075,0.24538124506875109,0.3472073716332197,-0.20431621337555742,-0.3668134245968283,-0.9193830058900407,-0.06190655412906139,0.20453341489673685,0.269865073692674,-0.34109068858964636,0.7313922506840226,-0.1153908619250713,-0.4405100418766984,0.05130648755387978,0.3734414008151474,0.20086404779259526,-0.273574674040413,0.1041350045775849,0.3916897764599795,-0.0536422826352778,0.5525863252359187,-0.06621654815260064,0.2088369019322474,-0.019429806331618827,0.34636290052506136
1.4717288417734669,0.3549150663827419,1.4659602357989265,-0.8865924513558534,-0.37706528355306446,1.4461043600055121,-0.7610943293606012,-1.1690842551852059,-9.052479106456655e-4,0.8044612155847684,0.23465674083246704,-0.15281831010591787,-1.2315853424288403,-0.6488676923130569,-0.738463718313654,0.519926788939396,-0.03469299319253632,-0.14458813264642378,0.33279021874341164,0.6207992988692651,1.9106319164404493,0.4061111837686012,0.044101230126248295,1.1750260630976468,-0.04988323563236017,-0.38098024776419603,0.10857898099260317,0.02407922233383709,-1.065824808991753,0.5076126622507396,1.1086555832164022,1.0888760047174646,-0.16159096946308324,-0.3917033912735944,-0.9035178258311051,-0.561265730864803,-1.8502385812994075,1.0518553647941575,1.2407762943105678,0.6762208596556852,-0.0024465827092556643,1.3909618240286974,-0.24851802434170192,-1.8245922767697862,0.2798775902570712,0.25166882879969904,1.1439144225394249,0.12876905903466754,-0.22917037964206732,0.12836227894871233,-0.40662769119151104,1.4599202624714769,-0.3520054778729269,0.4441846333913926,0.5974846010601483,0.9115240205708017
-0.18021952638686758,-0.7090326481363352,0.11246776976696153,-0.4196921856390291,0.4486023683286203,0.07484291954310512,0.47365862936580577,-0.22734602303557042,-0.5066347519531917,0.7386821906293406,-1.8954866588941752,-0.3987699295795471,-2.970500341614165e-4,-1.632985889810613,-0.393564592506003,-0.1890500205464436,-0.5758986595784799,0.2234835846212929,-0.7707453502644458,-0.023888837479644185,0.4061111837686012,2.019957895432815,-0.4267369779138773,0.45701253903908234,0.31502353416789686,-0.8912415753541054,0.37237967845254466,-0.6841242596998751,-0.16761987687197896,-0.15560583740774558,0.6977831685496183,0.7480698528773322,-0.8009939963862618,-0.03137020512605549,-0.872477272425052,0.08200372150093392,1.1201824898957096,0.6404189053693053,1.114742592240574,0.8728570375191315,0.1513920204409288,0.5107156135770072,-0.5290326310750973,-0.27263634215433336,0.19331503377296028,-0.10028418349365356,-0.5855150440361391,-0.06921644055093391,0.014481502984693008,-0.6330988025897499,0.017367579343003342,0.563370190299347,-0.271316179288706,0.25496097691470965,-0.0889545340661478,-0.8979408877045381
0.5981529409345694,0.9162660252821052,0.16541315436360943,-0.1379202780099294,-0.29655568139726907,-0.5281155878805199,0.20276908042578462,0.29640652211519247,0.5560776633260234,-0.27777618959899036,1.0561524690640396,0.6663014275344229,-0.37119357108057355,0.6701719326276088,-0.03800740962602047,0.0018160136130368773,0.07313760549684714,-0.47371431721922264,0.7671296024355163,0.13121225543315618,0.044101230126248295,-0.4267369779138773,0.5203959870286381,0.13068554883801536,0.06400594280773007,0.6071895507822525,-0.23389833111384767,0.36741282370298173,0.3990977540697443,0.25818048581078945,-0.4445816556911622,-0.5213703740114035,0.4797881169810123,0.2554040819934217,-0.1658189767711322,-0.006322464358968243,-0.595533726673346,0.05028149484022144,-0.29234285732258775,-0.4987135782452571,-0.09181280672400481,0.2578937819309703,0.3232396205483468,-0.16015498403027417,-0.41559589199741176,-0.08104914688821505,0.9088622530778458,0.010416288566756004,0.06357967467764297,0.35937123150587647,0.11079551432980475,-0.001761627058908754,0.23259091568756854,0.09387845129445668,0.193776303080832,0.3250593208189986
1.8523857096266172,1.71953574748822,1.2158845858589473,-1.982042496176366,-0.867509593412892,0.524378003389835,0.720334530634091,0.1211560093506665,0.4037442674303696,0.38537896195787397,-0.378388104704062,1.6844337959282196,-1.3644313841045386,-0.60714600536619,-0.5782619766255077,-0.7911436366433058,0.026554871731494508,-0.06277390980121623,1.562797332355326,-0.12770978085961246,1.1750260630976468,0.45701253903908234,0.13068554883801536,2.532226617931341,-0.47828937703828084,1.567365357297629,-0.80859286258807,0.43353872832398577,-0.9816542688861413,0.35492934598741943,1.7300751929660598,1.3840655281709044,-0.43585767602517045,-1.2006416693207544,-1.3509483713361747,0.04731459964471661,-0.6124384772796382,1.9017543323711985,1.0413444313655074,-0.14805066802919636,0.8648007503797912,0.5090340558736828,0.18925726238672058,-1.8159415714026046,-0.22731384366620452,-1.0598570335898203,2.4402042497279126,1.21016770671869,-0.364066512134375,-0.4835620458041361,-0.3003205728280403,0.7314503799098152,-0.1432817419059882,-0.10349573179327033,1.3778827122403752,0.6488674789271964
-0.0671918073792472,-0.22303228672060732,-0.06435049886483585,0.4793736910859092,0.1889446216191502,-0.42767634000937116,-0.02733963250310799,-0.06529901616449398,0.010979335713882278,0.031023062898231403,0.44937887116633707,-0.2725032291459143,0.012943454566824686,0.14207478432388185,-0.2468480426500587,0.44395115280025993,-0.18880667134408577,-0.39106464471031865,-0.2143899264863088,0.24675717198474473,-0.04988323563236017,0.31502353416789686,0.06400594280773007,-0.47828937703828084,0.5296266461610327,-0.6801474648545022,0.20837379246905743,-0.1474826625194936,0.3749587564144161,0.2051365141411972,-0.5480158810157101,-0.5648163199938123,0.21223153814984264,0.6322237489388041,-0.11184905823901846,-0.24195075248029144,0.030914389766884397,-0.42155312927889915,-0.0874367988491971,0.22424883044401867,-0.3223989896933601,0.4959630693706723,-0.15295908164373495,0.16719565612038492,-0.09534327113601512,0.19773481843535126,-0.2755477331107659,-0.3607540182505548,0.29604113883808314,0.26430189640864876,0.18287026461714576,0.10808833395594332,0.014617345344320638,0.016557566277368607,-0.29980037255275366,-0.2518161047743004
1.1249095967771052,2.2980455486064515,0.14882567504352545,-1.3378823110833165,-0.9260997310636593,-0.8346323383404627,1.2384868299260545,1.2809582533399428,0.9520493529229741,-0.6687357431831439,0.6200583927760012,2.3544761071906493,-0.6102373083427797,0.8147645742814753,0.2302019410384323,-1.2404219490128194,0.3423629096818348,-0.20473624674200444,2.049692028225743,-0.5512911748553407,-0.38098024776419603,-0.8912415753541054,0.6071895507822525,1.567365357297629,-0.6801474648545022,2.6996603725421595,-1.1556934560731287,0.9105174470985907,0.1339421117820582,0.08783105610166178,0.4074605259985855,0.06723599220362125,0.23610465410627102,-0.8382094410815066,-0.4002042723430203,0.5586968532065152,-0.0013555519312777385,1.0007888787762764,-0.45206389089684484,-1.3668900062675196,0.7796074259448182,-0.7148542230617378,0.8260880954576956,-0.4043350260309634,-0.7509404222813985,-1.2165030012338367,2.330925791746645,1.1413860898108301,-0.25654115423593465,-0.17864755857226752,0.02659889029140974,-0.5926394117815177,0.3926338511414269,-0.36420437524023197,1.0947105994524675,0.5262526949946063
-0.643767428644745,-1.105859840860304,-0.1731539985962298,0.6102105458963929,0.469879693209494,0.3868519410521408,-0.577385085139644,-0.5613968709224428,-0.4419373093496036,0.27196357428002405,-0.43192032911433464,-1.1348480722581658,0.3850189583500256,-0.4065041015452251,0.04430911042487024,0.4774979655384179,-0.14501381355683118,0.19596459879670583,-1.0232965884511842,0.19065670266692816,0.10857898099260317,0.37237967845254466,-0.23389833111384767,-0.80859286258807,0.20837379246905743,-1.1556934560731287,0.5770374486094347,-0.4367023247961631,-0.011612784701918077,-0.1548409180418796,-0.216988996999168,1.5738851769387917e-4,-0.12163523865369011,0.3487686119433724,0.29596576222548193,-0.14784361123654943,0.04399194298881568,-0.4630189746887906,0.1774947220729419,0.5449018544762779,-0.349446602222011,0.18695720007483288,-0.326084165137641,0.2977516243874118,0.3425967048242388,0.6284782835024538,-1.1839191029038567,-0.5855594924242363,0.043933208099468816,0.0400470055961498,-0.016767440507203083,0.20014061162833496,-0.14200619275772677,0.2692595710302309,-0.5657216448051411,-0.2622767608919046
0.6729067735354436,1.0453801741491409,0.25196188283069837,-0.32690827109369525,-0.45194191950612533,-0.2841219981428793,0.21777908696882078,0.34736393248380476,0.5269152819201597,-0.30786358780442763,0.9819904759255771,0.866637215079015,-0.4081057420497788,0.6942487615757446,-0.03130120324935881,-0.15738980322214874,0.21189316843058947,-0.32512514004723203,0.9621465202453711,0.02718251418794601,0.02407922233383709,-0.6841242596998751,0.36741282370298173,0.43353872832398577,-0.1474826625194936,0.9105174470985907,-0.4367023247961631,0.4949753560699511,0.12513364327164692,0.250527903885489,-0.12772072506355428,-0.27561639772282365,0.37153110630386293,-0.08970896756878162,-0.13100416357900502,0.01626780703823556,-0.5672048123434829,0.20562628433784597,-0.30757869850631314,-0.5520774172001639,0.08752342941753304,-0.004823645963936156,0.3476733527642442,-0.2737810849291259,-0.3241082668944327,-0.30261100633892757,1.101111041840641,0.3260447899872881,-0.004131476422798945,0.25428586869321357,0.007232553765876974,-0.08425730703549222,0.17721694493891013,-0.1257728041818272,0.4269703609409312,0.48296905563515025
-0.5318946410631937,0.26719424202034564,-0.7567100611531034,0.7119484029039029,0.19893607823432136,-1.4856977701595238,0.5872633039559039,0.8328943967630477,0.429966195397559,-0.5818569368694677,0.7481160598925939,0.3080150940197189,0.5093857661596145,0.7797146349245094,0.27324159319441066,-0.0501724380476192,-0.08311405230617765,-0.4689447088418013,0.12958263945413984,-0.05177255584841271,-1.065824808991753,-0.16761987687197896,0.3990977540697443,-0.9816542688861413,0.3749587564144161,0.1339421117820582,-0.011612784701918077,0.12513364327164692,1.2660560656515942,-0.019161720822373714,-1.3927751584064139,-1.3863490388310888,0.5382469400445657,0.8797414006778405,0.258229277418512,0.24788840112213315,0.728440022509389,-0.7822264044781493,-0.8828330952748855,-0.5713303929996918,-0.3526867398595014,-0.30772754311991707,0.2565175843594418,1.1117163461912865,-0.5063353802012186,0.022958968484707284,-0.29829687804585214,-0.3836321823538595,0.3497303629295703,0.3524563991432575,0.4183833836310497,-0.6930413552155879,0.3965804156120363,-0.03899133793242131,-0.4288417058066746,-0.5220405899271314
0.8136870789384305,0.6510600812558771,0.5441366798161628,-0.18006414132943122,-0.3002674842827821,-0.023898431601296864,-0.07618766020549556,-0.12957415901694694,0.33986910141078713,0.04254436874475794,0.9722569075731895,0.38019804009364905,-0.6050106638577986,0.35825833695479375,-0.392904711026182,0.30268411232915426,0.02490856852797926,-0.48181142302626007,0.60978085954522,0.3318732437562357,0.5076126622507396,-0.15560583740774558,0.25818048581078945,0.35492934598741943,0.2051365141411972,0.08783105610166178,-0.1548409180418796,0.250527903885489,-0.019161720822373714,0.4383102438732788,-0.07202289697844211,-0.20027427150121194,0.30931513919082415,0.18531797496053695,-0.4121596792604249,-0.3009954048822039,-0.8398633827820965,0.18023875219228622,0.0903646370982561,-0.0257845745481,-0.12017971970791969,0.6631327930174701,0.05537740041417052,-0.5956332562351333,-0.17776745929991603,-0.0445030429819916,0.8840880531444849,0.0725830511146794,0.11945288458669821,0.34990202106149876,-0.005612015303095249,0.40756823467280806,0.01406619025405311,0.0066193901894330736,0.2905699310493564,0.4202751331369807
0.7671015750672866,0.11798412521964491,0.8412692120928389,-1.3671528089626501,-0.3121049753431126,1.366622094071003,-0.014012276386494077,-0.5347614637052119,-0.392611525023742,0.6907099538815921,-1.4945223186016587,0.2577544889652566,-0.6687419592283042,-1.2699660626269402,-0.32094537556287234,-0.4895047719277917,-0.02029144091127143,0.6009454959462711,0.1673824590328179,-0.1871589151680375,1.1086555832164022,0.6977831685496183,-0.4445816556911622,1.7300751929660598,-0.5480158810157101,0.4074605259985855,-0.216988996999168,-0.12772072506355428,-1.3927751584064139,-0.07202289697844211,1.938184137436888,1.851067204262993,-0.8702526320616466,-1.2839111500105898,-0.7056413686778448,-0.0016655975354321374,-0.21333431296374136,1.4183899373977906,1.231699634772009,0.5074514806274862,0.7245608817309889,0.1848760359271807,-0.21857686673169588,-1.36110653750073,0.4021212266202417,-0.479290294148562,0.75474104353679194,0.7776649308311968,-0.4750730099556047,-0.7450306023613303,-0.440958461249738,0.7129433028831194,-0.4087315622364934,0.007126886746266824,0.7688701194904178,0.32897355920663085
0.44505507230284197,-0.3091827579890952,0.7146783121127129,-1.1438976045325004,-0.12931902329621356,1.5391416776985067,-0.24311255607654536,-0.7159345149916372,-0.556797930492701,0.7532759132192102,-1.724184385958979,-0.1783344937018116,-0.45272916755637915,-1.411308806210582,-0.2020292012917601,-0.381099918058723,-0.03905000060187916,0.7530924565337245,-0.2380453313381023,-0.1633094378414075,1.0888760047174646,0.7480698528773322,-0.5213703740114035,1.3840655281709044,-0.5648163199938123,0.06723599220362125,1.5738851769387917e-4,-0.27561639772282365,-1.3863490388310888,-0.20027427150121194,1.851067204262993,1.875354747542815,-0.9228237574341619,-1.2089437579743623,-0.5022150443845955,0.013595088639644502,-0.17381766020240133,1.2404037784555477,1.2532297848823186,0.6415962672735838,0.609947753057699,0.11798253027705842,-0.29900654583818875,-1.1736208853744978,0.5406452042400823,-0.2210371725277621,0.2567026111625074,0.5558178107901478,-0.5084606732495504,-0.7541279658870084,-0.4625704366665173,0.7199172531552614,-0.4398502690625061,0.13772988539232917,0.5429351271694053,0.24646562669640235
0.31998249703922294,0.6132010557600933,0.007008174505034849,0.38839038752333743,-0.19978742479107792,-0.5577314810310923,-0.09936999868294148,0.20184470328992385,0.5068374334800662,-0.4054659551704598,1.5399914076412216,0.3154930571910819,-0.16559444315371963,1.0448135462250985,-0.0011590154833232035,0.33638392373814197,0.149051495003243,-0.5598218177130907,0.5528479092544075,0.24538124506875109,-0.16159096946308324,-0.8009939963862618,0.4797881169810123,-0.43585767602517045,0.21223153814984264,0.23610465410627102,-0.12163523865369011,0.37153110630386293,0.5382469400445657,0.30931513919082415,-0.8702526320616466,-0.9228237574341619,0.69019892773723035,0.546278068977041,0.17824847240230107,-0.1582708428826469,-0.7219900051477164,-0.4717121278374513,-0.6269928111377053,-0.46460329075827206,-0.330419197896539,0.22051005383602082,0.2813169065327731,0.1502816164785233,-0.3437389767227605,0.14785582404601888,0.5049245637020466,-0.20788312389305721,0.2020706048400577,0.6038236409554241,0.1551430907903637,-0.13879884239413795,0.2432925546329167,-0.006215721128982319,-0.05185712678950707,0.3611638640348654
-0.3870347136861737,-0.3131181378888576,-0.35296236300141226,0.9930317984788197,0.31989973445338404,-0.790830060078478,-0.15096548629956177,0.046536964508087086,0.16055141667497774,-0.2105363169728994,0.986205749689751,-0.48032116829465893,0.29065591520037426,0.5929769129956329,-0.04705428024079581,0.6350183597153749,-0.14195136018786156,-0.540553581228473,-0.339039533556031,0.3472073716332197,-0.3917033912735944,-0.03137020512605549,0.2554040819934217,-1.2006416693207544,0.6322237489388041,-0.8382094410815066,0.3487686119433724,-0.08970896756878162,0.8797414006778405,0.18531797496053695,-1.2839111500105898,-1.2089437579743623,0.546278068977041,1.08449732719638,0.22575750536207365,-0.20553810550544835,-0.03579780131308243,-0.9383814085070378,-0.5234916830974934,0.01827763819247473,-0.6382964100887129,0.38285767609820437,-0.05048908852847812,0.6785935048426439,-0.199315940464667,0.500917312119783,-0.6218677640117815,-0.7153058218215568,0.40870582822982604,0.5677432022616615,0.3009939244255007,-0.11255626408302787,0.17402801113508487,0.12342494104550643,-0.6096452932066573,-0.28907605697809746
-1.2529529657855647,-1.0044723291799442,-0.8739402094201244,1.0460882636232538,0.37915169402435284,-0.00771047091292469,-0.5254538484568986,0.011272262283074172,-0.322813325953999,-0.40942901583792074,0.06920859139969804,-0.8851250810664409,0.956882210618254,0.5400333001025868,0.642765282612998,0.1999794966555318,0.21174547762482435,0.372910369275414,-0.8403181749328631,-0.20431621337555742,-0.9035178258311051,-0.872477272425052,-0.1658189767711322,-1.3509483713361747,-0.11184905823901846,-0.4002042723430203,0.29596576222548193,-0.13100416357900502,0.258229277418512,-0.4121596792604249,-0.7056413686778448,-0.5022150443845955,0.17824847240230107,0.22575750536207365,1.2139152304028547,0.11012399334385166,0.36077020933046544,-1.102230229084026,-0.8388375495580292,-0.1653034292532687,-0.2516482222426623,-0.8747674497930666,0.039915625792158474,1.1502991983683053,0.23704570807461744,0.48405126685935246,-1.4277684968476896,-0.4565667998540338,0.014849867073451293,0.1213887407738233,0.06748200089411137,-0.766413113982608,0.08366060581060449,-0.10872820530326759,-0.7054127041775032,-0.16334148306326426
