V1,V2,V3,V4,V5,V6,V7,V8,V9,V10,V11,V12,V13,V14,V15,V16,V17,V18,V19,V20,V21,V22,V23,V24,V25,V26,V27,V28,V29,V30,V31,V32,V33,V34,V35,V36,V37,V38,V39,V40,V41,V42,V43,V44,V45,V46,V47,V48,V49,V50,V51,V52,V53,V54,V55,V56
1.0048909570199367,-14.13784155439684,-33.64322994643296,93.84121294555109,-53.879332243170204,-75.72261516943145,81.13021680672131,-219.12626052770153,43.74989287861164,-46.601911490239985,-2.6466734289307627,3.7421488510817555,-34.66602403925115,38.19318669096936,-7.80202423629653,-7.611864196381689,-40.25828488015021,95.88463154428545,-30.645759684045945,-125.29740876020901,-175.3642410295917,71.54642777092452,98.88686531945274,150.31725829933396,-0.5735635176887479,2.1330604427096507,25.4825303094197,-51.88488088234765,89.89111284455448,-36.51231871810811,-112.11740717037281,-136.1945885284549,8.656351341734782,7.004126427665363,-109.02549987607718,-36.43205009129189,100.6368332346762,-16.029944593276547,95.30402688042905,82.11250277706249,-28.938321018787697,-140.228259348623,130.54038569456384,144.74439239670193,-35.12718796388682,68.91839698921471,86.55489295051824,-43.30683414632436,32.14636989226906,67.62948973036622,-55.62088808087236,-26.324715543322835,-46.7434886089774,-17.06212411626561,-123.3721624054035,2.968452546522532
-14.13784155439684,261.4785124927058,617.7225389870551,-1701.462543806544,991.6485315867924,1381.1389785780482,-1482.7686249367412,3996.4561589360287,-799.558428885786,839.3658264927799,45.01871464427293,-72.68584908879973,632.2312649931154,-688.4804735574901,146.21114178707475,143.1513619801458,739.9773442378681,-1746.8119256248865,572.3259907587149,2290.8149220012865,3198.638977482517,-1312.1753153652667,-1806.2394514046666,-2738.155487339221,10.991609774328179,-38.08728744393975,-461.2511733328241,944.8699210428186,-1635.8929777745604,663.3090677365587,2051.7809245452895,2494.970191045577,-152.65598041502457,-135.21650670666102,1990.9476591562384,670.3923426127328,-1836.6235463746252,290.1244833562285,-1735.566544043061,-1494.8916159530088,521.0173499831782,2552.4522524153185,-2378.3048937164717,-2650.5748778131197,636.3910444914399,-1251.9296901647458,-1574.309881338742,786.924304667135,-581.9148892132063,-1234.5101989775924,1010.7441244188061,481.50754628151435,856.6387215965718,311.9424026174431,2256.080807858777,-55.221804745050804
-33.64322994643296,617.7225389870551,1459.650831134356,-4021.8085889830336,2343.0409428392327,3264.173869237819,-3504.2014240084354,9445.095607540296,-1889.5464854074432,1984.4352124926877,106.64458344367856,-171.48540424082273,1494.1859250018376,-1627.636230803862,345.2666771948087,338.0696209261987,1748.5163880682537,-4128.502939433386,1351.7473456811174,5413.6818204529955,7559.550235353373,-3100.697011496991,-4268.625502825069,-6471.492663323696,25.999038972097047,-90.0466151385435,-1090.3199707488493,2233.205569749477,-3866.47237432136,1567.7814573481517,4848.704685027729,5895.848797027611,-361.0940591684487,-319.0811598154206,4705.2190531300075,1584.03174137599,-4340.52212310454,685.815524967173,-4101.954094526663,-3533.150795640178,1231.822375818955,6032.699546518483,-5621.000399326683,-6263.617962783896,1504.2737003685481,-2959.0678727931613,-3720.99773632561,1859.9862010299646,-1375.5600649411222,-2917.556174941971,2388.972337672721,1137.8796941516603,2024.3276540435438,737.1735490965241,5331.575985014143,-130.42989676757847
93.84121294555109,-1701.462543806544,-4021.8085889830336,11087.357588349736,-6455.119629304963,-8996.464006496844,9657.19498916241,-26031.74346179497,5207.339025466632,-5472.370633701823,-294.9150912634981,471.35153146611725,-4118.1348804637655,4488.214036330378,-950.4328563409426,-930.5796349897117,-4817.554959554319,11379.198262554724,-3721.747776393424,-14919.121343227325,-20834.88433627202,8543.823264934526,11764.022411258908,17837.11944344657,-71.59425548071891,248.37641661079505,3006.019373266159,-6155.440297859016,10657.477237120665,-4321.672283202979,-13361.652940312086,-16246.530459488884,996.6585739984074,877.2952568500532,-12967.45152344513,-4364.120548730646,11962.592062289134,-1890.8216411657916,11306.190077960207,9738.510324742003,-3397.006927758793,-16628.215385161424,15492.865330618451,17260.22677809142,-4147.1099087296725,8156.888393152793,10256.777722705867,-5127.172078303153,3792.447474232772,8040.835773872691,-6585.274745510329,-3135.7171067936006,-5578.171612908993,-2031.4878415198934,-14692.735150218045,359.15263469727836
-53.879332243170204,991.6485315867924,2343.0409428392327,-6455.119629304963,3761.16345864138,5239.346258857883,-5624.702319576738,15160.444188333919,-3032.991303394507,3184.8608098088685,171.04014367070423,-275.41481610416866,2398.342509184446,-2612.2692548126165,554.3470210670058,542.772811769107,2806.7370119926786,-6626.6343440333885,2170.176126631742,8689.76198728296,12133.93575800039,-4977.213554133214,-6851.724412952893,-10387.35446237905,41.71629792364363,-144.51874203593061,-1749.9719185477186,3584.4742699492285,-6205.984964572167,2516.3933484825066,7782.935777970384,9463.869453255029,-579.4299752645442,-512.423060504535,7552.471074706157,2542.7375131703425,-6967.079911373389,1100.7332047532043,-6584.00611234825,-5671.012896590328,1976.9602799419604,9682.993514801356,-9022.235020142374,-10054.170832743042,2414.397060853009,-4749.4787055230445,-5972.443268787303,2985.3823738780993,-2207.777547771111,-4683.029893077601,3834.457124283405,1826.479639164584,3249.3930337713496,1183.2803196560903,8557.98109439121,-209.39810237171343
-75.72261516943145,1381.1389785780482,3264.173869237819,-8996.464006496844,5239.346258857883,7300.733134679616,-7837.240524703452,21125.0411518374,-4225.984567881868,4439.767543469149,238.97546747033198,-382.9776223700516,3341.909689833635,-3641.3857978016176,771.7034852073084,755.6249220328958,3910.094720606129,-9234.134965432644,3021.6545603592604,12107.62300772122,16907.771230921582,-6934.170070131114,-9546.921494459433,-14474.663398907625,58.14694533011511,-201.47810406074538,-2439.0501889634274,4995.045639770017,-8648.282257758112,3506.8147403404805,10843.857726137177,13185.39443427924,-808.2530229518364,-712.7231479917083,10523.490621793215,3542.1579261940133,-9707.904672343018,1534.1858701875135,-9174.821263315744,-7902.628892873825,2755.991947953367,13493.446060122365,-12572.35959337299,-14007.988437724409,3364.981731162837,-6618.887621587822,-8323.028528712204,4160.445817916801,-3077.146871271358,-6525.339338693627,5343.640892757994,2544.814574505434,4527.173294239558,1648.6614356067867,11923.94624565947,-291.5738727655297
81.13021680672131,-1482.7686249367412,-3504.2014240084354,9657.19498916241,-5624.702319576738,-7837.240524703452,8413.307243000929,-22677.416022943584,4536.594911882392,-4765.610963993448,-256.4103539770191,411.2941517229215,-3587.4848399658476,3908.660937954499,-828.5577834104437,-811.3196386891966,-4197.655722873699,9912.63442166674,-3244.225492362079,-12997.57859174706,-18150.265888507784,7444.008409732387,10248.586324449963,15538.212492681849,-62.44888033395666,216.25106512771856,2618.1470657122804,-5362.044782844241,9283.674754012585,-3764.4105412839554,-11641.004396075585,-14154.757639230045,867.4419230072768,765.3875792237493,-11296.922137372136,-3802.701563132584,10421.34198975844,-1646.836925443813,9848.934985270831,8483.262789493889,-2958.2623566092275,-14484.816621878535,13496.14951362486,15037.792749283828,-3612.093877459119,7105.099692645948,8934.492290296788,-4466.06051522991,3303.0915993299004,7004.910242096635,-5736.179512558436,-2731.8680031342587,-4860.015109005827,-1769.8528509132268,-12800.418688489886,313.04536227480793
-219.12626052770153,3996.4561589360287,9445.095607540296,-26031.74346179497,15160.444188333919,21125.0411518374,-22677.416022943584,61126.56268634647,-12228.14684455718,12846.626650425886,691.4133978183102,-1108.2152273727613,9670.032813688447,-10536.531273456749,2233.0474365263467,2186.437131983987,11314.062542231342,-26719.475417180452,8743.435435370027,35034.15081031974,48923.614674212564,-20064.46852816414,-27624.610610425094,-41883.25605721585,168.17046361519695,-583.0116959506291,-7057.528739613216,14453.40546192643,-25024.24611095438,10147.200444411681,31377.325737108815,38152.75802939525,-2338.7274893777376,-2062.3646868181686,30450.29411444139,10249.426436071775,-28090.426939193723,4439.243005409316,-26547.863905478443,-22866.695428087085,7974.527121751788,39044.0653548691,-36378.80520692997,-40532.97862495947,9736.779416668802,-19152.125595033784,-24083.069194264204,12038.470258206098,-8903.88748836596,-18881.417724677685,15462.146349474515,7363.602269406209,13099.616294342813,4770.511312645888,34502.662797082994,-843.7038044701961
43.74989287861164,-799.558428885786,-1889.5464854074432,5207.339025466632,-3032.991303394507,-4225.984567881868,4536.594911882392,-12228.14684455718,2446.2324424995013,-2569.683003897193,-138.23646438056878,221.79466065575477,-1934.4555896598213,2107.6189338427353,-446.80387975135,-437.47975622916346,-2263.457019316208,5345.088500978873,-1749.3904733126794,-7008.579011695898,-9786.998675664441,4013.9827263070592,5526.2648285760715,8378.518833554957,-33.645731046608624,116.61444096134849,1411.7573731940056,-2891.3126918013727,5005.928116741517,-2029.8575607193275,-6277.069550771212,-7632.560900017075,467.74207346339847,412.73444450483333,-6091.522024065964,-2050.4893104677826,5619.417814086178,-888.0046982767866,5310.745806908013,4574.341826797887,-1595.1218544768033,-7810.513234902592,7277.388432872344,8108.709405414073,-1947.7176887828418,3831.208778017759,4817.629588052006,-2408.1863003574495,1781.092415676465,3777.1808871048815,-3093.0693644344433,-1473.0934638129315,-2620.6155338838985,-954.3435687432722,-6902.263892689693,168.8058702845973
-46.601911490239985,839.3658264927799,1984.4352124926877,-5472.370633701823,3184.8608098088685,4439.767543469149,-4765.610963993448,12846.626650425886,-2569.683003897193,2701.4903485965187,145.84464608238147,-232.23829992397316,2032.2890377590716,-2215.561246525008,468.6936188127974,458.92048831861257,2377.037058433473,-5615.790257281172,1835.58196284432,7362.107377505458,10281.955544845072,-4215.7917641736485,-5805.296666126424,-8802.863849977026,35.33895344854451,-122.61918926238174,-1483.7378969347465,3037.863838271617,-5259.753496680467,2132.9199395301107,6593.41973645096,8016.769324630608,-492.24919290951794,-432.33552492580486,6399.241371568031,2153.2207653823198,-5903.400878658776,933.3012525312685,-5579.800656109521,-4806.143281015574,1676.9886251693802,8206.39857601502,-7645.933274427539,-8517.044575859536,2046.9072244941656,-4025.7732389661824,-5062.08970846055,2530.497820825431,-1871.9304925433873,-3968.0638470732547,3250.0911514482777,1547.3552186999839,2752.5266620384145,1002.4517776343731,7250.364206340616,-177.14011880101404
-2.6466734289307627,45.01871464427293,106.64458344367856,-294.9150912634981,171.04014367070423,238.97546747033198,-256.4103539770191,691.4133978183102,-138.23646438056878,145.84464608238147,8.011451182970319,-12.309319009515104,109.373497396338,-119.55782529618408,25.044061445076863,24.545665851355405,127.73508581568811,-302.3373238937659,98.2417028979324,396.0068655894375,553.3722424379052,-226.6117432527218,-312.32774871452926,-473.9158346401959,1.9204189001424927,-6.6175593447025385,-79.98930085454892,163.589159344098,-283.24466391246426,114.87884130624698,354.6053169019606,431.03840747698854,-26.687605770599873,-22.962098158893546,344.3348479616291,115.66447495740026,-317.6611814024785,50.322820575387404,-300.4167253856294,-258.77424028891517,90.55237249648108,441.8717580687919,-411.6313716504636,-457.9729120086843,110.31803134095975,-216.84895746590783,-272.65207260739624,136.31752567846476,-100.92860978291898,-213.53383539971333,175.0515956471852,83.21735405291211,148.00558617819456,53.909600165848424,389.98356134923995,-9.4814293709559
3.7421488510817555,-72.68584908879973,-171.48540424082273,471.35153146611725,-275.41481610416866,-382.9776223700516,411.2941517229215,-1108.2152273727613,221.79466065575477,-232.23829992397316,-12.309319009515104,20.373910627658322,-175.3195863354318,190.53840557190998,-40.743928262057985,-39.88800539105004,-205.44808785807697,484.28981508403723,-159.35007138025517,-635.5105885543395,-886.9967954090798,364.2056627821789,501.00398784677606,759.1283216749135,-3.0495725151034008,10.532063063304593,127.7429286997173,-261.9222755716169,453.4542530402248,-183.824706809625,-569.2767072711032,-692.3694182593812,42.09294339172525,37.85388580910997,-552.1956598520333,-186.17528848557112,509.36253220265405,-80.34355791937766,481.1463861094305,414.4103678315924,-144.1436163163191,-707.557080652917,659.3713502418038,735.5066610517342,-176.2813304953044,346.93982988710485,436.3322231079105,-218.0700673852559,161.15211747421807,342.3747294712717,-280.11682377739527,-133.5904048835779,-237.72323975008842,-86.54780444040978,-625.8928663840493,15.370738813534903
-34.66602403925115,632.2312649931154,1494.1859250018376,-4118.1348804637655,2398.342509184446,3341.909689833635,-3587.4848399658476,9670.032813688447,-1934.4555896598213,2032.2890377590716,109.373497396338,-175.3195863354318,1529.7713584753465,-1666.8439492329635,353.2680845754471,345.8867156066952,1789.8463953943578,-4226.934314266362,1383.1910524979264,5542.294691128405,7739.560234320581,-3174.1396235397274,-4370.129330164543,-6625.796984440095,26.596367778416187,-92.23265918969102,-1116.4788053402217,2286.4804770809887,-3958.751054245055,1605.25786787851,4963.79167133561,6035.6496812609485,-369.9800360421586,-326.2639966001624,4817.135981532758,1621.4233978216068,-4443.8199948184665,702.2736503172612,-4199.787448066815,-3617.4362491783018,1261.5366232469287,6176.64855903706,-5755.00829404641,-6412.192143885793,1540.3286788599066,-3029.803272898193,-3809.85674159436,1904.447055888318,-1408.567323450999,-2986.9766208048472,2446.063633027069,1164.9022615529227,2072.3159015001374,754.6796605272655,5458.214247100412,-133.47223850350767
38.19318669096936,-688.4804735574901,-1627.636230803862,4488.214036330378,-2612.2692548126165,-3641.3857978016176,3908.660937954499,-10536.531273456749,2107.6189338427353,-2215.561246525008,-119.55782529618408,190.53840557190998,-1666.8439492329635,1817.0667809865552,-384.47547638576384,-376.43467564057147,-1949.6424288822107,4605.919820861328,-1505.6749748898121,-6038.3133064427275,-8433.045109801042,3457.784347210792,4761.419639798435,7219.879490828408,-28.96387960878115,100.56999165557055,1216.8932981559417,-2491.5509900607562,4313.884200688322,-1749.3590058025488,-5407.852365077514,-6575.307523150059,403.68008063976856,354.68633232380483,-5248.536776353583,-1766.0886711388914,4841.870218341735,-765.4453282176058,4576.4008029119495,3941.8687558663464,-1375.3337786756663,-6730.657099736284,6270.988259054862,6985.622091689353,-1678.7924196559086,3301.811474736412,4151.744530938005,-2075.4202063677685,1535.2610708860632,3254.527319436982,-2665.624960580187,-1269.1282819661017,-2257.5938448256875,-822.2087413716042,-5946.664232711586,145.3061349458997
-7.80202423629653,146.21114178707475,345.2666771948087,-950.4328563409426,554.3470210670058,771.7034852073084,-828.5577834104437,2233.0474365263467,-446.80387975135,468.6936188127974,25.044061445076863,-40.743928262057985,353.2680845754471,-384.47547638576384,81.82174543179782,80.0935274541824,413.60458056397874,-975.9795870759315,320.1691912156642,1280.1631828608486,1787.2653512169593,-733.3841604012132,-1009.3285011582856,-1529.8653694681495,6.128839356411989,-21.26870549490547,-257.63504284085894,527.8934515533546,-913.9538830999606,370.57024702483193,1146.621739316506,1394.377084353011,-85.16353489775673,-75.76413438278693,1112.5065982363612,374.7374838958303,-1026.2683684691428,162.046101440707,-969.6847704203125,-835.20638952612,290.91739173821657,1426.063479279831,-1328.8094467856295,-1481.3146251722962,355.48193754448687,-699.3966833167735,-879.5126401822434,439.61437097811466,-325.0267385238042,-689.8094921263919,564.6695394960271,269.08950164390575,478.7479427672045,174.3273052242228,1260.7617967932485,-30.890701326849975
-7.611864196381689,143.1513619801458,338.0696209261987,-930.5796349897117,542.772811769107,755.6249220328958,-811.3196386891966,2186.437131983987,-437.47975622916346,458.92048831861257,24.545665851355405,-39.88800539105004,345.8867156066952,-376.43467564057147,80.0935274541824,78.44321229637833,405.0071403689623,-955.6201845200682,313.4904852072543,1253.451001778996,1749.9701159837136,-718.0891467282208,-988.2583357361749,-1497.9379872083796,6.0402209450314475,-20.810680461158046,-252.2475641778442,516.8986016098354,-894.8951681555599,362.8138769714987,1122.722276889054,1365.2976012915617,-83.36628490047107,-74.18425870480942,1089.31645264747,366.9429975307252,-1004.837003706391,158.6627094246412,-949.4466799840128,-817.7738709186502,284.86403797520927,1396.2885058904174,-1301.0930242668687,-1450.4195198456916,348.0421425916429,-684.7824864498501,-861.186970018967,430.4408187442413,-318.2375875369312,-675.4305863618929,552.8656773707874,263.4655762749352,468.78495798037727,170.68313650488366,1234.4601478678087,-30.240725974735554
-40.25828488015021,739.9773442378681,1748.5163880682537,-4817.554959554319,2806.7370119926786,3910.094720606129,-4197.655722873699,11314.062542231342,-2263.457019316208,2377.037058433473,127.73508581568811,-205.44808785807697,1789.8463953943578,-1949.6424288822107,413.60458056397874,405.0071403689623,2094.5666438389017,-4945.4309942344535,1619.3265473675374,6484.97084111133,9055.420701595698,-3714.311855035316,-5113.3072263551485,-7752.031735503898,31.167487985314278,-107.85204938218097,-1306.0390795818917,2675.1053223807316,-4631.543039633377,1877.980083907692,5808.220584408166,7062.594088134958,-432.4987666968717,-382.27467241962114,5636.308964656685,1897.5340071848852,-5199.4162259201785,821.5056794646292,-4913.6189671131715,-4232.2631706222155,1475.5332659855928,7226.39122275757,-6733.259307588974,-7503.134429838519,1801.894978143233,-3544.558649535286,-4457.283887060516,2228.0142827194854,-1647.7161318371066,-3494.892781256721,2861.6607399718405,1363.0454188484023,2424.9397580094746,883.0478678256076,6386.62347518812,-156.24489541272544
95.88463154428545,-1746.8119256248865,-4128.502939433386,11379.198262554724,-6626.6343440333885,-9234.134965432644,9912.63442166674,-26719.475417180452,5345.088500978873,-5615.790257281172,-302.3373238937659,484.28981508403723,-4226.934314266362,4605.919820861328,-975.9795870759315,-955.6201845200682,-4945.4309942344535,11679.606640202946,-3821.5265629200444,-15313.87615142658,-21385.35180597561,8770.326213311617,12075.114247618618,18307.991960819596,-73.51952040427356,254.85868284979827,3085.0610927450934,-6317.889855857209,10938.641416300134,-4435.576924987672,-13715.391982666784,-16676.93021818475,1022.4345155617724,901.283185979752,-13310.295338869304,-4480.047213363464,12278.769013876337,-1940.5329577438438,11604.604629519976,9995.502377794128,-3486.007264500906,-17066.97297140853,15901.887025670978,17717.373602883654,-4256.2226157019595,8371.854691809423,10527.266756604118,-5262.308160555385,3892.1657955869255,8253.373542998635,-6758.863837396702,-3218.7141114776705,-5725.970008429515,-2085.246140028829,-15081.54639870788,368.7627592171534
-30.645759684045945,572.3259907587149,1351.7473456811174,-3721.747776393424,2170.176126631742,3021.6545603592604,-3244.225492362079,8743.435435370027,-1749.3904733126794,1835.58196284432,98.2417028979324,-159.35007138025517,1383.1910524979264,-1505.6749748898121,320.1691912156642,313.4904852072543,1619.3265473675374,-3821.5265629200444,1253.1147868748997,5012.253841635687,6998.007719046025,-2871.296283296241,-3951.889406956792,-5990.2904656639485,24.07582929875104,-83.27377185541198,-1008.8723765173226,2067.0596076102315,-3578.7460867236614,1451.004726534152,4489.389173033704,5459.287622135701,-333.6058366309358,-296.3710494175731,4355.974805026354,1467.1227619991241,-4018.258165798169,634.5686934500434,-3796.879396095129,-3270.3385229171877,1139.3871100963995,5583.883484924569,-5203.063172211586,-5799.702256768031,1391.9956076168746,-2738.6310251074783,-3443.9551766436502,1721.413376916515,-1272.7832236496477,-2700.943254986983,2211.0479981719536,1053.5386434005434,1874.439951927135,682.5368656531946,4936.287171137317,-120.89966278657923
-125.29740876020901,2290.8149220012865,5413.6818204529955,-14919.121343227325,8689.76198728296,12107.62300772122,-12997.57859174706,35034.15081031974,-7008.579011695898,7362.107377505458,396.0068655894375,-635.5105885543395,5542.294691128405,-6038.3133064427275,1280.1631828608486,1253.451001778996,6484.97084111133,-15313.87615142658,5012.253841635687,20079.94775476483,28040.16860935046,-11500.320450682924,-15833.016814049133,-24004.764877227677,96.40141713846226,-334.09626465225523,-4044.6987137270035,8283.705712970564,-14342.148751849416,5815.594905040185,17984.159457964583,21867.749079892284,-1340.0335507463349,-1182.5990354982587,17452.499880446234,5874.819464116892,-16099.886211419102,2544.1402637601986,-15215.475060919578,-13105.651199239954,4570.003028145932,22377.38131282079,-20849.988903983638,-23231.932790024544,5580.240345355837,-10976.517874089932,-13802.654096230366,6899.514293113281,-5102.842591886328,-10821.798809548516,8861.728924875271,4220.490345928137,7508.223372475256,2734.249755400555,19775.35415066801,-483.6522522866251
-175.3642410295917,3198.638977482517,7559.550235353373,-20834.88433627202,12133.93575800039,16907.771230921582,-18150.265888507784,48923.614674212564,-9786.998675664441,10281.955544845072,553.3722424379052,-886.9967954090798,7739.560234320581,-8433.045109801042,1787.2653512169593,1749.9701159837136,9055.420701595698,-21385.35180597561,6998.007719046025,28040.16860935046,39156.80303130651,-16058.946267154808,-22109.80887576264,-33521.920155010186,134.60969089406157,-466.61706101672917,-5648.588740637763,11568.004181183189,-20028.546455415657,8121.458733207575,25113.38351231698,30536.218523932894,-1871.8115015787807,-1650.6782732392448,24371.399526084377,8203.330777626756,-22482.62636317302,3553.007715976483,-21247.994960613174,-18301.719797745583,6382.518342069586,31249.514957348965,-29116.349805409285,-32441.268040852978,7792.966955590234,-15328.696262347523,-19275.259807278264,9635.16664872599,-7126.342167496233,-15112.058335940072,12375.359186200334,5893.576954283715,10484.507849763037,3818.163649047696,27614.78590599571,-675.277976782432
71.54642777092452,-1312.1753153652667,-3100.697011496991,8543.823264934526,-4977.213554133214,-6934.170070131114,7444.008409732387,-20064.46852816414,4013.9827263070592,-4215.7917641736485,-226.6117432527218,364.2056627821789,-3174.1396235397274,3457.784347210792,-733.3841604012132,-718.0891467282208,-3714.311855035316,8770.326213311617,-2871.296283296241,-11500.320450682924,-16058.946267154808,6586.755274648358,9067.902210799126,13747.627496090648,-55.22143668171301,191.3032588721261,2316.2621808653103,-4744.08805156501,8213.717581041248,-3330.528582387623,-10300.099186230393,-12524.498793308943,767.1806730352108,677.6899040395692,-9995.373610728151,-3364.886057850894,9220.662535286581,-1456.9391342877104,8713.939916664707,7505.615582108338,-2616.922022853609,-12815.520501642563,11940.889206194273,13305.76582532738,-3195.6485568813496,6286.11840125104,7904.696656448226,-3951.274652656306,2922.2239467043482,6197.820626604148,-5075.026100228195,-2417.2022065950437,-4300.2560502738315,-1565.9807545125864,-11325.893943705496,277.0540698462739
98.88686531945274,-1806.2394514046666,-4268.625502825069,11764.022411258908,-6851.724412952893,-9546.921494459433,10248.586324449963,-27624.610610425094,5526.2648285760715,-5805.296666126424,-312.32774871452926,501.00398784677606,-4370.129330164543,4761.419639798435,-1009.3285011582856,-988.2583357361749,-5113.3072263551485,12075.114247618618,-3951.889406956792,-15833.016814049133,-22109.80887576264,9067.902210799126,12484.354648038345,18927.954979990824,-76.00193127909954,263.4539236312799,3189.343410074468,-6531.780652138538,11308.936357779678,-4585.683584113033,-14180.447026790935,-17242.589283514382,1056.7387986303447,932.3195407570228,-13761.329387531236,-4632.190851773439,12694.815355908357,-2006.118036857433,11997.538709699666,10333.930267361982,-3603.6206078650634,-17644.79345017308,16440.380353750657,18318.260880700986,-4400.141285997733,8655.146701316515,10883.559240830517,-5440.368774934976,4023.7177668772756,8533.018300010088,-6987.598753030123,-3327.849022332749,-5920.183389005639,-2155.9499185839013,-15592.835368660451,381.33693710386603
150.31725829933396,-2738.155487339221,-6471.492663323696,17837.11944344657,-10387.35446237905,-14474.663398907625,15538.212492681849,-41883.25605721585,8378.518833554957,-8802.863849977026,-473.9158346401959,759.1283216749135,-6625.796984440095,7219.879490828408,-1529.8653694681495,-1497.9379872083796,-7752.031735503898,18307.991960819596,-5990.2904656639485,-24004.764877227677,-33521.920155010186,13747.627496090648,18927.954979990824,28698.10965412688,-115.23052010737673,399.50132925130697,4835.897012245792,-9903.398407861487,17146.51725284931,-6952.857183007742,-21499.10298056269,-26141.362373435135,1602.6984131050067,1412.7657746314096,-20864.114298244105,-7022.538962221839,19247.192633402792,-3041.8235621521712,18190.42910033754,15668.134824449402,-5464.384115939824,-26752.79621604035,24926.49075121454,27772.277774579026,-6671.718543381656,13123.047843883469,16501.676759031147,-8248.765285640335,6101.046225888694,12937.304965793208,-10594.652100153067,-5045.391310763144,-8975.544580168544,-3268.6629593090047,-23640.5814616338,578.0429161519996
-0.5735635176887479,10.991609774328179,25.999038972097047,-71.59425548071891,41.71629792364363,58.14694533011511,-62.44888033395666,168.17046361519695,-33.645731046608624,35.33895344854451,1.9204189001424927,-3.0495725151034008,26.596367778416187,-28.96387960878115,6.128839356411989,6.0402209450314475,31.167487985314278,-73.51952040427356,24.07582929875104,96.40141713846226,134.60969089406157,-55.22143668171301,-76.00193127909954,-115.23052010737673,0.5004686577695032,-1.5899488857429924,-19.403074134427992,39.78296851748344,-68.86015651755544,27.893762762228246,86.36659663273662,105.00285245323336,-6.409427948336945,-5.68458574858196,83.8080562957128,28.233000371097894,-77.27493341840507,12.209188898348744,-73.03713223682406,-62.90974118583074,21.94961497358341,107.4031234416853,-100.10074787524415,-111.5507799708031,26.76453620160503,-52.67300975098284,-66.28299188480618,33.11831129745003,-24.484928547951014,-51.96746859068801,42.51917257642144,20.25279303275662,36.072200710046545,13.1219798696665,94.94469868385815,-2.3182393862232438
2.1330604427096507,-38.08728744393975,-90.0466151385435,248.37641661079505,-144.51874203593061,-201.47810406074538,216.25106512771856,-583.0116959506291,116.61444096134849,-122.61918926238174,-6.6175593447025385,10.532063063304593,-92.23265918969102,100.56999165557055,-21.26870549490547,-20.810680461158046,-107.85204938218097,254.85868284979827,-83.27377185541198,-334.09626465225523,-466.61706101672917,191.3032588721261,263.4539236312799,399.50132925130697,-1.5899488857429924,5.571119381387225,67.34632218472704,-137.86053503559347,238.70253247402445,-96.80975511056013,-299.2003559421202,-363.78938457592875,22.356889994176505,19.60416883472217,-290.39832804161676,-97.69759323776293,267.9119865428006,-42.36047358467393,253.23005369543392,218.12065291606734,-76.11422859014871,-372.4402431827517,346.99037913308484,386.4943576335286,-92.90936638390876,182.7160722972464,229.7289624954736,-114.84544111638644,84.9632720953185,180.07242544574862,-147.51090839975703,-70.22199378193218,-124.8979292263708,-45.49435969300612,-329.02241638218294,8.038628160229276
25.4825303094197,-461.2511733328241,-1090.3199707488493,3006.019373266159,-1749.9719185477186,-2439.0501889634274,2618.1470657122804,-7057.528739613216,1411.7573731940056,-1483.7378969347465,-79.98930085454892,127.7429286997173,-1116.4788053402217,1216.8932981559417,-257.63504284085894,-252.2475641778442,-1306.0390795818917,3085.0610927450934,-1008.8723765173226,-4044.6987137270035,-5648.588740637763,2316.2621808653103,3189.343410074468,4835.897012245792,-19.403074134427992,67.34632218472704,815.0054337763235,-1668.8334874912875,2889.4083566989925,-1171.6858895623163,-3622.4344660031484,-4404.520976120791,270.2608933239029,237.7684883577073,-3515.607582829037,-1183.1014863585476,3243.193144538777,-512.6488717396724,3065.2746764142157,2640.255045909583,-921.0386018644783,-4508.167587633638,4200.33249475363,4679.348447234228,-1124.3760906865914,2211.4801880938917,2780.78138256232,-1390.0709537273187,1028.227513119553,2179.955615871015,-1785.386299881984,-850.1191520954945,-1512.2689894728476,-550.7507372513223,-3983.318969957643,97.35855205085088
-51.88488088234765,944.8699210428186,2233.205569749477,-6155.440297859016,3584.4742699492285,4995.045639770017,-5362.044782844241,14453.40546192643,-2891.3126918013727,3037.863838271617,163.589159344098,-261.9222755716169,2286.4804770809887,-2491.5509900607562,527.8934515533546,516.8986016098354,2675.1053223807316,-6317.889855857209,2067.0596076102315,8283.705712970564,11568.004181183189,-4744.08805156501,-6531.780652138538,-9903.398407861487,39.78296851748344,-137.86053503559347,-1668.8334874912875,3417.578403450142,-5917.092394635319,2399.354889521273,7419.034002288437,9020.986583127209,-553.1050979760286,-487.4642847118442,7199.944215468154,2423.348808784982,-6641.951971380536,1049.7167608352108,-6277.319750469092,-5406.898396872187,1885.7595565699626,9232.104312931515,-8601.862401250728,-9583.793827230837,2302.3506787866345,-4528.624520901746,-5694.581679454392,2846.5786746749895,-2105.4390938416536,-4464.502090202636,3656.1028684794705,1741.0907557518872,3097.336494224767,1127.958105566761,8158.03132889098,-199.45992450789217
89.89111284455448,-1635.8929777745604,-3866.47237432136,10657.477237120665,-6205.984964572167,-8648.282257758112,9283.674754012585,-25024.24611095438,5005.928116741517,-5259.753496680467,-283.24466391246426,453.4542530402248,-3958.751054245055,4313.884200688322,-913.9538830999606,-894.8951681555599,-4631.543039633377,10938.641416300134,-3578.7460867236614,-14342.148751849416,-20028.546455415657,8213.717581041248,11308.936357779678,17146.51725284931,-68.86015651755544,238.70253247402445,2889.4083566989925,-5917.092394635319,10244.729269888909,-4154.21330105673,-12845.060353551698,-15618.599405514993,957.6831053467332,843.9207596298553,-12465.771464788302,-4195.678549383257,11499.704056935683,-1817.468338262951,10868.40926296481,9361.399722448015,-3265.0086948616754,-15984.269400200259,14893.054478036245,16593.039434954357,-3986.2792778359003,7840.814643038099,9859.478620928632,-4928.509855083867,3645.328353028726,7729.718374708146,-6330.12628330082,-3014.4638718982415,-5362.596730020666,-1952.9269057231268,-14124.552572609233,345.3383110421611
-36.51231871810811,663.3090677365587,1567.7814573481517,-4321.672283202979,2516.3933484825066,3506.8147403404805,-3764.4105412839554,10147.200444411681,-2029.8575607193275,2132.9199395301107,114.87884130624698,-183.824706809625,1605.25786787851,-1749.3590058025488,370.57024702483193,362.8138769714987,1877.980083907692,-4435.576924987672,1451.004726534152,5815.594905040185,8121.458733207575,-3330.528582387623,-4585.683584113033,-6952.857183007742,27.893762762228246,-96.80975511056013,-1171.6858895623163,2399.354889521273,-4154.21330105673,1684.5535890530566,5208.503124363877,6333.117929619611,-388.40689276732235,-342.11820782080946,5054.756435770862,1701.239088414418,-4663.060265444146,737.0006176401529,-4407.1114273852045,-3796.0267052073914,1324.0104101512902,6481.600464710354,-6039.072621264764,-6728.251554487844,1616.4748930744186,-3179.472341602488,-3997.9969753753285,1998.517750508039,-1478.2165485239268,-3134.334765716438,2566.884201815392,1222.3382395371475,2174.440774340466,791.8938639068691,5727.353541838911,-140.02254746148975
-112.11740717037281,2051.7809245452895,4848.704685027729,-13361.652940312086,7782.935777970384,10843.857726137177,-11641.004396075585,31377.325737108815,-6277.069550771212,6593.41973645096,354.6053169019606,-569.2767072711032,4963.79167133561,-5407.852365077514,1146.621739316506,1122.722276889054,5808.220584408166,-13715.391982666784,4489.389173033704,17984.159457964583,25113.38351231698,-10300.099186230393,-14180.447026790935,-21499.10298056269,86.36659663273662,-299.2003559421202,-3622.4344660031484,7419.034002288437,-12845.060353551698,5208.503124363877,16107.168372351263,19585.479582307544,-1200.0361726966244,-1059.33159659921,15630.900479970072,5261.763324143641,-14419.424426838928,2278.5337988537785,-13627.243225885823,-11737.64228214046,4092.8464006101335,20041.5376318264,-18673.642037660862,-20807.26583025384,4997.678627227633,-9830.689285734941,-12361.86563633927,6179.283936240794,-4570.108483082724,-9692.267858656103,7936.663934420217,3779.987350078418,6724.627517643646,2448.8715480756355,17711.369337971642,-433.1936268764829
-136.1945885284549,2494.970191045577,5895.848797027611,-16246.530459488884,9463.869453255029,13185.39443427924,-14154.757639230045,38152.75802939525,-7632.560900017075,8016.769324630608,431.03840747698854,-692.3694182593812,6035.6496812609485,-6575.307523150059,1394.377084353011,1365.2976012915617,7062.594088134958,-16676.93021818475,5459.287622135701,21867.749079892284,30536.218523932894,-12524.498793308943,-17242.589283514382,-26141.362373435135,105.00285245323336,-363.78938457592875,-4404.520976120791,9020.986583127209,-15618.599405514993,6333.117929619611,19585.479582307544,23815.034054843985,-1458.9897800903746,-1288.3497105715246,19006.208862182128,6398.149502554565,-17533.11964286029,2770.4661894525498,-16569.731385423354,-14272.097266359113,4976.36685366749,24369.00963796564,-22705.80808112639,-25300.633207800638,6076.706743330615,-11953.295155866394,-15031.02800145736,7513.493598046618,-5556.795886080746,-11785.179515940677,9650.338284597425,4596.273135207665,8176.8303472886055,2977.69654561466,21536.06365717235,-526.7779548279985
8.656351341734782,-152.65598041502457,-361.0940591684487,996.6585739984074,-579.4299752645442,-808.2530229518364,867.4419230072768,-2338.7274893777376,467.74207346339847,-492.24919290951794,-26.687605770599873,42.09294339172525,-369.9800360421586,403.68008063976856,-85.16353489775673,-83.36628490047107,-432.4987666968717,1022.4345155617724,-333.6058366309358,-1340.0335507463349,-1871.8115015787807,767.1806730352108,1056.7387986303447,1602.6984131050067,-6.409427948336945,22.356889994176505,270.2608933239029,-553.1050979760286,957.6831053467332,-388.40689276732235,-1200.0361726966244,-1458.9897800903746,89.83268066706383,78.39427162792609,-1164.8718640428497,-391.7401590716514,1074.6617942699713,-170.00142458905705,1015.9103221255299,875.0659889473044,-305.5759922994773,-1494.1852488379109,1392.0447469701176,1550.0766823942902,-372.8164589349795,733.0950492992273,921.7292169384962,-460.79974065138697,340.97094628704104,722.3364963034901,-591.8309381526885,-281.6396820624176,-500.92491270713975,-182.46094683414077,-1319.6751611393947,32.20188104085843
7.004126427665363,-135.21650670666102,-319.0811598154206,877.2952568500532,-512.423060504535,-712.7231479917083,765.3875792237493,-2062.3646868181686,412.73444450483333,-432.33552492580486,-22.962098158893546,37.85388580910997,-326.2639966001624,354.68633232380483,-75.76413438278693,-74.18425870480942,-382.27467241962114,901.283185979752,-296.3710494175731,-1182.5990354982587,-1650.6782732392448,677.6899040395692,932.3195407570228,1412.7657746314096,-5.68458574858196,19.60416883472217,237.7684883577073,-487.4642847118442,843.9207596298553,-342.11820782080946,-1059.33159659921,-1288.3497105715246,78.39427162792609,70.34756869602728,-1027.601503236994,-346.39758789471176,947.8904213658816,-149.54721860156025,895.4375823271226,771.2403118859096,-268.343685748359,-1316.8108011215227,1227.1164014091646,1368.6292554687855,-328.10173065072377,645.7003462864981,812.0732274773545,-405.86423643459295,299.95907893595734,637.1426811639284,-521.3301449373067,-248.5890930429641,-442.35733156634006,-161.04771361189046,-1164.6984742036987,28.586792160086567
-109.02549987607718,1990.9476591562384,4705.2190531300075,-12967.45152344513,7552.471074706157,10523.490621793215,-11296.922137372136,30450.29411444139,-6091.522024065964,6399.241371568031,344.3348479616291,-552.1956598520333,4817.135981532758,-5248.536776353583,1112.5065982363612,1089.31645264747,5636.308964656685,-13310.295338869304,4355.974805026354,17452.499880446234,24371.399526084377,-9995.373610728151,-13761.329387531236,-20864.114298244105,83.8080562957128,-290.39832804161676,-3515.607582829037,7199.944215468154,-12465.771464788302,5054.756435770862,15630.900479970072,19006.208862182128,-1164.8718640428497,-1027.601503236994,15168.959818582467,5105.972530440257,-13993.32865647825,2211.34518302688,-13224.782544392998,-11391.007736329717,3972.3263737802276,19449.704525587593,-18122.09248994656,-20191.913391472346,4850.256295747067,-9540.515914679296,-11996.904846108233,5996.891509308908,-4435.341677465293,-9405.857694912065,7702.3770563974285,3668.226264901967,6525.731916239978,2376.4673977115376,17187.751407565753,-420.32689497792734
-36.43205009129189,670.3923426127328,1584.03174137599,-4364.120548730646,2542.7375131703425,3542.1579261940133,-3802.701563132584,10249.426436071775,-2050.4893104677826,2153.2207653823198,115.66447495740026,-186.17528848557112,1621.4233978216068,-1766.0886711388914,374.7374838958303,366.9429975307252,1897.5340071848852,-4480.047213363464,1467.1227619991241,5874.819464116892,8203.330777626756,-3364.886057850894,-4632.190851773439,-7022.538962221839,28.233000371097894,-97.69759323776293,-1183.1014863585476,2423.348808784982,-4195.678549383257,1701.239088414418,5261.763324143641,6398.149502554565,-391.7401590716514,-346.39758789471176,5105.972530440257,1719.0582184797981,-4710.182246727785,744.1736545998202,-4451.222953006021,-3833.989868461222,1336.6017534257924,6546.337921782096,-6099.635622448524,-6797.236475087104,1632.294403500038,-3210.9778344525225,-4037.803177491381,2018.3210827615433,-1492.6068364428963,-3166.046509953475,2592.3458744190975,1234.8001926585475,2196.7991483948354,799.9743521924601,5785.72903749882,-141.56097770375663
100.6368332346762,-1836.6235463746252,-4340.52212310454,11962.592062289134,-6967.079911373389,-9707.904672343018,10421.34198975844,-28090.426939193723,5619.417814086178,-5903.400878658776,-317.6611814024785,509.36253220265405,-4443.8199948184665,4841.870218341735,-1026.2683684691428,-1004.837003706391,-5199.4162259201785,12278.769013876337,-4018.258165798169,-16099.886211419102,-22482.62636317302,9220.662535286581,12694.815355908357,19247.192633402792,-77.27493341840507,267.9119865428006,3243.193144538777,-6641.951971380536,11499.704056935683,-4663.060265444146,-14419.424426838928,-17533.11964286029,1074.6617942699713,947.8904213658816,-13993.32865647825,-4710.182246727785,12908.855253139423,-2039.9907973314052,12199.898009610295,10508.238554326763,-3664.523065481576,-17942.427495354917,16717.655567178546,18626.935977713285,-4474.422597439934,8801.192374001657,11067.169658745692,-5532.165070265182,4091.655120691753,8676.884358030537,-7105.499026844098,-3383.936134361559,-6019.930468621337,-2192.288445386034,-15855.647409199106,387.74499012720355
