V1,V2,V3,V4,V5,V6,V7,V8,V9,V10,V11,V12,V13,V14,V15,V16,V17,V18,V19,V20,V21,V22,V23,V24,V25,V26,V27,V28,V29,V30,V31,V32,V33,V34,V35,V36,V37,V38,V39,V40,V41,V42,V43,V44,V45,V46,V47,V48,V49,V50,V51,V52,V53,V54,V55,V56
83.44084112351335,5.1618901029864395,-20.270560179248356,36.66384826479102,-245.7614468241841,184.12249560483522,88.80409064182774,60.453741910534106,33.60229052361144,-15.665288768190297,93.68209662327374,-49.38171728220621,-78.63718325224855,-97.52978369241005,-3.4401141588569115,-106.50416688822965,-133.85364351302238,37.73430890642784,39.82189762702345,-4.82964022700143,285.74221843398135,53.15437809236935,22.577785821555313,146.61593225128655,-70.46310485557852,14.986270276116056,-39.17781542719457,168.70965679368388,55.205199552418286,-103.18378170532688,-124.26884282807023,9.669656240141954,156.1776694114241,-198.00898134816353,3.9022468555918084,147.30619810317268,40.44941107813739,65.65924810286965,33.025980766998494,-36.47435760791956,162.7658225753921,-25.939833384682434,3.085474315269376,-97.14239370197856,-43.74813240800478,63.848606736443095,-41.96266697412433,75.8857331133206,7.634739865437134,71.09915585556273,57.012125868995646,25.463620731827113,36.05527732261246,-11.678823349835097,-151.52565193512044,32.62690493420747
5.1618901029864395,0.591257282430153,-1.639462607406082,2.1667578336705473,-14.777939705869153,11.769134381833068,6.052311868669472,3.7796905227588486,1.8326699183414563,-0.8965623049362721,5.482238315267376,-2.5102298364166464,-4.711233928368724,-6.298599750584819,-0.5362820520861409,-6.532211190532095,-7.351097339387611,2.546489089919527,2.7879215881839152,-0.12529257722810444,17.693307092188817,3.344040871567129,1.5385499655216792,9.566062230562272,-4.075531669819473,1.3199163806820942,-2.180463392501657,10.528615327304962,3.220815048008169,-6.075164780134206,-7.980889894652008,0.846241024669478,8.791326190047771,-10.98809975920749,0.5102332327533653,9.015208644884734,3.1725556778536053,4.163655779661829,2.061539977830179,-2.4829278132979358,10.069657253908039,-1.7846889328704554,0.01705848431786152,-6.471898018058961,-3.072871933739368,4.5199771219991085,-1.9634748166612614,4.775772898382482,-0.04137801630821896,3.949352269719547,3.75686242656598,1.9696153424569784,2.290727798078235,-1.1129221075467002,-8.902302426205924,2.0834128044912728
-20.270560179248356,-1.639462607406082,5.474102954709439,-8.761958140485437,59.09711788529855,-45.267691630647285,-22.367603057875534,-14.741778748857831,-7.812749796896361,3.7049259820232447,-22.314466299349185,11.22231860473415,18.885260193274586,24.068435773911265,1.2973617379608189,25.792453590349123,31.194564475601858,-9.468756956992493,-10.1327169448726,0.9273086641897653,-69.43746259826402,-12.991927254182384,-5.688960807378298,-36.32077406187197,16.71137406119186,-4.197815004431229,9.171997437481163,-41.11252759183652,-13.133584458802083,24.62532364820219,30.602313540394636,-2.7005030530070466,-36.70039754666288,46.308541666550425,-1.330655558571338,-35.64701252193005,-10.780019245901082,-16.095024737779998,-8.048110623833221,9.180106040079782,-39.53952990760351,6.556526430595344,-0.5017292233959608,24.25590692033801,11.150143786981339,-16.322001863055583,9.293617311291515,-18.549091914139392,-1.1227755086555276,-16.63374532741229,-14.17509279150722,-6.74616359833835,-8.843816545247973,3.39138917920744,36.139652167257495,-8.017582323870986
36.66384826479102,2.1667578336705473,-8.761958140485437,16.148315142337378,-108.14721679736623,80.76160699029818,38.8113382378633,26.54881544425061,14.857178682931028,-6.909710213263991,41.28067451532535,-21.90210862830766,-34.61073085963032,-42.755863196020606,-1.3898918914311993,-46.8192127670661,-59.1636993864099,16.500912288910445,17.377192518290176,-2.186870304402162,125.5496012916116,23.33515455814086,9.866683606826054,64.23795434807785,-31.06881141462617,6.438332306937685,-17.305677207147752,74.09769596660311,24.33034752667516,-45.4554781381908,-54.49513952605355,4.156349773102844,68.95128770063889,-87.47777135257559,1.6138715375035804,64.76282015535125,17.52231874083273,28.812742978355637,14.505153706231138,-15.943014911780462,71.51975771530101,-11.330938000898433,1.4211449984380584,-42.511326224307986,-19.085243704803315,27.84133044247787,-18.67560524995477,33.31428536958829,3.547617138243081,31.409081662050642,24.965715666319305,11.041190277932388,15.820401000903038,-4.985727921482801,-66.7570502536542,14.312238708050526
-245.7614468241841,-14.777939705869153,59.09711788529855,-108.14721679736623,724.5199800234791,-541.7089982501366,-260.68176873677896,-177.99527704437284,-99.35641494013285,46.25010221999456,-276.4153523155096,146.30024424032587,231.85331534984743,286.8441542252637,9.622700615975692,313.780222166355,395.70404725198085,-110.80729300366588,-116.78263993696727,14.496232802857522,-841.583716072695,-156.47097177994243,-66.27421239656569,-431.058422915185,207.9858905981595,-43.52498897996358,115.7734127140011,-496.7661182194534,-162.90423323866455,304.39795564155617,365.55767182917697,-28.092998976486584,-461.3645024685559,585.1826565856143,-11.070912727813326,-434.0187423459799,-118.08487732781325,-193.22926639830203,-97.24487509147164,107.07676022987606,-479.4028226826603,76.12016611715075,-9.36083092949023,285.3928923053433,128.27683670706446,-187.16127091820786,124.58799697695162,-223.38337803807758,-23.294411618099954,-210.1158372482726,-167.56122729549094,-74.38097114870101,-106.10147369892272,33.78699867585359,447.0343811213684,-95.99649343695044
184.12249560483522,11.769134381833068,-45.267691630647285,80.76160699029818,-541.7089982501366,406.81717030897164,196.73630369288023,133.4537922451908,73.80408688754714,-34.46673727531122,206.284650082301,-108.20734493116977,-173.30820316573573,-215.58071767242802,-8.042666444030386,-234.93568640907716,-294.06773388895937,83.5613893274105,88.32347444709931,-10.415397329241552,630.5475398598741,117.36959980209848,50.01935298978842,324.21743734154035,-155.088865224924,33.6165764688302,-86.11162744717447,372.40547681529176,121.54558290354422,-227.2568083386075,-274.62235241845275,21.683032446902455,343.4104058188444,-435.1712891331226,8.985754058391201,324.9129188494186,90.19155253314712,145.0269060250368,72.9011475487404,-80.80008362426462,359.1630621289015,-57.49005426693658,6.565618917040154,-215.00160693204003,-97.04725082155278,141.6853964293504,-91.71329702125306,167.56402542266918,16.129926370948258,156.2627499344386,126.12425707352003,56.73857202555135,79.64418938008001,-26.315264866111026,-333.7020915162899,72.08570510319795
88.80409064182774,6.052311868669472,-22.367603057875534,38.8113382378633,-260.68176873677896,196.73630369288023,95.66142713381915,64.42072181553579,35.25529167067056,-16.523918107967027,99.05991705759693,-51.435411845699804,-83.37527255755175,-104.34311549672445,-4.327643703390874,-113.23341799000872,-140.5440191785141,40.59639204959439,43.04730916450774,-4.783440636400926,304.14097066020196,56.685883259295025,24.32238245944906,157.05945420010286,-74.40666093682643,16.757097338345893,-41.19587593688427,179.7403706656223,58.352928705888154,-109.17992721921685,-132.85758075916448,10.801117000060842,164.42364617978757,-208.13979639403166,4.70624494823756,156.5732660067,44.428603913188674,70.08848160592532,35.1858433967546,-39.283015465130504,173.2278815318771,-27.976726467808337,2.9254155484915114,-104.33771881788151,-47.3149493565944,69.1262785012637,-43.35788274207312,80.92959881142288,7.067473929425456,74.7452265547588,61.148434191543274,27.91157729259746,38.496269723145296,-13.232677301234004,-160.2944606458801,34.85730909736045
60.453741910534106,3.7796905227588486,-14.741778748857831,26.54881544425061,-177.99527704437284,133.4537922451908,64.42072181553579,43.80546380495288,24.30955167253906,-11.338328885630553,67.82772328311157,-35.69832240628034,-56.951086229840286,-70.70038944750053,-2.5388832812142295,-77.1553808594389,-96.84364300746051,27.369673950519818,28.89928564075439,-3.4736904841237344,207.02619196613693,38.519146478687624,16.3777580576444,106.29758884227476,-51.01098965466253,10.915231388192446,-28.34934282351048,122.24609736785615,39.96885884267688,-74.71390171955441,-90.07776700689446,7.0422356957048065,113.02667795583011,-143.2764211727885,2.866136385035311,106.71053939874011,29.40325950664559,47.585711288566465,23.930685805863664,-26.459773158350664,117.92635811084915,-18.82012070983803,2.210351618009982,-70.44811813963724,-31.748903280830273,46.34177084235014,-30.31083425210982,54.992279607233925,5.4572301940588295,51.44685120459258,41.33985465870019,18.50615077294238,26.131439415900843,-8.518505062957571,-109.71348631185103,23.64829168590984
33.60229052361144,1.8326699183414563,-7.812749796896361,14.857178682931028,-99.35641494013285,73.80408688754714,35.25529167067056,24.30955167253906,13.755650617982129,-6.3741063254522405,38.010265934850146,-20.38028992524744,-31.807820298686032,-39.03605933875107,-1.0914821337721818,-42.94135839966973,-54.747650616748345,15.00327889798176,15.74338195194908,-2.1022044994430575,115.05677807847805,21.354666208163383,8.962524724931827,58.59357695438428,-28.634742504762325,5.679004898675818,-15.997621315093221,67.85887677262076,22.408382719987053,-41.833918634707764,-49.779282673211796,3.669037568188204,63.684791463726896,-80.88532420671042,1.3276859584668934,59.41054882712946,15.681155682584931,26.34961938224801,13.283737704537375,-14.484242593164735,65.54681124558329,-10.283414266846902,1.4009336379949036,-38.70020923716468,-17.284669893587647,25.19435813679411,-17.47286002853241,30.486655163089342,3.5413597042644347,29.039504527780156,22.751500141458937,9.896600075535565,14.46531899437988,-4.3487329074592935,-61.44881480328414,13.080355932076795
-15.665288768190297,-0.8965623049362721,3.7049259820232447,-6.909710213263991,46.25010221999456,-34.46673727531122,-16.523918107967027,-11.338328885630553,-6.3741063254522405,2.9643526762599537,-17.672328253397364,9.41504825194138,14.805981436722966,18.238276796575786,0.562413327341512,20.00900696271909,25.374588821804238,-7.0280547745425705,-7.388238921099326,0.9536924757178388,-53.639729420456334,-9.962657081901416,-4.203015570533362,-27.390359016605707,13.301435088867462,-2.7076334015866963,7.41940849872807,-31.64720014756787,-10.414631966863135,19.45085843827209,23.249038482785597,-1.7473058820074578,-29.549109749806007,37.50979175055951,-0.6625923689187948,-27.68340740730145,-7.417363108252459,-12.300250653785895,-6.194827892141046,6.785674451705458,-30.553457416161436,4.821750607084495,-0.6258646781909297,18.113033772079174,8.117034529699103,-11.834804104546828,8.044174122443566,-14.223817314400902,-1.568389112355465,-13.466669227127797,-10.641158877401796,-4.675060672634581,-6.752036707497663,2.0868230663600937,28.572636968015424,-6.106816136613104
93.68209662327374,5.482238315267376,-22.314466299349185,41.28067451532535,-276.4153523155096,206.284650082301,99.05991705759693,67.82772328311157,38.010265934850146,-17.672328253397364,105.54134143384763,-56.070083154346364,-88.46631111234792,-109.19460590074307,-3.4899822892831036,-119.64095591847793,-151.35315012140188,42.12121987574772,44.335657949964606,-5.622460588368136,320.7943319545964,59.61362077660626,25.18553886674685,164.03885929428571,-79.43812774566794,16.372761297628156,-44.26643286022136,189.31079930501025,62.204737229106236,-116.20312033711038,-139.1829746615597,10.570216150677528,176.34900432014783,-223.76581035847326,4.071737107882905,165.49913026364052,44.64197383491995,73.60097731992185,37.05829780634325,-40.69008672940577,182.74178709539873,-28.916293322239213,3.664769359585845,-108.53206277509754,-48.695367495901436,71.02783234130108,-47.84153117125294,85.10594583583695,9.16367318114071,80.34287081692653,63.74466935193439,28.13435542263335,40.41102774033585,-12.661861763230105,-170.6668373065074,36.55630783179401
-49.38171728220621,-2.5102298364166464,11.22231860473415,-21.90210862830766,146.30024424032587,-108.20734493116977,-51.435411845699804,-35.69832240628034,-20.38028992524744,9.41504825194138,-56.070083154346364,30.31720329319692,46.84682383459117,57.18910603519124,1.386098723413895,63.14460551364878,81.0819833643381,-21.90618389679457,-22.918215613220564,3.2058056036891274,-169.075522781922,-31.345973671159705,-13.075955420525407,-85.77638215600587,42.2720141745014,-8.082068491390302,23.67374733321905,-99.66319871758263,-33.06195780199625,61.68598974732552,72.95850889973738,-5.225886899774714,-94.17599384250856,119.71567591062008,-1.76997820766321,-87.3740154727367,-22.59403247616856,-38.65447433698514,-19.50911822972538,21.133572656571776,-96.32802030599018,14.99129966436739,-2.175142076647359,56.563455175746086,25.15508567516647,-36.642869358942484,26.103514328121232,-44.74848559519255,-5.549663609465017,-42.97841886882382,-33.280814547997984,-14.279120515087573,-21.217821394170237,6.129135837303997,90.62157178265063,-19.179374922558925
-78.63718325224855,-4.711233928368724,18.885260193274586,-34.61073085963032,231.85331534984743,-173.30820316573573,-83.37527255755175,-56.951086229840286,-31.807820298686032,14.805981436722966,-88.46631111234792,46.84682383459117,74.1985457259584,91.76475737968411,3.05943752722259,100.40430755162345,126.67383591465457,-35.4416638804565,-37.3460209898436,4.6501144418249325,-269.2833039085053,-50.06149882360381,-21.19733190408295,-137.89294128034882,66.56758977935326,-13.900661233736693,37.05967720753986,-158.94568771721,-52.13713025268605,97.41842730695555,116.94852856994557,-8.971579968544335,-147.67959740182346,187.325569982409,-3.526016322932279,-138.88264248635244,-37.741587243623364,-61.822240933713374,-31.11467137393282,34.24673924372456,-153.3935650871774,24.34491019932304,-3.007214337047273,91.28695147109975,41.02182101024467,-59.84880498779171,39.90472648517466,-71.47099329130275,-7.486393700014435,-67.25992309295135,-53.600084829350536,-23.77396157325662,-33.94527526025329,10.784235601553602,143.06985332850007,-30.71144130305945
-97.52978369241005,-6.298599750584819,24.068435773911265,-42.755863196020606,286.8441542252637,-215.58071767242802,-104.34311549672445,-70.70038944750053,-39.03605933875107,18.238276796575786,-109.19460590074307,57.18910603519124,91.76475737968411,114.25660697251264,4.335453249099827,124.43273314960553,155.54945438872994,-44.31248113977824,-46.86258482989605,5.475719357162212,-334.0061466381548,-62.18446919836695,-26.527693685349856,-171.85670344076988,82.0852313352522,-17.90012178875571,45.55610023009962,-197.28629273273026,-64.33754303949823,120.30687949037203,145.53853656062756,-11.54491684007181,-181.7008430075123,230.21303572187242,-4.822697647461513,-172.08291498731842,-47.9321320860709,-76.84485096047553,-38.62055999945008,42.85440691796941,-190.2506909916913,30.495303853385384,-3.436830725701615,113.99619126288609,51.491896264909336,-75.18545977454427,48.43219001950613,-88.77868168601034,-8.423574807887265,-82.66679616552925,-66.86310690433108,-30.147811806691514,-42.20225336664456,14.032095242110527,176.65111758337574,-38.19976290629305
-3.4401141588569115,-0.5362820520861409,1.2973617379608189,-1.3898918914311993,9.622700615975692,-8.042666444030386,-4.327643703390874,-2.5388832812142295,-1.0914821337721818,0.562413327341512,-3.4899822892831036,1.386098723413895,3.05943752722259,4.335453249099827,0.5298215824801469,4.322725390543569,4.407894427105113,-1.8090068587602162,-2.026326400090954,-0.0070629737352938034,-11.798125807506542,-2.257167381399233,-1.1024444541511937,-6.633527198727492,2.563465151511639,-1.085002937132825,1.3250610511742584,-7.062039360901193,-2.0427922940684833,3.8830781897893107,5.469415331419327,-0.6929636667948962,-5.397437615024569,6.6580195433308775,-0.4823864728071413,-5.957524467530325,-2.4681376168046008,-2.8281689586926864,-1.3825021347911575,1.7713406926965913,-6.707972848142648,1.2832885780075998,0.08054865658119394,4.555613199911222,2.2421127877963136,-3.312630234611326,0.9739200400395713,-3.2239079297488247,0.29971995118921824,-2.3951698609998266,-2.622952801711545,-1.519699329681717,-1.5573991111372816,0.9459725146587008,5.684084165870299,-1.421532175749856
-106.50416688822965,-6.532211190532095,25.792453590349123,-46.8192127670661,313.780222166355,-234.93568640907716,-113.23341799000872,-77.1553808594389,-42.94135839966973,20.00900696271909,-119.64095591847793,63.14460551364878,100.40430755162345,124.43273314960553,4.322725390543569,135.9544301311519,171.0456364218197,-48.11993668000043,-50.761979270486634,6.200408506251923,-364.7195427418337,-67.83530367465802,-28.788026775833927,-187.03895184115547,89.99952026238974,-19.047236679397287,50.05746907663126,-215.32338647170806,-70.50508008808484,131.76945566376128,158.55738514794277,-12.291407598842335,-199.5281824784419,253.0022036979849,-4.9244165217631055,-188.04191427034547,-51.48968270820699,-83.78644736464432,-42.15093083795139,46.50961549829603,-207.75611611522504,33.07241888122804,-3.9745069422617068,123.89705566378208,55.76348026763882,-81.37791800975066,53.693729259416486,-96.8444443024513,-9.852603131351097,-90.84500605980968,-72.72312593550572,-32.41993076531954,-46.00888967266383,14.826168277103363,193.5062235037228,-41.6320040453128
-133.85364351302238,-7.351097339387611,31.194564475601858,-59.1636993864099,395.70404725198085,-294.06773388895937,-140.5440191785141,-96.84364300746051,-54.747650616748345,25.374588821804238,-151.35315012140188,81.0819833643381,126.67383591465457,155.54945438872994,4.407894427105113,171.0456364218197,217.91042097165627,-59.80542385551008,-62.774297791019166,8.340726298577087,-458.3275757281745,-85.07825095266512,-35.72900078747365,-233.502178515489,114.01164166419062,-22.69723559393393,63.68069001699065,-270.3305043570035,-89.2264668948909,166.58555823875798,198.3503068211647,-14.66409418788004,-253.52188934615884,321.96310498940153,-5.338458074702226,-236.63896233138013,-62.591361309299344,-104.98115357719338,-52.918267790462444,57.73990999491251,-261.1067053976445,40.99723145026329,-5.54624554318867,154.25043228022335,68.92239692803254,-100.47063669278522,69.48372255589304,-121.45819515991464,-14.009518173772209,-115.59368798204818,-90.6730341890815,-39.49807101424716,-57.63396150822973,17.39886127742041,244.68955392459588,-52.118144455055656
37.73430890642784,2.546489089919527,-9.468756956992493,16.500912288910445,-110.80729300366588,83.5613893274105,40.59639204959439,27.369673950519818,15.00327889798176,-7.0280547745425705,42.12121987574772,-21.90618389679457,-35.4416638804565,-44.31248113977824,-1.8090068587602162,-48.11993668000043,-59.80542385551008,17.230451545846858,18.2613479260763,-2.0486411268863796,129.2328233702961,24.08162373780566,10.321971299512464,66.69116813589282,-31.642681669207857,7.08395845082242,-17.52732893729969,76.36596744366358,24.813041901762322,-46.42067887264123,-56.42605092281781,4.566587568866202,69.94670046628066,-88.55863502645254,1.9748773909737758,66.53952417269613,18.816415492991954,29.77227344949157,14.949258208183892,-16.67088753756505,73.60725620183544,-11.871054056798249,1.259081620535648,-44.29201402310542,-20.07103369271262,29.320178203833095,-18.481964394549703,34.38071505047928,3.0505493084723527,31.802036739670413,25.96158810823167,11.823576758016303,16.352085856735897,-5.586640427693697,-68.15533241406095,14.805385416557968
39.82189762702345,2.7879215881839152,-10.1327169448726,17.377192518290176,-116.78263993696727,88.32347444709931,43.04730916450774,28.89928564075439,15.74338195194908,-7.388238921099326,44.335657949964606,-22.918215613220564,-37.3460209898436,-46.86258482989605,-2.026326400090954,-50.761979270486634,-62.774297791019166,18.2613479260763,19.392558321010487,-2.097798269146032,136.39013235039477,25.434738475168512,10.943224709854146,70.56458077022985,-33.291786454430294,7.621019483752455,-18.407736092221796,80.62676178135358,26.11549087554909,-48.878410074341225,-59.65811548820794,4.911263335591364,73.49949778069754,-92.99608684178162,2.182302691464005,70.18462364141692,20.102734858112235,31.457032320509175,15.783974370081106,-17.678330524486423,77.68167547195519,-12.59453691736452,1.2654163172619277,-46.912600851584486,-21.314951909025076,31.151150928536996,-19.273517568010174,36.31381228783963,3.0321103632781674,33.39690754015996,27.48365494473768,12.62275468534426,17.279516886965325,-6.039731059162515,-71.75338886576279,15.649137978573581
-4.82964022700143,-0.12529257722810444,0.9273086641897653,-2.186870304402162,14.496232802857522,-10.415397329241552,-4.783440636400926,-3.4736904841237344,-2.1022044994430575,0.9536924757178388,-5.622460588368136,3.2058056036891274,4.6501144418249325,5.475719357162212,-0.0070629737352938034,6.200408506251923,8.340726298577087,-2.0486411268863796,-2.097798269146032,0.3904271844992808,-16.52855313246709,-3.040585909004482,-1.2163288520556235,-8.168998043900535,4.259404053056789,-0.6164351723783061,2.422757659038092,-9.706498929909042,-3.3193115909598374,6.16896801216589,7.005315650593623,-0.4009421631074377,-9.595123635038519,12.266598871992946,-0.05452064788970225,-8.58907005836199,-1.9135783860254783,-3.7356244955304447,-1.899862450400598,1.9665578463996054,-9.420012151851756,1.3865918400630959,-0.28982838397240873,5.3270941611703035,2.298244539752878,-3.3312976009970763,2.8323724420914984,-4.340360918267564,-0.7698127095597078,-4.401798759680036,-3.1531341736563294,-1.22194891354635,-2.048334204329332,0.4262901342431587,9.071564115548465,-1.8467907340369711
285.74221843398135,17.693307092188817,-69.43746259826402,125.5496012916116,-841.583716072695,630.5475398598741,304.14097066020196,207.02619196613693,115.05677807847805,-53.639729420456334,320.7943319545964,-169.075522781922,-269.2833039085053,-334.0061466381548,-11.798125807506542,-364.7195427418337,-458.3275757281745,129.2328233702961,136.39013235039477,-16.52855313246709,978.5234770638418,182.03004525410162,77.32394119561195,502.114859751252,-241.28598077536975,51.34393528342937,-134.14984814054708,577.7517187244446,189.03922604207588,-353.33621578293906,-425.57669320211556,33.128833616975086,534.7804360846485,-678.0073843328515,13.378397849330637,504.44262142456665,138.5568756548481,224.85557664936243,113.09900309782576,-124.9209880090909,557.3914418194903,-88.84173310049697,10.55657665491776,-332.6902085052592,-149.8353549891679,218.68149092755135,-143.6650247896648,259.8756260527942,26.1164774012886,243.45243119528948,195.2519801117644,87.22300679961643,123.4749606670424,-40.01720241961573,-518.8710432048019,111.73493367624275
53.15437809236935,3.344040871567129,-12.991927254182384,23.33515455814086,-156.47097177994243,117.36959980209848,56.685883259295025,38.519146478687624,21.354666208163383,-9.962657081901416,59.61362077660626,-31.345973671159705,-50.06149882360381,-62.18446919836695,-2.257167381399233,-67.83530367465802,-85.07825095266512,24.08162373780566,25.434738475168512,-3.040585909004482,182.03004525410162,33.873499366928804,14.41167561284261,93.50254909590353,-44.829190927244085,9.628110696676222,-24.907754689757954,107.49232870064684,35.1276978454666,-65.66826285600501,-79.22426818545908,6.211897125169732,99.31149331803753,-125.87734763604024,2.5405052338312095,93.81721698915568,25.904918523131048,41.8475086312185,21.042274618852474,-23.282079313346976,103.68874784657423,-16.561417618071058,1.9291862328804048,-61.97883767339375,-27.94418687851015,40.79164541733932,-26.601977580525585,48.35860357166497,4.7580321141963315,45.20033423770261,36.36590584029268,16.30263780360807,22.981050761352755,-7.521177923506095,-96.42928320106112,20.798195109893957
22.577785821555313,1.5385499655216792,-5.688960807378298,9.866683606826054,-66.27421239656569,50.01935298978842,24.32238245944906,16.3777580576444,8.962524724931827,-4.203015570533362,25.18553886674685,-13.075955420525407,-21.19733190408295,-26.527693685349856,-1.1024444541511937,-28.788026775833927,-35.72900078747365,10.321971299512464,10.943224709854146,-1.2163288520556235,77.32394119561195,14.41167561284261,6.185948349707373,39.93034614589022,-18.91414769291405,4.2601547983782995,-10.473257997572224,45.695516303989024,14.83435581166403,-27.75486994189027,-33.77584205191732,2.745568801272448,41.79917874036371,-52.91446056981455,1.1975905261477024,39.80771628387505,11.297677554301435,17.81939216038814,8.944870257246457,-9.985826481618922,44.039805261016426,-7.112551468924171,0.7429502785353416,-26.52750036314518,-12.03121942327073,17.576344765256177,-11.020922600425985,20.57467842132002,1.794467936405496,19.002220076758014,15.54558508437169,7.096775756701568,9.786829605336447,-3.364341190217139,-40.75220452246749,8.861516865938821
146.61593225128655,9.566062230562272,-36.32077406187197,64.23795434807785,-431.058422915185,324.21743734154035,157.05945420010286,106.29758884227476,58.59357695438428,-27.390359016605707,164.03885929428571,-85.77638215600587,-137.89294128034882,-171.85670344076988,-6.633527198727492,-187.03895184115547,-233.502178515489,66.69116813589282,70.56458077022985,-8.168998043900535,502.114859751252,93.50254909590353,39.93034614589022,258.5307054450883,-123.29567238510496,27.050768955618523,-68.39701384168305,296.6117430190487,96.64821989628072,-180.74523250497631,-218.89267533925297,17.445344276100194,272.836287274113,-345.62260903011804,7.346185705033726,258.6548800034263,72.29702334594326,115.5565330304864,58.06430134655146,-64.50379229711045,286.0040389523721,-45.90785982954633,5.103243844214229,-171.53705795490444,-77.53957153527469,113.23199220467605,-72.58039231929159,133.48962979390944,12.477937061450424,124.11116811203556,100.5973000607498,45.46324016756186,63.46418636772581,-21.235730809832212,-265.38847566902314,57.44908231577997
-70.46310485557852,-4.075531669819473,16.71137406119186,-31.06881141462617,207.9858905981595,-155.088865224924,-74.40666093682643,-51.01098965466253,-28.634742504762325,13.301435088867462,-79.43812774566794,42.2720141745014,66.56758977935326,82.0852313352522,2.563465151511639,89.99952026238974,114.01164166419062,-31.642681669207857,-33.291786454430294,4.259404053056789,-241.28598077536975,-44.829190927244085,-18.91414769291405,-123.29567238510496,59.805757267153226,-12.245465137094563,33.33917489128044,-142.3780154264643,-46.82457426241693,87.46317786754597,104.6387088207845,-7.907418618705939,-132.80369444098582,168.53619535862975,-3.0128003063076356,-124.49736961688508,-33.454679676465766,-55.34110149756654,-27.87175075933058,30.567801090832447,-137.45341385244905,21.718048949340254,-2.7887760862475854,81.54974734496969,36.55796978224449,-53.31973244251245,36.101058708152486,-64.00011702848384,-6.988111569915636,-60.51200190064349,-47.90655422486695,-21.09043149803837,-30.385571448341647,9.454328045568973,128.45372078152735,-27.485643802381187
14.986270276116056,1.3199163806820942,-4.197815004431229,6.438332306937685,-43.52498897996358,33.6165764688302,16.757097338345893,10.915231388192446,5.679004898675818,-2.7076334015866963,16.372761297628156,-8.082068491390302,-13.900661233736693,-17.90012178875571,-1.085002937132825,-19.047236679397287,-22.69723559393393,7.08395845082242,7.621019483752455,-0.6164351723783061,51.34393528342937,9.628110696676222,4.2601547983782995,27.050768955618523,-12.245465137094563,3.2597540979083544,-6.685183529151161,30.433301735387104,9.634180236617416,-18.086734903262823,-22.743321652164393,2.0959234072623483,26.792086373332005,-33.738878029278915,1.0890193022757573,26.314672495612527,8.233440876849299,11.939409176608526,5.958054222841941,-6.878210904211105,29.235182464279063,-4.9188828511829374,0.3023427931331025,-18.11627959782624,-8.387161970690812,12.292307340762045,-6.622674082650047,13.746904494627731,0.6285756136416263,12.120790946876216,10.571840760270609,5.143703763177762,6.562911672615485,-2.662721237186453,-26.532695480092748,5.954155923676011
-39.17781542719457,-2.180463392501657,9.171997437481163,-17.305677207147752,115.7734127140011,-86.11162744717447,-41.19587593688427,-28.34934282351048,-15.997621315093221,7.41940849872807,-44.26643286022136,23.67374733321905,37.05967720753986,45.55610023009962,1.3250610511742584,50.05746907663126,63.68069001699065,-17.52732893729969,-18.407736092221796,2.422757659038092,-134.14984814054708,-24.907754689757954,-10.473257997572224,-68.39701384168305,33.33917489128044,-6.685183529151161,18.612819630867968,-79.13261866916072,-26.09475902333181,48.72447526278663,58.08620781584947,-4.318528919884518,-74.10985936490424,94.10027345864385,-1.5913213571883662,-69.25156896558212,-18.391830774300214,-30.737822955723917,-15.49042144030996,16.92367849343625,-76.42352320192728,12.018592668856307,-1.604461150593335,45.19736199533859,20.212513991496067,-29.468228306282054,20.269324594307097,-35.55818640922649,-4.045089257332448,-33.78518306156109,-26.56345665421184,-11.602965009022135,-16.87528964526462,5.134321071279498,71.56784816741231,-15.261361005938047
168.70965679368388,10.528615327304962,-41.11252759183652,74.09769596660311,-496.7661182194534,372.40547681529176,179.7403706656223,122.24609736785615,67.85887677262076,-31.64720014756787,189.31079930501025,-99.66319871758263,-158.94568771721,-197.28629273273026,-7.062039360901193,-215.32338647170806,-270.3305043570035,76.36596744366358,80.62676178135358,-9.706498929909042,577.7517187244446,107.49232870064684,45.695516303989024,296.6117430190487,-142.3780154264643,30.433301735387104,-79.13261866916072,341.148596252061,111.55600668060717,-208.52808028873932,-251.3612834602533,19.635235905570244,315.48871053512585,-399.9352791840951,7.979271570403936,297.8065258810877,82.00828450518102,132.7912898596471,66.78266905211144,-73.82579262641553,329.0999523639622,-52.50887698809619,6.180949558100055,-196.56810586442452,-88.57608108980023,129.2861862965991,-84.63454724180372,153.46247927816,15.266502012686086,143.60611367002667,115.35169334061577,51.617295271711015,72.92133731886081,-23.744878948407134,-306.21380625629,65.99125004656085
55.205199552418286,3.220815048008169,-13.133584458802083,24.33034752667516,-162.90423323866455,121.54558290354422,58.352928705888154,39.96885884267688,22.408382719987053,-10.414631966863135,62.204737229106236,-33.06195780199625,-52.13713025268605,-64.33754303949823,-2.0427922940684833,-70.50508008808484,-89.2264668948909,24.813041901762322,26.11549087554909,-3.3193115909598374,189.03922604207588,35.1276978454666,14.83435581166403,96.64821989628072,-46.82457426241693,9.634180236617416,-26.09475902333181,111.55600668060717,36.66450363392124,-68.49053507920831,-82.00943226122673,6.220476929581646,103.95479032659419,-131.9099269267497,2.388577822817667,97.52887623175407,26.280496576186604,43.3680255699992,21.837833310584475,-23.971074485132323,107.68864839590874,-17.03356190295637,2.166467146507619,-63.9390679295065,-28.680479640378625,41.83360607193866,-28.217431909682464,50.14944613294017,5.4207378008916915,47.36207988723839,37.55605955455382,16.564416069409145,23.81185725827715,-7.44740380391005,-100.58930906362946,21.540303797591687
-103.18378170532688,-6.075164780134206,24.62532364820219,-45.4554781381908,304.39795564155617,-227.2568083386075,-109.17992721921685,-74.71390171955441,-41.833918634707764,19.45085843827209,-116.20312033711038,61.68598974732552,97.41842730695555,120.30687949037203,3.8830781897893107,131.76945566376128,166.58555823875798,-46.42067887264123,-48.878410074341225,6.16896801216589,-353.33621578293906,-65.66826285600501,-27.75486994189027,-180.74523250497631,87.46317786754597,-18.086734903262823,48.72447526278663,-208.52808028873932,-68.49053507920831,127.95400486938816,153.34345131319893,-11.676934794680145,-194.1265402500933,246.29813226459575,-4.518649520061082,-182.2711494223368,-49.25587972696831,-81.07968570659436,-40.82104152990638,44.850592347513576,-201.28090381650242,31.873908588103646,-4.014484666944803,119.6015740062939,53.68021010111013,-78.3058370947362,52.61373705928376,-93.75085746463787,-10.028613081153024,-88.4336510466235,-70.24271128507672,-31.040116720633996,-44.5189675174184,13.99881483877564,187.91605868217596,-40.27422148096891
-124.26884282807023,-7.980889894652008,30.602313540394636,-54.49513952605355,365.55767182917697,-274.62235241845275,-132.85758075916448,-90.07776700689446,-49.779282673211796,23.249038482785597,-139.1829746615597,72.95850889973738,116.94852856994557,145.53853656062756,5.469415331419327,158.55738514794277,198.3503068211647,-56.42605092281781,-59.65811548820794,7.005315650593623,-425.57669320211556,-79.22426818545908,-33.77584205191732,-218.89267533925297,104.6387088207845,-22.743321652164393,58.08620781584947,-251.3612834602533,-82.00943226122673,153.34345131319893,185.39319460405585,-14.669789530082438,-231.66241117372155,293.538463353295,-6.099972530621284,-219.27754111935738,-60.961841006039386,-97.896181848996,-49.20643895406818,54.56736595134109,-242.4118649133363,38.82662908303647,-4.408138761226509,145.17357131967347,65.54768571293543,-95.70392612309888,61.81612669810212,-113.10590722978206,-10.8190052082588,-105.40557818190082,-85.15737043976542,-38.34815394776431,-53.76305404216675,17.815095305418502,225.16076639543462,-48.662550666958374
9.669656240141954,0.846241024669478,-2.7005030530070466,4.156349773102844,-28.092998976486584,21.683032446902455,10.801117000060842,7.0422356957048065,3.669037568188204,-1.7473058820074578,10.570216150677528,-5.225886899774714,-8.971579968544335,-11.54491684007181,-0.6929636667948962,-12.291407598842335,-14.66409418788004,4.566587568866202,4.911263335591364,-0.4009421631074377,33.128833616975086,6.211897125169732,2.745568801272448,17.445344276100194,-7.907418618705939,2.0959234072623483,-4.318528919884518,19.635235905570244,6.220476929581646,-11.676934794680145,-14.669789530082438,1.3480949979024073,17.305205035883322,-21.794274250389204,0.6968873057999919,16.980349581230456,5.298771799376273,7.7015225409918795,3.8440583656853007,-4.43393705115137,18.8648071736309,-3.1702988208801504,0.19829856761674808,-11.680642870058549,-5.404168712060352,7.920438797235268,-4.286280601415091,8.868715294271409,0.416098585932961,7.829947966388243,6.817000669999559,3.3112869616454925,4.233692652489742,-1.7109776297423012,-17.12917909563196,3.8409036285717706
156.1776694114241,8.791326190047771,-36.70039754666288,68.95128770063889,-461.3645024685559,343.4104058188444,164.42364617978757,113.02667795583011,63.684791463726896,-29.549109749806007,176.34900432014783,-94.17599384250856,-147.67959740182346,-181.7008430075123,-5.397437615024569,-199.5281824784419,-253.52188934615884,69.94670046628066,73.49949778069754,-9.595123635038519,534.7804360846485,99.31149331803753,41.79917874036371,272.836287274113,-132.80369444098582,26.792086373332005,-74.10985936490424,315.48871053512585,103.95479032659419,-194.1265402500933,-231.66241117372155,17.305205035883322,295.11943678281057,-374.66714790631823,6.440358777451038,276.0286168583286,73.55785089340127,122.57004638895366,61.75864728855157,-67.54843306301395,304.65464864183144,-47.97653615239457,6.334504066893095,-180.34031299903353,-80.70557263539773,117.67581174003594,-80.57447357152797,141.77910754619677,15.94185274641592,134.51885727684788,105.97669251124317,46.39604681263124,67.29366037793278,-20.608119046987593,-285.1276303884816,60.86170546745854
-198.00898134816353,-10.98809975920749,46.308541666550425,-87.47777135257559,585.1826565856143,-435.1712891331226,-208.13979639403166,-143.2764211727885,-80.88532420671042,37.50979175055951,-223.76581035847326,119.71567591062008,187.325569982409,230.21303572187242,6.6580195433308775,253.0022036979849,321.96310498940153,-88.55863502645254,-92.99608684178162,12.266598871992946,-678.0073843328515,-125.87734763604024,-52.91446056981455,-345.62260903011804,168.53619535862975,-33.738878029278915,94.10027345864385,-399.9352791840951,-131.9099269267497,246.29813226459575,293.538463353295,-21.794274250389204,-374.66714790631823,475.75135873612226,-8.010902690309809,-350.01999808651766,-92.8726556128331,-155.3410893440258,-78.28907981370875,85.50773679646662,-386.25011642531496,60.722042646835646,-8.132422813583954,228.3735394081958,102.11062600170014,-148.86321787014566,102.52068217030214,-179.70528124700635,-20.508271374959804,-170.80848652014998,-134.227395003405,-58.59354502426284,-85.28194637309325,25.899414269726044,361.77065852320834,-77.12414791203506
3.9022468555918084,0.5102332327533653,-1.330655558571338,1.6138715375035804,-11.070912727813326,8.985754058391201,4.70624494823756,2.866136385035311,1.3276859584668934,-0.6625923689187948,4.071737107882905,-1.76997820766321,-3.526016322932279,-4.822697647461513,-0.4823864728071413,-4.9244165217631055,-5.338458074702226,1.9748773909737758,2.182302691464005,-0.05452064788970225,13.378397849330637,2.5405052338312095,1.1975905261477024,7.346185705033726,-3.0128003063076356,1.0890193022757573,-1.5913213571883662,7.979271570403936,2.388577822817667,-4.518649520061082,-6.099972530621284,0.6968873057999919,6.440358777451038,-8.010902690309809,0.4492053673914606,6.792955655073933,2.555920152512571,3.1713671566014083,1.562230095966043,-1.9287115792053808,7.610634566604182,-1.390910825193694,-0.02794620306527583,-5.000251232206809,-2.4095205431420785,3.550501589350635,-1.335250905240147,3.628494484655355,-0.15250144023348694,2.8801327176354774,2.892992525546367,1.581018293606207,1.7453038901923073,-0.9319957317017893,-6.6191742540283585,1.589564019657927
147.30619810317268,9.015208644884734,-35.64701252193005,64.76282015535125,-434.0187423459799,324.9129188494186,156.5732660067,106.71053939874011,59.41054882712946,-27.68340740730145,165.49913026364052,-87.3740154727367,-138.88264248635244,-172.08291498731842,-5.957524467530325,-188.04191427034547,-236.63896233138013,66.53952417269613,70.18462364141692,-8.58907005836199,504.44262142456665,93.81721698915568,39.80771628387505,258.6548800034263,-124.49736961688508,26.314672495612527,-69.25156896558212,297.8065258810877,97.52887623175407,-182.2711494223368,-219.27754111935738,16.980349581230456,276.0286168583286,-350.01999808651766,6.792955655073933,260.0906095889187,71.16842952526488,115.87851834605674,58.29756347870111,-64.31020700831151,287.3441047802593,-45.72949138873777,5.51049992935753,-171.32715525708272,-77.1008423946293,112.51172703545866,-74.30794378909066,133.93891987882424,13.663330016152601,125.67949842564553,100.56627792543144,44.810931303732474,63.62985188408011,-20.475903899730653,-267.67304170148884,57.57554222451482
40.44941107813739,3.1725556778536053,-10.780019245901082,17.52231874083273,-118.08487732781325,90.19155253314712,44.428603913188674,29.40325950664559,15.681155682584931,-7.417363108252459,44.64197383491995,-22.59403247616856,-37.741587243623364,-47.9321320860709,-2.4681376168046008,-51.48968270820699,-62.591361309299344,18.816415492991954,20.102734858112235,-1.9135783860254783,138.5568756548481,25.904918523131048,11.297677554301435,72.29702334594326,-33.454679676465766,8.233440876849299,-18.391830774300214,82.00828450518102,26.280496576186604,-49.25587972696831,-60.961841006039386,5.298771799376273,73.55785089340127,-92.8726556128331,2.555920152512571,71.16842952526488,21.264103821927268,32.080250875405355,16.054201876759493,-18.238015091805096,78.90238838226833,-13.018134886630063,1.0657809329750023,-48.232613104936014,-22.11385517765244,32.36000545398654,-18.77914547640774,36.98592925832685,2.431007441457039,33.35761932872334,28.203338720204076,13.317208821411064,17.626301603687157,-6.624704890720771,-72.2898278739972,15.975970324897645
