V1,V2,V3,V4,V5,V6,V7,V8,V9,V10,V11,V12,V13,V14,V15,V16,V17,V18,V19,V20,V21,V22,V23,V24,V25,V26,V27,V28,V29,V30,V31,V32,V33,V34,V35,V36,V37,V38,V39,V40,V41,V42,V43,V44,V45,V46,V47,V48,V49,V50,V51,V52,V53,V54,V55,V56
1.8082745424219566,0.007595916053604215,-0.3609623572896159,0.16130444165507146,-3.5595066292751443,2.663838281237338,1.6908639519537088,1.1931696562855507,-0.03395748351773041,0.6307501824401683,1.832366873214994,-0.6324058183755643,-0.22838854475451867,-1.1444658197818052,-0.27700804158841574,-1.1575717910212093,-1.8061095176348292,1.2035354448846491,0.45930402307565404,-0.3883181787884702,2.9341649729715114,0.9926620468908733,0.3805330752346081,1.8404465307477431,-0.06302259674899645,-0.10824930036858149,-0.06919193294242125,2.45647025927319,0.7770052512245783,-1.6116583713272854,-2.0786437697564866,0.5257271652095007,1.8779544380117785,-2.1993394229201573,0.18787682059319835,1.6890168777578873,0.5204618697037208,0.32022214242134156,-0.16565753541172895,-0.4394904471022317,1.8092495427278918,-0.017481498980360326,0.1533359648821245,-1.6196581128188139,-0.8676698827000514,1.5427191116875272,-0.23578200288294243,1.0167153699095761,0.22759688720951743,0.9268128285710037,0.3930434114058253,0.5977839709694129,0.2860207445625901,-0.012530764847663209,-1.6132897974366716,0.20395275582273256
0.007595916053604215,0.2283926559296964,-0.2864288243945126,0.010307781541973062,0.0923855889913719,0.45346726097731616,0.44520014038884637,0.058112144860396654,-0.07283424381631985,-0.08096357710873897,-0.20189114856972323,0.35535615258312453,-0.09962265191282567,-0.322062547110059,-0.21831786824246027,-0.09723911912422976,0.5417472624979865,0.11022473622904326,0.30891662819794063,0.15754481215871008,0.439515214453707,0.04029149402503224,0.10145209824142642,0.5128958622431048,0.006363261985448585,0.338075967679812,0.09331682930268165,0.24798223470709346,-0.08255265040190743,0.12021812492923549,-0.31221418876060875,0.13239683429096974,-0.4318819594334948,0.6257103816711436,0.19759239050581606,0.14898069445166648,0.5430878306901045,0.22461481478560483,0.13372929307379836,-0.23327020052962838,0.1935106727726939,-0.2102785405493093,-0.11505639180034273,-0.38468447508785586,-0.2725649556267592,0.3789602348882597,0.38338931012834826,0.14723587234761482,-0.3712658708846972,-0.2587156304666554,0.288539491758426,0.2809594865643362,0.10517001832734572,-0.29619924991771934,0.12528969108072394,0.10698080949542756
-0.3609623572896159,-0.2864288243945126,0.4770905080999849,-0.009323037723942973,0.5114752666358582,-1.0890267916368328,-0.9347810656174916,-0.2909922507298916,0.16210484722012433,-0.07831729522670576,-0.0759739691004443,-0.36602972088504543,0.07227094099187333,0.6220796757762866,0.3567924746614215,0.3251742900782927,-0.43997777022482887,-0.4070418183011186,-0.46759054376352277,-0.13632671501979257,-1.0217883744041876,-0.28287173014951017,-0.24040459804933462,-1.050834999779293,-0.09253531245469665,-0.4335256644221415,-0.1283449054686541,-0.7323221247308734,-0.01044487578388738,0.08288742056432072,0.7883591590532472,-0.3195085125369651,0.31681764173828214,-0.5794521725673293,-0.2931201053487573,-0.42476971255424323,-0.8287592551690152,-0.30712696272932266,-0.096024234636645,0.35670818536339155,-0.5929882430801247,0.2537320309457289,0.1641614195289331,0.8623238749110975,0.5581455282823794,-0.8737284123895352,-0.5072386720274523,-0.3651442008627163,0.488744035792399,0.18868075502917978,-0.41697451565327914,-0.5154617870031866,-0.18261822192814084,0.4358033851468197,0.05812501072104209,-0.1728616814277115
0.16130444165507146,0.010307781541973062,-0.009323037723942973,0.304793478262435,-1.1414291975685045,0.7588069409318178,0.1727052666937226,0.15324845419532165,0.36545752813681953,-0.37830336325704306,0.29257379399193817,-0.32135663750886406,-0.6883058161172038,-0.48533308072885817,0.10844642078213522,-0.6086269567071753,-0.7675137625279107,-0.09101895720211194,0.17366179807208387,0.06305506501187759,1.674852763628816,0.14467124076409474,0.05695314800775954,0.6687543229245058,-0.6853966243818186,0.12184232435171156,-0.3767259869869973,0.7309709948324258,0.27991293011149865,-0.4631849165183786,-0.4127482617561875,-0.1281397665308204,0.9473531387690641,-1.2895003266484701,-0.06378383073344276,0.8222371396902582,0.10667889004485273,0.4947602117667656,0.3675636020887585,-0.16352547006542698,0.9008098450842448,-0.2142170095271885,0.005636429931356008,-0.2847459377704723,-0.05838570514573254,-0.017780128851942845,-0.40271432524077433,0.35252603005733796,0.06929932178595634,0.41106632315039526,0.3704882272666433,-0.023996049981548227,0.23156343294497303,-0.04590431517307937,-0.9370375849740623,0.22655964568343673
-3.5595066292751443,0.0923855889913719,0.5114752666358582,-1.1414291975685045,9.453993767560679,-6.521324243728115,-3.169433307167704,-2.4461623676187254,-1.01379508426171,-0.05410564095665203,-4.091655978497849,2.204104201113568,2.286740483826401,3.193102848644227,0.04652378068134011,3.699533450295216,5.584642772360876,-1.7491907590401723,-1.1075695565346262,0.5595263289107636,-9.616762026753994,-2.1288290793663456,-0.7890480706219332,-4.851178834288039,2.0594783323286094,0.002123596399798228,1.2652815886013062,-6.160758681213794,-2.173608925893,4.126891765057535,4.576699243157616,-0.48088386040496384,-6.149940065991588,7.759041719627508,-0.022802378390005068,-5.152466058223443,-0.9168133633377248,-1.8441589161932432,-0.6901897073048587,1.0786236116563548,-5.633358586422419,0.5282440504585028,-0.3076722563267329,3.4296443786574486,1.5282280914563433,-2.4341417619960817,1.7624613269867155,-2.676751329099451,-0.7606957712846447,-2.9157132462198714,-1.5778291424912327,-0.8212586592539471,-1.1059867016351783,0.029036845817356736,5.517713847482307,-0.9515366253507604
2.663838281237338,0.45346726097731616,-1.0890267916368328,0.7588069409318178,-6.521324243728115,5.747458599230359,3.419599869339099,1.92599885501371,0.42405367228738955,0.027340732508831234,2.515383067387219,-0.7061807549861358,-1.6537026855483734,-3.002793077562189,-0.6015980660487174,-2.8100230497323437,-2.630264920570186,1.6414419477983044,1.4892920896198103,-0.0680301246961939,7.670315561717341,1.6940488282831125,0.8477008651217949,4.688881175697473,-1.2365580807740886,0.7674863129089632,-0.598190530358151,4.957129893909014,1.3324263695654999,-2.6310625311353335,-4.051645317835012,0.7580087245036553,3.2298833553346853,-3.818016932538213,0.5031169652210133,3.902774010065007,1.958541484916286,1.7242154391329416,0.6788461408563831,-1.2855047065782181,4.4206870407829735,-0.8041419060617508,-0.07746132010968353,-3.4531824991944884,-1.8130572420844475,2.814514751696152,-0.25325490882667023,2.23910771598718,-0.36363090434331313,1.4372911921202067,1.723217244231361,1.3207925542904366,1.0013223724690237,-0.7464217076294317,-3.50037504096276,0.8946302436816325
1.6908639519537088,0.44520014038884637,-0.9347810656174916,0.1727052666937226,-3.169433307167704,3.419599869339099,2.4814845274960513,1.2083792080875961,-0.18991242872495717,0.42991239351097893,1.297496871361038,0.10695326221183112,-0.3915918703367779,-1.7314474244620526,-0.6893356163483054,-1.3096811572473341,-0.5942916917259855,1.337079609192922,1.02802824937347,-0.026730132759580704,3.658046226244447,1.0504397741972105,0.5947983391987626,2.823266363831467,-0.03658045189167621,0.6043571324315722,0.08881154976507498,2.7649503894637153,0.5504096751947021,-1.2195595081181134,-2.5518031308282745,0.7741265966647652,0.8650557773391618,-0.7438444722412533,0.552458577269522,1.8483686876662728,1.588841630506459,0.7547778916407518,0.11541370630528938,-0.849072215563891,2.154967905463807,-0.43581319352925796,-0.13629058097773422,-2.3348909251667553,-1.3809623062106522,2.2481948943854726,0.5438526690779938,1.2440498042111308,-0.57122449912643,0.35972229168408876,0.9434433213404337,1.1355432162334442,0.4922345424075831,-0.6581265645581607,-1.2592234440036154,0.42458941352460405
1.1931696562855507,0.058112144860396654,-0.2909922507298916,0.15324845419532165,-2.4461623676187254,1.92599885501371,1.2083792080875961,0.8083284388616834,0.021452220172153823,0.32986471539563406,1.1840705307056336,-0.37929796858359577,-0.2786243640153769,-0.8783772028724982,-0.2088925228991783,-0.8559396992466939,-1.1688037398835573,0.7855629277164371,0.39159337680374756,-0.20997516544585793,2.237999827049313,0.6637257125442476,0.27004301642971384,1.3863127519574183,-0.1475841105368942,0.016694670525892217,-0.07805382575964541,1.7520004358155516,0.5280491919455493,-1.090813556726903,-1.4711926235100778,0.3438975650077943,1.2686780698302873,-1.49268677224754,0.15604594637552532,1.2515134148770166,0.4645207059212381,0.32966970878249474,-0.021850628103292708,-0.36239484244565445,1.3346269065153202,-0.08980110652348391,0.0826291634922691,-1.1612320041515267,-0.6216455245032779,1.0637559494379123,-0.13263824102179977,0.7410673178923546,0.08469046687248748,0.6042639621726428,0.37244126661784177,0.4389523491545288,0.24043142696930062,-0.0698664061144163,-1.157427189581473,0.1859519758077287
-0.03395748351773041,-0.07283424381631985,0.16210484722012433,0.36545752813681953,-1.01379508426171,0.42405367228738955,-0.18991242872495717,0.021452220172153823,0.5087476620889947,-0.5397131260509481,0.21481661828675486,-0.4665218387556126,-0.8221382453120646,-0.3325647265766729,0.2626219070361849,-0.5739967922284894,-0.9658156406647014,-0.32078077193467125,0.043860857611350175,0.06156327348753365,1.565438050247161,0.019390921990716486,-0.0333545724764634,0.374221695689174,-0.8789691026474539,0.023301037054828066,-0.49979953637136515,0.5187846973486192,0.2925457672028112,-0.44485662017012456,-0.13015953430731664,-0.2961520444909865,1.1492873063747846,-1.637435851000175,-0.18000630114636004,0.7801124053190636,-0.15861259166111866,0.4997314118653515,0.43994618386095724,-0.06765125242987137,0.8056869012846029,-0.18838815654233787,0.05240885590183182,0.02805660442905268,0.16156709614154482,-0.40285374876183894,-0.6398266969635074,0.25678285285033325,0.2246049690706134,0.5036428852506323,0.3070170283096893,-0.2309232121691414,0.21095393689762892,0.08335527393929407,-1.0369149653487446,0.21284907198241668
0.6307501824401683,-0.08096357710873897,-0.07831729522670576,-0.37830336325704306,-0.05410564095665203,0.027340732508831234,0.42991239351097893,0.32986471539563406,-0.5397131260509481,0.8921327316846972,0.5093292800534639,0.06617850392502886,0.944956310542147,0.26179427677570316,-0.23003128346466295,0.3705692966877119,0.10895252919080328,0.6840062614506348,-0.12935832634718458,-0.3260890518008685,-1.198524597514981,0.25710676490800877,0.07306763901027842,-0.24865314887413348,0.9878524280155604,-0.3305543861422791,0.4961627182021489,0.024148943352459627,-0.01715163778627626,-0.1206925559529981,-0.29705071807155364,0.4073952521272142,-0.37610557400975914,0.6758421361613256,0.12562298651399614,-0.4531871096257295,-0.06623117409666394,-0.6473229498801785,-0.6665669784343216,0.10261981607502871,-0.5143849698759436,0.37220040827823203,0.09470152439423292,-0.25127495096417124,-0.25440283599065616,0.6653303564815568,0.3711846691949533,-0.07620730669840292,0.11266045540414887,-0.08533244868713569,-0.44632083146758406,0.24347740936264256,-0.23564896629746393,0.14444667086449584,0.5766622438160771,-0.2683346570078807
1.832366873214994,-0.20189114856972323,-0.0759739691004443,0.29257379399193817,-4.091655978497849,2.515383067387219,1.297496871361038,1.1840705307056336,0.21481661828675486,0.5093292800534639,2.119998862804829,-1.1071159870705565,-0.4613404988759694,-1.032725755272591,-0.010037474580947918,-1.316244024925611,-2.6474709546458675,1.0239153021285794,0.23875807631485313,-0.50352224789191,3.2275802316564333,0.986387874188722,0.29205943656356326,1.6000912285486721,-0.3978827295557892,-0.37874835907339577,-0.329563934048401,2.5089210687058765,0.9716942680332122,-1.9163431045383075,-1.9245044214328637,0.31887208134942596,2.702253574014295,-3.3725924517084027,-0.03330943389557503,1.9008428189584907,0.032206134688189024,0.3324229644264501,-0.11398821968172378,-0.28958432191078337,1.9886681635223136,0.08137382843582983,0.27385301833067144,-1.3309152984514827,-0.6037216413335571,1.116610417279585,-0.7890705000398375,1.017224277047637,0.6199864400498458,1.3439455816886698,0.2838640095394753,0.29718392774222996,0.28468919196686565,0.26294329720552717,-2.138624538998278,0.19956508255434205
-0.6324058183755643,0.35535615258312453,-0.36602972088504543,-0.32135663750886406,2.204104201113568,-0.7061807549861358,0.10695326221183112,-0.37929796858359577,-0.4665218387556126,0.06617850392502886,-1.1071159870705565,1.0570296533306258,0.5708371420115622,0.24822446675946366,-0.38460534751409564,0.7333485841598516,2.113183301568695,-0.05734317012093609,0.2069583999110825,0.30465614229468646,-1.68533176645789,-0.3307377270660216,0.016533283389820255,-0.28733714229075796,0.6932938434418634,0.4690664264693316,0.5277256716219783,-0.9701628090721165,-0.6165524216846626,1.0885396266345315,0.4530362525069314,0.20297828782998448,-2.13192469466496,2.8734700243172346,0.3291207865839897,-1.0137589005264152,0.6455863847325548,-0.1985409370595972,-0.093451361748941,-0.09642730582340868,-1.0246847276561541,-0.13001045647791093,-0.24590795718764094,0.07125858510773367,-0.16097070999857868,0.23265419697080336,1.076932878796193,-0.37467432738296247,-0.7425669903014903,-1.0653205004455453,0.005208976519778911,0.32422492070258707,-0.12608666849837794,-0.4476883108185016,1.5445784260987325,-0.0953430626927572
-0.22838854475451867,-0.09962265191282567,0.07227094099187333,-0.6883058161172038,2.286740483826401,-1.6537026855483734,-0.3915918703367779,-0.2786243640153769,-0.8221382453120646,0.944956310542147,-0.4613404988759694,0.5708371420115622,1.5969070889122061,1.112527398966113,-0.2018574134202134,1.3194022531839982,1.4467392866916629,0.27082503615896,-0.4620509159739559,-0.2183294756631697,-3.722548998349571,-0.24895688231436233,-0.11878900772726493,-1.5156823055161148,1.5671930640395642,-0.3833789406082846,0.8183880018891041,-1.5596243337523388,-0.5557790626804711,0.9075738307124022,0.8772135645698126,0.30178205828000043,-1.8924322010462862,2.601564453364882,0.09456642753377303,-1.8015794797065308,-0.36481691808440875,-1.175478710503148,-0.8969395122285474,0.4200507246648764,-1.9512211487647397,0.5548822034660607,0.019122452877617848,0.6219261005041771,0.1391565204879,0.06580050586104348,0.7843945128331844,-0.7703590851559942,-0.03883142399807203,-0.7825572858644553,-0.9065332514826008,0.022170149492362092,-0.5351717250936202,0.1783859106475567,1.9763077776230629,-0.529409219415514
-1.1444658197818052,-0.322062547110059,0.6220796757762866,-0.48533308072885817,3.193102848644227,-3.002793077562189,-1.7314474244620526,-0.8783772028724982,-0.3325647265766729,0.26179427677570316,-1.032725755272591,0.24822446675946366,1.112527398966113,1.6768765320148853,0.30802342213226513,1.5378622900405976,1.14513294649241,-0.6595769021715551,-0.8767448753167116,-0.11602520206727449,-4.296164170444919,-0.7915678737501946,-0.4431376042501529,-2.588206544208256,0.8840283769144768,-0.5959244605359215,0.4095827060702964,-2.5297455736240986,-0.634660163910532,1.218059033777115,2.029782809316836,-0.3119846232362785,-1.5505988815557086,1.850979969841123,-0.2788602514723494,-2.1060714151493514,-1.1801932801174466,-1.11309453978538,-0.5681891219861837,0.7397735593100477,-2.418800663134185,0.5748838726827562,0.11568975529046771,1.7865860084684868,0.9275652185504335,-1.352039114953998,0.09746886109620129,-1.182044055119006,0.34883220268282106,-0.6499771824461368,-1.0779603046343533,-0.6877279052127976,-0.6017646714814207,0.524511410363117,1.8526072119414925,-0.5591390254863081
-0.27700804158841574,-0.21831786824246027,0.3567924746614215,0.10844642078213522,0.04652378068134011,-0.6015980660487174,-0.6893356163483054,-0.2088925228991783,0.2626219070361849,-0.23003128346466295,-0.010037474580947918,-0.38460534751409564,-0.2018574134202134,0.30802342213226513,0.3228020316022661,0.03054588197764086,-0.566717657243145,-0.3871802300938175,-0.30567949491427315,-0.05501778215192161,-0.19185234717877708,-0.17327962190390808,-0.15640116500767398,-0.5582106090288723,-0.33494527742695324,-0.2618323497954864,-0.2564130263032777,-0.3578277100658185,0.07130222358159949,-0.045422670294984674,0.5079297329251663,-0.30199294327062576,0.5365264738918359,-0.8440037573063508,-0.25941704539241295,-0.06424249083547913,-0.5921402682563829,-0.043066442022576874,0.0802711598009481,0.22941894608756597,-0.12073162251326387,0.1061827055115735,0.09998488268665948,0.5708677484004642,0.417335750592414,-0.6984614828090334,-0.5328003553165284,-0.17042462223028124,0.3692646634651297,0.27609521818423216,-0.18007426650980635,-0.41130045715734453,-0.04964596395163877,0.28784753655666545,-0.271445601683206,-0.03938998515725605
-1.1575717910212093,-0.09723911912422976,0.3251742900782927,-0.6086269567071753,3.699533450295216,-2.8100230497323437,-1.3096811572473341,-0.8559396992466939,-0.5739967922284894,0.3705692966877119,-1.316244024925611,0.7333485841598516,1.3194022531839982,1.5378622900405976,0.03054588197764086,1.6807944594550588,1.9886413455737166,-0.4720592479792783,-0.6316440505961856,0.004119290512300868,-4.52584671822155,-0.7849880145948605,-0.35358541177060265,-2.315804762010758,1.2010363041139736,-0.3115060279794683,0.6709775538700864,-2.540553694549744,-0.823123132312507,1.5045577247117772,1.8416363957661694,-0.10346659943790289,-2.363512194951055,3.007414251329458,-0.04601238149128657,-2.2813516458098038,-0.6638207910447453,-1.1011893778731279,-0.6045405094846144,0.5673441308650898,-2.5756622618441245,0.4599526801210629,-0.0011609584322566009,1.4772454201539527,0.6515225023636795,-0.9131204928614902,0.6606480614899704,-1.163963612311942,-0.05306049557155545,-1.070446911480101,-0.9438627799242449,-0.37508839798614474,-0.5917280676881156,0.24282344664784788,2.357324930494264,-0.546633898905062
-1.8061095176348292,0.5417472624979865,-0.43997777022482887,-0.7675137625279107,5.584642772360876,-2.630264920570186,-0.5942916917259855,-1.1688037398835573,-0.9658156406647014,0.10895252919080328,-2.6474709546458675,2.113183301568695,1.4467392866916629,1.14513294649241,-0.566717657243145,1.9886413455737166,4.532120921547042,-0.49955460353366504,0.02606610375526274,0.5966821283171602,-4.87231981143178,-0.9826308678841004,-0.14452799079699025,-1.5722728173578562,1.5693945085665721,0.71170748907042225,1.0909558052409387,-2.966751053564337,-1.458961548051387,2.6577529172752152,1.7936017265735817,0.20738862239297096,-4.7134034649983745,6.242325678016049,0.4795602739869339,-2.7994707672997836,0.7515247274874427,-0.7579163161249408,-0.3222689111927377,0.1368527452452251,-2.8734178086441644,-0.05617294269230253,-0.46939725642963204,0.9053856310563015,0.11015865136941967,-0.1997883504312349,2.049364789070664,-1.2148287761639365,-1.3183901057106895,-2.300887644152895,-0.3877661126665591,0.30000071323774496,-0.45542448042913397,-0.6910780574287395,3.668500307462572,-0.36905795324020463
1.2035354448846491,0.11022473622904326,-0.4070418183011186,-0.09101895720211194,-1.7491907590401723,1.6414419477983044,1.337079609192922,0.7855629277164371,-0.32078077193467125,0.6840062614506348,1.0239153021285794,-0.05734317012093609,0.27082503615896,-0.6595769021715551,-0.3871802300938175,-0.4720592479792783,-0.49955460353366504,0.9941175582876531,0.3651468244525725,-0.24237058082492316,1.1917027101262703,0.6505510221530287,0.296583718503967,1.1469151693185904,0.4402943472552079,0.01325034784209616,0.25406715239799754,1.3948634081245592,0.3250067252459899,-0.776856546078279,-1.3782293948220747,0.5435525417896052,0.4778418790812093,-0.365919946240257,0.27757849226371417,0.7217705457455431,0.5824345457363008,0.0012908372176345816,-0.31027712068162383,-0.31751213037346876,0.8000651113229094,0.03091669767589954,0.038451117357423424,-1.18539849882904,-0.7335652277946019,1.3376358271840891,0.30479014544657856,0.5673146289310957,-0.0803892037162329,0.2574561136279174,0.1724462491621023,0.597777547007053,0.1021604065550056,-0.1386853746979535,-0.45379333257328885,0.04789723457651616
0.45930402307565404,0.30891662819794063,-0.46759054376352277,0.17366179807208387,-1.1075695565346262,1.4892920896198103,1.02802824937347,0.39159337680374756,0.043860857611350175,-0.12935832634718458,0.23875807631485313,0.2069583999110825,-0.4620509159739559,-0.8767448753167116,-0.30567949491427315,-0.6316440505961856,0.02606610375526274,0.3651468244525725,0.5799769790286197,0.15712577552518245,1.9070959952740407,0.3307040505714976,0.245463375308962,1.3640893090777966,-0.28550667876168195,0.4835523639238812,-0.04954098826179447,1.1515568378084298,0.1685648586342068,-0.3660413012171472,-1.0278318850097248,0.2389057327243527,0.20792116114363746,-0.15280550818220887,0.2755115005498363,0.8930846314975814,0.8835417033272359,0.573201527076475,0.29518822859676114,-0.46906463065606063,1.0257658331102615,-0.37321327007999994,-0.12609884649206426,-0.984056641624446,-0.5767184814001635,0.8349107955078299,0.2968386260992575,0.5584337314740795,-0.42584805931234915,0.021769422615494596,0.6221568837088215,0.49554719140468184,0.2989352823954388,-0.4255450552571556,-0.5615378006627008,0.2825340521877981
-0.3883181787884702,0.15754481215871008,-0.13632671501979257,0.06305506501187759,0.5595263289107636,-0.0680301246961939,-0.026730132759580704,-0.20997516544585793,0.06156327348753365,-0.3260890518008685,-0.50352224789191,0.30465614229468646,-0.2183294756631697,-0.11602520206727449,-0.05501778215192161,0.004119290512300868,0.5966821283171602,-0.24237058082492316,0.15712577552518245,0.23811434973086912,0.14613536046392964,-0.1440789082431079,0.018119296426939276,0.1733154974643173,-0.18642853286328886,0.32348168802318833,-0.048666080494883975,-0.20121493578899743,-0.16640749215773135,0.356928193718576,0.15566276150097372,-0.06109648064489589,-0.48723089110613543,0.6173025265955556,0.06880235298627596,-0.060496225044943334,0.30899555820436647,0.24134257788347946,0.251340000599477,-0.0992810299668548,0.021246535296152065,-0.21390638759655003,-0.14406703602659504,-0.002531426590009449,-0.018530121307680832,-0.07830890229675841,0.20945585297758915,-0.03004950816370483,-0.3240236412219873,-0.2787444092864477,0.22824232814530587,0.059907082441508185,0.08601779779536732,-0.25332238210374325,0.19008188758644656,0.10824251187036026
2.9341649729715114,0.439515214453707,-1.0217883744041876,1.674852763628816,-9.616762026753994,7.670315561717341,3.658046226244447,2.237999827049313,1.565438050247161,-1.198524597514981,3.2275802316564333,-1.68533176645789,-3.722548998349571,-4.296164170444919,-0.19185234717877708,-4.52584671822155,-4.87231981143178,1.1917027101262703,1.9070959952740407,0.14613536046392964,12.384156248004773,2.0135227254770798,0.9612218521178946,6.430154674950862,-3.33860753563721,1.0941833032581576,-1.7698181242162425,6.853362448387338,2.112910988484513,-3.874767396614817,-5.004332036762755,0.27544154070233917,5.993556224656898,-7.62788109804008,0.2443129048937147,6.193610904591858,2.120173072639054,3.164907490746322,1.8042238649700015,-1.6877120531249368,6.9419443213153595,-1.4220860574260599,-0.06262279102603285,-4.062474825562173,-1.835210001833259,2.502217510057843,-1.5367213458622777,3.171080280154756,-0.1124727487876777,2.638923952836711,2.7606611152896843,1.122206890536273,1.6603029508705232,-0.8350979006581118,-6.209003062002045,1.547651143008472
0.9926620468908733,0.04029149402503224,-0.28287173014951017,0.14467124076409474,-2.1288290793663456,1.6940488282831125,1.0504397741972105,0.6637257125442476,0.019390921990716486,0.25710676490800877,0.986387874188722,-0.3307377270660216,-0.24895688231436233,-0.7915678737501946,-0.17327962190390808,-0.7849880145948605,-0.9826308678841004,0.6505510221530287,0.3307040505714976,-0.1440789082431079,2.0135227254770798,0.6082782060451299,0.271414975831154,1.2954496452496647,-0.1463685472003243,0.06441966356269908,-0.11367760719194925,1.4860880008667774,0.4412759124264567,-0.8828798108545393,-1.2502589612616588,0.30632079105964105,1.0631293338901913,-1.2234749046031996,0.11712674426932411,1.0653283520050985,0.4341277439827937,0.316654276033849,0.007730801108732377,-0.29307189394514954,1.2503260787675081,-0.09414271631230603,0.01312393999368451,-1.0570047708499677,-0.5601239917843657,0.9563266211326403,-0.11619633854400027,0.6438789541801396,0.014833954090789175,0.5260847509644745,0.34195916053089304,0.39461571929729067,0.2321239856793713,-0.12922289513409077,-1.0116128467884047,0.19176029334351075
0.3805330752346081,0.10145209824142642,-0.24040459804933462,0.05695314800775954,-0.7890480706219332,0.8477008651217949,0.5947983391987626,0.27004301642971384,-0.0333545724764634,0.07306763901027842,0.29205943656356326,0.016533283389820255,-0.11878900772726493,-0.4431376042501529,-0.15640116500767398,-0.35358541177060265,-0.14452799079699025,0.296583718503967,0.245463375308962,0.018119296426939276,0.9612218521178946,0.271414975831154,0.16445687599974634,0.7433802850257154,-0.04076511446379934,0.17649221431782422,-0.01621490168444199,0.6583810072971988,0.12908636128160453,-0.26557489927918676,-0.6028621898442845,0.18410752708036587,0.21106203944019977,-0.17257089789454513,0.11930467557147921,0.45192187185138744,0.3988057225686054,0.2124002970373358,0.05403400467021556,-0.19532398353037003,0.5918239771400177,-0.12070470960364821,-0.06607796021044247,-0.5912777122488281,-0.34056873901251516,0.5515094293307039,0.11727868299375833,0.30680875373603067,-0.16832575929111998,0.09795112675017884,0.24736097274934604,0.27748685380662524,0.13758160844603584,-0.1972481164707214,-0.3306453443032924,0.124819955739451
1.8404465307477431,0.5128958622431048,-1.050834999779293,0.6687543229245058,-4.851178834288039,4.688881175697473,2.823266363831467,1.3863127519574183,0.374221695689174,-0.24865314887413348,1.6000912285486721,-0.28733714229075796,-1.5156823055161148,-2.588206544208256,-0.5582106090288723,-2.315804762010758,-1.5722728173578562,1.1469151693185904,1.3640893090777966,0.1733154974643173,6.430154674950862,1.2954496452496647,0.7433802850257154,4.072619639109427,-1.1456762202916018,0.9514984895947257,-0.5352871595453772,3.8752356425584344,0.9285554663940887,-1.796570499594867,-3.1946692539918926,0.5975998181620802,2.1496454504743228,-2.470277507375776,0.4781481624675423,3.1186358409384964,1.9248323489412982,1.6278698681896153,0.7724242440228026,-1.1345297859325303,3.6879390751001484,-0.8533737433749009,-0.23108110026259976,-2.8963271980794096,-1.542251631843477,2.3098999626676497,0.013993481009297792,1.8131819160686415,-0.637278728483105,0.9150716753197705,1.6214052670414814,1.1707464349190861,0.9072623899213555,-0.8899863975420311,-2.6712100326289456,0.8418107019130896
-0.06302259674899645,0.006363261985448585,-0.09253531245469665,-0.6853966243818186,2.0594783323286094,-1.2365580807740886,-0.03658045189167621,-0.1475841105368942,-0.8789691026474539,0.9878524280155604,-0.3978827295557892,0.6932938434418634,1.5671930640395642,0.8840283769144768,-0.33494527742695324,1.2010363041139736,1.5693945085665721,0.4402943472552079,-0.28550667876168195,-0.18642853286328886,-3.33860753563721,-0.1463685472003243,-0.04076511446379934,-1.1456762202916018,1.6024251504968778,-0.24537664947413668,0.8769514325699511,-1.253437077487682,-0.5361082050937052,0.8349879844737508,0.559674746612349,0.4190149681734934,-1.9668746852184409,2.752980056664054,0.20749757367217597,-1.6187534099343202,-0.07140141150132796,-1.0692034925563063,-0.871007699540703,0.2792098912593714,-1.744782501143622,0.46849775643950414,-0.018007156388158193,0.30976108032524236,-0.06458400992342106,0.38530919858397605,0.9618337322192388,-0.6265140031104391,-0.1911352121001979,-0.8383134236412467,-0.7572653072616222,0.20860458295256692,-0.4732528070879697,0.04486115346602303,1.9344467344216436,-0.47383725471167465
-0.10824930036858149,0.338075967679812,-0.4335256644221415,0.12184232435171156,0.002123596399798228,0.7674863129089632,0.6043571324315722,0.016694670525892217,0.023301037054828066,-0.3305543861422791,-0.37874835907339577,0.4690664264693316,-0.3833789406082846,-0.5959244605359215,-0.2618323497954864,-0.3115060279794683,0.71170748907042225,0.01325034784209616,0.4835523639238812,0.32348168802318833,1.0941833032581576,0.06441966356269908,0.17649221431782422,0.9514984895947257,-0.24537664947413668,0.6060599609332894,-0.028397052303002737,0.41339334116911003,-0.09984258517337852,0.19782102418693523,-0.4333772331508265,0.1205750620296067,-0.4935902287503315,0.7191981376110554,0.24486125968013875,0.36815697927319113,0.8443431800888039,0.5159673070951944,0.3683511816804003,-0.3562569011288027,0.5535802788751086,-0.40587867067369754,-0.23523726780889656,-0.6002045533222521,-0.3839312730508372,0.4763801041602299,0.4517801023922086,0.2694079103019265,-0.6042443141847565,-0.31356726590072714,0.5525590496441707,0.3812055693697935,0.23978809556404382,-0.5229370089845764,-0.025580355332904408,0.2529023813289828
-0.06919193294242125,0.09331682930268165,-0.1283449054686541,-0.3767259869869973,1.2652815886013062,-0.598190530358151,0.08881154976507498,-0.07805382575964541,-0.49979953637136515,0.4961627182021489,-0.329563934048401,0.5277256716219783,0.8183880018891041,0.4095827060702964,-0.2564130263032777,0.6709775538700864,1.0909558052409387,0.25406715239799754,-0.04954098826179447,-0.048666080494883975,-1.7698181242162425,-0.11367760719194925,-0.01621490168444199,-0.5352871595453772,0.8769514325699511,-0.028397052303002737,0.5332935425161875,-0.6472530159615798,-0.33656122361226537,0.515473994067814,0.2410829884116012,0.25331581345615406,-1.2635440610122008,1.7521607091855989,0.18868218846850437,-0.8620473597702047,0.13032524784227117,-0.5192315261588949,-0.42783238202338975,0.0674119467804365,-0.9760908204044823,0.18313982863402775,-0.027279338485899123,0.10318478212563564,-0.09687965024483933,0.28022154565140617,0.6690176296759395,-0.3170351787776703,-0.2181254541949491,-0.5794569372259465,-0.32347005114738026,0.189941677732612,-0.23737835163006035,-0.05017765108298432,1.146362582902437,-0.23804318000729405
2.45647025927319,0.24798223470709346,-0.7323221247308734,0.7309709948324258,-6.160758681213794,4.957129893909014,2.7649503894637153,1.7520004358155516,0.5187846973486192,0.024148943352459627,2.5089210687058765,-0.9701628090721165,-1.5596243337523388,-2.5297455736240986,-0.3578277100658185,-2.540553694549744,-2.966751053564337,1.3948634081245592,1.1515568378084298,-0.20121493578899743,6.853362448387338,1.4860880008667774,0.6583810072971988,3.8752356425584344,-1.253437077487682,0.41339334116911003,-0.6472530159615798,4.454129213996346,1.335376253586366,-2.615171827675532,-3.5137968341155186,0.5409899970166108,3.4700515671685914,-4.255047009464357,0.30590423008836487,3.5928794642102795,1.3413215292872525,1.4609572924349898,0.5680269522775344,-1.0357966449750324,3.927855449790493,-0.5964854076441686,0.07652038907167263,-2.818272930134016,-1.4113573823167762,2.1964394592385066,-0.6053132148419079,1.9743356914311883,0.02617323059830049,1.572138739050711,1.3943697972611773,0.951930518318145,0.8479107980429685,-0.3891245089569849,-3.4364541595183398,0.7435962192550682
0.7770052512245783,-0.08255265040190743,-0.01044487578388738,0.27991293011149865,-2.173608925893,1.3324263695654999,0.5504096751947021,0.5280491919455493,0.2925457672028112,-0.01715163778627626,0.9716942680332122,-0.6165524216846626,-0.5557790626804711,-0.634660163910532,0.07130222358159949,-0.823123132312507,-1.458961548051387,0.3250067252459899,0.1685648586342068,-0.16640749215773135,2.112910988484513,0.4412759124264567,0.12908636128160453,0.9285554663940887,-0.5361082050937052,-0.09984258517337852,-0.33656122361226537,1.335376253586366,0.5276961994497733,-0.9909821742771813,-0.932093085640128,0.035530476475643044,1.5752197759325886,-2.0360736988600543,-0.058938923327198404,1.1666572936949187,0.033021371657542396,0.3859843037692561,0.15451064217569188,-0.18811666910450967,1.2255875537398182,-0.07596767916435135,0.12027183028159721,-0.6241777200747852,-0.2366972221327569,0.37501748022370834,-0.5471411412477917,0.5684701914288613,0.3018281135630348,0.7495615774891469,0.2949430363451431,0.07649545929422413,0.2275427201852244,0.10007883131048696,-1.3341305718904113,0.19181099182346822
-1.6116583713272854,0.12021812492923549,0.08288742056432072,-0.4631849165183786,4.126891765057535,-2.6310625311353335,-1.2195595081181134,-1.090813556726903,-0.44485662017012456,-0.1206925559529981,-1.9163431045383075,1.0885396266345315,0.9075738307124022,1.218059033777115,-0.045422670294984674,1.5045577247117772,2.6577529172752152,-0.776856546078279,-0.3660413012171472,0.356928193718576,-3.874767396614817,-0.8828798108545393,-0.26557489927918676,-1.796570499594867,0.8349879844737508,0.19782102418693523,0.515473994067814,-2.615171827675532,-0.9909821742771813,1.9109246126672477,1.9059236486599596,-0.1658204853807252,-2.85781321188676,3.654875199491284,0.04169178634078045,-2.1807857514677282,-0.15416980514980272,-0.6562280417401944,-0.1942336695073617,0.397636970688139,-2.247312668013801,0.11502497243943784,-0.24496278226319484,1.2954833949928235,0.5466726266069358,-0.9003510870644315,0.8941196491021018,-1.0996172116234053,-0.5396192358313128,-1.3565061302068226,-0.5348932739879396,-0.24217080389520196,-0.4038960269702698,-0.18055072018551896,2.4099911034186996,-0.3292108813693317
-2.0786437697564866,-0.31221418876060875,0.7883591590532472,-0.4127482617561875,4.576699243157616,-4.051645317835012,-2.5518031308282745,-1.4711926235100778,-0.13015953430731664,-0.29705071807155364,-1.9245044214328637,0.4530362525069314,0.8772135645698126,2.029782809316836,0.5079297329251663,1.8416363957661694,1.7936017265735817,-1.3782293948220747,-1.0278318850097248,0.15566276150097372,-5.004332036762755,-1.2502589612616588,-0.6028621898442845,-3.1946692539918926,0.559674746612349,-0.4333772331508265,0.2410829884116012,-3.5137968341155186,-0.932093085640128,1.9059236486599596,2.961048634106979,-0.6576151753949178,-2.1435507714008706,2.4715245153814056,-0.4114966273695983,-2.6182861335917638,-1.369801583116562,-1.0119329287723053,-0.2702934905381371,0.8949755827636331,-2.9073406919190705,0.4556621237385622,0.0026036150778340327,2.4930624302266633,1.3532449340703407,-2.1780926295935075,0.04208749241585679,-1.554435636172944,0.21326918978815146,-0.9647068414463671,-1.0809840252049772,-1.008288294817727,-0.6250843676745926,0.4624961817694601,2.2684699185340538,-0.5375265992459111
0.5257271652095007,0.13239683429096974,-0.3195085125369651,-0.1281397665308204,-0.48088386040496384,0.7580087245036553,0.7741265966647652,0.3438975650077943,-0.2961520444909865,0.4073952521272142,0.31887208134942596,0.20297828782998448,0.30178205828000043,-0.3119846232362785,-0.30199294327062576,-0.10346659943790289,0.20738862239297096,0.5435525417896052,0.2389057327243527,-0.06109648064489589,0.27544154070233917,0.30632079105964105,0.18410752708036587,0.5975998181620802,0.4190149681734934,0.1205750620296067,0.25331581345615406,0.5409899970166108,0.035530476475643044,-0.1658204853807252,-0.6576151753949178,0.36002807712323703,-0.2342977895492018,0.4825868139501989,0.2220004098707822,0.15121180172213797,0.47364043589174093,-0.05102561852544159,-0.20148683916156593,-0.18420727416535912,0.23537489187724359,-0.006422306723480975,-0.05368090439423347,-0.6646668645061954,-0.45586233635504775,0.8221206462025855,0.4166073086385354,0.22758524637137975,-0.22815400570403344,-0.09530935701837641,0.08959067087529526,0.41373477443637635,0.030496409859304092,-0.19827559639210743,0.10604585034165238,0.00925831025990407
1.8779544380117785,-0.4318819594334948,0.31681764173828214,0.9473531387690641,-6.149940065991588,3.2298833553346853,0.8650557773391618,1.2686780698302873,1.1492873063747846,-0.37610557400975914,2.702253574014295,-2.13192469466496,-1.8924322010462862,-1.5505988815557086,0.5365264738918359,-2.363512194951055,-4.7134034649983745,0.4778418790812093,0.20792116114363746,-0.48723089110613543,5.993556224656898,1.0631293338901913,0.21106203944019977,2.1496454504743228,-1.9668746852184409,-0.4935902287503315,-1.2635440610122008,3.4700515671685914,1.5752197759325886,-2.85781321188676,-2.1435507714008706,-0.2342977895492018,5.0501118792302595,-6.69327359474954,-0.4294658478945925,3.323758461680955,-0.45867620862878583,1.1409245346786803,0.5988549177619636,-0.33336597662044226,3.4449630017786683,-0.16161770438934736,0.42711714686357705,-1.2088824247572023,-0.24816534518142386,0.32600574399486043,-2.110218593241065,1.4701019364016599,1.1970860549519873,2.4097093495161617,0.7258359875753005,-0.20139967064612088,0.6304081959661374,0.541405212608782,-4.1349855985313955,0.5429329061863982
-2.1993394229201573,0.6257103816711436,-0.5794521725673293,-1.2895003266484701,7.759041719627508,-3.818016932538213,-0.7438444722412533,-1.49268677224754,-1.637435851000175,0.6758421361613256,-3.3725924517084027,2.8734700243172346,2.601564453364882,1.850979969841123,-0.8440037573063508,3.007414251329458,6.242325678016049,-0.365919946240257,-0.15280550818220887,0.6173025265955556,-7.62788109804008,-1.2234749046031996,-0.17257089789454513,-2.470277507375776,2.752980056664054,0.7191981376110554,1.7521607091855989,-4.255047009464357,-2.0360736988600543,3.654875199491284,2.4715245153814056,0.4825868139501989,-6.69327359474954,8.961701198359734,0.6627201443603207,-4.250449312262949,0.84144451418129,-1.4950741222660433,-0.8660858051302138,0.3470626816364724,-4.3325949752351915,0.19869473152143316,-0.6002195274473444,1.2296239969047404,0.09287396410502775,-0.011505495897568769,2.948746742012831,-1.7980056661527513,-1.6888589787619825,-3.180605484501128,-0.889972275735525,0.4699801138605696,-0.7960060992157583,-0.823891470024749,5.424520992449692,-0.6908136914074712
0.18787682059319835,0.19759239050581606,-0.2931201053487573,-0.06378383073344276,-0.022802378390005068,0.5031169652210133,0.552458577269522,0.15604594637552532,-0.18000630114636004,0.12562298651399614,-0.03330943389557503,0.3291207865839897,0.09456642753377303,-0.2788602514723494,-0.25941704539241295,-0.04601238149128657,0.4795602739869339,0.27757849226371417,0.2755115005498363,0.06880235298627596,0.2443129048937147,0.11712674426932411,0.11930467557147921,0.4781481624675423,0.20749757367217597,0.24486125968013875,0.18868218846850437,0.30590423008836487,-0.058938923327198404,0.04169178634078045,-0.4114966273695983,0.2220004098707822,-0.4294658478945925,0.6627201443603207,0.21678439463435087,0.0937704460804185,0.509066586023942,0.08514876922275282,-0.01684210787726585,-0.20980172535040595,0.1227370721765355,-0.12037101911940529,-0.0824711465087176,-0.455419279502318,-0.3316306395949575,0.5338296329594745,0.4287547789859995,0.15020700641767534,-0.31655773876434334,-0.2342715553090999,0.18874145982124815,0.3292829434633829,0.05750663669282076,-0.24649957117754176,0.19167202489942234,0.050001888015784625
1.6890168777578873,0.14898069445166648,-0.42476971255424323,0.8222371396902582,-5.152466058223443,3.902774010065007,1.8483686876662728,1.2515134148770166,0.7801124053190636,-0.4531871096257295,1.9008428189584907,-1.0137589005264152,-1.8015794797065308,-2.1060714151493514,-0.06424249083547913,-2.2813516458098038,-2.7994707672997836,0.7217705457455431,0.8930846314975814,-0.060496225044943334,6.193610904591858,1.0653283520050985,0.45192187185138744,3.1186358409384964,-1.6187534099343202,0.36815697927319113,-0.8620473597702047,3.5928794642102795,1.1666572936949187,-2.1807857514677282,-2.6182861335917638,0.15121180172213797,3.323758461680955,-4.250449312262949,0.0937704460804185,3.195447000888025,0.8963893048809438,1.4823412036400743,0.7919208527076396,-0.8186273273310286,3.4664940488468865,-0.61210005923169,0.07472707849879892,-2.015662300673121,-0.8979077803249707,1.2625099779283877,-0.9003718244256034,1.6226344668285617,0.14276938147374107,1.4828710524421436,1.2834586541139585,0.5189191975033953,0.7903453558637192,-0.25550550894193236,-3.2590166901293767,0.7193233394433524
