V1,V2,V3,V4,V5,V6,V7,V8,V9,V10,V11,V12,V13,V14,V15,V16,V17,V18,V19,V20,V21,V22,V23,V24,V25,V26,V27,V28,V29,V30,V31,V32,V33,V34,V35,V36,V37,V38,V39,V40,V41,V42,V43,V44,V45,V46,V47,V48,V49,V50,V51,V52,V53,V54,V55,V56
1.6955334050074422,1.5529014986429996,1.470692698595575,-5.300601997798259,-0.421361880661578,0.6730872945603135,-1.4016512314921725,-2.1895329806617503,2.3274845832203517,-1.7779471565116116,-0.19173130308353936,2.340882591492457,-2.122802069161281,-2.026956535919952,0.5326508191218112,0.3499921019453532,1.3659286689200159,1.8314741491599829,1.817313736454608,-3.1596736433885493,1.108038472180483,-3.427242220057529,-0.28338262163939304,1.2510283671736522,0.9030469161535531,-2.145113863616949,0.03694636220883195,1.6581570082607666,-4.250114004501767,2.5199689807428407,3.6998380402384363,-1.289684515253062,-2.2916456835216796,-0.10703904975852427,-1.0123875132291917,-0.9365129219149388,2.768471807000413,1.0070140833078187,0.29582498094989657,-1.1917965041563503,-3.382820231444265,4.19931047363289,5.4511378255997665,3.5985991790523673,-0.1330102986885025,1.3461245826140467,-0.2511415887153524,0.41428016154498387,2.4137760084202373,3.052308094878298,1.446524866884722,-0.5185110105720598,2.0747243857053945,3.808897088043491,-0.9798174309882688,0.9239076311421407
1.5529014986429996,1.9121112681770545,1.4597022796869266,-5.2225357311008365,-0.1841269631858632,1.0331354364246457,-1.8713839412066862,-2.177266445323228,2.257325713509575,-1.5729515284920088,-0.23598960541493952,2.1286989233428093,-2.5061348116021773,-2.065214866217232,1.1040895967855098,0.24089975684951348,1.779475797101459,1.7495389915804667,2.051518876927138,-3.195144836586467,1.3400487203976759,-3.5428695752842887,0.2649593283636522,1.570741756917764,0.8081713385437138,-2.2414573380898513,-0.2886004664660996,1.5373716112129536,-4.023286122150736,2.7922309486357553,4.164768021129698,-1.2371289061320225,-1.7331145994953823,0.020164541101563946,-0.9329497629243367,-0.9155445645210765,2.159583432204371,0.32024174768313723,0.585265806023156,-1.3907591515125475,-2.9106650571589467,4.26983948036072,5.116313185352031,3.8988486469238794,-0.2955692277059633,1.2202915036854902,-0.17624263339752566,0.050414582276536564,2.3514119789727475,3.1096377923589476,1.4463043983379638,-0.4240886518855334,1.9388872367752101,3.2243858842380613,-1.4805480885534565,1.0660890960276612
1.470692698595575,1.4597022796869266,2.0088400675627445,-4.9591868580392084,-0.4451503012783148,0.5853399013508749,-1.4060111331017813,-2.6450689990845606,2.499059901046907,-1.0448753399380866,-0.11720503427059303,2.1343522345583477,-1.2484496782499024,-1.3227863692156112,0.49648486009133286,0.4680221235838612,1.273814362938776,2.4672716802687815,0.5596534348517181,-2.327701685520667,0.737566262152276,-3.274139778264179,-0.7397018624567776,0.857727253194168,0.8881469069255683,-2.2745584768423464,-0.6380783665234402,1.0870224076253734,-3.822868335837211,1.934268575428623,3.3872211871586004,-1.037527913965236,-1.9727252001513642,-0.5889261571919805,-0.678158925742422,-0.5224216202310452,2.8922843019047892,1.4122802536675305,-0.26485568807047827,-1.1906808490072522,-2.662706680926489,3.81650845928119,4.60806242924422,3.5661632497444176,-0.2114807506785622,1.512970049629045,-0.13630796839021792,-0.4622672145572161,1.931724195891304,2.0281911622909803,0.8368320568986503,-0.6470910829636998,1.359418403084218,2.975641010472132,-1.384958057952205,1.0073615032161762
-5.300601997798259,-5.2225357311008365,-4.9591868580392084,17.167871244883543,1.192792302685513,-2.479818999773518,4.889089104124261,7.113332426993561,-7.664199289440187,5.334582512742058,0.5682919085644936,-7.427878504408973,6.869591967489456,6.331691058965702,-2.075061778421659,-1.082747754775658,-4.706805479493225,-6.137059874365828,-5.566978000026289,9.90166972374519,-3.6071539224739615,11.208882678310044,0.6148325028015494,-4.0464313766459465,-2.8984327147100233,7.02240907109307,0.3296896079265159,-5.0626556456603815,13.47980092934058,-8.127131799475828,-12.208267667260323,4.127109765414573,7.073349177897353,0.274123189061963,3.1357295880456193,2.874662659683903,-8.739035090438538,-2.999095667675409,-1.0082800548325066,4.126336271480799,10.487684839498657,-13.549548421268815,-17.216165971157903,-11.9228963469066,0.6766525481703629,-4.353000856757798,0.845085837342196,-0.8587174618241823,-7.75386716499798,-9.404965038665477,-4.457294595032588,1.6936715939972884,-6.371964777036721,-11.712925854108152,3.751625753857983,-3.1386917920942596
-0.421361880661578,-0.1841269631858632,-0.4451503012783148,1.192792302685513,0.26792871020760645,0.09724982154790286,0.09467772370318774,0.7572228771366518,-0.5759886031165447,0.4259713809393518,0.16268733379970085,-0.5938575467201386,0.09489106766045681,0.4268920605231884,0.11683218687515481,-0.12937277748188444,-0.1267345200994622,-0.6007688983508596,-0.16011458939326195,0.6810662246085541,-0.028673371750809293,0.6629048843875855,0.5507589573845034,-0.0989577963432408,-0.2602822218983884,0.4744809101386326,-0.06583225864624528,-0.32467153643114016,1.1267937045800605,-0.407694727915784,-0.518404928262705,0.3155062057114695,0.6837154280111598,0.25201788007008563,0.16141054606029825,0.11791478079568699,-0.8083155325270118,-0.809232283571401,0.09361306891419692,0.06283459326972474,0.7283235323266201,-0.9583307063605141,-1.2564851702364586,-0.6611089497554844,-0.05666387334270269,-0.42569436682189893,-0.07070930906919622,-0.13316438776046824,-0.41568840219907677,-0.6116912799496446,-0.3417044958376022,0.12980716392608274,-0.4143835831066774,-1.0646028704845687,-0.03413013200104421,-0.18684241417226918
0.6730872945603135,1.0331354364246457,0.5853399013508749,-2.479818999773518,0.09724982154790286,0.7657371716003669,-1.0903236149172668,-0.687025087032512,1.0498125359239525,-0.6745403303423154,0.06529854085646761,0.9416020397819399,-1.5399403978124073,-0.9448607153243536,0.7222140058231725,0.06252057017489798,1.0060749802201174,0.6593987234991988,1.1285179776393475,-1.4453654265145366,0.8373259587534155,-1.782047110740666,0.6436004978921251,0.8611229325457013,0.3318228518866438,-1.0344420381850883,-0.20580033946130935,0.744627034570589,-1.683424337721543,1.422968626400607,2.2513547761933212,-0.5526149034379669,-0.6941890445503878,0.2866581629544139,-0.5060951228662117,-0.5145265157583532,0.9126322116525906,-0.416504821001802,0.4087818853630002,-0.9154863250280826,-1.4407793144984689,1.955803840578981,2.364915481211676,1.9826836879817822,-0.2636173681640961,0.4639250323313042,-0.26666050696467836,-0.019673960176251584,1.2752199747382171,1.4156749927795114,0.6089648179723861,-0.21121312242478218,0.9312182186454314,1.288964405940566,-0.9921900905761423,0.517814070791543
-1.4016512314921725,-1.8713839412066862,-1.4060111331017813,4.889089104124261,0.09467772370318774,-1.0903236149172668,1.8836966506825503,1.9957366098400557,-2.1416254793055054,1.3524970836731647,0.16902875431860429,-1.9446052098912627,2.4168543773026965,1.8646864187317336,-1.1624245378365727,-0.2102664149375222,-1.767336743805234,-1.6630233086092572,-1.8661402696280378,2.8999512205817135,-1.3040074788370581,3.3748431207360072,-0.41637319542378354,-1.501158231304584,-0.7358126194352534,2.129120833045743,0.4049831173022374,-1.3742361796601097,3.6523765077056964,-2.627868903213168,-4.026751779071837,1.1301325166727707,1.5064966866971048,-0.07286195162645256,0.8506368056530282,0.8356103131485819,-1.9484234746043394,-0.10701532850796379,-0.5670682049547501,1.415122368277561,2.627052180866624,-3.9759234308573235,-4.6759284260052,-3.752369318291886,0.3508339486046014,-1.1184928859402945,0.20864624887725555,0.09694180236343136,-2.2121829667994373,-2.79528953202601,-1.2731069758336988,0.4090079211003796,-1.736807370148979,-2.812531986096894,1.5937053114478468,-1.0377817728686922
-2.1895329806617503,-2.177266445323228,-2.6450689990845606,7.113332426993561,0.7572228771366518,-0.687025087032512,1.9957366098400557,4.064374916689761,-3.372440364718012,1.9155079417861998,0.6224300839250863,-3.0557641488948604,1.9811730573829591,2.4455768270330362,-0.863862963487588,-0.5553700965112593,-1.9253842172007174,-3.306135816153122,-1.5358831993138227,3.9891602832992263,-1.0875604186456673,4.56986321073384,1.2443736643263714,-1.5205254073978665,-1.2786298575489403,3.209350889219379,0.5974228452441078,-1.7413979676168256,5.9065661898348765,-3.1703596785830315,-4.813275448269456,1.6478158755018948,2.704150736782899,0.9125940520871557,0.9580301723608818,0.8215889937091344,-3.6105342543920838,-2.2586088801084405,-0.051447093493803844,1.350273902503398,3.6263399857281327,-5.818597568519047,-6.824615140020524,-5.0231549270419364,0.17412742879707774,-2.1463716618651474,-0.20016572036167504,0.30339897725778403,-2.658154302083463,-3.6787068084361905,-1.756918842299548,0.6936235861834623,-2.2100929039306645,-4.666271567750688,1.5431838014064745,-1.4692114272118597
2.3274845832203517,2.257325713509575,2.499059901046907,-7.664199289440187,-0.5759886031165447,1.0498125359239525,-2.1416254793055054,-3.372440364718012,3.5880347855977153,-2.1057431034566667,-0.15729302328433206,3.3241153462346955,-2.6769412413550473,-2.509607497983958,0.8080357096314542,0.5713683361930896,2.0146495940734743,3.084759523413786,1.8802703270274466,-4.062215439237269,1.4436112137130381,-5.02109624110179,-0.5309681722291724,1.5820374320725543,1.3229464500518384,-3.2254417141835803,-0.40562016607524,2.0653514491835887,-5.924175918779446,3.3525357706268677,5.33878948096203,-1.756302837843785,-3.19526521600277,-0.32743673216909713,-1.3016338323744188,-1.131802112125561,4.190925166369357,1.6092872807519234,0.1232656755293579,-1.8859554485594732,-4.577437172803352,5.934456733017656,7.501163084167886,5.355677664449427,-0.32869211901025863,2.067110250874239,-0.4048071157385496,0.054246028109443206,3.3527643173937993,3.7404123407075685,1.6999754841370138,-0.8690600347953216,2.592444906367118,5.025305006053094,-1.8391980311011205,1.4293945500739444
-1.7779471565116116,-1.5729515284920088,-1.0448753399380866,5.334582512742058,0.4259713809393518,-0.6745403303423154,1.3524970836731647,1.9155079417861998,-2.1057431034566667,2.249572012658625,0.36112202732708243,-2.37796784533301,2.6069812431619157,2.5216466049973763,-0.5850682136792648,-0.2250385138800329,-1.4144565163726455,-1.3477278863695084,-2.678413875195829,3.7021392726290645,-1.2831184042851307,3.3635014281277065,0.053724555305582025,-1.5015681240096883,-0.8872224853029406,1.9650965996859175,-0.5128554299981354,-1.9669780865275295,4.474824444760581,-2.885032636967605,-3.7320990044549998,1.4457789449212042,2.367487602797209,-0.17993445710322548,1.1558449342957007,1.1547202668536933,-2.4466123514690894,-0.8330224834766904,-0.7509359878023278,1.06414595425217,3.61215214333735,-4.381240566790231,-5.8054435238890765,-3.474287388281493,0.07021865926131551,-1.205628009252856,0.19760309657990577,-1.0136471376948117,-2.5902687089811955,-3.723395162076294,-1.9088792712440092,0.35747791077599494,-2.475191404589204,-4.268102649326001,0.6011850049162659,-0.8584758777749314
-0.19173130308353936,-0.23598960541493952,-0.11720503427059303,0.5682919085644936,0.16268733379970085,0.06529854085646761,0.16902875431860429,0.6224300839250863,-0.15729302328433206,0.36112202732708243,0.4363665655611658,-0.22037450496972708,0.17646274324268763,0.5492547706199404,-0.20614686846105573,0.045788040168212564,-0.24993318773267306,-0.1969690766946514,-0.5249613542667938,0.7181175156522022,-0.03306192043195248,0.26184301972442214,0.32041472928432896,-0.27655792203610624,-0.11806412935475125,0.22865501302828287,-0.09622487459723578,-0.17340518187033935,0.7694962421056929,-0.49428871958198395,-0.29691427854587893,0.2613819541505153,0.08334527473909306,0.16986843566314497,0.0013762151098684898,0.041833660540470795,0.14192185722360393,-0.4893315247050458,-0.31114401673955167,-0.165327842215777,-0.013090573444180752,-0.7211448901875729,-0.5911805134907012,-0.35231595436753893,-0.039614920730471466,-0.18245756477463,-0.3476040092229959,-0.1470714391342103,-0.06628683623817763,-0.7201979912420625,-0.5187952143266429,-0.11904780924561469,-0.2640831809716956,-0.5780105588055197,-0.14122843278524078,-0.1718283258727817
2.340882591492457,2.1286989233428093,2.1343522345583477,-7.427878504408973,-0.5938575467201386,0.9416020397819399,-1.9446052098912627,-3.0557641488948604,3.3241153462346955,-2.37796784533301,-0.22037450496972708,3.2825892127227783,-2.848577405728689,-2.7189840204269555,0.6913856143943106,0.5087361708676604,1.8803710971169765,2.657348054242902,2.3347792003207184,-4.2625580965627705,1.4826898888056848,-4.802230903413475,-0.44444120065408915,1.6380031066928442,1.2784697617515215,-2.9983866566092776,-0.019167199872152346,2.240260682557199,-5.88099832710496,3.4114935265021478,5.111759139217135,-1.7983518077846834,-3.255543454546607,-0.15358243216862813,-1.389531778096546,-1.2562547448012322,3.9852957235590476,1.502544947368716,0.3298408240078675,-1.7125201223167377,-4.710214217879644,5.81385005303515,7.55259530453472,5.036343111174836,-0.22929849251211695,1.907489141912657,-0.4103084210138253,0.5122685966207601,3.375862431012558,4.047916521144813,1.9190562603393166,-0.7692027789262809,2.812720338901037,5.2622824987731915,-1.4443127253269727,1.2989985415351015
-2.122802069161281,-2.5061348116021773,-1.2484496782499024,6.869591967489456,0.09489106766045681,-1.5399403978124073,2.4168543773026965,1.9811730573829591,-2.6769412413550473,2.6069812431619157,0.17646274324268763,-2.848577405728689,4.174325316472025,3.1730275415450953,-1.4550115401464574,-0.17570719304105603,-2.358129064415849,-1.4727024652193221,-3.7838752478372877,4.663972325305842,-2.1398534091696946,4.656645116663561,-1.09461361094927,-2.340222783693464,-0.9938572348855329,2.6410674685152133,-0.26570178122665705,-2.4926799583859536,5.247915057009282,-4.043484963272308,-5.643480246587137,1.7574263990582757,2.4943144148378424,-0.7015585731208909,1.5470804571033239,1.6000014845034742,-2.644200084943795,0.34418661459289385,-1.2779437436497878,1.9378210671828846,4.480164261577669,-5.604233948352365,-7.194638736496114,-4.964383786401813,0.37675056024083103,-1.2878237325910542,0.5434348182462999,-0.9164060193932407,-3.5581941288350856,-4.733247535449391,-2.2721920435510703,0.46115272063468304,-3.127082081805982,-4.706312808610491,1.6527165958037677,-1.2349425197467687
-2.026956535919952,-2.065214866217232,-1.3227863692156112,6.331691058965702,0.4268920605231884,-0.9448607153243536,1.8646864187317336,2.4455768270330362,-2.509607497983958,2.5216466049973763,0.5492547706199404,-2.7189840204269555,3.1730275415450953,3.0213196454255757,-1.012730791821821,-0.2104124569978745,-1.9173944703637225,-1.6769331306755555,-3.217341016522505,4.419627402880927,-1.567666305361011,4.054918195306675,-0.06811570450021667,-1.9197039416276103,-1.026420073494824,2.4203178313694766,-0.37697148338200426,-2.2062246450139735,5.269869624348157,-3.558691532421526,-4.630010831971603,1.717832883164956,2.497443361251738,-0.18739903708606181,1.2710408649238012,1.2932596392472349,-2.5543173029902584,-0.8340543081645684,-1.0395120224051655,1.3135871882791763,3.9008722259568347,-5.306931870278488,-6.67931465492997,-4.311757770593642,0.17885944683017527,-1.416254237679323,0.10816249335361572,-0.944871059107776,-2.9723342270373543,-4.412832533258618,-2.28976752948343,0.36231693434846474,-2.8041149255137237,-4.758101622287391,0.9816902265294222,-1.1355358536564295
0.5326508191218112,1.1040895967855098,0.49648486009133286,-2.075061778421659,0.11683218687515481,0.7222140058231725,-1.1624245378365727,-0.863862963487588,0.8080357096314542,-0.5850682136792648,-0.20614686846105573,0.6913856143943106,-1.4550115401464574,-1.012730791821821,0.9714817601976927,-0.029539347631875185,1.1058172629014222,0.5472880561774541,1.2508907609277244,-1.4892111376029036,0.7810506122775526,-1.5255764732673336,0.6018018611564516,0.9889245197431976,0.24559639175233994,-0.9637116412931878,-0.2919178420559992,0.5925761989003404,-1.530650684342901,1.478780116936382,2.108328473646624,-0.49766085556995127,-0.2229781560909115,0.15746342065157476,-0.3313254307713672,-0.39849944144362265,0.2506228879527828,-0.46614114857000505,0.6050883832385677,-0.6855417527986092,-0.7992434718664317,1.873205620267402,1.882593706643911,1.8260650651191859,-0.239185766243432,0.36982196023870734,0.045176339579888564,-0.16456126464927262,0.9259894852472961,1.5068616274678368,0.7200193069719159,-0.04228714507768905,0.7641211674679785,0.924916119111563,-0.9342052877270459,0.5516011771375808
0.3499921019453532,0.24089975684951348,0.4680221235838612,-1.082747754775658,-0.12937277748188444,0.06252057017489798,-0.2102664149375222,-0.5553700965112593,0.5713683361930896,-0.2250385138800329,0.045788040168212564,0.5087361708676604,-0.17570719304105603,-0.2104124569978745,-0.029539347631875185,0.1486618108696596,0.17181919842225626,0.5737186328586275,-0.006908411683050919,-0.43166769982160136,0.12109019009934503,-0.7068474413181177,-0.25199338780866204,0.10223134642633189,0.20765892070442882,-0.49825624416596187,-0.11253581365652811,0.25273734566750417,-0.8239737903338213,0.31853667473917574,0.6622802153361304,-0.20756974338118003,-0.5515692131268735,-0.16568466684047564,-0.17540061942580276,-0.11823291820094334,0.823914315101779,0.3885318166574734,-0.18637255383922283,-0.25490436456701854,-0.7150887626929613,0.7696759755292754,1.0525665999061846,0.7257206866145136,-0.009743636346859617,0.3518035209900699,-0.093119236767523,-0.0798007514693988,0.4381628726516901,0.3648716040114966,0.11054545934484875,-0.19147105607014048,0.30417558647418225,0.7189573243259749,-0.2463734375997789,0.18184751599374624
1.3659286689200159,1.779475797101459,1.273814362938776,-4.706805479493225,-0.1267345200994622,1.0060749802201174,-1.767336743805234,-1.9253842172007174,2.0146495940734743,-1.4144565163726455,-0.24993318773267306,1.8803710971169765,-2.358129064415849,-1.9173944703637225,1.1058172629014222,0.17181919842225626,1.6930871282388942,1.5285086687250053,1.9582207801944824,-2.920599874537721,1.247384141195494,-3.1986388527366776,0.3556454392616333,1.474454635883078,0.7160696874302939,-1.997653716822246,-0.27341967153046337,1.370514899753117,-3.6095409105998497,2.595197731462657,3.814478292642378,-1.1326559903736577,-1.4731463470179582,0.08952499333328806,-0.8249966123966939,-0.8271647445060538,1.7955391158381984,0.19583390341581605,0.6457881541118289,-1.2822162911463635,-2.530072704186658,3.8815128387327356,4.56675616349016,3.552351453977245,-0.31371237561758103,1.0725171483114773,-0.13456687322453595,0.046098049940158835,2.129177543102298,2.8360037036248933,1.3534987604589415,-0.3438522281457843,1.739979807620586,2.840123540457835,-1.3938361193498632,0.987299835164874
1.8314741491599829,1.7495389915804667,2.4672716802687815,-6.137059874365828,-0.6007688983508596,0.6593987234991988,-1.6630233086092572,-3.306135816153122,3.084759523413786,-1.3477278863695084,-0.1969690766946514,2.657348054242902,-1.4727024652193221,-1.6769331306755555,0.5472880561774541,0.5737186328586275,1.5285086687250053,3.0584719912146645,0.701924187220774,-2.9162609455140425,0.8615343626269795,-3.9973883822584217,-1.0273235745669682,1.0242175524136174,1.1177799318140555,-2.7749002957942857,-0.7193647876071315,1.3510835421846443,-4.803372862243006,2.378985299553497,4.084986583159951,-1.3081045959627484,-2.4957108368904213,-0.7543349588111457,-0.8308439530471474,-0.6382344992712978,3.5990451169016695,1.9186777090369866,-0.31604146040331704,-1.4041455175406867,-3.299886033018937,4.737087298701356,5.735546741550052,4.345560117181879,-0.2398249136297952,1.9007030108175724,-0.11842932632041248,-0.4950304754957043,2.3715967856882707,2.5375430180912533,1.091083879986269,-0.7815201687017199,1.69487096840222,3.7863703316812853,-1.593056942798812,1.232210652756976
1.817313736454608,2.051518876927138,0.5596534348517181,-5.566978000026289,-0.16011458939326195,1.1285179776393475,-1.8661402696280378,-1.5358831993138227,1.8802703270274466,-2.678413875195829,-0.5249613542667938,2.3347792003207184,-3.7838752478372877,-3.217341016522505,1.2508907609277244,-0.006908411683050919,1.9582207801944824,0.701924187220774,4.070667264263103,-4.504918333398483,1.84044420246889,-3.6238668214236585,0.9111308185833246,2.194755390338965,0.8049412112653005,-1.9555236149205142,0.7619624195073266,2.3290971081482548,-4.6331140184356006,3.7125191756715634,4.4941139469572144,-1.6424143392416044,-2.0430524700117676,0.7415488905192127,-1.353392347794269,-1.4834542226650151,1.6347906028825072,-0.21264108776205815,1.5986245748912322,-1.2578639908067122,-3.688913122941373,4.827415452742514,6.183364796089215,3.832706856386801,-0.18584895608081242,0.9188304280356162,-0.19683257540511342,1.4141224285046308,2.936583832394308,4.702793734230735,2.485438124964641,-0.1271265027713493,2.960283296214387,4.391246969824801,-0.7759023871401219,0.9521524881486495
-3.1596736433885493,-3.195144836586467,-2.327701685520667,9.90166972374519,0.6810662246085541,-1.4453654265145366,2.8999512205817135,3.9891602832992263,-4.062215439237269,3.7021392726290645,0.7181175156522022,-4.2625580965627705,4.663972325305842,4.419627402880927,-1.4892111376029036,-0.43166769982160136,-2.920599874537721,-2.9162609455140425,-4.504918333398483,6.603100504717153,-2.3588150323021724,6.390162343973933,0.06412546862236858,-2.8493569458828207,-1.6215864586717765,3.9113652786562367,-0.3361190500086871,-3.3103867204763637,8.140922338912992,-5.332206812174062,-7.225803633261479,2.579011947421619,3.921718353096677,-0.09100346651140598,1.9356160130460771,1.9203361733861106,-4.292983535459489,-1.4152547464158631,-1.2913824032389658,2.1251420239348864,6.078158970213216,-8.187892239165297,-10.314085923638476,-6.8066916189963305,0.27727210826547055,-2.3159545388605105,0.21980485500239078,-1.138543000764026,-4.5635436407527,-6.541864541516739,-3.291893324785602,0.6845183064672441,-4.18672188464955,-7.239848205561587,1.7134276157520802,-1.7926592842776068
1.108038472180483,1.3400487203976759,0.737566262152276,-3.6071539224739615,-0.028673371750809293,0.8373259587534155,-1.3040074788370581,-1.0875604186456673,1.4436112137130381,-1.2831184042851307,-0.03306192043195248,1.4826898888056848,-2.1398534091696946,-1.567666305361011,0.7810506122775526,0.12109019009934503,1.247384141195494,0.8615343626269795,1.84044420246889,-2.3588150323021724,1.1312260163199932,-2.4758115699738217,0.5825634925072912,1.2200100087964716,0.5198335290865246,-1.4431846445114211,0.028372960963442145,1.2640851365797858,-2.7121469466639474,2.0775867458787047,3.0200436951161755,-0.8734388840309196,-1.265365885150587,0.30889378198627854,-0.7998163399485824,-0.8172925274816949,1.4541709385850337,-0.22780099325758627,0.5772771668508923,-1.0680029838333305,-2.333589921914392,2.913720375009538,3.725820352710161,2.6610129320966576,-0.20396615738774931,0.7056847914961766,-0.2944387624257416,0.3291221852791785,1.8425948582086014,2.3919523859769076,1.0956359545753247,-0.27431894886764513,1.5728342710421508,2.360354212963276,-0.9678200591969721,0.6624635253943614
-3.427242220057529,-3.5428695752842887,-3.274139778264179,11.208882678310044,0.6629048843875855,-1.782047110740666,3.3748431207360072,4.56986321073384,-5.02109624110179,3.3635014281277065,0.26184301972442214,-4.802230903413475,4.656645116663561,4.054918195306675,-1.5255764732673336,-0.7068474413181177,-3.1986388527366776,-3.9973883822584217,-3.6238668214236585,6.390162343973933,-2.4758115699738217,7.43207450217007,0.13499145356762035,-2.734792470978835,-1.8494519584002989,4.662813180352411,0.3760663074419993,-3.2853930925560073,8.646373421674339,-5.355635157241958,-8.21609833055595,2.636254193979051,4.473301235395386,0.1140649542611976,2.0560036340363688,1.8933901486096747,-5.635097658284523,-1.5758782511912153,-0.6524605080885315,2.8529445691300475,6.814013832052035,-8.823312683890888,-11.15711894691055,-7.939552448768292,0.5004154822716322,-2.7875317725033786,0.6429629533236322,-0.37998736691347185,-5.103108101531192,-6.083166818244809,-2.7953837027595454,1.138154689464011,-4.1214873829284455,-7.400266779634619,2.7241924474510006,-2.086903331774805
-0.28338262163939304,0.2649593283636522,-0.7397018624567776,0.6148325028015494,0.5507589573845034,0.6436004978921251,-0.41637319542378354,1.2443736643263714,-0.5309681722291724,0.053724555305582025,0.32041472928432896,-0.44444120065408915,-1.09461361094927,-0.06811570450021667,0.6018018611564516,-0.25199338780866204,0.3556454392616333,-1.0273235745669682,0.9111308185833246,0.06412546862236858,0.5825634925072912,0.13499145356762035,1.5780375954548285,0.45889993240720184,-0.27777656045288945,0.3589665482447745,0.09856102510632746,0.09884039908786472,0.9198193090712563,0.30686099508462883,0.4434605514286015,0.14321695834551365,0.6650329259337006,0.8671937722867924,-0.15521440941746018,-0.2715878018434869,-0.9738062168670998,-1.88564750215621,0.6475067523736568,-0.4104340488850544,0.14041212235334716,-0.48736532995757237,-0.5532882542787887,-0.09093275966306877,-0.21856533186691743,-0.5955574389131713,-0.36505232713061897,0.18484866871427652,0.2066067216322089,0.12712982678688464,-0.010606353966661838,0.16540156259790068,0.1089452169095044,-0.8050242519186112,-0.4219690948225534,-0.09895521797084139
1.2510283671736522,1.570741756917764,0.857727253194168,-4.0464313766459465,-0.0989577963432408,0.8611229325457013,-1.501158231304584,-1.5205254073978665,1.5820374320725543,-1.5015681240096883,-0.27655792203610624,1.6380031066928442,-2.340222783693464,-1.9197039416276103,0.9889245197431976,0.10223134642633189,1.474454635883078,1.0242175524136174,2.194755390338965,-2.8493569458828207,1.2200100087964716,-2.734792470978835,0.45889993240720184,1.4648562751537528,0.5923320088984685,-1.6642833027905422,0.020736693857931324,1.3955007983535133,-3.2256989551596695,2.4563610509368683,3.3687341155107178,-1.026432455584447,-1.2824392635143733,0.19395002630911648,-0.81761773200297,-0.8655900378705687,1.3795062484911158,-0.04200444268379521,0.7650459413556692,-1.0303074207762668,-2.360449886646415,3.436630526938507,4.158931151460736,3.002783022900364,-0.18904889437169095,0.833720298896123,-0.08730111257291281,0.3377005730093065,1.9212382715312888,2.9009306292097783,1.406800776955706,-0.2156015507452125,1.7563169820141615,2.691987540839006,-0.9876809552499017,0.8011798990969474
0.9030469161535531,0.8081713385437138,0.8881469069255683,-2.8984327147100233,-0.2602822218983884,0.3318228518866438,-0.7358126194352534,-1.2786298575489403,1.3229464500518384,-0.8872224853029406,-0.11806412935475125,1.2784697617515215,-0.9938572348855329,-1.026420073494824,0.24559639175233994,0.20765892070442882,0.7160696874302939,1.1177799318140555,0.8049412112653005,-1.6215864586717765,0.5198335290865246,-1.8494519584002989,-0.27777656045288945,0.5923320088984685,0.5157638977234285,-1.1784694496888355,-0.047148528993524286,0.8195418741851986,-2.3188133498388934,1.283228284795403,1.9314015921070358,-0.7038377675566049,-1.2682573644876478,-0.12499222568497073,-0.508772010254743,-0.4451236423722295,1.5799472419294294,0.7278849638372884,0.09323915454104055,-0.6390631966917774,-1.7674023611692513,2.2682753102221107,2.9019639505251686,1.9545374233196582,-0.09204464757931236,0.7838262692760003,-0.11481608262539632,0.14558451189445032,1.2655685029414026,1.508158509833449,0.7339369228191411,-0.29973542866100483,1.0369015231696435,2.0394407248070623,-0.5525088694293327,0.5186916478901661
-2.145113863616949,-2.2414573380898513,-2.2745584768423464,7.02240907109307,0.4744809101386326,-1.0344420381850883,2.129120833045743,3.209350889219379,-3.2254417141835803,1.9650965996859175,0.22865501302828287,-2.9983866566092776,2.6410674685152133,2.4203178313694766,-0.9637116412931878,-0.49825624416596187,-1.997653716822246,-2.7749002957942857,-1.9555236149205142,3.9113652786562367,-1.4431846445114211,4.662813180352411,0.3589665482447745,-1.6642833027905422,-1.1784694496888355,3.052098683574291,0.44047438965159474,-1.933020904572841,5.472760435355931,-3.2652373718236607,-5.121260651374055,1.6022611852722604,2.715705763998356,0.33943699068327277,1.1898620326487628,1.0696007654850712,-3.580060794236038,-1.229936941232319,-0.23445758178232365,1.7204954208351826,4.064854544071267,-5.5632879159672175,-6.873044011397482,-5.036221563951196,0.28279556872692535,-1.8560072679216386,0.2652057024454594,0.048328797890093866,-3.025162194679268,-3.6899399470054255,-1.6562087096108034,0.7374383119422848,-2.4216829160499085,-4.512635346691782,1.773245594641435,-1.362578514544323
0.03694636220883195,-0.2886004664660996,-0.6380783665234402,0.3296896079265159,-0.06583225864624528,-0.20580033946130935,0.4049831173022374,0.5974228452441078,-0.40562016607524,-0.5128554299981354,-0.09622487459723578,-0.019167199872152346,-0.26570178122665705,-0.37697148338200426,-0.2919178420559992,-0.11253581365652811,-0.27341967153046337,-0.7193647876071315,0.7619624195073266,-0.3361190500086871,0.028372960963442145,0.3760663074419993,0.09856102510632746,0.020736693857931324,-0.047148528993524286,0.44047438965159474,0.7410184130821917,0.3173142682113008,0.013536740255940673,0.07490390127917783,-0.4652370949770581,-0.1101591648763698,-0.23958380070074575,0.3509840517918984,-0.16545572730478758,-0.22046662945009068,-0.2330385908650088,-0.03552132579460989,0.35557408728509804,0.2910848840822704,-0.3323496307951071,-0.19186837360422582,0.18016349140832782,-0.5788485762856136,0.15304525199391178,-0.24168837184204148,-0.04646610130984084,0.8965978512116186,0.10911145199993073,0.4834215094143951,0.39511783952645413,0.1568497290010936,0.40520309252393927,0.5387224755860394,0.7427756092645181,-0.23857861010137957
1.6581570082607666,1.5373716112129536,1.0870224076253734,-5.0626556456603815,-0.32467153643114016,0.744627034570589,-1.3742361796601097,-1.7413979676168256,2.0653514491835887,-1.9669780865275295,-0.17340518187033935,2.240260682557199,-2.4926799583859536,-2.2062246450139735,0.5925761989003404,0.25273734566750417,1.370514899753117,1.3510835421846443,2.3290971081482548,-3.3103867204763637,1.2640851365797858,-3.2853930925560073,0.09884039908786472,1.3955007983535133,0.8195418741851986,-1.933020904572841,0.3173142682113008,1.8126984250087426,-4.069703981600097,2.654452548106714,3.6758398504503327,-1.296076735342932,-2.210451307447628,0.19309315688102774,-1.1027513271292237,-1.0823057443636404,2.4397674786032826,0.5551056324296436,0.5748505877316884,-1.1696514430478644,-3.4641104598055468,4.06201905225293,5.418946057775283,3.4001538423775983,-0.11615434402289844,1.1298384437225613,-0.32826785069368863,0.7654065336445752,2.496461242787178,3.3140789627748064,1.6037892443730588,-0.4216185782266632,2.2632492070554746,3.830148068469615,-0.8165033905581851,0.8274157281440364
-4.250114004501767,-4.023286122150736,-3.822868335837211,13.47980092934058,1.1267937045800605,-1.683424337721543,3.6523765077056964,5.9065661898348765,-5.924175918779446,4.474824444760581,0.7694962421056929,-5.88099832710496,5.247915057009282,5.269869624348157,-1.530650684342901,-0.8239737903338213,-3.6095409105998497,-4.803372862243006,-4.6331140184356006,8.140922338912992,-2.7121469466639474,8.646373421674339,0.9198193090712563,-3.2256989551596695,-2.3188133498388934,5.472760435355931,0.013536740255940673,-4.069703981600097,10.960480552019273,-6.501492106371831,-9.345385769083766,3.338007794788862,5.613148824236459,0.4152133490287628,2.4237799030611074,2.2534932544127693,-6.714586157306348,-2.8804672274272733,-0.9144436224465372,2.8916083815370843,8.15280535435378,-10.840666740584165,-13.69587908572285,-9.19333027401883,0.38021901576088535,-3.4977066912587182,0.34711428968892766,-0.9224958257478464,-5.946152580999372,-7.805875682325146,-3.832990965717872,1.205662709946873,-5.135551319578337,-9.598497634145962,2.4841470307030042,-2.450414297380733
2.5199689807428407,2.7922309486357553,1.934268575428623,-8.127131799475828,-0.407694727915784,1.422968626400607,-2.627868903213168,-3.1703596785830315,3.3525357706268677,-2.885032636967605,-0.49428871958198395,3.4114935265021478,-4.043484963272308,-3.558691532421526,1.478780116936382,0.31853667473917574,2.595197731462657,2.378985299553497,3.7125191756715634,-5.332206812174062,2.0775867458787047,-5.355635157241958,0.30686099508462883,2.4563610509368683,1.283228284795403,-3.2652373718236607,0.07490390127917783,2.654452548106714,-6.501492106371831,4.463584560964259,6.21403367788707,-2.061598209858405,-2.9939732314496443,0.19141811171439693,-1.573212360500317,-1.5787200900373688,3.355503649089048,0.7277457820664868,1.1309564650159347,-1.9444264817874797,-4.861544772678595,6.706764527077024,8.31628269733404,5.775972444403434,-0.33974725334909506,1.843087342786706,-0.24869199039294662,0.7144535432026883,3.787082981115495,5.2775694178375385,2.5990228780260862,-0.5681538088950036,3.352613349731215,5.607191164246741,-1.7517281572967311,1.534175645721439
3.6998380402384363,4.164768021129698,3.3872211871586004,-12.208267667260323,-0.518404928262705,2.2513547761933212,-4.026751779071837,-4.813275448269456,5.33878948096203,-3.7320990044549998,-0.29691427854587893,5.111759139217135,-5.643480246587137,-4.630010831971603,2.108328473646624,0.6622802153361304,3.814478292642378,4.084986583159951,4.4941139469572144,-7.225803633261479,3.0200436951161755,-8.21609833055595,0.4434605514286015,3.3687341155107178,1.9314015921070358,-5.121260651374055,-0.4652370949770581,3.6758398504503327,-9.345385769083766,6.21403367788707,9.4276690834639,-2.8602218688875842,-4.506873336425534,0.09474540090302552,-2.2903739464673016,-2.190286200494124,5.649147328925572,0.983515930770983,1.0590102661168483,-3.2667804009664185,-7.310256663213275,9.744172086810329,12.142207490435482,8.876024872355014,-0.6186501002624345,2.8908078684468017,-0.6729105691007905,0.3592368732459835,5.643846109310155,7.003980313792764,3.1953704897802604,-1.134318551151595,4.601794213257988,7.827339033157229,-3.225496045451628,2.340406811616854
-1.289684515253062,-1.2371289061320225,-1.037527913965236,4.127109765414573,0.3155062057114695,-0.5526149034379669,1.1301325166727707,1.6478158755018948,-1.756302837843785,1.4457789449212042,0.2613819541505153,-1.7983518077846834,1.7574263990582757,1.717832883164956,-0.49766085556995127,-0.20756974338118003,-1.1326559903736577,-1.3081045959627484,-1.6424143392416044,2.579011947421619,-0.8734388840309196,2.636254193979051,0.14321695834551365,-1.026432455584447,-0.7038377675566049,1.6022611852722604,-0.1101591648763698,-1.296076735342932,3.338007794788862,-2.061598209858405,-2.8602218688875842,1.0858730392019658,1.7414911425275061,-0.025269534454289547,0.7853695124121809,0.7387525858519101,-1.949095545286992,-0.7813089359582709,-0.4377562325954062,0.89778028032694,2.533142861185762,-3.3262325375688335,-4.230572962359387,-2.7836863514583876,0.14635190808048934,-0.9931604422707211,0.15652778021690797,-0.4585511971656817,-1.892676056149002,-2.4753532056265737,-1.2752809326178616,0.3310061969626352,-1.6575376078827553,-3.008587762422728,0.7192920766365473,-0.735440639518519
-2.2916456835216796,-1.7331145994953823,-1.9727252001513642,7.073349177897353,0.6837154280111598,-0.6941890445503878,1.5064966866971048,2.704150736782899,-3.19526521600277,2.367487602797209,0.08334527473909306,-3.255543454546607,2.4943144148378424,2.497443361251738,-0.2229781560909115,-0.5515692131268735,-1.4731463470179582,-2.4957108368904213,-2.0430524700117676,3.921718353096677,-1.265365885150587,4.473301235395386,0.6650329259337006,-1.2824392635143733,-1.2682573644876478,2.715705763998356,-0.23958380070074575,-2.210451307447628,5.613148824236459,-2.9939732314496443,-4.506873336425534,1.7414911425275061,3.5296182775896967,0.10361989791176104,1.4082008629513656,1.2291142103116262,-4.25502255293099,-1.7784056111898656,-0.11794887074540036,1.5660000826693323,4.880908760154277,-5.367851205537487,-7.368531918228989,-4.535190157772283,0.14668925535666028,-1.8428181891401902,0.5706542417279075,-0.8040579214405,-3.3216589572913153,-3.682479713196043,-1.7610392985949148,0.8214233826054512,-2.767971466716425,-5.362854149968144,1.0657564871223408,-1.1036675949545627
-0.10703904975852427,0.020164541101563946,-0.5889261571919805,0.274123189061963,0.25201788007008563,0.2866581629544139,-0.07286195162645256,0.9125940520871557,-0.32743673216909713,-0.17993445710322548,0.16986843566314497,-0.15358243216862813,-0.7015585731208909,-0.18739903708606181,0.15746342065157476,-0.16568466684047564,0.08952499333328806,-0.7543349588111457,0.7415488905192127,-0.09100346651140598,0.30889378198627854,0.1140649542611976,0.8671937722867924,0.19395002630911648,-0.12499222568497073,0.33943699068327277,0.3509840517918984,0.19309315688102774,0.4152133490287628,0.19141811171439693,0.09474540090302552,-0.025269534454289547,0.10361989791176104,0.6572980034693428,-0.178010827785411,-0.23926933395337488,-0.4322874100333983,-0.9209372528485208,0.4678686248719566,-0.1819099740573534,-0.19483249328976485,-0.25806781836600323,-0.07696975507487594,-0.18927841509988902,-0.10302445568707808,-0.37190730559402957,-0.30053211415704795,0.49974266527117844,0.2698883184630752,0.192931072793485,0.1408014697962918,0.1036649047771558,0.24946083306400627,-0.09611149916389962,0.013176401320984375,-0.12722784988521246
-1.0123875132291917,-0.9329497629243367,-0.678158925742422,3.1357295880456193,0.16141054606029825,-0.5060951228662117,0.8506368056530282,0.9580301723608818,-1.3016338323744188,1.1558449342957007,0.0013762151098684898,-1.389531778096546,1.5470804571033239,1.2710408649238012,-0.3313254307713672,-0.17540061942580276,-0.8249966123966939,-0.8308439530471474,-1.353392347794269,1.9356160130460771,-0.7998163399485824,2.0560036340363688,-0.15521440941746018,-0.81761773200297,-0.508772010254743,1.1898620326487628,-0.16545572730478758,-1.1027513271292237,2.4237799030611074,-1.573212360500317,-2.2903739464673016,0.7853695124121809,1.4082008629513656,-0.178010827785411,0.7154562074109446,0.6791140628433976,-1.6200479983194174,-0.2473105685146211,-0.3031418793111047,0.8132989666773899,2.2249278085073385,-2.433098167201725,-3.3307236334804555,-2.113769589010427,0.10284763393749552,-0.6819492565011753,0.31022993240256885,-0.4468969989511507,-1.5954151077521515,-1.9170971024943713,-0.9018453982464087,0.3014182672487088,-1.3756311682942712,-2.3148691419113936,0.5808585933711151,-0.49578189321400856
-0.9365129219149388,-0.9155445645210765,-0.5224216202310452,2.874662659683903,0.11791478079568699,-0.5145265157583532,0.8356103131485819,0.8215889937091344,-1.131802112125561,1.1547202668536933,0.041833660540470795,-1.2562547448012322,1.6000014845034742,1.2932596392472349,-0.39849944144362265,-0.11823291820094334,-0.8271647445060538,-0.6382344992712978,-1.4834542226650151,1.9203361733861106,-0.8172925274816949,1.8933901486096747,-0.2715878018434869,-0.8655900378705687,-0.4451236423722295,1.0696007654850712,-0.22046662945009068,-1.0823057443636404,2.2534932544127693,-1.5787200900373688,-2.190286200494124,0.7387525858519101,1.2291142103116262,-0.23926933395337488,0.6791140628433976,0.6786193577621882,-1.3285406176788883,-0.07537045914591857,-0.4144293046462,0.7407673503951083,2.0442835581270873,-2.2926407595653004,-3.108829054171554,-1.9565226486006533,0.0918244969681787,-0.579565899557287,0.2560948387013666,-0.4962047755298438,-1.4988503580758412,-1.9500211115788728,-0.9337799322475118,0.22822108044673511,-1.3478905023746233,-2.154902082524505,0.5108265934531477,-0.457949461875268
