V1,V2,V3,V4,V5,V6,V7,V8,V9,V10,V11,V12,V13,V14,V15,V16,V17,V18,V19,V20,V21,V22,V23,V24,V25,V26,V27,V28,V29,V30,V31,V32,V33,V34,V35,V36,V37,V38,V39,V40,V41,V42,V43,V44,V45,V46,V47,V48,V49,V50,V51,V52,V53,V54,V55,V56
3.458540860423071,8.10286404635984,-1.6209426011203552,-0.7540373288147664,-2.9238622894494566,-7.122229514188944,3.652538789727521,5.230063231615167,4.281724259883688,-4.549118837175474,8.840290546957668,7.822236639414041,-1.7626484693568936,8.16322165368372,1.002941031787524,-1.649496506684657,0.9827009792905598,-3.6379443803664993,7.323851259837324,-1.518627569513704,-3.5687488829797376,-5.936679096824357,4.3064596387912,1.474902410687896,0.5379585833219336,8.307975859070542,-3.5774839907995744,3.2970450925484056,3.1821866508744567,1.2630161924013938,-3.4105564698317172,-4.811972063257052,4.158331129101593,0.9440895671516423,0.9365963382350957,0.5054524067694987,-1.8302575321661285,-1.1214218898531474,-5.4966942625972814,-6.260810664377206,1.2301392530669526,-0.7529196126978618,3.739248055863216,0.6895339540329171,-4.405965121958509,-3.0963151262264526,7.709671145181049,1.5178712401361216,0.6170446548826657,1.8600927855717735,1.7916217639402992,-3.9712658919618713,2.418485152987451,-1.6108865229344944,1.3277071132989495,1.7244960224665133
8.10286404635984,22.856609284734805,-2.818672913882647,-1.6227712776124616,-7.892191524758494,-17.959960643915792,10.327930105811507,15.122320029503573,12.978095150931772,-11.85475143409262,23.561670410650343,21.297380763982634,-3.2226607580416067,20.64431189065523,2.5489967042508472,-5.401091471926313,3.93609030058438,-8.965728429741466,20.60973372648403,-2.2407569005381625,-10.297128200725234,-16.31301513552748,9.742712966206119,2.4453090833415194,-0.725917215439484,21.96238908949755,-10.15755373032235,10.80650830482702,10.988851308817537,3.795441431039165,-11.46078471428673,-14.929862485005923,10.764233663940857,2.852962586432406,0.994587204262543,2.872430930857187,-2.8722463645702088,-2.1714591616470797,-14.453060905461191,-16.61343402621724,1.2053971895472329,-5.193823625303989,9.491835312422783,4.069621607367806,-10.555811424088084,-8.07289720036382,19.66678548374993,5.288092528709714,2.2168351402831545,6.102740912354539,3.6338774648181236,-9.838806887951442,6.602295658882363,-4.74999345598493,5.439720462948553,4.89985754727388
-1.6209426011203552,-2.818672913882647,1.0073944186776598,0.389927762053698,1.1069911234629017,3.016060893535632,-1.264466859816542,-1.7259960139134558,-1.2616606593972004,1.8296625023720599,-3.4228439716714196,-2.9153020251392316,1.05574864438987,-3.442254011202426,-0.41982366885015066,0.3846465735366286,-0.047663795420770316,1.5932866773683865,-2.5602207334558504,1.0449722871967329,1.1831303314404664,2.1747437693812786,-2.1062878910062586,-0.9468086085026743,-0.7544109220794587,-3.2626267301672542,1.2278044700630109,-0.7659259076494196,-0.5981782733468444,-0.3804416833347412,0.7212689740828803,1.3310438089159056,-1.6907604709263597,-0.2805111958517449,-0.7422502627724067,0.1901400099912804,1.2159676697153015,0.6408930925323799,2.1778963413983936,2.4425009344661843,-1.0005442708491905,-0.5144542984807424,-1.5678532565379417,0.29737775855241255,2.006141925782561,1.2443181656614914,-3.2080037687704466,-0.2735934906908547,-0.09415829603885872,-0.43058971880416025,-0.982185567001022,1.7262852289258859,-0.8967486233211172,0.5083736879501081,-0.03331267707883706,-0.5908045627960941
-0.7540373288147664,-1.6227712776124616,0.389927762053698,0.16987731413043222,0.5988028406373116,1.5054515965332587,-0.7307094059691669,-1.0337275257895586,-0.8238875969847366,0.9474555455725893,-1.8215515256584742,-1.595239988293779,0.41825889571112634,-1.7235667560973726,-0.211362662483097,0.3025417892017624,-0.15363872251706906,0.7768119342766671,-1.4686098910815224,0.38021164297140353,0.7061163070059072,1.2051066166087612,-0.9519936338843251,-0.35921577436760804,-0.1911884189028984,-1.718783891367341,0.714065195105605,-0.6041696310517035,-0.5625267370143788,-0.24423155592325832,0.6147393189774455,0.9133178940110398,-0.8687665116310694,-0.1820995564611944,-0.2487614663691877,-0.04729355897957228,0.4518239395775698,0.2614617807691063,1.1397977218032742,1.2926848883981696,-0.330596779853466,0.03652560989583359,-0.7882437291675849,-0.05904381486897757,0.9520240867029612,0.6447277750556516,-1.6214011368897627,-0.2666105046126141,-0.10581356664985596,-0.3406225577754642,-0.41154162423031726,0.8461082500820847,-0.4924314955803558,0.3150104426513022,-0.20282432369840347,-0.3439457187221193
-2.9238622894494566,-7.892191524758494,1.1069911234629017,0.5988028406373116,2.752216097093505,6.363805510202642,-3.5642883075865046,-5.193455675006973,-4.412553427399033,4.167884551418214,-8.240471421849067,-7.4123633764408385,1.2461852590540579,-7.309976865809821,-0.9015227753692143,1.8079067202890504,-1.2703759106013668,3.1946270563527035,-7.120126256576454,0.9295009868157711,3.537942138385514,5.665788834190689,-3.547455107556971,-0.9751084168525568,0.07960498825258604,-7.695758270050175,3.502291022704527,-3.616525893663194,-3.640938868158951,-1.2927721046954275,3.8170445101707244,5.051772941206006,-3.7904369548189174,-0.9706554272060403,-0.4690051608882897,-0.8814988239041409,1.1664236070312868,0.8253996244893587,5.0706951804462665,5.816285204583956,-0.5888738003968478,1.5592935252012543,-3.3579848169591955,-1.2432079643585066,3.7876007286041133,2.8379229360357177,-6.949406358462951,-1.7492060792073958,-0.729128748877318,-2.0419518592010917,-1.3629826843894715,3.5012182765058633,-2.296449655469442,1.624428831413582,-1.7490808782073484,-1.6891531335609713
-7.122229514188944,-17.959960643915792,3.016060893535632,1.5054515965332587,6.363805510202642,15.085840863532182,-8.103953352110342,-11.713868512179719,-9.786519673562376,9.76162136621263,-19.142269974365963,-17.085455279875575,3.331521006147189,-17.310203361015752,-2.1308797697848574,3.902167163640121,-2.560943487397371,7.637187853129119,-16.21706638403236,2.6941374699301663,7.9858735100552405,13.016132525061083,-8.754334003281341,-2.7051092453641776,-0.4546036712690178,-17.930180350325088,7.951199422761193,-7.803265948302818,-7.715112210425959,-2.8760335509305324,8.164624783418265,11.111686999315534,-8.899339409374488,-2.154963677682086,-1.53421880795081,-1.5961119119687919,3.303444416660401,2.15947146570143,11.837446775669743,13.532724405062048,-1.9818567916006233,2.678491240240789,-7.940736621578671,-2.22708276306491,9.1499803419777,6.645510506652245,-16.40419442646553,-3.695347662175322,-1.5243244347332365,-4.404374932119005,-3.5041995763569624,8.353924584479216,-5.28831041702328,3.638300342481047,-3.5001320176734496,-3.8340107621293567
3.652538789727521,10.327930105811507,-1.264466859816542,-0.7307094059691669,-3.5642883075865046,-8.103953352110342,4.6670129103353615,6.835112377915636,5.868861459713167,-5.351550005230387,10.639223763551414,9.61945009725937,-1.447137464675345,9.31581812266683,1.1503883867400615,-2.4444879331732654,1.7848114749303206,-4.044424739006444,9.312413990518044,-1.0018184485055641,-4.6540196568790995,-7.368922383247748,4.389721333753834,1.0959293899863203,-0.3398251845115488,9.916257300153134,-4.590172630599464,4.890831377474246,4.97608121394949,1.7161681925394647,-5.188487987529631,-6.7533807808096835,4.858866680194538,1.290219713014552,0.4406494807898042,1.3054320602629528,-1.285850688745769,-0.9759464069527842,-6.525025282136706,-7.501270081031164,0.5327368067313257,-2.3629747272450667,4.283497028612722,1.850061044660816,-4.7598415530408476,-3.6443442342479297,8.875602239902195,2.394824606490736,1.0041577716029053,2.7620114402850278,1.6344315267056588,-4.438619895243329,2.982046293522509,-2.1474602399626015,2.4668593277531916,2.214122055011236
5.230063231615167,15.122320029503573,-1.7259960139134558,-1.0337275257895586,-5.193455675006973,-11.713868512179719,6.835112377915636,10.034438397526783,8.657811159852264,-7.765894700996373,15.479888319801795,14.029921627309573,-1.9936262576821109,13.469936024011671,1.664283218139007,-3.6327140605241155,2.6963910669100213,-5.829218664301384,13.631837132587425,-1.3207250509065995,-6.83099872513255,-10.758660675876355,6.255476812686435,1.4820265856028716,-0.6579565214097937,14.414056388241082,-6.725654605827801,7.269050221934047,7.429809487109051,2.5295545225335285,-7.728411642290773,-9.985267772631671,7.0453265917248675,1.9026123021925043,0.5275562319185557,2.0150134615767707,-1.7189183885788328,-1.3581184517598224,-9.479053143253207,-10.908788195441831,0.6181562101811906,-3.6794612383281367,6.196343268156687,2.860798127582232,-6.835594929926225,-5.2888011866139815,12.847084591588358,3.5784109625041323,1.504412542144444,4.1054493466351145,2.29176909568144,-6.401550176485396,4.350775702357753,-3.1589986315450314,3.7332128233098363,3.2446216722496777
4.281724259883688,12.978095150931772,-1.2616606593972004,-0.8238875969847366,-4.412553427399033,-9.786519673562376,5.868861459713167,8.657811159852264,7.543068290199403,-6.542352194208419,13.112920890828248,11.944340424902501,-1.4917195148359166,11.261661582654781,1.3931187051623817,-3.211235609734092,2.459574090935865,-4.8404085471982805,11.692740370970244,-0.8776260420565503,-5.891298458074868,-9.178874531349338,5.067365282915239,1.0571605346347002,-0.8454667064606383,12.18569521558766,-5.780207834012257,6.427035653880108,6.628092956394674,2.2000947766322425,-6.862691657075084,-8.739089328074588,5.925411360564243,1.6564711601352093,0.24668557295466906,1.910552846153104,-1.1883801238755185,-1.0414249668473263,-8.003555915812896,-9.23112867170144,0.2470603704450283,-3.5420994083845794,5.185441209255517,2.721111879508565,-5.632006043112137,-4.456089068155279,10.765067719650215,3.196907577319398,1.3507783573104586,3.6305378293405126,1.7892091439943176,-5.323117113260513,3.706501123656757,-2.7367722483323003,3.4160392854581865,2.7891418946412947
-4.549118837175474,-11.85475143409262,1.8296625023720599,0.9474555455725893,4.167884551418214,9.76162136621263,-5.351550005230387,-7.765894700996373,-6.542352194208419,6.353523508834882,-12.50870755018759,-11.207076068776773,2.038374084147453,-11.20692307731481,-1.3808438993838892,2.6444617153632084,-1.79751262824246,4.921929730831123,-10.699758241157388,1.590583860175371,5.292364233281607,8.551734513292656,-5.557418083246014,-1.627884896195688,-0.09385985266928021,-11.69985950604632,5.2544645077688035,-5.289004885666373,-5.277567213984841,-1.9196980282022589,5.558506803733175,7.459193361463951,-5.785448668709383,-1.439973964409261,-0.8611835923803624,-1.1864115826719503,1.9700129240645472,1.3341852095963953,7.716653790287243,8.836135659663295,-1.0999852698654013,2.0501010277139655,-5.144467169937126,-1.6652771816966978,5.867447639679884,4.325719134907936,-10.636553673034893,-2.531727235231374,-1.0498885868166392,-2.9857550750582877,-2.1823823389732033,5.388864979302481,-3.4703422131130037,2.4204631901572458,-2.466038936053583,-2.533851718340253
8.840290546957668,23.561670410650343,-3.4228439716714196,-1.8215515256584742,-8.240471421849067,-19.142269974365963,10.639223763551414,15.479888319801795,13.112920890828248,-12.50870755018759,24.694029099414955,22.18076010610648,-3.838069359104516,21.98384774156913,2.7102616609089405,-5.347051017919792,3.714232926836828,-9.624583642720237,21.260087643006766,-2.912424602513324,-10.546804341953102,-16.944005322331293,10.752567306099058,3.026585734943984,-0.08667531618521052,23.074261525746135,-10.451377618423393,10.695627672928703,10.734309961938227,3.8438797884679548,-11.27162939980575,-14.990443868172397,11.381080891117218,2.884995997900202,1.5110916630705429,2.534342431287571,-3.636415900820783,-2.5309785738030244,-15.209121974724955,-17.434684117663764,1.9104552868119697,-4.448609301560667,10.096049590746414,3.5685760841031557,-11.433685098833442,-8.516930770868871,20.887095781338292,5.154401786599718,2.144746132013184,6.038606399823107,4.164732986626982,-10.544418531406754,6.870750214204487,-4.835802385683993,5.1077473203863875,5.040543459740296
7.822236639414041,21.297380763982634,-2.9153020251392316,-1.595239988293779,-7.4123633764408385,-17.085455279875575,9.61945009725937,14.029921627309573,11.944340424902501,-11.207076068776773,22.18076010610648,19.97108499034144,-3.291156867959238,19.6285113130128,2.421342708957942,-4.90944468121223,3.4760135247886703,-8.56761605414774,19.211942403029056,-2.4244721197076387,-9.556700004631654,-15.271582792097776,9.474275468296394,2.5610150412440364,-0.3069067075690114,20.70690878738104,-9.453798609777323,9.821117478595193,9.907859706415586,3.498128824280159,-10.37605338847823,-13.688092391701657,10.189023144261379,2.6271752405582007,1.1979548330108172,2.4380707993091044,-3.0536495161521153,-2.1866650506557406,-13.640181539663184,-15.652409841904003,1.496140233244289,-4.333808243186412,9.018345807122232,3.4420624175635712,-10.14410518456611,-7.631115571438997,18.66782424369805,4.761658086641708,1.9871116708128922,5.545402217658696,3.619744511545903,-9.39224856780567,6.187984925064479,-4.39210438897187,4.789491956904656,4.559647176311266
-1.7626484693568936,-3.2226607580416067,1.05574864438987,0.41825889571112634,1.2461852590540579,3.331521006147189,-1.447137464675345,-1.9936262576821109,-1.4917195148359166,2.038374084147453,-3.838069359104516,-3.291156867959238,1.1113455875546192,-3.805157536158424,-0.46470315241268795,0.4807782142024943,-0.11835175916256703,1.7506501634936347,-2.924475732427373,1.0828736202874447,1.3652941334062643,2.4627377781994753,-2.276478686157056,-0.9885871807856851,-0.7396438770603455,-3.649652880417362,1.4074374650644075,-0.9581474125010926,-0.7942128572027553,-0.4476854496280766,0.9255565210410229,1.5961508276809135,-1.8802271574825915,-0.3311717878071194,-0.7583285563385006,0.1382271462556092,1.264822326345723,0.678406366121994,2.432299937809511,2.735126191387154,-1.0198878078089342,-0.4200573380720153,-1.7347874198483801,0.2236250890357614,2.1910781245392275,1.3864544973352206,-3.5537989163229997,-0.3679838635828727,-0.13371567897198897,-0.5391506788039785,-1.0451193043040208,1.8990587244657926,-1.0131722352765093,0.5925673478522944,-0.13088409893803635,-0.6773574064143709
8.16322165368372,20.64431189065523,-3.442254011202426,-1.7235667560973726,-7.309976865809821,-17.310203361015752,9.31581812266683,13.469936024011671,11.261661582654781,-11.20692307731481,21.98384774156913,19.6285113130128,-3.805157536158424,19.864022798119414,2.445590304181251,-4.495991625094304,2.960410263470748,-8.760433658553508,18.64025223068779,-3.068155811535579,-9.182647431991427,-14.95556116975037,10.02902377878311,3.0852977854880708,0.4909179172306456,20.589613963899822,-9.140663946919016,8.990586984048356,8.896811924319271,3.3090607588612175,-9.411234857908317,-12.791756575366154,10.21596596629586,2.47992658402765,1.7401078429040127,1.854812736776967,-3.765048155470399,-2.468210456304044,-13.591527667730261,-15.540335210686633,2.246116596252043,-3.121980240469107,9.112910851148309,2.589875172492748,-10.491114140946484,-7.629495985509393,18.82662122316052,4.261985502715539,1.758778531280633,5.07460651297807,4.007739079586421,-9.5834309991331,6.075415344997881,-4.185119904120383,4.047072202543345,4.4073378715987666
1.002941031787524,2.5489967042508472,-0.41982366885015066,-0.211362662483097,-0.9015227753692143,-2.1308797697848574,1.1503883867400615,1.664283218139007,1.3931187051623817,-1.3808438993838892,2.7102616609089405,2.421342708957942,-0.46470315241268795,2.445590304181251,0.30117178929878147,-0.557378098558666,0.36907486329336814,-1.0778101274431908,2.3014165121307557,-0.3727759521519281,-1.134470094798491,-1.8453265885458523,1.2311691403526444,0.3758524103598099,0.053919695558641935,2.5379254151834214,-1.1288436266064283,1.1145271357923459,1.1045616182090663,0.40924237452531065,-1.1676025752386903,-1.5835082458621896,1.2585335257768417,0.3068146978770903,0.2098893903884749,0.2332684418216508,-0.45808060193720224,-0.3017878991375056,-1.6749444620438205,-1.9156037060147906,0.27057154889368856,-0.3946070188159671,1.1220921497756042,0.32611203433360597,-1.2897600387753936,-0.9400712363526755,2.318340793522369,0.5292754382913208,0.21855777319726866,0.6290954048770137,0.49056186009387365,-1.1792534467453097,0.7494364852031126,-0.517398060462002,0.5047325408973746,0.5442333143063556
-1.649496506684657,-5.401091471926313,0.3846465735366286,0.3025417892017624,1.8079067202890504,3.902167163640121,-2.4444879331732654,-3.6327140605241155,-3.211235609734092,2.6444617153632084,-5.347051017919792,-4.90944468121223,0.4807782142024943,-4.495991625094304,-0.557378098558666,1.3963557949308658,-1.1168833755377556,1.9106278042696125,-4.86222193487911,0.20166159939751635,2.4702135970494408,3.785291818493238,-1.9163148051069987,-0.30263111510879126,0.5315228314936937,-4.953430354932172,2.4108682433311,-2.795319832681714,-2.919618669111266,-0.9342280434006226,3.003484012056234,3.745579117757224,-2.3886637598442064,-0.7046090284426721,0.029308281321349074,-0.9109178581800159,0.31115359029808365,0.353969783208538,3.246508671125849,3.757802730428131,0.07854046930095909,1.7199535369129508,-2.0735035954372156,-1.3025890747990942,2.193895676907423,1.801550356788032,-4.313454647814557,-1.411092410935869,-0.6002761972008275,-1.5794317597857503,-0.6308652559029652,2.1061643824652845,-1.5248909400713364,1.1554947797930621,-1.557339851772933,-1.1635464915800549
0.9827009792905598,3.93609030058438,-0.047663795420770316,-0.15363872251706906,-1.2703759106013668,-2.560943487397371,1.7848114749303206,2.6963910669100213,2.459574090935865,-1.79751262824246,3.714232926836828,3.4760135247886703,-0.11835175916256703,2.960410263470748,0.36907486329336814,-1.1168833755377556,0.9684736401208487,-1.2204167198817757,3.536824360631354,0.12407095661897968,-1.830740987227338,-2.701117129618363,1.0774656852679805,-0.00701985009314317,-0.6850135696697133,3.414521068934005,-1.7657569844678054,2.236895584525998,2.394786848463037,0.7116699303443011,-2.433093804086078,-2.9096246268285206,1.612674507492978,0.538745499853847,-0.23999063710725915,0.8557156606467481,0.07711704790463116,-0.12634101474414197,-2.2262378388019513,-2.5995245751408977,-0.35772202923054447,-1.6607272311156505,1.3710526468116453,1.2311577457458451,-1.3503478641158098,-1.225175249072469,2.86737037936525,1.1619190689257606,0.5006242432323864,1.264532424117695,0.271286797926233,-1.3540196136682263,1.0820586244433386,-0.8694318259743739,1.3597345322926062,0.8525792505354219
-3.6379443803664993,-8.965728429741466,1.5932866773683865,0.7768119342766671,3.1946270563527035,7.637187853129119,-4.044424739006444,-5.829218664301384,-4.8404085471982805,4.921929730831123,-9.624583642720237,-8.56761605414774,1.7506501634936347,-8.760433658553508,-1.0778101274431908,1.9106278042696125,-1.2204167198817757,3.877300728052934,-8.098128104952808,1.4470365355251884,3.9750719628617155,6.519424151143757,-4.490397229214665,-1.4360777863790641,-0.3389938982657869,-9.024556584897502,3.9660444198323916,-3.8201125865105543,-3.7510044438934376,-1.4240562505666805,3.984072715261561,5.479364414817269,-4.4908923390904505,-1.066381822716194,-0.8480955415039688,-0.7244287748374633,1.7635761528176128,1.1275377306141183,5.9617383861397695,6.807816819056843,-1.1024540845581785,1.1837205524569339,-4.016904974624274,-1.0056349864587832,4.66124118091855,3.350528763238623,-8.292976810586197,-1.7945179512134861,-0.7371237607217721,-2.155882607400416,-1.8201532006490933,4.238478492995705,-2.6508507625908186,1.80600643566536,-1.6626144990521952,-1.9121020479214554
7.323851259837324,20.60973372648403,-2.5602207334558504,-1.4686098910815224,-7.120126256576454,-16.21706638403236,9.312413990518044,13.631837132587425,11.692740370970244,-10.699758241157388,21.260087643006766,19.211942403029056,-2.924475732427373,18.64025223068779,2.3014165121307557,-4.86222193487911,3.536824360631354,-8.098128104952808,18.584298503988318,-2.0421948697473464,-9.28241869814829,-14.713996515469255,8.810548735691254,2.22318906188225,-0.6307325833996915,19.819074403431937,-9.15832519115471,9.728193834311053,9.887241738459718,3.41986955676044,-10.314625950599357,-13.44779870476903,9.716333536664628,2.5704886510185974,0.9142899139631875,2.574665423210611,-2.614235926191784,-1.9685495369727402,-13.043407416377274,-14.991365497139332,1.1109556190681897,-4.650647675304159,8.569970660134972,3.647015975417089,-9.53802179700562,-7.286331923303245,17.75558358559526,4.757592540200739,1.9938506963042553,5.4937498197003265,3.2917394275329506,-8.886121991597397,5.955585261520734,-4.280919043385541,4.88696920687411,4.417797827028582
-1.518627569513704,-2.2407569005381625,1.0449722871967329,0.38021164297140353,0.9295009868157711,2.6941374699301663,-1.0018184485055641,-1.3207250509065995,-0.8776260420565503,1.590583860175371,-2.912424602513324,-2.4244721197076387,1.0828736202874447,-3.068155811535579,-0.3727759521519281,0.20166159939751635,0.12407095661897968,1.4470365355251884,-2.0421948697473464,1.1151215713206497,0.9084645025290774,1.789169973163346,-2.0092208325142478,-0.9914383762950119,-0.911988912076304,-2.79875266225607,0.9668797200444854,-0.39919587891518976,-0.19545000019339273,-0.2700238273137002,0.317312513744171,0.8693918626882887,-1.4785272756752927,-0.1966060075578257,-0.8193158835348178,0.352574795759633,1.285510576119798,0.6475413877708589,1.877707418823608,2.087391381663916,-1.1106071308156573,-0.8363112786782247,-1.393401876660346,0.5321279566234417,1.855449345440001,1.0812408148429096,-2.839866222903738,-0.077443700988852393,-0.008539760827043505,-0.2231662826569682,-0.9784108497256693,1.562142152588468,-0.7434312108542553,0.3755110932764059,0.20939876709469146,-0.46469648332505725
-3.5687488829797376,-10.297128200725234,1.1831303314404664,0.7061163070059072,3.537942138385514,7.9858735100552405,-4.6540196568790995,-6.83099872513255,-5.891298458074868,5.292364233281607,-10.546804341953102,-9.556700004631654,1.3652941334062643,-9.182647431991427,-1.134470094798491,2.4702135970494408,-1.830740987227338,3.9750719628617155,-9.28241869814829,0.9084645025290774,4.650370557953136,7.327747107794043,-4.2702651595768115,-1.0168173014138415,0.4379308323421259,-9.821422103829594,4.579337712904681,-4.942925051153295,-5.0500472293296506,-1.721400163860807,5.254115915899202,6.793079844343917,-4.8016444324859116,-1.2946508226495224,-0.3666741547987882,-1.3656226778992582,1.1807157547529843,0.9292297030442456,6.459311951283524,7.432810196124763,-0.43109863305324436,2.4916488604515594,-4.223944892955266,-1.9384284781402585,4.66294111495118,3.604226159529617,-8.75722731705977,-2.432060760707155,-1.0222644551713658,-2.791656702662897,-1.566927900414192,4.36505828988097,-2.963571508720151,2.1500578362148075,-2.5344320115425303,-2.2092169943793585
-5.936679096824357,-16.31301513552748,2.1747437693812786,1.2051066166087612,5.665788834190689,13.016132525061083,-7.368922383247748,-10.758660675876355,-9.178874531349338,8.551734513292656,-16.944005322331293,-15.271582792097776,2.4627377781994753,-14.95556116975037,-1.8453265885458523,3.785291818493238,-2.701117129618363,6.519424151143757,-14.713996515469255,1.789169973163346,7.327747107794043,11.683073351729057,-7.1770431878721235,-1.9046576706623435,0.3095910005614132,-15.811762552644348,7.243441249818712,-7.5726816025180925,-7.655875459727727,-2.6871894092921456,8.008751647001866,10.529607227632807,-7.772332016324712,-2.018600570178197,-0.8629069160738497,-1.9155644947166715,2.262883454177936,1.6419715780187676,10.412999333660691,11.9544404965964,-1.0707695601063554,3.4215268697392767,-6.87261852522149,-2.7070676713615236,7.7078253081010715,5.823181159865635,-14.22976834323727,-3.6806598232557866,-1.5378914141066147,-4.276025093035651,-2.725459512079462,7.148812386470415,-4.732505122491785,3.3710095922960708,-3.724872750843397,-3.493736652296101
4.3064596387912,9.742712966206119,-2.1062878910062586,-0.9519936338843251,-3.547455107556971,-8.754334003281341,4.389721333753834,6.255476812686435,5.067365282915239,-5.557418083246014,10.752567306099058,9.474275468296394,-2.276478686157056,10.02902377878311,1.2311691403526444,-1.9163148051069987,1.0774656852679805,-4.490397229214665,8.810548735691254,-2.0092208325142478,-4.2702651595768115,-7.1770431878721235,5.39372024268258,1.9272300510469373,0.8479217794317113,10.121583001345382,-4.295635855699616,3.829130045072613,3.6459372948015556,1.4976869906156185,-3.9360880417774564,-5.664344625915312,5.086529916041103,1.118266957508741,1.2736511605518475,0.4778526042861512,-2.4061054806762656,-1.437280340374553,-6.703116127477219,-7.6214956674147825,1.6820743852549942,-0.6300153482674512,4.590785558279316,0.6386388657084231,-5.465450498669451,-3.7822541382643213,9.456423922441596,1.7349601919561433,0.6991602428061333,2.159757800623394,2.281364364981814,-4.8972941416602644,2.927472841646782,-1.9185856964958643,1.4444313472838184,2.0701581621700718
1.474902410687896,2.4453090833415194,-0.9468086085026743,-0.35921577436760804,-0.9751084168525568,-2.7051092453641776,1.0959293899863203,1.4820265856028716,1.0571605346347002,-1.627884896195688,3.026585734943984,2.5610150412440364,-0.9885871807856851,3.0852977854880708,0.3758524103598099,-0.30263111510879126,-0.00701985009314317,-1.4360777863790641,2.22318906188225,-0.9914383762950119,-1.0168173014138415,-1.9046576706623435,1.9272300510469373,0.892708456423909,0.7476887378178697,2.8916324291668074,-1.0623975749039674,0.6019091456071864,0.4352991527850461,0.3203955776695053,-0.5492370130835658,-1.0983465773705892,1.5069053548826423,0.23543423590035442,0.7123716310639441,-0.22506733512159305,-1.1500654071166234,-0.59722936358255585,-1.933104309611512,-2.162457755734524,0.962110916858166,0.5738514940345448,1.4040156000954092,-0.34624487927786374,-1.8182048091631802,-1.1069673178909365,2.8695361004589435,0.19555185900686142,0.06190121058101976,0.3380264988762074,0.9111061293530506,-1.5542731425463194,0.7870975609416526,-0.4325211207379255,-0.04150730613255033,0.511086277496284
0.5379585833219336,-0.725917215439484,-0.7544109220794587,-0.1911884189028984,0.07960498825258604,-0.4546036712690178,-0.3398251845115488,-0.6579565214097937,-0.8454667064606383,-0.09385985266928021,-0.08667531618521052,-0.3069067075690114,-0.7396438770603455,0.4909179172306456,0.053919695558641935,0.5315228314936937,-0.6850135696697133,-0.3389938982657869,-0.6307325833996915,-0.911988912076304,0.4379308323421259,0.3095910005614132,0.8479217794317113,0.7476887378178697,1.1025615868984924,0.011329122131105096,0.354388352921215,-1.0680754494129328,-1.3173223855254288,-0.23257378512045854,1.2493467717316398,1.1267049671092737,0.12283338981379802,-0.1818859661510793,0.761019177268328,-0.7874783287371584,-1.0110548535003083,-0.4083059753467063,-0.04703568645584365,0.023918605322644153,1.0514134924573988,1.642269083613978,0.20671071008466427,-1.1515858187196568,-0.5657918313485668,-0.061801979965802147,0.3765891690839793,-0.6521833138618773,-0.2996279428520407,-0.6056629593482045,0.567775595439262,-0.34363794393054703,-0.10402934278686318,0.24989301859156643,-0.9882046884117881,-0.17275103137560804
8.307975859070542,21.96238908949755,-3.2626267301672542,-1.718783891367341,-7.695758270050175,-17.930180350325088,9.916257300153134,14.414056388241082,12.18569521558766,-11.69985950604632,23.074261525746135,20.70690878738104,-3.649652880417362,20.589613963899822,2.5379254151834214,-4.953430354932172,3.414521068934005,-9.024556584897502,19.819074403431937,-2.79875266225607,-9.821422103829594,-15.811762552644348,10.121583001345382,2.8916324291668074,0.011329122131105096,21.568769993628337,-9.739350402100495,9.90763575428176,9.923194494760681,3.57332467948524,-10.431216184486251,-13.917354272769346,10.64830278579805,2.6815068869148693,1.4760357165361502,2.3027386916832775,-3.483747408090176,-2.399875531712114,-14.21973511482665,-16.29409292978299,1.873770479660684,-4.020494848808811,9.45428099396068,3.2390802875140277,-10.73447246352052,-7.966030374089935,19.554759748832346,4.763305241837385,1.9795402803674498,5.593478162548777,3.94021999701186,-9.88478089649068,6.4132685675040495,-4.499189359954138,4.691404283628257,4.6967962413837325
-3.5774839907995744,-10.15755373032235,1.2278044700630109,0.714065195105605,3.502291022704527,7.951199422761193,-4.590172630599464,-6.725654605827801,-5.780207834012257,5.2544645077688035,-10.451377618423393,-9.453798609777323,1.4074374650644075,-9.140663946919016,-1.1288436266064283,2.4108682433311,-1.7657569844678054,3.9660444198323916,-9.15832519115471,0.9668797200444854,4.579337712904681,7.243441249818712,-4.295635855699616,-1.0623975749039674,0.354388352921215,-9.739350402100495,4.515017347206801,-4.823745665788939,-4.912039742791666,-1.6899776437695015,5.119354111946837,6.6541335759553055,-4.7700024175711055,-1.2705981849961814,-0.41862237371869765,-1.2969748126144727,1.2440056698641273,0.9509336211365983,6.408024434104563,7.368185834653069,-0.5035899230123132,2.3516267461198828,-4.203288875114187,-1.8386457501699724,4.664497494471,3.578264317127608,-8.710488196039373,-2.364326321830618,-0.9918991211967896,-2.724169753906131,-1.5947460544125787,4.3531003294812765,-2.93093153850477,2.113838630599049,-2.4414262398446938,-2.1779723909191873
3.2970450925484056,10.80650830482702,-0.7659259076494196,-0.6041696310517035,-3.616525893663194,-7.803265948302818,4.890831377474246,7.269050221934047,6.427035653880108,-5.289004885666373,10.695627672928703,9.821117478595193,-0.9581474125010926,8.990586984048356,1.1145271357923459,-2.795319832681714,2.236895584525998,-3.8201125865105543,9.728193834311053,-0.39919587891518976,-4.942925051153295,-7.5726816025180925,3.829130045072613,0.6019091456071864,-1.0680754494129328,9.90763575428176,-4.823745665788939,5.596085057326025,5.845616731999563,1.8697416692570796,-6.012983161090457,-7.4968837110778965,4.777205197007612,1.4100870815084776,-0.06191269870508325,1.825680571842994,-0.6177776677276623,-0.7062000613232825,-6.493662205822402,-7.5166198972865415,-0.16179519579821097,-3.4476522310658133,4.146393950147375,2.6105925766309954,-4.3857298226045645,-3.603150085223433,8.626111303536574,2.825295727554059,1.2020632009771928,3.161947980343529,1.2594086960699489,-4.211134268287739,3.0506649290925876,-2.312239664701934,3.1194600954357052,2.3282174346342686
3.1821866508744567,10.988851308817537,-0.5981782733468444,-0.5625267370143788,-3.640938868158951,-7.715112210425959,4.97608121394949,7.429809487109051,6.628092956394674,-5.277567213984841,10.734309961938227,9.907859706415586,-0.7942128572027553,8.896811924319271,1.1045616182090663,-2.919618669111266,2.394786848463037,-3.7510044438934376,9.887241738459718,-0.19545000019339273,-5.0500472293296506,-7.655875459727727,3.6459372948015556,0.4352991527850461,-1.3173223855254288,9.923194494760681,-4.912039742791666,5.845616731999563,6.151807128770391,1.9252007507799853,-6.304332480525682,-7.763273927340427,4.758362226651103,1.4535770618672934,-0.2328587598686735,2.0054482579532853,-0.39220526123470034,-0.6158526380362583,-6.494607090516174,-7.5353802118114865,-0.39795036459635236,-3.822165460651462,4.107669217141339,2.8735944636062354,-4.266703648334465,-3.5958281024680607,8.55716632469686,2.9767715332802602,1.2713795808851944,3.3034148132500736,1.1341861717048076,-4.1417393242683165,3.079369473179599,-2.372534398571768,3.346697205460477,2.3710196776696337
1.2630161924013938,3.795441431039165,-0.3804416833347412,-0.24423155592325832,-1.2927721046954275,-2.8760335509305324,1.7161681925394647,2.5295545225335285,2.2000947766322425,-1.9196980282022589,3.8438797884679548,3.498128824280159,-0.4476854496280766,3.3090607588612175,0.40924237452531065,-0.9342280434006226,0.7116699303443011,-1.4240562505666805,3.41986955676044,-0.2700238273137002,-1.721400163860807,-2.6871894092921456,1.4976869906156185,0.3203955776695053,-0.23257378512045854,3.57332467948524,-1.6899776437695015,1.8697416692570796,1.9252007507799853,0.6419035019619178,-1.9949300528304073,-2.546857847094229,1.7391986889435829,0.48317960010412386,0.08293320867629622,0.549282507591849,-0.3625273067352357,-0.3110630422386044,-2.347537869035735,-2.7065048088572228,0.08707452127879864,-1.0158011724674334,1.5233767408154688,0.7818886308575937,-1.659335902667936,-1.3075058595376055,3.161864758175777,0.9283435016336451,0.39192348252028003,1.0561625287174063,0.532560133709965,-1.5656622506746884,1.085413833165417,-0.7990224380487817,0.9879330756100552,0.8154652723418111
-3.4105564698317172,-11.46078471428673,0.7212689740828803,0.6147393189774455,3.8170445101707244,8.164624783418265,-5.188487987529631,-7.728411642290773,-6.862691657075084,5.558506803733175,-11.27162939980575,-10.37605338847823,0.9255565210410229,-9.411234857908317,-1.1676025752386903,3.003484012056234,-2.433093804086078,3.984072715261561,-10.314625950599357,0.317312513744171,5.254115915899202,8.008751647001866,-3.9360880417774564,-0.5492370130835658,1.2493467717316398,-10.431216184486251,5.119354111946837,-6.012983161090457,-6.304332480525682,-1.9949300528304073,6.4730190525788265,8.021430704260453,-5.0163624913708995,-1.5055194716526845,0.15145784137781906,-2.011179897140188,0.536265787497739,0.6973626842770815,6.8318302482402355,7.917049236676334,0.2893224161010785,3.815835148874211,-4.342759892268185,-2.8790476356782118,4.5538908464790735,3.786979540081641,-9.040169087903582,-3.0487763219808537,-1.2995129386008824,-3.3977426331125473,-1.26167616777843,4.3953450991669545,-3.2237588283902565,2.463035747941698,-3.3963195831488657,-2.4708190599372846
-4.811972063257052,-14.929862485005923,1.3310438089159056,0.9133178940110398,5.051772941206006,11.111686999315534,-6.7533807808096835,-9.985267772631671,-8.739089328074588,7.459193361463951,-14.990443868172397,-13.688092391701657,1.5961508276809135,-12.791756575366154,-1.5835082458621896,3.745579117757224,-2.9096246268285206,5.479364414817269,-13.44779870476903,0.8693918626882887,6.793079844343917,10.529607227632807,-5.664344625915312,-1.0983465773705892,1.1267049671092737,-13.917354272769346,6.6541335759553055,-7.4968837110778965,-7.763273927340427,-2.546857847094229,8.021430704260453,10.146642360849206,-6.750297508317489,-1.9187852294873506,-0.17050352577208136,-2.297072282073728,1.2098802515181473,1.1298763316532288,9.13471553226682,10.547294769366626,-0.12864922148113253,4.285558649114949,-5.892921971812061,-3.2762338086781346,6.350351191171976,5.08085762261518,-12.241053513715489,-3.7468976091951887,-1.586567477605571,-4.235201689627816,-1.960609374021766,6.030095959760251,-4.248681476989773,3.1625558235872724,-4.046102794483481,-3.210872771436807
4.158331129101593,10.764233663940857,-1.6907604709263597,-0.8687665116310694,-3.7904369548189174,-8.899339409374488,4.858866680194538,7.0453265917248675,5.925411360564243,-5.785448668709383,11.381080891117218,10.189023144261379,-1.8802271574825915,10.21596596629586,1.2585335257768417,-2.3886637598442064,1.612674507492978,-4.4908923390904505,9.716333536664628,-1.4785272756752927,-4.8016444324859116,-7.772332016324712,5.086529916041103,1.5069053548826423,0.12283338981379802,10.64830278579805,-4.7700024175711055,4.777205197007612,4.758362226651103,1.7391986889435829,-5.0163624913708995,-6.750297508317489,5.269443128834566,1.304342306845208,0.8095589240024891,1.0529928181085553,-1.8272078012078345,-1.2280862470242506,-7.024396755641802,-8.040821958577832,1.0367574204841346,-1.8100373148117064,4.688941540431863,1.4764763127422258,-5.359086262216979,-3.9388834803532182,9.692976104570857,2.281977935480796,0.9453184513030651,2.6967493350980045,2.0054170726239167,-4.916013470385264,3.1547700639832943,-2.1943784094538494,2.210770488313643,2.3001521046029167
0.9440895671516423,2.852962586432406,-0.2805111958517449,-0.1820995564611944,-0.9706554272060403,-2.154963677682086,1.290219713014552,1.9026123021925043,1.6564711601352093,-1.439973964409261,2.884995997900202,2.6271752405582007,-0.3311717878071194,2.47992658402765,0.3068146978770903,-0.7046090284426721,0.538745499853847,-1.066381822716194,2.5704886510185974,-0.1966060075578257,-1.2946508226495224,-2.018600570178197,1.118266957508741,0.23543423590035442,-0.1818859661510793,2.6815068869148693,-1.2705981849961814,1.4100870815084776,1.4535770618672934,0.48317960010412386,-1.5055194716526845,-1.9187852294873506,1.304342306845208,0.36389835638491275,0.05706749017191919,0.4173301621925863,-0.26536253927434467,-0.2306696683462677,-1.7611396332442606,-2.0310177494750925,0.05830611426741601,-0.7731623207466449,1.1418787320319035,0.5944005225747324,-1.2413753992124932,-0.9807684721554151,2.3701283912627553,0.7010385036525175,0.29605828008478846,0.7965206456431589,0.3957471112033139,-1.1726390190414806,0.8151011633428976,-0.6012921361801545,0.7479072208758845,0.6129793671447863
0.9365963382350957,0.994587204262543,-0.7422502627724067,-0.2487614663691877,-0.4690051608882897,-1.53421880795081,0.4406494807898042,0.5275562319185557,0.24668557295466906,-0.8611835923803624,1.5110916630705429,1.1979548330108172,-0.7583285563385006,1.7401078429040127,0.2098893903884749,0.029308281321349074,-0.23999063710725915,-0.8480955415039688,0.9142899139631875,-0.8193158835348178,-0.3666741547987882,-0.8629069160738497,1.2736511605518475,0.7123716310639441,0.761019177268328,1.4760357165361502,-0.41862237371869765,-0.06191269870508325,-0.2328587598686735,0.08293320867629622,0.15145784137781906,-0.17050352577208136,0.8095589240024891,0.05706749017191919,0.6252994990703993,-0.38613019192676507,-0.9342566129045589,-0.4449245280803526,-1.0005964761670647,-1.0928567571195154,0.8525452167296754,0.8586421352413742,0.7860763061786378,-0.5735361277400416,-1.120915224184427,-0.5848963652976957,1.5909097980723872,-0.12547944042194767,-0.07180807486546652,-0.03679474317425652,0.6597981091443408,-0.9098234447545319,0.3649375312429962,-0.13392706768424564,-0.3619850057147315,0.2007028293265714
0.5054524067694987,2.872430930857187,0.1901400099912804,-0.04729355897957228,-0.8814988239041409,-1.5961119119687919,1.3054320602629528,2.0150134615767707,1.910552846153104,-1.1864115826719503,2.534342431287571,2.4380707993091044,0.1382271462556092,1.854812736776967,0.2332684418216508,-0.9109178581800159,0.8557156606467481,-0.7244287748374633,2.574665423210611,0.352574795759633,-1.3656226778992582,-1.9155644947166715,0.4778526042861512,-0.22506733512159305,-0.7874783287371584,2.3027386916832775,-1.2969748126144727,1.825680571842994,2.0054482579532853,0.549282507591849,-2.011179897140188,-2.297072282073728,1.0529928181085553,0.4173301621925863,-0.38613019192676507,0.8101640483288013,0.3500463671321575,0.034927309081153844,-1.4901087723502906,-1.7630807893816058,-0.5513314962239368,-1.6055991990838958,0.86501602484847,1.1708215016682009,-0.745444418525194,-0.8092869076179388,1.825834400458181,0.9768189457954363,0.42647476992916356,1.0326136331851417,0.016114117491980325,-0.8132244214322679,0.7616668323778062,-0.6607416155626249,1.209599567356844,0.6269169537453956
-1.8302575321661285,-2.8722463645702088,1.2159676697153015,0.4518239395775698,1.1664236070312868,3.303444416660401,-1.285850688745769,-1.7189183885788328,-1.1883801238755185,1.9700129240645472,-3.636415900820783,-3.0536495161521153,1.264822326345723,-3.765048155470399,-0.45808060193720224,0.31115359029808365,0.07711704790463116,1.7635761528176128,-2.614235926191784,1.285510576119798,1.1807157547529843,2.262883454177936,-2.4061054806762656,-1.1500654071166234,-1.0110548535003083,-3.483747408090176,1.2440056698641273,-0.6177776677276623,-0.39220526123470034,-0.3625273067352357,0.536265787497739,1.2098802515181473,-1.8272078012078345,-0.26536253927434467,-0.9342566129045589,0.3500463671321575,1.486508345659092,0.7602046439509053,2.332864989121476,2.601974847556632,-1.2641476396966596,-0.8558361282573492,-1.7117185844948752,0.5325029171443609,2.2465142751127694,1.339386846198682,-3.4937045894785665,-0.17010668655336045,-0.04449574280826205,-0.3463366802960657,-1.154195475414607,1.9063668342505296,-0.9375008618930398,0.4958151301530714,0.14909034356701661,-0.5981857470293943
