V1,V2,V3,V4,V5,V6,V7,V8,V9,V10,V11,V12,V13,V14,V15,V16,V17,V18,V19,V20,V21,V22,V23,V24,V25,V26,V27,V28,V29,V30,V31,V32,V33,V34,V35,V36,V37,V38,V39,V40,V41,V42,V43,V44,V45,V46,V47,V48,V49,V50,V51,V52,V53,V54,V55,V56
2.321603761465019,3.6168542883773482,-0.386832371118047,-0.8458193021395568,-1.4629847426562166,-2.7911659820122745,1.3341095580531257,1.751082789388862,1.661866740472816,-1.7548169716113455,3.920482767850494,3.4636981342064934,-1.5169778538443774,3.5061726941758202,0.17689071473550616,-0.4697882922091326,0.21169771407566307,-1.7649181753054342,3.2826043801093285,-0.7750485368660913,-0.7398195760830963,-2.3608238877743535,2.1925033934179035,1.4794902090290951,0.5258481120818338,3.6956098890571814,-1.5094690758769804,1.1687069490396291,0.5712734845364696,0.6761497541776207,-0.6140781454294781,-1.3099797844467431,1.7866515157295801,0.13002065968270507,0.25062234852939624,-0.1958404789862866,-1.7570135900738515,-0.12680266561429782,-1.964933246642462,-2.5607372919267903,0.9503768448566947,0.661032742135332,1.655988448179515,-0.7880033407851694,-2.0566665595734337,-1.405483777304917,4.0998948394284085,0.6162645972790969,0.0756218778101252,0.628905129089592,0.8159015803845904,-1.3428780197621033,0.9127620655785008,-0.5071909169628842,0.5870578726428644,1.0505781886759065
3.6168542883773482,9.002037034136656,-0.7635224693949266,-0.9557055603047453,-3.1933629254959306,-6.666999964705028,3.865764924319075,5.579450984557331,4.999371381147247,-4.415264364811724,9.171762598743861,8.318267154695695,-1.6556801582837959,7.879494108326529,0.7994799284428918,-1.9933746253487359,1.4708554528563247,-3.5427810078397455,8.123124048326572,-0.8148920813079031,-3.484672796951016,-6.1977367187763,3.864600119946126,1.4142965764682824,-0.23717222298184368,8.544147890805045,-3.944827533793568,4.147094480296788,3.877044465642188,1.5873435199566963,-4.0109495418349,-5.393749121492678,4.128225299570451,0.9359686532558439,0.16837132617628797,0.9369854705148823,-1.6262250058301144,-0.5332923754601184,-5.2875487364612574,-6.3136847337107485,0.6014343070369991,-1.5626115259136935,3.6598772621051685,0.9899104978064759,-4.096060486775505,-3.152073695152078,8.061225767420677,2.1068011462704006,0.76720181302455015,2.321542906153152,1.3489662724906668,-3.49013912753945,2.471326903486083,-1.7388119148969043,2.2500270541564835,2.1250146031059027
-0.386832371118047,-0.7635224693949266,1.1181059226808732,-0.12098998986825922,0.29592844150102765,1.827274701788588,-0.5639946239122952,-0.7967271208980401,-0.23502485123520778,1.03498321212336,-1.4049992885842382,-1.067139622433241,0.30300809569443327,-1.832862195808981,-0.4169637049323991,0.061507940408903096,0.19888832713634508,0.7541045524206705,-0.6995428928727355,0.8883912744372834,0.9049308604236713,0.9574860418679341,-1.1623474672930794,-0.1914452900714483,-0.7302787179729673,-1.3844477135460702,0.3783307966900329,0.059560658526249435,-0.14981260626230872,0.061614126119511295,0.286422069168141,0.558243821092647,-0.8335739873424595,-0.2386673402771363,-0.8795265131058022,0.20689343409654903,0.3639191923624438,0.7936815475857893,1.3189551145755756,1.1915966311114328,-0.714417442444744,-0.3893511532058079,-0.786669099997067,-0.060935030788517724,1.0974819641037834,0.5392276149523793,-1.051715089199945,0.21365088479433064,-0.021669942703537174,0.012431053207059284,-0.7264737730040893,1.2549230953760675,-0.44529767717174823,0.2333240561350183,0.5511875948260865,0.06950569631185051
-0.8458193021395568,-0.9557055603047453,-0.12098998986825922,0.4042900225425978,0.43273625002087357,0.4749461385453537,-0.23394901506498253,-0.24517549831390978,-0.3830578606722578,0.3036649888872361,-0.9573530904547234,-0.8658130314499047,0.6091094090097567,-0.7525188180154517,0.07664318701738299,0.05355958757763521,-0.021976613596582425,0.45900029607764875,-0.8703909112507177,0.1426236272085973,-0.13795444838280416,0.4854381828541348,-0.5691547366789115,-0.6377229763945051,-0.14304464233935615,-0.898182360092805,0.3667941167700525,-0.2611564934168077,0.09241573084623024,-0.2356632664891882,-0.11357370181022419,0.07473102929175271,-0.3960462004668095,0.07404506017484286,0.08323526361331395,0.15026443731196104,0.73053302522812,-0.16682220027103314,0.26948567190220113,0.5301280550016443,-0.30089866187679054,-0.4252789379160338,-0.37982624365435774,0.54568052807699,0.4868412504911197,0.3479962722279607,-1.2462510389538528,-0.18804591755298836,0.03713265318876431,-0.12729144103467285,-0.15164765787376389,0.11340442950645373,-0.16287619771131231,0.058611041509503914,-0.23701448896962257,-0.392913475976841
-1.4629847426562166,-3.1933629254959306,0.29592844150102765,0.43273625002087357,1.1701816375870229,2.3984581029756677,-1.3279852653201016,-1.880557491799232,-1.7003288649453012,1.5676865980101902,-3.3072865591754965,-2.978835178422756,0.7644950848499631,-2.8748887378733636,-0.2566563016387574,0.6378855160834629,-0.44085503155168665,1.3309288708757996,-2.8855558608504888,0.38814814494935745,1.104782613514208,2.1754445859750047,-1.5097688343454616,-0.6904070667837855,-0.05016898885450647,-3.0905572999752287,1.3841626726001144,-1.3650876908532026,-1.1701908821623657,-0.5694125726295348,1.216448091028335,1.7372086569505827,-1.4947951175240823,-0.28249362723439586,-0.10456966808479515,-0.21190971626395064,0.8066052271990424,0.17719485954574823,1.849857912393438,2.2500116311205374,-0.3650689072935665,0.2840126050454481,-1.340478885414363,-0.10615590886018085,1.5439493296533882,1.14906875406206,-3.0403805247086195,-0.6966532031806527,-0.22376135652810059,-0.759101500321999,-0.5400328651111888,1.2336126624739285,-0.8620360823473082,0.5779872989839082,-0.7267178394542013,-0.7924608692157955
-2.7911659820122745,-6.666999964705028,1.827274701788588,0.4749461385453537,2.3984581029756677,6.449588779802163,-3.1413909761175622,-4.509836575481537,-3.4697952406386894,4.059818091185625,-7.547440097789697,-6.595586045600997,1.4371276007892573,-7.2354252352167805,-1.007022304076317,1.3412565937561223,-0.694765739112808,3.1731604487901013,-6.029071993844094,1.5923151689307529,3.2971490715872873,5.104078619332442,-3.8729900325210886,-1.1505155203281061,-0.7341696703954601,-7.1222211127026736,2.9724324452244595,-2.5696773148458365,-2.6382931383251393,-0.941567146062817,2.887078345203221,4.098782230767195,-3.638247983536429,-0.8791042316380352,-1.1633184439062367,-0.3403082188263289,1.4959097917884883,1.28874258349388,4.954353680596018,5.461355075875129,-1.2527565026438272,0.5080130394479605,-3.2838780344295775,-0.68280275212495245,3.938924455722462,2.6624264820112518,-6.427051078253725,-1.0864544717792697,-0.5118351001267492,-1.4630615237891338,-1.73665261620124,3.7309212208456537,-2.1107326587515436,1.3868040744044314,-0.7724856372064759,-1.2786941655802924
1.3341095580531257,3.865764924319075,-0.5639946239122952,-0.23394901506498253,-1.3279852653201016,-3.1413909761175622,1.7782319184282387,2.610157244657766,2.195909326263322,-2.063149961307437,4.0275573195917795,3.627335747877192,-0.5167167592063978,3.5754641550119066,0.46851181899139094,-0.9206717051579508,0.6565260295249885,-1.5387167711387835,3.4857102780308877,-0.4276352332318315,-1.8272491889888711,-2.8027265260833283,1.6882340669122842,0.3743688628544068,-0.08864289510883319,3.7585247758111193,-1.7254865460942375,1.8168338801074848,1.8922802124408957,0.623030325262378,-1.9834702496881953,-2.576592320030359,1.8560606730544262,0.508664582251527,0.2339547292155966,0.4895175545115799,-0.45028683426282706,-0.4364456103991816,-2.5277609685030544,-2.8654402712004328,0.226004458459149,-0.8973638909878914,1.637355488668333,0.7453982360389385,-1.8298495431244386,-1.382013245550183,3.315230429177631,0.8718367946136508,0.38280149196035806,1.0291632626590024,0.6540059780806428,-1.7500488980412465,1.1410645011266496,-0.8203337155831859,0.8715137360976433,0.7971817835180354
1.751082789388862,5.579450984557331,-0.7967271208980401,-0.24517549831390978,-1.880557491799232,-4.509836575481537,2.610157244657766,3.8653365875489762,3.2391799385989617,-2.9808581875557465,5.765023588917912,5.210496232333571,-0.5745840272477025,5.090858980804081,0.7048179913600557,-1.3954025526915437,1.0241264785820874,-2.151703410930451,5.02712914239838,-0.5264165593143841,-2.7691194755612223,-4.070787682236806,2.3072159891948583,0.3573038431974968,-0.2535654832506015,5.371235580813348,-2.505520196569694,2.7226188793667743,2.92929724296167,0.8917204530392099,-3.0630039530467776,-3.890707055271933,2.6526064246956236,0.7832940543186802,0.3000279152947257,0.8217433919677578,-0.42816217654872785,-0.6466322274088273,-3.6793824654497276,-4.13014989110346,0.18316855965444648,-1.5545819875039228,2.325428123446212,1.3138901260277671,-2.557628939435635,-1.966424470511774,4.611593595972715,1.3050138626437953,0.59921400218546506,1.5466317327499894,0.8882028617216058,-2.536695939783649,1.6627178014113548,-1.2223345784648676,1.3223571189369296,1.1114349877831398
1.661866740472816,4.999371381147247,-0.23502485123520778,-0.3830578606722578,-1.7003288649453012,-3.4697952406386894,2.195909326263322,3.2391799385989617,2.9385143468539625,-2.3602841515056103,4.9087183945533015,4.518479896495434,-0.5667361931573934,4.069906122820098,0.44720905715179876,-1.2508290396765946,1.0116392222365305,-1.7677792248758233,4.502382946145307,-0.15699007687976355,-2.098295179544959,-3.426975926254608,1.7743114634735875,0.42341433764099917,-0.48381351865432654,4.544736003372192,-2.2133329381319777,2.5566684630730525,2.5603207527105503,0.8962137276450219,-2.6201152833051573,-3.3107771929263223,2.170725616528996,0.5907445814535885,-0.10693969017895916,0.7839844893127579,-0.44375158227630646,-0.21751515409519115,-2.8672963263172258,-3.3986106465864956,-0.03880500196299939,-1.4430088981824372,1.8895310361557323,1.0103109479186878,-2.0037656011222453,-1.6561196327486856,4.089701166168797,1.317673984584012,0.5222711868714723,1.4378488198354322,0.5516816182359823,-1.8172118712857523,1.3680007512096792,-1.026563417202204,1.4831650555138163,1.1417706484022796
-1.7548169716113455,-4.415264364811724,1.03498321212336,0.3036649888872361,1.5676865980101902,4.059818091185625,-2.063149961307437,-2.9808581875557465,-2.3602841515056103,2.5853394608231564,-4.876627508309257,-4.2990696287308126,0.8464636177818454,-4.574654592444788,-0.6248131071250012,0.9362182228960825,-0.5470190517868863,1.9973716448374423,-3.9893264220664366,0.8824047463437767,2.14810850516361,3.3237011196450914,-2.372404348992627,-0.6655941296929841,-0.3087982150305307,-4.587303952046281,1.9686233008272973,-1.8136560592719635,-1.8675770826266616,-0.6511934495541143,2.0134483075924323,2.778246295357465,-2.3205852442673947,-0.5796945035073564,-0.6157463288560734,-0.3243117706804745,0.8519454408809704,0.7424819416916844,3.157436841454165,3.5102131259861378,-0.6580183289667384,0.5396973597714043,-2.081710900295943,-0.5663235875128098,2.4508582430482035,1.7069639637207632,-4.117542765944234,-0.8034300562343561,-0.3675153359566054,-1.0305420236133145,-1.0271090018958815,2.3237399560862846,-1.367806978834704,0.922565242293593,-0.6592707848127147,-0.8683397169692266
3.920482767850494,9.171762598743861,-1.4049992885842382,-0.9573530904547234,-3.3072865591754965,-7.547440097789697,4.0275573195917795,5.765023588917912,4.9087183945533015,-4.876627508309257,9.758919995670468,8.710859051772852,-1.9664706427460537,8.776220260973663,0.9852347002014589,-1.8966072824640519,1.2287192650958858,-3.946452250379551,8.286525808077952,-1.4019210289905093,-3.7592787458026704,-6.536441347039363,4.559806539015399,1.680785581642023,0.3278828858692388,9.14434287048004,-4.028092964133496,3.87891440047033,3.63167595760417,1.5120398172051492,-3.8382228494066633,-5.3670851648175235,4.513736335638512,0.9921822844592002,0.7122175405218863,0.6642799886147472,-2.0280584155805728,-0.9574953813786962,-5.856335624457043,-6.817695397534742,1.1510810059606746,-1.0094005544990987,4.044932139028637,0.7370414633568292,-4.696875146457136,-3.3991323298857044,8.613703742307534,1.8693376228887375,0.705870661501283,2.1779975472229527,1.7882750208344114,-4.098016819796735,2.636868211319586,-1.7796177703721239,1.79397101425375,2.0634356714060367
3.4636981342064934,8.318267154695695,-1.067139622433241,-0.8658130314499047,-2.978835178422756,-6.595586045600997,3.627335747877192,5.210496232333571,4.518479896495434,-4.2990696287308126,8.710859051772852,7.820841364035764,-1.6773151709417304,7.708245685089391,0.8399712761990176,-1.7698027998884316,1.2093268041943646,-3.4629086980480226,7.511712287873296,-1.0762940651621096,-3.352092632744766,-5.857509743735312,3.9204429646943066,1.4302409849811062,0.10000500889150489,8.144839691997934,-3.6516050467642724,3.6400187997574656,3.414961381694977,1.4052189870790441,-3.579452818757284,-4.924299218779687,3.9905738779221744,0.891399150719206,0.4653986545359519,0.7074399270863162,-1.6988104834134652,-0.7339754666072072,-5.160130125853777,-6.056524921194515,0.85531903838257,-1.1284573112078897,3.5616676350792895,0.7776384571972772,-4.081050564569095,-3.0189023392746455,7.66613785280015,1.79021764695096,0.6690104960389445,2.041924438284214,1.4814335207446827,-3.539791215268781,2.3538217631767315,-1.6146066255781149,1.7959543086617438,1.9014010755379538
-1.5169778538443774,-1.6556801582837959,0.30300809569443327,0.6091094090097567,0.7644950848499631,1.4371276007892573,-0.5167167592063978,-0.5745840272477025,-0.5667361931573934,0.8464636177818454,-1.9664706427460537,-1.6773151709417304,1.1467485835444373,-1.8741351834182363,-0.03462208066306523,0.035691746216142614,0.12465387033054351,1.0204602149553652,-1.5133174071091693,0.6514727388616282,0.04711711763587468,1.0487113662330738,-1.4006787764474413,-1.152988941535134,-0.6213217909186153,-1.8802295133433797,0.6555536697476942,-0.24539160947126182,0.26157314070477233,-0.313557652553361,-0.23757362574620994,0.1657381678065601,-0.9227223461751477,0.05457026980713693,-0.2785817577883876,0.4078194269484364,1.3915883144883883,0.0731114576297468,0.8871229231787802,1.23728327238019,-0.8538397089901544,-1.0091713004941056,-0.8919766962483233,0.9740044203083841,1.2136525682279011,0.7369327606826777,-2.3504029924495318,-0.1318961117719263,0.08883036497001148,-0.11441632480754148,-0.5639418184237835,0.66117033932771,-0.3954125156631836,0.1404289785100289,-0.04564648362702654,-0.5623229015099999
3.5061726941758202,7.879494108326529,-1.832862195808981,-0.7525188180154517,-2.8748887378733636,-7.2354252352167805,3.5754641550119066,5.090858980804081,4.069906122820098,-4.574654592444788,8.776220260973663,7.708245685089391,-1.8741351834182363,8.258064220551645,1.0359515399681711,-1.5315942334574726,0.8261149222338336,-3.6921224011026483,7.1272089452326295,-1.7316214210527907,-3.517452702762079,-5.855061806099131,4.4737167275387915,1.5815890058182525,0.7867114598007808,8.270263572872253,-3.478259394139386,3.0390895305253682,2.9114574136542566,1.188001595791052,-3.161183289712067,-4.579927491776203,4.174568683701845,0.9198830428275916,1.1382545356037366,0.3427252858830945,-1.9906764146790328,-1.2521322309983776,-5.5246647488157725,-6.24417791302485,1.452167470930843,-0.42599589605731125,3.7736429713841795,0.49522890189339536,-4.51787786561827,-3.094163458410214,7.7061685167723715,1.3518478454893037,0.5565413198104308,1.7165488692338322,1.9238273952765883,-4.076470815288369,2.395061316139913,-1.5591548972663123,1.0729897506309847,1.6470041302655267
0.17689071473550616,0.7994799284428918,-0.4169637049323991,0.07664318701738299,-0.2566563016387574,-1.007022304076317,0.46851181899139094,0.7048179913600557,0.44720905715179876,-0.6248131071250012,0.9852347002014589,0.8399712761990176,-0.03462208066306523,1.0359515399681711,0.22061889516391273,-0.20537086118407247,0.09365452111027255,-0.4041419610022824,0.721363751655795,-0.2675977405959885,-0.651457304104775,-0.7257697200162578,0.5056650434464357,-0.03015489666106221,0.11586695746165881,0.9354256858332344,-0.380469141976701,0.3243721025598963,0.47769333284757604,0.06535545347067759,-0.5351865136175802,-0.6837385293133766,0.5087995492864352,0.1870251329455918,0.27857986347109853,0.09736460029348619,-0.004124397376326358,-0.3240661170838453,-0.8028618605178485,-0.7833367110280933,0.14289575053686432,-0.21333169358849854,0.45332819173275807,0.31486560151884474,-0.5422589946248733,-0.3466020845166452,0.672854421665366,0.09678113947346884,0.09916757994351325,0.19384709736840508,0.27761720692717484,-0.654043206664402,0.3170341401491361,-0.2221265183888894,0.005498364429215259,0.06323631138838025
-0.4697882922091326,-1.9933746253487359,0.061507940408903096,0.05355958757763521,0.6378855160834629,1.3412565937561223,-0.9206717051579508,-1.3954025526915437,-1.2508290396765946,0.9362182228960825,-1.8966072824640519,-1.7698027998884316,0.035691746216142614,-1.5315942334574726,-0.20537086118407247,0.5733305882960782,-0.49157302623004484,0.6232005879851664,-1.7909182578478477,-0.0475252192253275,0.9739973511098514,1.3890260202582336,-0.5547178467815083,0.03332021306785398,0.34039541578932403,-1.7450043060534706,0.8985708940644855,-1.1349244243135128,-1.2411078410512713,-0.3515774826641045,1.2656556882188843,1.507921886278006,-0.8305947522123311,-0.2876552225681753,0.09496780833427587,-0.4428832274150056,-0.06982355366640873,0.09572640057404991,1.1664616240898367,1.3407520244781086,0.1810884499828722,0.8671161628306308,-0.7058753725814961,-0.6649393203835837,0.6978758606965719,0.6258906923692615,-1.4355002990039298,-0.5816365993421776,-0.2601957747681911,-0.6432854653183553,-0.15105791222066572,0.7244663727181891,-0.5599005254456947,0.45041958010967237,-0.6715827727582875,-0.41525666823561036
0.21169771407566307,1.4708554528563247,0.19888832713634508,-0.021976613596582425,-0.44085503155168665,-0.694765739112808,0.6565260295249885,1.0241264785820874,1.0116392222365305,-0.5470190517868863,1.2287192650958858,1.2093268041943646,0.12465387033054351,0.8261149222338336,0.09365452111027255,-0.49157302623004484,0.4856682973548129,-0.3131854989564951,1.3165877697814743,0.2770536154415489,-0.6727293010813287,-0.9467628353349068,0.13798734697774498,-0.16340883383930635,-0.5013573250223358,1.1059433227667075,-0.6635374007245625,0.9957559893052688,1.0885423199257618,0.2977250957850751,-1.080396499849955,-1.205967518094732,0.4884549732287819,0.21010811128056914,-0.2864880237134654,0.46749787854244773,0.25049763471061953,0.08344298102488998,-0.6893183464945297,-0.8406689318715812,-0.37629361085173196,-0.9294782660724192,0.3902680171277326,0.65575861592149165,-0.2932184053462617,-0.3827983696004663,0.8614573357851418,0.5472191510162709,0.23298389534642383,0.5620687574009923,-0.06118193353684513,-0.33006552812366863,0.371713980080523,-0.3391717712706679,0.7027947473358017,0.335254819634
-1.7649181753054342,-3.5427810078397455,0.7541045524206705,0.45900029607764875,1.3309288708757996,3.1731604487901013,-1.5387167711387835,-2.151703410930451,-1.7677792248758233,1.9973716448374423,-3.946452250379551,-3.4629086980480226,1.0204602149553652,-3.6921224011026483,-0.4041419610022824,0.6232005879851664,-0.3131854989564951,1.6989516047281061,-3.20785609837941,0.8107070894077869,1.3822705148721677,2.5672887078544515,-2.0855201230362295,-0.909873674772266,-0.4306845809219946,-3.7223454754348446,1.5432658373119978,-1.288959886732005,-1.1024117151718549,-0.5591765315989378,1.2017281958692974,1.85826174172234,-1.86534858584747,-0.3450837548293095,-0.4805568546194436,-0.04943053952159936,1.1240797311647592,0.48079176433705545,2.3754334702724744,2.7580890505001996,-0.7567481937421913,-0.0545585558431015,-1.6985977754936443,0.04185390105391399,2.0610546440023305,1.3997394804970533,-3.627579457486781,-0.5888180410945727,-0.201617397037977,-0.7209848524627179,-0.8754408210956568,1.7393858092964916,-1.0391782381484946,0.6507906173942785,-0.4731811523139874,-0.8055291276652606
3.2826043801093285,8.123124048326572,-0.6995428928727355,-0.8703909112507177,-2.8855558608504888,-6.029071993844094,3.4857102780308877,5.02712914239838,4.502382946145307,-3.9893264220664366,8.286525808077952,7.511712287873296,-1.5133174071091693,7.1272089452326295,0.721363751655795,-1.7909182578478477,1.3165877697814743,-3.20785609837941,7.330572834303671,-0.7516585148584835,-3.1356851044170457,-5.5935747337975545,3.5077963783367982,1.2960247886410234,-0.194656673925269,7.72104192300531,-3.5584450858205767,3.728286942554391,3.47625375651524,1.4315231982703553,-3.597928611828825,-4.849943038863764,3.7319305748789615,0.8407286199030131,0.1630701283705618,0.8310317281405774,-1.4925679217828784,-0.48573064199156546,-4.775250499035753,-5.703254198190015,0.563204750947196,-1.3785908327631569,3.3104490947272316,0.8681802346014551,-3.7110840003631282,-2.8495348977287462,7.295374873952777,1.8929959546121098,0.6870347395558035,2.0867642175532004,1.2281849205910877,-3.1562492779299935,2.2303260545546846,-1.5658223682702779,2.017419517336506,1.9195792015057105
-0.7750485368660913,-0.8148920813079031,0.8883912744372834,0.1426236272085973,0.38814814494935745,1.5923151689307529,-0.4276352332318315,-0.5264165593143841,-0.15699007687976355,0.8824047463437767,-1.4019210289905093,-1.0762940651621096,0.6514727388616282,-1.7316214210527907,-0.2675977405959885,-0.0475252192253275,0.2770536154415489,0.8107070894077869,-0.7516585148584835,0.883219730238102,0.47361420595537246,0.8244801394078118,-1.2565337571393334,-0.5884779197023631,-0.8142564418356703,-1.3816191379058813,0.3558969804093547,0.15285904829800775,0.2230791428190056,-0.014874145909862142,-0.12269379129765245,0.18012605040428653,-0.7904914105148656,-0.09321917851478663,-0.7406128273242001,0.3839666068364235,0.8085553323540724,0.5659097552750827,1.054829622348383,1.0702700384830313,-0.8646410893301639,-0.8227150449223131,-0.768455402916487,0.4574246995926629,1.1123409366284627,0.5496989332339743,-1.3882586569361606,0.20397713850313498,0.06680657199679434,0.08133201975194491,-0.6997820241506562,1.0026569615443452,-0.3631826930312482,0.1357383180774921,0.48990480369880063,-0.094569188938567
-0.7398195760830963,-3.484672796951016,0.9049308604236713,-0.13795444838280416,1.104782613514208,3.2971490715872873,-1.8272491889888711,-2.7691194755612223,-2.098295179544959,2.14810850516361,-3.7592787458026704,-3.352092632744766,0.04711711763587468,-3.517452702762079,-0.651457304104775,0.9739973511098514,-0.6727293010813287,1.3822705148721677,-3.1356851044170457,0.47361420595537246,2.2804552164291256,2.7818021898933583,-1.5064784670131979,0.15348424997827864,0.11992922584713439,-3.51490836022144,1.6169427843147601,-1.7494423079474641,-2.194407670120874,-0.45723874572533685,2.3355006053725407,2.8548539202317245,-1.802923281042936,-0.6660024990731352,-0.4697101310109977,-0.6481956690047412,-0.13002562445025162,0.7576803849689903,2.7353554071590644,2.84479958118318,-0.07716863010178107,1.3265735264215932,-1.5699108531302344,-1.3400251532783602,1.7294932015236668,1.2804493092573193,-2.65072461776793,-0.7527339876327582,-0.4597913223237401,-1.0134697033946642,-0.6899235707779686,2.0141324365158013,-1.173384997354687,0.8848884596084242,-0.6552325175069765,-0.5013089756170577
-2.3608238877743535,-6.1977367187763,0.9574860418679341,0.4854381828541348,2.1754445859750047,5.104078619332442,-2.8027265260833283,-4.070787682236806,-3.426975926254608,3.3237011196450914,-6.536441347039363,-5.857509743735312,1.0487113662330738,-5.855061806099131,-0.7257697200162578,1.3890260202582336,-0.9467628353349068,2.5672887078544515,-5.5935747337975545,0.8244801394078118,2.7818021898933583,4.474832929302518,-2.894448983989196,-0.8327091152955847,-0.03814298454081073,-6.113117297492936,2.748740290623125,-2.774313215204086,-2.7786597237130017,-1.0023487238167055,2.926110179049865,3.9173200061706566,-3.0232528729602834,-0.7580936372067774,-0.4487646931255636,-0.6312170046963091,1.008160477202412,0.7011501751477213,4.0397610274349685,4.620762312289213,-0.5623073431792898,1.0968910000563394,-2.686976042558844,-0.8946806381185831,3.060953088427259,2.2593307491108274,-5.544249755037455,-1.3273791428294492,-0.5534639984120167,-1.5666613934581057,-1.1368388238786757,2.8209274681876346,-1.8165212347460826,1.2695762844500296,-1.2939355362184695,-1.3202457898431934
2.1925033934179035,3.864600119946126,-1.1623474672930794,-0.5691547366789115,-1.5097688343454616,-3.8729900325210886,1.6882340669122842,2.3072159891948583,1.7743114634735875,-2.372404348992627,4.559806539015399,3.9204429646943066,-1.4006787764474413,4.4737167275387915,0.5056650434464357,-0.5547178467815083,0.13798734697774498,-2.0855201230362295,3.5077963783367982,-1.2565337571393334,-1.5064784670131979,-2.894448983989196,2.705574712832463,1.269316490846317,0.8697618960951943,4.332842500169331,-1.6754845882210563,1.1428451875357546,0.8723327612737389,0.5616041538019492,-1.0153533801378025,-1.8173432293764207,2.216274147596033,0.3554580594080962,0.8361288231280786,-0.1926482429989553,-1.6033799882334785,-0.7254817311896292,-2.808750201481118,-3.2129776472081573,1.2238251030887872,0.5776105201323889,2.048313777929461,-0.3846159155327509,-2.5892852249002956,-1.6477253740867166,4.309098240988677,0.45969518319711555,0.14169371780049642,0.6383649790824761,1.216051199764092,-2.1696674795896738,1.182105927120937,-0.6822501375052656,0.20386345032497943,0.8586146424632539
1.4794902090290951,1.4142965764682824,-0.1914452900714483,-0.6377229763945051,-0.6904070667837855,-1.1505155203281061,0.3743688628544068,0.3573038431974968,0.42341433764099917,-0.6655941296929841,1.680785581642023,1.4302409849811062,-1.152988941535134,1.5815890058182525,-0.03015489666106221,0.03332021306785398,-0.16340883383930635,-0.909873674772266,1.2960247886410234,-0.5884779197023631,0.15348424997827864,-0.8327091152955847,1.269316490846317,1.1787260893115437,0.6062422669086525,1.6104624296995071,-0.5399113367030759,0.133841856656347,-0.4250294449027166,0.29207775955306403,0.4170198039563311,0.05426254862347485,0.7772515817597886,-0.1133551246771821,0.20827277144030124,-0.4506240253178154,-1.4121746243512379,0.017013014008922474,-0.6526482163862787,-1.0092348720568465,0.8310735175176106,1.1021788644726542,0.764153285308665,-1.0897706010914074,-1.0662154416092706,-0.6380214990129086,2.166624807268574,0.0939178923205559,-0.12332571728689617,0.0481054118759014,0.49236801890495363,-0.47449028463415327,0.30119446777696507,-0.07118076753884672,0.02939815876502291,0.5435741464927232
0.5258481120818338,-0.23717222298184368,-0.7302787179729673,-0.14304464233935615,-0.05016898885450647,-0.7341696703954601,-0.08864289510883319,-0.2535654832506015,-0.48381351865432654,-0.3087982150305307,0.3278828858692388,0.10000500889150489,-0.6213217909186153,0.7867114598007808,0.11586695746165881,0.34039541578932403,-0.5013573250223358,-0.4306845809219946,-0.194656673925269,-0.8142564418356703,0.11992922584713439,-0.03814298454081073,0.8697618960951943,0.6062422669086525,0.9098944871864219,0.3839095859135543,0.12435234648255729,-0.707305739003439,-0.8660335908389188,-0.1467404896785654,0.7937742400799903,0.6360132972496734,0.2953175060493737,-0.08000442784065635,0.68855253673842,-0.5888444690293008,-0.8288031740023816,-0.424703869969452,-0.333135705741877,-0.2840926080000982,0.8873854729264778,1.230195848712243,0.3405040082196936,-0.8169922003275891,-0.6579751470925418,-0.18808012180278508,0.5947306192525893,-0.4661088039590107,-0.20112372517527485,-0.3986465459725474,0.5492634488197208,-0.5046051987378717,0.0386237935120711,0.11414830161518162,-0.7583626093907805,-0.09281976510061893
3.6956098890571814,8.544147890805045,-1.3844477135460702,-0.898182360092805,-3.0905572999752287,-7.1222211127026736,3.7585247758111193,5.371235580813348,4.544736003372192,-4.587303952046281,9.14434287048004,8.144839691997934,-1.8802295133433797,8.270263572872253,0.9354256858332344,-1.7450043060534706,1.1059433227667075,-3.7223454754348446,7.72104192300531,-1.3816191379058813,-3.51490836022144,-6.113117297492936,4.332842500169331,1.6104624296995071,0.3839095859135543,8.575256746971176,-3.752158786365991,3.5636169383854233,3.327808148386602,1.3968115123177023,-3.528323805460192,-4.969270799189571,4.243547374428579,0.9244215079640529,0.7307209020941443,0.5742296094819275,-1.9529724085600042,-0.9393874263739425,-5.508219266247188,-6.397132740722833,1.1486779992535905,-0.8483463240819911,3.808847707233765,0.6332458886700149,-4.444746870270692,-3.191211113908811,8.087069585230841,1.7045239827569352,0.6444279129662694,2.001364453223743,1.719749701809175,-3.880642119183299,2.469058527108976,-1.6553644675540953,1.6065873934320276,1.9137644203256807
-1.5094690758769804,-3.944827533793568,0.3783307966900329,0.3667941167700525,1.3841626726001144,2.9724324452244595,-1.7254865460942375,-2.505520196569694,-2.2133329381319777,1.9686233008272973,-4.028092964133496,-3.6516050467642724,0.6555536697476942,-3.478259394139386,-0.380469141976701,0.8985708940644855,-0.6635374007245625,1.5432658373119978,-3.5584450858205767,0.3558969804093547,1.6169427843147601,2.748740290623125,-1.6754845882210563,-0.5399113367030759,0.12435234648255729,-3.752158786365991,1.7377163424370217,-1.8428660830037145,-1.7804559447214727,-0.6825664286431586,1.8462164649002653,2.4468529934852388,-1.8207891547747448,-0.4403526007028652,-0.09903436652974755,-0.4490449223873607,0.6227280610219802,0.2779689373424861,2.373892354838646,2.7963864261429707,-0.23093683117678768,0.7772946074122089,-1.6099550248796806,-0.5410549997588313,1.7937471430675784,1.3817537607947428,-3.4716793916579345,-0.9252532292090808,-0.3553507696721262,-1.0349519411310297,-0.5957563021906135,1.5813471334240257,-1.1017310853856057,0.7836148116523685,-0.9790074910967106,-0.9011433427499093
1.1687069490396291,4.147094480296788,0.059560658526249435,-0.2611564934168077,-1.3650876908532026,-2.5696773148458365,1.8168338801074848,2.7226188793667743,2.5566684630730525,-1.8136560592719635,3.87891440047033,3.6400187997574656,-0.24539160947126182,3.0390895305253682,0.3243721025598963,-1.1349244243135128,0.9957559893052688,-1.288959886732005,3.728286942554391,0.15285904829800775,-1.7494423079474641,-2.774313215204086,1.1428451875357546,0.133841856656347,-0.707305739003439,3.5636169383854233,-1.8428660830037145,2.3232195275892074,2.3819884824528375,0.779064304618002,-2.405871066276004,-2.913047377411074,1.6637010018688452,0.50854329232884,-0.3236244219264175,0.8411539239856825,-0.07352127969747234,-0.03148194405162588,-2.2180375290752443,-2.666430515444663,-0.33790915364725793,-1.5991178089467617,1.4193615974724685,1.105196665059447,-1.4027287107588748,-1.2819413114433518,3.1195487599356104,1.23212326287007,0.49436897010797615,1.3069205341012373,0.2594913472285916,-1.3049594025958806,1.09950819164112,-0.874551952295532,1.467187520865266,0.9598446374052111
0.5712734845364696,3.877044465642188,-0.14981260626230872,0.09241573084623024,-1.1701908821623657,-2.6382931383251393,1.8922802124408957,2.92929724296167,2.5603207527105503,-1.8675770826266616,3.63167595760417,3.414961381694977,0.26157314070477233,2.9114574136542566,0.47769333284757604,-1.2411078410512713,1.0885423199257618,-1.1024117151718549,3.47625375651524,0.2230791428190056,-2.194407670120874,-2.7786597237130017,0.8723327612737389,-0.4250294449027166,-0.8660335908389188,3.327808148386602,-1.7804559447214727,2.3819884824528375,2.7978447917533273,0.6568724438270757,-2.8573363604758084,-3.2815926448503467,1.5928350456083973,0.6673518357164259,-0.20684069316818895,1.0733580975421106,0.5638333340349928,-0.26529742860238315,-2.3839205086249833,-2.636867447743096,-0.5964447473349653,-2.170952525011718,1.3268406370337675,1.7660036630032316,-1.237362958633713,-1.177801431146993,2.469421289821834,1.2000749316505972,0.5965577652449482,1.3602515768907892,0.22043062664779436,-1.4893657755516008,1.1349833450269633,-0.9575465953660901,1.3891260536977852,0.7141541788297279
0.6761497541776207,1.5873435199566963,0.061614126119511295,-0.2356632664891882,-0.5694125726295348,-0.941567146062817,0.623030325262378,0.8917204530392099,0.8962137276450219,-0.6511934495541143,1.5120398172051492,1.4052189870790441,-0.313557652553361,1.188001595791052,0.06535545347067759,-0.3515774826641045,0.2977250957850751,-0.5591765315989378,1.4315231982703553,-0.014874145909862142,-0.45723874572533685,-1.0023487238167055,0.5616041538019492,0.29207775955306403,-0.1467404896785654,1.3968115123177023,-0.6825664286431586,0.779064304618002,0.6568724438270757,0.31976300175811934,-0.6558768303894082,-0.8788588798580228,0.6435070501375331,0.11941867866798055,-0.12429245312400762,0.18453123387332318,-0.31179859953174255,0.05432640681117136,-0.7562106991959876,-0.9894501279822693,0.02314518799876804,-0.29553252302718397,0.5658433773834414,0.10565837320453625,-0.6044036119219952,-0.5124761503719658,1.4043889727054746,0.4322062376403597,0.12919824780316427,0.43056970093499697,0.13790003686810326,-0.4285909347608214,0.38579554398843374,-0.27838969370553895,0.5188826523554892,0.43455593077699456
-0.6140781454294781,-4.0109495418349,0.286422069168141,-0.11357370181022419,1.216448091028335,2.887078345203221,-1.9834702496881953,-3.0630039530467776,-2.6201152833051573,2.0134483075924323,-3.8382228494066633,-3.579452818757284,-0.23757362574620994,-3.161183289712067,-0.5351865136175802,1.2656556882188843,-1.080396499849955,1.2017281958692974,-3.597928611828825,-0.12269379129765245,2.3355006053725407,2.926110179049865,-1.0153533801378025,0.4170198039563311,0.7937742400799903,-3.528323805460192,1.8462164649002653,-2.405871066276004,-2.8573363604758084,-0.6558768303894082,2.9342144859764705,3.3943522260707857,-1.709559632665654,-0.7063236637406702,0.10420918201922191,-1.0663307168474154,-0.5385753809108761,0.3656708199543604,2.571455898961177,2.809420312328609,0.5242605833627199,2.1618756557259684,-1.434367594503883,-1.806148699879376,1.379051795007201,1.2541997306690704,-2.6132833594702602,-1.1895423787409403,-0.6082499763905543,-1.376747647576759,-0.3078598364579402,1.6584658896044528,-1.2020981861414668,0.9983474535861719,-1.3405621828618883,-0.7109658896881836
-1.3099797844467431,-5.393749121492678,0.558243821092647,0.07473102929175271,1.7372086569505827,4.098782230767195,-2.576592320030359,-3.890707055271933,-3.3107771929263223,2.778246295357465,-5.3670851648175235,-4.924299218779687,0.1657381678065601,-4.579927491776203,-0.6837385293133766,1.507921886278006,-1.205967518094732,1.85826174172234,-4.849943038863764,0.18012605040428653,2.8548539202317245,3.9173200061706566,-1.8173432293764207,0.05426254862347485,0.6360132972496734,-4.969270799189571,2.4468529934852388,-2.913047377411074,-3.2815926448503467,-0.8788588798580228,3.3943522260707857,4.108750639806765,-2.4282264271775316,-0.8349889941162777,-0.06607452608368271,-1.0861831545202372,-0.09365132154685793,0.5358649268295175,3.477755890909754,3.871677492616325,0.2364044722371643,2.1391030544687317,-2.088696795644582,-1.7783102717389903,2.1710595276098394,1.7959235467199166,-4.029745954794849,-1.4257201642999373,-0.6855446572726553,-1.6597090240248586,-0.6387657571517386,2.315536837364421,-1.601678451903235,1.2485024617632101,-1.538482949935536,-1.0329155161421342
1.7866515157295801,4.128225299570451,-0.8335739873424595,-0.3960462004668095,-1.4947951175240823,-3.638247983536429,1.8560606730544262,2.6526064246956236,2.170725616528996,-2.3205852442673947,4.513736335638512,3.9905738779221744,-0.9227223461751477,4.174568683701845,0.5087995492864352,-0.8305947522123311,0.4884549732287819,-1.86534858584747,3.7319305748789615,-0.7904914105148656,-1.802923281042936,-3.0232528729602834,2.216274147596033,0.7772515817597886,0.2953175060493737,4.243547374428579,-1.8207891547747448,1.6637010018688452,1.5928350456083973,0.6435070501375331,-1.709559632665654,-2.4282264271775316,2.124684615431263,0.47499615050610333,0.48673471057420753,0.23999998899185176,-0.9644763515422485,-0.572786007876258,-2.8004381288265874,-3.193762209551069,0.6499520202305881,-0.34488366819037736,1.912756792211292,0.3180899558041729,-2.2600992822631802,-1.5828078800398961,3.953834543408633,0.7648848535397581,0.3076354475033065,0.9380842006814807,0.9235833596415388,-2.0266273907221066,1.2311086492242262,-0.8158477742721287,0.6637102530329142,0.882734838217557
0.13002065968270507,0.9359686532558439,-0.2386673402771363,0.07404506017484286,-0.28249362723439586,-0.8791042316380352,0.508664582251527,0.7832940543186802,0.5907445814535885,-0.5796945035073564,0.9921822844592002,0.891399150719206,0.05457026980713693,0.9198830428275916,0.1870251329455918,-0.2876552225681753,0.21010811128056914,-0.3450837548293095,0.8407286199030131,-0.09321917851478663,-0.6660024990731352,-0.7580936372067774,0.3554580594080962,-0.1133551246771821,-0.08000442784065635,0.9244215079640529,-0.4403526007028652,0.50854329232884,0.6673518357164259,0.11941867866798055,-0.7063236637406702,-0.8349889941162777,0.47499615050610333,0.19875593283278623,0.11318329964786428,0.21895289878972837,0.12208400722938291,-0.2118142960440837,-0.7489328700468486,-0.7633864326870095,-0.034253810450381755,-0.4574625025590286,0.40782514561232036,0.4538958035420881,-0.4333725063161638,-0.33341053183694197,0.6443773500030349,0.21967376157189447,0.14189213623325841,0.2959059326811927,0.16475283705883229,-0.5474404406740675,0.3219657857347752,-0.2529822276753501,0.19973305340747036,0.11850939186369588
0.25062234852939624,0.16837132617628797,-0.8795265131058022,0.08323526361331395,-0.10456966808479515,-1.1633184439062367,0.2339547292155966,0.3000279152947257,-0.10693969017895916,-0.6157463288560734,0.7122175405218863,0.4653986545359519,-0.2785817577883876,1.1382545356037366,0.27857986347109853,0.09496780833427587,-0.2864880237134654,-0.4805568546194436,0.1630701283705618,-0.7406128273242001,-0.4697101310109977,-0.4487646931255636,0.8361288231280786,0.20827277144030124,0.68855253673842,0.7307209020941443,-0.09903436652974755,-0.3236244219264175,-0.20684069316818895,-0.12429245312400762,0.10420918201922191,-0.06607452608368271,0.48673471057420753,0.11318329964786428,0.7299225037570951,-0.2925199932242296,-0.36380482278663634,-0.6051594238918038,-0.7833301539988968,-0.6535621415640384,0.6456852936224707,0.5691676396345738,0.47998735711874907,-0.16133640912174482,-0.7408131446844488,-0.2983644237914216,0.5662854928340321,-0.31008864281586657,-0.05250821068729382,-0.16767282050107826,0.558860759445876,-0.8349983176932664,0.22649321028376826,-0.07613305829100842,-0.6028279377169766,-0.1359780860490343
-0.1958404789862866,0.9369854705148823,0.20689343409654903,0.15026443731196104,-0.21190971626395064,-0.3403082188263289,0.4895175545115799,0.8217433919677578,0.7839844893127579,-0.3243117706804745,0.6642799886147472,0.7074399270863162,0.4078194269484364,0.3427252858830945,0.09736460029348619,-0.4428832274150056,0.46749787854244773,-0.04943053952159936,0.8310317281405774,0.3839666068364235,-0.6481956690047412,-0.6312170046963091,-0.1926482429989553,-0.4506240253178154,-0.5888444690293008,0.5742296094819275,-0.4490449223873607,0.8411539239856825,1.0733580975421106,0.18453123387332318,-1.0663307168474154,-1.0861831545202372,0.23999998899185176,0.21895289878972837,-0.2925199932242296,0.5269104465814145,0.5858485553726496,0.055828464103452984,-0.45783564353577194,-0.4953424218866558,-0.538065873217,-1.1020870536003606,0.15614623966860042,0.8652075078971947,0.003535360026072941,-0.1785948852156227,0.20711716706801073,0.45386240600996763,0.23807524715079165,0.4823588751898116,-0.17118001478322045,-0.18702010006281983,0.25579575055973774,-0.28396946428257946,0.6022964184867151,0.15131796892557847
