V1,V2,V3,V4,V5,V6,V7,V8,V9,V10,V11,V12,V13,V14,V15,V16,V17,V18,V19,V20,V21,V22,V23,V24,V25,V26,V27,V28,V29,V30,V31,V32,V33,V34,V35,V36,V37,V38,V39,V40,V41,V42,V43,V44,V45,V46,V47,V48,V49,V50,V51,V52,V53,V54,V55,V56
8.028123740796612,5.554042177854468,2.1413293257057857,12.211344501816551,-4.321273252734298,12.994381191764337,-10.053855001877832,4.459670156146783,-13.180641192724142,1.8513562324234938,-0.33734687784176265,-7.436290768698307,-8.883138161314918,-6.641346821482578,-2.723297306301573,-8.818312798290611,-4.778230444669729,0.8568483124246563,-0.9882570196959409,-2.2655454272957836,-6.981260341699889,6.372117463739361,3.2522614245142614,-5.47257565089895,0.24574587121570943,-1.2055193767969181,1.3441209705208506,5.583123736881143,9.636993101036833,-0.41075451499965004,8.861905443133285,-8.1161749666578,-3.877704832037759,-0.3212247831668934,-3.7495321271166717,0.026078934899744194,-2.7244064810136543,11.543608459491866,-6.554844123938413,12.156571746346195,6.427488408164264,3.5101626158670336,13.264584210887248,0.2965947753479307,-9.629699329955352,-4.247924080378612,-9.133655589128212,-13.229809817867265,-1.653619975184213,-0.4211655430408921,4.845600689981718,13.125822606450328,1.165199435773399,3.015436325172046,-1.6446904708395629,0.47007069962022807
5.554042177854468,4.248115182467392,1.9103587279574559,9.839371466791503,-1.6796999683406604,9.499760575769807,-7.417814835545291,3.2986687007031423,-9.436943447602678,1.8262571039736166,-0.8541612273746061,-5.76535673675261,-7.223858825392179,-3.885650114442348,-2.7659302028732937,-6.4867184214698845,-4.018922032326729,0.3542448723212452,-0.6956588959360015,-1.5221344336939868,-4.5931536957925365,4.642108315705602,2.165194085964715,-3.922466557636684,0.3140532054593091,-0.17020296530262768,0.6133560235444238,3.347592896505737,6.8056269591962995,-0.834240129956312,5.861678944584685,-5.606382527487408,-2.837432254208907,-0.16386631575676794,-3.078861065364669,-0.4133539632931498,-2.6788045337677,8.814084361445055,-4.350477014199796,8.71268181098612,5.241815890381487,2.5510407230051158,9.300763458134213,0.3666891063054545,-6.567077010757243,-2.0528721857349836,-6.637457484877303,-9.097482545228342,-0.8543204141416968,0.43913387140182514,3.551687253214262,10.474229267477407,0.5549404195301715,1.174098737374784,-0.8991283395231521,0.2393426131037418
2.1413293257057857,1.9103587279574559,1.0289492668135534,4.729818947877869,0.23206112090200393,4.009840857397272,-3.1797156792320114,1.417363104826366,-3.8552477649078254,1.0716538111420448,-0.7474789062578242,-2.642747117824231,-3.5109077079305466,-1.0210693242003483,-1.6610516084432898,-2.7629799005354805,-2.026991715805914,-0.025197488492322298,-0.2807270472981216,-0.5626646472040858,-1.609330035408253,1.9510929807487487,0.7831056769233177,-1.6045622407932043,0.2182246276695008,0.38246136573685435,0.021461319626735104,0.9471688000655747,2.7165415741238643,-0.6962405107339504,2.074317538857797,-2.155944226887643,-1.1982073595248632,-0.027695673340001968,-1.515249631390618,-0.44651207585709,-1.5685214297217687,3.9601477181843205,-1.5506474426994947,3.562696954440648,2.552210443646166,1.0709544058058584,3.6753379077338484,0.24898812792744582,-2.4661035685376502,-0.19176711857596637,-2.7757779480464326,-3.4699931036686853,-0.13191578315005217,0.659553046304878,1.503059012804202,4.976383467086457,0.044188285906725494,-0.16601722887042186,-0.18580991170623434,0.03250482068823571
12.211344501816551,9.839371466791503,4.729818947877869,23.34618438214975,-2.081114030553539,21.516057344515644,-16.881838912762674,7.5160880750748325,-21.14139552577861,4.6870275450767105,-2.6424503627693054,-13.441110554097385,-17.2103153778847,-7.670292539933947,-7.1675399858596585,-14.738139195257531,-9.713294032126697,0.48466247273360535,-1.5460387245580132,-3.2934784639329093,-9.806418632671626,10.495739518614975,4.658267160283237,-8.792237619244885,0.8679160650937958,0.4436056420493519,0.9580234294957541,6.72740284024953,15.133463759930457,-2.5132274026977486,12.554493735257784,-12.315947619718562,-6.429062299110317,-0.2899615992287327,-7.367029673984102,-1.4386649024486706,-6.867853710913662,20.40029015081637,-9.33714984199709,19.528478256020172,12.50227468743987,5.761781395966361,20.604164995558076,1.0046196265026646,-14.32095342198348,-3.4213516048247743,-14.986572465255655,-19.93399111257523,-1.5206617483079414,1.8643399909195502,8.054185728819535,24.744846765649427,0.9105767994631695,1.4565285433990776,-1.6828850870324545,0.4197093024573359
-4.321273252734298,-1.6796999683406604,0.23206112090200393,-2.081114030553539,6.555059113504098,-5.348250684203105,3.9194425514799325,-1.7117264629873425,6.0672794133667205,0.7644639212879741,-1.822620676730278,1.9986554497706877,1.3001425372080557,5.863840728333857,-1.3813262661266172,3.5004749100667363,0.26912060903108637,-1.2313032943253512,0.49355670926105144,1.365784510309462,4.521690110342118,-2.675489791834064,-2.024623728489619,2.5053147049330797,0.3327580194055952,2.79196031097441,-1.7453621838145674,-4.667890290232819,-4.739987059791849,-1.5546263607269237,-5.63895564383045,4.39636551182065,1.5876366679537817,0.36152823039467935,0.4529789125235322,-1.406989225992478,-1.0969497535176642,-3.540688086925579,4.123202978427117,-5.566890482948714,-0.8923760306277349,-1.49373280734189,-6.739791498166467,0.3618141817063198,5.48987925188268,5.146664647346033,3.8878943434678805,7.299390654881455,1.8252559603152958,2.585259178951055,-1.9644639488599336,-2.5662583081678196,-1.4380772067537098,-4.567484372362651,1.6559542653919328,-0.5301396363801473
12.994381191764337,9.499760575769807,4.009840857397272,21.516057344515644,-5.348250684203105,21.678963039527073,-16.86454329086342,7.489124907848723,-21.73773735142217,3.6834909034783885,-1.3276011441019822,-12.819956726137855,-15.735291398930185,-9.857722046860756,-5.518937583632833,-14.761622301923984,-8.628840347491481,1.085374118478188,-1.6195632019694468,-3.6169910221579125,-10.999642342159538,10.612525885215215,5.163361272722012,-9.030124494979125,0.5792431010422431,-1.1144927120485806,1.7751087783582882,8.392294870349323,15.7722135777646,-1.3618723956385073,14.000315287909793,-13.126337904130377,-6.471324378437305,-0.4506671608241349,-6.681226104480203,-0.49713531078134715,-5.410366648862958,19.731602556811303,-10.374918492478917,20.05734796566878,11.399883372913648,5.841254715169422,21.632825257217696,0.6821097403382542,-15.46513015994026,-5.757090397909863,-15.187260112837853,-21.344031539125776,-2.3092813522984925,0.23600801999076382,8.093517334598472,22.999356789954,1.5691402596934532,3.7277756785712604,-2.361519131592838,0.6506312628142159
-10.053855001877832,-7.417814835545291,-3.1797156792320114,-16.881838912762674,3.9194425514799325,-16.86454329086342,13.137581552156524,-5.83299041851326,16.875877971007835,-2.9425802833103507,1.1324060435862453,10.026480410322668,12.356569336482398,7.507547198434272,4.420339838162392,11.489293014420685,6.793282682896737,-0.7979003140061136,1.2609363052144889,2.799041103829828,8.467610708571359,-8.2557335461692265,-3.987685834895341,7.010311318293094,-0.47273363788007194,0.7485413920756007,-1.3174142692248283,-6.4103348318273685,-12.225724274478464,1.1522622338620323,-10.780911228000246,10.154774573692936,5.033163122751981,0.343806095236189,5.25361721348588,0.45325504111049614,4.321786973561281,-15.412357519368472,7.99264494338762,-15.569562489597232,-8.949273700831622,-4.546507051219896,-16.76628529654438,-0.5535944249179855,11.947010877774462,4.3002964403844794,11.80731133724869,16.50429218439232,1.7345629408560332,-0.30403923038242125,-6.295053278826916,-18.030266307105666,-1.1707279692209784,-2.7239544936758757,1.7865982455056497,-0.48631303122432673
4.459670156146783,3.2986687007031423,1.417363104826366,7.5160880750748325,-1.7117264629873425,7.489124907848723,-5.83299041851326,2.5907720570917503,-7.4909359567068,1.3159080563530756,-0.5144895349956671,-4.4589300071345175,-5.502501921056173,-3.3160320024486696,-1.977803330656469,-5.103088896951833,-3.0286056572700875,0.3497216663615018,-0.5576311242651504,-1.2379960514386377,-3.752323072571253,3.6649593172422787,1.7648348058259904,-3.1121289843490283,0.2124701360493781,-0.31941811892946537,0.5789394139295617,2.8319164301156188,5.42606041710394,-0.5201525725645583,4.778746706538407,-4.504176075666844,-2.2356314527260994,-0.14970490139122794,-2.3392051291844496,-0.21100592005595092,-1.9322481043585549,6.8510091012085095,-3.5428244380702942,6.912331206637539,3.9871799190377795,2.0170595931294772,7.437024545624352,0.2492374666383423,-5.29835577627238,-1.8914001439206714,-5.242789848877333,-7.319990127056396,-0.7647336548848221,0.1499866807258997,2.796511819607176,8.025411909842266,0.51462944668388,1.1922574308537983,-0.787833656573826,0.21486831980274657
-13.180641192724142,-9.436943447602678,-3.8552477649078254,-21.14139552577861,6.0672794133667205,-21.73773735142217,16.875877971007835,-7.4909359567068,21.8920030754873,-3.468307348625831,1.0416971719795562,12.698085317335856,15.43138666451986,10.347064991707315,5.1646087475350395,14.78279875117743,8.403325129555073,-1.218535463049332,1.6351480259774749,3.688582475638036,11.274389408196384,-10.64829549152994,-5.2768834931524875,9.092401010728066,-0.5167457392708814,1.4569050274931807,-1.9567448696403589,-8.764200767791392,-15.930495959089646,1.1095909890407358,-14.33491132347006,13.318618381636911,6.488065226527701,0.48428934388581457,6.5381960239506665,0.2937092079368827,5.09755106599603,-19.60607767614186,10.615151642508708,-20.19633621838552,-11.17442002337907,-5.862854044948506,-21.879652615974347,-0.6130185016155308,15.734173299661519,6.27594819757811,15.247617870012483,21.677211336574057,2.4855962161308853,0.11872392576644582,-8.111816326486753,-22.64475105373283,-1.715236580473384,-4.23091770352246,2.5126437732116593,-0.7028948688133285
1.8513562324234938,1.8262571039736166,1.0716538111420448,4.6870275450767105,0.7644639212879741,3.6834909034783885,-2.9425802833103507,1.3159080563530756,-3.468307348625831,1.1605794172187474,-0.9127167737777993,-2.55025568841802,-3.4986487040754986,-0.5781426631824214,-1.8142906863643118,-2.553294920321329,-2.060384193179381,-0.12352803206304175,-0.2451899565352181,-0.46332486970682485,-1.291089050942132,1.7848791724478246,0.6374217966551796,-1.4455980596013633,0.2504315305603253,0.6150398903425751,-0.11624866678712516,0.5958555405590293,2.408521579391985,-0.8356456383744784,1.680423123435804,-1.860185221231528,-1.102364312080478,0.0033873234540663624,-1.5172125719155583,-0.5732680472163337,-1.6964053635347625,3.7767537030722993,-1.2630333911634495,3.21019233421445,2.5504833718064788,0.9757030086515484,3.2273302737255576,0.28528984974802324,-2.0924684475754565,0.21273692496625288,-2.535361528516791,-2.976578756057832,0.008912107072605063,0.8848855718498655,1.3854507967137473,4.9009594197073065,-0.06926590763591155,-0.5324512153168648,-0.05821561509073405,-0.0076018032716196945
-0.33734687784176265,-0.8541612273746061,-0.7474789062578242,-2.6424503627693054,-1.822620676730278,-1.3276011441019822,1.1324060435862453,-0.5144895349956671,1.0416971719795562,-0.9127167737777993,0.9643662116756121,1.2631283345318782,2.023616384477615,-0.8059843813805249,1.4644640084477663,0.961944733022688,1.2916966751876493,0.32941554731404615,0.061046108668287864,0.027685433316841267,-0.0694400150836197,-0.626581070298323,-0.008349501651309056,0.4388652812469314,-0.23083320216591657,-0.9656469673096787,0.4285140939712217,0.5526657288387558,-0.6168203449712425,0.8603305118345552,0.04082149563772178,0.32797830104979325,0.3998089358836022,-0.07479592266528261,0.9001273287701197,0.65828282852872,1.3300497098032646,-1.7535116800940307,-0.007362786553564586,-0.9737726661346567,-1.4859697311522149,-0.33650797307826513,-0.7488264797340005,-0.2593407422450655,0.258782132085685,-1.1783572593489529,0.8720223150035181,0.47134108345876197,-0.3745617118798391,-1.0999526900067855,-0.508649879756011,-2.684331674707052,0.33564872851076416,1.270489910235522,-0.2962780827492592,0.11219911976113536
-7.436290768698307,-5.76535673675261,-2.642747117824231,-13.441110554097385,1.9986554497706877,-12.819956726137855,10.026480410322668,-4.4589300071345175,12.698085317335856,-2.55025568841802,1.2631283345318782,7.839951273906122,9.87917802648427,5.0663985735974695,3.8734753307896788,8.760763688509568,5.516196639395771,-0.4276273417706238,0.9368005199914639,2.0336113478946656,6.10273817212525,-6.262997865674456,-2.886411311188099,5.278305876569218,-0.4482916083590397,0.09946039681801357,-0.7590525632903642,-4.385304080838695,-9.138254331916487,1.225656964293491,-7.79340569714856,7.504864810575327,3.828825969112138,0.21081256577935115,4.2167216790143405,0.6340978462201886,3.7400882630963626,-11.963434452391757,5.7876371536841456,-11.723482580549254,-7.168303545849456,-3.4425087265586374,-12.48074132673605,-0.5212355346967972,8.773100958466236,2.5760267240611916,8.949677130616788,12.169757520447805,1.0864795355885453,-0.72730811536775275,-4.79332099516276,-14.29176188716001,-0.694263237978101,-1.393453339326161,1.1578577458506014,-0.30259148383332013
-8.883138161314918,-7.223858825392179,-3.5109077079305466,-17.2103153778847,1.3001425372080557,-15.735291398930185,12.356569336482398,-5.502501921056173,15.43138666451986,-3.4986487040754986,2.023616384477615,9.87917802648427,12.695687312366184,5.464006766254494,5.358056859046373,10.784379683047183,7.182260849603916,-0.31356541311885505,1.1268249770227314,2.3887459610060073,7.094935519582239,-7.673468869672672,-3.3750606256907205,6.418202835231724,-0.6548910459328948,-0.4311367873417281,-0.6451432606393536,-4.8099189296059945,-11.031423746739364,1.9182559902107978,-9.088606821652787,8.957841262794613,4.7020882192109035,0.20157951915685834,5.43838875439662,1.1168394786993057,5.125710369453132,-14.975574723046929,6.762093714098142,-14.255368597509625,-9.224410965051794,-4.211652638321803,-15.009018241832344,-0.7571269803758393,10.402180057977619,2.3440600717469366,10.954097478358285,14.491946012322886,1.0587933911140706,-1.4754133005706325,-5.8915456796598935,-18.22814588909754,-0.6213582762527666,-0.910422377884664,1.1852334931193629,-0.29120722503529545
-6.641346821482578,-3.885650114442348,-1.0210693242003483,-7.670292539933947,5.863840728333857,-9.857722046860756,7.507547198434272,-3.3160320024486696,10.347064991707315,-0.5781426631824214,-0.8059843813805249,5.0663985735974695,5.464006766254494,6.733262877106226,0.7113068358565937,6.619971758868163,2.706704673578682,-1.1259817149251208,0.7958395949243469,1.95211264103731,6.189331801274864,-4.86215943772924,-2.8377029200172212,4.28873918692385,0.04849397669747222,2.1577105385611657,-1.6655373379509777,-5.518154479063949,-7.730276354223957,-0.6224005955333637,-7.802394285421461,6.729139352453529,2.9373871069184374,0.36706341390143626,2.254081612862143,-0.7749934129494767,0.8658050625007863,-8.101636891407436,5.745176630411904,-9.527968359044998,-3.9281752373102865,-2.688610268021631,-10.755425761916817,0.036710955497499406,8.132596008349758,5.063202024221999,6.9986725058663275,11.04104458226111,1.8747451610439099,1.6249388416142814,-3.660165690230175,-8.422900548030897,-1.4030497685604715,-4.089501177528898,1.7778318827084554,-0.5392987117674467
-2.723297306301573,-2.7659302028732937,-1.6610516084432898,-7.1675399858596585,-1.3813262661266172,-5.518937583632833,4.420339838162392,-1.977803330656469,5.1646087475350395,-1.8142906863643118,1.4644640084477663,3.8734753307896788,5.358056859046373,0.7113068358565937,2.8420028639855066,3.831888053362274,3.170419347389423,0.22868510718462312,0.36360586443910764,0.6734893443454371,1.8524155855032047,-2.6719176284492616,-0.9217021152642213,2.153271454249509,-0.39667408577783175,-1.0351604533318666,0.23338339724441426,-0.7758346876736942,-3.5699866546318413,1.3377499259604841,-2.41844020129958,2.7346286602425356,1.6519334073127045,-0.01593523325391606,2.3271870093996845,0.9275057382800023,2.651375225580007,-5.7186203167262075,1.821371669775394,-4.781474358572604,-3.907233517581841,-1.4599461025873082,-4.7724537380651375,-0.4512067568708183,3.0590800097101933,-0.48725968776876727,3.7922839785245555,4.367591666179499,-0.0702935926442096,-1.4448270852044334,-2.077032401502334,-7.48270208758751,0.15127831263841393,0.9628611217928609,0.038760367229307084,0.028295676046924435
-8.818312798290611,-6.4867184214698845,-2.7629799005354805,-14.738139195257531,3.5004749100667363,-14.761622301923984,11.489293014420685,-5.103088896951833,14.78279875117743,-2.553294920321329,0.961944733022688,8.760763688509568,10.784379683047183,6.619971758868163,3.831888053362274,10.055333557043854,5.926126156735909,-0.7132304325545928,1.0998049286109437,2.449508966537283,7.441591895066052,-7.224502463507665,-3.495108905430094,6.1414345848232355,-0.40723159105610146,0.6911870846114181,-1.1737075601512472,-5.644280824982196,-10.717097055647303,0.9778467955979722,-9.47494139947566,8.906998108528867,4.406807985534465,0.29971525593380355,4.581530219599097,0.3801050329188503,3.7495455128940502,-13.47129791809199,7.022817572257002,-13.641161425064757,-7.8148162757709745,-3.9755907883232466,-14.692169537606434,-0.4788840227762677,10.485874654759195,3.820140820674407,10.337546876949741,14.479200081436002,1.5389016994349465,-0.23212798075098906,-5.512115306923466,-15.744928010701297,-1.0402336661516745,-2.440570376289381,1.5791342078395785,-0.43329075657630983
-4.778230444669729,-4.018922032326729,-2.026991715805914,-9.713294032126697,0.26912060903108637,-8.628840347491481,6.793282682896737,-3.0286056572700875,8.403325129555073,-2.060384193179381,1.2916966751876493,5.516196639395771,7.182260849603916,2.706704673578682,3.170419347389423,5.926126156735909,4.098401261606099,-0.0911871285225704,0.6075687133254083,1.2666364951045122,3.740073600304601,-4.201896752349381,-1.7846788998664203,3.4967805486176213,-0.39934918850007356,-0.4486699020333758,-0.24439994432411927,-2.416823706599661,-5.979492157489371,1.2096324623545827,-4.803005655956905,4.8154892512565555,2.579893353582949,0.08720934547813415,3.083115375271968,0.7438563274134617,3.016523816298665,-8.324027861401518,3.5783700782796948,-7.767059393094382,-5.2244680526238145,-2.3029269600676567,-8.110647815420826,-0.46076796327648223,5.5652400530557875,0.9724932205883161,5.995294091143426,7.777298178599155,0.47598269433900214,-1.0337456814938164,-3.234643162647048,-10.261329691693309,-0.25233011868980826,-0.19356218607503373,0.5594280589647043,-0.1296025582293111
0.8568483124246563,0.3542448723212452,-0.025197488492322298,0.48466247273360535,-1.2313032943253512,1.085374118478188,-0.7979003140061136,0.3497216663615018,-1.218535463049332,-0.12352803206304175,0.32941554731404615,-0.4276273417706238,-0.31356541311885505,-1.1259817149251208,0.22868510718462312,-0.7132304325545928,-0.0911871285225704,0.23226108082897332,-0.09683752958391213,-0.26617405325529586,-0.8851792621403249,0.541114109683876,0.395079423452845,-0.5036541039257312,-0.05860247857658173,-0.5197504084325064,0.33043155921290446,0.8977959409341408,0.9472488519480767,0.28141839489614673,1.1058361027297448,-0.8712180914669699,-0.3227745686941322,-0.06726710897861263,-0.11420618923019703,0.25548957155192226,0.17692386018882944,0.7431763464191762,-0.808996758260945,1.1194897127281844,0.2195161003751155,0.3007325845482776,1.340607660819204,-0.06298953335306495,-1.0843440985576207,-0.9759431979549192,-0.7865404066691116,-1.4446341699358232,-0.347852364627601,-0.47430878665381215,0.4000141196433231,0.5808566909324462,0.27242081090737896,0.860266690020658,-0.31607146890974835,0.1014076672010136
-0.9882570196959409,-0.6956588959360015,-0.2807270472981216,-1.5460387245580132,0.49355670926105144,-1.6195632019694468,1.2609363052144889,-0.5576311242651504,1.6351480259774749,-0.2451899565352181,0.061046108668287864,0.9368005199914639,1.1268249770227314,0.7958395949243469,0.36360586443910764,1.0998049286109437,0.6075687133254083,-0.09683752958391213,0.12669767456725337,0.28402908476921757,0.8497226448286018,-0.7958435614895292,-0.40338102466165465,0.6783668048919465,-0.03490148637235345,0.1265468529950402,-0.15363449278622338,-0.6746366182699213,-1.1899886645075266,0.07211599548016875,-1.0779464541379244,0.9990483315467643,0.48222225394801926,0.04171538742968589,0.4784975529857993,0.00674939434209556,0.3612571718053439,-1.4514495948031243,0.7984908718480109,-1.5057849420269314,-0.8116720880961175,-0.44098575389091066,-1.6429759454650328,-0.04036160960906089,1.1805193449732325,0.4919993251662665,1.136605820978985,1.6265300988826508,0.19202191052608925,0.030788786466147678,-0.6021492457185844,-1.6590105065458314,-0.13493749229020513,-0.33800586510190694,0.19490415920895035,-0.05314325743000916
-2.2655454272957836,-1.5221344336939868,-0.5626646472040858,-3.2934784639329093,1.365784510309462,-3.6169910221579125,2.799041103829828,-1.2379960514386377,3.688582475638036,-0.46332486970682485,0.027685433316841267,2.0336113478946656,2.3887459610060073,1.95211264103731,0.6734893443454371,2.449508966537283,1.2666364951045122,-0.26617405325529586,0.28402908476921757,0.6533174023299521,1.9927845289014008,-1.7784449579203927,-0.934875711948692,1.530092815438106,-0.0538516353961704,0.4110399095087724,-0.41115295081839287,-1.6364657332812411,-2.7035720661758815,0.061966238060973296,-2.5239267057507004,2.291632365697216,1.0774814457755222,0.10252969767751385,1.0077203555314838,-0.05925249523964354,0.6837456837740215,-3.173654194474511,1.8662262036009216,-3.397435046610948,-1.7210892010129442,-0.9841791858094167,-3.738370198006168,-0.06444157854458583,2.7252121171346646,1.2908965945556707,2.54597309330468,3.7390357854094587,0.4948070333728078,0.20094155189209448,-1.344906186103395,-3.5517625154210215,-0.3553088860660504,-0.9439199033651243,0.49002465956220814,-0.13920129565586828
-6.981260341699889,-4.5931536957925365,-1.609330035408253,-9.806418632671626,4.521690110342118,-10.999642342159538,8.467610708571359,-3.752323072571253,11.274389408196384,-1.291089050942132,-0.0694400150836197,6.10273817212525,7.094935519582239,6.189331801274864,1.8524155855032047,7.441591895066052,3.740073600304601,-0.8851792621403249,0.8497226448286018,1.9927845289014008,6.210484257910646,-5.402253457005717,-2.8744585768373923,4.678998770002069,-0.12945041820215264,1.4368249508746795,-1.354914896592146,-5.153996431541357,-8.299759820463315,0.0332767557322215,-7.866211646015466,7.062714444698808,3.281608955711939,0.3111482962943485,2.976270590184028,-0.27272928417812586,1.904587220901856,-9.551928242067016,5.809311827975158,-10.394692447390668,-5.127262345200127,-2.977886813473438,-11.458847028826236,-0.16423943384704282,8.430587533415393,4.213517165746346,7.755158659888543,11.537094154462281,1.6086848381497045,0.7920742082429426,-4.097559545291512,-10.600173451321576,-1.160392930578261,-3.1578382052586362,1.5697587524587935,-0.4601140383401354
6.372117463739361,4.642108315705602,1.9510929807487487,10.495739518614975,-2.675489791834064,10.612525885215215,-8.2557335461692265,3.6649593172422787,-10.64829549152994,1.7848791724478246,-0.626581070298323,-6.262997865674456,-7.673468869672672,-4.86215943772924,-2.6719176284492616,-7.224502463507665,-4.201896752349381,0.541114109683876,-0.7958435614895292,-1.7784449579203927,-5.402253457005717,5.196772407701552,2.5379096192123836,-4.422959966929665,0.27843021332936474,-0.5722089120056945,0.8820800289044727,4.137257170723908,7.728535542966679,-0.6481052013913224,6.873962762930574,-6.437264246084233,-3.167288148618601,-0.22511525117082024,-3.2579827338629537,-0.22515962100538475,-2.622264174648875,9.645285694936218,-5.093669129104411,9.823621853808426,5.556842865221679,2.8618627021112464,10.606134594686244,0.32757339723583034,-7.5865842611614775,-2.8566221251022474,-7.435925605074846,-10.468606084768165,-1.1427152800363938,0.086101799228569,3.960729467844043,11.223175984409812,0.7790831381762906,1.8618644080390845,-1.1674048522506713,0.32151465325966033
3.2522614245142614,2.165194085964715,0.7831056769233177,4.658267160283237,-2.024623728489619,5.163361272722012,-3.987685834895341,1.7648348058259904,-5.2768834931524875,0.6374217966551796,-0.008349501651309056,-2.886411311188099,-3.3750606256907205,-2.8377029200172212,-0.9217021152642213,-3.495108905430094,-1.7846788998664203,0.395079423452845,-0.40338102466165465,-0.934875711948692,-2.8744585768373923,2.5379096192123836,1.3417595041827737,-2.189270891463993,0.06992397791431697,-0.6244170752489586,0.6077344581759753,2.3723907130906507,3.8745984496047727,-0.0577195680175578,3.64038910678214,-3.289965648594936,-1.538921705892298,-0.1469188735463866,-1.4207399656155255,0.10398175092316596,-0.9406468520190506,4.510472764321115,-2.6904432857836476,4.861981749878558,2.4341177192969394,1.4025799510305244,5.355287332190134,0.08532561347975885,-3.9184590570687385,-1.9003832258553746,-3.636913616813401,-5.37054809423752,-0.7269110088529598,-0.32386551863287366,1.9210616135923144,5.02866512557235,0.5232410807246042,1.40477493132404,-0.7155582843006948,0.20579351787036232
-5.47257565089895,-3.922466557636684,-1.6045622407932043,-8.792237619244885,2.5053147049330797,-9.030124494979125,7.010311318293094,-3.1121289843490283,9.092401010728066,-1.4455980596013633,0.4388652812469314,5.278305876569218,6.418202835231724,4.28873918692385,2.153271454249509,6.1414345848232355,3.4967805486176213,-0.5036541039257312,0.6783668048919465,1.530092815438106,4.678998770002069,-4.422959966929665,-2.189270891463993,3.7764849486522314,-0.21600898227333729,0.598248656199748,-0.8094634016622353,-3.633100968589498,-6.615824218808382,0.46572368217972726,-5.9497102973894425,5.529744128780934,2.6954137952444794,0.19990674632386665,2.7193683795056423,0.1268777727038983,2.1244897749193625,-8.148251010963017,4.405875219079484,-8.388601991808569,-4.648385110611303,-2.4347828506714353,-9.084770733099047,-0.2563523333919968,6.532096492787558,2.597128562297646,6.333721747345745,8.99981431171664,1.0293955377378323,0.04154308003177871,-3.370137980023395,-9.416403143141988,-0.7096772134714887,-1.7479761349837604,1.0408083044926388,-0.29125006658791447
0.24574587121570943,0.3140532054593091,0.2182246276695008,0.8679160650937958,0.3327580194055952,0.5792431010422431,-0.47273363788007194,0.2124701360493781,-0.5167457392708814,0.2504315305603253,-0.23083320216591657,-0.4482916083590397,-0.6548910459328948,0.04849397669747222,-0.39667408577783175,-0.40723159105610146,-0.39934918850007356,-0.05860247857658173,-0.03490148637235345,-0.0538516353961704,-0.12945041820215264,0.27843021332936474,0.06992397791431697,-0.21600898227333729,0.05869768135422698,0.1989729984868245,-0.0714547840820931,-0.011704367559607331,0.34414418356225396,-0.20833128599935394,0.17526192078645456,-0.2454141404967337,-0.17366765234844084,0.010553548369770367,-0.2871441670347981,-0.1521278178267108,-0.36551143913973905,0.647832941217937,-0.13495183118872206,0.47954916252217117,0.47879668358799915,0.15144074793175386,0.4506245233165707,0.06633910627693458,-0.26087184232348054,0.18492784232807685,-0.3929440658351411,-0.38533553257937947,0.05249278869313593,0.24642688766859538,0.21909920028733212,0.8967190160871011,-0.053603151265495357,-0.23205479791232675,0.03445060869070432,-0.016284610116269742
-1.2055193767969181,-0.17020296530262768,0.38246136573685435,0.4436056420493519,2.79196031097441,-1.1144927120485806,0.7485413920756007,-0.31941811892946537,1.4569050274931807,0.6150398903425751,-0.9656469673096787,0.09946039681801357,-0.4311367873417281,2.1577105385611657,-1.0351604533318666,0.6911870846114181,-0.4486699020333758,-0.5197504084325064,0.1265468529950402,0.4110399095087724,1.4368249508746795,-0.5722089120056945,-0.6244170752489586,0.598248656199748,0.1989729984868245,1.2682446012884319,-0.7209673239318609,-1.6796815640538412,-1.2206422121950695,-0.8409392593683626,-1.7736128686087165,1.2326728317046154,0.3289351362466077,0.14183610949729067,-0.23155163984820737,-0.7084206373729698,-0.891235522478303,-0.3757932826057038,1.2873124528057274,-1.3303387854261937,0.33436733083316916,-0.32388278012209776,-1.7857787480836473,0.219261531013414,1.602425938201125,2.0897822476797625,0.8488702045770661,2.0771501946322295,0.7237623285135181,1.2582585560704937,-0.4014941998298109,0.3100495601561876,-0.5864659551573506,-1.9481627617262522,0.6377929407890008,-0.21214194322264532
1.3441209705208506,0.6133560235444238,0.021461319626735104,0.9580234294957541,-1.7453621838145674,1.7751087783582882,-1.3174142692248283,0.5789394139295617,-1.9567448696403589,-0.11624866678712516,0.4285140939712217,-0.7590525632903642,-0.6451432606393536,-1.6655373379509777,0.23338339724441426,-1.1737075601512472,-0.24439994432411927,0.33043155921290446,-0.15363449278622338,-0.41115295081839287,-1.354914896592146,0.8820800289044727,0.6077344581759753,-0.8094634016622353,-0.0714547840820931,-0.7209673239318609,0.4733395954565763,1.3351848542726896,1.505616622428135,0.3632465600965097,1.696415324140935,-1.3654449544146092,-0.5283248540443575,-0.09724860791586644,-0.24807635357076735,0.3394865589888395,0.16467746955278287,1.2835116730967917,-1.2428441957426546,1.7991134455103128,0.45733886697867976,0.4892126375132211,2.120648251504536,-0.07586331217001033,-1.6874790965634523,-1.4050023662216504,-1.2791249972591043,-2.2583203884868537,-0.504479659144187,-0.6402202299556912,0.655830515714266,1.1092360879220384,0.39163756701214775,1.2198232787724395,-0.46188638935108206,0.14686021623363554
5.583123736881143,3.347592896505737,0.9471688000655747,6.72740284024953,-4.667890290232819,8.392294870349323,-6.4103348318273685,2.8319164301156188,-8.764200767791392,0.5958555405590293,0.5526657288387558,-4.385304080838695,-4.8099189296059945,-5.518154479063949,-0.7758346876736942,-5.644280824982196,-2.416823706599661,0.8977959409341408,-0.6746366182699213,-1.6364657332812411,-5.153996431541357,4.137257170723908,2.3723907130906507,-3.633100968589498,-0.011704367559607331,-1.6796815640538412,1.3351848542726896,4.537730227718594,6.525953291305892,0.4096420844510722,6.501939258573381,-5.655354065153812,-2.500490480720099,-0.29958063160972076,-1.9936223786174596,0.5671849026756869,-0.8882230458398532,6.980327480093309,-4.790876006624684,8.07051975812505,3.459119936967333,2.2883305042441537,9.070880866649418,7.892431506656044e-4,-6.816346600219518,-4.076097993433898,-5.9491453784602175,-9.270456443265628,-1.5160779001422553,-1.2203636110913294,3.116656409682909,7.360760752666916,1.128545150908467,3.2512958090060704,-1.446494334436678,0.43470670526934285
9.636993101036833,6.8056269591962995,2.7165415741238643,15.133463759930457,-4.739987059791849,15.7722135777646,-12.225724274478464,5.42606041710394,-15.930495959089646,2.408521579391985,-0.6168203449712425,-9.138254331916487,-11.031423746739364,-7.730276354223957,-3.5699866546318413,-10.717097055647303,-5.979492157489371,0.9472488519480767,-1.1899886645075266,-2.7035720661758815,-8.299759820463315,7.728535542966679,3.8745984496047727,-6.615824218808382,0.34414418356225396,-1.2206422121950695,1.505616622428135,6.525953291305892,11.615624685311998,-0.680441840932759,10.54637936874291,-9.739744378718395,-4.707625871758815,-0.3653357092325484,-4.666284918263003,-0.11623758120555915,-3.5412967688818027,14.139191366611922,-7.80578036196239,14.696051802261534,7.987348320792497,4.255034118001818,15.964654269312678,0.4112574477504274,-11.527281201582214,-4.797122136797952,-11.072616137661084,-15.862304056633679,-1.8863506056976618,-0.2560867959514886,5.8847818338653095,16.231929727714856,1.3130383114520376,3.308852475976317,-1.8928283731088176,0.5351439511024095
-0.41075451499965004,-0.834240129956312,-0.6962405107339504,-2.5132274026977486,-1.5546263607269237,-1.3618723956385073,1.1522622338620323,-0.5201525725645583,1.1095909890407358,-0.8356456383744784,0.8603305118345552,1.225656964293491,1.9182559902107978,-0.6224005955333637,1.3377499259604841,0.9778467955979722,1.2096324623545827,0.28141839489614673,0.07211599548016875,0.061966238060973296,0.0332767557322215,-0.6481052013913224,-0.0577195680175578,0.46572368217972726,-0.20833128599935394,-0.8409392593683626,0.3632465600965097,0.4096420844510722,-0.680441840932759,0.772903457710562,-0.08272524894147454,0.4038654569342243,0.4085750113535106,-0.05826918031871886,0.852228960917484,0.5804391558544257,1.2187568985567114,-1.720061841718091,0.08208686066177247,-1.0325650227940297,-1.4035418936861992,-0.35185985514470647,-0.8541702056578282,-0.23310774036362056,0.3615508271023986,-0.9893255453344237,0.9025319673199164,0.601561448434922,-0.31158461576848046,-0.9683676206773314,-0.5180150372818142,-2.5633811665703052,0.2821794582313842,1.0894986441004835,-0.2400930007734948,0.09485970244327808
8.861905443133285,5.861678944584685,2.074317538857797,12.554493735257784,-5.63895564383045,14.000315287909793,-10.780911228000246,4.778746706538407,-14.33491132347006,1.680423123435804,0.04082149563772178,-7.79340569714856,-9.088606821652787,-7.802394285421461,-2.41844020129958,-9.47494139947566,-4.803005655956905,1.1058361027297448,-1.0779464541379244,-2.5239267057507004,-7.866211646015466,6.873962762930574,3.64038910678214,-5.9497102973894425,0.17526192078645456,-1.7736128686087165,1.696415324140935,6.501939258573381,10.54637936874291,-0.08272524894147454,9.966255077711345,-8.964572571149885,-4.177416685899934,-0.38915223079414896,-3.8144196639114436,0.3120832916859971,-2.477870816653455,12.186689352024542,-7.361090044947664,13.217989262826743,6.5706345048047305,3.7877186929915982,14.553022953887151,0.22121262038658915,-10.695067875774262,-5.282078076702176,-9.867803531348073,-14.640910181275041,-2.02078290653055,-0.9491056649477252,5.216787801472811,13.562129001960727,1.4540417032094817,3.9405201939332213,-1.9744473338975523,0.5782049375198364
-8.1161749666578,-5.606382527487408,-2.155944226887643,-12.315947619718562,4.39636551182065,-13.126337904130377,10.154774573692936,-4.504176075666844,13.318618381636911,-1.860185221231528,0.32797830104979325,7.504864810575327,8.957841262794613,6.729139352453529,2.7346286602425356,8.906998108528867,4.8154892512565555,-0.8712180914669699,0.9990483315467643,2.291632365697216,7.062714444698808,-6.437264246084233,-3.289965648594936,5.529744128780934,-0.2454141404967337,1.2326728317046154,-1.3654449544146092,-5.655354065153812,-9.739744378718395,0.4038654569342243,-8.964572571149885,8.20538242134865,3.916977915142519,0.32615150611917304,3.7805232591030355,-0.035603944886162045,2.7376123551911666,-11.652979642580071,6.630502873368487,-12.28352699320349,-6.481046677082232,-3.5462997400630827,-13.407728816337197,-0.29639458485118214,9.73723257750665,4.313031756847316,9.227223365830264,13.376060822096536,1.677749193986283,0.441246801482906,-4.894522419643054,-13.240423797353976,-1.1832405134705475,-3.067512334687823,1.6677523106441725,-0.4769456465495736
-3.877704832037759,-2.837432254208907,-1.1982073595248632,-6.429062299110317,1.5876366679537817,-6.471324378437305,5.033163122751981,-2.2356314527260994,6.488065226527701,-1.102364312080478,0.3998089358836022,3.828825969112138,4.7020882192109035,2.9373871069184374,1.6519334073127045,4.406807985534465,2.579893353582949,-0.3227745686941322,0.48222225394801926,1.0774814457755222,3.281608955711939,-3.167288148618601,-1.538921705892298,2.6954137952444794,-0.17366765234844084,0.3289351362466077,-0.5283248540443575,-2.500490480720099,-4.707625871758815,0.4085750113535106,-4.177416685899934,3.916977915142519,1.932036239710828,0.13315777211341287,1.9961946087629425,0.15176435060351562,1.6189512367439576,-5.8919492752936895,3.0955837890309463,-5.987210960641342,-3.4076583523003117,-1.7425924019033383,-6.454734664620551,-0.20479845419918308,4.614923280619339,1.7135625725179287,4.533404354850687,6.369111520528625,0.688023358334237,-0.07517521753343692,-2.4165361089137405,-6.871631113042236,-0.46693055547393464,-1.1081914692256838,0.7033253436523506,-0.19415224660395494
-0.3212247831668934,-0.16386631575676794,-0.027695673340001968,-0.2899615992287327,0.36152823039467935,-0.4506671608241349,0.343806095236189,-0.14970490139122794,0.48428934388581457,0.0033873234540663624,-0.07479592266528261,0.21081256577935115,0.20157951915685834,0.36706341390143626,-0.01593523325391606,0.29971525593380355,0.08720934547813415,-0.06726710897861263,0.04171538742968589,0.10252969767751385,0.3111482962943485,-0.22511525117082024,-0.1469188735463866,0.19990674632386665,0.010553548369770367,0.14183610949729067,-0.09724860791586644,-0.29958063160972076,-0.3653357092325484,-0.05826918031871886,-0.38915223079414896,0.32615150611917304,0.13315777211341287,0.024480920165334354,0.08246774974370621,-0.06539346608888225,-0.0031585304655410993,-0.3477839370736382,0.28632372446377596,-0.443231578645463,-0.14031127125116596,-0.12718410898024365,-0.518267042586558,0.012121215864557465,0.39723508850361133,0.2934377309411798,0.32200748179120886,0.5369471972861056,0.10535268167226322,0.12234038469611222,-0.16501818544573585,-0.32651361599855416,-0.08184882549038565,-0.24662980523381975,0.09971749416152498,-0.029342550561165293
-3.7495321271166717,-3.078861065364669,-1.515249631390618,-7.367029673984102,0.4529789125235322,-6.681226104480203,5.25361721348588,-2.3392051291844496,6.5381960239506665,-1.5172125719155583,0.9001273287701197,4.2167216790143405,5.43838875439662,2.254081612862143,2.3271870093996845,4.581530219599097,3.083115375271968,-0.11420618923019703,0.4784975529857993,1.0077203555314838,2.976270590184028,-3.2579827338629537,-1.4207399656155255,2.7193683795056423,-0.2871441670347981,-0.23155163984820737,-0.24807635357076735,-1.9936223786174596,-4.666284918263003,0.852228960917484,-3.8144196639114436,3.7805232591030355,1.9961946087629425,0.08246774974370621,2.3321391082110257,0.501825101420772,2.222724559746726,-6.3843036467148995,2.8394905173610256,-6.039443024259174,-3.9505269312050224,-1.7889387049415275,-6.347063303176909,-0.3310170535592807,4.382870568996199,0.9225125492563258,4.648218250890751,6.1127622583908465,0.4244278093774902,-0.6760455961112184,-2.5012996155182345,-7.796954885744878,-0.2434182449540592,-0.3148290927639201,0.48258405465236337,-0.11569941680104175
0.026078934899744194,-0.4133539632931498,-0.44651207585709,-1.4386649024486706,-1.406989225992478,-0.49713531078134715,0.45325504111049614,-0.21100592005595092,0.2937092079368827,-0.5732680472163337,0.65828282852872,0.6340978462201886,1.1168394786993057,-0.7749934129494767,0.9275057382800023,0.3801050329188503,0.7438563274134617,0.25548957155192226,0.00674939434209556,-0.05925249523964354,-0.27272928417812586,-0.22515962100538475,0.10398175092316596,0.1268777727038983,-0.1521278178267108,-0.7084206373729698,0.3394865589888395,0.5671849026756869,-0.11623758120555915,0.5804391558544257,0.3120832916859971,-0.035603944886162045,0.15176435060351562,-0.06539346608888225,0.501825101420772,0.4604254041568092,0.8339799021482153,-0.8393442530060017,-0.21553563164929856,-0.28191615440175083,-0.8263689691228906,-0.1158941634333831,-0.08498576207032427,-0.17129843915965187,-0.13103996182373015,-0.9530304242082056,0.307405500962965,-0.10143047981395353,-0.31164996480609974,-0.7784237459653028,-0.1964052247006103,-1.4378373226220196,0.2702224787265705,0.9759054776554297,-0.2588629949503643,0.09154052442595413
