V1,V2,V3,V4,V5,V6,V7,V8,V9,V10,V11,V12,V13,V14,V15,V16,V17,V18,V19,V20,V21,V22,V23,V24,V25,V26,V27,V28,V29,V30,V31,V32,V33,V34,V35,V36,V37,V38,V39,V40,V41,V42,V43,V44,V45,V46,V47,V48,V49,V50,V51,V52,V53,V54,V55,V56
32.814074296289334,54.4881711020051,3.550940981918114,-61.20291779780327,-3.842052899583076,-48.38917290382092,-49.31107981052049,-165.49310339678223,-15.051683388642438,-10.15226528015708,60.92490475935953,-46.065006447694174,81.21646177274785,7.934259361726732,-71.33160208201203,-64.28845880677113,-20.9184432736631,-37.3011500363621,56.17685060227617,36.17548574404698,70.44296896999309,-76.569821110713,-57.48468564153188,-38.2619572387517,-30.43294466131239,-61.17315291088704,-128.51255370766643,-88.34244831165432,117.2087977123401,55.14982906297171,-111.79844820670164,-81.64211244900982,2.5003856535913482,10.068024106787993,51.16242116489556,13.906960925788246,-8.772361206257616,17.21902484367119,-119.00819371621917,44.45182381170502,17.546963438102697,-37.76421082730868,77.41135206078478,34.229643543110036,75.40374137442878,-61.28062567427205,-6.136888384466109,145.01177278589515,-64.37211094010212,-85.24470970697288,17.20335223084376,18.0707788291266,105.36142887038315,73.04588604233912,139.6005905628331,105.05854953652346
54.4881711020051,92.29353237449068,6.80572117871883,-103.07222061211374,-7.000076897547733,-80.76139987074555,-83.95160449550171,-279.24862792945686,-25.407397693396025,-17.977254217474595,104.06378214322638,-77.65425149523918,137.4487261106125,14.697004326721409,-119.14615000920634,-109.0399986182747,-33.81700567583592,-63.907759064074966,93.86135462397482,61.59757714138494,118.59326124926069,-128.91371333535204,-97.58099711526036,-63.75856030830242,-50.960819308211775,-102.12466075375781,-218.78983243926595,-150.0059851814759,196.74555698714624,93.75707524301573,-190.09767748476298,-137.34481272033105,2.2322495873329364,16.49173067574945,85.59099945423154,21.04735812934531,-15.035962041420632,30.71395004419413,-202.100395135198,75.27783413396263,28.85517195921102,-64.30433370516921,129.64742309063442,57.330008194658504,127.94631530583298,-103.1924914710347,-11.891044178485746,242.78847835985565,-109.27285763178102,-144.45594302686703,28.48004798384405,31.058981173102538,177.69353910232587,123.3312364051153,235.857904003522,176.68513223100584
3.550940981918114,6.80572117871883,0.8440557033906685,-7.3383939558597,-0.7285113187032828,-5.453812318907553,-6.3763222745894605,-20.13791231356709,-1.8348638051168287,-1.6491062284816855,8.033813190806379,-5.560240861970879,10.078432140078503,1.6228774624172038,-8.06654768974191,-8.099324579754374,-1.8057019183221565,-5.026120320896072,6.368010330454432,4.680849226499539,8.424820235285306,-9.17966061100189,-7.296661946786564,-4.256097383734873,-3.512933326835735,-6.900598768085869,-16.602461359947977,-11.212848524190704,13.75987615739598,7.053999480066022,-14.325327327260569,-9.725723387929946,-0.6969208197987904,0.9734928953754997,5.8556990556977535,0.48639462070724176,-1.1974149323129062,2.9148948323112913,-15.127086981492264,5.551165063922441,1.764690474009869,-4.884060513502102,8.919824596912356,3.9490982027153145,9.53181367802219,-7.363752932735899,-1.5299210690637874,16.69730860801244,-8.158288938064675,-10.679092876692026,1.812452271431682,2.4725334531394254,12.779521642037777,8.919231284797862,17.12011422359437,12.487906075565425
-61.20291779780327,-103.07222061211374,-7.3383939558597,115.3382442525162,7.652028289820922,90.54784226880992,93.62233130871545,312.2177588068112,28.398854294890373,19.84710024759647,-115.97123031598298,86.86088035658462,-153.56718903905988,-16.03544149195282,133.60093909716744,121.7594180919474,38.265744847900415,71.13660924619344,-105.23769165382431,-68.69438519197813,-132.70887558039684,144.19902020638625,108.8896219005141,71.52684920971306,57.083247723024115,114.51526489956869,244.01289846031287,167.45101301948114,-220.27096582811208,-104.62577921175976,212.0836308423113,153.6841669822652,-3.140704066509478,-18.586826180780754,-95.91344604170902,-24.28754117093612,16.712474268068465,-33.836833911703465,225.54124122723758,-84.05988093454944,-32.483699643313635,71.70893550130407,-145.27331520728214,-64.23662482695426,-142.82756096370372,115.4025697772463,12.765172388229244,-272.0420992229788,121.96687126758039,161.32204639554087,-32.03989899708366,-34.55896099485352,-198.69052895730218,-137.88251061792118,-263.64171417084003,-197.74283220585943
-3.842052899583076,-7.000076897547733,-0.7285113187032828,7.652028289820922,0.6635504363335846,5.813449761184007,6.481084116755309,20.894567575235662,1.9042863968062298,1.5660909735945354,-8.11637232288524,5.7866274112535825,-10.388033426756058,-1.4455771151659966,8.59018824605603,8.303720136695686,2.1388549545109914,5.041553091397879,-6.775511329635999,-4.756734023937622,-8.794919336180639,9.574467130683775,7.463002119662626,4.55959712632816,3.713013940397637,7.352818831694422,16.884411704613086,11.467472153750256,-14.454551226035274,-7.196686736834459,14.60902905052826,10.167267209527326,0.36553446862985656,-1.1025989115232557,-6.210143278000481,-0.9339767793986778,1.1937933587864913,-2.734092247602757,15.466721748654907,-5.709285185237414,-1.962517255966605,4.966315026419382,-9.437508353328877,-4.174791286008922,-9.762934451690747,7.67403866548294,1.3079595399432666,-17.663922760998933,8.349732835554665,10.971132009724649,-1.980323186038393,-2.4707283415853776,-13.274457910732727,-9.244969987129913,-17.719514179976727,-13.0617926998971
-48.38917290382092,-80.76139987074555,-5.453812318907553,90.54784226880992,5.813449761184007,71.49204429124549,73.19053211104101,245.05480422853634,22.290276155157184,15.188928308402545,-90.45890290612066,68.1705370399372,-120.32704411918846,-12.04582464415544,105.34224066695839,95.301611363288,30.65161676439385,55.46308445006021,-82.96971555329955,-53.69167299181153,-104.20872644242687,113.33813693704641,85.28596264234882,56.48739170716853,44.99343529967567,90.35991355342138,190.70566379345956,130.99691747299548,-173.36974924436333,-81.79616758785284,165.85733490103902,120.79958077299281,-3.2380423737729505,-14.787266266912706,-75.59722055839205,-20.070387400534784,13.085117427191413,-25.831589721830024,176.51108108690917,-65.9073551851593,-25.83931658152223,56.04628102434722,-114.37335858661167,-50.58405064450433,-111.8160369632191,90.74157520762127,9.481386489782409,-214.31540525554018,95.46181336299811,126.35802275909774,-25.3294639198914,-26.852144035073152,-156.00827106847228,-108.15785015497832,-206.72889158871652,-155.42539014183185
-49.31107981052049,-83.95160449550171,-6.3763222745894605,93.62233130871545,6.481084116755309,73.19053211104101,76.46939229773577,253.77290700519882,23.087277284930845,16.524740088472957,-94.85541447665062,70.54608671549093,-125.00029789106357,-13.674670293521437,107.98619781385584,99.22686309208537,30.382307965496096,58.3045468980175,-85.07773819153918,-56.10852485195565,-107.70429029687365,117.08476454328874,88.81927112051572,57.75245656924868,46.22131202410647,92.55547312985581,199.27385639033602,136.5433482342039,-178.56431073684837,-85.3651348658178,173.08637686748932,124.71331937154928,-1.560405652244104,-14.861221548754555,-77.60176717036164,-18.565777550249237,13.729675021726951,-28.291550297852535,183.95857615184065,-68.47542135192819,-26.05037380751678,58.56822379552385,-117.57624325968,-51.997763807726194,-116.44081365878307,93.73195616820139,11.169384691060724,-220.19466933472088,99.45371715530557,131.42038068806107,-25.753755582548816,-28.34606735510994,-161.46345173962655,-112.09201460695974,-214.3970641600386,-160.43115664892176
-165.49310339678223,-279.24862792945686,-20.13791231356709,312.2177588068112,20.894567575235662,245.05480422853634,253.77290700519882,845.5493328623427,76.92059756637681,53.931800167593025,-314.36057590389004,235.16906052832113,-415.95098238829905,-43.77670884082283,361.4594173403082,329.85330624077204,103.23864713852478,192.95489869804956,-284.7344848582065,-186.19552212047478,-359.24263124612224,390.4990863406021,295.13751968162524,193.51282582707995,154.52657705823108,309.864754551262,661.3510758792298,453.68219875834103,-596.3344306496343,-283.49079890967687,574.7595723916568,416.1022020054102,-7.898850011829701,-50.199125122370894,-259.57204535539046,-65.12588301387211,45.40865732196627,-92.0358737493632,611.194530676701,-227.78285396417868,-87.81007163619836,194.36828225860566,-393.1001683512025,-173.8347446700911,-387.0090534367945,312.5822662989481,35.122687098080654,-736.240061928897,330.4928292721189,437.05163409356715,-86.55762501561803,-93.69995758292652,-538.099469997602,-373.39118481662007,-713.9776781200081,-535.3348969672454
-15.051683388642438,-25.407397693396025,-1.8348638051168287,28.398854294890373,1.9042863968062298,22.290276155157184,23.087277284930845,76.92059756637681,7.001141104444637,4.912779274550392,-28.604677076904224,21.395629583118865,-37.841544221020065,-3.97997713209156,32.881252386945995,30.00531562081534,9.38959604149687,17.557600869462735,-25.90111394358478,-16.93970193585646,-32.68064594917365,35.52514363917886,26.85148619897663,17.60339732222503,14.056668579186763,28.184537752118487,60.17459971516714,41.27149035854147,-54.24378441176018,-25.791126244869673,52.296447281796745,37.854903235726205,-0.7124692110463053,-4.56970190999656,-23.616221178150525,-5.91530923716793,4.12857950471247,-8.380706355381575,55.608738854774664,-20.72380970455662,-7.985712230491236,17.687870696434953,-35.76447021023749,-15.8130863704218,-35.20954011683104,28.43786625932775,3.2022874488508317,-66.97150676320331,30.069465822830146,39.76164815548505,-7.870498487004519,-8.530533934084678,-48.951240156811785,-33.9699185316664,-64.95737696534043,-48.69547581668047
-10.15226528015708,-17.977254217474595,-1.6491062284816855,19.84710024759647,1.5660909735945354,15.188928308402545,16.524740088472957,53.931800167593025,4.912779274550392,3.8640070400703466,-20.668035479681524,14.98668204764025,-26.739520379091864,-3.3816230431066816,22.5053359961478,21.310563358616747,5.899418537305809,12.742851638407846,-17.740927614117755,-12.131614766029557,-22.823044414600112,24.760779688663952,19.065260271728583,11.966105066800091,9.664015431419243,19.23682728345993,43.103332424775374,29.387055168974488,-37.524041184223876,-18.422850453739898,37.34534812860574,26.35167079521009,0.3965036117418686,-2.989376865693435,-16.21901077281069,-3.02090301535194,2.96408376648247,-6.669591651649274,39.58305765478583,-14.634120138831769,-5.230705866650381,12.671071560998124,-24.662313974246537,-10.895563438315218,-25.010039238631553,19.802470087319804,2.907957348513396,-46.074312581476946,21.385393539275217,28.164644326665787,-5.283662778986673,-6.27181927738162,-34.26896236643317,-23.8718246940186,-45.7265674325087,-33.879949336672254
60.92490475935953,104.06378214322638,8.033813190806379,-115.97123031598298,-8.11637232288524,-90.45890290612066,-94.85541447665062,-314.36057590389004,-28.604677076904224,-20.668035479681524,117.77960562352548,-87.40375547280415,154.94747271274488,17.166542710922716,-133.55837012974845,-123.03748185909195,-37.35850505312816,-72.38963188782242,105.22794054078628,69.60578658077192,133.41329292810371,-144.96449653009017,-110.09439630425489,-71.38339315665165,-57.16661556009719,-114.42430719405422,-247.23937921844123,-169.34034555368808,220.95717755751483,105.89972811202502,-214.6987663540643,-154.41470444355815,1.5891465758343886,18.335267172267123,95.99541341561472,22.530369951829584,-16.99921699119359,35.39551770257337,-228.11960209803058,84.84828905392261,32.10289288815273,-72.66665131245,145.51618597161493,64.34020355880048,144.36974065022696,-116.02224088849998,-14.06549038672749,272.40244394551297,-123.32450095369212,-162.91719458906695,31.823197734488375,35.260579490901456,199.98065112995312,138.89465407070008,265.7030507022658,198.63248530098986
-46.065006447694174,-77.65425149523918,-5.560240861970879,86.86088035658462,5.7866274112535825,68.1705370399372,70.54608671549093,235.16906052832113,21.395629583118865,14.98668204764025,-87.40375547280415,65.42470557354949,-115.68512859659265,-12.115809718596049,100.58827432521258,91.72635221614132,28.770806869985023,53.62003627966935,-79.23409078331946,-51.762823051215356,-99.94842052675357,108.60834890939331,82.04242986017559,53.84866895588598,42.98398494775583,86.21278464455065,183.876559561708,126.15556787456912,-165.87231688059637,-78.83066381271404,159.80783369533813,115.74714837874932,-2.2891848472620056,-13.990046464285589,-72.22495801041693,-18.19993710383516,12.593597295741802,-25.552576349937866,169.93841765627587,-63.328480198101964,-24.43895872943832,54.040211914035794,-109.39554954951024,-48.3689953698131,-107.60766699881773,86.92109589540054,9.679209412724752,-204.83735423922934,91.89557187053263,121.53458737661796,-24.10729843335055,-26.05900365753089,-149.65500214751796,-103.86035444736416,-198.59648587462894,-148.9174872441441
81.21646177274785,137.4487261106125,10.078432140078503,-153.56718903905988,-10.388033426756058,-120.32704411918846,-125.00029789106357,-415.95098238829905,-37.841544221020065,-26.739520379091864,154.94747271274488,-115.68512859659265,204.72587719515317,21.827415655433093,-177.54756549366186,-162.4034611307028,-50.4504884278744,-95.12803529334833,139.86577405072148,91.71868239741869,176.68711125004216,-192.0184504229694,-145.2947293458504,-95.00817316583843,-75.91714264201511,-152.17306576719744,-325.7849319761639,-223.4082159291926,293.09823276350744,139.6289082516781,-283.07364635526426,-204.5992305071419,3.4556331322986265,24.587159307791453,127.52214693135114,31.486602302426554,-22.36353492644255,45.66810512928331,-300.94994492793035,112.09815856677918,43.013062168385915,-95.74740616305822,193.1814877480521,85.42235104457453,190.53957740897897,-153.6913162285469,-17.587363706899485,361.7461590725807,-162.7271560124794,-215.14071804392046,42.473144064376065,46.239554156491906,264.6781796247079,183.71337945224357,351.32725665839683,263.22233408643245
7.934259361726732,14.697004326721409,1.6228774624172038,-16.03544149195282,-1.4455771151659966,-12.04582464415544,-13.674670293521437,-43.77670884082283,-3.97997713209156,-3.3816230431066816,17.166542710922716,-12.115809718596049,21.827415655433093,3.2486940672832305,-17.828582076150738,-17.498138590209944,-4.267332232892158,-10.684312941007285,14.06386763149567,10.040741823590468,18.401999131013714,-19.99189633529033,-15.696934995968265,-9.430208425075495,-7.70989863158962,-15.259999972383213,-35.61431564677044,-24.187057364855495,30.139749107648328,15.184893618093847,-30.78548451681796,-21.22987383693224,-1.0184030340565613,2.2092459480478865,12.880172970798634,1.6389520538104183,-2.5340972461572626,5.947057584991581,-32.54895496129152,11.985152559515617,4.009180302071222,-10.470766217168402,19.61941881132407,8.688475484817648,20.55369071370482,-16.023577163923342,-2.9130742726365817,36.74549747010912,-17.57463768736563,-23.073783930437344,4.1000720866876454,5.2346015680684115,27.793244543820226,19.380508795803603,37.16591755529416,27.301954402495603
-71.33160208201203,-119.14615000920634,-8.06654768974191,133.60093909716744,8.59018824605603,105.34224066695839,107.98619781385584,361.4594173403082,32.881252386945995,22.5053359961478,-133.55837012974845,100.58827432521258,-177.54756549366186,-17.828582076150738,155.33381600322275,140.6303300834838,45.12075215596477,81.84163487502877,-122.34179762487976,-79.2256301537013,-153.75831377622399,167.12544982354166,125.77442568684204,83.25988919332883,66.31669451219314,133.18622281328405,281.4397372480082,193.31446076880482,-255.59771251887116,-120.72591145778362,244.7461624459466,178.15914837644465,-4.700910552631202,-21.801962555389526,-111.46407291320787,-29.4424024757882,19.243028485961222,-38.25187949985624,260.42693469544105,-97.19131921028311,-38.0330872341949,82.70943600115663,-168.71094029561496,-74.59855884114472,-164.9664354496059,133.76052918717332,13.98909273836771,-315.99427319166847,140.8501941167696,186.42439250207798,-37.36597334913358,-39.69337928229794,-230.08715596730812,-159.5753801754526,-305.0319137729567,-229.2353454863401
-64.28845880677113,-109.0399986182747,-8.099324579754374,121.7594180919474,8.303720136695686,95.301611363288,99.22686309208537,329.85330624077204,30.00531562081534,21.310563358616747,-123.03748185909195,91.72635221614132,-162.4034611307028,-17.498138590209944,140.6303300834838,128.86930302095027,39.805428630377094,75.56561300519468,-110.78833686671535,-72.8082104730621,-140.07751808021948,152.22879889038805,115.29709180053521,75.23173890040268,60.1487566885981,120.53016316226899,258.6012294679161,177.29805669708742,-232.29549399710285,-110.82197005885638,224.66670452740274,162.1886691491217,-2.475203782796235,-19.42093481956855,-101.01771330215108,-24.649136420164947,17.771336582430703,-36.43242755950331,238.82057317348415,-88.9294936246064,-34.01019996119553,76.0005959757605,-153.05272694051732,-67.68231486040413,-151.19544327865052,121.84679043290117,14.147770483618022,-286.6134241735093,129.12859596377257,170.69100879109862,-33.61293928142331,-36.735055388462314,-209.88045751250223,-145.6942859051396,-278.6393341684389,-208.6637030547317
-20.9184432736631,-33.81700567583592,-1.8057019183221565,38.265744847900415,2.1388549545109914,30.65161676439385,30.382307965496096,103.23864713852478,9.38959604149687,5.899418537305809,-37.35850505312816,28.770806869985023,-50.4504884278744,-4.267332232892158,45.12075215596477,39.805428630377094,13.812057546202343,22.78073657020049,-35.520140789371965,-22.28324120511533,-44.071634843939236,47.925686296005296,35.57407789553026,24.28582463844008,19.192019583577135,38.72556068426742,79.18119797391158,54.61450441946182,-73.65216236126709,-34.038645649158624,69.00553602361262,51.148357155284536,-2.567434317258271,-6.543337011446522,-32.305413509411316,-9.912025774408768,5.359522340256375,-9.889296089031008,73.59128213216854,-27.600534148876424,-11.33647367625071,23.266062570658764,-48.790952399505215,-21.57148163773333,-46.67502420428527,38.35354083025289,3.0638874779039376,-91.43704856876194,39.8255717203573,52.86113789749325,-11.000232029034228,-10.984073888359998,-65.77730735963861,-45.52529568398107,-86.92512558081249,-65.83106770126071
-37.3011500363621,-63.907759064074966,-5.026120320896072,71.13660924619344,5.041553091397879,55.46308445006021,58.3045468980175,192.95489869804956,17.557600869462735,12.742851638407846,-72.38963188782242,53.62003627966935,-95.12803529334833,-10.684312941007285,81.84163487502877,75.56561300519468,22.78073657020049,44.54459825775565,-64.48517094923065,-42.78235774792574,-81.82733712167393,88.96330923133159,67.6656681687322,43.738235100750586,35.06037428636741,70.14000577121276,151.93340690958692,104.0210439409251,-135.55297175359172,-65.05553944948761,131.91998311726724,94.73465466451735,-0.752112319897155,-11.187867850112276,-58.84312185516918,-13.594081154382643,10.497441389817727,-21.865953408049997,140.15084967398434,-52.12869853973822,-19.648338000767616,44.65917307589379,-89.18089676242633,-39.4416810896399,-88.6918112376094,71.23101398266675,8.834093360081114,-167.01381100263862,75.76085330000329,100.05828415580358,-19.460592573226144,-21.66997069585687,-122.7506977230036,-85.24257928125898,-163.07436390744795,-121.85323304180457
56.17685060227617,93.86135462397482,6.368010330454432,-105.23769165382431,-6.775511329635999,-82.96971555329955,-85.07773819153918,-284.7344848582065,-25.90111394358478,-17.740927614117755,105.22794054078628,-79.23409078331946,139.86577405072148,14.06386763149567,-122.34179762487976,-110.78833686671535,-35.520140789371965,-64.48517094923065,96.35925928321012,62.41711852189758,121.11535486312131,-131.64879641983427,-99.0877574747486,-65.57538450058541,-52.23608575362254,-104.89811347641064,-221.73028758457923,-152.29370555159593,201.32921440033098,95.10998309280478,-192.81719593422113,-140.33628092091152,3.669967839119715,17.167665069843082,87.79287216443484,23.15501945954333,-15.16343754560491,30.157986617240194,-205.16843518672616,76.56558155555646,29.948045000694837,-65.16087852998498,132.8830941622933,58.75690661817466,129.96021054528828,-105.36564960096412,-11.04560714738246,248.89107641389685,-110.96257937752212,-146.86166369597902,29.424222365281167,31.276002942335946,181.2473795847622,125.70345886954921,240.28663047204913,180.56805399680664
36.17548574404698,61.59757714138494,4.680849226499539,-68.69438519197813,-4.756734023937622,-53.69167299181153,-56.10852485195565,-186.19552212047478,-16.93970193585646,-12.131614766029557,69.60578658077192,-51.762823051215356,91.71868239741869,10.040741823590468,-79.2256301537013,-72.8082104730621,-22.28324120511533,-42.78235774792574,62.41711852189758,41.17073474045344,79.02595927782566,-85.90071750168674,-65.16681197710332,-42.36727345904829,-33.90782835200395,-67.90154914825555,-146.22075360723534,-100.19152395012809,131.00438875102884,62.63952636677152,-127.00405058586132,-91.50044873996777,1.1373031857863338,10.900661037363449,56.932498249135286,13.607748994108354,-10.070909991872588,20.769252674091984,-134.97821014315386,50.24061121146689,19.10767672545921,-42.97619678074548,86.26482145220541,38.14951449555505,85.43801715302693,-68.76653522203416,-8.1979595049663,161.54724376954417,-72.9739081141575,-96.42879115241315,18.896148430538823,20.803507614654283,118.46510496621687,82.24578223608736,157.3123239904736,117.70718073631458
70.44296896999309,118.59326124926069,8.424820235285306,-132.70887558039684,-8.794919336180639,-104.20872644242687,-107.70429029687365,-359.24263124612224,-32.68064594917365,-22.823044414600112,133.41329292810371,-99.94842052675357,176.68711125004216,18.401999131013714,-153.75831377622399,-140.07751808021948,-44.071634843939236,-81.82733712167393,121.11535486312131,79.02595927782566,152.70542067681447,-165.93176744449497,-125.27625874347274,-82.32468578332016,-65.69407717005848,-131.7881258590666,-280.7255918816473,-192.63947243313464,253.47000377461939,120.3646122295108,-243.99778625788906,-176.84779389177186,3.6635495602127355,21.411163596818813,110.38883060774533,28.00360513877004,-19.217156650962117,38.89669089796954,-259.48703202190376,96.71477767758346,37.39356663096532,-82.50005218786546,167.1917086582384,73.92392841300797,164.32033417448025,-132.79268115114195,-14.652788409914553,313.06570726703245,-140.32344956201214,-185.6035644650346,36.87414320441728,39.759738474248195,228.6188019409678,158.6503924965132,303.3499241941922,227.53701238951618
-76.569821110713,-128.91371333535204,-9.17966061100189,144.19902020638625,9.574467130683775,113.33813693704641,117.08476454328874,390.4990863406021,35.52514363917886,24.760779688663952,-144.96449653009017,108.60834890939331,-192.0184504229694,-19.99189633529033,167.12544982354166,152.22879889038805,47.925686296005296,88.96330923133159,-131.64879641983427,-85.90071750168674,-165.93176744449497,180.41120672272223,136.22908948601435,89.5097461575858,71.44244335584374,143.28994988792488,305.1152231109625,209.34797264685199,-275.5913655446964,-130.79658440331292,265.20452415036044,192.24093824385926,-3.9551664162444937,-23.272663645768368,-120.00968685683618,-30.473219941490335,20.95057810032824,-42.222751608962376,282.06964054676666,-105.16636430608335,-40.685169595277046,89.67202083106544,-181.69451547657437,-80.34929838190892,-178.61516604811905,144.42123370322116,16.00492243142308,-340.3316534276488,152.52587754325626,201.7384317248873,-40.04466527974585,-43.17412474583953,-248.53233389747533,-172.41986203763273,-329.66266376637867,-247.32016874362037
-57.48468564153188,-97.58099711526036,-7.296661946786564,108.8896219005141,7.463002119662626,85.28596264234882,88.81927112051572,295.13751968162524,26.85148619897663,19.065260271728583,-110.09439630425489,82.04242986017559,-145.2947293458504,-15.696934995968265,125.77442568684204,115.29709180053521,35.57407789553026,67.6656681687322,-99.0877574747486,-65.16681197710332,-125.27625874347274,136.22908948601435,103.22872769718944,67.29992414707912,53.827718548865185,107.82944836643345,231.43590710565377,158.63231662024518,-207.8586736492128,-99.15386867169472,201.065283966377,145.1086807971963,-2.1140469740995718,-17.357233469645198,-90.37213285086008,-21.983766883715052,15.958043988381018,-32.619148311384606,213.7433816257364,-79.61191072170855,-30.431718985178026,68.02380202490544,-136.87426073056892,-60.536706309078944,-135.31097611087438,109.07648355962786,12.783671743103069,-256.3947011509173,115.56066349111919,152.74090652067417,-30.022832907658024,-32.85801057583471,-187.80547689596523,-130.33785437752385,-249.2650296166775,-186.6655693389559
-38.2619572387517,-63.75856030830242,-4.256097383734873,71.52684920971306,4.55959712632816,56.48739170716853,57.75245656924868,193.51282582707995,17.60339732222503,11.966105066800091,-71.38339315665165,53.84866895588598,-95.00817316583843,-9.430208425075495,83.25988919332883,75.23173890040268,24.28582463844008,43.738235100750586,-65.57538450058541,-42.36727345904829,-82.32468578332016,89.5097461575858,67.29992414707912,44.64870297516401,35.545799059817405,71.40391230640195,150.5026031427008,103.40053741460576,-136.94166404487405,-64.56309073683857,130.90173189245255,95.4177162647131,-2.6764115770856485,-11.715205883684249,-59.74144961712588,-15.973635480809566,10.297130726077075,-20.325584202229663,139.31758102270612,-52.019104903903184,-20.434214507910845,44.22962102179643,-90.39417811499226,-39.97210231397702,-88.25644676550868,71.64767330760384,7.380314921676662,-169.33912789096553,75.35015605952806,99.74976989260193,-20.039706880876846,-21.192582253297086,-123.19392843756899,-85.41606232704902,-163.25830951832216,-122.77032196026082
-30.43294466131239,-50.960819308211775,-3.512933326835735,57.083247723024115,3.713013940397637,44.99343529967567,46.22131202410647,154.52657705823108,14.056668579186763,9.664015431419243,-57.16661556009719,42.98398494775583,-75.91714264201511,-7.70989863158962,66.31669451219314,60.1487566885981,19.192019583577135,35.06037428636741,-52.23608575362254,-33.90782835200395,-65.69407717005848,71.44244335584374,53.827718548865185,35.545799059817405,28.33553556140873,56.87264582139885,120.44110650138028,82.69159252578474,-109.22125292359154,-51.64642332155502,104.72311622535929,76.13714235336568,-1.861243118417679,-9.285815674806596,-47.604784876895096,-12.428957980912909,8.263472560700889,-16.449485705107254,111.42610183356953,-41.580216153777755,-16.21873581681038,35.39572025733391,-72.0413930200962,-31.85938204874308,-70.57236560684511,57.1925592427855,6.112707550124358,-134.96615241253141,60.25727995282279,79.73547157198841,-15.922979281519353,-16.99333274881596,-98.36516530390315,-68.21292643617276,-130.3958681295245,-97.95521761865322
-61.17315291088704,-102.12466075375781,-6.900598768085869,114.51526489956869,7.352818831694422,90.35991355342138,92.55547312985581,309.864754551262,28.184537752118487,19.23682728345993,-114.42430719405422,86.21278464455065,-152.17306576719744,-15.259999972383213,133.18622281328405,120.53016316226899,38.72556068426742,70.14000577121276,-104.89811347641064,-67.90154914825555,-131.7881258590666,143.28994988792488,107.82944836643345,71.40391230640195,56.87264582139885,114.22675559452541,241.1860119433711,165.6793811518935,-219.17801424447526,-103.45646306928019,209.75272732849956,152.73722793183637,-4.073989050721403,-18.688229467798305,-95.57067520604876,-25.327092663899183,16.52611617389423,-32.7116263625174,223.21043796862702,-83.32743840139503,-32.64672604222737,70.88040128307475,-144.62132298898516,-63.957990089121026,-141.4007565544077,114.70674882035252,11.982599541731556,-270.95303899181886,120.72151902656154,159.7922987917185,-32.03520772908167,-33.97905866332876,-197.2571028920167,-136.7762491566434,-261.43797640375954,-196.52735494672612
-128.51255370766643,-218.78983243926595,-16.602461359947977,244.01289846031287,16.884411704613086,190.70566379345956,199.27385639033602,661.3510758792298,60.17459971516714,43.103332424775374,-247.23937921844123,183.876559561708,-325.7849319761639,-35.61431564677044,281.4397372480082,258.6012294679161,79.18119797391158,151.93340690958692,-221.73028758457923,-146.22075360723534,-280.7255918816473,305.1152231109625,231.43590710565377,150.5026031427008,120.44110650138028,241.1860119433711,519.3500309243042,355.8573727333877,-465.3089415440137,-222.48747000127707,451.09657881543956,325.0188209048853,-4.091817559707301,-38.75049327373801,-202.24595757119087,-48.36897554192979,35.73191462215119,-73.76625180166818,479.413869706472,-178.43122389172967,-67.86707579152853,152.64420144042026,-306.464767888243,-135.51783738223835,-303.4508775199349,244.23358089166166,29.060568120614516,-573.8378997897111,259.1898643977734,342.49692074166643,-67.13489252529351,-73.91283112430085,-420.7725785338776,-292.14565364969616,-558.7956138251822,-418.0995841311523
-88.34244831165432,-150.0059851814759,-11.212848524190704,167.45101301948114,11.467472153750256,130.99691747299548,136.5433482342039,453.68219875834103,41.27149035854147,29.387055168974488,-169.34034555368808,126.15556787456912,-223.4082159291926,-24.187057364855495,193.31446076880482,177.29805669708742,54.61450441946182,104.0210439409251,-152.29370555159593,-100.19152395012809,-192.63947243313464,209.34797264685199,158.63231662024518,103.40053741460576,82.69159252578474,165.6793811518935,355.8573727333877,243.94328235559468,-319.4062886122956,-152.48907833469661,309.1404194512437,223.03722016102193,-3.2260361089180933,-26.664768068604204,-138.8731231646087,-33.68377636008659,24.463609286749485,-50.25939896551704,328.59113033922523,-122.33901387612538,-46.71058782257348,104.5860868100361,-210.42180543186933,-93.05208817783281,-208.020832169838,167.5699631419182,19.597442952801813,-394.03700941885484,177.6639239668572,234.82658873004223,-46.18291981618303,-50.57687876385643,-288.66195125476156,-200.39608926907692,-383.27104041689245,-286.94332679446205
117.2087977123401,196.74555698714624,13.75987615739598,-220.27096582811208,-14.454551226035274,-173.36974924436333,-178.56431073684837,-596.3344306496343,-54.24378441176018,-37.524041184223876,220.95717755751483,-165.87231688059637,293.09823276350744,30.139749107648328,-255.59771251887116,-232.29549399710285,-73.65216236126709,-135.55297175359172,201.32921440033098,131.00438875102884,253.47000377461939,-275.5913655446964,-207.8586736492128,-136.94166404487405,-109.22125292359154,-219.17801424447526,-465.3089415440137,-319.4062886122956,421.19777464892786,199.5163439400225,-404.52412229874244,-293.6965909801357,6.667623354490402,35.67469570563594,183.48780893610794,47.31235310120479,-31.939153362757896,63.93612840260906,-430.3291606966724,160.5200658046685,62.37975486519909,-136.74919098131966,277.7497309730969,122.83442553517011,272.5436608769232,-220.62197111806094,-23.961175012692266,520.326589837416,-232.71269040536617,-307.8822180560762,61.32987774561127,65.72952113728104,379.56723640038933,263.27187882388375,503.3159183346071,377.87276735049505
55.14982906297171,93.75707524301573,7.053999480066022,-104.62577921175976,-7.196686736834459,-81.79616758785284,-85.3651348658178,-283.49079890967687,-25.791126244869673,-18.422850453739898,105.89972811202502,-78.83066381271404,139.6289082516781,15.184893618093847,-120.72591145778362,-110.82197005885638,-34.038645649158624,-65.05553944948761,95.10998309280478,62.63952636677152,120.3646122295108,-130.79658440331292,-99.15386867169472,-64.56309073683857,-51.64642332155502,-103.45646306928019,-222.48747000127707,-152.48907833469661,199.5163439400225,95.33046129891716,-193.2637014033838,-139.3456137498723,1.89909639605017,16.6390546462966,86.7364444428105,20.898015739654603,-15.29104022407107,31.51321460641141,-205.40662254731583,76.45840752084479,29.137442322237852,-65.38951952824029,131.4380352527918,58.12072204973596,130.02692826158142,-104.6896336256028,-12.331392798614585,246.10505081036902,-111.05696581253355,-146.7726247160284,28.826806857264774,31.647341814317926,180.3677455238973,125.23015723447084,239.5224279641256,179.2660246226809
-111.79844820670164,-190.09767748476298,-14.325327327260569,212.0836308423113,14.60902905052826,165.85733490103902,173.08637686748932,574.7595723916568,52.296447281796745,37.34534812860574,-214.6987663540643,159.80783369533813,-283.07364635526426,-30.78548451681796,244.7461624459466,224.66670452740274,69.00553602361262,131.91998311726724,-192.81719593422113,-127.00405058586132,-243.99778625788906,265.20452415036044,201.065283966377,130.90173189245255,104.72311622535929,209.75272732849956,451.09657881543956,309.1404194512437,-404.52412229874244,-193.2637014033838,391.8474449618748,282.5173818085051,-3.808190276133834,-33.73677180815979,-175.86049958474243,-42.34981410833426,31.031247525418188,-63.8890958934258,416.4770570699316,-155.03964753529308,-59.083000953627234,132.58482164292073,-266.4583108077089,-117.82766584883693,-263.630530604546,212.2920955010245,25.067245422560568,-498.9518619242344,225.1701094450808,297.57399567346596,-58.4128637735755,-64.15650091111553,-365.69464820054185,-253.882566743528,-485.58702629498566,-363.43029200141615
-81.64211244900982,-137.34481272033105,-9.725723387929946,153.6841669822652,10.167267209527326,120.79958077299281,124.71331937154928,416.1022020054102,37.854903235726205,26.35167079521009,-154.41470444355815,115.74714837874932,-204.5992305071419,-21.22987383693224,178.15914837644465,162.1886691491217,51.148357155284536,94.73465466451735,-140.33628092091152,-91.50044873996777,-176.84779389177186,192.24093824385926,145.1086807971963,95.4177162647131,76.13714235336568,152.73722793183637,325.0188209048853,223.03722016102193,-293.6965909801357,-139.3456137498723,282.5173818085051,204.86783565294775,-4.34075031624096,-24.827439705552923,-127.91618876306048,-32.60132422694355,22.28906150116608,-44.9144853592199,300.4859965507551,-112.03389665122849,-43.384269010039475,95.52113310076727,-193.68074751827558,-85.64457135011267,-190.28627941011885,153.8777826591356,16.938025402750746,-362.74785271021375,162.49100536482015,214.93487870508253,-42.71592426105449,-45.98762972882218,-264.8250215021573,-183.73290370047457,-351.2894857163708,-263.57406035252177
2.5003856535913482,2.2322495873329364,-0.6969208197987904,-3.140704066509478,0.36553446862985656,-3.2380423737729505,-1.560405652244104,-7.898850011829701,-0.7124692110463053,0.3965036117418686,1.5891465758343886,-2.2891848472620056,3.4556331322986265,-1.0184030340565613,-4.700910552631202,-2.475203782796235,-2.567434317258271,-0.752112319897155,3.669967839119715,1.1373031857863338,3.6635495602127355,-3.9551664162444937,-2.1140469740995718,-2.6764115770856485,-1.861243118417679,-4.073989050721403,-4.091817559707301,-3.2260361089180933,6.667623354490402,1.89909639605017,-3.808190276133834,-4.34075031624096,2.232803261402435,1.0165123215522163,3.2308377629453564,3.218793095067795,-0.151800935267721,-0.920483923829658,-4.318659799626781,1.8270388294372888,1.6272244483890885,-1.1923647814388594,4.748537612712888,2.090896942591841,2.8439678101546715,-3.1350187724552803,1.3492809150985432,8.9305155520656,-2.3842548288092003,-3.41918725947608,1.406782186489798,0.2795384533295168,5.119091560396619,3.4154713395567167,6.36927242531914,5.6369672284243215
10.068024106787993,16.49173067574945,0.9734928953754997,-18.586826180780754,-1.1025989115232557,-14.787266266912706,-14.861221548754555,-50.199125122370894,-4.56970190999656,-2.989376865693435,18.335267172267123,-13.990046464285589,24.587159307791453,2.2092459480478865,-21.801962555389526,-19.42093481956855,-6.543337011446522,-11.187867850112276,17.167665069843082,10.900661037363449,21.411163596818813,-23.272663645768368,-17.357233469645198,-11.715205883684249,-9.285815674806596,-18.688229467798305,-38.75049327373801,-26.664768068604204,35.67469570563594,16.6390546462966,-33.73677180815979,-24.827439705552923,1.0165123215522163,3.1424425324287233,15.631916601053616,4.522360550328314,-2.6130960150783067,5.023173997799369,-35.9472158174359,13.445663835959069,5.411482081621869,-11.386669977762562,23.634190198532007,10.441532351155061,22.775889733808366,-18.61195111281738,-1.6609099139589254,44.23277078687245,-19.44583592611433,-25.776274715059888,5.283655727184153,5.430391620676546,31.969235193130267,22.15455817319755,42.324394381441756,31.939688971662683
51.16242116489556,85.59099945423154,5.8556990556977535,-95.91344604170902,-6.210143278000481,-75.59722055839205,-77.60176717036164,-259.57204535539046,-23.616221178150525,-16.21901077281069,95.99541341561472,-72.22495801041693,127.52214693135114,12.880172970798634,-111.46407291320787,-101.01771330215108,-32.305413509411316,-58.84312185516918,87.79287216443484,56.932498249135286,110.38883060774533,-120.00968685683618,-90.37213285086008,-59.74144961712588,-47.604784876895096,-95.57067520604876,-202.24595757119087,-138.8731231646087,183.48780893610794,86.7364444428105,-175.86049958474243,-127.91618876306048,3.2308377629453564,15.631916601053616,80.00432368420721,20.9765141796389,-13.840946314597105,27.579700111102664,-187.11712518122084,69.82118210019415,27.264370355900947,-59.43852522866699,121.08890951925075,53.54095966911577,118.5138695160448,-96.05671776424572,-10.170318236497549,226.79468352713246,-101.19415809136011,-133.91548969865963,26.783772752573118,28.544611647048907,165.22821404862975,114.59542990788454,219.0613975808431,164.5726141022213
13.906960925788246,21.04735812934531,0.48639462070724176,-24.28754117093612,-0.9339767793986778,-20.070387400534784,-18.565777550249237,-65.12588301387211,-5.91530923716793,-3.02090301535194,22.530369951829584,-18.19993710383516,31.486602302426554,1.6389520538104183,-29.4424024757882,-24.649136420164947,-9.912025774408768,-13.594081154382643,23.15501945954333,13.607748994108354,28.00360513877004,-30.473219941490335,-21.983766883715052,-15.973635480809566,-12.428957980912909,-25.327092663899183,-48.36897554192979,-33.68377636008659,47.31235310120479,20.898015739654603,-42.34981410833426,-32.60132422694355,3.218793095067795,4.522360550328314,20.9765141796389,8.217340145037996,-3.210923168688368,4.880396268046739,-45.3795320958975,17.201845050679683,7.771940512905442,-14.204786509263794,31.549289380029524,13.951941555443506,28.869625929918715,-24.384385503268216,-0.7114910679664035,59.22228273408242,-24.593375484052117,-32.84646330453691,7.374284915209428,6.455023720898602,41.5725582616338,28.647277682564184,54.56937898364814,41.99998678418061
-8.772361206257616,-15.035962041420632,-1.1974149323129062,16.712474268068465,1.1937933587864913,13.085117427191413,13.729675021726951,45.40865732196627,4.12857950471247,2.96408376648247,-16.99921699119359,12.593597295741802,-22.36353492644255,-2.5340972461572626,19.243028485961222,17.771336582430703,5.359522340256375,10.497441389817727,-15.16343754560491,-10.070909991872588,-19.217156650962117,20.95057810032824,15.958043988381018,10.297130726077075,8.263472560700889,16.52611617389423,35.73191462215119,24.463609286749485,-31.939153362757896,-15.29104022407107,31.031247525418188,22.28906150116608,-0.151800935267721,-2.6130960150783067,-13.840946314597105,-3.210923168688368,2.5165858997638653,-5.112659097310506,32.981191677920144,-12.29064840926569,-4.646254891898054,10.504471209111058,-20.940217495422836,-9.274048653155962,-20.877358923239623,16.804250332900587,2.1291894929623685,-39.30865089334953,17.82561468652356,23.543479976476227,-4.560857003784997,-5.063128389835655,-28.899995100165103,-20.037567188626085,-38.32258303504251,-28.66834162225756
