V1,V2,V3,V4,V5,V6,V7,V8,V9,V10,V11,V12,V13,V14,V15,V16,V17,V18,V19,V20,V21,V22,V23,V24,V25,V26,V27,V28,V29,V30,V31,V32,V33,V34,V35,V36,V37,V38,V39,V40,V41,V42,V43,V44,V45,V46,V47,V48,V49,V50,V51,V52,V53,V54,V55,V56
81318.64959603382,-11292.18434239239,830.076938476971,-6658.401644410471,-47160.099623521906,48203.07179151944,-19041.15559474211,-34666.58728549841,-21858.70085297762,-60407.182622857086,-14828.507003411885,-1266.2842577290737,56783.023145156374,-100481.32975329661,-41871.23001528431,68804.81064434502,-58920.758352652054,-32742.409244973493,-143367.82933019605,19395.819243400143,-63639.55063415427,-6278.878630539887,-86308.29179563586,-143848.37216841473,12649.969758798798,-13220.975035031908,-34366.328347228,-24065.312419125527,5834.174875729859,-29900.86192590559,20068.31451311051,-37564.340922223586,7150.130291511717,32910.14291300837,54639.210725865436,68805.27395610415,17609.203054364563,61988.07595448809,-105911.8374211408,-85345.3887221113,-1201.543559256967,24046.500041870127,33762.59294770067,-64171.02659387909,-22948.682656952264,5486.353923065082,-30341.843678425837,-73983.01985889938,-258.50663642363907,-77939.19368789562,-32035.70021574733,52678.83474978508,32514.780030876438,164079.01750436833,23426.34245800563,11038.563627842652
-11292.18434239239,1568.1657632812812,-115.48818156334029,924.5752888199514,6548.897417678485,-6694.07320521233,2644.2002715655763,4814.007317091407,3035.3688099993174,8388.384413702954,2059.3882816401815,175.98670849277931,-7885.42697216448,13953.761278142476,5814.512770294069,-9554.586766288396,8181.989331909565,4546.655773458117,19909.01304542702,-2693.6513570354223,8837.392130038585,871.8484363529133,11985.605549376522,19975.907391459048,-1756.383282784089,1836.1647622311255,4772.323839737712,3341.7303472695216,-810.4013703594978,4152.2183106636285,-2786.611159859906,5216.565628880882,-992.8138273588007,-4570.092147955934,-7587.321761910063,-9554.87296878878,-2445.558579020214,-8608.166456202174,14707.399137061106,11851.402931028308,167.12857865822696,-3338.916136239068,-4688.3605483912625,8910.928350699718,3186.5345230000435,-761.9369793750183,4213.773841743633,10273.633454760447,35.83256764098906,10823.026803631872,4448.874778964702,-7315.466797142955,-4515.14660848302,-22785.0270915283,-3253.292139445184,-1532.8583408320646
830.076938476971,-115.48818156334029,9.114678095335389,-67.81756686384591,-481.58695966581286,493.14678953175235,-194.60660147159936,-354.08444626350183,-223.0213508277693,-616.660173232879,-152.03844203167782,-13.353461936418897,580.6569689029772,-1027.31145190944,-427.8124020167351,702.6187559769388,-601.5693155168675,-333.98889027488855,-1464.6405433825175,198.82488149741044,-650.1106672777984,-63.903034633789964,-882.5100472561389,-1470.025667526167,128.4572517973697,-135.70825146740503,-351.01999655151286,-245.375649748108,60.205702514011335,-305.3824003563388,204.48726338406917,-384.09410207800244,72.69163981647235,336.1450749777833,557.5751999920063,703.326434480688,180.62961816537475,633.5358194529074,-1081.4760513662948,-871.359081651346,-13.04465550374296,244.63489752400565,344.4715190983958,-654.7793955698912,-233.71457285418438,56.27678990841132,-310.77357732807945,-755.438580276301,-2.457391772705237,-795.8563186243681,-327.73996258068786,538.6058538655766,332.0355528988976,1676.041535450592,239.82218454200566,112.75377531932358
-6658.401644410471,924.5752888199514,-67.81756686384591,545.2546552196576,3861.464530327578,-3946.722411499431,1559.0231255474857,2838.476577438853,1789.8680419708303,4946.180610452208,1214.0526256856301,103.57334296178668,-4649.174335133334,8227.1304100626,3428.3410368349437,-5633.723691107653,4824.417554288942,2681.0231625828196,11738.818753924297,-1587.9475071151612,5210.736542074162,514.1635922610453,7066.656460085601,11778.051416047205,-1035.9289223024066,1082.3551727571135,2813.906003748032,1970.5756020793183,-477.58751611288665,2448.2873148402173,-1643.2508874930268,3075.6699239888208,-585.529768309653,-2694.6811506940767,-4473.908388004375,-5633.587685429268,-1441.652158737867,-5075.472347634607,8672.01370913984,6988.065588837743,98.22020353163843,-1969.1367061040467,-2764.564010186356,5254.430880762599,1879.1578321266886,-449.1629364728987,2484.205692864443,6057.718039688189,21.217008619103837,6381.67996470358,2622.97809373198,-4313.184158511273,-2662.277749207492,-13434.650826923467,-1918.0066372343651,-903.8002282510995
-47160.099623521906,6548.897417678485,-481.58695966581286,3861.464530327578,27350.201191725675,-27955.368632867394,11042.833680070118,20104.686882052945,12676.78231315779,35032.69974785875,8599.896971513044,734.4959516449434,-32931.1513712175,58273.84950944117,24282.995188361412,-39902.90289638909,34170.66995329357,18988.643914414555,83145.44240279305,-11248.690085872053,36907.41350816905,3641.336564942538,50054.27637896643,83424.26986370987,-7336.044813603653,7667.615909667878,19930.568420118627,13956.441590968132,-3383.701996086317,17340.84404154389,-11638.332116388572,21785.363294697585,-4146.599716914179,-19086.040113357558,-31687.51370826474,-39903.359560226585,-10212.557505923292,-35949.74603509371,61422.82449694228,49495.416776495906,697.0665192589167,-13945.353711206157,-19580.329022502603,37215.407831353055,13308.731266231303,-3181.8342282429253,17596.864966018624,42905.94851289156,149.86283974863605,45200.32726424356,18579.105920048885,-30550.93065417301,-18856.711804073253,-95156.71823762158,-13586.116651258993,-6401.726052880085
48203.07179151944,-6694.07320521233,493.14678953175235,-3946.722411499431,-27955.368632867394,28575.71144579036,-11287.243590031927,-20549.67594678474,-12957.152223147796,-35807.594986680866,-8791.309818197315,-751.2689464554861,33661.052325410084,-59565.36212516719,-24820.722657079026,40785.8807526412,-34926.360233299376,-19408.194773230054,-84986.2458897253,11498.81202567481,-37724.422896064134,-3721.5638738474822,-51163.68498302358,-85271.92852518489,7497.264527523174,-7838.251907932716,-20371.718392732106,-14264.727627595563,3459.620079593297,-17724.64027455415,11894.96061247647,-22268.228346202224,4237.710971081807,19508.801177118054,32388.06802908036,40787.39898307413,10439.939415650522,36746.160261397476,-62781.7493876514,-50590.33467130509,-713.7278364249476,14252.471130876953,20013.154823097928,-38038.2141962529,-13602.262310452332,3252.7645363745983,-17987.68487054842,-43855.230645465104,-153.02480682075367,-46200.615705305856,-18991.221051107554,31228.09390433888,19273.919012905302,97263.09074003743,13887.753371872994,6543.365785132349
-19041.15559474211,2644.2002715655763,-194.60660147159936,1559.0231255474857,11042.833680070118,-11287.243590031927,4458.717600906838,8117.419133716607,5118.239255115102,14144.636448636664,3472.337013824705,296.69257121549686,-13296.354110931701,23528.661092451195,9804.459517126934,-16111.059287834829,13796.69161268331,7666.730895933204,33570.63530268863,-4541.884352832386,14901.675722908009,1470.173510566105,20209.976875857545,33683.33455799795,-2961.8236935324608,3096.038569031642,8047.111076379597,5634.911726429715,-1366.3014366900534,7001.481882965725,-4699.0270667693185,8796.079054534941,-1674.1941091897645,-7706.03221970858,-12793.970931493717,-16111.402476034204,-4123.510634683897,-14515.022645448795,24799.898719139183,19984.08404079544,281.59844421595136,-5630.3449096630775,-7905.612477909066,15025.819787840222,5373.350429418331,-1284.6997147540292,7105.046494414781,17323.564035670013,60.42762048489555,18249.866573030264,7501.53796715086,-12335.245907758102,-7613.541940834836,-38420.26825152221,-5485.5853700232865,-2584.768908329055
-34666.58728549841,4814.007317091407,-354.08444626350183,2838.476577438853,20104.686882052945,-20549.67594678474,8117.419133716607,14778.641541835843,9318.477152264648,25751.945091424088,6321.731728583722,539.9633861841285,-24207.270224642423,42836.340376839136,17850.078248359463,-29331.98335125591,25118.275443053626,13958.192256976792,61118.951099245474,-8268.838655198317,27130.07280297672,2676.657650233224,36794.24485177091,61323.973065502425,-5392.5170716762705,5636.428421072621,14650.64532340782,10259.100368384052,-2487.386847053649,12746.975210009932,-8555.080408419675,16014.132823381853,-3048.0390353514726,-14029.8775922768,-23292.935879951954,-29332.412009821426,-7507.209710344737,-26426.153121876498,45150.92030836273,36383.26721988503,512.5057794325098,-10250.877215134215,-14393.139646085105,27356.38895005987,9782.957606773527,-2338.964301612564,12935.28523554519,31539.46283006307,110.14795881650093,33226.03543222447,13657.276614849789,-22457.59688099422,-13861.26780321408,-69948.23243685596,-9987.023934099036,-4705.812623741988
-21858.70085297762,3035.3688099993174,-223.0213508277693,1789.8680419708303,12676.78231315779,-12957.152223147796,5118.239255115102,9318.477152264648,5875.787661940838,16237.676258919173,3985.9319375405,340.2880353350026,-15263.298307093866,27009.56093091263,11255.068398303707,-18494.9494665463,15838.024280780981,8801.30268365407,38537.67458277693,-5213.548081688692,17106.464242252896,1687.8138442727216,23199.795126381843,38666.76664626853,-3400.43714523357,3553.7059079294886,9237.785947775566,6468.926856165946,-1568.2079751130098,8037.467873239716,-5394.399940374556,10097.379474522653,-1922.012838044028,-8846.412085294209,-14687.20249209207,-18494.946117657313,-4733.308130809643,-16662.552653645307,28469.364165653467,22941.069391091187,322.89718195055934,-6463.906054500947,-9075.56383681648,17249.45929556202,6168.739613331364,-1474.7313299766342,8155.899385265413,19886.854589475046,69.54146595386231,20950.35598289534,8611.273256901224,-14160.158671778905,-8740.029874735092,-44104.884916831434,-6296.99546341428,-2967.1482449973564
-60407.182622857086,8388.384413702954,-616.660173232879,4946.180610452208,35032.69974785875,-35807.594986680866,14144.636448636664,25751.945091424088,16237.676258919173,44873.23052933782,11015.373504742096,940.6736492502893,-42181.06809339733,74642.25207965131,31103.874987800973,-51111.38333138615,43769.01939520756,24322.54467450554,106500.29721181926,-14408.151398817541,47274.402474907074,4664.22946235346,64113.8630578519,106857.29622427106,-9396.918378309265,9821.182802450721,25528.914119817066,17876.82964733023,-4333.969902780839,22211.763183809086,-14907.59464223164,27904.583319507336,-5311.437617411541,-24447.19202138691,-40588.46470142473,-51111.754530588536,-13080.970291973117,-46047.650961120846,78676.13910996496,63398.43075769522,892.631547242068,-17862.793993870324,-25080.412002830675,47669.15519658026,17047.27148455792,-4075.5284495703995,22539.42297703275,54957.98136340627,192.0236862565525,57896.84129873991,23797.67577210303,-39132.30684636407,-24153.4471465576,-121885.49466259888,-17402.198799844064,-8199.923949633137
-14828.507003411885,2059.3882816401815,-152.03844203167782,1214.0526256856301,8599.896971513044,-8791.309818197315,3472.337013824705,6321.731728583722,3985.9319375405,11015.373504742096,2704.8463316352654,231.31333074718577,-10355.579268062995,18324.78680267729,7635.7308946181665,-12546.951005321018,10744.272166824569,5970.321881089932,26144.639335558993,-3537.801315007504,11605.28075160389,1144.7398178205535,15740.115023248036,26232.77216711327,-2305.9854437421677,2411.636465065491,6266.993090678993,4388.055842189156,-1064.6401325396587,5452.653932767995,-3658.9593538727727,6850.645847618258,-1303.4330979481017,-6001.593649115324,-9963.318124515497,-12547.804801635324,-3212.1199481262693,-11304.529863093796,19313.47438251134,15562.995765254946,219.99429689430613,-4383.965821462183,-6156.479876670893,11701.427582346922,4184.119107277167,-1000.8122694737654,5534.055247851087,13491.132124519538,47.003410485529905,14212.701894109705,5842.608046579968,-9607.079947174625,-5929.223351285914,-29921.296906036132,-4272.635635453669,-2012.9377991781632
-1266.2842577290737,175.98670849277931,-13.353461936418897,103.57334296178668,734.4959516449434,-751.2689464554861,296.69257121549686,539.9633861841285,340.2880353350026,940.6736492502893,231.31333074718577,20.017730502076063,-884.8812170897203,1565.6969804940002,652.261249565969,-1071.5941774734654,917.6222264661822,509.7164334634058,2233.254363182694,-302.561134577123,991.3086998894294,97.65503814937875,1344.9365645478483,2241.0571109961775,-196.54930704312616,206.37916810937668,535.2863703113601,374.5598752660664,-91.26153835667724,465.7149106561549,-312.29433626295764,585.3612115319236,-111.17819339516656,-512.5533248474867,-850.7242158855189,-1072.0552791566872,-274.7448735136027,-965.7497789104096,1649.484172051943,1329.0980652116257,19.209662947825546,-373.92399611173653,-525.6347620788912,999.069519973066,356.9988083429693,-85.58620216252763,473.1620432401209,1152.211739580709,3.886359072130046,1213.8033305083316,499.31563500728384,-820.8485428724256,-506.4056364135868,-2555.764505074085,-365.220603074771,-171.9461807216146
56783.023145156374,-7885.42697216448,580.6569689029772,-4649.174335133334,-32931.1513712175,33661.052325410084,-13296.354110931701,-24207.270224642423,-15263.298307093866,-42181.06809339733,-10355.579268062995,-884.8812170897203,39652.07418623516,-70166.66381206772,-29238.465337384245,48045.348570023125,-41143.18469955385,-22862.88119324886,-100112.5467768396,13545.094930543024,-44438.907103588586,-4384.074065315784,-60269.67881241891,-100448.87752461973,8832.094832486195,-9233.133508644945,-23997.595176151615,-16803.7951492315,4074.9560718121575,-20879.364345636463,14012.607804673962,-26231.413906083617,4992.2047510005195,22980.89478831576,38153.1049936219,48046.85383683303,12297.668956358497,43286.231681451216,-73956.49644400497,-59595.12646429629,-840.3076256385161,16789.73634493617,23575.37810229196,-44808.8323837971,-16023.695467489684,3831.5226570655936,-21188.747629923073,-51661.10233267993,-180.25916281357988,-54423.728161819236,-22371.020667001052,36785.97995688421,22704.586204231295,114574.68427017328,16359.298123356024,7708.117798115541
-100481.32975329661,13953.761278142476,-1027.31145190944,8227.1304100626,58273.84950944117,-59565.36212516719,23528.661092451195,42836.340376839136,27009.56093091263,74642.25207965131,18324.78680267729,1565.6969804940002,-70166.66381206772,124164.22060255265,51739.29470886006,-85019.41231490196,72805.52987295137,40457.47402733955,177155.6314139314,-23968.708367141004,78637.49337387123,7757.97453452331,106650.85918238436,177750.63878110427,-15629.159448647895,16338.394041599873,42465.3358586575,29735.59419934146,-7210.789681182426,36947.44219920608,-24796.25789340021,46418.12315784087,-8834.133425588007,-40666.25657922047,-67514.48498146204,-85021.83217082046,-21761.300255287908,-76597.7340349586,130870.81268028881,105457.46768442437,1486.7898139691333,-29710.82304603025,-41718.319169769,79292.34272866989,28355.126992224697,-6780.066448904381,37494.68699069849,91417.71786811604,319.06065317310834,96306.44601957985,39586.90642851669,-65095.03447526009,-40177.2009084519,-202747.3208136403,-28948.680924520642,-13639.948753582887
-41871.23001528431,5814.512770294069,-427.8124020167351,3428.3410368349437,24282.995188361412,-24820.722657079026,9804.459517126934,17850.078248359463,11255.068398303707,31103.874987800973,7635.7308946181665,652.261249565969,-29238.465337384245,51739.29470886006,21559.927812628426,-35428.00506270506,30338.495925305026,16858.990076669877,73821.3344625316,-9987.552695860923,32768.52705732475,3232.8781907982157,44441.42507929606,74069.07347697983,-6513.070477373003,6807.998872776707,17695.46593614663,12391.106472472022,-3004.472917646401,15396.144781173123,-10332.950945317807,19342.42441752255,-3681.363340734204,-16945.775627733503,-28133.807464493642,-35428.72068862451,-9067.69029898483,-31918.404034701245,54534.5747971654,43944.74666407455,619.2034299368306,-12381.042625537842,-17384.34271682408,33041.73220287666,11816.011226491171,-2825.1779807776184,15623.786956112821,38094.244221352026,133.0255697004753,40131.36380798645,16495.765796451677,-27125.129986116648,-16742.056901370583,-84485.57461318675,-12062.799044647016,-5683.844275000551
68804.81064434502,-9554.586766288396,702.6187559769388,-5633.723691107653,-39902.90289638909,40785.8807526412,-16111.059287834829,-29331.98335125591,-18494.9494665463,-51111.38333138615,-12546.951005321018,-1071.5941774734654,48045.348570023125,-85019.41231490196,-35428.00506270506,58216.839515578424,-49853.68178676173,-27703.695900228533,-121306.07901516947,16411.452826066725,-53846.52733722459,-5312.562843002733,-73027.33814339037,-121712.88380158084,10703.005026336483,-11186.77147100115,-29077.939519880274,-20361.897741681696,4936.704222634943,-25299.62632427031,16979.857792190105,-31784.030306627843,6049.684865194342,27845.87558478287,46230.89866209222,58217.527755541625,14899.797741112812,52449.349819985466,-89613.59727230771,-72211.96642833734,-1017.0138628562177,20345.70823859126,28566.943269338542,-54295.89235146407,-19416.94103138533,4642.218976354832,-25673.16252007225,-62598.16291075604,-218.66228267850155,-65945.59440689019,-27106.219157464195,44572.70453883522,27511.24244972026,138830.07581145852,19821.671402175034,9339.888057966165
-58920.758352652054,8181.989331909565,-601.5693155168675,4824.417554288942,34170.66995329357,-34926.360233299376,13796.69161268331,25118.275443053626,15838.024280780981,43769.01939520756,10744.272166824569,917.6222264661822,-41143.18469955385,72805.52987295137,30338.495925305026,-49853.68178676173,42692.1227288513,23724.048515796956,103879.66846314161,-14053.635723305215,46111.16026659366,4549.451968015275,62536.269395943236,104227.94038817963,-9165.640538034733,9579.614426146705,24900.72903961722,17436.896771831794,-4227.3287966388425,21665.19682627517,-14540.845131188684,27217.952127720964,-5180.797652822763,-23845.460992845765,-39589.69071080183,-49854.10361180457,-12759.056247849696,-44914.53677972971,76740.21340130815,61838.399287719294,870.6957751400566,-17423.209188195106,-24463.23057204739,46496.069660697976,16627.740223896653,-3975.1850230932987,21984.858715100294,53605.65162614059,187.21986772009964,56472.08943675835,23212.090970120917,-38169.36004097196,-23559.13000271438,-118886.3090696119,-16973.976518203202,-7998.180436495512
-32742.409244973493,4546.655773458117,-333.98889027488855,2681.0231625828196,18988.643914414555,-19408.194773230054,7666.730895933204,13958.192256976792,8801.30268365407,24322.54467450554,5970.321881089932,509.7164334634058,-22862.88119324886,40457.47402733955,16858.990076669877,-27703.695900228533,23724.048515796956,13183.62618835479,57725.66701677921,-7809.250192497936,25623.85853529273,2528.2331075439624,34750.8738370272,57918.97526072465,-5093.68156528441,5323.056202047256,13837.304938138106,9689.872246158304,-2348.847034412027,12039.339193829006,-8080.5316979000845,15124.796724267479,-2879.120285102721,-13250.910266544464,-22000.16346942852,-27703.589663046514,-7089.829853185895,-24958.77258219089,42644.55250660807,34363.66310847671,483.4910341432912,-9682.513310861115,-13594.370085042276,25838.11644920918,9240.32484078448,-2208.8982472689618,12216.565189203913,29788.6866522388,104.13094597272442,31381.57551678636,12898.696767646548,-21210.41001731244,-13091.796305647185,-66064.89366606266,-9432.159882609678,-4444.56214718451
-143367.82933019605,19909.01304542702,-1464.6405433825175,11738.818753924297,83145.44240279305,-84986.2458897253,33570.63530268863,61118.951099245474,38537.67458277693,106500.29721181926,26144.639335558993,2233.254363182694,-100112.5467768396,177155.6314139314,73821.3344625316,-121306.07901516947,103879.66846314161,57725.66701677921,252765.35341310647,-34197.165302375666,112199.91215013296,11069.548864911103,152167.7392418615,253613.4553204423,-22301.08883258643,23310.450161058892,60589.62028356643,42427.636020944694,-10287.210007087917,52716.74077303606,-35380.357444287045,66228.68654836739,-12605.377094920765,-58022.39288750129,-96330.6527480016,-121308.17329623843,-31047.402440115355,-109288.92835637377,186727.20582052428,150467.45007425343,2119.896818280805,-42393.35091733176,-59524.49968058713,113135.53988869308,40458.3461387806,-9673.208437190446,53495.93081792406,130435.34961139671,455.4682797562229,137410.43875343885,56481.67577935754,-92876.51710948999,-57324.98829036978,-289279.88857401354,-41302.87284487222,-19461.46759705899
19395.819243400143,-2693.6513570354223,198.82488149741044,-1587.9475071151612,-11248.690085872053,11498.81202567481,-4541.884352832386,-8268.838655198317,-5213.548081688692,-14408.151398817541,-3537.801315007504,-302.561134577123,13545.094930543024,-23968.708367141004,-9987.552695860923,16411.452826066725,-14053.635723305215,-7809.250192497936,-34197.165302375666,4627.385490947812,-15179.729340658461,-1497.3462853797698,-20587.98244869678,-34312.41544241453,3016.3250218200806,-3154.4056079764878,-8197.212960470048,-5739.57976038605,1392.4367628349316,-7132.050295675099,4786.06486068417,-8960.581766771811,1704.943717309114,7850.015404020108,13032.133790383696,16412.52271404917,4201.358753807693,14786.258193043159,-25262.174397801566,-20356.523917608047,-287.6525828420022,5734.333021031182,8052.6896569191495,-15305.534169935238,-5472.928733299177,1309.0241372960293,-7238.421960212021,-17646.472545983746,-61.46370831953433,-18590.196110377587,-7642.023665302127,12566.006132840856,7755.488908041982,39137.09191526623,5588.551015649666,2632.979656735463
-63639.55063415427,8837.392130038585,-650.1106672777984,5210.736542074162,36907.41350816905,-37724.422896064134,14901.675722908009,27130.07280297672,17106.464242252896,47274.402474907074,11605.28075160389,991.3086998894294,-44438.907103588586,78637.49337387123,32768.52705732475,-53846.52733722459,46111.16026659366,25623.85853529273,112199.91215013296,-15179.729340658461,49804.38726803422,4913.670876159331,67545.63552431365,112576.354062939,-9899.269328827577,10347.245026124192,26895.103119598334,18833.200702341786,-4566.334914586763,23400.411795627304,-15705.037444395546,29398.19715036248,-5595.422251146602,-25755.51154915405,-42760.22742336862,-53847.43001104993,-13781.57386020922,-48512.19595932474,82886.33016765797,66790.99359834424,940.947730109032,-18818.025538501264,-26422.324188105275,50219.73150446258,17959.089140510547,-4293.814634888258,23746.231463019623,57898.92923334195,202.17583225779788,60995.07301829925,25071.585365613813,-41226.89210151727,-25445.991588418565,-128408.35905586008,-18333.886925257415,-8638.760690016796
-6278.878630539887,871.8484363529133,-63.903034633789964,514.1635922610453,3641.336564942538,-3721.5638738474822,1470.173510566105,2676.657650233224,1687.8138442727216,4664.22946235346,1144.7398178205535,97.65503814937875,-4384.074065315784,7757.97453452331,3232.8781907982157,-5312.562843002733,4549.451968015275,2528.2331075439624,11069.548864911103,-1497.3462853797698,4913.670876159331,484.8772247503427,6663.683181747374,11106.510206237304,-976.9497458882048,1020.6106211629613,2653.477665928164,1858.2600329489053,-450.2791468501317,2308.702904311408,-1549.6619841487034,2900.275403612498,-552.204251411452,-2541.0047249062927,-4218.916533053029,-5312.371387282119,-1359.3628971402843,-4786.056035874802,8177.689209151174,6589.732756670004,92.53571102300155,-1856.9788001264765,-2606.982766672741,4954.923943138793,1772.0992674430681,-423.5149800626335,2342.486176154952,5712.403484644583,20.001895236767435,6017.846661784146,2473.365977731679,-4067.219631303102,-2510.526361751769,-12668.731886958833,-1808.5946017919828,-852.2949976647211
-86308.29179563586,11985.605549376522,-882.5100472561389,7066.656460085601,50054.27637896643,-51163.68498302358,20209.976875857545,36794.24485177091,23199.795126381843,64113.8630578519,15740.115023248036,1344.9365645478483,-60269.67881241891,106650.85918238436,44441.42507929606,-73027.33814339037,62536.269395943236,34750.8738370272,152167.7392418615,-20587.98244869678,67545.63552431365,6663.683181747374,91607.79547298342,152678.8943682383,-13424.548967890216,14033.957953536401,36475.57684787201,25541.32166565068,-6193.785225428287,31735.984170201013,-21298.688352797995,39870.87387526092,-7588.072875533849,-34930.18392197995,-57991.435866314125,-73029.50203673475,-18691.906216235686,-65793.59918498571,112411.34590615706,90582.54998570368,1277.1786438979593,-25519.97792492137,-35833.87768940358,68107.98095888342,24355.507496523416,-5823.728066981159,32206.170032583283,78523.15580981919,274.00459455825137,82722.2922871408,34003.21910652199,-55913.37111458352,-34510.16232938857,-174149.68607720605,-24865.492581047743,-11716.020797817433
-143848.37216841473,19975.907391459048,-1470.025667526167,11778.051416047205,83424.26986370987,-85271.92852518489,33683.33455799795,61323.973065502425,38666.76664626853,106857.29622427106,26232.77216711327,2241.0571109961775,-100448.87752461973,177750.63878110427,74069.07347697983,-121712.88380158084,104227.94038817963,57918.97526072465,253613.4553204423,-34312.41544241453,112576.354062939,11106.510206237304,152678.8943682383,254464.75762562105,-22375.34075293624,23389.143237491433,60792.8653984964,42569.636810977914,-10322.175822085448,52893.556103596406,-35498.67099990314,66451.15501779033,-12647.403000277607,-58217.03690238222,-96653.41474714801,-121715.50830968341,-31152.128146323183,-109655.82473495306,187353.34984257174,150971.92439361996,2127.5838941030374,-42534.82897887911,-59723.88749119754,113514.5582416426,40593.556206411195,-9705.841273706606,53676.02010312044,130872.72495238061,456.86251373887023,137871.21912243412,56671.53202721085,-93188.47831771936,-57517.23257966093,-290250.37065021676,-41441.83125843072,-19526.75704696024
12649.969758798798,-1756.383282784089,128.4572517973697,-1035.9289223024066,-7336.044813603653,7497.264527523174,-2961.8236935324608,-5392.5170716762705,-3400.43714523357,-9396.918378309265,-2305.9854437421677,-196.54930704312616,8832.094832486195,-15629.159448647895,-6513.070477373003,10703.005026336483,-9165.640538034733,-5093.68156528441,-22301.08883258643,3016.3250218200806,-9899.269328827577,-976.9497458882048,-13424.548967890216,-22375.34075293624,1968.5466845667052,-2055.877366637175,-5345.804938620173,-3743.8973217747875,906.8629674154121,-4651.212990437623,3122.2511194862673,-5842.829841244293,1112.612371284114,5119.249217029818,8499.876128046908,10702.3318024124,2738.334413619018,9642.042508153128,-16475.320970682045,-13276.177576719656,-186.07899700980863,3741.566519980096,5252.295741831325,-9982.728830606464,-3570.476462129478,853.1499854185719,-4718.869217488377,-11508.576827944791,-40.387404944957204,-12123.931896828732,-4982.699899226506,8193.7921642206,5057.8764110305865,25522.95187046011,3643.461227762028,1717.0927177857702
-13220.975035031908,1836.1647622311255,-135.70825146740503,1082.3551727571135,7667.615909667878,-7838.251907932716,3096.038569031642,5636.428421072621,3553.7059079294886,9821.182802450721,2411.636465065491,206.37916810937668,-9233.133508644945,16338.394041599873,6807.998872776707,-11186.77147100115,9579.614426146705,5323.056202047256,23310.450161058892,-3154.4056079764878,10347.245026124192,1020.6106211629613,14033.957953536401,23389.143237491433,-2055.877366637175,2150.3837094377172,5587.606417941463,3912.260437257889,-949.2940772544217,4861.534949483903,-3262.326817316707,6108.053077540316,-1162.1313901248209,-5350.855481129612,-8883.179541664442,-11187.674880574383,-2863.98411451201,-10079.07343120136,17219.81708426099,13875.864648004437,196.26451889533786,-3908.5618242583946,-5488.995793222369,10432.767449037858,3730.4214146227837,-892.3123432402984,4934.273992616272,12028.612752288911,41.81666066953607,12671.850762389593,5209.283825148237,-8565.677097953281,-5286.490238742459,-26677.709584882585,-3809.5251169893018,-1794.7701687011809
-34366.328347228,4772.323839737712,-351.01999655151286,2813.906003748032,19930.568420118627,-20371.718392732106,8047.111076379597,14650.64532340782,9237.785947775566,25528.914119817066,6266.993090678993,535.2863703113601,-23997.595176151615,42465.3358586575,17695.46593614663,-29077.939519880274,24900.72903961722,13837.304938138106,60589.62028356643,-8197.212960470048,26895.103119598334,2653.477665928164,36475.57684787201,60792.8653984964,-5345.804938620173,5587.606417941463,14523.768909425704,10170.26586695794,-2465.858106405618,12636.589038961714,-8480.975550900452,15875.447676245345,-3021.656524410595,-13908.35507335257,-23091.180117408392,-29078.35660597028,-7442.175454325433,-26197.284616211564,44759.8508697227,36068.13288452807,508.07191401677653,-10162.103206661395,-14268.496085681316,27119.4503579685,9698.214006746177,-2318.692809840815,12823.276479833832,31266.298202637012,109.1904486031157,32938.27339811827,13539.012711082098,-22263.083504441976,-13741.202199392863,-69342.42418214172,-9900.517803128701,-4665.03965374978
-24065.312419125527,3341.7303472695216,-245.375649748108,1970.5756020793183,13956.441590968132,-14264.727627595563,5634.911726429715,10259.100368384052,6468.926856165946,17876.82964733023,4388.055842189156,374.5598752660664,-16803.7951492315,29735.59419934146,12391.106472472022,-20361.897741681696,17436.896771831794,9689.872246158304,42427.636020944694,-5739.57976038605,18833.200702341786,1858.2600329489053,25541.32166565068,42569.636810977914,-3743.8973217747875,3912.260437257889,10170.26586695794,7122.037384825928,-1726.3101605590061,8848.793290602034,-5939.126028238036,11116.500421749337,-2116.186775658136,-9739.268265227385,-16169.895072468567,-20361.68844863943,-5210.802216421047,-18344.345165797055,31343.218086533896,25256.878577621414,355.25476182264566,-7116.690949829952,-9991.778277792046,18990.795784210277,6791.6068585405255,-1623.4674898701255,8978.930182749846,21894.341204356457,76.56839006614733,23065.124375814423,9480.342026825394,-15589.298423483078,-9622.289162559164,-48556.866543027114,-6932.425861541902,-3266.6646167192057
5834.174875729859,-810.4013703594978,60.205702514011335,-477.58751611288665,-3383.701996086317,3459.620079593297,-1366.3014366900534,-2487.386847053649,-1568.2079751130098,-4333.969902780839,-1064.6401325396587,-91.26153835667724,4074.9560718121575,-7210.789681182426,-3004.472917646401,4936.704222634943,-4227.3287966388425,-2348.847034412027,-10287.210007087917,1392.4367628349316,-4566.334914586763,-450.2791468501317,-6193.785225428287,-10322.175822085448,906.8629674154121,-949.2940772544217,-2465.858106405618,-1726.3101605590061,419.29721380192876,-2145.4308580241127,1439.3418122283367,-2695.7641484678643,512.6547207263288,2361.4427405519973,3919.894397136639,4937.451480387794,1264.3222804528937,4448.19384102922,-7598.970834753578,-6123.258093495883,-87.04326556394882,1724.351554281292,2422.1474483383085,-4603.707137499057,-1645.8768423785618,393.9332098761353,-2178.0116252511702,-5308.155772472839,-18.389224143771916,-5592.096123913682,-2299.214271601529,3780.389843042204,2332.8837231037887,11773.093466734163,1681.4642003327674,792.0050756025825
-29900.86192590559,4152.2183106636285,-305.3824003563388,2448.2873148402173,17340.84404154389,-17724.64027455415,7001.481882965725,12746.975210009932,8037.467873239716,22211.763183809086,5452.653932767995,465.7149106561549,-20879.364345636463,36947.44219920608,15396.144781173123,-25299.62632427031,21665.19682627517,12039.339193829006,52716.74077303606,-7132.050295675099,23400.411795627304,2308.702904311408,31735.984170201013,52893.556103596406,-4651.212990437623,4861.534949483903,12636.589038961714,8848.793290602034,-2145.4308580241127,10994.627738925565,-7378.992146123418,13812.617747933793,-2629.0533282103434,-12101.131435989359,-20090.779574290325,-25299.95224189715,-6475.113728494654,-22793.25470787222,38943.862472087814,31381.527353504713,442.023736446285,-8841.710732201309,-12414.504380647359,23595.636925881903,8438.073264670933,-2017.3908795194377,11157.02376563009,27203.63642095288,95.0084888460681,28658.36168091281,11779.771784395132,-19370.24122586687,-11955.697966330172,-60332.22756634667,-8614.037980852114,-4058.8670196172698
20068.31451311051,-2786.611159859906,204.48726338406917,-1643.2508874930268,-11638.332116388572,11894.96061247647,-4699.0270667693185,-8555.080408419675,-5394.399940374556,-14907.59464223164,-3658.9593538727727,-312.29433626295764,14012.607804673962,-24796.25789340021,-10332.950945317807,16979.857792190105,-14540.845131188684,-8080.5316979000845,-35380.357444287045,4786.06486068417,-15705.037444395546,-1549.6619841487034,-21298.688352797995,-35498.67099990314,3122.2511194862673,-3262.326817316707,-8480.975550900452,-5939.126028238036,1439.3418122283367,-7378.992146123418,4952.910029719992,-9269.911866237257,1764.800029186908,8121.468842673316,13484.29259029069,16979.552780233058,4345.0786098238195,15297.227910183597,-26137.360553303704,-21061.936265972818,-296.01159117344446,5934.8652896067715,8332.214596502112,-15836.600137558125,-5663.741019076877,1353.7167193497469,-7487.263784335372,-18257.81768686334,-63.84911498584555,-19234.02390678314,-7905.4538986544985,12999.777129820759,8024.126945041948,40491.6235255524,5780.813790327732,2724.145364693258
-37564.340922223586,5216.565628880882,-384.09410207800244,3075.6699239888208,21785.363294697585,-22268.228346202224,8796.079054534941,16014.132823381853,10097.379474522653,27904.583319507336,6850.645847618258,585.3612115319236,-26231.413906083617,46418.12315784087,19342.42441752255,-31784.030306627843,27217.952127720964,15124.796724267479,66228.68654836739,-8960.581766771811,29398.19715036248,2900.275403612498,39870.87387526092,66451.15501779033,-5842.829841244293,6108.053077540316,15875.447676245345,11116.500421749337,-2695.7641484678643,13812.617747933793,-9269.911866237257,17353.201038991534,-3302.6238636403577,-15202.815078424714,-25239.863056049195,-31784.941206758973,-8135.325343449938,-28635.649882197806,48925.2827637505,39424.631792083106,555.8734053487289,-11107.206901548505,-15596.169101284935,29642.948618653485,10600.347949294925,-2534.6696326859615,14017.26349202627,34175.996328423826,119.25234252065931,36003.611561918384,14799.40039248685,-24335.41410740901,-15019.996836068074,-75795.9802121101,-10822.298911195561,-5099.195734397513
7150.130291511717,-992.8138273588007,72.69163981647235,-585.529768309653,-4146.599716914179,4237.710971081807,-1674.1941091897645,-3048.0390353514726,-1922.012838044028,-5311.437617411541,-1303.4330979481017,-111.17819339516656,4992.2047510005195,-8834.133425588007,-3681.363340734204,6049.684865194342,-5180.797652822763,-2879.120285102721,-12605.377094920765,1704.943717309114,-5595.422251146602,-552.204251411452,-7588.072875533849,-12647.403000277607,1112.612371284114,-1162.1313901248209,-3021.656524410595,-2116.186775658136,512.6547207263288,-2629.0533282103434,1764.800029186908,-3302.6238636403577,628.962599291536,2893.4402861071862,4804.336398302783,6049.331966492121,1547.7506791039614,5450.009155834442,-9312.362957339765,-7504.064914363617,-105.24243858084553,2114.828861396137,2968.7778580610257,-5642.463730889229,-2018.0552556578873,482.16688277476544,-2667.3962045927556,-6505.026258123262,-22.758692192538884,-6852.7917188858255,-2816.463152605887,4631.381143225194,2858.852839989012,14426.469940180556,2059.387858659697,970.5357492908283
32910.14291300837,-4570.092147955934,336.1450749777833,-2694.6811506940767,-19086.040113357558,19508.801177118054,-7706.03221970858,-14029.8775922768,-8846.412085294209,-24447.19202138691,-6001.593649115324,-512.5533248474867,22980.89478831576,-40666.25657922047,-16945.775627733503,27845.87558478287,-23845.460992845765,-13250.910266544464,-58022.39288750129,7850.015404020108,-25755.51154915405,-2541.0047249062927,-34930.18392197995,-58217.03690238222,5119.249217029818,-5350.855481129612,-13908.35507335257,-9739.268265227385,2361.4427405519973,-12101.131435989359,8121.468842673316,-15202.815078424714,2893.4402861071862,13319.290864671339,22112.772761586675,27846.3524480143,7127.075363550334,25087.379669813326,-42863.286474106055,-34539.89330025842,-486.6292251210275,9731.375079283054,13663.863497501796,-25970.409952321672,-9287.278619248318,2220.6032571699957,-12279.957499376442,-29941.473988389353,-104.64598065279013,-31542.727200727964,-12965.392027346405,21319.93838169984,13158.974903905462,66404.29830511214,9481.165088710331,4467.383091830906
54639.210725865436,-7587.321761910063,557.5751999920063,-4473.908388004375,-31687.51370826474,32388.06802908036,-12793.970931493717,-23292.935879951954,-14687.20249209207,-40588.46470142473,-9963.318124515497,-850.7242158855189,38153.1049936219,-67514.48498146204,-28133.807464493642,46230.89866209222,-39589.69071080183,-22000.16346942852,-96330.6527480016,13032.133790383696,-42760.22742336862,-4218.916533053029,-57991.435866314125,-96653.41474714801,8499.876128046908,-8883.179541664442,-23091.180117408392,-16169.895072468567,3919.894397136639,-20090.779574290325,13484.29259029069,-25239.863056049195,4804.336398302783,22112.772761586675,36712.94736552296,46231.039772936565,11831.677950488187,41650.505190949414,-71163.65076050568,-57344.79812335652,-807.1347130877206,16157.398523591031,22685.616757163698,-43117.5333782627,-15419.705849620708,3686.305904384292,-20386.85038658746,-49710.224316863874,-173.7457235347943,-52368.42560364598,-21525.062137882796,35395.47564101772,21847.136895175154,110246.81346068071,15740.339812916096,7416.96536126673
68805.27395610415,-9554.87296878878,703.326434480688,-5633.587685429268,-39903.359560226585,40787.39898307413,-16111.402476034204,-29332.412009821426,-18494.946117657313,-51111.754530588536,-12547.804801635324,-1072.0552791566872,48046.85383683303,-85021.83217082046,-35428.72068862451,58217.527755541625,-49854.10361180457,-27703.589663046514,-121308.17329623843,16412.52271404917,-53847.43001104993,-5312.371387282119,-73029.50203673475,-121715.50830968341,10702.3318024124,-11187.674880574383,-29078.35660597028,-20361.68844863943,4937.451480387794,-25299.95224189715,16979.552780233058,-31784.941206758973,6049.331966492121,27846.3524480143,46231.039772936565,58219.03261661405,14900.949640349,52450.58043648508,-89614.6028407176,-72212.6731129317,-1017.8881962955815,20344.8828564739,28566.917458485346,-54295.984062761796,-19416.4908410265,4642.597950931193,-25674.467694863473,-62598.83542780381,-218.4887260540307,-65946.35445167108,-27107.187455322975,44574.01378321373,27511.591510514896,138832.2750844093,19822.61547206542,9340.051689275631
17609.203054364563,-2445.558579020214,180.62961816537475,-1441.652158737867,-10212.557505923292,10439.939415650522,-4123.510634683897,-7507.209710344737,-4733.308130809643,-13080.970291973117,-3212.1199481262693,-274.7448735136027,12297.668956358497,-21761.300255287908,-9067.69029898483,14899.797741112812,-12759.056247849696,-7089.829853185895,-31047.402440115355,4201.358753807693,-13781.57386020922,-1359.3628971402843,-18691.906216235686,-31152.128146323183,2738.334413619018,-2863.98411451201,-7442.175454325433,-5210.802216421047,1264.3222804528937,-6475.113728494654,4345.0786098238195,-8135.325343449938,1547.7506791039614,7127.075363550334,11831.677950488187,14900.949640349,3814.6425471203947,13424.453535344854,-22935.264665774506,-18481.47630302485,-261.3351904821817,5205.899183034924,7310.873132002771,-13895.671623243841,-4968.70028434392,1188.5656816676594,-6571.870582355043,-16021.036092945998,-55.806232856983684,-16877.896923068827,-6938.247585451791,11408.757964136026,7041.141538038035,35532.2855226534,5073.974906932769,2390.4684595221497
