V1,V2,V3,V4,V5,V6,V7,V8,V9,V10,V11,V12,V13,V14,V15,V16,V17,V18,V19,V20,V21,V22,V23,V24,V25,V26,V27,V28,V29,V30,V31,V32,V33,V34,V35,V36,V37,V38,V39,V40,V41,V42,V43,V44,V45,V46,V47,V48,V49,V50,V51,V52,V53,V54,V55,V56
23.519086006449367,39.54917837756553,2.8651257060505793,-44.300311429045436,-2.9325546941449936,-34.78136587671427,-36.029314564411656,-119.85726110465698,-10.790569038083994,-7.607705910277835,44.524253168103485,-33.253041173732875,58.909895637878726,6.149879480969252,-51.20187485869087,-46.80149372559155,-14.649823878269963,-27.28254843947459,40.41276035308078,26.381231578521582,50.9121296106214,-55.447174473375384,-41.82511626135745,-27.459526561831677,-21.998988655710786,-43.91117527571628,-93.65353240539852,-64.2556491780182,84.62258205455828,40.15075015589202,-81.30187335541059,-58.969990736289986,1.1131002470253226,7.190276146713044,36.78167499517917,9.300238219608056,-6.459226356424091,12.977079493014783,-86.61489669134934,32.23588056252193,12.406105329325062,-27.395274943980027,55.66786413774961,24.645486773324055,54.757291445994845,-44.241936497122865,-4.910158838472612,104.4227365474444,-46.77036475452488,-61.8568069464128,12.262418458375635,13.235205222273086,76.30045224552723,52.884873690160646,101.06090862747789,75.97377994014664
39.54917837756553,66.79779593052122,4.883234746841639,-74.435534589874507,-5.054161130273265,-58.73529626008024,-60.68121487825828,-202.10463895428697,-18.42456736311271,-12.822998483642268,75.04636151904351,-56.14411534619959,99.31874291087091,10.314043785522115,-86.40213269758726,-78.69476824459193,-24.767288956995408,-46.16182171885384,68.07293897309026,44.49661846634626,85.72934697878293,-93.50195593375379,-70.68005602206404,-46.3485552093035,-37.04493644063029,-74.14022099943756,-158.06262384004725,-108.23934036568755,142.6882865777765,67.63971824802566,-137.3739276620735,-99.51932044141475,1.8272180963537112,12.091210491988269,62.17141145769957,15.635994139004172,-10.95631510528671,21.884034170126053,-146.1633379674426,54.540626239736845,21.07879300347701,-46.484092562420436,93.95227329184888,41.5516146816863,92.48348797202527,-74.93037278100753,-8.616809867159342,176.05725191617668,-78.99996892502755,-104.42934009300052,20.54807447917719,22.356800768200234,128.66930377964582,89.17303067431706,170.49849090381642,127.89308106387918
2.8651257060505793,4.883234746841639,0.5154171085734597,-5.165118417713418,-0.44231492622039414,-4.547781914955721,-4.529522411686503,-14.717042353852076,-1.2761051456889185,-0.7388820944567273,5.245898689176051,-3.871924524747576,7.018188855815679,0.6758917015418864,-6.172803895170201,-5.583640733861397,-1.8494896829798584,-3.427169707474114,4.913448575260182,3.270907016525954,5.938760605925028,-7.063204650865721,-5.408815731679107,-3.456610950567954,-2.890668048935344,-5.506892748590442,-11.398234943294991,-7.620123207558924,10.713754103672212,4.74019235731892,-9.854384359548874,-7.251573067224168,-0.0810547788733754,0.9322071154090499,4.597299042759625,1.221922843157245,-1.0964064728717489,1.3444795158793925,-10.747225832850468,4.12742526251564,1.6538264971001526,-3.29710253829921,6.583405360285634,2.9885630078531187,6.684329110790691,-5.762334264807314,-1.0314191273599234,12.884709472369623,-5.703312106669098,-7.508493116045423,1.278391549881455,1.4397024098845668,9.476486211166613,6.304898266718375,11.955821646783189,9.262699976173513
-44.300311429045436,-74.435534589874507,-5.165118417713418,83.89957950871468,5.377152609897078,64.9942686265024,67.6739875422586,225.7184643717086,20.37050301806333,14.64074949976618,-84.20649201977463,62.97169294066698,-111.28462046214737,-11.74440110613526,96.58397918051179,88.38345194178008,27.4650428513124,51.241412746656806,-76.09111434011149,-49.703538030801184,-96.35519947060516,103.94866786896183,78.31118925028241,51.49679135615903,41.06303369185115,82.50916592909714,176.56048922068496,121.47884258837014,-158.8191984751159,-75.94351984654014,153.29700219926232,110.98309769275724,-2.4338819826543827,-13.428775754552522,-69.12771515354112,-17.34103732855216,11.6958109625374,-24.81295583423836,162.98151957432654,-60.45313941674105,-23.15610625726263,51.717869789231926,-105.18799671691245,-46.47656923763801,-103.19933970515213,82.77652489994216,8.597974866042154,-196.45500694332992,88.1382547457022,116.66092119334611,-23.47779631145222,-25.2291929726253,-143.49051572673542,-99.88075238518425,-191.0130783458811,-143.15421798342263
-2.9325546941449936,-5.054161130273265,-0.44231492622039414,5.377152609897078,0.45438319433128,4.577014875211736,4.579461596770548,15.167084383188316,1.4394690767195333,0.8767330855372205,-5.521466163304089,4.136679278228448,-7.355099751123752,-0.718985325852699,6.45956775021986,5.776806486250031,1.910238624434765,3.556957575670567,-5.095077991112681,-3.333777491132348,-6.264538072532042,7.143943654704689,5.48159446453997,3.5502079398050115,2.864610211395832,5.6411879796930755,11.846952305910056,7.964069266420627,-10.856246616676552,-4.968899622698014,10.349272517168995,7.5131277866269786,-0.020977812605228147,-0.922481225931738,-4.742341796287901,-1.2030642342284081,0.9757569020007664,-1.5456358025016523,11.03664387139472,-4.223299526532519,-1.6842315667886303,3.5401395119786887,-6.97461454555743,-3.092926892422504,-6.969379083400451,5.872331125350122,0.9286189700485327,-13.266308190715366,5.953739202883537,7.825544957328608,-1.402146539841668,-1.6030016065814896,-9.719886045646323,-6.6193422518517835,-12.637628441651131,-9.511723623703595
-34.78136587671427,-58.73529626008024,-4.547781914955721,64.9942686265024,4.577014875211736,52.38188483601467,53.595346046837214,177.90762399362265,16.12028915769189,10.662549390882809,-65.38227962710144,48.92716497390991,-86.96363304141653,-9.253700108226825,75.7915332006855,69.04290296323678,21.87071401004846,40.84222504278573,-59.82473442440791,-39.16421842123412,-74.76549767770382,82.70969586438903,62.8294365271722,40.971644800273545,32.95887402348073,65.62531137279991,138.65257917519247,94.86047446970011,-126.39405494247303,-59.14083905552391,120.57783114466952,87.57069544320767,-1.1940055149558002,-10.438922720490668,-54.68385164396839,-14.082606938972884,10.44764914101766,-18.618432728794755,128.63375669727682,-48.38889129536514,-18.938295000133234,40.72382172410109,-81.93974561438073,-36.452245764808985,-81.40475638339335,66.69364214910111,8.421588787131864,-155.208234754564,69.42915268386491,91.76275023355227,-17.716050803976223,-19.02968590736224,-113.52882507340685,-78.07627106696138,-149.05361700641646,-112.5040418010144
-36.029314564411656,-60.68121487825828,-4.529522411686503,67.6739875422586,4.579461596770548,53.595346046837214,55.36651846859159,183.81013080254039,16.542087566126504,11.457490863642455,-68.08942177555822,50.81592108190185,-90.1722595200113,-9.459176704265618,78.39526523491853,71.6616758633851,22.48191738161211,41.94262188140921,-61.94238318829573,-40.451411513811074,-77.81300135024776,85.25800166043119,64.39705822659218,42.21673316284354,33.90677521182248,67.45327942636166,143.55692200966706,98.35016975188715,-130.05916044645346,-61.407890590540035,124.61670604237078,90.45927537368604,-1.5077035803817083,-11.005992433882497,-56.43685352008969,-14.33145394584773,10.186602096063067,-19.715329400658085,132.8796467112923,-49.572095841422595,-19.168735409596717,41.97897766451826,-85.11743014944227,-37.763911189014216,-83.96735938163782,68.15855404811072,7.918896432219375,-160.18599720345546,71.72032059645773,94.82769780907,-18.58162888345778,-20.09935409500745,-117.10267778299472,-80.92077218332037,-154.59692333097465,-116.45577252676468
-119.85726110465698,-202.10463895428697,-14.717042353852076,225.7184643717086,15.167084383188316,177.90762399362265,183.81013080254039,612.1610190357167,55.577303365616864,38.57927754801704,-227.05987591920604,169.91745998821708,-300.7858024216268,-31.681589454585634,261.57940310226456,238.60499955339853,74.88366056236103,139.73524712745228,-206.11289671665895,-134.7961411472379,-259.62389921365485,283.01622809245237,214.02863654625244,140.24382093560536,112.14010072761884,224.64007612256412,478.35639920088113,328.09339081117145,-432.338738635561,-204.925100747177,415.72826383029354,301.23343043195297,-5.5697360358027375,-36.2790494365102,-187.96232792574764,-47.5172214100273,33.39349734262357,-66.06221627290057,442.4255864058354,-165.13605075422694,-63.85991047570094,140.51771336358863,-284.1397355657298,-125.80674459385143,-280.103620813107,226.78249144407144,25.88581186724924,-533.2733415976564,239.1281904510879,316.24675448855277,-62.45027332206233,-67.37802513933178,-389.7474092841301,-270.0227479222363,-516.1434834091641,-387.5668935933298
-10.790569038083994,-18.42456736311271,-1.2761051456889185,20.37050301806333,1.4394690767195333,16.12028915769189,16.542087566126504,55.577303365616864,5.318213193755205,3.568188941754011,-20.660901470148833,15.60789287939748,-27.406008150025333,-2.9084800218207807,23.88475838502033,21.53755929726969,6.844973914531042,12.817218571756932,-18.68161727089236,-12.209208713861745,-23.61350132182912,25.544163927606707,19.45176088745058,12.743526363246998,10.024683983587687,20.456550664252337,43.5733483593906,29.835349560470046,-39.09515699197897,-18.637689888810915,38.09410816863445,27.427118016214006,-0.5869221491182505,-3.1836962022267157,-17.143578436546424,-4.25991893301854,2.95847573673623,-6.11259064991141,40.16969093422157,-15.097053604665774,-5.910910657189332,13.084032830124176,-25.99458650026371,-11.426149467180242,-25.62142644688596,20.762300776899774,2.44669049220346,-48.396366077717715,21.866622757723373,28.883140670824616,-5.6796825885487765,-6.213167623664387,-35.34981012902078,-24.61843232414022,-47.195700478380004,-35.01223252861907
-7.607705910277835,-12.822998483642268,-0.7388820944567273,14.64074949976618,0.8767330855372205,10.662549390882809,11.457490863642455,38.57927754801704,3.568188941754011,3.058745850036928,-14.946329646047857,11.107153346445651,-19.331834727142773,-1.6552988022766255,16.732582469138723,15.203034862680502,4.711333746547417,8.623889599882046,-13.143455108943655,-8.487699154327933,-16.959575575179095,17.601541115917943,12.990016340977776,8.73516184302936,6.850224312548373,13.788892070919402,30.607331993200592,20.920565385578037,-26.576403594787358,-13.234132028747222,26.50837652252407,19.061029302519877,-0.6521976204007449,-2.630504504542595,-11.972156801570314,-2.6893115760431705,1.3748636832487513,-4.760714094667589,28.002923552371627,-10.087520565164587,-3.6305539278490873,8.98773875495457,-18.65802341196495,-8.028053668921446,-17.60270835053867,13.65916049725686,0.9370637592442462,-33.46906708112415,15.155528247025195,19.996792127621912,-4.208379700007233,-4.889465185262263,-24.36945760339013,-17.406651133574343,-33.42644636269577,-24.4936612960663
44.524253168103485,75.04636151904351,5.245898689176051,-84.20649201977463,-5.521466163304089,-65.38227962710144,-68.08942177555822,-227.05987591920604,-20.660901470148833,-14.946329646047857,84.92751036327782,-63.443656040393165,111.98981443798831,11.476648549693701,-97.24399358112245,-88.75557168743977,-27.725316323867155,-51.614330124293055,76.63781487682836,49.95790337300059,96.98622273219422,-104.74208280060273,-78.81752342571097,-51.93361099267318,-41.386817079611944,-82.91508323299672,-177.93051458013804,-122.01720817028219,159.64305742838675,76.36159274855736,-154.49483677808803,-111.81038015031619,2.4058417681273103,13.789817751794873,69.7922699096537,17.31055047323106,-11.586084964602986,25.17054457484435,-164.16761615175213,60.83635869062028,23.25227878768063,-52.21406858533861,106.15758151296728,46.786506662371785,103.81699426677721,-83.37063275298597,-8.782095711817902,197.63003762203633,-88.7832573059842,-117.3840544501253,23.446631749545958,25.648090662510903,144.33778313907928,100.54160730140252,192.3837128927293,143.8842705576998
-33.253041173732875,-56.14411534619959,-3.871924524747576,62.97169294066698,4.136679278228448,48.92716497390991,50.81592108190185,169.91745998821708,15.60789287939748,11.107153346445651,-63.443656040393165,47.56664336674122,-83.83719271833745,-8.763795755186317,72.84406328409428,66.34439061826735,20.7528109695731,38.70865823818391,-57.247827083268966,-37.404242784148224,-72.5351895766261,78.17506475485419,59.01098928632809,38.799148692883435,30.798872172654846,62.17084832853388,133.09657408694184,91.40480477737525,-119.43030191925064,-57.16611759029895,115.75399657062536,83.6473324795706,-1.8756880346008755,-10.08529470264131,-52.191943202377075,-12.987686672173739,8.739902238275318,-18.77670593159893,122.77178458196771,-45.642180551261696,-17.546350810748265,39.26838466218775,-79.41098363851346,-34.995502817641366,-77.85597460960129,62.54225210163378,6.655177916397602,-147.87269798935583,66.50753985708137,87.97055083498617,-17.62262080224606,-19.121529121198133,-107.99497837951074,-75.27259952478758,-144.08199271346822,-107.5597258695941
58.909895637878726,99.31874291087091,7.018188855815679,-111.28462046214737,-7.355099751123752,-86.96363304141653,-90.1722595200113,-300.7858024216268,-27.406008150025333,-19.331834727142773,111.98981443798831,-83.83719271833745,148.13026261663376,15.576445408520165,-128.70894586036982,-117.44109484423747,-36.72779429780465,-68.54469139275363,101.3486714462098,66.20036142692715,128.05831238369134,-138.72511602584115,-104.74589502131947,-68.794236815616145,-54.82981545993997,-110.16003694026298,-235.31799036205138,-161.56873892767751,211.89088080315378,100.97790135050018,-204.5288961810434,-148.0271584719691,3.0443358666278346,17.852879374145605,92.3121870000485,23.16016209488672,-15.885344459745566,32.90208406599452,-217.31336578191096,80.87980481935895,31.148952267014696,-69.1905978611954,140.08807262056104,61.88864116873452,137.67656480495626,-110.93309673035074,-12.111591355312894,261.88829775310273,-117.58494606993058,-155.5296517113783,30.976096811162556,33.486523400470084,191.32443597019576,132.9720305047695,254.34438436648574,190.49597976500473
6.149879480969252,10.314043785522115,0.6758917015418864,-11.74440110613526,-0.718985325852699,-9.253700108226825,-9.459176704265618,-31.681589454585634,-2.9084800218207807,-1.6552988022766255,11.476648549693701,-8.763795755186317,15.576445408520165,2.2773907000597156,-13.441333425634461,-12.49139567012904,-3.731041009180428,-7.3141400919296995,10.528569161210937,6.947531587208915,13.358099161957215,-14.371158545323906,-11.116655013509142,-7.170558539029094,-5.639018692926377,-11.815416957917922,-24.47741558122588,-17.288177215483124,22.474988397138798,10.636725116175702,-21.45227960439958,-15.452153718594179,0.3405006194008593,1.319987807349818,9.384898591768419,2.594947012216668,-1.9834181859599778,3.248517224799942,-22.553552768081854,8.588017750938416,3.5050754892028584,-7.290043162267939,14.288313166213985,6.466111328363876,14.669635553191483,-11.815254221658344,-1.335672865154817,27.551125450783854,-12.380846065185985,-16.506714832712348,3.3591916206267287,3.107650286933329,20.161018930512007,13.886284424447194,26.575575224549294,20.083308973171846
-51.20187485869087,-86.40213269758726,-6.172803895170201,96.58397918051179,6.45956775021986,75.7915332006855,78.39526523491853,261.57940310226456,23.88475838502033,16.732582469138723,-97.24399358112245,72.84406328409428,-128.70894586036982,-13.441333425634461,111.94866678209958,101.95877188430578,32.02324183323065,59.684103798626786,-88.0949881170031,-57.60040166185721,-111.17569923034151,120.72495442272997,91.2609465172323,59.859897462283755,47.728987909310575,95.90265188127023,204.58569571504657,140.32696769300142,-184.42215577270272,-87.70875069274243,177.8843354314509,128.75813885448687,-2.5627847973105466,-15.546741744721167,-80.38627919578948,-20.194046118708105,13.976212969573178,-28.46111583834422,189.07249211039576,-70.50315465577928,-27.204609701073547,60.23680962572856,-121.76891966677235,-53.794021726413405,-119.76612856971703,96.74013114106148,10.817845950088909,-227.8178362455293,102.26607371548337,135.23436541786498,-26.839575006232277,-29.053685549595052,-166.450177214018,-115.58398554298417,-221.03698183180836,-165.5574444626569
-46.80149372559155,-78.69476824459193,-5.583640733861397,88.38345194178008,5.776806486250031,69.04290296323678,71.6616758633851,238.60499955339853,21.53755929726969,15.203034862680502,-88.75557168743977,66.34439061826735,-117.44109484423747,-12.49139567012904,101.95877188430578,93.33100171723846,29.06233547801443,54.30021269053796,-80.44016213919463,-52.488999986922416,-101.5562664741984,110.14278763358672,83.09034743930378,54.58804309136372,43.62065668220042,87.36609004685896,186.49845745873836,128.20446463108422,-168.24109612875188,-80.07884729104539,161.9670468810723,117.35791001805352,-2.3521570141664703,-14.13066113902787,-73.07093475011722,-18.452138835912415,12.70717908580825,-26.007853598795904,172.2779144069765,-64.0587323433025,-24.65398915833351,54.61006809468637,-110.8824249660233,-49.07987330396192,-109.09078960135788,87.86624826354016,9.504195704392925,-207.78430988760496,93.15919773532136,123.26518426433647,-24.57496762459362,-26.39403019416686,-151.80799751289103,-105.38154368088092,-201.47813574765672,-151.2867483955079
-14.649823878269963,-24.767288956995408,-1.8494896829798584,27.4650428513124,1.910238624434765,21.87071401004846,22.48191738161211,74.88366056236103,6.844973914531042,4.711333746547417,-27.725316323867155,20.7528109695731,-36.72779429780465,-3.731041009180428,32.02324183323065,29.06233547801443,9.235860797797107,17.138542739340238,-25.222379145425812,-16.491471654748505,-31.659037325487745,34.72265928882573,26.286597931917598,17.21060102839134,13.780086302727302,27.520501380067717,58.525273322148266,39.978169127885934,-52.96793496592133,-24.990945509108336,50.892396994454224,36.899206845229614,-0.6247815574187682,-4.523064295791327,-23.106353314788223,-5.833030240131508,4.1454207492882835,-8.022640685244125,54.20715051863617,-20.29316481521552,-7.864111110507421,17.236945154917652,-34.78896613596416,-15.380551307186995,-34.26692736173739,27.90760022276181,3.3441445570388746,-65.29267080867625,29.266918986148934,38.65870005819787,-7.546834362100462,-8.248803078006215,-47.71944133382814,-33.0072811859989,-63.07400044045254,-47.33933704027929
-27.28254843947459,-46.16182171885384,-3.427169707474114,51.241412746656806,3.556957575670567,40.84222504278573,41.94262188140921,139.73524712745228,12.817218571756932,8.623889599882046,-51.614330124293055,38.70865823818391,-68.54469139275363,-7.3141400919296995,59.684103798626786,54.30021269053796,17.138542739340238,32.066113177426516,-46.98577167805054,-30.756612807823537,-59.01808767487412,64.66620660090791,49.10883333356275,32.07922730030856,25.6334496963624,51.439941530109714,109.11841799776066,74.76223789262761,-98.88234267131914,-46.65017409054208,94.99722562553978,68.79696718120633,-1.1411025856644033,-8.143717028547071,-42.93937696678703,-10.90898768410599,7.883774057415052,-14.922824631556102,101.00136548392726,-37.90939168101954,-14.783424014980175,32.209184046975665,-64.6894431330811,-28.668109522200893,-64.05780348154228,52.15454671892637,6.30712535809686,-121.79000259355367,54.64434704585241,72.23465766536997,-14.112414775471755,-15.20464939484574,-89.04653476512019,-61.544532219502,-117.63709840937322,-88.32309130626344
40.41276035308078,68.07293897309026,4.913448575260182,-76.09111434011149,-5.095077991112681,-59.82473442440791,-61.94238318829573,-206.11289671665895,-18.68161727089236,-13.143455108943655,76.63781487682836,-57.247827083268966,101.3486714462098,10.528569161210937,-88.0949881170031,-80.44016213919463,-25.222379145425812,-46.98577167805054,69.5464777367107,45.31508111630511,87.58816358624048,-95.37855540408735,-71.95169841747656,-47.29103401855482,-37.83435994001035,-75.50126625411524,-161.17086725753938,-110.47537173337781,145.4591278005735,69.04189522951336,-139.9948287500853,-101.49154643864594,1.9126885222247823,12.397723813103163,63.31624323230414,15.9509838704465,-11.046791182420778,22.4278130190641,-148.9712564276536,55.45355923083632,21.355134391896055,-47.23450256560818,95.86199402107522,42.38816210707478,94.21448144633737,-76.15310368178842,-8.493928035199788,179.59348893438835,-80.50846787426553,-106.42799560957862,21.033273858345627,22.837636347901157,131.20937488374193,90.98759607936135,173.94540495680303,130.5896373263584
26.381231578521582,44.49661846634626,3.270907016525954,-49.703538030801184,-3.333777491132348,-39.16421842123412,-40.451411513811074,-134.7961411472379,-12.209208713861745,-8.487699154327933,49.95790337300059,-37.404242784148224,66.20036142692715,6.947531587208915,-57.60040166185721,-52.488999986922416,-16.491471654748505,-30.756612807823537,45.31508111630511,29.745881579974867,57.111068859483794,-62.286274357822826,-47.141166901360435,-30.820921689342402,-24.65754936095977,-49.484844686360404,-105.3099079310271,-72.2207160908251,95.21750196009607,45.12044733159288,-91.50160131586259,-66.29073640341294,1.212983634606964,7.987691626646354,41.41098602206399,10.456208706982393,-7.395213218152004,14.477618401924987,-97.4735269217891,36.41031183798096,14.075758455264198,-30.948104844742854,62.52775740973632,27.696566212325273,61.6835015991594,-49.968335756464946,-5.762638335982307,117.38906282425471,-52.63599417201345,-69.63088410274716,13.766413738758938,14.831166008531333,85.8197388570814,59.44530507964371,113.59332487228066,85.30793569526057
50.9121296106214,85.72934697878293,5.938760605925028,-96.35519947060516,-6.264538072532042,-74.76549767770382,-77.81300135024776,-259.62389921365485,-23.61350132182912,-16.959575575179095,96.98622273219422,-72.5351895766261,128.05831238369134,13.358099161957215,-111.17569923034151,-101.5562664741984,-31.659037325487745,-59.01808767487412,87.58816358624048,57.111068859483794,110.88650190148338,-119.6299911307322,-90.10307932690539,-59.33494386507471,-47.24612918504952,-94.88208116365004,-203.2908899902429,-139.6474626201761,182.5746309211701,87.33529433908616,-176.5853886533823,-127.78189108326636,2.811148850224775,15.553593486182558,79.65967153468128,19.87758167544127,-13.33108260292253,28.69493774336278,-187.54901179778756,69.56134081911166,26.653505015368523,-59.67893503736378,121.23341887288599,53.48107763464321,118.7572875820024,-95.31685931588106,-9.97101015680018,225.9827188748417,-101.49396057351565,-134.2537927358417,26.90483972401135,29.175943839508445,165.03305669901837,114.94410627549368,219.93429786039627,164.55535100655345
-55.447174473375384,-93.50195593375379,-7.063204650865721,103.94866786896183,7.143943654704689,82.70969586438903,85.25800166043119,283.01622809245237,25.544163927606707,17.601541115917943,-104.74208280060273,78.17506475485419,-138.72511602584115,-14.371158545323906,120.72495442272997,110.14278763358672,34.72265928882573,64.66620660090791,-95.37855540408735,-62.286274357822826,-119.6299911307322,131.4445681076311,99.342459900927,65.09371037214086,52.31348388819837,103.93428146797193,221.04847236462123,151.1873751053686,-200.40505039519934,-94.42041231740575,191.93335001343297,139.3579930472142,-2.2101480116831635,-17.056241663207544,-87.06127441972741,-22.098971315790767,15.81130990697234,-30.252605397651724,204.72861149995555,-76.48282883102058,-29.612822925463387,64.71080750056502,-131.06585298895678,-58.127282783444365,-129.29794049005622,105.23186508175246,12.508577370569055,-246.72746089813614,110.45649434345117,145.9729613342121,-28.446393897109157,-30.930114411521703,-180.37830088756363,-124.53827126148951,-237.89919436771686,-179.19445644140782
-41.82511626135745,-70.68005602206404,-5.408815731679107,78.31118925028241,5.48159446453997,62.8294365271722,64.39705822659218,214.02863654625244,19.45176088745058,12.990016340977776,-78.81752342571097,59.01098928632809,-104.74589502131947,-11.116655013509142,91.2609465172323,83.09034743930378,26.286597931917598,49.10883333356275,-71.95169841747656,-47.141166901360435,-90.10307932690539,99.342459900927,75.44351575445579,49.21087889995299,39.50881028078019,78.87374698857387,166.93832165654266,114.24650015776943,-151.83099065840943,-71.26348544912888,145.1972708844229,105.34560081596645,-1.5378412805606827,-12.564357316982752,-65.79784364051928,-16.836627580130497,12.38124605682382,-22.559874732104923,154.77360980036747,-58.15920317278093,-22.709912935209715,49.10150145966687,-98.76459905433232,-43.87574240299961,-97.9815212547504,80.08731666900192,9.965769223535476,-186.63294520294426,83.57535851777675,110.46847036163656,-21.42388147756534,-23.061776846434636,-136.50607418477995,-94.04994648925569,-179.61265407530766,-135.32112261930732
-27.459526561831677,-46.3485552093035,-3.456610950567954,51.49679135615903,3.5502079398050115,40.971644800273545,42.21673316284354,140.24382093560536,12.743526363246998,8.73516184302936,-51.93361099267318,38.799148692883435,-68.794236815616145,-7.170558539029094,59.859897462283755,54.58804309136372,17.21060102839134,32.07922730030856,-47.29103401855482,-30.820921689342402,-59.33494386507471,65.09371037214086,49.21087889995299,32.285698036183085,25.888009809647937,51.512199092956124,109.57629422759308,74.96776723631855,-99.24989281272424,-46.8073733655189,95.21751267893002,69.09288832378323,-1.1410690246232467,-8.403325672470123,-43.13467631383094,-10.948868958406436,7.788875528972247,-15.05806902266305,101.39980467513827,-37.89118499286318,-14.699518532274507,32.14636614127569,-65.0152225326799,-28.811015603334333,-64.12131579648559,52.159030019785746,6.164264323140587,-122.27421403927491,54.78426690984743,72.39086817422556,-14.107402178644705,-15.346806896571522,-89.36856817685712,-61.749246532034505,-118.01617976957633,-88.7775833896058
-21.998988655710786,-37.04493644063029,-2.890668048935344,41.06303369185115,2.864610211395832,32.95887402348073,33.90677521182248,112.14010072761884,10.024683983587687,6.850224312548373,-41.386817079611944,30.798872172654846,-54.82981545993997,-5.639018692926377,47.728987909310575,43.62065668220042,13.780086302727302,25.6334496963624,-37.83435994001035,-24.65754936095977,-47.24612918504952,52.31348388819837,39.50881028078019,25.888009809647937,20.92323756737306,41.21302676276747,87.49345965772764,59.737206195048216,-79.63707994822556,-37.28956510753337,75.88921816033996,55.233412466847206,-0.7313626326192011,-6.837835555061317,-34.510735889334825,-8.829286357119686,6.432513970799189,-11.854183171832478,81.15035228536563,-30.336674695230194,-11.759205984691949,25.486581102823607,-51.75995683633765,-23.01169249165899,-51.13790757413422,41.811567993170506,5.128313929316409,-97.84294736808204,43.704060108905296,57.728048702976835,-11.123151859847498,-12.124836501977189,-71.55168377820465,-49.215682778692816,-93.9352764825903,-71.04609391843103
-43.91117527571628,-74.14022099943756,-5.506892748590442,82.50916592909714,5.6411879796930755,65.62531137279991,67.45327942636166,224.64007612256412,20.456550664252337,13.788892070919402,-82.91508323299672,62.17084832853388,-110.16003694026298,-11.815416957917922,95.90265188127023,87.36609004685896,27.520501380067717,51.439941530109714,-75.50126625411524,-49.484844686360404,-94.88208116365004,103.93428146797193,78.87374698857387,51.512199092956124,41.21302676276747,82.70589688217991,175.28883102792813,120.23349036896126,-159.02502691569964,-75.00298765652579,152.4871510683392,110.51324434859328,-1.8854844238335258,-13.064394209636585,-68.9529702698867,-17.61355108267274,12.702634183502768,-23.87267032498554,162.30767537173278,-60.8730688996966,-23.737985160444893,51.62056478244625,-103.87308510253887,-46.10197109158189,-102.8976464514613,83.71662203975995,10.009113318295967,-195.77078106951814,87.75084707820939,116.06773462284801,-22.754797614377626,-24.360716000322117,-143.13470396817846,-98.8835116059535,-188.95195374893555,-142.08814157786628
-93.65353240539852,-158.06262384004725,-11.398234943294991,176.56048922068496,11.846952305910056,138.65257917519247,143.55692200966706,478.35639920088113,43.5733483593906,30.607331993200592,-177.93051458013804,133.09657408694184,-235.31799036205138,-24.47741558122588,204.58569571504657,186.49845745873836,58.525273322148266,109.11841799776066,-161.17086725753938,-105.3099079310271,-203.2908899902429,221.04847236462123,166.93832165654266,109.57629422759308,87.49345965772764,175.28883102792813,374.2537223986433,256.50707588740477,-337.34529030080193,-160.33128149913756,325.20924851900025,235.50597480221828,-4.545443149746649,-28.623527191534063,-147.04128337815774,-36.877918453492555,25.557259963507523,-52.099807276681105,345.8604481402308,-128.84055042194612,-49.66699947727343,110.00900680776267,-222.63579325805517,-98.39710279576533,-218.8788933950725,176.86660355748626,19.85011320824796,-416.58611575540993,186.99006261387817,247.2300148294956,-48.896136533214204,-53.15501355484423,-304.40955781757714,-211.26117429830927,-404.00980115868043,-302.8334007701754
-64.2556491780182,-108.23934036568755,-7.620123207558924,121.47884258837014,7.964069266420627,94.86047446970011,98.35016975188715,328.09339081117145,29.835349560470046,20.920565385578037,-122.01720817028219,91.40480477737525,-161.56873892767751,-17.288177215483124,140.32696769300142,128.20446463108422,39.978169127885934,74.76223789262761,-110.47537173337781,-72.2207160908251,-139.6474626201761,151.1873751053686,114.24650015776943,74.96776723631855,59.737206195048216,120.23349036896126,256.50707588740477,176.39285692753614,-231.1920538226169,-110.16965548305102,222.9762560435757,161.36689847965553,-3.344314969365016,-19.22722811181503,-100.50627463351205,-25.336382621459784,17.455092669386108,-35.77803617238055,236.87776945432566,-88.21577427959551,-34.03831970585829,75.40471594357165,-152.56686489029764,-67.48601485377188,-150.21594166391674,120.9768752606275,13.160269011451234,-285.6346290972799,128.21868804083203,169.68000360604915,-33.878389797367056,-36.33358081514118,-208.68881052868278,-144.99165448668688,-277.31014809470577,-207.84480351716695
84.62258205455828,142.6882865777765,10.713754103672212,-158.8191984751159,-10.856246616676552,-126.39405494247303,-130.05916044645346,-432.338738635561,-39.09515699197897,-26.576403594787358,159.64305742838675,-119.43030191925064,211.89088080315378,22.474988397138798,-184.42215577270272,-168.24109612875188,-52.96793496592133,-98.88234267131914,145.4591278005735,95.21750196009607,182.5746309211701,-200.40505039519934,-151.83099065840943,-99.24989281272424,-79.63707994822556,-159.02502691569964,-337.34529030080193,-231.1920538226169,306.2333892363572,144.26485388495104,-293.17092804036065,-212.71407641947962,3.4503298506505726,25.494820750170177,132.7491293618975,33.897830590529836,-24.457420602608902,45.93413875040566,-312.4954395453359,117.02402225789815,45.495519011128515,-98.98200008743407,199.8416819749487,88.73025190951576,197.75806272478042,-160.95904738373622,-19.22813865518518,376.85733612945427,-168.73958088432087,-223.137794130128,43.64617874718157,46.90219534208248,275.5476766624827,190.20618595756557,363.3146818483632,273.64651842673834
40.15075015589202,67.63971824802566,4.74019235731892,-75.94351984654014,-4.968899622698014,-59.14083905552391,-61.407890590540035,-204.925100747177,-18.637689888810915,-13.234132028747222,76.36159274855736,-57.16611759029895,100.97790135050018,10.636725116175702,-87.70875069274243,-80.07884729104539,-24.990945509108336,-46.65017409054208,69.04189522951336,45.12044733159288,87.33529433908616,-94.42041231740575,-71.26348544912888,-46.8073733655189,-37.28956510753337,-75.00298765652579,-160.33128149913756,-110.16965548305102,144.26485388495104,68.866301677738,-139.33068398713877,-100.81637647790048,2.1322148057977177,12.153536502910507,62.85079837886184,15.746251078785905,-10.737755002378128,22.47247072102911,-148.0331981130048,55.04370621946676,21.157718842855523,-47.11896873333974,95.48593918286407,42.17254168799605,93.7917259391489,-75.43730837482838,-8.101158402475496,178.38484144259812,-80.09601397833944,-105.96888855572826,21.19734825410271,22.867119020196878,130.31386567324262,90.64751927188458,173.38611074169737,129.82239538901715
-81.30187335541059,-137.3739276620735,-9.854384359548874,153.29700219926232,10.349272517168995,120.57783114466952,124.61670604237078,415.72826383029354,38.09410816863445,26.50837652252407,-154.49483677808803,115.75399657062536,-204.5288961810434,-21.45227960439958,177.8843354314509,161.9670468810723,50.892396994454224,94.99722562553978,-139.9948287500853,-91.50160131586259,-176.5853886533823,191.93335001343297,145.1972708844229,95.21751267893002,75.88921816033996,152.4871510683392,325.20924851900025,222.9762560435757,-293.17092804036065,-139.33068398713877,282.87388829207237,204.69528128870078,-3.97393997411239,-24.621449700982716,-127.7737289083665,-32.07933022069946,22.32874934975035,-45.23836107895163,300.50085482704236,-112.1525449914869,-43.35608442161554,95.86678157745565,-193.46238329613263,-85.4745447374878,-190.43885312790866,153.9835717329918,17.4461837944881,-362.0756572797664,162.61911301787154,215.00515487532388,-42.52124513031003,-46.104598549052774,-264.5730832281381,-183.6449141952775,-351.2558694706383,-263.0219065286156
-58.969990736289986,-99.51932044141475,-7.251573067224168,110.98309769275724,7.5131277866269786,87.57069544320767,90.45927537368604,301.23343043195297,27.427118016214006,19.061029302519877,-111.81038015031619,83.6473324795706,-148.0271584719691,-15.452153718594179,128.75813885448687,117.35791001805352,36.899206845229614,68.79696718120633,-101.49154643864594,-66.29073640341294,-127.78189108326636,139.3579930472142,105.34560081596645,69.09288832378323,55.233412466847206,110.51324434859328,235.50597480221828,161.36689847965553,-212.71407641947962,-100.81637647790048,204.69528128870078,148.31881608128748,-2.725973096245195,-17.96970442974679,-92.59558623909297,-23.3494753446374,16.36504105656141,-32.596820973625796,217.77400376342095,-81.26725116441334,-31.417300938700016,69.21678418652859,-139.96544622538622,-61.92021738038105,-137.8317918604377,111.64993965694866,12.786684362261632,-262.4529118566927,117.72065359402836,155.62822235294445,-30.65546728743653,-33.252549922464034,-191.79574238007677,-132.90211904644244,-254.08302083929854,-190.675869181561
1.1131002470253226,1.8272180963537112,-0.0810547788733754,-2.4338819826543827,-0.020977812605228147,-1.1940055149558002,-1.5077035803817083,-5.5697360358027375,-0.5869221491182505,-0.6521976204007449,2.4058417681273103,-1.8756880346008755,3.0443358666278346,0.3405006194008593,-2.5627847973105466,-2.3521570141664703,-0.6247815574187682,-1.1411025856644033,1.9126885222247823,1.212983634606964,2.811148850224775,-2.2101480116831635,-1.5378412805606827,-1.1410690246232467,-0.7313626326192011,-1.8854844238335258,-4.545443149746649,-3.344314969365016,3.4503298506505726,2.1322148057977177,-3.97393997411239,-2.725973096245195,0.38901744146212996,0.29807968536763896,1.6495782098960563,0.30891221313542383,0.1601900701730187,0.9446248210936028,-3.914236594555268,1.2656319368760052,0.4027057909337045,-1.4118012842763659,2.9932753163687114,1.2193885522417394,2.6004703065865704,-1.6034604559564634,0.357521199616535,4.7241939283169625,-2.2406623386639515,-3.0182739767569418,0.8788087199894372,0.9223749356927355,3.3686644523099716,2.7189910462107942,5.3529337895642355,3.590565748107741
7.190276146713044,12.091210491988269,0.9322071154090499,-13.428775754552522,-0.922481225931738,-10.438922720490668,-11.005992433882497,-36.2790494365102,-3.1836962022267157,-2.630504504542595,13.789817751794873,-10.08529470264131,17.852879374145605,1.319987807349818,-15.546741744721167,-14.13066113902787,-4.523064295791327,-8.143717028547071,12.397723813103163,7.987691626646354,15.553593486182558,-17.056241663207544,-12.564357316982752,-8.403325672470123,-6.837835555061317,-13.064394209636585,-28.623527191534063,-19.22722811181503,25.494820750170177,12.153536502910507,-24.621449700982716,-17.96970442974679,0.29807968536763896,2.7026120450664717,11.393355466130114,2.6766472944511817,-1.6691100514999573,4.143997686133388,-26.492861709338438,9.6286298307988325,3.5121362504424494,-8.199954413317633,17.224810022908823,7.514097804282196,16.36814636291224,-13.196665439210658,-1.373482640690187,31.63298556390252,-14.133670244045561,-18.582925702758807,3.6073563630546173,4.363168242705412,23.086611806142876,16.084679994235085,30.719044511732946,23.04705539132595
36.78167499517917,62.17141145769957,4.597299042759625,-69.12771515354112,-4.742341796287901,-54.68385164396839,-56.43685352008969,-187.96232792574764,-17.143578436546424,-11.972156801570314,69.7922699096537,-52.191943202377075,92.3121870000485,9.384898591768419,-80.38627919578948,-73.07093475011722,-23.106353314788223,-42.93937696678703,63.31624323230414,41.41098602206399,79.65967153468128,-87.06127441972741,-65.79784364051928,-43.13467631383094,-34.510735889334825,-68.9529702698867,-147.04128337815774,-100.50627463351205,132.7491293618975,62.85079837886184,-127.7737289083665,-92.59558623909297,1.6495782098960563,11.393355466130114,57.95526086844157,14.533223162915572,-10.202405783641662,20.317236211868135,-136.06288130308624,50.7898752147102,19.60725647708144,-43.25318447789789,87.44903795965945,38.643770628887864,85.98234331718768,-69.78667133032667,-8.14508974836506,163.77368674322094,-73.4700682106871,-97.07637486809844,19.03684043805926,20.85450441407367,119.69516841289322,82.92663749394272,158.52225746796952,118.88838834495199
9.300238219608056,15.635994139004172,1.221922843157245,-17.34103732855216,-1.2030642342284081,-14.082606938972884,-14.33145394584773,-47.5172214100273,-4.25991893301854,-2.6893115760431705,17.31055047323106,-12.987686672173739,23.16016209488672,2.594947012216668,-20.194046118708105,-18.452138835912415,-5.833030240131508,-10.90898768410599,15.9509838704465,10.456208706982393,19.87758167544127,-22.098971315790767,-16.836627580130497,-10.948868958406436,-8.829286357119686,-17.61355108267274,-36.877918453492555,-25.336382621459784,33.897830590529836,15.746251078785905,-32.07933022069946,-23.3494753446374,0.30891221313542383,2.6766472944511817,14.533223162915572,3.8668143379032167,-2.9324959243477453,4.824740118783168,-34.2661655271236,12.951930204226702,5.1365072356195896,-10.806071208330257,21.705701052128468,9.722901878581247,21.737462162106375,-17.882707616870896,-2.2990836181472525,41.49258294509631,-18.49961012241764,-24.49045233013437,4.727065845520571,4.916595883758889,30.349985348705005,20.772318588761536,39.61818304237453,30.078464107692376
-6.459226356424091,-10.95631510528671,-1.0964064728717489,11.6958109625374,0.9757569020007664,10.44764914101766,10.186602096063067,33.39349734262357,2.95847573673623,1.3748636832487513,-11.586084964602986,8.739902238275318,-15.885344459745566,-1.9834181859599778,13.976212969573178,12.70717908580825,4.1454207492882835,7.883774057415052,-11.046791182420778,-7.395213218152004,-13.33108260292253,15.81130990697234,12.38124605682382,7.788875528972247,6.432513970799189,12.702634183502768,25.557259963507523,17.455092669386108,-24.457420602608902,-10.737755002378128,22.32874934975035,16.36504105656141,0.1601900701730187,-1.6691100514999573,-10.202405783641662,-2.9324959243477453,2.7675473995646627,-2.8411220805659507,24.117101780397928,-9.492106121930012,-3.9697899294882277,7.527191930564323,-14.602027712393966,-6.718815666196169,-15.334691326715445,13.265136786114084,2.435274646746103,-29.288864857661864,12.942081945781522,17.12534614554915,-3.002522109841325,-2.9265872340347676,-21.541806473973832,-14.250132769155359,-26.997457246238437,-20.992015683304682
