V1,V2,V3,V4,V5,V6,V7,V8,V9,V10,V11,V12,V13,V14,V15,V16,V17,V18,V19,V20,V21,V22,V23,V24,V25,V26,V27,V28,V29,V30,V31,V32,V33,V34,V35,V36,V37,V38,V39,V40,V41,V42,V43,V44,V45,V46,V47,V48,V49,V50,V51,V52,V53,V54,V55,V56
17287.59459390457,-2400.3917715502494,176.11096182744222,-1415.56178121305,-10025.621455329492,10246.52827252529,-4047.8890455563346,-7369.6123040529,-4646.865425482131,-12841.862426087353,-3151.8151697014123,-268.9552860112785,12070.818175949045,-21360.13159690539,-8901.15109651063,14626.978059204263,-12525.955524459501,-6960.862628040407,-30477.59171778831,4122.810916360728,-13528.737451989857,-1334.9421587202273,-18347.198657806475,-30579.44680056837,2689.7021322329065,-2810.1898583459206,-7305.7442664499,-5116.126806985906,1239.7568870554994,-6356.433866230348,4266.708614118701,-7985.273088150113,1520.2503646720847,6996.074381956858,11615.853329028228,14626.652943151412,3742.8889583507885,13177.458262540345,-22515.579475171562,-18143.484011172754,-254.8803923087107,5112.587262655047,7177.624414228343,-13642.257406094624,-4879.035256435781,1166.1266635160944,-6449.539871753965,-15727.852803931826,-55.032671618470445,-16568.764008947303,-6809.881775092562,11198.383404428925,6912.269062599926,34880.66484901014,4979.751270310807,2346.731266646455
-2400.3917715502494,333.4223823971074,-24.608024029361292,196.51688946181022,1392.1557298494151,-1423.2090019520963,562.1047220357854,1023.3705945191582,645.2772783010192,1783.1912868505624,437.9025024531108,37.475316162400105,-1676.394489788508,2966.467127127485,1236.060294711119,-2031.124835726933,1739.282218518329,966.4738154633756,4232.391939292559,-572.7142583980431,1878.7080749093152,185.31605575836252,2548.073181499371,4246.686189787441,-373.27173838722706,390.42971775255234,1014.5162809645038,710.3675374629046,-172.40519026001988,882.710519821045,-592.2500502980445,1109.0488863850696,-211.01519547018813,-971.5666616440719,-1612.8592640478068,-2031.2599860276716,-520.0069139998903,-1829.9884508132345,3126.471082361762,2519.31789454161,35.657691380906314,-709.6530384858357,-996.6282493071897,1894.1889919973287,677.2896926742441,-162.02130385882566,895.9589365556238,2183.9697367306303,7.597653945037311,2300.7774581203,945.8530154382249,-1555.2015157571514,-959.8101655770201,-4843.719999246116,-691.6456510817208,-325.81904598288224
176.11096182744222,-24.608024029361292,2.411695264704619,-14.279453308369082,-102.27721636512227,105.35405889475733,-41.453428296055115,-75.26160980163016,-47.190855216981014,-130.79988743638063,-32.688984830736544,-3.119723793733682,123.88774501923004,-219.04509841811614,-91.05814494261966,149.2203457184954,-127.67101890939423,-70.6683810319946,-311.42547564113926,42.78809941971113,-138.2011323255307,-13.413006054626376,-188.2234035694606,-312.90033130467634,26.77886623807028,-29.312580951861115,-74.59013941477772,-51.805762590610755,13.19070583309211,-64.84833328199298,43.14941529921954,-81.88450112723523,15.179586341754852,71.44799742489077,118.148069729168,149.87547945234903,38.92810319053141,134.93398652352522,-229.64295268385763,-184.96858247070193,-3.3061961236907367,51.30628187420023,72.91705757304283,-138.73510017609848,-49.2122696920568,12.148341916607464,-66.58080114803559,-160.3876329463446,-0.4030383616447563,-168.97650314287125,-69.99796631760228,114.89264015923146,70.53812621184204,356.2923156580525,51.390629472124935,24.01477451157306
-1415.56178121305,196.51688946181022,-14.279453308369082,116.04613904200332,820.9356864056475,-838.97505982202415,331.3336908166986,603.4168523035108,380.6274589422993,1051.5648765990954,258.03450576280727,21.866264079157837,-988.1001187559032,1748.7615452079808,728.7538248308239,-1197.6609987244426,1025.597141894953,570.0430741280403,2495.4490689458617,-337.3852217326933,1107.6688195989066,109.35245595776014,1502.0520150319503,2503.646580460112,-220.36516536785294,229.87289222015698,598.2370180323255,419.06803046796404,-101.4242357289113,520.5114877739753,-349.3955163288744,653.7603506980316,-124.56205580210168,-572.86345075249,-951.1217296604406,-1197.4487351140463,-306.26746609214223,-1078.9462039217378,1843.495315351752,1485.5602775174693,20.710891880531737,-418.8594178933602,-587.8393524734257,1117.1976762365719,399.6018389320228,-95.40473171101948,527.929299871835,1287.7867196519285,4.577616013033801,1356.752699787824,557.5624369573993,-916.7982672394749,-565.9174437625214,-2855.9767313889406,-407.62306665260706,-192.08350843791953
-10025.621455329492,1392.1557298494151,-102.27721636512227,820.9356864056475,5814.25979483302,-5942.721693043564,2347.523256528447,4273.949599019877,2694.9237585018495,7447.468965081877,1828.0859542042685,156.06157281027464,-7000.510595283109,12387.925072131207,5162.163435479601,-8482.765672819953,7264.215627852964,4036.780911641663,17675.369735592983,-2391.1612920804605,7845.914475248292,774.1349258983525,10640.58078299397,17734.551261184664,-1559.66531910534,1629.8877540331234,4236.936429758554,2967.0017643215224,-719.1972966362961,3686.3969324331106,-2474.2434113138443,4631.144076167501,-881.5773911277353,-4057.368935719553,-6736.357180774118,-8482.729820856182,-2170.86094119425,-7642.295505065195,13057.591818811157,10522.023933117365,148.03567599169446,-2964.762621388446,-4162.548671708035,7911.553796936693,2829.3553152325094,-676.3489653151156,3740.6439298699993,9121.177078526962,31.88756110914288,9608.922222169203,3949.5349453465137,-6494.554125888595,-4008.6564863633043,-20228.82331400907,-2888.0992884940842,-1360.9160090489806
10246.52827252529,-1423.2090019520963,105.35405889475733,-838.97505982202415,-5942.721693043564,6075.789850218063,-2399.40235156814,-4368.500190808509,-2754.4502677263617,-7611.771473874014,-1869.557553286535,-159.9653077439165,7156.169939512731,-12663.47658805811,-5276.515996348961,8670.213992369783,-7424.280020783027,-4125.422833650234,-18066.875000775948,2445.0557278852675,-8019.556003671158,-790.9465040375782,-10877.344050988278,-18127.978696681275,1593.0896935163958,-1666.74149187538,-4330.722569565432,-3032.173340698354,736.1212962758663,-3767.9902235034156,2527.988500399718,-4734.273904441908,900.5430197603678,4147.4200177082,6884.543539334922,8671.048501397052,2220.0145976827794,7812.024488786501,-13345.760901008998,-10754.099740401074,-152.46841745519555,3028.9969984861555,4254.195547105861,-8085.722335734003,-2890.92791966166,691.7330342964357,-3824.7134155893264,-9322.56997479463,-32.45523472902913,-9821.370439234131,-4037.8231114597957,6639.054542540043,4097.09554326276,20676.500631564406,2952.7790865673833,1390.8827574531651
-4047.8890455563346,562.1047220357854,-41.453428296055115,331.3336908166986,2347.523256528447,-2399.40235156814,947.9531544808268,1725.6509519659994,1087.9405432076178,3006.8900553037147,738.1080729129554,63.162078331323016,-2826.7277919644216,5001.883406214727,2084.3284244899587,-3424.970874381689,2933.0257214508624,1629.8061019758732,7136.583193154209,-965.6266806479908,3167.8835223127735,312.52147462224673,4296.399758427465,7160.612229868728,-629.598312890706,658.2938583339142,1710.6554317183773,1197.7905057802852,-290.4457442919853,1488.3554075475422,-998.989179973718,1869.9123754144775,-355.8823931104812,-1638.1274980598257,-2719.8228463756986,-3425.123205520743,-876.6448416905491,-3085.6532796218703,5272.163399639961,4248.363757351766,59.913861272202624,-1196.8371151227302,-1680.5296649019472,3194.193769169365,1142.2687632052878,-273.13649494647666,1510.4367132332093,3682.7433027691823,12.796912325851354,3879.550516511883,1594.6784743423864,-2622.3381346573647,-1618.5786647128712,-8167.5756016514115,-1166.2020789477692,-549.5602337008488
-7369.6123040529,1023.3705945191582,-75.26160980163016,603.4168523035108,4273.949599019877,-4368.500190808509,1725.6509519659994,3141.719465322443,1980.9608792235945,5474.46983436556,1343.8463410744935,114.77903976371582,-5146.050251697306,9106.280519820559,3794.6487437035403,-6235.539614285894,5339.768419041706,2967.3209275463396,12992.910790733033,-1757.806506183412,5767.409522651335,569.03232761994,7821.833111211853,13036.482909266426,-1146.4007931948902,1198.2009177288428,3114.493244719372,2180.9347458999487,-528.7465435051748,2709.7969394881584,-1818.7010413254172,3404.3373350512684,-647.9899252747691,-2982.529526690548,-4951.734060571801,-6235.580696182538,-1595.8524152047328,-5617.7641335959515,9598.394478067694,7734.528133024073,108.92386090457563,-2179.233502473364,-3059.7681797155183,5815.577021006322,2079.7327920424436,-497.22286256718075,2749.7899103363206,6704.811359672416,23.418030964084153,7063.326363768205,2903.2976998887566,-4774.120417036984,-2946.6937853085856,-14869.895614877596,-2123.062038788733,-1000.398632908553
-4646.865425482131,645.2772783010192,-47.190855216981014,380.6274589422993,2694.9237585018495,-2754.4502677263617,1087.9405432076178,1980.9608792235945,1249.2972733898018,3451.997735139824,847.2751696582429,72.17529032321076,-3244.441646672181,5741.527992769402,2392.5517119535457,-3931.779673088896,3366.897405346968,1871.1470293207396,8192.493179196672,-1108.0713607600565,3636.5270358788116,358.8828437898657,4931.639642269893,8219.776042642798,-723.0784504275548,755.2063601171712,1963.8506294975364,1375.4167951024133,-333.28298573788743,1708.7116239164832,-1146.7782569214432,2146.4909478871696,-408.7186989628382,-1880.6780656152096,-3122.341970908896,-3931.505379195036,-1005.9761649124781,-3542.120901783404,6052.0944676512545,4876.895964391251,68.45037845959557,-1374.441848431905,-1929.50392051604,3667.157176853715,1311.524718852027,-313.4269164957626,1733.6637778120328,4227.66965515313,14.86542097885581,4453.850351683492,1830.5706838748695,-3010.0485302564216,-1857.9298617909878,-9375.970422899616,-1338.4513162346038,-630.670455045914
-12841.862426087353,1783.1912868505624,-130.79988743638063,1051.5648765990954,7447.468965081877,-7611.771473874014,3006.8900553037147,5474.46983436556,3451.997735139824,9539.52545723524,2341.4344975158924,199.79608959637028,-8966.73974462633,15867.334207069798,6612.128530300789,-10865.57105400689,9304.756789588695,5170.80996943161,22640.22750384907,-3062.6142288872943,10049.785919568567,991.653797335019,13629.19324011492,22715.90899390823,-1997.9807385779602,2087.5366819457145,5427.062030577791,3800.551547537381,-921.0661024276368,4721.906403672252,-3169.3492997773333,5931.914529500229,-1129.3095625864976,-5197.076899427402,-8628.717722504476,-10865.322949341824,-2780.4487126874624,-9788.837874509829,16725.48655648432,13477.690641392774,189.41080804558862,-3797.8082190165906,-5331.895659447935,10134.015357612112,3624.290403199613,-866.2700948950226,4791.173580478234,11683.33646638856,40.89219229228997,12308.076832341128,5058.79057988809,-8318.661486368204,-5134.6804352004465,-25910.940940326196,-3699.1727426999696,-1743.1625413773913
-3151.8151697014123,437.9025024531108,-32.688984830736544,258.03450576280727,1828.0859542042685,-1869.557553286535,738.1080729129554,1343.8463410744935,847.2751696582429,2341.4344975158924,575.5186542925414,49.37610698433081,-2201.7819331935957,3896.19402902748,1623.261064554678,-2667.0920606281925,2283.7406531213837,1268.8437157650287,5558.042853391806,-752.5065425664127,2467.111327079055,243.18262006987865,3346.679165337891,5577.05075622187,-489.68674040452333,513.0215974179496,1332.2690602248822,932.5904331538418,-226.78683733471777,1159.156926352019,-777.3970636037282,1456.6024000135012,-276.8187606622941,-1275.9065069029086,-2117.6109290183263,-2667.745708078202,-683.4099792735852,-2403.4310560057966,4105.340688266063,3308.0686683973104,47.28360370602181,-931.2730220861974,-1308.5344421124535,2487.0611150172654,888.9838861107968,-212.91706119377156,1177.0490883987175,2867.7446936217425,9.923697827467489,3021.286743228452,1242.4375275870862,-2042.6281863108363,-1260.328402818924,-6360.732056983391,-908.647084105532,-427.8296184608646
-268.9552860112785,37.475316162400105,-3.119723793733682,21.866264079157837,156.06157281027464,-159.9653077439165,63.162078331323016,114.77903976371582,72.17529032321076,199.79608959637028,49.37610698433081,4.4821071810531246,-188.4606186017759,333.2452730707079,138.73257914080799,-227.7290917509778,194.9718824328027,108.14826944189129,474.8231324849458,-64.65924632825576,210.77864846576577,20.658111988581386,286.3130053902262,476.7216229888345,-41.461884421608936,44.2176497446626,113.75094747524001,79.38455608605366,-19.653002032251695,98.95464625848997,-66.18432150107049,124.6054562510683,-23.467841073657496,-108.95330561517183,-180.6591126935554,-228.15499467407926,-58.77069555001837,-205.41392820836526,350.5580993102868,282.409186627662,4.430944765762554,-79.02222812826867,-111.52466049231751,212.04709425202634,75.60096538372707,-18.327009523860266,100.95022263858553,244.84775048624348,0.7294851327441327,257.8767033524237,106.32187462707618,-174.7316163175841,-107.65141079035452,-543.320361486104,-77.87611710330714,-36.5880634642078
12070.818175949045,-1676.394489788508,123.88774501923004,-988.1001187559032,-7000.510595283109,7156.169939512731,-2826.7277919644216,-5146.050251697306,-3244.441646672181,-8966.73974462633,-2201.7819331935957,-188.4606186017759,8430.00747804844,-14917.00313374214,-6215.768588615854,10213.532851901264,-8746.24854312664,-4859.932266096189,-21282.432501526855,2880.0169545689255,-9447.09483362696,-931.7984208672509,-12813.037133219545,-21354.300807123385,1877.040474585522,-1963.3589984490277,-5101.438781235249,-3571.8030200822154,866.6468271448263,-4438.535794392694,2978.5860437054607,-5576.611410369,1060.9565960252949,4885.336536460748,8110.45881285432,10214.451474877813,2614.9376744278666,9202.163852751446,-15721.863877603968,-12668.811581011683,-179.16600476701436,3568.4408057103215,5011.38375955909,-9525.108593625457,-3405.937125464193,814.7239455522669,-4504.939795930767,-10982.171813199537,-38.16999343438104,-11569.381016433003,-4755.977768667477,7820.494579822356,4826.659507170042,24356.770412805647,3478.136300819158,1638.6956418705345
-21360.13159690539,2966.467127127485,-219.04509841811614,1748.7615452079808,12387.925072131207,-12663.47658805811,5001.883406214727,9106.280519820559,5741.527992769402,15867.334207069798,3896.19402902748,333.2452730707079,-14917.00313374214,26396.34730728603,10999.089604554314,-18073.53427222262,15476.936647955114,8600.092633508386,37660.610006139796,-5096.120029976383,16717.11708542001,1648.9550328784078,22673.21598167012,37787.58136491615,-3321.7093303519346,3473.948049550337,9027.416574682213,6320.813613239283,-1533.527781516342,7854.36896941159,-5270.751555422241,9868.12523246748,-1877.5644167573007,-8645.025722490725,-14351.93181962843,-18074.831054745562,-4626.977119071329,-16283.844172163936,27820.6367222963,22418.15437096257,316.8692075646803,-6314.9600229179105,-8868.200363611577,16855.566081454093,6027.131882228352,-1441.613536213194,7971.6101983923,19433.63150201634,67.66705793858087,20472.953807048256,8416.056108600173,-13838.73063340531,-8540.943509850542,-43100.83216559834,-6154.627358619535,-2899.6431577531607
-8901.15109651063,1236.060294711119,-91.05814494261966,728.7538248308239,5162.163435479601,-5276.515996348961,2084.3284244899587,3794.6487437035403,2392.5517119535457,6612.128530300789,1623.261064554678,138.73257914080799,-6215.768588615854,10999.089604554314,4583.354983533641,-7531.415066346107,6449.486455941658,3583.894956787272,15693.240555064405,-2123.3198254046292,6966.075325190478,687.2203588472473,9447.668594328155,15745.97975808105,-1384.483427430718,1447.3916295578936,3761.754047344802,2634.039862063031,-638.7408048809634,3272.933984265825,-2196.6182894522067,4111.912211711625,-782.533411046688,-3602.37701563226,-5980.764033078894,-7531.691483579054,-1927.7586684845612,-6785.38956729501,11593.205016083793,9341.966701914798,131.72369688233692,-2631.869777669294,-3695.5467454791888,7024.072478998609,2511.830976246186,-600.6307417347901,3321.4236014748694,8098.213326481877,28.244084305084144,8531.227019819187,3506.7604061560037,-5766.47001638516,-3559.127343717783,-17960.310094752957,-2564.459326698512,-1208.3521147688296
14626.978059204263,-2031.124835726933,149.2203457184954,-1197.6609987244426,-8482.765672819953,8670.213992369783,-3424.970874381689,-6235.539614285894,-3931.779673088896,-10865.57105400689,-2667.0920606281925,-227.7290917509778,10213.532851901264,-18073.53427222262,-7531.415066346107,12376.058870312476,-10598.205257223859,-5889.502404099276,-25787.72224241934,3488.6545916281966,-11446.908982494431,-1129.4384338388338,-15524.233593766328,-25874.104202894905,2275.4911429305976,-2378.0007612477652,-6181.5076151356325,-4328.722388405195,1049.3085718574005,-5378.302096509086,3609.780936384021,-6756.700741225974,1286.1774557497238,5919.59224879385,9828.112109494015,12376.000850857758,3167.2364080909574,11149.795065336291,-19050.561707053097,-15351.240130586319,-216.01929871875626,4325.444425575417,6072.976991880975,-11542.62339564944,-4127.911669205719,986.8111969499289,-5457.502555756857,-13307.47600216471,-46.513000773562354,-14019.032332628158,-5762.219020329764,9475.331415519355,5848.4901617738105,29513.095960213843,4213.630274389428,1985.5331661534335
-12525.955524459501,1739.282218518329,-127.67101890939423,1025.597141894953,7264.215627852964,-7424.280020783027,2933.0257214508624,5339.768419041706,3366.897405346968,9304.756789588695,2283.7406531213837,194.9718824328027,-8746.24854312664,15476.936647955114,6449.486455941658,-10598.205257223859,9075.932267939575,5043.56445269458,22083.102942717378,-2987.3263389827994,9802.533774597088,967.2285782580242,13293.890529381017,22156.981310606036,-1948.7868880312585,2036.2909863654402,5293.489480886634,3706.914326469277,-898.3499280193105,4605.661334962183,-3091.500285907974,5785.91542290014,-1101.5054905415552,-5069.0655187889,-8416.442450248094,-10598.08163423822,-2712.077299979079,-9547.950925239573,16314.07599051997,13146.161737274595,184.75999055045574,-3704.2774519660493,-5200.610745326093,9884.596627666959,3535.1120678648986,-844.9439570135086,4673.252135175048,11395.883010397523,39.82055063872635,12005.121194120085,4934.244184572865,-8114.003751117054,-5008.421436021504,-25273.403375442107,-3608.199354193523,-1700.3699469361593
-6960.862628040407,966.4738154633756,-70.6683810319946,570.0430741280403,4036.780911641663,-4125.422833650234,1629.8061019758732,2967.3209275463396,1871.1470293207396,5170.80996943161,1268.8437157650287,108.14826944189129,-4859.932266096189,8600.092633508386,3583.894956787272,-5889.502404099276,5043.56445269458,2802.9127148575058,12271.487826590266,-1659.734662515755,5447.2051457925545,537.6020253564344,7386.9946588887315,12312.329943980852,-1083.261856487588,1131.2547798958637,2941.611776421587,2060.1667971966854,-498.98439113282814,2559.401216148439,-1718.0973307067793,3215.0909245172743,-612.2837436553796,-2816.9113477379356,-4677.195447917008,-5889.0692352812475,-1506.7181098841772,-5305.643044176315,9065.795734259169,7305.41388569927,102.35719074033793,-2058.929936183321,-2890.180839404143,5493.1701838339895,1964.732231681908,-469.42943266897095,2596.590262521339,6332.780992481407,22.21679384969126,6671.360782838589,2741.783193129118,-4508.713724562081,-2783.1673966542953,-14044.378530107393,-2004.8211562633671,-944.8569733534619
-30477.59171778831,4232.391939292559,-311.42547564113926,2495.4490689458617,17675.369735592983,-18066.875000775948,7136.583193154209,12992.910790733033,8192.493179196672,22640.22750384907,5558.042853391806,474.8231324849458,-21282.432501526855,37660.610006139796,15693.240555064405,-25787.72224241934,22083.102942717378,12271.487826590266,53733.962134031724,-7269.8700147330255,23851.945891302737,2353.1823434404005,32348.58377822267,53914.3325426794,-4740.7466674832585,4955.531340833211,12880.388516106828,9019.401933497375,-2187.0209653079655,11206.754743200769,-7521.175644876706,14079.256472332427,-2679.658375535737,-12334.670434663916,-20478.288303300214,-25788.25397134397,-6600.312660899056,-23233.127933840588,39695.169049598495,31986.9042535869,450.7865475992733,-9011.99952323616,-12653.916403171888,24050.689400794938,8600.686490851871,-2056.4159104149217,11372.562080866725,27728.44970455877,96.80153613660869,29211.251925445857,12007.19939133169,-19744.132557648136,-12186.353292548854,-61496.31388999996,-8780.391870400894,-4137.165961729351
4122.810916360728,-572.7142583980431,42.78809941971113,-337.3852217326933,-2391.1612920804605,2445.0557278852675,-965.6266806479908,-1757.806506183412,-1108.0713607600565,-3062.6142288872943,-752.5065425664127,-64.65924632825576,2880.0169545689255,-5096.120029976383,-2123.3198254046292,3488.6545916281966,-2987.3263389827994,-1659.734662515755,-7269.8700147330255,984.3116922909066,-3226.989197682431,-318.11751490665705,-4377.391906544542,-7294.763170691827,640.6218007203719,-671.1267698590096,-1742.5492421612955,-1219.7342820104548,296.47678647940035,-1516.082305560721,1017.0415871208005,-1905.1640359272415,362.12375959289596,1668.8055659042072,2770.006300237353,3489.460404033094,893.7809726331454,3143.5915408586766,-5370.054833062603,-4327.168686023454,-61.77484062275514,1218.2056843802798,1711.5089876311215,-3253.157639640509,-1162.9163750719474,278.5098037836284,-1539.3979744312535,-3751.136089723897,-12.928030167430764,-3951.7387998148124,-1624.9396162385574,2671.7781427988784,1648.6441661720355,8319.911595942402,1188.4937772157111,559.7699502769321
-13528.737451989857,1878.7080749093152,-138.2011323255307,1107.6688195989066,7845.914475248292,-8019.556003671158,3167.8835223127735,5767.409522651335,3636.5270358788116,10049.785919568567,2467.111327079055,210.77864846576577,-9447.09483362696,16717.11708542001,6966.075325190478,-11446.908982494431,9802.533774597088,5447.2051457925545,23851.945891302737,-3226.989197682431,10587.674190101172,1044.555626094993,14359.173375786457,23931.99966511205,-2104.4115942835588,2199.7095059763587,5717.457394937493,4003.6082820160163,-970.7408325570946,4974.555582441384,-3338.653771081255,6249.60037600252,-1189.478847184088,-5475.19334736734,-9090.17862526465,-11447.165202383092,-2929.820534868802,-10312.903565832012,17620.379022457302,14198.741241674365,200.04468878292252,-4000.3462392417246,-5616.9362272538365,10675.858044482635,3817.810850462229,-912.8033547112763,5048.117280214099,12308.409990711778,42.958675097692286,12966.56849650904,5329.802200203173,-8764.178654761008,-5409.443670796997,-27297.59133735881,-3897.500186744105,-1836.4676948682402
-1334.9421587202273,185.31605575836252,-13.413006054626376,109.35245595776014,774.1349258983525,-790.9465040375782,312.52147462224673,569.03232761994,358.8828437898657,991.653797335019,243.18262006987865,20.658111988581386,-931.7984208672509,1648.9550328784078,687.2203588472473,-1129.4384338388338,967.2285782580242,537.6020253564344,2353.1823434404005,-318.11751490665705,1044.555626094993,103.15411506725007,1416.347766160478,2360.917457374657,-207.89500370412838,216.794807744381,564.0975086319615,395.1738108505498,-95.56434202012099,490.8137001746693,-329.55949809786205,616.4655874568094,-117.50901170817907,-540.1816268282312,-897.0238941779978,-1129.1762440531904,-288.73950760384065,-1017.3365647835665,1738.55054423184,1400.9755773405225,19.469494280653585,-395.0558956912878,-554.3255391948113,1053.5292292378185,376.9034844588484,-89.96579269968618,497.7659097064304,1214.4543409904597,4.294807872781669,1279.3679643910225,525.6726332029892,-864.4819479137351,-533.7163357411222,-2693.181319820583,-384.3175805601631,-181.18070280646762
-18347.198657806475,2548.073181499371,-188.2234035694606,1502.0520150319503,10640.58078299397,-10877.344050988278,4296.399758427465,7821.833111211853,4931.639642269893,13629.19324011492,3346.679165337891,286.3130053902262,-12813.037133219545,22673.21598167012,9447.668594328155,-15524.233593766328,13293.890529381017,7386.9946588887315,32348.58377822267,-4377.391906544542,14359.173375786457,1416.347766160478,19475.247590780258,32457.715368541332,-2853.0945341697147,2984.0447043388094,7754.084576324775,5429.204569401557,-1317.2957676432418,6746.498803049095,-4527.252705651427,8476.273792874079,-1612.7076733156196,-7425.621782707396,-12327.529722154155,-15525.424051850889,-3974.4177440072276,-13987.015002202752,23896.491346634826,19256.013328942223,272.26998071535075,-5424.114362364783,-7617.283374731724,14477.973176071257,5176.91611798215,-1238.2988799844572,6847.323711093718,16692.48510871106,58.08743369987716,17585.179725377562,7229.017062161961,-11886.815897728346,-7336.232807782989,-37021.43657838046,-5286.560217167623,-2490.649426926455
-30579.44680056837,4246.686189787441,-312.90033130467634,2503.646580460112,17734.551261184664,-18127.978696681275,7160.612229868728,13036.482909266426,8219.776042642798,22715.90899390823,5577.05075622187,476.7216229888345,-21354.300807123385,37787.58136491615,15745.97975808105,-25874.104202894905,22156.981310606036,12312.329943980852,53914.3325426794,-7294.763170691827,23931.99966511205,2360.917457374657,32457.715368541332,54095.65162795585,-4756.142561673604,4972.636272462119,12923.558049062383,9049.32603894643,-2194.7695939879127,11244.296108576933,-7546.052952672639,14126.75213378283,-2688.392292714155,-12376.062484414226,-20546.640737179037,-25875.120792100573,-6622.997583097342,-23311.27867917538,39828.10554030894,32093.946867170183,452.83628319795974,-9041.532808273087,-12696.063579615391,24130.876579646247,8629.072795150843,-2063.5085486922944,11411.280026176528,27821.293947522474,96.99980670348435,29309.040747564602,12047.79627970732,-19810.7288529958,-12227.190785242288,-61702.615802855755,-8810.215006943388,-4151.0643351686585
2689.7021322329065,-373.27173838722706,26.77886623807028,-220.36516536785294,-1559.66531910534,1593.0896935163958,-629.598312890706,-1146.4007931948902,-723.0784504275548,-1997.9807385779602,-489.68674040452333,-41.461884421608936,1877.040474585522,-3321.7093303519346,-1384.483427430718,2275.4911429305976,-1948.7868880312585,-1083.261856487588,-4740.7466674832585,640.6218007203719,-2104.4115942835588,-207.89500370412838,-2853.0945341697147,-4756.142561673604,419.13958889913476,-436.5192363953511,-1136.4582340770876,-796.2793682685736,192.25651089909388,-988.820020145709,664.2077996106192,-1241.780673560974,236.86136821229906,1088.2453474805773,1807.4311385749122,2274.734382647481,581.4405373588397,2049.4348994526335,-3502.7760115832866,-2822.6920143933507,-38.898007480315826,796.2718436915982,1116.9077494168437,-2122.767105654773,-759.6265562507796,181.14441696082125,-1002.4584454560942,-2446.817021746741,-8.712452081484491,-2577.5698761231056,-1058.8079468625162,1741.4267547545646,1075.3223259780507,5425.812373413435,774.0692837027738,365.041746968124
-2810.1898583459206,390.42971775255234,-29.312580951861115,229.87289222015698,1629.8877540331234,-1666.74149187538,658.2938583339142,1198.2009177288428,755.2063601171712,2087.5366819457145,513.0215974179496,44.2176497446626,-1963.3589984490277,3473.948049550337,1447.3916295578936,-2378.0007612477652,2036.2909863654402,1131.2547798958637,4955.531340833211,-671.1267698590096,2199.7095059763587,216.794807744381,2984.0447043388094,4972.636272462119,-436.5192363953511,457.6747256371219,1187.7761111303917,831.2979933347286,-202.2150004998577,1033.4062108119094,-693.1821514312793,1298.7386090030461,-246.77159872087606,-1137.503424855012,-1888.0896472961954,-2378.7236580647163,-609.4242186392369,-2142.8546408260418,3660.472467712709,2949.5533266926996,42.2843407928028,-830.1457559437376,-1166.5275544874576,2217.3113281723577,792.5530195725111,-189.90461717563096,1049.5222701462837,2556.922476477788,8.74392327393216,2693.5903316565173,1107.708923401971,-1821.3153944512574,-1123.8084241276974,-5671.260546857826,-810.240732463615,-381.59277512872626
-7305.7442664499,1014.5162809645038,-74.59013941477772,598.2370180323255,4236.936429758554,-4330.722569565432,1710.6554317183773,3114.493244719372,1963.8506294975364,5427.062030577791,1332.2690602248822,113.75094747524001,-5101.438781235249,9027.416574682213,3761.754047344802,-6181.5076151356325,5293.489480886634,2941.611776421587,12880.388516106828,-1742.5492421612955,5717.457394937493,564.0975086319615,7754.084576324775,12923.558049062383,-1136.4582340770876,1187.7761111303917,3087.541118303743,2162.0836990950556,-524.1891468562397,2686.3573259572663,-1802.9243428565844,3374.855336722764,-642.3785718867698,-2956.700532915583,-4908.81172698924,-6181.553021851326,-1582.039840936247,-5569.132968190058,9515.202862052538,7667.496963668473,107.97273209552405,-2160.3601497186573,-3033.295655488115,5765.207228015094,2061.7048589440374,-492.8932822663573,2725.99668200484,6646.712541978037,23.23083802232446,7002.188358604055,2878.185682920706,-4732.749434583489,-2921.1402258500475,-14741.094210894833,-2104.6665011370073,-991.689435803625
-5116.126806985906,710.3675374629046,-51.805762590610755,419.06803046796404,2967.0017643215224,-3032.173340698354,1197.7905057802852,2180.9347458999487,1375.4167951024133,3800.551547537381,932.5904331538418,79.38455608605366,-3571.8030200822154,6320.813613239283,2634.039862063031,-4328.722388405195,3706.914326469277,2060.1667971966854,9019.401933497375,-1219.7342820104548,4003.6082820160163,395.1738108505498,5429.204569401557,9049.32603894643,-796.2793682685736,831.2979933347286,2162.0836990950556,1514.3488748520174,-366.7278708039063,1881.1904854006984,-1262.7444263562525,2363.0416477479775,-450.0942707886128,-2070.4498090993725,-3437.692701814027,-4328.2485509482685,-1107.291179495759,-3899.5501747839603,6663.172932825434,5369.336699773797,75.1368342807302,-1513.4552197982257,-2124.3645794294644,4037.5024412242583,1444.1130278932194,-344.97678391541285,1908.4177653447307,4654.51779048862,16.382854098660186,4903.461919924927,2015.1810439218602,-3313.737373903041,-2045.5305105474245,-10322.413389580377,-1473.4047289833657,-694.36649940528
1239.7568870554994,-172.40519026001988,13.19070583309211,-101.4242357289113,-719.1972966362961,736.1212962758663,-290.4457442919853,-528.7465435051748,-333.28298573788743,-921.0661024276368,-226.78683733471777,-19.653002032251695,866.6468271448263,-1533.527781516342,-638.7408048809634,1049.3085718574005,-898.3499280193105,-498.98439113282814,-2187.0209653079655,296.47678647940035,-970.7408325570946,-95.56434202012099,-1317.2957676432418,-2194.7695939879127,192.25651089909388,-202.2150004998577,-524.1891468562397,-366.7278708039063,89.61729065696716,-456.0766755435845,305.508724406545,-573.3780850298792,108.72950076293584,502.08621910269767,832.8827181799463,1049.9065309212945,269.3166317663238,945.8527861324952,-1615.04323234121,-1301.3239894728079,-19.062965369780663,365.88078825242377,514.6558213562856,-978.1716590781494,-349.3779037856188,83.93565905933974,-463.6410572254371,-1128.200251553487,-3.819001478364055,-1188.63952351164,-489.16892147514835,803.9871823351165,495.8108723091665,2502.7248022323774,357.79859086923705,168.29833647254685
-6356.433866230348,882.710519821045,-64.84833328199298,520.5114877739753,3686.3969324331106,-3767.9902235034156,1488.3554075475422,2709.7969394881584,1708.7116239164832,4721.906403672252,1159.156926352019,98.95464625848997,-4438.535794392694,7854.36896941159,3272.933984265825,-5378.302096509086,4605.661334962183,2559.401216148439,11206.754743200769,-1516.082305560721,4974.555582441384,490.8137001746693,6746.498803049095,11244.296108576933,-988.820020145709,1033.4062108119094,2686.3573259572663,1881.1904854006984,-456.0766755435845,2337.3188799734435,-1568.641529404796,2936.33944632138,-558.9319060262513,-2572.530530072808,-4270.990666298032,-5378.301927758444,-1376.451202329197,-4845.467194156688,8278.81612800512,6671.192229034486,93.9186014874329,-1879.6848534963713,-2639.1859454901055,5016.095966321917,1793.8293920762194,-428.8374059147206,2371.792410893331,5783.064300147281,20.2221235682033,6092.36285896085,2504.1945110302445,-4117.744871141074,-2541.5620424283015,-12825.66234858548,-1831.14859257426,-862.8008760880538
4266.708614118701,-592.2500502980445,43.14941529921954,-349.3955163288744,-2474.2434113138443,2527.988500399718,-998.989179973718,-1818.7010413254172,-1146.7782569214432,-3169.3492997773333,-777.3970636037282,-66.18432150107049,2978.5860437054607,-5270.751555422241,-2196.6182894522067,3609.780936384021,-3091.500285907974,-1718.0973307067793,-7521.175644876706,1017.0415871208005,-3338.653771081255,-329.55949809786205,-4527.252705651427,-7546.052952672639,664.2077996106192,-693.1821514312793,-1802.9243428565844,-1262.7444263562525,305.508724406545,-1568.641529404796,1053.4208297895884,-1970.3305487619216,375.3792535181047,1726.3587367501327,2866.95844172364,3609.3890026741346,923.2384532310964,3251.738978629473,-5556.803282528736,-4477.8471286363165,-62.407919703121784,1262.2450784419389,1771.491799135103,-3367.057126929714,-1204.4961646955992,287.59220431296256,-1591.0706940675727,-3881.541056743023,-13.633418576101965,-4088.959465853661,-1680.1827487169762,2763.257507562644,1705.9585584568538,8607.942986250902,1228.6269353798366,579.218885735538
-7985.273088150113,1109.0488863850696,-81.88450112723523,653.7603506980316,4631.144076167501,-4734.273904441908,1869.9123754144775,3404.3373350512684,2146.4909478871696,5931.914529500229,1456.6024000135012,124.6054562510683,-5576.611410369,9868.12523246748,4111.912211711625,-6756.700741225974,5785.91542290014,3215.0909245172743,14079.256472332427,-1905.1640359272415,6249.60037600252,616.4655874568094,8476.273792874079,14126.75213378283,-1241.780673560974,1298.7386090030461,3374.855336722764,2363.0416477479775,-573.3780850298792,2936.33944632138,-1970.3305487619216,3689.215496319158,-701.9445962894889,-3231.9402089612195,-5365.3448963618675,-6757.13739387172,-1729.757005171568,-6087.612066576834,10400.516326495659,8380.813597968781,118.51930229023793,-2360.807306281031,-3315.3461190622656,6301.30704935131,2253.1548971870025,-538.9564400072354,2980.2473867313406,7265.148714217146,25.29156784216647,7653.697382193559,3146.356526777307,-5173.5239634381705,-3192.9370293659754,-16112.998633081015,-2300.845072888515,-1083.963355304903
1520.2503646720847,-211.01519547018813,15.179586341754852,-124.56205580210168,-881.5773911277353,900.5430197603678,-355.8823931104812,-647.9899252747691,-408.7186989628382,-1129.3095625864976,-276.8187606622941,-23.467841073657496,1060.9565960252949,-1877.5644167573007,-782.533411046688,1286.1774557497238,-1101.5054905415552,-612.2837436553796,-2679.658375535737,362.12375959289596,-1189.478847184088,-117.50901170817907,-1612.7076733156196,-2688.392292714155,236.86136821229906,-246.77159872087606,-642.3785718867698,-450.0942707886128,108.72950076293584,-558.9319060262513,375.3792535181047,-701.9445962894889,133.90638662747693,615.0917134395822,1021.5569137746937,1285.7501617152461,328.6368546428767,1158.4238522010187,-1979.8217805732472,-1595.4069115474917,-22.04372316224513,450.05389838319564,631.3166784832151,-1199.8039010433176,-429.2995608932062,102.38068817917602,-566.7100598758561,-1383.0041944619234,-4.902927595691762,-1456.9075307357923,-598.5364395579448,984.3191637177601,607.7736353487028,3066.8577418486093,437.5311791912251,206.30881551006664
6996.074381956858,-971.5666616440719,71.44799742489077,-572.86345075249,-4057.368935719553,4147.4200177082,-1638.1274980598257,-2982.529526690548,-1880.6780656152096,-5197.076899427402,-1275.9065069029086,-108.95330561517183,4885.336536460748,-8645.025722490725,-3602.37701563226,5919.59224879385,-5069.0655187889,-2816.9113477379356,-12334.670434663916,1668.8055659042072,-5475.19334736734,-540.1816268282312,-7425.621782707396,-12376.062484414226,1088.2453474805773,-1137.503424855012,-2956.700532915583,-2070.4498090993725,502.08621910269767,-2572.530530072808,1726.3587367501327,-3231.9402089612195,615.0917134395822,2831.562129749826,4700.767176262585,5919.651479808167,1515.1207667321667,5333.190730243138,-9111.949755899355,-7342.53525917388,-103.51113506435117,2068.717904768485,2904.7361081045274,-5520.868522982906,-1974.277032393347,472.10382700890045,-2610.609971856915,-6365.055536437757,-22.2659361461222,-6705.504168042777,-2756.3044568819546,4532.295974414647,2797.333265524479,14116.472650023023,2015.5416548868034,949.6385227765064
11615.853329028228,-1612.8592640478068,118.148069729168,-951.1217296604406,-6736.357180774118,6884.543539334922,-2719.8228463756986,-4951.734060571801,-3122.341970908896,-8628.717722504476,-2117.6109290183263,-180.6591126935554,8110.45881285432,-14351.93181962843,-5980.764033078894,9828.112109494015,-8416.442450248094,-4677.195447917008,-20478.288303300214,2770.006300237353,-9090.17862526465,-897.0238941779978,-12327.529722154155,-20546.640737179037,1807.4311385749122,-1888.0896472961954,-4908.81172698924,-3437.692701814027,832.8827181799463,-4270.990666298032,2866.95844172364,-5365.3448963618675,1021.5569137746937,4700.767176262585,7805.02096334071,9827.748182148474,2514.771272818565,8853.977718104567,-15128.659931387341,-12190.966332391703,-171.08747433263719,3435.4070978590894,4822.82043643891,-9166.517106082263,-3278.452935492326,783.4947388160459,-4333.391909689245,-10567.844434622448,-37.00439657986008,-11132.821987971625,-4575.508591031706,7524.194469204285,4644.485845362453,23436.77422262899,3345.8100240557683,1576.786853335445
14626.652943151412,-2031.2599860276716,149.87547945234903,-1197.4487351140463,-8482.729820856182,8671.048501397052,-3425.123205520743,-6235.580696182538,-3931.505379195036,-10865.322949341824,-2667.745708078202,-228.15499467407926,10214.451474877813,-18074.831054745562,-7531.691483579054,12376.000850857758,-10598.08163423822,-5889.0692352812475,-25788.25397134397,3489.460404033094,-11447.165202383092,-1129.1762440531904,-15525.424051850889,-25875.120792100573,2274.734382647481,-2378.7236580647163,-6181.553021851326,-4328.2485509482685,1049.9065309212945,-5378.301927758444,3609.3890026741346,-6757.13739387172,1285.7501617152461,5919.651479808167,9827.748182148474,12376.792820428334,3168.2006515341595,11150.336556423881,-19050.539089964826,-15351.137219237418,-216.78866232778688,4324.39269031976,6072.593137183476,-11542.066710942809,-4127.29224235042,987.0884721031064,-5458.388726804961,-13307.383571619497,-46.33610055319745,-14018.971215738058,-5762.7614444704,9476.028550968973,5848.542835259435,29513.548461523013,4214.303099682313,1985.605931668188
3742.8889583507885,-520.0069139998903,38.92810319053141,-306.26746609214223,-2170.86094119425,2220.0145976827794,-876.6448416905491,-1595.8524152047328,-1005.9761649124781,-2780.4487126874624,-683.4099792735852,-58.77069555001837,2614.9376744278666,-4626.977119071329,-1927.7586684845612,3167.2364080909574,-2712.077299979079,-1506.7181098841772,-6600.312660899056,893.7809726331454,-2929.820534868802,-288.73950760384065,-3974.4177440072276,-6622.997583097342,581.4405373588397,-609.4242186392369,-1582.039840936247,-1107.291179495759,269.3166317663238,-1376.451202329197,923.2384532310964,-1729.757005171568,328.6368546428767,1515.1207667321667,2514.771272818565,3168.2006515341595,811.750972676495,2854.1247585114465,-4875.359086068524,-3928.530624246181,-56.23607405844419,1105.7078795244279,1553.7703594909847,-2953.3286168214195,-1055.660088611948,252.9124199353585,-1397.8196431416716,-3405.54997554327,-11.719784162343503,-3587.743408838687,-1475.3688158887487,2425.77562118614,1496.7778789849376,7553.563942993193,1079.1496064580565,508.16969400818544
