V1,V2,V3,V4,V5,V6,V7,V8,V9,V10,V11,V12,V13,V14,V15,V16,V17,V18,V19,V20,V21,V22,V23,V24,V25,V26,V27,V28,V29,V30,V31,V32,V33,V34,V35,V36,V37,V38,V39,V40,V41,V42,V43,V44,V45,V46,V47,V48,V49,V50,V51,V52,V53,V54,V55,V56
42.79450671712908,-37.50000466926449,40.01631401344284,48.09396036641171,-38.80061392619148,-4.323334870094252,36.87913979328604,8.176602717984757,-74.14702879567565,16.299822295195373,80.22851316966563,51.185049147186554,-47.18111083087386,40.99917038582486,-165.8272562774074,81.16819861871082,-3.3701456934543454,-65.83946789253942,44.96803686116551,0.4006300993267789,-39.508769567104295,16.030000716004505,-146.414336978239,105.20902401857583,127.06493308540267,-105.28669221049724,-87.61515483513166,-3.4329872818117892,-122.01994929210089,103.41280011526669,97.11113306430693,-1.1362762031210103,-38.89482161778137,-18.78792372687718,-60.798758914937245,-133.55546466393577,116.44961527520343,-55.897397245587314,-19.610371060764063,120.21342206892682,49.33178079196668,55.66996027390101,-89.52086201386813,-61.025103188753,40.50380965431206,-158.31417114154124,32.56718484808956,135.8961456645422,102.38638314091884,-13.552650375264426,10.988224380456478,-19.95850833975633,-71.44701665697329,-239.47970173820642,61.60459991917283,-36.09731586981296
-37.50000466926449,33.25444079370366,-35.614235807028564,-42.31496357619969,34.36780275997024,4.408960951004072,-31.629199300730875,-7.079380716987493,64.82901354975368,-14.236554439173092,-70.73323344120661,-44.32400252037441,41.54075972110664,-36.397225485180606,145.19444175094722,-71.28414439597526,3.9644233465319996,58.09133406646546,-39.055559224327396,-0.14697984470216602,34.94954344155646,-13.960611641923647,128.73472233144568,-91.64535953982885,-111.27366674125955,92.92170463595174,77.18065831832496,3.267493718767089,106.93955340319422,-90.50671052285533,-85.71663835660657,1.3045921923705308,33.23168357259468,17.845867341932667,53.705076020440465,117.26221549518264,-101.39453078143619,49.25319212552558,17.266758752400474,-105.84393037853684,-43.17121319165396,-49.11374951556983,78.3872033149535,52.936628833252485,-36.03934946100209,139.73300907654274,-27.86595985281233,-119.14721694600868,-90.50245583389464,11.418379621538842,-9.3220765303023,18.019250219719552,62.82978345618863,209.76978150632365,-53.64657519043286,31.79748962493804
40.01631401344284,-35.614235807028564,38.18284211731986,45.210143959196415,-36.79372627772542,-4.907074719141804,33.527536939667264,7.526509041668825,-69.13196998393309,15.1766367831931,75.61985263660604,47.1259423083548,-44.39233805280566,38.992849562323734,-154.89910601728258,76.1188990225524,-4.560047042111541,-62.118881217178675,41.56246600141679,0.09033283613593894,-37.401861185672004,14.869302570173888,-137.51465046390578,97.61649446459997,118.71715846605512,-99.37231606737858,-82.49163024555179,-3.571224032976738,-114.12049106253897,96.54334348806344,91.67042914754414,-1.4928043569445333,-35.18417383267607,-19.49391471137325,-57.44833435433893,-125.20564352001341,107.98702136831749,-52.64659414973377,-18.452312523800234,113.11018263898745,46.04938666591464,52.51729237747115,-83.62811807693093,-56.31322536327435,38.635795283607905,-149.43693433587777,29.51676898477436,127.16300475049088,96.83056659892392,-12.035428895643022,9.847649883436908,-19.401099933626007,-67.11812619967971,-223.81896075635981,57.13670392730367,-33.985265319883105
48.09396036641171,-42.31496357619969,45.210143959196415,54.12403549596073,-43.76519114576008,-5.128331473809936,41.14743262471122,9.151948990689222,-83.26617823063302,18.298031708978293,90.35066528118705,57.29391596996723,-53.10930626335137,46.28070157869652,-186.3116989675808,91.28830483068315,-4.226872201875907,-74.165389692296,50.38497593171163,0.3615687369938046,-44.54418276517293,17.97763255605858,-164.7343892144164,117.99976706767038,142.76919359256559,-118.61205978970382,-98.64101315644983,-3.9707444628230273,-137.13714253926605,116.1702698833522,109.40627658921285,-1.411200986319185,-43.34155058395913,-21.71516870766199,-68.51385357691609,-150.194269638046,130.58856436180974,-62.9373562074927,-22.07469895213273,135.31867510704473,55.415885908692715,62.70775941038595,-100.5813731008364,-68.3481573924478,45.75710660899276,-178.3558019392118,36.30813597148833,152.75264301272887,115.4057017781936,-15.032132868784343,12.215693044082947,-22.66034863557757,-80.39116067415213,-269.1001369871786,69.08725038348996,-40.63959056945312
-38.80061392619148,34.36780275997024,-36.79372627772542,-43.76519114576008,35.52245427134093,4.498876825913152,-32.79597176648255,-7.333607112447857,67.0921476152344,-14.735057477452221,-73.14275101875384,-45.914942756052774,42.961519861114134,-37.611817293407825,150.24205918244877,-73.74043786167199,3.999246986785299,60.06574888019134,-40.445560862991755,-0.17280092665022204,36.128312211550636,-14.45355522348495,133.15547716488422,-94.87945073566893,-115.14015257976727,96.07738072620695,79.81636183753047,3.3544955969341985,110.64691733132481,-93.65710821946807,-88.62658416727695,1.3184740139047333,34.47067143832833,18.324453886484882,55.52423193358091,121.30583418600514,-104.97698173400161,50.933879001412414,17.8572394032474,-109.46380118460506,-44.67432993630335,-50.78352059459857,81.11180679113654,54.82729837576399,-37.23379214257829,144.47726875927017,-28.900668366268686,-123.27307876013934,-93.56181288116578,11.860857658605438,-9.676535239654443,18.590394746149503,64.98634222445189,217.05348746361022,-55.54134422418619,32.88344906319421
-4.323334870094252,4.408960951004072,-4.907074719141804,-5.128331473809936,4.498876825913152,1.414368904117658,-2.6429274395251925,-0.691152493035782,7.262811263866995,-1.5731711227022065,-8.783326965526626,-4.338374080628133,5.076521537959105,-4.8830309538944086,16.56864827987582,-8.448911930633704,1.933583355095591,7.277572163963409,-3.9929701896148293,0.2810146736662725,4.509305696981932,-1.4836798418771013,15.476200013512997,-9.766501453682924,-12.72499295498057,11.677901119474821,9.489581610247042,0.755164777897722,12.35195168032002,-10.270904860659035,-10.787422800309635,0.6014021023247853,2.588534444143154,4.075833447368812,6.816857876962607,13.854876223954875,-10.743396722490752,6.074539693825724,2.111267710024379,-12.937213734790554,-4.893489452610382,-6.145826143925776,8.952133419252599,5.316687281904498,-4.953030040547988,17.577410574775673,-2.231389596483997,-13.829708305481212,-11.577448050902797,0.6483124674577637,-0.6269547364783227,2.851225977775061,7.567813255009179,24.064633889154173,-5.6937109027685455,3.908355599886228
36.87913979328604,-31.629199300730875,33.527536939667264,41.14743262471122,-32.79597176648255,-2.6429274395251925,32.98076667020179,7.1957822379396355,-64.15034045347244,14.1281809661637,68.38755593239225,45.03210021466453,-40.31600093560931,34.51114501413604,-143.10934923215865,69.67290189810608,-1.139744874286754,-56.045169195018495,39.3613571337323,0.7013383905073417,-33.47393112085422,13.964585696840004,-125.41758283467477,91.62135145374498,109.62492583066243,-89.57988051445193,-74.79744800012567,-2.5061636268015244,-105.12596309835726,89.31373795932879,82.60589105039087,-0.44023544893380634,-35.00362383559247,-13.778784547701372,-51.64747496598519,-114.69308487437638,101.48395559030422,-47.69737008329221,-16.755561025111323,102.71875398080518,42.612774968754444,47.39696245839731,-77.24826526255505,-53.52947221305847,33.951295035836054,-134.6767616330844,29.238172617218186,117.00001304809543,86.86719910998326,-12.47772846982182,10.004481627104722,-16.27494036460842,-61.18359505557345,-206.51986160090888,53.6761145260358,-30.81792057144818
8.176602717984757,-7.079380716987493,7.526509041668825,9.151948990689222,-7.333607112447857,-0.691152493035782,7.1957822379396355,1.5808889401603305,-14.198473937191368,3.124497668209657,15.23541193541121,9.89464292186058,-8.971957832440074,7.731318594817955,-31.709463618157233,15.474197159639047,-0.4240997228562162,-12.49333357394077,8.667775187038094,0.12090703214574364,-7.477344599237876,3.0815307944687294,-27.880429336504992,20.22091635763158,24.293296845054588,-19.973097942326866,-16.652269925190765,-0.5995845555993687,-23.310516002188415,19.78307971061453,18.41992653050574,-0.14996061975749672,-7.616515324619116,-3.2892493296209397,-11.523526504800298,-25.467992871714692,22.39051505824448,-10.621143137030863,-3.72893327934301,22.85940999335212,9.438114393792699,10.564680745510438,-17.117110974871768,-11.776926765580395,7.62010775443256,-30.0300405141233,6.3685888991753705,25.95132032350242,19.392376696349892,-2.6889246014265575,2.166147723220535,-3.698201924513294,-13.60286888830409,-45.77437065666752,11.84370443910278,-6.8608955571396635
-74.14702879567565,64.82901354975368,-69.13196998393309,-83.26617823063302,67.0921476152344,7.262811263866995,-64.15034045347244,-14.198473937191368,128.52255185415913,-28.25869884702486,-138.84823763419706,-88.87886463729119,81.67519299628587,-70.86367058310941,287.3602203634407,-140.57646485519885,5.467833413935117,113.92950971280938,-78.04116522043583,-0.7690656093283165,68.33335292626684,-27.805703979903278,253.52231186496252,-182.4893390530871,-220.18260645581537,182.18016471909255,151.65590956766988,5.852943218019523,211.40964786791818,-179.21725284637196,-168.0299772211854,1.8553314301948776,67.70288083324292,32.04486774059771,105.18453502305948,231.31779892288603,-202.0020976046113,96.74987008661977,33.947145062463306,-208.10069570821398,-85.49477534283871,-96.33385697960574,155.1279190671533,105.93170592023074,-69.9774117297351,273.93077823872613,-56.673660422758665,-235.43430275975876,-177.11013206187422,23.64977931414201,-19.151123731076687,34.38610977062687,123.70974004165429,414.9598344187213,-106.86150414840623,62.48234851142756
16.299822295195373,-14.236554439173092,15.1766367831931,18.298031708978293,-14.735057477452221,-1.5731711227022065,14.1281809661637,3.124497668209657,-28.25869884702486,6.213901733194823,30.506899353310924,19.55828321438657,-17.947302552225537,15.560269606679515,-63.17510665256406,30.897103653385024,-1.1638232280246126,-25.03023391335468,17.169050827064765,0.1767728490907373,-15.009379919926628,6.115810960429993,-55.715662005448024,40.1374830543225,48.40564625287631,-40.0239001616101,-33.323374813386046,-1.2768657273410724,-46.473806846786346,39.40174263219748,36.91479883570004,-0.39619433603258564,-14.915330889094793,-6.992265285030121,-23.10665003249187,-50.84213647840776,44.43079996352631,-21.2583783132155,-7.4595258294472115,45.727984341707426,18.79656787978198,21.16466189041826,-34.10413171510095,-23.307407465379676,15.362565343812443,-60.18052610860759,12.484006158994683,51.753345834716896,38.90473206693487,-5.216228148881801,4.221595107637007,-7.539121241406748,-27.186848265878375,-91.22413074158503,23.50417649802922,-13.729282996037217
80.22851316966563,-70.73323344120661,75.61985263660604,90.35066528118705,-73.14275101875384,-8.783326965526626,68.38755593239225,15.23541193541121,-138.84823763419706,30.506899353310924,150.87804361111435,95.3809715331069,-88.66740310984386,77.37690300463544,-310.75508788558255,152.34185052979797,-7.423396720796565,-123.86621495520934,83.92178779302773,0.5280184665299975,-74.42794865982523,29.95787819029191,-274.9636612401577,196.64123537123146,238.13603823192193,-198.10747603462892,-164.69835759056295,-6.719286068328677,-228.77278593400166,193.74961258353525,182.73565042385346,-2.467835025427116,-71.98738566560826,-36.733347119247995,-114.44988527231094,-250.63309336104965,217.60429700063045,-105.08961248890283,-36.85456693785478,225.91873343846504,92.42158511704727,104.72864643271701,-167.7645890136372,-113.81754510761128,76.53151507308739,-297.8964893118245,60.320433809268486,254.83972479940812,192.80375503651476,-24.90758415141855,20.264840824262933,-37.996253440688115,-134.18725943552286,-448.87254208224994,115.12489139245231,-67.85457438088193
51.185049147186554,-44.32400252037441,47.1259423083548,57.29391596996723,-45.914942756052774,-4.338374080628133,45.03210021466453,9.89464292186058,-88.87886463729119,19.55828321438657,95.3809715331069,61.92982994097582,-56.16767829769609,48.406551494920784,-198.49715299627647,96.87057015184645,-2.6740757767152137,-78.21509594845757,54.253120715074566,0.7529861512400554,-46.81399130649987,19.288561483059215,-174.53811629799387,126.57133480704678,152.07326057735267,-125.04299186588818,-104.24994054196718,-3.758299571274508,-145.92275803992123,123.83878395432058,115.31944940906939,-0.9446231176992879,-47.66274371250425,-20.61680627713544,-72.14474946279803,-159.43251924273633,140.15097594096196,-66.49289388014795,-23.344468881021655,143.10814055422267,59.08095084421764,66.14058415934208,-107.15099811875427,-73.71262400765838,47.71182795576426,-188.00541556395788,39.854203918028475,162.45495861161848,121.41003827419108,-16.82380646958592,13.554119462170144,-23.16061136892022,-85.15738847765284,-286.5433151618729,74.13449232383475,-42.95196598656176
-47.18111083087386,41.54075972110664,-44.39233805280566,-53.10930626335137,42.961519861114134,5.076521537959105,-40.31600093560931,-8.971957832440074,81.67519299628587,-17.947302552225537,-88.66740310984386,-56.16767829769609,52.11577941569819,-45.43684857239702,182.7668978611939,-89.56724904025418,4.220884343338348,72.78691745943095,-49.40302462440909,-0.3397043186094076,43.72286646211931,-17.630083363925426,161.6396308363669,-115.71993486578977,-140.05421879588803,116.40931757178566,96.79856568235961,3.9144428082845457,134.53541669536173,-113.9571168901619,-107.37524255458499,1.4071120701852184,42.45641276104523,21.404516387134088,67.24492908128703,147.36049875009286,-128.06238025461448,61.762725747536265,21.66174498332089,-132.7873060466986,-54.359879571394856,-61.54190248186498,98.66803955783175,67.01136262335535,-44.92878749772922,175.0444321057732,-35.56963757468359,-149.85810134788392,-113.2728052552146,14.713235255315553,-11.961294611502241,22.26918489975486,78.88166709237467,263.98660978176116,-67.75125770114964,39.88047031440931
40.99917038582486,-36.397225485180606,38.992849562323734,46.28070157869652,-37.611817293407825,-4.8830309538944086,34.51114501413604,7.731318594817955,-70.86367058310941,15.560269606679515,77.37690300463544,48.406551494920784,-45.43684857239702,39.84099542117349,-158.73089093468437,77.95169847254496,-4.436469570739753,-63.55203549600072,42.664623160463904,0.14008591940332188,-38.24392292174282,15.254589018515794,-140.7909863696891,100.14161393762656,121.64956806970055,-101.65907775969826,-84.42338217820438,-3.5985641393847643,-116.91979160900691,98.940681518792,93.77756141828934,-1.4575184206744478,-36.246617368955604,-19.650684983585222,-58.75960223398451,-128.2273116764235,110.7903178609601,-53.87646385062966,-18.886278510030163,115.77115250578493,47.19377944180047,53.73005303809414,-85.69571702060095,-57.82181929256992,39.45742066128722,-152.8731655632049,30.398295686623328,130.2714325419815,99.02642973969422,-12.437633445971793,10.160958694462746,-19.754166319272695,-68.71492640474507,-229.33536684054815,58.61842625932487,-34.7813189135519
-165.8272562774074,145.19444175094722,-154.89910601728258,-186.3116989675808,150.24205918244877,16.56864827987582,-143.10934923215865,-31.709463618157233,287.3602203634407,-63.17510665256406,-310.75508788558255,-198.49715299627647,182.7668978611939,-158.73089093468437,642.6097358766522,-314.4772012756068,12.759198728923975,255.00785194290708,-174.35318572429205,-1.6129442186804428,152.9976331226902,-62.14127478972783,567.2217498204268,-407.8438247681984,-492.3934280726243,407.7863312062385,339.38564174363313,13.225855309414348,472.81853773778334,-400.7543526704515,-376.1184533195697,4.311421341429988,150.96859441671762,72.3924972875868,235.4661585928856,517.4547705907927,-451.43059948488667,216.52005213858916,75.96498398953555,-465.6738011665981,-191.17599970163303,-215.621017634458,346.90760756936606,236.6299921627848,-156.78878144801783,613.1639470129089,-126.39608716320754,-526.5740763833797,-396.5114893380667,52.65181803974402,-42.66994762432819,77.18135853652399,276.78896135844644,928.0001404871937,-238.815536058881,139.82666567552397
81.16819861871082,-71.28414439597526,76.1188990225524,91.28830483068315,-73.74043786167199,-8.448911930633704,69.67290189810608,15.474197159639047,-140.57646485519885,30.897103653385024,152.34185052979797,96.87057015184645,-89.56724904025418,77.95169847254496,-314.4772012756068,154.01485361320312,-6.797727965493928,-125.0369449786605,85.15072767802275,0.6780087700081389,-75.06802534310106,30.369489284348557,-277.87796183180603,199.33012718660055,240.97524067564427,-199.9620618701993,-166.34192080546356,-6.615328014534169,-231.44120450225554,196.0978403338534,184.4390613165351,-2.2790737434814647,-73.4303149163348,-36.18944814897306,-115.48861888015027,-253.4065645633298,220.60970552826635,-106.12926934212032,-37.22802664634706,228.21029121510773,93.54446418443456,105.72190967994091,-169.7705917382712,-115.53014416907932,77.04271222977543,-300.67724907845997,61.500523028929415,257.7794999174681,194.51008945467194,-25.521760550998557,20.71830748568982,-38.06782441261977,-135.60245101996668,-454.18767198088517,116.71034393363489,-68.53230730634078
-3.3701456934543454,3.9644233465319996,-4.560047042111541,-4.226872201875907,3.999246986785299,1.933583355095591,-1.139744874286754,-0.4240997228562162,5.467833413935117,-1.1638232280246126,-7.423396720796565,-2.6740757767152137,4.220884343338348,-4.436469570739753,12.759198728923975,-6.797727965493928,2.8615980443074105,6.2053469143187066,-2.645111231083908,0.4923740332201204,3.955415076698593,-1.0411571236267487,12.64614993291838,-6.880225777349274,-9.824456876478816,9.988443148083022,7.939974091888972,0.9358361234957718,9.64979966726096,-7.856478274121578,-9.23941686783678,0.8824948535550792,0.8779638458057527,5.028582826594887,5.887474184844753,11.108359203250544,-7.506823826600273,5.098683585138044,1.7563807631911044,-10.75876113953368,-3.7378687779123263,-5.234405001438153,6.90043163129042,3.4232731218457495,-4.593086810683265,15.04839228038846,-0.8393794539770574,-10.866305795244271,-10.073838922057059,-0.10741735133083213,-0.07798979897380345,2.932391810815114,6.19675824564975,18.649495049345408,-3.9879068929547272,3.269093046825357
-65.83946789253942,58.09133406646546,-62.118881217178675,-74.165389692296,60.06574888019134,7.277572163963409,-56.045169195018495,-12.49333357394077,113.92950971280938,-25.03023391335468,-123.86621495520934,-78.21509594845757,72.78691745943095,-63.55203549600072,255.00785194290708,-125.0369449786605,6.2053469143187066,101.69527643088422,-68.8312287294263,-0.410438675421438,61.116093511164024,-24.575252139515033,225.69745555677545,-161.3121494101501,-195.41822850750492,162.6508485973087,135.2050119537144,5.543241252543384,187.74399714961876,-158.98793480712558,-150.0313748268501,2.059853734951068,58.98099667403933,30.30014050782304,93.97123101296012,205.70767592764918,-178.50417480028509,86.27213486486664,30.25391989219403,-185.4564657923462,-75.83928879057541,-85.98262266421307,137.66936468647222,93.34393094077095,-62.86680958793607,244.5812366624935,-49.42659033627434,-209.14122406863942,-158.31205807078922,20.389109363921083,-16.59594526640185,31.24100791712797,110.14558628106057,368.35778767417315,-94.43945811350389,55.70343405093447
44.96803686116551,-39.055559224327396,41.56246600141679,50.38497593171163,-40.445560862991755,-3.9929701896148293,39.3613571337323,8.667775187038094,-78.04116522043583,17.169050827064765,83.92178779302773,54.253120715074566,-49.40302462440909,42.664623160463904,-174.35318572429205,85.15072767802275,-2.645111231083908,-68.8312287294263,47.5613314106752,0.6018327713272896,-41.224063648993926,16.920533929300742,-153.4655698850668,111.03765883171229,133.5814399938658,-110.04842959766489,-91.7060868116445,-3.3776310568135437,-128.20336189478905,108.764371305304,101.49394174568931,-0.9202443947859225,-41.62457182214621,-18.517053960987738,-63.50720296513111,-140.1348757160324,122.93843149791662,-58.49594153149216,-20.533183489128163,125.87316934614387,51.88812161867644,58.20392334542154,-94.11923367326243,-64.60182955671185,42.076572811655964,-165.46404772446024,34.81685587714167,142.74162456281292,106.8924929066521,-14.646501112677448,11.818105022442511,-20.50251992178907,-74.8789948300118,-251.71536800094745,65.03159939829956,-37.78352491883882
0.4006300993267789,-0.14697984470216602,0.09033283613593894,0.3615687369938046,-0.17280092665022204,0.2810146736662725,0.7013383905073417,0.12090703214574364,-0.7690656093283165,0.1767728490907373,0.5280184665299975,0.7529861512400554,-0.3397043186094076,0.14008591940332188,-1.6129442186804428,0.6780087700081389,0.4923740332201204,-0.410438675421438,0.6018327713272896,0.10948769394378267,-0.1995340862392846,0.19471375775443964,-1.1454968597164175,1.2684919481438122,1.2262786864399846,-0.6431985152157964,-0.6103034995681396,0.10217076387966426,-1.1341240394143786,1.0261197311895793,0.5878932823438321,0.14940261947079161,-0.8050835288879516,0.5403271269038948,-0.34728210029467166,-1.1310813891429135,1.4259185501389966,-0.38269477787720746,-0.1408076515867316,0.8646870620228038,0.4915075015228669,0.34955424931797696,-0.8682284611258724,-0.850299392101391,0.0959692999462251,-0.9612221068456719,0.6530722130426143,1.2390472929029748,0.5527155050435116,-0.3639347626184141,0.26176804151057026,0.08774581738035177,-0.553779133726229,-2.2842654907287776,0.7509918963279993,-0.25187407910894644
-39.508769567104295,34.94954344155646,-37.401861185672004,-44.54418276517293,36.128312211550636,4.509305696981932,-33.47393112085422,-7.477344599237876,68.33335292626684,-15.009379919926628,-74.42794865982523,-46.81399130649987,43.72286646211931,-38.24392292174282,152.9976331226902,-75.06802534310106,3.955415076698593,61.116093511164024,-41.224063648993926,-0.1995340862392846,36.74971184011191,-14.72730373141165,135.53549392066876,-96.67432911247471,-117.24977389922014,97.75453441793982,81.2262848370602,3.385766712077377,112.66451691457371,-95.37938465426122,-90.17248835808448,1.3068500484981072,35.19812556221013,18.499193925110507,56.48812629875567,123.49320607256253,-106.96779182147745,51.83212582179563,18.173619234967603,-111.40349273899241,-45.49630198010014,-51.67210552705958,82.59891117399971,55.89016637847565,-37.85019524473025,146.99798771268956,-29.50577778430905,-125.51554527151333,-95.17893146665102,12.130188812997568,-9.888576807042222,18.86845903309853,66.14674678747367,221.02438140838376,-56.593892866616116,33.46441442525469
16.030000716004505,-13.960611641923647,14.869302570173888,17.97763255605858,-14.45355522348495,-1.4836798418771013,13.964585696840004,3.0815307944687294,-27.805703979903278,6.115810960429993,29.95787819029191,19.288561483059215,-17.630083363925426,15.254589018515794,-62.14127478972783,30.369489284348557,-1.0411571236267487,-24.575252139515033,16.920533929300742,0.19471375775443964,-14.72730373141165,6.023383195574236,-54.748924673824504,39.52902520497871,47.61160880066562,-39.29377267526039,-32.73032417373206,-1.2292235410952088,-45.702881307792225,38.760948295674794,36.24032795282785,-0.3580516079542908,-14.755454508957044,-6.735168469010279,-22.6803601742751,-49.97698807337022,43.761572571354414,-20.87872738403124,-7.327599399427745,44.9195699664965,18.49127419240723,20.780442998486897,-33.54553743120196,-22.976648724598746,15.052366029385269,-59.08152624901687,12.346067210902822,50.89009598886102,38.18063263871332,-5.176666487388739,4.1830712842719375,-7.360129988389867,-26.714096419256283,-89.72239793872403,23.14949022795119,-13.485031118446095
-146.414336978239,128.73472233144568,-137.51465046390578,-164.7343892144164,133.15547716488422,15.476200013512997,-125.41758283467477,-27.880429336504992,253.52231186496252,-55.715662005448024,-274.9636612401577,-174.53811629799387,161.6396308363669,-140.7909863696891,567.2217498204268,-277.87796183180603,12.64614993291838,225.69745555677545,-153.4655698850668,-1.1454968597164175,135.53549392066876,-54.748924673824504,501.4121071788644,-359.35147645803215,-434.6535091904332,360.9503863371856,300.2078907689666,12.031451134080893,417.4885901232183,-353.6863342175357,-332.9338341244189,4.228418342476052,132.13312912183773,65.80505271618026,208.48551772603471,457.19195209271675,-397.698137215726,191.54316210393526,67.18472859724659,-411.84567911083525,-168.71735716631886,-190.83108227692443,306.21663964273296,208.19317168566405,-139.18026778519018,542.7551267527413,-110.68173281730415,-465.01693264145536,-351.1623384251571,45.863322332625486,-37.255984993037885,68.86953742960706,244.68931049303328,819.2502208446678,-210.39885546959948,123.6843121690811
105.20902401857583,-91.64535953982885,97.61649446459997,117.99976706767038,-94.87945073566893,-9.766501453682924,91.62135145374498,20.22091635763158,-182.4893390530871,40.1374830543225,196.64123537123146,126.57133480704678,-115.71993486578977,100.14161393762656,-407.8438247681984,199.33012718660055,-6.880225777349274,-161.3121494101501,111.03765883171229,1.2684919481438122,-96.67432911247471,39.52902520497871,-359.35147645803215,259.4138503531646,312.48400802272175,-257.9258014049364,-214.83635627844345,-8.079738578511462,-299.9605450099668,254.39292629157725,237.88335068678398,-2.3643047111814677,-96.8044190915677,-44.26869605212213,-148.87692215981775,-328.0225666829563,287.18847444893964,-137.04505539304063,-48.096732200450575,294.8420825980416,121.3603555708701,136.4027746918263,-220.16532391585358,-150.7767338007237,98.81790304499958,-387.81391171729575,80.9992816370033,334.0078250177711,250.62564660400366,-33.95460742659393,27.44035480136154,-48.330998591504404,-175.34182463572992,-588.8675054616059,151.9204951940991,-88.51345442475497
127.06493308540267,-111.27366674125955,118.71715846605512,142.76919359256559,-115.14015257976727,-12.72499295498057,109.62492583066243,24.293296845054588,-220.18260645581537,48.40564625287631,238.13603823192193,152.07326057735267,-140.05421879588803,121.64956806970055,-492.3934280726243,240.97524067564427,-9.824456876478816,-195.41822850750492,133.5814399938658,1.2262786864399846,-117.24977389922014,47.61160880066562,-434.6535091904332,312.48400802272175,377.29253134687156,-312.49699319948604,-260.07297497793314,-10.146539731961493,-362.29738537040635,307.07225836656716,288.2295829468771,-3.31820693316016,-115.6393227507586,-55.535924562893,-180.44588784266344,-396.5099719283271,345.8775626276438,-165.92104323958984,-58.21196886357604,356.84575995126164,146.48567751192513,165.23498902642504,-265.81478975604455,-181.2920277727508,120.16502643014852,-469.88360861147856,96.81912092273005,403.4897846949474,303.86343235119006,-40.32279469678062,32.681313110289466,-59.165147463446935,-212.09970403323092,-711.0751489274027,182.97623855330144,-107.14986288923387
-105.28669221049724,92.92170463595174,-99.37231606737858,-118.61205978970382,96.07738072620695,11.677901119474821,-89.57988051445193,-19.973097942326866,182.18016471909255,-40.0239001616101,-198.10747603462892,-125.04299186588818,116.40931757178566,-101.65907775969826,407.7863312062385,-199.9620618701993,9.988443148083022,162.6508485973087,-110.04842959766489,-0.6431985152157964,97.75453441793982,-39.29377267526039,360.9503863371856,-257.9258014049364,-312.49699319948604,260.14448649758396,216.23817890669164,8.881133243685143,300.2304028761737,-254.23712783423312,-239.96151358860567,3.313909792006958,94.2641394390317,48.54337279114488,150.3009788191719,328.9706798464624,-285.4118102163705,137.97892310771556,48.38566636855414,-296.6037162410151,-121.27412639208585,-137.5198013879468,220.1491662214781,149.23551141523845,-100.56821682794022,391.1850287715242,-78.99683121173591,-334.45071070200316,-253.21401815479493,32.57558095965859,-26.51951499849697,49.992984996926694,176.1527821119178,589.0512652090471,-151.00045568657475,89.08841833529931
-87.61515483513166,77.18065831832496,-82.49163024555179,-98.64101315644983,79.81636183753047,9.489581610247042,-74.79744800012567,-16.652269925190765,151.65590956766988,-33.323374813386046,-164.69835759056295,-104.24994054196718,96.79856568235961,-84.42338217820438,339.38564174363313,-166.34192080546356,7.939974091888972,135.2050119537144,-91.7060868116445,-0.6103034995681396,81.2262848370602,-32.73032417373206,300.2078907689666,-214.83635627844345,-260.07297497793314,216.23817890669164,179.79531185792064,7.295168494615006,249.8333264896823,-211.60664657289917,-199.45782323108602,2.6440802316261394,78.75572919691285,39.88725520815899,124.91664454869581,273.6709769876227,-237.7461057166436,114.72044856910077,40.23412417576775,-246.63609756135273,-100.94031150251736,-114.31638342380911,183.2203059569223,124.38562071293597,-83.48758433316051,325.1579785064317,-65.98504475961491,-278.29231379061446,-210.42597863199063,27.27634834441465,-22.18122842610485,41.40711974890988,146.5052663016755,490.2138213862559,-125.77996552620961,74.0745633274625
-3.4329872818117892,3.267493718767089,-3.571224032976738,-3.9707444628230273,3.3544955969341985,0.755164777897722,-2.5061636268015244,-0.5995845555993687,5.852943218019523,-1.2768657273410724,-6.719286068328677,-3.758299571274508,3.9144428082845457,-3.5985641393847643,13.225855309414348,-6.615328014534169,0.9358361234957718,5.543241252543384,-3.3776310568135437,0.10217076387966426,3.385766712077377,-1.2292235410952088,12.031451134080893,-8.079738578511462,-10.146539731961493,8.881133243685143,7.295168494615006,0.44599959954949897,9.798889732113683,-8.222142623847267,-8.198316298738042,0.29443681448043174,2.560048848804159,2.4169036143947715,5.159158090755169,10.865316969501885,-8.915161544809669,4.66270020985911,1.6274820592733539,-9.974734314889584,-3.9197177716676235,-4.6838493340611675,7.143085964225703,4.541073759972289,-3.6089724202756885,13.36163125309979,-2.170283221043544,-10.943780176599383,-8.7289145154507235,0.786090708841271,-0.6796423736862265,1.9498660899289815,5.87769499724872,19.157394814168835,-4.720589231885636,3.005056330187401
-122.01994929210089,106.93955340319422,-114.12049106253897,-137.13714253926605,110.64691733132481,12.35195168032002,-105.12596309835726,-23.310516002188415,211.40964786791818,-46.473806846786346,-228.77278593400166,-145.92275803992123,134.53541669536173,-116.91979160900691,472.81853773778334,-231.44120450225554,9.64979966726096,187.74399714961876,-128.20336189478905,-1.1341240394143786,112.66451691457371,-45.702881307792225,417.4885901232183,-299.9605450099668,-362.29738537040635,300.2304028761737,249.8333264896823,9.798889732113683,347.9160840680438,-294.85640438074637,-276.917781561623,3.252254207925715,110.86668171040834,53.6253903033584,173.37267636499283,380.81592557390786,-332.0067877134553,159.39111265985693,55.91832119216019,-342.7847123545592,-140.6574017022388,-158.74503928964998,255.2484720799079,173.97929085854275,-115.51042352766733,451.4414696665119,-92.83186297216066,-387.48323821337,-291.9656621676936,38.624347079005766,-31.318411799185107,56.92894150154303,203.72579277560916,682.8251764801857,-175.6396969688144,102.93095093726888
103.41280011526669,-90.50671052285533,96.54334348806344,116.1702698833522,-93.65710821946807,-10.270904860659035,89.31373795932879,19.78307971061453,-179.21725284637196,39.40174263219748,193.74961258353525,123.83878395432058,-113.9571168901619,98.940681518792,-400.7543526704515,196.0978403338534,-7.856478274121578,-158.98793480712558,108.764371305304,1.0261197311895793,-95.37938465426122,38.760948295674794,-353.6863342175357,254.39292629157725,307.07225836656716,-254.23712783423312,-211.60664657289917,-8.222142623847267,-294.85640438074637,249.92859040343626,234.49254917050928,-2.6580147040993265,-94.23116411530779,-45.00801168838092,-146.79833093017487,-322.6710712291954,281.58440803613337,-134.9987819001415,-47.36490702046527,290.3524366516253,119.22640916062832,134.43218614305002,-216.34347725105764,-147.6200897680858,97.72198364658539,-382.2800464961366,78.88954022234064,328.3745189237769,247.19380339494674,-32.880021699233744,26.640176618657982,-48.07904398180867,-172.58842389869585,-578.7253532195639,148.96296702775922,-87.1818841631197
97.11113306430693,-85.71663835660657,91.67042914754414,109.40627658921285,-88.62658416727695,-10.787422800309635,82.60589105039087,18.41992653050574,-168.0299772211854,36.91479883570004,182.73565042385346,115.31944940906939,-107.37524255458499,93.77756141828934,-376.1184533195697,184.4390613165351,-9.23941686783678,-150.0313748268501,101.49394174568931,0.5878932823438321,-90.17248835808448,36.24032795282785,-332.9338341244189,237.88335068678398,288.2295829468771,-239.96151358860567,-199.45782323108602,-8.198316298738042,-276.917781561623,234.49254917050928,221.34468340574423,-3.0646987808637136,-86.92211615989825,-44.81028920644573,-138.64128474887272,-303.4319853011357,263.2324131901443,-127.27192407826354,-44.630673310179205,273.5855081938922,111.85562535240894,126.85002228659674,-203.05294784964988,-137.63314661403547,92.77340895062258,-360.8357370580509,72.84502913051274,308.4821271550302,233.57240953721396,-30.034042951799833,24.452205611685166,-46.12493156763428,-162.4802640547177,-543.3089925832722,139.2663577987962,-82.17501876971454
-1.1362762031210103,1.3045921923705308,-1.4928043569445333,-1.411200986319185,1.3184740139047333,0.6014021023247853,-0.44023544893380634,-0.14996061975749672,1.8553314301948776,-0.39619433603258564,-2.467835025427116,-0.9446231176992879,1.4071120701852184,-1.4575184206744478,4.311421341429988,-2.2790737434814647,0.8824948535550792,2.059853734951068,-0.9202443947859225,0.14940261947079161,1.3068500484981072,-0.3580516079542908,4.228418342476052,-2.3643047111814677,-3.31820693316016,3.313909792006958,2.6440802316261394,0.29443681448043174,3.252254207925715,-2.6580147040993265,-3.0646987808637136,0.27240336152808775,0.36529530621101575,1.5829116046631149,1.9501777858043468,3.7265969160136816,-2.5837636152048633,1.6969905829848482,0.5854480554136319,-3.586497909264847,-1.2649297627272602,-1.7378865166371593,2.331295981055382,1.1980356814762916,-1.504120997952793,4.991912986723205,-0.3377074873804505,-3.6584998608044255,-3.3327565215264126,0.0010351123593335472,-0.05125255008889541,0.9455523932676574,2.0712397253180432,6.294558646477806,-1.371947332366323,1.0887029213962889
-38.89482161778137,33.23168357259468,-35.18417383267607,-43.34155058395913,34.47067143832833,2.588534444143154,-35.00362383559247,-7.616515324619116,67.70288083324292,-14.915330889094793,-71.98738566560826,-47.66274371250425,42.45641276104523,-36.246617368955604,150.96859441671762,-73.4303149163348,0.8779638458057527,58.98099667403933,-41.62457182214621,-0.8050835288879516,35.19812556221013,-14.755454508957044,132.13312912183773,-96.8044190915677,-115.6393227507586,94.2641394390317,78.75572919691285,2.560048848804159,110.86668171040834,-94.23116411530779,-86.92211615989825,0.36529530621101575,37.1895580467013,14.088855102094241,54.33305663613377,120.88800333689473,-107.23836959591465,50.2173541852748,17.64491057243503,-108.17167667781243,-44.96018354800171,-49.88133558135215,81.48902101601118,56.62776663911241,-35.63174729437047,141.71547426318347,-31.05160448563787,-123.37425639672118,-91.36401291000746,13.306344648567125,-10.64958842321422,16.994606087244858,64.45645354548562,217.83361601912773,-56.71764576164744,32.44906474978115
-18.78792372687718,17.845867341932667,-19.49391471137325,-21.71516870766199,18.324453886484882,4.075833447368812,-13.778784547701372,-3.2892493296209397,32.04486774059771,-6.992265285030121,-36.733347119247995,-20.61680627713544,21.404516387134088,-19.650684983585222,72.3924972875868,-36.18944814897306,5.028582826594887,30.30014050782304,-18.517053960987738,0.5403271269038948,18.499193925110507,-6.735168469010279,65.80505271618026,-44.26869605212213,-55.535924562893,48.54337279114488,39.88725520815899,2.4169036143947715,53.6253903033584,-45.00801168838092,-44.81028920644573,1.5829116046631149,14.088855102094241,13.099896518504332,28.19526255662674,59.441823108209924,-48.850074669842826,25.492792505627822,8.899303435180952,-54.54273660941705,-21.456886558376418,-25.602967731332658,39.09768067341478,24.901682315260096,-19.70063271595519,73.03221694370374,-11.93930203035439,-59.8865649356933,-47.699032151406506,4.344143892024228,-3.747798873040555,10.622303435577534,32.14659772734173,104.85097960360328,-25.865561964170457,16.43054116094972
-60.798758914937245,53.705076020440465,-57.44833435433893,-68.51385357691609,55.52423193358091,6.816857876962607,-51.64747496598519,-11.523526504800298,105.18453502305948,-23.10665003249187,-114.44988527231094,-72.14474946279803,67.24492908128703,-58.75960223398451,235.4661585928856,-115.48861888015027,5.887474184844753,93.97123101296012,-63.50720296513111,-0.34728210029467166,56.48812629875567,-22.6803601742751,208.48551772603471,-148.87692215981775,-180.44588784266344,150.3009788191719,124.91664454869581,5.159158090755169,173.37267636499283,-146.79833093017487,-138.64128474887272,1.9501777858043468,54.33305663613377,28.19526255662674,86.84333850322187,189.99437702886556,-164.7370501173286,79.70928674309994,27.950491403177644,-171.33606957981132,-70.02408839034815,-79.45125090882881,127.12027384539171,86.11375193312715,-58.13868443805653,226.01227699634754,-45.53797843233111,-193.13922429661582,-146.31337576804975,18.756976671628767,-15.27766356683611,28.931582110801987,101.74732604591733,340.1434318517976,-87.15682895307974,51.46458166933239
-133.55546466393577,117.26221549518264,-125.20564352001341,-150.194269638046,121.30583418600514,13.854876223954875,-114.69308487437638,-25.467992871714692,231.31779892288603,-50.84213647840776,-250.63309336104965,-159.43251924273633,147.36049875009286,-128.2273116764235,517.4547705907927,-253.4065645633298,11.108359203250544,205.70767592764918,-140.1348757160324,-1.1310813891429135,123.49320607256253,-49.97698807337022,457.19195209271675,-328.0225666829563,-396.5099719283271,328.9706798464624,273.6709769876227,10.865316969501885,380.81592557390786,-322.6710712291954,-303.4319853011357,3.7265969160136816,120.88800333689473,59.441823108209924,189.99437702886556,416.94185321985196,-363.04396483126146,174.6062403860103,61.24931545388984,-375.4627794792362,-153.9239317853786,-173.93143506543163,279.3477074986073,190.1360408677849,-126.72586996705363,494.66298295725903,-101.24494096534102,-424.1497441939393,-319.99064898817886,42.028642768607526,-34.113496600244325,62.59721637957333,223.10564671568116,747.3340098041247,-192.06261578244184,112.75158899138437
116.44961527520343,-101.39453078143619,107.98702136831749,130.58856436180974,-104.97698173400161,-10.743396722490752,101.48395559030422,22.39051505824448,-202.0020976046113,44.43079996352631,217.60429700063045,140.15097594096196,-128.06238025461448,110.7903178609601,-451.43059948488667,220.60970552826635,-7.506823826600273,-178.50417480028509,122.93843149791662,1.4259185501389966,-106.96779182147745,43.761572571354414,-397.698137215726,287.18847444893964,345.8775626276438,-285.4118102163705,-237.7461057166436,-8.915161544809669,-332.0067877134553,281.58440803613337,263.2324131901443,-2.5837636152048633,-107.23836959591465,-48.850074669842826,-164.7370501173286,-363.04396483126146,317.9413669931545,-151.65790313718603,-53.22656314427007,326.2891592229933,134.33270316685716,150.94057324936318,-243.69414788902492,-166.94357034326592,109.31700555126037,-429.1402798818957,89.72539295000792,369.68651551241675,277.3185850707292,-37.631421267534186,30.405007178101894,-53.43784091772121,-194.05159398772173,-651.79116663712,168.1878477277229,-97.9524484217913
