V1,V2,V3,V4,V5,V6,V7,V8,V9,V10,V11,V12,V13,V14,V15,V16,V17,V18,V19,V20,V21,V22,V23,V24,V25,V26,V27,V28,V29,V30,V31,V32,V33,V34,V35,V36,V37,V38,V39,V40,V41,V42,V43,V44,V45,V46,V47,V48,V49,V50,V51,V52,V53,V54,V55,V56
0.6140736937715436,4.418198948245332,-4.1366736007340956e-4,1.4737954134029398,1.0186537942047982,2.232730752890584,-2.147955113410271,-0.7038770489750729,0.9792362474942173,-2.0041258852874426,0.7886665683091173,-1.2573330625603951,-3.0411720414175587,2.858767709512258,2.178055697493193,0.9661770535886887,-2.907504681945422,0.22324299461683936,1.1573936709547576,0.08965964792933218,-0.46240918428058503,0.6456156095680918,-1.2450811032849625,3.1599147276248125,2.84666875275826,3.037492255047658,-0.3170954583595275,-0.6559108674197408,-0.41923001211797883,-0.10053559162751428,2.6625603074063466,2.8617603733362365,-1.0233397716652184,0.48658279044491753,-2.1089738903581576,-2.3863794992681626,-0.5041242093871076,-0.7173150628318254,1.4608038417443305,0.6720791830257753,3.171022611386429,-0.18366803304319726,-0.33515668060264553,2.737672769292171,-1.398783847705873,-3.7452261551024453,-2.4055723423304687,1.5440110757564953,-2.5854466471604343,0.3213846478209703,0.6939252180999477,0.4382162935003051,2.171226564361432,-1.7167309420944552,-3.343703643295332,-1.0975326986909864
4.418198948245332,48.53104469197386,3.067868760362192,17.367819438072008,14.805112897826548,28.291298081450517,-28.7519556290499,-10.496648944780233,9.415253068768779,-27.81100303826798,7.845232181690423,-9.259198503736615,-37.16552336863306,31.47868034735181,22.222706920516245,8.81541209891424,-37.3194461726311,7.371665495849047,16.590615852786296,-0.3755535637216068,1.9948317915340754,1.353168435789878,-17.605069929706254,37.28801685371905,24.00174636838361,36.30146198034265,-4.159331567546176,-4.36217728018987,-2.367701552744765,2.390348693254424,39.98691997696077,32.041147506254504,-15.316352761627437,0.4386473856146468,-21.837214199057843,-32.36571446419137,-4.269350514844105,-13.279214141804546,11.667735809248082,7.171684948531162,33.52821773507671,-4.540536044133941,0.5315468899932889,32.725067777792546,-18.06317539931693,-39.49439306873824,-28.283433056295,16.827011099525315,-30.16305009465445,-7.4692934443527115,8.965828378694114,6.896052568505806,20.542520978152947,-17.9121651483945,-36.52600122632939,-7.218719391361271
-4.1366736007340956e-4,3.067868760362192,0.5929683088640859,1.2866049091417844,1.4069847522571943,2.2945135778062076,-2.4870504932655355,-1.0224795833172056,0.4570888912190654,-2.53460679992472,0.4060075831824571,0.030006077225041245,-2.850085852609066,1.990941127368817,1.1678582978812364,0.32446615761077785,-3.0659198811190116,1.1013176118073336,1.5670745326791478,-0.19530893953661949,1.0662443000783062,-0.7051772458859863,-1.658621267192976,2.7151732006942018,0.5269555788324842,2.6751907628516562,-0.3634088784092069,0.06185461476681582,0.1567698646438079,0.6205545757361295,3.9432531158420154,2.1056479656356606,-1.5047586198275649,-0.6381495277109217,-1.1579836275727924,-2.8667854071957777,-0.13829971618474846,-1.5037322607576329,0.12736393568765744,0.40802597089675763,1.9617830870195316,-0.6247240667024551,0.5587237750909774,2.408083827942355,-1.5006979750845268,-2.2685338526980576,-1.9888626997430592,1.0251933926271941,-2.1281624533323584,-1.9104850874674557,0.743898637999566,0.7063934443708344,0.9016681337677868,-1.008537758401864,-2.2473432728554994,0.18075153279197595
1.4737954134029398,17.367819438072008,1.2866049091417844,6.3477792395650035,5.5245991575261915,10.388170808395085,-10.60270564586629,-3.930254805267659,3.346938524943024,-10.347171794186266,2.783074494194155,-2.9938333984590617,-13.55244450886249,11.250490942145667,7.818241444882599,3.050661321963082,-13.69601299379332,2.9352879964258043,6.202444740270619,-0.21142129020345518,1.1790064057987035,0.05965410509082839,-6.5997691111059265,13.536674071412707,8.06299621091151,13.168103399363309,-1.550666671990914,-1.434469812190147,-0.6807119197699175,1.096126122292037,15.001819410176564,11.506979108628961,-5.743716104212664,-0.19533059805008635,-7.64586744162313,-11.99459419916501,-1.5042498020263182,-5.018431777394695,3.8370772692416444,2.5247432639089182,11.93836407956794,-1.793195637345293,0.4149414779455524,11.862949015674628,-6.642553221030352,-14.00276532853284,-10.170985435741724,5.975219177196892,-10.887421383835466,-3.3618831859075793,3.2959328753923205,2.5951894032406235,7.199343228619559,-6.3509409907847765,-12.99566514822648,-2.2704887725074636
1.0186537942047982,14.805112897826548,1.4069847522571943,5.5245991575261915,5.0737872372194754,9.232067873635287,-9.560175053275302,-3.628274601747221,2.7126855310455227,-9.403177298597802,2.287995882434809,-2.0957572866713594,-11.930713471660267,9.601021603848267,6.495962115388255,2.4171291025741506,-12.219193665775565,2.999222475259919,5.676027145693208,-0.3176715662351961,1.7182918672120484,-0.5232933934884056,-6.01793769697954,11.79781017748727,6.146755710069033,11.522155785633235,-1.3888294569540671,-0.9329526078824681,-0.3574184655195518,1.2853502591563764,13.870762908996888,9.869920233003219,-5.306886845052141,-0.6568517053329493,-6.3919383373884076,-10.844020295265892,-1.1499093689243725,-4.829945151823823,2.8347757738954167,2.133337095268175,10.043247553955291,-1.7833878157368672,0.7814678569751872,10.38225528749525,-5.934121423102315,-11.774746866880944,-8.862884832527664,5.084048854890873,-9.461092367554711,-3.9768936615337203,2.9447551132119423,2.4228578028074375,5.799488643320638,-5.318286039205388,-11.064123475551112,-1.4484354246155544
2.232730752890584,28.291298081450517,2.2945135778062076,10.388170808395085,9.232067873635287,17.152744974942415,-17.605879500995187,-6.5812766524290796,5.3380786435467,-17.213833235048995,4.468352480195855,-4.600269024701808,-22.310954595581002,18.33885218450644,12.63690698861833,4.851780946050886,-22.655397326915,5.102807070084172,10.343499277212377,-0.4361332543114384,2.363622971777237,-0.23980682664984165,-10.978011900422862,22.200082209711066,12.698903017342252,21.640305505106404,-2.56140863759982,-2.129732916610053,-0.9760477186445569,2.001008840986402,25.11729670613454,18.78264635839315,-9.615148497076282,-0.6137025369202691,-12.40675286924841,-19.921688114655343,-2.343512731039641,-8.553501911311745,5.998717346975951,4.1133970514757525,19.353154724810757,-3.0782001836614152,0.9653081370921014,19.500757782881646,-10.988535290501629,-22.715737261101214,-16.718838587563944,9.740746771766176,-17.855675071060045,-6.183764916998416,5.453782747012506,4.362664231039844,11.488560202728232,-10.284560700836089,-21.18324827355119,-3.3916630255768303
-2.147955113410271,-28.7519556290499,-2.4870504932655355,-10.60270564586629,-9.560175053275302,-17.605879500995187,18.159617760460552,6.817698350705585,-5.343816903569377,17.77866943017283,-4.496847049824259,4.454862078135536,22.8573718777056,-18.655359929306567,-12.772000055183973,-4.8279055392521455,23.297725778371387,-5.432817879536921,-10.695722954965431,0.5092009731932634,-2.761700863295237,0.5243286262031233,11.343763801124156,-22.693568378606198,-12.563629203945904,-22.146266875380928,2.632338234984022,2.019194191459458,0.8918459205473808,-2.2027459929975923,-26.065329084387155,-19.116439715064082,9.973814295503324,0.8527693285448751,12.571141045793222,20.552325734231434,2.306820431755201,8.987626846478298,-5.891990660703687,-4.1733996267708084,-19.597790998009312,3.2586626685078572,-1.1956181348743857,-19.95976275084704,11.303959823460712,23.021353875600912,17.09454281033983,-9.90838850822983,18.24414050991739,6.840434424354094,-5.608431655808422,-4.53985013000775,-11.504437482902723,10.403940657830637,21.542415072118878,3.2091052659412367
-0.7038770489750729,-10.496648944780233,-1.0224795833172056,-3.930254805267659,-3.628274601747221,-6.5812766524290796,6.817698350705585,2.5985249424948886,-1.9160405572801218,6.716154327764442,-1.6160854580943702,1.4462220957537186,8.491353362080073,-6.803024770844947,-4.586789979414073,-1.703284170821855,8.706432725047653,-2.167046182586363,-4.059544868139873,0.2373769765432132,-1.2743869902970666,0.41950724124836986,4.301512551942646,-8.384150316205982,-4.29152683612332,-8.191039472025,0.9916216552898779,0.6380811527000881,0.23116519417878467,-0.9418988377229731,-9.922081126920842,-7.003496175933722,3.7967788430538634,0.5112568998444067,4.5121567660985455,7.739310098279994,0.8078103373904882,3.4616639581496407,-1.9696293997412635,-1.5101093472251457,-7.111187564079513,1.2836981100592322,-0.5882983733912546,-7.380059923371816,4.228804242089596,8.328735583163132,6.296615914032482,-3.598537666721977,6.719370409185087,2.908724361443008,-2.099331403432873,-1.7343905382211333,-4.085389010914918,3.763043376725065,7.83515987340502,0.9855616203188203
0.9792362474942173,9.415253068768779,0.4570888912190654,3.346938524943024,2.7126855310455227,5.3380786435467,-5.343816903569377,-1.9160405572801218,1.9183511266139093,-5.156354544079422,1.571800607477638,-1.979407125062156,-7.053339560544491,6.092038190500257,4.370032378713633,1.7955911295344604,-7.005060608805083,1.2072779073195616,3.059939322495184,-0.00896487008424283,0.08479579931493075,0.48370252865828445,-3.269153625283616,7.134527472501027,4.939387931483438,6.90762969611841,-0.7883895656908041,-0.9981406718445769,-0.5433473735271841,0.32155211567716896,7.291816921506994,6.1910256151796546,-2.7954167289247285,0.2776167023337265,-4.24874448639976,-6.021006576775203,-0.9136532075617915,-2.2989790277079325,2.4237146389075352,1.3867593436860017,6.5729845154872715,-0.7745960194774572,-0.10284933018309694,6.2234990992959665,-3.3890687065022322,-7.719051965659518,-5.370201870528658,3.2489707211981687,-5.764112809790377,-0.9636492032155655,1.6817053650073355,1.244208812881958,4.159142477891293,-3.516621047813223,-7.060423705873858,-1.6084828346890105
-2.0041258852874426,-27.81100303826798,-2.53460679992472,-10.347171794186266,-9.403177298597802,-17.213833235048995,17.77866943017283,6.716154327764442,-5.156354544079422,17.470348215575846,-4.333448336404202,4.088072489613326,22.28410897332769,-18.03218450886031,-12.257730960073733,-4.600655080915424,22.771407610130847,-5.459205286775115,-10.530149266975723,0.5458124066211801,-2.99046267513545,0.7990162472594604,11.179420139212938,-22.081830522033282,-11.786666752874101,-21.54036478235861,2.59135578562585,1.8673956220599577,0.7457202534770438,-2.298314447561204,-25.686779221463553,-18.519332161279632,9.828600738381715,1.069645413347455,12.038059778856255,20.16395118317993,2.217541479468694,8.872526659338238,-5.464524408529898,-4.0086878073223176,-18.91507855526036,3.2681503689393057,-1.3103510720814697,-19.409751513004935,11.05559159767754,22.175656839112296,16.56688520783279,-9.548612325066834,17.709611481568288,7.091506825166766,-5.484990911178025,-4.478735734804201,-11.023942416541683,10.022429941125068,20.780511802880216,2.887842958950121
0.7886665683091173,7.845232181690423,0.4060075831824571,2.783074494194155,2.287995882434809,4.468352480195855,-4.496847049824259,-1.6160854580943702,1.571800607477638,-4.333448336404202,1.2968494004220574,-1.6228469357855917,-5.901751399942815,5.083741527274529,3.6372223541490474,1.4778421683901286,-5.878277407940274,1.0468081884299003,2.5729768723053716,-0.019461515237304237,0.12192322352156876,0.3735589140049068,-2.7412698504591644,5.958909014939025,4.078847607531248,5.781801660133738,-0.656610999004592,-0.797572591572903,-0.44343814809040505,0.28902470299979377,6.155872946142521,5.162323987499983,-2.358995510914529,0.206011018419933,-3.5542514569870023,-5.0586282520610215,-0.7369530286670162,-1.978028687439548,2.0021449509167653,1.1605188744111725,5.461295463091061,-0.6633553405760242,-0.04361887980003366,5.211111023989615,-2.8433736198444666,-6.428418484377164,-4.505924902434825,2.7176832040176224,-4.822229696179847,-0.889172651805664,1.4108221382788795,1.0539435941909177,3.4268322440140317,-2.9228176523886717,-5.900063174561696,-1.3056609460608677
-1.2573330625603951,-9.259198503736615,0.030006077225041245,-2.9938333984590617,-2.0957572866713594,-4.600269024701808,4.454862078135536,1.4462220957537186,-1.979407125062156,4.088072489613326,-1.6228469357855917,2.735788469010855,6.307380598928305,-6.01427137998755,-4.621404581609014,-2.037488346234662,6.02323194426737,-0.42859291754871315,-2.3517793339716806,-0.1899397645157918,1.084973967279474,-1.5129369727680013,2.488478708519807,-6.545721024283404,-6.147251137047767,-6.341864724257949,0.6273002942943218,1.3291742706962597,0.9394564404008122,0.2819403823428353,-5.429899467968841,-5.987570229113684,2.0880679983036248,-1.1364345966277187,4.553532193616929,4.891441370842783,0.9903980592175008,1.5412074681601753,-3.2017252242119194,-1.451687995541689,-6.630791776846057,0.3381884405574712,0.6921116784169551,-5.725501931484366,2.8869556206152365,7.901798747625619,5.118371423571733,-3.289634404095376,5.4208180943288795,-0.8019062179417255,-1.434984522564656,-0.8985756271574203,-4.506896864368774,3.609247661173504,7.096021755153222,2.368359552190997
-3.0411720414175587,-37.16552336863306,-2.850085852609066,-13.55244450886249,-11.930713471660267,-22.310954595581002,22.8573718777056,8.491353362080073,-7.053339560544491,22.28410897332769,-5.901751399942815,6.307380598928305,29.096617682956285,-24.101787066847074,-16.71120572463456,-6.461353115573393,29.47102486731972,-6.441882601029523,-13.364093114912151,0.5016109073225351,-2.7157219948795763,-0.0253704388828079,14.182479416243964,-29.01286725634081,-17.11504043456395,-28.275302538176184,3.318007685129619,2.929327944660659,1.419781545686179,-2.427878430487148,-32.407428176836504,-24.63930364288604,12.406709330652214,0.5143872658951797,16.419064714631276,25.825906878541822,3.1191095453879374,10.985247610688953,-8.150594864123056,-5.428447524855299,-25.48310598443387,3.9049503333963513,-1.0577496675747857,-25.484058983977917,14.28615391416659,29.950171989518974,21.894778265203044,-12.826446399324189,23.372697011788976,7.530659528968117,-7.089787381323626,-5.620575664505634,-15.24616200387533,13.561371677498121,27.876207179610216,4.723485552446012
2.858767709512258,31.47868034735181,1.990941127368817,11.250490942145667,9.601021603848267,18.33885218450644,-18.655359929306567,-6.803024770844947,6.092038190500257,-18.03218450886031,5.083741527274529,-6.01427137998755,-24.101787066847074,20.428351579181566,14.425792844437026,5.70959476935453,-24.208580231872833,4.7829090241015475,10.752586606438225,-0.2432266662279181,1.2943532485021159,0.8892950274329492,-11.407313462687558,24.18412248657695,15.589167981187439,23.550509326505722,-2.6931269636129294,-2.8221501137960328,-1.5456902217898358,1.5446532487218556,25.934858618213486,20.781195183620714,-9.932620133396648,0.2993989684868651,-14.190676895521703,-20.989222306949237,-2.7564479878252377,-8.63546663849396,7.584096062804722,4.657230478389554,21.74192329202409,-2.9463559563598465,0.3511810673588312,21.233065536294355,-11.715890317027478,-25.631061503627173,-18.35899210968359,10.92783460616399,-19.572063493907496,-4.847786738900363,5.814254541864468,4.474394886910218,13.315102481396591,-11.617912922134915,-23.71305943926097,-4.686052937073703
2.178055697493193,22.222706920516245,1.1678582978812364,7.818241444882599,6.495962115388255,12.63690698861833,-12.772000055183973,-4.586789979414073,4.370032378713633,-12.257730960073733,3.6372223541490474,-4.621404581609014,-16.71120572463456,14.425792844437026,10.333135592279396,4.16754503588901,-16.66502570351808,2.9984743093255393,7.27533853864027,-0.07053057932599005,0.3467794583479576,1.1136445762363876,-7.715691556632494,16.853328161555766,11.613650567112442,16.40088112169997,-1.835820289645475,-2.1834969838931295,-1.280837184894428,0.8040067061029617,17.45856454122968,14.621874915235159,-6.689052410828744,0.619711768112863,-10.17033114785722,-14.320387274159017,-2.012619204995404,-5.714301608645257,5.732586486769288,3.3200465769238114,15.439269565910376,-1.8753505993298554,-0.05842390294123206,14.789688437755663,-8.054904412067977,-18.23711166912227,-12.854579368129405,7.746720849796872,-13.688457686555019,-2.5602641598849574,3.99800702001326,2.9974185703289793,9.626504070257761,-8.276106408526553,-16.791754510607213,-3.6919999161957704
0.9661770535886887,8.81541209891424,0.32446615761077785,3.050661321963082,2.4171291025741506,4.851780946050886,-4.8279055392521455,-1.703284170821855,1.7955911295344604,-4.600655080915424,1.4778421683901286,-2.037488346234662,-6.461353115573393,5.70959476935453,4.16754503588901,1.7445242984317486,-6.363495768190124,0.9693473914691701,2.716828040569423,0.029787796537806287,-0.19011553705700227,0.7056227327273162,-2.8831595519125006,6.56117704403083,4.927050239669091,6.369285392845394,-0.6981078804911858,-0.9872703494203217,-0.6026970956719789,0.16271057675617687,6.437379629246995,5.774685004924712,-2.470314730156307,0.4595684040494793,-4.083241390686599,-5.400261445108783,-0.8557069236199163,-2.01400045544179,2.4690697231160414,1.328145121041373,6.184344764921256,-0.6244524642825051,-0.20912879771652856,5.741916889428317,-3.070917746118215,-7.296597033965145,-5.018214501364414,3.0716052819329454,-5.3449820422721,-0.5149201393542892,1.5262231998860813,1.094016682976963,3.962846046251217,-3.3263785014617557,-6.659203657276103,-1.6802037128781286
-2.907504681945422,-37.3194461726311,-3.0659198811190116,-13.69601299379332,-12.219193665775565,-22.655397326915,23.297725778371387,8.706432725047653,-7.005060608805083,22.771407610130847,-5.878277407940274,6.02323194426737,29.47102486731972,-24.208580231872833,-16.66502570351808,-6.363495768190124,29.958550834199887,-6.793688145377735,-13.679725864893607,0.5905564457697531,-3.2095643654341823,0.37311220575345183,14.514132904201375,-29.315783959901946,-16.6907707374379,-28.58822887554182,3.382248807632949,2.767415388847867,1.274469253109419,-2.6759902933775517,-33.264324593655274,-24.781533704664202,12.731683610855237,0.8483761743647209,16.387253742567594,26.351701431033042,3.059168985450827,11.382572898290661,-7.880892841422031,-5.431102356308874,-25.50464479059584,4.096317435955148,-1.3328830449324454,-25.767515569016865,14.528366785830446,29.967026742757714,22.09381935800087,-12.866797180796283,23.58734354702639,8.30131670392072,-7.208806615201677,-5.7832017715188435,-15.102576228476916,13.553574917992357,27.971574091790444,4.419242279402299
0.22324299461683936,7.371665495849047,1.1013176118073336,2.9352879964258043,2.999222475259919,5.102807070084172,-5.432817879536921,-2.167046182586363,1.2072779073195616,-5.459205286775115,1.0468081884299003,-0.42859291754871315,-6.441882601029523,4.7829090241015475,2.9984743093255393,0.9693473914691701,-6.793688145377735,2.1319975713809716,3.3448409782865656,-0.3310964919310813,1.797454401597566,-1.0488331011129213,-3.5398726978656887,6.230966439302793,2.071999245783472,6.119132038358283,-0.7910717567897478,-0.1215667790227857,0.12770196150874177,1.1097159094386253,8.325641855710847,4.99474203487442,-3.1804720977143126,-0.9919771441810381,-2.96589666881056,-6.221292486290558,-0.436114681642596,-3.0773374349637845,0.8040958919881419,1.0192097217183298,4.84058968703327,-1.226234959068275,0.9194123223728506,5.511291758902056,-3.313992978867454,-5.63604129087021,-4.620015467830613,2.495562010195231,-4.934411562714512,-3.424257960380635,1.6437714876204041,1.4781427463041072,2.484710715044601,-2.5237584891001665,-5.4518727661138975,-0.08236779935780945
1.1573936709547576,16.590615852786296,1.5670745326791478,6.202444740270619,5.676027145693208,10.343499277212377,-10.695722954965431,-4.059544868139873,3.059939322495184,-10.530149266975723,2.5729768723053716,-2.3517793339716806,-13.364093114912151,10.752586606438225,7.27533853864027,2.716828040569423,-13.679725864893607,3.3448409782865656,6.356572734661531,-0.3504806651199765,1.9112801270753614,-0.5868290216184744,-6.746681263992694,13.22055153809116,6.888364076063354,12.900802637383984,-1.5603730449771067,-1.0662923270299383,-0.398905952425756,1.437182602407926,15.51858489258242,11.059524749649418,-5.937925630965279,-0.7351415004000939,-7.1426382335560605,-12.142013615206796,-1.3068686733984294,-5.378048154637387,3.171758298242947,2.384370968783516,11.263384227716761,-1.9941700235836786,0.8544009871417152,11.622971965305048,-6.644280285740566,-13.191091979275058,-9.909262700258497,5.68646798886819,-10.592270657127346,-4.426998685964388,3.297082201554631,2.7085632088424965,6.52165478869426,-5.962133719343061,-12.381143656544666,-1.633280367783985
0.08965964792933218,-0.3755535637216068,-0.19530893953661949,-0.21142129020345518,-0.3176715662351961,-0.4361332543114384,0.5092009731932634,0.2373769765432132,-0.00896487008424283,0.5458124066211801,-0.019461515237304237,-0.1899397645157918,0.5016109073225351,-0.2432266662279181,-0.07053057932599005,0.029787796537806287,0.5905564457697531,-0.3310964919310813,-0.3504806651199765,0.07813616640955076,-0.41497922004099236,0.32245857370454206,0.3661142770429793,-0.4377459065287101,0.2355138751406048,-0.4438091051623781,0.07368534685344938,-0.11720414227047486,-0.11265122571370206,-0.21850755606828823,-0.9145979666769528,-0.2825968639814295,0.3483961038102122,0.2807249471861981,0.0776668249693002,0.5998383859721029,-0.027972699864882013,0.3913767418176266,0.16709264453117972,-0.03868747137307226,-0.1903605510036368,0.17773025576194962,-0.233733049808063,-0.39872913253256403,0.2924427116870754,0.20687620073876745,0.31133015799523556,-0.11495473132436285,0.3284604731140445,0.673864099291176,-0.14538923224408676,-0.16941836398235424,0.017114614642373013,0.08571136563842503,0.25856743242371805,-0.21741235332591957
-0.46240918428058503,1.9948317915340754,1.0662443000783062,1.1790064057987035,1.7182918672120484,2.363622971777237,-2.761700863295237,-1.2743869902970666,0.08479579931493075,-2.99046267513545,0.12192322352156876,1.084973967279474,-2.7157219948795763,1.2943532485021159,0.3467794583479576,-0.19011553705700227,-3.2095643654341823,1.797454401597566,1.9112801270753614,-0.41497922004099236,2.3158655585404406,-1.8387023831725007,-2.032635761842023,2.394215765640317,-1.3748818031946117,2.3883917426794934,-0.4174740342000709,0.5921668495502432,0.6330630210244754,1.2155320103468783,4.994325677952801,1.5065139644125283,-1.8991075964470043,-1.5668268092480895,-0.3448898190260514,-3.28120052635238,0.11268801024006429,-2.0916197869028865,-0.9842457012894914,0.17674212054558422,1.0128716295373443,-0.9926145693863263,1.2436049369419988,2.1443227373930545,-1.5941406589772555,-1.0822015786705133,-1.6083512755261293,0.5893994167369988,-1.7592959821536889,-3.7078094924688725,0.7872369275299915,0.9216807877810599,-0.06823591638786117,-0.4431457432382909,-1.3371344287269609,1.2100816124320004
0.6456156095680918,1.353168435789878,-0.7051772458859863,0.05965410509082839,-0.5232933934884056,-0.23980682664984165,0.5243286262031233,0.41950724124836986,0.48370252865828445,0.7990162472594604,0.3735589140049068,-1.5129369727680013,-0.0253704388828079,0.8892950274329492,1.1136445762363876,0.7056227327273162,0.37311220575345183,-1.0488331011129213,-0.5868290216184744,0.32245857370454206,-1.8387023831725007,1.6699389625204848,0.6419318239207846,0.29743426100718323,2.70024665278475,0.2606900855491825,0.10250486309150914,-0.7452042937815628,-0.697104656856988,-0.8873271690732624,-1.720219498686684,0.7321033783319405,0.6473363382000124,1.3741286260306913,-1.1230920864245229,0.7563828852292754,-0.33168672038341535,0.8926063151943056,1.5949846055365544,0.314999298181839,1.2310454196614211,0.557636222593593,-0.9945687677386253,0.24732195294895637,0.219239086269322,-1.5745859302518872,-0.44896279430644553,0.5772026027427613,-0.41333010636307876,2.658234178339766,-0.10492312862747001,-0.34396611577704234,1.3130210915298797,-0.7464907741572206,-1.1927811857857953,-1.4774737425003397
-1.2450811032849625,-17.605069929706254,-1.658621267192976,-6.5997691111059265,-6.01793769697954,-10.978011900422862,11.343763801124156,4.301512551942646,-3.269153625283616,11.179420139212938,-2.7412698504591644,2.488478708519807,14.182479416243964,-11.407313462687558,-7.715691556632494,-2.8831595519125006,14.514132904201375,-3.5398726978656887,-6.746681263992694,0.3661142770429793,-2.032635761842023,0.6419318239207846,7.174062149580021,-14.04065973961939,-7.2952737801532415,-13.686073751630598,1.6619348126069444,1.1554326155462085,0.4190481264331245,-1.5286351687737028,-16.465064328105353,-11.735244627210667,6.299176763663187,0.78758035189217,7.555644805186388,12.88890316324633,1.407472989689781,5.680491000959704,-3.3487362054690872,-2.519728882097204,-11.960317704354864,2.1197349150111964,-0.8869944392662437,-12.328290615111815,7.052237689177624,13.994836599900767,10.488559009849101,-6.0241680514752884,11.234525821081302,4.688865008033877,-3.498068039562581,-2.8715110055759308,-6.94507487047951,6.327250081821761,13.121169502496718,1.7355891758486606
3.1599147276248125,37.28801685371905,2.7151732006942018,13.536674071412707,11.79781017748727,22.200082209711066,-22.693568378606198,-8.384150316205982,7.134527472501027,-22.081830522033282,5.958909014939025,-6.545721024283404,-29.01286725634081,24.18412248657695,16.853328161555766,6.56117704403083,-29.315783959901946,6.230966439302793,13.22055153809116,-0.4377459065287101,2.394215765640317,0.29743426100718323,-14.04065973961939,28.989384015299773,17.52325245089425,28.23333626425525,-3.2949869285425,-3.0730473576837958,-1.535326853625391,2.2684769542927294,32.0088207059345,24.69068634091732,-12.254435324500236,-0.2776016883837897,-16.547991855464193,-25.62043913763228,-3.185070714389267,-10.776824639248073,8.389500941434829,5.4570031552756015,25.626727731188506,-3.8009000821599774,0.8631062264506454,25.446685192307875,-14.20703398893178,-30.134610437798887,-21.882442913043626,12.881913622523564,-23.37071102862387,-7.038695973897665,7.04916883628374,5.541641890378879,15.451330622126374,-13.650342048252757,-27.988162992362536,-4.9692882250022254
2.84666875275826,24.00174636838361,0.5269555788324842,8.06299621091151,6.146755710069033,12.698903017342252,-12.563629203945904,-4.29152683612332,4.939387931483438,-11.786666752874101,4.078847607531248,-6.147251137047767,-17.11504043456395,15.589167981187439,11.613650567112442,4.927050239669091,-16.6907707374379,2.071999245783472,6.888364076063354,0.2355138751406048,-1.3748818031946117,2.70024665278475,-7.2952737801532415,17.52325245089425,14.412171817379992,17.01577475286578,-1.7852698222869852,-2.951007577679337,-1.963947257784058,-0.011258701208520967,16.231809615347327,15.643047775138706,-6.229692921859652,1.923835522914556,-11.443775637795248,-13.93552928628412,-2.3843669787743655,-4.985783016224743,7.354666263283941,3.6856777074295692,16.954543438403725,-1.3951118855575375,-1.0096961697051026,15.354794054685737,-8.031911740973051,-20.132874625413766,-13.551785772104065,8.459656887710382,-14.384940526526249,-0.10839734337263665,3.9893559106200183,2.739623864688354,11.098006188861584,-9.16745364173755,-18.285377545498232,-5.169425723993467
3.037492255047658,36.30146198034265,2.6751907628516562,13.168103399363309,11.522155785633235,21.640305505106404,-22.146266875380928,-8.191039472025,6.90762969611841,-21.54036478235861,5.781801660133738,-6.341864724257949,-28.275302538176184,23.550509326505722,16.40088112169997,6.369285392845394,-28.58822887554182,6.119132038358283,12.900802637383984,-0.4438091051623781,2.3883917426794934,0.2606900855491825,-13.686073751630598,28.23333626425525,17.01577475286578,27.517864275136173,-3.2052882585327693,-2.9404425647270673,-1.482200183073449,2.233237623620832,31.25864054114972,24.04262858349846,-11.966977393076828,-0.30202057092577667,-16.129595899531438,-24.99052591788348,-3.065291884492689,-10.571201578161183,8.149954874290783,5.321859312179039,24.928070867127193,-3.7184586747481685,0.8985373532467288,24.80355966343783,-13.853520805424068,-29.328821827848092,-21.35011343126999,12.553947806142977,-22.775087997268685,-6.957122031185597,6.8748470682293386,5.416166256576975,14.986630450881242,-13.2804747327861,-27.26889963330887,-4.79420242565028
-0.3170954583595275,-4.159331567546176,-0.3634088784092069,-1.550666671990914,-1.3888294569540671,-2.56140863759982,2.632338234984022,0.9916216552898779,-0.7883895656908041,2.59135578562585,-0.656610999004592,0.6273002942943218,3.318007685129619,-2.6931269636129294,-1.835820289645475,-0.6981078804911858,3.382248807632949,-0.7910717567897478,-1.5603730449771067,0.07368534685344938,-0.4174740342000709,0.10250486309150914,1.6619348126069444,-3.2949869285425,-1.7852698222869852,-3.2052882585327693,0.3887454656991647,0.30222372949148346,0.11749838469660663,-0.3315126237074592,-3.7930905735295,-2.767402929518115,1.4519678609857753,0.1440320531961738,1.7917795289681173,2.991310452222121,0.3475719241587115,1.2890363407055718,-0.8275639893515522,-0.5963996555828801,-2.838278568331573,0.4792292150735386,-0.16912753603973563,-2.8880101813342463,1.6416770483810033,3.320239030229935,2.457124642190163,-1.421716723214278,2.6373684599151668,1.009497043057369,-0.8143289199124498,-0.6595193983911563,-1.6737280520134397,1.5031665335088265,3.097752008138435,0.4530705429255819
-0.6559108674197408,-4.36217728018987,0.06185461476681582,-1.434469812190147,-0.9329526078824681,-2.129732916610053,2.019194191459458,0.6380811527000881,-0.9981406718445769,1.8673956220599577,-0.797572591572903,1.3291742706962597,2.929327944660659,-2.8221501137960328,-2.1834969838931295,-0.9872703494203217,2.767415388847867,-0.1215667790227857,-1.0662923270299383,-0.11720414227047486,0.5921668495502432,-0.7452042937815628,1.1554326155462085,-3.0730473576837958,-2.951007577679337,-2.9404425647270673,0.30222372949148346,0.7106311108384787,0.45773310285788676,0.16636713061587835,-2.418144475395432,-2.81334294246514,0.9302932925793184,-0.5763800465834715,2.104614402519813,2.2377275185136236,0.527595264545117,0.5983735717264157,-1.524968166225327,-0.665764139278055,-3.1575490050010075,0.13459343376818625,0.41866899232794946,-2.6510731387268236,1.3286202178016993,3.732195828878834,2.3318585238793204,-1.5256971279165144,2.51810576319066,-0.5323432489486891,-0.6583992478674292,-0.3916550544416127,-2.214837994634603,1.7131933509138233,3.3031388895607305,1.1791113834850748
-0.41923001211797883,-2.367701552744765,0.1567698646438079,-0.6807119197699175,-0.3574184655195518,-0.9760477186445569,0.8918459205473808,0.23116519417878467,-0.5433473735271841,0.7457202534770438,-0.44343814809040505,0.9394564404008122,1.419781545686179,-1.5456902217898358,-1.280837184894428,-0.6026970956719789,1.274469253109419,0.12770196150874177,-0.398905952425756,-0.11265122571370206,0.6330630210244754,-0.697104656856988,0.4190481264331245,-1.535326853625391,-1.963947257784058,-1.482200183073449,0.11749838469660663,0.45773310285788676,0.3641470261758652,0.2546130261087331,-0.8530810145220556,-1.4996070011091198,0.3299904238393833,-0.5543516422110931,1.2721543418381642,0.9367565392121595,0.28984861974416815,0.16405394062449827,-1.0638496441476526,-0.39386126400196764,-1.7498666499122948,-0.04106009441181497,0.36724834372691517,-1.341600218511583,0.6022759308437049,2.1172428440144677,1.2475358241609094,-0.8675151634552543,1.3088954215620778,-0.7451887250153757,-0.2992625342804567,-0.12905254298620025,-1.291331421181857,0.9693532898803444,1.856569766615646,0.8487392831927136
-0.10053559162751428,2.390348693254424,0.6205545757361295,1.096126122292037,1.2853502591563764,2.001008840986402,-2.2027459929975923,-0.9418988377229731,0.32155211567716896,-2.298314447561204,0.28902470299979377,0.2819403823428353,-2.427878430487148,1.5446532487218556,0.8040067061029617,0.16271057675617687,-2.6759902933775517,1.1097159094386253,1.437182602407926,-0.21850755606828823,1.2155320103468783,-0.8873271690732624,-1.5286351687737028,2.2684769542927294,-0.011258701208520967,2.233237623620832,-0.3315126237074592,0.16636713061587835,0.2546130261087331,0.6803894167381652,3.6463251844943856,1.6739946931128098,-1.390728321178655,-0.7797144119862625,-0.7834874749496133,-2.5726532315387445,-0.07384537426347666,-1.4143408186599804,-0.16674165690956314,0.29137090672359506,1.471659854460183,-0.6265023775686316,0.63346757415569,2.0078908632539303,-1.3156921262768861,-1.6668682123193581,-1.6079659871121428,0.7696148450891868,-1.741254115940376,-2.0679835134576434,0.6516976335573448,0.6581600095438752,0.5608002030308747,-0.7357539672305344,-1.7043370354546206,0.4004598869220717
2.6625603074063466,39.98691997696077,3.9432531158420154,15.001819410176564,13.870762908996888,25.11729670613454,-26.065329084387155,-9.922081126920842,7.291816921506994,-25.686779221463553,6.155872946142521,-5.429899467968841,-32.407428176836504,25.934858618213486,17.45856454122968,6.437379629246995,-33.264324593655274,8.325641855710847,15.51858489258242,-0.9145979666769528,4.994325677952801,-1.720219498686684,-16.465064328105353,32.0088207059345,16.231809615347327,31.25864054114972,-3.7930905735295,-2.418144475395432,-0.8530810145220556,3.6463251844943856,37.98281678924596,26.685713877771903,-14.528671394151212,-2.0197135790467007,-17.17052325518744,-29.595045438912255,-3.073092799858859,-13.274528836991474,7.421400087302854,5.7371048292875475,27.073010988052264,-4.94710482992718,2.286427045892421,28.16499232547677,-16.161488247527018,-31.723574449902728,-23.989769786090708,13.713649285921921,-25.63374834716572,-11.266093109446562,8.017425770212578,6.641875162178385,15.53915307130183,-14.318463746641761,-29.853516540127423,-3.6812847607573453
2.8617603733362365,32.041147506254504,2.1056479656356606,11.506979108628961,9.869920233003219,18.78264635839315,-19.116439715064082,-7.003496175933722,6.1910256151796546,-18.519332161279632,5.162323987499983,-5.987570229113684,-24.63930364288604,20.781195183620714,14.621874915235159,5.774685004924712,-24.781533704664202,4.99474203487442,11.059524749649418,-0.2825968639814295,1.5065139644125283,0.7321033783319405,-11.735244627210667,24.69068634091732,15.643047775138706,24.04262858349846,-2.767402929518115,-2.81334294246514,-1.4996070011091198,1.6739946931128098,26.685713877771903,21.170697849941394,-10.22074242281973,0.15275434457618323,-14.367739655277905,-21.53479331459896,-2.7945237970754997,-8.897202686133344,7.577482900439068,4.724953706891855,22.1050680746001,-3.065767730367158,0.4556675304970838,21.673035232321727,-11.997969393799583,-26.02666178689898,-18.711354207277882,11.09927857125228,-19.95758823939721,-5.2211233025105015,5.955321684071521,4.607219423979998,13.4841751646129,-11.801035160777797,-24.098905959749768,-4.636779143116845
-1.0233397716652184,-15.316352761627437,-1.5047586198275649,-5.743716104212664,-5.306886845052141,-9.615148497076282,9.973814295503324,3.7967788430538634,-2.7954167289247285,9.828600738381715,-2.358995510914529,2.0880679983036248,12.406709330652214,-9.932620133396648,-6.689052410828744,-2.470314730156307,12.731683610855237,-3.1804720977143126,-5.937925630965279,0.3483961038102122,-1.8991075964470043,0.6473363382000124,6.299176763663187,-12.254435324500236,-6.229692921859652,-11.966977393076828,1.4519678609857753,0.9302932925793184,0.3299904238393833,-1.390728321178655,-14.528671394151212,-10.22074242281973,5.557814562220156,0.7655397212653069,6.578125785216748,11.324514629401929,1.179211750385932,5.0740985689234686,-2.850634683542628,-2.1985125233747196,-10.372095627587987,1.889815954229923,-0.8689714378526154,-10.782861410016029,6.18499780562844,12.152906643133116,9.186245491741614,-5.2520830661142925,9.81484546933767,4.29544349821325,-3.0685997237914973,-2.540257408874695,-5.956934203909341,5.486170182375909,11.434022290960792,1.4183634025475509
0.48658279044491753,0.4386473856146468,-0.6381495277109217,-0.19533059805008635,-0.6568517053329493,-0.6137025369202691,0.8527693285448751,0.5112568998444067,0.2776167023337265,1.069645413347455,0.206011018419933,-1.1364345966277187,0.5143872658951797,0.2993989684868651,0.619711768112863,0.4595684040494793,0.8483761743647209,-0.9919771441810381,-0.7351415004000939,0.2807249471861981,-1.5668268092480895,1.3741286260306913,0.78758035189217,-0.2776016883837897,1.923835522914556,-0.30202057092577667,0.1440320531961738,-0.5763800465834715,-0.5543516422110931,-0.7797144119862625,-2.0197135790467007,0.15275434457618323,0.7655397212653069,1.1508140464501693,-0.6284719329689958,1.098078433747595,-0.2243801974006648,0.944425770215635,1.1682357962360577,0.15691299673534514,0.5540919488878664,0.5290082960317717,-0.8528971844320162,-0.2616347425560961,0.44201245612906115,-0.7616075920979698,0.040863692147110914,0.24415899615557607,0.0851197643341452,2.341442962927408,-0.2180186544488709,-0.3885355249001618,0.8194907708723926,-0.3692070187044416,-0.47783422902707856,-1.1402111998394489
-2.1089738903581576,-21.837214199057843,-1.1579836275727924,-7.64586744162313,-6.3919383373884076,-12.40675286924841,12.571141045793222,4.5121567660985455,-4.24874448639976,12.038059778856255,-3.5542514569870023,4.553532193616929,16.419064714631276,-14.190676895521703,-10.17033114785722,-4.083241390686599,16.387253742567594,-2.96589666881056,-7.1426382335560605,0.0776668249693002,-0.3448898190260514,-1.1230920864245229,7.555644805186388,-16.547991855464193,-11.443775637795248,-16.129595899531438,1.7917795289681173,2.104614402519813,1.2721543418381642,-0.7834874749496133,-17.17052325518744,-14.367739655277905,6.578125785216748,-0.6284719329689958,10.050846314517035,14.069699806600088,1.9365089306414809,5.6790951924827295,-5.666078848368752,-3.2807856909658,-15.153753548588194,1.842877054997668,0.020972847151599017,-14.550459744104343,7.916257944420134,17.93753535208683,12.681508016881454,-7.639461909900798,13.46817156851686,2.543689315516598,-3.929750099487518,-2.95288594565519,-9.414878601363238,8.130211179324428,16.54487167084042,3.623106087411639
-2.3863794992681626,-32.36571446419137,-2.8667854071957777,-11.99459419916501,-10.844020295265892,-19.921688114655343,20.552325734231434,7.739310098279994,-6.021006576775203,20.16395118317993,-5.0586282520610215,4.891441370842783,25.825906878541822,-20.989222306949237,-14.320387274159017,-5.400261445108783,26.351701431033042,-6.221292486290558,-12.142013615206796,0.5998383859721029,-3.28120052635238,0.7563828852292754,12.88890316324633,-25.62043913763228,-13.93552928628412,-24.99052591788348,2.991310452222121,2.2377275185136236,0.9367565392121595,-2.5726532315387445,-29.595045438912255,-21.53479331459896,11.324514629401929,1.098078433747595,14.069699806600088,23.290676063664083,2.6005024129773777,10.19735875419895,-6.496298418539444,-4.677903745970575,-22.04317341209983,3.7315648622522954,-1.4195758395696254,-22.51996096907091,12.79036463880849,25.860464808429498,19.246804284468986,-11.127066221315873,20.56662788329561,7.951106463468011,-6.3456532341854714,-5.156002692666886,-12.90597663048343,11.689851673581083,24.207126229342578,3.496251627468258
-0.5041242093871076,-4.269350514844105,-0.13829971618474846,-1.5042498020263182,-1.1499093689243725,-2.343512731039641,2.306820431755201,0.8078103373904882,-0.9136532075617915,2.217541479468694,-0.7369530286670162,0.9903980592175008,3.1191095453879374,-2.7564479878252377,-2.012619204995404,-0.8557069236199163,3.059168985450827,-0.436114681642596,-1.3068686733984294,-0.027972699864882013,0.11268801024006429,-0.33168672038341535,1.407472989689781,-3.185070714389267,-2.3843669787743655,-3.065291884492689,0.3475719241587115,0.527595264545117,0.28984861974416815,-0.07384537426347666,-3.073092799858859,-2.7945237970754997,1.179211750385932,-0.2243801974006648,1.9365089306414809,2.6005024129773777,0.45520450244260896,0.9069320851884622,-1.1814763807369342,-0.6273349403946706,-3.013926165136663,0.2982662982047965,0.14880636378767298,-2.76030519902531,1.4790209570656303,3.5307378504972604,2.378530825853064,-1.467379103115169,2.5709518987221127,0.19453277154478288,-0.7335069407737559,-0.5175287231760106,-1.9716021992143449,1.615344238240963,3.191698016568837,0.8340031546519503
