V1,V2,V3,V4,V5,V6,V7,V8,V9,V10,V11,V12,V13,V14,V15,V16,V17,V18,V19,V20,V21,V22,V23,V24,V25,V26,V27,V28,V29,V30,V31,V32,V33,V34,V35,V36,V37,V38,V39,V40,V41,V42,V43,V44,V45,V46,V47,V48,V49,V50,V51,V52,V53,V54,V55,V56
14.11069826757703,154.77538140425065,10.769234446504205,56.84340206682362,48.36501009303284,91.84007595240887,-93.44568362552906,-34.21788522989773,30.74496119202954,-91.3649184805549,25.319290687812714,-27.298804323627216,-120.11969375203455,100.29606224941838,69.93304726512606,27.370803883303797,-121.1408691732172,24.9474217446234,54.5436152974526,-1.404558167800079,9.500826903848322,0.9217567170740886,-58.559426920060815,120.63193089606104,72.83159112980616,116.73532135555584,-13.917627610563798,-14.163876276910951,-6.422242234442394,9.253347062675024,131.7120261272608,102.40084106021709,-50.391630010595215,-0.9725036161236511,-67.78776621476523,-105.97729061689026,-14.288043632239619,-43.06312237665574,34.50465590304699,22.214352047166948,106.85141840416426,-15.744149237158718,2.265361290005459,105.1569331721199,-58.783359808072966,-125.18992015567623,-89.42761685083025,53.0531663787738,-96.62186496914322,-27.812731696997435,29.093804797341274,22.68940873027472,65.58917438359137,-56.76585185355753,-115.46640758069734,-21.211927204102487
154.77538140425065,1815.3595193396552,129.88151644147297,657.1410813014279,571.7461074762481,1077.7726811164737,-1100.756402729841,-406.42706942939043,347.2616948250972,-1069.9196921533553,290.13504227058735,-322.814141927823,-1409.3366064727154,1177.2672785489212,821.9863510485919,321.14605315213873,-1422.739879220876,299.8443502566044,640.475999840301,-20.589969770993932,110.24602860059014,20.39671476317743,-679.4926038236093,1408.3832595658732,859.747634266409,1372.2232146596182,-159.49928877712864,-150.4629915241035,-76.69296739333426,107.36203326762549,1549.5033098834144,1201.6242854974166,-593.3389514446255,-9.217532205108453,-807.7959006954146,-1241.9021823775486,-154.96669223656545,-521.4333653291174,412.94006292095,266.4442886349429,1248.2927422769187,-182.60472686631954,39.71119388486209,1236.835752037847,-689.287467959365,-1468.3216434702142,-1065.3438644868718,627.654112330115,-1136.5046325422882,-333.9101830137549,342.1314932028659,268.18648735955014,753.5100141301506,-665.340027212157,-1363.4581583680038,-245.74810157453956
10.769234446504205,129.88151644147297,9.404892595806473,46.70631192775145,41.01734793249884,77.06066541713993,-78.9494553127977,-29.166356430607213,24.427943942598098,-76.50589220686626,20.56583782638581,-23.179815185929833,-100.8347762769183,84.33159301840882,58.92615879975549,22.89611467047462,-101.89064916759993,21.661455303071914,45.8035816919195,-1.5698773777319188,7.927481458976946,1.7042880153869595,-48.39881229724658,100.63335089588256,61.73303601459805,98.3045299387679,-11.297143425694042,-10.346474739348546,-5.576941848091214,7.638553666836646,111.04056035358172,85.97491694443065,-42.518550796212836,-0.5367004426997247,-58.266540805381865,-88.8489481777433,-10.704071219647226,-37.879547575040064,29.809322106222,19.228666023371503,89.15033535650814,-13.050739086117195,3.209414885009891,88.63954340529926,-49.333131804463825,-105.14687371436638,-76.69675668892907,45.12811192141977,-81.4555932577064,-24.170646407774754,24.499246670640936,19.260737121741144,53.470548999201874,-47.58121260887513,-97.9142994230133,-17.50576658438872
56.84340206682362,657.1410813014279,46.70631192775145,238.81416408438045,206.71288183756414,390.4171266002311,-397.8284250736954,-147.00444506657286,126.89309514211259,-387.39440932759635,105.53406973248941,-116.60017637857233,-510.1793578306009,425.7186951999493,297.10986244227206,116.64068314016735,-514.6250866629803,107.98488751227507,231.98801294181783,-7.240891168672921,39.65403658675625,6.7581583924241695,-246.58057520397043,510.0705535231021,310.47381510058625,496.3287850237654,-58.03967375658269,-55.512331183360565,-27.413366651787616,38.98915290453068,560.3534704928719,434.98903242581804,-214.59802966232226,-3.807297981659959,-290.9179687717429,-449.5096711111969,-57.16585544039156,-186.9943119034681,148.68770592647545,95.99367039857268,452.3450157113174,-66.03133614877811,13.408420309645454,447.21228995462815,-249.43477808579505,-531.0447025627931,-384.35966265435275,226.4731544997771,-410.9090066067153,-119.97879908666957,123.80599606521542,96.85452109333343,273.92066471778315,-240.92341526350333,-492.3665532426703,-89.13664308181917
48.36501009303284,571.7461074762481,41.01734793249884,206.71288183756414,180.2669438316646,339.5988510755749,-346.7361933180258,-128.29802379645415,108.96815235690633,-336.8968438787809,91.1301284440447,-101.73937469315463,-443.9068689900259,370.65524240764705,258.81597109444476,101.31554094734305,-448.0546824789061,94.69132185707534,201.82746635691817,-6.6734669141443215,34.53625253078302,6.807446527226332,-213.76705948885171,443.2357176308595,270.83406060144034,432.2169244291601,-50.10937969379986,-46.77053255981262,-24.099787461335712,33.78809035959801,488.0992576233945,378.4947212647805,-186.94976341339785,-2.9536738988780153,-254.64400736854572,-391.04359503874707,-48.40459065493523,-164.58996065150464,130.27760758522155,84.12258662254375,393.01342266989167,-57.343717863135254,12.988183838085204,389.5599747703286,-217.0448805524778,-462.24651380165244,-336.1001153235342,197.7358903763873,-357.95196318046885,-105.31108651551412,107.79670438613856,84.5097196142305,236.73830268338284,-209.54910951170893,-429.53739287579594,-77.26679073380024
91.84007595240887,1077.7726811164737,77.06066541713993,390.4171266002311,339.5988510755749,640.3814589389868,-653.0956104932266,-241.74720044656866,206.38820857841674,-635.1531851288184,172.20430551832655,-191.57933990092693,-836.8013190965839,698.3519848112314,487.5199004264688,191.29788806182276,-844.306033229718,178.03831001828732,380.56857351787636,-12.401562903851179,64.89994052023076,12.326917483157839,-403.4577223494403,835.7285448755183,509.9349879149028,814.4138260007073,-94.71775879251966,-89.03643709998046,-45.14734986776535,63.800320943061614,919.633790132088,713.4948642283232,-352.25957147838864,-5.943239552572317,-478.79743734680005,-737.1053326992231,-92.12650562710039,-308.8246467606453,244.93890137761431,158.20848001623236,741.2370349618546,-108.05027019917247,23.685030386128563,733.9302382911615,-409.0714046718512,-870.98982246383,-632.5090313931933,372.1444200021509,-674.3593410761672,-197.7981253099141,203.16545659843464,159.12156306654913,447.2180406490577,-395.07203844056136,-808.7300435762776,-145.80052291991845
-93.44568362552906,-1100.756402729841,-78.9494553127977,-397.8284250736954,-346.7361933180258,-653.0956104932266,668.0199099533321,246.25755810697993,-209.8166301961168,648.73410901200225,-175.68279086985922,195.91026199122038,854.5103544601216,-714.3949520190804,-498.91815250121306,-194.17800090593764,863.0910065790338,-182.098652871903,-388.1111564530725,12.50211971195307,-67.2879112804253,-12.568810118805597,411.6749394891012,-854.0867862061444,-521.9678294740936,-832.4243606533394,96.5361836192471,90.83626366323868,46.89463801744751,-65.00060616384737,-940.0194613599524,-728.5545360136401,359.87713030786034,5.091988284435145,491.02835582234803,753.1766098637429,93.33193638861093,317.5117456969628,-250.92024877350016,-161.7844944164733,-756.5914169842073,110.95489611537647,-24.533579429591953,-750.4368557283132,418.08679491438056,890.9764294706792,646.6478653978078,-381.23665204701604,689.5944898969212,203.1824354569775,-207.4545984889703,-162.791188708452,-456.35918547074215,403.3598949883681,827.7783931800014,148.96753646698605
-34.21788522989773,-406.42706942939043,-29.166356430607213,-147.00444506657286,-128.29802379645415,-241.74720044656866,246.25755810697993,91.5601475134737,-77.44386186282543,239.42685956462424,-64.66597302912045,72.30634627437944,315.6117186728203,-263.10560107390654,-183.67788494641505,-72.43976384047706,318.2815254453286,-67.41195954734367,-143.68804066582723,4.909976569783984,-24.170174959476853,-5.1015972517326365,151.89532429585108,-314.71590542806143,-192.26737358380805,-307.09895530330004,35.59177869002212,32.865917056216105,16.8952156347778,-24.043581963294567,-346.8207187501418,-269.1231092127367,132.9182047034173,2.380792072286307,180.6502931694804,277.8231019420914,34.33735676611593,116.7038572340981,-92.5641220873908,-59.8856255999759,-279.3993467317636,40.500562820498516,-9.462179815438528,-276.71471996452215,154.18039407888793,328.09860253565313,239.12821307348585,-140.30247686126086,254.24019104453095,74.66121042419117,-76.6660842880396,-60.0329519714807,-168.0042705920477,148.99343629496525,304.95491101458765,54.82442983750901
30.74496119202954,347.2616948250972,24.427943942598098,126.89309514211259,108.96815235690633,206.38820857841674,-209.8166301961168,-77.44386186282543,68.00217121515787,-204.823302739207,56.216842068973016,-61.42571389601985,-269.590972098194,224.77843653558165,156.77512526917724,61.770848614340075,-271.75474635521516,56.58229909576006,122.61482390766903,-3.5887969025921973,20.91324194181435,2.9831702584679483,-130.8029252274602,269.8819391781097,163.59062667217106,262.0099589941999,-30.934610647894488,-30.32608687878717,-14.308746436439032,20.70019907092191,295.73031296334995,229.8512603310797,-113.24942131902841,-2.2600975699086012,-152.70526616687826,-237.57105035132852,-31.084879372064787,-97.55494504066536,77.97524994815733,50.34255384363463,239.39696904064598,-34.95746551609166,6.227376450361573,236.01392162495017,-131.78578116353992,-280.4692316742026,-202.01128908241347,119.20475548900818,-216.84303857159884,-62.79715288298872,65.37298903408232,51.02262566802949,145.77879989485413,-127.35749112853075,-259.4061530041887,-47.285079098777096
-91.3649184805549,-1069.9196921533553,-76.50589220686626,-387.39440932759635,-336.8968438787809,-635.1531851288184,648.73410901200225,239.42685956462424,-204.823302739207,630.6169116714731,-171.09291733586048,190.22651707699535,830.612585883844,-693.8932189636056,-484.47432819112856,-189.20838065052087,838.5469025533846,-176.6240821896099,-377.4404345119665,12.063210275798141,-65.05322294875974,-11.871475097746119,400.56762882139327,-830.1879905942327,-506.67982754110903,-808.7306974638394,94.0584931532304,88.9183017663237,45.21776466383383,-63.292693811710464,-913.2045405918651,-708.1867580664833,349.6708003464392,5.417525658308532,475.9967338034258,731.983639850615,91.49039697410181,307.1781835362503,-243.28563405599354,-156.957820726572,-735.7571072353837,107.69143536032853,-23.221055563346148,-728.9494583325071,406.2629809103052,865.462940225057,627.6610693090329,-369.894978789384,669.819407464407,196.75465557619341,-201.6264585450205,-158.04611730143148,-444.318167569636,392.1298562961661,803.532499722836,144.88225823549897
25.319290687812714,290.13504227058735,20.56583782638581,105.53406973248941,91.1301284440447,172.20430551832655,-175.68279086985922,-64.66597302912045,56.216842068973016,-171.09291733586048,46.74230268565736,-51.45270602112456,-225.21714104311044,188.12462837991407,131.29229564941352,51.29893792549696,-227.29925037113097,47.529111777768414,102.31261862456118,-3.0617202005620725,17.703575569505436,2.7335941137546578,-108.99493131491663,225.45754844464477,137.12412140551123,219.15501419939977,-25.69528967250739,-24.90714001788853,-12.195490001497856,17.221802819155908,247.4030643054845,192.01299029738558,-94.70519726728777,-1.5762701140694466,-128.44010819802517,-198.55187944470654,-25.44767084950098,-82.4759374807765,65.55820253455063,42.26476617686195,199.7693032012718,-29.309285313278863,5.630887021837841,197.50004883237136,-110.17807603882143,-234.6980511442161,-169.37324850367068,100.03633792332447,-181.47689656753573,-52.96705016723388,54.6305042538405,42.754127188464174,121.28774158791252,-106.35898216220798,-217.43926533983023,-39.44374921176125
-27.298804323627216,-322.814141927823,-23.179815185929833,-116.60017637857233,-101.73937469315463,-191.57933990092693,195.91026199122038,72.30634627437944,-61.42571389601985,190.22651707699535,-51.45270602112456,57.47616078999588,250.6077490052706,-209.46319127393866,-146.28862649036998,-57.005473910255205,253.09733445550316,-53.4703816184159,-113.85257536172278,3.7205701768062704,-19.666550860114015,-3.8029040709313104,120.66011173613775,-250.37125032244512,-153.08949622369906,-244.1225741990068,28.277785642959117,26.466014774045775,13.732620258454965,-19.054602529664546,-275.68335388806497,-213.67373274036257,105.55824891020902,1.5104330908839492,144.05328844839522,220.8470750363593,27.262799415786564,93.20013928189225,-73.64911669167343,-47.50520211829386,-221.84698022548693,32.485924556765404,-7.326865928849414,-220.07487483682957,122.59197233312996,261.227397965985,189.79682596760668,-111.81061321053288,202.2299506946968,59.6127833592475,-60.85042258812538,-47.750289415791585,-133.67352700209793,118.29322180940468,242.7788995683334,43.652719497609226
-120.11969375203455,-1409.3366064727154,-100.8347762769183,-510.1793578306009,-443.9068689900259,-836.8013190965839,854.5103544601216,315.6117186728203,-269.590972098194,830.612585883844,-225.21714104311044,250.6077490052706,1094.1411423797726,-913.8709554404754,-638.0672049333614,-249.4171204950452,1104.4835061971985,-232.80621048227874,-497.28105451359596,16.02414830569115,-85.5021558578798,-15.89451989532896,527.5049750193426,-1093.300613973669,-667.3921536137047,-1065.277213601653,123.82161249993557,116.72204328377633,59.48246216799103,-83.35845142265697,-1202.9104908280874,-932.8862018891055,460.64061296344244,7.224529028469939,627.0355220542127,964.1065770874864,120.291763636173,404.74029540374397,-320.56930967133087,-206.87254298022955,-969.1050628523336,141.70389776268783,-30.88382728553564,-960.1580234384686,535.0966756102423,1139.8015177305904,827.117623843073,-487.2104099493107,882.2650428107376,259.1871745994937,-265.61989079574363,-208.195204892938,-584.9137639172077,516.5377318790804,1058.415040258629,190.75803238541135
100.29606224941838,1177.2672785489212,84.33159301840882,425.7186951999493,370.65524240764705,698.3519848112314,-714.3949520190804,-263.10560107390654,224.77843653558165,-693.8932189636056,188.12462837991407,-209.46319127393866,-913.8709554404754,764.1587796283293,533.6533422656279,207.52448898132187,-923.1113705485243,194.5166010137108,414.98867427429497,-13.197175016706119,72.1290116879382,13.090072141573568,-440.51116111955025,913.7563944369242,558.1905701014937,890.2449928432638,-103.36368263277964,-97.72329959912322,-50.20042625904063,69.54297406899924,1005.2719361430779,779.1547812087418,-384.8175576646964,-5.40340248675624,-524.9344144771752,-805.6104289904894,-100.19635804620927,-339.2297871784593,268.15238243422846,172.83866853204108,809.308167654318,-118.81842755242475,25.790565209309683,802.5742672494064,-447.1862601479076,-953.0839101068264,-691.0622337776076,407.6757430848493,-737.5112366049516,-217.1613496718435,221.83464548905235,174.06311658816682,488.6183728913197,-431.39659461682464,-885.195785038327,-159.4440796987534
69.93304726512606,821.9863510485919,58.92615879975549,297.10986244227206,258.81597109444476,487.5199004264688,-498.91815250121306,-183.67788494641505,156.77512526917724,-484.47432819112856,131.29229564941352,-146.28862649036998,-638.0672049333614,533.6533422656279,372.7071351816212,144.79327467561333,-644.600939245701,135.88142604738488,289.7042877495876,-9.225653279309475,50.43911525782492,9.19491034800318,-307.49354378569546,638.007143410461,389.8740314445398,621.6619662029987,-72.12429560349834,-68.12407540617352,-35.128909409462125,48.530517624001035,701.9930673247327,544.0068949475858,-268.70693024709806,-3.673939897161965,-366.7738356221165,-562.5099844718561,-69.81301590048386,-237.13796694076328,187.34435828709297,120.72920169093214,565.003804921036,-82.99637248261058,18.11797712059339,560.4638131183194,-312.2584095533934,-665.5781563481115,-482.6694788602861,284.78179706459053,-515.0350245578854,-151.76554448309219,154.8904160153078,121.56920402549437,341.03013520724016,-301.1943704470101,-618.2726341483765,-111.31465163557372
27.370803883303797,321.14605315213873,22.89611467047462,116.64068314016735,101.31554094734305,191.29788806182276,-194.17800090593764,-72.43976384047706,61.770848614340075,-189.20838065052087,51.29893792549696,-57.005473910255205,-249.4171204950452,207.52448898132187,144.79327467561333,57.60772456956615,-251.21176830415533,53.03363584747921,113.69760352842906,-3.8443743429584187,18.8107512423392,3.83939335367636,-120.29414362443964,248.64835513969967,151.45470554843087,242.3993146738852,-28.26144672881615,-26.325474410373634,-13.08090227131243,19.069713731429953,273.70856989722455,212.68848032271777,-104.94570475419806,-2.226801687541776,-141.85814400365246,-219.43840150483297,-27.628344920771468,-91.22612126457646,72.73749268601802,47.13393398979029,221.0166525446311,-31.857697129165786,7.096532935139078,218.31440805113797,-121.74206565497062,-258.8178376315325,-188.409262572639,110.39492168968127,-200.56138644683068,-58.46930719274512,60.573798082091365,47.30708535831805,133.20302059160844,-117.78274365108494,-240.220723269243,-43.367966864833456
-121.1408691732172,-1422.739879220876,-101.89064916759993,-514.6250866629803,-448.0546824789061,-844.306033229718,863.0910065790338,318.2815254453286,-271.75474635521516,838.5469025533846,-227.29925037113097,253.09733445550316,1104.4835061971985,-923.1113705485243,-644.600939245701,-251.21176830415533,1115.3727024839427,-235.11184193321708,-501.733504635748,16.0772623388562,-86.80685474400683,-15.996789965863044,532.3670675372844,-1103.9827871335685,-674.2696042225487,-1075.6924432267058,124.93134162357778,117.86650624363983,60.416822098451725,-84.08791170368228,-1214.6954512321702,-941.6826579020769,465.0642278327844,6.831417540052449,633.906338296143,973.4560782054944,121.13500284500724,409.523534681306,-323.9466083441027,-208.9166604061827,-978.1227742623577,143.35867602557988,-31.278934599703874,-969.6878507387728,540.3222574156318,1151.3281698829376,835.2150070107707,-492.36941106382176,891.0529900973078,262.19175998183186,-268.1195111773299,-210.30012073251606,-590.3606193979032,521.3836357005468,1069.3004316782776,192.6123782355556
24.9474217446234,299.8443502566044,21.661455303071914,107.98488751227507,94.69132185707534,178.03831001828732,-182.098652871903,-67.41195954734367,56.58229909576006,-176.6240821896099,47.529111777768414,-53.4703816184159,-232.80621048227874,194.5166010137108,135.88142604738488,53.03363584747921,-235.11184193321708,49.94385480119606,105.82343491020573,-3.6340650867334476,18.157612955157116,3.9115436827920127,-111.81043860450804,232.26174998652104,142.33154960496873,226.83588494272655,-26.12711484668928,-23.955216831620458,-12.755234887735345,17.664373825429614,256.21390989984474,198.50331605355797,-98.13581557504219,-1.3870156347770208,-134.1761472329579,-205.0694122738145,-24.865250587700796,-87.08768994939744,68.68287706907034,44.34613373799445,205.8925179650078,-30.051289148626513,7.31491043162203,204.49787399178234,-113.84557343223986,-242.53911995410064,-176.91148677126634,103.99384207643682,-187.9132306000664,-55.60873186818764,56.561151223660616,44.418461652103225,123.55131956021003,-109.86637586208286,-225.74990742087195,-40.415751360292205
54.5436152974526,640.475999840301,45.8035816919195,231.98801294181783,201.82746635691817,380.56857351787636,-388.1111564530725,-143.68804066582723,122.61482390766903,-377.4404345119665,102.31261862456118,-113.85257536172278,-497.28105451359596,414.98867427429497,289.7042877495876,113.69760352842906,-501.733504635748,105.82343491020573,226.16783543313576,-7.386775452104478,38.55033222647276,7.358539407360808,-239.73873789794757,496.60895428803195,303.03483709448096,483.9743692208218,-56.2771349931681,-52.856760399605974,-26.822393953349785,37.91301609096487,546.5077704467142,424.0050609031293,-209.34075031003314,-3.53885951920727,-284.54514770016107,-438.023867807217,-54.713465925071525,-183.55029750298073,145.57462499170762,94.03488754878383,440.47536275651703,-64.19472008263855,14.117049403404561,436.1450684987423,-243.08979589954808,-517.5732029264294,-375.9229697482526,221.15244237489185,-400.74360628523175,-117.55634837039857,120.73689399188788,94.56316896328532,265.71288697911666,-234.77514436188505,-480.60140223978806,-86.6306894419694
-1.404558167800079,-20.589969770993932,-1.5698773777319188,-7.240891168672921,-6.6734669141443215,-12.401562903851179,12.50211971195307,4.909976569783984,-3.5887969025921973,12.063210275798141,-3.0617202005620725,3.7205701768062704,16.02414830569115,-13.197175016706119,-9.225653279309475,-3.8443743429584187,16.0772623388562,-3.6340650867334476,-7.386775452104478,0.41793539367886307,-1.0396014827122033,-0.5988958512372798,7.491088849427669,-15.638337565816906,-9.770022880778553,-15.575919535423425,1.6975518301620163,1.1234801694880812,0.7928692758321176,-1.1984136343242033,-17.626547995340832,-13.675906496067874,6.79975072267385,0.1830328595682139,9.314692805502181,13.985180980849568,1.4005014946731082,6.1917696139242455,-4.872042947816975,-3.212242255484542,-14.044077250293276,1.892302303757235,-0.8957820153998517,-14.01869198368468,7.7639797127660115,16.418489934908955,12.604444684472464,-7.134954761042914,12.872434057462499,3.886946645328986,-3.9220105412163173,-3.0748654526922343,-8.009159906064458,7.551550485838761,15.517311588714037,2.6615718755268607
9.500826903848322,110.24602860059014,7.927481458976946,39.65403658675625,34.53625253078302,64.89994052023076,-67.2879112804253,-24.170174959476853,20.91324194181435,-65.05322294875974,17.703575569505436,-19.666550860114015,-85.5021558578798,72.1290116879382,50.43911525782492,18.8107512423392,-86.80685474400683,18.157612955157116,38.55033222647276,-1.0396014827122033,7.311691405937097,0.9504096273383845,-41.25573482641644,86.02437500418142,52.7125211737331,83.61494658106587,-9.68238831061134,-9.528875510807405,-5.065623760833089,6.467330344444981,94.41843997020258,72.8698838817292,-36.03250877575569,-0.06497852526620103,-49.84966224822827,-75.66075618899409,-9.336878156185128,-32.40881048987719,25.274334345972512,16.13107204933252,75.6879890336491,-11.49762932851237,2.2360965629594065,75.50754863642304,-42.033154537792775,-89.9823561132492,-64.60108360304777,38.62403807510867,-69.419159185167,-20.741410034084115,20.727790667906177,16.388628188103205,45.98150807481519,-40.33879290286453,-83.5722959778939,-15.039443920708601
0.9217567170740886,20.39671476317743,1.7042880153869595,6.7581583924241695,6.807446527226332,12.326917483157839,-12.568810118805597,-5.1015972517326365,2.9831702584679483,-11.871475097746119,2.7335941137546578,-3.8029040709313104,-15.89451989532896,13.090072141573568,9.19491034800318,3.83939335367636,-15.996789965863044,3.9115436827920127,7.358539407360808,-0.5988958512372798,0.9504096273383845,1.029976891599226,-7.095280175994053,15.18611322524129,9.907911524433022,15.544295422682664,-1.523135714762204,-0.4230683651994223,-0.832070467471591,1.1379948350375568,17.639115348974084,13.576082840622686,-6.832948006145204,-0.09728862492541522,-9.75303025733747,-13.793474172350523,-0.8436053657898452,-6.814522610676325,5.184201606256915,3.4441097395946887,13.699437419202715,-1.771628999212471,1.4610131936954143,14.022236247775554,-7.67215458703769,-16.23954482740381,-13.20269466326957,7.283166254557974,-12.877169229637538,-4.164768726290256,3.923765468166009,3.130900845741399,7.241824324043313,-7.462487232117572,-15.742056429727102,-2.5038495431476684
-58.559426920060815,-679.4926038236093,-48.39881229724658,-246.58057520397043,-213.76705948885171,-403.4577223494403,411.6749394891012,151.89532429585108,-130.8029252274602,400.56762882139327,-108.99493131491663,120.66011173613775,527.5049750193426,-440.51116111955025,-307.49354378569546,-120.29414362443964,532.3670675372844,-111.81043860450804,-239.73873789794757,7.491088849427669,-41.25573482641644,-7.095280175994053,254.78081802019202,-527.4838300105787,-321.39943710708076,-513.4085326880343,59.92470651286476,57.198707148949936,28.565878643882165,-40.26506968431421,-579.668457657344,-449.7512809842887,221.9534342271317,3.6546107683269646,301.486691770466,464.88315466277743,58.76883706732569,194.0949488363349,-154.03962100976926,-99.3836992585399,-467.5523024362781,68.4163303718994,-14.10522491600717,-462.6896900987928,257.99098281525625,549.4816047550788,397.7908775349234,-234.53878946963943,425.14799566900297,124.46475925354005,-128.01547290141744,-100.24640646026454,-282.9520116900009,249.07501371385294,509.6894954721935,92.14639780238414
120.63193089606104,1408.3832595658732,100.63335089588256,510.0705535231021,443.2357176308595,835.7285448755183,-854.0867862061444,-314.71590542806143,269.8819391781097,-830.1879905942327,225.45754844464477,-250.37125032244512,-1093.300613973669,913.7563944369242,638.007143410461,248.64835513969967,-1103.9827871335685,232.26174998652104,496.60895428803195,-15.638337565816906,86.02437500418142,15.18611322524129,-527.4838300105787,1093.2921035793333,667.1184195002588,1064.6594186944073,-123.90331613233988,-117.71266553006099,-59.73194612684977,83.3049426619278,1202.1477023003995,932.1374165584998,-460.21654607595497,-6.8943212479744584,-626.7000768198866,-963.7061986963779,-120.73683591027867,-404.3346325716546,320.136539080853,206.4092052310481,968.5822166766093,-142.04983012869909,30.093263597596366,959.6833180723692,-534.8930732402318,-1139.7278968294288,-825.7036326841073,487.0667563228466,-881.8586690736266,-259.03398828972126,265.3553950771878,208.0429131013355,585.4513997973248,-516.1545372231337,-1057.9345029405624,-190.87573302579457
72.83159112980616,859.747634266409,61.73303601459805,310.47381510058625,270.83406060144034,509.9349879149028,-521.9678294740936,-192.26737358380805,163.59062667217106,-506.67982754110903,137.12412140551123,-153.08949622369906,-667.3921536137047,558.1905701014937,389.8740314445398,151.45470554843087,-674.2696042225487,142.33154960496873,303.03483709448096,-9.770022880778553,52.7125211737331,9.907911524433022,-321.39943710708076,667.1184195002588,407.94790065344097,650.3001784115376,-75.33260351132596,-70.79774620539887,-36.78069844085992,50.72689988117517,734.3647490057785,569.0157768233037,-281.11624668811845,-3.7772511518325875,-383.98912369949153,-588.3146781324497,-72.65421415376046,-248.5012923749042,196.19566602043096,126.45188170950556,590.813931588316,-86.74769504507734,19.33231669241748,586.3085852633736,-326.59238222468645,-696.1521624149665,-505.32223496196644,298.0166182365502,-538.7862411385192,-158.95742145151718,162.0306526983936,127.21277027310059,356.2353830167594,-315.01730805333887,-646.9365977237721,-116.34135465345634
116.73532135555584,1372.2232146596182,98.3045299387679,496.3287850237654,432.2169244291601,814.4138260007073,-832.4243606533394,-307.09895530330004,262.0099589941999,-808.7306974638394,219.15501419939977,-244.1225741990068,-1065.277213601653,890.2449928432638,621.6619662029987,242.3993146738852,-1075.6924432267058,226.83588494272655,483.9743692208218,-15.575919535423425,83.61494658106587,15.544295422682664,-513.4085326880343,1064.6594186944073,650.3001784115376,1037.4996264337851,-120.444789046959,-113.47326242285291,-58.22421270100537,81.08672200893257,1171.566752843843,908.2643008888732,-448.5667695187932,-6.64938428486349,-611.393061770608,-938.8361722471419,-116.72872680933416,-395.00867918455225,312.4797859356119,201.5447712771904,943.3761862688734,-138.1740127850478,30.31130054780545,935.2213829022555,-521.1171459753753,-1110.3113645088606,-805.7221259470554,474.86409004382324,-859.3782959118372,-252.85251594259222,258.6171546047502,202.83240863074096,569.2291656211702,-502.88188895404426,-1031.3001729052733,-185.7328578275751
-13.917627610563798,-159.49928877712864,-11.297143425694042,-58.03967375658269,-50.10937969379986,-94.71775879251966,96.5361836192471,35.59177869002212,-30.934610647894488,94.0584931532304,-25.69528967250739,28.277785642959117,123.82161249993557,-103.36368263277964,-72.12429560349834,-28.26144672881615,124.93134162357778,-26.12711484668928,-56.2771349931681,1.6975518301620163,-9.68238831061134,-1.523135714762204,59.92470651286476,-123.90331613233988,-75.33260351132596,-120.444789046959,14.136866731302652,13.67650444990178,6.6657708825224535,-9.47877667071564,-135.97366924689703,-105.56747877847609,52.06376281794125,0.9111460962356914,70.52562606767107,109.1364256623761,14.009896292334536,45.26236411782768,-36.016965118796485,-23.23866212416483,-109.83325580282262,16.084302554948977,-3.099107577751544,-108.53860943223357,60.55169863182877,128.95648528076404,93.10358159295609,-54.941877567013044,99.72903705806128,29.08206617381806,-30.035545650222762,-23.49433449852809,-66.67063729239062,58.47438531986849,119.45755695101158,21.674171056708158
-14.163876276910951,-150.4629915241035,-10.346474739348546,-55.512331183360565,-46.77053255981262,-89.03643709998046,90.83626366323868,32.865917056216105,-30.32608687878717,88.9183017663237,-24.90714001788853,26.466014774045775,116.72204328377633,-97.72329959912322,-68.12407540617352,-26.325474410373634,117.86650624363983,-23.955216831620458,-52.856760399605974,1.1234801694880812,-9.528875510807405,-0.4230683651994223,57.198707148949936,-117.71266553006099,-70.79774620539887,-113.47326242285291,13.67650444990178,14.5257596877033,6.355596706462411,-9.022031682795191,-127.98668890986102,-99.48521339850653,48.90060165357224,0.8258237593693699,65.73536119815837,103.16422479000175,14.34079043655479,41.54221773805556,-33.31409720009225,-21.35666484275307,-104.01151093541874,15.552090325111498,-1.631649009365177,-102.25642616743657,57.21830120453837,122.03497949517462,86.27135018660026,-51.57223712608872,93.96922398834568,26.93811323861009,-28.22805859027595,-22.02035812548845,-64.44935563369995,55.17359528977915,112.21096123572654,20.783026185640434
-6.422242234442394,-76.69296739333426,-5.576941848091214,-27.413366651787616,-24.099787461335712,-45.14734986776535,46.89463801744751,16.8952156347778,-14.308746436439032,45.21776466383383,-12.195490001497856,13.732620258454965,59.48246216799103,-50.20042625904063,-35.128909409462125,-13.08090227131243,60.416822098451725,-12.755234887735345,-26.822393953349785,0.7928692758321176,-5.065623760833089,-0.832070467471591,28.565878643882165,-59.73194612684977,-36.78069844085992,-58.22421270100537,6.6657708825224535,6.355596706462411,3.555831180814236,-4.47254366474827,-65.76064408585916,-50.69994495695313,25.10257969576202,-0.0039590428921883565,34.91626153920487,52.61006996582485,6.2698942206960755,22.84026820004952,-17.734620638198276,-11.324489729647437,-52.56492356985654,7.9625014985779945,-1.7837436732240177,-52.59022120759847,29.23793359434239,62.60593201280418,45.230697771861124,-26.9724104100666,48.35196960899438,14.55807189895405,-14.433690938827736,-11.436494428878566,-31.71203975459846,28.054155007231902,58.310791783299095,10.414396502587428
9.253347062675024,107.36203326762549,7.638553666836646,38.98915290453068,33.78809035959801,63.800320943061614,-65.00060616384737,-24.043581963294567,20.70019907092191,-63.292693811710464,17.221802819155908,-19.054602529664546,-83.35845142265697,69.54297406899924,48.530517624001035,19.069713731429953,-84.08791170368228,17.664373825429614,37.91301609096487,-1.1984136343242033,6.467330344444981,1.1379948350375568,-40.26506968431421,83.3049426619278,50.72689988117517,81.08672200893257,-9.47877667071564,-9.022031682795191,-4.47254366474827,6.373603239970773,91.55631714809503,71.07233071798177,-35.06976363225364,-0.626287255866703,-47.546179498498006,-73.43739114617344,-9.30855801463762,-30.583349080856884,24.311360859785225,15.704542079842104,73.88866722869571,-10.779982781450235,2.2307913709626703,73.068908085176,-40.746378953808545,-86.74830549832936,-62.84152034347963,37.00263567972215,-67.13587560574756,-19.626275662191187,20.230245304688072,15.829249592926265,44.70344723911713,-39.35960700161136,-80.44951868344408,-14.549441037743277
131.7120261272608,1549.5033098834144,111.04056035358172,560.3534704928719,488.0992576233945,919.633790132088,-940.0194613599524,-346.8207187501418,295.73031296334995,-913.2045405918651,247.4030643054845,-275.68335388806497,-1202.9104908280874,1005.2719361430779,701.9930673247327,273.70856989722455,-1214.6954512321702,256.21390989984474,546.5077704467142,-17.626547995340832,94.41843997020258,17.639115348974084,-579.668457657344,1202.1477023003995,734.3647490057785,1171.566752843843,-135.97366924689703,-127.98668890986102,-65.76064408585916,91.55631714809503,1322.9783689734256,1025.6102893836448,-506.5441881553408,-7.486317777823877,-690.5067705393895,-1060.1247949109543,-131.68805109759455,-446.2087223130732,352.9278029388445,227.64100620812192,1065.2015338926237,-156.01376412633954,34.35457109992088,1056.0842861216097,-588.441743125872,-1253.76275375091,-909.9720632422717,536.2672952822768,-970.4396315850079,-285.6110932021474,292.03718825492655,229.05970409488344,642.6169316967422,-567.8434216934481,-1164.6292149718686,-209.69513403546284
102.40084106021709,1201.6242854974166,85.97491694443065,434.98903242581804,378.4947212647805,713.4948642283232,-728.5545360136401,-269.1231092127367,229.8512603310797,-708.1867580664833,192.01299029738558,-213.67373274036257,-932.8862018891055,779.1547812087418,544.0068949475858,212.68848032271777,-941.6826579020769,198.50331605355797,424.0050609031293,-13.675906496067874,72.8698838817292,13.576082840622686,-449.7512809842887,932.1374165584998,569.0157768233037,908.2643008888732,-105.56747877847609,-99.48521339850653,-50.69994495695313,71.07233071798177,1025.6102893836448,795.3994907868116,-392.751212916695,-6.178091334277189,-534.60048647508,-821.9996731693079,-102.55241714986423,-345.07176778128957,273.32395439709234,176.3910711457831,826.2760180228954,-120.79762274734804,26.35297169804729,818.6323565773819,-456.22432249514196,-971.7780917840539,-705.2362372485999,415.38767546671954,-752.219324448765,-220.97102903402939,226.474875185523,177.50779142717045,498.68149095339436,-440.411727042973,-902.3987670540489,-162.63669911398338
-50.391630010595215,-593.3389514446255,-42.518550796212836,-214.59802966232226,-186.94976341339785,-352.25957147838864,359.87713030786034,132.9182047034173,-113.24942131902841,349.6708003464392,-94.70519726728777,105.55824891020902,460.64061296344244,-384.8175576646964,-268.70693024709806,-104.94570475419806,465.0642278327844,-98.13581557504219,-209.34075031003314,6.79975072267385,-36.03250877575569,-6.832948006145204,221.9534342271317,-460.21654607595497,-281.11624668811845,-448.5667695187932,52.06376281794125,48.90060165357224,25.10257969576202,-35.06976363225364,-506.5441881553408,-392.751212916695,193.97335388096954,2.959723446331941,264.2793986501447,405.89775054000484,50.41532518844681,170.75221832263668,-135.1227828600802,-87.19330969779993,-407.9006913650123,59.65922694865124,-13.217686955372391,-404.32861586106526,225.29169599774747,479.9350591355863,348.50130142297377,-205.25839719665512,371.53144899666705,109.29761678684721,-111.83883247892132,-87.69705617722849,-245.9945271479392,217.45100695305723,445.828372545399,80.26644113503643
-0.9725036161236511,-9.217532205108453,-0.5367004426997247,-3.807297981659959,-2.9536738988780153,-5.943239552572317,5.091988284435145,2.380792072286307,-2.2600975699086012,5.417525658308532,-1.5762701140694466,1.5104330908839492,7.224529028469939,-5.40340248675624,-3.673939897161965,-2.226801687541776,6.831417540052449,-1.3870156347770208,-3.53885951920727,0.1830328595682139,-0.06497852526620103,-0.09728862492541522,3.6546107683269646,-6.8943212479744584,-3.7772511518325875,-6.64938428486349,0.9111460962356914,0.8258237593693699,-0.0039590428921883565,-0.626287255866703,-7.486317777823877,-6.178091334277189,2.959723446331941,0.5407319779585201,3.08130507506483,6.134177328431885,1.176478158271361,1.5864618537664041,-1.705900205025659,-1.2431817237554799,-6.569637357321146,0.6294965577075003,-0.019680294716247014,-5.8511262162591455,3.358202559314836,6.748201049930131,5.069702886295846,-2.606396311039615,5.342108734316003,1.1091592302416966,-1.7592010388933095,-1.2227914828185344,-4.038112591347189,3.4472531532318444,6.016123983414909,1.219643768987736
-67.78776621476523,-807.7959006954146,-58.266540805381865,-290.9179687717429,-254.64400736854572,-478.79743734680005,491.02835582234803,180.6502931694804,-152.70526616687826,475.9967338034258,-128.44010819802517,144.05328844839522,627.0355220542127,-524.9344144771752,-366.7738356221165,-141.85814400365246,633.906338296143,-134.1761472329579,-284.54514770016107,9.314692805502181,-49.84966224822827,-9.75303025733747,301.486691770466,-626.7000768198866,-383.98912369949153,-611.393061770608,70.52562606767107,65.73536119815837,34.91626153920487,-47.546179498498006,-690.5067705393895,-534.60048647508,264.2793986501447,3.08130507506483,362.14703354308585,552.8460747458902,67.37847790879377,235.05159914158068,-185.01285982834267,-119.16519650526023,-554.7075629810151,81.63253865472834,-18.919657322109394,-551.364901700689,306.9601896950129,654.6115139623047,475.81420325290657,-280.6987071390752,506.70308939484823,150.15725467550308,-152.26664226682445,-119.72791368391431,-333.80917132999593,295.90836413413894,608.9549201261706,109.18605316781336
-105.97729061689026,-1241.9021823775486,-88.8489481777433,-449.5096711111969,-391.04359503874707,-737.1053326992231,753.1766098637429,277.8231019420914,-237.57105035132852,731.983639850615,-198.55187944470654,220.8470750363593,964.1065770874864,-805.6104289904894,-562.5099844718561,-219.43840150483297,973.4560782054944,-205.0694122738145,-438.023867807217,13.985180980849568,-75.66075618899409,-13.793474172350523,464.88315466277743,-963.7061986963779,-588.3146781324497,-938.8361722471419,109.1364256623761,103.16422479000175,52.61006996582485,-73.43739114617344,-1060.1247949109543,-821.9996731693079,405.89775054000484,6.134177328431885,552.8460747458902,849.6954032532809,106.05482196021974,356.90881444742223,-282.52392112067776,-182.22808186434193,-853.9473124532111,125.08818364086167,-27.031711414927862,-846.2605237027275,471.61283422604816,1004.795648407323,728.6856187198109,-429.5424158875602,777.6252084993355,228.57083360789815,-234.03180112424522,-183.49686580677414,-515.6485844087588,455.14087346256304,932.990435842365,168.17535390482425
-14.288043632239619,-154.96669223656545,-10.704071219647226,-57.16585544039156,-48.40459065493523,-92.12650562710039,93.33193638861093,34.33735676611593,-31.084879372064787,91.49039697410181,-25.44767084950098,27.262799415786564,120.291763636173,-100.19635804620927,-69.81301590048386,-27.628344920771468,121.13500284500724,-24.865250587700796,-54.713465925071525,1.4005014946731082,-9.336878156185128,-0.8436053657898452,58.76883706732569,-120.73683591027867,-72.65421415376046,-116.72872680933416,14.009896292334536,14.34079043655479,6.2698942206960755,-9.30855801463762,-131.68805109759455,-102.55241714986423,50.41532518844681,1.176478158271361,67.37847790879377,106.05482196021974,14.56122783136488,42.578573789880956,-34.33279094245657,-22.154422550317832,-107.11060497622448,15.672425399900542,-2.0875992781134523,-105.09731955249562,58.80148074634166,125.08224969372768,89.26976095697195,-52.85240393379404,96.55341827500003,27.567272645133876,-29.129809844855902,-22.648268995529385,-65.88356332601961,56.8648095574261,115.18882800282583,21.252631621019287
