V1,V2,V3,V4,V5,V6,V7,V8,V9,V10,V11,V12,V13,V14,V15,V16,V17,V18,V19,V20,V21,V22,V23,V24,V25,V26,V27,V28,V29,V30,V31,V32,V33,V34,V35,V36,V37,V38,V39,V40,V41,V42,V43,V44,V45,V46,V47,V48,V49,V50,V51,V52,V53,V54,V55,V56
101.0769572267675,55.95299646470213,-31.964676479927686,124.83192085210156,-14.61826014140515,58.038161545164336,34.70851533486817,7.704021518079292,147.0875832642765,-45.55622882103487,69.37997300332803,18.721466529125635,-44.198095299260544,-6.7014463714960995,-19.83055805028673,46.35598363178062,-4.866748986685972,-56.44484538901432,31.870196894543632,26.931900940907543,-18.317204416918642,-74.99149524093812,-91.52557143887005,78.49889847398363,-53.52824478586363,-1.8586526772721665,-40.99169736735826,-132.23463744394655,33.006726093740234,17.76957542273127,-13.145589207439917,37.433918277027146,3.1819580426577447,-48.27802381317372,139.26505441823622,-36.30326976601482,-128.83506229509106,179.34984728295711,-76.39271630478152,-44.88203117591755,92.06846901567575,-3.338263447394782,-113.93301862984838,-15.88888813988022,-13.620834700121307,-1.5071913104917063,118.17134916919022,-59.64889439806749,17.26584856468179,86.92637987385166,4.865414722015298,-16.674423442281597,161.06364510190267,-28.45707347864354,86.97090934725384,-29.933447510577423
55.95299646470213,32.48583217479329,-17.675127091776027,69.62616449473013,-7.604857507547483,33.12822747964754,18.34946198023554,3.8449638498415784,81.76034971648964,-26.016061572428733,38.525069993806476,9.995006952243328,-25.594385799852226,-2.816018039022278,-10.356708682180088,26.031156988175052,-3.7993168079725383,-30.966469092804978,18.188272157956707,14.881948334938992,-10.151931878174661,-41.38082828375514,-51.08954876610229,44.469328918506854,-28.91505034867667,0.015421082348913456,-22.8356964313562,-73.25514488204219,18.276271492116877,9.88686224137711,-6.1549464543041355,21.725517733818656,1.2250369244733779,-26.769607236518283,76.42394321791767,-20.997306009228293,-71.31115636972628,98.81851967168194,-41.98057830341342,-24.608030054523567,51.92103509122875,-2.011699664261841,-62.92288943974476,-7.803883743412197,-8.09754986706056,-1.9169961150760848,64.51391794616393,-32.527288442002956,8.616126625464847,47.924664547666424,2.9255510360861074,-9.038286400989069,89.61327003181488,-16.29743799796033,47.08186376322009,-16.750310763878915
-31.964676479927686,-17.675127091776027,10.719302296980583,-39.5332813099127,4.763804271222501,-18.567686922140915,-11.03739255006647,-2.1277889610594047,-46.79723236048492,14.047623905695446,-21.787772891234894,-5.7226167123463805,13.750178326065042,2.274277236891886,6.315810146110382,-14.796033972509804,1.76823434235189,18.063491428849304,-9.951450669189038,-8.556122040924897,5.98056529898026,23.71660193946063,28.394898188250615,-24.800961078145132,16.75172042450405,0.7540424901310151,12.847125780938462,41.96119549263555,-10.675982947407196,-5.720545793182281,4.532043600409909,-11.828942920053283,-0.7725074649489855,15.5673045504934,-44.18911989447521,11.480043630885428,40.52579551067301,-56.67438586084916,24.420741627406223,14.386005356625622,-28.80150300267805,1.4737474294973154,36.0822470939609,4.7406390244884165,4.615505119586252,0.331367753212462,-37.851945349572865,19.10608707310387,-5.6383211181709365,-27.71963271731787,-1.2505550847965303,5.255788899639778,-50.812953402668775,8.826384643081754,-27.877007328571644,9.888325530805432
124.83192085210156,69.62616449473013,-39.5332813099127,154.52572792050216,-17.870621352841688,72.20633117326396,42.64503845366221,9.323621364467696,182.03572086619548,-56.588555681044625,85.70269773900415,23.024518526934454,-55.00179327491279,-8.103385397628877,-24.43630022787273,57.487963209644086,-6.314045582883166,-69.60487671809958,39.645825030915965,33.279610155524495,-22.618119855902986,-92.69544598258976,-113.26907702179734,97.252030124017807,-66.129621771774,-2.0568612872699847,-50.78107770395236,-163.45506703687042,40.90890300485373,21.99174624417731,-15.930014551527917,46.58648616380936,3.6886867134824617,-59.8044233253991,172.05269474815398,-45.10220318503888,-159.18417898540577,221.55531801499396,-94.49592376986149,-55.42194001451639,114.03938267537694,-4.215673132513357,-140.68056021645933,-19.391158095464963,-17.00656171772775,-2.014025520833658,145.8378413239858,-73.6381501553998,21.036793634122933,107.34030541006707,6.062460360409318,-20.572980587603446,199.10170211479465,-35.33309150827629,107.30717862942355,-36.92840782616933
-14.61826014140515,-7.604857507547483,4.763804271222501,-17.870621352841688,2.3370264902442193,-8.053785495481046,-5.314949650428282,-1.2647899060251646,-21.238932647025763,6.23016780521946,-9.958751906220407,-2.734377240535184,5.950796555967756,1.2386827035501489,3.0319758169958795,-6.572801324487422,0.3594020703849536,8.319927348314174,-4.35881911236858,-3.947044387984694,2.6757297237539386,10.866977854355019,12.968908248855962,-11.020618825835475,7.8624465348660175,0.6552663064651509,5.87657242380534,19.19689677245619,-4.7727688555547285,-2.528194658953336,2.4106409522981784,-5.075004960240217,-0.6142831645721692,6.940766001814611,-20.307113669738015,4.904537376600936,18.58245736237594,-26.053614806754464,11.167082345442182,6.6046196781381115,-12.9407983835472,0.5267062028546053,16.562475052287905,2.572097833993755,1.829344308118786,-0.09927557912189318,-17.497268097393274,8.780959122089412,-2.7950167170792883,-12.723456125403644,-0.5558926288230966,2.4881836485160953,-23.146699110692566,3.9137024639040083,-12.92687476403595,4.3639101279320744
58.038161545164336,33.12822747964754,-18.567686922140915,72.20633117326396,-8.053785495481046,34.277232202129554,19.442508935430062,3.9029070413495037,84.93820217084244,-26.638495521477846,39.858874479433545,10.523573844612477,-26.117335268162286,-3.4780710510507897,-11.16845360659598,27.06025155051222,-3.5724303864920395,-32.260371415315376,18.759539889945223,15.427423805608969,-10.62063729400158,-43.06688965116348,-52.745178468387685,45.69239888751697,-30.487734462334508,-0.4992657508216308,-23.64662655118123,-76.00916853885586,19.199718508710255,10.342925225493381,-6.90882773246132,22.18789794093916,1.3270125062842424,-28.079162526730936,79.89042061056634,-21.469019629892127,-73.96995145288912,102.87355295506296,-43.95994245035909,-25.723980399212888,53.417906086743976,-2.1488154990434674,-65.31939095802326,-8.45060288432445,-8.303742054537109,-1.2878460061539216,67.51929415513065,-34.17939866521328,9.436060621564422,49.86962105392373,2.858589769997557,-9.456044744921698,92.7343522813331,-16.642731793844163,49.64106989080703,-17.363589115627956
34.70851533486817,18.34946198023554,-11.03739255006647,42.64503845366221,-5.314949650428282,19.442508935430062,12.573999159431654,2.863260411659205,50.461239725375016,-15.125227614282888,23.73720960475207,6.58807776384122,-14.504322283959604,-2.9434003907265947,-7.272977094351112,15.860139109154924,-0.8508874680780071,-19.5847813661726,10.6637983913804,9.270884759212732,-6.449977437852087,-25.749104085965858,-31.182322810470936,26.23826246289571,-18.868951852004546,-1.3699480232586365,-14.04352607193086,-45.4136124474248,11.399307127678114,6.024676051682076,-5.389140687695823,12.285908192274892,1.4438197718416705,-16.58860445040718,48.385057578912225,-11.789691304750422,-44.29458361854974,62.10105416486533,-26.468005771653772,-15.556413057634835,31.10797349836248,-0.9633022105438229,-39.237113213791865,-6.1811948018713725,-4.271251560274346,0.27496656999970737,41.169333713401215,-20.864656617797472,6.53860009395439,30.191815120042737,1.5217378292952717,-5.905070655067418,55.06389263724782,-9.491485223181707,30.65266620817705,-10.15295159224164
7.704021518079292,3.8449638498415784,-2.1277889610594047,9.323621364467696,-1.2647899060251646,3.9029070413495037,2.863260411659205,1.095336070194959,11.089636340009463,-3.4190377286566314,5.320398110990207,1.5392668998926908,-3.1070861144196558,-0.5695742183936203,-1.590023677747969,3.240199292320517,0.16677390414734386,-4.304125562550374,2.249320408349375,2.1498352552279973,-1.200087101809028,-5.7864437565958395,-7.169670830278771,5.719056768956582,-4.304122237435213,-0.41613205317770513,-3.2430289386349465,-10.204925142168758,2.2942493707300855,1.1812591695501047,-1.2784162252799114,2.5291353493066344,0.574121280717813,-3.318057224914057,10.594771768898948,-2.376620803533118,-9.949121066704821,13.793499376225068,-5.781087988717877,-3.4076996894313045,6.904439749096951,-0.04125876338875102,-8.774308528414004,-1.711929754727844,-0.6507445819790437,0.005966825828442497,9.123980318126302,-4.4381617509093445,1.3656510815933365,6.617304583346418,0.4237496829826429,-1.3910150976299058,12.292879424090506,-2.126298303523893,6.605728261305733,-1.9509515262186765
147.0875832642765,81.76034971648964,-46.79723236048492,182.03572086619548,-21.238932647025763,84.93820217084244,50.461239725375016,11.089636340009463,214.6610164679385,-66.41546580551594,100.89759174815836,27.076914249972788,-64.49951835504892,-9.733104387313224,-28.919946993400345,67.68417756144859,-7.210463103846081,-82.15507945782798,46.54486323015387,39.30210450247713,-26.669412655793188,-109.28181102252442,-133.24878619644005,114.38093912818785,-78.01530096782086,-2.7438470538210233,-59.859026213677254,-192.79041804463625,48.25562587368381,25.871410835438578,-19.22675475468186,54.68423575558549,4.398658427779834,-70.47474958133907,202.89517051503353,-52.871090465826455,-187.52719343404505,261.18120758032654,-111.5442588043702,-65.43359038381682,134.1023931626375,-5.095278823714015,-165.85797001563762,-23.022931419422168,-19.980846327221126,-2.1325501074674214,172.26932348521316,-86.89951216403614,24.954838088086525,126.65705492238476,6.985295575483932,-24.321722892598842,234.53528613049787,-41.496997787128336,126.74433055939176,-43.55262359452742
-45.55622882103487,-26.016061572428733,14.047623905695446,-56.588555681044625,6.23016780521946,-26.638495521477846,-15.125227614282888,-3.4190377286566314,-66.41546580551594,21.23656830112338,-31.41682017592246,-8.417512141940886,20.678992491698885,2.490539532694007,8.647444913670874,-20.998480625204195,2.676333771211358,25.13558562488313,-14.779210029315372,-12.117857249785095,8.047686454460335,33.86848120588911,41.87082089407277,-35.964151784707575,24.01812528509738,0.2114039285793304,18.6723323056145,59.61481061828671,-14.804882002798639,-8.022635355561222,5.046821132172203,-17.40164690511456,-1.2294184360479394,21.704967246470137,-62.446784610828956,16.887725322608556,58.22113205313235,-80.64111575084542,34.27232721518382,20.04016208073638,-42.16212126159589,1.4156554477559982,51.2428000255592,6.8119420472620575,6.285797864642627,1.2605957626980657,-52.6152833763763,26.531173331355827,-7.173476006349597,-38.84736568299039,-2.4761946258350185,7.421788396860501,-72.91462503362104,13.195509923094951,-38.51801296747974,13.265652849973737
69.37997300332803,38.525069993806476,-21.787772891234894,85.70269773900415,-9.958751906220407,39.858874479433545,23.73720960475207,5.320398110990207,100.89759174815836,-31.41682017592246,47.67104660005479,12.875831156518966,-30.480478167267577,-4.492973388340375,-13.549259925671674,31.812582004463575,-3.3819592595010244,-38.669148095669584,21.948025448060793,18.467120091184956,-12.530779107214745,-51.458722347920066,-62.98302368518837,53.96863846815672,-36.72133959158489,-1.1450543700025764,-28.164474309463802,-90.71770227777219,22.596736811981064,12.182429430242514,-8.83078364729519,25.774711010514196,2.1983665410083346,-33.072397930705804,95.49755853539398,-24.999961181422226,-88.48007825959431,123.06953624470547,-52.337057872478255,-30.738465714191356,63.343587671267706,-2.2002097219841543,-78.17491043560743,-10.887808385627027,-9.323214143276973,-1.1582409512923544,80.91251147499622,-40.846407030590434,11.741437746867835,59.58619739658117,3.4300084585463653,-11.428400900532463,110.61257228251213,-19.613958806522135,59.51937976661035,-20.466569022292905
18.721466529125635,9.995006952243328,-5.7226167123463805,23.024518526934454,-2.734377240535184,10.523573844612477,6.58807776384122,1.5392668998926908,27.076914249972788,-8.417512141940886,12.875831156518966,3.698706855712076,-8.030578975979477,-1.459965383266208,-3.867592546576993,8.476638861661362,-0.6316956448817692,-10.416310801536557,5.876179790519007,4.949696833212594,-3.2861252697917402,-14.000451169509558,-17.06632910023463,14.328076972386535,-10.270180515380199,-0.5216810183311932,-7.586876856308423,-24.390372406946973,6.104299946567632,3.3180074149806824,-2.46645097167363,6.705505590511991,0.7363157880515503,-8.961693986609708,26.01652582961059,-6.59930295753242,-23.94639604337567,33.35399006327375,-14.226151703923724,-8.328998131550986,16.910308693698152,-0.4701864725142526,-21.090208744773477,-3.2435423121810243,-2.338147499603291,0.010175204849834687,21.968124105362595,-11.155446655468376,3.405340792373623,15.974809994242372,0.9483980060983168,-3.1126161307804705,29.736759757015587,-5.173266065583052,16.338842795626224,-5.3399578279610855
-44.198095299260544,-25.594385799852226,13.750178326065042,-55.00179327491279,5.950796555967756,-26.117335268162286,-14.504322283959604,-3.1070861144196558,-64.49951835504892,20.678992491698885,-30.480478167267577,-8.030578975979477,20.27510577656734,2.256710894413193,8.245448371200201,-20.525272051174774,2.902269479062589,24.375668076609216,-14.435821471699512,-11.725943557474004,7.928987362521777,32.750264281878366,40.563111873903715,-35.098388365460515,23.036912056259528,-0.022895436042364395,18.078623807186194,57.79858923454522,-14.408291283625045,-7.81643937126932,4.720719343814622,-17.127288422919847,-1.0352739834699516,21.13010275983818,-60.441449959057024,16.59425425422123,56.42164508628577,-78.12460184234182,33.15919371135343,19.400246184220805,-41.0746003662077,1.451153273459004,49.67578875203342,6.304391065087178,6.2895744915987155,1.4481606331213768,-50.86187190529641,25.685189551404545,-6.812765440397578,-37.73401357185773,-2.405887547734958,7.143148247483431,-70.79738069019139,12.89783270443486,-37.19079075954346,13.049254205119736
-6.7014463714960995,-2.816018039022278,2.274277236891886,-8.103385397628877,1.2386827035501489,-3.4780710510507897,-2.9434003907265947,-0.5695742183936203,-9.733104387313224,2.490539532694007,-4.492973388340375,-1.459965383266208,2.256710894413193,1.183259712068986,1.854797248251074,-3.0671260337427677,-0.3859558622957766,3.9424372345805687,-1.8770400716927624,-1.769935701545173,1.3723191021923025,5.044008112416112,5.759549588173893,-4.4988301510693125,4.141608828095309,0.8618705455791542,2.6420819488713794,8.726306383751359,-2.368178394181295,-1.1998483339999353,1.6826933970729985,-1.9167858279935936,-0.4661008229650137,3.404471640307626,-9.94244630398848,1.830022766919353,8.567929738462256,-12.408574286675798,5.426532838142244,3.171401749240763,-5.5211205470012175,0.12624125851661952,7.6378255465864084,1.700067482327695,0.5997474879172693,-0.8087416104099568,-8.515342109543226,4.458232342633088,-1.8442073268934862,-6.038656655926196,-0.13771136520950483,1.248410244838382,-10.374904732205891,1.5472394074587368,-6.728209079473719,1.9118030651758227
-19.83055805028673,-10.356708682180088,6.315810146110382,-24.43630022787273,3.0319758169958795,-11.16845360659598,-7.272977094351112,-1.590023677747969,-28.919946993400345,8.647444913670874,-13.549259925671674,-3.867592546576993,8.245448371200201,1.854797248251074,4.322739089847474,-9.103215915379337,0.39922242293219934,11.177055640568907,-6.144033746505332,-5.2850585792224924,3.655099965109438,14.828314201095534,17.86319366310756,-14.901311809901735,11.055763167844727,0.905707796726948,8.056650202796186,25.95982047271928,-6.622436546749417,-3.4979856972270156,3.119172250972495,-6.95214919322103,-0.8104659344918267,9.6333914555353,-27.90893659382557,6.7044068713514795,25.35717684760494,-35.63366407128284,15.315906157285115,8.948464870690024,-17.700199536286508,0.5537072463452136,22.41569683208981,3.6531129646259917,2.4148337002386295,-0.4007640871007706,-23.684309570163116,12.06976752377353,-3.855617216186904,-17.222472730169493,-0.8548416453878207,3.392708250842048,-31.42146644486012,5.370059767507934,-17.781366752470735,5.711694750549003
46.35598363178062,26.031156988175052,-14.796033972509804,57.487963209644086,-6.572801324487422,27.06025155051222,15.860139109154924,3.240199292320517,67.68417756144859,-20.998480625204195,31.812582004463575,8.476638861661362,-20.525272051174774,-3.0671260337427677,-9.103215915379337,21.577771137142758,-2.4217276285518454,-25.866744613322595,14.820872613732174,12.304819582933202,-8.61942570670832,-34.29760305425235,-41.99362199901476,36.11909840327699,-24.491284288446135,-0.7192605915717688,-18.825135643422414,-60.61950496136221,15.303603617900324,8.195585241248315,-5.9388951965495345,17.441852426259416,1.2912157748619117,-22.352715681894335,63.99320972058289,-16.798302330543322,-59.09810226310456,82.39203022942912,-35.08520802598913,-20.56314793745949,42.44840152346137,-1.5381950362815873,-52.21325499072554,-7.11382783925407,-6.391026330005823,-0.6982094256309702,54.08374112012217,-27.440563875872517,7.843723540022406,40.02562543939015,2.243725002031035,-7.633774557967146,73.93614924229975,-13.173885280441478,39.94134362607232,-13.83097327640603
-4.866748986685972,-3.7993168079725383,1.76823434235189,-6.314045582883166,0.3594020703849536,-3.5724303864920395,-0.8508874680780071,0.16677390414734386,-7.210463103846081,2.676333771211358,-3.3819592595010244,-0.6316956448817692,2.902269479062589,-0.3859558622957766,0.39922242293219934,-2.4217276285518454,1.4610618699548144,2.55371301546934,-1.861600924229667,-1.235885953774348,0.8195612497913082,3.5841091804338867,4.419946736436372,-4.6891333268765525,1.862487772147493,-0.8069504057632307,1.9019838629625703,6.325073744743457,-1.6576059370471106,-1.0504669046217348,-0.37384257156095474,-2.5500716559506125,0.4393620356715034,2.5354303480393146,-6.08880627258436,2.681132004388398,6.008642160278264,-7.946755211974855,3.481041853398043,2.057683293034781,-4.928423364491769,0.5839065254219852,5.330247319439209,-0.35655710027534654,1.3678776449930032,0.9894450475782404,-5.106738841419447,2.546473999301984,-0.18982996408139385,-3.837554598259189,-0.29411054262826947,0.534334546657343,-7.967088627116123,1.6337543414167521,-3.398675193225609,1.8578973392328544
-56.44484538901432,-30.966469092804978,18.063491428849304,-69.60487671809958,8.319927348314174,-32.260371415315376,-19.5847813661726,-4.304125562550374,-82.15507945782798,25.13558562488313,-38.669148095669584,-10.416310801536557,24.375668076609216,3.9424372345805687,11.177055640568907,-25.866744613322595,2.55371301546934,31.665019950459165,-17.624209735309677,-15.065093814681191,10.33354059564847,41.84525438337658,50.81861739890716,-43.61971142404182,29.89375207432072,1.2952398340893345,22.81927059038995,73.88366299924161,-18.480147103407564,-9.913853471612038,7.73697563834018,-20.71417143890354,-1.8287591921717785,26.995286219835215,-77.89395396599824,20.059781881747522,71.86593152984592,-100.22952279971904,42.74910160526776,25.156450926719845,-51.14213890638631,1.9491979808594992,63.68002695562182,8.974630546543539,7.581811659565149,0.6236950825739331,-66.29536774772389,33.456820642013945,-9.868858976322656,-48.71797192002571,-2.5739943510536527,9.353586819724203,-89.82495429291062,15.744640419728398,-48.848640730112834,16.847868310446955
31.870196894543632,18.188272157956707,-9.951450669189038,39.645825030915965,-4.35881911236858,18.759539889945223,10.6637983913804,2.249320408349375,46.54486323015387,-14.779210029315372,21.948025448060793,5.876179790519007,-14.435821471699512,-1.8770400716927624,-6.144033746505332,14.820872613732174,-1.861600924229667,-17.624209735309677,10.36923057045122,8.450264216617889,-5.75694044827099,-23.66564749502128,-29.196257548360556,25.08914518415187,-16.85950724550573,-0.2214205673202167,-13.036669831862156,-41.67741508217407,10.470397701074925,5.651219716206702,-3.6407474536527413,12.184675153191916,0.8157586648769296,-15.332039911036345,43.85910145988338,-11.791586203958142,-40.715705193472644,56.53701939433008,-24.066147445330554,-14.056296529291236,29.45526969979186,-1.0095085383522342,-35.84425227195014,-4.77011472004328,-4.435355819799508,-0.724394565406976,36.90182116891193,-18.698815584746963,5.128829979650024,27.28805488644572,1.6859905819909875,-5.201048873785451,50.96632279036739,-9.20349137092093,27.154961781310412,-9.35115924680315
26.931900940907543,14.881948334938992,-8.556122040924897,33.279610155524495,-3.947044387984694,15.427423805608969,9.270884759212732,2.1498352552279973,39.30210450247713,-12.117857249785095,18.467120091184956,4.949696833212594,-11.725943557474004,-1.769935701545173,-5.2850585792224924,12.304819582933202,-1.235885953774348,-15.065093814681191,8.450264216617889,7.2373304253698105,-4.826875796415285,-20.033448528791812,-24.387623804468976,20.90491989500823,-14.283052708989658,-0.5670825332301263,-10.981603886140851,-35.368751335646735,8.783117736499387,4.696457842480068,-3.6119736412948242,9.93659345557002,0.8590173563696023,-12.814118441911836,37.106809638519415,-9.595436038321836,-34.33682473686793,47.80393370607761,-20.425349838141482,-11.996172085558335,24.49600691233997,-0.9456680525275305,-30.401538317738932,-4.283203145229394,-3.605487555639238,-0.39802129681525,31.616104040593612,-15.874861517658783,4.565588917683763,23.19473058267906,1.2598409467816332,-4.477207915762023,42.94703068476625,-7.573493016579008,23.185712675282726,-7.942535276183737
-18.317204416918642,-10.151931878174661,5.98056529898026,-22.618119855902986,2.6757297237539386,-10.62063729400158,-6.449977437852087,-1.200087101809028,-26.669412655793188,8.047686454460335,-12.530779107214745,-3.2861252697917402,7.928987362521777,1.3723191021923025,3.655099965109438,-8.61942570670832,0.8195612497913082,10.33354059564847,-5.75694044827099,-4.826875796415285,3.6480122840801172,13.370931371544208,16.3490987232604,-14.077983794302575,9.571078716310321,0.42486257182344617,7.333236171688821,23.85255462101117,-6.073952156247857,-3.213509461986043,2.648756690919431,-6.81447152063512,-0.5796810603552575,8.846508086997883,-25.35159537503726,6.4734759171363185,23.288530523101105,-32.663979671457604,13.79023020637191,8.129814261188294,-16.658815411482884,0.5524846940192425,20.64636005955108,2.877877461134489,2.4848055378676372,0.1323760700353656,-21.4261750278825,10.955349647273199,-3.294003669244435,-16.05627973258262,-0.8172255774139567,3.0439889621886724,-29.118317324630656,5.145297571765427,-15.95215479853848,5.624184467459958
-74.99149524093812,-41.38082828375514,23.71660193946063,-92.69544598258976,10.866977854355019,-43.06688965116348,-25.749104085965858,-5.7864437565958395,-109.28181102252442,33.86848120588911,-51.458722347920066,-14.000451169509558,32.750264281878366,5.044008112416112,14.828314201095534,-34.29760305425235,3.5841091804338867,41.84525438337658,-23.66564749502128,-20.033448528791812,13.370931371544208,55.893663823995915,68.00784220125117,-58.24400101792853,40.01364493540027,1.4854906874170128,30.504703886512363,98.26068880945509,-24.558857868425676,-13.236966652550809,9.724435333151591,-27.679377749088477,-2.3154685412065525,35.920780786725196,-103.5070738273701,26.940924109568556,95.63558190437116,-133.09742854445716,56.94575168574238,33.39756745493598,-68.19807715117166,2.5966581370710577,84.55310912294524,11.871423192816465,10.110707038609545,0.968364767622403,-87.93195346868528,44.325310388444514,-12.82743817981328,-64.33118585069826,-3.5785863312307953,12.38457122730345,-119.49919011197055,21.04421170737848,-64.70403661538617,22.060088663990502
-91.52557143887005,-51.08954876610229,28.394898188250615,-113.26907702179734,12.968908248855962,-52.745178468387685,-31.182322810470936,-7.169670830278771,-133.24878619644005,41.87082089407277,-62.98302368518837,-17.06632910023463,40.563111873903715,5.759549588173893,17.86319366310756,-41.99362199901476,4.419946736436372,50.81861739890716,-29.196257548360556,-24.387623804468976,16.3490987232604,68.00784220125117,83.6134034801102,-71.35969729418858,48.67530925880938,1.3446385225329636,37.37975917690926,119.76646343625636,-29.761084798324035,-16.020722189949225,11.30245270501834,-34.172070102677594,-2.915838316936574,43.546969397547805,-125.99522516927405,33.07615243510844,116.93265010969164,-162.47083362770462,69.06805342227716,40.46173809455028,-83.92463464602847,2.720237942231234,103.10676525654159,14.487961241598732,12.177976775329473,1.640775187562801,-106.49645426650972,53.73464035467542,-15.207541825973982,-78.4529651119068,-4.7201873440617055,15.105921043911904,-146.12370453199995,26.080493187857147,-78.29445503602518,26.637896616832823
78.49889847398363,44.469328918506854,-24.800961078145132,97.252030124017807,-11.020618825835475,45.69239888751697,26.23826246289571,5.719056768956582,114.38093912818785,-35.964151784707575,53.96863846815672,14.328076972386535,-35.098388365460515,-4.4988301510693125,-14.901311809901735,36.11909840327699,-4.6891333268765525,-43.61971142404182,25.08914518415187,20.90491989500823,-14.077983794302575,-58.24400101792853,-71.35969729418858,61.76725539279514,-41.041376004750695,-0.6456040313463313,-31.902725319097097,-102.73885447331806,25.597001290951113,13.879630555906589,-9.277191740934187,29.73883747399912,2.0554931013236133,-37.51196140399458,107.5756607955091,-28.933311713030147,-100.00658592999434,138.7692598369622,-59.11398788968832,-34.709175290396324,72.09428459156258,-2.8133901797498257,-88.36770606356598,-11.53428401878405,-11.041465385296892,-2.030744398998023,91.1573072303008,-45.921498228430416,12.713583276087311,67.18456444552568,3.930924969045161,-12.765913938752117,125.38072207821848,-22.431464252191024,66.70508154717517,-23.389153844844394
-53.52824478586363,-28.91505034867667,16.75172042450405,-66.129621771774,7.8624465348660175,-30.487734462334508,-18.868951852004546,-4.304122237435213,-78.01530096782086,24.01812528509738,-36.72133959158489,-10.270180515380199,23.036912056259528,4.141608828095309,11.055763167844727,-24.491284288446135,1.862487772147493,29.89375207432072,-16.85950724550573,-14.283052708989658,9.571078716310321,40.01364493540027,48.67530925880938,-41.041376004750695,29.253339050390828,1.5839021065182004,21.852696271745188,70.10757739107937,-17.626471162161614,-9.422673554915223,7.388945171354295,-19.368387636188825,-1.9305280192065075,25.73090494450635,-74.50702217049091,18.77728519845181,68.45106185954613,-95.55757867386359,40.92584899592389,23.919127883335868,-48.44348497704926,1.569477601548243,60.40021274351142,9.172289597950826,6.820421467838422,-0.03341879251989496,-63.11944418888659,31.96526336213465,-9.589872274887645,-46.04842902327266,-2.5620327559635867,8.986485962207048,-85.166279509711,14.877825286738057,-46.85095136928216,15.400936847320315
-1.8586526772721665,0.015421082348913456,0.7540424901310151,-2.0568612872699847,0.6552663064651509,-0.4992657508216308,-1.3699480232586365,-0.41613205317770513,-2.7438470538210233,0.2114039285793304,-1.1450543700025764,-0.5216810183311932,-0.022895436042364395,0.8618705455791542,0.905707796726948,-0.7192605915717688,-0.8069504057632307,1.2952398340893345,-0.2214205673202167,-0.5670825332301263,0.42486257182344617,1.4854906874170128,1.3446385225329636,-0.6456040313463313,1.5839021065182004,0.9264468309512784,0.7365723988151965,2.5510981693083736,-0.711258252951579,-0.2609910768755648,1.2878050379271433,0.010558013667566006,-0.41079184943323255,0.9367892748096972,-3.2289330298537773,-0.10384962190343429,2.4026740491245366,-3.8340301724738834,1.7991195547505856,1.060029674048236,-1.0075513068397872,-0.00758144413435828,2.252655915628172,1.0876406374290133,-0.15846159447522046,-0.8998071510862556,-3.0300134919508874,1.554990974247266,-1.0155515073011756,-1.9409490459585106,0.14549426580708175,0.5116229822173298,-2.6743759837603482,0.14504696491187902,-2.5646197740366126,0.4215763552183671
-40.99169736735826,-22.8356964313562,12.847125780938462,-50.78107770395236,5.87657242380534,-23.64662655118123,-14.04352607193086,-3.2430289386349465,-59.859026213677254,18.6723323056145,-28.164474309463802,-7.586876856308423,18.078623807186194,2.6420819488713794,8.056650202796186,-18.825135643422414,1.9019838629625703,22.81927059038995,-13.036669831862156,-10.981603886140851,7.333236171688821,30.504703886512363,37.37975917690926,-31.902725319097097,21.852696271745188,0.7365723988151965,16.793436533712267,53.787863074458905,-13.38253605033542,-7.152867255464313,5.267397819167081,-15.260875807080515,-1.2920949927085774,19.53156026521625,-56.52897116307161,14.704714766641317,52.36735506798718,-72.8524378165628,31.073079795603377,18.19165079260065,-37.51057674645584,1.3050337045842324,46.23084186410872,6.54732574962799,5.451677353886216,0.6368837334589831,-47.91696070695686,24.127444041693458,-6.838767410167988,-35.244485974433175,-2.036885317340727,6.811543800092443,-65.45337335496455,11.648081875448272,-35.20766047085464,11.940283267130809
-132.23463744394655,-73.25514488204219,41.96119549263555,-163.45506703687042,19.19689677245619,-76.00916853885586,-45.4136124474248,-10.204925142168758,-192.79041804463625,59.61481061828671,-90.71770227777219,-24.390372406946973,57.79858923454522,8.726306383751359,25.95982047271928,-60.61950496136221,6.325073744743457,73.88366299924161,-41.67741508217407,-35.368751335646735,23.85255462101117,98.26068880945509,119.76646343625636,-102.73885447331806,70.10757739107937,2.5510981693083736,53.787863074458905,173.33001609702066,-43.22804391688486,-23.196848861203517,17.377990510455906,-48.972012019072494,-4.1032731959228395,63.149021253417516,-182.25802348029316,47.398523038101736,168.57614083763315,-234.69782744612328,100.17879889688258,58.81850645656432,-120.42161360954864,4.5449782989801895,149.14211927365602,20.825868159980573,17.83844402236803,1.9572106453721907,-154.906002195887,78.0293509600198,-22.47244903344954,-113.79318054411198,-6.277973328463214,21.881201321531933,-210.81054627791832,37.235361674240096,-113.84709806762892,39.09805150864234
33.006726093740234,18.276271492116877,-10.675982947407196,40.90890300485373,-4.7727688555547285,19.199718508710255,11.399307127678114,2.2942493707300855,48.25562587368381,-14.804882002798639,22.596736811981064,6.104299946567632,-14.408291283625045,-2.368178394181295,-6.622436546749417,15.303603617900324,-1.6576059370471106,-18.480147103407564,10.470397701074925,8.783117736499387,-6.073952156247857,-24.558857868425676,-29.761084798324035,25.597001290951113,-17.626471162161614,-0.711258252951579,-13.38253605033542,-43.22804391688486,10.98895551287285,5.895691612780763,-4.403344238663019,12.250515321511195,0.9004656963944058,-16.047685616399715,45.766456463850254,-11.882445322659143,-42.04507399309432,58.70723563112213,-25.19798816102366,-14.758744525556871,29.97461646800773,-1.23040230616739,-37.20623637695791,-5.137697567186824,-4.571806073673207,-0.2602576652816181,38.83354978918407,-19.695360017404962,5.763605421365765,28.472882294136795,1.4915286246918962,-5.447632497828304,52.54671662454731,-9.232279772306155,28.741870348119726,-9.86632678013241
17.76957542273127,9.88686224137711,-5.720545793182281,21.99174624417731,-2.528194658953336,10.342925225493381,6.024676051682076,1.1812591695501047,25.871410835438578,-8.022635355561222,12.182429430242514,3.3180074149806824,-7.81643937126932,-1.1998483339999353,-3.4979856972270156,8.195585241248315,-1.0504669046217348,-9.913853471612038,5.651219716206702,4.696457842480068,-3.213509461986043,-13.236966652550809,-16.020722189949225,13.879630555906589,-9.422673554915223,-0.2609910768755648,-7.152867255464313,-23.196848861203517,5.895691612780763,3.222082437106952,-2.182218934456296,6.633959279585516,0.4359295593479287,-8.657000380881517,24.53896863612343,-6.538453002466687,-22.600667083225154,31.46010825925678,-13.506375570906037,-7.924443764464663,16.147755371580363,-0.6986106944247458,-19.99221579800488,-2.630857078398946,-2.5396274330997195,-0.24933081122013748,20.8021937272579,-10.557613930604305,3.0657018139132703,15.195094929106432,0.8257748601513544,-2.876184677070652,28.273688796530855,-4.9663969022594685,15.364138343117247,-5.35307560359042
-13.145589207439917,-6.1549464543041355,4.532043600409909,-15.930014551527917,2.4106409522981784,-6.90882773246132,-5.389140687695823,-1.2784162252799114,-19.22675475468186,5.046821132172203,-8.83078364729519,-2.46645097167363,4.720719343814622,1.6826933970729985,3.119172250972495,-5.9388951965495345,-0.37384257156095474,7.73697563834018,-3.6407474536527413,-3.6119736412948242,2.648756690919431,9.724435333151591,11.30245270501834,-9.277191740934187,7.388945171354295,1.2878050379271433,5.267397819167081,17.377990510455906,-4.403344238663019,-2.182218934456296,3.1239111806284785,-4.103812723022973,-0.8063861918757156,6.280159133965079,-18.768039157114234,3.7597779222542167,16.710486184776382,-23.916616682452474,10.30682641280283,6.110866510120476,-11.164986060296492,0.4165945264515045,15.034235032632097,2.889377630186458,1.3519211197896215,-0.7859816536302023,-16.3875168216196,8.267689434645073,-3.040644604113575,-11.910783471000048,-0.2834927551107426,2.420914167183314,-20.617095920433798,3.2713689487555566,-12.377822527690123,3.9330113629890238
37.433918277027146,21.725517733818656,-11.828942920053283,46.58648616380936,-5.075004960240217,22.18789794093916,12.285908192274892,2.5291353493066344,54.68423575558549,-17.40164690511456,25.774711010514196,6.705505590511991,-17.127288422919847,-1.9167858279935936,-6.95214919322103,17.441852426259416,-2.5500716559506125,-20.71417143890354,12.184675153191916,9.93659345557002,-6.81447152063512,-27.679377749088477,-34.172070102677594,29.73883747399912,-19.368387636188825,0.010558013667566006,-15.260875807080515,-48.972012019072494,12.250515321511195,6.633959279585516,-4.103812723022973,14.537906707407952,0.811015779626684,-17.950577229161794,51.16850664701186,-14.063299655788818,-47.70810268432821,66.13039309813098,-28.093259186423555,-16.463159595265672,34.732166905583284,-1.335137696147673,-42.084774866882874,-5.21800796053561,-5.426048948926635,-1.2467359173927297,43.15250790944697,-21.793145718439046,5.796318373461549,32.06082958973474,1.9599947961633302,-6.0397550096235015,59.935959851163084,-10.896434869611026,31.539986178956156,-11.215680725036853
3.1819580426577447,1.2250369244733779,-0.7725074649489855,3.6886867134824617,-0.6142831645721692,1.3270125062842424,1.4438197718416705,0.574121280717813,4.398658427779834,-1.2294184360479394,2.1983665410083346,0.7363157880515503,-1.0352739834699516,-0.4661008229650137,-0.8104659344918267,1.2912157748619117,0.4393620356715034,-1.8287591921717785,0.8157586648769296,0.8590173563696023,-0.5796810603552575,-2.3154685412065525,-2.915838316936574,2.0554931013236133,-1.9305280192065075,-0.41079184943323255,-1.2920949927085774,-4.1032731959228395,0.9004656963944058,0.4359295593479287,-0.8063861918757156,0.811015779626684,0.4501041430884802,-1.2923039757990105,4.521809848341788,-0.7109553735550747,-4.1475820364548905,5.881805305341909,-2.3392202932917203,-1.3994170011841118,2.7015576245887787,0.17925806251572357,-3.6441930355225907,-1.0346328900768742,-0.04048853797245732,0.2692591477474374,3.834006076514389,-1.9310966173026882,0.8096606392843413,2.8435336578688055,0.17981048805691846,-0.6356432835965958,4.971806625410775,-0.7927713504104662,2.9378947554280628,-0.724785811038761
-48.27802381317372,-26.769607236518283,15.5673045504934,-59.8044233253991,6.940766001814611,-28.079162526730936,-16.58860445040718,-3.318057224914057,-70.47474958133907,21.704967246470137,-33.072397930705804,-8.961693986609708,21.13010275983818,3.404471640307626,9.6333914555353,-22.352715681894335,2.5354303480393146,26.995286219835215,-15.332039911036345,-12.814118441911836,8.846508086997883,35.920780786725196,43.546969397547805,-37.51196140399458,25.73090494450635,0.9367892748096972,19.53156026521625,63.149021253417516,-16.047685616399715,-8.657000380881517,6.280159133965079,-17.950577229161794,-1.2923039757990105,23.475162803438913,-66.85825263979285,17.48916669030449,61.47874263272374,-85.76227299251751,36.788293214273125,21.55815780985903,-43.86686308766222,1.8002602562577628,54.3856712941158,7.422124940679122,6.733063503023603,0.468487309971792,-56.68714665143519,28.76575810900749,-8.401652726645988,-41.5405324369766,-2.2136812270998503,7.923771345897535,-76.84735440011062,13.508849246130564,-41.94111842572258,14.452033955524982
139.26505441823622,76.42394321791767,-44.18911989447521,172.05269474815398,-20.307113669738015,79.89042061056634,48.385057578912225,10.594771768898948,202.89517051503353,-62.446784610828956,95.49755853539398,26.01652582961059,-60.441449959057024,-9.94244630398848,-27.90893659382557,63.99320972058289,-6.08880627258436,-77.89395396599824,43.85910145988338,37.106809638519415,-25.35159537503726,-103.5070738273701,-125.99522516927405,107.5756607955091,-74.50702217049091,-3.2289330298537773,-56.52897116307161,-182.25802348029316,45.766456463850254,24.53896863612343,-18.768039157114234,51.16850664701186,4.521809848341788,-66.85825263979285,192.73590933597126,-49.5561414256007,-177.62015390840943,247.7397439047169,-105.78525726829186,-62.05101388286094,126.43868020463653,-4.534060514468998,-157.05125231960548,-22.504537645072666,-18.52129040060971,-1.1474903862883983,163.50598440561336,-82.71831156698683,24.363618285532876,120.0114934506594,6.557622270621929,-23.12470673822674,221.71366667662485,-38.96106543421092,120.83336207597276,-41.061469366781644
-36.30326976601482,-20.997306009228293,11.480043630885428,-45.10220318503888,4.904537376600936,-21.469019629892127,-11.789691304750422,-2.376620803533118,-52.871090465826455,16.887725322608556,-24.999961181422226,-6.59930295753242,16.59425425422123,1.830022766919353,6.7044068713514795,-16.798302330543322,2.681132004388398,20.059781881747522,-11.791586203958142,-9.595436038321836,6.4734759171363185,26.940924109568556,33.07615243510844,-28.933311713030147,18.77728519845181,-0.10384962190343429,14.704714766641317,47.398523038101736,-11.882445322659143,-6.538453002466687,3.7597779222542167,-14.063299655788818,-0.7109553735550747,17.48916669030449,-49.5561414256007,13.820953712671816,46.197053598078746,-63.914026388163414,27.249490578702524,15.987578742705344,-33.5693501895656,1.411133234678155,40.76637145690232,4.892727025989642,5.386438999847448,1.266462986561272,-41.8382225169737,21.133327043531956,-5.653943223846784,-30.85121958324346,-1.8896988431846125,5.772452400576825,-58.04885083765295,10.483448160256785,-30.555303876727947,10.940737497209318
-128.83506229509106,-71.31115636972628,40.52579551067301,-159.18417898540577,18.58245736237594,-73.96995145288912,-44.29458361854974,-9.949121066704821,-187.52719343404505,58.22113205313235,-88.48007825959431,-23.94639604337567,56.42164508628577,8.567929738462256,25.35717684760494,-59.09810226310456,6.008642160278264,71.86593152984592,-40.715705193472644,-34.33682473686793,23.288530523101105,95.63558190437116,116.93265010969164,-100.00658592999434,68.45106185954613,2.4026740491245366,52.36735506798718,168.57614083763315,-42.04507399309432,-22.600667083225154,16.710486184776382,-47.70810268432821,-4.1475820364548905,61.47874263272374,-177.62015390840943,46.197053598078746,164.35517987534365,-228.7790505632082,97.40189321713477,57.16842268994588,-117.48404904407403,4.080867180490143,145.22501788368683,20.475687345149368,17.1972539292077,1.838215507943763,-150.55586242415237,76.01013182195042,-21.963844752482036,-110.77996087211709,-6.301829544105327,21.30468887687972,-205.36683040887857,36.347488947278244,-110.86151585947923,37.91328088543535
