V1,V2,V3,V4,V5,V6,V7,V8,V9,V10,V11,V12,V13,V14,V15,V16,V17,V18,V19,V20,V21,V22,V23,V24,V25,V26,V27,V28,V29,V30,V31,V32,V33,V34,V35,V36,V37,V38,V39,V40,V41,V42,V43,V44,V45,V46,V47,V48,V49,V50,V51,V52,V53,V54,V55,V56
4.248517840825786,-3.6568405667029116,3.8806900382796883,4.745931709690972,-3.79037710372104,-0.3251445386985724,3.7765196178828404,0.8261091108700974,-7.385367438390534,1.6260269912008976,7.892664442861278,5.170137667911504,-4.651002476105091,3.9913936074563057,-16.4824591060743,8.031657038788149,-0.1649927392907867,-6.469705609280968,4.522840792427665,0.073996467261268,-3.8671866845409215,1.6058645205043016,-14.462720944039493,10.536643008240654,12.626546157116367,-10.341721528748412,-8.630244342458825,-0.29734772176971425,-12.111150874079812,10.285309106411884,9.536945789746857,-0.06100625626820104,-4.004099203020643,-1.633388260728792,-5.9641120337408635,-13.220430708176098,11.669470289513628,-5.503829594283867,-1.9330121281930932,11.850073116061548,4.9071288698459155,5.471215097485877,-8.897144320704392,-6.1487107734017785,3.929437012690709,-15.548400942722065,3.3458793160322005,13.480658683982684,10.03328942746114,-1.4222024116744258,1.1423103209782486,-1.8925475420267275,-7.055814503847387,-23.788585784435117,6.172340059730175,-3.5557896806693154
-3.6568405667029116,3.550783571617654,-3.90193632033249,-4.260180899593503,3.638766285059879,0.9150867193204176,-2.5469921746481305,-0.6234093827012008,6.2087620403642,-1.3518007618761232,-7.234188500299509,-3.909096091396181,4.204759473750325,-3.917088811890619,14.067393407095055,-7.074843192255764,1.177206416386648,5.975555643709587,-3.535613962023598,0.14521904452598267,3.6651626940594353,-1.2940075036570173,12.89344922991828,-8.508955320957442,-10.795475758174566,9.578095334215906,7.84308269299897,0.5212941003422727,10.440630836453229,-8.738291424142847,-8.843454129971164,0.368714509215114,2.5751953882061716,2.8210249110295647,5.571914312399146,11.614785328427516,-9.380894519927937,5.015118026708256,1.7483458255395656,-10.714831692980253,-4.165079750175935,-5.048308260761674,7.5984626932463915,4.741128012315663,-3.9417645583889636,14.412125655864232,-2.191952386188375,-11.668753909929462,-9.437743127546543,0.7557404086672765,-0.6692755509996916,2.1715119452364946,6.300535191335811,20.39193070809042,-4.968406735730969,3.2306010697648757
3.8806900382796883,-3.90193632033249,4.327170482038256,4.579097623681875,-3.986360122823748,-1.1818818267076336,2.4694413719026076,0.6324867446193967,-6.539692236921955,1.4186972117947745,7.823256869106532,3.9688688530530634,-4.52900606367228,4.316660601457275,-14.888825311304458,7.5615864059293045,-1.592763421152736,-6.476347796578471,3.6334688494637377,-0.223428666627473,-4.001193847018415,1.3439478873638913,-13.830334724104482,8.84390908956799,11.432214587198652,-10.388926566199917,-8.460807962969916,-0.6412547654133731,-11.085104770276713,9.235164451430373,9.595397378599115,-0.4962073233957016,-2.4437311292149366,-3.4632713482742,-6.058463458507196,-12.403921484320579,9.735005058852426,-5.414288306509339,-1.8834202464876675,11.541640870666994,4.400579555541548,5.469838232130357,-8.043816009202207,-4.848428757295406,4.368729950411834,-15.63582195681343,2.09785355115119,12.404778563127143,10.281501766286452,-0.6465796271116104,0.606070574025027,-2.484461077333308,-6.761657862392502,-21.612427955346817,5.158286694876185,-3.4847725864291776
4.745931709690972,-4.260180899593503,4.579097623681875,5.377707141479591,-4.397639104522188,-0.6392185628144751,3.912963423624228,0.8847452465838019,-8.185705244544458,1.7956430024126346,9.008222144422376,5.540382682349545,-5.283085507173956,4.667943985636825,-18.36024568017825,9.042270081169812,-0.6341031341538005,-7.403958476211963,4.897104785605774,-0.008112042525824155,-4.466184754576276,1.7555491941747032,-16.349319387039728,11.52682215854135,14.073304168710477,-11.846521955660874,-9.820875417374147,-0.4474592179290869,-13.53613877761552,11.439705809814098,10.92929882778758,-0.2055403472529528,-4.094329659338554,-2.4394943054030636,-6.8528744464533276,-14.870604990673879,12.747473037082479,-6.268914477465227,-2.196059987079084,13.461275661708866,5.456169272996597,6.259100224068888,-9.912917892043282,-6.629069196424979,4.632626399105246,-17.815944408699938,3.4386938604456767,15.087426978586047,11.556346142183504,-1.3851936446757702,1.1396398089707884,-2.349857801236138,-7.980693785962564,-26.537372618487755,6.745380987236654,-4.045971080812529
-3.79037710372104,3.638766285059879,-3.986360122823748,-4.397639104522188,3.732748376527613,0.8828395437158827,-2.712730171484405,-0.6552348007118165,6.450792810598202,-1.406102845163153,-7.452802396747046,-4.1077689451025075,4.3374764960010666,-4.010349380150713,14.59345501403121,-7.316476635664445,1.1131862237307222,6.151706701022903,-3.701662604225038,0.12892685499852485,3.7642141802940947,-1.350379324346198,13.3182882413297,-8.877592817142052,-11.197199155268533,9.857914128212494,8.086615556098991,0.5129000801616646,10.820219910989177,-9.069234755395593,-9.100781864975746,0.34949265127234963,2.7592966595298853,2.77775924534602,5.730065335997293,12.014575501347396,-9.792032406481821,5.169539508596181,1.8034513122307392,-11.05286024675378,-4.323238192645263,-5.197608995940991,7.882096509891021,4.971244532215256,-4.027862921824284,14.832033519627638,-2.3431101171826025,-12.088089711934897,-9.699502409597416,0.8317560255717369,-0.7261684568434265,2.1947269742306745,6.507108866992266,21.145232719915306,-5.185431294954234,3.3309981495377263
-0.3251445386985724,0.9150867193204176,-1.1818818267076336,-0.6392185628144751,0.8828395437158827,1.0256043690108645,0.8193915600897039,0.0748593732729903,0.3319453448678369,-0.04917845361423694,-1.2983216251280008,0.45662556058210146,0.6733655305620808,-1.0641126668366805,1.0729961177017655,-0.8694574210771233,1.6434493043468597,1.13610203706514,0.21681687855794857,0.3234502114735677,0.8261498807888539,0.016071066530362988,1.8077442312563023,0.07627832883668677,-0.851932987767014,1.8574181451052334,1.3138639127653486,0.4407947227979743,0.9523405577858304,-0.6065834093591891,-1.7297499960825398,0.5028113726036209,-1.0661376090645462,2.3543489229847814,1.147095490374704,1.3828111320730843,0.15203942404716583,0.8588384361900336,0.28111581987959255,-1.7183475630082568,-0.2831537336502223,-0.9528542093954853,0.5870085864006788,-0.39789508085700553,-1.1822568804220346,2.811163473498562,0.8277307120087829,-1.1348831594107476,-2.0309338432833273,-0.6290604792344904,0.4071667449930188,0.9995359787236965,0.8981703732171725,1.6887165077461317,0.07007674465143654,0.5399667138034635
3.7765196178828404,-2.5469921746481305,2.4694413719026076,3.912963423624228,-2.712730171484405,0.8193915600897039,4.584654742124076,0.8872731036747193,-6.823243498267503,1.52874301216751,6.246810281484525,5.539773764401797,-3.7827119493912247,2.7076730399424966,-14.86001024806928,6.8571597568301375,1.6596610765852526,-5.040994740982056,4.643904412693325,0.43030654956029746,-2.850307702106427,1.5813827840469035,-12.079633399601427,10.343701001370679,11.350476106265212,-8.012120018234686,-6.94775487166416,0.19871240461963927,-10.737438188907115,9.34263660629903,7.369941162793973,0.4975216013726515,-5.079541879249989,1.0173315925094015,-4.536536885231822,-11.340714962625565,11.530615174888881,-4.407651577233876,-1.570747890234256,9.634793503817752,4.464299117458015,4.271762503755549,-8.012703473782354,-6.427530336761638,2.516489420509633,-12.025325024015595,4.1745897517612605,11.868699972472776,7.5196202679593345,-2.081512924988956,1.563217491193298,-0.7356155668729238,-5.875208172944267,-21.291785813142024,6.087440869068786,-2.8640906001204214
0.8261091108700974,-0.6234093827012008,0.6324867446193967,0.8847452465838019,-0.6552348007118165,0.0748593732729903,0.8872731036747193,0.17968702915531026,-1.468245123466687,0.32656022865807716,1.4389006581762467,1.1229182083500726,-0.8605724357112495,0.6714318480676926,-3.2309551115078965,1.5265710627996094,0.1929437040421206,-1.1695684818524492,0.9571286192256536,0.05980042606850169,-0.6788034775735118,0.3314301251284904,-2.7155129102766113,2.1706049303993766,2.4709710582357247,-1.8638272758978693,-1.587964723603514,-1.3596587184429735e-4,-2.351457148572303,2.024856458187188,1.7164591072111501,0.056872811147970354,-0.9679751794434428,-0.009994698140798938,-1.0644016252854427,-2.5194689950838036,2.4132955860711243,-1.0098153658296136,-0.3574907186735428,2.192238478819975,0.966922644495381,0.9901565928372588,-1.7429747148838095,-1.3154281940544397,0.6424284378770285,-2.7996293872400306,0.8001397251805678,2.6070272871698332,1.7766544656285204,-0.37836040598585624,0.29036312909954887,-0.250065354773031,-1.3225551432092535,-4.643799198671327,1.2750389498592365,-0.6544535317886472
-7.385367438390534,6.2087620403642,-6.539692236921955,-8.185705244544458,6.450792810598202,0.3319453448678369,-6.823243498267503,-1.468245123466687,12.892652225788012,-2.844131157685816,-13.558295823689125,-9.18612626398103,8.01103331064213,-6.761559436084081,28.696036491669307,-13.902359241529094,-0.09332821903240016,11.097138498177827,-7.993457942416656,-0.20534656215591315,6.598898367952978,-2.823931783626575,24.97774626770464,-18.52201240408674,-21.975892324122555,17.72895432134587,14.84999553550223,0.41944764005460394,21.04736098774005,-17.92145120388392,-16.3453831376717,-0.010066363851288099,7.2804298073743,2.3197280218864615,10.206663212566026,22.895113471599664,-20.529119620298815,9.465516802990473,3.329187639689686,-20.41030729076307,-8.551794472272029,-9.386325155141014,15.488148063024868,10.890985844875445,-6.625213374297468,26.650499790797838,-6.068905586900952,-23.409911819658824,-17.146846230294994,2.644275008578799,-2.101011120374817,3.090662578736808,12.181912236278503,41.3833802920721,-10.856069178177664,6.1187384352117205
1.6260269912008976,-1.3518007618761232,1.4186972117947745,1.7956430024126346,-1.406102845163153,-0.04917845361423694,1.52874301216751,0.32656022865807716,-2.844131157685816,0.6279866691444532,2.968527416553561,2.042857850141849,-1.7561963622416414,1.4705611059250976,-6.322471122271505,3.0547783759969493,0.05950561459127776,-2.4279312071152734,1.7733575782232829,0.05307289255301309,-1.440205719376716,0.6250612427371302,-5.482575441239498,4.099053259322421,4.841136930973189,-3.877897476698027,-3.253896430836138,-0.08236296111713969,-4.633362565338071,3.9500565372035323,3.5748568676061736,0.014116128920604744,-1.6357116092353348,-0.4574761933265573,-2.230689424506442,-5.031924573980008,4.544836380910471,-2.073556697064915,-0.7298016115795681,4.4743272276554915,1.8850448898999057,2.0538156344535556,-3.412249041682108,-2.4186006910446753,1.437606423793895,-5.828878232049164,1.3620733529837827,5.1516654404430335,3.745026575350416,-0.5998139611158836,0.47439190935693765,-0.6600499168822689,-2.673519762878129,-9.114476000863053,2.403125305573205,-1.3407566248064788
7.892664442861278,-7.234188500299509,7.823256869106532,9.008222144422376,-7.452802396747046,-1.2983216251280008,6.246810281484525,1.4389006581762467,-13.558295823689125,2.968527416553561,15.144247058941932,9.013483789263638,-8.860599219449126,7.941331476131727,-30.48948439241949,15.09753997772951,-1.437956191826159,-12.463760130312256,8.011715889347688,-0.0908677041219645,-7.552086171894505,2.886872018715163,-27.354323874405235,18.962022276587508,23.377544198907078,-19.951829076790943,-16.48610313865852,-0.8424257192638002,-22.517097860630816,18.982212692922626,18.410916834773474,-0.4589385129785525,-6.486322390885046,-4.5811071720933345,-11.558968365408834,-24.817613464371927,20.95381588334763,-10.528331184684868,-3.68344258161091,22.577389463674166,9.052093716709281,10.534700426165148,-16.46348162015342,-10.820211170022057,7.911488382788026,-30.00975372813058,5.463869845342591,25.11522455739429,19.515600228978503,-2.1301429228509647,1.7789824979688356,-4.108848445000428,-13.356407444290184,-44.101657603018566,11.090289465362723,-6.79157413939587
5.170137667911504,-3.909096091396181,3.9688688530530634,5.540382682349545,-4.1077689451025075,0.45662556058210146,5.539773764401797,1.1229182083500726,-9.18612626398103,2.042857850141849,9.013483789263638,7.017579112970805,-5.3895905811701,4.211105533993681,-20.218437580872163,9.556946304409022,1.1881692535550616,-7.3272572084951735,5.983432006381443,0.3703504717524689,-4.254529097740347,2.072579682189996,-17.003137720734212,13.574082247654392,15.463016876716871,-11.677263672647284,-9.945903885471585,-0.005811947857288788,-14.71670829480156,12.670259099268597,10.754187622989575,0.35002230779335264,-6.041706306223325,-0.08900732950824358,-6.669668531578592,-15.77229807318708,15.091014319615041,-6.325041977982345,-2.2389074768873276,13.729578613073821,6.05031142308121,6.20315447632647,-10.907153246519014,-8.222195638875585,4.031048339990192,-17.54049582143763,4.994748615791398,16.317096031751582,11.134038924267715,-2.359181368969072,1.8113449161510145,-1.5751569564581112,-8.28135606444852,-29.06128050777249,7.973291639513806,-4.099023533076119
-4.651002476105091,4.204759473750325,-4.52900606367228,-5.283085507173956,4.3374764960010666,0.6733655305620808,-3.7827119493912247,-0.8605724357112495,8.01103331064213,-1.7561963622416414,-8.860599219449126,-5.3895905811701,5.192299059478797,-4.610154806693145,17.984163126615908,-8.873353947128708,0.6979038145697997,7.2859238791105145,-4.772749680023975,0.023385032478897106,4.401716626382328,-1.7139167337470278,16.055168308364976,-11.254864227803195,-13.786442162790909,11.659557666155623,9.655079372170709,0.4581148880311756,13.26658008575877,-11.20241808372937,-10.757581974959544,0.2247916559454214,3.9480612197991545,2.4952534334109067,6.748193149694155,14.590561548986747,-12.443480143430556,6.1640465464770795,2.1583797388511954,-13.230076919361473,-5.3427005947151445,-6.158955057788721,9.710233693050192,6.455742960856,-4.58130690059147,17.53562048569879,-3.3190831656738236,-14.790484866512985,-11.38443087957217,1.3228797165633959,-1.0936485178663664,2.342940153689764,7.8378608398974725,26.000382917859014,-6.585017777127788,3.9776042754452434
3.9913936074563057,-3.917088811890619,4.316660601457275,4.667943985636825,-4.010349380150713,-1.0641126668366805,2.7076730399424966,0.6714318480676926,-6.761559436084081,1.4705611059250976,7.941331476131727,4.211105533993681,-4.610154806693145,4.324960776311078,-15.34207888814098,7.738726087711666,-1.39133361489743,-6.564070588072924,3.8223376043769592,-0.1799827762867591,-4.035077495400399,1.4033230073417784,-14.11877171255745,9.229810472477167,11.775655154533878,-10.523930270522406,-8.603262002265035,-0.596267071605633,-11.397473333853467,9.525946981706936,9.717766752774468,-0.43495607707341755,-2.721217068059316,-3.2245997778924473,-6.126743971648484,-12.701600053710793,10.170918616462629,-5.502495182170123,-1.916987958462177,11.74805391490975,4.540100277432004,5.5450202989975,-8.287494522552851,-5.1182028091536,4.359913618013781,-15.83644837586556,2.321758351106931,12.743026453433732,10.38360184763727,-0.7767248395974949,0.6982283722127934,-2.4259547888493995,-6.900326681006737,-22.248920562919825,5.387550120720469,-3.543637992452925
-16.4824591060743,14.067393407095055,-14.888825311304458,-18.36024568017825,14.59345501403121,1.0729961177017655,-14.86001024806928,-3.2309551115078965,28.696036491669307,-6.322471122271505,-30.48948439241949,-20.218437580872163,17.984163126615908,-15.34207888814098,63.980476369970404,-31.111471705796674,0.33303186193103573,24.979043247148166,-17.652716592997855,-0.34904429990295943,14.90322478433598,-6.256244626366679,55.97729148061359,-41.04393347391084,-49.007218631786436,39.92081224559099,33.35868605824023,1.0748709406460102,46.98136909279767,-39.93666473917458,-36.81106323924733,0.14288256641752237,15.792662618507439,5.917091292955189,23.008197639354584,51.219838734617376,-45.46941538121449,21.27013915029578,7.474195697712911,-45.82050281769704,-19.05498981514195,-21.12543642597023,34.53485221782889,24.017931844259852,-15.078575023288712,60.01598193784459,-13.184671609027788,-52.279846243782835,-38.68710959563596,5.656487372166758,-4.524809661447644,7.181354868395475,27.306145487727232,92.31451768794375,-24.048218439880927,13.744534467633619
8.031657038788149,-7.074843192255764,7.5615864059293045,9.042270081169812,-7.316476635664445,-0.8694574210771233,6.8571597568301375,1.5265710627996094,-13.902359241529094,3.0547783759969493,15.09753997772951,9.556946304409022,-8.873353947128708,7.738726087711666,-31.111471705796674,15.248402572804356,-0.7271213795397479,-12.393916947869984,8.406924809460785,0.05609473764986905,-7.445752206271936,3.0004422735286305,-27.519657782209755,19.694385883544882,23.84086820595679,-19.822013659160877,-16.481491533408985,-0.6685574514633948,-22.902139778283793,19.3980034617717,18.28379304031514,-0.24215765825064647,-7.2201336913618475,-3.6554500956575513,-11.450762545031568,-25.087174297381083,21.794589598442446,-10.516194414709467,-3.68819151926868,22.608696100502705,9.253211697057722,10.47911011650569,-16.795796632996563,-11.402785902597827,7.652886436682511,-29.80641079056855,6.04931870166997,25.51093176446687,19.2891219600943,-2.5007471830432766,2.03356997723228,-3.795394127977962,-13.429935087032876,-44.93782279519837,11.530458562927947,-6.790273512047213
-0.1649927392907867,1.177206416386648,-1.592763421152736,-0.6341031341538005,1.1131862237307222,1.6434493043468597,1.6596610765852526,0.1929437040421206,-0.09332821903240016,0.05950561459127776,-1.437956191826159,1.1881692535550616,0.6979038145697997,-1.39133361489743,0.33303186193103573,-0.7271213795397479,2.6640735900435955,1.2958043858086894,0.7417733853230418,0.5334651530179372,1.014205288686603,0.16410773931607,1.703875220334059,1.0292323669520422,-0.30393679805592694,2.138752706919173,1.399938719037549,0.6928030587114508,0.5118297555155019,-0.10517730637303173,-1.9998156112526901,0.8141661681071242,-2.0813158087637285,3.696478589434724,1.3571421652068316,1.118076455718158,1.249987733358746,0.9269152517372498,0.2921054744712827,-1.782574104377811,-0.03999867705452298,-1.0829290215522847,0.1924978956213068,-1.1765027454312447,-1.589188157941362,3.2458532796687614,1.6362661707830934,-0.6916917193124685,-2.4480115594343568,-1.1472910471198892,0.7616443806859952,1.466352942962348,0.8577224434178184,0.7089625351871947,0.6443036894588282,0.5745715364464188
-6.469705609280968,5.975555643709587,-6.476347796578471,-7.403958476211963,6.151706701022903,1.13610203706514,-5.040994740982056,-1.1695684818524492,11.097138498177827,-2.4279312071152734,-12.463760130312256,-7.3272572084951735,7.2859238791105145,-6.564070588072924,24.979043247148166,-12.393916947869984,1.2958043858086894,10.262706575731952,-6.526872347212255,0.0981161601524982,6.2285982225738366,-2.356423136011445,22.472971654132806,-15.480006104563765,-19.154621873046224,16.431275362832597,13.560757596778243,0.7205616892359883,18.459345867098264,-15.54696802591781,-15.163427799660193,0.41196449289943093,5.218358115725228,3.915255336163895,9.524606265558928,20.369917329658378,-17.10103692066775,8.661613312966496,3.0289216826544125,-18.565202830472145,-7.413468731019757,-8.673763996411234,13.48855843043726,8.80709152008527,-6.548431266090421,24.715738549424415,-4.400977225720924,-20.594640860381027,-16.087847261222663,1.693119471989598,-1.4227395947317796,3.4294378088737916,10.974115071838847,36.14115655816007,-9.05188572630532,5.586360788160911
4.522840792427665,-3.535613962023598,3.6334688494637377,4.897104785605774,-3.701662604225038,0.21681687855794857,4.643904412693325,0.9571286192256536,-7.993457942416656,1.7733575782232829,8.011715889347688,5.983432006381443,-4.772749680023975,3.8223376043769592,-17.652716592997855,8.406924809460785,0.7417733853230418,-6.526872347212255,5.131567438190663,0.2639171313882793,-3.818629364013803,1.7877313256117744,-15.00227778969224,11.713525818073599,13.506182507790795,-10.409824957940804,-8.819932126202476,-0.08137958498688137,-12.878835156851709,11.050998821971497,9.590257575341555,0.21528485179229082,-5.034783609485941,-0.4847366735401391,-5.960681504039418,-13.865336288518547,13.010889441073955,-5.613021758155806,-1.9829045820711944,12.15874222096661,5.275954651556172,5.524008615453346,-9.524449078856952,-7.034282058946508,3.6872510631305206,-15.640326781017874,4.171609041846312,14.293042437274215,9.970587520754666,-1.9291405587947126,1.4942996047540102,-1.5339375996268112,-7.309907857221149,-25.39876800039352,6.876040065589759,-3.6347116744807755
0.073996467261268,0.14521904452598267,-0.223428666627473,-0.008112042525824155,0.12892685499852485,0.3234502114735677,0.43030654956029746,0.05980042606850169,-0.20534656215591315,0.05307289255301309,-0.0908677041219645,0.3703504717524689,0.023385032478897106,-0.1799827762867591,-0.34904429990295943,0.05609473764986905,0.5334651530179372,0.0981161601524982,0.2639171313882793,0.10952641794220572,0.1070118944416974,0.07367327379791928,-0.021389754227573173,0.47380301879886566,0.257537537749337,0.1704450016134703,0.06456846567353867,0.13230410889090471,-0.20256711776189218,0.23852258286540295,-0.1627303751606856,0.16276478847224946,-0.5211473731111796,0.7047297090588226,0.12326307516501077,-0.10823553177155339,0.5469620568874188,0.048063797113330725,0.01013235433362672,-0.060472989137610504,0.115854009801253,-0.08037235884475351,-0.18584346022708473,-0.3927092684653285,-0.22147612189787674,0.262376059692842,0.414709826789269,0.20085538713473525,-0.24064524375034207,-0.2674494611000211,0.1825543885138549,0.24812716598794682,-0.0050941029785099064,-0.45768939988672613,0.2859038910499335,0.02615436419799858
-3.8671866845409215,3.6651626940594353,-4.001193847018415,-4.466184754576276,3.7642141802940947,0.8261498807888539,-2.850307702106427,-0.6788034775735118,6.598898367952978,-1.440205719376716,-7.552086171894505,-4.254529097740347,4.401716626382328,-4.035077495400399,14.90322478433598,-7.445752206271936,1.014205288686603,6.2285982225738366,-3.818629364013803,0.1070118944416974,3.8009805883427306,-1.3881007976799207,13.535939839610279,-9.123272880989362,-11.432628433053388,9.978237014510052,8.201791646843938,0.49213882528671943,11.037587375930734,-9.266473752271795,-9.210686481671104,0.3194502137780479,2.917504940625872,2.667904271635668,5.794709543792302,12.230391287633887,-10.068350388019981,5.241682500498278,1.8300717549656993,-11.216365278617348,-4.417731688084734,-5.263128110298661,8.048820243898678,5.136706892942904,-4.043787724149624,15.01177142005556,-2.471362882408475,-12.325356600034366,-9.801924532963746,0.9036041392459381,-0.7777436761073605,2.1755043797617066,6.6122774165167,21.583553820770096,-5.330937753411674,3.378537728456212
1.6058645205043016,-1.2940075036570173,1.3439478873638913,1.7555491941747032,-1.350379324346198,0.016071066530362988,1.5813827840469035,0.3314301251284904,-2.823931783626575,0.6250612427371302,2.886872018715163,2.072579682189996,-1.7139167337470278,1.4033230073417784,-6.256244626366679,3.0004422735286305,0.16410773931607,-2.356423136011445,1.7877313256117744,0.07367327379791928,-1.3881007976799207,0.6262870941188374,-5.369319427322741,4.105239537456186,4.7884965938105735,-3.7609588786442316,-3.1713447192933133,-0.05433924020634351,-4.574265153679836,3.912739700910903,3.4659440922098232,0.04611770239579314,-1.704088126504049,-0.30780317063912455,-2.158417661470472,-4.945563192108107,4.555988691968494,-2.0195774433263214,-0.712149685045168,4.366432372671681,1.867638728336242,1.9938471558833353,-3.376003082396747,-2.4447072637264187,1.362839371309128,-5.651881022946219,1.4151896397438717,5.0811201628397304,3.6170029176970067,-0.6400398893244765,0.5004566224755531,-0.596657808837089,-2.617232558839288,-9.009974839248489,2.408365755479419,-1.3068309668949485
-14.462720944039493,12.89344922991828,-13.830334724104482,-16.349319387039728,13.3182882413297,1.8077442312563023,-12.079633399601427,-2.7155129102766113,24.97774626770464,-5.482575441239498,-27.354323874405235,-17.003137720734212,16.055168308364976,-14.11877171255745,55.97729148061359,-27.519657782209755,1.703875220334059,22.472971654132806,-15.00227778969224,-0.021389754227573173,13.535939839610279,-5.369319427322741,49.72460959113641,-35.25042728745168,-42.90292155230379,35.95166762099494,29.836529349732754,1.3050151538261043,41.24637330121234,-34.88658215277954,-33.16578565436213,0.556570103270175,12.669338064774037,7.121756594304346,20.786640482390556,45.26460016228032,-38.99299180587739,19.042535497723424,6.673599374331723,-40.90811539222233,-16.640039357850267,-18.99910592853868,30.22171671947049,20.323058017090872,-13.99392821121852,54.06505015432725,-10.630898105560815,-45.962868203595924,-35.039770264783286,4.32461405481535,-3.542225172751797,7.041193939037471,24.270131079120265,80.8882882786661,-20.631830091938152,12.29214039905974
10.536643008240654,-8.508955320957442,8.84390908956799,11.52682215854135,-8.877592817142052,0.07627832883668677,10.343701001370679,2.1706049303993766,-18.52201240408674,4.099053259322421,18.962022276587508,13.574082247654392,-11.254864227803195,9.229810472477167,-41.04393347391084,19.694385883544882,1.0292323669520422,-15.480006104563765,11.713525818073599,0.47380301879886566,-9.123272880989362,4.105239537456186,-35.25042728745168,26.910195003354108,31.415679417041805,-24.70804785458241,-20.827355680364356,-0.3687243012928383,-30.014107870971507,25.667600915775616,22.770425751398104,0.2880742228141811,-11.141113859282767,-2.0845876234455853,-14.182270787622505,-32.46039842883258,29.86298356085713,-13.263915549438241,-4.676546960679871,28.673354490219214,12.25154271909393,13.097903339564889,-22.14840889963122,-16.015271351010277,8.967765038022465,-37.131240051929915,9.253966663695424,33.34202812587386,23.769247918582447,-4.1780183778556585,3.2692555428851398,-3.939795560003014,-17.183025826819375,-59.11377706469814,15.786324635882748,-8.582385777867088
12.626546157116367,-10.795475758174566,11.432214587198652,14.073304168710477,-11.197199155268533,-0.851932987767014,11.350476106265212,2.4709710582357247,-21.975892324122555,4.841136930973189,23.377544198907078,15.463016876716871,-13.786442162790909,11.775655154533878,-49.007218631786436,23.84086820595679,-0.30393679805592694,-19.154621873046224,13.506182507790795,0.257537537749337,-11.432628433053388,4.7884965938105735,-42.90292155230379,31.415679417041805,37.53902672214927,-30.61362845255451,-25.574299341240703,-0.8359281823789312,-35.99129129341876,30.588461042151373,28.229397460644606,-0.12436722728545536,-12.057036312224662,-4.599574439513636,-17.6463239442065,-39.24855570724861,34.80099956615207,-16.30729364821807,-5.729665789004899,35.12552517135913,14.594492441877371,16.199331605090702,-26.4529446885605,-18.37317221499147,11.577473766300821,-46.02434700409404,10.06780367399728,40.05256739730736,29.674439005534836,-4.3111192403621565,3.451469602979671,-5.526929133011996,-20.928856408670708,-70.71447668178041,18.406131821163,-10.537149793623243
-10.341721528748412,9.578095334215906,-10.388926566199917,-11.846521955660874,9.857914128212494,1.8574181451052334,-8.012120018234686,-1.8638272758978693,17.72895432134587,-3.877897476698027,-19.951829076790943,-11.677263672647284,11.659557666155623,-10.523930270522406,39.92081224559099,-19.822013659160877,2.138752706919173,16.431275362832597,-10.409824957940804,0.1704450016134703,9.978237014510052,-3.7609588786442316,35.95166762099494,-24.70804785458241,-30.61362845255451,26.309206447016432,21.703670668515265,1.1690910505028094,29.508023325969383,-24.84411519999873,-24.27984018693808,0.6791154630738461,8.284710223461722,6.350650542458396,15.253488143425557,32.57632990820446,-27.292522684927516,13.86354557303993,4.8471898275414995,-29.70973227587751,-11.846491528989832,-13.886958691621015,21.55736350904933,14.042087088044228,-10.504012049683496,39.57474789584614,-6.9900801928232354,-32.92447234926853,-25.76839244086801,2.675914246471437,-2.2537767689256496,5.517241079785645,17.556758004264964,57.765611841487036,-14.446866372211945,8.940783108797076
-8.630244342458825,7.84308269299897,-8.460807962969916,-9.820875417374147,8.086615556098991,1.3138639127653486,-6.94775487166416,-1.587964723603514,14.84999553550223,-3.253896430836138,-16.48610313865852,-9.945903885471585,9.655079372170709,-8.603262002265035,33.35868605824023,-16.481491533408985,1.399938719037549,13.560757596778243,-8.819932126202476,0.06456846567353867,8.201791646843938,-3.1713447192933133,29.836529349732754,-20.827355680364356,-25.574299341240703,21.703670668515265,17.957681717525304,0.8769602245879818,24.618659230975165,-20.775213330856044,-20.025743258937606,0.44916767333772983,7.237574628775081,4.773550882966652,12.56615939623117,27.097629908820426,-23.02245861960225,11.465955970990011,4.0135864487721,-24.601497537390998,-9.907791089652871,-11.462718096631914,18.011942203249035,11.923180704706349,-8.557639612848202,32.64282333449443,-6.08904507590971,-27.451367197533372,-21.205837838237663,2.407212374019223,-1.9975143782989504,4.4024747025859785,14.566717859463568,48.236954573573826,-12.184035199416694,7.3979423689845545
-0.29734772176971425,0.5212941003422727,-0.6412547654133731,-0.4474592179290869,0.5129000801616646,0.4407947227979743,0.19871240461963927,-1.3596587184429735e-4,0.41944764005460394,-0.08236296111713969,-0.8424257192638002,-0.005811947857288788,0.4581148880311756,-0.596267071605633,1.0748709406460102,-0.6685574514633948,0.6928030587114508,0.7205616892359883,-0.08137958498688137,0.13230410889090471,0.49213882528671943,-0.05433924020634351,1.3050151538261043,-0.3687243012928383,-0.8359281823789312,1.1690910505028094,0.8769602245879818,0.19544136230910783,0.8582774929266156,-0.6444258011742081,-1.0851627727144086,0.21236259108978892,-0.29313537744127904,1.0455988933567808,0.7059321896703691,1.0802746883445293,-0.38014449087161273,0.5680169830525397,0.19092287058467844,-1.1683417679926205,-0.30484617337213515,-0.6060510403426598,0.5834725329398005,0.0675498130409908,-0.6432648352986938,1.765457110966234,0.21856851634021074,-0.9865993097064525,-1.2298489618690394,-0.20871190040883858,0.126659860722148,0.489495741449066,0.6434518690986546,1.609849397344893,-0.20539009820198748,0.3607506686670846
-12.111150874079812,10.440630836453229,-11.085104770276713,-13.53613877761552,10.820219910989177,0.9523405577858304,-10.737438188907115,-2.351457148572303,21.04736098774005,-4.633362565338071,-22.517097860630816,-14.71670829480156,13.26658008575877,-11.397473333853467,46.98136909279767,-22.902139778283793,0.5118297555155019,18.459345867098264,-12.878835156851709,-0.20256711776189218,11.037587375930734,-4.574265153679836,41.24637330121234,-30.014107870971507,-35.99129129341876,29.508023325969383,24.618659230975165,0.8582774929266156,34.525623744077436,-29.315497758629004,-27.212186742270955,0.18658217657889428,11.379473396409637,4.712977457600864,17.01932619186672,37.696613842637426,-33.23929914739947,15.700772362543672,5.513780659123087,-33.801371655984575,-13.986287560180951,-15.6102544021044,25.36049341288838,17.50589268309334,-11.223981387772143,44.36470978165377,-9.510447981075252,-38.431625517451835,-28.633798020335924,4.035466795032561,-3.2437747468852978,5.416785241212813,20.122958734062006,67.81021390973883,-17.581545908233846,10.14322101439711
10.285309106411884,-8.738291424142847,9.235164451430373,11.439705809814098,-9.069234755395593,-0.6065834093591891,9.34263660629903,2.024856458187188,-17.92145120388392,3.9500565372035323,18.982212692922626,12.670259099268597,-11.20241808372937,9.525946981706936,-39.93666473917458,19.3980034617717,-0.10517730637303173,-15.54696802591781,11.050998821971497,0.23852258286540295,-9.266473752271795,3.912739700910903,-34.88658215277954,25.667600915775616,30.588461042151373,-24.84411519999873,-20.775213330856044,-0.6444258011742081,-29.315497758629004,24.932459982633798,22.907742544029855,-0.057809119720089445,-9.941251850934531,-3.5520472516299777,-14.314002727479345,-31.938618601104874,28.439394675055855,-13.245352519439756,-4.655631597470881,28.541631207139616,11.89642310582755,13.148981566976813,-21.55619117060433,-15.042219348964899,9.353782382748916,-37.34886413516349,8.295650028577018,32.61693705284383,24.061859431893815,-3.5761772249905133,2.8546793069433205,-4.42748394963229,-17.01691366139766,-57.61398362160044,15.040600438168328,-8.559944803134595
9.536945789746857,-8.843454129971164,9.595397378599115,10.92929882778758,-9.100781864975746,-1.7297499960825398,7.369941162793973,1.7164591072111501,-16.3453831376717,3.5748568676061736,18.410916834773474,10.754187622989575,-10.757581974959544,9.717766752774468,-36.81106323924733,18.28379304031514,-1.9998156112526901,-15.163427799660193,9.590257575341555,-0.1627303751606856,-9.210686481671104,3.4659440922098232,-33.16578565436213,22.770425751398104,28.229397460644606,-24.27984018693808,-20.025743258937606,-1.0851627727144086,-27.212186742270955,22.907742544029855,22.407281754945114,-0.6346669226137975,-7.6168648599656645,-5.894042070943019,-14.078131794871792,-30.04754942062748,25.151041837257566,-12.79208597091703,-4.472235057971845,27.411451422914862,10.923059176977514,12.815304371027082,-19.878221688452992,-12.934711892179909,9.70147049820161,-36.52244135091043,6.42784992228881,30.364083928157946,23.784435047682006,-2.455237282418493,2.0700523802040736,-5.102309381617756,-16.196559166755083,-53.268163717947346,13.313488749053231,-8.24954201968172
-0.06100625626820104,0.368714509215114,-0.4962073233957016,-0.2055403472529528,0.34949265127234963,0.5028113726036209,0.4975216013726515,0.056872811147970354,-0.010066363851288099,0.014116128920604744,-0.4589385129785525,0.35002230779335264,0.2247916559454214,-0.43495607707341755,0.14288256641752237,-0.24215765825064647,0.8141661681071242,0.41196449289943093,0.21528485179229082,0.16276478847224946,0.3194502137780479,0.04611770239579314,0.556570103270175,0.2880742228141811,-0.12436722728545536,0.6791154630738461,0.44916767333772983,0.21236259108978892,0.18658217657889428,-0.057809119720089445,-0.6346669226137975,0.2488433715052027,-0.6257498947619176,1.1331858719515628,0.4294379965233979,0.3745331200897548,0.3526764112805173,0.29687372356231273,0.0940516517727507,-0.5740854159259781,-0.024470795151482323,-0.34444749341511005,0.08101538633870421,-0.34401526009554334,-0.49523700538314075,1.03028575346266,0.4914508924585711,-0.24494158036938685,-0.772809960222805,-0.34689438613504797,0.229795697392498,0.4526303157031438,0.2796137801349785,0.27595573667181683,0.18139349993958945,0.18438446216732685
-4.004099203020643,2.5751953882061716,-2.4437311292149366,-4.094329659338554,2.7592966595298853,-1.0661376090645462,-5.079541879249989,-0.9679751794434428,7.2804298073743,-1.6357116092353348,-6.486322390885046,-6.041706306223325,3.9480612197991545,-2.721217068059316,15.792662618507439,-7.2201336913618475,-2.0813158087637285,5.218358115725228,-5.034783609485941,-0.5211473731111796,2.917504940625872,-1.704088126504049,12.669338064774037,-11.141113859282767,-12.057036312224662,8.284710223461722,7.237574628775081,-0.29313537744127904,11.379473396409637,-9.941251850934531,-7.6168648599656645,-0.6257498947619176,5.656351763733352,-1.518322601805423,4.673701076952922,11.950947827460627,-12.431594512780286,4.586953386640791,1.6391374331914979,-10.055363900901288,-4.751548111750576,-4.423840658578802,8.514082458243243,6.986148013910081,-2.4942760941752242,12.43024358071694,-4.639910472063011,-12.563575944865095,-7.723654240169914,2.352482246455572,-1.7549656753052871,0.6113763523159615,6.158615636725577,22.60087007231878,-6.561266545059303,2.9838608675241995
-1.633388260728792,2.8210249110295647,-3.4632713482742,-2.4394943054030636,2.77775924534602,2.3543489229847814,1.0173315925094015,-0.009994698140798938,2.3197280218864615,-0.4574761933265573,-4.5811071720933345,-0.08900732950824358,2.4952534334109067,-3.2245997778924473,5.917091292955189,-3.6554500956575513,3.696478589434724,3.915255336163895,-0.4847366735401391,0.7047297090588226,2.667904271635668,-0.30780317063912455,7.121756594304346,-2.0845876234455853,-4.599574439513636,6.350650542458396,4.773550882966652,1.0455988933567808,4.712977457600864,-3.5520472516299777,-5.894042070943019,1.1331858719515628,-1.518322601805423,5.594368440262807,3.8315646599806628,5.909305362927658,-2.1582015462110906,3.0909168412224965,1.039857017098566,-6.36357874512291,-1.680766313479997,-3.2933811097188137,3.211415279304082,0.4292277668601776,-3.474537410608421,9.58941446616668,1.1280531036618417,-5.412667236591788,-6.67120334827533,-1.0970748432125133,0.6626421982424777,2.6316516415272466,3.510615159576232,8.852040804509668,-1.1645771254992185,1.9637339618148857
-5.9641120337408635,5.571914312399146,-6.058463458507196,-6.8528744464533276,5.730065335997293,1.147095490374704,-4.536536885231822,-1.0644016252854427,10.206663212566026,-2.230689424506442,-11.558968365408834,-6.669668531578592,6.748193149694155,-6.126743971648484,23.008197639354584,-11.450762545031568,1.3571421652068316,9.524606265558928,-5.960681504039418,0.12326307516501077,5.794709543792302,-2.158417661470472,20.786640482390556,-14.182270787622505,-17.6463239442065,15.253488143425557,12.56615939623117,0.7059321896703691,17.01932619186672,-14.314002727479345,-14.078131794871792,0.4294379965233979,4.673701076952922,3.8315646599806628,8.84914103752155,18.815046596873234,-15.660423543575346,8.028360436909537,2.805496686123452,-17.19527817661791,-6.824909841154915,-8.04918439182315,12.425094193358467,8.032245620574578,-6.124579238441305,22.94590218196046,-3.9489898467746403,-18.99550292001926,-14.956552250732335,1.4872327509677103,-1.2622421857065158,3.2466527681278947,10.152224288241484,33.303656630662346,-8.2904146783545265,5.176503732768989
-13.220430708176098,11.614785328427516,-12.403921484320579,-14.870604990673879,12.014575501347396,1.3828111320730843,-11.340714962625565,-2.5194689950838036,22.895113471599664,-5.031924573980008,-24.817613464371927,-15.77229807318708,14.590561548986747,-12.701600053710793,51.219838734617376,-25.087174297381083,1.118076455718158,20.369917329658378,-13.865336288518547,-0.10823553177155339,12.230391287633887,-4.945563192108107,45.26460016228032,-32.46039842883258,-39.24855570724861,32.57632990820446,27.097629908820426,1.0802746883445293,37.696613842637426,-31.938618601104874,-30.04754942062748,0.3745331200897548,11.950947827460627,5.909305362927658,18.815046596873234,41.2765719541947,-35.92526751285156,17.288935163710168,6.064476882224681,-37.17561824360328,-15.235623058322284,-17.22322993065431,27.651094195672588,18.811405149096665,-12.554367202286262,48.98422115931826,-10.009786500848833,-41.987034838569215,-31.68964472284744,4.151982988383101,-3.3712344627493773,6.206076149609162,22.08890805811342,73.97583587426254,-19.005807998921558,11.164122805803883
11.669470289513628,-9.380894519927937,9.735005058852426,12.747473037082479,-9.792032406481821,0.15203942404716583,11.530615174888881,2.4132955860711243,-20.529119620298815,4.544836380910471,20.95381588334763,15.091014319615041,-12.443480143430556,10.170918616462629,-45.46941538121449,21.794589598442446,1.249987733358746,-17.10103692066775,13.010889441073955,0.5469620568874188,-10.068350388019981,4.555988691968494,-38.99299180587739,29.86298356085713,34.80099956615207,-27.292522684927516,-23.02245861960225,-0.38014449087161273,-33.23929914739947,28.439394675055855,25.151041837257566,0.3526764112805173,-12.431594512780286,-2.1582015462110906,-15.660423543575346,-35.92526751285156,33.14420342231238,-14.660415674706028,-5.170345951874242,31.701333791951107,13.574981895828007,14.47003926116818,-24.535992627862946,-17.795754327365522,9.872403640964578,-41.013883539987596,10.322058176143894,36.9197665464526,26.23948150448639,-4.677027140827366,3.6541339338118584,-4.305673225742107,-19.006244968021637,-65.47818459863124,17.52018341320862,-9.487022535754686
