V1,V2,V3,V4,V5,V6,V7,V8,V9,V10,V11,V12,V13,V14,V15,V16,V17,V18,V19,V20,V21,V22,V23,V24,V25,V26,V27,V28,V29,V30,V31,V32,V33,V34,V35,V36,V37,V38,V39,V40,V41,V42,V43,V44,V45,V46,V47,V48,V49,V50,V51,V52,V53,V54,V55,V56
12.163464582918053,140.5181267112428,9.769113395975046,50.68003660842481,43.90543846362538,83.01127058681628,-84.74720318254265,-31.172526616652735,26.929421372741192,-82.23438309106521,22.50937456339184,-25.46025900720647,-108.71016132075928,91.17036809841791,63.84427566824926,24.987270701864702,-109.62806408856504,22.753119450182556,49.16727222398874,-1.4643672390568907,7.8663923087320455,2.1805111521078007,-52.16469776886335,108.7610688570054,67.3404595222311,105.96189761877372,-12.257264077660365,-11.875296306919461,-6.197319183775462,7.95064134317363,118.91616674314741,92.94644112217821,-45.532523749103156,-0.17585588731270893,-62.78650316202595,-95.5267795924625,-12.048893380607971,-39.96408403873021,32.458592315828334,20.67201069809931,96.71957222374749,-13.90105318776554,2.710261483769422,95.5197268549254,-53.097330692628184,-113.87878868447304,-82.35794447480271,48.66344114878294,-87.8416865316469,-24.82195159097315,26.349822866059714,20.569430837301667,58.58820146277435,-51.587901623002274,-105.66462886711835,-19.497536228172432
140.5181267112428,1648.4985528713526,117.69728836880465,596.0746748319019,518.7715264495472,977.8965254798296,-999.346294668743,-368.5825404654342,314.9143782504587,-970.7978305530801,263.37132712054046,-293.87589546676554,-1279.265222597765,1069.4679617994057,747.0399559948222,291.4448868193088,-1291.5742772535198,271.87495035868494,580.9122542720638,-18.54310504827884,99.51515822710152,19.455321284931408,-616.2412886112477,1278.6516469811213,782.188477129519,1245.9936686557016,-144.60664012,-136.66185572268716,-70.23811706218738,96.9576992521923,1406.035759757543,1091.052893453843,-538.3505016565639,-7.342203162165375,-734.6786025647735,-1127.0480093660772,-140.3741729714674,-473.85710552879993,375.985540890446,242.1689709502173,1133.468119219587,-165.66047960656198,35.889133814729064,1123.1711948183984,-625.675886839176,-1334.0691396318762,-967.7302494060648,570.4909994293855,-1032.1736558079663,-302.34023204708905,310.5104962648354,243.40086910764416,684.2329392834387,-604.2507422087893,-1238.9723586116006,-223.75297761890062
9.769113395975046,117.69728836880465,8.788572108664034,42.751949667961206,37.49437586206079,70.31336980602553,-71.99526643876929,-26.66313495680275,22.36138272184342,-70.06750003261249,18.721574522957635,-20.380393760261313,-91.82216200393043,76.35315126542079,53.10195300813803,20.58541550742561,-92.89632284157295,20.02337644901298,41.98061714494542,-1.4886158589667982,8.01717042889819,0.6125058911898577,-44.53517552938884,91.64299796591669,54.87464888388539,89.32676166162341,-10.424392785793856,-9.439148029084304,-4.713343328736136,7.379817125156218,101.75836397781325,77.9754732041987,-38.95631785384915,-1.1769179870507822,-52.22230427047117,-81.26523528114363,-9.904924651005835,-34.46013407367763,26.241985092018098,17.24055908391478,80.77768229033445,-12.154942261538508,3.063276984002012,80.51550460625583,-45.0199566168549,-95.02102157190944,-69.27510090085751,40.686716288382485,-73.90408413297722,-22.9751790044467,22.341399873015547,17.638710748887746,48.47792895180612,-43.02205563384316,-88.38679612422962,-15.357455357003344
50.68003660842481,596.0746748319019,42.751949667961206,215.63727503929636,187.81032064503574,353.8439511230407,-361.6732424683757,-133.44888470087614,113.80959916396048,-351.4047310265354,95.19120839440957,-105.95785299366464,-462.8087069843057,386.7012033359836,270.00221042233517,105.2725143190926,-467.35124428664045,98.61309985088236,210.304462893477,-6.787733723724059,36.4397622608081,6.640296533936518,-223.09798842983855,462.52147688674256,282.33739686939003,450.7209281230018,-52.335364260387756,-49.255266353752916,-25.24452922680293,35.28657230053598,509.0935441314017,394.5486627338071,-194.9203929915044,-2.986033794419905,-265.5290441662364,-407.9244077384979,-50.70025157162768,-171.64984370549425,135.6445352218785,87.53634902834565,409.7751935049742,-60.061856553892234,13.226824151486003,406.28381066812165,-226.41249319741593,-482.2621687618683,-350.00718262546945,206.25811544736916,-373.3231910643894,-110.01288559297359,112.36328267685955,88.14024648062679,247.22448535874807,-218.4299561351987,-447.95600381321424,-80.59629687501928
43.90543846362538,518.7715264495472,37.49437586206079,187.81032064503574,163.79562250462416,308.32866060583075,-315.24731792024465,-116.40777595622632,98.95639459510679,-306.3975668566183,82.78198407975245,-91.76920564415568,-403.1536007969976,336.5445300860352,234.8059308726012,91.45898660433069,-407.25497533313563,86.28346815346217,183.41089755332652,-6.0329339289492045,32.38992873823433,5.2087784744085415,-194.56162165701383,402.7927644629883,244.99670394088628,392.536940229553,-45.625389192655945,-42.62443340125211,-21.742917315337642,31.054065518127818,444.09067071295624,343.44058856995775,-170.03104549207117,-3.087055974076774,-230.9189181950658,-355.61631222772263,-44.03497015933705,-149.85866092300114,117.60753460068663,76.1525509261288,356.51952972824216,-52.5159016506229,11.890555324927341,353.83581830193197,-197.30655781026277,-419.5467314417638,-304.75754418924504,179.47269668906995,-325.0638303184723,-96.78601320925375,97.9195959039829,76.90457846924063,214.87614993251654,-190.01273437901125,-389.805266017772,-69.6808506562057
83.01127058681628,977.8965254798296,70.31336980602553,353.8439511230407,308.32866060583075,580.7419433661179,-593.6372901198462,-219.1052635487463,186.65225003217842,-576.8536173890517,156.12364734409405,-173.55453717594474,-759.4950107495496,634.3949529398434,442.8330799672438,172.61535354756984,-767.0409323649197,162.0680842553619,345.2582078515907,-11.21734152764554,60.19255048608996,10.553057212755535,-366.2457491930091,758.9399294062829,462.73900233009675,739.5928736670166,-85.91159521961869,-80.64794851944721,-41.26866454519401,58.106746704307064,835.8241790793685,647.3205419504267,-320.0218444199696,-5.204842431481113,-435.50207264364064,-669.5915073256657,-83.11882263000437,-281.89048957103404,222.26058377622317,143.5966335429392,672.1878644446826,-98.68381133516554,21.941175721147143,666.6807450304664,-371.5971825777116,-791.067191111877,-574.3024505929553,338.3496395224688,-612.5528549759011,-181.1316089468949,184.41843362153824,144.7204846944351,405.3993814211859,-358.2912890715379,-734.8561426686568,-131.93272581688234
-84.74720318254265,-999.346294668743,-71.99526643876929,-361.6732424683757,-315.24731792024465,-593.6372901198462,606.9067811910126,224.01394975995993,-190.70218878988672,589.7825680355119,-159.52535957167115,177.14457978149056,776.3261291127925,-648.3329353063256,-452.48212112689674,-176.29416932926722,784.1240601320017,-165.83859697448955,-353.00005609877553,11.512640218216056,-61.86692697798044,-10.485824265510075,374.4781172593579,-775.7376887061076,-472.55394858242,-755.959203468175,87.83233601650224,82.32466603881713,42.08012981413546,-59.54410856291005,-854.6646756791304,-661.5427905124067,327.22774154452,5.537653599874933,444.9949514571639,684.5764200589142,84.903132994851,288.3202439706338,-226.9202703646414,-146.72194329724792,-686.8773452000893,100.98244380767754,-22.589659961747387,-681.4344567921911,379.8818071376988,808.3669876906835,586.952973660456,-345.77243602418463,626.0783806802266,185.61835990770243,-188.52359772454489,-147.99168259794692,-414.1739194662286,366.1051630145275,750.9741045861708,134.60963828313362
-31.172526616652735,-368.5825404654342,-26.66313495680275,-133.44888470087614,-116.40777595622632,-219.1052635487463,224.01394975995993,82.73888826614919,-70.29934857688538,217.73910640970547,-58.80727983327822,65.16390506684066,286.46943058719194,-239.10126376646517,-166.80354168227325,-64.9787677044427,289.389905149589,-61.344634004629405,-130.34951810660033,4.301306580221634,-23.058821923811927,-3.6618241378732392,138.2647810193042,-286.1912489012524,-174.0011253041431,-278.91126525399164,32.42322272706395,30.25403337708769,15.422721851528843,-22.09369729269032,-315.60263119796036,-244.01855228838934,120.83888952019272,2.241047401566754,164.04166290502752,252.70801329945743,31.277033267786596,106.50501631100789,-83.52172565870256,-54.10658651891757,-253.29448863641602,37.326040864129816,-8.48617007652544,-251.4122149526706,140.2023885026402,298.0575343874806,216.54529612647414,-127.50342246386425,230.96253216431006,68.84856395542081,-69.58256854687784,-54.65536483717217,-152.63548763869284,134.99552724446906,276.9381247935345,49.46610710723605
26.929421372741192,314.9143782504587,22.36138272184342,113.80959916396048,98.95639459510679,186.65225003217842,-190.70218878988672,-70.29934857688538,60.20105336544491,-185.21607434312452,50.34022672813822,-56.32780307794369,-244.2262737764932,204.30314380716044,142.781096485186,55.74414130065517,-246.51732172409444,51.741662765048936,110.8128253961378,-3.488937256953725,18.725031480493115,3.957819838903228,-117.55421784739127,244.15398084395468,149.72647141779765,237.90685231214613,-27.59474979423189,-26.212417576710262,-13.51240976143899,18.378905833100927,268.1637000343522,208.400264603132,-102.67764885679678,-1.197287229795176,-140.41600861385837,-215.05129742444552,-26.85676313343639,-90.31983724266503,72.01213938290796,46.2759272518091,216.57526493751644,-31.54502532196286,6.6941000637347114,214.45805164445824,-119.4138341832486,-254.92147140959005,-184.80378371459457,108.99415143068339,-197.1106933389159,-57.31875304520953,59.26264919535898,46.41475156874928,130.83242772318826,-115.46808798884639,-236.70266345802366,-42.938941074232616
-82.23438309106521,-970.7978305530801,-70.06750003261249,-351.4047310265354,-306.3975668566183,-576.8536173890517,589.7825680355119,217.73910640970547,-185.21607434312452,573.1939565378137,-154.93959345837112,171.87947961673729,754.3167911297313,-629.8041846346152,-439.467670241004,-171.18959352419182,761.9591254574191,-161.3094792647576,-343.0921481702023,11.241662440281297,-60.40407461285986,-9.928627431756706,363.96144365425266,-753.6892986725892,-458.7191939638244,-734.4809226504817,85.36180300146812,79.86342101396785,40.77051337262122,-58.00232751442776,-830.7099157256745,-642.6728145939334,318.0575717413791,5.605491582632677,432.19452812655777,665.2907741958776,82.44016725958237,280.2901198696028,-220.23277862701983,-142.51749941505793,-667.2041654186276,98.20792554755802,-22.116107147551844,-662.0753771638887,369.14431935023543,785.1915427472483,570.2474421038313,-335.87237613069715,608.2611664078264,180.7891932457828,-183.19644476293294,-143.85223353767736,-402.2121997955581,355.6055998163945,729.487190670392,130.55215801483072
22.50937456339184,263.37132712054046,18.721574522957635,95.19120839440957,82.78198407975245,156.12364734409405,-159.52535957167115,-58.80727983327822,50.34022672813822,-154.93959345837112,42.09727808940558,-47.07810324904218,-204.2769245649576,170.86825045026552,119.40373518185504,46.60430991689425,-206.20520766407066,43.30377985492947,92.69902792307063,-2.9248803854861283,15.710718692411735,3.267856220364085,-98.34145600156451,204.21416450445756,125.17404195040282,198.98918538787805,-23.082559536134028,-21.90825518455693,-11.288273018450155,15.393197781174628,224.34492533668168,174.29385112124726,-85.89835652193065,-1.0314800858219526,-117.42725918887429,-179.8950893476459,-22.45442163422354,-75.5736193467641,60.19592523660589,38.698316929653465,181.11972449619486,-26.400830474752848,5.622729148801174,179.37595792148892,-99.88828309556943,-213.1910048352032,-154.56499166832327,91.1561216397197,-164.86218421635905,-48.0099912099347,49.57145962225471,38.831727442801366,109.40133406414326,-96.5627091273266,-197.9623948905719,-35.88045103344763
-25.46025900720647,-293.87589546676554,-20.380393760261313,-105.95785299366464,-91.76920564415568,-173.55453717594474,177.14457978149056,65.16390506684066,-56.32780307794369,171.87947961673729,-47.07810324904218,53.329628582950825,227.29121683389195,-190.65803551083667,-133.5416187651063,-52.30395193035272,229.17820785754674,-47.51067321233606,-102.76804977349924,3.0490305894175957,-16.313494824709142,-4.683310429159735,109.01511958402932,-227.3934309034248,-140.95921503600204,-221.55011678201203,25.62019535314048,24.85585004795692,12.993118640201311,-16.567973432412682,-248.50845988645457,-194.37865869998356,95.15819531812406,0.28819474079499513,131.33481109970785,199.66901855877188,25.204803539363546,83.49430726185018,-67.96905049369367,-43.248558967808485,-202.29344672765578,29.018623571149096,-5.617290965050668,-199.71862029615113,110.99377369238734,238.1768540252373,172.23445204978933,-101.77191888813029,183.67579345282743,51.72491254925659,-55.085766555572796,-42.98325584068052,-122.5593703838532,107.90612881835473,220.9844094210583,40.85391283515184
-108.71016132075928,-1279.265222597765,-91.82216200393043,-462.8087069843057,-403.1536007969976,-759.4950107495496,776.3261291127925,286.46943058719194,-244.2262737764932,754.3167911297313,-204.2769245649576,227.29121683389195,993.3516210832153,-829.9205406473009,-579.4160668443482,-225.8867208583708,1003.1534026104214,-211.7555782427597,-451.4406529807133,14.598814340958182,-78.37982521448954,-14.116636258556595,478.8948509388765,-992.6998092312999,-605.7606223128926,-967.3749408149955,112.34724480666573,105.65026156662597,54.122262147568264,-75.82276532946976,-1092.8451423145057,-846.7767511575786,418.429203328034,6.525686654674636,569.82714018526,875.6213772386826,108.78605816445521,368.5151973129883,-291.00900771629654,-187.86699926832034,-879.4037018188014,128.97119721237675,-28.48513887203634,-872.0124837873759,485.97594648800305,1034.9738197563759,751.2066422221669,-442.65206645719013,801.251290397837,236.3837399208179,-241.17952654746915,-189.21390286387899,-530.5030040382425,468.75790222373234,961.370773538259,172.85290359084144
91.17036809841791,1069.4679617994057,76.35315126542079,386.7012033359836,336.5445300860352,634.3949529398434,-648.3329353063256,-239.10126376646517,204.30314380716044,-629.8041846346152,170.86825045026552,-190.65803551083667,-829.9205406473009,693.8359429769366,484.658727134846,189.05991018000265,-837.9159669689964,176.37073542773805,376.8553987753011,-12.021713026568168,64.56951524069211,12.616597898320643,-399.7867202527649,829.5411143839855,507.4650325720143,808.3451366596479,-93.81420433321182,-88.67797625681592,-45.57935165554812,62.896890426115434,912.1651771132388,707.8200459068438,-349.2513104929239,-4.746589702381561,-476.6417400372151,-731.1755817114839,-91.0719418685826,-307.4235413054543,243.92804362374542,157.104417293978,735.3407318964,-107.48098687782475,23.269769103472548,728.6663920005044,-405.9107883151564,-865.5030799091943,-627.8075037551515,370.11877936842046,-669.6326242405054,-196.14145242022633,201.44162742803348,157.90665937364733,443.9126338687481,-392.0088283594775,-803.8032537516983,-145.16934965474584
63.84427566824926,747.0399559948222,53.10195300813803,270.00221042233517,234.8059308726012,442.8330799672438,-452.48212112689674,-166.80354168227325,142.781096485186,-439.467670241004,119.40373518185504,-133.5416187651063,-579.4160668443482,484.658727134846,338.68727018431537,132.19438728517636,-584.879490791316,122.82716891537505,262.9317936180032,-8.297446297431835,44.55126292634661,9.280209780977918,-278.9327514854859,579.2370669042728,355.0615337848819,564.423578062123,-65.46656597787572,-62.13393775615188,-32.02204305352875,43.65490794392837,636.3334772124888,494.375218290516,-243.64190403946608,-2.9198053011686094,-333.0850106826063,-510.2533741893807,-63.684442207078796,-214.36154709338211,170.75158437330546,109.76741760955903,513.7376506336519,-74.87738802554904,15.951197254898652,508.7881875810072,-283.32578111264445,-604.7045668005052,-438.4238349869176,258.563480594012,-467.6219279365398,-136.1634552083326,140.60627880488985,110.14217058157038,310.30678378089397,-273.8972119940058,-561.5156127329103,-101.7779733632725
24.987270701864702,291.4448868193088,20.58541550742561,105.2725143190926,91.45898660433069,172.61535354756984,-176.29416932926722,-64.9787677044427,55.74414130065517,-171.18959352419182,46.60430991689425,-52.30395193035272,-225.8867208583708,189.05991018000265,132.19438728517636,51.67483139994004,-227.93589662738964,47.71582628771909,102.41886597165426,-3.1909195478577446,17.046247995601693,3.9030402736338394,-108.63257581554714,225.83685130235565,138.83816948647055,220.0653074475206,-25.50552181629902,-24.326132863297868,-12.58164012909218,16.876923044457005,247.77633207038372,192.8497608486656,-94.8767361516961,-0.9324796799969945,-130.00500319533592,-198.78508842781406,-24.880941958744863,-83.39777675534492,66.81985522805745,42.847015902722916,200.47748790861746,-29.08497071607658,6.066171748086811,198.37203382698507,-110.4085760585502,-235.96392421290943,-170.9944935636332,100.87364496535059,-182.35041645471426,-52.6364345954035,54.798573005266434,42.87870848969773,121.17096739605608,-106.89902277522407,-219.0674117761339,-39.91179737876052
-109.62806408856504,-1291.5742772535198,-92.89632284157295,-467.35124428664045,-407.25497533313563,-767.0409323649197,784.1240601320017,289.389905149589,-246.51732172409444,761.9591254574191,-206.20520766407066,229.17820785754674,1003.1534026104214,-837.9159669689964,-584.879490791316,-227.93589662738964,1013.1626623231325,-214.09606450438724,-456.0316278253348,14.8162059211891,-79.60331524555907,-13.859372477956605,483.7718171570663,-1002.4362324207683,-611.1111236386022,-976.8658737523132,113.48447160707701,106.52276904572585,54.49853091577522,-76.78418081852774,-1104.0487573910302,-854.9622306036978,422.71596803607963,6.905352313225881,575.2038266528344,884.4529615710182,109.7782568829363,372.38505082585095,-293.51092846632287,-189.65090122590695,-887.7881882786666,130.38788137264783,-29.002286081177783,-880.5732942897291,490.8274373358065,1044.8372178105212,758.5181729657734,-446.8946998237118,809.0734944770776,239.36654245648106,-243.58438800219403,-191.16703953618378,-535.4286108481297,473.20616915564904,970.5953551970413,174.20904683170025
22.753119450182556,271.87495035868494,20.02337644901298,98.61309985088236,86.28346815346217,162.0680842553619,-165.83859697448955,-61.344634004629405,51.741662765048936,-161.3094792647576,43.30377985492947,-47.51067321233606,-211.7555782427597,176.37073542773805,122.82716891537505,47.71582628771909,-214.09606450438724,45.813477774011304,96.61198032002072,-3.3218051217425395,17.85941010750353,1.9781578905263162,-102.4854711433994,211.43307937047797,127.45430725966385,206.07314768383665,-24.009361868819834,-22.02953210536224,-11.10192559269968,16.71940490998859,234.0670437498921,180.0644749905667,-89.61381761113995,-2.251121164982672,-120.79387596750298,-187.143887799422,-22.963698068997836,-79.14709950301427,61.05170628922566,39.86298562533447,186.69828933380404,-27.840426546926647,6.718260940896903,185.75175353151008,-103.74092245416057,-219.65370698298798,-159.89325476134806,94.013183311678,-170.56180772879392,-52.072778159864875,51.48394880661707,40.55691363774228,112.24707093019526,-99.46464822456454,-204.21684487889772,-35.918051740842316
49.16727222398874,580.9122542720638,41.98061714494542,210.304462893477,183.41089755332652,345.2582078515907,-353.00005609877553,-130.34951810660033,110.8128253961378,-343.0921481702023,92.69902792307063,-102.76804977349924,-451.4406529807133,376.8553987753011,262.9317936180032,102.41886597165426,-456.0316278253348,96.61198032002072,205.37650661596558,-6.754147422741402,36.258411975718644,5.842577407647727,-217.86107619166907,451.03538561713543,274.35219241594774,439.550284956394,-51.09124130102416,-47.73410973014402,-24.34907352876721,34.77021464334858,497.26898294274605,384.57912877327135,-190.3927498328342,-3.4510595532715387,-258.5784564369008,-398.2050194212908,-49.312305912850114,-167.79976355556158,131.70114414386475,85.27592897648255,399.22655054519913,-58.802921197715534,13.309229042727424,396.2153880074895,-220.9358289182887,-469.8028736577427,-341.2599300422736,200.96876977956333,-363.9980197328836,-108.36475382367242,109.64690063925232,86.11356158560085,240.61892910892306,-212.77443997567002,-436.49542004180006,-78.03369823167128
-1.4643672390568907,-18.54310504827884,-1.4886158589667982,-6.787733723724059,-6.0329339289492045,-11.21734152764554,11.512640218216056,4.301306580221634,-3.488937256953725,11.241662440281297,-2.9248803854861283,3.0490305894175957,14.598814340958182,-12.021713026568168,-8.297446297431835,-3.1909195478577446,14.8162059211891,-3.3218051217425395,-6.754147422741402,0.2821530421944211,-1.5016485361843128,0.10669081703273395,7.159341246687298,-14.525661121919274,-8.379883772932162,-14.169289214847202,1.6689041939250797,1.3937195224716308,0.6571869380194411,-1.2864511432852035,-16.39864724872641,-12.307324606000861,6.278161800953375,0.36594480485224307,8.159501754616477,13.015329190010053,1.5268790434022872,5.594118088336891,-3.972316463403655,-2.7052409550944216,-12.686486541643408,1.9984774099496767,-0.6225238859075826,-12.769203557507293,7.184564075699665,14.900720780710218,10.96825448992194,-6.39369608077696,11.69659616770579,3.9910659792340257,-3.566867604498444,-2.8485944189516235,-7.530675307920977,6.746445673141055,13.899537462908205,2.2511558854941476
7.8663923087320455,99.51515822710152,8.01717042889819,36.4397622608081,32.38992873823433,60.19255048608996,-61.86692697798044,-23.058821923811927,18.725031480493115,-60.40407461285986,15.710718692411735,-16.313494824709142,-78.37982521448954,64.56951524069211,44.55126292634661,17.046247995601693,-79.60331524555907,17.85941010750353,36.258411975718644,-1.5016485361843128,8.190426276450609,-0.6801893071940249,-38.47994286643562,78.03896611917004,44.923894938617416,76.09024348569983,-8.972555995933096,-7.518037149364234,-3.53423352141075,6.940330838297122,88.13853341038536,66.04617108820598,-33.7318578331717,-1.9796437195848382,-43.813599183044865,-69.93892106265521,-8.203050718455106,-30.10636921939845,21.269275734085763,14.498824169433465,68.07115205139519,-10.792225690389518,3.341710117007174,68.58298171690568,-38.60129552523641,-80.01929528663342,-58.837803223705414,34.34215717927268,-62.8178313423857,-21.5603493659006,19.150475688878533,15.31408170744257,40.43351961924384,-36.19111141898693,-74.6368892358929,-12.045617973042637
2.1805111521078007,19.455321284931408,0.6125058911898577,6.640296533936518,5.2087784744085415,10.553057212755535,-10.485824265510075,-3.6618241378732392,3.957819838903228,-9.928627431756706,3.267856220364085,-4.683310429159735,-14.116636258556595,12.616597898320643,9.280209780977918,3.9030402736338394,-13.859372477956605,1.9781578905263162,5.842577407647727,0.10669081703273395,-0.6801893071940249,1.8104212235377615,-6.181981619581425,14.366107785100494,11.18616874280163,13.960336133857396,-1.5025296492897793,-2.236450434291952,-1.4305537521174772,0.2211765100626983,13.82006293216393,12.721551538707525,-5.305459865600734,1.2233484259626415,-9.131149886578042,-11.684983115197866,-1.886112117882823,-4.320893960005773,5.655387608605354,2.9634444465383547,13.674813503547158,-1.28492440669386,-0.575114441965067,12.594415577506576,-6.67614763308902,-16.187334330186204,-11.066290932943895,6.81639240563573,-11.751395817418752,-0.760134790750897,3.3188669607980454,2.3456931662421714,8.814790675696496,-7.3733213347409,-14.758348164535706,-3.8836305131609627
-52.16469776886335,-616.2412886112477,-44.53517552938884,-223.09798842983855,-194.56162165701383,-366.2457491930091,374.4781172593579,138.2647810193042,-117.55421784739127,363.96144365425266,-98.34145600156451,109.01511958402932,478.8948509388765,-399.7867202527649,-278.9327514854859,-108.63257581554714,483.7718171570663,-102.4854711433994,-217.86107619166907,7.159341246687298,-38.47994286643562,-6.181981619581425,231.1175026937421,-478.48178398021713,-291.0404086709755,-466.29022999247513,54.198268093271594,50.65043974742267,25.836568270317922,-36.884560908554064,-527.5222462563509,-407.9653552105135,201.9721616679118,3.6554044650383686,274.3133171859945,422.43011835146496,52.31509399173265,178.01349890684773,-139.70692229528868,-90.45601627512413,-423.5067178763894,62.38804418204638,-14.110489537004412,-420.31865387386887,234.37856379390698,498.38847025844,362.00484768278693,-213.1992308641598,386.14195465773474,114.96298511603577,-116.31479121141412,-91.35237816407147,-255.26398627784465,225.71360983116577,463.0526700631734,82.78123017619785
108.7610688570054,1278.6516469811213,91.64299796591669,462.52147688674256,402.7927644629883,758.9399294062829,-775.7376887061076,-286.1912489012524,244.15398084395468,-753.6892986725892,204.21416450445756,-227.3934309034248,-992.6998092312999,829.5411143839855,579.2370669042728,225.83685130235565,-1002.4362324207683,211.43307937047797,451.03538561713543,-14.525661121919274,78.03896611917004,14.366107785100494,-478.48178398021713,992.119852357341,605.8223710072834,966.7919150595538,-112.25643929249631,-105.72966444318115,-54.21373961921821,75.62203243997,1091.8468829721958,846.3391910988028,-418.04338272665035,-6.281164094416516,-569.6511162443552,-874.9266004171392,-108.77929341330874,-368.1282713040379,291.0803148750257,187.7864991510618,879.0352670616799,-128.80428497767085,28.282700144604988,871.4880782932935,-485.6270452801519,-1034.5778160879856,-750.7703556322638,442.4681857697833,-800.801805948129,-235.7852126167318,241.0018977189395,189.03252789852624,530.3963314674485,-468.5743781998042,-960.9523660078157,-172.99309146513167
67.3404595222311,782.188477129519,54.87464888388539,282.33739686939003,244.99670394088628,462.73900233009675,-472.55394858242,-174.0011253041431,149.72647141779765,-458.7191939638244,125.17404195040282,-140.95921503600204,-605.7606223128926,507.4650325720143,355.0615337848819,138.83816948647055,-611.1111236386022,127.45430725966385,274.35219241594774,-8.379883772932162,44.923894938617416,11.18616874280163,-291.0404086709755,605.8223710072834,373.59710082497,590.2870185429807,-68.35753558242098,-65.64975102382758,-34.09508341149327,44.846796512853054,663.6857611073879,517.4896752905495,-254.12603467625743,-1.8285033287697805,-349.19259877045016,-532.7553359934057,-66.89830197146256,-223.26413144301944,179.9226377636227,115.02795993443735,538.1873269309957,-77.78055684038529,15.76270962057146,532.113494061276,-295.99750449476807,-633.5799530249832,-458.7140031733277,270.81155048091694,-489.22607302679097,-139.95159844734312,146.89811662538415,114.83307246922101,325.60534113996596,-287.009463368545,-588.0689459315125,-107.72962204433745
105.96189761877372,1245.9936686557016,89.32676166162341,450.7209281230018,392.536940229553,739.5928736670166,-755.959203468175,-278.91126525399164,237.90685231214613,-734.4809226504817,198.98918538787805,-221.55011678201203,-967.3749408149955,808.3451366596479,564.423578062123,220.0653074475206,-976.8658737523132,206.07314768383665,439.550284956394,-14.169289214847202,76.09024348569983,13.960336133857396,-466.29022999247513,966.7919150595538,590.2870185429807,942.1198567451804,-109.39199127804595,-102.99701196998384,-52.80638380037709,73.71671579801045,1064.0397643865028,824.7289152585926,-407.39756665075396,-6.165703714940913,-555.0829423794943,-852.62274105034885,-105.98892837584197,-358.7597070866478,283.61048441711455,182.98945654655068,856.5752983751687,-125.52606489600389,27.598365475087974,849.2441892501805,-473.2425480384818,-1008.1278077909071,-731.6147347155645,431.16045101277734,-780.3565629578568,-229.8399562142634,234.85794754089102,184.21911783460018,516.8174749187539,-456.60060147176716,-936.3981850691083,-168.53547369989965
-12.257264077660365,-144.60664012,-10.424392785793856,-52.335364260387756,-45.625389192655945,-85.91159521961869,87.83233601650224,32.42322272706395,-27.59474979423189,85.36180300146812,-23.082559536134028,25.62019535314048,112.34724480666573,-93.81420433321182,-65.46656597787572,-25.50552181629902,113.48447160707701,-24.009361868819834,-51.09124130102416,1.6689041939250797,-8.972555995933096,-1.5025296492897793,54.198268093271594,-112.25643929249631,-68.35753558242098,-109.39199127804595,12.715783564686712,11.909228996328912,6.081613417421849,-8.628794360894904,-123.69798654112594,-95.72841471920259,47.36215551568517,0.8149270642871874,64.38378384637572,99.07803069741831,12.285579880620235,41.73252728203612,-32.82323870906614,-21.23200200042816,-99.38766319665764,14.622129776699476,-3.278119008473393,-98.61201549291049,54.97508442870001,116.96899036351701,84.93443779821827,-50.03043885685088,90.59902724347407,26.893404744209853,-27.28277708657222,-21.420562700363686,-59.92436915790214,52.972442372299085,108.66310452079013,19.464357325126596
-11.875296306919461,-136.66185572268716,-9.439148029084304,-49.255266353752916,-42.62443340125211,-80.64794851944721,82.32466603881713,30.25403337708769,-26.212417576710262,79.86342101396785,-21.90825518455693,24.85585004795692,105.65026156662597,-88.67797625681592,-62.13393775615188,-24.326132863297868,106.52276904572585,-22.02953210536224,-47.73410973014402,1.3937195224716308,-7.518037149364234,-2.236450434291952,50.65043974742267,-105.72966444318115,-65.64975102382758,-102.99701196998384,11.909228996328912,11.611963433589361,6.079472944003727,-7.662505598685863,-115.43984522654019,-90.38226114689368,44.20153519866469,0.06181637820235097,61.106193096747134,92.7857142663404,11.74076887695763,38.7748279357252,-31.66303991173273,-20.11163745523671,-94.08718736333685,13.477116280619594,-2.5502485885214643,-92.85301228882565,51.58701831236118,110.80290286086418,80.06157346484616,-47.33940615937542,85.40340585155221,23.93149099073862,-25.59843775357577,-19.965404876073094,-57.04723309392499,50.18934273044397,102.78353306656693,19.06126029543365
-6.197319183775462,-70.23811706218738,-4.713343328736136,-25.24452922680293,-21.742917315337642,-41.26866454519401,42.08012981413546,15.422721851528843,-13.51240976143899,40.77051337262122,-11.288273018450155,12.993118640201311,54.122262147568264,-45.57935165554812,-32.02204305352875,-12.58164012909218,54.49853091577522,-11.10192559269968,-24.34907352876721,0.6571869380194411,-3.53423352141075,-1.4305537521174772,25.836568270317922,-54.21373961921821,-34.09508341149327,-52.80638380037709,6.081613417421849,6.079472944003727,3.235360944790495,-3.770606968838739,-58.836826665044654,-46.423718739194214,22.529276555013762,-0.205780493092916,31.494783693479988,47.3980550963117,6.07311099069274,19.705853584761105,-16.49290905548459,-10.353995127613096,-48.409897629333585,6.806990232380902,-1.1318318883949838,-47.6056783731299,26.388443191008307,57.030439558763454,41.08577981377571,-24.34967106503609,43.818606672278285,11.796318068377083,-13.094498521339599,-10.167232603803003,-29.45259706770781,25.838622377586397,52.85646967020984,10.02044980695984
7.95064134317363,96.9576992521923,7.379817125156218,35.28657230053598,31.054065518127818,58.106746704307064,-59.54410856291005,-22.09369729269032,18.378905833100927,-58.00232751442776,15.393197781174628,-16.567973432412682,-75.82276532946976,62.896890426115434,43.65490794392837,16.876923044457005,-76.78418081852774,16.71940490998859,34.77021464334858,-1.2864511432852035,6.940330838297122,0.2211765100626983,-36.884560908554064,75.62203243997,44.846796512853054,73.71671579801045,-8.628794360894904,-7.662505598685863,-3.770606968838739,6.250767121124596,84.3291346079209,64.2647945447933,-32.283786497987684,-1.2095314995946185,-42.93172243470857,-67.24064802977895,-8.11920154937293,-28.617060657976477,21.39679131812802,14.186788123586325,66.48810300865398,-10.13626180607356,2.7063337038107496,66.44764749197736,-37.21319371005124,-78.19550497403989,-57.13269203173945,33.49806415052027,-60.95864197637544,-19.441998794614925,18.467334288546482,14.626799203105428,39.7988779408129,-35.396275849634456,-72.78270856481447,-12.423401980053569
118.91616674314741,1406.035759757543,101.75836397781325,509.0935441314017,444.09067071295624,835.8241790793685,-854.6646756791304,-315.60263119796036,268.1637000343522,-830.7099157256745,224.34492533668168,-248.50845988645457,-1092.8451423145057,912.1651771132388,636.3334772124888,247.77633207038372,-1104.0487573910302,234.0670437498921,497.26898294274605,-16.39864724872641,88.13853341038536,13.82006293216393,-527.5222462563509,1091.8468829721958,663.6857611073879,1064.0397643865028,-123.69798654112594,-115.43984522654019,-58.836826665044654,84.3291346079209,1204.1269548580894,930.8565980050502,-461.0225052589491,-8.583542664553057,-625.8008093648816,-964.1292427729526,-119.31432744234658,-406.40475126647965,318.5387660962706,206.3729936733852,966.2277142930338,-142.46944523460985,32.388973292891414,959.1362696429148,-534.8953302245608,-1137.0549106248468,-826.0377897712146,486.4272310567506,-881.114388433877,-262.82989716479057,265.4522089569525,208.53146272910757,582.2703286250162,-514.9499531692096,-1056.492603981635,-188.642912887749
92.94644112217821,1091.052893453843,77.9754732041987,394.5486627338071,343.44058856995775,647.3205419504267,-661.5427905124067,-244.01855228838934,208.400264603132,-642.6728145939334,174.29385112124726,-194.37865869998356,-846.7767511575786,707.8200459068438,494.375218290516,192.8497608486656,-854.9622306036978,180.0644749905667,384.57912877327135,-12.307324606000861,66.04617108820598,12.721551538707525,-407.9653552105135,846.3391910988028,517.4896752905495,824.7289152585926,-95.72841471920259,-90.38226114689368,-46.423718739194214,64.2647945447933,930.8565980050502,722.1259900116102,-356.4112884606424,-4.993794031679479,-486.1944701236328,-746.0939053675864,-92.88209822546598,-313.7460649956769,248.72253449526923,160.26999357495873,750.1515325677409,-109.70692084146665,23.856460350700633,743.431497255253,-414.17088936498806,-882.8997252816382,-640.527270362178,377.56606055104766,-683.1817060668725,-200.38451013536442,205.54534914658612,161.14674712238929,452.778940383814,-399.89699730682463,-819.9917296813937,-147.96377772010564
-45.532523749103156,-538.3505016565639,-38.95631785384915,-194.9203929915044,-170.03104549207117,-320.0218444199696,327.22774154452,120.83888952019272,-102.67764885679678,318.0575717413791,-85.89835652193065,95.15819531812406,418.429203328034,-349.2513104929239,-243.64190403946608,-94.8767361516961,422.71596803607963,-89.61381761113995,-190.3927498328342,6.278161800953375,-33.7318578331717,-5.305459865600734,201.9721616679118,-418.04338272665035,-254.12603467625743,-407.39756665075396,47.36215551568517,44.20153519866469,22.529276555013762,-32.283786497987684,-461.0225052589491,-356.4112884606424,176.51263566892783,3.28015144152138,239.6094607252248,369.13989159533236,45.684884456767065,155.59606800927043,-121.97208863265318,-79.01996316687872,-369.95578582746987,54.54391913279239,-12.39699354226079,-367.2336433887467,204.79728781666967,435.3612129186062,316.2773314198175,-186.24349127295247,337.3614532889876,100.61612270491356,-101.6356893809549,-79.84015976783812,-222.944550977915,197.16827054030884,404.5126963795606,72.23536654049376
-0.17585588731270893,-7.342203162165375,-1.1769179870507822,-2.986033794419905,-3.087055974076774,-5.204842431481113,5.537653599874933,2.241047401566754,-1.197287229795176,5.605491582632677,-1.0314800858219526,0.28819474079499513,6.525686654674636,-4.746589702381561,-2.9198053011686094,-0.9324796799969945,6.905352313225881,-2.251121164982672,-3.4510595532715387,0.36594480485224307,-1.9796437195848382,1.2233484259626415,3.6554044650383686,-6.281164094416516,-1.8285033287697805,-6.165703714940913,0.8149270642871874,0.06181637820235097,-0.205780493092916,-1.2095314995946185,-8.583542664553057,-4.993794031679479,3.28015144152138,1.1479758852688415,2.8665860671249845,6.369247442919236,0.42691112810511705,3.16480839313603,-0.6511747151125067,-0.9972079609016408,-4.798017443460395,1.2867836526625667,-1.0136636674183954,-5.547213283684816,3.3744739515352626,5.5433454593513005,4.622403815135446,-2.456401735596236,4.947424150500755,3.6973505840217453,-1.6754593285696524,-1.5248995916498085,-2.407560142366402,2.4894484192263886,5.383414695381509,-0.053867386582262734
-62.78650316202595,-734.6786025647735,-52.22230427047117,-265.5290441662364,-230.9189181950658,-435.50207264364064,444.9949514571639,164.04166290502752,-140.41600861385837,432.19452812655777,-117.42725918887429,131.33481109970785,569.82714018526,-476.6417400372151,-333.0850106826063,-130.00500319533592,575.2038266528344,-120.79387596750298,-258.5784564369008,8.159501754616477,-43.813599183044865,-9.131149886578042,274.3133171859945,-569.6511162443552,-349.19259877045016,-555.0829423794943,64.38378384637572,61.106193096747134,31.494783693479988,-42.93172243470857,-625.8008093648816,-486.1944701236328,239.6094607252248,2.8665860671249845,327.57944321584193,501.8089974337819,62.628742314062215,210.81886280974155,-167.93115927149594,-107.9533910955895,-505.23509497517426,73.63965670584882,-15.687447436509963,-500.37085735164607,278.6363258669811,594.7034540027794,431.1711868653554,-254.28757526374088,459.88594254578675,133.91130947025556,-138.27887438354605,-108.31984503304537,-305.17084017280894,269.3646531841739,552.2288349425762,100.09540673798826
-95.5267795924625,-1127.0480093660772,-81.26523528114363,-407.9244077384979,-355.61631222772263,-669.5915073256657,684.5764200589142,252.70801329945743,-215.05129742444552,665.2907741958776,-179.8950893476459,199.66901855877188,875.6213772386826,-731.1755817114839,-510.2533741893807,-198.78508842781406,884.4529615710182,-187.143887799422,-398.2050194212908,13.015329190010053,-69.93892106265521,-11.684983115197866,422.43011835146496,-874.9266004171392,-532.7553359934057,-852.62274105034885,99.07803069741831,92.7857142663404,47.3980550963117,-67.24064802977895,-964.1292427729526,-746.0939053675864,369.13989159533236,6.369247442919236,501.8089974337819,772.2034785914838,95.73300361694155,325.27478373244895,-255.8048271346335,-165.46391298871268,-774.6222889825582,113.94713867801062,-25.569543972707113,-768.5702595760367,428.48737267721793,911.6189857741037,661.9897961739404,-389.9438659189129,706.1188200673804,209.59672706362988,-212.6459883007283,-166.95101891686974,-467.02884133395787,412.8654946227249,846.9177796211491,151.69473384724716
-12.048893380607971,-140.3741729714674,-9.904924651005835,-50.70025157162768,-44.03497015933705,-83.11882263000437,84.903132994851,31.277033267786596,-26.85676313343639,82.44016725958237,-22.45442163422354,25.204803539363546,108.78605816445521,-91.0719418685826,-63.684442207078796,-24.880941958744863,109.7782568829363,-22.963698068997836,-49.312305912850114,1.5268790434022872,-8.203050718455106,-1.886112117882823,52.31509399173265,-108.77929341330874,-66.89830197146256,-105.98892837584197,12.285579880620235,11.74076887695763,6.07311099069274,-8.11920154937293,-119.31432744234658,-92.88209822546598,45.684884456767065,0.42691112810511705,62.628742314062215,95.73300361694155,11.992901318604511,40.159084912907495,-32.19576726223657,-20.634432273975296,-96.56336852756787,14.011172022608443,-2.8997139422255787,-95.54426383300171,53.173623746270344,113.67247910548686,82.34353431852468,-48.59254721578829,87.83005815762604,25.32750005311547,-26.388403578412003,-20.6476633405639,-58.38348840884246,51.48921863295772,105.52384138588356,19.24063763719004
