V1,V2,V3,V4,V5,V6,V7,V8,V9,V10,V11,V12,V13,V14,V15,V16,V17,V18,V19,V20,V21,V22,V23,V24,V25,V26,V27,V28,V29,V30,V31,V32,V33,V34,V35,V36,V37,V38,V39,V40,V41,V42,V43,V44,V45,V46,V47,V48,V49,V50,V51,V52,V53,V54,V55,V56
2.4812968377757834,1.5618883231436864,0.11766836823505829,-0.5134215903120317,0.07795483181159875,-4.385975266024488,3.5290898040880068,1.3328220102049009,0.9340964041218104,-0.17554517682711973,-0.5378434867397096,1.9194814136572582,-0.20432981525648466,-3.0752009472426844,-2.618563028755953,0.92272662946741,-3.0512609785479077,-3.2429686051245716,-1.2886185373130985,1.101409666207479,-1.0181958917856488,5.815119133247107,-0.14640321645362744,-1.6084387956649564,3.210452738719706,-1.6482318769172433,-0.1877286594808317,-1.157840147371062,3.570528480012212,0.7107140111371048,-1.8444317643271144,-3.1087465475225113,0.3018682478991816,3.7063960876738804,-3.310277092287677,1.071731144304546,3.2986775298617705,1.727208774520562,-0.17078240082827983,-0.5483675675577513,-0.7701572478548137,3.7110382168439418,-0.0483719556481377,-0.8612237592311123,-2.336644710799145,-0.8234337914066611,0.8797429143420505,-1.9370847938466493,1.5642944180329048,-0.9639345106066787,1.0094116167121119,1.9372503653220445,0.9934288681727464,3.11139813292601,0.09839600327439088,-2.9745029524833977
1.5618883231436864,2.296180976695327,0.13752302952925555,-0.5367803391124686,1.093930241381285,-6.795015675848235,5.052471455267617,2.4856110457556064,1.6907200736164896,1.0380260658587646,-0.3974469876722254,2.556933984533848,-1.4625660151327353,-1.9422305806396594,-2.5719524948980657,-0.2295796314310663,-2.784142680847857,-3.5869784200810186,1.314108040294609,1.044283561176682,-0.0049860873511895975,7.797838450271658,1.6208115252639357,0.9025616627706678,3.9664259448704238,-1.895012380046579,0.47478724021401514,-1.0206442477598685,4.584376603036286,1.5652383897522137,-2.8532937621749728,-3.3088009409820063,0.24768369890245517,4.194451056285959,-5.511999556867834,-0.03312733589594317,3.978629250211352,0.9740783853925006,2.000567612618148,1.0706692982654369,-0.990029748827989,4.386705089109888,-0.7733083771059198,0.213432700980821,-2.5980521902057547,-1.200787664704106,1.797212597303408,-0.9988581229743714,2.0676117822382665,0.36719641188548696,2.0039679701912516,1.4466188391076922,0.6263069211866535,0.6534179245609223,-0.362710540519459,-4.153276346541437
0.11766836823505829,0.13752302952925555,0.008796425909156965,-0.03476336632856781,0.05409647848676277,-0.4024552739250939,0.3038322183773062,0.1425956523078487,0.09754866552981023,0.04723596311913231,-0.028229759926200523,0.15612212539658568,-0.07428377943972854,-0.14591080270383608,-0.16866677958179205,0.00453575884090593,-0.18615675016099745,-0.22824144369601362,0.04181508628013377,0.06914744756760957,-0.017296032491029463,0.4751994268039621,0.07586938471700715,0.016568476989469647,0.2459657283549781,-0.11939279250274441,0.019723542325728212,-0.06886689812062054,0.28184586840784287,0.08772497909845516,-0.16896738242479506,-0.21239537688046287,0.01707966872524575,0.2653376912775815,-0.3224714492662897,0.01649613390972101,0.24787616873409213,0.07643907070515174,0.09387472165053035,0.04246460411774358,-0.060846288968654405,0.2748902605048383,-0.03817572244158288,-0.004466352675673149,-0.16508824058782814,-0.07198349189201515,0.1019503238849958,-0.08098790796098534,0.12635433530402979,0.001444551072363292,0.113875836836526,0.10281186779109838,0.04705733178981082,0.08425519740035325,-0.01575254329878186,-0.2509062402859933
-0.5134215903120317,-0.5367803391124686,-0.03476336632856781,0.1410414202799181,-0.18604554729651637,1.5634927081561025,-1.1905594650105151,-0.5435379698018358,-0.37264528366766836,-0.15055036115200235,0.12079292418149647,-0.6165223461848502,0.2593623596009736,0.6372198138786858,0.6919894799609019,-0.059057488695878534,0.7716568306549109,0.9223132448232308,-0.07922838164295531,-0.28496825497937095,0.10707002350405043,-1.8759875146553824,-0.24838620646579423,0.02109749667010175,-0.9806046341919237,0.48041178928923484,-0.05759762436762255,0.28696026627536636,-1.1186986607067058,-0.3289090603112495,0.6567635684570872,0.8629560438225997,-0.07182898236350595,-1.0694834724275928,1.2425390141757455,-0.10654721895922115,-0.9916982709607213,-0.33898212423806273,-0.30765725484879375,-0.1168880033675084,0.24149134861536029,-1.1013583770152033,0.130843654062899,0.05537858152230077,0.6667412647021658,0.2813743737400351,-0.38440065581266025,0.36481374132383587,-0.4997466771264425,0.0409584059354564,-0.43141841413486987,-0.4377848021421947,-0.2056534246908081,-0.4313514636486633,0.04865648731568875,0.9862912785997897
0.07795483181159875,1.093930241381285,0.05409647848676277,-0.18604554729651637,0.8339728444146564,-3.348384873944115,2.363927554629976,1.352335824715333,0.9068931390982232,0.9084050464524599,-0.06384131078670309,1.1335948233961033,-1.0678451534390192,-0.1019381502172352,-0.8173784608586538,-0.6158639501271098,-0.7831625812071009,-1.3320089954220482,1.6505726439467463,0.31393417821785624,0.4738995562920987,3.4754409199107066,1.3584993810087946,1.473179541275427,1.6492642503986208,-0.7342927275901644,0.46597427963466104,-0.2686914349341197,1.9720238966609027,0.911890157903065,-1.404791173533138,-1.1737382993299605,0.055388415788777366,1.597930181869098,-2.832236848216135,-0.5294471035383426,1.617669894866054,-0.03576663237960945,1.6720990328369032,1.109423699457485,-0.42631033049891093,1.748622606013241,-0.592673131212237,0.5742653679918078,-0.9705345190423109,-0.5689813525748083,1.0170393651921588,0.11444360774797069,0.9110181860686685,0.7447017208049341,1.120863453915109,0.24167449465642962,0.03205360233460685,-0.9406562127990087,-0.3348937570614542,-1.9087788539107877
-4.385975266024488,-6.795015675848235,-0.4024552739250939,1.5634927081561025,-3.348384873944115,20.149215639502184,-14.937393041411907,-7.415765692422402,-5.039359442611215,-3.218295535664251,1.1320555934984247,-7.536941879309522,4.459223305976272,5.456531543955795,7.466997686534318,0.858700014184985,8.047351963535885,10.482032507927748,-4.2511928926992555,-3.0254031989343266,-0.15323142007163693,-22.992611924002695,-5.004106803677067,-3.039685419434585,-11.653474193181403,5.5487886558734685,-1.4900894398560935,2.943707985491194,-13.492536555295697,-4.690862069350528,8.460648452795779,9.650083428864134,-0.7108436550926672,-12.271821169687703,16.385166327183885,0.27967875525867986,-11.676889895332346,-2.705433158243733,-6.17471886337595,-3.3806536798303317,2.913982614547711,-12.861127558342169,2.3679587140986884,-0.7995111562435226,7.594246982222658,3.552504469925835,-5.374994889489534,2.747371725405258,-6.092896248781681,-1.288274495516647,-5.989569396946854,-4.122456105291765,-1.7593411947300182,-1.4906612504403558,1.131121638132229,12.267078764869854
3.5290898040880068,5.052471455267617,0.3038322183773062,-1.1905594650105151,2.363927554629976,-14.937393041411907,11.124146980986131,5.446424189590968,3.7062659159435523,2.2265493428623624,-0.8922233276195005,5.638143613229074,-3.1664605389662017,-4.388343206088696,-5.716175663459266,-0.4348168159288363,-6.202117815650683,-7.945537097809031,2.749004054259919,2.3233786419005207,-0.07760017931127082,17.192643209663732,3.4850546326692426,1.8406672257105707,8.76169006386734,-4.193609455578157,1.0115451549314671,-2.276303151062986,10.117737902777833,3.4210876405124933,-6.272704436265699,-7.337296338419633,0.5537302462689412,9.285797484725826,-12.100355182565256,-0.001392545954299529,8.79415512439173,2.2126334483340697,4.3021133767730575,2.27269169641464,-2.1849512333018684,9.700202640301608,-1.6705304348223828,0.4044527835970807,-5.754207263832709,-2.642729290809227,3.931927453163865,-2.280214483445716,4.560181138103455,0.728783053298925,4.386773305885587,3.245233109315149,1.4152700252401622,1.6118418454815213,-0.7758758273330086,-9.14938353744244
1.3328220102049009,2.4856110457556064,0.1425956523078487,-0.5435379698018358,1.352335824715333,-7.415765692422402,5.446424189590968,2.78119049456051,1.8847263229637952,1.345984104064407,-0.3629126038104114,2.722515869059276,-1.7824761925018564,-1.6602859584509435,-2.56508877064668,-0.5206014604061884,-2.722195218602028,-3.6806261552630435,1.9727880923469423,1.0318425496186512,0.2502692452642773,8.312905664663994,2.0695268729713807,1.5372498394310372,4.164763207678366,-1.960996973171463,0.6428157958347117,-0.9880836712815841,4.849028274471782,1.7836625126139476,-3.1133604595885074,-3.3657781716351574,0.23449664647585633,4.325723027484104,-6.077717317624211,-0.31173621058882944,4.158038371368546,0.7858828566476564,2.5518392311144265,1.4809801996846605,-1.0474228112659418,4.565424816656722,-0.9576151158732363,0.4850838022142029,-2.6689929020642045,-1.2982330489274172,2.0317618932774426,-0.7642885725090669,2.198564679186212,0.7035412865852385,2.2586815059689105,1.3255483352504287,0.5349712384425044,0.03485800896455954,-0.47981947729775726,-4.458706811886
0.9340964041218104,1.6907200736164896,0.09754866552981023,-0.37264528366766836,0.9068931390982232,-5.039359442611215,3.7062659159435523,1.8847263229637952,1.2777864085553376,0.8984833403361989,-0.2519688418607785,1.8553096113668088,-1.1971948800805776,-1.1631989776300002,-1.7615427813103153,-0.33323238828805934,-1.8739268782796117,-2.5189995963575775,1.299712197623079,0.7094170865522461,0.1507096192531275,5.664068073383162,1.383504013931997,1.0027310908700198,2.8426418367678625,-1.3407171834776581,0.42732757161022583,-0.6810012721123241,3.306851105676561,1.2063890050153567,-2.115683254632067,-2.305835054958362,0.16207823861555387,2.9586882277704234,-4.125459903826169,-0.1909025900223869,2.8395125047051955,0.5551982943561733,1.706132866201598,0.9826440291606825,-0.7142809857129533,3.119395197687351,-0.6421021318002661,0.3103643804551342,-1.8263821180901043,-0.8831634226854315,1.3754468742589838,-0.5441256182490757,1.498435847927705,0.4550726304464456,1.5294279286644086,0.9201006928454277,0.3748305194788994,0.07528314807065092,-0.31962409608349607,-3.0354996194548174
-0.17554517682711973,1.0380260658587646,0.04723596311913231,-0.15055036115200235,0.9084050464524599,-3.218295535664251,2.2265493428623624,1.345984104064407,0.8984833403361989,1.0170731681592904,-0.013418845645440809,1.0438898928215632,-1.1524165325431743,0.21196373458445897,-0.6226279138683054,-0.7741740689390176,-0.5393321691796659,-1.1224773262416037,1.9502339302134946,0.22907331713763401,0.6283896463736042,3.207475611758986,1.5087274265385433,1.788998008322842,1.4745672617520804,-0.6333899524552573,0.5319378649921443,-0.1732964654545357,1.7913258295119399,0.9275355140271475,-1.3496777000163154,-0.9625050874431195,0.0290786082339925,1.3658403244563257,-2.76452135740851,-0.6949431361877891,1.4303564370570863,-0.221159686938794,1.85607902160251,1.277276016190382,-0.38742265629623085,1.531191547633508,-0.6463620554392001,0.7217624203708471,-0.8206101971595908,-0.5386896641180291,1.02547324173199,0.3299714777276692,0.8365373422982888,0.9201653585689967,1.1256550625830875,0.06165655848732574,-0.0694637757043959,-1.3617941723787903,-0.37836851977220876,-1.7845865426813086
-0.5378434867397096,-0.3974469876722254,-0.028229759926200523,0.12079292418149647,-0.06384131078670309,1.1320555934984247,-0.8922233276195005,-0.3629126038104114,-0.2519688418607785,-0.013418845645440809,0.11932514542825495,-0.47662521052144646,0.10401642759203955,0.667064760651782,0.6091493472425364,-0.16370729145453183,0.7003404262277195,0.7724700310009072,0.18417414311517066,-0.2545220535964858,0.19238992850006834,-1.4464818070830248,-0.04507273036475705,0.26299353110168394,-0.7834087941692381,0.39590545429729523,0.014071379465502448,0.2641791445753759,-0.8790975282644308,-0.2041956081277873,0.4759350786935294,0.7347883212869776,-0.06803731430516793,-0.8872009208745267,0.8714590823019688,-0.20066564817747842,-0.8007376178931636,-0.3693153773393593,-0.057456361903174547,0.05539516573360187,0.18967783363332905,-0.8965484366624302,0.04382042623883938,0.15267541396743414,0.5572084358730112,0.20913597794534758,-0.24635005561407425,0.4101711365611569,-0.38778311537999705,0.16532830295307493,-0.2802923508033969,-0.43013742688731355,-0.21546110166028248,-0.6160690939382707,-0.0021972873819087004,0.7473717533533547
1.9194814136572582,2.556933984533848,0.15612212539658568,-0.6165223461848502,1.1335948233961033,-7.536941879309522,5.638143613229074,2.722515869059276,1.8553096113668088,1.0438898928215632,-0.47662521052144646,2.8702352541685268,-1.5281716819051239,-2.3857208056038965,-2.974495582001637,-0.11857893577899628,-3.24747635108555,-4.096452550352727,1.1859992059629583,1.2125715024337687,-0.1345930528973157,8.748539804992511,1.646219251298446,0.7226082047332207,4.482108632492744,-2.155953260239117,0.4638532860380398,-1.1955113395918828,5.16263727200726,1.6980248783239758,-3.165221686835099,-3.793737435910692,0.29276609058752984,4.77936523907302,-6.082275421022757,0.10217222946683191,4.505948352394983,1.2199238050081669,2.0331558882406506,1.0300695522473278,-1.1147946159602218,4.977329997343129,-0.8004652846804281,0.1099131974031033,-2.9655204670196964,-1.3380182556748434,1.9576918105438728,-1.2721539681497074,2.3225524922169085,0.25468244613464497,2.186681858940312,1.7319966910921079,0.7695570877444216,1.0664950394923456,-0.3601199151637536,-4.644106366037229
-0.20432981525648466,-1.4625660151327353,-0.07428377943972854,0.2593623596009736,-1.0678451534390192,4.459223305976272,-3.1664605389662017,-1.7824761925018564,-1.1971948800805776,-1.1524165325431743,0.10401642759203955,-1.5281716819051239,1.3721382766146113,0.25963597309755376,1.153880927205476,0.7473800099546399,1.1282722649333328,1.8371132531795755,-2.0531808636633433,-0.4472356892099402,-0.5624386590887581,-4.6817658228994,-1.7282298674488168,-1.8133332350006812,-2.2406708477650614,1.006717482816193,-0.5869185410494409,0.3916972474236558,-2.6677598640215385,-1.1942038045534173,1.8708928984126778,1.6291801403009951,-0.08342640226856335,-2.195946538702121,3.755350694216679,0.6308734297340837,-2.203758353198956,-0.02728935854471339,-2.127675668912493,-1.3932875136453817,0.5766326256241475,-2.38883575484962,0.7586627530589022,-0.6965406109855589,1.3374268804258023,0.7611065911698585,-1.3358224664616964,-0.0646535140020579,-1.2288735856910593,-0.9101742400398717,-1.4733941763242058,-0.3903047366998326,-0.08271455733470179,1.0698653805333707,0.4232223020344844,2.5618888766325276
-3.0752009472426844,-1.9422305806396594,-0.14591080270383608,0.6372198138786858,-0.1019381502172352,5.456531543955795,-4.388343206088696,-1.6602859584509435,-1.1631989776300002,0.21196373458445897,0.667064760651782,-2.3857208056038965,0.25963597309755376,3.8116680755670345,3.250132932222517,-1.1396624704991316,3.7862916440882413,4.027219723793356,1.586876327715047,-1.3668473656401305,1.2591620166698039,-7.2282870063887685,0.17301359648142123,1.9844147951771798,-3.9889963445719157,2.0473223403375567,0.22967903650334143,1.4366437652064776,-4.437365185445709,-0.8863630080509813,2.29472997956922,3.8601054934453267,-0.37444144957165393,-4.6033570709836384,4.119874777195858,-1.3249476951255086,-4.098411614252207,-2.1400638896866018,0.20137530998970346,0.6726824451947805,0.9571475763848393,-4.6097556193218345,0.06365799219401867,1.0633984190341508,2.9018163996225845,1.023977698869511,-1.0962454601289313,2.3999855555170795,-1.9443336972214107,1.1899718410968132,-1.258000953135969,-2.4021201431479735,-1.2313728294021633,-3.85001176470813,-0.11968250882515469,3.6983569730677877
-2.618563028755953,-2.5719524948980657,-0.16866677958179205,0.6919894799609019,-0.8173784608586538,7.466997686534318,-5.716175663459266,-2.56508877064668,-1.7615427813103153,-0.6226279138683054,0.6091493472425364,-2.974495582001637,1.153880927205476,3.250132932222517,3.413328603639043,-0.40374489879868225,3.8277517928897744,4.50991083093374,-0.13489974254221324,-1.4092903676359272,0.6274275846380888,-9.047837824897778,-1.0504678935085905,0.3505819114640406,-4.756979924433514,2.3428462069256963,-0.2190355129906587,1.4273221411309343,-5.412342419596339,-1.53640726306275,3.1372049129982655,4.2321324660964095,-0.3591570530526083,-5.221241252332709,5.9052565696212405,-0.6332765363147963,-4.819784687959284,-1.7431726218211006,-1.302612000394802,-0.41724066590218156,1.168274121738412,-5.359143733949232,0.5736377292000525,0.37723557383931167,3.2590541129889767,1.349119104862966,-1.8029828825861023,1.8893733080917208,-2.412801308657854,0.3322081152670704,-2.0281224502908994,-2.204274488004886,-1.0491747060198686,-2.3656639606503957,0.194984957284028,4.743976351502887
0.92272662946741,-0.2295796314310663,0.00453575884090593,-0.059057488695878534,-0.6158639501271098,0.858700014184985,-0.4348168159288363,-0.5206014604061884,-0.33323238828805934,-0.7741740689390176,-0.16370729145453183,-0.11857893577899628,0.7473800099546399,-1.1396624704991316,-0.40374489879868225,0.8433415274868536,-0.6018418439601233,-0.25209031068418897,-1.7909929041541064,0.1929733932425205,-0.7712365129172816,-0.3909452936870836,-1.1117017889795955,-1.7802013085202177,-0.006806706574275001,-0.08375770230867237,-0.4357732147052831,-0.25050931309055724,-0.11437173677310046,-0.42565509148323316,0.35848137918269024,-0.321768969927899,0.07667209499853597,0.22959192928109223,0.8848773785839137,0.835416774355004,0.052815243209427515,0.7121317404637888,-1.3646508723674837,-1.0778041307241337,0.025400405481272,0.11439152809220093,0.4404992043771977,-0.7865345531867415,-0.17328885455756027,0.11498832009443176,-0.44035841318154634,-0.8565062980658035,-0.08661373013614303,-0.9596241577430769,-0.4692664732494707,0.5802036101791914,0.3688637449702287,1.9626382898909702,0.2986444653278355,0.301512342900191
-3.0512609785479077,-2.784142680847857,-0.18615675016099745,0.7716568306549109,-0.7831625812071009,8.047351963535885,-6.202117815650683,-2.722195218602028,-1.8739268782796117,-0.5393321691796659,0.7003404262277195,-3.24747635108555,1.1282722649333328,3.7862916440882413,3.8277517928897744,-0.6018418439601233,4.320486742947186,5.0047905550049485,0.18739321177275026,-1.585309547161936,0.8343376788993115,-9.87269506042272,-0.9464061468080097,0.7190759007961389,-5.227909786398634,2.5911414060177562,-0.15914692875555797,1.6159721946200336,-5.928215835077041,-1.6091125366656998,3.3815135696939778,4.712580838865886,-0.4091731558330439,-5.782577268114741,6.325545084461781,-0.8527067987752813,-5.308230952181374,-2.049556185090487,-1.1761365500637884,-0.25668732433837504,1.2794967437312283,-5.912463865511318,0.5480418247669431,0.5619342339408477,3.6150237474229896,1.461472485411864,-1.8992944257995794,2.237450678763452,-2.636088681843902,0.5450115651921715,-2.141530762345937,-2.531716560299739,-1.222449177800446,-2.9682359102043105,0.15844779957264185,5.158453020643911
-3.2429686051245716,-3.5869784200810186,-0.22824144369601362,0.9223132448232308,-1.3320089954220482,10.482032507927748,-7.945537097809031,-3.6806261552630435,-2.5189995963575775,-1.1224773262416037,0.7724700310009072,-4.096452550352727,1.8371132531795755,4.027219723793356,4.50991083093374,-0.25209031068418897,5.0047905550049485,6.058317373275737,-0.8172241529417914,-1.8527459734145342,0.5825704639772868,-12.471419364648026,-1.825045179555102,-0.151624064379454,-6.486683210809819,3.1639527598786374,-0.4526982214288605,1.8570156444759707,-7.418081346857366,-2.244793740394336,4.403167634961332,5.65508754457264,-0.4624525771231042,-7.03593264066867,8.362383984974732,-0.5677903543259724,-6.551276355884493,-2.1242225486057076,-2.258172526584855,-0.9499087466220967,1.6014740343751304,-7.264575125300185,0.9377167268814718,0.2359680281735942,4.381148357196854,1.8796474727594534,-2.6133016099771478,2.2725323242504554,-3.319544742035567,0.1134656557499849,-2.9305190222537423,-2.799416011851288,-1.2996930776185895,-2.5305437416795273,0.3714461321161702,6.573220039896922
-1.2886185373130985,1.314108040294609,0.04181508628013377,-0.07922838164295531,1.6505726439467463,-4.2511928926992555,2.749004054259919,1.9727880923469423,1.299712197623079,1.9502339302134946,0.18417414311517066,1.1859992059629583,-2.0531808636633433,1.586876327715047,-0.13489974254221324,-1.7909929041541064,0.18739321177275026,-0.8172241529417914,4.109433770020807,-0.003966563885279615,1.5584661835164917,3.676046354871751,2.8486603815173015,3.935367132659673,1.4813200409620222,-0.5316626758607501,1.0572000340524494,0.12916886315355747,1.927510688576099,1.4402667809968375,-1.7808285719533075,-0.5732504069813293,-0.06346111719330169,1.0874329809801289,-3.8295818455370836,-1.702311618906201,1.3651036142535498,-1.0801229095310887,3.50092343892673,2.576521075503202,-0.41767438002222107,1.391739481429628,-1.1772338463614849,1.6699697323462739,-0.6107174995854245,-0.6769241818925721,1.5559471896220236,1.3631555078883815,0.9402098820769483,2.077166438258438,1.6907505477852751,-0.6384074152837808,-0.5144823435968513,-3.728586431874008,-0.738279030158216,-2.146571124671772
1.101409666207479,1.044283561176682,0.06914744756760957,-0.28496825497937095,0.31393417821785624,-3.0254031989343266,2.3233786419005207,1.0318425496186512,0.7094170865522461,0.22907331713763401,-0.2545220535964858,1.2125715024337687,-0.4472356892099402,-1.3668473656401305,-1.4092903676359272,0.1929733932425205,-1.585309547161936,-1.8527459734145342,-0.003966563885279615,0.5827358963221085,-0.28205055742718094,3.6873789615435806,0.392896602433423,-0.20215191557383763,1.9452324302873112,-0.9609119681801143,0.07518225750228144,-0.5919995905836912,2.209695946037156,0.6142932196151497,-1.2711693562942783,-1.7414300312436721,0.14941665083858716,2.1429047192383486,-2.3858586707906198,0.2865775417810194,1.972868526208008,0.7364397310048452,0.4876701163034687,0.13504400666794805,-0.4769473184381784,2.1955178246800755,-0.22005146042303084,-0.18027667927822405,-1.338577579953579,-0.5479538126721187,0.7228457383663498,-0.800977001052059,0.9838991023078186,-0.1675543069955988,0.8139376841614697,0.9206576933101256,0.44126080840386606,1.0323067254755811,-0.06986742674671657,-1.930171153057331
-1.0181958917856488,-0.0049860873511895975,-0.017296032491029463,0.10707002350405043,0.4738995562920987,-0.15323142007163693,-0.07760017931127082,0.2502692452642773,0.1507096192531275,0.6283896463736042,0.19238992850006834,-0.1345930528973157,-0.5624386590887581,1.2591620166698039,0.6274275846380888,-0.7712365129172816,0.8343376788993115,0.5825704639772868,1.5584661835164917,-0.28205055742718094,0.7262528946785228,-0.3832516250037265,0.8897608838209053,1.5880214962332995,-0.37564213160268173,0.2613991108234306,0.3641663729690274,0.33402541019653226,-0.3340674624595175,0.249768092708687,-0.062271862895752476,0.6215092928022261,-0.09597912313234921,-0.6200475738345601,-0.30171846322722745,-0.7827757242950217,-0.43314114662842795,-0.7635559052779178,1.0912364562723502,0.9108298111168787,0.07149192426293043,-0.52993950030753,-0.3399041478069909,0.7190915589989517,0.41323402233942325,0.007440263325010701,0.2414700852976665,0.9020322469631061,-0.11768969753357711,0.86741218610122806,0.2484005633230813,-0.6849773880010022,-0.4073504338014743,-1.9092305215864906,-0.24586749455202206,0.1165257762282401
5.815119133247107,7.797838450271658,0.4751994268039621,-1.8759875146553824,3.4754409199107066,-22.992611924002695,17.192643209663732,8.312905664663994,5.664068073383162,3.207475611758986,-1.4464818070830248,8.748539804992511,-4.6817658228994,-7.2282870063887685,-9.047837824897778,-0.3909452936870836,-9.87269506042272,-12.471419364648026,3.676046354871751,3.6873789615435806,-0.3832516250037265,26.66726718485207,5.054448142420906,2.263794873453624,13.655580621623606,-6.565558082769627,1.4285846335949763,-3.6335453637688535,15.732812202569887,5.188094430300685,-9.656059530366008,-11.546951345505867,0.8892456602430624,14.55296944045598,-18.561325322103023,0.28197756326790363,13.726428483020209,3.6913541433716346,6.242074334208172,3.1761180212986337,-3.3973012763192325,15.15981056371366,-2.4542242647902826,0.3628918183296945,-9.028719269835396,-4.080434294311987,5.979436135462755,-3.8457622218043146,7.079036938777964,0.809640081303374,6.678567236400631,5.256114412201496,2.331612415110824,3.1801471086773376,-1.1078456862149593,-14.159662830383631
-0.14640321645362744,1.6208115252639357,0.07586938471700715,-0.24838620646579423,1.3584993810087946,-5.004106803677067,3.4850546326692426,2.0695268729713807,1.383504013931997,1.5087274265385433,-0.04507273036475705,1.646219251298446,-1.7282298674488168,0.17301359648142123,-1.0504678935085905,-1.1117017889795955,-0.9464061468080097,-1.825045179555102,2.8486603815173015,0.392896602433423,0.8897608838209053,5.054448142420906,2.2433711062791297,2.5932814893102067,2.348678649422645,-1.02140708900064,0.784636867379474,-0.31236881560105945,2.837892154832689,1.4164301649964162,-2.098865537412429,-1.5802534500911112,0.05741856497181048,2.209613238319702,-4.277180297278805,-0.9865792066612338,2.286905889842056,-0.24951059301383394,2.7602689124192756,1.8794691447158822,-0.6136757072919445,2.456378497591129,-0.9662720554116833,1.0364620826265722,-1.3326530326551427,-0.8417456882936315,1.5703124917210642,0.40195824411563313,1.3204707738068064,1.3275128895488373,1.7258554633518188,0.18207722810485125,-0.05735847062845152,-1.8862471566076777,-0.559777858059341,-2.8001085808253867
-1.6084387956649564,0.9025616627706678,0.016568476989469647,0.02109749667010175,1.473179541275427,-3.039685419434585,1.8406672257105707,1.5372498394310372,1.0027310908700198,1.788998008322842,0.26299353110168394,0.7226082047332207,-1.8133332350006812,1.9844147951771798,0.3505819114640406,-1.7802013085202177,0.7190759007961389,-0.151624064379454,3.935367132659673,-0.20215191557383763,1.5880214962332995,2.263794873453624,2.5932814893102067,3.836226495034112,0.7558478441683522,-0.18180749449937297,0.986441911906564,0.32520684591104804,1.0929187968436491,1.1696763347450982,-1.27198807028703,0.04410285959043045,-0.11161485480949956,0.3114679154258139,-2.8539007018439118,-1.7271989655600142,0.6351003978234853,-1.284633437491528,3.1854616975882477,2.4205324351282327,-0.23746114734898424,0.5849605813329897,-1.0520485437596023,1.659929315400002,-0.12895670536515766,-0.4614941692882077,1.2435400922403768,1.577648600359564,0.5651045950520173,2.045515322833921,1.3414493387431905,-0.9244997042520318,-0.6427384341504127,-3.920780786636248,-0.6829157192633919,-1.3977718540728385
3.210452738719706,3.9664259448704238,0.2459657283549781,-0.9806046341919237,1.6492642503986208,-11.653474193181403,8.76169006386734,4.164763207678366,2.8426418367678625,1.4745672617520804,-0.7834087941692381,4.482108632492744,-2.2406708477650614,-3.9889963445719157,-4.756979924433514,-0.006806706574275001,-5.227909786398634,-6.486683210809819,1.4813200409620222,1.9452324302873112,-0.37564213160268173,13.655580621623606,2.348678649422645,0.7558478441683522,7.037303748156874,-3.4036145511864198,0.6357698101466566,-1.9307834209992178,8.083204659445435,2.575955908960127,-4.894540534333264,-6.026267917511074,0.476070187781599,7.5544552172394175,-9.363254325935632,0.3382351007475539,7.087615506543308,2.0671299182269935,2.902436391687235,1.3883079119874968,-1.7453035109891206,7.8406290180983795,-1.1633467867596703,0.005492916749652817,-4.693929134182752,-2.076737669513844,2.980439305874864,-2.18008717037246,3.6289491232339453,0.19577407205699734,3.3341795298022845,2.8432399762483143,1.287013450596014,2.092360894736235,-0.5021142615137563,-7.229109961836806
-1.6482318769172433,-1.895012380046579,-0.11939279250274441,0.48041178928923484,-0.7342927275901644,5.5487886558734685,-4.193609455578157,-1.960996973171463,-1.3407171834776581,-0.6333899524552573,0.39590545429729523,-2.155953260239117,1.006717482816193,2.0473223403375567,2.3428462069256963,-0.08375770230867237,2.5911414060177562,3.1639527598786374,-0.5316626758607501,-0.9609119681801143,0.2613991108234306,-6.565558082769627,-1.02140708900064,-0.18180749449937297,-3.4036145511864198,1.6551783268191127,-0.26258730459593643,0.9598967051777725,-3.898497415341304,-1.2021588682372866,2.3307846157424934,2.948471692702881,-0.23821283231150486,-3.6782065789165523,4.438105609950347,-0.2498760629564082,-3.434176685141107,-1.0734345783154584,-1.2631521885820371,-0.5603343338987082,0.8416827077088997,-3.8046786714274523,0.5173037113505973,0.07845394224896676,2.288581739657093,0.9927451991187991,-1.3962486956112465,1.143058818046495,-1.746580235013562,0.004358862297913656,-1.5644888904827292,-1.4352667622560553,-0.6606788467268028,-1.2147709964220836,0.21211221961560003,3.4660175257180414
-0.1877286594808317,0.47478724021401514,0.019723542325728212,-0.05759762436762255,0.46597427963466104,-1.4900894398560935,1.0115451549314671,0.6428157958347117,0.42732757161022583,0.5319378649921443,0.014071379465502448,0.4638532860380398,-0.5869185410494409,0.22967903650334143,-0.2190355129906587,-0.4357732147052831,-0.15914692875555797,-0.4526982214288605,1.0572000340524494,0.07518225750228144,0.3641663729690274,1.4285846335949763,0.784636867379474,0.986441911906564,0.6357698101466566,-0.26258730459593643,0.2819845454366626,-0.044215924831827846,0.7852553652443062,0.45105293993525075,-0.6247397183177525,-0.37540808255142666,0.0032085541034988525,0.5602606051619717,-1.2977902957468954,-0.4006728617793434,0.6095626753726983,-0.18176857940428157,0.9648938111949533,0.6808676906545988,-0.16991537455112246,0.6453742475470032,-0.3318153823695392,0.40638434311366917,-0.3322993092148286,-0.24590791838128198,0.4949460894387744,0.24607346255353,0.37073341609307203,0.5127456677593193,0.5416994391784549,-0.043963179809293616,-0.07469831298919874,-0.824730424828522,-0.19923336688373575,-0.8050890144475529
-1.157840147371062,-1.0206442477598685,-0.06886689812062054,0.28696026627536636,-0.2686914349341197,2.943707985491194,-2.276303151062986,-0.9880836712815841,-0.6810012721123241,-0.1732964654545357,0.2641791445753759,-1.1955113395918828,0.3916972474236558,1.4366437652064776,1.4273221411309343,-0.25050931309055724,1.6159721946200336,1.8570156444759707,0.12916886315355747,-0.5919995905836912,0.33402541019653226,-3.6335453637688535,-0.31236881560105945,0.32520684591104804,-1.9307834209992178,0.9598967051777725,-0.044215924831827846,0.6052762492743055,-2.185873140092469,-0.5800907391116243,1.2370508578529529,1.7514517125306268,-0.15369830762552644,-2.143577434788252,2.3067976613613568,-0.34291967987137795,-1.9624935919279514,-0.7808183572008524,-0.38874164953663953,-0.05875047547855766,0.47175798247015144,-2.187647811556322,0.18769284926017546,0.23381526375554929,1.3410571993986926,0.5359619113975582,-0.6867384715611418,0.855105758642336,-0.9707871625250245,0.23341625932683477,-0.7753169865213152,-0.954501812006909,-0.46387469429029415,-1.1620136771780578,0.04856408893789302,1.895295533159184
3.570528480012212,4.584376603036286,0.28184586840784287,-1.1186986607067058,1.9720238966609027,-13.492536555295697,10.117737902777833,4.849028274471782,3.306851105676561,1.7913258295119399,-0.8790975282644308,5.16263727200726,-2.6677598640215385,-4.437365185445709,-5.412342419596339,-0.11437173677310046,-5.928215835077041,-7.418081346857366,1.927510688576099,2.209695946037156,-0.3340674624595175,15.732812202569887,2.837892154832689,1.0929187968436491,8.083204659445435,-3.898497415341304,0.7852553652443062,-2.185873140092469,9.298046056953094,3.01222984963546,-5.666719498032263,-6.88055415643682,0.5370773502599901,8.647305210689332,-10.865432062192562,0.2829354224379106,8.133536519812113,2.2840612512738647,3.5058106155220745,1.7306357600316806,-2.007701082790385,8.99044363884673,-1.391759889594941,0.10577433890278848,-5.3690747281080125,-2.39964597162956,3.4785633337536126,-2.3956431061585843,4.178798638865686,0.34607886150907513,3.8886052537635534,3.19209764850495,1.4315392919125989,2.1551020657793623,-0.6144572397509933,-8.340771782437452
0.7107140111371048,1.5652383897522137,0.08772497909845516,-0.3289090603112495,0.911890157903065,-4.690862069350528,3.4210876405124933,1.7836625126139476,1.2063890050153567,0.9275355140271475,-0.2041956081277873,1.6980248783239758,-1.1942038045534173,-0.8863630080509813,-1.53640726306275,-0.42565509148323316,-1.6091125366656998,-2.244793740394336,1.4402667809968375,0.6142932196151497,0.249768092708687,5.188094430300685,1.4164301649964162,1.1696763347450982,2.575955908960127,-1.2021588682372866,0.45105293993525075,-0.5800907391116243,3.01222984963546,1.155286271263019,-1.9690620566239583,-2.0414495020067567,0.13556089086623685,2.6463636646726774,-3.8669016581553883,-0.29557427624621796,2.5643379100516985,0.3983995548159802,1.7458233994353518,1.0483377560227702,-0.6507438786489289,2.808881832633282,-0.6463022779264187,0.39656733883773504,-1.6289604868125769,-0.8168843411034568,1.3106106607968901,-0.36713999900163785,1.3700441163665267,0.5530975525966128,1.454289989403418,0.748305106469737,0.28538093287706034,-0.21992093541961577,-0.33334901883102974,-2.793899508481214
-1.8444317643271144,-2.8532937621749728,-0.16896738242479506,0.6567635684570872,-1.404791173533138,8.460648452795779,-6.272704436265699,-3.1133604595885074,-2.115683254632067,-1.3496777000163154,0.4759350786935294,-3.165221686835099,1.8708928984126778,2.29472997956922,3.1372049129982655,0.35848137918269024,3.3815135696939778,4.403167634961332,-1.7808285719533075,-1.2711693562942783,-0.062271862895752476,-9.656059530366008,-2.098865537412429,-1.27198807028703,-4.894540534333264,2.3307846157424934,-0.6247397183177525,1.2370508578529529,-5.666719498032263,-1.9690620566239583,3.5526661272881777,4.053990258910316,-0.29875655840098836,-5.1548840517088745,6.879545885048615,0.11528113832223125,-4.904616973020941,-1.1380785705206795,-2.589843460435839,-1.4171018342956958,1.223842442669212,-5.402006042182837,0.9934237435610677,-0.3338641773082079,3.190086379454081,1.4917674209083212,-2.256286699331393,1.1561659026075504,-2.558850945950281,-0.5385906288063581,-2.5144666172282664,-1.7329045593931858,-0.7399015280492872,-0.6311630381352189,0.47435868594330366,5.151543156884573
-3.1087465475225113,-3.3088009409820063,-0.21239537688046287,0.8629560438225997,-1.1737382993299605,9.650083428864134,-7.337296338419633,-3.3657781716351574,-2.305835054958362,-0.9625050874431195,0.7347883212869776,-3.793737435910692,1.6291801403009951,3.8601054934453267,4.2321324660964095,-0.321768969927899,4.712580838865886,5.65508754457264,-0.5732504069813293,-1.7414300312436721,0.6215092928022261,-11.546951345505867,-1.5802534500911112,0.04410285959043045,-6.026267917511074,2.948471692702881,-0.37540808255142666,1.7514517125306268,-6.88055415643682,-2.0414495020067567,4.053990258910316,5.287788787192992,-0.4376344397445646,-6.561169662644988,7.677752789993208,-0.6143203447799144,-6.092627786023366,-2.0474831340702657,-1.9563636438233383,-0.770678359564714,1.4853598394219167,-6.761482762830794,0.8255334927129289,0.3007215728544497,4.088629198706623,1.7344700448061177,-2.3821746127751284,2.200447580712732,-3.075310385831159,0.20506646698808337,-2.674138762802966,-2.661140297355139,-1.2458921960670415,-2.5549380350516984,0.3142103174961468,6.076159965415248
0.3018682478991816,0.24768369890245517,0.01707966872524575,-0.07182898236350595,0.055388415788777366,-0.7108436550926672,0.5537302462689412,0.23449664647585633,0.16207823861555387,0.0290786082339925,-0.06803731430516793,0.29276609058752984,-0.08342640226856335,-0.37444144957165393,-0.3591570530526083,0.07667209499853597,-0.4091731558330439,-0.4624525771231042,-0.06346111719330169,0.14941665083858716,-0.09597912313234921,0.8892456602430624,0.05741856497181048,-0.11161485480949956,0.476070187781599,-0.23821283231150486,0.0032085541034988525,-0.15369830762552644,0.5370773502599901,0.13556089086623685,-0.29875655840098836,-0.4376344397445646,0.03926077563381855,0.5327210873343531,-0.5533191067490504,0.09931828220985837,0.4849267387180727,0.20515876546407363,0.07179520705469174,-0.0045356758290739365,-0.11589942887558626,0.541574253266312,-0.03851397995883965,-0.07157013864448813,-0.3338070504379841,-0.1301578973009577,0.1616190144276391,-0.22601034953801313,0.23789543214232958,-0.07450648047354659,0.18293044476262435,0.2456642317574978,0.12091600079265066,0.3212377507053593,-0.006695511575142965,-0.4621062182587291
3.7063960876738804,4.194451056285959,0.2653376912775815,-1.0694834724275928,1.597930181869098,-12.271821169687703,9.285797484725826,4.325723027484104,2.9586882277704234,1.3658403244563257,-0.8872009208745267,4.77936523907302,-2.195946538702121,-4.6033570709836384,-5.221241252332709,0.22959192928109223,-5.782577268114741,-7.03593264066867,1.0874329809801289,2.1429047192383486,-0.6200475738345601,14.55296944045598,2.209613238319702,0.3114679154258139,7.5544552172394175,-3.6782065789165523,0.5602606051619717,-2.143577434788252,8.647305210689332,2.6463636646726774,-5.1548840517088745,-6.561169662644988,0.5327210873343531,8.176169731425224,-9.805266618987956,0.5978729521324238,7.625276114021547,2.419604426273239,2.7331408913953132,1.1879363883433902,-1.8669063241292987,8.45103737824341,-1.125414456650059,-0.21499091769628048,-5.0888205344034265,-2.1976045959754065,3.076506191263405,-2.5815050804381356,3.8722898182759247,-0.05935968565710494,3.448289810365463,3.215903003953259,1.485564169730402,2.7980102361757013,-0.45528622196058444,-7.6776497080205415
-3.310277092287677,-5.511999556867834,-0.3224714492662897,1.2425390141757455,-2.832236848216135,16.385166327183885,-12.100355182565256,-6.077717317624211,-4.125459903826169,-2.76452135740851,0.8714590823019688,-6.082275421022757,3.755350694216679,4.119874777195858,5.9052565696212405,0.8848773785839137,6.325545084461781,8.362383984974732,-3.8295818455370836,-2.3858586707906198,-0.30171846322722745,-18.561325322103023,-4.277180297278805,-2.8539007018439118,-9.363254325935632,4.438105609950347,-1.2977902957468954,2.3067976613613568,-10.865432062192562,-3.8669016581553883,6.879545885048615,7.677752789993208,-0.5533191067490504,-9.805266618987956,13.367692941537932,0.41796401926493754,-9.368047026341312,-2.008854825137352,-5.276178859560473,-2.965128494651441,2.3467626948729694,-10.305570041733752,2.004154120686632,-0.8239361958534648,6.060694849763352,2.880503318808399,-4.420100190005628,2.008886490049989,-4.914672042382167,-1.2569055647865675,-4.920156510297101,-3.177702660105902,-1.3280079499611799,-0.7435828733950749,0.977609522787357,9.924228350496948
1.071731144304546,-0.03312733589594317,0.01649613390972101,-0.10654721895922115,-0.5294471035383426,0.27967875525867986,-0.001392545954299529,-0.31173621058882944,-0.1909025900223869,-0.6949431361877891,-0.20066564817747842,0.10217222946683191,0.6308734297340837,-1.3249476951255086,-0.6332765363147963,0.835416774355004,-0.8527067987752813,-0.5677903543259724,-1.702311618906201,0.2865775417810194,-0.7827757242950217,0.28197756326790363,-0.9865792066612338,-1.7271989655600142,0.3382351007475539,-0.2498760629564082,-0.4006728617793434,-0.34291967987137795,0.2829354224379106,-0.29557427624621796,0.11528113832223125,-0.6143203447799144,0.09931828220985837,0.5978729521324238,0.41796401926493754,0.8444971843442367,0.3998494875249962,0.807007978411952,-1.2101304578839476,-1.000056470506093,-0.06039365363318439,0.4976709303055205,0.37950522925634156,-0.779116974688981,-0.40182641196816277,0.012160534774529044,-0.290373309465746,-0.9556915460591764,0.09206793212892386,-0.9414000281631882,-0.30158855099148496,0.7143174062913512,0.4286421607374973,2.047542997335061,0.271306141796174,-0.05561725918264348
