V1,V2,V3,V4,V5,V6,V7,V8,V9,V10,V11,V12,V13,V14,V15,V16,V17,V18,V19,V20,V21,V22,V23,V24,V25,V26,V27,V28,V29,V30,V31,V32,V33,V34,V35,V36,V37,V38,V39,V40,V41,V42,V43,V44,V45,V46,V47,V48,V49,V50,V51,V52,V53,V54,V55,V56
19.294740383626976,24.00365049784068,1.4863336592428185,-5.920401316437213,10.043687207914273,-70.54535957691652,53.014186014332715,25.23758185839569,17.223156168345707,9.006969085707796,-4.715493485220017,27.10736950052608,-13.634762493183137,-23.974212305556122,-28.705673422306266,-0.1431228440476385,-31.528222198928685,-39.17949561725898,9.17094294169289,11.734930697477912,-2.1771843115108758,82.59084535668632,14.331551778455356,4.784500351880583,42.5391420188855,-20.563546457558992,3.8956751067639357,-11.640649985723682,48.874005912930514,15.622415862952593,-29.62909968091713,-36.387791193121984,2.8684320897445352,45.63638806798907,-56.70497702655607,1.9433066156499064,42.83576573534015,12.409028697234495,17.709443533699947,8.522304890604069,-10.552759294177507,47.38043083304628,-7.085349103365901,0.12811590096524542,-28.35235987838458,-12.567232009557587,18.069341124251515,-13.074203355947335,21.946310755402735,1.2994889287157134,20.210830034219267,17.11631359987603,7.734911452527378,12.41009127441388,-3.07118221238552,-43.734023367853375
24.00365049784068,31.842134489496534,1.9447804335730285,-7.687463918692077,14.070761869508647,-93.84649217832148,70.2222133505099,33.88035473333676,23.08974619167497,12.93731794132257,-5.955300927869525,35.7570249695878,-18.97406603388615,-29.835225674115687,-37.10435503778761,-1.4003336858953657,-40.525127424898166,-51.072463309906865,14.614241816423137,15.128316206566303,-1.7494710096493122,108.98752248100037,20.41268705735055,8.84009702717991,55.855105568919,-26.87543462553595,5.740780428460604,-14.921709338823954,64.32652239737956,21.120971106550908,-39.41263988847305,-47.30746957763143,3.6554656515710917,59.581554814290676,-75.714529695911,1.3503919079443805,56.15894691589191,15.26698541943825,25.210834647100494,12.73743651928611,-13.890326894322156,62.036591849359176,-9.934862434874516,1.2989774236415876,-36.97192430334754,-16.663430814870765,24.354436580022718,-15.932673738443366,28.93561111811921,3.0855195204544277,27.20737043552272,21.63635770315525,9.624209408797007,13.470836488101266,-4.461167412201951,-57.84755314661169
1.4863336592428185,1.9447804335730285,0.1191987803702851,-0.4716106897649805,0.8498567853259595,-5.728367019767339,4.290262438439326,2.0641782095481953,1.4071405678027147,0.7775909815224569,-0.3675781823607858,2.186482480955078,-1.1475209738308148,-1.8474059065065043,-2.2787257805526577,-0.0700705978842596,-2.49166988148688,-3.1308078461990165,0.8613557088479034,0.9296470058019369,-0.12139410975535585,6.663923232437534,1.2287201251047128,0.5081045253553464,3.418756934404957,-1.6467010910543263,0.34328353630691133,-0.9179628558146358,3.935317596405671,1.284978371726459,-2.4058162679839246,-2.9016919832397945,0.22512094801338836,3.651244748978968,-4.618174785486337,0.09812607156431506,3.4385925714987886,0.947702000866748,1.5179004927835509,0.7597769700850502,-0.8498065587520202,3.7993219220530685,-0.6000253739561299,0.06496772921055001,-2.2661878350243336,-1.017882359728952,1.4825200660329414,-0.9910283500506193,1.7696034016505742,0.17109788757552258,1.65662841078319,1.3351574091858227,0.5958945415408232,0.8608206268499081,-0.2674573722188525,-3.535283033325899
-5.920401316437213,-7.687463918692077,-0.4716106897649805,1.8690554398669459,-3.3381801988843463,22.63595627066863,-16.96147153853528,-8.147906268512397,-5.555359780091583,-3.0454690323511726,1.4614084550020148,-8.648509226979037,4.510937259597385,7.357907558280384,9.034594713362699,0.24278063452596949,9.886006311139832,12.401050875494422,-3.3353817644141945,-3.6868720517543587,0.5120165619111845,-26.35733056654578,-4.817844540207865,-1.937825336086928,-13.530004103838507,6.520061083150546,-1.3408781510471512,3.6434273536021253,-15.569953698861578,-5.067789277392245,9.506669483843583,11.496963708434471,-0.8943253393990812,-14.459812985303632,18.240469788691716,-0.42273996854899976,-13.610399974652816,-3.779883749292146,-5.951175282262363,-2.9622725997018233,3.362007544023505,-15.041358063414293,2.3562708006356194,-0.22470713633699083,8.976247491568401,4.023481318550403,-5.849456053404738,3.9577064112400473,-6.999657168049547,-0.6376852245132475,-6.537269156603741,-5.307745114870422,-2.3736767870365862,-3.4879013816488245,1.0465829071300086,13.978976875198642
10.043687207914273,14.070761869508647,0.8498567853259595,-3.3381801988843463,6.4821900155664,-41.56349203035644,30.993815427629713,15.113468580835999,10.28889834376621,6.066909639595665,-2.52540651630816,15.729118986879952,-8.69830986182809,-12.487545584239024,-16.050991546416903,-1.0471463932012057,-17.44810964374682,-22.249563667585267,7.324380540970338,6.529825898764997,-0.3701269596835787,47.95765130872754,9.516001314823587,4.788664533781962,24.47830711656579,-11.73334967585289,2.739551094641121,-6.409677923799519,28.245744523728582,9.4736764396577,-17.454334111080996,-20.56402104023543,1.5623520578318786,25.989718206771357,-33.63183610453897,0.16232209292276634,24.580845718209236,6.323720426800284,11.748522033855945,6.135382418696818,-6.09962340681813,27.124650842477724,-4.579737189468163,0.9735383247778582,-16.11144484061747,-7.360728469997426,10.898080546524652,-6.5411913661194925,12.723651315325561,1.8453306171851367,12.163062638057404,9.182497755835524,4.02758109676899,4.8938821152387435,-2.1083269146729697,-25.50290303694372
-70.54535957691652,-93.84649217832148,-5.728367019767339,22.63595627066863,-41.56349203035644,276.62168181178055,-206.9490325145521,-99.90394138844647,-68.08134396123576,-38.25328362030262,17.514011815531948,-105.35942323860816,56.03235413008159,87.68514306434713,109.23365750923752,4.278589359403563,119.27483581156802,150.41027048989682,-43.37841079422914,-44.53184725683339,5.0135807861344714,-321.140992991229,-60.336505728843235,-26.366307088174157,-164.54679734965373,79.15806468606182,-16.99112156478501,43.912814308204595,-189.5222131346623,-62.29849295711609,116.17203791622963,139.30605380864216,-10.754786028188699,-175.4814449914666,223.21087801875944,-3.8260142273209796,-165.43094421570223,-44.84587392014914,-74.51759973099075,-37.71979681735054,40.924479582846914,-182.7349205702545,29.347640411271794,-3.9696684671507345,108.88526266484001,49.11045354010903,-71.82670345106035,46.78064405772452,-85.25821783210192,-9.264259429422193,-80.23648147434166,-63.63364469802739,-28.285096710760627,-39.32688687535515,13.196592668596553,170.46987317796993
53.014186014332715,70.2222133505099,4.290262438439326,-16.96147153853528,30.993815427629713,-206.9490325145521,154.86798895179854,74.69747692585142,50.90840652062455,28.482374756176878,-13.148075733177283,78.86586931794885,-41.8003891705799,-65.89317962604817,-81.8753466354994,-3.028560479643144,-89.4349755665388,-112.67579219904005,32.10874926156398,33.38446878319528,-3.914219266924406,240.38121016468475,44.94748936232225,19.372732701249472,123.2071065408354,-59.289066770299534,12.63200803310762,-32.93280727659218,141.88576941769574,46.55920345741021,-86.91229718608857,-104.37575267799066,8.068792580339247,131.44380801881462,-166.9510493635392,3.0383056439630476,123.88164139214304,33.72736565964807,55.51356049818365,28.019899203556662,-30.63800330118395,136.8510421214137,-21.88336955852137,2.8090930175417745,-81.56648521791092,-36.74883435925062,53.69053883473626,-35.20597590625892,63.821288239980866,6.737583054036545,59.98158974646314,47.76780951097232,21.25574231320622,29.854479477313177,-9.819197668539315,-127.58099286461274
25.23758185839569,33.88035473333676,2.0641782095481953,-8.147906268512397,15.113468580835999,-99.90394138844647,74.69747692585142,36.12536864004384,24.613755368827025,13.953472865788616,-6.279424783163756,38.007433792281724,-20.357210205323337,-31.370932786200864,-39.29417093016357,-1.7200106951942482,-42.87231208464885,-54.17039329563105,16.01515986918239,16.013310575325573,-1.6450407414005366,115.85489828782288,21.985551009449956,9.879939828058536,59.32116420149527,-28.519191542590974,6.217108162440486,-15.777975403198607,68.34759579332072,22.548476835486916,-41.95596562726182,-50.15264630235024,3.8609784744277516,63.21340521614756,-80.6547243266724,1.2034184552889975,59.62742239855392,16.017195045377214,27.151218919087405,13.825083612147886,-14.758816054690236,65.85252102288351,-10.67270668526055,1.5967052154120798,-39.21704007442476,-17.728716790389434,25.986484626357733,-16.684250282149108,30.75416831026448,3.541852685650134,29.024338561911637,22.818045783403615,10.119216609909257,13.764264504301392,-4.820267288274656,-61.51853374473157
17.223156168345707,23.08974619167497,1.4071405678027147,-5.555359780091583,10.28889834376621,-68.08134396123576,50.90840652062455,24.613755368827025,16.770935389368418,9.494730841503358,-4.284007326926419,25.90530261058454,-13.860387457548942,-21.408770006422056,-26.793607019233797,-1.1543235996231698,-29.237048944000062,-36.930829174859674,10.878107258094458,10.919719786279728,-1.1379593319865469,78.96449182357826,14.962634921230096,6.696182783980052,40.43622795118389,-19.441957726374124,4.228581707337124,-10.760506545322906,46.58704610777369,15.360990209080262,-28.591801090942354,-34.19369624965642,2.633524517202204,43.09462975426289,-54.9594749947394,0.838462579757743,40.64632989225932,10.933605724449597,18.47831249062489,9.400580286830346,-10.05991715269587,44.89101777214322,-7.2655266235034155,1.0714943259102365,-26.73619633768334,-12.082232799130454,17.704235605086435,-11.391464045650196,20.96175025826045,2.3936273559516392,19.774400678252416,15.566561069240766,6.905815874757635,9.425005448339949,-3.279340521375418,-41.92780781970277
9.006969085707796,12.93731794132257,0.7775909815224569,-3.0454690323511726,6.066909639595665,-38.25328362030262,28.482374756176878,13.953472865788616,9.494730841503358,5.7197141696005565,-2.279021312671179,14.433197618850386,-8.12452217833826,-11.200164713760461,-14.61867043831076,-1.1358980796304936,-15.856858411650414,-20.328448258522002,7.084658147006875,5.941103546851797,-0.17745618360991522,44.012555227228354,8.949779143455324,4.75962280922,22.424312920225375,-10.730617701407194,2.600777164666307,-5.818945630784142,25.897854354932214,8.767416142897378,-16.06376631787896,-18.76983461987042,1.4150603044545405,23.75922677543986,-30.99322488707569,-0.0264163279512323,22.50579299460728,5.6434802955302965,11.04795236065985,5.846114898078041,-5.592758511615602,24.823003997854773,-4.287537954852939,1.0565891772347673,-14.722199910293087,-6.766811278023478,10.075229537137204,-5.812366466374014,11.673445343906517,1.8914613568984862,11.240040407829003,8.289873188146016,3.6120486322064354,4.071560363904302,-1.9938135136395252,-23.42460421582261
-4.715493485220017,-5.955300927869525,-0.3675781823607858,1.4614084550020148,-2.52540651630816,17.514011815531948,-13.148075733177283,-6.279424783163756,-4.284007326926419,-2.279021312671179,1.1565851986832638,-6.716151178787221,3.4224495047751873,5.859837985473872,7.077971361166067,0.08990428245361605,7.763821975520092,9.679861190789294,-2.3850878813998517,-2.8918198750356128,0.48904507899860883,-20.464999891451473,-3.6185345813664904,-1.298721348978033,-10.52792757439741,5.0836887414251315,-0.9922979682164278,2.8646491535775183,-12.10300638794057,-3.893633954875948,7.355945722297064,8.98462394378268,-0.7049331024952304,-11.279416078614634,14.090550704483851,-0.4272312316755563,-10.597672745156395,-3.025177992149893,-4.470846060923935,-2.1785687883624996,2.613389171721623,-11.718280663057424,1.7818714367886574,-0.08256235481759476,7.005492281581125,3.117409555412306,-4.500118318157669,3.1804885534429985,-5.436833411551865,-0.38352548584295726,-5.03202114851422,-4.198642805345621,-1.8905179500839548,-2.9449208839240613,0.7793203795568326,10.842812917498465
27.10736950052608,35.7570249695878,2.186482480955078,-8.648509226979037,15.729118986879952,-105.35942323860816,78.86586931794885,38.007433792281724,25.90530261058454,14.433197618850386,-6.716151178787221,40.17270634808651,-21.22199616149176,-33.691831948098475,-41.75980360671089,-1.4564846740711799,-45.63201439967109,-57.43810165540133,16.17654484839613,17.030312033401596,-2.073665716291348,122.44225484031267,22.788077002736415,9.688261061617785,62.77760275238663,-30.21840519576184,6.391642965594185,-16.806145617131186,72.28381767274014,23.679806807051477,-44.2478938592547,-53.21604051036052,4.119209518192828,66.9986785581439,-84.97634347128219,1.6338714799531175,63.127341435904924,17.258361232840283,28.145837760747593,14.166390395842146,-15.608441902927288,69.74209379132812,-11.105079236931262,1.3504752811845118,-41.57873038848969,-18.713037522874732,27.31197896837828,-18.02660223617196,32.51025043510776,3.3344331711251507,30.51448925506112,24.398895964421705,10.86840041377396,15.413413458992142,-4.972545343361379,-64.9759032879408
-13.634762493183137,-18.97406603388615,-1.1475209738308148,4.510937259597385,-8.69830986182809,56.03235413008159,-41.8003891705799,-20.357210205323337,-13.860387457548942,-8.12452217833826,3.4224495047751873,-21.22199616149176,11.67889646579675,16.95147155857421,21.700254972512106,1.342769120882614,23.60262414399051,30.054624314136554,-9.736876777592535,-8.83030385084249,0.5642148800693908,-64.70250136267605,-12.751986367342251,-6.315080573092024,-33.041491463500975,15.845204679343459,-3.661384732737785,8.67308101200841,-38.1175155316125,-12.752426095977883,23.53041232828056,27.785069726138715,-2.115356868207362,-35.10120561601917,45.32357210603724,-0.28886019530327667,-33.18469074241362,-8.595548251021867,-15.744325746110755,-8.19162514976349,8.231256772161016,-36.62374729139102,6.145079836704886,-1.2481237171098674,21.762455883112544,9.926383556662662,-14.673956023302777,8.901183074142319,-17.167748971627738,-2.4105201475624956,-16.378995081328412,-12.443414601711693,-5.467421992291335,-6.77004921652008,2.8209075269246697,34.39967443553918
-23.974212305556122,-29.835225674115687,-1.8474059065065043,7.357907558280384,-12.487545584239024,87.68514306434713,-65.89317962604817,-31.370932786200864,-21.408770006422056,-11.200164713760461,5.859837985473872,-33.691831948098475,16.95147155857421,29.789134814481322,35.674615342762834,0.1840337223767963,39.181319537577465,48.693318996333915,-11.411058336619485,-14.583871913852432,2.7004391446417446,-102.65311539585974,-17.82021591007091,-5.959003343371533,-52.87067515826267,25.557423901482544,-4.845049245109074,14.465999863168214,-60.74547151912376,-19.419697677576476,36.828120790226606,45.2233510178017,-3.5645014090337925,-56.71881879337473,70.48371753338498,-2.409570740043103,-53.23931046756062,-15.417950511143786,-22.020528835989744,-10.59987027926661,13.116201921678398,-58.886938883949995,8.809381307256928,-0.1650786863430371,35.23713156602497,15.620130644038952,-22.460876675956918,16.243569530209104,-27.277128399076446,-1.6220284126866706,-25.12279679483021,-21.269478469386883,-9.610951652020276,-15.41042527021966,3.8191620405286257,54.358146583302606
-28.705673422306266,-37.10435503778761,-2.2787257805526577,9.034594713362699,-16.050991546416903,109.23365750923752,-81.8753466354994,-39.29417093016357,-26.793607019233797,-14.61867043831076,7.077971361166067,-41.75980360671089,21.700254972512106,35.674615342762834,43.686953145905214,1.072649469137686,47.82212939744481,59.929063098588436,-15.89877939288424,-17.831102302088745,2.5644984931019676,-127.26399901117814,-23.13878795454296,-9.149803273219852,-65.35168079915849,31.503357887265768,-6.424784656319755,17.627916208433966,-75.19145965564086,-24.428310438849106,45.87604811102612,55.57029430471172,-4.328592190617026,-69.87030198710107,88.0000638363485,-2.140237570461278,-65.74724847834734,-18.341476937355765,-28.583729428362833,-14.18133407382644,16.235949086738877,-72.66576578709186,11.329487926862305,-0.9922318588546121,43.376946169595485,19.421048197517543,-28.201729263680306,19.217066612567184,-33.799652670987385,-2.966621352408966,-31.520538341591337,-25.705858639088937,-11.508562248852405,-17.078262840494766,5.0195335019959755,67.48519796372956
-0.1431228440476385,-1.4003336858953657,-0.0700705978842596,0.24278063452596949,-1.0471463932012057,4.278589359403563,-3.028560479643144,-1.7200106951942482,-1.1543235996231698,-1.1358980796304936,0.08990428245361605,-1.4564846740711799,1.342769120882614,0.1840337223767963,1.072649469137686,0.7554673044289401,1.0377045303219028,1.7293927218370142,-2.046211079221665,-0.41380854800883216,-0.5757919091202653,-4.464085579060277,-1.7008930398301285,-1.8179048263493303,-2.126516607278428,0.9507262874869115,-0.5809150456729968,0.3580082558114781,-2.5380042898418136,-1.156375542330072,1.7951925513071456,1.5284775947590494,-0.0749843707017089,-2.071319206325972,3.611879157814727,0.644225868695251,-2.0884576058321884,0.013172352525857984,-2.093660927545807,-1.3810470145341074,0.5486679645546607,-2.2603848832626503,0.7439853311049001,-0.7043045282859433,1.2596465196575553,0.7283715988903602,-1.2914399930800815,-0.10808132502478174,-1.1708091531586131,-0.9162323326233807,-1.4238552433940665,-0.3385188159823615,-0.058370079717546576,1.1225061594778443,0.41809802250704253,2.4476581785917735
-31.528222198928685,-40.525127424898166,-2.49166988148688,9.886006311139832,-17.44810964374682,119.27483581156802,-89.4349755665388,-42.87231208464885,-29.237048944000062,-15.856858411650414,7.763821975520092,-45.63201439967109,23.60262414399051,39.181319537577465,47.82212939744481,1.0377045303219028,52.37466918956403,65.55365067072513,-17.093437147008107,-19.523483641254103,2.9268761322554915,-139.0600716906307,-25.11723587231958,-9.717231414828156,-71.44002000305913,34.45208384939555,-6.9538420621153785,19.310655461484494,-82.17981016114697,-26.636250350552334,50.093608220182965,60.799934619664306,-4.744310825087617,-76.41774550992803,96.05825869860159,-2.4736276053750594,-71.88190529853406,-20.16465938218399,-31.028729594298362,-15.329970652219957,17.744812386525446,-79.45519136600012,12.314477899352022,-0.9588232669405152,47.446761656043606,21.212068236150735,-30.759114023531538,21.145146621095055,-36.93511250059255,-3.0894202605391152,-34.38256936447653,-28.194071002076292,-12.640144932213357,-18.984305340516265,5.439598826002771,73.72526579814588
-39.17949561725898,-51.072463309906865,-3.1308078461990165,12.401050875494422,-22.249563667585267,150.41027048989682,-112.67579219904005,-54.17039329563105,-36.930829174859674,-20.328448258522002,9.679861190789294,-57.43810165540133,30.054624314136554,48.693318996333915,59.929063098588436,1.7293927218370142,65.55365067072513,82.30123373046055,-22.39532850077711,-24.451951555477166,3.2919991939785382,-175.05300841055413,-32.14243073233127,-13.114986193693282,-89.8332288232821,43.278438810232835,-8.963216128638454,24.155370452342552,-103.39159636560844,-33.707190995534695,63.16886082190289,76.28871065327341,-5.926939916696448,-95.97317415632696,121.23062673003959,-2.6896619044853285,-90.35882251140733,-24.996752536192787,-39.703062636113444,-19.818869579914082,22.325340700378383,-99.85056311625934,15.70624570197006,-1.601606124746801,59.572978061502965,26.73035926447612,-38.8987105879599,26.156883685476583,-46.48641952824956,-4.367840332906097,-43.469424309987296,-35.159497224788666,-15.708137519452658,-22.882817691669697,6.99015605829028,92.85505036259697
9.17094294169289,14.614241816423137,0.8613557088479034,-3.3353817644141945,7.324380540970338,-43.37841079422914,32.10874926156398,16.01515986918239,10.878107258094458,7.084658147006875,-2.3850878813998517,16.17654484839613,-9.736876777592535,-11.411058336619485,-15.89877939288424,-2.046211079221665,-17.093437147008107,-22.39532850077711,9.546759125172537,6.434492525310881,0.5174293983789365,49.355734915044664,10.993225935216575,6.948658835472274,24.96841562395802,-11.867292251137119,3.2990460683234586,-6.245262318779921,28.934577420551452,10.154225943041,-18.213901491879334,-20.595635751175667,1.5041451658341296,26.235138333301073,-35.32093163239971,-0.8039453533183968,25.003696576454274,5.621932758703058,13.56326175671406,7.506858694426015,-6.249141526097802,27.526218708661318,-5.181092013202666,1.9052143769071608,-16.227675110548653,-7.639258848743837,11.623741322446971,-5.676108735207943,13.074803395525779,2.995095107594076,12.947113722074697,8.690105594054259,3.6788541525625607,2.712833747952012,-2.496321873522264,-26.355011805178346
11.734930697477912,15.128316206566303,0.9296470058019369,-3.6868720517543587,6.529825898764997,-44.53184725683339,33.38446878319528,16.013310575325573,10.919719786279728,5.941103546851797,-2.8918198750356128,17.030312033401596,-8.83030385084249,-14.583871913852432,-17.831102302088745,-0.41380854800883216,-19.523483641254103,-24.451951555477166,6.434492525310881,7.278779476275404,-1.0677922318626798,51.89967733412897,9.40690187445695,3.681820442085216,26.656452774674047,-12.852501744364563,2.6084200633245023,-7.19741081838662,30.66733982795931,9.952177181715523,-18.70273879107957,-22.67611247482357,1.767774985307958,28.50643422471017,-35.87006976446724,0.8967078477173407,26.819642807975175,7.501613655506627,11.6207845467746,5.754082196202548,-6.621997648096475,29.64329474685863,-4.608821811883311,0.38264160739150943,-17.698208367783884,-7.918424640882053,11.490894324236777,-7.862828900371689,13.784303379343426,1.183031812908878,12.843858221447745,10.501797763113261,4.704762505770908,7.021724923340776,-2.0390177401776057,-27.518528427022673
-2.1771843115108758,-1.7494710096493122,-0.12139410975535585,0.5120165619111845,-0.3701269596835787,5.0135807861344714,-3.914219266924406,-1.6450407414005366,-1.1379593319865469,-0.17745618360991522,0.48904507899860883,-2.073665716291348,0.5642148800693908,2.7004391446417446,2.5644984931019676,-0.5757919091202653,2.9268761322554915,3.2919991939785382,0.5174293983789365,-1.0677922318626798,0.7101589107610905,-6.297386034100808,-0.3659297098944736,0.8588165326323851,-3.3790116163293464,1.6940580020944116,-0.006453395920889289,1.100346885072549,-3.8079500487941105,-0.9463446326069741,2.1071996632398537,3.1184448429601215,-0.28152796209112596,-3.789921275417462,3.894460490942549,-0.7361705768917579,-3.4441408920923147,-1.482829392852436,-0.4585634634108143,0.0724480501862774,0.8217107149717584,-3.8484455193086764,0.25694581023958224,0.5374087831534212,2.3758702782405723,0.9196366160143693,-1.1306991185808537,1.6362360266601983,-1.6854238226454508,0.5647462231953092,-1.280929038717458,-1.7654276988034532,-0.8720465158722911,-2.3534795940513593,0.03635102069771199,3.268859070701143
82.59084535668632,108.98752248100037,6.663923232437534,-26.35733056654578,47.95765130872754,-321.140992991229,240.38121016468475,115.85489828782288,78.96449182357826,44.012555227228354,-20.464999891451473,122.44225484031267,-64.70250136267605,-102.65311539585974,-127.26399901117814,-4.464085579060277,-139.0600716906307,-175.05300841055413,49.355734915044664,51.89967733412897,-6.297386034100808,373.1927146522366,69.48656975815275,29.580163608181728,191.33430178692527,-92.09759011290383,19.493502301893006,-51.21453004480496,220.3112665807724,72.18403722061338,-134.87013856306012,-162.18317001301983,12.55229579874662,204.19276017517575,-259.018141773797,4.955417269678935,192.39882193480776,52.57944316265426,85.82357225011486,43.208186297627194,-47.57259774848674,212.55724748676084,-33.859146627808805,4.13939053982883,-126.71902783702961,-57.036957922595136,83.25456415718047,-54.9166294952033,99.08762232853205,10.191058472820734,93.0161764259525,74.34633474373267,33.11407117103219,46.919740069307984,-15.164164663526583,-198.04327884147946
14.331551778455356,20.41268705735055,1.2287201251047128,-4.817844540207865,9.516001314823587,-60.336505728843235,44.94748936232225,21.985551009449956,14.962634921230096,8.949779143455324,-3.6185345813664904,22.788077002736415,-12.751986367342251,-17.82021591007091,-23.13878795454296,-1.7008930398301285,-25.11723587231958,-32.14243073233127,10.993225935216575,9.40690187445695,-0.3659297098944736,69.48656975815275,14.01563706696909,7.321379614244854,35.42463095782781,-16.960978863101026,4.060393901703117,-9.22055724870258,40.90023682113717,13.803107093342284,-25.337419253837375,-29.687829898382468,2.2441493368110947,37.55982911915452,-48.86391091340479,0.05117872831994132,35.55965486574481,8.994556155538115,17.30168423620894,9.115552742569612,-8.83241162404452,39.227666677768276,-6.7241906558065665,1.5817759029954876,-23.277277971601826,-10.677077564908219,15.867841443435589,-9.277677349662941,18.43162629097483,2.8814771582622822,17.704743231473316,13.160518033465854,5.747350767534807,6.650558923649682,-3.1168394721597794,-36.972125651540495
4.784500351880583,8.84009702717991,0.5081045253553464,-1.937825336086928,4.788664533781962,-26.366307088174157,19.372732701249472,9.879939828058536,6.696182783980052,4.75962280922,-1.298721348978033,9.688261061617785,-6.315080573092024,-5.959003343371533,-9.149803273219852,-1.8179048263493303,-9.717231414828156,-13.114986193693282,6.948658835472274,3.681820442085216,0.8588165326323851,29.580163608181728,7.321379614244854,5.398637110265977,14.827775189287847,-6.985258272992754,2.2701418785066125,-3.528410493018951,17.25896395835067,6.332705408596255,-11.069157651259907,-11.996615188682904,0.838107202964144,15.410507494662975,-21.601582557624518,-1.0749766986990854,14.805936499614678,2.8280776831111014,9.028044657797464,5.227524173495943,-3.7279360895998535,16.259522818946053,-3.3909299083197113,1.6935344073520908,-9.50979242937863,-4.6175183663908035,7.215635803734802,-2.7569440639481604,7.824009714116153,2.4644472550774834,8.021889043439295,4.743910542818453,1.9200962861051216,0.20646779788242403,-1.695569185712683,-15.861606045715334
42.5391420188855,55.855105568919,3.418756934404957,-13.530004103838507,24.47830711656579,-164.54679734965373,123.2071065408354,59.32116420149527,40.43622795118389,22.424312920225375,-10.52792757439741,62.77760275238663,-33.041491463500975,-52.87067515826267,-65.35168079915849,-2.126516607278428,-71.44002000305913,-89.8332288232821,24.96841562395802,26.656452774674047,-3.3790116163293464,191.33430178692527,35.42463095782781,14.827775189287847,98.13394833074969,-47.25291863265773,9.91385850110416,-26.316314081923785,112.97492464169338,36.940915177850286,-69.10518691767982,-83.24559314977984,6.452871411293523,104.77443895154623,-132.6789250465841,2.7028560302660023,98.69125295529,27.105411388918334,43.754946101115216,21.95319217921136,-24.394833267761246,109.04252662649048,-17.28121862648481,1.9709259554943355,-65.02748994580874,-29.23215173966846,42.61615284119815,-28.332044760902313,50.80522575445914,5.041473674252354,47.61721770093033,38.244135392503615,17.05536259207724,24.44406302622751,-7.719956416467504,-101.51781211685665
-20.563546457558992,-26.87543462553595,-1.6467010910543263,6.520061083150546,-11.73334967585289,79.15806468606182,-59.289066770299534,-28.519191542590974,-19.441957726374124,-10.730617701407194,5.0836887414251315,-30.21840519576184,15.845204679343459,25.557423901482544,31.503357887265768,0.9507262874869115,34.45208384939555,43.278438810232835,-11.867292251137119,-12.852501744364563,1.6940580020944116,-92.09759011290383,-16.960978863101026,-6.985258272992754,-47.25291863265773,22.76068761928302,-4.735858793998075,12.693550884887262,-54.38990955509626,-17.750918871444235,33.24451191575481,40.11250167047658,-3.113777344381586,-50.471034561746364,63.81096369795709,-1.3740362431350381,-47.526670982058626,-13.113688955092128,-20.950481645654207,-10.47745107464312,11.744510645729937,-52.51608350672818,8.283119154636466,-0.8808189312351655,31.32703438263014,14.065941181069357,-20.482227836547214,13.716748340973028,-24.456331499280058,-2.344276013559979,-22.887876419582952,-18.465804085576195,-8.24449896772708,-11.940647290525913,3.6912849802402246,48.85680221022312
3.8956751067639357,5.740780428460604,0.34328353630691133,-1.3408781510471512,2.739551094641121,-16.99112156478501,12.63200803310762,6.217108162440486,4.228581707337124,2.600777164666307,-0.9922979682164278,6.391642965594185,-3.661384732737785,-4.845049245109074,-6.424784656319755,-0.5809150456729968,-6.9538420621153785,-8.963216128638454,3.2990460683234586,2.6084200633245023,-0.006453395920889289,19.493502301893006,4.060393901703117,2.2701418785066125,9.91385850110416,-4.735858793998075,1.190491028815695,-2.5490691737223976,11.459682317878638,3.915510413338135,-7.134988076462564,-8.267727015077357,0.6184596934614134,10.482061079025232,-13.783959964491402,-0.08950844228555295,9.944294572081809,2.4284686001882503,5.011407862573068,2.684886718056409,-2.4748441208929,10.963035043699625,-1.9364393772992141,0.5405250695084537,-6.492265990567087,-3.0020527729501527,4.495124338520468,-2.489748115034681,5.168571671511015,0.9257189580912177,5.0127744704875,3.6106565196636318,1.5624661058363185,1.6170607506463943,-0.9093575184419112,-10.38363346697094
-11.640649985723682,-14.921709338823954,-0.9179628558146358,3.6434273536021253,-6.409677923799519,43.912814308204595,-32.93280727659218,-15.777975403198607,-10.760506545322906,-5.818945630784142,2.8646491535775183,-16.806145617131186,8.67308101200841,14.465999863168214,17.627916208433966,0.3580082558114781,19.310655461484494,24.155370452342552,-6.245262318779921,-7.19741081838662,1.100346885072549,-51.21453004480496,-9.22055724870258,-3.528410493018951,-26.316314081923785,12.693550884887262,-2.5490691737223976,7.120718171509554,-30.26938792697358,-9.799801622105129,18.44273014786716,22.406199451634592,-1.7498895019169622,-28.1567220639242,35.35967219347145,-0.9352027095447586,-26.48073648871903,-7.448538534797342,-11.390856429857676,-5.6161281281415025,6.535918314799037,-29.27236820315956,4.523625661314465,-0.3305637418215861,17.48304938882667,7.810632985029916,-11.318161354796334,7.813901704356946,-13.603351416881502,-1.1104593950128787,-12.652095904557905,-10.402546854912325,-4.666875961049049,-7.049688349785307,1.9952337414757897,27.149626548046612
48.874005912930514,64.32652239737956,3.935317596405671,-15.569953698861578,28.245744523728582,-189.5222131346623,141.88576941769574,68.34759579332072,46.58704610777369,25.897854354932214,-12.10300638794057,72.28381767274014,-38.1175155316125,-60.74547151912376,-75.19145965564086,-2.5380042898418136,-82.17981016114697,-103.39159636560844,28.934577420551452,30.66733982795931,-3.8079500487941105,220.3112665807724,40.90023682113717,17.25896395835067,112.97492464169338,-54.38990955509626,11.459682317878638,-30.26938792697358,130.07269086882954,42.5724498423903,-79.59441565277626,-95.80067036048202,7.4206070896518295,120.59509372345973,-152.83790825474227,3.0232789576830887,113.61053824425282,31.12909088840046,50.51717055381911,25.387489434713345,-28.087052830674985,125.52045654817226,-19.941316732308184,2.3528949774366614,-74.84311073245959,-33.664657764942,49.10751403459163,-32.52595321666984,58.497443036183206,5.905974101756079,54.86808525833511,43.9662816064907,19.595601642044965,27.932768358753524,-8.919228041071284,-116.90225993053373
15.622415862952593,21.120971106550908,1.284978371726459,-5.067789277392245,9.4736764396577,-62.29849295711609,46.55920345741021,22.548476835486916,15.360990209080262,8.767416142897378,-3.893633954875948,23.679806807051477,-12.752426095977883,-19.419697677576476,-24.428310438849106,-1.156375542330072,-26.636250350552334,-33.707190995534695,10.154225943041,9.952177181715523,-0.9463446326069741,72.18403722061338,13.803107093342284,6.332705408596255,36.940915177850286,-17.750918871444235,3.915510413338135,-9.799801622105129,42.5724498423903,14.084442913510925,-26.162755394796637,-31.19816848434815,2.396482303019013,39.34059452784449,-50.3144570689295,0.664678559484626,37.12558384272447,9.90198164070958,17.045580327571216,8.718307083066588,-9.193044609304053,40.99574297852914,-6.690727035549569,1.0738587033490363,-24.40340413963254,-11.051711476880689,16.226755508595566,-10.3026644331945,19.15991331181628,2.3027009717940707,18.121371326476037,14.150357216767521,6.263960921273694,8.372266109141169,-3.03181678911383,-38.338996494492704
-29.62909968091713,-39.41263988847305,-2.4058162679839246,9.506669483843583,-17.454334111080996,116.17203791622963,-86.91229718608857,-41.95596562726182,-28.591801090942354,-16.06376631787896,7.355945722297064,-44.2478938592547,23.53041232828056,36.828120790226606,45.87604811102612,1.7951925513071456,50.093608220182965,63.16886082190289,-18.213901491879334,-18.70273879107957,2.1071996632398537,-134.87013856306012,-25.337419253837375,-11.069157651259907,-69.10518691767982,33.24451191575481,-7.134988076462564,18.44273014786716,-79.59441565277626,-26.162755394796637,48.78866957023109,58.50570404779839,-4.516885731011573,-73.69821682039174,93.74094198438756,-1.6088195687277604,-69.47685032040675,-18.83574659857219,-31.292616867170796,-15.838966790658283,17.18732590702307,-76.74402742157751,12.32427310764087,-1.665620071080373,45.7293333824695,20.624689137332403,-30.164280758051728,19.648604458577633,-35.80599294645946,-3.888733010617517,-33.696173979608844,-26.725830694673252,-11.87986322569865,-16.520734586412242,5.541577073076854,71.5922845413335
-36.387791193121984,-47.30746957763143,-2.9016919832397945,11.496963708434471,-20.56402104023543,139.30605380864216,-104.37575267799066,-50.15264630235024,-34.19369624965642,-18.76983461987042,8.98462394378268,-53.21604051036052,27.785069726138715,45.2233510178017,55.57029430471172,1.5284775947590494,60.799934619664306,76.28871065327341,-20.595635751175667,-22.67611247482357,3.1184448429601215,-162.18317001301983,-29.687829898382468,-11.996615188682904,-83.24559314977984,40.11250167047658,-8.267727015077357,22.406199451634592,-95.80067036048202,-31.19816848434815,58.50570404779839,70.7233211579089,-5.499077873759578,-88.9563175883548,112.26378467606061,-2.566073563399604,-83.73809052627826,-23.226623889477764,-36.671920802467206,-18.270855554236228,20.686261709141604,-92.53909311021322,14.515858887931206,-1.4151071840702347,55.220073598616374,24.760158104997934,-36.007668762672616,24.314362714319852,-43.07021943432323,-3.9631994945728986,-40.24075582388238,-32.632596430813905,-14.588842028305299,-21.37775709830762,6.451317071828363,86.02006980391707
2.8684320897445352,3.6554656515710917,0.22512094801338836,-0.8943253393990812,1.5623520578318786,-10.754786028188699,8.068792580339247,3.8609784744277516,2.633524517202204,1.4150603044545405,-0.7049331024952304,4.119209518192828,-2.115356868207362,-3.5645014090337925,-4.328592190617026,-0.0749843707017089,-4.744310825087617,-5.926939916696448,1.5041451658341296,1.767774985307958,-0.28152796209112596,12.55229579874662,2.2441493368110947,0.838107202964144,6.452871411293523,-3.113777344381586,0.6184596934614134,-1.7498895019169622,7.4206070896518295,2.396482303019013,-4.516885731011573,-5.499077873759578,0.4302860959080167,6.907775955758366,-8.657001886734234,0.2420585484981929,6.494037061837983,1.8372858384417752,2.772374761241593,1.36066676812347,-1.6022668632182158,7.179603616674316,-1.102481629661023,0.06909126661058962,-4.289679335949686,-1.9134369334672772,2.768638339190099,-1.9291298424544827,3.334299210938029,0.2576957130662495,3.095286054656695,2.5596071572357415,1.1500022154337386,1.7585899906903955,-0.4847532405719557,-6.652729284523627
45.63638806798907,59.581554814290676,3.651244748978968,-14.459812985303632,25.989718206771357,-175.4814449914666,131.44380801881462,63.21340521614756,43.09462975426289,23.75922677543986,-11.279416078614634,66.9986785581439,-35.10120561601917,-56.71881879337473,-69.87030198710107,-2.071319206325972,-76.41774550992803,-95.97317415632696,26.235138333301073,28.50643422471017,-3.789921275417462,204.19276017517575,37.55982911915452,15.410507494662975,104.77443895154623,-50.471034561746364,10.482061079025232,-28.1567220639242,120.59509372345973,39.34059452784449,-73.69821682039174,-88.9563175883548,6.907775955758366,111.92059280035538,-141.4504286906179,3.083484798726267,105.38376856687651,29.108502375546554,46.39419062211891,23.18431451333167,-26.040215970800407,116.45010024824198,-18.34675235757878,1.9186533732050794,-69.46992796420885,-31.18333658926867,45.39649382637296,-30.45232490233755,54.223470893055925,5.156001670754233,50.72931259585856,40.969963347845486,18.297049829886845,26.56275540712941,-8.171954186645015,-108.31794331317649
-56.70497702655607,-75.714529695911,-4.618174785486337,18.240469788691716,-33.63183610453897,223.21087801875944,-166.9510493635392,-80.6547243266724,-54.9594749947394,-30.99322488707569,14.090550704483851,-84.97634347128219,45.32357210603724,70.48371753338498,88.0000638363485,3.611879157814727,96.05825869860159,121.23062673003959,-35.32093163239971,-35.87006976446724,3.894460490942549,-259.018141773797,-48.86391091340479,-21.601582557624518,-132.6789250465841,63.81096369795709,-13.783959964491402,35.35967219347145,-152.83790825474227,-50.3144570689295,93.74094198438756,112.26378467606061,-8.657001886734234,-141.4504286906179,180.1498960885049,-2.924561865633184,-133.3806464356254,-36.02347798921997,-60.34732755968724,-30.621442986947347,33.00329090996324,-147.32104956449697,23.748368506082556,-3.351968974553293,87.76314024514879,39.62095904440168,-57.99989318601492,37.555627050351525,-68.7622841730528,-7.654311790256962,-64.78646861812949,-51.19785641618233,-22.735988925005184,-31.333055966815866,10.697920803756377,137.5115129011022
1.9433066156499064,1.3503919079443805,0.09812607156431506,-0.42273996854899976,0.16232209292276634,-3.8260142273209796,3.0383056439630476,1.2034184552889975,0.838462579757743,-0.0264163279512323,-0.4272312316755563,1.6338714799531175,-0.28886019530327667,-2.409570740043103,-2.140237570461278,0.644225868695251,-2.4736276053750594,-2.6896619044853285,-0.8039453533183968,0.8967078477173407,-0.7361705768917579,4.955417269678935,0.05117872831994132,-1.0749766986990854,2.7028560302660023,-1.3740362431350381,-0.08950844228555295,-0.9352027095447586,3.0232789576830887,0.664678559484626,-1.6088195687277604,-2.566073563399604,0.2420585484981929,3.083484798726267,-2.924561865633184,0.7712698988305993,2.7680817629439725,1.341940637581955,0.07016336424146716,-0.2926768691080828,-0.6523119417335231,3.105066920818767,-0.10969384435918454,-0.6011432572789788,-1.9393976397389543,-0.7107874683277294,0.8090952505123533,-1.496232188716182,1.3300260553174525,-0.6607962131746155,0.923109065728834,1.5393814332322897,0.7783668225116513,2.311194299793456,0.03582132829976141,-2.55076491799647
42.83576573534015,56.15894691589191,3.4385925714987886,-13.610399974652816,24.580845718209236,-165.43094421570223,123.88164139214304,59.62742239855392,40.64632989225932,22.50579299460728,-10.597672745156395,63.127341435904924,-33.18469074241362,-53.23931046756062,-65.74724847834734,-2.0884576058321884,-71.88190529853406,-90.35882251140733,25.003696576454274,26.819642807975175,-3.4441408920923147,192.39882193480776,35.55965486574481,14.805936499614678,98.69125295529,-47.526670982058626,9.944294572081809,-26.48073648871903,113.61053824425282,37.12558384272447,-69.47685032040675,-83.73809052627826,6.494037061837983,105.38376856687651,-133.3806464356254,2.7680817629439725,99.25563156856558,27.30198519086259,43.922549611165984,22.013917974861293,-24.532188120426976,109.66900943330843,-17.353321354617766,1.9354740767077292,-65.40733724675567,-29.39141180061563,42.832016151307634,-28.54405199105846,51.08892133544978,5.013062408737199,47.85987152623331,38.49621370943224,17.17426629328059,24.699890831786906,-7.745951541008118,-102.0769963540575
