V1,V2,V3,V4,V5,V6,V7,V8,V9,V10,V11,V12,V13,V14,V15,V16,V17,V18,V19,V20,V21,V22,V23,V24,V25,V26,V27,V28,V29,V30,V31,V32,V33,V34,V35,V36,V37,V38,V39,V40,V41,V42,V43,V44,V45,V46,V47,V48,V49,V50,V51,V52,V53,V54,V55,V56
7019.335857215047,7920.651095919412,-6831.414336710331,-3948.625269242527,4847.577813229907,-1106.8692435269602,-3072.7226302297013,2324.5483410739475,2544.4430945741424,3834.4431731960904,4440.345926042526,-7809.3137471855125,-920.7441938610594,-3793.7671931200653,589.4479842798753,453.79761668425584,-1959.8454009998015,6417.648935684371,2392.0363771537654,8802.94669241588,171.08293560235637,1644.569013156678,8977.903427386547,-987.7815770564172,3311.973055011732,-1986.6765342687163,2208.346932870603,-4608.156495979485,3321.8410358303004,5707.814449569588,4679.132296808087,162.12466310775952,-2967.2616715709632,-5769.838929969288,-2091.571285942779,-9579.446063807995,6981.862571981791,5020.222422197461,622.2637041812513,1248.7541353895313,6218.917012047231,396.6120436614882,-10090.229426892189,-432.57798285816494,-1364.3379092844355,11084.736852312773,2944.8898587919075,-1190.8729425514139,816.0570527646935,-1774.2655415477739,6265.185440399591,-893.6167184645282,1185.063701043395,5322.048498351574,5689.916780192066,3259.176190520478
7920.651095919412,8937.706709948796,-7708.510631960829,-4455.631412144993,5469.876858677223,-1249.0638692276345,-3467.2672896053436,2623.1204034369675,2871.1649255800276,4326.847599216687,5010.443017829029,-8811.933512327238,-1038.9947682421512,-4280.938934987536,665.1409165073571,511.9847839271236,-2211.4881552554534,7241.699161825013,2699.2188003825277,9933.224385185544,193.06324234859517,1855.7023129940103,10130.664113118113,-1114.613497378377,3737.167260906518,-2241.7412003926756,2491.9785307482302,-5199.896804542324,3748.408975767923,6440.796299370468,5279.969853229878,182.91855453872515,-3348.317777617384,-6510.6336106780145,-2360.053452183643,-10809.415031798668,7878.3242315747975,5664.705571442786,702.0658664087474,1409.1039509377094,7017.387496599417,447.48240269365124,-11385.81027016335,-488.14741212831996,-1539.5136091215654,12508.068614076734,3322.9846699792165,-1343.7519498001027,920.887390745272,-2002.0208558299882,7069.667444021022,-1008.290053997351,1337.2548814213958,6005.437401597012,6420.578472158865,3677.576983594386
-6831.414336710331,-7708.510631960829,6649.604299233227,3843.10263393421,-4719.649742222035,1076.4164087198317,2990.5467296250413,-2261.2310244303426,-2476.2801805988624,-3731.251120777661,-4322.245168441738,7601.84989360711,895.8176593433594,3691.781945196916,-573.6055797378183,-442.65126185038116,1907.5036727867882,-6245.904087798566,-2327.585397573956,-8568.020667577604,-166.35129218366063,-1600.9898146427793,-8738.078001174605,961.3829935846275,-3224.2582022030574,1933.8998727421392,-2148.37943242524,4484.402345337702,-3232.5666771178157,-5554.129959151311,-4553.676873140324,-158.07173007299747,2887.2639058359637,5616.332945764118,2036.6115966704335,9323.911876990443,-6795.4524594392615,-4887.481160152545,-606.8116201440376,-1215.2739184470506,-6053.241353147188,-386.67981183079524,9820.717793931752,420.70047278474203,1327.952872837323,-10787.974016919688,-2866.5678495561515,1159.4111313687808,-793.6650247294201,1727.5982134072544,-6097.415500049457,870.557565232624,-1153.051607239339,-5179.406105818404,-5536.978853280591,-3173.045491235957
-3948.625269242527,-4455.631412144993,3843.10263393421,2221.275071268995,-2727.2597099742834,622.5091242654677,1728.5306979965385,-1307.4502485675828,-1431.33186574873,-2156.9159522884306,-2497.988396137312,4393.298247442242,517.9026776786372,2134.054978804905,-331.5745424031691,-255.4534662327222,1102.5048755190023,-3610.1670519798217,-1345.5329587075942,-4952.1007520281455,-96.21360620278386,-925.2073118549836,-5050.482251789079,555.6702903063805,-1863.269782382847,1117.648143012039,-1242.1248174933671,2592.18379335762,-1868.5932274385111,-3210.6942070820232,-2632.145150999798,-91.25139075751167,1669.0917691732277,3245.908371945424,1176.765036391029,5388.94085726932,-3927.634525970337,-2824.3448289577773,-350.2575420070598,-702.4599316872473,-3498.504885936881,-223.22887024228285,5676.221398502134,243.28833606966302,767.5132207083235,-6235.55701987425,-1656.696074843861,669.9820991639828,-458.96531938146495,998.2337106885158,-3524.38215403824,502.8430561247572,-666.5901539945039,-2993.8127305514536,-3200.6731285934707,-1833.5996695476977
4847.577813229907,5469.876858677223,-4719.649742222035,-2727.2597099742834,3350.925858312264,-763.0032389211793,-2122.1819681132365,1603.4829727555446,1757.127368658936,2647.160757393347,3067.848094696092,-5395.892538241454,-635.3956011000175,-2619.2716641465304,406.96909401972687,315.1121974366302,-1353.6940269712024,4432.1677872721475,1651.24374209383,6080.624325485942,117.89104628574911,1136.5146764784715,6201.080893219425,-682.2447045120642,2288.893338696579,-1372.709245309283,1523.643149722692,-3181.749857672724,2293.4888709684583,3940.3373888627902,3231.1067598801437,112.45638409645761,-2048.244703213867,-3986.3225941517708,-1446.2211303354522,-6617.186351873213,4822.569309395778,3469.8273150848404,431.8057433780292,862.3106968086064,4296.2056796400375,275.076770537474,-6969.416383733751,-298.23178535308125,-942.4580822351608,7655.1536633076175,2034.6396129686566,-823.1409798319733,562.6388187614389,-1226.7416541253074,4326.6929093201015,-618.6164116272843,817.9198059599222,3675.1500573071203,3928.4353578516257,2252.724068818777
-1106.8692435269602,-1249.0638692276345,1076.4164087198317,622.5091242654677,-763.0032389211793,175.1626198240595,484.4673453821607,-367.3776394921626,-401.2623953246941,-605.0549614631485,-699.6030977449684,1230.2205442648028,145.40056294631944,598.5514251821014,-92.99605127813587,-70.79794440063617,308.948758021528,-1011.93823828078,-377.50902408692355,-1387.5581190683126,-27.092708088519323,-258.98899317816523,-1415.3102763062768,155.72677697219336,-521.5371699849038,312.96471093710767,-348.8727651124837,726.9456055742064,-524.0760151131718,-900.7211400872711,-737.9867797776014,-25.347107333423086,468.32692501132846,909.106400008035,329.031060183016,1509.8664495486694,-1100.5745753274564,-790.37235510137,-97.20801293379544,-196.9511617333073,-980.0323986081655,-62.02082818350713,1590.6408738226505,68.4376058328765,215.03356279207938,-1747.9385162075696,-463.9821478295862,187.46826384940107,-129.09606279611563,279.14923318843256,-987.9775458454401,140.25708239314486,-187.0877182883502,-839.3482377267784,-897.695996145298,-513.0822112365372
-3072.7226302297013,-3467.2672896053436,2990.5467296250413,1728.5306979965385,-2122.1819681132365,484.4673453821607,1345.0949910005393,-1017.4865054276988,-1113.8295226209857,-1678.4888876283542,-1943.8291868761148,3418.665739540663,403.0346199050778,1660.6924130969142,-258.02658952276164,-198.731157930583,857.9348978252023,-2809.338963262623,-1047.0836554932037,-3853.560468448853,-74.87957063898737,-719.9481988316523,-3930.130644132194,432.4062874551,-1449.896876657326,869.703069353769,-966.6384284283512,2017.1950301262978,-1454.1123327944538,-2498.53214154469,-2048.280780586607,-70.99340325656974,1298.8773915891632,2525.8314597674307,915.671196931315,4193.488503124437,-3056.359559482501,-2197.7419643289413,-272.4938442660023,-546.639698191885,-2722.404095403721,-173.6726011506301,4417.060158043545,189.33765756095704,597.2518931754482,-4852.356557421447,-1289.1707800350039,521.3398731920289,-357.1861130086055,776.753926415626,-2742.589286735674,391.2513877765166,-518.7400582796232,-2329.7201394355006,-2490.7189399781237,-1426.7987245661482
2324.5483410739475,2623.1204034369675,-2261.2310244303426,-1307.4502485675828,1603.4829727555446,-367.3776394921626,-1017.4865054276988,770.8944066142855,842.6701637064187,1270.3663533988092,1469.7017786369518,-2584.5472001709245,-305.1943757943458,-1256.777675285471,195.2656495105728,149.2747267157846,-648.9017078619258,2125.2229687388804,792.5683044380999,2914.4661543368247,56.80842559611285,544.1704737479826,2972.621732941788,-327.07081533780496,1095.8479859694887,-657.502736635911,732.1729517313134,-1526.4397060391907,1100.4161410061183,1891.0985434905306,1549.7446609406732,53.40122576216967,-983.2093916437764,-1909.7927846293687,-691.6124707016698,-3171.4335119700136,2311.6284506214042,1660.8484569479656,204.85934025595404,413.59066134834285,2058.6586096071414,130.65499899571245,-3340.8902691425906,-143.55173704063148,-451.6774900632014,3670.8635487005226,974.7197545526736,-393.9519270921181,270.7950018679702,-586.735678052873,2074.8398609053042,-295.06528577968254,392.73660553730906,1762.6298209135387,1884.903064617019,1078.1922627554115
2544.4430945741424,2871.1649255800276,-2476.2801805988624,-1431.33186574873,1757.127368658936,-401.2623953246941,-1113.8295226209857,842.6701637064187,922.3383639585068,1389.9709271616343,1609.5525667390834,-2830.738482103113,-333.7721271165884,-1375.2215641000812,213.67180267569452,164.4573294266904,-710.4204084285572,2326.3345286523167,867.1070684206409,3190.9554194392526,62.02199668090796,596.1228359125836,3254.3841884925364,-358.0596649243017,1200.520963878126,-720.1351281143876,800.5387121303263,-1670.4286570505938,1204.1497260832025,2069.0638760414263,1696.1487760071916,58.75718605065915,-1075.626679300303,-2091.47374869334,-758.1335271519345,-3472.4219265553024,2530.839094687448,1819.7170434776813,225.51653678213867,452.6635448860269,2254.266187433626,143.74074690267213,-3657.5881687312503,-156.81728011442925,-494.5540051604992,4018.112739681543,1067.474119445783,-431.66344238336643,295.8347310278341,-643.1212715239948,2271.072214012634,-323.8931166516987,429.58582426248955,1929.1988354378898,2062.5654644002066,1181.375784585984
3834.4431731960904,4326.847599216687,-3731.251120777661,-2156.9159522884306,2647.160757393347,-605.0549614631485,-1678.4888876283542,1270.3663533988092,1389.9709271616343,2094.9024400964636,2425.2364956932997,-4265.1855317428135,-503.11091367912815,-2072.623927992727,322.0275988275165,247.39759753086244,-1070.5389573329537,3505.726546354068,1306.898762993605,4808.403356078521,93.53241834374042,898.1535056857041,4904.083708767303,-539.5711359114514,1808.7538231941028,-1085.0552689961862,1206.7705712919635,-2517.482443376435,1814.787483829584,3118.4345472979667,2556.1555550756802,88.42090337813177,-1621.1992277976271,-3151.403548918819,-1142.0455829601644,-5232.491129441636,3813.7203967726177,2741.5659984439803,339.3238409285356,682.1793718018055,3396.7937951856197,216.3162184208081,-5511.666385423991,-236.45101888983143,-745.2250394336027,6055.245547487508,1608.443595252241,-650.3279373998247,446.0567523469745,-968.8119562222693,3422.4935614359506,-487.7254862762703,647.5049455118645,2907.348027839223,3108.524850524344,1779.8278140025593
4440.345926042526,5010.443017829029,-4322.245168441738,-2497.988396137312,3067.848094696092,-699.6030977449684,-1943.8291868761148,1469.7017786369518,1609.5525667390834,2425.2364956932997,2809.4659446143482,-4941.2305427306665,-582.252972042071,-2399.5900051835933,372.83324818848735,287.7870665569956,-1239.8655853137727,4059.775222215039,1512.8773942432003,5569.172368339811,108.11620868909431,1040.6568657816365,5679.69308852801,-624.8917790150668,2095.7983136026833,-1257.0421918312038,1396.365775351498,-2914.7870665365626,2101.110240161455,3610.0650257455013,2959.828352940326,102.7645652700746,-1876.6523783189607,-3650.6219358542494,-1323.8464218614356,-6060.50584880414,4417.005809052738,3176.9236546065035,394.503502789156,789.9116710127596,3934.5976668953526,251.38457946020938,-6383.403673487027,-273.4305289504576,-863.1647327994201,7012.067041848754,1863.2737294133672,-753.6334872889863,515.8365361260592,-1122.977205148774,3963.251936096692,-565.9121409651425,749.4516461214713,3366.547351127394,3598.9352595361534,2062.5222617851173
-7809.3137471855125,-8811.933512327238,7601.84989360711,4393.298247442242,-5395.892538241454,1230.2205442648028,3418.665739540663,-2584.5472001709245,-2830.738482103113,-4265.1855317428135,-4941.2305427306665,8690.588182511134,1023.9565393420011,4220.106993697328,-655.694506440012,-506.3607210039683,2180.6017019589726,-7140.012722849795,-2660.6316786468515,-9794.76763851422,-190.1119449096524,-1830.3219699999206,-9989.094093867372,1099.0184271437695,-3686.130519916492,2210.873974597857,-2455.623398154703,5126.200638083278,-3695.1825635056225,-6348.888274341361,-5205.460081830843,-180.79821978895302,3300.3761855428206,6420.62833522369,2328.503777157807,10658.92476819664,-7768.378900821279,-5587.682810029361,-694.090568836337,-1389.2205340700712,-6920.028483011487,-442.2680627845399,11226.74298319094,480.8206141112073,1518.0944350481282,-12332.243926898596,-3277.088115370868,1325.5224678207828,-907.0887288604512,1975.1862192051794,-6970.231606476276,995.4732317625135,-1318.0096993606762,-5920.769508361074,-6329.374056424762,-3627.645577148553
-920.7441938610594,-1038.9947682421512,895.8176593433594,517.9026776786372,-635.3956011000175,145.40056294631944,403.0346199050778,-305.1943757943458,-333.7721271165884,-503.11091367912815,-582.252972042071,1023.9565393420011,120.84706913330892,497.7452010686512,-77.33518308780766,-59.269290367288185,257.04537884587205,-841.8019074968772,-313.87476274161213,-1154.5140703829954,-22.480118739964436,-215.6074106969475,-1177.5187084300171,129.5579902384375,-434.1961121235726,260.49239398699376,-289.890834573866,604.5620479854217,-435.8218755203357,-748.9324155615622,-613.8212473600973,-21.192769154759194,389.36610098900974,756.597887312342,274.0917706622848,1256.3233602351997,-915.6987326268974,-658.0907331239366,-81.3151190400606,-163.81469658087656,-815.5421986067045,-51.84916478025955,1323.4015672964836,56.818214889430614,178.92761762455274,-1454.0138487643937,-386.1560737812981,156.1023472675588,-107.18359036927424,232.5217797514587,-821.8302139515225,116.99677793280017,-155.52088647813085,-698.1477680212623,-746.516327871759,-427.2269525625813
-3793.7671931200653,-4280.938934987536,3691.781945196916,2134.054978804905,-2619.2716641465304,598.5514251821014,1660.6924130969142,-1256.777675285471,-1375.2215641000812,-2072.623927992727,-2399.5900051835933,4220.106993697328,497.7452010686512,2050.593977452813,-318.60510726836526,-244.87725921626472,1059.1958253533371,-3468.544700840673,-1292.9924096620775,-4757.473009482859,-92.52450698362496,-888.6724625543297,-4852.116016971317,533.8521404661641,-1789.665397544458,1073.5875597662648,-1193.8813129654898,2490.736928404782,-1795.5006149240721,-3085.26321105236,-2529.0204362176514,-87.51276472875489,1603.9435144916165,3118.073345149444,1130.0382063662992,5177.080745265847,-3773.316987681132,-2712.6556099294316,-335.849562800208,-674.9377319366239,-3360.845223993215,-214.092707666632,5453.263072232437,233.9119559960457,737.3342850298494,-5991.010918025998,-1591.434955402921,643.4728366098395,-441.2684391774622,958.6212306957419,-3386.1835676684223,482.6414170570469,-640.6065372945711,-2876.490053598049,-3075.4863907966424,-1761.063951658143
589.4479842798753,665.1409165073571,-573.6055797378183,-331.5745424031691,406.96909401972687,-92.99605127813587,-258.02658952276164,195.2656495105728,213.67180267569452,322.0275988275165,372.83324818848735,-655.694506440012,-77.33518308780766,-318.60510726836526,49.502357261178446,38.050332606939214,-164.57054348782555,538.9174861855895,200.89450159579664,739.1838873515933,14.375319956757638,138.0768522403011,753.8881677389069,-82.94620920568423,278.06813856516203,-166.80749790028028,185.4940041643398,-386.9914257479521,278.9707890519918,479.36309250554166,392.9402505072994,13.5979816653966,-249.2073736861855,-484.4665472732132,-175.5803117983755,-804.3800434463041,586.2721424690976,421.4778251659396,52.18557679603101,104.86677203340605,522.1862266688089,33.26627862305787,-847.290315902137,-36.34262866052688,-114.56207794952132,930.8397435538501,247.26719565890292,-99.9794266256381,68.55940959694314,-148.94616450390657,526.1204831785915,-74.99197589228866,99.53191166877028,446.92763245572763,477.8448633805165,273.62477841289274
453.79761668425584,511.9847839271236,-442.65126185038116,-255.4534662327222,315.1121974366302,-70.79794440063617,-198.731157930583,149.2747267157846,164.4573294266904,247.39759753086244,287.7870665569956,-506.3607210039683,-59.269290367288185,-244.87725921626472,38.050332606939214,30.268412561688233,-126.82138192371983,414.96217310599417,154.26249443458016,569.8000247627695,10.919932944666424,106.73766286792686,580.9109573685024,-63.90268993090466,215.00253673232348,-128.81900309386143,141.98403210554764,-297.5587150591194,214.43838510547272,368.1961813765072,302.33185420827505,10.748082952946904,-191.31431104832438,-373.91273701975086,-136.18063636481173,-620.1677307912015,451.84658937626614,326.0962128051883,41.34941700055864,80.68642011569364,402.8090876881892,26.277336007053716,-652.9087188936414,-27.690812654801622,-88.33481594503805,716.6220723144971,190.86731568631626,-77.37949894551542,52.25242460212915,-115.4789632392247,405.00630724066895,-58.57452177193453,76.34891342353754,343.91952260346574,367.28726929730203,211.74763363391446
-1959.8454009998015,-2211.4881552554534,1907.5036727867882,1102.5048755190023,-1353.6940269712024,308.948758021528,857.9348978252023,-648.9017078619258,-710.4204084285572,-1070.5389573329537,-1239.8655853137727,2180.6017019589726,257.04537884587205,1059.1958253533371,-164.57054348782555,-126.82138192371983,547.2168898828858,-1791.8584426070122,-667.8240724016531,-2457.9293146920563,-47.74966942852074,-459.2275267143983,-2506.753033591994,275.8006554452494,-924.8372070956166,554.7416875660901,-616.4856246707559,1286.5827447176514,-927.4398999517906,-1593.556850867489,-1306.423079311414,-45.30013438495808,828.4135200608786,1611.0910289862284,584.1026157358277,2674.7543444033586,-1949.4424426892153,-1401.875047411177,-173.88230886161483,-348.65476421854544,-1736.4593224183923,-110.81748276300495,2817.332819285616,120.74374403765272,380.94884712076964,-3094.9321894711256,-822.2939469503464,332.5491472957138,-227.78445541327218,495.48488686145294,-1749.277037620805,249.6055648123706,-330.84406560488236,-1485.932535389937,-1588.591186853043,-910.1160659597516
6417.648935684371,7241.699161825013,-6245.904087798566,-3610.1670519798217,4432.1677872721475,-1011.93823828078,-2809.338963262623,2125.2229687388804,2326.3345286523167,3505.726546354068,4059.775222215039,-7140.012722849795,-841.8019074968772,-3468.544700840673,538.9174861855895,414.96217310599417,-1791.8584426070122,5867.542033532602,2186.9685967386936,8048.418522079912,156.40838868063756,1503.627432121372,8208.364604002178,-903.1133515550049,3028.135978851066,-1816.407571591194,2018.9972758685312,-4213.127921057022,3037.0761816702075,5218.493842000692,4278.0323597152,148.2457584476266,-2712.8771564448507,-5275.317967748263,-1912.350438255756,-8758.36893316239,6383.4199383484,4590.001472457335,569.0005285908056,1141.7097345016575,5685.892458019193,362.658425400598,-9225.349568448435,-395.4792964028695,-1247.3978294827534,10134.569709907808,2692.491114433548,-1088.8196758062006,746.0714331522361,-1622.2308575259278,5728.14072338956,-817.0719178005414,1083.4637616957702,4865.840342101634,5202.147243469374,2979.8755749614456
2392.0363771537654,2699.2188003825277,-2327.585397573956,-1345.5329587075942,1651.24374209383,-377.50902408692355,-1047.0836554932037,792.5683044380999,867.1070684206409,1306.898762993605,1512.8773942432003,-2660.6316786468515,-313.87476274161213,-1292.9924096620775,200.89450159579664,154.26249443458016,-667.8240724016531,2186.9685967386936,815.3104319951735,2999.567818514913,58.35898626388291,560.2621648885299,3059.2712996563696,-336.59676649759706,1128.2851107094157,-676.8596242741456,752.8784403993812,-1570.505586182253,1132.1411532939496,1945.431713552663,1594.6168534424362,55.13907964030586,-1011.3905759758269,-1965.8680143095194,-712.367387799691,-3264.113203837201,2379.072790938217,1710.1500441432158,211.59420823817325,425.5666444047838,2118.9599802508637,134.89555299564842,-3438.2923105450304,-147.5260505415092,-464.88287740760126,3777.437202990699,1003.3567053710858,-405.66347794471704,278.3017900810581,-604.3136466807435,2135.0530523435204,-304.19577780786045,403.9525823819763,1813.6990712440002,1939.2307521024081,1110.228099999998
8802.94669241588,9933.224385185544,-8568.020667577604,-4952.1007520281455,6080.624325485942,-1387.5581190683126,-3853.560468448853,2914.4661543368247,3190.9554194392526,4808.403356078521,5569.172368339811,-9794.76763851422,-1154.5140703829954,-4757.473009482859,739.1838873515933,569.8000247627695,-2457.9293146920563,8048.418522079912,2999.567818514913,11040.287906762425,214.4504657424205,2062.7636866157836,11259.552263308455,-1238.8085076493112,4154.20268390762,-2491.773972487721,2768.9030035643787,-5778.8217784999515,4165.683411671764,7157.563768077213,5867.969883102861,203.51904234566734,-3720.856219777056,-7236.618898640916,-2623.754291383683,-12014.220014015109,8756.302464147397,6297.005837064595,781.214499162654,1566.0285667859296,7799.706055350324,497.86476367869585,-12654.584129179868,-542.2910730896161,-1711.113089579892,13901.362973780924,3693.543517292533,-1493.7636003958098,1023.0407285414605,-2225.681366437894,7857.140306872593,-1121.2817106996094,1485.9907170890538,6674.268257226326,7135.303010926093,4088.1080443062424
171.08293560235637,193.06324234859517,-166.35129218366063,-96.21360620278386,117.89104628574911,-27.092708088519323,-74.87957063898737,56.80842559611285,62.02199668090796,93.53241834374042,108.11620868909431,-190.1119449096524,-22.480118739964436,-92.52450698362496,14.375319956757638,10.919932944666424,-47.74966942852074,156.40838868063756,58.35898626388291,214.4504657424205,4.1910405971195805,40.020289043938234,218.74489768211146,-24.068806999109114,80.58944691403846,-48.36391279033235,53.94276167980587,-112.36894106012858,81.01148657648723,139.23972154903848,114.07096879336866,3.9111943088216203,-72.39958772622855,-140.49373068973148,-50.832905227585506,-233.35089546237387,170.09838031156335,122.12571855817635,14.997322803187943,30.44281235508323,151.45974830446218,9.570546609193812,-245.8426963274546,-10.584821273747531,-33.23337825816133,270.1696850976163,71.7034126753501,-28.966369459955967,19.966150839101694,-43.1275666348641,152.70735454978052,-21.659020686542025,28.923692302305994,129.73729914488248,138.76602551212306,79.27870571172102
1644.569013156678,1855.7023129940103,-1600.9898146427793,-925.2073118549836,1136.5146764784715,-258.98899317816523,-719.9481988316523,544.1704737479826,596.1228359125836,898.1535056857041,1040.6568657816365,-1830.3219699999206,-215.6074106969475,-888.6724625543297,138.0768522403011,106.73766286792686,-459.2275267143983,1503.627432121372,560.2621648885299,2062.7636866157836,40.020289043938234,385.49487160781723,2103.6649470219527,-231.4478273617076,776.3626056918247,-465.63163802896804,517.0448056382954,-1079.4908534714186,778.136090034489,1336.9272586491518,1096.2025461908147,38.103897689026674,-694.9713662756749,-1352.2235792812073,-490.4674779843323,-2244.765640172418,1636.0006100036887,1176.8843324279808,146.29278553610274,292.55197269862515,1457.3775513382434,93.20786220797396,-2364.3118491045802,-101.22596010635556,-319.7110558431549,2597.055887332702,690.1775061785918,-279.1858113512305,190.96864255289955,-416.041313875467,1467.8621505955175,-209.72607520780903,277.5313349695379,1246.842653787437,1332.8451586386764,764.0637162543691
8977.903427386547,10130.664113118113,-8738.078001174605,-5050.482251789079,6201.080893219425,-1415.3102763062768,-3930.130644132194,2972.621732941788,3254.3841884925364,4904.083708767303,5679.69308852801,-9989.094093867372,-1177.5187084300171,-4852.116016971317,753.8881677389069,580.9109573685024,-2506.753033591994,8208.364604002178,3059.2712996563696,11259.552263308455,218.74489768211146,2103.6649470219527,11483.220379304259,-1263.4197030489404,4236.563421520183,-2541.209942971391,2824.114629207447,-5893.756652721685,4248.548420109093,7300.005362795341,5984.634164452143,207.50266871844704,-3794.926462602209,-7380.239713691912,-2675.6800811704175,-12252.802646258051,8930.22383844941,6421.803686604504,796.4836742784902,1597.1634175213508,7954.549436646362,507.6135336925862,-12905.958398365614,-553.1322027592677,-1745.091054748832,14177.650201133867,3766.8414045092063,-1523.3622735258323,1043.489522727867,-2269.7387102094604,8013.3075464942785,-1143.3826352549543,1515.5853465705493,6806.952185295704,7277.245180086697,4169.118784955648
-987.7815770564172,-1114.613497378377,961.3829935846275,555.6702903063805,-682.2447045120642,155.72677697219336,432.4062874551,-327.07081533780496,-358.0596649243017,-539.5711359114514,-624.8917790150668,1099.0184271437695,129.5579902384375,533.8521404661641,-82.94620920568423,-63.90268993090466,275.8006554452494,-903.1133515550049,-336.59676649759706,-1238.8085076493112,-24.068806999109114,-231.4478273617076,-1263.4197030489404,139.00551110054198,-466.1114194477166,279.58855209464144,-310.72884500725235,648.4568498518784,-467.4445810784439,-803.1829451339966,-658.4532935534552,-22.82697352080979,417.5378691096741,811.989994478875,294.3764328968235,1348.0875037771941,-982.5299962365037,-706.5315718765572,-87.61849090491117,-175.7262706371226,-875.1792852577096,-55.84179377540409,1419.953470038789,60.86094123243997,191.99968108263928,-1559.8766497726017,-414.435771626274,167.6011429464627,-114.81461920402944,249.71555999930862,-881.653663775904,125.78941608483056,-166.75341331947706,-748.9274303643322,-800.6757884213843,-458.6890013268047
3311.973055011732,3737.167260906518,-3224.2582022030574,-1863.269782382847,2288.893338696579,-521.5371699849038,-1449.896876657326,1095.8479859694887,1200.520963878126,1808.7538231941028,2095.7983136026833,-3686.130519916492,-434.1961121235726,-1789.665397544458,278.06813856516203,215.00253673232348,-924.8372070956166,3028.135978851066,1128.2851107094157,4154.20268390762,80.58944691403846,776.3626056918247,4236.563421520183,-466.1114194477166,1563.5480123759578,-937.7471117443321,1041.2307622668839,-2173.953240892526,1567.0612860963324,2692.378509156803,2207.617625088657,76.7498146706842,-1399.5673530480212,-2723.26634244547,-987.7917888273896,-4520.741824525026,3294.7401563394724,2370.184580050618,294.67121402698524,589.163874187187,2935.0277427731453,187.74080593476253,-4761.480523676134,-203.84410182835992,-643.867683897009,5230.172080126185,1389.9615523736243,-562.2670694040661,384.5643881576679,-837.8969271608777,2956.1040015194653,-422.40315494378314,558.9033660737136,2510.99062978211,2684.1696691165994,1538.787146938922
-1986.6765342687163,-2241.7412003926756,1933.8998727421392,1117.648143012039,-1372.709245309283,312.96471093710767,869.703069353769,-657.502736635911,-720.1351281143876,-1085.0552689961862,-1257.0421918312038,2210.873974597857,260.49239398699376,1073.5875597662648,-166.80749790028028,-128.81900309386143,554.7416875660901,-1816.407571591194,-676.8596242741456,-2491.773972487721,-48.36391279033235,-465.63163802896804,-2541.209942971391,279.58855209464144,-937.7471117443321,562.4433761627721,-624.705132219586,1304.0963445846708,-940.0477781093235,-1615.1452451102311,-1324.2601477695944,-45.99524784416414,839.6093266411046,1633.3988629205853,592.3692456227279,2711.614421043956,-1976.2636238750124,-1421.5000552658742,-176.5775073293092,-353.41533101527796,-1760.4451915901725,-112.51340850372262,2856.0659337213738,122.31947674797992,386.2009548042337,-3137.3025063075947,-833.6866744742144,337.21142938923725,-230.76096866443413,502.48550444735486,-1773.215357836029,253.24818898568364,-335.29901737656786,-1506.233727912592,-1610.18130594441,-922.8689232235818
2208.346932870603,2491.9785307482302,-2148.37943242524,-1242.1248174933671,1523.643149722692,-348.8727651124837,-966.6384284283512,732.1729517313134,800.5387121303263,1206.7705712919635,1396.365775351498,-2455.623398154703,-289.890834573866,-1193.8813129654898,185.4940041643398,141.98403210554764,-616.4856246707559,2018.9972758685312,752.8784403993812,2768.9030035643787,53.94276167980587,517.0448056382954,2824.114629207447,-310.72884500725235,1041.2307622668839,-624.705132219586,695.4279622373216,-1450.0690552127771,1045.3491789990255,1796.4152310237923,1472.2430151630158,50.780892212561426,-933.9645055778154,-1814.4892748487184,-657.2166154592451,-3013.055677075282,2196.159743955974,1578.1083314637265,194.8249776678604,392.90745022084934,1955.8883561735577,124.24093002434932,-3173.989747243943,-136.3250746336185,-429.12276580523337,3487.3610197835783,926.0832932057913,-374.3305571935156,257.1652107797596,-557.5478730837362,1971.1144995683208,-280.4631139863745,373.05535928372046,1674.4906011447404,1790.5751592601328,1024.4867979120127
-4608.156495979485,-5199.896804542324,4484.402345337702,2592.18379335762,-3181.749857672724,726.9456055742064,2017.1950301262978,-1526.4397060391907,-1670.4286570505938,-2517.482443376435,-2914.7870665365626,5126.200638083278,604.5620479854217,2490.736928404782,-386.9914257479521,-297.5587150591194,1286.5827447176514,-4213.127921057022,-1570.505586182253,-5778.8217784999515,-112.36894106012858,-1079.4908534714186,-5893.756652721685,648.4568498518784,-2173.953240892526,1304.0963445846708,-1450.0690552127771,3025.367083091972,-2180.892693604141,-3747.4612252005572,-3071.8915056736546,-106.33162845079457,1948.1902094392285,3787.525210608586,1372.736592749617,6288.525289072088,-4583.374557573627,-3295.1581774771953,-408.0830133088753,-819.8177219268026,-4082.39489820085,-260.12950044664973,6623.959632144041,284.09071361215695,895.6303523747823,-7277.071417124514,-1933.1198504071606,781.6521153486848,-535.9309789312969,1164.4991776636396,-4113.074489687656,586.3467279259706,-778.0896697196919,-3493.953595301179,-3735.616294773714,-2139.231614182473
3321.8410358303004,3748.408975767923,-3232.5666771178157,-1868.5932274385111,2293.4888709684583,-524.0760151131718,-1454.1123327944538,1100.4161410061183,1204.1497260832025,1814.787483829584,2101.110240161455,-3695.1825635056225,-435.8218755203357,-1795.5006149240721,278.9707890519918,214.43838510547272,-927.4398999517906,3037.0761816702075,1132.1411532939496,4165.683411671764,81.01148657648723,778.136090034489,4248.548420109093,-467.4445810784439,1567.0612860963324,-940.0477781093235,1045.3491789990255,-2180.892693604141,1572.141352999556,2701.451720343133,2214.4184150067913,76.63310064055895,-1404.4081360484413,-2730.2220005779154,-989.4903709323399,-4533.098063760531,3303.9462223742635,2375.251988311622,294.09879822908186,590.977667714048,2942.790918556169,187.4761200731276,-4774.917811245961,-204.8077455180153,-645.6166787208183,5245.758289349923,1393.4799198506266,-563.4374485097693,386.3644864096623,-839.3922538320278,2964.957957086206,-422.62272144599075,560.9117494673044,2518.6650735067324,2692.8971330591953,1542.0215784829304
5707.814449569588,6440.796299370468,-5554.129959151311,-3210.6942070820232,3940.3373888627902,-900.7211400872711,-2498.53214154469,1891.0985434905306,2069.0638760414263,3118.4345472979667,3610.0650257455013,-6348.888274341361,-748.9324155615622,-3085.26321105236,479.36309250554166,368.1961813765072,-1593.556850867489,5218.493842000692,1945.431713552663,7157.563768077213,139.23972154903848,1336.9272586491518,7300.005362795341,-803.1829451339966,2692.378509156803,-1615.1452451102311,1796.4152310237923,-3747.4612252005572,2701.451720343133,4642.051671847608,3805.0145477752035,131.5998270094437,-2413.298501468492,-4690.997924219271,-1699.9347093391555,-7788.832838008653,5676.9312854672835,4080.879176452125,505.0198106370709,1015.4711632484923,5056.287441063743,321.95199175202987,-8204.42454017963,-351.9934955514019,-1109.3052563393003,9013.62131164632,2394.234676093104,-968.0250654992213,664.0226280738867,-1442.0796941246504,5094.603774420763,-725.9494181184276,963.8728387823727,4327.785272684572,4627.281518141413,2649.3082047509615
4679.132296808087,5279.969853229878,-4553.676873140324,-2632.145150999798,3231.1067598801437,-737.9867797776014,-2048.280780586607,1549.7446609406732,1696.1487760071916,2556.1555550756802,2959.828352940326,-5205.460081830843,-613.8212473600973,-2529.0204362176514,392.9402505072994,302.33185420827505,-1306.423079311414,4278.0323597152,1594.6168534424362,5867.969883102861,114.07096879336866,1096.2025461908147,5984.634164452143,-658.4532935534552,2207.617625088657,-1324.2601477695944,1472.2430151630158,-3071.8915056736546,2214.4184150067913,3805.0145477752035,3119.170209676293,108.02386357687648,-1978.0908143719935,-3846.04422026518,-1394.0761251625365,-6385.558126084551,4654.06499324287,3346.225583069103,414.59722591970507,832.4355155686131,4145.42769331332,264.2660837549456,-6726.101506805111,-288.4101252647584,-909.4517672248404,7389.153939627484,1962.9924646050436,-793.7709441392866,544.082271496857,-1182.5929989363578,4176.417630915717,-595.5416869283167,790.0198333676072,3547.737760654259,3793.03787012716,2172.393562911077
162.12466310775952,182.91855453872515,-158.07173007299747,-91.25139075751167,112.45638409645761,-25.347107333423086,-70.99340325656974,53.40122576216967,58.75718605065915,88.42090337813177,102.7645652700746,-180.79821978895302,-21.192769154759194,-87.51276472875489,13.5979816653966,10.748082952946904,-45.30013438495808,148.2457584476266,55.13907964030586,203.51904234566734,3.9111943088216203,38.103897689026674,207.50266871844704,-22.82697352080979,76.7498146706842,-45.99524784416414,50.780892212561426,-106.33162845079457,76.63310064055895,131.5998270094437,108.02386357687648,3.8210549415912682,-68.38590647722606,-133.52168901295062,-48.58433229286279,-221.50170598561817,161.39435228714626,116.39307558357011,14.693515452627832,28.82937835643085,143.85488459600887,9.342975091465743,-233.21864760556494,-9.912298482910105,-31.549442718878552,256.02202751262104,68.15568622779932,-27.617236044457812,18.703473677867233,-41.201675091420285,144.69590277831236,-20.869817784778665,27.295273470925792,122.87990989348678,131.25759322616227,75.57578273324168
-2967.2616715709632,-3348.317777617384,2887.2639058359637,1669.0917691732277,-2048.244703213867,468.32692501132846,1298.8773915891632,-983.2093916437764,-1075.626679300303,-1621.1992277976271,-1876.6523783189607,3300.3761855428206,389.36610098900974,1603.9435144916165,-249.2073736861855,-191.31431104832438,828.4135200608786,-2712.8771564448507,-1011.3905759758269,-3720.856219777056,-72.39958772622855,-694.9713662756749,-3794.926462602209,417.5378691096741,-1399.5673530480212,839.6093266411046,-933.9645055778154,1948.1902094392285,-1404.4081360484413,-2413.298501468492,-1978.0908143719935,-68.38590647722606,1254.6296371381636,2438.567645678022,883.6280914238449,4049.010199643125,-2951.1581225967325,-2121.3249860275105,-262.4238078653604,-527.9070014674382,-2628.4809450664925,-167.3041571667877,4265.088482187677,183.01555365122843,576.6694007491353,-4685.8170725233085,-1244.616053207956,503.19682159393955,-345.25060943829897,749.599094905332,-2648.4819524799846,377.3089427544769,-501.10580653616904,-2249.85574244495,-2405.594500471037,-1377.1605081865644
-5769.838929969288,-6510.6336106780145,5616.332945764118,3245.908371945424,-3986.3225941517708,909.106400008035,2525.8314597674307,-1909.7927846293687,-2091.47374869334,-3151.403548918819,-3650.6219358542494,6420.62833522369,756.597887312342,3118.073345149444,-484.4665472732132,-373.91273701975086,1611.0910289862284,-5275.317967748263,-1965.8680143095194,-7236.618898640916,-140.49373068973148,-1352.2235792812073,-7380.239713691912,811.989994478875,-2723.26634244547,1633.3988629205853,-1814.4892748487184,3787.525210608586,-2730.2220005779154,-4690.997924219271,-3846.04422026518,-133.52168901295062,2438.567645678022,4743.622424696273,1720.1793682501886,7875.056120535281,-5739.489600595007,-4128.064551201164,-512.572950093448,-1026.4227286519592,-5112.629949606949,-326.623938107601,8294.64589223766,355.31111552332834,1121.6008416684285,-9111.564396355408,-2421.1389798027462,979.2631388772652,-670.3066005313822,1459.1758222936644,-5149.898843238251,735.3174799587316,-973.8582337513179,-4374.538746683249,-4676.524774376483,-2680.0200211576216
-2091.571285942779,-2360.053452183643,2036.6115966704335,1176.765036391029,-1446.2211303354522,329.031060183016,915.671196931315,-691.6124707016698,-758.1335271519345,-1142.0455829601644,-1323.8464218614356,2328.503777157807,274.0917706622848,1130.0382063662992,-175.5803117983755,-136.18063636481173,584.1026157358277,-1912.350438255756,-712.367387799691,-2623.754291383683,-50.832905227585506,-490.4674779843323,-2675.6800811704175,294.3764328968235,-987.7917888273896,592.3692456227279,-657.2166154592451,1372.736592749617,-989.4903709323399,-1699.9347093391555,-1394.0761251625365,-48.58433229286279,883.6280914238449,1720.1793682501886,624.2244142092258,2855.3028142089843,-2080.8924452697493,-1497.4812753985393,-186.57494683802943,-372.0482006389605,-1853.8515367739828,-118.83713196694447,3007.2121159641574,128.61219076083478,406.6707779912647,-3302.9478995264703,-877.9942321258437,355.250622147696,-242.64075215468694,529.4817523118459,-1866.8180322032304,267.1025033825209,-352.84297693983166,-1585.6718081371228,-1694.8580504191848,-972.2233840700596
-9579.446063807995,-10809.415031798668,9323.911876990443,5388.94085726932,-6617.186351873213,1509.8664495486694,4193.488503124437,-3171.4335119700136,-3472.4219265553024,-5232.491129441636,-6060.50584880414,10658.92476819664,1256.3233602351997,5177.080745265847,-804.3800434463041,-620.1677307912015,2674.7543444033586,-8758.36893316239,-3264.113203837201,-12014.220014015109,-233.35089546237387,-2244.765640172418,-12252.802646258051,1348.0875037771941,-4520.741824525026,2711.614421043956,-3013.055677075282,6288.525289072088,-4533.098063760531,-7788.832838008653,-6385.558126084551,-221.50170598561817,4049.010199643125,7875.056120535281,2855.3028142089843,13074.080819047442,-9528.741215566079,-6852.63442039437,-850.2525232946217,-1704.1612782222894,-8487.797083931533,-541.853572442432,13770.898763386052,590.0946343942575,1862.0636449960646,-15127.588427701712,-4019.4023191571187,1625.5715423136116,-1113.224479923997,2422.0948109119263,-8550.206936102793,1220.280467468675,-1617.0382660262867,-7262.9819611521325,-7764.6368027627605,-4448.835117423554
6981.862571981791,7878.3242315747975,-6795.4524594392615,-3927.634525970337,4822.569309395778,-1100.5745753274564,-3056.359559482501,2311.6284506214042,2530.839094687448,3813.7203967726177,4417.005809052738,-7768.378900821279,-915.6987326268974,-3773.316987681132,586.2721424690976,451.84658937626614,-1949.4424426892153,6383.4199383484,2379.072790938217,8756.302464147397,170.09838031156335,1636.0006100036887,8930.22383844941,-982.5299962365037,3294.7401563394724,-1976.2636238750124,2196.159743955974,-4583.374557573627,3303.9462223742635,5676.9312854672835,4654.06499324287,161.39435228714626,-2951.1581225967325,-5739.489600595007,-2080.8924452697493,-9528.741215566079,6944.82835301711,4994.202335053351,619.5094631514442,1242.0647049091172,6186.101119848567,394.8172811485836,-10036.655320562153,-430.12915691754876,-1357.1205951928669,11025.558932324233,2929.4122088378426,-1184.7130141322375,811.4443393806614,-1765.1854010823035,6231.7201305958015,-889.2527894974949,1178.6028201946872,5293.560774605545,5659.2549355043775,3242.3054276502985
