V1,V2,V3,V4,V5,V6,V7,V8,V9,V10,V11,V12,V13,V14,V15,V16,V17,V18,V19,V20,V21,V22,V23,V24,V25,V26,V27,V28,V29,V30,V31,V32,V33,V34,V35,V36,V37,V38,V39,V40,V41,V42,V43,V44,V45,V46,V47,V48,V49,V50,V51,V52,V53,V54,V55,V56
0.33775625598213144,-0.07151301297554477,0.07336285216778907,-0.7496865663374548,0.2037261324126883,0.27481197041135197,0.1742962633314225,0.7502016627987999,0.13772226596689302,-0.016673981725632843,0.6883581189250347,0.4441987027178122,-0.8618809601314343,0.12108882738630647,-0.29743941530063595,0.09631301654386425,-0.15896544686733877,-0.06910961856638635,-0.024615646077438706,0.173865543650681,0.22884687135782347,-0.48584281145600827,0.5219699285234772,-0.19729963994242364,0.24208790335602748,-0.23775976983522787,0.4492485790311819,0.2082583037439139,-0.04184505777169042,-0.18946317535879983,0.371514755239829,-0.09185367035346145,-0.6419352730402103,0.7362429736273882,-0.6058311771425431,-0.1686202566610482,1.4169562336612447,-0.6462802074658884,-0.33677821932079793,-0.7293480694581731,-1.5680895823435466,0.24878928499603928,0.9476631103650215,0.2092434665960493,-0.044610969402099604,-0.040053147691121026,-0.9790134821384283,0.40337751254660065,0.9174637578792544,-0.2635939833570318,-0.033661459078808374,-0.4385516328487766,0.4907469110026523,0.7290394486101788,-0.36527844402454607,-0.11923901165104424
-0.07151301297554477,2.700388214619205,2.022126223027741,-0.5310984195041171,-1.2755213176315356,-1.1424405335129286,-2.2662446156733638,-8.931953773702993,-0.35911692899304193,-0.26664081834102954,-6.121824263684613,-0.9536100203540703,1.6791432116950136,-3.457985859931857,4.216892058955355,-0.8362214692719925,2.9820140863944102,2.853906353879903,2.0854839157362837,-4.571416333519038,-1.1081821620806782,0.4003421248315588,-4.570400571133016,2.7865854116337125,0.3158727625878409,-2.1106049000736786,-2.0927250517878955,-1.5569709562184635,-4.54319269878538,3.342124788854471,0.8116248166138411,-0.9524775151150692,4.868664603449122,-4.428933793695624,2.453964164405576,1.8910788079213028,-6.76511575529322,4.917772951568669,2.7797351399846155,3.495761632135116,8.005058324233955,4.834434847399569,-1.4279183568337688,1.8530899772613287,0.4874948823857783,1.4769776347323649,6.578332727398032,-3.0856861651469956,-4.127491602956781,4.597069902304684,3.966375478960664,2.249692484755607,-1.304800730484925,-0.6321689401448614,0.5149614924047808,2.145900994949471
0.07336285216778907,2.022126223027741,1.6325341855998168,-0.5617197020434611,-0.8646934736116945,-0.774590308663226,-1.5715780452366792,-6.639476614937908,-0.43375918348745873,-0.0665885818804253,-4.529920613952197,-0.6579834652057003,0.791476587699382,-2.626527055464628,3.2521848380947156,-0.6985100527311837,2.2426978524800623,2.1838729042452285,1.5165561657460873,-3.3536459827676395,-0.8689465941463329,0.29007391075372707,-3.3994739505943543,2.017126090964478,0.38690720251969796,-1.7397142209483347,-1.2988437495372462,-1.3033401174419093,-3.452759266496591,2.396717014855909,0.597165536005677,-0.701078810947028,3.8074232005843007,-3.022215251087746,1.6704987827994104,1.5769887060839018,-4.718827524565235,3.49682613579855,1.9839458172229778,2.4279729196657867,5.683293129610469,3.9190452892646745,-0.9029721955315453,1.3300166731590435,0.3940153329082239,1.107723732863159,4.722053070181763,-2.259213312351552,-2.88145257039913,3.3154200134362632,3.184011656614972,1.5407050068741461,-0.8715646563872487,-0.2536472142614951,0.21635453407454275,1.605259098453762
-0.7496865663374548,-0.5310984195041171,-0.5617197020434611,2.1925695694929632,-3.7354732633930156e-4,-0.3990780894379044,0.4126284857390112,0.3755964835247998,-0.8156641702374285,0.5474822728634388,-0.2690582830427932,-1.0054755175730417,1.2312979727813236,0.6243914506092664,-0.09816142693772856,-0.1568306729624718,-0.41584393534270253,-0.5882092308848526,-0.6132822755863775,0.9739242369360795,-0.49472985209244436,1.415420615306097,-0.21019223907089718,-0.34137257655170217,-0.4560685122760204,0.9012315574581765,-0.23386079597612847,-0.6089360614060918,1.4439973514089415,-0.7467336196044083,-1.4704572975096313,0.5000398586917535,1.014632830375787,-0.37686823219189797,0.6810588402742228,0.3641818181256034,-1.6512616179450499,0.06430136627002174,0.04931949595317821,0.8172956017846622,1.9159954916483504,-1.5974145344382038,-2.296967306592211,-1.347561290946024,0.07951907274830232,-0.41301931325938557,0.6057273961053635,-0.3016132170409319,-1.2849416063167811,-0.8706087150883577,-0.5194008470904362,0.4050969075803428,-0.9419009139742975,-1.6348654654350314,0.5928690048136004,-0.2700680064334955
0.2037261324126883,-1.2755213176315356,-0.8646934736116945,-3.7354732633930156e-4,0.7589699068790795,0.6250850360797577,1.214180838754225,4.455260073704407,0.008020873766898216,0.2971392587631578,3.0912686341935673,0.5849133062931159,-1.272821610231842,1.6992473656354534,-2.0159248971861152,0.4150080724312943,-1.4924288789879965,-1.3906580345659294,-1.014419229682182,2.278310188113518,0.5434587109890523,-0.29061998797760225,2.3346061008758725,-1.410732553741427,0.051280069451274335,0.7633104114381732,1.255766355025796,0.6222760248355604,2.1804362696467017,-1.7932274834595208,-0.336196396400369,0.37297208689488154,-2.3104405826378778,2.460976538341089,-1.5112844077807899,-0.8082251768264677,3.8117117326501475,-2.6881862879220235,-1.450097439014643,-1.9775315424655207,-4.359227754391482,-2.0838281294533445,0.9355539250243513,-0.8836231497423195,-0.21003804757879088,-0.7862821434158445,-3.5530080237515778,1.55712718427935,2.2608823168843717,-2.3806411955616644,-1.7070057165659902,-1.2634878354535541,0.7926365015501726,0.6052199398037033,-0.4622444254305587,-1.0571245056484857
0.27481197041135197,-1.1424405335129286,-0.774590308663226,-0.3990780894379044,0.6250850360797577,0.6889064082271837,0.9985378113365357,4.157762416017932,0.35674178848373905,-0.00312211806016376,2.999173669941775,0.742606130792739,-1.2975929253780345,1.443128212707729,-1.9383199504949022,0.4022177047057737,-1.284902480340787,-1.173469602603165,-0.8333810421986515,1.9207619619287237,0.6533321775138892,-0.5799949153778788,2.2343084077770836,-1.2501634442735652,0.008427923254140681,0.7295514984586747,1.1509952461605915,0.8806493592075214,1.734786652911571,-1.3903827531432613,0.019740028269420774,0.3387689406283225,-2.5403761168917085,2.3065075099751735,-1.3785685348099612,-0.9517894922824999,3.7518474202867385,-2.400247529442652,-1.3624559876095401,-1.9367493875550033,-4.420801072886476,-1.7547845442429006,1.3707315285129171,-0.5307216244940485,-0.24754679484422754,-0.5715184417960135,-3.3349448699373174,1.5751759478695102,2.3891953103050496,-1.9694447518379417,-1.6818957390501637,-1.2228106779150385,0.9131550203636484,0.8135249781656303,-0.45477772404422484,-0.9439446538651004
0.1742962633314225,-2.2662446156733638,-1.5715780452366792,0.4126284857390112,1.214180838754225,0.9985378113365357,2.0873553244289758,7.52854454234112,-0.03891258884359721,0.4999214375024116,5.135351797275706,0.7868235889325151,-1.8809281484904794,2.9168559750839504,-3.4000434561701,0.6262306293882013,-2.5349011301565856,-2.397607449576876,-1.827035301650976,3.9792490135175513,0.829094785208495,-0.22946360097583304,3.8406145153739626,-2.428455406166347,-0.06672990626569326,1.5546510925685506,2.052938654666864,1.016992519465019,3.87175903674989,-3.0429590001477562,-0.8176100651897562,0.7914776782042269,-3.7366801567087817,4.029915967532464,-2.2828112821096833,-1.3237922149716672,5.987619456412021,-4.3901921178825,-2.4240105184918668,-3.111742836548765,-6.913334962287636,-3.788826629914736,1.1793401426800778,-1.7234371363102228,-0.3528871190376047,-1.3176653294838356,-5.745335486008724,2.5838729277500745,3.5709183570742637,-4.0914996265244685,-3.0293848376685197,-2.025847159962413,1.1453487900023052,0.6828574812795936,-0.6197074697659078,-1.8145476108362428
0.7502016627987999,-8.931953773702993,-6.639476614937908,0.3755964835247998,4.455260073704407,4.157762416017932,7.52854454234112,30.644339298982782,1.7515556355020168,0.6187227519075476,21.346720731576816,3.9871685189093826,-6.4783076173724234,11.619842080850178,-14.570762483875606,3.0991606003584886,-10.099696755393168,-9.553012240579912,-6.747329686999621,15.136756256445416,4.187762252824566,-2.3648538643423826,16.006165431870794,-9.371020000974097,-0.7497139573299751,6.596626111613676,7.2867540173675245,5.757633919921425,14.81513863726717,-11.140771393396335,-1.80152247237688,2.83339479027617,-17.5674545902795,15.485320242783507,-9.069306499185219,-6.827945486238115,24.539161106771864,-17.127914188344644,-9.603775230571788,-12.65345620208558,-28.951787342405726,-15.765551554996492,6.413709521287987,-5.453389059080539,-1.7349105974889296,-4.936879550409051,-23.236381387437252,10.823469044523465,15.054249201129862,-15.327692563103806,-13.367542336520053,-8.023699603328197,5.136210002640638,3.2646603919424253,-2.1792871476670483,-7.249113422944259
0.13772226596689302,-0.35911692899304193,-0.43375918348745873,-0.8156641702374285,0.008020873766898216,0.35674178848373905,-0.03891258884359721,1.7515556355020168,1.1040932529815402,-0.7173640005235947,1.4882701253571626,0.6960571171741864,-0.021931597591695405,0.459793463971332,-1.1625786940676093,0.4050191063186258,-0.4147088415482077,-0.3616812081892454,-0.040006090522969905,0.30102829511963525,0.6640284333999863,-0.9375562986798137,1.1005819442654035,-0.29310644052749013,-0.24226812913777562,0.4728377663557923,-3.2397863794654866e-4,1.1774631743394437,0.2415359225418413,0.04968747202633836,0.7487750698434302,-0.0028120388765492978,-2.216701564536338,0.5523488430977382,-0.4289589136901092,-1.0913498158971102,1.663789272056062,-0.6161869940777766,-0.46705887150895353,-0.8074249659917268,-2.276775595961361,-0.8664561029485459,1.397171008484355,0.5242185041622851,-0.25211801028366304,0.008236356859695286,-1.3090258261953853,0.832394216752941,1.294665164233763,-0.18092620585512026,-1.2214358667884146,-0.4201768600066788,0.6207562589638129,0.5918769983599158,-0.02388417172406399,-0.3284748948634212
-0.016673981725632843,-0.26664081834102954,-0.0665885818804253,0.5474822728634388,0.2971392587631578,-0.00312211806016376,0.4999214375024116,0.6187227519075476,-0.7173640005235947,0.5951387847718728,0.24983865556464332,-0.22457616491908294,-0.4330133674431575,0.39381092472299695,-0.057284999802240624,-0.07851420771394253,-0.3365633597965388,-0.3272220179134214,-0.37490499904475166,0.7069802290539743,-0.21755013557917854,0.4971668526086953,0.2083628554972601,-0.36364135603759346,0.17784984277792756,-0.01400456225222332,0.4659543797875249,-0.52614733198473,0.7246119941105961,-0.7595159390732635,-0.6270148100205599,0.12991890030900116,0.5166655071608697,0.582938571691284,-0.3299587225925587,0.3810630858239294,0.41615826189290755,-0.6602944759280315,-0.2631523006633229,-0.24744545292436923,-0.2189755037800113,-0.29910310046403216,-0.5674965695892336,-0.6866322038878016,0.08174247146400493,-0.33408372589249713,-0.5562555296001993,0.05975751767564248,0.02226256689000727,-0.830140019261973,0.10762004060948935,-0.2156807327415303,-0.10243595987485109,-0.16342253445968052,-0.15763837004406506,-0.20697416275168998
0.6883581189250347,-6.121824263684613,-4.529920613952197,-0.2690582830427932,3.0912686341935673,2.999173669941775,5.135351797275706,21.346720731576816,1.4882701253571626,0.24983865556464332,15.005979173670665,3.039911143836362,-4.747374473546012,7.97785766891067,-10.200084707104889,2.2217635852762507,-6.961739219149732,-6.538834303368532,-4.5613385239141735,10.330412677766398,3.068821366127567,-2.0211395997560366,11.24955594614975,-6.460088785716451,-0.44822408489706167,4.434331192256099,5.102651904636444,4.230230259834174,10.003237921681057,-7.572645165562133,-0.8772535912793975,1.8618729568087111,-12.607686622744964,10.87153585896268,-6.473404819639457,-4.914519242035323,17.52511058398697,-11.951756352207319,-6.7189358308578555,-9.023260838818112,-20.69643018800449,-10.690732590291008,5.055020932142622,-3.456122791252737,-1.2435500083253168,-3.3386962855585116,-16.36981492001253,7.648750604300744,10.830691985816392,-10.473611851689162,-9.283109650936018,-5.690433990801549,3.815371890549375,2.6585061333620357,-1.6362501122697573,-5.004639751174052
0.4441987027178122,-0.9536100203540703,-0.6579834652057003,-1.0054755175730417,0.5849133062931159,0.742606130792739,0.7868235889325151,3.9871685189093826,0.6960571171741864,-0.22457616491908294,3.039911143836362,1.036700956640813,-1.3640136711546997,1.2908413655201636,-1.9745941755006455,0.5283725159257184,-1.1792598736052322,-1.0247179550349543,-0.6034531056169552,1.5618455631313115,0.8319939765388645,-1.033978287088147,2.287696709787188,-1.0909038277445793,0.08659591331728436,0.48911533278921915,1.033333497208916,1.1302036610328032,1.3168003951540403,-1.124029478877089,0.4952840947056057,0.12739539673055306,-2.962629832283476,2.2192117732141834,-1.5409382538215535,-1.1634245192031127,4.093993180678687,-2.322033053773598,-1.311627914413842,-2.0885866039379017,-4.835740199805767,-1.4425500850999333,1.9830694728285894,-0.04995183408618697,-0.2849795933105332,-0.4712801566639768,-3.4288875794963203,1.614418449069342,2.6423477752946654,-1.6258647754185536,-1.6287696892548522,-1.260291659116881,1.145133603155544,1.2068407233494183,-0.5481890434488359,-0.8556493960865341
-0.8618809601314343,1.6791432116950136,0.791476587699382,1.2312979727813236,-1.272821610231842,-1.2975929253780345,-1.8809281484904794,-6.4783076173724234,-0.021931597591695405,-0.4330133674431575,-4.747374473546012,-1.3640136711546997,3.4579217717859176,-2.0875942127666196,2.663453175205839,-0.4428848107674162,1.9377189360327673,1.6626170960952449,1.3381532432955128,-3.0834611447840907,-0.9112638893254948,0.9985161705223791,-3.531518259443804,2.0813514074442363,-0.5390340713844671,-0.49835121395949405,-2.5677336481764943,-0.9074267699503322,-2.4532021985528347,2.4638467260522727,-0.08249630561952857,-0.457075178356264,3.4140606823428157,-4.43463227405141,2.744512371055714,0.9752322268670758,-6.915080353854333,4.315555965503495,2.355794872245671,3.608626487910643,7.808809165956366,1.6988659365044925,-2.6913162206932255,0.8990792043331213,0.28549032045734923,0.9119014007300613,5.808346544597516,-2.5515407492852358,-4.325296117629611,3.364407866418917,1.8388228197157652,2.3244417303134015,-1.7735219579756913,-2.0103689544402,1.268056544723256,1.4341879818857197
0.12108882738630647,-3.457985859931857,-2.626527055464628,0.6243914506092664,1.6992473656354534,1.443128212707729,2.9168559750839504,11.619842080850178,0.459793463971332,0.39381092472299695,7.97785766891067,1.2908413655201636,-2.0875942127666196,4.559169728821304,-5.539941449538536,1.1862234650164074,-3.9334166863897093,-3.757720926887687,-2.6624970102162537,5.911980918633663,1.4731851786460795,-0.5940137599678864,6.000590258015145,-3.5930595949819066,-0.3581067523826671,2.625840429898552,2.6405709663795314,2.0085542886264887,5.931246532718406,-4.412876943075053,-0.9992380837835106,1.1129014303106057,-6.417518401782589,5.705127860493127,-3.3329747798972202,-2.5059808217772055,8.913125910701813,-6.467001228376848,-3.5938915973647134,-4.59556134075465,-10.478228856666108,-6.343681387404553,1.878199776516248,-2.326801250631695,-0.6316657753079711,-2.0011794643799465,-8.662363370882519,3.9803580856144087,5.345380324431288,-5.982056193302299,-5.146219597208874,-2.9234238311788325,1.7208777970305806,0.8666067130236715,-0.6930304885749166,-2.7940055589683084
-0.29743941530063595,4.216892058955355,3.2521848380947156,-0.09816142693772856,-2.0159248971861152,-1.9383199504949022,-3.4000434561701,-14.570762483875606,-1.1625786940676093,-0.057284999802240624,-10.200084707104889,-1.9745941755006455,2.663453175205839,-5.539941449538536,7.098766245871029,-1.5997928879695178,4.803139223736884,4.55096040633923,3.1116085827864133,-7.045755829585139,-2.1159675715271242,1.30691412955438,-7.657833072467443,4.3664086801038255,0.4896808836068715,-3.246202937365525,-3.180734277038492,-3.012863843094524,-6.972858343868608,5.113260953718111,0.6631273901365974,-1.2794720927772842,8.7661223333396,-7.092042465426035,4.220499959558274,3.522123201548904,-11.549057414590418,7.96632149575784,4.495593401913837,5.92936393516956,13.735622911438623,7.727494564648414,-3.16617071829801,2.3652242391133376,0.8780376784488848,2.308109371666608,10.956967720189681,-5.159374218016895,-7.117846940281332,7.079698754118359,6.617156386667061,3.7194817266427456,-2.447747075145091,-1.5027139994025807,0.9053486011682376,3.4372764910645275
0.09631301654386425,-0.8362214692719925,-0.6985100527311837,-0.1568306729624718,0.4150080724312943,0.4022177047057737,0.6262306293882013,3.0991606003584886,0.4050191063186258,-0.07851420771394253,2.2217635852762507,0.5283725159257184,-0.4428848107674162,1.1862234650164074,-1.5997928879695178,0.44283216354809063,-1.0316591387472536,-0.9685288380398208,-0.5726837940667673,1.3844280991455915,0.5395078818349822,-0.4555796418838164,1.6949534812919747,-0.868190795181476,-0.1021326739335609,0.6273585228016695,0.5533361919475762,0.7669435323493508,1.4001751770810063,-1.0199435125214391,0.03346675932870404,0.1617820065856272,-2.116571677593567,1.41546875844981,-0.9756364251678069,-0.8934501040425182,2.5711509052825807,-1.6808811163451596,-0.9278128291658095,-1.3053271368053194,-3.062512920481847,-1.6764751892648406,0.851777670529579,-0.3126177627038258,-0.20987327204928494,-0.49720872345352246,-2.3957519705157226,1.1089786770331924,1.5664481322045634,-1.3946144529026805,-1.4735825225078774,-0.7819563596707378,0.5880899980869663,0.412739169427877,-0.190576942747557,-0.7189429698712846
-0.15896544686733877,2.9820140863944102,2.2426978524800623,-0.41584393534270253,-1.4924288789879965,-1.284902480340787,-2.5349011301565856,-10.099696755393168,-0.4147088415482077,-0.3365633597965388,-6.961739219149732,-1.1792598736052322,1.9377189360327673,-3.9334166863897093,4.803139223736884,-1.0316591387472536,3.40248668099777,3.2371112003438496,2.291756131839184,-5.106479971397066,-1.300735979197732,0.5865060192941264,-5.236235340966854,3.1185665507347404,0.2678858100731071,-2.21708447518582,-2.3440701039946465,-1.7566642890398103,-5.086398674729347,3.820436964351827,0.7999848098828598,-0.9432253774998031,5.610351078455956,-5.021712782289375,2.958998075348552,2.1763278509780406,-7.88314977019102,5.6585202205416065,3.1416735074887114,4.064692355361677,9.251737951244063,5.403908941135937,-1.7657261527552823,1.9670521227538769,0.5492713436088807,1.723910368330922,7.59648268165907,-3.4839058255177866,-4.739937507134714,5.181112997022303,4.422503784792777,2.5824324455816785,-1.5571211910582117,-0.8624619084241054,0.6552051106292964,2.418567727267647
-0.06910961856638635,2.853906353879903,2.1838729042452285,-0.5882092308848526,-1.3906580345659294,-1.173469602603165,-2.397607449576876,-9.553012240579912,-0.3616812081892454,-0.3272220179134214,-6.538834303368532,-1.0247179550349543,1.6626170960952449,-3.757720926887687,4.55096040633923,-0.9685288380398208,3.2371112003438496,3.108776021172447,2.194211035628367,-4.8754278098534405,-1.2003868384881144,0.4445217456178136,-4.92508903654836,2.9527507169167655,0.31896089688921536,-2.196587855496686,-2.1503319946437305,-1.6425931884377676,-4.914711985129413,3.6315349661057827,0.8598487019301556,-0.9315498019851639,5.2437329619106015,-4.6625188801310715,2.7033424119213185,2.0571826918711826,-7.240476342654841,5.303314307198345,2.9392709403287727,3.7383138853048736,8.528003122131244,5.269109036547325,-1.4664427534996853,1.9477216254442424,0.5188615929741269,1.654737260816222,7.079766119594653,-3.260292868932235,-4.342565810659865,4.923785672216144,4.2506243567826845,2.3788694232256504,-1.3815935615861785,-0.6492631083115095,0.5423087880340287,2.3015849145229472
-0.024615646077438706,2.0854839157362837,1.5165561657460873,-0.6132822755863775,-1.014419229682182,-0.8333810421986515,-1.827035301650976,-6.747329686999621,-0.040006090522969905,-0.37490499904475166,-4.5613385239141735,-0.6034531056169552,1.3381532432955128,-2.6624970102162537,3.1116085827864133,-0.5726837940667673,2.291756131839184,2.194211035628367,1.6708361653426904,-3.5958199994528126,-0.7310500281486194,0.10293566009769431,-3.398069310182917,2.169498375820475,0.2002504370417155,-1.5886001013608417,-1.6785147834305019,-0.9784670652266687,-3.578668204606579,2.6857893674967404,0.8263703512451727,-0.7712561584712617,3.391518512017188,-3.4190923101111674,1.8567442019028537,1.261293201209058,-5.03550612672808,3.7837923583458166,2.1248858629132705,2.610506175849932,5.886474204880498,3.6698471006448043,-0.8245229987535654,1.6078970132596373,0.33256084939785696,1.1764411960491408,4.960954860095348,-2.2807368966807426,-3.0098368303969028,3.6425795771558223,2.900839451794507,1.7068059408959357,-0.8997737745694859,-0.3699622704583349,0.40432518561809777,1.6427940580475888
0.173865543650681,-4.571416333519038,-3.3536459827676395,0.9739242369360795,2.278310188113518,1.9207619619287237,3.9792490135175513,15.136756256445416,0.30102829511963525,0.7069802290539743,10.330412677766398,1.5618455631313115,-3.0834611447840907,5.911980918633663,-7.045755829585139,1.3844280991455915,-5.106479971397066,-4.8754278098534405,-3.5958199994528126,7.872592136159225,1.7804723963523026,-0.5426539023070053,7.735051684488011,-4.782029765142754,-0.3911477137721798,3.4095767293285126,3.7134186265079676,2.3716635155521035,7.811390917869236,-5.892428942966946,-1.536377468960293,1.5837795076260435,-7.936216084816944,7.674345117406769,-4.327978495191045,-2.994145032143078,11.608443440524583,-8.529679522004121,-4.752421687393835,-6.01061067793804,-13.584243474663825,-8.07927916060261,2.273163022481556,-3.3025958466998966,-0.775932638967927,-2.6086918779813004,-11.287176569900844,5.178691566387663,6.97004454354122,-7.991858649180175,-6.500773916814493,-3.879207189782046,2.1969731269488126,1.1044750102882475,-0.9853821792382444,-3.65211136735656
0.22884687135782347,-1.1081821620806782,-0.8689465941463329,-0.49472985209244436,0.5434587109890523,0.6533321775138892,0.829094785208495,4.187762252824566,0.6640284333999863,-0.21755013557917854,3.068821366127567,0.8319939765388645,-0.9112638893254948,1.4731851786460795,-2.1159675715271242,0.5395078818349822,-1.300735979197732,-1.2003868384881144,-0.7310500281486194,1.7804723963523026,0.7838307693795012,-0.7714449583796567,2.3098800254283076,-1.1651462023749737,-0.10472085700222518,0.8118099560147649,0.8819794131429753,1.1421464741659761,1.6805789444244863,-1.2352710096925728,0.21761481894259016,0.25272993630487023,-2.956767323033009,2.064449065772649,-1.3318568787628107,-1.2251553745579937,3.6875240216293754,-2.2715738524323257,-1.2975572622742984,-1.8812486082061752,-4.439741929164897,-1.985713402094496,1.4991107397719379,-0.3024702772621725,-0.2987880083171191,-0.5546677594543488,-3.293948166862509,1.5943175138049432,2.3685709334143317,-1.78271542415021,-1.9289561192615075,-1.1415807849489408,0.9337070977703232,0.7853118664154667,-0.34334823978890927,-0.9409611288932597
-0.48584281145600827,0.4003421248315588,0.29007391075372707,1.415420615306097,-0.29061998797760225,-0.5799949153778788,-0.22946360097583304,-2.3648538643423826,-0.9375562986798137,0.4971668526086953,-2.0211395997560366,-1.033978287088147,0.9985161705223791,-0.5940137599678864,1.30691412955438,-0.4555796418838164,0.5865060192941264,0.4445217456178136,0.10293566009769431,-0.5426539023070053,-0.7714449583796567,1.2408537052273285,-1.529765471586057,0.5049117736695864,-0.1082942920817458,-0.0932063637402718,-0.5401512901356768,-1.105580068798547,-0.2820489492763377,0.30968569073565916,-0.9356929392590778,0.1196905460433032,2.46457330999584,-1.3361629728077626,1.1105999262882422,1.0352992384468924,-3.012223388375933,1.3452970033908696,0.7856221846619099,1.514422729212906,3.6369271355776895,0.511892506590915,-2.0930906472735327,-0.5715040528505084,0.24235608756276336,0.11838638068930095,2.2681294737016686,-1.1251871547348815,-2.0608615686126255,0.5721972186485037,1.021313496729869,0.8569103611986818,-1.0360378484341164,-1.2654151939192158,0.44991878921211503,0.43577191784711433
0.5219699285234772,-4.570400571133016,-3.3994739505943543,-0.21019223907089718,2.3346061008758725,2.2343084077770836,3.8406145153739626,16.006165431870794,1.1005819442654035,0.2083628554972601,11.24955594614975,2.287696709787188,-3.531518259443804,6.000590258015145,-7.657833072467443,1.6949534812919747,-5.236235340966854,-4.92508903654836,-3.398069310182917,7.735051684488011,2.3098800254283076,-1.529765471586057,8.456046918879855,-4.830137429742573,-0.31914289134357676,3.2863840942634535,3.8009203072448408,3.158884166143448,7.515461894440063,-5.701359534458178,-0.6454652102996855,1.3552188535507141,-9.463537166703023,8.134977016579738,-4.899453700285501,-3.6950567144723805,13.160989854885656,-8.992988925620502,-5.024056424053185,-6.77768485943621,-15.524244262735957,-8.036518740883729,3.7814482729990755,-2.571727042102466,-0.9305435047427337,-2.535625886292512,-12.304220538331988,5.721600462625535,8.10440302163654,-7.85401433648646,-6.949274387719338,-4.261694348008313,2.864852503676494,1.9984312336146905,-1.2341175986153725,-3.75355456728631
-0.19729963994242364,2.7865854116337125,2.017126090964478,-0.34137257655170217,-1.410732553741427,-1.2501634442735652,-2.428455406166347,-9.371020000974097,-0.29310644052749013,-0.36364135603759346,-6.460088785716451,-1.0909038277445793,2.0813514074442363,-3.5930595949819066,4.3664086801038255,-0.868190795181476,3.1185665507347404,2.9527507169167655,2.169498375820475,-4.782029765142754,-1.1651462023749737,0.5049117736695864,-4.830137429742573,2.9379486809443867,0.19484183307432185,-2.027017057685663,-2.3491199565434893,-1.5557119082045576,-4.676753931444475,3.5637446187866866,0.7802441113235176,-0.9408670786778236,5.056553359287951,-4.827539733253188,2.756890318769411,1.903493103632442,-7.41366583413962,5.30237772755893,2.967207777612342,3.8342228334898563,8.682289745566779,4.822192048988357,-1.6987311914304801,1.897567450967578,0.4933430996102971,1.5594154701596268,7.083207439849908,-3.2644561126896754,-4.500137923797682,4.863771214656137,3.9848610837161256,2.464464835458066,-1.4806228355445001,-0.8846551120325723,0.6825695636578883,2.238448523221972
0.24208790335602748,0.3158727625878409,0.38690720251969796,-0.4560685122760204,0.051280069451274335,0.008427923254140681,-0.06672990626569326,-0.7497139573299751,-0.24226812913777562,0.17784984277792756,-0.44822408489706167,0.08659591331728436,-0.5390340713844671,-0.3581067523826671,0.4896808836068715,-0.1021326739335609,0.2678858100731071,0.31896089688921536,0.2002504370417155,-0.3911477137721798,-0.10472085700222518,-0.1082942920817458,-0.31914289134357676,0.19484183307432185,0.3144343546750956,-0.5637540497876962,0.16130471949643085,-0.32337661548973595,-0.5447154795458793,0.1393582778639355,0.1815546257697514,-0.18980651254039363,0.5662967444192946,0.01792182617001817,-0.16914775898004675,0.3538616273072902,0.06926104384512839,0.10448519075420708,0.1256742920480294,-0.04605771736578878,0.11236824466937662,0.9241778493882686,0.2545460894841144,0.21691471822736744,0.0840914001652417,0.09505788727666345,0.18062522792190025,-0.20967779751173427,-0.011182499784333378,0.276593823105786,0.7161942300371527,-0.027681268134522843,0.10843051679497374,0.38730384390816214,-0.2542933499033904,0.20391060625440813
-0.23775976983522787,-2.1106049000736786,-1.7397142209483347,0.9012315574581765,0.7633104114381732,0.7295514984586747,1.5546510925685506,6.596626111613676,0.4728377663557923,-0.01400456225222332,4.434331192256099,0.48911533278921915,-0.49835121395949405,2.625840429898552,-3.246202937365525,0.6273585228016695,-2.21708447518582,-2.196587855496686,-1.5886001013608417,3.4095767293285126,0.8118099560147649,-0.0932063637402718,3.2863840942634535,-2.027017057685663,-0.5637540497876962,2.0173479582928002,1.1922632793784729,1.343198521476522,3.5577560829857098,-2.318236025696149,-0.7674362463331973,0.8574196223338246,-3.7167635224513056,2.850342428329074,-1.3627424968249295,-1.5860351212286548,4.240644563089423,-3.282068348213906,-1.9364925412936087,-2.1839815758122114,-5.242043964013538,-4.150198305331622,0.5897461871548584,-1.4824180894451118,-0.4044089392137469,-1.0533185841755075,-4.416733468290687,2.222009778247741,2.6568081059110837,-3.2932489307399546,-3.3511115248164436,-1.416876025467803,0.7006201649289411,-0.05607036606004394,-0.04139445884737803,-1.6142130124015295
0.4492485790311819,-2.0927250517878955,-1.2988437495372462,-0.23386079597612847,1.255766355025796,1.1509952461605915,2.052938654666864,7.2867540173675245,-3.2397863794654866e-4,0.4659543797875249,5.102651904636444,1.033333497208916,-2.5677336481764943,2.6405709663795314,-3.180734277038492,0.5533361919475762,-2.3440701039946465,-2.1503319946437305,-1.6785147834305019,3.7134186265079676,0.8819794131429753,-0.5401512901356768,3.8009203072448408,-2.3491199565434893,0.16130471949643085,1.1922632793784729,2.31570092488159,1.0122085970527288,3.3844132257538173,-2.861932381114076,-0.47539540061704044,0.6967498459666932,-3.6977238389351976,4.292096671859715,-2.4946992936260663,-1.2175660885223676,6.482242405796556,-4.446872150438065,-2.456378361915229,-3.376154699408288,-7.430948885203923,-3.0333296069299664,1.8216026342175033,-1.4380735120880221,-0.3369184378968123,-1.168568097555429,-5.88694875685822,2.640993340996392,3.966713429948737,-3.8872087836554927,-2.6340333275085324,-2.192730262571763,1.4237014956002834,1.2267291660111728,-0.8877147009352563,-1.7037861135220795
0.2082583037439139,-1.5569709562184635,-1.3033401174419093,-0.6089360614060918,0.6222760248355604,0.8806493592075214,1.016992519465019,5.757633919921425,1.1774631743394437,-0.52614733198473,4.230230259834174,1.1302036610328032,-0.9074267699503322,2.0085542886264887,-3.012863843094524,0.7669435323493508,-1.7566642890398103,-1.6425931884377676,-0.9784670652266687,2.3716635155521035,1.1421464741659761,-1.105580068798547,3.158884166143448,-1.5557119082045576,-0.32337661548973595,1.343198521476522,1.0122085970527288,1.801506580569515,2.2816491309712474,-1.505790041786126,0.3681914050063791,0.40682899344953116,-4.314255911205595,2.619762484772023,-1.6046271121322253,-1.875211759597209,4.7918059535260955,-2.900085935862509,-1.730071640543266,-2.4307758890738254,-5.931655773776547,-2.9490985365218187,2.051170312675522,-0.33204170356078444,-0.4561254213725731,-0.6788441757613285,-4.3266036261690894,2.2132061047943448,3.1798729691910577,-2.2900352963507795,-2.9088195725968142,-1.4656332360309565,1.22941361377904,0.9313177260681788,-0.31194045517316554,-1.2904465506365412
-0.04184505777169042,-4.54319269878538,-3.452759266496591,1.4439973514089415,2.1804362696467017,1.734786652911571,3.87175903674989,14.81513863726717,0.2415359225418413,0.7246119941105961,10.003237921681057,1.3168003951540403,-2.4532021985528347,5.931246532718406,-6.972858343868608,1.4001751770810063,-5.086398674729347,-4.914711985129413,-3.578668204606579,7.811390917869236,1.6805789444244863,-0.2820489492763377,7.515461894440063,-4.676753931444475,-0.5447154795458793,3.5577560829857098,3.3844132257538173,2.2816491309712474,7.935201222096291,-5.846397391473878,-1.749918187853222,1.5898972511864622,-7.6852266849801625,7.216145211850851,-4.038439812308963,-2.971100661007872,10.838588022991305,-8.220985220645655,-4.55986663027874,-5.6098868540765094,-12.724736900768487,-8.392891901763232,1.6891505753059533,-3.4124170038092307,-0.7599195804740788,-2.6521243506032524,-10.80996759543951,4.954717595920928,6.422041783546545,-7.884306381188628,-6.572785195192798,-3.6183208436548346,1.9090719154971338,0.6469415628961483,-0.7515911493376929,-3.6153055992590764
-0.18946317535879983,3.342124788854471,2.396717014855909,-0.7467336196044083,-1.7932274834595208,-1.3903827531432613,-3.0429590001477562,-11.140771393396335,0.04968747202633836,-0.7595159390732635,-7.572645165562133,-1.124029478877089,2.4638467260522727,-4.412876943075053,5.113260953718111,-1.0199435125214391,3.820436964351827,3.6315349661057827,2.6857893674967404,-5.892428942966946,-1.2352710096925728,0.30968569073565916,-5.701359534458178,3.5637446187866866,0.1393582778639355,-2.318236025696149,-2.861932381114076,-1.505790041786126,-5.846397391473878,4.5579024272575595,1.2489544532753312,-1.0986555536087186,5.5935885280528,-5.787666075295406,3.38427260166128,2.030782129605371,-8.723300668403159,6.474162204624634,3.531938189283268,4.523058617052221,10.051924808050416,5.849856244977438,-1.5658834046761634,2.542807907743138,0.5259050302058745,2.0346704123671513,8.47021115164201,-3.7595248543199626,-5.112463723308992,6.060127179697617,4.580552974765423,2.918817580379191,-1.6183051211121537,-0.8689473560898917,0.8378372539111916,2.701463734930406
0.371514755239829,0.8116248166138411,0.597165536005677,-1.4704572975096313,-0.336196396400369,0.019740028269420774,-0.8176100651897562,-1.80152247237688,0.7487750698434302,-0.6270148100205599,-0.8772535912793975,0.4952840947056057,-0.08249630561952857,-0.9992380837835106,0.6631273901365974,0.03346675932870404,0.7999848098828598,0.8598487019301556,0.8263703512451727,-1.536377468960293,0.21761481894259016,-0.9356929392590778,-0.6454652102996855,0.7802441113235176,0.1815546257697514,-0.7674362463331973,-0.47539540061704044,0.3681914050063791,-1.749918187853222,1.2489544532753312,1.2042966352935967,-0.49300006275100244,-0.11988710665108905,-0.7954374226757389,0.1599930397306198,-0.14025417236943982,-0.36364445254498823,1.0173639040260782,0.5300299758497247,0.2254707703322603,0.3129568654236966,1.6133062501518245,1.23941940503393,1.3344983708180664,-0.015160737499804502,0.5728671767801271,0.9233863777229744,-0.33658234660119124,0.015916921457950647,1.5485409226739915,0.7595050783273416,0.24777991630787782,0.3377170828753834,0.8091486634283224,-0.13228184512500918,0.5527287612051286
-0.09185367035346145,-0.9524775151150692,-0.701078810947028,0.5000398586917535,0.37297208689488154,0.3387689406283225,0.7914776782042269,2.83339479027617,-0.0028120388765492978,0.12991890030900116,1.8618729568087111,0.12739539673055306,-0.457075178356264,1.1129014303106057,-1.2794720927772842,0.1617820065856272,-0.9432253774998031,-0.9315498019851639,-0.7712561584712617,1.5837795076260435,0.25272993630487023,0.1196905460433032,1.3552188535507141,-0.9408670786778236,-0.18980651254039363,0.8574196223338246,0.6967498459666932,0.40682899344953116,1.5898972511864622,-1.0986555536087186,-0.49300006275100244,0.45793078291905603,-1.306407230261091,1.3874832707070104,-0.5780345584686566,-0.4958774584368491,1.8203662073862172,-1.482176677387918,-0.8805234228953337,-0.9539133351089059,-2.204282444089413,-1.6611866004842815,0.1297641056045346,-0.8238035667945534,-0.14115230519557204,-0.4562869294851806,-1.9005924383115924,0.9479786197846869,1.142037200359931,-1.5540564531774421,-1.3013301244095772,-0.6565555366308105,0.26835552947714597,-0.043007165641573225,-0.07359712333637528,-0.7025363367451081
-0.6419352730402103,4.868664603449122,3.8074232005843007,1.014632830375787,-2.3104405826378778,-2.5403761168917085,-3.7366801567087817,-17.5674545902795,-2.216701564536338,0.5166655071608697,-12.607686622744964,-2.962629832283476,3.4140606823428157,-6.417518401782589,8.7661223333396,-2.116571677593567,5.610351078455956,5.2437329619106015,3.391518512017188,-7.936216084816944,-2.956767323033009,2.46457330999584,-9.463537166703023,5.056553359287951,0.5662967444192946,-3.7167635224513056,-3.6977238389351976,-4.314255911205595,-7.6852266849801625,5.5935885280528,-0.11988710665108905,-1.306407230261091,11.620477038195956,-8.535457129764644,5.281018266653772,4.776734663272349,-14.659566725058728,9.488673704365521,5.421278277744308,7.491209665820859,17.596327274898186,8.871734561568395,-5.11483363906725,1.9926014324820343,1.175064491986503,2.5157071981204653,13.4701212189963,-6.471628883051022,-9.269543253370365,7.935681648690123,8.12438070591212,4.614013416307335,-3.4402823858846667,-2.5464180343984597,1.2235273887669562,4.040711778331125
0.7362429736273882,-4.428933793695624,-3.022215251087746,-0.37686823219189797,2.460976538341089,2.3065075099751735,4.029915967532464,15.485320242783507,0.5523488430977382,0.582938571691284,10.87153585896268,2.2192117732141834,-4.43463227405141,5.705127860493127,-7.092042465426035,1.41546875844981,-5.021712782289375,-4.6625188801310715,-3.4190923101111674,7.674345117406769,2.064449065772649,-1.3361629728077626,8.134977016579738,-4.827539733253188,0.01792182617001817,2.850342428329074,4.292096671859715,2.619762484772023,7.216145211850851,-5.787666075295406,-0.7954374226757389,1.3874832707070104,-8.535457129764644,8.491776722851393,-5.02755595380036,-3.095541894272136,13.27324576496271,-9.072085184287383,-5.040343942961853,-6.873881373835457,-15.42965935670519,-7.104504097138085,3.7941733458914104,-2.750141338553746,-0.8109133993692865,-2.4637478859890356,-12.214985000882939,5.578511295411285,8.149262790663194,-7.9163252709807,-6.165927197649809,-4.393845523711972,2.909437272571312,2.2869078707251944,-1.5425250587462536,-3.624010330466909
-0.6058311771425431,2.453964164405576,1.6704987827994104,0.6810588402742228,-1.5112844077807899,-1.3785685348099612,-2.2828112821096833,-9.069306499185219,-0.4289589136901092,-0.3299587225925587,-6.473404819639457,-1.5409382538215535,2.744512371055714,-3.3329747798972202,4.220499959558274,-0.9756364251678069,2.958998075348552,2.7033424119213185,1.8567442019028537,-4.327978495191045,-1.3318568787628107,1.1105999262882422,-4.899453700285501,2.756890318769411,-0.16914775898004675,-1.3627424968249295,-2.4946992936260663,-1.6046271121322253,-4.038439812308963,3.38427260166128,0.1599930397306198,-0.5780345584686566,5.281018266653772,-5.02755595380036,3.2705374444253383,1.9220900618100765,-8.27192981038326,5.465495411012648,2.9612808547833924,4.265712601047847,9.52026932389227,3.9611438909422487,-2.6535875103289177,1.3025350282282437,0.48407052809406176,1.4855546020354717,7.452021297309233,-3.2989773005241294,-5.0040414665477,4.540621047112177,3.506485503849513,2.667525505926211,-1.9090354755566448,-1.6944113157599545,1.0541712032348678,2.09479488439935
-0.1686202566610482,1.8910788079213028,1.5769887060839018,0.3641818181256034,-0.8082251768264677,-0.9517894922824999,-1.3237922149716672,-6.827945486238115,-1.0913498158971102,0.3810630858239294,-4.914519242035323,-1.1634245192031127,0.9752322268670758,-2.5059808217772055,3.522123201548904,-0.8934501040425182,2.1763278509780406,2.0571826918711826,1.261293201209058,-2.994145032143078,-1.2251553745579937,1.0352992384468924,-3.6950567144723805,1.903493103632442,0.3538616273072902,-1.5860351212286548,-1.2175660885223676,-1.875211759597209,-2.971100661007872,2.030782129605371,-0.14025417236943982,-0.4958774584368491,4.776734663272349,-3.095541894272136,1.9220900618100765,2.0507797887553463,-5.499550286023485,3.5293601173395155,2.0425698833843113,2.796814740885172,6.71503515300586,3.668510224607383,-1.9893509892906829,0.6557619373220728,0.4961600304005304,0.9451497691238993,5.106168767663966,-2.51778750103185,-3.521999782649104,2.9359247125607433,3.3758213032421636,1.6970270040314148,-1.3021367145433742,-0.8788801208895644,0.3452145631888173,1.5679475029613459
