V1,V2,V3,V4,V5,V6,V7,V8,V9,V10,V11,V12,V13,V14,V15,V16,V17,V18,V19,V20,V21,V22,V23,V24,V25,V26,V27,V28,V29,V30,V31,V32,V33,V34,V35,V36,V37,V38,V39,V40,V41,V42,V43,V44,V45,V46,V47,V48,V49,V50,V51,V52,V53,V54,V55,V56
88.41704629541857,-698.2864356665597,-509.08543131203066,-44.00551030166588,360.27425795719984,347.9263697670779,595.0875027499765,2442.099266322854,157.9363840984819,38.37740194867969,1718.1483393193816,352.2387487511501,-575.228045818606,908.9788866377576,-1158.9647604840284,249.93947379529925,-795.1498314173318,-744.520102709826,-522.6593722160862,1183.8753836864353,348.4790264974102,-232.90671276185802,1287.8154813939054,-742.1353343442721,-39.496518277668585,493.1886170253696,601.4253359434065,473.4026787160157,1138.875716919208,-873.1361091057929,-99.73030703749762,211.47398707126086,-1429.8901917118708,1262.584316334683,-753.8536136392328,-550.6912065050839,2028.567862021929,-1379.9796596729855,-773.8121802501732,-1045.2134635576083,-2388.059803108594,-1199.9280257220864,590.4457979920744,-397.49815877383605,-139.8927029824417,-382.4979690574983,-1886.2545251396004,877.4154544211391,1252.3240769851927,-1204.821746165893,-1044.256867302424,-660.2945308291246,444.30451704067076,320.81817770270965,-199.35668525645954,-571.8102865065966
-698.2864356665597,5516.185844755618,4021.14527462707,347.94178414020473,-2846.7691917236148,-2749.529015763376,-4700.5334559602015,-19293.391289003263,-1248.323210903688,-304.3180662885527,-13574.681094655172,-2782.6634062272165,4544.554202754177,-7182.219201723798,9155.605280312673,-1974.752784542875,6281.428030427201,5881.184678747723,4130.470368309282,-9354.078558447789,-2753.358146390668,1840.7202683158018,-10175.015801830357,5863.159816477838,312.0988804686958,-3895.806738658023,-4750.141935416197,-3739.5016337506027,-8998.262709220453,6898.33083590334,786.8684968990945,-1671.0737087212494,11296.097010818683,-9974.848918104817,5955.568508307177,4350.419036297951,-16026.770283967771,10903.426639030864,6113.95946309688,8258.538345508507,18866.182171984878,9480.034374561501,-4664.09773561671,3139.4056066183916,1105.6618316353865,3021.7674410512045,14902.550891114615,-6930.348288588451,-9893.898841696537,9519.791319722332,8251.056201215566,5216.928005100403,-3509.428753226538,-2533.083800281441,1576.7277600676812,4517.199271701722
-509.08543131203066,4021.14527462707,2931.436259052425,253.54110998602724,-2074.982088546083,-2004.0019053193726,-3426.689354703844,-14063.787716947227,-909.7774528206832,-221.4792043234743,-9894.940597625917,-2028.447241665706,3312.702683691103,-5235.122168740472,6674.104191572047,-1439.4363588064518,4578.966741816297,4287.290811028448,3010.4756365349413,-6818.257480059115,-2006.9610333288551,1341.5679624516147,-7416.744219253772,4273.896652885815,227.48258407071893,-2839.9929114226993,-3462.9957485256327,-2726.052125817055,-6558.982867450631,5028.408313505458,573.9057165529698,-1218.0055862682975,8234.372691581579,-7271.094127917584,4341.31039964859,3171.278554707906,-11682.476898381274,7947.625807869577,4456.5458740040085,6019.6912352140125,13752.463860798058,6910.34269822866,-3400.056235725611,2288.7491024239644,805.8199188851879,2202.726102817098,10862.952579884728,-5052.3071502269895,-7212.051954436517,6938.980895900897,6014.21361666023,3802.7247943282337,-2558.400762987696,-1846.9389174802277,1148.7998105960219,3292.872968981263
-44.00551030166588,347.94178414020473,253.54110998602724,22.019825640607714,-179.7363349644388,-173.67275264950734,-296.39593043556533,-1217.3697508418556,-78.89877651097046,-19.46117301537247,-856.7030613646386,-175.5477217877054,286.76560623293506,-453.40940383063884,577.5598634847984,-124.63671338326165,396.22439363352385,370.9118168886425,260.92082862385314,-590.4687519372918,-173.79042017184108,116.30231954614625,-642.2163652859983,369.96273337227905,19.707354212067177,-245.6905886686785,-299.4193689164024,-235.83047377384258,-567.9474913597136,435.3308483520249,49.41103881770442,-105.523933103893,712.6411616612947,-629.3941970207295,375.75436749708285,274.4501108044496,-1011.3487936213995,688.2428521651318,385.9127387301012,521.327560170716,1190.3493177466069,598.2165635178063,-294.1512133978577,197.86762526637239,69.87169316856411,190.645303742524,940.436828040273,-436.9377781552282,-624.3116365314514,600.9778411158059,520.8728342025612,329.2648592064374,-221.27005127367443,-159.4890065609716,99.89049104466163,284.9580008301049
360.27425795719984,-2846.7691917236148,-2074.982088546083,-179.7363349644388,1469.5545322699943,1419.5365080807094,2425.601005155646,9957.817251673818,644.6043867764058,157.67885761198184,7006.647304729115,1436.128595858504,-2345.5958189310263,3707.465789088218,-4725.117594855174,1019.3017157535069,-3241.7246301674813,-3035.011529033935,-2132.5445512362494,4828.4654246645105,1421.220172490342,-950.4139402973076,5252.050348512606,-3026.152856545013,-161.11680246097723,2010.4287066157144,2450.9532013035005,1929.7612468308657,4644.654244347781,-3560.5520986970255,-405.5597367547634,862.6800792618453,-5829.9303731027085,5148.28547784616,-3073.7549645431964,-2245.241773248378,8272.055280130924,-5628.156402877413,-3155.892430106688,-4262.993312514787,-9737.171281917043,-4893.002916422468,2406.9238062365134,-1619.8044698922774,-570.9130485229107,-1559.5615414076765,-7691.872775671134,3576.1012881596316,5106.564557779074,-4914.119157855811,-4259.172600921098,-2692.7999030939395,1810.9123648016418,1306.5802547218611,-814.7402905658269,-2331.284583908388
347.9263697670779,-2749.529015763376,-2004.0019053193726,-173.67275264950734,1419.5365080807094,1371.2998745190762,2342.6457765521413,9618.104052400546,622.7513691933938,152.56963669898153,6767.792063592082,1387.1013170940548,-2265.5903100173286,3581.221547489039,-4563.775132841266,984.5636455851483,-3131.0079000279347,-2931.286376555111,-2060.101904674258,4663.99873112392,1372.7970713946806,-918.1537926327863,5073.079171700223,-2922.925872675754,-155.63548267278438,1941.7112136163903,2367.021958151609,1863.7982285537805,4486.385366751203,-3439.147205744878,-391.4755719295001,833.3358824934827,-5630.918904403025,4972.654284717022,-2968.863279835215,-2168.5911438103453,7989.951640760188,-5436.422364975662,-3048.3695945116356,-4117.802160262395,-9404.91831704713,-4726.126600930907,2324.6622835202015,-1564.313530611473,-551.5475192324458,-1506.334418983543,-7429.586942681082,3453.735677974442,4932.3829204526455,-4746.7855250772545,-4114.129879750251,-2601.026439207849,1748.958785694065,1261.648987035024,-787.3642678449032,-2251.682372269788
595.0875027499765,-4700.5334559602015,-3426.689354703844,-296.39593043556533,2425.601005155646,2342.6457765521413,4005.617779814404,16440.020959970603,1063.5272810203642,258.96484900639365,11566.84319841631,2371.168010112669,-3872.42415121993,6119.710628083587,-7801.734050208604,1682.6536261435806,-5352.604455203802,-5011.632178772889,-3519.202694038222,7970.339177303483,2346.0741737623366,-1568.279676246412,8669.934027068373,-4996.0216287123985,-265.9219078965067,3319.8100402684686,4048.0320687625626,3186.6182801227774,7667.2398416873675,-5878.029091945593,-670.8143817103006,1423.821715534072,-9625.632472182207,8499.627169679688,-5074.815944983777,-3707.088528183281,13656.384941647715,-9290.530153212028,-5209.562467412345,-7036.842527620113,-16076.079534175518,-8077.933719280718,3974.4981340576464,-2675.403753692758,-941.9986326704382,-2574.8958316729027,-12698.39871885974,5905.863471212446,8430.615428237536,-8111.473292483437,-7030.443735143017,-4445.259330027172,2990.6296159770463,2158.914840499264,-1343.0020163556367,-3849.223826432982
2442.099266322854,-19293.391289003263,-14063.787716947227,-1217.3697508418556,9957.817251673818,9618.104052400546,16440.020959970603,67482.79981765847,4367.024374222878,1065.8770435194397,47481.33910034433,9732.785189500924,-15895.64033348819,25122.641036387467,-32022.927300684543,6907.316584697084,-21969.97714949044,-20569.71291083654,-14448.884173702416,32719.299718951635,9630.80013484683,-6439.199441356068,35590.4143722833,-20507.725706547393,-1091.7154121142028,13625.715649851683,16612.936992131952,13079.018248860832,31474.362925255104,-24128.747414951053,-2750.9002589099914,5845.407367185289,-39509.87757679748,34889.207004277916,-20830.724952678327,-15216.239353746343,56057.62487761218,-38138.55632998332,-21385.655281697775,-28887.326773344026,-65988.18087177296,-33158.73406792711,16312.884605055497,-10979.5008687779,-3867.892216817292,-10569.16315655366,-52125.55869824565,24238.410793026276,34606.20837723951,-33299.21386348579,-28861.254050276966,-18247.828721915906,12274.044934758413,8858.07848722427,-5517.209596966142,-15799.501612155735
157.9363840984819,-1248.323210903688,-909.7774528206832,-78.89877651097046,644.6043867764058,622.7513691933938,1063.5272810203642,4367.024374222878,282.84437187998327,69.44745229460561,3072.977729441606,629.7808472390632,-1028.6831097288416,1626.1783907720728,-2072.053168003553,447.0563945298052,-1421.529042609772,-1330.8079548417493,-935.5730374246731,2117.8182166076595,623.3478220479514,-416.9860582776853,2303.52318267181,-1327.138535176053,-70.67488778779479,881.5339018189172,1074.5233078200577,846.1597279377546,2037.127133104557,-1561.5591533016304,-177.58598148220972,378.4253529268195,-2556.595555078179,2257.7969091069604,-1347.9697157944174,-984.5970403732007,3627.8388463318943,-2468.540264121856,-1384.1793933685683,-1869.8118264929474,-4270.185720551542,-2145.8925911916563,1055.3985173467095,-710.1150833615989,-250.49768846258976,-683.9248475710956,-3373.425622680567,1567.9050210903154,2239.5289710680067,-2155.442538990647,-1868.1561540177431,-1181.0350068537025,793.988641517604,572.6112287343158,-357.76717543292995,-1022.3134957668309
38.37740194867969,-304.3180662885527,-221.4792043234743,-19.46117301537247,157.67885761198184,152.56963669898153,258.96484900639365,1065.8770435194397,69.44745229460561,17.75858068045422,750.5670992772436,153.6130795799289,-251.1197412205717,397.6166422361863,-505.303267743615,109.22152027328161,-346.58544469085143,-324.2617088610318,-229.27575893593522,517.675111927251,152.3290011336293,-102.26466297133425,562.8398312832659,-323.9526616655512,-17.29544432637158,214.7665989069745,261.3160759553572,206.1401227492174,497.7621622806828,-381.3280041281067,-42.60060696579699,92.62219174243643,-623.6331071917068,551.0806676322238,-328.91503847113887,-240.15379665596484,885.7586669186107,-603.3199902943535,-338.2647024344836,-457.0962897547416,-1042.0402597535724,-523.9050032817526,257.15002538231727,-172.62936260788194,-61.4731111007613,-166.8614302300145,-823.7370714993361,381.5890003095205,546.7004818133714,-527.0233335514898,-456.74633242932015,-288.53535772074054,193.2714694744472,138.69097500248992,-88.57590165819751,-249.31088203480212
1718.1483393193816,-13574.681094655172,-9894.940597625917,-856.7030613646386,7006.647304729115,6767.792063592082,11566.84319841631,47481.33910034433,3072.977729441606,750.5670992772436,33408.582351375466,6847.975906844177,-11184.310311394027,17676.98856869464,-22531.21623349404,4860.1134966710615,-15457.938633540813,-14472.567096221808,-10167.027678006896,23022.093981474154,6776.43409075872,-4531.031452152383,25042.107656041735,-14429.394500439752,-768.17241531331,9586.846553217483,11688.257406975978,9202.192292410831,22145.983768940237,-16977.28913248089,-1934.9911672634894,4113.061551725568,-27799.132857684974,24548.2825443875,-14656.56696155867,-10706.124368458146,39442.73557963391,-26835.15054541522,-15047.405250056107,-20325.857405119274,-46429.564003892454,-23330.813917755073,11477.51671419465,-7724.72771773491,-2721.7252754042865,-7436.481925092657,-36676.163895248865,17053.478561795637,24349.222049871172,-23430.249775912736,-20307.55327764019,-12839.499130712578,8635.706044169583,6231.796782702516,-3882.8898276074865,-11116.474950275995
352.2387487511501,-2782.6634062272165,-2028.447241665706,-175.5477217877054,1436.128595858504,1387.1013170940548,2371.168010112669,9732.785189500924,629.7808472390632,153.6130795799289,6847.975906844177,1403.7363991046918,-2292.5608209705188,3623.2418795036833,-4618.604840284681,996.2006785386388,-3168.6981953413124,-2966.76904233472,-2083.776096319183,4718.870040426362,1388.9870294539462,-928.6318505976527,5132.982630733642,-2957.7459541333988,-157.44748166164263,1965.240216772112,2396.154044312747,1886.3910959979207,4539.348446672604,-3479.969483853246,-396.8569176760889,843.0241328560231,-5698.409658122055,5031.9348219272,-3004.3481298036895,-2194.6025183280713,8084.934011046636,-5500.462549278432,-3084.311248886072,-4166.20591390355,-9517.250464517445,-4782.335954010469,2352.8076938613076,-1583.6290047495213,-557.804144361009,-1524.3592778359764,-7517.816712566356,3495.9678871829783,4991.107917363807,-4802.485491188206,-4162.437897286475,-2631.775356207997,1770.3119778619432,1277.7177420200871,-795.5486258122082,-2278.731059657624
-575.228045818606,4544.554202754177,3312.702683691103,286.76560623293506,-2345.5958189310263,-2265.5903100173286,-3872.42415121993,-15895.64033348819,-1028.6831097288416,-251.1197412205717,-11184.310311394027,-2292.5608209705188,3744.2367161253615,-5917.707989050056,7543.004818564817,-1627.0320294351493,5175.0261628155995,4845.181077554351,3403.5078105424973,-7707.112400271466,-2268.556346932705,1516.790889401538,-8383.39612892004,4830.617146052987,257.1575469377055,-3209.525853042149,-3913.1335834883607,-3080.7512146880053,-7413.852460458608,5683.562520924449,647.9300144932323,-1376.9079109491117,9306.56754393887,-8218.187985469354,4906.692217078433,3584.190042782784,-13204.447910530895,8983.626446374677,5037.43909251216,6804.484423567452,15543.56856043596,7810.582069101791,-3842.487821822599,2586.1883728500984,911.1070135176467,2489.5726146877705,12278.250574281754,-5709.312041016173,-8151.532353473751,7843.722233700764,6798.346387391628,4298.311614091682,-2891.130375040836,-2086.461251314788,1299.6638859579925,3721.5749510150713
908.9788866377576,-7182.219201723798,-5235.122168740472,-453.40940383063884,3707.465789088218,3581.221547489039,6119.710628083587,25122.641036387467,1626.1783907720728,397.6166422361863,17676.98856869464,3623.2418795036833,-5917.707989050056,9353.420566434304,-11921.132135607495,2571.5774648127517,-8178.656639807652,-7657.1818563870665,-5379.989840671292,12181.58299361303,3585.561193794189,-2397.688993307088,13250.28635299361,-7634.692729081587,-406.4717654934708,5072.216993662266,6183.750976021598,4868.698766330091,11717.896514170792,-8982.894076783687,-1023.366257838428,2176.3996088276617,-14708.45575598442,12988.639789211069,-7754.817380257731,-5664.573122464607,20869.55060203504,-14199.118218274232,-7961.920752552924,-10754.960899733349,-24566.019783496515,-12344.553142138764,6072.549512123257,-4086.7796272000996,-1440.2808983330767,-3934.6437085863085,-19405.786752264292,9022.42969816668,12883.363141843558,-12397.640063181543,-10745.308745330563,-6793.616620515042,4568.886297694888,3296.6340485088244,-2055.21497826411,-5881.6626466853795
-1158.9647604840284,9155.605280312673,6674.104191572047,577.5598634847984,-4725.117594855174,-4563.775132841266,-7801.734050208604,-32022.927300684543,-2072.053168003553,-505.303267743615,-22531.21623349404,-4618.604840284681,7543.004818564817,-11921.132135607495,15196.251421647741,-3277.6961383738644,10425.742704541262,9761.379040100614,6855.931864666443,-15525.972212908142,-4570.03511730303,3055.3253067710607,-16888.51364413944,9731.606729277106,518.0290502825252,-6466.1136329327255,-7883.991281453097,-6206.682233797856,-14935.339532663955,11449.809950596375,1305.8504354006373,-2773.6909819020757,18749.028817088914,-16556.13107705054,9884.955331247214,7220.730829060344,-26601.104621873827,18097.571176816506,10147.977274679553,13707.59679054428,31313.80127185057,15734.87810720656,-7741.300364836834,5210.574761014993,1835.2459772591274,5015.474915940354,24735.15778929912,-11502.633467482972,-16421.79059509421,15801.061012325257,13695.191419225483,8659.059393155465,-5824.776757183723,-4204.116134780449,2617.343159789642,7497.538553097622
249.93947379529925,-1974.752784542875,-1439.4363588064518,-124.63671338326165,1019.3017157535069,984.5636455851483,1682.6536261435806,6907.316584697084,447.0563945298052,109.22152027328161,4860.1134966710615,996.2006785386388,-1627.0320294351493,2571.5774648127517,-3277.6961383738644,707.026208649917,-2248.718122443781,-2105.3643817564584,-1479.0798164878377,3349.155711546802,985.8049443049179,-659.1689542172164,3643.009230460001,-2099.1080293757095,-111.75124957725525,1394.6240294374247,1700.3025839379634,1338.667009145166,3221.695161087879,-2469.767884454247,-281.4609756690946,598.3555597743166,-4044.045546696542,3571.145719028957,-2132.1507670219476,-1557.4597870648945,5737.918284380398,-3903.8593502850454,-2189.028781872444,-2956.9205310912066,-6754.302030206366,-3394.0409263038837,1669.6658739854374,-1123.7212401578734,-395.9549038722152,-1081.8145649241903,-5335.456124908302,2480.7984832204666,3542.1907607131516,-3408.5387040129413,-2954.259983874731,-1867.8290325940382,1256.2522363286325,906.5225696532974,-564.9124589956491,-1617.1532742407169
-795.1498314173318,6281.428030427201,4578.966741816297,396.22439363352385,-3241.7246301674813,-3131.0079000279347,-5352.604455203802,-21969.97714949044,-1421.529042609772,-346.58544469085143,-15457.938633540813,-3168.6981953413124,5175.0261628155995,-8178.656639807652,10425.742704541262,-2248.718122443781,7152.832342032775,6697.051942017387,4703.549768446753,-10651.823352128822,-3135.344778992331,2096.114425830681,-11586.640015603463,6676.562122739147,355.39934705431943,-4436.250895569063,-5409.074941339022,-4258.2619246736685,-10246.631648403047,7855.352836686817,895.9861397113597,-1902.9186528358143,12863.190360628116,-11358.667463950987,6781.78332573775,4953.945988261197,-18250.193579094474,12416.116188523212,6962.1790729985705,9404.29521719782,21483.488795092715,10795.215289588985,-5311.12426323214,3574.8955669490256,1259.0713264444046,3440.9753204443423,16970.014932208782,-7891.7338312510055,-11266.49189904836,10840.535595509224,9395.778360396002,5940.692866203291,-3996.2626635408287,-2884.435379979067,1795.5445392081633,5143.860815609087
-744.520102709826,5881.184678747723,4287.290811028448,370.9118168886425,-3035.011529033935,-2931.286376555111,-5011.632178772889,-20569.71291083654,-1330.8079548417493,-324.2617088610318,-14472.567096221808,-2966.76904233472,4845.181077554351,-7657.1818563870665,9761.379040100614,-2105.3643817564584,6697.051942017387,6270.373347318054,4403.499032012182,-9972.70247045437,-2935.4586482562736,1962.3762133757693,-10847.984956881435,6251.019585064358,332.7346687942124,-4153.6186180987415,-5064.5998161181,-3986.97168752714,-9593.399050061145,7354.633521646305,839.0953515645983,-1781.560653109622,12043.456108275019,-10634.715566210842,6349.56982318436,4638.2510285273465,-17086.924839010833,11624.535191213752,6518.319775874522,8804.699595858876,20114.289208627222,10107.135447116843,-4972.74678003428,3347.2484335107,1178.727536657439,3221.682907406777,15888.317444441438,-7389.068618417566,-10548.392086773727,10149.339267330255,8796.709861880969,5561.980958048467,-3741.7101393420608,-2700.9041761661374,1680.7418017417979,4816.075598683645
-522.6593722160862,4130.470368309282,3010.4756365349413,260.92082862385314,-2132.5445512362494,-2060.101904674258,-3519.202694038222,-14448.884173702416,-935.5730374246731,-229.27575893593522,-10167.027678006896,-2083.776096319183,3403.5078105424973,-5379.989840671292,6855.931864666443,-1479.0798164878377,4703.549768446753,4403.499032012182,3094.894747728619,-7006.60758173319,-2062.31446737369,1379.3512510439791,-7621.137002085354,4390.995101410571,233.8091213611905,-2916.9160616133286,-3555.790455569684,-2799.871270777334,-6739.765533936267,5166.508397013781,588.0273012173977,-1251.9109001558952,8459.06450862325,-7470.2161043350225,4459.993367873017,3257.770496858484,-12003.005751776242,8166.9919168506995,4579.481038576912,6186.074320522561,14128.60497349101,7099.880713563272,-3492.2028381543373,2349.9387013691553,828.5988436320204,2262.8982036087327,11161.199730399483,-5188.301912894014,-7409.725558720904,7130.990462434717,6180.562779520461,3907.44173457952,-2627.33986744329,-1895.2223917911103,1182.9440032079212,3382.590473329558
1183.8753836864353,-9354.078558447789,-6818.257480059115,-590.4687519372918,4828.4654246645105,4663.99873112392,7970.339177303483,32719.299718951635,2117.8182166076595,517.675111927251,23022.093981474154,4718.870040426362,-7707.112400271466,12181.58299361303,-15525.972212908142,3349.155711546802,-10651.823352128822,-9972.70247045437,-7006.60758173319,15864.9202158525,4669.733769086769,-3122.6039665021644,17256.815943339894,-9943.286715344193,-529.3720978461695,6606.0536014887775,8053.815854122796,6340.9933276466245,15261.069861133856,-11699.126869943326,-1332.974865387142,2834.4501369536288,-19156.120879111535,16916.180792923362,-10099.76127944553,-7377.4781449558795,27180.083110879397,-18492.51452523569,-10369.378978772234,-14006.922007112486,-31994.40895344663,-16077.30375803034,7908.880914749325,-5322.7010022821405,-1875.7255776643403,-5124.42733000284,-25273.68606753722,11750.89468514337,16779.053368173154,-16146.2737132565,-13994.339544718878,-8847.831250421148,5950.55175351757,4293.71009155442,-2676.4069249191134,-7660.222289036389
348.4790264974102,-2753.358146390668,-2006.9610333288551,-173.79042017184108,1421.220172490342,1372.7970713946806,2346.0741737623366,9630.80013484683,623.3478220479514,152.3290011336293,6776.43409075872,1388.9870294539462,-2268.556346932705,3585.561193794189,-4570.03511730303,985.8049443049179,-3135.344778992331,-2935.4586482562736,-2062.31446737369,4669.733769086769,1374.5074607926542,-919.0982277973516,5079.442269338182,-2926.76632459343,-155.81601753175326,1944.4891789034766,2370.6644365682914,1866.46927864415,4492.005367307653,-3443.5819233114958,-392.39894551185176,834.2945816342187,-5638.551637046281,4979.212170924589,-2972.831075044494,-2171.541625593194,8000.335787828027,-5443.153636301163,-3052.162429422314,-4122.841864675218,-9417.442908545925,-4732.283995664815,2327.974410499664,-1566.7564947546948,-552.0933809461723,-1508.359359525479,-7439.19089763472,3458.8939709282263,4938.844693841888,-4752.539550207422,-4119.135123336451,-2604.309211190334,1751.5521018922038,1263.8987550844497,-787.7176733066265,-2254.769071393809
-232.90671276185802,1840.7202683158018,1341.5679624516147,116.30231954614625,-950.4139402973076,-918.1537926327863,-1568.279676246412,-6439.199441356068,-416.9860582776853,-102.26466297133425,-4531.031452152383,-928.6318505976527,1516.790889401538,-2397.688993307088,3055.3253067710607,-659.1689542172164,2096.114425830681,1962.3762133757693,1379.3512510439791,-3122.6039665021644,-919.0982277973516,614.7657575763144,-3396.4539988253136,1956.8669411989165,104.20282199896137,-1299.8922645024015,-1584.5493345811074,-1247.731617709149,-3003.661303388343,2302.494517468362,261.9764675203611,-557.9466233831586,3769.7744565980356,-3329.131044031698,1987.603156308403,1451.8203340167934,-5349.216566046217,3639.7382454431913,2040.908397655267,2756.9252029828276,6296.444145861733,3164.1044594658897,-1556.2653236771746,1047.1845312101152,369.30407143675285,1008.4618823698258,4974.070556681055,-2312.068171073152,-3302.1816564595933,3178.0534438294003,2754.47478410985,1741.395729484889,-1170.827804778002,-844.4978579212496,527.3185442929193,1507.4415912347647
1287.8154813939054,-10175.015801830357,-7416.744219253772,-642.2163652859983,5252.050348512606,5073.079171700223,8669.934027068373,35590.4143722833,2303.52318267181,562.8398312832659,25042.107656041735,5132.982630733642,-8383.39612892004,13250.28635299361,-16888.51364413944,3643.009230460001,-11586.640015603463,-10847.984956881435,-7621.137002085354,17256.815943339894,5079.442269338182,-3396.4539988253136,18770.90249641433,-10815.79832943923,-575.8097301288605,7185.86098530351,8760.84330026643,6897.5393054609085,16600.04840444254,-12725.661746175843,-1450.183480560692,3083.089287865281,-20837.186211242693,18400.570048174097,-10986.04298324416,-8024.902921942516,29565.03590233988,-20114.967640873543,-11279.154146318748,-15235.793819412336,-34801.97942867587,-17488.037252979695,8603.02815693694,-5789.990749069363,-2040.2126226331145,-5574.116835532185,-27491.32888502681,12782.388418223085,18251.384300018817,-17562.8048085177,-15222.089712814726,-9624.138353444961,6472.8801759339185,4670.8279153929925,-2910.856010775171,-8332.47349101974
-742.1353343442721,5863.159816477838,4273.896652885815,369.96273337227905,-3026.152856545013,-2922.925872675754,-4996.0216287123985,-20507.725706547393,-1327.138535176053,-323.9526616655512,-14429.394500439752,-2957.7459541333988,4830.617146052987,-7634.692729081587,9731.606729277106,-2099.1080293757095,6676.562122739147,6251.019585064358,4390.995101410571,-9943.286715344193,-2926.76632459343,1956.8669411989165,-10815.79832943923,6232.2090724147665,331.7696032829378,-4140.776846764393,-5048.55467328127,-3974.6382546093814,-9564.94580006732,7332.628982753453,835.9521708337052,-1776.4054910154457,12006.860979198034,-10602.676882377204,6330.361465158039,4624.140711012334,-17035.679140853717,11590.176851147224,6499.026006859133,8778.76482216102,20053.508336956103,10076.800135098563,-4957.3932490628895,3336.590061639113,1175.4507894748651,3211.9190467568137,15840.744926767073,-7365.895716651999,-10516.67848528804,10119.527699465854,8770.843954464763,5545.447524078273,-3730.0041721894727,-2691.8817300480646,1676.7135985802106,4801.389312880294
-39.496518277668585,312.0988804686958,227.48258407071893,19.707354212067177,-161.11680246097723,-155.63548267278438,-265.9219078965067,-1091.7154121142028,-70.67488778779479,-17.29544432637158,-768.17241531331,-157.44748166164263,257.1575469377055,-406.4717654934708,518.0290502825252,-111.75124957725525,355.39934705431943,332.7346687942124,233.8091213611905,-529.3720978461695,-155.81601753175326,104.20282199896137,-575.8097301288605,331.7696032829378,17.664359611452177,-220.40723384148157,-268.69788446861685,-211.5634154684484,-509.21785484893775,390.35960580795285,44.45533447299391,-94.58178525471,639.1547918052954,-564.4272879973411,336.98713768889075,246.15316795314888,-906.901684805942,617.0458834100128,345.9975623110219,467.3766358224161,1067.5229968878118,536.4410742836919,-263.87602916611473,177.57840126755704,62.59498144767788,170.98028238495627,843.2947349825362,-392.0508180658165,-559.8540780522825,538.7643909410202,466.95832088173375,295.22533263463333,-198.53211964306604,-143.23441575822878,89.3364042345325,255.58587528207218
493.1886170253696,-3895.806738658023,-2839.9929114226993,-245.6905886686785,2010.4287066157144,1941.7112136163903,3319.8100402684686,13625.715649851683,881.5339018189172,214.7665989069745,9586.846553217483,1965.240216772112,-3209.525853042149,5072.216993662266,-6466.1136329327255,1394.6240294374247,-4436.250895569063,-4153.6186180987415,-2916.9160616133286,6606.0536014887775,1944.4891789034766,-1299.8922645024015,7185.86098530351,-4140.776846764393,-220.40723384148157,2751.439617747264,3354.908879861511,2641.0496794862124,6354.804794427515,-4871.822990134943,-555.8578585991745,1180.1255458111707,-7977.796549937191,7044.609831003169,-4206.062611031265,-3072.459556719583,11318.648726874619,-7700.253126355106,-4317.8265668103,-5832.351027367992,-13324.042903729909,-6695.127063748206,3294.045493555867,-2217.2977265316913,-780.7962416541079,-2134.0981175768898,-10524.668767377552,4894.680651169704,6987.424862139494,-6723.054656044275,-5827.056516139424,-3684.3374214201776,2478.589360935067,1789.1625346150015,-1113.3049038093627,-3190.2552590922814
601.4253359434065,-4750.141935416197,-3462.9957485256327,-299.4193689164024,2450.9532013035005,2367.021958151609,4048.0320687625626,16612.936992131952,1074.5233078200577,261.3160759553572,11688.257406975978,2396.154044312747,-3913.1335834883607,6183.750976021598,-7883.991281453097,1700.3025839379634,-5409.074941339022,-5064.5998161181,-3555.790455569684,8053.815854122796,2370.6644365682914,-1584.5493345811074,8760.84330026643,-5048.55467328127,-268.69788446861685,3354.908879861511,4091.04580088013,3220.312782532717,7747.629187425668,-5939.765626134232,-678.2126997486669,1438.6783516941837,-9727.043196338449,8589.021046375534,-5128.233986833799,-3746.153748903962,13799.885506911372,-9387.87292625151,-5264.161833245003,-7110.522333671988,-16245.260257309252,-8162.828940159845,4016.5071268934385,-2703.8622520951253,-951.7530129238276,-2602.009382074747,-12831.789082477362,5968.486411143002,8519.247227154334,-8196.35830984739,-7104.03126647622,-4491.887570138349,3022.3249611992046,2182.1148070176278,-1356.5495818226627,-3889.8063829859293
473.4026787160157,-3739.5016337506027,-2726.052125817055,-235.83047377384258,1929.7612468308657,1863.7982285537805,3186.6182801227774,13079.018248860832,846.1597279377546,206.1401227492174,9202.192292410831,1886.3910959979207,-3080.7512146880053,4868.698766330091,-6206.682233797856,1338.667009145166,-4258.2619246736685,-3986.97168752714,-2799.871270777334,6340.9933276466245,1866.46927864415,-1247.731617709149,6897.5393054609085,-3974.6382546093814,-211.5634154684484,2641.0496794862124,3220.312782532717,2535.08877127839,6099.827815292834,-4676.351144360081,-533.5642115466728,1132.7729508711209,-7657.711922420791,6761.96253643903,-4037.306030115727,-2949.1867740061753,10864.513049057981,-7391.290365364486,-4144.579715427541,-5598.334168066169,-12789.45172100583,-6426.500264924957,3161.8854815666523,-2128.3423906860758,-749.4648471448161,-2048.473611926427,-10102.388661142895,4698.306852920654,6707.071044536029,-6453.29806760835,-5593.251446795687,-3536.5094530400097,2379.1483513593694,1717.3894789159392,-1068.6216041623425,-3062.256791320948
1138.875716919208,-8998.262709220453,-6558.982867450631,-567.9474913597136,4644.654244347781,4486.385366751203,7667.2398416873675,31474.362925255104,2037.127133104557,497.7621622806828,22145.983768940237,4539.348446672604,-7413.852460458608,11717.896514170792,-14935.339532663955,3221.695161087879,-10246.631648403047,-9593.399050061145,-6739.765533936267,15261.069861133856,4492.005367307653,-3003.661303388343,16600.04840444254,-9564.94580006732,-509.21785484893775,6354.804794427515,7747.629187425668,6099.827815292834,14680.253764830744,-11253.935409742862,-1282.4551028061126,2726.5330964701043,-18427.347118428996,16272.533969540067,-9715.499268069683,-7096.815383738344,26145.82845742345,-17788.67545194851,-9974.721527700332,-13473.779187914231,-30777.107202146944,-15465.53868299226,7608.074816299007,-5120.362181895687,-1804.2670927328074,-4929.465832332233,-24311.948172355307,11304.077576902844,16140.603113238772,-15531.674026006283,-13461.660994494068,-8511.106484349415,5724.278233439126,4130.624131632267,-2574.237251189506,-7368.81434769862
-873.1361091057929,6898.33083590334,5028.408313505458,435.3308483520249,-3560.5520986970255,-3439.147205744878,-5878.029091945593,-24128.747414951053,-1561.5591533016304,-381.3280041281067,-16977.28913248089,-3479.969483853246,5683.562520924449,-8982.894076783687,11449.809950596375,-2469.767884454247,7855.352836686817,7354.633521646305,5166.508397013781,-11699.126869943326,-3443.5819233114958,2302.494517468362,-12725.661746175843,7332.628982753453,390.35960580795285,-4871.822990134943,-5939.765626134232,-4676.351144360081,-11253.935409742862,8627.38316034666,983.393725218242,-2090.1191272445185,14126.81705217136,-12474.779791310451,7448.0855393639895,5440.584164371238,-20043.71081849821,13636.815485649293,7646.642053389728,10328.976723268448,23594.285857471386,11856.079484018586,-5832.616881691818,3925.5772506207363,1383.0708816489666,3779.028792337584,18637.804749665986,-8666.244196317535,-12373.613819607177,11906.522327848554,10319.66902982458,6524.65956746443,-4388.493033682538,-3166.951732542107,1973.040944681545,5649.118780506006
-99.73030703749762,786.8684968990945,573.9057165529698,49.41103881770442,-405.5597367547634,-391.4755719295001,-670.8143817103006,-2750.9002589099914,-177.58598148220972,-42.60060696579699,-1934.9911672634894,-396.8569176760889,647.9300144932323,-1023.366257838428,1305.8504354006373,-281.4609756690946,895.9861397113597,839.0953515645983,588.0273012173977,-1332.974865387142,-392.39894551185176,261.9764675203611,-1450.183480560692,835.9521708337052,44.45533447299391,-555.8578585991745,-678.2126997486669,-533.5642115466728,-1282.4551028061126,983.393725218242,112.92026401155323,-238.0133791265338,1610.9829783553266,-1422.2281185638212,849.2472058635922,620.4507475661966,-2284.8464641142664,1553.8429890896225,871.3308571365054,1176.8158119713473,2690.184133655596,1351.54209466199,-665.4539369486318,448.29984842731204,157.32249697074312,430.91650341413543,2124.480041093511,-989.2173307762808,-1410.6093122252466,1356.4412747692263,1175.696089085843,743.573571710654,-500.8918086626433,-362.21763616845647,223.58816247774377,644.2781148695315
211.47398707126086,-1671.0737087212494,-1218.0055862682975,-105.523933103893,862.6800792618453,833.3358824934827,1423.821715534072,5845.407367185289,378.4253529268195,92.62219174243643,4113.061551725568,843.0241328560231,-1376.9079109491117,2176.3996088276617,-2773.6909819020757,598.3555597743166,-1902.9186528358143,-1781.560653109622,-1251.9109001558952,2834.4501369536288,834.2945816342187,-557.9466233831586,3083.089287865281,-1776.4054910154457,-94.58178525471,1180.1255458111707,1438.6783516941837,1132.7729508711209,2726.5330964701043,-2090.1191272445185,-238.0133791265338,506.42764862925407,-3422.2398310725857,3022.1316195552554,-1804.339366725854,-1317.982608989961,4855.8593924767665,-3303.885548682953,-1852.5947381822587,-2502.5048236230705,-5715.869028575453,-2872.286973087638,1412.8708648939412,-950.7996080926276,-335.1611942123192,-915.4839047244593,-4515.288109900501,2099.147920218717,2997.64676443433,-2884.743001675146,-2500.266162049749,-1580.740289020816,1062.9962794319458,766.9027370142073,-478.3626030505807,-1368.4874751487164
-1429.8901917118708,11296.097010818683,8234.372691581579,712.6411616612947,-5829.9303731027085,-5630.918904403025,-9625.632472182207,-39509.87757679748,-2556.595555078179,-623.6331071917068,-27799.132857684974,-5698.409658122055,9306.56754393887,-14708.45575598442,18749.028817088914,-4044.045546696542,12863.190360628116,12043.456108275019,8459.06450862325,-19156.120879111535,-5638.551637046281,3769.7744565980356,-20837.186211242693,12006.860979198034,639.1547918052954,-7977.796549937191,-9727.043196338449,-7657.711922420791,-18427.347118428996,14126.81705217136,1610.9829783553266,-3422.2398310725857,23132.45988441366,-20426.951919359326,12196.033757667627,8908.897613151034,-32820.50444115405,22328.968943125055,12520.670514967005,16912.598832472806,38634.91082670853,19413.722541912914,-9551.10920842836,6428.642911117227,2264.4042600050784,6188.075650201763,30518.317258996565,-14191.687804213334,-20261.221143011455,19495.564181394795,16897.305818259654,10683.609516896251,-7186.485304573471,-5186.785842177228,3229.5721536501756,9250.411480373938
1262.584316334683,-9974.848918104817,-7271.094127917584,-629.3941970207295,5148.28547784616,4972.654284717022,8499.627169679688,34889.207004277916,2257.7969091069604,551.0806676322238,24548.2825443875,5031.9348219272,-8218.187985469354,12988.639789211069,-16556.13107705054,3571.145719028957,-11358.667463950987,-10634.715566210842,-7470.2161043350225,16916.180792923362,4979.212170924589,-3329.131044031698,18400.570048174097,-10602.676882377204,-564.4272879973411,7044.609831003169,8589.021046375534,6761.96253643903,16272.533969540067,-12474.779791310451,-1422.2281185638212,3022.1316195552554,-20426.951919359326,18038.030146877016,-10769.668443322178,-7866.928384888675,28982.294746807485,-19717.985298958567,-11056.580429674897,-14935.016004399784,-34116.472547590114,-17143.36242741285,8433.899221989497,-5676.488564289115,-1999.7399016293753,-5464.350192964546,-26949.382782603505,12531.456394669034,17891.71857898044,-17216.00416351153,-14921.537024377893,-9434.293905023529,6345.782049029819,4579.688384439849,-2852.466192735737,-8168.479384149572
-753.8536136392328,5955.568508307177,4341.31039964859,375.75436749708285,-3073.7549645431964,-2968.863279835215,-5074.815944983777,-20830.724952678327,-1347.9697157944174,-328.91503847113887,-14656.56696155867,-3004.3481298036895,4906.692217078433,-7754.817380257731,9884.955331247214,-2132.1507670219476,6781.78332573775,6349.56982318436,4459.993367873017,-10099.76127944553,-2972.831075044494,1987.603156308403,-10986.04298324416,6330.361465158039,336.98713768889075,-4206.062611031265,-5128.233986833799,-4037.306030115727,-9715.499268069683,7448.0855393639895,849.2472058635922,-1804.339366725854,12196.033757667627,-10769.668443322178,6430.080906903197,4696.999331862552,-17303.94166151782,11772.582794536227,6601.313311789025,8916.9061628926,20369.38837060538,10235.485291045983,-5035.549886801907,3389.2614224642975,1193.9066219317408,3262.5187519707456,16090.174297949648,-7482.099185195757,-10682.301952506208,10278.749495092618,8908.851150484199,5632.741325881384,-3788.842309455583,-2734.4641552484536,1702.9049428935614,4877.048011198714
-550.6912065050839,4350.419036297951,3171.278554707906,274.4501108044496,-2245.241773248378,-2168.5911438103453,-3707.088528183281,-15216.239353746343,-984.5970403732007,-240.15379665596484,-10706.124368458146,-2194.6025183280713,3584.190042782784,-5664.573122464607,7220.730829060344,-1557.4597870648945,4953.945988261197,4638.2510285273465,3257.770496858484,-7377.4781449558795,-2171.541625593194,1451.8203340167934,-8024.902921942516,4624.140711012334,246.15316795314888,-3072.459556719583,-3746.153748903962,-2949.1867740061753,-7096.815383738344,5440.584164371238,620.4507475661966,-1317.982608989961,8908.897613151034,-7866.928384888675,4696.999331862552,3431.0432355484386,-12639.986457382118,8599.419901040334,4822.010548516578,6513.44318544382,14879.273504035995,7476.70458295539,-3678.3829817774413,2475.8502844988557,872.0691397915122,2383.184179384483,11753.35467657089,-5465.603956659625,-7803.099099150102,7508.201552794944,6507.551921491971,4114.516707847534,-2767.7094711879654,-1997.5908201411778,1243.7533163719397,3562.5701107746313
2028.567862021929,-16026.770283967771,-11682.476898381274,-1011.3487936213995,8272.055280130924,7989.951640760188,13656.384941647715,56057.62487761218,3627.8388463318943,885.7586669186107,39442.73557963391,8084.934011046636,-13204.447910530895,20869.55060203504,-26601.104621873827,5737.918284380398,-18250.193579094474,-17086.924839010833,-12003.005751776242,27180.083110879397,8000.335787828027,-5349.216566046217,29565.03590233988,-17035.679140853717,-906.901684805942,11318.648726874619,13799.885506911372,10864.513049057981,26145.82845742345,-20043.71081849821,-2284.8464641142664,4855.8593924767665,-32820.50444115405,28982.294746807485,-17303.94166151782,-12639.986457382118,46566.914337479284,-31681.85039312948,-17765.134815711095,-23996.86254582038,-54815.96790233292,-27544.85728462555,13550.844539407955,-9120.325859757571,-3213.178850162134,-8779.722938984556,-43300.59767326637,20134.26597673687,28747.242255807734,-27661.884342291196,-23975.22687027679,-15158.496069705163,10195.76893750369,7357.91222746993,-4583.645924796762,-13124.47911606748
