V1,V2,V3,V4,V5,V6,V7,V8,V9,V10,V11,V12,V13,V14,V15,V16,V17,V18,V19,V20,V21,V22,V23,V24,V25,V26,V27,V28,V29,V30,V31,V32,V33,V34,V35,V36,V37,V38,V39,V40,V41,V42,V43,V44,V45,V46,V47,V48,V49,V50,V51,V52,V53,V54,V55,V56
2.789639695788596,2.712547796122763,2.4860928964151756,-8.796869567785349,-0.5076429023060959,1.2782515652364954,-2.4372388539369947,-3.523351797707677,3.7037572245801,-2.6776960374764065,-0.28116854994581825,3.812478115166102,-3.801184637417644,-3.281607270402429,1.1116983133401195,0.5525032474043522,2.3722387880239255,2.978671609336252,3.0280563814642663,-5.1171564073359175,1.8846053142048411,-5.714225948415628,-0.18134588101025426,2.119097803456928,1.5719264262985897,-3.710856001460629,0.007040478159415959,2.538312591630485,-6.85201908896207,4.095068899761869,6.251764128372935,-2.1845975773846225,-3.5069187125621695,0.03374028422604515,-1.8123540695233542,-1.4446392511863515,4.583836240379778,1.245081495706116,0.5641764858977605,-2.2004007926438964,-5.550189568147156,7.016082839937546,8.863773722413978,6.039711811143492,-0.2977003182323013,2.0979048589702125,-0.5982845163932214,0.5302761815406516,4.038979281332756,4.856463086866054,2.478148941687199,-0.8983294229545198,3.384640606765838,6.131013596803439,-1.9525837784915776,1.5727695212927382
2.712547796122763,2.9110387707058107,2.5728428552141223,-8.674532128360756,-0.6082528228387031,1.1171010278481552,-2.6312411400781035,-4.195019566319057,3.6584234261321873,-2.668752971881905,-0.7763426139107891,3.680512049945498,-3.40806760205539,-3.459146241395575,1.3729781842794888,0.5498107062679269,2.538988812570419,3.1199648096900074,3.182016222947286,-5.435043578699132,1.7912215618469831,-5.619893454721962,-0.5244121610586926,2.3433842361115693,1.55266061367059,-3.831389032438294,-0.2854887720493117,2.40259530598155,-7.073228403940867,4.290338120905642,6.242193560970817,-2.293358236686425,-3.150260073714254,-0.4416813567171326,-1.6073350320444302,-1.3407712779891199,3.9178988000843873,1.6398918432974188,0.8176645407055199,-1.8497975997395915,-4.752928132487707,7.1645428331234084,8.558245516344233,6.146444929253731,-0.26086717319677016,2.138762580806822,-0.053380874274623916,0.2399954068308917,3.5626144983337706,5.17877239017617,2.6955668641762047,-0.6575646881042553,3.202000771172277,5.932357211162549,-1.8384944849855316,1.7172266802581155
2.4860928964151756,2.5728428552141223,2.362979724556799,-7.859418101208163,-0.5356439947815009,1.0883825965044165,-2.286905519905968,-3.7211030876466165,3.2442645669503056,-2.3930945912950645,-0.655113702595355,3.3171101069547024,-3.377112616849682,-3.1758326594241915,1.3046016745103326,0.3890811415806534,2.328812465930294,2.8619150721228643,2.8066843017048275,-4.831275449120969,1.5841277337436408,-5.029253344072099,-0.4817880369759754,2.0477706518129057,1.4245777182468349,-3.4240703697789217,-0.061217399794383745,2.136111103871403,-6.410634125247478,3.869532061284411,5.590755485018704,-1.959737452465941,-2.73654428707949,-0.1981211155872705,-1.4253723856893779,-1.1157570532193783,3.6400184827356545,1.4291578562486573,0.6638517936156814,-1.7367934782470733,-4.427380976257444,6.628206611362244,7.804428551481353,5.454519970955734,-0.2282653594257917,1.9917840097582498,-0.08899300979125231,0.28550057286303593,3.357434290487407,4.604750499387028,2.49835917911192,-0.6727893649682537,2.9308714901074184,5.428580767249664,-1.7210002945940912,1.5421768083440013
-8.796869567785349,-8.674532128360756,-7.859418101208163,28.109722610483605,1.8295571131569905,-4.083865955012135,8.002077969936188,11.432498785287223,-12.230298777569253,8.918485808191518,0.9826655323877047,-12.177512258434096,11.767274287647526,10.632515294817289,-3.518987211906304,-1.7469574155666894,-7.723801431409394,-9.627848977879479,-9.762302081357136,16.571941547996158,-6.1034527239137395,18.355250590159862,0.6920939103448415,-6.888009687169781,-4.786798156811333,11.581835844830564,0.23233093066538152,-8.436245380593983,22.099817001083775,-13.47516869641615,-20.138914407733612,6.886411644177178,11.470190575658327,0.21496828793097786,5.416161752116255,4.839288429551767,-14.188822344015433,-4.388289938725826,-1.9136510648602174,6.783253790430252,17.43667641515392,-22.32054656934895,-28.39920753091377,-19.478610007915893,1.0095098860120624,-6.899637856863842,1.509613817614734,-1.7022132148943858,-12.812129424700997,-15.865436829862569,-7.665773648402384,2.7139556128955014,-10.760630989428622,-19.447402336544314,6.036736555328503,-5.0831217589505435
-0.5076429023060959,-0.6082528228387031,-0.5356439947815009,1.8295571131569905,0.2812297304661639,-0.27454542736025855,0.6640059949314709,1.078815846070715,-0.9871251972735683,0.800192184903609,0.27899592513540955,-0.7414484512094731,0.6430297264411028,0.9137323820489949,-0.3752434193412249,-0.006927481524404817,-0.7011053103967285,-0.8023208124718673,-0.703000931983286,1.295480296367848,-0.3870687986651583,1.1939280659615108,0.26388847152369765,-0.5594382235515548,-0.17830283613727582,0.6068484631910437,0.12124866241608878,-0.6785708637570491,1.6999805090986972,-1.2125250583234248,-1.3878009353801244,0.34022847985530597,0.6835623847457079,0.23390532451283616,0.012966805194534548,0.33444671064145276,-0.4654920542732645,-0.6642590265092372,-0.2337741791748612,0.20692453269184183,0.7578436626184535,-1.612514967409978,-1.8666957586511403,-1.3581454719165447,0.0821561066227338,-0.6502625447478553,-0.3410400492255379,-0.06044098457880401,-0.7172538812180663,-1.3353320756116702,-0.49127825197942254,0.052042847338900716,-0.6365929172234163,-1.1756232950202636,0.2776927087305145,-0.4233306506682951
1.2782515652364954,1.1171010278481552,1.0883825965044165,-4.083865955012135,-0.27454542736025855,0.7094780541929427,-1.0637214197831337,-1.3579148207016796,1.8455191485576412,-1.379322057750594,0.07287944933305035,1.7870527929538185,-1.947561591748518,-1.529965043604465,0.43215285355032346,0.16459979092947305,1.1061585853870983,1.3831029262230214,1.3087939082310336,-2.2473593539277736,0.9116533088446364,-2.6564973438964703,0.0029652341409647153,0.8769350976488611,0.6334735976620195,-1.4897882809182723,0.15426791457512684,1.3390828714822143,-3.1455933213629628,1.9631740698346585,2.896976807578667,-0.8256701178681405,-1.7884684551284387,0.21465377623460566,-0.7207768546381338,-0.734231136857479,2.2328314926401474,0.552431973454158,0.14826958177007368,-1.0853987112886239,-2.82725552194549,3.2122124886334653,4.262569779237617,2.722413902492818,-0.1724985602064005,1.0747137428840867,-0.345218969697633,0.4175590580866473,2.1021299758315113,2.1884509055405825,0.9724993385323665,-0.4965963680464499,1.6247043342422223,2.8670107507906595,-0.8907199538719687,0.677635381473941
-2.4372388539369947,-2.6312411400781035,-2.286905519905968,8.002077969936188,0.6640059949314709,-1.0637214197831337,2.50709151990616,3.7948622809114885,-3.6248951616999103,2.6831544186002785,0.6411919958450066,-3.4135473328796038,2.9802507232052373,3.2226312282687473,-1.1703836707433315,-0.49967707086365143,-2.378761483484696,-2.8975181741101914,-2.942314767091752,5.055304495684821,-1.7229539422114852,5.251458455918587,0.46387202804486777,-2.1725201163443564,-1.2824082785989133,3.318525578771455,0.3568915425146411,-2.448870856874366,6.5707504699617605,-4.137571214071077,-5.843044978455144,2.025936953020111,3.158105011860306,0.4962160369329893,1.2956784238122327,1.4037395265346155,-3.4788761014652265,-1.665239561971192,-0.7595881471925046,1.631189626388786,4.3789145071416415,-6.47606441518639,-7.987414981622882,-5.738427561475264,0.2861569538014811,-2.0750176133300866,-0.06527914062123309,-0.29673376431382553,-3.33056431986023,-4.897877941294918,-2.259239558490957,0.5639779603346651,-2.953341576444063,-5.409098537085756,1.588691961848145,-1.5774609680104679
-3.523351797707677,-4.195019566319057,-3.7211030876466165,11.432498785287223,1.078815846070715,-1.3579148207016796,3.7948622809114885,7.001382290474463,-4.787835736468688,3.646540023543112,2.0488273740820517,-4.6222408544579645,4.378656989614626,5.2319260135398284,-2.5891049297739754,-0.42920676854891865,-3.928555391116225,-4.661412952825907,-4.459056303148645,7.867583188945656,-2.1326156543005834,7.236587406290783,1.5312159116397086,-3.497546108540938,-2.013916821555364,5.206458424082343,0.5880520205985561,-2.947909415644283,10.118115671675456,-6.319605044434164,-8.283217821188407,2.9773320944603783,3.230303143271417,1.218448156926357,1.4888384828220302,1.388090853357741,-3.8820287238418825,-3.0872905536133683,-1.4974790502379411,1.7908389251422001,4.860261876151603,-10.337967298342274,-11.034023466085829,-8.283285120956654,0.2692586944043995,-3.1975538969397355,-1.178353509281937,0.13264728527232952,-4.067761638718197,-7.593974158769616,-4.182419562451124,0.5048524218452674,-3.975540504978099,-7.656776943174618,2.303831104449486,-2.6224723378626367
3.7037572245801,3.6584234261321873,3.2442645669503056,-12.230298777569253,-0.9871251972735683,1.8455191485576412,-3.6248951616999103,-4.787835736468688,5.8041600006211285,-4.303824114388453,-0.2537726755872456,5.339710526360737,-4.812106246064135,-4.669568551821629,1.3250263895481473,0.7515241763600264,3.4158232826865165,4.21249534548195,4.251782355800063,-7.26942424126455,2.797213538247317,-8.119449349390766,-0.2403084743259476,3.004914994078079,1.7943367839327522,-4.61687000381216,-0.27221315238937177,4.124894260516611,-9.682411483082873,6.191705137003044,8.922983340379133,-2.8218531322664773,-5.500537236167966,-0.2439265548569826,-2.011533860088519,-2.436296081240703,5.948958942414206,2.178010514242924,0.8296464991261174,-2.8247640975313026,-7.6164202422206495,9.432578821389455,12.542825987396398,8.599939401974897,-0.5290107195018873,3.190052301466011,-0.47031967399294006,0.8996670108621475,5.679283111359978,7.112939234431159,2.879771731068439,-1.1099353660249467,4.688121119713543,8.344420724624321,-2.423511771090941,2.188713266426162
-2.6776960374764065,-2.668752971881905,-2.3930945912950645,8.918485808191518,0.800192184903609,-1.379322057750594,2.6831544186002785,3.646540023543112,-4.303824114388453,3.244252233163971,0.2869149622405948,-3.858308407403179,3.557571319354523,3.5427472417797063,-1.0729773760452248,-0.4474401965785973,-2.610359846482304,-3.1808713133672604,-3.1092274003551843,5.3840373237818735,-2.017875464725722,5.894743866056438,0.29792340968752323,-2.223693805325342,-1.2457764296595732,3.2732505110778267,0.17854622789474464,-3.0577199912124162,7.204036603520196,-4.688774750503903,-6.522566350652755,1.955427868209852,3.9243020879896524,0.2186272621057701,1.2731492560011008,1.7451870643809946,-4.12347050492774,-1.7699407603770407,-0.6360553030754126,1.9562018099250287,5.393068751190886,-7.022455991203489,-9.173474718769587,-6.275428435848159,0.3905963500566481,-2.4547090458740297,0.11980402530104733,-0.6527358985981998,-4.125967125800892,-5.3174339077139345,-2.123591090664352,0.7712802625312238,-3.3952811635737814,-6.057437352647769,1.727990448007549,-1.6418954938614951
-0.28116854994581825,-0.7763426139107891,-0.655113702595355,0.9826655323877047,0.27899592513540955,0.07287944933305035,0.6411919958450066,2.0488273740820517,-0.2537726755872456,0.2869149622405948,1.194968833957062,-0.1921875219523335,0.1598794513895181,0.9988499980867174,-0.9467280421983992,0.13488337294754482,-0.8123145519386133,-0.8525946853364129,-0.6797991979751538,1.3563708838641497,0.042572311558425294,0.4701633176855153,0.8975010839337527,-0.7229309657821467,-0.24003166468343143,0.7868200249951867,0.33320623276104555,0.08195305360392353,1.5513919365448432,-1.0243695979545175,-0.753283535741857,0.37772078645206253,-0.6429543232013877,0.7770899992232425,-0.2758646405415019,-0.26456432030657784,0.7949189303765993,-1.0329681841031861,-0.5660545476800185,-0.4230884596007077,-0.941675074121441,-1.6822186463849857,-0.6180747852770723,-0.9192945461345848,-0.07100920033800462,-0.49667700745216725,-1.174937859233864,0.5269247778831866,0.3539321522987761,-1.327768682696375,-1.0492694157346945,-0.31395433068139117,-0.09759910625244629,-0.5154592762465694,0.12484190564944636,-0.5651990565015672
3.812478115166102,3.680512049945498,3.3171101069547024,-12.177512258434096,-0.7414484512094731,1.7870527929538185,-3.4135473328796038,-4.6222408544579645,5.339710526360737,-3.858308407403179,-0.1921875219523335,5.331797654817228,-5.065668057561079,-4.4495902036759025,1.328936349588288,0.8393228134808572,3.212571207099835,4.042783263169532,4.180015480326356,-7.035964108956597,2.7080529372838376,-8.00579119898858,-0.10612945046028267,2.9025680900194204,2.064554286673392,-4.968455965920304,-0.0899754513825679,3.7319567140548204,-9.396700620130074,5.70524777828371,8.728707913743854,-3.002360804065815,-5.219665098357432,0.013849002617583143,-2.476666696146605,-2.2125902286468926,6.413133349909929,1.7131591691181058,0.7448324173583183,-3.0699835655601335,-7.855279350147558,9.43324087674892,12.359998449930675,8.419758951817899,-0.45969325489853485,2.9045666661451444,-0.921681102582264,0.8366315625882225,5.678420813291147,6.721758117444373,3.1479701698122105,-1.2429945039148498,4.712793894875662,8.448000439100838,-2.6242181360963555,2.121634466908021
-3.801184637417644,-3.40806760205539,-3.377112616849682,11.767274287647526,0.6430297264411028,-1.947561591748518,2.9802507232052373,4.378656989614626,-4.812106246064135,3.557571319354523,0.1598794513895181,-5.065668057561079,5.895625900485105,4.482694743194974,-1.5978738730497293,-0.4357978649957532,-3.2335549798277103,-4.0586635337346415,-3.8187360884249677,6.546711233572574,-2.4397791245774374,7.488135722777335,0.2071299949070636,-2.596684984643013,-2.1191383857601362,4.764137668473388,-0.5734351688221103,-3.347238770171809,9.138161649607111,-5.435316867387492,-8.193458742209579,2.5592974656143754,4.461133563936299,-0.6484694128086891,2.3240962527637197,1.707454888481168,-6.430543298724652,-1.4830218171971667,-0.5105473180944858,3.1386570782678294,7.853959623396169,-9.701182748541138,-12.040317461352128,-7.753529996357474,0.39032329451886916,-2.966342766650524,0.9604478112283139,-0.9520026758847631,-5.826654738517057,-6.230872111500108,-3.388122145097668,1.4349496531416503,-4.628786321829066,-8.350681540257616,2.7534573499963946,-2.0423410364848653
-3.281607270402429,-3.459146241395575,-3.1758326594241915,10.632515294817289,0.9137323820489949,-1.529965043604465,3.2226312282687473,5.2319260135398284,-4.669568551821629,3.5427472417797063,0.9988499980867174,-4.4495902036759025,4.482694743194974,4.514658908510082,-1.8512309799390025,-0.39137576660693185,-3.34732930908927,-4.0404617622901915,-3.828792348723946,6.7039391499004415,-2.1631091286726054,6.8197081415440755,0.8207073982846254,-2.83967769290965,-1.7337456094618349,4.362267759603597,0.14954405493916914,-3.1215709056780487,8.915913431998234,-5.613414379413307,-7.653642927130028,2.4624163100047745,3.756636435402039,0.4230939105312927,1.5243036522203912,1.5884136021386732,-4.500115729378514,-2.3131548672784525,-0.9621318345512787,2.1352610978150945,5.723515931755557,-9.071092683400073,-10.649041801213045,-7.450580873452649,0.3468641360116961,-2.942167891828251,-0.2939922867011565,-0.41742302669044556,-4.523720285628561,-6.518308376665579,-3.2583346609973654,0.8116610979010868,-3.9244499709695226,-7.252337891788439,2.190342868229158,-2.1530012025491008
1.1116983133401195,1.3729781842794888,1.3046016745103326,-3.518987211906304,-0.3752434193412249,0.43215285355032346,-1.1703836707433315,-2.5891049297739754,1.3250263895481473,-1.0729773760452248,-0.9467280421983992,1.328936349588288,-1.5978738730497293,-1.8512309799390025,1.1287286842844158,-0.048408716936726055,1.408428101785934,1.6327237633636105,1.3963064776140244,-2.561449568199096,0.5297560390791942,-2.100928753791987,-0.7523097391661541,1.1452918131510894,0.6720747703214667,-1.684949556308723,-0.060314291858201446,0.7294903819935332,-3.3575982824071375,2.0881358601264695,2.4892379856290914,-0.8363049605926519,-0.5208638362600826,-0.3885031433907056,-0.2914375909368773,-0.17217090848517091,0.8970368124421313,1.1522017162379254,0.533808460238318,-0.4161314329925301,-1.1426563836738335,3.6237719665127788,3.32798087353925,2.494918760882299,-0.037778549139588946,1.1160618010859988,0.6953152338274577,-0.1548035054951407,1.1399144678203854,2.47716406642028,1.6094740703882164,-0.11408333447350934,1.1694789030347272,2.3681506087474786,-0.7500035716168612,0.9141887111388358
0.5525032474043522,0.5498107062679269,0.3890811415806534,-1.7469574155666894,-0.006927481524404817,0.16459979092947305,-0.49967707086365143,-0.42920676854891865,0.7515241763600264,-0.4474401965785973,0.13488337294754482,0.8393228134808572,-0.4357978649957532,-0.39137576660693185,-0.048408716936726055,0.35037661312650653,0.253345573553157,0.3814473072220008,0.6310703186570924,-0.9345470660057886,0.46600052170532524,-1.2458231671936184,0.19990180172349956,0.40838963227078867,0.35233312989879684,-0.8411666438812198,-0.1847523430694022,0.5354811006377816,-1.1177591400826588,0.5836301011915593,1.2851815365601462,-0.6476306288702849,-1.0276240035511988,-0.06932113029770921,-0.65003861547197,-0.4705814478142574,1.1929580179084402,0.012687166477192488,0.10071093038120471,-0.5598433169825122,-1.3256080988268724,0.9977999108176228,1.7224854987946283,1.2846293735409993,-0.07428757938542462,0.1960703072218162,-0.45378539494162984,0.10574723613841808,0.7770246198354408,0.8268829765242518,0.3207955358617435,-0.18668755226381292,0.6980387936162206,1.2105313645079028,-0.382717352620715,0.23357797643878836
2.3722387880239255,2.538988812570419,2.328812465930294,-7.723801431409394,-0.7011053103967285,1.1061585853870983,-2.378761483484696,-3.928555391116225,3.4158232826865165,-2.610359846482304,-0.8123145519386133,3.212571207099835,-3.2335549798277103,-3.34732930908927,1.408428101785934,0.253345573553157,2.4911008168517528,2.989569829252731,2.805577039167566,-4.938888944370324,1.5571978546542131,-4.944401079030548,-0.6727894795789559,2.1009173115201314,1.239738884164392,-3.1580570219868385,-0.1348588503826853,2.2726883908333497,-6.556771949196994,4.160354665578674,5.5734654887596236,-1.771817153796095,-2.668497835207693,-0.3727388354843191,-1.02630858312767,-1.1351810387538501,3.1351969017368098,1.7832218791547183,0.737374858379948,-1.4831736966718838,-4.027957302635236,6.6614464294369755,7.724423267211704,5.434829183591982,-0.24998630500481442,2.1855602117007162,0.34291085460647663,0.27116513046029467,3.235117714700818,4.819186479742882,2.401501347344964,-0.5524461493430841,2.828540346170428,5.247095030954784,-1.5689660655056399,1.5966874053138673
2.978671609336252,3.1199648096900074,2.8619150721228643,-9.627848977879479,-0.8023208124718673,1.3831029262230214,-2.8975181741101914,-4.661412952825907,4.21249534548195,-3.1808713133672604,-0.8525946853364129,4.042783263169532,-4.0586635337346415,-4.0404617622901915,1.6327237633636105,0.3814473072220008,2.989569829252731,3.6215044299459263,3.4546341207731053,-6.030013230888987,1.9683238083243053,-6.183893037310529,-0.694414510681626,2.550420992630454,1.584764571186357,-3.964394156752736,-0.12870216529317668,2.8208256915475114,-8.020595508816735,5.026253848293993,6.923253173356682,-2.249624412325477,-3.4433119109164143,-0.35168784374210643,-1.4382815896104086,-1.452809245599092,4.159723429371207,2.029313864518127,0.8501431964316162,-1.9752261397979858,-5.2596274172190896,8.161493264397368,9.645128069849719,6.7373468876586164,-0.3148621729708477,2.627835895700499,0.1825141829104138,0.39282279062325764,4.120398365426516,5.8499770134942555,2.9288176803775228,-0.7554634355219677,3.565933646207522,6.578919875735822,-1.9964083083024522,1.9293001679589052
3.0280563814642663,3.182016222947286,2.8066843017048275,-9.762302081357136,-0.703000931983286,1.3087939082310336,-2.942314767091752,-4.459056303148645,4.251782355800063,-3.1092274003551843,-0.6797991979751538,4.180015480326356,-3.8187360884249677,-3.828792348723946,1.3963064776140244,0.6310703186570924,2.805577039167566,3.4546341207731053,3.533191175457833,-6.024943807334544,2.0799688832674743,-6.373502850486818,-0.46478945289999674,2.571827142237179,1.6684213440604299,-4.154724436996674,-0.30407732383058717,2.8602668055543083,-7.878617162214393,4.838693836582415,7.052930296639224,-2.50961447985799,-3.7919523446211993,-0.4179583589920029,-1.7795221309979223,-1.636479756149848,4.5243723910773666,1.7948706623203319,0.849865447782877,-2.139561059501019,-5.563366048858155,7.893032730043174,9.729674042858822,6.90755511533055,-0.32852131535341145,2.4260108558803806,-0.17268826591202285,0.39001324374841523,4.148722327142462,5.7750328860789875,2.827838012820905,-0.7810832891195283,3.6432867455109594,6.673013732915349,-2.034955310345771,1.8767468531843865
-5.1171564073359175,-5.435043578699132,-4.831275449120969,16.571941547996158,1.295480296367848,-2.2473593539277736,5.055304495684821,7.867583188945656,-7.26942424126455,5.3840373237818735,1.3563708838641497,-7.035964108956597,6.546711233572574,6.7039391499004415,-2.561449568199096,-0.9345470660057886,-4.938888944370324,-6.030013230888987,-6.024943807334544,10.370300423448361,-3.4797329979235503,10.768752875241383,0.9969616733534142,-4.4315586598878385,-2.7747901573439058,6.981536814911558,0.49880467113427235,-4.869621388757648,13.593999418060571,-8.442246406218212,-11.984484506015352,4.148988201680776,6.240283229206286,0.7948475285341926,2.771587658658892,2.6941261958422653,-7.3540022661793225,-3.309963637005774,-1.5080704520829702,3.4724656226459953,9.15436250261854,-13.646409865112908,-16.51867380937736,-11.736340139632658,0.5523699265645321,-4.283527894083707,-0.04431823444418304,-0.6156185651772494,-6.972521086221626,-9.996311204390173,-4.8997347357868,1.2601619175693433,-6.13888792503815,-11.291352677582234,3.412180683202366,-3.266233748338646
1.8846053142048411,1.7912215618469831,1.5841277337436408,-6.1034527239137395,-0.3870687986651583,0.9116533088446364,-1.7229539422114852,-2.1326156543005834,2.797213538247317,-2.017875464725722,0.042572311558425294,2.7080529372838376,-2.4397791245774374,-2.1631091286726054,0.5297560390791942,0.46600052170532524,1.5571978546542131,1.9683238083243053,2.0799688832674743,-3.4797329979235503,1.4185886265925634,-4.069311263549457,0.049774823299637116,1.4251032440575493,0.971587992120135,-2.387250777320746,-0.09019927397766153,2.000248742868061,-4.640654656344757,2.8653871225856262,4.414476917769784,-1.4885960870458794,-2.8432611778760255,0.010408836900707237,-1.2356491088281392,-1.2369010609957407,3.2853150131036464,0.8290591205468091,0.3403458699012159,-1.5695447456204874,-4.0729894844722745,4.551863428264704,6.254508527239974,4.245712072139139,-0.2593550033339083,1.4495184032040935,-0.5456351063929449,0.4916161136152602,2.9158734404211195,3.348169562698873,1.4025429874821023,-0.6336883631514235,2.3848188948186606,4.217217428035707,-1.2746160797084454,1.0226537548938612
-5.714225948415628,-5.619893454721962,-5.029253344072099,18.355250590159862,1.1939280659615108,-2.6564973438964703,5.251458455918587,7.236587406290783,-8.119449349390766,5.894743866056438,0.4701633176855153,-8.00579119898858,7.488135722777335,6.8197081415440755,-2.100928753791987,-1.2458231671936184,-4.944401079030548,-6.183893037310529,-6.373502850486818,10.768752875241383,-4.069311263549457,12.071647696575786,0.3019827013656171,-4.473869181830025,-3.0678218898675134,7.484702116604522,0.256179079430912,-5.650224875732862,14.31389322665112,-8.762197158332752,-13.206024628906299,4.535486866077201,7.796863772199735,0.17516995091250848,3.5907815518015918,3.3359077523537373,-9.381489908458294,-2.797137356922363,-1.2227208978250446,4.477230138537609,11.552260933769144,-14.30477492303758,-18.591143721360687,-12.77477718197303,0.6922182017995493,-4.4501365662291805,1.1304439785916667,-1.1764904413488881,-8.416587578889821,-10.321952013770659,-4.789079071962575,1.7757666638327236,-7.050887455859695,-12.674237326364203,3.893492891981806,-3.2644295313761194
-0.18134588101025426,-0.5244121610586926,-0.4817880369759754,0.6920939103448415,0.26388847152369765,0.0029652341409647153,0.46387202804486777,1.5312159116397086,-0.2403084743259476,0.29792340968752323,0.8975010839337527,-0.10612945046028267,0.2071299949070636,0.8207073982846254,-0.7523097391661541,0.19990180172349956,-0.6727894795789559,-0.694414510681626,-0.46478945289999674,0.9969616733534142,0.049774823299637116,0.3019827013656171,0.7249418530871826,-0.5142004938901903,-0.11106899573053175,0.44894068404093196,0.1776497850150348,0.006956351474581002,1.2058818930053163,-0.8655261224962264,-0.5335847723401644,0.14853341123770977,-0.5222422726183061,0.5344996362941786,-0.36775686861888296,-0.21882484343541017,0.71068530344699965,-0.8662304848612646,-0.40155572207775053,-0.3678934524535709,-0.7528255537818075,-1.314990780683949,-0.478499188005028,-0.6274692372929632,-0.04383346532797907,-0.4716072144656711,-0.9965202656239932,0.3480841296322737,0.222338936926714,-1.0220909135742935,-0.7472837294757397,-0.23370163709746944,-0.05860839542447937,-0.35000539106230266,0.0615843227356438,-0.42818858202750587
2.119097803456928,2.3433842361115693,2.0477706518129057,-6.888009687169781,-0.5594382235515548,0.8769350976488611,-2.1725201163443564,-3.497546108540938,3.004914994078079,-2.223693805325342,-0.7229309657821467,2.9025680900194204,-2.596684984643013,-2.83967769290965,1.1452918131510894,0.40838963227078867,2.1009173115201314,2.550420992630454,2.571827142237179,-4.4315586598878385,1.4251032440575493,-4.473869181830025,-0.5142004938901903,1.9253556609760565,1.1689656560327621,-2.9842369238729685,-0.31162000269490164,1.974368611156997,-5.734795610283765,3.5625071826845773,5.00384642360082,-1.7939825772258404,-2.494943805511277,-0.4880396517762053,-1.1279084957429404,-1.0921222520438623,2.88615210344586,1.4843382262322558,0.7133052355750926,-1.3510795364557004,-3.5805039698793393,5.7359157128143385,6.7947148961981725,4.942965843993791,-0.21617317321780033,1.7795135820899721,0.16453321239315466,0.1552013099664796,2.7519602839158606,4.266063410253922,2.126389080029983,-0.4512031642329545,2.5081665045046613,4.659643424212538,-1.39724999928464,1.4080647959478494
1.5719264262985897,1.55266061367059,1.4245777182468349,-4.786798156811333,-0.17830283613727582,0.6334735976620195,-1.2824082785989133,-2.013916821555364,1.7943367839327522,-1.2457764296595732,-0.24003166468343143,2.064554286673392,-2.1191383857601362,-1.7337456094618349,0.6720747703214667,0.35233312989879684,1.239738884164392,1.584764571186357,1.6684213440604299,-2.7747901573439058,0.971587992120135,-3.0678218898675134,-0.11106899573053175,1.1689656560327621,0.9977388448999244,-2.251348023846687,0.021396137196563993,1.1670280658242258,-3.677299120394615,2.052092865869407,3.3422583890679882,-1.3240022534362528,-1.7090628202662994,0.03188285956892891,-1.1879971220076264,-0.6607830209072285,2.601845674713979,0.5425948440703757,0.32882109934066467,-1.2524051105380365,-2.9871850500274744,3.891451121419685,4.7129910573825144,3.2616499824477736,-0.12029837138139994,1.0169124803298866,-0.43125855843338806,0.1898254873129443,2.1073394881853935,2.551740471460674,1.5488375355181818,-0.5035635735200492,1.8319955931387877,3.3793726156482764,-1.1483971938912731,0.8655445181192292
-3.710856001460629,-3.831389032438294,-3.4240703697789217,11.581835844830564,0.6068484631910437,-1.4897882809182723,3.318525578771455,5.206458424082343,-4.61687000381216,3.2732505110778267,0.7868200249951867,-4.968455965920304,4.764137668473388,4.362267759603597,-1.684949556308723,-0.8411666438812198,-3.1580570219868385,-3.964394156752736,-4.154724436996674,6.981536814911558,-2.387250777320746,7.484702116604522,0.44894068404093196,-2.9842369238729685,-2.251348023846687,5.307204741421717,0.2112456038140629,-3.0191081272647486,9.132749959344062,-5.309549947352367,-8.221725975551632,3.1794333581552197,4.226827020051876,0.2869264426289157,2.5615719124397502,1.7284311667048653,-5.799580300520241,-1.7184004930698797,-0.9497601808027007,2.7638656522368072,6.807767792406648,-9.41991183406455,-11.401688664552065,-8.072215371982201,0.32170297259050457,-2.6167822573633686,0.6062251932128823,-0.38090140376347076,-4.909214826740202,-6.529678532484645,-3.646939702733087,1.0423931932497,-4.35457498781073,-8.043406841574715,2.612611967087571,-2.18323191188568
0.007040478159415959,-0.2854887720493117,-0.061217399794383745,0.23233093066538152,0.12124866241608878,0.15426791457512684,0.3568915425146411,0.5880520205985561,-0.27221315238937177,0.17854622789474464,0.33320623276104555,-0.0899754513825679,-0.5734351688221103,0.14954405493916914,-0.060314291858201446,-0.1847523430694022,-0.1348588503826853,-0.12870216529317668,-0.30407732383058717,0.49880467113427235,-0.09019927397766153,0.256179079430912,0.1776497850150348,-0.31162000269490164,0.021396137196563993,0.2112456038140629,0.48701775202014697,-0.13269622856623026,0.36007631796462336,-0.31499899505389084,-0.3273771167521095,0.2936712586577442,0.17134061982175947,0.5913258512650569,-0.04760225417499166,0.1869962716092156,0.3761291873227567,-0.3823949826882144,-0.27554988466120506,-0.2277060542820416,-0.4312656209739522,-0.07298107795297734,-0.08018476437775701,-0.4562687617292283,0.013809544589155412,-0.03515485611963817,-0.3651548064021186,0.22616168363891812,0.3105595463274452,-0.5027220285000762,-0.057985047783432504,-0.2290582849416901,0.03058792791873902,-0.002035838471953965,-0.10764338464851128,-0.1508808661101105
2.538312591630485,2.40259530598155,2.136111103871403,-8.436245380593983,-0.6785708637570491,1.3390828714822143,-2.448870856874366,-2.947909415644283,4.124894260516611,-3.0577199912124162,0.08195305360392353,3.7319567140548204,-3.347238770171809,-3.1215709056780487,0.7294903819935332,0.5354811006377816,2.2726883908333497,2.8208256915475114,2.8602668055543083,-4.869621388757648,2.000248742868061,-5.650224875732862,0.006956351474581002,1.974368611156997,1.1670280658242258,-3.0191081272647486,-0.13269622856623026,3.0029458906288933,-6.549825436744051,4.235293217394956,6.169553226653069,-1.8666157899800278,-4.073608310473713,-0.026259143674446168,-1.3964964998200498,-1.8138088746772938,4.307667906492994,1.3871071719753194,0.4683198759657305,-2.0530798211417443,-5.563925594693478,6.304076208855311,8.76748367937757,5.8965589661498825,-0.4019194152381505,2.2008653864530237,-0.5176258207584388,0.7722828683607278,4.107047121981824,4.794807278062048,1.7569887208534576,-0.8379009199128535,3.2911577025378675,5.770036743266674,-1.6539961812876216,1.431625744677528
-6.85201908896207,-7.073228403940867,-6.410634125247478,22.099817001083775,1.6999805090986972,-3.1455933213629628,6.5707504699617605,10.118115671675456,-9.682411483082873,7.204036603520196,1.5513919365448432,-9.396700620130074,9.138161649607111,8.915913431998234,-3.3575982824071375,-1.1177591400826588,-6.556771949196994,-8.020595508816735,-7.878617162214393,13.593999418060571,-4.640654656344757,14.31389322665112,1.2058818930053163,-5.734795610283765,-3.677299120394615,9.132749959344062,0.36007631796462336,-6.549825436744051,18.02900758490129,-11.197712424794869,-15.904108125690493,5.322233515208271,8.37044828954028,0.6819634358789071,3.673091013328806,3.5574543525521802,-10.090131161610806,-4.24279171098716,-1.8300604399512288,4.795056532280758,12.605891717310268,-18.22782470121073,-22.178684461964366,-15.470853518012314,0.7521556692309748,-5.777451096853424,0.14954594882812886,-1.0227324174488779,-9.611310371113,-13.123847638455981,-6.4424905333378595,1.8391570914600546,-8.269744191437391,-15.142244223103399,4.614671303173407,-4.277895530432618
4.095068899761869,4.290338120905642,3.869532061284411,-13.47516869641615,-1.2125250583234248,1.9631740698346585,-4.137571214071077,-6.319605044434164,6.191705137003044,-4.688774750503903,-1.0243695979545175,5.70524777828371,-5.435316867387492,-5.613414379413307,2.0881358601264695,0.5836301011915593,4.160354665578674,5.026253848293993,4.838693836582415,-8.442246406218212,2.8653871225856262,-8.762197158332752,-0.8655261224962264,3.5625071826845773,2.052092865869407,-5.309549947352367,-0.31499899505389084,4.235293217394956,-11.197712424794869,7.172351235437573,9.79526258597841,-3.0867560146600095,-5.216470337033265,-0.5814483016036024,-1.8779718807523316,-2.2800912789233028,5.773434431579008,2.931194937261867,1.1762735296680378,-2.7289556310495535,-7.459393490938027,11.15314752456464,13.61124081119311,9.517862868744114,-0.5000672086264278,3.7379223589363444,0.27018091902716135,0.6580122474142943,5.841677048650547,8.269191803239245,3.774094095082683,-1.0249300935604644,5.006581433240685,9.139666288601289,-2.6735350376330462,2.66170953074996
6.251764128372935,6.242193560970817,5.590755485018704,-20.138914407733612,-1.3878009353801244,2.896976807578667,-5.843044978455144,-8.283217821188407,8.922983340379133,-6.522566350652755,-0.753283535741857,8.728707913743854,-8.193458742209579,-7.653642927130028,2.4892379856290914,1.2851815365601462,5.5734654887596236,6.923253173356682,7.052930296639224,-11.984484506015352,4.414476917769784,-13.206024628906299,-0.5335847723401644,5.00384642360082,3.3422583890679882,-8.221725975551632,-0.3273771167521095,6.169553226653069,-15.904108125690493,9.79526258597841,14.507935301803782,-4.945552007444885,-8.349167500175755,-0.3407859420803447,-3.76261343009732,-3.5790924575810124,9.972228471887702,3.3066681881948337,1.4387057729183321,-4.751081560967443,-12.341991414676782,15.90888183919678,20.35272896425785,14.059436409938154,-0.7459390945242541,4.99063580980045,-0.926317806073458,1.1957415239293838,9.097212862465526,11.519499597009169,5.386651607061225,-1.8613742964351756,7.6790807174841245,13.863478423302247,-4.235080284920267,3.667327816880178
-2.1845975773846225,-2.293358236686425,-1.959737452465941,6.886411644177178,0.34022847985530597,-0.8256701178681405,2.025936953020111,2.9773320944603783,-2.8218531322664773,1.955427868209852,0.37772078645206253,-3.002360804065815,2.5592974656143754,2.4624163100047745,-0.8363049605926519,-0.6476306288702849,-1.771817153796095,-2.249624412325477,-2.50961447985799,4.148988201680776,-1.4885960870458794,4.535486866077201,0.14853341123770977,-1.7939825772258404,-1.3240022534362528,3.1794333581552197,0.2936712586577442,-1.8666157899800278,5.322233515208271,-3.0867560146600095,-4.945552007444885,2.012451034953337,2.755524387757623,0.2866533564298788,1.6359632130690842,1.1777108918450403,-3.5296662885096786,-0.9562000548150212,-0.5842896570262831,1.6688668540478535,4.115647039124714,-5.344385655808688,-6.763010159675254,-4.888870454610349,0.20961548493532975,-1.4530280519609757,0.48610252433720363,-0.21965009073400418,-2.8748809475125476,-3.866745769090461,-2.0262887798396507,0.5917107259131976,-2.5921577293516327,-4.750480606494074,1.5135625688023195,-1.2635431626427138
-3.5069187125621695,-3.150260073714254,-2.73654428707949,11.470190575658327,0.6835623847457079,-1.7884684551284387,3.158105011860306,3.230303143271417,-5.500537236167966,3.9243020879896524,-0.6429543232013877,-5.219665098357432,4.461133563936299,3.756636435402039,-0.5208638362600826,-1.0276240035511988,-2.668497835207693,-3.4433119109164143,-3.7919523446211993,6.240283229206286,-2.8432611778760255,7.796863772199735,-0.5222422726183061,-2.494943805511277,-1.7090628202662994,4.226827020051876,0.17134061982175947,-4.073608310473713,8.37044828954028,-5.216470337033265,-8.349167500175755,2.755524387757623,6.030242701723651,-0.22909223705854861,2.471239412420744,2.6675083763793532,-6.675249013672764,-1.245454249263365,-0.44630710506472526,3.193873410184342,8.323653308680749,-7.981940895111212,-11.948870946614155,-7.962489842083298,0.5645151423063007,-2.6213110555037002,1.5331970139194344,-1.2011789686745133,-5.810165604168944,-6.029475650381433,-2.1209127135119776,1.322284674856225,-4.597142879043891,-7.943081282707731,2.353323789946811,-1.7413830540983157
0.03374028422604515,-0.4416813567171326,-0.1981211155872705,0.21496828793097786,0.23390532451283616,0.21465377623460566,0.4962160369329893,1.218448156926357,-0.2439265548569826,0.2186272621057701,0.7770899992232425,0.013849002617583143,-0.6484694128086891,0.4230939105312927,-0.3885031433907056,-0.06932113029770921,-0.3727388354843191,-0.35168784374210643,-0.4179583589920029,0.7948475285341926,0.010408836900707237,0.17516995091250848,0.5344996362941786,-0.4880396517762053,0.03188285956892891,0.2869264426289157,0.5913258512650569,-0.026259143674446168,0.6819634358789071,-0.5814483016036024,-0.3407859420803447,0.2866533564298788,-0.22909223705854861,0.8767084060715193,-0.3053701632593176,0.02388198557789537,0.931031340961605,-0.7705193348115331,-0.4600542882324566,-0.5087796756885279,-1.0500617968348824,-0.4332547823604046,0.05143203630037523,-0.5294613306128376,-0.0201126466395395,-0.1810498752040984,-0.8944822098669253,0.4286590677454789,0.6001970656449064,-0.8216853421356798,-0.32742373542678216,-0.3897564055278726,0.1440081859613701,0.08058854305189189,-0.16173677779754728,-0.3020780985322113
-1.8123540695233542,-1.6073350320444302,-1.4253723856893779,5.416161752116255,0.012966805194534548,-0.7207768546381338,1.2956784238122327,1.4888384828220302,-2.011533860088519,1.2731492560011008,-0.2758646405415019,-2.476666696146605,2.3240962527637197,1.5243036522203912,-0.2914375909368773,-0.65003861547197,-1.02630858312767,-1.4382815896104086,-1.7795221309979223,2.771587658658892,-1.2356491088281392,3.5907815518015918,-0.36775686861888296,-1.1279084957429404,-1.1879971220076264,2.5615719124397502,-0.04760225417499166,-1.3964964998200498,3.673091013328806,-1.8779718807523316,-3.76261343009732,1.6359632130690842,2.471239412420744,-0.3053701632593176,1.8019444443075063,0.9808117404947518,-3.6874814463847208,-0.05306374053890255,-0.17383817522677317,1.7841451434214273,4.129319709532734,-3.8268645235632177,-5.411178646107831,-3.636317476010754,0.16983155272908104,-0.8549520388821026,1.238030300339579,-0.40757507460503617,-2.6518470341743923,-2.449955112221154,-1.4206647863439825,0.7462150997992066,-2.1970544489406034,-3.90483808369638,1.3693815843237334,-0.7785829904187541
-1.4446392511863515,-1.3407712779891199,-1.1157570532193783,4.839288429551767,0.33444671064145276,-0.734231136857479,1.4037395265346155,1.388090853357741,-2.436296081240703,1.7451870643809946,-0.26456432030657784,-2.2125902286468926,1.707454888481168,1.5884136021386732,-0.17217090848517091,-0.4705814478142574,-1.1351810387538501,-1.452809245599092,-1.636479756149848,2.6941261958422653,-1.2369010609957407,3.3359077523537373,-0.21882484343541017,-1.0921222520438623,-0.6607830209072285,1.7284311667048653,0.1869962716092156,-1.8138088746772938,3.5574543525521802,-2.2800912789233028,-3.5790924575810124,1.1777108918450403,2.6675083763793532,0.02388198557789537,0.9808117404947518,1.2186835276220527,-2.7153738907305467,-0.6140319357023538,-0.22665108859361963,1.2880731683740059,3.442564000624791,-3.2780375252094682,-5.0503804513977135,-3.4316793277417093,0.2564176789862872,-1.1252556485043501,0.5736179627790707,-0.5000540871886067,-2.4065988153644393,-2.631563269627725,-0.8009045574818902,0.5072130293547122,-1.924241044409544,-3.3052676917739485,0.931455900777864,-0.7426465897489614
