V1,V2,V3,V4,V5,V6,V7,V8,V9,V10,V11,V12,V13,V14,V15,V16,V17,V18,V19,V20,V21,V22,V23,V24,V25,V26,V27,V28,V29,V30,V31,V32,V33,V34,V35,V36,V37,V38,V39,V40,V41,V42,V43,V44,V45,V46,V47,V48,V49,V50,V51,V52,V53,V54,V55,V56
12.811360609113784,-5.891393216762132,-6.011476598148445,-7.0015120983150805,-12.738737377760183,-15.117766620989558,-1.5982946894525212,6.117387223081072,-5.289304842755496,3.5500147836000817,15.354371680425986,5.357822827827296,7.030497516785351,-0.884891053635922,-11.252477109077047,-6.4833285181870925,-6.4766971475931285,-9.266871632892038,-0.8373117745375193,-21.366599283663525,-11.638889645450437,-4.728367498387036,12.714524596466738,6.665916125657867,-1.5269955072170727,-0.2722790864096573,-0.978944177921395,-4.622793639875967,1.4215754158434886,-3.47262017174921,2.788672650342381,-13.049784085530613,-19.92002266438433,-7.534757660485477,11.651633504543103,-6.173927504421913,-9.785528642693675,4.504291191387613,3.059057481017037,-1.7109099395142475,-2.0026499131483986,9.92693837641046,4.245125725450045,-0.9633065857196249,19.708649128316154,5.3590550882934735,-5.5683968519658436,-4.911503385169655,3.51889780087397,-6.004100619193458,3.1391524181480532,3.9772763540934553,-2.821393554230469,-6.999981146684247,-1.8028061480805861,-12.078308692454907
-5.891393216762132,2.7170772177373417,2.783296857723416,3.253983652600284,5.809385516759366,7.01260758558902,0.7915376642781432,-2.8801346624430266,2.596904994792383,-1.668993912249112,-7.0498159556433855,-2.469731486739553,-3.2459421353239737,0.4330283952224983,5.163586803111481,2.9964284538383,2.993248795096821,4.303771548455738,0.31761430283263875,9.878647635778652,5.458882312888236,2.306807725465412,-5.91661260766155,-3.1458718973692337,0.5968101552988593,0.126031132272216,0.45007994460567247,2.1143184121232323,-0.6186345542504793,1.5376081261017676,-1.2603232138424416,6.100321953874418,9.28689338269241,3.4696986611222207,-5.380075658170742,2.9261801418836124,4.540288717758613,-2.1499321587154774,-1.3997083937940036,0.7210382422418048,0.8650680468424692,-4.558710127820916,-1.8579473188795912,0.3509247523657276,-9.195504109104276,-2.447066962585175,2.519450781912653,2.203767894516411,-1.5923104376582813,2.7467590805651576,-1.4965557102729912,-1.7949610487784113,1.3203939767189776,3.262665514498984,0.8438690440990978,5.66021823660057
-6.011476598148445,2.783296857723416,2.86600264330437,3.3674919733827458,5.86091169449603,7.238924261051607,0.8854775270844532,-3.031040238534726,2.8762866984346576,-1.7532252343154067,-7.178379101758944,-2.5281916269398597,-3.329879206119891,0.4777730387491377,5.25378326626046,3.0781750388407603,3.074755107939127,4.449747529783041,0.23131203735114422,10.1530239030695,5.716906808416646,2.53604539056813,-6.13318374817798,-3.3207602421074065,0.46396827654690387,0.12973178924113335,0.4591227087124452,2.1415861416674513,-0.5829672807091693,1.4873595012781815,-1.2556478289788897,6.361278606207348,9.650289541249496,3.5470085020517836,-5.519993834367617,3.1056075934754563,4.6883455915638095,-2.3019061187803715,-1.418580944058344,0.6452852163051636,0.8058381356176427,-4.643016459485902,-1.7662044674424668,0.2314135883622349,-9.56503096915836,-2.4731002232729895,2.514097103329063,2.1732574411912693,-1.5891591878886209,2.7831157298628666,-1.5999752575142396,-1.7847454082929695,1.378891505771725,3.389260665082859,0.8814823390696853,5.921334258551813
-7.0015120983150805,3.253983652600284,3.3674919733827458,3.9756490906920012,6.75022437492671,8.525762216743502,1.1196334208271435,-3.6348884407788784,3.6070449311816,-2.0989652074888276,-8.343414900054222,-2.9537791285058588,-3.898459606902882,0.5972310943531766,6.101946627726642,3.608589214843833,3.6044042177867266,5.248708330011433,0.1640890514526156,11.908027036994946,6.825025478291287,3.160558939496805,-7.252210264658701,-3.9933989471787688,0.3757713136236063,0.1523826818353842,0.5345871612193761,2.4763201583156222,-0.624174620413616,1.639694851145403,-1.4279731447824127,7.564004781682685,11.437241788863119,4.138647387438266,-6.4634334376169225,3.753048682001377,5.523489995551934,-2.803782135190855,-1.6412470558155603,0.6488811858209648,0.8513013863820402,-5.397902858946799,-1.9099482601508553,0.1257393259499077,-11.347017440825551,-2.853329408879091,2.8637749523043174,2.445549602548462,-1.8104587723946122,3.219187696032251,-1.9462476799110102,-2.025547392249344,1.6418355011255343,4.015658179364453,1.0498259333072062,7.061968543893092
-12.738737377760183,5.809385516759366,5.86091169449603,6.75022437492671,12.966495078543609,14.65813163885039,1.2402841058684135,-5.6692012432612575,4.243736057989127,-3.3046965310168006,-15.335200470339414,-5.291042485823536,-6.910924646181271,0.718786732211842,11.256208195003728,6.353867089637027,6.348069556026997,8.953092330937345,1.2486525190735271,20.918003030462856,10.914742675038818,3.884347941261806,-12.212032196230972,-6.131361892800496,2.1686672073523163,0.2656627803193253,0.9739806437225541,4.667577729398453,-1.6300282772410677,3.8188554778950254,-2.909038198229894,12.363124245357433,19.026292303765672,7.462500031885978,-11.449887480271267,5.601725856389985,9.48109771544708,-3.9937181127031507,-3.0850321600695243,2.1068554196035665,2.336018299096201,-9.909296273473105,-4.802359044279855,1.5259149583141058,-18.780261119143365,-5.435620803922534,5.79115382002301,5.2219448090017275,-3.6586440270785072,6.058106608279251,-2.7943440267262947,-4.164634726345651,2.6637476637803936,6.690793368255769,1.701038110252382,11.356209526119219
-15.117766620989558,7.01260758558902,7.238924261051607,8.525762216743502,14.65813163885039,18.305542773415095,2.321033510469635,-7.734162630646968,7.507547663798799,-4.469842402030752,-18.03398870369847,-6.367770617756178,-8.395564813989054,1.2450062899592278,13.194076645037676,7.7660827244051625,7.757263468047119,11.260842117909354,0.4693610900498901,25.621422243746082,14.554690142107683,6.598340848550951,-15.54005397591869,-8.485234843130954,0.9912048056646896,0.32762238344925504,1.154450901149055,5.366536112501666,-1.4075986236968976,3.6416374218604037,-3.1209587871610522,16.162881883660525,24.479541374928555,8.928058479122965,-13.918414399887778,7.955083194048258,11.85755195955074,-5.919839186365684,-3.5557809249959162,1.5132478415228827,1.9334622495346412,-11.665913167675585,-4.284729509868402,0.4285809593995341,-24.27481297621656,-6.190521817814838,6.253832116852948,5.374013873644456,-3.953326546657845,6.975260402395333,-4.111938707518664,-4.431633967387822,3.505904960582147,8.596141641387712,2.2414842642377986,15.067555074601094
-1.5982946894525212,0.7915376642781432,0.8854775270844532,1.1196334208271435,1.2402841058684135,2.321033510469635,0.6053328140501466,-1.244210292586745,1.8412950417131313,-0.7048543509475804,-1.836600998552216,-0.7107753690825686,-0.9698359107159157,0.2977867367717991,1.3252725460398442,0.9166849166394003,0.9149285180999227,1.4600078390614026,-0.3795711764422435,3.046565432980517,2.2176651835134824,1.5405550350823143,-2.086914157567824,-1.409499524419459,-0.5660199234561674,0.039870473350343515,0.12144832136812947,0.49414111229968444,0.07451510688337395,0.007557048778160755,-0.18949383502817724,2.3407709616137673,3.3934518347153886,0.97437712760384,-1.6114680817578495,1.395160997149828,1.5104186511750517,-1.126181168790285,-0.33124858216164504,-0.25843568476087564,-0.1511651943884781,-1.1935065922902097,0.14661348664384022,-0.5406496821782485,-3.4087962656057416,-0.5441668300078077,0.3988401688310322,0.21921793225218986,-0.25323432148349767,0.6466321773957474,-0.7720398453165866,-0.2520079862205586,0.516769537193183,1.1868073378132953,0.3314079832363461,2.267205441759481
6.117387223081072,-2.8801346624430266,-3.031040238534726,-3.6348884407788784,-5.6692012432612575,-7.734162630646968,-1.244210292586745,3.491060943783719,-3.925616034454224,2.005551582369117,7.238111170288715,2.6085312697820475,3.4669351293246247,-0.6445943573481998,-5.279948067920689,-3.2235724790406413,-3.2193051646163426,-4.785034488519097,0.17376514553907868,-10.653911478098495,-6.464824830721092,-3.3843153592512527,6.664480268472226,3.867750650805793,0.1673425790364069,-0.13700447731346496,-0.4666357630299681,-2.1095123516415946,0.3803372071068145,-1.1537416323286807,1.1438693933113515,-7.075819943520231,-10.588101518989134,-3.6385547487719356,5.750678572813482,-3.688567744837586,-5.015750845665736,2.81941462002639,1.4009805206481256,-0.2577743664549143,-0.481058331435211,4.686833324269383,1.2257125445010046,0.3231116030045008,10.536599332480462,2.411509229919157,-2.308310538876895,-1.8789076649075858,1.4601236949891299,-2.745574863326756,1.9497253377299382,1.6097829624150224,-1.5424754273552594,-3.7139878561265958,-0.9870346216863971,-6.668387158730691
-5.289304842755496,2.596904994792383,2.8762866984346576,3.6070449311816,4.243736057989127,7.507547663798799,1.8412950417131313,-3.925616034454224,5.622148395826421,-2.2280879415416974,-6.109438787963961,-2.33530013900045,-3.1725170574806496,0.9107218227992577,4.41711397618386,2.9905932833247397,2.9851571333249276,4.710418933202724,-1.0630272882804737,9.930142008556018,7.033562834336276,4.718953209834787,-6.706563701549362,-4.433967742607425,-1.571337532053315,0.1295887185294454,0.4021844095179076,1.6682269693646161,0.14611582845330662,0.19483358612576648,-0.6902986166194609,7.462069055761893,10.867730488233242,3.2108352958273625,-5.269920109743753,4.36774812998317,4.8829469705840305,-3.501813230812795,-1.1163151465312497,-0.6669961141403861,-0.3402815640027223,-3.967653109330898,0.21541725259492328,-1.5255629575456444,-10.901859824305339,-1.8504676616080091,1.4379295941924497,0.8824636324837943,-0.9121494968578402,2.1807822261558845,-2.403180238968305,-0.9314001912434362,1.644425459534672,3.8024708675523438,1.0542566458557208,7.199613681929872
3.5500147836000817,-1.668993912249112,-1.7532252343154067,-2.0989652074888276,-3.3046965310168006,-4.469842402030752,-0.7048543509475804,2.005551582369117,-2.2280879415416974,1.1527667649465723,4.203730835201209,1.5119812096263554,2.007991657452548,-0.36613471589261143,-3.0673635286237717,-1.866123409518053,-1.8636883171072762,-2.763967522921523,0.0803488076381208,-6.166509936909112,-3.7192286326248007,-1.9237333410131843,3.8463068498210484,2.220055485769863,0.06509005467104992,-0.07925694018697131,-0.2708251205665691,-1.227676727412609,0.23137612536539937,-0.6875532172107462,0.6705082878238903,-4.0760411227800555,-6.105991370786889,-2.1100536448510896,3.330528147571033,-2.1140832594620176,-2.8984627218221157,1.612266355035997,0.8151430951259232,-0.16956385299778137,-0.2961426846466422,2.7217416994798698,0.7399248976428094,0.15953125424097675,6.074339746207554,1.4047023010599586,-1.352068944730691,-1.107012164909329,0.8551976980930694,-1.5976353033988764,1.1153539015043559,0.9445180334671887,-0.8881483919294119,-2.142014176862281,-0.5682836674986143,-3.83758637801089
15.354371680425986,-7.0498159556433855,-7.178379101758944,-8.343414900054222,-15.335200470339414,-18.03398870369847,-1.836600998552216,7.238111170288715,-6.109438787963961,4.203730835201209,18.417516908675754,6.413095595249261,8.407990770496026,-1.0240927263208723,-13.501331828119017,-7.749271075432487,-7.741504439383446,-11.047207085952582,-1.0976547786915565,-25.5337058588679,-13.800259516510815,-5.482038538510541,15.14093286034482,7.876684736941955,-1.9772344865518918,-0.3251780549908952,-1.1733936517497319,-5.556463374618761,1.752738532721482,-4.244712794256362,3.373023158929586,-15.50150291000132,-23.697421876342627,-9.023696227600665,13.933741682553475,-7.277889761666307,-11.671596309918362,5.288638068900809,3.6760699745128673,-2.142295634781235,-2.478162078130004,11.906141347730419,5.219286862313056,-1.2830449911516475,23.43597878516086,6.447005323992435,-6.731244138022427,-5.962955161333216,4.2535177426110264,-7.215813347512303,3.6882771246247894,4.814242921596468,-3.3493817415378992,-8.328477488949714,-2.1399443311870625,-14.327929086966614
5.357822827827296,-2.469731486739553,-2.5281916269398597,-2.9537791285058588,-5.291042485823536,-6.367770617756178,-0.7107753690825686,2.6085312697820475,-2.33530013900045,1.5119812096263554,6.413095595249261,2.245110191115328,2.9498921521559023,-0.3896203515922359,-4.69769283917761,-2.7226363538192313,-2.7197686325926833,-3.90719761130141,-0.29966950173188445,-8.97545028852865,-4.9473723054722125,-2.076635627589477,5.369568346446348,2.8480400426956676,-0.5596685414591884,-0.11448633092132418,-0.40933153772384595,-1.9246766771888308,0.5682357649416012,-1.407867916400277,1.1497172636805244,-5.531900647589448,-8.425499894848977,-3.1546867599082784,4.889285851941726,-2.647195498255675,-4.122613631780821,1.942606621861478,1.274067956438304,-0.6662805298824381,-0.7956879902766256,4.146843011988049,1.7047953691676394,-0.3339160040724865,8.341453312658262,2.2282241423952214,-2.2978830783105133,-2.0129720220277347,1.4522521966203583,-2.5002826138683703,1.3525120958759458,1.6378555242242623,-1.1971241540353548,-2.960164557906898,-0.7650607578443887,-5.130591173495407
7.030497516785351,-3.2459421353239737,-3.329879206119891,-3.898459606902882,-6.910924646181271,-8.395564813989054,-0.9698359107159157,3.4669351293246247,-3.1725170574806496,2.007991657452548,8.407990770496026,2.9498921521559023,3.87931729021152,-0.5284124199754885,-6.15708570387464,-3.582499112938276,-3.57864751217242,-5.154816773927601,-0.34891255485972644,-11.8123925578384,-6.561996420383968,-2.8119730448478633,7.091744924156333,3.7900798928316486,-0.6651384485978974,-0.15076752841999966,-0.5370600116952998,-2.5179880433359783,0.7225788895228347,-1.8084245155412888,1.4941515591434722,-7.324165203863526,-11.139030682538753,-4.142705470895255,6.430136585015972,-3.530837940194501,-5.436174480977239,2.600727640170332,1.6672103099907416,-0.8310923701387106,-1.0073839743759943,5.4373455170255385,2.175114595178886,-0.3776649124933554,11.032565158377503,2.912470455781164,-2.9881840374042534,-2.605386620835919,1.888627643500424,-3.27147721965279,1.809581172425984,2.126827739592351,-1.5859430305197666,-3.9130086244306677,-1.0136564770920322,-6.801929447173301
-0.884891053635922,0.4330283952224983,0.4777730387491377,0.5972310943531766,0.718786732211842,1.2450062899592278,0.2977867367717991,-0.6445943573481998,0.9107218227992577,-0.36613471589261143,-1.0240927263208723,-0.3896203515922359,-0.5284124199754885,0.14762737052960068,0.7409588021090507,0.4975954587256016,0.49670928757502053,0.7803643367231657,-0.16561183658897413,1.6516667686142514,1.1573550179159866,0.7654491959225429,-1.109343717430354,-0.7271918291435516,-0.24376498528140012,0.02153042684069397,0.06730189511952345,0.28117802450921286,0.0180805150885797,0.04335147331014337,-0.11948912852897343,1.2303799142547849,1.7951994547721923,0.5362985769821494,-0.877658669430894,0.7149242517211666,0.8095888299362686,-0.5715887929017028,-0.18803045773890895,-0.09966288938553937,-0.04679651366890779,-0.6649170973411265,0.01895198444447485,-0.23852637909033816,-1.7998545644688169,-0.31272339026493196,0.24803923629090255,0.15757926334872127,-0.15729464842477908,0.3674282710239022,-0.3924350983063584,-0.1619917915060558,0.2709453709357521,0.6282239522154822,0.17368423102567884,1.1852679718205674
-11.252477109077047,5.163586803111481,5.25378326626046,6.101946627726642,11.256208195003728,13.194076645037676,1.3252725460398442,-5.279948067920689,4.41711397618386,-3.0673635286237717,-13.501331828119017,-4.69769283917761,-6.15708570387464,0.7409588021090507,9.898480011604041,5.673570071416204,5.667927891421001,8.080481116226903,0.8290825266981708,18.693013089070696,10.074533196559095,3.969082054295098,-11.070547067138442,-5.742996467321009,1.4875668487164577,0.23800789804964806,0.8599576314816587,4.076272409848294,-1.29733052013116,3.132436510077412,-2.4799953284293634,11.32398844344064,17.320415738950334,6.611278991040205,-10.203323173446858,5.3017732243961815,8.53879439142943,-3.8470381818207975,-2.696582937649281,1.5940269380178402,1.836561682262937,-8.727725678404095,-3.859421341204144,0.9739558097977776,-17.126690464564508,-4.731039086609252,4.948078427232171,4.390011339391498,-3.1266645565230653,5.293341282155803,-2.683576058453593,-3.5405693469588653,2.4462029166051593,6.087563669712849,1.5628348531962732,10.461505714965005
-6.4833285181870925,2.9964284538383,3.0781750388407603,3.608589214843833,6.353867089637027,7.7660827244051625,0.9166849166394003,-3.2235724790406413,2.9905932833247397,-1.866123409518053,-7.749271075432487,-2.7226363538192313,-3.582499112938276,0.4975954587256016,5.673570071416204,3.309613927404447,3.306009361184414,4.770344256868747,0.29513164502788636,10.914011241576144,6.093404803606355,2.645415449858505,-6.567350484549097,-3.526893406400057,0.5717584199428312,0.13935767718423994,0.49522453013797485,2.317475758022918,-0.6524880058183986,1.644262598049496,-1.369152308293236,6.7933445360600535,10.322065464046638,3.8221784715439364,-5.938375227657336,3.2904144593994094,5.02901771214097,-2.4293553544618836,-1.5346828396002392,0.7404544168076059,0.9069217284991132,-5.011696632912008,-1.96863209981066,0.31192063873622183,-10.226180996794273,-2.6789551259609374,2.7393465512892,2.3809699132730398,-1.7314203420368721,3.0112308050083416,-1.6896705374069843,-1.947868778961327,1.4715768312865058,3.625713225197995,0.9406238223030147,6.314373192209527
-6.4766971475931285,2.993248795096821,3.074755107939127,3.6044042177867266,6.348069556026997,7.757263468047119,0.9149285180999227,-3.2193051646163426,2.9851571333249276,-1.8636883171072762,-7.741504439383446,-2.7197686325926833,-3.57864751217242,0.49670928757502053,5.667927891421001,3.306009361184414,3.302414676141652,4.764854341580859,0.29580508852772414,10.90208426818036,6.08563211339351,2.6407974890181802,-6.559626990995836,-3.5221233328016304,0.5726956781620516,0.13920364459904658,0.4947189935991874,2.315270160285776,-0.6523264251048458,1.6434393401749996,-1.3680688285367855,6.784963995690719,10.309681651264684,3.818198486558525,-5.931984089372655,3.285792493075665,5.02329308262597,-2.4257348744897707,-1.5332136386654578,0.740645095392791,0.9068016753149826,-5.006659641782982,-1.9679807927293669,0.31293270589922634,-10.213809193762476,-2.676465886912206,2.737138204749557,2.3793227319443746,-1.730024137545853,3.008356182949934,-1.687177428656333,-1.946369411072621,1.469740103997216,3.6213724982545745,0.9394478344855415,6.306387855747461
-9.266871632892038,4.303771548455738,4.449747529783041,5.248708330011433,8.953092330937345,11.260842117909354,1.4600078390614026,-4.785034488519097,4.710418933202724,-2.763967522921523,-11.047207085952582,-3.90719761130141,-5.154816773927601,0.7803643367231657,8.080481116226903,4.770344256868747,4.764854341580859,6.9305564705926175,0.24327649336613655,15.740361833570494,8.992000695898318,4.131911951429124,-9.571687519150315,-5.254317958756631,0.538141199284957,0.20136742158479137,0.7075915704051714,3.2819916783235286,-0.8397074661350806,2.1931718606269928,-1.8985396723889252,9.972932227916035,15.088821530357292,5.475865793892346,-8.546185180577652,4.933664604572387,7.295015502854985,-3.6805317311709094,-2.1749925209792402,0.8842715611976176,1.1483603596648784,-7.146832124520318,-2.5643744084499227,0.2020498881584756,-14.967156358752735,-3.783238816799363,3.8063077131843523,3.2580312460892715,-2.406253084536948,4.266285348453577,-2.5554525291997607,-2.6940832756294433,2.164172652400742,5.298032714353366,1.3837588582402385,9.3058930982129
-0.8373117745375193,0.31761430283263875,0.23131203735114422,0.1640890514526156,1.2486525190735271,0.4693610900498901,-0.3795711764422435,0.17376514553907868,-1.0630272882804737,0.0803488076381208,-1.0976547786915565,-0.29966950173188445,-0.34891255485972644,-0.16561183658897413,0.8290825266981708,0.29513164502788636,0.29580508852772414,0.24327649336613655,0.6318800598097002,0.9422143459962293,-0.1522664775696348,-0.824529363385332,-0.2339495964424965,0.253402696289566,1.0018703443391426,0.01075875339277292,0.06479326658578849,0.4005996466915626,-0.3932325471947455,0.7345295734897352,-0.37114498364202,0.0030389008972009517,0.21884932190905032,0.4514653335056613,-0.5732904579647584,-0.3416465612220818,0.29422062395029663,0.3784131230842311,-0.2600126834898823,0.6744889947771896,0.609049414551602,-0.7023777548960339,-1.0837678486526439,0.8509287945167892,-0.15529782663149555,-0.49859432246626134,0.7167029549786633,0.7902317183022636,-0.45149631053784867,0.5145310879959267,0.2484349269502022,-0.551101894071484,-0.012088245947933726,0.08366273483821586,-0.009160671276285098,-0.11724963244546205
-21.366599283663525,9.878647635778652,10.1530239030695,11.908027036994946,20.918003030462856,25.621422243746082,3.046565432980517,-10.653911478098495,9.930142008556018,-6.166509936909112,-25.5337058588679,-8.97545028852865,-11.8123925578384,1.6516667686142514,18.693013089070696,10.914011241576144,10.90208426818036,15.740361833570494,0.9422143459962293,35.99241540682165,20.12969793787205,8.778061358136386,-21.67498743020828,-11.659640412917454,1.8367349169428973,0.45964322719021106,1.6320288350901353,7.632329679222668,-2.1345163817676016,5.3921106162789005,-4.502243349621764,22.433111767590074,34.07473626941441,12.59861247673934,-19.580565644347846,10.883255932407891,16.591955835200444,-8.04171193956202,-5.054565714654569,2.4105850647075004,2.9636634316859807,-16.513828763600102,-6.445357276825308,0.9864303523796399,-33.76135543249927,-8.821003511205063,9.009245741954427,7.822025689854115,-5.69443034706961,9.917439250336834,-5.592433195171326,-6.404091193912367,4.860120563088296,11.96868825314599,3.106636650489662,20.857600309323768
-11.638889645450437,5.458882312888236,5.716906808416646,6.825025478291287,10.914742675038818,14.554690142107683,2.2176651835134824,-6.464824830721092,7.033562834336276,-3.7192286326248007,-13.800259516510815,-4.9473723054722125,-6.561996420383968,1.1573550179159866,10.074533196559095,6.093404803606355,6.08563211339351,8.992000695898318,-0.1522664775696348,20.12969793787205,12.017835501392089,6.088712981357906,-12.495310832936196,-7.1458361910566275,-0.039655190019115515,0.2584926675012263,0.8880669443632176,4.043969524074575,-0.8164223887414773,2.3519371673038814,-2.2346757104814,13.199804460383303,19.810182753333766,6.910019096630386,-10.883034362406732,6.787596976739187,9.436226815705698,-5.156309774572328,-2.6840626252549074,0.6642930301857305,1.0630136856420151,-8.933687443487862,-2.581179969179748,-0.3712692301835025,-19.696825695309034,-4.633956931280287,4.500775465991183,3.719778227718427,-2.8464667905931407,5.2614470083159715,-3.569371374963988,-3.152727684452943,2.873986614823045,6.950691161564965,1.8386846937555752,12.407076076826407
-4.728367498387036,2.306807725465412,2.53604539056813,3.160558939496805,3.884347941261806,6.598340848550951,1.5405550350823143,-3.3843153592512527,4.718953209834787,-1.9237333410131843,-5.482038538510541,-2.076635627589477,-2.8119730448478633,0.7654491959225429,3.969082054295098,2.645415449858505,2.6407974890181802,4.131911951429124,-0.824529363385332,8.778061358136386,6.088712981357906,3.9715016125760245,-5.8652304667988915,-3.813593169821569,-1.2081351780403884,0.11431284369610548,0.35970953659416155,1.5127647157816957,0.06517998474051834,0.2847704844654447,-0.6582487714373291,6.485525137691549,9.479194538720774,2.861391372849,-4.670025455400569,3.7421752210533548,4.289858619650738,-2.983838824237171,-1.011020124264595,-0.4736551790101801,-0.2000016808688819,-3.558552874264909,0.016874904069712215,-1.1920751840577257,-9.498868081954841,-1.6865469107296336,1.3623022234323692,0.891120353608131,-0.8636831625691542,1.976118063852317,-2.049480964670966,-0.8960672203284422,1.427218488750764,3.317755917495684,0.9147812131214187,6.238528124217538
12.714524596466738,-5.91661260766155,-6.13318374817798,-7.252210264658701,-12.212032196230972,-15.54005397591869,-2.086914157567824,6.664480268472226,-6.706563701549362,3.8463068498210484,15.14093286034482,5.369568346446348,7.091744924156333,-1.109343717430354,-11.070547067138442,-6.567350484549097,-6.559626990995836,-9.571687519150315,-0.2339495964424965,-21.67498743020828,-12.495310832936196,-5.8652304667988915,13.236018609162759,7.328330565870152,-0.5823141135346117,-0.2775008127343211,-0.9707035945827861,-4.485993424008139,1.1001635107201546,-2.9213227570727724,2.572201420933914,-13.83027387537935,-20.889823342565226,-7.520200031736469,11.758271143972307,-6.898082426704118,-10.068790720124428,5.166218289404295,2.9737849703852866,-1.115927417357041,-1.492883573154157,9.796476600325068,3.3789500099178973,-0.14091739439504417,20.731495247760858,5.1650974810617765,-5.161388490191365,-4.388986212694229,3.263159435592789,-5.832391678421995,3.5846476687254607,3.6460281728692707,-3.003320103004285,-7.333780735891727,-1.9205394591215479,-12.924893419428676
6.665916125657867,-3.1458718973692337,-3.3207602421074065,-3.9933989471787688,-6.131361892800496,-8.485234843130954,-1.409499524419459,3.867750650805793,-4.433967742607425,2.220055485769863,7.876684736941955,2.8480400426956676,3.7900798928316486,-0.7271918291435516,-5.742996467321009,-3.526893406400057,-3.5221233328016304,-5.254317958756631,0.253402696289566,-11.659640412917454,-7.1458361910566275,-3.813593169821569,7.328330565870152,4.291040936259312,0.28246910018823895,-0.15007183927462733,-0.508387329601702,-2.287737316459085,0.38110770309046005,-1.2008613700181319,1.2254698562766906,-7.804616680354601,-11.65771622588795,-3.969361193400614,6.287218386562889,-4.102018559844912,-5.503831334851531,3.1468981819578175,1.51993479965923,-0.21843590416394074,-0.4711269990361578,5.101139739184466,1.2461282993115943,0.43953651056463267,11.607116874223085,2.611278975131701,-2.4761351081237843,-1.9953003309412718,1.56646550128641,-2.978210332996782,2.174896327462069,1.7218130527207118,-1.7025928721829018,-4.0885024805298675,-1.0896330227637225,-7.36695480567798
-1.5269955072170727,0.5968101552988593,0.46396827654690387,0.3757713136236063,2.1686672073523163,0.9912048056646896,-0.5660199234561674,0.1673425790364069,-1.571337532053315,0.06509005467104992,-1.9772344865518918,-0.5596685414591884,-0.6651384485978974,-0.24376498528140012,1.4875668487164577,0.5717584199428312,0.5726956781620516,0.538141199284957,1.0018703443391426,1.8367349169428973,-0.039655190019115515,-1.2081351780403884,-0.5823141135346117,0.28246910018823895,1.5919047655023648,0.021454537869348044,0.11795087414063687,0.7048965300314944,-0.6388315344366117,1.2072141986608014,-0.6276066410628891,0.2271212409591932,0.6814974259773036,0.834018587607102,-1.0945773338488072,-0.42877559896582995,0.6266016546232591,0.5146898568460065,-0.45851731515824745,1.0833549921182792,0.9860440138497548,-1.2669490105011403,-1.7662232553858699,1.3463806519500372,-0.5785668456326616,-0.8706031837300106,1.215067624457756,1.318797995598594,-0.765632812597357,0.9065035253004142,0.33480187205615003,-0.9291240794126686,0.02918375486481103,0.2500442033312769,0.01640261293105085,0.02255996209485656
-0.2722790864096573,0.126031132272216,0.12973178924113335,0.1523826818353842,0.2656627803193253,0.32762238344925504,0.039870473350343515,-0.13700447731346496,0.1295887185294454,-0.07925694018697131,-0.3251780549908952,-0.11448633092132418,-0.15076752841999966,0.02153042684069397,0.23800789804964806,0.13935767718423994,0.13920364459904658,0.20136742158479137,0.01075875339277292,0.45964322719021106,0.2584926675012263,0.11431284369610548,-0.2775008127343211,-0.15007183927462733,0.021454537869348044,0.00587310032544204,0.020795326843192477,0.0970481126038222,-0.026551024098071578,0.06761546386282825,-0.05696387781958686,0.2877088887102771,0.4365649133469114,0.1606353512631716,-0.24992658371614218,0.1403000945370491,0.21218255558854246,-0.10393312474601028,-0.06428223433112934,0.029500772047364933,0.03673377785441982,-0.21032357075350008,-0.08039125388468762,0.010866771299385363,-0.4326790194965148,-0.11208755469073949,0.11404394886652218,0.09866252309885479,-0.07208663000649371,0.1261168540249287,-0.0722463595875805,-0.0809792516628551,0.06235817479720137,0.15332826184050727,0.03986293559937762,0.267754405009717
-0.978944177921395,0.45007994460567247,0.4591227087124452,0.5345871612193761,0.9739806437225541,1.154450901149055,0.12144832136812947,-0.4666357630299681,0.4021844095179076,-0.2708251205665691,-1.1733936517497319,-0.40933153772384595,-0.5370600116952998,0.06730189511952345,0.8599576314816587,0.49522453013797485,0.4947189935991874,0.7075915704051714,0.06479326658578849,1.6320288350901353,0.8880669443632176,0.35970953659416155,-0.9707035945827861,-0.508387329601702,0.11795087414063687,0.020795326843192477,0.07480468040960388,0.35337576809588545,-0.10904848168430889,0.2660646165930829,-0.21335466375273665,0.9959658847183936,1.5206070569123298,0.5756896113188276,-0.8900621763989984,0.47071429284284844,0.7472476071781666,-0.3432352357965936,-0.23383334310166337,0.13152704727880932,0.15369958944279327,-0.7586139554147814,-0.32551407187951137,0.07471766581290919,-1.5043861921081076,-0.40970557136469116,0.4259894999323257,0.3759589825404616,-0.2691985546678621,0.45895797010272465,-0.23923119963812747,-0.3043218608618651,0.21531274327566058,0.5343577690394893,0.13757775340235157,0.9216536135779164
-4.622793639875967,2.1143184121232323,2.1415861416674513,2.4763201583156222,4.667577729398453,5.366536112501666,0.49414111229968444,-2.1095123516415946,1.6682269693646161,-1.227676727412609,-5.556463374618761,-1.9246766771888308,-2.5179880433359783,0.28117802450921286,4.076272409848294,2.317475758022918,2.315270160285776,3.2819916783235286,0.4005996466915626,7.632329679222668,4.043969524074575,1.5127647157816957,-4.485993424008139,-2.287737316459085,0.7048965300314944,0.0970481126038222,0.35337576809588545,1.6848708856064463,-0.5641934916588621,1.339641210134488,-1.0384782463443334,4.56383175551832,7.003072078691627,2.7118168655686463,-4.172208874810806,2.1006411719515214,3.472048039872031,-1.5105236370909583,-1.1140696903274636,0.7133527486052427,0.8042079278106409,-3.591136400628813,-1.6693584952157536,0.4820299988523781,-6.918314849104139,-1.9590471631523756,2.0694641062657784,1.8523034415870796,-1.3075348250994814,2.187330028553313,-1.0553276506075444,-1.484817454260704,0.9845348815874868,2.4620624432147706,0.6288504140861381,4.203597374719614
1.4215754158434886,-0.6186345542504793,-0.5829672807091693,-0.624174620413616,-1.6300282772410677,-1.4075986236968976,0.07451510688337395,0.3803372071068145,0.14611582845330662,0.23137612536539937,1.752738532721482,0.5682357649416012,0.7225788895228347,0.0180805150885797,-1.29733052013116,-0.6524880058183986,-0.6523264251048458,-0.8397074661350806,-0.3932325471947455,-2.1345163817676016,-0.8164223887414773,0.06517998474051834,1.1001635107201546,0.38110770309046005,-0.6388315344366117,-0.026551024098071578,-0.10904848168430889,-0.5641934916588621,0.3140145096385289,-0.6494425178792095,0.4077245545616619,-1.0058079760028844,-1.6467948848286484,-0.8147473023038777,1.194946287867799,-0.29732931567289916,-0.9061282035744611,0.14971413775179218,0.37070363238696097,-0.4826316855460628,-0.47102972031101603,1.1293967281323152,0.8906159949080313,-0.5169101832706079,1.5974604152997118,0.6718420465409272,-0.8014455774453547,-0.7891569097398674,0.5057275372660777,-0.7297738550604931,0.11229551294694005,0.5928311523307349,-0.21082591452231367,-0.5822079293580216,-0.13396547600460312,-0.8684566767113305
-3.47262017174921,1.5376081261017676,1.4873595012781815,1.639694851145403,3.8188554778950254,3.6416374218604037,0.007557048778160755,-1.1537416323286807,0.19483358612576648,-0.6875532172107462,-4.244712794256362,-1.407867916400277,-1.8084245155412888,0.04335147331014337,3.132436510077412,1.644262598049496,1.6434393401749996,2.1931718606269928,0.7345295734897352,5.3921106162789005,2.3519371673038814,0.2847704844654447,-2.9213227570727724,-1.2008613700181319,1.2072141986608014,0.06761546386282825,0.2660646165930829,1.339641210134488,-0.6494425178792095,1.3876548783669032,-0.9220036135302813,2.7898569993892424,4.4469998042351735,2.0063130643643774,-2.992735436074825,1.018177725610629,2.3487485199387246,-0.6292421269970017,-0.8820202484461259,0.9585840703872311,0.9633458850868181,-2.7378983318810692,-1.8597785007637802,0.9540779806039573,-4.345964066807819,-1.583072040049303,1.819595282012817,1.743958548370109,-1.1486295353046216,1.7348565697413274,-0.45198084527078614,-1.3341275406326052,0.5919641819936255,1.5686373218742993,0.3769884707992418,2.476582603682317
2.788672650342381,-1.2603232138424416,-1.2556478289788897,-1.4279731447824127,-2.909038198229894,-3.1209587871610522,-0.18949383502817724,1.1438693933113515,-0.6902986166194609,0.6705082878238903,3.373023158929586,1.1497172636805244,1.4941515591434722,-0.11948912852897343,-2.4799953284293634,-1.369152308293236,-1.3680688285367855,-1.8985396723889252,-0.37114498364202,-4.502243349621764,-2.2346757104814,-0.6582487714373291,2.572201420933914,1.2254698562766906,-0.6276066410628891,-0.05696387781958686,-0.21335466375273665,-1.0384782463443334,0.4077245545616619,-0.9220036135302813,0.6688341279812304,-2.5624352797715657,-3.9815715566664758,-1.6266927746957793,2.474631162147542,-1.1000203524871837,-2.0170146057644764,0.7602686993759504,0.6855337539572958,-0.556563857904798,-0.5924075910628203,2.178352321669714,1.187928474866224,-0.4675630936359051,3.9192843564312443,1.2150633125078205,-1.3275358543781561,-1.2226646356967394,0.8384584575653702,-1.3468900355044033,0.5348544300688352,0.9610284709992312,-0.5498336223314667,-1.4013536612172923,-0.35086103130757657,-2.3323842578221696
-13.049784085530613,6.100321953874418,6.361278606207348,7.564004781682685,12.363124245357433,16.162881883660525,2.3407709616137673,-7.075819943520231,7.462069055761893,-4.0760411227800555,-15.50150291000132,-5.531900647589448,-7.324165203863526,1.2303799142547849,11.32398844344064,6.7933445360600535,6.784963995690719,9.972932227916035,0.0030389008972009517,22.433111767590074,13.199804460383303,6.485525137691549,-13.83027387537935,-7.804616680354601,0.2271212409591932,0.2877088887102771,0.9959658847183936,4.56383175551832,-1.0058079760028844,2.7898569993892424,-2.5624352797715657,14.544053021895122,21.88554389790928,7.73532851685722,-12.145635075371812,7.386064408488419,10.476142455078337,-5.578810527052814,-3.0275176839229174,0.9142226413888603,1.335833072700172,-10.032779847232433,-3.136832990527796,-0.17904213261625526,-21.743472619928113,-5.240356476204695,5.152574779264932,4.31196544572536,-3.258213136962375,5.936017342516644,-3.865496062980346,-3.6225669111567855,3.1632243759540986,7.680720996431914,2.0233437100996663,13.638130293680108
-19.92002266438433,9.28689338269241,9.650289541249496,11.437241788863119,19.026292303765672,24.479541374928555,3.3934518347153886,-10.588101518989134,10.867730488233242,-6.105991370786889,-23.697421876342627,-8.425499894848977,-11.139030682538753,1.7951994547721923,17.320415738950334,10.322065464046638,10.309681651264684,15.088821530357292,0.21884932190905032,34.07473626941441,19.810182753333766,9.479194538720774,-20.889823342565226,-11.65771622588795,0.6814974259773036,0.4365649133469114,1.5206070569123298,7.003072078691627,-1.6467948848286484,4.4469998042351735,-3.9815715566664758,21.88554389790928,33.00551114221966,11.792488900168644,-18.470010379743634,10.99799261602711,15.863278516729892,-8.266142268521065,-4.643696356987186,1.6043632450089094,2.2165691750524448,-15.334565020816594,-5.087526754819471,0.019151473473294087,-32.770183381075654,-8.054271987198469,7.996152054835674,6.756218544321139,-5.0557569529869575,9.106440780773921,-5.732184952684684,-5.6377810082438815,4.755620498180152,11.58559340302832,3.0414293782632225,20.481604772237663
-7.534757660485477,3.4696986611222207,3.5470085020517836,4.138647387438266,7.462500031885978,8.928058479122965,0.97437712760384,-3.6385547487719356,3.2108352958273625,-2.1100536448510896,-9.023696227600665,-3.1546867599082784,-4.142705470895255,0.5362985769821494,6.611278991040205,3.8221784715439364,3.818198486558525,5.475865793892346,0.4514653335056613,12.59861247673934,6.910019096630386,2.861391372849,-7.520200031736469,-3.969361193400614,0.834018587607102,0.1606353512631716,0.5756896113188276,2.7118168655686463,-0.8147473023038777,2.0063130643643774,-1.6266927746957793,7.73532851685722,11.792488900168644,4.434334928278575,-6.866051437111938,3.6839899651794896,5.779692922778991,-2.696888089857156,-1.794860656855377,0.9662848163894758,1.1438664876766547,-5.834535783306371,-2.4394336978420745,0.5105969083672207,-11.671705469726302,-3.141292589008638,3.249897852573188,2.8552893222947233,-2.0538429674714576,3.5225261669261774,-1.8784419496199685,-2.3184841947480415,1.673300725483506,4.143451453207004,1.0693030392799605,7.168006192310254
11.651633504543103,-5.380075658170742,-5.519993834367617,-6.4634334376169225,-11.449887480271267,-13.918414399887778,-1.6114680817578495,5.750678572813482,-5.269920109743753,3.330528147571033,13.933741682553475,4.889285851941726,6.430136585015972,-0.877658669430894,-10.203323173446858,-5.938375227657336,-5.931984089372655,-8.546185180577652,-0.5732904579647584,-19.580565644347846,-10.883034362406732,-4.670025455400569,11.758271143972307,6.287218386562889,-1.0945773338488072,-0.24992658371614218,-0.8900621763989984,-4.172208874810806,1.194946287867799,-2.992735436074825,2.474631162147542,-12.145635075371812,-18.470010379743634,-6.866051437111938,10.658274884109627,-5.858058929755279,-9.012333455028186,4.315965227987801,2.7625465332814874,-1.372531392473645,-1.6654230224859108,9.010842402790653,3.597881359840016,-0.6191286483703812,18.293992435291692,4.825556897737272,-4.949278110960986,-4.313866987164404,3.128115471494923,-5.42076236796147,3.002917249151717,3.5222852886859073,-2.6300715116963853,-6.488236876314809,-1.6810239689664377,-11.280624120523587
-6.173927504421913,2.9261801418836124,3.1056075934754563,3.753048682001377,5.601725856389985,7.955083194048258,1.395160997149828,-3.688567744837586,4.36774812998317,-2.1140832594620176,-7.277889761666307,-2.647195498255675,-3.530837940194501,0.7149242517211666,5.3017732243961815,3.2904144593994094,3.285792493075665,4.933664604572387,-0.3416465612220818,10.883255932407891,6.787596976739187,3.7421752210533548,-6.898082426704118,-4.102018559844912,-0.42877559896582995,0.1403000945370491,0.47071429284284844,2.1006411719515214,-0.29732931567289916,1.018177725610629,-1.1000203524871837,7.386064408488419,10.99799261602711,3.6839899651794896,-5.858058929755279,3.937341461893657,5.161604050438792,-3.039307021677803,-1.396620812212465,0.09805005767271176,0.34775271581544526,-4.714712528744307,-1.0047454549494084,-0.5531056214190819,-10.960344155845679,-2.3910618277275715,2.228011107426136,1.7610838106838322,-1.4098045611380587,2.7357704361956254,-2.098426943163111,-1.540780393851841,1.6133391276579874,3.856015786296311,1.0327414876047658,6.991229272752796
-9.785528642693675,4.540288717758613,4.6883455915638095,5.523489995551934,9.48109771544708,11.85755195955074,1.5104186511750517,-5.015750845665736,4.8829469705840305,-2.8984627218221157,-11.671596309918362,-4.122613631780821,-5.436174480977239,0.8095888299362686,8.53879439142943,5.02901771214097,5.02329308262597,7.295015502854985,0.29422062395029663,16.591955835200444,9.436226815705698,4.289858619650738,-10.068790720124428,-5.503831334851531,0.6266016546232591,0.21218255558854246,0.7472476071781666,3.472048039872031,-0.9061282035744611,2.3487485199387246,-2.0170146057644764,10.476142455078337,15.863278516729892,5.779692922778991,-9.012333455028186,5.161604050438792,7.6809766183544586,-3.8430129960504322,-2.300609199269342,0.9701544481901897,1.2435578960919016,-7.5502965124618715,-2.7600486792808216,0.2643214439795823,-15.731587797485334,-4.004576262049831,4.042156296341273,3.470725185597161,-2.5552554507718552,4.5129622543474035,-2.669142495550704,-2.8636988381525885,2.2725921760196837,5.570379893387388,1.4529939644250507,9.768097406962566
