V1,V2,V3,V4,V5,V6,V7,V8,V9,V10,V11,V12,V13,V14,V15,V16,V17,V18,V19,V20,V21,V22,V23,V24,V25,V26,V27,V28,V29,V30,V31,V32,V33,V34,V35,V36,V37,V38,V39,V40,V41,V42,V43,V44,V45,V46,V47,V48,V49,V50,V51,V52,V53,V54,V55,V56
323.43017130718135,103.77220971179412,427.8891697547144,-220.52269855254823,293.65183045044785,114.4559983254818,375.3065612432886,-268.35914749160713,-811.2053681547051,620.6445849719784,-217.26720330332734,-26.9620316761564,-1280.8893679349535,-170.46017450208916,545.1916142580009,-269.869379749544,89.83810315705394,165.63356491028907,-103.02353008776153,145.23307058145593,-278.1480457964312,226.1318652981427,-169.79424266177236,-119.88155481209898,513.9713312365413,-617.0380641627163,740.913101643101,-734.7957506428983,-132.223386572054,-386.98815967820445,-243.11811371892304,-14.52329216776592,1038.5088755718843,692.9478319065095,-440.34808473336994,735.5905176805516,588.4306942363406,-451.3374475285165,-145.4608415114115,-353.4328261381986,-302.0747772920026,1002.5492991661298,53.02196400567143,-311.67999549837526,152.56317878862924,-66.73836424831573,-309.7366944607662,-83.96515902177424,228.07545293230714,-358.76297636767947,930.9875171673991,-297.6699069305085,134.08895825721584,453.1162208911027,-484.6215381362062,64.35471826912178
103.77220971179412,33.56034281606679,137.1284089567947,-70.84671450265131,94.39983122481853,36.359289860330584,120.16339068206169,-85.98704214745979,-260.2128788736867,199.34469602414313,-69.60040523805807,-8.446167654413287,-409.8392808978754,-54.17275561928032,174.41633244696882,-85.89402097683316,28.396096438847444,52.72984580883316,-32.77373403793147,46.45251821351863,-89.02750574902232,72.19914200703822,-54.10343018100223,-38.264064157400306,165.05626136551317,-198.47932479202748,236.95759464363263,-235.75281366864044,-42.06769979489424,-124.58017406744277,-77.75860937723823,-5.416235800169719,332.5156653993157,221.726712428905,-141.99662709604118,235.56603630460822,189.15465708908698,-145.13423723152098,-46.47723412870766,-113.50921952721897,-97.00672499688257,320.84058682192773,16.834316747155608,-99.5440384656193,48.93608205145357,-21.969106327579837,-99.8961203107148,-27.179576045740447,72.7905914895875,-115.13256619568169,298.48387507595123,-95.35241271235984,43.017428994665536,145.33775759177624,-155.43529287429195,20.582022556011317
427.8891697547144,137.1284089567947,566.1852827711767,-291.68923489478647,388.3809890971889,151.64286340920307,496.6731431944018,-355.11173228878783,-1073.2409174002255,820.9669821299161,-287.51179814883176,-35.796118113236346,-1695.2712651119286,-225.83432190295932,721.5878799828664,-357.4539861161152,119.11763476319666,219.38421610765127,-136.4676203368293,192.22406990930128,-368.1157317144621,299.38396903883086,-224.86717186819575,-158.71957950673325,679.8794831161255,-816.0194364935846,980.6720216116579,-972.1203373886542,-175.1495793718013,-511.71841092606,-321.78849301663314,-18.752906100013693,1374.3449014952093,917.1158195032507,-582.1316320523758,973.4417672688566,778.2529049301901,-596.904601859677,-192.556523202298,-467.51073087053385,-399.5754573225372,1326.854610066666,70.25299669672665,-412.6225383595743,201.84587501321204,-87.95200452200417,-409.4505939372257,-110.94081335446857,301.9694277459216,-474.61512766363336,1231.8109994683325,-393.90140729304295,177.3973269294282,599.4864527105518,-641.1741120686321,85.18201535146673
-220.52269855254823,-70.84671450265131,-291.68923489478647,150.39023564995836,-200.2829698265123,-77.91143602045905,-255.8049858011608,182.9315336820115,553.0777999318934,-423.2449758150529,148.09827320392972,18.31125841414715,872.9445286885224,116.04092208020393,-371.5457267662968,183.76012505299335,-61.102797534835624,-112.78772014441887,70.1462175131053,-98.9736281943026,189.57230912355266,-154.05754448142417,115.63777930551413,81.66893434675112,-350.49054447576634,420.88781748113814,-504.9052846286116,500.9994564592794,90.02746146682647,264.0046096553321,165.67803032646097,10.167424437699314,-707.8378497258273,-472.2574497344623,300.49012276933445,-501.38637285683177,-401.3337352911079,307.8468382349118,99.11173859668828,241.01873842671574,205.99421192881616,-683.2718762407254,-36.08984101491319,212.35071986692026,-104.01644116318263,45.6990412023186,211.3690096644832,57.33289301010679,-155.3725814873352,244.6229764413155,-634.6910434657739,202.9050088798046,-91.42365338060468,-308.930597114592,330.4076346763758,-43.85497515084654
293.65183045044785,94.39983122481853,388.3809890971889,-200.2829698265123,266.7421897569077,103.66671889855276,340.577577010363,-243.56417073221215,-736.4738925163086,563.6479099950657,-197.18266625026803,-24.336890497478297,-1162.1730253178612,-154.40343769397322,494.64023103705733,-244.5409593893878,81.26759783591604,150.09466210838795,-93.34418447512692,131.76358864063252,-252.38787607965716,205.0649105852145,-153.897542846645,-108.7072626762432,466.75269991789156,-560.5743381085176,672.1687343873647,-667.1371396931622,-119.79951083888294,-351.64798825061854,-220.56387471184232,-13.710015493934614,942.4110455267031,628.7315616792454,-400.3000570927568,667.5522322114404,534.5062001304472,-410.01031124173045,-131.93570540109826,-320.971458147011,-274.32866666603866,909.6674986714655,48.01852544543599,-282.6667036346448,138.5066728493844,-60.98040178155995,-281.58270234772357,-76.39799374839936,206.811265647195,-325.75089787190484,845.1135968276253,-270.15761806894074,121.74113116491803,411.36758068328,-439.9643589622781,58.38214481130264
114.4559983254818,36.359289860330584,151.64286340920307,-77.91143602045905,103.66671889855276,41.005848130064834,133.16219199895448,-95.13213040378578,-287.1572168867709,219.342869332794,-77.04230548916512,-9.824863941681786,-454.84780324567896,-61.04221709831515,193.6381503993822,-96.45983104407632,32.38573871534932,59.18621540349717,-36.843642347304524,51.592694431969335,-98.7300021251868,80.51467472678515,-60.60621358729961,-42.69727364730489,181.67955697857076,-217.665226411444,263.2490468172977,-260.0399147373053,-47.28526158096429,-136.37217422531407,-86.37331785495113,-4.096020121400186,368.46481636157034,246.0548305389563,-154.8480516530972,260.9310558809046,207.73628031266605,-159.2729510621229,-51.7406578420368,-124.91873516969495,-106.77416095611396,355.9279915279312,19.007415178740704,-110.92945840932263,54.00849281689389,-22.849548329954583,-108.89193946860424,-29.384906629091848,81.24365212779955,-126.92333583155579,329.7702235834602,-105.5518103683797,47.45786464460458,160.40976268807933,-171.57473831485456,22.86658610282846
375.3065612432886,120.16339068206169,496.6731431944018,-255.8049858011608,340.577577010363,133.16219199895448,435.7457644996116,-311.5148943784789,-941.3773245329509,719.9900373650985,-252.22174418193853,-31.48270290787803,-1487.4211476646426,-198.29878919325606,633.1243921954989,-313.8188629453007,104.65832016117109,192.59659900287377,-119.81673745882475,168.66596412942675,-322.96846178114924,262.74223025106835,-197.38799290345318,-139.3006234128301,596.2668074700174,-715.52609507805,860.4821561877084,-852.658683062924,-153.77290849704522,-448.66059193357626,-282.3479284912852,-16.12871564541151,1205.7405054209867,804.6711395323166,-510.29595404624024,854.0039088687961,682.4682467566312,-523.4193652694544,-168.9768293320108,-410.014871587874,-350.44160557072564,1164.1446324406375,61.696130124226066,-362.1101058083496,177.0466416563013,-76.91015935745163,-358.92012239241683,-97.20406012686624,265.02732753756845,-416.2828870626745,1080.52659974482,-345.5621294217327,155.6004837074118,525.8355797373316,-562.4047388560807,74.74055889586349
-268.35914749160713,-85.98704214745979,-355.11173228878783,182.9315336820115,-243.56417073221215,-95.13213040378578,-311.5148943784789,222.74337101711134,673.111710303269,-514.8699102598748,180.34053663031236,22.469034930201424,1063.3104546540992,141.68450539924345,-452.607773501003,224.24155291348544,-74.74684858426859,-137.63003992774748,85.60739317459942,-120.56030847419616,230.89147224412545,-187.79486630665008,141.06985212301416,99.55488542784386,-426.3893811378769,511.74774433992974,-615.1052217497469,609.6899417538582,109.8855234446072,320.8958723373917,201.83537864110465,11.702900811856267,-862.0145742350633,-575.2269936316056,365.0341906014431,-610.5542924444944,-488.05479382272296,374.3251008400438,120.7757815137923,293.19269490221546,250.5776970797008,-832.2393773966381,-44.07037606316462,258.81835604364574,-126.59407560847568,55.11391749481681,256.7406171418081,69.56654116940135,-189.407852531897,297.65436469160045,-772.5816447426344,247.0510634408557,-111.25547194742525,-375.9818409211858,402.128780178107,-53.433191846095866
-811.2053681547051,-260.2128788736867,-1073.2409174002255,553.0777999318934,-736.4738925163086,-287.1572168867709,-941.3773245329509,673.111710303269,2034.6256242728477,-1556.607900655299,544.9642126161251,67.67396525175036,3212.9096423023493,427.66250888859776,-1367.5363561207064,677.0339556045672,-225.42977855279858,-415.529993973027,258.4614989125337,-364.29568338032743,697.6836772918148,-567.2536319445877,425.95709005087906,300.7244302078918,-1289.0724064622407,1547.493834423625,-1858.489024655282,1842.9668270782083,331.72044329992207,970.5162582223572,609.8301958950997,36.24653418672913,-2604.884775872699,-1738.147077092435,1104.2804226191254,-1845.0655850008438,-1475.7721094160868,1131.9356285424926,364.8789970156201,886.42806321464,757.6183438776031,-2514.7252988354253,-133.02729047496382,781.8429783250407,-382.6520397786502,167.25579833548792,776.7338003187876,210.53996952740926,-572.1334742758335,899.8163440027679,-2335.0950633611324,746.6308531312295,-336.3134784149149,-1136.485062008787,1215.50772326637,-161.42695304450007
620.6445849719784,199.34469602414313,820.9669821299161,-423.2449758150529,563.6479099950657,219.342869332794,719.9900373650985,-514.8699102598748,-1556.607900655299,1191.1523142486396,-416.8330056311552,-51.57371436269043,-2457.0459398962057,-326.6850219425157,1045.7824020280793,-517.3070989839515,172.04892522495192,317.5088455004857,-197.4720245699975,278.5795117816267,-533.5768659522546,433.6489958415276,-325.52327693663483,-229.88703302540156,986.4019985171293,-1184.4650059182572,1421.1585213700068,-1410.0268640435916,-253.44181651822225,-742.9438547314179,-466.33331720624057,-28.47639890766854,1992.2849701664543,1329.2441128933872,-845.5756256865036,1411.1971693853186,1129.4560958218742,-866.3521758989783,-278.9772739871214,-678.3082116675488,-579.7376467365814,1923.1707599211516,101.60441843216992,-597.7292727494038,292.74908482990236,-128.51411059880567,-594.785710949634,-161.31553919060255,437.35499301460186,-688.4674661960887,1786.3325573745306,-571.0888710958516,257.30580546240554,869.4698953071882,-929.917704229704,123.4391466441675
-217.26720330332734,-69.60040523805807,-287.51179814883176,148.09827320392972,-197.18266625026803,-77.04230548916512,-252.22174418193853,180.34053663031236,544.9642126161251,-416.8330056311552,146.01135627368086,18.203215685838526,860.9385871412399,114.73999439334885,-366.46693206003636,181.58986553055368,-60.54103944932524,-111.45030732922413,69.3249067063891,-97.6163175850368,186.94492681896097,-152.06202206739997,114.2323435271359,80.6128396241397,-345.201674639335,414.28774326625404,-498.0431719273284,493.61302109590116,88.98474332239708,259.777344440896,163.42280182268792,9.430124196780937,-697.9386159813918,-465.7486383112007,295.49538838431386,-494.3387650037548,-395.1154786610026,303.0416769024565,97.79310118670465,237.36716184182322,202.86772290485177,-673.8401259168888,-35.690849857432795,209.57009606071284,-102.49290750044656,44.588808238687186,207.83163615050555,56.30697631678403,-153.37106857493683,240.98394028758983,-625.5052208861255,200.02530838991365,-90.07482090820359,-304.40266150899816,325.57240842019036,-43.26370146250539
-26.9620316761564,-8.446167654413287,-35.796118113236346,18.31125841414715,-24.336890497478297,-9.824863941681786,-31.48270290787803,22.469034930201424,67.67396525175036,-51.57371436269043,18.203215685838526,2.4087256075851684,107.66348918646649,14.618963265045071,-45.84996072333993,23.039830271304027,-7.826636890591362,-14.132611111130066,8.805640940192005,-12.216655113252461,23.35692948955114,-19.129262426607195,14.450814296901935,10.147105215400188,-42.730119184942446,51.04688178929579,-62.360050625885336,61.26104146768817,11.304155270175217,31.933118949777356,20.4584044194018,0.6205179206583806,-87.11690248889889,-58.2356682256663,36.15109954878356,-61.672607396758934,-48.76766237527103,37.36935239863557,12.274526569685246,29.3738617782059,25.107068805748984,-84.22553445792991,-4.557048259673041,26.339406541226303,-12.729280543183375,5.1281959543586115,25.410736255140034,6.81513077042594,-19.311861397989993,29.884924256066615,-77.78796625893473,24.93345314260128,-11.180799635520398,-37.80676202935413,40.44231129408208,-5.418292875054326
-1280.8893679349535,-409.8392808978754,-1695.2712651119286,872.9445286885224,-1162.1730253178612,-454.84780324567896,-1487.4211476646426,1063.3104546540992,3212.9096423023493,-2457.0459398962057,860.9385871412399,107.66348918646649,5077.619806654795,677.3243233033072,-2161.3387449562038,1071.7595427593308,-357.64183805232017,-657.747630040126,409.20793957857853,-575.7831072285255,1102.48940274006,-897.0874496344876,674.063328762395,475.6209998728632,-2034.8544755622734,2441.5126345672265,-2937.5428155477944,2910.062159939104,525.1910163490651,1530.802093913248,963.8822272287683,54.26330416599813,-4115.819628395801,-2746.896197295123,1740.8552160373347,-2915.111876286001,-2328.818690057089,1786.0464360106218,576.8963033473983,1399.2249318453828,1195.9206000345027,-3973.9955342998223,-210.7435127171106,1236.3237985500302,-604.2604427007611,261.9099456029389,1224.4143125876183,331.50642682724305,-904.9092411895926,1420.7028322897265,-3687.988059585924,1179.5296097625499,-531.0545653140076,-1794.6759825183601,1919.497005773879,-255.15616443778583
-170.46017450208916,-54.17275561928032,-225.83432190295932,116.04092208020393,-154.40343769397322,-61.04221709831515,-198.29878919325606,141.68450539924345,427.66250888859776,-326.6850219425157,114.73999439334885,14.618963265045071,677.3243233033072,90.87715528077379,-288.35568254229827,143.60930257908853,-48.204848286782244,-88.12028899633907,54.84906386994606,-76.82158097362625,147.02572050917024,-119.88662378940475,90.24053687595685,63.57166758732073,-270.58843074029494,324.21019217040697,-392.00119665006105,387.2821537590981,70.40193557936553,203.1268951676863,128.61852479300114,6.156297185131032,-548.7150586533156,-366.4020220004758,230.6651118836274,-388.5775474957028,-309.40069927365886,237.22363866278152,77.04041879978207,186.04595378977467,159.01506054230484,-530.0328751629766,-28.292263623397517,165.17325466648217,-80.43512388946453,34.06866544698634,162.20278261914382,43.78489587252187,-120.96295379322864,189.02460752750994,-491.1189602335079,157.18517948560117,-70.67698649476755,-238.8953588798991,255.52314790548007,-34.053318626113075
545.1916142580009,174.41633244696882,721.5878799828664,-371.5457267662968,494.64023103705733,193.6381503993822,633.1243921954989,-452.607773501003,-1367.5363561207064,1045.7824020280793,-366.46693206003636,-45.84996072333993,-2161.3387449562038,-288.35568254229827,920.005032645192,-456.25729634185143,152.2767658475258,280.010278159885,-174.20177491054042,245.08382889333828,-469.28433512216145,381.8729338634096,-286.95321325190775,-202.45952539568086,866.0900486846117,-1039.141174822378,1250.4045401845062,-1238.6289239750522,-223.58520672893692,-651.5131452360195,-410.2892168938941,-23.013459539208302,1751.923064430898,1169.2376754155048,-740.8871288906564,1240.827708992236,991.177941537623,-760.1623424496919,-245.56502410391641,-595.5423743852296,-509.0046909864581,1691.5716904437559,89.71668400684963,-526.2722489456471,257.19693989464565,-111.4145863061023,-521.087316135068,-141.0786813340806,385.19828698387397,-604.6927722604355,1569.7689717590415,-502.0635497581071,226.03408965257694,763.8811676180469,-817.0113374223434,108.61376571164493
-269.869379749544,-85.89402097683316,-357.4539861161152,183.76012505299335,-244.5409593893878,-96.45983104407632,-313.8188629453007,224.24155291348544,677.0339556045672,-517.3070989839515,181.58986553055368,23.039830271304027,1071.7595427593308,143.60930257908853,-456.25729634185143,227.0101332502277,-76.09762335322253,-139.2997007260963,86.69873254888253,-121.55609132057695,232.6582982704813,-189.6227347290621,142.67315562994247,100.54959177636856,-428.46439697547356,513.5323458006011,-620.2280325586554,613.1316083182832,111.27460031956407,321.79943236557233,203.5039567917835,10.124481103292533,-868.3605576693892,-579.782692260528,365.54437586291107,-614.9606565065513,-490.02708149778556,375.7353724368861,121.87638790173656,294.6047500472495,251.80513313723932,-838.7160440290777,-44.7057797934313,261.271241543857,-127.33564346167653,54.21716256249203,257.06514660339565,69.43498690318435,-191.31830516489063,299.27859087392295,-777.4115084109895,248.7783433442302,-111.89387120550624,-378.1937254176669,404.512060325679,-53.87632893875121
89.83810315705394,28.396096438847444,119.11763476319666,-61.102797534835624,81.26759783591604,32.38573871534932,104.65832016117109,-74.74684858426859,-225.42977855279858,172.04892522495192,-60.54103944932524,-7.826636890591362,-357.64183805232017,-48.204848286782244,152.2767658475258,-76.09762335322253,25.661053551786466,46.68834123223556,-29.071685179475644,40.57030189167305,-77.61591508618442,63.394832335255785,-47.78419403554252,-33.62039617447653,142.52125565557716,-170.5735090442818,207.04808213028184,-204.1153744788343,-37.317463987244516,-106.80675034855295,-67.93104825074698,-2.7979489873165346,289.60271688125556,193.46111084683403,-121.14603534203746,205.0594346607381,162.84796380762154,-124.83113175137002,-40.71513376075952,-97.98460777606634,-83.74926179469121,279.8370368786465,15.014541011750184,-87.32177970114661,42.400448163532076,-17.625801392941288,-85.17579945410357,-22.93663944148235,63.97743794064327,-99.60495914838279,258.97089477409116,-82.93162384534442,37.25111660490935,125.93120068671799,-134.7015458458738,17.987796997974264
165.63356491028907,52.72984580883316,219.38421610765127,-112.78772014441887,150.09466210838795,59.18621540349717,192.59659900287377,-137.63003992774748,-415.529993973027,317.5088455004857,-111.45030732922413,-14.132611111130066,-657.747630040126,-88.12028899633907,280.010278159885,-139.2997007260963,46.68834123223556,85.48107290159591,-53.20059177169423,74.59792356472295,-142.78745616907017,116.36744593386864,-87.55454345714583,-61.70379228601172,262.9786101013431,-315.2051780051778,380.63448241917956,-376.3134666574128,-68.28294191064946,-197.52243389615046,-124.89173117430872,-6.245955194323091,532.9337010282925,355.8158622456017,-224.38272759363724,377.41775385267965,300.7687727367986,-230.6185617060242,-74.7936233956479,-180.8174882697117,-154.54573912871598,514.7336440721941,27.429875948960103,-160.33662069870292,78.15267934183512,-33.29804091335949,-157.79292290657014,-42.6282193120413,117.4036586074441,-183.68328199248833,477.1322081939364,-152.681469880283,68.67390008447086,232.11603288807567,-248.26835048266435,33.06519682790961
-103.02353008776153,-32.77373403793147,-136.4676203368293,70.1462175131053,-93.34418447512692,-36.843642347304524,-119.81673745882475,85.60739317459942,258.4614989125337,-197.4720245699975,69.3249067063891,8.805640940192005,409.20793957857853,54.84906386994606,-174.20177491054042,86.69873254888253,-29.071685179475644,-53.20059177169423,33.11593523958067,-46.41541133390618,88.82984895638585,-72.4078986581152,54.485668139504,38.3984382292201,-163.55922695788928,196.01380095316117,-236.81601015104414,234.06411846714897,42.49705821811698,122.82754215565785,77.70259958925386,3.8230629528407536,-331.5326404702859,-221.36789168751167,139.50952710668187,-234.7864948158708,-187.05484707681612,143.42057428305498,46.53999203273263,112.46168889508364,96.12720095716905,-320.2245448802109,-17.077504610923473,99.76686703668884,-48.61128618533661,20.66705727291022,98.11036945303847,26.492700700773405,-73.05951819949057,114.25247884415415,-296.78800558109657,94.98183587993009,-42.71628939077447,-144.37967382230073,154.42652403073387,-20.569930918264443
145.23307058145593,46.45251821351863,192.22406990930128,-98.9736281943026,131.76358864063252,51.592694431969335,168.66596412942675,-120.56030847419616,-364.29568338032743,278.5795117816267,-97.6163175850368,-12.216655113252461,-575.7831072285255,-76.82158097362625,245.08382889333828,-121.55609132057695,40.57030189167305,74.59792356472295,-46.41541133390618,65.29711580961114,-125.01543892258837,101.73344399816426,-76.44403278874292,-53.94164051281088,230.71257280702696,-276.80087729705906,333.1133494106544,-329.9539715901026,-59.56317568945266,-173.5506073645362,-109.30276419835985,-6.111922890250336,466.6997991616305,311.49080977462916,-197.35070803735587,330.54955543729085,264.040692713845,-202.49658049468226,-65.42458554749884,-158.64794596934823,-135.60282503713145,450.6276194635835,23.90656264943994,-140.2053007684023,68.51389416515684,-29.66823310202322,-138.80889833878302,-37.572038040150346,102.62730437161424,-161.08902822751188,418.16735535666925,-133.75083491980277,60.214851446823914,203.49165611343298,-217.64425767522266,28.93208597862533
-278.1480457964312,-89.02750574902232,-368.1157317144621,189.57230912355266,-252.38787607965716,-98.7300021251868,-322.96846178114924,230.89147224412545,697.6836772918148,-533.5768659522546,186.94492681896097,23.35692948955114,1102.48940274006,147.02572050917024,-469.28433512216145,232.6582982704813,-77.61591508618442,-142.78745616907017,88.82984895638585,-125.01543892258837,239.38518819030762,-194.76556929855397,146.3357299263704,103.25967797607028,-441.8900917797657,530.2367263188517,-637.8084891111033,631.9269837547192,114.00878263277333,332.46269194501997,209.2824307390151,11.867478895935667,-893.6847704882554,-596.4254610025216,378.10838622981544,-632.9747150613423,-505.746205336694,387.87669916745597,125.25264556474352,303.8556067893078,259.70335089850414,-862.8722728178784,-45.742995469102446,268.41931442613645,-131.21531969328518,56.93504064729247,265.9391361718257,72.01546912302756,-196.45832245189607,308.5106540680059,-800.8314395767295,256.1197899454996,-115.31823200658594,-389.7129325361427,416.81669020032075,-55.40120016317013
226.1318652981427,72.19914200703822,299.38396903883086,-154.05754448142417,205.0649105852145,80.51467472678515,262.74223025106835,-187.79486630665008,-567.2536319445877,433.6489958415276,-152.06202206739997,-19.129262426607195,-897.0874496344876,-119.88662378940475,381.8729338634096,-189.6227347290621,63.394832335255785,116.36744593386864,-72.4078986581152,101.73344399816426,-194.76556929855397,158.58530516010273,-119.22640186342551,-84.08389826361355,359.1512023166164,-430.73536254326063,519.0531691030656,-513.7557358644879,-92.93252434566617,-270.00422209278366,-170.31178447378866,-9.132564583806094,727.0307466445955,485.3001722525234,-306.91276549830457,514.9089457054623,410.91988859737563,-315.1192432513894,-101.95965744867634,-246.95518024472364,-211.07411445793997,702.0734647761705,37.30896822294322,-218.53452592101516,106.6864104280905,-45.90815978588871,-215.85060650275284,-58.38567315781874,159.9813640787572,-250.7979049980393,651.2230120364284,-208.32755773888553,93.75572218808126,316.86279762976085,-338.90586588050223,45.0866692616485
-169.79424266177236,-54.10343018100223,-224.86717186819575,115.63777930551413,-153.897542846645,-60.60621358729961,-197.38799290345318,141.06985212301416,425.95709005087906,-325.52327693663483,114.2323435271359,14.450814296901935,674.063328762395,90.24053687595685,-286.95321325190775,142.67315562994247,-47.78419403554252,-87.55454345714583,54.485668139504,-76.44403278874292,146.3357299263704,-119.22640186342551,89.68795573824248,63.216734107378464,-269.6119380950255,323.21545664176017,-390.05641588852086,385.7662883823969,69.93513632383815,202.55884854312077,127.98447836592165,6.540637062897685,-546.1976492774857,-364.64216747816135,230.14754283093484,-386.81812089152055,-308.3867916465481,236.46813577648908,76.63651453884742,185.37833101779447,158.44050506797146,-527.5152841646343,-28.08584205180685,164.28052962548034,-80.11364129399652,34.23492517640763,161.84824184124895,43.743897107157075,-120.28073154986973,188.3004664389229,-489.0787079891884,156.48796904438152,-70.39739301322857,-237.9384986906767,254.49460280697969,-33.88455401315285
-119.88155481209898,-38.264064157400306,-158.71957950673325,81.66893434675112,-108.7072626762432,-42.69727364730489,-139.3006234128301,99.55488542784386,300.7244302078918,-229.88703302540156,80.6128396241397,10.147105215400188,475.6209998728632,63.57166758732073,-202.45952539568086,100.54959177636856,-33.62039617447653,-61.70379228601172,38.3984382292201,-53.94164051281088,103.25967797607028,-84.08389826361355,63.216734107378464,44.58565183343326,-190.39474706224632,228.33065074011796,-275.19826102220196,272.3608030487035,49.27647289124031,143.12813637340452,90.29808343068078,4.814536684594778,-385.4466230255668,-257.30057654011745,162.6835583956599,-272.98735715714975,-217.83856194554323,167.04858511663502,54.06228465193903,130.91948296653302,111.90239953769198,-372.2215947246761,-19.78683420956094,115.87073553602787,-56.558734428689625,24.319089831029284,114.41805238250795,30.9419244876171,-84.82920906332282,132.96079836610392,-345.2429510454941,110.4499360440248,-49.704710663198306,-167.98382444690893,179.6694756493099,-23.902865896196218
513.9713312365413,165.05626136551317,679.8794831161255,-350.49054447576634,466.75269991789156,181.67955697857076,596.2668074700174,-426.3893811378769,-1289.0724064622407,986.4019985171293,-345.201674639335,-42.730119184942446,-2034.8544755622734,-270.58843074029494,866.0900486846117,-428.46439697547356,142.52125565557716,262.9786101013431,-163.55922695788928,230.71257280702696,-441.8900917797657,359.1512023166164,-269.6119380950255,-190.39474706224632,816.8494009895601,-980.8352051701652,1176.9730877450447,-1167.6794537884016,-209.917617673438,-615.2084972714156,-386.2067547178438,-23.50659113028053,1649.9308130764161,1100.840326638105,-700.1710424276047,1168.692763032588,935.2941982321643,-717.4152373531571,-231.04696638717638,-561.71253959178,-480.0855199121199,1592.709158685777,84.15862671387279,-495.04018698567194,242.43429681286187,-106.37009077437713,-492.50441449836484,-133.56592724727562,362.22274056994416,-570.1341582648274,1479.3296737904288,-472.94814320845967,213.08171726509806,720.0340985624678,-770.0936406186298,102.22994138399949
-617.0380641627163,-198.47932479202748,-816.0194364935846,420.88781748113814,-560.5743381085176,-217.665226411444,-715.52609507805,511.74774433992974,1547.493834423625,-1184.4650059182572,414.28774326625404,51.04688178929579,2441.5126345672265,324.21019217040697,-1039.141174822378,513.5323458006011,-170.5735090442818,-315.2051780051778,196.01380095316117,-276.80087729705906,530.2367263188517,-430.73536254326063,323.21545664176017,228.33065074011796,-980.8352051701652,1178.139375994422,-1412.0542835431256,1401.8265130363266,251.57353640295364,739.087990100852,463.3515669921699,29.149015038653395,-1979.94275358638,-1320.850359163851,841.4509390501211,-1402.5003763195068,-1123.2909621297563,861.6765274340478,277.14246280111576,674.4900536273867,576.4666848079075,-1911.0782118591164,-100.81759711362417,593.7484765249721,-291.0326745737385,128.38384224259772,591.904506090043,160.64280794284832,-434.38549143011807,684.494560985327,-1775.7043361571236,567.5995384582731,-255.80545231800355,-864.3688459484766,924.4530345854035,-122.64802961533661
740.913101643101,236.95759464363263,980.6720216116579,-504.9052846286116,672.1687343873647,263.2490468172977,860.4821561877084,-615.1052217497469,-1858.489024655282,1421.1585213700068,-498.0431719273284,-62.360050625885336,-2937.5428155477944,-392.00119665006105,1250.4045401845062,-620.2280325586554,207.04808213028184,380.63448241917956,-236.81601015104414,333.1133494106544,-637.8084891111033,519.0531691030656,-390.05641588852086,-275.19826102220196,1176.9730877450447,-1412.0542835431256,1699.4936996977146,-1683.2883973221988,-303.9352975061129,-885.3020212626442,-557.6450897181961,-31.078758554934844,2381.0215083098788,1589.1517194608737,-1006.6832479086061,1686.3898848583092,1346.9276400953745,-1032.9817966081523,-333.7771436756715,-809.317304651833,-691.7285444062287,2299.0415753851335,121.97430700180578,-715.3219331865619,349.53187512841,-151.27082103121998,-708.0341986349449,-191.65773370573137,523.5905124885378,-821.7766167225823,2133.3575726181357,-682.3461050798804,307.18316021339643,1038.1240282165786,-1110.3294267705714,147.61870141146346
-734.7957506428983,-235.75281366864044,-972.1203373886542,500.9994564592794,-667.1371396931622,-260.0399147373053,-852.658683062924,609.6899417538582,1842.9668270782083,-1410.0268640435916,493.61302109590116,61.26104146768817,2910.062159939104,387.2821537590981,-1238.6289239750522,613.1316083182832,-204.1153744788343,-376.3134666574128,234.06411846714897,-329.9539715901026,631.9269837547192,-513.7557358644879,385.7662883823969,272.3608030487035,-1167.6794537884016,1401.8265130363266,-1683.2883973221988,1669.3722751544797,300.4087164885129,879.1789456462878,552.3427809894109,32.97499469997194,-2359.394311187477,-1574.3109099656904,1000.3986345315731,-1671.1901923009082,-1336.8319855281559,1025.3742796943425,330.47375545627284,802.9530005242582,686.270967043647,-2277.7015731825322,-120.46325444285698,708.112540778729,-346.60661368134816,151.60566240309515,703.667311011132,190.75466471527716,-518.1687025945207,815.0645552318887,-2115.10452895173,676.27431011235,-304.63366838597335,-1029.4281306544924,1101.0051271963011,-146.20964237741703
-132.223386572054,-42.06769979489424,-175.1495793718013,90.02746146682647,-119.79951083888294,-47.28526158096429,-153.77290849704522,109.8855234446072,331.72044329992207,-253.44181651822225,88.98474332239708,11.304155270175217,525.1910163490651,70.40193557936553,-223.58520672893692,111.27460031956407,-37.317463987244516,-68.28294191064946,42.49705821811698,-59.56317568945266,114.00878263277333,-92.93252434566617,69.93513632383815,49.27647289124031,-209.917617673438,251.57353640295364,-303.9352975061129,300.4087164885129,54.549007353120125,157.63463578008185,99.72495381655025,4.907585015147966,-425.51085577038054,-284.10508605636824,179.04672717677562,-301.3365219723208,-240.0585901369936,184.06460182230964,59.72515830529047,144.33113323505765,123.35823338169827,-410.9955381648275,-21.91428028778267,128.04207869499982,-62.39016958007989,26.522865822172776,125.90655977754764,34.00632946082365,-93.76006431983414,146.6270951895512,-380.9155258824338,121.89871106368646,-54.821455990491906,-185.29971418762491,198.19554346417718,-26.403716908926544
-386.98815967820445,-124.58017406744277,-511.71841092606,264.0046096553321,-351.64798825061854,-136.37217422531407,-448.66059193357626,320.8958723373917,970.5162582223572,-742.9438547314179,259.777344440896,31.933118949777356,1530.802093913248,203.1268951676863,-651.5131452360195,321.79943236557233,-106.80675034855295,-197.52243389615046,122.82754215565785,-173.5506073645362,332.46269194501997,-270.00422209278366,202.55884854312077,143.12813637340452,-615.2084972714156,739.087990100852,-885.3020212626442,879.1789456462878,157.63463578008185,463.70097969422295,290.5049949075776,18.57611767191798,-1241.4834632591376,-828.166745472189,528.0144764166407,-879.4284476844934,-704.6447944705177,540.5497028475384,173.744101033953,423.0681666402542,361.5882357312093,-1198.24144754653,-63.16322986079089,372.2039901250299,-182.5209519726243,80.73754284359408,371.43634380483945,100.83987605880911,-272.2881389953261,429.3102340876545,-1113.575661444556,355.92430240699696,-160.43349659014373,-542.0905869918491,579.7684235028119,-76.8924468202917
-243.11811371892304,-77.75860937723823,-321.78849301663314,165.67803032646097,-220.56387471184232,-86.37331785495113,-282.3479284912852,201.83537864110465,609.8301958950997,-466.33331720624057,163.42280182268792,20.4584044194018,963.8822272287683,128.61852479300114,-410.2892168938941,203.5039567917835,-67.93104825074698,-124.89173117430872,77.70259958925386,-109.30276419835985,209.2824307390151,-170.31178447378866,127.98447836592165,90.29808343068078,-386.2067547178438,463.3515669921699,-557.6450897181961,552.3427809894109,99.72495381655025,290.5049949075776,182.9774681277825,10.212438419235923,-781.2787070688549,-521.4407922237076,330.33927709145274,-553.3520934711349,-441.97844605257654,338.9602087523733,109.51998621357322,265.5654310448246,226.98000505766151,-754.3760505898749,-40.02027103162594,234.711950186019,-114.69281221623783,49.64713521480518,232.3386993863092,62.89434066115279,-171.79943393582093,269.6527249251962,-700.0208638975981,223.89734617099091,-100.79645684669103,-340.6420347596692,364.33456090323745,-48.437486264347136
-14.52329216776592,-5.416235800169719,-18.752906100013693,10.167424437699314,-13.710015493934614,-4.096020121400186,-16.12871564541151,11.702900811856267,36.24653418672913,-28.47639890766854,9.430124196780937,0.6205179206583806,54.26330416599813,6.156297185131032,-23.013459539208302,10.124481103292533,-2.7979489873165346,-6.245955194323091,3.8230629528407536,-6.111922890250336,11.867478895935667,-9.132564583806094,6.540637062897685,4.814536684594778,-23.50659113028053,29.149015038653395,-31.078758554934844,32.97499469997194,4.907585015147966,18.57611767191798,10.212438419235923,2.8234525425201467,-44.64296943158239,-29.384639152755923,21.82045296559077,-31.74133163493984,-27.462106936353663,21.201032986785346,5.980988083823285,16.194151351650522,13.82706540516817,-42.635480292779704,-1.8741338144657251,12.681722083435591,-6.8104169880554295,4.5960397952207535,15.405900482889649,4.452842994352408,-9.13667086358733,16.186264297984454,-41.157039126606136,12.92626113840568,-6.0092488055348445,-20.221488227795557,21.603562195590168,-2.6961227208225758
1038.5088755718843,332.5156653993157,1374.3449014952093,-707.8378497258273,942.4110455267031,368.46481636157034,1205.7405054209867,-862.0145742350633,-2604.884775872699,1992.2849701664543,-697.9386159813918,-87.11690248889889,-4115.819628395801,-548.7150586533156,1751.923064430898,-868.3605576693892,289.60271688125556,532.9337010282925,-331.5326404702859,466.6997991616305,-893.6847704882554,727.0307466445955,-546.1976492774857,-385.4466230255668,1649.9308130764161,-1979.94275358638,2381.0215083098788,-2359.394311187477,-425.51085577038054,-1241.4834632591376,-781.2787070688549,-44.64296943158239,3336.407866213845,2226.5831134113873,-1412.0415979110655,2363.1110321599513,1888.438533359884,-1448.345526317627,-467.5630137743188,-1134.5423132920648,-969.6824488484136,3221.302706019924,170.71041963178732,-1001.9831937900104,489.90644713128336,-212.82284552313922,-993.1550680461046,-268.9850234808627,733.338311475767,-1151.8818399667311,2989.93125287152,-956.1946262599201,430.55775278921294,1455.034072762599,-1556.2263306183852,206.81941149274994
692.9478319065095,221.726712428905,917.1158195032507,-472.2574497344623,628.7315616792454,246.0548305389563,804.6711395323166,-575.2269936316056,-1738.147077092435,1329.2441128933872,-465.7486383112007,-58.2356682256663,-2746.896197295123,-366.4020220004758,1169.2376754155048,-579.782692260528,193.46111084683403,355.8158622456017,-221.36789168751167,311.49080977462916,-596.4254610025216,485.3001722525234,-364.64216747816135,-257.30057654011745,1100.840326638105,-1320.850359163851,1589.1517194608737,-1574.3109099656904,-284.10508605636824,-828.166745472189,-521.4407922237076,-29.384639152755923,2226.5831134113873,1486.0223238032547,-941.8144120475217,1577.025282507738,1259.8868192784362,-966.2493780256937,-312.0897772346062,-756.9736242155745,-646.9916582559765,2149.8531790893753,114.00504283808282,-668.8215133094134,326.8974790167476,-141.71345498992864,-662.4215819103815,-179.34784978801065,489.5353813634811,-768.590060233881,1995.1502277568136,-638.1091552394472,287.29617981108345,970.8999840525622,-1038.426015488138,138.03229306126164
-440.34808473336994,-141.99662709604118,-582.1316320523758,300.49012276933445,-400.3000570927568,-154.8480516530972,-510.29595404624024,365.0341906014431,1104.2804226191254,-845.5756256865036,295.49538838431386,36.15109954878356,1740.8552160373347,230.6651118836274,-740.8871288906564,365.54437586291107,-121.14603534203746,-224.38272759363724,139.50952710668187,-197.35070803735587,378.10838622981544,-306.91276549830457,230.14754283093484,162.6835583956599,-700.1710424276047,841.4509390501211,-1006.6832479086061,1000.3986345315731,179.04672717677562,528.0144764166407,330.33927709145274,21.82045296559077,-1412.0415979110655,-941.8144120475217,601.4634982930135,-1000.2833892208711,-802.1297326042693,615.3780471866611,197.52643817097405,481.50448467764164,411.5271794583296,-1362.7130027343753,-71.71277996916196,423.11205556998533,-207.6752670115675,92.37320059199675,423.12192468653046,114.95897571830972,-309.4848044779619,488.5284727421002,-1266.9188917249633,404.86202465040606,-182.55132682213323,-616.7972408027041,659.6604892266507,-87.43422311061724
735.5905176805516,235.56603630460822,973.4417672688566,-501.38637285683177,667.5522322114404,260.9310558809046,854.0039088687961,-610.5542924444944,-1845.0655850008438,1411.1971693853186,-494.3387650037548,-61.672607396758934,-2915.111876286001,-388.5775474957028,1240.827708992236,-614.9606565065513,205.0594346607381,377.41775385267965,-234.7864948158708,330.54955543729085,-632.9747150613423,514.9089457054623,-386.81812089152055,-272.98735715714975,1168.692763032588,-1402.5003763195068,1686.3898848583092,-1671.1901923009082,-301.3365219723208,-879.4284476844934,-553.3520934711349,-31.74133163493984,2363.1110321599513,1577.025282507738,-1000.2833892208711,1673.752271788786,1337.6690335394555,-1025.936274260933,-331.15271867416993,-803.6316219942113,-686.8580590637544,2281.5594049208557,120.8894372118074,-709.6464436162456,347.0051804245838,-150.8343812656635,-703.551633209785,-190.56259268739166,519.3742856072915,-815.9007201451967,2117.7720007848284,-677.2628040566304,304.9698246875059,1030.614653192357,-1102.288238359239,146.48141634345032
588.4306942363406,189.15465708908698,778.2529049301901,-401.3337352911079,534.5062001304472,207.73628031266605,682.4682467566312,-488.05479382272296,-1475.7721094160868,1129.4560958218742,-395.1154786610026,-48.76766237527103,-2328.818690057089,-309.40069927365886,991.177941537623,-490.02708149778556,162.84796380762154,300.7687727367986,-187.05484707681612,264.040692713845,-505.746205336694,410.91988859737563,-308.3867916465481,-217.83856194554323,935.2941982321643,-1123.2909621297563,1346.9276400953745,-1336.8319855281559,-240.0585901369936,-704.6447944705177,-441.97844605257654,-27.462106936353663,1888.438533359884,1259.8868192784362,-802.1297326042693,1337.6690335394555,1071.0692233245527,-821.5927260746445,-264.3849605391082,-643.1770403910476,-549.7192406479238,1822.8295335609482,96.22617311853989,-566.425361378126,277.5444173285128,-122.18855125880879,-564.2472381996118,-153.0829356305464,414.42581239380223,-652.7578802443742,1693.466469782677,-541.3569170456968,243.95056854510648,824.3156102659045,-881.6177284957886,116.98658537269253
