V1,V2,V3,V4,V5,V6,V7,V8,V9,V10,V11,V12,V13,V14,V15,V16,V17,V18,V19,V20,V21,V22,V23,V24,V25,V26,V27,V28,V29,V30,V31,V32,V33,V34,V35,V36,V37,V38,V39,V40,V41,V42,V43,V44,V45,V46,V47,V48,V49,V50,V51,V52,V53,V54,V55,V56
0.3236266650495657,0.07374720466586485,0.1540772322885787,-0.7723186894776903,0.1391731132081783,0.1959381749953416,0.03672539030940643,0.31399416226130666,0.14671388345903677,-0.03852181018170358,0.3914087243176809,0.4059260173050832,-0.6826753794555396,-0.02261207293397025,-0.12596410592587207,0.0955479811165256,-0.03226314612752686,0.049343558833554756,0.0967089502256594,-0.06723687279347003,0.1914660896164541,-0.488449342581267,0.31460092668990625,-0.04381727996228822,0.24905150466797885,-0.34867994105424194,0.2842335549403256,0.15203246602788137,-0.2485568712602459,-0.029655470499659685,0.4304621481478676,-0.17531766389459041,-0.46047145096559233,0.4624259142927752,-0.5022152653393712,-0.116977939037873,1.0736274009245483,-0.400026139541217,-0.18282182193564997,-0.546929295161229,-1.1578227825236338,0.420857215443029,0.8636228527047487,0.33308362882738113,-0.025296568002657335,0.009407572308913809,-0.6622146525102961,0.23865400407733822,0.682757691672381,-0.02268881588710164,0.12671173183662632,-0.3082556479763391,0.4198591707461539,0.6798230451873576,-0.3213551004601765,-0.016419317646657897
0.07374720466586485,1.7541552370472668,1.3105241287549139,-0.6411532592690372,-0.7407190987058769,-0.6798271056607262,-1.448011053345199,-5.493659453766958,-0.1427517954378306,-0.17983152891330373,-3.692562516879246,-0.42278283748717677,0.9271071207094891,-2.1385500756215214,2.5504754541736347,-0.4197407798352812,1.8270886918796108,1.7774709655141325,1.3822099048962015,-2.927308066545355,-0.5969133856500997,0.022463802352563497,-2.720712883675289,1.7621250390148842,0.2976100100578435,-1.498700101076146,-1.2971796947109506,-0.9032052629762899,-2.9276102877856762,2.068638443136497,0.7098439524162766,-0.7385680142246394,2.801117087781638,-2.6851171082806506,1.2968546562678203,1.0872884648103822,-3.828456889210574,2.9267866992671068,1.703339027682963,1.989246500062451,4.594887201373234,3.113908537622997,-0.5791951808461531,1.3496769450187975,0.29243912727015725,0.8861298906316556,3.8502415647057107,-1.87250440065366,-2.3767691447930703,2.8981710023125156,2.5079289873977983,1.3198825969377859,-0.6619817857316301,-0.147394221320536,0.21596721445924746,1.3395626268898366
0.1540772322885787,1.3105241287549139,1.0884438546128719,-0.6233955977029674,-0.5097110528722288,-0.4239597786700035,-0.9935033780432174,-4.119301823983373,-0.21093455359656016,-0.06925377398402204,-2.748120769730022,-0.27891770219893225,0.2785274325624158,-1.684181906038827,2.024119015827268,-0.41353160741016237,1.4208991251150664,1.4105288901268014,0.9997849386175375,-2.1628088656369933,-0.48402049821373955,0.013305473877211817,-2.057781358099169,1.2708957543763633,0.32299374188087865,-1.2150573091535546,-0.7349367193850981,-0.7643886408073878,-2.2891852157616284,1.5285771062774862,0.533358420029404,-0.5008337433872178,2.253799967553205,-1.7719719158232576,0.9041364507895115,0.9552958631646031,-2.6469018652353284,2.1008406210903523,1.2016268288165708,1.364114271442195,3.2246000711650336,2.6352665565685034,-0.27284538854660895,0.965784963125042,0.2396984810904347,0.7160417304090673,2.789394456715859,-1.3530626345980532,-1.5986917959353422,2.1124713218057294,2.059302509686763,0.8783675914190484,-0.41121413889205954,0.0682594344120216,0.03386341225711493,1.0171152403648527
-0.7723186894776903,-0.6411532592690372,-0.6233955977029674,2.2946262005461042,0.02740121504087607,-0.3592190155262921,0.5118650124313192,0.6254200961926544,-0.8518459676876629,0.5714218745979921,-0.12032150106175363,-1.0309374455002058,1.1459944751370879,0.7097776522891693,-0.1798330220187443,-0.1860839414417357,-0.4866996754027281,-0.6616416480647063,-0.7136523485839987,1.1487148846722153,-0.5005393869466745,1.4840202989799463,-0.11807156450453987,-0.44554361625481603,-0.4846211621770161,1.0169109514471488,-0.1282896398724806,-0.5998754826080227,1.6012961517583884,-0.8475915498216481,-1.5682765079517724,0.5920525773940047,0.9758377974872275,-0.22296390245868056,0.6776843798228966,0.3636794485990094,-1.542322718460258,-0.054510245797122686,-0.03958491036796919,0.7546302292214404,1.7705839878070682,-1.7281115468322379,-2.3347323180185002,-1.4831980166157055,0.07207924782688137,-0.43620202442425116,0.475491582515031,-0.21470193145961122,-1.1939730997542837,-1.0346403689872616,-0.6227623080342308,0.34511262709994467,-0.9403617167071849,-1.6717567764554997,0.5917345737365918,-0.3347369829657759
0.1391731132081783,-0.7407190987058769,-0.5097110528722288,0.02740121504087607,0.5175755959672664,0.33261234994933214,0.7585405677331548,2.689225440894972,-0.10811491475827693,0.29732321121293714,1.850079052806504,0.3469132520144879,-0.7384978421888286,1.0935240005528093,-1.2232491950214974,0.30406301708078154,-0.9599867742259465,-0.8927679671071508,-0.6076765636223733,1.4056627742751115,0.3088457716602552,-0.1524503209377845,1.4342922712564157,-0.8518441825594886,0.09774254830843954,0.3501698487817228,0.7416847741416399,0.27152312084469116,1.392623088699589,-1.2068460876117924,-0.24449738841932117,0.1408338797879631,-1.3328266510887525,1.4812762995569495,-1.0382389046070761,-0.44849987850221085,2.3721883494915144,-1.719678823178051,-0.8677493055987388,-1.2279810869326426,-2.626335738969023,-1.2962501964408117,0.4802362333775349,-0.5525651710496461,-0.10829928158268548,-0.5680269375991057,-2.2347821673119532,0.8918117360619507,1.3059209771414373,-1.5117528475074455,-0.9662116907814315,-0.7674025672694841,0.46651305457232023,0.3651571655675162,-0.3122981148627,-0.6484339868294026
0.1959381749953416,-0.6798271056607262,-0.4239597786700035,-0.3592190155262921,0.33261234994933214,0.4743871113711881,0.5762501351337272,2.437866381006214,0.29954884733244774,-0.09679814314577205,1.7921874868658034,0.4825306655410348,-0.9264840669372487,0.7571689942100591,-1.1062166499363948,0.17592588648986204,-0.6845146479936216,-0.6133244957996221,-0.4822493879372071,1.0836192661464326,0.40752819725993544,-0.40502755325278883,1.300029083522078,-0.7364591303614487,-0.009886486546030747,0.46705353111271064,0.7547092722463704,0.5995082972773254,0.8941799185328413,-0.7019500931010995,0.0915407397244012,0.262672927723215,-1.5397547713005217,1.4315739967698193,-0.7504757222030785,-0.5702494895372467,2.257112576879472,-1.363155464250213,-0.8268137594065769,-1.169741821246473,-2.7199999553600205,-0.8818400268174268,0.984228629941661,-0.26594653676648417,-0.15814270724920945,-0.23837985352093824,-1.935404111831392,0.9876189703025975,1.537545378434753,-1.087090664298749,-0.9819241146134143,-0.7552303785777698,0.5974388374162858,0.5727038824689387,-0.2907787626203253,-0.5363258849109133
0.03672539030940643,-1.448011053345199,-0.9935033780432174,0.5118650124313192,0.7585405677331548,0.5762501351337272,1.3595627203605347,4.618465312475449,-0.18776658514373679,0.4152064856563947,3.081487846454758,0.34762881493794506,-1.1153533509967515,1.8336139953402475,-2.034911265860444,0.32637813423377315,-1.5825231817462129,-1.514556297128401,-1.2064023507064399,2.564722036139144,0.4180552229089825,0.06228600943714415,2.2957219960671784,-1.5385436156873875,-0.06279355371846289,1.0270532907511976,1.2965600068436358,0.4892623252924234,2.525344169735573,-1.9700034547877747,-0.7070846295759088,0.5620737700323145,-2.0599405746586585,2.4777494493300947,-1.3242360361813654,-0.6968205693906376,3.483371880376237,-2.6969320998242834,-1.4887509063195976,-1.8204773614969934,-3.9997339270837897,-2.418089678743701,0.4402684998858815,-1.2543904594820912,-0.19364747357294843,-0.8477816032441845,-3.4414989614581333,1.53824664889656,2.044312748440859,-2.6324062676113935,-1.8391445258920402,-1.2115148762553452,0.5910753513319819,0.24703640605553778,-0.341421214759423,-1.1348204046331407
0.31399416226130666,-5.493659453766958,-4.119301823983373,0.6254200961926544,2.689225440894972,2.437866381006214,4.618465312475449,18.5891881635593,0.9210058571460357,0.4659254427612692,12.853676499374936,2.2286700104488277,-3.6733493050805754,7.138029473774775,-8.830609944066321,1.8498544778715644,-6.180517118071988,-5.8823438650560895,-4.185720828112151,9.320422599723102,2.4453151978136107,-1.1772078608535697,9.637571294844081,-5.722181061705867,-0.5411644506303707,4.154840721960219,4.349626906576959,3.378121707404677,9.21604173502184,-6.863565280219484,-1.3504485622092857,1.800232210163241,-10.446969453378427,9.279127353957419,-5.3543224690831694,-4.070521485570486,14.524060064058881,-10.334140738632723,-5.791943861530999,-7.49465961907187,-17.145394283615147,-9.830024496293042,3.4595201886181726,-3.533541459371771,-1.0358976008902256,-3.0588735556462203,-13.929697064265772,6.486178684580457,8.860854939756413,-9.415072697676711,-8.183395596733762,-4.771236687027007,2.9319605272160048,1.6718018416461442,-1.2037934171183617,-4.430239235909511
0.14671388345903677,-0.1427517954378306,-0.21093455359656016,-0.8518459676876629,-0.10811491475827693,0.29954884733244774,-0.18776658514373679,0.9210058571460357,1.0071028932511545,-0.7217294702754923,0.9095435299326708,0.5785106902612821,-0.0717947942824451,0.0837205559487194,-0.6918230987196532,0.23363997645466436,-0.09537427863181268,-0.05265037049660566,0.10598718152613082,-0.07815032113153202,0.5192494360410337,-0.837485101210451,0.6358265389752199,-0.0744976389529683,-0.20096477751219616,0.3062819559845538,-0.05712261183954106,0.9857273181548238,-0.2052866035340118,0.3672949378656549,0.7688330104076604,-0.001231575166590743,-1.6278343486977958,0.2637855738232483,-0.15205022278905664,-0.8217380093365864,1.0408032872476976,-0.16683820605214517,-0.24720720872372745,-0.4976009708749019,-1.5529961158791377,-0.2859830489492006,1.2760503361454127,0.6103364013852876,-0.1964878132260376,0.196007617593442,-0.6749627777033314,0.574407468163374,0.9725468835603999,0.20671203014823544,-0.7835651843523962,-0.25121319049030305,0.5061744769954182,0.5574397560020564,-0.01067925077745994,-0.1258059622788102
-0.03852181018170358,-0.17983152891330373,-0.06925377398402204,0.5714218745979921,0.29732321121293714,-0.09679814314577205,0.4152064856563947,0.4659254427612692,-0.7217294702754923,0.6283042830684188,0.13904758497268982,-0.2316940486017108,-0.1680994273020843,0.4241406651638413,-0.06361281907713483,0.019141429576776805,-0.35612566048816036,-0.35209493921930113,-0.2968495044772183,0.6077568009061123,-0.21142743281200613,0.47413702079963077,0.17448100485193707,-0.2787979748182443,0.19248192728936817,-0.11329628762049197,0.28186210811409335,-0.560713039484748,0.7229956290749883,-0.7703851114507652,-0.597956404856278,-0.004015065892649275,0.5112793713058916,0.3747398157083534,-0.37695582361947505,0.3440508716422166,0.29260959427431016,-0.6058269383295892,-0.1706570332386952,-0.17172005380481173,-0.023378944780337946,-0.38388405401480413,-0.6764581151259738,-0.5975639321139203,0.08920644027127726,-0.4039724321746896,-0.4895564095148189,-0.048659511345765044,-0.15733208959445083,-0.7533338105952408,0.1292335653753898,-0.13110748825436394,-0.15198787423103347,-0.2248939299598836,-0.1189176036895697,-0.1804274004187553
0.3914087243176809,-3.692562516879246,-2.748120769730022,-0.12032150106175363,1.850079052806504,1.7921874868658034,3.081487846454758,12.853676499374936,0.9095435299326708,0.13904758497268982,9.028365938597021,1.8141665697068214,-2.788481606205966,4.815675476262304,-6.156336510440498,1.3455438416871064,-4.198219976772307,-3.949013109722237,-2.7484190921067384,6.222855613491412,1.8479895936590027,-1.2022390937561942,6.7695450818744725,-3.8858301620930664,-0.2932823542158711,2.6996312432236,3.0373757346828105,2.5590747832473735,6.044729525111244,-4.554898865390965,-0.5416753540806628,1.1250839714985699,-7.6039707755065935,6.506879631210238,-3.8706969513379437,-2.9762783844057608,10.495828930210102,-7.173236162410857,-4.0345322578679035,-5.402569373222225,-12.407385187498068,-6.491540028404876,3.0015490611230313,-2.087569750353126,-0.7517837425146936,-2.0144653808741015,-9.82737255561487,4.597195365247293,6.484407516141616,-6.300921593494884,-5.623187774370314,-3.405431290221124,2.275313059189472,1.5578632203366847,-0.9583574362714351,-3.016560699428142
0.4059260173050832,-0.42278283748717677,-0.27891770219893225,-1.0309374455002058,0.3469132520144879,0.4825306655410348,0.34762881493794506,2.2286700104488277,0.5785106902612821,-0.2316940486017108,1.8141665697068214,0.8165152013280634,-0.9463033896425248,0.653198187428639,-1.1566561625403249,0.3869031727825528,-0.6245153780374125,-0.5000751408035955,-0.2014764330054786,0.6886347596353108,0.5974368947937878,-0.9109149914413852,1.3873909756832827,-0.5431461817865266,0.1488989087762442,0.06771896424610235,0.5827358719601243,0.7816584356312097,0.48909988023219403,-0.5200952622365845,0.6046326372820146,-0.0814992921556054,-1.9695085481472807,1.306024024430432,-1.0718621392489405,-0.7816729446279405,2.713334239187392,-1.3683545884089054,-0.7501560966934084,-1.3736817901208769,-3.177943117386096,-0.5705570713049365,1.5975405447930506,0.28113276012412697,-0.1825510158123666,-0.22522001223432975,-2.130708916812403,0.9748279345375299,1.754215810965554,-0.7565257036047868,-0.8550345423574786,-0.7946944468559013,0.8499502039348426,1.0214104633305823,-0.4285286182445916,-0.44252156308782414
-0.6826753794555396,0.9271071207094891,0.2785274325624158,1.1459944751370879,-0.7384978421888286,-0.9264840669372487,-1.1153533509967515,-3.6733493050805754,-0.0717947942824451,-0.1680994273020843,-2.788481606205966,-0.9463033896425248,2.6369832113265494,-0.97568225458250335,1.3776302633683577,-0.1148254474971287,0.9555437533497207,0.7577698450255078,0.7354248575753307,-1.6655531174627878,-0.5551241565982621,0.7585544909022385,-2.0145445409214178,1.2084470640154819,-0.4252239495853119,-0.16151974809868522,-1.7886321500177338,-0.571580805284021,-1.0718038306441586,1.252438047911542,-0.2541401586555747,-0.3302613221882097,1.9419064643450858,-2.872180288740427,1.634932144186181,0.47084998195710026,-4.354864513898043,2.521753701990095,1.4455447363870877,2.2855836115640016,4.958017276943604,0.4100340729424896,-2.0616748972782197,0.39734100089138913,0.1639710391437486,0.3449319779938702,3.443612678042947,-1.5957434640778447,-2.8877519198499044,1.8362430120477204,0.8338626874539495,1.5036055216096658,-1.235738001184364,-1.5485070348485133,0.9192322874820728,0.7680931974418501
-0.02261207293397025,-2.1385500756215214,-1.684181906038827,0.7097776522891693,1.0935240005528093,0.7571689942100591,1.8336139953402475,7.138029473774775,0.0837205559487194,0.4241406651638413,4.815675476262304,0.653198187428639,-0.97568225458250335,2.9599171344906434,-3.4345771215464453,0.79723576364838,-2.5347206527672315,-2.4463846457956016,-1.6835021407560502,3.750913959721803,0.8288841602713046,-0.16963439763263316,3.672162086819061,-2.22082678378317,-0.22193164217685182,1.6049396320327975,1.4978618336241085,1.0580228250832284,3.9061107689760255,-2.9218771874502,-0.8315665289431635,0.6242875940150886,-3.772510107033367,3.3649791834953313,-2.0833897694551653,-1.4810767650423842,5.271127439662992,-4.02608660177846,-2.1596353315962498,-2.7143113115687654,-6.106023652170644,-4.1906402553217905,0.7340175129551767,-1.5874664275548949,-0.3604696814674819,-1.393473129752726,-5.296261195359805,2.3239180354675915,2.9926590488566185,-3.825733799480354,-3.1795407037419317,-1.7120455014174014,0.9020883015002207,0.2875806867270646,-0.3562038070700518,-1.7532908404364747
-0.12596410592587207,2.5504754541736347,2.024119015827268,-0.1798330220187443,-1.2232491950214974,-1.1062166499363948,-2.034911265860444,-8.830609944066321,-0.6918230987196532,-0.06361281907713483,-6.156336510440498,-1.1566561625403249,1.3776302633683577,-3.4345771215464453,4.358151362435534,-1.0354830848829017,2.9665143053090435,2.824715206637121,1.8796031817324887,-4.284336363943701,-1.2802918836255064,0.7533404004764286,-4.6504789638262105,2.6285941368103085,0.3244898214751006,-1.9802452237819743,-1.8020580542767697,-1.8106761529176523,-4.326405306800229,3.153360495349863,0.4485432058832263,-0.7244784000649841,5.338031497706461,-4.170750546248885,2.562794190887478,2.175627385860173,-6.888928679874387,4.8167337007851945,2.6845413461400636,3.529079817195011,8.176060451018568,4.8690051121509255,-1.7623644448882958,1.444416141957078,0.532075385996881,1.4681202335442936,6.615648112127749,-3.07419287038487,-4.17473490014573,4.308284614908611,4.076537269218614,2.1947498424849066,-1.4185162182330677,-0.7946609429699489,0.48987820223319306,2.0972348276029207
0.0955479811165256,-0.4197407798352812,-0.41353160741016237,-0.1860839414417357,0.30406301708078154,0.17592588648986204,0.32637813423377315,1.8498544778715644,0.23363997645466436,0.019141429576776805,1.3455438416871064,0.3869031727825528,-0.1148254474971287,0.79723576364838,-1.0354830848829017,0.4083982686425187,-0.6948372808718362,-0.6447631767734314,-0.2680969178063152,0.774982054280323,0.3683188670835393,-0.37733272463190454,1.0910984845096832,-0.47077365680554656,0.012737849645451061,0.20390996875340436,0.20656080431326312,0.4354782338689515,0.8680396598659601,-0.7018840670948554,0.10156215645740779,-0.08652306506143963,-1.3877214789369388,0.7575378938157794,-0.7831760515666812,-0.602683314117025,1.690986637047388,-1.100897982707079,-0.5198044875685086,-0.8449821314055591,-1.9152414961660933,-1.0862630302733356,0.534250951769704,-0.06453199792985961,-0.12211966587528728,-0.4128656261655038,-1.5780907611718125,0.611887368517091,0.8957700796205513,-0.8332503468211976,-0.864055354450099,-0.45937260645937716,0.3827456762430415,0.30578137507117287,-0.14396114649409023,-0.43280122521385406
-0.03226314612752686,1.8270886918796108,1.4208991251150664,-0.4866996754027281,-0.9599867742259465,-0.6845146479936216,-1.5825231817462129,-6.180517118071988,-0.09537427863181268,-0.35612566048816036,-4.198219976772307,-0.6245153780374125,0.9555437533497207,-2.5347206527672315,2.9665143053090435,-0.6948372808718362,2.1789752428310525,2.0902450276185642,1.4325266465931719,-3.211927833950759,-0.7411309958469641,0.221362329986748,-3.2017165228346975,1.9159552898835097,0.15215070231564107,-1.3268582562453248,-1.3375913985297412,-0.9334887642907073,-3.3124800746286875,2.510913193559999,0.6469875507172154,-0.513965821696171,3.3092584780015835,-2.968646221879145,1.8641879784745863,1.2878174025022355,-4.696340589579377,3.5194615277658516,1.885605723829892,2.4179531258917613,5.429235191297004,3.5260789667957657,-0.7702124434150786,1.3134724765109451,0.3136476599434499,1.191036668809693,4.650957473041028,-2.036199477176546,-2.682723126817479,3.2891641561864637,2.7093956269255357,1.5209118159621586,-0.8420837090756672,-0.3560427004542766,0.3576113461118043,1.5080706540065643
0.049343558833554756,1.7774709655141325,1.4105288901268014,-0.6616416480647063,-0.8927679671071508,-0.6133244957996221,-1.514556297128401,-5.8823438650560895,-0.05265037049660566,-0.35209493921930113,-3.949013109722237,-0.5000751408035955,0.7577698450255078,-2.4463846457956016,2.824715206637121,-0.6447631767734314,2.0902450276185642,2.0310613818127137,1.3987125920604726,-3.1102031928061247,-0.6692251771618607,0.09202520900052943,-3.0133073698835666,1.8329330170185454,0.20877564881675426,-1.3656108856461227,-1.2204261749846552,-0.8626195344802406,-3.2557349266230453,2.410348620245383,0.7280472119965277,-0.5384495588231739,3.072144452289218,-2.7501121585988555,1.6735971078508367,1.2131269968290346,-4.2561345952770715,3.2999332545382734,1.7683980062195195,2.196012726876827,4.945634382860495,3.5021953742438288,-0.52782195477856,1.348514084105755,0.2963597001056261,1.1526186039087076,4.319283410599976,-1.9049868185669139,-2.41742353062741,3.1615089110356824,2.640189496541607,1.3885078053700022,-0.7092539650831123,-0.17379076943859456,0.2660369384163506,1.4495099174793495
0.0967089502256594,1.3822099048962015,0.9997849386175375,-0.7136523485839987,-0.6076765636223733,-0.4822493879372071,-1.2064023507064399,-4.185720828112151,0.10598718152613082,-0.2968495044772183,-2.7484190921067384,-0.2014764330054786,0.7354248575753307,-1.6835021407560502,1.8796031817324887,-0.2680969178063152,1.4325266465931719,1.3987125920604726,1.1428806446603672,-2.3664838660032066,-0.3543480215046416,-0.18106933706962663,-2.0202100680054227,1.4005589800062612,0.20243124802159682,-1.1512168434707335,-1.0619910662741345,-0.5055214014284898,-2.3826475295618725,1.7270193287030278,0.7507507155126694,-0.6129376860775806,1.8665602514998145,-2.0945815190243473,0.9775808301473807,0.6783524374546878,-2.8134272876705366,2.285221341412988,1.314004769401398,1.4703851766023375,3.3171392487968037,2.41902661023953,-0.1751648276186964,1.2297717217983137,0.19034416311422586,0.7367418389734967,2.9099077854353808,-1.3738991302261305,-1.6868545362061709,2.366097730331981,1.8365598259770284,1.0006401403800544,-0.4108083692886967,0.013892346430297403,0.16497628516888568,1.0429165181631657
-0.06723687279347003,-2.927308066545355,-2.1628088656369933,1.1487148846722153,1.4056627742751115,1.0836192661464326,2.564722036139144,9.320422599723102,-0.07815032113153202,0.6077568009061123,6.222855613491412,0.6886347596353108,-1.6655531174627878,3.750913959721803,-4.284336363943701,0.774982054280323,-3.211927833950759,-3.1102031928061247,-2.3664838660032066,5.0706672364859955,0.9377293053186357,0.05493282539584511,4.650524431397382,-3.0197298359859244,-0.32738520337780347,2.2857676848737754,2.2675913798711154,1.2450075846185962,5.127407452390428,-3.8072751970905205,-1.337892337287135,1.1097508234593276,-4.506565680159788,4.643048219402933,-2.480588895083386,-1.6797944460467737,6.6922580527759665,-5.212897057873841,-2.902346511763174,-3.47891935074729,-7.817224893099596,-5.2676747596475755,0.8016889675222006,-2.392704181487989,-0.44346480928924537,-1.6928339263288807,-6.745067956168229,3.083459940313334,3.9457124539785613,-5.1269883900308155,-4.041663276871832,-2.2857071773449555,1.1065505046998945,0.28144307105363314,-0.4797231789037587,-2.2944918258993483
0.1914660896164541,-0.5969133856500997,-0.48402049821373955,-0.5005393869466745,0.3088457716602552,0.40752819725993544,0.4180552229089825,2.4453151978136107,0.5192494360410337,-0.21142743281200613,1.8479895936590027,0.5974368947937878,-0.5551241565982621,0.8288841602713046,-1.2802918836255064,0.3683188670835393,-0.7411309958469641,-0.6692251771618607,-0.3543480215046416,0.9377293053186357,0.5327705145039542,-0.6184203592758524,1.4011127830631076,-0.6386740886762194,-0.040518719364774906,0.40753869750896704,0.4787732432906508,0.7743283423261121,0.8624280885079971,-0.6423935488965375,0.29603242182994305,0.07748411032566932,-1.919195642913976,1.1963322787463089,-0.847934813231881,-0.8116328655465294,2.3119458410136575,-1.3278205408688162,-0.7543153215283828,-1.1721939582699008,-2.7895579515131446,-1.0888927584893997,1.1035629257595305,-0.012459060300889885,-0.19273859601076565,-0.2977469650245612,-1.9965554083379662,0.9661658938710338,1.4982221448893798,-0.9422609590563165,-1.1415095507348092,-0.6909608579929627,0.6360809284866207,0.5987898747422898,-0.232645126056216,-0.5322166911338855
-0.488449342581267,0.022463802352563497,0.013305473877211817,1.4840202989799463,-0.1524503209377845,-0.40502755325278883,0.06228600943714415,-1.1772078608535697,-0.837485101210451,0.47413702079963077,-1.2022390937561942,-0.9109149914413852,0.7585544909022385,-0.16963439763263316,0.7533404004764286,-0.37733272463190454,0.221362329986748,0.09202520900052943,-0.18106933706962663,0.05493282539584511,-0.6184203592758524,1.1858333097155018,-0.9387656667039247,0.13204438324205497,-0.18750029653501657,0.2512795012848771,-0.24978402795966376,-0.8492079841538396,0.28770833411177954,-0.07196996284622931,-1.0315652320884257,0.29666793694289134,1.796890340430494,-0.7433633619707148,0.85685969602778,0.7691063091247581,-2.161226719494287,0.7433996195408052,0.41180755401177366,1.0724508956818923,2.5817924661500125,-0.11323117926756078,-1.8713444612050394,-0.8180134088300456,0.1687294438204236,-0.02891623728745031,1.446777988802443,-0.6908086749922449,-1.4868227362143966,-0.004579756147481441,0.46106362856913624,0.5616347838588075,-0.8614197929506756,-1.1895940970071308,0.4010053928348642,0.15506684550435923
0.31460092668990625,-2.720712883675289,-2.057781358099169,-0.11807156450453987,1.4342922712564157,1.300029083522078,2.2957219960671784,9.637571294844081,0.6358265389752199,0.17448100485193707,6.7695450818744725,1.3873909756832827,-2.0145445409214178,3.672162086819061,-4.6504789638262105,1.0910984845096832,-3.2017165228346975,-3.0133073698835666,-2.0202100680054227,4.650524431397382,1.4011127830631076,-0.9387656667039247,5.1232320976684305,-2.8887848099396454,-0.16484921714607334,1.9100769787582907,2.2153703509317344,1.8722520609196174,4.575166833948648,-3.4975890243932497,-0.38326087569139833,0.7315798842672466,-5.730547229080804,4.83792123821508,-3.0354250476442526,-2.2494949138536517,7.955213210468848,-5.460001687958375,-3.0022469285745887,-4.090392977851723,-9.333832287646525,-4.920082729880307,2.2283126278906016,-1.5176635175874114,-0.5559700478449113,-1.5974118010071516,-7.4633115720220315,3.4074105402767993,4.820783444824077,-4.7468619127012275,-4.184550350514352,-2.5488937108708902,1.7156600391607812,1.1908648222334555,-0.7431079084623645,-2.266651812714337
-0.04381727996228822,1.7621250390148842,1.2708957543763633,-0.44554361625481603,-0.8518441825594886,-0.7364591303614487,-1.5385436156873875,-5.722181061705867,-0.0744976389529683,-0.2787979748182443,-3.8858301620930664,-0.5431461817865266,1.2084470640154819,-2.22082678378317,2.6285941368103085,-0.47077365680554656,1.9159552898835097,1.8329330170185454,1.4005589800062612,-3.0197298359859244,-0.6386740886762194,0.13204438324205497,-2.8887848099396454,1.8337393438861616,0.16734139337422838,-1.3449038189119338,-1.4520103438492311,-0.8674827941880583,-2.9762733107456363,2.2301559649791125,0.649366151183924,-0.664141562425059,2.910649616897116,-2.932903805829188,1.5710858169282442,1.0824691413315919,-4.315677479742551,3.2034686005813846,1.8094422004953405,2.240237799064681,5.066776404031751,3.0438560600746274,-0.7935461894297406,1.3265131958233412,0.28798531526662113,0.9641087234835185,4.215018355086237,-1.961082613584196,-2.6177991640199805,3.0528915127531318,2.4510128566285805,1.465731746621608,-0.799700953698773,-0.36996680006978694,0.36071078369802906,1.3844266650707435
0.24905150466797885,0.2976100100578435,0.32299374188087865,-0.4846211621770161,0.09774254830843954,-0.009886486546030747,-0.06279355371846289,-0.5411644506303707,-0.20096477751219616,0.19248192728936817,-0.2932823542158711,0.1488989087762442,-0.4252239495853119,-0.22193164217685182,0.3244898214751006,0.012737849645451061,0.15215070231564107,0.20877564881675426,0.20243124802159682,-0.32738520337780347,-0.040518719364774906,-0.18750029653501657,-0.16484921714607334,0.16734139337422838,0.3247706007353403,-0.5857216908480986,0.09872195304936114,-0.2673618145976409,-0.41846139250310144,0.030439764270714056,0.2214618150090486,-0.2742318185046309,0.3388432077341974,0.029740423904750766,-0.31726677950849325,0.23684098868706036,0.27650515085800076,-0.03804675323454591,0.09232543036158246,-0.14240072692843667,-0.0957016474514485,0.7181758038544359,0.2951180158374596,0.2609671162816515,0.06794203476177878,-0.0021589870451538887,-0.03312802804104876,-0.16768546033986054,0.043300071803628715,0.19251862652799498,0.5929769572132906,-0.05733342868845163,0.14773376109112574,0.4114032740956499,-0.2588184000038612,0.15150728023055052
-0.34867994105424194,-1.498700101076146,-1.2150573091535546,1.0169109514471488,0.3501698487817228,0.46705353111271064,1.0270532907511976,4.154840721960219,0.3062819559845538,-0.11329628762049197,2.6996312432236,0.06771896424610235,-0.16151974809868522,1.6049396320327975,-1.9802452237819743,0.20390996875340436,-1.3268582562453248,-1.3656108856461227,-1.1512168434707335,2.2857676848737754,0.40753869750896704,0.2512795012848771,1.9100769787582907,-1.3449038189119338,-0.5857216908480986,1.6917255703363665,0.7680745054245651,0.8796429971482752,2.365272312163107,-1.3472422957425711,-0.7539153497572862,0.8530826725181258,-2.126723939897153,1.7264451457290033,-0.4046517768757771,-0.9359983618322812,2.0853598631780104,-1.8135045204013047,-1.2130777681742866,-1.0914640485596978,-2.8023231354812044,-2.8019951428502057,0.0037255019616474093,-1.2237632372087022,-0.2643871482977824,-0.5353967100853381,-2.3887389193413147,1.408977674776909,1.4819624100525652,-2.097081664699718,-2.2911406364753297,-0.785084295947348,0.23880791731425835,-0.40671405579410713,0.16726829044086738,-1.0360023133941387
0.2842335549403256,-1.2971796947109506,-0.7349367193850981,-0.1282896398724806,0.7416847741416399,0.7547092722463704,1.2965600068436358,4.349626906576959,-0.05712261183954106,0.28186210811409335,3.0373757346828105,0.5827358719601243,-1.7886321500177338,1.4978618336241085,-1.8020580542767697,0.20656080431326312,-1.3375913985297412,-1.2204261749846552,-1.0619910662741345,2.2675913798711154,0.4787732432906508,-0.24978402795966376,2.2153703509317344,-1.4520103438492311,0.09872195304936114,0.7680745054245651,1.5531617031461626,0.5656784988299138,1.9768614582917627,-1.6779496895695005,-0.3442893590107311,0.5412365278686757,-2.0527341357713427,2.7128722694493583,-1.4067669569497412,-0.6194734550298211,3.8643007551769246,-2.6459887519529883,-1.5151942914005105,-2.0275547571889856,-4.461701626497668,-1.6444553446559829,1.116632576264357,-0.9603088557140637,-0.19186668392929093,-0.6189992197538908,-3.4705080080251927,1.6203554075686175,2.453531292292413,-2.35597631212165,-1.5001650285860837,-1.357204540789617,0.8599644963270816,0.7618684677373787,-0.5659982768132158,-1.0114374622529512
0.15203246602788137,-0.9032052629762899,-0.7643886408073878,-0.5998754826080227,0.27152312084469116,0.5995082972773254,0.4892623252924234,3.378121707404677,0.9857273181548238,-0.560713039484748,2.5590747832473735,0.7816584356312097,-0.571580805284021,1.0580228250832284,-1.8106761529176523,0.4354782338689515,-0.9334887642907073,-0.8626195344802406,-0.5055214014284898,1.2450075846185962,0.7743283423261121,-0.8492079841538396,1.8722520609196174,-0.8674827941880583,-0.2673618145976409,0.8796429971482752,0.5656784988299138,1.3142565841294553,1.118912234235524,-0.6306989555723648,0.4433677436750616,0.2816296105815343,-2.8199132355794125,1.5191061039629903,-0.8336871261043954,-1.259886996392322,2.859083779924952,-1.5628925471033401,-1.0177137962764224,-1.4451803614424081,-3.6721466170615003,-1.6242130223771079,1.5402151636197678,-3.4497809485495594e-4,-0.31278659475467735,-0.24581649278557158,-2.481556839287986,1.3973926956439646,2.051834895011632,-1.1373550269630914,-1.821505334917972,-0.8712196010459619,0.8240879458615268,0.6770026888812023,-0.1616093736297987,-0.7262680665518021
-0.2485568712602459,-2.9276102877856762,-2.2891852157616284,1.6012961517583884,1.392623088699589,0.8941799185328413,2.525344169735573,9.21604173502184,-0.2052866035340118,0.7229956290749883,6.044729525111244,0.48909988023219403,-1.0718038306441586,3.9061107689760255,-4.326405306800229,0.8680396598659601,-3.3124800746286875,-3.2557349266230453,-2.3826475295618725,5.127407452390428,0.8624280885079971,0.28770833411177954,4.575166833948648,-2.9762733107456363,-0.41846139250310144,2.365272312163107,1.9768614582917627,1.118912234235524,5.399695242146041,-3.9396269280308727,-1.5707013592818646,1.0487607830999972,-4.356601408717321,4.297121619444249,-2.384617740104668,-1.6826839246378609,6.200576429665611,-5.1153230863839445,-2.774506568811032,-3.217308886802704,-7.204296263423242,-5.7045604439191315,0.235763072328985,-2.529517748691853,-0.42572702633987575,-1.848345441127602,-6.531695137504221,2.9010784167510395,3.4796622177204184,-5.1806219657264645,-4.14822735174816,-2.095048580425302,0.8640165578360915,-0.12007861640194904,-0.3017679832276526,-2.3149433255175533
-0.029655470499659685,2.068638443136497,1.5285771062774862,-0.8475915498216481,-1.2068460876117924,-0.7019500931010995,-1.9700034547877747,-6.863565280219484,0.3672949378656549,-0.7703851114507652,-4.554898865390965,-0.5200952622365845,1.252438047911542,-2.9218771874502,3.153360495349863,-0.7018840670948554,2.510913193559999,2.410348620245383,1.7270193287030278,-3.8072751970905205,-0.6423935488965375,-0.07196996284622931,-3.4975890243932497,2.2301559649791125,0.030439764270714056,-1.3472422957425711,-1.6779496895695005,-0.6306989555723648,-3.9396269280308727,3.134801218933212,1.0682465460156898,-0.5881345376597285,3.147333836789032,-3.4659245924205244,2.1997619354081475,1.1121496550277366,-5.207912564420994,4.126288726420351,2.135559536422228,2.700436876159577,5.8339366185878205,3.896775801240703,-0.4414007711445253,1.796454126240076,0.27436967391209666,1.4834887271264687,5.250492826025391,-2.1585538540524793,-2.81185630014365,3.977347128099114,2.760178060470755,1.728465266088285,-0.8197035726006223,-0.2766462150964012,0.4815338384554714,1.7117140732128653
0.4304621481478676,0.7098439524162766,0.533358420029404,-1.5682765079517724,-0.24449738841932117,0.0915407397244012,-0.7070846295759088,-1.3504485622092857,0.7688330104076604,-0.597956404856278,-0.5416753540806628,0.6046326372820146,-0.2541401586555747,-0.8315665289431635,0.4485432058832263,0.10156215645740779,0.6469875507172154,0.7280472119965277,0.7507507155126694,-1.337892337287135,0.29603242182994305,-1.0315652320884257,-0.38326087569139833,0.649366151183924,0.2214618150090486,-0.7539153497572862,-0.3442893590107311,0.4433677436750616,-1.5707013592818646,1.0682465460156898,1.2318701654618076,-0.49992736195990684,-0.40686669742035264,-0.5276867567204118,-0.059803897244187006,-0.23976448246871834,0.13037785876664587,0.7130585338955711,0.3780819565313601,-0.02698596424358983,-0.23356143195892273,1.4523883166075626,1.427207599874541,1.3056441323055448,-0.037729665810295916,0.48743344493993235,0.5009247636651876,-0.17051888260845616,0.2979995455796488,1.3247172182053726,0.6124876089153456,0.09699922422191287,0.461981960586579,0.9479760919213163,-0.21324834658035222,0.4516708317790271
-0.17531766389459041,-0.7385680142246394,-0.5008337433872178,0.5920525773940047,0.1408338797879631,0.262672927723215,0.5620737700323145,1.800232210163241,-0.001231575166590743,-0.004015065892649275,1.1250839714985699,-0.0814992921556054,-0.3302613221882097,0.6242875940150886,-0.7244784000649841,-0.08652306506143963,-0.513965821696171,-0.5384495588231739,-0.6129376860775806,1.1097508234593276,0.07748411032566932,0.29666793694289134,0.7315798842672466,-0.664141562425059,-0.2742318185046309,0.8530826725181258,0.5412365278686757,0.2816296105815343,1.0487607830999972,-0.5881345376597285,-0.49992736195990684,0.5619359543183886,-0.6355029096873922,0.9151009913392132,-0.022959218671230828,-0.23159409010947926,0.7815090011363354,-0.7621959455610691,-0.5813280197152002,-0.4314113978648617,-1.109384000769675,-1.0799868040457594,-0.11010300302814034,-0.7471701280305167,-0.09485852948257002,-0.15323967224759594,-0.9270231844117909,0.6398545614309271,0.6633954053678957,-1.0035115673171124,-0.9147684633746144,-0.3745663724705385,0.05426844800350795,-0.2395288775308959,0.06042957286733209,-0.45324432949295623
-0.46047145096559233,2.801117087781638,2.253799967553205,0.9758377974872275,-1.3328266510887525,-1.5397547713005217,-2.0599405746586585,-10.446969453378427,-1.6278343486977958,0.5112793713058916,-7.6039707755065935,-1.9695085481472807,1.9419064643450858,-3.772510107033367,5.338031497706461,-1.3877214789369388,3.3092584780015835,3.072144452289218,1.8665602514998145,-4.506565680159788,-1.919195642913976,1.796890340430494,-5.730547229080804,2.910649616897116,0.3388432077341974,-2.126723939897153,-2.0527341357713427,-2.8199132355794125,-4.356601408717321,3.147333836789032,-0.40686669742035264,-0.6355029096873922,7.349037893446748,-4.979215821051822,3.236538842271171,3.0804288377213256,-8.947661083978014,5.598052663358526,3.195904638168333,4.552509816281251,10.780199071362283,5.2305952908850175,-3.4490153780744834,0.84596156095371,0.7439200466861515,1.4467798730080599,8.108898593016258,-3.9079216270909516,-5.687211836435299,4.496954373468178,4.9306658595994435,2.755377769126246,-2.1972940297642323,-1.731106169952179,0.7434821373565548,2.372064433542143
0.4624259142927752,-2.6851171082806506,-1.7719719158232576,-0.22296390245868056,1.4812762995569495,1.4315739967698193,2.4777494493300947,9.279127353957419,0.2637855738232483,0.3747398157083534,6.506879631210238,1.306024024430432,-2.872180288740427,3.3649791834953313,-4.170750546248885,0.7575378938157794,-2.968646221879145,-2.7501121585988555,-2.0945815190243473,4.643048219402933,1.1963322787463089,-0.7433633619707148,4.83792123821508,-2.932903805829188,0.029740423904750766,1.7264451457290033,2.7128722694493583,1.5191061039629903,4.297121619444249,-3.4659245924205244,-0.5276867567204118,0.9151009913392132,-4.979215821051822,5.2167352894933705,-2.975640329332421,-1.759448743177028,7.975712630117024,-5.451864091426959,-3.060251653934535,-4.142186042583996,-9.279330567271733,-4.1186032808118425,2.2933591591190736,-1.7297246812801006,-0.4747968326570114,-1.4289927045381952,-7.30764444845317,3.371520998723082,4.950472895599164,-4.785372325034325,-3.618498961414299,-2.677047173965431,1.7550930882586215,1.4046122870130047,-0.9652155564076265,-2.1680800509613176
-0.5022152653393712,1.2968546562678203,0.9041364507895115,0.6776843798228966,-1.0382389046070761,-0.7504757222030785,-1.3242360361813654,-5.3543224690831694,-0.15205022278905664,-0.37695582361947505,-3.8706969513379437,-1.0718621392489405,1.634932144186181,-2.0833897694551653,2.562794190887478,-0.7831760515666812,1.8641879784745863,1.6735971078508367,0.9775808301473807,-2.480588895083386,-0.847934813231881,0.85685969602778,-3.0354250476442526,1.5710858169282442,-0.31726677950849325,-0.4046517768757771,-1.4067669569497412,-0.8336871261043954,-2.384617740104668,2.1997619354081475,-0.059803897244187006,-0.022959218671230828,3.236538842271171,-2.975640329332421,2.37320904598563,1.1634007969780649,-5.343791800342059,3.4910586647097954,1.734277851132862,2.7380073003655605,5.942850885094429,2.288031449663228,-1.723975174692508,0.5707929886692711,0.26368664881053316,1.070077738087179,4.75818569789162,-1.8851359479361234,-3.0059027192791143,2.7291718220285897,1.904634357908358,1.6399596729718287,-1.2482912444688627,-1.2410831198070542,0.7750223614159896,1.2350672183933176
-0.116977939037873,1.0872884648103822,0.9552958631646031,0.3636794485990094,-0.44849987850221085,-0.5702494895372467,-0.6968205693906376,-4.070521485570486,-0.8217380093365864,0.3440508716422166,-2.9762783844057608,-0.7816729446279405,0.47084998195710026,-1.4810767650423842,2.175627385860173,-0.602683314117025,1.2878174025022355,1.2131269968290346,0.6783524374546878,-1.6797944460467737,-0.8116328655465294,0.7691063091247581,-2.2494949138536517,1.0824691413315919,0.23684098868706036,-0.9359983618322812,-0.6194734550298211,-1.259886996392322,-1.6826839246378609,1.1121496550277366,-0.23976448246871834,-0.23159409010947926,3.0804288377213256,-1.759448743177028,1.1634007969780649,1.3601695431453518,-3.33578518612917,2.056291542767601,1.1928048546912766,1.6853002241383452,4.108103322142697,2.2154202866686017,-1.3512704010993604,0.22723405141852934,0.32184985227388174,0.5398579606747801,3.0616386375530027,-1.524152449871547,-2.1529555430447065,1.6310280055009052,2.096310818112847,0.996869752617002,-0.8310551435732942,-0.5906641631143854,0.18668687620325455,0.9219124802364596
