V1,V2,V3,V4,V5,V6,V7,V8,V9,V10,V11,V12,V13,V14,V15,V16,V17,V18,V19,V20,V21,V22,V23,V24,V25,V26,V27,V28,V29,V30,V31,V32,V33,V34,V35,V36,V37,V38,V39,V40,V41,V42,V43,V44,V45,V46,V47,V48,V49,V50,V51,V52,V53,V54,V55,V56
1.6923512255049626,-0.13664957611488474,0.4793522479356992,1.3037953395050574,0.405457537279324,0.7223908634037797,1.7249106750329504,1.8859312565320163,0.5435472801684756,0.7736976375115939,0.24327143183491104,-0.2228417485021272,-0.06553693119072987,0.35572241684294403,-0.3103260402013747,1.515964380660953,-0.610136955595001,-0.8095863381170684,-0.7070393143242578,-0.11223796596585775,-0.36360563008205987,-0.30921938162252494,0.2465158400474312,-0.36215548578428197,-0.5281824122238395,-0.867820096616115,-0.3811932609944952,1.5087755636796025,-0.2399747519059443,-0.08273597649346802,-0.2959137932313136,-0.5018145067398132,-0.3758178908035468,-0.10866073914071218,-0.8390979713669133,-1.7972252649193576,-0.20439204937103128,-0.5160903755024757,-0.46287063563805336,1.0071040734051122,-0.2650504450058609,-0.32348643473693445,0.5823759515421507,0.6512114891903089,-0.6900600352425978,2.3823393498952847,0.1450645724663212,1.8305296464878178,-1.1342669063566515,1.205762087954504,0.04041849152940731,1.4935060720810436,0.6798906485387587,-1.3212082109694203,-0.21307992868981573,0.14677424428719968
-0.13664957611488474,1.1381524817182773,-0.7744602092112917,0.5485164696703414,0.9364976981015893,0.3597218537124017,2.8566130011580917,-1.1319613887048214,-0.6503503976692541,0.37613296450432493,1.0133759778038955,1.3750078523713225,-0.29532777122193044,-0.5614986917588125,-0.39951761968653815,0.6781859960276598,-0.441963658479767,0.679493860459036,-0.833818251202345,-0.8344205780728067,-0.46850107914199246,-0.25049918455166303,0.8340066594093926,0.37746692447986163,-0.15905327191739588,1.234779132377091,0.4933334041190891,1.5206804118340556,0.17869942025633104,-1.3063168432640837,-1.2404833156490644,-0.24882637923257947,-0.9730100650325825,0.9292389258727266,0.06883655876734467,0.11625425160940583,0.2046561374205613,0.1675156964742067,-0.8535556833358221,0.7494860574389363,0.6586206048397413,0.37833834478754874,0.019735949422278198,-0.1417519204522545,-0.6498962356061242,0.19783218152330262,1.2654781992505857,0.7662087500057662,-0.1435278135906288,1.2631028295000544,0.03906491274980849,0.5713300068943642,-0.26547941993165836,1.0876723443174234,-0.6675659267110551,-1.331026837119467
0.4793522479356992,-0.7744602092112917,0.8473549083484088,0.1908434789555516,-0.464081680631628,-0.7283511482685066,-1.8841415152603345,1.141636315844013,0.30151057812343585,0.2020698593560927,-0.5804304161612095,-0.9522902207465734,0.7572722192177213,0.5514604853017192,0.7195295278957985,-0.8507189045148218,0.7609551865617703,-0.5369754767046825,0.5013697585725394,0.4994501493148911,-0.05842358951887114,-0.23533345552441953,-0.8153653682706581,-0.11939684880006632,0.14164665116239888,-0.7893208251729544,-0.415306966249646,-0.6857693210370845,0.3207311649099054,1.2327931896945774,0.6174071655076273,0.502367702749486,0.9545139763353381,-0.7676404255779286,-0.3705341369367579,-0.7631166109886157,0.21920370332601755,0.2773229975540932,0.8136812612704051,-0.10414345409675876,-0.8691789654836882,0.16180421247751275,-0.33970300435797623,0.33452725220888796,0.559911352555769,0.6386787509428902,-0.9515940137859734,-0.8240497115977058,-0.546603942156106,-0.7373356123450817,-0.4341263153856805,-0.48472083471267863,0.368278387163519,-1.5952647055054365,0.45339490853698095,1.636478709766538
1.3037953395050574,0.5485164696703414,0.1908434789555516,1.6726106771696956,0.9524692229027473,0.07309725438508671,2.6461535391927904,0.8603457504332992,-0.1993166068757148,1.1482965368881701,0.8280253023865434,0.6176154770113955,0.41717103974924746,0.08406203893018865,0.1005089454151776,0.8157427355765953,-0.08265533295355577,-0.1582015767913129,-0.9327262774705026,-0.6067242044078325,-0.8740274640170776,-0.7626532537902996,0.3306754784865622,0.15883213295217902,-0.3620947409517957,0.2515916112533889,-0.02637993594200451,2.0936448182175744,0.4544071983174229,-0.3940204354056104,-1.1074709197227848,-0.0501453873187756,-0.4261624909070288,0.31478791244959514,-0.801976208764835,-1.7277895468377185,0.4004942243636068,0.237333494541326,-0.4763925016476518,1.43002798548751,-0.25422095954845925,0.48928577319681094,-0.026874940306056572,0.5613753289549194,-0.6334185361187893,2.3348467192947195,0.681414683511118,1.1310444339697636,-1.4307442400606996,1.5335869928329962,-0.41267658604527035,1.0689944802650808,0.44707827276972234,-1.1061627052131464,-0.4833193582259667,0.1534919411968249
0.405457537279324,0.9364976981015893,-0.464081680631628,0.9524692229027473,0.9763384826649961,0.3653595642388332,2.914112254033502,-0.3691493126067581,-0.4755525750074219,0.6389388564033224,0.9564565071601143,1.1178693366051753,-0.12325338908728124,-0.34692049883881265,-0.3021777373510132,0.8767307756932989,-0.41900114227290675,0.35540400022231267,-0.8986503967611137,-0.7703848692459417,-0.5971598707501496,-0.42007542044258883,0.723025804424779,0.28420146375470723,-0.25572102722284723,0.850685837727621,0.31013305386243134,1.7914893616852854,0.20235129788505704,-1.042766235782139,-1.1992800683359053,-0.2651933574388904,-0.8646642727134921,0.7439009573016655,-0.24640097319511836,-0.5675804790384158,0.21673342311525332,0.12955912498505737,-0.791038432149554,1.0143205626031229,0.39208237293833265,0.34999785738362554,0.059134274303702355,0.13170976659943873,-0.6935067868643394,0.994334258729855,1.10049082111257,1.0588240968597324,-0.5824514837136103,1.4370611958433208,-0.06072269860510745,0.8524625680029958,-0.005510384291738883,0.35821536570986484,-0.6189738735017956,-0.9292342155165543
0.7223908634037797,0.3597218537124017,-0.7283511482685066,0.07309725438508671,0.3653595642388332,2.417299884158542,3.0386720487353913,0.5490004964124551,0.7322471415770986,-0.2987665047139272,0.38421450360645665,0.4150139376317836,-1.835488391420742,-0.3575599840710389,-1.8580615673568461,3.136568129292011,-2.235988286751777,-0.4023646228017127,-0.9897942543855031,-0.29444513884570916,0.4956576616413043,0.7377427678363563,1.3562239224918868,-0.636251519631407,-0.7690904433910923,-0.584870092226902,0.025283093574382267,1.3499251465526112,-1.4790062043524694,-1.678903134963314,-0.2006600972872783,-1.6425767500115775,-1.6848453505560954,0.6734589081528456,0.02585594435119263,0.03928505194147411,-1.192181472919523,-1.658866153396672,-1.5872686083528067,0.2931547199635279,1.2093263500428388,-1.3973633533297452,1.6415138897144017,-0.029940692023586603,-1.3972733145602618,0.5083856549289606,0.9683145517381527,3.2727873554629254,0.5330244634199922,1.5352779616826975,1.2473873010849004,2.220325090861757,0.1084427294709668,1.5311129487245232,-0.5301991354831147,-2.553467299362342
1.7249106750329504,2.8566130011580917,-1.8841415152603345,2.6461535391927904,2.914112254033502,3.0386720487353913,10.516114893034377,-0.607288067650252,-0.5963298561733822,1.4715616853847493,2.9607767023001044,3.393557983342697,-1.8969882263288766,-1.231783177885559,-2.3971772811920653,5.04520672299312,-3.0274568639898334,0.6480224953745307,-3.313636883288984,-2.3315199518155105,-1.1771609988100444,-0.4564141322455299,3.1054281387749016,0.18445790326506412,-1.3860846760877055,1.8284867586230262,0.8582095550102019,6.002097899533763,-0.6919570932536102,-4.2994067697083524,-3.441955174002854,-2.0832774128254,-3.7613253394760995,2.5933603202756363,-0.632636383109918,-1.4476929194133472,-0.41116040247677155,-1.0935249677449965,-3.491837849291957,2.9639559618188702,2.085357286385969,-0.2456002783203368,1.597123563226032,0.2706347668602944,-3.1286527464770333,3.117629915625657,3.818985059700141,5.632650135959642,-1.1078228087440427,5.207895101822013,0.8838584193613733,4.203868134028699,0.07319053875887858,2.2862469362791042,-2.14576391595501,-4.6614698003762545
1.8859312565320163,-1.1319613887048214,1.141636315844013,0.8603457504332992,-0.3691493126067581,0.5490004964124551,-0.607288067650252,2.9963597800897417,1.1394481878244103,0.44890388496421463,-0.6428656319376104,-1.424168647328083,0.10483451733150106,0.8375389956054583,-0.05988222959809341,1.1127453339972946,-0.35107698746356414,-1.460165635454517,-0.024341886627525927,0.6015547911432706,0.05998060414720236,-0.08253077946934648,-0.41396839955635256,-0.714363182669704,-0.4274389076968762,-2.016255654423826,-0.8213027496123125,0.2771066463085066,-0.48195704339574624,1.0030034969742039,0.7913007658108725,-0.3874656532633709,0.38770842468640493,-0.8975528236778765,-0.9292634137684703,-1.9739244788984336,-0.4533198897733626,-0.7431968785923625,0.19883663490494746,0.4019074201219991,-0.7944196234457678,-0.7279987414108503,0.6434033582703209,0.8200144883810477,-0.17980849310267905,2.306074012050496,-0.9286277730819874,1.3708693246963293,-1.0187963408741594,0.19732266548866792,0.06999832886387118,1.1398646794838356,0.9405003193373415,-2.245873784758703,0.3547913864996182,1.1881588226866602
0.5435472801684756,-0.6503503976692541,0.30151057812343585,-0.1993166068757148,-0.4755525750074219,0.7322471415770986,-0.5963298561733822,1.1394481878244103,0.822703333096313,-0.2931145171156381,-0.4947319325982137,-0.7973837773618504,-0.4877918235765682,0.29692061785500906,-0.45330803547014364,0.8719370835998514,-0.5909120006097588,-0.6784314729954283,0.10143005928522857,0.44783983525951765,0.4874370141077319,0.4489336290520743,-0.04462702324395593,-0.5556256015154993,-0.26880590148503086,-1.137187284926622,-0.3649954512618302,-0.36823700520276104,-0.682775940130788,0.22615676428328857,0.7302417056653023,-0.4688491500378693,0.015238892684343338,-0.3852634000140097,-0.12513707014916414,-0.23088279193426495,-0.5902716430478696,-0.8046126059441673,-0.05646937858647484,-0.31737441459416676,-0.037787064466077554,-0.8091252397904802,0.6833341536509034,0.12200996343705699,-0.1944591998138643,0.3166554997188361,-0.4862666585157081,0.8748465525129923,0.1877868005636612,-0.1517204403859034,0.426150021922118,0.6084007001024864,0.2941017058368082,-0.30655476528406106,0.23262931076187224,-0.006777825740198412
0.7736976375115939,0.37613296450432493,0.2020698593560927,1.1482965368881701,0.6389388564033224,-0.2987665047139272,1.4715616853847493,0.44890388496421463,-0.2931145171156381,0.8488411993855527,0.5502642285724338,0.4239972268375379,0.542937165168732,0.07953163885063536,0.3290952325427286,0.1147022047569755,0.2566929018787933,-0.019281377339137852,-0.521719929981964,-0.40897987617020093,-0.7034307244187195,-0.6523778656659106,0.06693614208829428,0.22549147458905197,-0.1247994339844034,0.31742872481171736,1.5280942459964899e-4,1.2938718954680768,0.5342687062571899,-0.07370183232653782,-0.7864246560022873,0.1902933435431241,-0.0964855479040232,0.1550055949766942,-0.542388019668173,-1.1754569511108224,0.4556903081234066,0.42191169940710693,-0.1295458584145463,0.9723717328841605,-0.31425684620287847,0.5567622718431523,-0.2691861419309613,0.3842081924087419,-0.24057195220041716,1.5115019327907337,0.3867067028911751,0.3223301552414109,-1.0637217477673653,0.8722773243719365,-0.4577653894836487,0.4145105363807146,0.2723384235232172,-0.9275248903624023,-0.2869399419189293,0.4135173936896554
0.24327143183491104,1.0133759778038955,-0.5804304161612095,0.8280253023865434,0.9564565071601143,0.38421450360645665,2.9607767023001044,-0.6428656319376104,-0.4947319325982137,0.5502642285724338,1.0059249794021423,1.2145316940523703,-0.19950828469779094,-0.41337765090788076,-0.35091782588717035,0.8558493822310671,-0.44823155902807643,0.47134796519671945,-0.9053807607247191,-0.7964703938540962,-0.5449167654222633,-0.3378513423751436,0.7773081727465627,0.28933305366901674,-0.25169662616055677,0.9824367501907967,0.3697078665631457,1.729611003467792,0.1861901709312181,-1.1712597616574985,-1.2330372962730634,-0.26624326474883714,-0.919806675391238,0.8204866701898436,-0.1401760307554204,-0.32984924416682965,0.2089444779641428,0.11168042087662582,-0.8307048473086076,0.9197969460084171,0.4929074847947307,0.33890119688138043,0.07739246683677437,0.020054276662169437,-0.7279595043058523,0.7472883562919866,1.178371888534094,1.0001687028285469,-0.4282476432837115,1.4147926564005244,-0.02016358299134542,0.7941137591549424,-0.0911656279369321,0.609951824636097,-0.6500844469159283,-1.0811754864430814
-0.2228417485021272,1.3750078523713225,-0.9522902207465734,0.6176154770113955,1.1178693366051753,0.4150139376317836,3.393557983342697,-1.424168647328083,-0.7973837773618504,0.4239972268375379,1.2145316940523703,1.6647783522072592,-0.3573525541604235,-0.6879210196602271,-0.4750773534983329,0.7751003689675287,-0.5172863032438186,0.8467006508323665,-0.9818531180411283,-1.0030485993430065,-0.5474253911575165,-0.28853614470166156,0.9994986552600986,0.4663295283808591,-0.17883640364772183,1.5159347569926431,0.6085712294810232,1.7850469116710581,0.22053699783603137,-1.575515239364582,-1.4837940521119672,-0.2851215504082498,-1.1613740960483403,1.127119867078555,0.10993753478174063,0.19776867379049623,0.2521455737995524,0.21618780196098625,-1.0156082960566737,0.8673270331050312,0.8037946886678664,0.4638003255945351,0.006687588632829475,-0.19139346981662997,-0.7654624026793577,0.16281675785791502,1.5199597592307157,0.8682449047056249,-0.13134009369645241,1.4866397262195346,0.046711583094516396,0.6456197392512002,-0.3422075452392754,1.356285222257703,-0.7953572750350701,-1.6140423717151544
-0.06553693119072987,-0.29532777122193044,0.7572722192177213,0.41717103974924746,-0.12325338908728124,-1.835488391420742,-1.8969882263288766,0.10483451733150106,-0.4877918235765682,0.542937165168732,-0.19950828469779094,-0.3573525541604235,1.565218888170952,0.3994171745859589,1.4883460995503992,-2.186848420189628,1.7191004484331436,0.11506345402376145,0.5722836789446403,0.17043055094096582,-0.5737694697644797,-0.7584454880671854,-1.0599606716718526,0.4578874448335823,0.47460057057761845,0.2855968558000205,-0.12011300698758816,-0.5782771986908547,1.2251124746842854,1.3627057264480718,0.01213993163665679,1.2568058940719444,1.3023269223550915,-0.5720778691630436,-0.30931509760445663,-0.6410779045413991,0.9860346081596517,1.2827651585864408,1.1802824003609127,0.13000478826131195,-1.1181585074364673,1.142932526072978,-1.2296173376520905,0.24039291467534057,0.9479538553805177,0.38524299532226686,-0.7354143241837376,-2.200299156366166,-0.8603629884721892,-0.8639705768147325,-1.081072771376217,-1.3932461870993162,0.12541552331011285,-1.7177632893242114,0.3591040263802978,2.2104284238474743
0.35572241684294403,-0.5614986917588125,0.5514604853017192,0.08406203893018865,-0.34692049883881265,-0.3575599840710389,-1.231783177885559,0.8375389956054583,0.29692061785500906,0.07953163885063536,-0.41337765090788076,-0.6879210196602271,0.3994171745859589,0.3799130435077068,0.3861774238391695,-0.40484479007071283,0.3904176051087115,-0.4101623958903947,0.3255312080241451,0.3636443824109343,0.031087946722061544,-0.0831336795244081,-0.5009863416474789,-0.14774070418600357,0.05006877900942452,-0.6269950864184112,-0.30049612062350894,-0.47069083336817125,0.10607609652703981,0.7810196293268172,0.4696718803171075,0.24712333245476928,0.5821567884179789,-0.5142190745196618,-0.23936629055457848,-0.49420083547115257,0.05938084875393679,0.06590247081262343,0.4931282984570687,-0.11507135702253586,-0.5324516963652245,-0.013408093850433822,-0.12415508980080914,0.21843498400480027,0.31093262136327754,0.42737951442284067,-0.641704805904127,-0.39105994785035136,-0.30072892345036795,-0.4656925442051448,-0.20908694466802985,-0.21904606406596464,0.25951099980045034,-1.0208454996135248,0.30919716038708694,0.9972726359079929
-0.3103260402013747,-0.39951761968653815,0.7195295278957985,0.1005089454151776,-0.3021777373510132,-1.8580615673568461,-2.3971772811920653,-0.05988222959809341,-0.45330803547014364,0.3290952325427286,-0.35091782588717035,-0.4750773534983329,1.4883460995503992,0.3861774238391695,1.4760505419351837,-2.339288849226382,1.7371260381410754,0.14593625187247677,0.7517913408101945,0.2840353229320488,-0.41582600101917416,-0.6207266942801697,-1.1177010778103618,0.42719009117039036,0.5474621351501794,0.23982804962975715,-0.11670499295100771,-0.9702786764624567,1.1382113192309218,1.438570356959482,0.21375520254307637,1.2631123084257003,1.3741128756927086,-0.6295701129185647,-0.1568381006330485,-0.3197484346299048,0.9113601959616474,1.2411669332856765,1.2710367355495131,-0.13901550202150637,-1.0655199583496864,1.0448723421909365,-1.2314067479623292,0.1368349107318939,1.0667252511928305,-0.05434494574633383,-0.8564100159462403,-2.4084551460418457,-0.5917466671490416,-1.1461655133010897,-1.0006514628647953,-1.597228285484343,0.03900339533840552,-1.5193187908940322,0.4471860192684062,2.1791288803520534
1.515964380660953,0.6781859960276598,-0.8507189045148218,0.8157427355765953,0.8767307756932989,3.136568129292011,5.04520672299312,1.1127453339972946,0.8719370835998514,0.1147022047569755,0.8558493822310671,0.7751003689675287,-2.186848420189628,-0.40484479007071283,-2.339288849226382,4.422871889584481,-2.922732540756818,-0.6030479792042368,-1.6647509518141248,-0.6339804177529851,0.2525804651088669,0.6107575554715583,1.9014691058635722,-0.7663502294342553,-1.144401054909665,-0.6718001617174819,0.0064444163822581545,2.6491544595539525,-1.727549741499791,-2.319552294036967,-0.7401284688683496,-2.1572872510863155,-2.376908280946941,0.9997827603797659,-0.31881076231983224,-0.7295884581809827,-1.3724440400165852,-2.04310510560724,-2.247540432286725,0.9924911363673337,1.4556995124679526,-1.6248275135616335,2.0974345129312515,0.22005466853734718,-2.0830456614846895,1.6902953923117539,1.5486084627696195,4.745011990964698,0.06407553368656292,2.663166438497784,1.4429485958641806,3.3365310762224385,0.33786109235585127,1.4426176379832218,-0.891976250291104,-3.2241768478295905
-0.610136955595001,-0.441963658479767,0.7609551865617703,-0.08265533295355577,-0.41900114227290675,-2.235988286751777,-3.0274568639898334,-0.35107698746356414,-0.5909120006097588,0.2566929018787933,-0.44823155902807643,-0.5172863032438186,1.7191004484331436,0.3904176051087115,1.7371260381410754,-2.922732540756818,2.088470187456905,0.28630011122715976,0.9670852912139193,0.34991098928816405,-0.4119944168532288,-0.6537382010111712,-1.332298954945459,0.5401649793339423,0.7022577597100952,0.3991548670399251,-0.07833369150156483,-1.3546417722809745,1.3457421888526993,1.6672318994030053,0.3035324547254083,1.5343165252908066,1.6517453996586868,-0.7150935626082363,-0.05387634271238793,-0.08535515242203724,1.0765237629474211,1.4960149361027892,1.5336551881130907,-0.31832019370365583,-1.1935187041813669,1.2537049210243274,-1.4905673993656918,0.0512480215492806,1.3301843118440606,-0.4261727452235153,-1.0199953453655581,-3.055325889038437,-0.5061712975910417,-1.5145792851067836,-1.1594646767670063,-2.061502412717544,-0.054177119617716735,-1.5380011671245548,0.5505654416788355,2.4942322536087027
-0.8095863381170684,0.679493860459036,-0.5369754767046825,-0.1582015767913129,0.35540400022231267,-0.4023646228017127,0.6480224953745307,-1.460165635454517,-0.6784314729954283,-0.019281377339137852,0.47134796519671945,0.8467006508323665,0.11506345402376145,-0.4101623958903947,0.14593625187247677,-0.6030479792042368,0.28630011122715976,0.7702465136256098,-0.10117915812054126,-0.4159286697814574,-0.21058171321189822,-0.1326021478621103,0.21011853556824156,0.4446260527585607,0.19816502264848274,1.1476551267166615,0.4329313617610764,0.16268370234973353,0.4147956942013005,-0.5170330814722524,-0.6079165306033625,0.28272051942673493,-0.19364784169042307,0.5031176625387072,0.34516723490864765,0.7283084825729146,0.3765849314182164,0.5263824447191289,-0.10888386434305979,0.027424665710169244,0.3122632910604101,0.5482685114153063,-0.43545910589946485,-0.32819677672577385,0.05173630567641671,-0.8245518192923865,0.5634822428895899,-0.6934898500685547,0.2582683500006694,0.0959849314183465,-0.17851063821436963,-0.5237510524691651,-0.424297438870793,0.91151159850209,-0.24332757982389258,-0.47310388401969944
-0.7070393143242578,-0.833818251202345,0.5013697585725394,-0.9327262774705026,-0.8986503967611137,-0.9897942543855031,-3.313636883288984,-0.024341886627525927,0.10143005928522857,-0.521719929981964,-0.9053807607247191,-0.9818531180411283,0.5722836789446403,0.3255312080241451,0.7517913408101945,-1.6647509518141248,0.9670852912139193,-0.10117915812054126,1.072019942394528,0.6998978582556016,0.38236509518883993,0.15565192496377056,-0.9418978369636345,-0.0052907974494382105,0.4790236354406068,-0.44288908354072937,-0.21014095742203287,-1.944906355540495,0.22941907880427292,1.2908791857596427,1.0495580757446812,0.6673013986215232,1.147437429683256,-0.7521278235313551,0.28077788908042284,0.616843356967079,0.1451308133221899,0.39286970613275524,1.0879382628421261,-0.98737848711591,-0.583073917288126,0.10618647189252425,-0.5544448934926355,-0.14072286242459253,1.012642448537203,-1.1890325688960028,-1.1434302209729121,-1.8693746043665196,0.45445873799719977,-1.6719183234753114,-0.2638257697915853,-1.4164257195585421,-0.10040387482674694,-0.5403309995674594,0.6617626133149511,1.3569372424549329
-0.11223796596585775,-0.8344205780728067,0.4994501493148911,-0.6067242044078325,-0.7703848692459417,-0.29444513884570916,-2.3315199518155105,0.6015547911432706,0.44783983525951765,-0.40897987617020093,-0.7964703938540962,-1.0030485993430065,0.17043055094096582,0.3636443824109343,0.2840353229320488,-0.6339804177529851,0.34991098928816405,-0.4159286697814574,0.6998978582556016,0.6466676249408438,0.4281095494262335,0.26827461607280395,-0.6294250339432095,-0.26320068460621543,0.17082241147299637,-0.8376294285142428,-0.32254240542466656,-1.3382617669851335,-0.15146287309997528,0.9490547410709816,0.9841381563757414,0.2089535520386692,0.742802616592073,-0.6752433256716578,0.07291114449696015,0.18540722470346208,-0.16876966290296438,-0.11600046285546503,0.6641063854252661,-0.7100075188754523,-0.42389601159770474,-0.28929044343280425,-0.03473980156860874,0.0038742355827458747,0.5470048908727128,-0.4866261179752319,-0.9545634126274738,-0.7423973444779436,0.29247033046457566,-1.093334585986878,0.007642628705609533,-0.579655307977977,0.10791317779175297,-0.57840967920822,0.5187847464540961,0.9117575230341872
-0.36360563008205987,-0.46850107914199246,-0.05842358951887114,-0.8740274640170776,-0.5971598707501496,0.4956576616413043,-1.1771609988100444,0.05998060414720236,0.4874370141077319,-0.7034307244187195,-0.5449167654222633,-0.5474253911575165,-0.5737694697644797,0.031087946722061544,-0.41582600101917416,0.2525804651088669,-0.4119944168532288,-0.21058171321189822,0.38236509518883993,0.4281095494262335,0.670238871810953,0.6238080365025359,-0.04195319688358114,-0.3474108030454581,-0.01644197622021686,-0.6002632566336981,-0.1145246705683997,-1.0121609471760808,-0.6213811580772045,0.09395088081384176,0.7936587753371189,-0.3100858407621409,0.05207753914034849,-0.22156498555136067,0.34243249614750115,0.7607152776697546,-0.5322628658208529,-0.5872453387551042,0.045600277138771114,-0.78646131428547,0.2268521899355202,-0.6726794496971292,0.4426962507528822,-0.23427859679899157,0.08299989175676487,-0.9583443937137842,-0.4198113915420407,0.10452310337068461,0.8244002078935639,-0.6439535944600795,0.47912215584795675,-0.05665950275200194,-0.09479081035900297,0.5922475983194508,0.27255249914883195,-0.3372797760999447
-0.30921938162252494,-0.25049918455166303,-0.23533345552441953,-0.7626532537902996,-0.42007542044258883,0.7377427678363563,-0.4564141322455299,-0.08253077946934648,0.4489336290520743,-0.6523778656659106,-0.3378513423751436,-0.28853614470166156,-0.7584454880671854,-0.0831336795244081,-0.6207266942801697,0.6107575554715583,-0.6537382010111712,-0.1326021478621103,0.15565192496377056,0.26827461607280395,0.6238080365025359,0.6409189128735089,0.19812515785162096,-0.3443609364337614,-0.10890693395443467,-0.4437551421396583,-0.037004967672081605,-0.6436526214877621,-0.6998968765374651,-0.25494942618705535,0.5632577848544803,-0.47312416591969547,-0.23758245824617483,-0.02007082631011802,0.3500737512981687,0.7752789974556972,-0.5861074483890423,-0.6932024960724121,-0.21810030932488597,-0.632860246489413,0.4226480212067786,-0.7174981116838057,0.5806551204543239,-0.26501232430334626,-0.14419677495372868,-0.8660542833851721,-0.1315933348122059,0.4896892267780212,0.8276529319876388,-0.30734981146022,0.5770044950998318,0.2162218600421611,-0.12458106476287929,0.8735161240396833,0.11389316830639855,-0.7392202213166653
0.2465158400474312,0.8340066594093926,-0.8153653682706581,0.3306754784865622,0.723025804424779,1.3562239224918868,3.1054281387749016,-0.41396839955635256,-0.04462702324395593,0.06693614208829428,0.7773081727465627,0.9994986552600986,-1.0599606716718526,-0.5009863416474789,-1.1177010778103618,1.9014691058635722,-1.332298954945459,0.21011853556824156,-0.9418978369636345,-0.6294250339432095,-0.04195319688358114,0.19812515785162096,1.1525038829820862,-0.08059200037083505,-0.4444192395742995,0.44648717396296184,0.3019806503546234,1.5234964911120275,-0.6178391926348475,-1.565568465387767,-0.8262204199659511,-0.94790093092871,-1.4006350174417421,0.8733684933427205,0.06640275827933996,0.09578766559360419,-0.4586201836676216,-0.6909342736164875,-1.2593630481300162,0.5674320734256657,0.9863318597614736,-0.4680369083962415,0.7809309650347338,-0.0933105439426043,-1.0411211158032954,0.3296436155784819,1.2183959422239132,2.0245265573835907,0.18971586590524397,1.4776245053945531,0.6366268751365572,1.38486826964315,-0.11595871025042809,1.3723135407593723,-0.6461294089131119,-2.027920143338846
-0.36215548578428197,0.37746692447986163,-0.11939684880006632,0.15883213295217902,0.28420146375470723,-0.636251519631407,0.18445790326506412,-0.714363182669704,-0.5556256015154993,0.22549147458905197,0.28933305366901674,0.4663295283808591,0.4578874448335823,-0.14774070418600357,0.42719009117039036,-0.7663502294342553,0.5401649793339423,0.4446260527585607,-0.0052907974494382105,-0.26320068460621543,-0.3474108030454581,-0.3443609364337614,-0.08059200037083505,0.39396743958858044,0.2077735550572715,0.7457274472287483,0.22198067545404626,0.16362992979132202,0.5508802306973124,-0.012357036927878777,-0.4486442809703639,0.4254985168233016,0.12956242069678853,0.18897580623741575,0.05122626093425278,0.09456435306543323,0.4696081955790039,0.6294542443678778,0.15432611567332127,0.19864076796365898,-0.08919478503547751,0.6234509476793597,-0.5470148372974498,-0.059490161506284424,0.2114688285983489,-0.1710683055389359,0.22450477956862325,-0.7792333409773067,-0.189031738982569,0.0022844015816679236,-0.37769239473961674,-0.5204907271896615,-0.17460722096638903,0.03605595224378642,-0.1034016306493907,0.2226986894380225
-0.5281824122238395,-0.15905327191739588,0.14164665116239888,-0.3620947409517957,-0.25572102722284723,-0.7690904433910923,-1.3860846760877055,-0.4274389076968762,-0.26880590148503086,-0.1247994339844034,-0.25169662616055677,-0.17883640364772183,0.47460057057761845,0.05006877900942452,0.5474621351501794,-1.144401054909665,0.7022577597100952,0.19816502264848274,0.4790236354406068,0.17082241147299637,-0.01644197622021686,-0.10890693395443467,-0.4444192395742995,0.2077735550572715,0.3407837366763945,0.2099584285340578,0.02923308750571886,-0.794084947108886,0.3763595548821199,0.5530303075639754,0.22547816205317042,0.502654866188863,0.551195280197276,-0.2280744200984713,0.1754684965135364,0.36671992087982846,0.2978145739173004,0.5015565886327936,0.5531236951733387,-0.34265966901734507,-0.27627386981680935,0.36269811413103736,-0.5332004838670052,-0.10681007311048171,0.5715019307592137,-0.676350256691646,-0.36935043088291664,-1.2357460514647023,0.12676925008649007,-0.7503009030634058,-0.29385219191578626,-0.9198460374901141,-0.1537223089628665,-0.17211020465762816,0.22790586226429743,0.6782252479913771
-0.867820096616115,1.234779132377091,-0.7893208251729544,0.2515916112533889,0.850685837727621,-0.584870092226902,1.8284867586230262,-2.016255654423826,-1.137187284926622,0.31742872481171736,0.9824367501907967,1.5159347569926431,0.2855968558000205,-0.6269950864184112,0.23982804962975715,-0.6718001617174819,0.3991548670399251,1.1476551267166615,-0.44288908354072937,-0.8376294285142428,-0.6002632566336981,-0.4437551421396583,0.44648717396296184,0.7457274472287483,0.2099584285340578,1.8649108394242453,0.6692714648905254,0.8964616734620467,0.7658260569929176,-0.936347493400557,-1.2875226586593396,0.39991050284689494,-0.45954198047811523,0.8853996856256409,0.30205466256575614,0.6185196939678803,0.6917875296926673,0.8851707676700443,-0.3324954170600772,0.48676371291899234,0.4320538160648359,0.9909327574723881,-0.6809419125366862,-0.33678982486842535,-0.10576667103249264,-0.5938337598622392,1.101838394341921,-0.7068772128606058,-0.02590135928418138,0.6225850231576637,-0.3830797525081539,-0.4842203039686792,-0.5308797649827686,1.1144148536851115,-0.5355652160282879,-0.7313440143122856
-0.3811932609944952,0.4933334041190891,-0.415306966249646,-0.02637993594200451,0.31013305386243134,0.025283093574382267,0.8582095550102019,-0.8213027496123125,-0.3649954512618302,1.5280942459964899e-4,0.3697078665631457,0.6085712294810232,-0.12011300698758816,-0.30049612062350894,-0.11670499295100771,0.0064444163822581545,-0.07833369150156483,0.4329313617610764,-0.21014095742203287,-0.32254240542466656,-0.1145246705683997,-0.037004967672081605,0.3019806503546234,0.22198067545404626,0.02923308750571886,0.6692714648905254,0.27726551976989133,0.3399522722873912,0.11025529246084542,-0.5298109789436231,-0.4495427440399407,-0.014360063505528434,-0.33388095394100703,0.4075250169866323,0.18902257012051402,0.39258877415298377,0.11635076408370344,0.1582830953326109,-0.2698951791050853,0.11260857187677172,0.32701638532150756,0.20955479351594763,-0.09448053157297098,-0.18227231982998554,-0.14280718682206822,-0.3732333794748952,0.493394023266177,-0.019826880681056334,0.1656549047909029,0.2945462982742502,0.014579981284950137,-0.03794383079870829,-0.23878785516659048,0.7103473448590149,-0.232367078723932,-0.589841753151858
1.5087755636796025,1.5206804118340556,-0.6857693210370845,2.0936448182175744,1.7914893616852854,1.3499251465526112,6.002097899533763,0.2771066463085066,-0.36823700520276104,1.2938718954680768,1.729611003467792,1.7850469116710581,-0.5782771986908547,-0.47069083336817125,-0.9702786764624567,2.6491544595539525,-1.3546417722809745,0.16268370234973353,-1.944906355540495,-1.3382617669851335,-1.0121609471760808,-0.6436526214877621,1.5234964911120275,0.16362992979132202,-0.794084947108886,0.8964616734620467,0.3399522722873912,3.7718930448564554,-0.053601559958524385,-2.0490230520006123,-2.0995873027771306,-0.9410933129512156,-1.8671790341627272,1.279564708296182,-0.738447892227956,-1.6390271739437183,0.038915432231353964,-0.3406217827966604,-1.7692975758762879,2.096978809982021,0.7493549724610619,0.15380359311921618,0.6702492413534269,0.4563503982911703,-1.6960019699358833,2.693690162837941,2.021814118722479,3.0933953360399746,-1.3051995355640376,3.1146321695721224,0.1552334720330636,2.425220642260212,0.29627420344119493,0.31572651751804887,-1.1940758748671687,-1.909912121259835
-0.2399747519059443,0.17869942025633104,0.3207311649099054,0.4544071983174229,0.20235129788505704,-1.4790062043524694,-0.6919570932536102,-0.48195704339574624,-0.682775940130788,0.5342687062571899,0.1861901709312181,0.22053699783603137,1.2251124746842854,0.10607609652703981,1.1382113192309218,-1.727549741499791,1.3457421888526993,0.4147956942013005,0.22941907880427292,-0.15146287309997528,-0.6213811580772045,-0.6998968765374651,-0.6178391926348475,0.5508802306973124,0.3763595548821199,0.7658260569929176,0.11025529246084542,-0.053601559958524385,1.1284669042611082,0.6773294449829673,-0.41901489381373014,1.0230566945552135,0.7876217100171572,-0.13556623025979417,-0.1712951650427456,-0.3515623053358302,0.9311296940430378,1.1855809652813654,0.7259398949836348,0.29969324163965605,-0.6918062580221254,1.1380759489272607,-1.0740148461305383,0.09215412180247447,0.6117807653154498,0.21253611411750348,-0.1759774342821465,-1.738307292915124,-0.6897989408772082,-0.367627980287963,-0.9115249342245854,-1.087739860700635,-0.04343138927388004,-0.9489765027575691,0.07827492472860405,1.3832323503846942
-0.08273597649346802,-1.3063168432640837,1.2327931896945774,-0.3940204354056104,-1.042766235782139,-1.678903134963314,-4.2994067697083524,1.0030034969742039,0.22615676428328857,-0.07370183232653782,-1.1712597616574985,-1.575515239364582,1.3627057264480718,0.7810196293268172,1.438570356959482,-2.319552294036967,1.6672318994030053,-0.5170330814722524,1.2908791857596427,0.9490547410709816,0.09395088081384176,-0.25494942618705535,-1.565568465387767,-0.012357036927878777,0.5530303075639754,-0.936347493400557,-0.5298109789436231,-2.0490230520006123,0.6773294449829673,2.235410054465753,1.2620687436574982,1.1405297130117447,1.8737996389048976,-1.299550359359177,-0.19076879133066585,-0.37132852119226634,0.48376685882648535,0.7694602950947517,1.6896042649813847,-0.739536473681186,-1.3766101585965722,0.4400304269982981,-0.925373760677235,0.24773561040555017,1.3790157124988613,-0.187174874615319,-1.759333595220018,-2.4358918525631768,-0.33584780677285453,-1.9635010922880158,-0.77077444714505,-1.6743159631538327,0.27587796915351637,-2.1010036275212904,0.9208480368954922,2.79102156277419
-0.2959137932313136,-1.2404833156490644,0.6174071655076273,-1.1074709197227848,-1.1992800683359053,-0.2006600972872783,-3.441955174002854,0.7913007658108725,0.7302417056653023,-0.7864246560022873,-1.2330372962730634,-1.4837940521119672,0.01213993163665679,0.4696718803171075,0.21375520254307637,-0.7401284688683496,0.3035324547254083,-0.6079165306033625,1.0495580757446812,0.9841381563757414,0.7936587753371189,0.5632577848544803,-0.8262204199659511,-0.4486442809703639,0.22547816205317042,-1.2875226586593396,-0.4495427440399407,-2.0995873027771306,-0.41901489381373014,1.2620687436574982,1.5607046532782147,0.1559495753482566,0.9769870387555905,-0.9475779360658222,0.22249654792027249,0.5210628099175831,-0.410347018663676,-0.3491186121804001,0.8726315143579119,-1.1976835024996406,-0.4606015964885171,-0.6056259120939828,0.10348254914474274,-0.07411750180265386,0.753733160087835,-0.993761485529118,-1.384715295373843,-0.9328197759516493,0.6810295874630921,-1.6537840382115898,0.18359106456744412,-0.7802974844262687,0.099107174222578,-0.5120251631929676,0.7715103240406103,1.0417032819966332
-0.5018145067398132,-0.24882637923257947,0.502367702749486,-0.0501453873187756,-0.2651933574388904,-1.6425767500115775,-2.0832774128254,-0.3874656532633709,-0.4688491500378693,0.1902933435431241,-0.26624326474883714,-0.2851215504082498,1.2568058940719444,0.24712333245476928,1.2631123084257003,-2.1572872510863155,1.5343165252908066,0.28272051942673493,0.6673013986215232,0.2089535520386692,-0.3100858407621409,-0.47312416591969547,-0.94790093092871,0.4254985168233016,0.502654866188863,0.39991050284689494,-0.014360063505528434,-0.9410933129512156,1.0230566945552135,1.1405297130117447,0.1559495753482566,1.1482467337991618,1.1887073937087733,-0.46507262589040194,-0.018126367939550997,-0.002408431065329573,0.8224716486723679,1.1226288625248328,1.0933674230665733,-0.22121958543751397,-0.84681435540596,0.969388388343146,-1.1022132762118286,-3.433966100154302e-4,0.9424088770437431,-0.3524980604556093,-0.6866873732775131,-2.2706414772318273,-0.35225362980114266,-1.071580113924833,-0.8686623598999111,-1.517743479875146,-0.07019898319182151,-1.0296620374441128,0.3738567723982116,1.7722792152505953
-0.3758178908035468,-0.9730100650325825,0.9545139763353381,-0.4261624909070288,-0.8646642727134921,-1.6848453505560954,-3.7613253394760995,0.38770842468640493,0.015238892684343338,-0.0964855479040232,-0.919806675391238,-1.1613740960483403,1.3023269223550915,0.5821567884179789,1.3741128756927086,-2.376908280946941,1.6517453996586868,-0.19364784169042307,1.147437429683256,0.742802616592073,0.05207753914034849,-0.23758245824617483,-1.4006350174417421,0.12956242069678853,0.551195280197276,-0.45954198047811523,-0.33388095394100703,-1.8671790341627272,0.7876217100171572,1.8737996389048976,0.9769870387555905,1.1887073937087733,1.7120925605870836,-1.0303732973422506,-0.051175865554384546,-0.04622646270717766,0.5898563017835453,0.8803625029157522,1.5366017253651538,-0.7080195561264123,-1.186981437652838,0.6151882624924256,-0.9825487051901648,0.08088434726516969,1.2747161986888782,-0.47875676828386726,-1.459272613756637,-2.5441247452288436,-0.1980365554268252,-1.812943827965768,-0.7951145029931033,-1.736777772719246,0.10805155070906294,-1.597136587230787,0.7799348668767822,2.449054890294593
-0.10866073914071218,0.9292389258727266,-0.7676404255779286,0.31478791244959514,0.7439009573016655,0.6734589081528456,2.5933603202756363,-0.8975528236778765,-0.3852634000140097,0.1550055949766942,0.8204866701898436,1.127119867078555,-0.5720778691630436,-0.5142190745196618,-0.6295701129185647,0.9997827603797659,-0.7150935626082363,0.5031176625387072,-0.7521278235313551,-0.6752433256716578,-0.22156498555136067,-0.02007082631011802,0.8733684933427205,0.18897580623741575,-0.2280744200984713,0.8853996856256409,0.4075250169866323,1.279564708296182,-0.13556623025979417,-1.299550359359177,-0.9475779360658222,-0.46507262589040194,-1.0303732973422506,0.8437754026502123,0.12571164478879668,0.23546371105819672,-0.058833451132392994,-0.15133061546460713,-0.9077868752535289,0.5282726903226147,0.7536809889904337,0.031231128843278846,0.27763779852615766,-0.1618853064173483,-0.7088553361041687,0.05547902947240167,1.127766309233615,1.0635601292884262,0.09639107843852891,1.1560389579158203,0.26851352177080684,0.7397046619022022,-0.236282822576319,1.2098241483491103,-0.5820772772006559,-1.5097625819750837
-0.8390979713669133,0.06883655876734467,-0.3705341369367579,-0.801976208764835,-0.24640097319511836,0.02585594435119263,-0.632636383109918,-0.9292634137684703,-0.12513707014916414,-0.542388019668173,-0.1401760307554204,0.10993753478174063,-0.30931509760445663,-0.23936629055457848,-0.1568381006330485,-0.31881076231983224,-0.05387634271238793,0.34516723490864765,0.28077788908042284,0.07291114449696015,0.34243249614750115,0.3500737512981687,0.06640275827933996,0.05122626093425278,0.1754684965135364,0.30205466256575614,0.18902257012051402,-0.738447892227956,-0.1712951650427456,-0.19076879133066585,0.22249654792027249,-0.018126367939550997,-0.051175865554384546,0.12571164478879668,0.5014811891731599,1.0705977217542542,-0.1369323809343691,-0.044753022880686916,0.018721729157052735,-0.5935656285094844,0.35573674391515675,-0.1249807023760591,-0.013486140044541572,-0.386711445112652,0.17625829814766975,-1.330766133944596,0.021193269258969576,-0.4790047565802987,0.7878452863653217,-0.5003484029761015,0.22949621695245487,-0.4856971253798863,-0.36258618139833915,1.006476405960991,0.062086369463088924,-0.500448556481849
-1.7972252649193576,0.11625425160940583,-0.7631166109886157,-1.7277895468377185,-0.5675804790384158,0.03928505194147411,-1.4476929194133472,-1.9739244788984336,-0.23088279193426495,-1.1754569511108224,-0.32984924416682965,0.19776867379049623,-0.6410779045413991,-0.49420083547115257,-0.3197484346299048,-0.7295884581809827,-0.08535515242203724,0.7283084825729146,0.616843356967079,0.18540722470346208,0.7607152776697546,0.7752789974556972,0.09578766559360419,0.09456435306543323,0.36671992087982846,0.6185196939678803,0.39258877415298377,-1.6390271739437183,-0.3515623053358302,-0.37132852119226634,0.5210628099175831,-0.002408431065329573,-0.04622646270717766,0.23546371105819672,1.0705977217542542,2.308143697755383,-0.2851677887830356,-0.10042590701254786,0.07684793398410099,-1.3038417146069123,0.7209387647176733,-0.2564460138844946,-0.02084020169169194,-0.8421819243514832,0.3917697365711979,-2.8585833701514463,-0.01010851764999939,-1.0894498723634083,1.6916270479059923,-1.1293825519866765,0.4700362747381796,-1.0674599328178072,-0.7658107865588908,2.1304049104555234,0.1585761624994051,-0.9984135071035457
