V1,V2,V3,V4,V5,V6,V7,V8,V9,V10,V11,V12,V13,V14,V15,V16,V17,V18,V19,V20,V21,V22,V23,V24,V25,V26,V27,V28,V29,V30,V31,V32,V33,V34,V35,V36,V37,V38,V39,V40,V41,V42,V43,V44,V45,V46,V47,V48,V49,V50,V51,V52,V53,V54,V55,V56
0.5268719552102852,-0.04102877510560957,0.23870974927215022,0.8060680447667263,0.04253668379660452,-0.4119756260244666,0.4460318518519748,-0.21173307386283144,-0.3755147843376133,-0.14608213851317953,1.0714746048742172,-0.013875245103232032,0.05633301094523902,0.8087818739559767,-0.5723570352361684,0.623236839086985,-0.7637198008017687,-0.009420936429766009,-0.7014907188794504,0.23196516456660335,0.5478842481973654,-0.022773135369028884,-0.15090854203402299,0.4033361588217613,-0.31007803261890426,-0.6599344606486643,-0.21122652189971058,0.68063616533614,0.434232028013982,-0.3939372541299141,0.5955972127562921,1.0582180398459324,0.14430684260411902,-1.1128995739713614,-0.36207807671528053,-0.43892040973041296,1.1326871120188389,-1.5350179603033927,-1.7392609975667126,0.12353288030091102,-1.337384941122256,-0.7069108292688551,0.3344907618959005,-0.21413882075177532,1.0108712527726036,0.04350523973755597,-0.17256871637271362,-0.8812878398569289,-0.3071366497950061,0.7364621674113362,-0.9968548790335644,-0.4554550077719748,0.33179987067717936,-0.2885382470465873,0.24474428864268458,-0.4382928242666934
-0.04102877510560957,1.2713069186356467,0.9855164336720985,0.2609152671845897,-0.6461847549820133,-0.7337299590513437,-0.9884460384367377,-4.514660293060567,-0.3774861111266095,-0.09753510840922237,-2.901060705243991,-0.6449110555470239,1.0700796034618518,-1.4755945626075058,1.9875657917605953,-0.3100919872820982,1.2772852512785038,1.355251859145573,0.8005538074461089,-2.1138692511312605,-0.5134338194582903,0.417659786073165,-2.3872554302672366,1.4495171309777517,0.006151891961974831,-1.05994585636105,-1.151673942617633,-0.7154146543370826,-1.9809354356378197,1.501178389658489,0.3176598524668576,-0.15665800146458408,2.6450024502478673,-2.563159588233845,1.28725337524735,0.9072606749488288,-3.4482567369663872,2.1713826515959105,1.0236980584909594,1.9373175604399273,4.063465555233075,2.0312166979611064,-1.006103432389954,0.6816523914537014,0.4850165779145909,0.7018509951534484,3.402606623939836,-1.8055316691925913,-2.3628729914985436,2.367863023336257,1.6872032820320422,1.1046709480676464,-0.7362714180544244,-0.6496413879380837,0.41794718333892683,0.9463927068714628
0.23870974927215022,0.9855164336720985,0.9065024291301269,0.6277119270088082,-0.4951605214497418,-0.7938343733891683,-0.5536889647236253,-3.6971105573128105,-0.4909193915152882,-0.15837361541514344,-1.7502448285169938,-0.5214358829726955,0.8735059610248926,-0.7580689730505318,1.2853252650002225,0.07054413963707276,0.6231844177205013,1.0752720051022915,0.2699972780968163,-1.5584075977433232,-0.12543066370737724,0.32217020287860454,-1.9790134386292602,1.3588862919627367,-0.16060198063958359,-1.1758015428444712,-1.0200421740845649,-0.21157205579297542,-1.3511384843538663,0.9950332459288295,0.5595231627690098,0.432165022154966,2.178023763821995,-2.6104062338899774,0.8456108478911741,0.49468847758043955,-2.1606886938657572,0.935233281475139,-0.08973399322475373,1.6069855137672706,2.5385675577185873,1.251266589354929,-0.6247752568469939,0.427205397593931,0.9088131816905358,0.5857333514308486,2.6205321486001982,-1.8876262361046976,-2.0336440094239703,2.265107239804716,0.8210529485341422,0.6410900065422349,-0.4131996841012752,-0.667835821112782,0.46037042405638406,0.5252875030636183
0.8060680447667263,0.2609152671845897,0.6277119270088082,1.3278685743171597,-0.10912378072075898,-0.8277930533970289,0.43779693733455677,-1.5046936777004685,-0.6760425899373268,-0.26201671434485985,0.911747800247921,-0.19251276790869293,0.35484063357897255,0.8657531693416309,-0.3687425917797706,0.8784088915030133,-0.8489671370562932,0.3437280443546827,-0.888134824031808,-0.1870065632955691,0.7160357317210297,0.07645829610277957,-0.8639691230782004,1.001028071788006,-0.49026205579632715,-1.2876378501104493,-0.6201894052678667,0.8812712518188203,0.15719295722476823,-0.21099453521050326,1.0065079557466001,1.6210949299910777,0.9152683473691953,-2.393208514407133,-0.20889131617374118,-0.4445574209012817,0.8507129574701833,-1.8143871899370088,-2.4443161647801617,0.7034932050178206,-1.0184355081532448,-0.5650863878809808,0.2610969807353699,-0.16229560374400642,1.698754739217669,0.25957961886719044,0.6274450924643166,-1.8339508544820713,-1.0873391909976,1.7658538648700284,-1.1183788893410893,-0.42278405084452536,0.32501748866377855,-0.6221384955376664,0.4919079659775436,-0.43511769658011346
0.04253668379660452,-0.6461847549820133,-0.4951605214497418,-0.10912378072075898,0.33836737613284396,0.3556413761418849,0.5203706131245461,2.302663823594804,0.1737421904080438,0.05403276645708524,1.5226550311287839,0.33290520444929406,-0.5357771727732122,0.791814812880059,-1.0418208322188138,0.1910797913679524,-0.6876414049322807,-0.6998089579790083,-0.4300981291220571,1.0883619526217068,0.28394520866540895,-0.21868865375228183,1.2222336647735554,-0.7246109327046938,-0.0063588129125682945,0.5043654677136896,0.5742818940922316,0.38333457981329877,1.033761132597422,-0.7931747508104311,-0.13902077600640664,0.103384097622903,-1.3515456959343197,1.2672230765812975,-0.688985059244374,-0.481626736222546,1.8169981839477158,-1.1750809738849008,-0.5826253920754679,-0.9926159120913691,-2.1311379175766385,-1.070659120586024,0.5240200837613123,-0.3505851253064073,-0.21151439854075132,-0.36793975897627273,-1.759017001648418,0.8871245922389746,1.1931255622098786,-1.1892478506188104,-0.8939758604851468,-0.5808460353029271,0.38923385129271065,0.3256444859464316,-0.2082293508162046,-0.5004335104405832
-0.4119756260244666,-0.7337299590513437,-0.7938343733891683,-0.8277930533970289,0.3556413761418849,0.7874850071139162,0.22781110604330856,2.9018318521514503,0.539201775816778,0.17805867945541662,0.8642782850525335,0.39953277285685074,-0.6912730255899411,0.21989195462626016,-0.7251088750054756,-0.3301011408517328,-0.1371210307939545,-0.8087013385907871,0.09848685092421118,1.082809909847438,-0.14214577158688121,-0.2307055961238449,1.5692007874262952,-1.2078789473082603,0.2551790608465999,1.188595436136574,0.8699877775889299,-0.13377307786356138,0.8312650806734744,-0.5784960464690218,-0.6849205969813323,-0.7821168671710385,-1.7141613048495334,2.469740014843293,-0.4779963852171415,-0.18484074081385854,1.1453933812259192,-0.035746786097319294,0.8259275181834455,-1.2740134669954508,-1.3454584226176862,-0.639575462668269,0.331508303930621,-0.233611709957087,-1.1317603878911957,-0.45565943198169956,-1.9064771795030078,1.8176988574437725,1.6809903837041336,-2.0390580688146582,-0.19001794126595378,-0.2870296370628279,0.16706801688682746,0.63214349419241,-0.45293675779931325,-0.20812435967906648
0.4460318518519748,-0.9884460384367377,-0.5536889647236253,0.43779693733455677,0.5203706131245461,0.22781110604330856,1.0950978097469213,3.2305805727330883,-0.01222518392309087,-0.04131964335818146,3.0270666546218146,0.4743690313514158,-0.7597562633922912,1.7477090915832814,-1.9466658263668581,0.7249656550052525,-1.5630272440237343,-1.0273931035975792,-1.1543944703231452,1.7729652809997962,0.8183614724765911,-0.332130163917453,1.6785482644432517,-0.7725790495003331,-0.24785017856720626,0.2769901149737409,0.6994701573367564,1.073599272093472,1.832017759756033,-1.4405509497132187,0.2302812711568117,0.9501234239819373,-1.8764936374274928,1.0519336090138276,-1.255330392325501,-1.0287311235803898,3.4883325926189626,-2.8430160297215754,-2.139444430189766,-1.3613473673968994,-4.11144974392057,-2.085575916968478,1.020636745223958,-0.6809963029608607,0.4309857353743616,-0.49396209879603636,-2.6964109189787564,0.6635411500699432,1.535652673898478,-1.2018693896430193,-2.05386901499018,-1.1893313626926378,0.8149156397853209,0.2620471166347,-0.12153661261283884,-1.0574316497101546
-0.21173307386283144,-4.514660293060567,-3.6971105573128105,-1.5046936777004685,2.302663823594804,2.9018318521514503,3.2305805727330883,16.33487407340565,1.5986053383651886,0.47601002234711987,9.657713594524898,2.3316012952269296,-3.8519932772145595,4.749193679449443,-6.740874061312562,0.7061201548283081,-4.067930591444042,-4.869465729229774,-2.371764142423954,7.415170112652389,1.463473085139157,-1.4945018432342125,8.678274165170357,-5.471777588474913,0.21200497794793652,4.220800649664408,4.25677890623494,2.0761118239386644,6.816227357082565,-5.138330368820769,-1.5473965151386762,-0.21095051067014778,-9.594258074724333,9.952255988204,-4.407704594224441,-2.9523709695702673,11.607496156950896,-6.745218603518259,-2.4564690886165046,-7.045587598430295,-13.65176260220063,-6.808675191847224,3.3678999563855934,-2.280679149178112,-2.4389471600889516,-2.5763001620937205,-12.114346108392438,7.074123539700222,8.672870021764247,-9.012216417334129,-5.346717244474588,-3.644075674436046,2.4128132146004324,2.5383106210770485,-1.677855702166919,-3.090703270450615
-0.3755147843376133,-0.3774861111266095,-0.4909193915152882,-0.6760425899373268,0.1737421904080438,0.539201775816778,-0.01222518392309087,1.5986053383651886,0.398623624382154,0.1364639767518149,0.13806758096773966,0.21543643563506293,-0.38570852560131674,-0.12583415303561046,-0.2125922474169599,-0.3623764811343118,0.15592579546204316,-0.4246222189013876,0.2596326150731491,0.5050268606901986,-0.23968082685896155,-0.11553344841843924,0.8726688026569186,-0.7607674303577192,0.22458675882083218,0.8281951908424884,0.5254095508467768,-0.27103946942735413,0.3119735354362289,-0.18691291098302518,-0.5405738984537933,-0.7256318785201407,-0.95059372757693394,1.6395992413443732,-0.1406634002737555,0.03368929538839915,0.2649969259246418,0.4387684569409626,0.9529861201273371,-0.7087771492082355,-0.31272284382878013,-0.12701899529198765,0.07584026432311188,-0.061535870427796326,-0.8995382138024658,-0.2536196004322921,-0.957175806004317,1.2270869453437259,0.9824502229583555,-1.2980179017448432,0.19385940844010502,-0.01774511344472243,-0.009301397425312224,0.41925200154663167,-0.3129569609424928,0.020484681115363657
-0.14608213851317953,-0.09753510840922237,-0.15837361541514344,-0.26201671434485985,0.05403276645708524,0.17805867945541662,-0.04131964335818146,0.47601002234711987,0.1364639767518149,0.06501121710963734,-0.04612850484623501,0.0688330274256355,-0.103967399569279,-0.08915169155127767,-0.021981193813364778,-0.13956271608870385,0.09544176353343548,-0.13092067856335363,0.13587344414135474,0.12593162469345312,-0.11206551709451627,-0.03934994586698759,0.26817856486623914,-0.24868463343064073,0.09768238133881464,0.2698141071488525,0.15844902903398056,-0.13969069725191655,0.06609992645592463,-0.03822683039756471,-0.20014191787876617,-0.3120163538040023,-0.29137702965589957,0.5537261966159844,-0.03379262395774616,0.04309280516085502,7.733045858223931e-5,0.23282584356583835,0.4139052818364928,-0.21922129976952345,0.01121307052621131,0.010717900051804046,-0.009651170897241807,0.0065334359073192265,-0.3369549956078257,-0.09400463338978474,-0.28168637092382376,0.4185151428544388,0.3004892428068155,-0.4377249382179071,0.13895945269432428,0.029446479154592153,-0.025735903452488232,0.14731479333470715,-0.11568673871335705,0.039990246447534475
1.0714746048742172,-2.901060705243991,-1.7502448285169938,0.911747800247921,1.5226550311287839,0.8642782850525335,3.0270666546218146,9.657713594524898,0.13806758096773966,-0.04612850484623501,8.447009701927605,1.4129008491379131,-2.2693134565921884,4.7921376459323275,-5.490825556306517,1.8561688897791877,-4.266985051649257,-3.0398430961083425,-3.0800152103657714,5.135033108830403,2.1611333476596615,-0.9760686063390769,5.0395170595099295,-2.4762402654059796,-0.5825820204224096,1.1224447850360537,2.165016984381197,2.850261013008216,5.219871304139263,-4.082716058962034,0.3998865917345933,2.299847448663047,-5.623500459153415,3.6372407722907356,-3.5522509548281063,-2.8359535010832286,9.78925285335465,-7.690631254951207,-5.504408174303269,-4.0884019070272055,-11.531741623143938,-5.839299494495752,2.8585842536104837,-1.9098177813976422,0.7967504804826883,-1.4910228048394776,-7.905791783807483,2.379378085990289,4.685809488918721,-3.9078697576579704,-5.602183609621725,-3.303598245092876,2.2554796815427367,0.9137899671522368,-0.4788762104683377,-2.920973996510743
-0.013875245103232032,-0.6449110555470239,-0.5214358829726955,-0.19251276790869293,0.33290520444929406,0.39953277285685074,0.4743690313514158,2.3316012952269296,0.21543643563506293,0.0688330274256355,1.4129008491379131,0.3355014654542884,-0.5465951006403146,0.7068317309712466,-0.9835157772421393,0.12373945853024725,-0.6077953736190863,-0.70071925021315,-0.3581879694212252,1.0681354898439155,0.22488056118566688,-0.21779094626329826,1.238597687175305,-0.7713139632350149,0.023450532667677323,0.578111225684742,0.600344795805949,0.3149486625775084,0.9929468712018873,-0.7521538596843392,-0.20359070846793756,-0.005676014545233944,-1.371797224877597,1.3904456750672838,-0.6479486786253081,-0.4354988682242099,1.6978514100983881,-1.0154765337797484,-0.40212951200286357,-1.0060497682273333,-1.994140757685244,-0.9980308362673366,0.48986890827026724,-0.3305242451790661,-0.3189011190692757,-0.3741597389335132,-1.7466072972419506,0.9864869184528205,1.2305293121384724,-1.270744929294023,-0.7935983540041036,-0.5359490832478467,0.3566798842841014,0.3559350007230576,-0.2356518645640018,-0.45529996707054105
0.05633301094523902,1.0700796034618518,0.8735059610248926,0.35484063357897255,-0.5357771727732122,-0.6912730255899411,-0.7597562633922912,-3.8519932772145595,-0.38570852560131674,-0.103967399569279,-2.2693134565921884,-0.5465951006403146,0.9192309787961064,-1.1060281505081173,1.580824329068538,-0.15180069982511565,0.9470110392852766,1.1421202250640705,0.5593503393972543,-1.7485545281557633,-0.3389249689026892,0.34860995526176447,-2.0395762890616327,1.296009161620546,-0.043186376566106105,-1.0141689765396864,-1.0129488791181662,-0.4927599362030427,-1.600622659847942,1.1975460481933786,0.3713590803264762,0.04166335584893203,2.260084693560269,-2.358613136224275,1.0180415598746164,0.6909573944925849,-2.715263728256487,1.5710427748640707,0.5715999817881517,1.6551468456442298,3.204746414032904,1.5942289130754064,-0.7941781210588222,0.5425271149849371,0.5820545061204243,0.5980527768536638,2.8438763449113353,-1.680117133642017,-2.0519516460060667,2.1257242430079955,1.259710767903058,0.8574685935665782,-0.5666735453918816,-0.5963771764687168,0.3946436252983712,0.7251066210800791
0.8087818739559767,-1.4755945626075058,-0.7580689730505318,0.8657531693416309,0.791814812880059,0.21989195462626016,1.7477090915832814,4.749193679449443,-0.12583415303561046,-0.08915169155127767,4.7921376459323275,0.7068317309712466,-1.1060281505081173,2.828008405551278,-3.055854146920144,1.2580319904388362,-2.539645631929554,-1.5389934078960796,-1.9023907863509044,2.699898311106887,1.3656166091607045,-0.5066941843846682,2.460980348563959,-1.039027446603738,-0.4455242872472041,0.21722502510407066,0.9763551329468967,1.774532873395011,2.8520352578374406,-2.262366591294933,0.5054541917640852,1.6834852107184737,-2.7584741970850373,1.2598229795279676,-1.983517894255996,-1.6500518581917154,5.50669943585006,-4.656614594759884,-3.650787590376042,-1.9967094680696302,-6.482082760029218,-3.300888698357689,1.6045456121825612,-1.0651799414930763,0.9155686988368669,-0.737590480759171,-4.074887490254532,0.7462639583287836,2.1969251105367293,-1.5945978288522635,-3.3214266854260455,-1.8940388004304856,1.304767657435725,0.31515560071071935,-0.12005959792843414,-1.691982057099302
-0.5723570352361684,1.9875657917605953,1.2853252650002225,-0.3687425917797706,-1.0418208322188138,-0.7251088750054756,-1.9466658263668581,-6.740874061312562,-0.2125922474169599,-0.021981193813364778,-5.490825556306517,-0.9835157772421393,1.580824329068538,-3.055854146920144,3.6124687019265735,-1.0884645096818424,2.7070229369545653,2.101950754099472,1.8995453401791806,-3.4729490700572527,-1.3167555722485973,0.6710004405258689,-3.532927771140744,1.8399950264364238,0.2987672348091335,-0.9782593782170672,-1.5595178777397982,-1.7465888692898128,-3.4721753538747797,2.7015464722528506,-0.08560152261523805,-1.2389948229291645,3.935267150109166,-2.8688067315154955,2.348099952498215,1.8187177468456217,-6.40529777616414,4.826640404500721,3.242265058701899,2.8671608528914563,7.539281518808437,3.8111488717286965,-1.8649898350210243,1.2472075034657049,-0.22585021368616254,1.0528192765169602,5.416692388425409,-1.9260689493362166,-3.3335542534545546,2.940254787268245,3.547903794824325,2.1367671428859447,-1.4532231740402788,-0.726097480178111,0.4128146025822287,1.8773730937843869
0.623236839086985,-0.3100919872820982,0.07054413963707276,0.8784088915030133,0.1910797913679524,-0.3301011408517328,0.7249656550052525,0.7061201548283081,-0.3623764811343118,-0.13956271608870385,1.8561688897791877,0.12373945853024725,-0.15180069982511565,1.2580319904388362,-1.0884645096818424,0.7995237944588807,-1.1635680843884562,-0.30331558179863644,-0.9794942743313781,0.7143645059160468,0.7452831752285483,-0.11992109645194313,0.3325396669021175,0.1644677162650264,-0.3550763097399635,-0.5573726655028266,-0.009533061875909753,0.9359152995605761,0.9288281564793537,-0.7853054305752034,0.626567944057043,1.2481898007920238,-0.39455269177199587,-0.7560330108604669,-0.7077811713633906,-0.702500203739096,2.053440327396467,-2.2510312611381473,-2.2345005517762435,-0.2695162594760115,-2.414193040435026,-1.2558068787030194,0.5977951185400909,-0.38718185470967603,1.072917677888472,-0.10940165553259748,-0.9317447728100667,-0.6465118691308561,0.13692855063094644,0.3519392087270731,-1.5104674266015794,-0.7623430070441198,0.5424818239517873,-0.19516892546484177,0.1921807294875236,-0.7093622664877074
-0.7637198008017687,1.2772852512785038,0.6231844177205013,-0.8489671370562932,-0.6876414049322807,-0.1371210307939545,-1.5630272440237343,-4.067930591444042,0.15592579546204316,0.09544176353343548,-4.266985051649257,-0.6077953736190863,0.9470110392852766,-2.539645631929554,2.7070229369545653,-1.1635680843884562,2.286251381187683,1.3283094419552963,1.7288081751848758,-2.3572950521107128,-1.2461222247994292,0.440402343161429,-2.10207994472183,0.845415231198065,0.42389944292433684,-0.1041287920219359,-0.8150380575576271,-1.6167269647285167,-2.5144061059562053,2.000440752661439,-0.5105953872431994,-1.5850538838981347,2.3605589220953553,-0.9463810705849933,1.7549362639645023,1.4780093400839647,-4.890274595257217,4.208742377658288,3.3679662209469328,1.7054186507593938,5.757402448987074,2.9353881961315507,-1.425863841441605,0.9455758335694336,-0.9170399415366849,0.6311401570012873,3.535968431709999,-0.5327791214425293,-1.855440982421371,1.2818956675830997,2.9902800445906057,1.690563078874677,-1.1672150061406694,-0.23512500573261885,0.07286014211741747,1.5143277842001137
-0.009420936429766009,1.355251859145573,1.0752720051022915,0.3437280443546827,-0.6998089579790083,-0.8087013385907871,-1.0273931035975792,-4.869465729229774,-0.4246222189013876,-0.13092067856335363,-3.0398430961083425,-0.70071925021315,1.1421202250640705,-1.5389934078960796,2.101950754099472,-0.30331558179863644,1.3283094419552963,1.4669971324085946,0.8029950055561074,-2.2547914318778894,-0.5122141339222781,0.45621538634865827,-2.5838663799511634,1.5859586179728042,-0.025542714482601557,-1.1655981080532147,-1.2432477061942584,-0.7108874450127016,-2.109631568238687,1.6025141971091112,0.3826634127902105,-0.06915749741668421,2.8618049192516186,-2.8315173201374657,1.3815595662437261,0.9449755971505912,-3.6398231765990423,2.238279985093481,0.9708752711932651,2.0984023337307427,4.2764190542046805,2.1418840069535934,-1.0521555542581416,0.7091750247368485,0.593852110260798,0.7771598621035704,3.668031663155907,-2.001296732930393,-2.55612578491439,2.6066986310121476,1.7363701485972831,1.1556477535326404,-0.7707116728332044,-0.7240485649818861,0.4741020882284512,0.9862793323311286
-0.7014907188794504,0.8005538074461089,0.2699972780968163,-0.888134824031808,-0.4300981291220571,0.09848685092421118,-1.1543944703231452,-2.371764142423954,0.2596326150731491,0.13587344414135474,-3.0800152103657714,-0.3581879694212252,0.5593503393972543,-1.9023907863509044,1.8995453401791806,-0.9794942743313781,1.7288081751848758,0.8029950055561074,1.3751924619860638,-1.5380175134637522,-1.005779527582577,0.27196562052164575,-1.2007515694565774,0.33087633319632886,0.40726683290160626,0.2220022033359342,-0.40632216855734454,-1.299796925658642,-1.71767385976406,1.3813551158655504,-0.5801351044163122,-1.4627552224383675,1.3618798516437003,-0.06993729150643414,1.2115594500645641,1.0961076213432064,-3.4731038836396677,3.2451632347166948,2.842497057618444,0.9726733877464998,4.101393640660233,2.09762944145,-1.0217602210729828,0.6782562038997598,-1.0181079914442763,0.3498835260070096,2.2096764241488853,0.07504649364942644,-0.9909725894778475,0.436148792643118,2.275438822259373,1.234346216847622,-0.8585664110473803,-0.00693104007829749,-0.07205945109899563,1.118873083943545
0.23196516456660335,-2.1138692511312605,-1.5584075977433232,-0.1870065632955691,1.0883619526217068,1.082809909847438,1.7729652809997962,7.415170112652389,0.5050268606901986,0.12593162469345312,5.135033108830403,1.0681354898439155,-1.7485545281557633,2.699898311106887,-3.4729490700572527,0.7143645059160468,-2.3572950521107128,-2.2547914318778894,-1.5380175134637522,3.573177694321816,1.0187833467998044,-0.7045635264424951,3.9123004228347606,-2.276906108838941,-0.10008802787955298,1.5403781000032404,1.837186284815308,1.3895950676719797,3.42279246420246,-2.6185428936776307,-0.3421815560045457,0.5714859390596863,-4.342818088939652,3.9020129837439894,-2.257848327857718,-1.6388414890591807,6.069736900443521,-4.078594569339493,-2.228924963290916,-3.1754926650887283,-7.146278058717613,-3.5883107960307923,1.7666191951073686,-1.190475591036799,-0.4922825051474254,-1.161428025952238,-5.704395299808663,2.7187637117650465,3.816708527481182,-3.7013745732793972,-3.09907574542653,-1.9710552267563346,1.3240281416471371,0.9903370259556759,-0.6216146961607815,-1.7031296229903452
0.5478842481973654,-0.5134338194582903,-0.12543066370737724,0.7160357317210297,0.28394520866540895,-0.14214577158688121,0.8183614724765911,1.463473085139157,-0.23968082685896155,-0.11206551709451627,2.1611333476596615,0.22488056118566688,-0.3389249689026892,1.3656166091607045,-1.3167555722485973,0.7452831752285483,-1.2461222247994292,-0.5122141339222781,-1.005779527582577,1.0187833467998044,0.7458831291598434,-0.176743750402418,0.7365478174496417,-0.129587760388144,-0.3138952437053872,-0.2731009528578318,0.2135306932249084,0.9521641365061149,1.1718209212759336,-0.9556457707297148,0.4844430857533003,1.1269775174568506,-0.8353355094385123,-0.17305608176316162,-0.8458808412683979,-0.7813332154280819,2.4280709091846395,-2.356659536942884,-2.136290139777992,-0.5964906042703412,-2.861803662306295,-1.4688389404266398,0.7125089856971563,-0.4689402379596842,0.8408105337487856,-0.21469867365848777,-1.435974349355463,-0.22224946388997646,0.5668649120086736,-0.1348856653119173,-1.632324693295506,-0.8689923745729987,0.6072567874054959,-0.04954626674851788,0.09339895037007734,-0.794584458345376
-0.022773135369028884,0.417659786073165,0.32217020287860454,0.07645829610277957,-0.21868865375228183,-0.2307055961238449,-0.332130163917453,-1.4945018432342125,-0.11553344841843924,-0.03934994586698759,-0.9760686063390769,-0.21779094626329826,0.34860995526176447,-0.5066941843846682,0.6710004405258689,-0.11992109645194313,0.440402343161429,0.45621538634865827,0.27196562052164575,-0.7045635264424951,-0.176743750402418,0.14503360759786424,-0.7914454386456597,0.47530700636929424,0.002472327952400118,-0.33018935365972113,-0.3739017324068139,-0.24320498816084482,-0.6717885987634534,0.5131505110393768,0.09641095315790489,-0.05469116778224583,0.8807652360780195,-0.8325277645672297,0.44375525031481994,0.3073271560492524,-1.165940720989784,0.7510977339381529,0.36339142870422775,0.6431994984613644,1.3686233452027832,0.6890229153785276,-0.33504364626726174,0.22511320310902444,0.14578376896416448,0.24474131503773444,1.1455730449974328,-0.5863538068354569,-0.7762302434982689,0.779673608186011,0.5722668965142607,0.37457180347776137,-0.2519057692397508,-0.21348301384120102,0.1401427578083175,0.32039824799847255
-0.15090854203402299,-2.3872554302672366,-1.9790134386292602,-0.8639691230782004,1.2222336647735554,1.5692007874262952,1.6785482644432517,8.678274165170357,0.8726688026569186,0.26817856486623914,5.0395170595099295,1.238597687175305,-2.0395762890616327,2.460980348563959,-3.532927771140744,0.3325396669021175,-2.10207994472183,-2.5838663799511634,-1.2007515694565774,3.9123004228347606,0.7365478174496417,-0.7914454386456597,4.619099220413465,-2.92942816368848,0.1425151428466208,2.2806418430457973,2.268353390083269,1.0430945661824151,3.5805497632525864,-2.70040825797128,-0.8642606562592035,-0.2017721463234702,-5.098755143391938,5.359260655276333,-2.321203096444757,-1.533585305720775,6.077472082885753,-3.462873609890577,-1.1655152967569948,-3.750427636610361,-7.139523605365542,-3.559376842267,1.759364010631167,-1.1889099058427262,-1.3710384770207547,-1.3729660711912248,-6.414364099598511,3.8131379858860552,4.619052954411208,-4.8369273012857725,-2.7538807534972283,-1.8953044125159,1.2526444345642949,1.3708146241763575,-0.9087833298139905,-1.605595414466122
0.4033361588217613,1.4495171309777517,1.3588862919627367,1.001028071788006,-0.7246109327046938,-1.2078789473082603,-0.7725790495003331,-5.471777588474913,-0.7607674303577192,-0.24868463343064073,-2.4762402654059796,-0.7713139632350149,1.296009161620546,-1.039027446603738,1.8399950264364238,0.1644677162650264,0.845415231198065,1.5859586179728042,0.33087633319632886,-2.276906108838941,-0.129587760388144,0.47530700636929424,-2.92942816368848,2.0449183276344387,-0.2641594605043124,-1.7975402920155374,-1.5256096099824232,-0.2484440496376292,-1.9547839197828365,1.4295215367968768,0.883725810540552,0.739111686132446,3.227963039095653,-3.9581909883138997,1.2090819749662784,0.6859132310404422,-3.0729011291576764,1.2323130052158973,-0.2980861685237515,2.3790900888195052,3.61269928756595,1.77698382017858,-0.8879595193430635,0.6101791127744135,1.4372074657075145,0.871376363692008,3.851593945042458,-2.8724349411563317,-3.0292326956452724,3.412200928067417,1.1171068801525255,0.9035564118979321,-0.5795822752400557,-1.0116887664548755,0.7046099802697438,0.7321331341920948
-0.31007803261890426,0.006151891961974831,-0.16060198063958359,-0.49026205579632715,-0.0063588129125682945,0.2551790608465999,-0.24785017856720626,0.21200497794793652,0.22458675882083218,0.09768238133881464,-0.5825820204224096,0.023450532667677323,-0.043186376566106105,-0.4455242872472041,0.2987672348091335,-0.3550763097399635,0.42389944292433684,-0.025542714482601557,0.40726683290160626,-0.10008802787955298,-0.3138952437053872,0.002472327952400118,0.1425151428466208,-0.2641594605043124,0.1933443621337345,0.39879192083364545,0.1398006182554632,-0.3995684253550183,-0.2181193114177402,0.19534759068064061,-0.35800928436752044,-0.6417393636068305,-0.13843992658644383,0.706230655811356,0.17283283254111043,0.2419941980133689,-0.59554850615971,0.8643457376501781,1.0203982621625962,-0.11696323066007715,0.7145909569188911,0.3764622525458942,-0.18239878899190323,0.12074173100118299,-0.6108038286784256,-0.04812517162288444,0.028135834677449914,0.5522908733991367,0.2224927293611618,-0.48698306546627346,0.5675403573439173,0.251782906218613,-0.1838910978563556,0.18802212053205752,-0.15591359917151895,0.24246992976920287
-0.6599344606486643,-1.05994585636105,-1.1758015428444712,-1.2876378501104493,0.5043654677136896,1.188595436136574,0.2769901149737409,4.220800649664408,0.8281951908424884,0.2698141071488525,1.1224447850360537,0.578111225684742,-1.0141689765396864,0.21722502510407066,-0.9782593782170672,-0.5573726655028266,-0.1041287920219359,-1.1655981080532147,0.2220022033359342,1.5403781000032404,-0.2731009528578318,-0.33018935365972113,2.2806418430457973,-1.7975402920155374,0.39879192083364545,1.8054895316139834,1.2884262824529265,-0.26782247259906755,1.1512966930232489,-0.7835134607539512,-1.0629440639779697,-1.2466226490453807,-2.495549150327645,3.706551361631893,-0.6356494231106232,-0.21352743987228423,1.5122188545385644,0.1339636628281577,1.3959263849949601,-1.8514606157485072,-1.7840745202419732,-0.8377971827034502,0.4407475566066998,-0.31683777011552067,-1.7557999153991555,-0.6602930149449805,-2.7323181914995187,2.738678455396556,2.4707017423703888,-3.0338303599567156,-0.1621673518756214,-0.36344498828038757,0.2038173771850739,0.9452552058205763,-0.6835721413180045,-0.24878822186778596
-0.21122652189971058,-1.151673942617633,-1.0200421740845649,-0.6201894052678667,0.5742818940922316,0.8699877775889299,0.6994701573367564,4.25677890623494,0.5254095508467768,0.15844902903398056,2.165016984381197,0.600344795805949,-1.0129488791181662,0.9763551329468967,-1.5595178777397982,-0.009533061875909753,-0.8150380575576271,-1.2432477061942584,-0.40632216855734454,1.837186284815308,0.2135306932249084,-0.3739017324068139,2.268353390083269,-1.5256096099824232,0.1398006182554632,1.2884262824529265,1.160912500742784,0.33809211089500524,1.6194731583930346,-1.1955367931166778,-0.5739811216214655,-0.35432940949745123,-2.5037243628203005,2.885908946834678,-1.012772038655454,-0.6277681214851554,2.6386872769313667,-1.274297966457272,-0.1219159648732368,-1.8413248505940358,-3.1094770496890556,-1.5360839901734162,0.768321332467275,-0.527082736141478,-0.9237675715350878,-0.6666889300757812,-3.051400928286526,2.0796002191489,2.3211330858390498,-2.527893681041132,-1.0835714398971272,-0.8026429878652075,0.5216608521899818,0.7339854058835165,-0.50059644945396,-0.6643405450396254
0.68063616533614,-0.7154146543370826,-0.21157205579297542,0.8812712518188203,0.38333457981329877,-0.13377307786356138,1.073599272093472,2.0761118239386644,-0.27103946942735413,-0.13969069725191655,2.850261013008216,0.3149486625775084,-0.4927599362030427,1.774532873395011,-1.7465888692898128,0.9359152995605761,-1.6167269647285167,-0.7108874450127016,-1.299796925658642,1.3895950676719797,0.9521641365061149,-0.24320498816084482,1.0430945661824151,-0.2484440496376292,-0.3995684253550183,-0.26782247259906755,0.33809211089500524,1.2322469858886105,1.571005995219657,-1.2653756602992745,0.5808499644373938,1.4211408770664091,-1.18944768805795,-0.06345638921425423,-1.1080412091274883,-1.0202131124169365,3.200814924507921,-3.0475641610981623,-2.7186355472442987,-0.8446611797398227,-3.783848034386132,-1.9370449752669614,0.9439268119357601,-0.6272859293240418,1.0174724562126876,-0.3030306780966985,-1.9747086693763842,-0.16456009582559608,0.8441581210530614,-0.30096476017951296,-2.1319793695934077,-1.1461255246240898,0.7989841596776567,-0.02831099149834786,0.09213234334077575,-1.0410552507798816
0.434232028013982,-1.9809354356378197,-1.3511384843538663,0.15719295722476823,1.033761132597422,0.8312650806734744,1.832017759756033,6.816227357082565,0.3119735354362289,0.06609992645592463,5.219871304139263,0.9929468712018873,-1.600622659847942,2.8520352578374406,-3.4721753538747797,0.9288281564793537,-2.5144061059562053,-2.109631568238687,-1.71767385976406,3.42279246420246,1.1718209212759336,-0.6717885987634534,3.5805497632525864,-1.9547839197828365,-0.2181193114177402,1.1512966930232489,1.6194731583930346,1.571005995219657,3.3751375269689547,-2.608916073651823,-0.07324846029065239,0.9566202194380776,-3.9897173730491224,3.173210904785238,-2.2609482091257203,-1.7060028334448574,6.121105127802763,-4.4381321850376585,-2.7909388033397358,-2.9067565343114374,-7.204747290443827,-3.6364851644624325,1.778544092305484,-1.193172865821285,-0.04123935383610223,-1.0762359960021868,-5.396663553748553,2.170008809836475,3.42443269411413,-3.1476705266512375,-3.2950798018693033,-2.025272492971974,1.3729703989439836,0.8047612427909376,-0.4835148241503672,-1.7660615919796172
-0.3939372541299141,1.501178389658489,0.9950332459288295,-0.21099453521050326,-0.7931747508104311,-0.5784960464690218,-1.4405509497132187,-5.138330368820769,-0.18691291098302518,-0.03822683039756471,-4.082716058962034,-0.7521538596843392,1.1975460481933786,-2.262366591294933,2.7015464722528506,-0.7853054305752034,2.000440752661439,1.6025141971091112,1.3813551158655504,-2.6185428936776307,-0.9556457707297148,0.5131505110393768,-2.70040825797128,1.4295215367968768,0.19534759068064061,-0.7835134607539512,-1.1955367931166778,-1.2653756602992745,-2.608916073651823,2.0306859819223235,-0.017703015987306073,-0.8406139239339069,3.0058470927726177,-2.2671430237978316,1.769292685811575,1.3466585146684849,-4.782663143576363,3.5503711156681104,2.318320811360825,2.1924987075801696,5.6209645696783435,2.8431654475910393,-1.38616630268046,0.9247902845382833,-0.08941647103408519,0.8151576421527713,4.114311883498126,-1.5325841029282632,-2.5533826468366567,2.2984801888075976,2.6101413824954838,1.5864635406620005,-1.0786240435288734,-0.5781839686255092,0.33782463769332005,1.390670769782825
0.5955972127562921,0.3176598524668576,0.5595231627690098,1.0065079557466001,-0.13902077600640664,-0.6849205969813323,0.2302812711568117,-1.5473965151386762,-0.5405738984537933,-0.20014191787876617,0.3998865917345933,-0.20359070846793756,0.3713590803264762,0.5054541917640852,-0.08560152261523805,0.626567944057043,-0.5105953872431994,0.3826634127902105,-0.5801351044163122,-0.3421815560045457,0.4844430857533003,0.09641095315790489,-0.8642606562592035,0.883725810540552,-0.35800928436752044,-1.0629440639779697,-0.5739811216214655,0.5808499644373938,-0.07324846029065239,-0.017703015987306073,0.7788516410547566,1.1811643535027905,0.9317826814672366,-2.0234825962030274,-0.041560502978437344,-0.24455317388057426,0.3093297436753278,-1.1418226386778287,-1.7126957161978473,0.7029357673835468,-0.37006999833954435,-0.22768448866524985,0.09686735300216624,-0.052153734899304076,1.3065876556448444,0.2572831566917364,0.7880155988743198,-1.5378018891725143,-1.0350823897559176,1.5351497431953915,-0.6646055490837738,-0.206596898005808,0.16963663405731602,-0.5214894916150508,0.404783653948541,-0.23261817488759337
1.0582180398459324,-0.15665800146458408,0.432165022154966,1.6210949299910777,0.103384097622903,-0.7821168671710385,0.9501234239819373,-0.21095051067014778,-0.7256318785201407,-0.3120163538040023,2.299847448663047,-0.005676014545233944,0.04166335584893203,1.6834852107184737,-1.2389948229291645,1.2481898007920238,-1.5850538838981347,-0.06915749741668421,-1.4627552224383675,0.5714859390596863,1.1269775174568506,-0.05469116778224583,-0.2017721463234702,0.739111686132446,-0.6417393636068305,-1.2466226490453807,-0.35432940949745123,1.4211408770664091,0.9566202194380776,-0.8406139239339069,1.1811643535027905,2.1741564512195333,0.17353123665989287,-2.1115415336285697,-0.7535540584726232,-0.9251365909825165,2.4232889520949583,-3.176464878796916,-3.561554500697824,0.16786125419451875,-2.8821073600109646,-1.5083191978728645,0.7294723579744611,-0.4771612442363741,2.0131318212654334,0.08027303402063261,-0.4808820475449567,-1.6808723124715323,-0.4953272394521038,1.3812162922740516,-2.1000101206382547,-0.9711060007013493,0.7011031721197077,-0.5581125558700489,0.4820084375481651,-0.9277875514927951
0.14430684260411902,2.6450024502478673,2.178023763821995,0.9152683473691953,-1.3515456959343197,-1.7141613048495334,-1.8764936374274928,-9.594258074724333,-0.95059372757693394,-0.29137702965589957,-5.623500459153415,-1.371797224877597,2.260084693560269,-2.7584741970850373,3.935267150109166,-0.39455269177199587,2.3605589220953553,2.8618049192516186,1.3618798516437003,-4.342818088939652,-0.8353355094385123,0.8807652360780195,-5.098755143391938,3.227963039095653,-0.13843992658644383,-2.495549150327645,-2.5037243628203005,-1.18944768805795,-3.9897173730491224,3.0058470927726177,0.9317826814672366,0.17353123665989287,5.640289097026667,-5.883834640886266,2.5787461404740477,1.714737529453737,-6.769119307551374,3.9035618274241615,1.3723843660456991,4.140223992576326,7.958768832976595,3.970768044431082,-1.9604218729360001,1.327639774996277,1.4708348390520012,1.522692001031093,7.112798601693433,-4.187804429965466,-5.100126337791131,5.321430020629687,3.0978227239593745,2.1223252337336165,-1.4054217627567946,-1.50206610955378,0.998306924853282,1.7963349905927422
-1.1128995739713614,-2.563159588233845,-2.6104062338899774,-2.393208514407133,1.2672230765812975,2.469740014843293,1.0519336090138276,9.952255988204,1.6395992413443732,0.5537261966159844,3.6372407722907356,1.3904456750672838,-2.358613136224275,1.2598229795279676,-2.8688067315154955,-0.7560330108604669,-0.9463810705849933,-2.8315173201374657,-0.06993729150643414,3.9020129837439894,-0.17305608176316162,-0.8325277645672297,5.359260655276333,-3.9581909883138997,0.706230655811356,3.706551361631893,2.885908946834678,-0.06345638921425423,3.173210904785238,-2.2671430237978316,-2.0234825962030274,-2.1115415336285697,-5.883834640886266,7.91092826517237,-1.8992239161201967,-0.9028247407467285,4.663320178536375,-1.0647164325904601,1.8281886993623795,-4.353039604033805,-5.474519399164154,-2.65609334113921,1.3416521367561431,-0.9316517274884953,-3.3243470092740908,-1.5905309580918139,-6.7642837499591275,5.792879735608534,5.649356215699598,-6.654787821003215,-1.2561816774009726,-1.2767557324716707,0.7890002303926598,2.0265737573371885,-1.4416971472672067,-0.9850817286444651
-0.36207807671528053,1.28725337524735,0.8456108478911741,-0.20889131617374118,-0.688985059244374,-0.4779963852171415,-1.255330392325501,-4.407704594224441,-0.1406634002737555,-0.03379262395774616,-3.5522509548281063,-0.6479486786253081,1.0180415598746164,-1.983517894255996,2.348099952498215,-0.7077811713633906,1.7549362639645023,1.3815595662437261,1.2115594500645641,-2.257848327857718,-0.8458808412683979,0.44375525031481994,-2.321203096444757,1.2090819749662784,0.17283283254111043,-0.6356494231106232,-1.012772038655454,-1.1080412091274883,-2.2609482091257203,1.769292685811575,-0.041560502978437344,-0.7535540584726232,2.5787461404740477,-1.8992239161201967,1.550204786091913,1.1768277047902245,-4.167055402918111,3.1192898726878533,2.0584031558459603,1.885044470404847,4.888386748761234,2.476381487751489,-1.2029651805645796,0.7983833145941956,-0.11763474222266326,0.7049594097766765,3.5497126716720393,-1.2756568798922971,-2.1778609819123647,1.948344202550931,2.2778942137209786,1.3802073624937117,-0.9396052653018448,-0.4885361585651612,0.281849540523159,1.2131343674875112
-0.43892040973041296,0.9072606749488288,0.49468847758043955,-0.4445574209012817,-0.481626736222546,-0.18484074081385854,-1.0287311235803898,-2.9523709695702673,0.03368929538839915,0.04309280516085502,-2.8359535010832286,-0.4354988682242099,0.6909573944925849,-1.6500518581917154,1.8187177468456217,-0.702500203739096,1.4780093400839647,0.9449755971505912,1.0961076213432064,-1.6388414890591807,-0.7813332154280819,0.3073271560492524,-1.533585305720775,0.6859132310404422,0.2419941980133689,-0.21352743987228423,-0.6277681214851554,-1.0202131124169365,-1.7060028334448574,1.3466585146684849,-0.24455317388057426,-0.9251365909825165,1.714737529453737,-0.9028247407467285,1.1768277047902245,0.9684373810657554,-3.266253714928374,2.6952711722821947,2.057224101845014,1.2439585028534952,3.84666399787608,1.9540833223932284,-0.9539722969112973,0.6347028269264092,-0.4509593750326612,0.45405914723030394,2.4870149938744595,-0.5588428927944444,-1.3905091633288678,1.0635015668535186,1.9375056905612402,1.1158282460054707,-0.7660297891152592,-0.22570140332526953,0.0990339591144056,0.9943837272108543
