V1,V2,V3,V4,V5,V6,V7,V8,V9,V10,V11,V12,V13,V14,V15,V16,V17,V18,V19,V20,V21,V22,V23,V24,V25,V26,V27,V28,V29,V30,V31,V32,V33,V34,V35,V36,V37,V38,V39,V40,V41,V42,V43,V44,V45,V46,V47,V48,V49,V50,V51,V52,V53,V54,V55,V56
31.2952523214012,-247.08754478776711,-180.0973203958344,-15.654283031375353,127.55998976019816,123.10535102892592,210.49822419536437,864.0710470773997,55.9446520648111,13.791834806206852,607.9283234388585,124.66900087415837,-203.51981096462387,321.9166641918308,-410.04698477322034,88.39926902968712,-281.3106035277818,-263.42261095843713,-185.04586287388278,418.9938358191994,123.31252463820847,-82.42693287224195,455.72298171486034,-262.57012900430277,-13.94768107812109,174.36262964292112,212.79752286484506,167.35914817987492,403.1601069627173,-308.9831042846345,-35.15422008450581,74.86543072200757,-505.9326611812211,446.58855951520303,-266.8847949656764,-194.78918560116233,717.7590570262082,-488.4969003427154,-273.7927263916334,-369.90092992756604,-844.9588348104594,-424.580127632611,208.73674896930137,-140.58718051334407,-49.473825922214154,-135.38540165402824,-667.4973282308301,310.39594198795953,443.13645332671103,-426.4419096284057,-369.5233034617427,-233.8073264274044,157.21695935636416,113.40897848140928,-70.72671479947392,-202.24845834366343
-247.08754478776711,1952.0677365728307,1422.8680400978517,123.42910694244112,-1007.5332057317809,-973.0238691558926,-1663.1475411668005,-6826.930077258831,-441.9953911344883,-108.19380444084547,-4803.318593217914,-984.7047666600051,1608.1311585796573,-2542.257933276231,3239.557247878991,-698.4441709932647,2222.44100961338,2080.9467800936145,1461.9063623318207,-3310.214727301851,-974.3062885403973,651.2242182219273,-3600.567940504243,2074.612812293566,110.37516502374514,-1378.3222916003424,-1681.014072264575,-1322.7677178699257,-3184.4594972237187,2440.9065500948536,278.06675268460367,-591.5942919261671,3997.038788095496,-3529.1496529423644,2107.7025387746125,1539.1753406363757,-5670.872200090746,3858.6239032997787,2163.2789641134,2922.4552091661053,6675.704338522608,3354.4008405433674,-1649.8474396771903,1110.7936213510015,391.18960886169197,1069.1744641482746,5273.236622277257,-2452.2242257100083,-3501.1165362606384,3368.9342830936707,2919.6443927278087,1846.5396805250853,-1241.8082740139232,-896.0431930355102,558.379871157152,1598.140242139695
-180.0973203958344,1422.8680400978517,1037.189371460902,89.9455459178856,-734.4183455378654,-709.4043601652426,-1212.3765494206623,-4976.5284915908,-322.12135433808186,-78.6684167451286,-3501.489700636076,-717.7205363175702,1172.1832916315848,-1852.8880197931426,2361.4804533676224,-509.24149761379874,1620.0743826647495,1516.8399144457233,1065.5895201152334,-2412.8990805280464,-710.2952842732024,474.70751359394274,-2624.7342973243835,1512.263029802939,80.41924187106801,-1004.8366821091618,-1225.206326758884,-964.3228426890244,-2321.0209231888225,1779.2955032879386,202.75832592453577,-431.1659245834415,2913.55906801699,-2572.7493391578764,1536.3049156186921,1122.0866457009602,-4133.971174762897,2812.5339694989516,1576.9312248384579,2130.3905432609304,4866.296440123985,2445.217006008814,-1202.8800532977057,809.6693215818174,285.24603185993436,779.2527365658044,3843.800805376344,-1787.3828394783998,-2552.078105094142,2455.693277928738,2128.2556625261723,1345.762521662837,-905.0839226192015,-653.2177999666585,406.88184481080543,1165.054152018551
-15.654283031375353,123.42910694244112,89.9455459178856,8.240372171812112,-63.80314986229887,-61.42722735638446,-104.94375327562493,-430.68715784722957,-28.073318611354374,-7.250729576274536,-302.81077934201784,-62.207351390126966,101.36234400219094,-161.27959941936808,204.32571152066524,-43.677606896996785,140.0260203877986,131.28924772744134,92.34427029648423,-208.91245253302097,-61.53874452264982,40.739679797804854,-227.3145583144269,130.71528413164367,6.739133837039179,-86.75125288915598,-106.4735384764964,-82.86830161393769,-201.147600589884,153.89408499956306,17.25368319798066,-37.50465349949397,252.10823119049746,-222.03765643706183,133.58554278651766,96.91662351945247,-357.6141336186459,243.73634056419124,136.05427733321073,184.5076040290464,421.15790395881555,211.46242919931404,-103.54980285702474,70.10382920627873,24.56171424761813,67.30605061033674,332.4600214588811,-154.77732322323058,-221.01765588337847,212.73042204269643,183.85703307003453,116.9963907783213,-78.40398618735287,-56.526798987762085,35.39186441107677,100.5452500375056
127.55998976019816,-1007.5332057317809,-734.4183455378654,-63.80314986229887,520.1014639119802,502.2009406187669,858.4113360499829,3523.628450400929,228.11386386915058,55.947738617241654,2479.1485009008597,508.26722539408007,-829.9304251911769,1312.3219425376199,-1672.0748612200437,360.50638929200704,-1147.100512753992,-1074.0822160118635,-754.5296618307489,1708.516303750371,502.9100507529498,-336.08681665199424,1858.4609705784694,-1070.7315559246865,-56.87838678094934,711.2873214617558,867.6360168112392,682.60008487475,1643.652038444054,-1259.893178700193,-143.4608112102673,305.28083730659876,-2063.0157139353096,1821.404539748828,-1088.0639340862767,-794.4184143345824,2927.0218852474727,-1991.6675414767935,-1116.4646758385868,-1508.4514396010006,-3445.6116507426714,-1731.345237527026,851.4669738665834,-573.2847568130941,-201.8886146491392,-551.8633096870117,-2721.7292324409664,1265.635407973492,1807.0368183735243,-1738.8702952114738,-1506.8489113854998,-953.1165391797863,640.9420770232622,462.50591567751746,-288.2275814811931,-824.8272884791004
123.10535102892592,-973.0238691558926,-709.4043601652426,-61.42722735638446,502.2009406187669,485.652182857204,829.3345393425759,3403.923666333073,220.1965401657518,53.11405686040948,2395.2521292662714,490.617504807689,-801.6515998207213,1266.428810009712,-1615.147647939113,348.48230170101266,-1108.0652627349248,-1037.1924713361511,-728.7027758034343,1650.1318858163056,486.04849995495243,-324.58394054253296,1795.5022385094053,-1034.2763300823615,-54.9570391830457,687.7753193027974,837.6230591043734,659.8788862201493,1586.5763459450577,-1216.83123635926,-138.86336516972733,294.8803535766906,-1992.4872954483567,1760.2159926058096,-1050.319521482817,-767.7635200022219,2827.9539714889233,-1922.96768107439,-1078.6092661712983,-1457.2822969028052,-3328.5028782755794,-1672.4531136887276,823.4105514414688,-553.7338594931944,-195.36334887620825,-532.4534512337094,-2628.4865807910737,1222.0689229000363,1745.4391241410367,-1679.309741805482,-1455.637482948683,-919.68340184914,618.6388139780771,446.884075144532,-277.8067868355231,-797.1091504430963
210.49822419536437,-1663.1475411668005,-1212.3765494206623,-104.94375327562493,858.4113360499829,829.3345393425759,1417.2578544413113,5817.487925521117,376.4385759128463,91.67169471941858,4093.334669200772,838.9184689176004,-1370.2599254235897,2165.4755647901025,-2760.5505115334545,595.5079232238679,-1893.9246412083883,-1773.1091257392807,-1245.579203712057,2820.555919772307,830.3430285011956,-555.0516862811501,3068.255457375367,-1767.8522811315675,-94.07843895922943,1174.7803127981929,1431.980900922698,1127.5631356361857,2712.958691180522,-2079.994492880354,-237.16414942476234,503.92784604986235,-3405.8620525855517,3007.823823082795,-1795.6045880347538,-1311.8351331164451,4832.707242209361,-3287.5622416628457,-1843.5884528142758,-2490.3683389736343,-5688.640418585564,-2858.4911283088627,1406.4884085056194,-946.4568331602176,-333.53569805237447,-910.905917553497,-4493.329504897897,2089.281688769872,2983.23886303463,-2870.5196591859776,-2488.0196064970733,-1572.818140622872,1057.9245751001642,763.6235110440658,-475.47908884305286,-1362.0901396173692
864.0710470773997,-6826.930077258831,-4976.5284915908,-430.68715784722957,3523.628450400929,3403.923666333073,5817.487925521117,23879.714729844556,1545.2288669960203,376.66701275710057,16802.234163242876,3443.8060872497913,-5624.77291603549,8889.170971361318,-11331.62433713338,2444.4951225627206,-7774.3174769540965,-7278.540201127881,-5112.893094723478,11578.021279250423,3408.1879060279825,-2278.6393295027274,12594.412011868018,-7256.872160674457,-386.2831693681252,4821.977171573826,5878.131342021227,4628.433960593317,11136.835093021538,-8538.195621928338,-973.5294475988925,2068.390509205686,-13980.75652480427,12346.512201088197,-7370.757179727003,-5384.706111158682,19837.145740439497,-13495.25787166117,-7567.696670113146,-10222.373096170912,-23350.77227225519,-11733.676926797258,5773.095696556277,-3885.051442070903,-1369.0017491678266,-3739.6195901598107,-18444.90552063415,8576.48662385548,12245.708316137756,-11783.18930149604,-10213.01482781403,-6456.500588955375,4342.878210561803,3134.487479098813,-1952.0823311320814,-5591.0656737287045
55.9446520648111,-441.9953911344883,-322.12135433808186,-28.073318611354374,228.11386386915058,220.1965401657518,376.4385759128463,1545.2288669960203,100.16163478836904,24.704247069003927,1087.078621905794,222.94793243627947,-364.03981570270815,575.8314478896997,-733.2288461220196,157.87985402834497,-502.94972916382744,-471.0407484849661,-330.9804255176529,749.3322797812228,220.49574998584907,-147.29600708799114,814.9424402479652,-469.5625992659159,-24.966731842168233,311.90262811245015,380.73826714870614,299.20255472625547,721.0250662284458,-552.4306956104166,-62.83182039119595,134.04021022509633,-904.7438071020053,798.5552976893764,-477.2527261751098,-348.2622358220232,1283.3804237035547,-873.5641371782016,-489.52646577380557,-661.4682318120198,-1510.9772221877138,-759.1739059005729,373.15577539643215,-251.47518112557273,-88.46570609016247,-242.00894959257892,-1193.5613825990006,555.1985372914176,792.5602805480568,-762.6506408138756,-660.7786650863158,-418.26615277928533,281.17447480835193,202.77774098776842,-126.5186140100859,-361.59622233336813
13.791834806206852,-108.19380444084547,-78.6684167451286,-7.250729576274536,55.947738617241654,53.11405686040948,91.67169471941858,376.66701275710057,24.704247069003927,7.242655071137051,264.5200999039385,54.81377260917455,-88.83347405386915,142.20563038268568,-178.84116118461648,38.042423150691235,-122.58127572303975,-115.27290215703306,-80.96113805690506,183.09174342349698,53.50785577269499,-35.85912227222194,198.49109404506171,-114.50191732535157,-6.009768848725954,75.2422449468217,93.62201259486162,72.18421481292843,177.27704466848496,-134.8917241672607,-14.894535791042774,32.81736128673759,-221.02827277689676,193.64448269828216,-117.42466754344943,-84.42619567915678,312.3094817412396,-214.23048043336073,-119.08110340590657,-161.18804745275094,-368.36330352113316,-185.0614670152785,89.7505947885435,-61.41498165547756,-21.13933650295075,-59.67535260154317,-291.7329302409317,136.04976807646057,193.51094855191602,-186.53923859900246,-160.97764555746275,-103.37628095309165,69.17513021979138,49.31416951480954,-31.62764644489687,-87.68050742544665
607.9283234388585,-4803.318593217914,-3501.489700636076,-302.81077934201784,2479.1485009008597,2395.2521292662714,4093.334669200772,16802.234163242876,1087.078621905794,264.5200999039385,11822.62198412828,2422.946682591739,-3957.6365757470135,6253.782429053554,-7973.148797665761,1720.2830352794913,-5470.241931918759,-5121.170197261146,-3597.3997013052076,8146.339561864286,2398.169018985657,-1603.3848967179526,8861.734941074046,-5106.069109795091,-271.83559088486635,3393.10644163505,4135.548923707372,3257.0274477703356,7835.489175329003,-6007.620141989655,-685.1836780521725,1455.2375375820131,-9836.96357055458,8687.699642512604,-5185.764574050329,-3789.0132854970575,13958.109604773841,-9495.043795004764,-5324.965226552055,-7192.682818766709,-16430.088639724512,-8256.108163508507,4062.6179681509434,-2733.5297654054257,-963.4188719123377,-2631.065896426147,-12977.974094673678,6034.253581855868,8616.148934294866,-8290.605911859522,-7186.1681395214855,-4542.291976536379,3055.484812588939,2205.541216008802,-1373.1965188622423,-3934.2197493001745
124.66900087415837,-984.7047666600051,-717.7205363175702,-62.207351390126966,508.26722539408007,490.617504807689,838.9184689176004,3443.8060872497913,222.94793243627947,54.81377260917455,2422.946682591739,496.8536945206922,-811.2474065099816,1282.6357832101642,-1634.245498959796,352.39459056152276,-1121.1957285504616,-1049.8857347023848,-737.4658220492175,1669.9136910550258,491.3747441332394,-328.66538379137825,1816.17995466437,-1046.6073602265487,-55.72540676311236,695.0734871741947,848.0187206654654,667.2563705771593,1606.7738959746744,-1231.4583159758126,-140.25990010156386,298.3278875107186,-2016.4771381539692,1780.1974223926475,-1063.3502578623002,-776.3656945419666,2860.571281607135,-1946.7621015894822,-1091.3448489906932,-1474.1561378400222,-3367.5379294728777,-1692.199316721399,832.0967885240103,-560.334565084847,-197.25275282123422,-539.6658492766336,-2660.448973085807,1237.1917825269782,1766.136308653757,-1699.5731451683919,-1472.8961457806126,-931.6988649107777,626.6007994413395,451.9818638227374,-281.86360717532216,-806.1488728873971
-203.51981096462387,1608.1311585796573,1172.1832916315848,101.36234400219094,-829.9304251911769,-801.6515998207213,-1370.2599254235897,-5624.77291603549,-364.03981570270815,-88.83347405386915,-3957.6365757470135,-811.2474065099816,1325.039242104949,-2093.9252519455194,2669.1244567292288,-575.7143566689617,1831.2058735746941,1714.5052043002738,1204.391484305244,-2727.261814315448,-802.6698036821534,536.803678472081,-2966.403847154554,1709.4273811596067,91.11537848976019,-1135.7785288523373,-1384.7118175971195,-1090.266908204009,-2623.5353622153307,2011.1404274349893,229.32245985819256,-487.29139440391964,3293.242954679141,-2908.1571725594094,1736.0795304933613,1268.2627152941188,-4672.34646779803,3178.9161051673004,1782.640649088664,2407.7232899819396,5500.143022464421,2763.821285968042,-1359.7029362897033,915.1801141731036,322.3984195866867,881.0129787301838,4344.8253187720575,-2020.3877408743226,-2884.510289240908,2775.563784215422,2405.766938304907,1521.0232074990442,-1023.0984385783587,-738.255167957393,459.94437570070676,1316.9153922470175
321.9166641918308,-2542.257933276231,-1852.8880197931426,-161.27959941936808,1312.3219425376199,1266.428810009712,2165.4755647901025,8889.170971361318,575.8314478896997,142.20563038268568,6253.782429053554,1282.6357832101642,-2093.9252519455194,3312.3280878320134,-4218.251387608412,908.8987144852982,-2893.7273602446285,-2709.9859180205544,-1903.8214614880715,4310.58168386086,1268.4474206607476,-847.7654598777971,4688.149742257765,-2701.2509916839335,-143.53302588063872,1793.8108368592173,2189.7082938888616,1721.397486400777,4147.931395979549,-3178.4560955648344,-361.5329225607706,770.4893660534613,-5204.876007435878,4593.9899621014465,-2745.713335705997,-2003.6283991583996,7383.41522970569,-5025.595755191685,-2816.371597074809,-3805.2828956500707,-8692.355512144994,-4367.652278205248,2146.8829149180333,-1446.4410566168601,-508.89392184614746,-1392.7407640085462,-6866.822865502187,3193.6327545943377,4559.046540914834,-4387.268379708582,-3801.3719075407867,-2405.8613867947247,1617.5472280602655,1166.6135674356333,-727.8508374531215,-2080.365898468799
-410.04698477322034,3239.557247878991,2361.4804533676224,204.32571152066524,-1672.0748612200437,-1615.147647939113,-2760.5505115334545,-11331.62433713338,-733.2288461220196,-178.84116118461648,-7973.148797665761,-1634.245498959796,2669.1244567292288,-4218.251387608412,5377.2361846044605,-1160.0549008760042,3689.2139770594804,3453.9643576019853,2426.2225536478095,-5494.152041562248,-1617.2415379127485,1081.374814996787,-5976.369953309539,3443.6345801778043,183.32595127195097,-2288.0521337098767,-2789.3331963943074,-2196.3476923669623,-5284.935521959468,4051.721535236534,461.9662657663291,-981.45094891975,6634.3739260205675,-5858.7601137699285,3497.7044857797946,2555.1884056323106,-9413.315815521686,6404.052384497601,3591.170516905224,4850.790164742683,11080.657568533512,5568.040370436352,-2739.453761507321,1843.5645585026089,649.586654230457,1774.729262110673,8752.858497063487,-4069.8561495686745,-5810.939745497124,5591.519632739302,4846.439825114723,3063.884063967493,-2060.906617034775,-1487.3983038318574,926.4025043678847,2653.1320767943416
88.39926902968712,-698.4441709932647,-509.24149761379874,-43.677606896996785,360.50638929200704,348.48230170101266,595.5079232238679,2444.4951225627206,157.87985402834497,38.042423150691235,1720.2830352794913,352.39459056152276,-575.7143566689617,908.8987144852982,-1160.0549008760042,250.78517438390932,-796.0739716974019,-745.0433532583185,-523.1741080063739,1185.017976263492,348.908373620012,-233.5990466662869,1289.232906855602,-742.9510130272763,-39.64190257467993,493.7746444268451,601.0929771592946,474.3591311126823,1139.5393376597735,-874.1929638451342,-99.9593150430904,211.37101770279534,-1431.134061571104,1264.540647446467,-753.9880993717121,-551.5008102763219,2031.0708410775776,-1381.0357210951227,-775.0455032802656,-1046.4060697684201,-2390.38815982652,-1201.3464310054444,591.6607778407217,-397.57697115958797,-140.3247684389189,-382.8991651613447,-1888.2818962543145,877.6456511046522,1253.2991666983066,-1205.9469141280117,-1045.708119414076,-660.1794359051956,444.37430132277893,320.940902708704,-199.54537025009307,-572.6826041733135
-281.3106035277818,2222.44100961338,1620.0743826647495,140.0260203877986,-1147.100512753992,-1108.0652627349248,-1893.9246412083883,-7774.3174769540965,-502.94972916382744,-122.58127572303975,-5470.241931918759,-1121.1957285504616,1831.2058735746941,-2893.7273602446285,3689.2139770594804,-796.0739716974019,2531.1700729655704,2369.695714664639,1664.5031390723343,-3769.352117402507,-1109.52397252474,742.0528727495836,-4100.184078768128,2362.6349336253725,125.82806178386677,-1569.7788996669378,-1913.493003365494,-1507.0455552933602,-3625.783520058835,2779.86206286764,317.04009874006084,-673.2162845276381,4551.699321790985,-4019.7398569791962,2399.52332681622,1753.122046089943,-6458.325645474058,4393.57770532876,2463.9553487905396,3327.964363739989,7602.153847674243,3820.168488057437,-1879.6522273698304,1264.7843767492927,445.70112369603766,1217.6984115917978,6005.234926658929,-2792.167243756791,-3986.6505395104496,3836.1318495433184,3325.1196264990213,2101.8589803917225,-1413.915205800157,-1020.4776593707021,635.5332042073626,1820.3486840398323
-263.42261095843713,2080.9467800936145,1516.8399144457233,131.28924772744134,-1074.0822160118635,-1037.1924713361511,-1773.1091257392807,-7278.540201127881,-471.0407484849661,-115.27290215703306,-5121.170197261146,-1049.8857347023848,1714.5052043002738,-2709.9859180205544,3453.9643576019853,-745.0433532583185,2369.695714664639,2218.7447788275226,1558.4922127985076,-3529.1683781863558,-1038.6559462550156,694.6724108095817,-3838.627492893079,2211.9897704096406,117.78735997852048,-1469.3933660726836,-1791.8742531834575,-1410.6051279325757,-3395.200480117379,2602.6264960776866,296.6414917060501,-630.4053124758925,4261.622845630294,-3762.960171629187,2246.9258183846882,1641.09960625062,-6046.16721034327,4113.903870198669,2306.685815032328,3115.698449391202,7117.338265161798,3576.5081122166853,-1759.2422083346858,1184.200229049455,417.1047980409895,1140.2833872331282,5622.5436892177295,-2614.4499094846915,-3732.584512563071,3591.770965201707,3113.019218390644,1968.4537298936168,-1324.0161386217742,-955.3394720457101,595.3403815081979,1704.0402439060463
-185.04586287388278,1461.9063623318207,1065.5895201152334,92.34427029648423,-754.5296618307489,-728.7027758034343,-1245.579203712057,-5112.893094723478,-330.9804255176529,-80.96113805690506,-3597.3997013052076,-737.4658220492175,1204.391484305244,-1903.8214614880715,2426.2225536478095,-523.1741080063739,1664.5031390723343,1558.4922127985076,1094.8490685581976,-2479.1103179704105,-729.6741274076427,487.7971963374969,-2696.5384908983187,1553.7713165443054,82.70780330723467,-1032.284092175238,-1258.8767876133454,-990.7757215094633,-2384.9133855231184,1828.1032666976262,208.30179026476418,-443.0262514996013,2993.522651851261,-2643.1885636152156,1578.4201764184459,1152.7727424854886,-4247.129231671515,2889.812157990677,1620.2453698476163,2188.6870942897226,4999.650597804452,2512.256173365397,-1235.7186612761595,831.9010721566605,292.98308143452135,800.7840222358459,3949.3523994289053,-1836.5279975990768,-2622.0601409160736,2523.0607223596085,2186.6862691510146,1382.8460987569833,-930.0269342916972,-671.0723153074622,418.16329139121285,1196.952384693887
418.9938358191994,-3310.214727301851,-2412.8990805280464,-208.91245253302097,1708.516303750371,1650.1318858163056,2820.555919772307,11578.021279250423,749.3322797812228,183.09174342349698,8146.339561864286,1669.9136910550258,-2727.261814315448,4310.58168386086,-5494.152041562248,1185.017976263492,-3769.352117402507,-3529.1683781863558,-2479.1103179704105,5613.775930021432,1652.3182150787668,-1104.8109479286977,6106.237213360058,-3518.536268856735,-187.32692548413814,2337.6479958507875,2850.3456317821356,2243.8608771498675,5400.327707104047,-4139.8007260946715,-471.87127677692223,1002.9596663632963,-6778.761722047785,5985.816614269228,-3574.028303369158,-2610.564329635873,9617.712738812428,-6543.665275911516,-3669.1530006438556,-4956.2179952930155,-11321.569890344404,-5689.047563852949,2798.5999021526645,-1883.734995086611,-663.5753300429678,-1813.447940889119,-8943.326452129746,4158.637936749629,5937.44966765443,-5713.300378986579,-4951.792477318601,-3131.0121162373657,2105.923617129819,1519.677556776725,-946.7942139739212,-2710.640248950326
123.31252463820847,-974.3062885403973,-710.2952842732024,-61.53874452264982,502.9100507529498,486.04849995495243,830.3430285011956,3408.1879060279825,220.49574998584907,53.50785577269499,2398.169018985657,491.3747441332394,-802.6698036821534,1268.4474206607476,-1617.2415379127485,348.908373620012,-1109.52397252474,-1038.6559462550156,-729.6741274076427,1652.3182150787668,486.5800283209497,-325.06642662543567,1797.68550174341,-1035.6056215544318,-55.02683119250958,688.36867178898,838.8089820029244,660.578921914741,1589.0171099075717,-1218.4961503103325,-138.94862877333605,295.2195395155569,-1995.1604755037713,1762.1982459153373,-1051.916668717256,-768.630745965777,2831.422964110678,-1925.7780723879882,-1079.9891266482564,-1459.0809253327388,-3332.7233089956726,-1674.61743399347,824.1691090276207,-554.440666000579,-195.48090441808773,-533.4061439139903,-2632.123198613816,1223.7787908062828,1747.6733818964324,-1681.576704026998,-1457.5020386799263,-921.1824337070341,619.6103035818506,447.4162780255655,-278.3768721174362,-798.0298098340468
-82.42693287224195,651.2242182219273,474.70751359394274,40.739679797804854,-336.08681665199424,-324.58394054253296,-555.0516862811501,-2278.6393295027274,-147.29600708799114,-35.85912227222194,-1603.3848967179526,-328.66538379137825,536.803678472081,-847.7654598777971,1081.374814996787,-233.5990466662869,742.0528727495836,694.6724108095817,487.7971963374969,-1104.8109479286977,-325.06642662543567,217.818689516182,-1201.5768177253572,692.6477113365046,37.045875218000965,-460.06388799738545,-560.6249137513503,-442.0428305422803,-1062.8565393982,814.9423569116464,93.09389822620965,-197.1240084481113,1334.2739934877854,-1178.500151167785,703.0258509077834,513.8923304340394,-1892.9394905947,1287.7788481216064,722.4782638524963,975.2921172046962,2228.166856420757,1119.836020095692,-551.1112925080528,370.6882759918721,130.6532053318551,357.24030446748947,1760.5459127072952,-818.4840240366568,-1168.4119240195425,1124.3570653068236,974.8469291265258,615.9181783183619,-414.511209450082,-299.0868249661892,186.32572459989382,533.6798170362138
455.72298171486034,-3600.567940504243,-2624.7342973243835,-227.3145583144269,1858.4609705784694,1795.5022385094053,3068.255457375367,12594.412011868018,814.9424402479652,198.49109404506171,8861.734941074046,1816.17995466437,-2966.403847154554,4688.149742257765,-5976.369953309539,1289.232906855602,-4100.184078768128,-3838.627492893079,-2696.5384908983187,6106.237213360058,1797.68550174341,-1201.5768177253572,6642.647806674088,-3827.195453277662,-203.56054329093445,2543.263752298327,3100.097831404425,2440.9586142733106,5873.244717578484,-4503.036006065978,-513.4042281669875,1090.8880500256407,-7373.3706373267305,6511.644196307648,-3887.494492340522,-2840.0338817257507,10462.527933247326,-7117.280853894803,-3991.089391874314,-5391.541565769413,-12315.470990948828,-6188.395536023439,3044.9171147640814,-2048.95620749129,-722.1097829381517,-1971.978689161463,-9727.61982558873,4523.037001402643,6458.4516993121215,-6214.460778138177,-5386.236925162637,-3404.980220976983,2290.2597867167756,1653.227132962962,-1029.3450653824243,-2948.796235290434
-262.57012900430277,2074.612812293566,1512.263029802939,130.71528413164367,-1070.7315559246865,-1034.2763300823615,-1767.8522811315675,-7256.872160674457,-469.5625992659159,-114.50191732535157,-5106.069109795091,-1046.6073602265487,1709.4273811596067,-2701.2509916839335,3443.6345801778043,-742.9510130272763,2362.6349336253725,2211.9897704096406,1553.7713165443054,-3518.536268856735,-1035.6056215544318,692.6477113365046,-3827.195453277662,2205.432266681399,117.51748203490587,-1465.3274938662846,-1786.2919678935543,-1406.7117015163308,-3384.620399285193,2594.7797419964463,295.9293511704555,-628.5117652533244,4248.798692363498,-3752.147789854353,2239.778567491959,1636.354366381081,-6028.268993602051,4101.206699623162,2299.9389609798363,3106.3950707635654,7096.103232505586,3565.847991898276,-1754.4158521937522,1180.6611269224004,416.0085809825845,1136.680734148613,5605.569140318627,-2606.492836050242,-3721.389696249604,3580.870238417165,3103.8331017234586,1962.1347138325639,-1319.886200996251,-952.5156540996137,593.3207475845477,1699.1242770978333
-13.94768107812109,110.37516502374514,80.41924187106801,6.739133837039179,-56.87838678094934,-54.9570391830457,-94.07843895922943,-386.2831693681252,-24.966731842168233,-6.009768848725954,-271.83559088486635,-55.72540676311236,91.11537848976019,-143.53302588063872,183.32595127195097,-39.64190257467993,125.82806178386677,117.78735997852048,82.70780330723467,-187.32692548413814,-55.02683119250958,37.045875218000965,-203.56054329093445,117.51748203490587,6.416906959100873,-78.05919199617831,-95.01602286570495,-75.12752503559207,-180.2585801119069,138.15780560897483,15.864390148736161,-33.44393236065338,226.26460722614306,-199.93734943435663,118.95366384080124,87.11895659049885,-320.80470624133056,218.2969132446803,122.64278687033305,165.22999715338048,377.6986279785551,189.86793319211014,-93.50338471960316,62.88059908747176,22.1459669176697,60.65979511532307,298.5884064824736,-138.85874645472583,-198.0871227470803,190.5879200018642,165.42162245419524,104.39743313479528,-70.32911663501446,-50.66503097446049,31.609128252112225,90.52184198451444
174.36262964292112,-1378.3222916003424,-1004.8366821091618,-86.75125288915598,711.2873214617558,687.7753193027974,1174.7803127981929,4821.977171573826,311.90262811245015,75.2422449468217,3393.10644163505,695.0734871741947,-1135.7785288523373,1793.8108368592173,-2288.0521337098767,493.7746444268451,-1569.7788996669378,-1469.3933660726836,-1032.284092175238,2337.6479958507875,688.36867178898,-460.06388799738545,2543.263752298327,-1465.3274938662846,-78.05919199617831,974.2922599549003,1186.5259404289754,935.0551837796522,2247.8055133199414,-1723.8498823857615,-196.8405442255632,417.67916589090555,-2822.7402484051904,2493.729575598788,-1487.611205339888,-1087.5921192836313,4005.9170479814875,-2724.1628916005516,-1528.2221433063226,-2064.2065547122793,-4715.096892449439,-2369.2773657997745,1166.494985672154,-784.4599227101417,-276.724812593439,-754.5743061078392,-3723.8830103484274,1731.3976541035222,2472.592000741684,-2378.9361963264164,-2062.315323613677,-1302.8632412860338,876.5152069640095,632.9995641445444,-393.6529828801066,-1129.2502314915714
212.79752286484506,-1681.014072264575,-1225.206326758884,-106.4735384764964,867.6360168112392,837.6230591043734,1431.980900922698,5878.131342021227,380.73826714870614,93.62201259486162,4135.548923707372,848.0187206654654,-1384.7118175971195,2189.7082938888616,-2789.3331963943074,601.0929771592946,-1913.493003365494,-1791.8742531834575,-1258.8767876133454,2850.3456317821356,838.8089820029244,-560.6249137513503,3100.097831404425,-1786.2919678935543,-95.01602286570495,1186.5259404289754,1447.797236137548,1138.6017450562015,2742.46005534625,-2101.6796573355628,-239.23621175374916,509.5338400889549,-3441.6893114813693,3038.2357797826103,-1815.174718482457,-1325.0501883889056,4882.450273440634,-3322.8238723079066,-1862.4849845557364,-2516.2659736309192,-5747.912230261122,-2888.1509760840613,1420.0379910692554,-956.4956631672968,-336.6544629979959,-920.7547875334669,-4540.561378261921,2111.7260139669797,3014.7033002935923,-2900.9690362362508,-2513.813347265028,-1590.5140098825927,1069.4633035537229,771.4504672578736,-481.07721341063507,-1375.81442320452
167.35914817987492,-1322.7677178699257,-964.3228426890244,-82.86830161393769,682.60008487475,659.8788862201493,1127.5631356361857,4628.433960593317,299.20255472625547,72.18421481292843,3257.0274477703356,667.2563705771593,-1090.266908204009,1721.397486400777,-2196.3476923669623,474.3591311126823,-1507.0455552933602,-1410.6051279325757,-990.7757215094633,2243.8608771498675,660.578921914741,-442.0428305422803,2440.9586142733106,-1406.7117015163308,-75.12752503559207,935.0551837796522,1138.6017450562015,897.9441203113948,2157.841366186143,-1654.9390260281482,-189.13222151160392,400.64166224732844,-2709.7001267402684,2393.9965377666904,-1427.636771950309,-1044.021525508125,3845.215170542308,-2614.9663142667837,-1467.3136710865567,-1981.1995649537666,-4525.887309165063,-2274.424932853204,1119.9002499749688,-752.9399043714216,-265.60226301948785,-724.7823537190654,-3575.0418712105743,1662.0167554721645,2373.2407972571823,-2283.450981601426,-1979.897120535318,-1250.4362619879826,841.4870796654562,607.5761904721779,-377.94269779442567,-1084.114976320746
403.1601069627173,-3184.4594972237187,-2321.0209231888225,-201.147600589884,1643.652038444054,1586.5763459450577,2712.958691180522,11136.835093021538,721.0250662284458,177.27704466848496,7835.489175329003,1606.7738959746744,-2623.5353622153307,4147.931395979549,-5284.935521959468,1139.5393376597735,-3625.783520058835,-3395.200480117379,-2384.9133855231184,5400.327707104047,1589.0171099075717,-1062.8565393982,5873.244717578484,-3384.620399285193,-180.2585801119069,2247.8055133199414,2742.46005534625,2157.841366186143,5196.180842063299,-3982.348364998365,-453.57644720539525,964.8373171050915,-6521.054207590646,5756.912056948307,-3438.6980074114294,-2510.6388814856214,9250.640019346773,-6295.62294613302,-3529.304118875407,-4767.193574556911,-10890.183265703188,-5472.341687639465,2690.8536211605356,-1812.090316600792,-637.8630654536439,-1745.2158269316628,-8603.567236845529,4000.993799664875,5711.502386948158,-5496.21691457684,-4763.204095771989,-3013.0791527603346,2026.3901084465763,1461.62404479894,-911.5423690313149,-2606.9656216830517
-308.9831042846345,2440.9065500948536,1779.2955032879386,153.89408499956306,-1259.893178700193,-1216.83123635926,-2079.994492880354,-8538.195621928338,-552.4306956104166,-134.8917241672607,-6007.620141989655,-1231.4583159758126,2011.1404274349893,-3178.4560955648344,4051.721535236534,-874.1929638451342,2779.86206286764,2602.6264960776866,1828.1032666976262,-4139.8007260946715,-1218.4961503103325,814.9423569116464,-4503.036006065978,2594.7797419964463,138.15780560897483,-1723.8498823857615,-2101.6796573355628,-1654.9390260281482,-3982.348364998365,3053.047920179568,348.09783834922035,-739.3821167676132,4999.028967381084,-4414.483350413808,2635.5443997367283,1925.2764515897388,-7092.790181802807,4825.537541672589,2705.972918568061,3654.9600721278284,8349.118163705121,4195.518194288644,-2064.075007777556,1389.0752061022913,489.4121364264627,1337.479667685611,6595.439663928225,-3066.6597566856685,-4378.430906369238,4213.197262912301,3651.7893612256003,2308.6766329160705,-1552.966434592414,-1120.728377796847,698.1435975775366,1999.1040536339597
-35.15422008450581,278.06675268460367,202.75832592453577,17.25368319798066,-143.4608112102673,-138.86336516972733,-237.16414942476234,-973.5294475988925,-62.83182039119595,-14.894535791042774,-685.1836780521725,-140.25990010156386,229.32245985819256,-361.5329225607706,461.9662657663291,-99.9593150430904,317.04009874006084,296.6414917060501,208.30179026476418,-471.87127677692223,-138.94862877333605,93.09389822620965,-513.4042281669875,295.9293511704555,15.864390148736161,-196.8405442255632,-239.23621175374916,-189.13222151160392,-453.57644720539525,348.09783834922035,39.93663161742843,-84.154565506545,569.900148962621,-503.88408426305926,299.95790356321095,219.71319577099035,-808.904091956141,549.7292342267001,308.7577499931989,416.69239250192874,951.9300053476618,478.43669941072943,-235.8813967530275,158.33347259521344,55.978295241918836,152.40923088867714,751.9243594483438,-349.4638131575701,-499.08660172684444,480.15950745450584,416.5345204140694,262.64622802082124,-176.8799300970032,-127.8220561796047,79.34004309671882,228.1720137909596
74.86543072200757,-591.5942919261671,-431.1659245834415,-37.50465349949397,305.28083730659876,294.8803535766906,503.92784604986235,2068.390509205686,134.04021022509633,32.81736128673759,1455.2375375820131,298.3278875107186,-487.29139440391964,770.4893660534613,-981.45094891975,211.37101770279534,-673.2162845276381,-630.4053124758925,-443.0262514996013,1002.9596663632963,295.2195395155569,-197.1240084481113,1090.8880500256407,-628.5117652533244,-33.44393236065338,417.67916589090555,509.5338400889549,400.64166224732844,964.8373171050915,-739.3821167676132,-84.154565506545,179.48689551573364,-1210.9362629561474,1069.0572498112779,-638.6243681623077,-466.2606528866386,1717.9859180955505,-1169.0944966744905,-655.3292862263073,-885.4270464433862,-2022.5631686898214,-1016.1893043905449,499.71576997165073,-336.6195572318046,-118.47047356989535,-323.7471071475441,-1597.4371310893362,743.0173590017253,1060.8520263783998,-1020.7124417691629,-884.5239037467836,-559.6413899655695,376.24744431206415,271.43794704316167,-169.18461585875303,-484.10179931034105
-505.9326611812211,3997.038788095496,2913.55906801699,252.10823119049746,-2063.0157139353096,-1992.4872954483567,-3405.8620525855517,-13980.75652480427,-904.7438071020053,-221.02827277689676,-9836.96357055458,-2016.4771381539692,3293.242954679141,-5204.876007435878,6634.3739260205675,-1431.134061571104,4551.699321790985,4261.622845630294,2993.522651851261,-6778.761722047785,-1995.1604755037713,1334.2739934877854,-7373.3706373267305,4248.798692363498,226.26460722614306,-2822.7402484051904,-3441.6893114813693,-2709.7001267402684,-6521.054207590646,4999.028967381084,569.900148962621,-1210.9362629561474,8185.610736063879,-7228.230084337934,4315.595847352374,3152.3771260763306,-11613.701209607021,7901.623230225745,4430.744349907788,5984.713991409463,13671.083780940118,6869.766579828832,-3379.524115819548,2274.6224246021816,801.315821612468,2189.9650975936497,10799.519401260011,-5021.669358309199,-7169.5554102697515,6898.939630882204,5979.535266629336,3780.6377849637533,-2542.9781184356216,-1835.0607955468004,1143.2811263198541,3273.2610428081657
446.58855951520303,-3529.1496529423644,-2572.7493391578764,-222.03765643706183,1821.404539748828,1760.2159926058096,3007.823823082795,12346.512201088197,798.5552976893764,193.64448269828216,8687.699642512604,1780.1974223926475,-2908.1571725594094,4593.9899621014465,-5858.7601137699285,1264.540647446467,-4019.7398569791962,-3762.960171629187,-2643.1885636152156,5985.816614269228,1762.1982459153373,-1178.500151167785,6511.644196307648,-3752.147789854353,-199.93734943435663,2493.729575598788,3038.2357797826103,2393.9965377666904,5756.912056948307,-4414.483350413808,-503.88408426305926,1069.0572498112779,-7228.230084337934,6384.714045154822,-3809.7068443781727,-2784.5044656422956,10256.857062394061,-6976.355424213482,-3913.205366634908,-5285.189678230093,-12072.967048138977,-6066.803830376264,2986.083125597511,-2008.5550867168286,-708.2122621328992,-1933.2647656806466,-9536.323227463536,4433.790405579015,6331.043203481751,-6091.71685922178,-5280.751299074916,-3336.8349343086434,2244.941384692383,1620.716651743849,-1008.6679783349643,-2891.278330489488
-266.8847949656764,2107.7025387746125,1536.3049156186921,133.58554278651766,-1088.0639340862767,-1050.319521482817,-1795.6045880347538,-7370.757179727003,-477.2527261751098,-117.42466754344943,-5185.764574050329,-1063.3502578623002,1736.0795304933613,-2745.713335705997,3497.7044857797946,-753.9880993717121,2399.52332681622,2246.9258183846882,1578.4201764184459,-3574.028303369158,-1051.916668717256,703.0258509077834,-3887.494492340522,2239.778567491959,118.95366384080124,-1487.611205339888,-1815.174718482457,-1427.636771950309,-3438.6980074114294,2635.5443997367283,299.95790356321095,-638.6243681623077,4315.595847352374,-3809.7068443781727,2276.3775282422102,1661.628635317281,-6122.61997762681,4166.613933730276,2335.366765507001,3155.3768781479835,7207.587016786824,3621.657585634355,-1780.7262835207814,1199.2349123198262,422.17186166824246,1154.6253506012863,5693.608866548505,-2647.6876004224846,-3780.0689916370657,3637.585440685788,3152.017942579305,1994.1873423485622,-1340.9347626799565,-967.4386085582205,603.1692843433077,1725.240539810137
-194.78918560116233,1539.1753406363757,1122.0866457009602,96.91662351945247,-794.4184143345824,-767.7635200022219,-1311.8351331164451,-5384.706111158682,-348.2622358220232,-84.42619567915678,-3789.0132854970575,-776.3656945419666,1268.2627152941188,-2003.6283991583996,2555.1884056323106,-551.5008102763219,1753.122046089943,1641.09960625062,1152.7727424854886,-2610.564329635873,-768.630745965777,513.8923304340394,-2840.0338817257507,1636.354366381081,87.11895659049885,-1087.5921192836313,-1325.0501883889056,-1044.021525508125,-2510.6388814856214,1925.2764515897388,219.71319577099035,-466.2606528866386,3152.3771260763306,-2784.5044656422956,1661.628635317281,1214.4417940697172,-4473.448770465574,3042.5722715683464,1706.6051432811225,2305.1109984891905,5265.4481129850765,2645.9133005688695,-1302.3449355316209,875.970985028866,308.87962761239476,843.0376777383434,4158.946961161228,-1933.5918612455464,-2761.1441510014515,2656.752925390026,2303.0177198345527,1455.2460386475536,-979.019603632452,-706.8700129919014,439.8458286933018,1260.9752384770088
717.7590570262082,-5670.872200090746,-4133.971174762897,-357.6141336186459,2927.0218852474727,2827.9539714889233,4832.707242209361,19837.145740439497,1283.3804237035547,312.3094817412396,13958.109604773841,2860.571281607135,-4672.34646779803,7383.41522970569,-9413.315815521686,2031.0708410775776,-6458.325645474058,-6046.16721034327,-4247.129231671515,9617.712738812428,2831.422964110678,-1892.9394905947,10462.527933247326,-6028.268993602051,-320.80470624133056,4005.9170479814875,4882.450273440634,3845.215170542308,9250.640019346773,-7092.790181802807,-808.904091956141,1717.9859180955505,-11613.701209607021,10256.857062394061,-6122.61997762681,-4473.448770465574,16479.47348436839,-11210.060835431712,-6286.6808191468235,-8491.972224175179,-19397.825261452435,-9747.386625304436,4796.450637262478,-3227.2075668110774,-1137.4629903298558,-3106.2413279018765,-15322.041476783377,7124.036165606305,10172.384621870862,-9788.085913891697,-8484.044249946406,-5362.651749392129,3607.3003785782766,2603.9707500243057,-1621.174302206512,-4644.842846388719
