V1,V2,V3,V4,V5,V6,V7,V8,V9,V10,V11,V12,V13,V14,V15,V16,V17,V18,V19,V20,V21,V22,V23,V24,V25,V26,V27,V28,V29,V30,V31,V32,V33,V34,V35,V36,V37,V38,V39,V40,V41,V42,V43,V44,V45,V46,V47,V48,V49,V50,V51,V52,V53,V54,V55,V56
1664.1382898793,-12330.106453794566,15714.970718916535,5850.661345598234,135.45476976966776,-8959.729592505966,9669.539274548768,-10799.999888933173,4082.7849350854335,-4686.113839828644,-12918.679181959664,-10054.452036469396,-4601.723014702467,925.7301103035047,11006.806087850686,-3920.6941148228707,4689.749212547838,-13118.558789670726,-14140.993744218953,-1037.470174664616,-11370.199008046498,2124.246885716331,-9426.931273910464,10251.863364862802,-4799.923353170276,8814.203675298995,-7036.485570437706,-3092.462256486425,-162.83047791879974,-4659.323311349216,6007.980163361218,-2225.052032094,-5737.813583412404,-2307.479656489015,-621.1966684531521,1914.2722449261285,7770.35569975718,-4645.917921167997,9689.327992760294,14712.840972754244,-9111.967037418282,11997.228001325804,1834.0687215877188,5031.452568389262,-18980.514519208362,7537.245303543366,-10868.136374225502,-7031.3462205227315,10434.406466908593,3596.3373366986048,-11305.775265676597,-10720.061486341558,2562.7085252808747,-5195.1465093377,-1987.3582675398175,7705.423700403943
-12330.106453794566,91359.37733653779,-116439.50750462917,-43350.07185547085,-1002.9810572571978,66387.52798197085,-71643.82974392093,80021.70584811666,-30251.55792092012,34721.439894972274,95718.97935784701,74498.76414917856,34096.25052556326,-6859.976935971566,-81554.65230254814,29049.92939872186,-34746.02851404644,97201.23886272643,104777.16164906896,7687.473386522588,84246.89267201778,-15739.14394877968,69848.29313680819,-75958.55724289366,35565.151967829755,-65306.87989327359,52136.681127599855,22913.83177390559,1206.0689064764326,34523.395788529546,-44516.50752993337,16486.961452414253,42511.748319337225,17099.97117550254,4603.404727906488,-14183.58609946773,-57571.82178979581,34423.83760673483,-71791.97230348866,-109013.9415724509,67514.48570210306,-88892.74684916963,-13589.794028884518,-37281.42243856341,140633.12962616855,-55844.83131309461,80527.91778269698,52098.39005756474,-77313.99375837491,-26647.73487923852,83769.68646118761,79430.27433341046,-18987.900796470174,38491.86007109379,14726.081749520208,-57092.31533255448
15714.970718916535,-116439.50750462917,148404.68685059127,55250.59672249228,1278.2741212297233,-84612.40071913516,91311.46254849187,-101989.37015153035,38556.290579025816,-44253.219953539905,-121995.81809315624,-94950.34178121919,-43456.41005559429,8743.246028775757,103943.18768178426,-37024.74610575853,44284.39616342155,-123885.07703435463,-133540.77116804087,-9797.878386728498,-107374.48524167921,20059.854484862724,-89023.15501105273,96810.67793892564,-45328.58097843065,83234.9258424845,-66449.34093031625,-29204.20148647154,-1537.1318387979595,-44000.84008959988,56737.29922046007,-21013.027333563023,-54181.984052403786,-21794.478250196615,-5867.1855548472595,18077.279371311713,73376.37680933715,-43873.93627347287,91500.37827714265,138940.61878726367,-86048.66051622161,113295.72068361563,17320.51111314382,47516.057426002684,-179239.8242807756,71175.30635465455,-102634.64325888063,-66400.52376406772,98538.41211744555,33963.1741877715,-106766.2851183844,-101235.63831499408,24200.46554507084,-49058.616707814974,-18768.76831773373,72765.34635905437
5850.661345598234,-43350.07185547085,55250.59672249228,20569.64264522703,475.9662547995278,-31500.854120210442,33995.2032441035,-37970.372805488194,14354.35341062457,-16475.34990730289,-45418.81323911265,-35349.64459195664,-16178.689474322802,3254.999385287779,38697.70854565561,-13784.228108381798,16487.198056057234,-46122.04904664675,-49716.81012751358,-3647.680515989618,-39975.20136269977,7468.260393504458,-33143.06176997918,36042.54190876874,-16875.65740955937,30988.269395463056,-24738.870394763224,-10872.596564415615,-572.312387262804,-16381.34250633386,21123.056210791143,-7823.030380250665,-20172.025859858983,-8113.729260918551,-2184.265884975372,6730.128909016996,27318.035224693936,-16334.11994438478,34065.37995514248,51727.187258972495,-32035.676167216996,42179.668457163425,6448.337874092033,17689.96970139176,-66730.65857265305,26498.559582576243,-38210.466053779695,-24720.717540185975,36685.4745028666,12644.299854020252,-39748.756087263704,-37689.67134196632,9009.797607114531,-18264.511355625564,-6987.468802859764,27090.38557582394
135.45476976966776,-1002.9810572571978,1278.2741212297233,475.9662547995278,11.24987625388911,-728.5401839169854,787.3178645806039,-878.6600862529709,331.99115711899395,-381.2271054820991,-1051.3417622474167,-817.6123792057159,-374.3266911945333,75.0193014294424,895.2652400870921,-319.0210400880759,382.3340435882332,-1067.1655657028127,-1150.2530942913986,-84.2588618151628,-924.9302211996935,172.92284169765085,-766.8717194624387,834.6784747337786,-390.32942611497083,717.5261923687544,-572.3240304035093,-251.424990974382,-13.389692591388927,-378.8894345988933,488.4900494894902,-180.8087493665116,-467.5411669779346,-186.7309620060099,-50.29783843584453,155.75890374295096,632.8623510564156,-377.8768208718099,788.4032357850566,1196.8715535919878,-741.28336802314,975.9666426577708,149.07173862792555,408.89935317474936,-1544.6959049280547,613.8198266533738,-883.7316644297929,-571.9785433586575,848.5267566686849,292.2519426290796,-919.6419177391272,-871.8568782567135,208.5902717246148,-423.06066646373597,-161.3704273739778,627.0263582413573
-8959.729592505966,66387.52798197085,-84612.40071913516,-31500.854120210442,-728.5401839169854,48241.747140021565,-52060.00815514046,58148.67515456526,-21982.853280000905,25230.754833760282,69554.88510938393,54135.85845827627,24776.49698173543,-4985.2503893740095,-59262.88341440128,21109.40392280523,-25247.60552101387,70632.53475347995,76137.78379532995,5586.373386321822,61219.1046315652,-11436.901683145348,50756.1487856768,-55195.37329514659,25844.043955260044,-47455.447391915324,37885.89077369993,16650.806789602564,876.2254574919433,25087.04208420533,-32348.802636915156,11980.70673755236,30890.729241763154,12427.139945596487,3345.4184371335873,-10306.639220027904,-41834.35332428584,25014.59845988671,-52168.31544994538,-79216.36913551898,49060.21564908669,-64595.038323644054,-9875.356674767418,-27091.525839113216,102192.0348030685,-40579.512854281245,58517.11066019065,37857.97492316634,-56181.573401335016,-19364.29886833134,60872.39625481298,57719.280204020375,-13797.65312300433,27970.046692080858,10701.269539055826,-41486.60825588209
9669.539274548768,-71643.82974392093,91311.46254849187,33995.2032441035,787.3178645806039,-52060.00815514046,56185.513044004234,-62753.33940697142,23722.803551433524,-27228.61253435857,-75064.2645091629,-58420.896291925514,-26738.221147877928,5378.616529946879,63954.73777168931,-22781.22040451835,27250.6496881195,-76225.17055026157,-82165.91599672628,-6028.049054571518,-66066.34327659184,12343.036945753469,-54775.04279241447,59569.0861710965,-27889.72530349977,51215.3607285957,-40885.29558333357,-17968.54355246193,-946.2858105475102,-27072.768243890263,34908.99327058617,-12928.409448149685,-33340.35353657675,-13406.471598738503,-3609.1881539134556,11122.889280638923,45150.381811981635,-26994.96420614658,56299.90429533467,85488.73754879938,-52944.98576926809,69709.71762738304,10656.684632146873,29234.724069635664,-110286.72660711026,43795.80810856808,-63148.71454291692,-40855.51525316603,60628.62196895981,20896.118748048015,-65691.95658154518,-62288.520217706086,14890.710607864681,-30186.81716722106,-11547.178289782272,44772.471466202805
-10799.999888933173,80021.70584811666,-101989.37015153035,-37970.372805488194,-878.6600862529709,58148.67515456526,-62753.33940697142,70091.12862068167,-26497.271982784332,30412.544926787854,83840.59376304268,65253.32394530218,29864.91849203797,-6008.473581640772,-71433.69725280331,25444.903538496612,-30434.603832378634,85138.6253662885,91774.32596532973,6733.374620549554,73791.89897305236,-13786.003130613633,61180.1708891456,-66532.60537045846,31151.452781906093,-57202.664793346565,45666.50081692423,20070.149525701236,1056.488927964705,30238.976124320692,-38991.87853867821,14440.814848912816,37236.570156009235,14977.246785919519,4031.9737706612627,-12423.435771266817,-50427.68388071028,30151.82336404324,-62882.7602494522,-95485.38846208385,59136.008952650955,-77861.22413587308,-11903.2282183101,-32654.5649890261,123181.07838582103,-48914.96078210701,70534.21711770733,45633.00837406402,-67719.1892829798,-23340.573304552698,73373.88314967867,69572.90025055605,-16631.59104293109,33715.33154979861,12898.39323439103,-50007.32760703353
4082.7849350854335,-30251.55792092012,38556.290579025816,14354.35341062457,331.99115711899395,-21982.853280000905,23722.803551433524,-26497.271982784332,10017.171512746932,-11497.185802529844,-31694.881996155724,-24668.69085018369,-11290.187541799465,2271.6747403840054,27004.987475124624,-9619.165148038019,11504.895467106675,-32185.93016011579,-34694.5663228426,-2545.600988126798,-27896.405038973182,5211.587654083876,-23128.631821356084,25151.530638211785,-11776.644153140118,21624.5828309192,-17263.891624938522,-7587.4570257278465,-399.2851693578462,-11431.692522493857,14740.73721297792,-5459.377369933095,-14076.359829226549,-5662.778639568587,-1524.4358767596514,4696.544867980372,19063.164658335023,-11398.684152985954,23772.137088802465,36097.424109410626,-22355.82794221004,29434.756270835333,4500.011212493749,12345.08831238669,-46567.03221219148,18491.354139155363,-26665.142984024013,-17251.17364645777,25600.88515531084,8823.938571711462,-27738.41467278695,-26301.59314188196,6287.338043167512,-12745.446371826207,-4876.357806500866,18904.682475367576
-4686.113839828644,34721.439894972274,-44253.219953539905,-16475.34990730289,-381.2271054820991,25230.754833760282,-27228.61253435857,30412.544926787854,-11497.185802529844,13196.007477876685,36378.40622034503,28313.461745926583,12958.39579078217,-2607.107700142094,-30995.108146222625,11040.540504996423,-13205.494826899245,36941.66760666358,39820.90836107776,2921.626806799745,32018.3216655633,-5981.737300660867,26546.087866835533,-28868.437881448644,13516.635690445368,-24820.1955341622,19814.712604352982,8708.456535877749,458.39595262458556,13120.712367442702,-16918.60973563554,6265.892687421938,16156.874609490751,6498.7317535156035,1749.4987130331385,-5390.527511656425,-21880.50399075671,13082.888397079729,-27284.8226548943,-41431.12874774105,25659.122076050116,-33783.99977660755,-5164.8262248034125,-14168.86389136875,53448.2263581352,-21224.141259451542,30604.84967342112,19800.172646669387,-29383.400400920553,-10127.510862582962,31836.94945227954,30187.716560822646,-7216.438458453404,14629.043298478333,5596.646360782434,-21698.168715279095
-12918.679181959664,95718.97935784701,-121995.81809315624,-45418.81323911265,-1051.3417622474167,69554.88510938393,-75064.2645091629,83840.59376304268,-31694.881996155724,36378.40622034503,100287.6688291446,78053.23011816226,35723.30742197236,-7186.7148201476275,-85446.22218727932,30436.380050103344,-36405.92801262253,101839.71592238825,109776.97906649258,8054.025817483339,88267.16181000763,-16490.48119614043,73181.50418744117,-79584.8703821949,37262.04505678666,-68424.45410238953,54624.4904759415,24006.985458925537,1263.9339167813519,36170.56749762475,-46640.318772487044,17273.304314393292,44542.12205880879,17913.86786061069,4822.569618353326,-14860.513078311064,-60320.819348742974,36066.43120226947,-75218.33787398376,-114216.15729198836,70736.39943993391,-93134.77988215208,-14238.031625641024,-39059.641486845736,147345.65166500362,-58511.244977422124,84369.9432950214,54584.530401772834,-81002.81919887729,-27918.72043682997,87767.07976832747,83220.28825489277,-19894.270004493246,40329.67377803844,15428.170907943975,-59817.22860892213
-10054.452036469396,74498.76414917856,-94950.34178121919,-35349.64459195664,-817.6123792057159,54135.85845827627,-58420.896291925514,65253.32394530218,-24668.69085018369,28313.461745926583,78053.23011816226,60750.12005811352,27803.693029938633,-5594.278117707221,-66503.6109951785,23688.57679718493,-28332.57435656536,79262.4383971479,85440.2991434779,6268.883499174039,68698.87007693293,-12834.295999225764,56957.55260408796,-61939.33867037664,29001.64268524592,-53253.695533390135,42514.78075820812,18685.171704169934,983.3193175335495,28152.15066111797,-36301.12678374089,13444.464027617149,34665.16347714864,13945.24667673062,3754.1042031182865,-11565.91638590909,-46945.87783700811,28070.873833696598,-58542.3057052235,-88895.05163491171,55054.41797093184,-72487.28391301932,-11081.898964734746,-30401.476589773785,114678.05615124901,-45537.70022235772,65666.65581593648,42483.47200459216,-63045.78140909794,-21730.158236302694,68309.78892776521,64771.38979662786,-15483.484184066798,31387.547503152353,12008.679805916816,-46555.5066562102
-4601.723014702467,34096.25052556326,-43456.41005559429,-16178.689474322802,-374.3266911945333,24776.49698173543,-26738.221147877928,29864.91849203797,-11290.187541799465,12958.39579078217,35723.30742197236,27803.693029938633,12725.068270961987,-2560.2080305895684,-30437.025985805347,10841.73159433729,-12967.587433232753,36276.49370201416,39103.903748683704,2869.041037967993,31441.799400468826,-5874.011176604454,26068.09564863935,-28348.52128202317,13273.275159264207,-24373.20302848802,19457.939568971247,8551.673274799557,450.11975543550983,12884.480750770354,-16614.01023818008,6153.098676889041,15865.832458917268,6381.865709494204,1718.0331476736292,-5293.4597595523555,-21486.404935979263,12847.326481081132,-26793.499707189076,-40685.11515767771,25197.095587201235,-33175.68000628196,-5071.847478368193,-13913.79978929695,52485.730613570326,-20841.87314400469,30053.833627333173,19443.650372976997,-28854.365857256253,-9945.201068749693,31263.700281336554,29644.184802911204,-7086.480481931323,14365.562856681097,5495.918348480849,-21307.438001831917
925.7301103035047,-6859.976935971566,8743.246028775757,3254.999385287779,75.0193014294424,-4985.2503893740095,5378.616529946879,-6008.473581640772,2271.6747403840054,-2607.107700142094,-7186.7148201476275,-5594.278117707221,-2560.2080305895684,515.4609799742374,6123.8539357875325,-2181.173364352067,2607.9234357897635,-7298.567705037713,-7867.530967207037,-577.4043930489782,-6325.8751587696115,1181.6559105693968,-5244.6966379701935,5702.610128396402,-2670.6561534686894,4903.061646859072,-3914.897071637207,-1720.7122807679305,-90.37819771521328,-2592.438500585851,3342.930956319878,-1238.2059485564905,-3191.093121594045,-1285.2301975357532,-345.9560618171357,1064.9579978308313,4321.9398695505215,-2584.8617876944268,5390.406907895229,8185.531389796762,-5069.414978817114,6674.68290224442,1020.5787823818725,2799.8628258514436,-10558.891265179436,4192.36534333697,-6047.080394187677,-3911.9292341515425,5805.656614682238,2001.2862888493694,-6290.103626728393,-5964.445706069716,1425.5958531202014,-2889.6782407483033,-1106.1175469890798,4286.639015847685
11006.806087850686,-81554.65230254814,103943.18768178426,38697.70854565561,895.2652400870921,-59262.88341440128,63954.73777168931,-71433.69725280331,27004.987475124624,-30995.108146222625,-85446.22218727932,-66503.6109951785,-30437.025985805347,6123.8539357875325,72802.19816309556,-25932.24802755328,31016.793167456985,-86769.54704603166,-93532.44535761328,-6862.494111392406,-75205.47191689585,14049.970957280702,-62352.13102474663,67806.40959411563,-31748.323382339848,58297.94213733201,-46541.368687771086,-20454.752064931006,-1076.5859970046092,-30818.369917581662,39739.05100577122,-14717.634836308858,-37949.10803180697,-15265.111572659856,-4109.441482193869,12661.38351049159,51392.932981981394,-30729.470906039078,64087.15273617886,97314.499035645407,-60268.7782497995,79352.72094603546,12131.370668349102,33280.4890606703,-125540.08306421297,49851.31003002364,-71885.7359588745,-46507.16333760132,69016.70659950386,23787.983495970024,-74779.49527431527,-70905.83652126948,16950.069517751515,-34360.74604316861,-13145.767197321586,50965.068202466806
-3920.6941148228707,29049.92939872186,-37024.74610575853,-13784.228108381798,-319.0210400880759,21109.40392280523,-22781.22040451835,25444.903538496612,-9619.165148038019,11040.540504996423,30436.380050103344,23688.57679718493,10841.73159433729,-2181.173364352067,-25932.24802755328,9237.171535864529,-11048.709674251173,30907.512057116368,33316.42507577788,2444.3613306940415,26788.356368381337,-5004.697521812606,22209.979024180477,-24153.189231023665,11308.753070783867,-20766.14085768016,16578.099002609935,7285.953422729286,383.5608863627408,10977.498937345003,-14155.006943463655,5242.349103480045,13517.988862364671,5436.931914801229,1463.6630941469703,-4510.0345720263695,-18306.697839193308,10945.87717699373,-22828.09890424281,-34663.656446707275,21467.90246753934,-28265.6315851034,-4321.153387269209,-11854.368415037174,44718.035109724864,-17757.52506663049,25605.663599131327,16565.95510686939,-24583.751628846025,-8473.169380109824,26636.596345623257,25256.713974868628,-6037.719497759978,12239.621445829602,4682.389387454323,-18153.98745003824
4689.749212547838,-34746.02851404644,44284.39616342155,16487.198056057234,382.3340435882332,-25247.60552101387,27250.6496881195,-30434.603832378634,11504.895467106675,-13205.494826899245,-36405.92801262253,-28332.57435656536,-12967.587433232753,2607.9234357897635,31016.793167456985,-11048.709674251173,13217.937334102353,-36968.005576041745,-39848.98869346314,-2923.2129130536664,-32041.112614690646,5986.437474875435,-26565.057849854344,28891.607402701244,-13525.789028359437,24839.74621659425,-19828.553007753166,-8714.158476634784,-459.2439999547374,-13129.5699809067,16929.780414520108,-6269.655018495015,-16171.239114861382,-6499.813284185237,-1749.889818203664,5394.506788187646,21898.86883601687,-13092.007788417939,27304.99245195498,41460.72163820143,-25677.581521931545,33808.15382282275,5168.052522916552,14177.519057432564,-53488.779079212116,21241.75088194407,-30625.337743067783,-19814.267664772873,29403.30157916821,10133.635873219024,-31859.437916420356,-30208.52480801244,7222.018935756211,-14641.09646022755,-5599.556753268823,21714.38968815343
-13118.558789670726,97201.23886272643,-123885.07703435463,-46122.04904664675,-1067.1655657028127,70632.53475347995,-76225.17055026157,85138.6253662885,-32185.93016011579,36941.66760666358,101839.71592238825,79262.4383971479,36276.49370201416,-7298.567705037713,-86769.54704603166,30907.512057116368,-36968.005576041745,103416.66159124061,111476.99949182889,8179.010327916081,89633.96224673964,-16745.591734704565,74314.66548421638,-80815.79619191527,37839.29621761832,-69482.96548113778,55470.48466717212,24379.00031565833,1283.220870249919,36730.92518149591,-47363.01150601348,17541.159158305774,45230.28461314303,18193.196113925453,4897.712742496203,-15090.547594104753,-61253.35247726669,36625.01837748325,-76382.67132656109,-115984.71741991334,71831.63272814511,-94576.89651165814,-14458.75059717816,-39665.2537498707,149625.90211417156,-59415.91435902047,85677.1040199571,55429.76106609475,-82257.68633709064,-28351.628282054466,89126.23121990994,84509.31000019953,-20202.086696938517,40953.27573798388,15667.659424383972,-60743.06356718256
-14140.993744218953,104777.16164906896,-133540.77116804087,-49716.81012751358,-1150.2530942913986,76137.78379532995,-82165.91599672628,91774.32596532973,-34694.5663228426,39820.90836107776,109776.97906649258,85440.2991434779,39103.903748683704,-7867.530967207037,-93532.44535761328,33316.42507577788,-39848.98869346314,111476.99949182889,120165.59620153409,8816.538100160602,96620.07467000882,-18050.704351454093,80106.77700896758,-87114.34078839299,40788.55764268859,-74898.30160758655,59793.90770505354,26279.1631185047,1383.1808058040594,39593.801254253165,-51054.59827970716,18908.398640904255,48755.25235427464,19611.55538221751,5279.532723023712,-16266.696833327442,-66027.17335734282,39479.60945590905,-82335.89332279004,-125024.60913397538,77430.20278705077,-101948.25236223411,-15585.719663224341,-42756.93254185144,161287.55003795054,-64046.55473586277,92354.95355711214,59749.982155218,-88668.99512399246,-30561.48132840451,96072.78911512849,91096.07625421578,-21776.59992690694,44145.020338832066,16888.917087014637,-65477.32437090489
-1037.470174664616,7687.473386522588,-9797.878386728498,-3647.680515989618,-84.2588618151628,5586.373386321822,-6028.049054571518,6733.374620549554,-2545.600988126798,2921.626806799745,8054.025817483339,6268.883499174039,2869.041037967993,-577.4043930489782,-6862.494111392406,2444.3613306940415,-2923.2129130536664,8179.010327916081,8816.538100160602,646.944875903828,7088.971302215116,-1324.3008288959043,5877.386207212031,-6391.118369807242,2992.7134981481204,-5494.951728139408,4387.094344107475,1928.170370909448,101.39934092375746,2905.056663008752,-3745.9932210936386,1387.412977004792,3576.6903400500337,1439.4609776740983,387.4941759556804,-1193.457420698692,-4843.935115747605,2896.632466480537,-6040.826827315381,-9172.982861040711,5680.987800107764,-7479.880115801663,-1143.5896542167013,-3137.286895380322,11833.191451716953,-4698.664468832182,6776.249971968792,4383.829025119162,-6505.767447289227,-2242.4565826444664,7048.8450700203675,6683.787239196166,-1597.6680009955974,3238.636364302136,1239.3047398536673,-4803.916783164929
-11370.199008046498,84246.89267201778,-107374.48524167921,-39975.20136269977,-924.9302211996935,61219.1046315652,-66066.34327659184,73791.89897305236,-27896.405038973182,32018.3216655633,88267.16181000763,68698.87007693293,31441.799400468826,-6325.8751587696115,-75205.47191689585,26788.356368381337,-32041.112614690646,89633.96224673964,96620.07467000882,7088.971302215116,77688.13179888594,-14513.842843438455,64410.490165079726,-70045.16068086904,32796.32723484514,-60222.70502923875,48077.743196914555,21129.932224589433,1112.1950220086492,31835.67281947996,-41050.7888557306,15203.39649202024,39202.251182308864,15768.569801652415,4244.988173183127,-13079.375965356694,-53089.86987730614,31743.877005132825,-66202.87721719763,-100527.02874928426,62258.37832998013,-81972.3026565056,-12531.788160271992,-34378.94506916016,129684.70545404559,-51497.31715049135,74258.63407918619,48042.44366546017,-71294.9305734575,-24573.121565155634,77248.07002125194,73246.46830397868,-17509.678669600846,35495.269474948815,13579.589278522508,-52647.6141295702
2124.246885716331,-15739.14394877968,20059.854484862724,7468.260393504458,172.92284169765085,-11436.901683145348,12343.036945753469,-13786.003130613633,5211.587654083876,-5981.737300660867,-16490.48119614043,-12834.295999225764,-5874.011176604454,1181.6559105693968,14049.970957280702,-5004.697521812606,5986.437474875435,-16745.591734704565,-18050.704351454093,-1324.3008288959043,-14513.842843438455,2711.5698352118766,-12033.299967268636,13086.361851057954,-6127.001161115043,11251.201538641462,-8981.934903417705,-3947.459013518265,-207.86073518460515,-5947.528108640266,7669.0546041040725,-2840.222357113013,-7324.267909448678,-2945.382094816941,-792.9286322142298,2443.534872597147,9918.768002779445,-5930.421570480323,12368.258425143153,18780.66374188093,-11631.256455411454,15314.235721810577,2341.144654947226,6422.524548458492,-24228.316781085337,9621.200982230244,-13872.94295591099,-8975.379850957468,13319.300665829474,4590.634003199657,-14431.603681040237,-13683.941031947357,3271.257620598548,-6631.539137806598,-2536.8034589406748,9835.842836746655
-9426.931273910464,69848.29313680819,-89023.15501105273,-33143.06176997918,-766.8717194624387,50756.1487856768,-54775.04279241447,61180.1708891456,-23128.631821356084,26546.087866835533,73181.50418744117,56957.55260408796,26068.09564863935,-5244.6966379701935,-62352.13102474663,22209.979024180477,-26565.057849854344,74314.66548421638,80106.77700896758,5877.386207212031,64410.490165079726,-12033.299967268636,53402.12583346482,-58073.84153563155,27191.11085783215,-49930.11858505732,39860.79227989357,17518.61311952829,922.123383781645,26394.640920828333,-34034.79617078297,12604.973707057556,32502.285189790106,13073.481833121867,3519.457701077237,-10843.989665821235,-44016.37565547446,26318.541359687,-54888.193711981214,-83346.00469395674,51617.83348000786,-67962.45805218407,-10389.974905676137,-28503.219929634284,107520.41725697281,-42695.998169432656,61567.09369596098,39831.53248681357,-59109.92246823569,-20373.31385717818,64045.63476252037,60727.93211302195,-14517.119014025739,29428.83108819693,11258.681070299233,-43649.654901215785
10251.863364862802,-75958.55724289366,96810.67793892564,36042.54190876874,834.6784747337786,-55195.37329514659,59569.0861710965,-66532.60537045846,25151.530638211785,-28868.437881448644,-79584.8703821949,-61939.33867037664,-28348.52128202317,5702.610128396402,67806.40959411563,-24153.189231023665,28891.607402701244,-80815.79619191527,-87114.34078839299,-6391.118369807242,-70045.16068086904,13086.361851057954,-58073.84153563155,63156.43585661575,-29569.40309204259,54299.659585055284,-43347.61251798568,-19050.724293149695,-1003.2409751720037,-28703.245992253174,37011.4301824031,-13707.06352695025,-35348.072913394906,-14214.104837461155,-3826.6063894540457,11792.751171918077,47869.35996169904,-28620.737250500126,59690.49259062911,90637.25366439883,-56133.56213746061,73907.94866143227,11298.508677252217,30995.467396898654,-116928.53206517786,46433.22668990526,-66951.90470985726,-43316.02119058313,64280.02196820984,22154.65025659479,-69648.23815859093,-66039.8647263409,15787.46800578157,-32004.69699288306,-12242.673088147674,47468.82319378805
-4799.923353170276,35565.151967829755,-45328.58097843065,-16875.65740955937,-390.32942611497083,25844.043955260044,-27889.72530349977,31151.452781906093,-11776.644153140118,13516.635690445368,37262.04505678666,29001.64268524592,13273.275159264207,-2670.6561534686894,-31748.323382339848,11308.753070783867,-13525.789028359437,37839.29621761832,40788.55764268859,2992.7134981481204,32796.32723484514,-6127.001161115043,27191.11085783215,-29569.40309204259,13845.163353531858,-25422.93490731698,20296.23567854809,8920.1567989166,469.43415733242273,13439.621163284442,-17329.878386854987,6418.2800030530325,16548.91832190599,6657.321657196924,1792.1725205276648,-5521.48369568228,-22411.63846760724,13400.824235019365,-27947.66610793798,-42437.83453760575,26282.56997306542,-34604.88849401459,-5290.411462257099,-14513.423682240224,54746.47165315643,-21739.382509235944,31348.758405052537,20281.291969095546,-30097.575391421986,-10373.804969524877,32610.581036124688,30921.370547659317,-7391.7041576906195,14984.196492406327,5732.843142892121,-22225.258162962593
8814.203675298995,-65306.87989327359,83234.9258424845,30988.269395463056,717.5261923687544,-47455.447391915324,51215.3607285957,-57202.664793346565,21624.5828309192,-24820.1955341622,-68424.45410238953,-53253.695533390135,-24373.20302848802,4903.061646859072,58297.94213733201,-20766.14085768016,24839.74621659425,-69482.96548113778,-74898.30160758655,-5494.951728139408,-60222.70502923875,11251.201538641462,-49930.11858505732,54299.659585055284,-25422.93490731698,46684.96445913328,-37268.995712313364,-16379.297446118322,-862.4906460733472,-24678.24077435314,31821.41477288302,-11785.005133018018,-30390.84199493498,-12221.300832169094,-3290.107160550107,10139.032070485984,41156.274028058615,-24607.26639915421,51319.981406126346,77927.14939028413,-48261.91009775646,63543.799594611875,9714.171622130927,26649.142331699662,-100531.29143497553,39921.566418548995,-57563.38009965035,-37241.801287500144,55266.140923956526,19048.032528224354,-59881.4648099902,-56779.158196964556,13573.530619833315,-27516.462141082877,-10526.013596583492,40812.15721676216
-7036.485570437706,52136.681127599855,-66449.34093031625,-24738.870394763224,-572.3240304035093,37885.89077369993,-40885.29558333357,45666.50081692423,-17263.891624938522,19814.712604352982,54624.4904759415,42514.78075820812,19457.939568971247,-3914.897071637207,-46541.368687771086,16578.099002609935,-19828.553007753166,55470.48466717212,59793.90770505354,4387.094344107475,48077.743196914555,-8981.934903417705,39860.79227989357,-43347.61251798568,20296.23567854809,-37268.995712313364,29753.209251545653,13076.42327307088,688.2416890090225,19701.73096512619,-25404.592561505426,9408.770911385267,24260.28025107734,9758.786492474974,2627.1117732398675,-8094.233509621625,-32854.71906668455,19644.896111582806,-40969.96128418067,-62211.71557303227,38528.93469218296,-50729.01737830384,-7755.408738274821,-21275.734119637244,80255.89484531268,-31869.1843149203,45955.494828399955,29731.340086216824,-44121.364700054866,-15207.313082480221,47805.42400626182,45329.05539149754,-10835.924665605648,21966.30323648266,8403.902450081205,-32581.206923086396
-3092.462256486425,22913.83177390559,-29204.20148647154,-10872.596564415615,-251.424990974382,16650.806789602564,-17968.54355246193,20070.149525701236,-7587.4570257278465,8708.456535877749,24006.985458925537,18685.171704169934,8551.673274799557,-1720.7122807679305,-20454.752064931006,7285.953422729286,-8714.158476634784,24379.00031565833,26279.1631185047,1928.170370909448,21129.932224589433,-3947.459013518265,17518.61311952829,-19050.724293149695,8920.1567989166,-16379.297446118322,13076.42327307088,5747.088318392767,302.41122164816056,8658.875978676077,-11165.30668750233,4135.198962302997,10661.904213763833,4289.396684278658,1154.7128075182918,-3557.3577179041386,-14439.127123461705,8633.860965206737,-18005.99985095191,-27341.730683290167,16933.252776765374,-22295.14029642849,-3408.5223394573904,-9350.765553845327,35271.74788440883,-14006.026919719563,20197.382303332022,13066.777843712896,-19391.254656852292,-6683.679879005078,21010.27163071412,19921.985028476036,-4762.27849714463,9653.870365774983,3693.612330380001,-14319.17994011823
-162.83047791879974,1206.0689064764326,-1537.1318387979595,-572.312387262804,-13.389692591388927,876.2254574919433,-946.2858105475102,1056.488927964705,-399.2851693578462,458.39595262458556,1263.9339167813519,983.3193175335495,450.11975543550983,-90.37819771521328,-1076.5859970046092,383.5608863627408,-459.2439999547374,1283.220870249919,1383.1808058040594,101.39934092375746,1112.1950220086492,-207.86073518460515,922.123383781645,-1003.2409751720037,469.43415733242273,-862.4906460733472,688.2416890090225,302.41122164816056,16.014813463193853,455.6792237140065,-587.5348043047403,217.5305324040057,561.7321482650248,225.11795263072085,60.620874811140254,-187.27139123385723,-760.5365092138123,454.4156349839581,-947.9030454319173,-1439.1780774270237,891.3347284998276,-1173.5467743482304,-179.32725697379394,-491.92101603319566,1857.0297021356814,-737.6861566248643,1062.8681526387836,687.7831199966807,-1020.489303581457,-351.6004890646063,1105.8643717594387,1048.4873244036612,-250.74967715700038,508.4460259338251,194.21761823618726,-753.8487400307482
-4659.323311349216,34523.395788529546,-44000.84008959988,-16381.34250633386,-378.8894345988933,25087.04208420533,-27072.768243890263,30238.976124320692,-11431.692522493857,13120.712367442702,36170.56749762475,28152.15066111797,12884.480750770354,-2592.438500585851,-30818.369917581662,10977.498937345003,-13129.5699809067,36730.92518149591,39593.801254253165,2905.056663008752,31835.67281947996,-5947.528108640266,26394.640920828333,-28703.245992253174,13439.621163284442,-24678.24077435314,19701.73096512619,8658.875978676077,455.6792237140065,13045.959285155915,-16822.267555253264,6230.285021264464,16064.148432283127,6462.351607731671,1739.6855126237292,-5359.749374625223,-21755.141796412478,13008.294485767661,-27129.03014703489,-41194.764542222365,25512.71121447767,-33591.257903613725,-5135.451258492362,-14088.316699467015,53142.84085297975,-21102.579451983805,30430.517075931068,19687.222174606377,-29215.98040140712,-10069.94987052042,31655.369105652153,30015.643156429953,-7175.185553663005,14545.271649350578,5564.929836351589,-21574.239888125354
6007.980163361218,-44516.50752993337,56737.29922046007,21123.056210791143,488.4900494894902,-32348.802636915156,34908.99327058617,-38991.87853867821,14740.73721297792,-16918.60973563554,-46640.318772487044,-36301.12678374089,-16614.01023818008,3342.930956319878,39739.05100577122,-14155.006943463655,16929.780414520108,-47363.01150601348,-51054.59827970716,-3745.9932210936386,-41050.7888557306,7669.0546041040725,-34034.79617078297,37011.4301824031,-17329.878386854987,31821.41477288302,-25404.592561505426,-11165.30668750233,-587.5348043047403,-16822.267555253264,21691.6957868313,-8033.7556026101365,-20713.814125510587,-8333.23791763431,-2243.3250303634713,6911.164275434824,28052.121408070132,-16773.677379041597,34981.70254171762,53118.94366995293,-32897.5740990539,43314.53413397102,6621.991374594049,18166.425885552766,-68525.29079031116,27210.694133369838,-39239.00928294701,-25385.861855716776,37672.89029932788,12984.878501347903,-40818.30932192045,-38703.99307193347,9252.06865404334,-18755.388694464327,-7175.83877881265,27819.02703220924
-2225.052032094,16486.961452414253,-21013.027333563023,-7823.030380250665,-180.8087493665116,11980.70673755236,-12928.409448149685,14440.814848912816,-5459.377369933095,6265.892687421938,17273.304314393292,13444.464027617149,6153.098676889041,-1238.2059485564905,-14717.634836308858,5242.349103480045,-6269.655018495015,17541.159158305774,18908.398640904255,1387.412977004792,15203.39649202024,-2840.222357113013,12604.973707057556,-13707.06352695025,6418.2800030530325,-11785.005133018018,9408.770911385267,4135.198962302997,217.5305324040057,6230.285021264464,-8033.7556026101365,2975.4364767905863,7671.116521075073,3086.7133044560783,830.936896846833,-2559.57151879698,-10388.91027670667,6212.252862056786,-12955.58015644252,-19672.89433321085,12183.781622836215,-16041.774066882757,-2452.5499475656143,-6728.222470448048,25378.41798040318,-10077.319501655937,14532.558381923185,9401.800243910799,-13952.501272697597,-4809.1625276821505,15117.318386689405,14334.33349186901,-3426.500617199619,6945.957872360407,2657.749691369403,-10302.838434547159
-5737.813583412404,42511.748319337225,-54181.984052403786,-20172.025859858983,-467.5411669779346,30890.729241763154,-33340.35353657675,37236.570156009235,-14076.359829226549,16156.874609490751,44542.12205880879,34665.16347714864,15865.832458917268,-3191.093121594045,-37949.10803180697,13517.988862364671,-16171.239114861382,45230.28461314303,48755.25235427464,3576.6903400500337,39202.251182308864,-7324.267909448678,32502.285189790106,-35348.072913394906,16548.91832190599,-30390.84199493498,24260.28025107734,10661.904213763833,561.7321482650248,16064.148432283127,-20713.814125510587,7671.116521075073,19784.651520806405,7953.543930927237,2141.23608348718,-6600.129324731528,-26792.4187833402,16018.107764121225,-33407.39726113302,-50727.09851550709,31416.42420398592,-41364.19222878668,-6323.235380637608,-17346.58910326156,65442.706913911476,-25988.520113609942,37470.43084052987,24242.725117095964,-35975.18923045575,-12398.803684934608,38980.02294752028,36960.280709369224,-8835.99968458019,17912.88065432179,6851.361443716284,-26567.295467868087
-2307.479656489015,17099.97117550254,-21794.478250196615,-8113.729260918551,-186.7309620060099,12427.139945596487,-13406.471598738503,14977.246785919519,-5662.778639568587,6498.7317535156035,17913.86786061069,13945.24667673062,6381.865709494204,-1285.2301975357532,-15265.111572659856,5436.931914801229,-6499.813284185237,18193.196113925453,19611.55538221751,1439.4609776740983,15768.569801652415,-2945.382094816941,13073.481833121867,-14214.104837461155,6657.321657196924,-12221.300832169094,9758.786492474974,4289.396684278658,225.11795263072085,6462.351607731671,-8333.23791763431,3086.7133044560783,7953.543930927237,3204.8499873698556,862.6435320355547,-2654.5852774209793,-10772.440031396234,6443.372687056141,-13436.47714504039,-20404.119985586058,12636.516677280486,-16638.01173266144,-2544.1519465320243,-6979.706791284987,26319.439978044727,-10449.541601241785,15074.034346143866,9751.303163405692,-14472.14379121545,-4988.975833492174,15679.457697361044,14867.850385365286,-3553.453311525508,7202.598997524877,2757.5761747625957,-10685.095389664153
-621.1966684531521,4603.404727906488,-5867.1855548472595,-2184.265884975372,-50.29783843584453,3345.4184371335873,-3609.1881539134556,4031.9737706612627,-1524.4358767596514,1749.4987130331385,4822.569618353326,3754.1042031182865,1718.0331476736292,-345.9560618171357,-4109.441482193869,1463.6630941469703,-1749.889818203664,4897.712742496203,5279.532723023712,387.4941759556804,4244.988173183127,-792.9286322142298,3519.457701077237,-3826.6063894540457,1792.1725205276648,-3290.107160550107,2627.1117732398675,1154.7128075182918,60.620874811140254,1739.6855126237292,-2243.3250303634713,830.936896846833,2141.23608348718,862.6435320355547,232.19974734542527,-714.6340636273546,-2900.0965743485112,1734.585417525658,-3617.201325753863,-5492.907877669191,3401.8282081620114,-4479.050598312612,-684.884752628311,-1878.9280235727258,7085.427227808054,-2813.1605284624734,4057.971114027118,2625.106068565261,-3895.9483210410335,-1343.023486784781,4220.992842507585,4002.4865027821024,-956.62470372392,1939.0361766968797,742.3188612874474,-2876.5146959288445
1914.2722449261285,-14183.58609946773,18077.279371311713,6730.128909016996,155.75890374295096,-10306.639220027904,11122.889280638923,-12423.435771266817,4696.544867980372,-5390.527511656425,-14860.513078311064,-11565.91638590909,-5293.4597595523555,1064.9579978308313,12661.38351049159,-4510.0345720263695,5394.506788187646,-15090.547594104753,-16266.696833327442,-1193.457420698692,-13079.375965356694,2443.534872597147,-10843.989665821235,11792.751171918077,-5521.48369568228,10139.032070485984,-8094.233509621625,-3557.3577179041386,-187.27139123385723,-5359.749374625223,6911.164275434824,-2559.57151879698,-6600.129324731528,-2654.5852774209793,-714.6340636273546,2202.0173638417646,8938.209731048693,-5344.309206529121,11145.783655887239,16924.47943520805,-10481.671490063045,13800.653097456523,2109.7982690043327,5787.882623291732,-21833.507565708023,8670.077840972695,-12501.932045712427,-8088.303438112408,12002.984124129422,4137.01603548885,-13005.279901841594,-12331.555939814558,2947.90634900786,-5975.972153138807,-2286.1731798861338,8863.655462325502
7770.35569975718,-57571.82178979581,73376.37680933715,27318.035224693936,632.8623510564156,-41834.35332428584,45150.381811981635,-50427.68388071028,19063.164658335023,-21880.50399075671,-60320.819348742974,-46945.87783700811,-21486.404935979263,4321.9398695505215,51392.932981981394,-18306.697839193308,21898.86883601687,-61253.35247726669,-66027.17335734282,-4843.935115747605,-53089.86987730614,9918.768002779445,-44016.37565547446,47869.35996169904,-22411.63846760724,41156.274028058615,-32854.71906668455,-14439.127123461705,-760.5365092138123,-21755.141796412478,28052.121408070132,-10388.91027670667,-26792.4187833402,-10772.440031396234,-2900.0965743485112,8938.209731048693,36282.7546250665,-21692.68367514593,45241.880421277005,68697.42174660265,-42545.79758396805,56017.65166236916,8563.443243773223,23492.244146610432,-88625.22954477856,35194.17641474133,-50745.020839114666,-32830.84697301707,48719.97711927781,16791.549634652805,-52788.98007098252,-50053.919745733205,11966.038554541276,-24258.01450765707,-9278.891272757359,35978.62365689693
