V1,V2,V3,V4,V5,V6,V7,V8,V9,V10,V11,V12,V13,V14,V15,V16,V17,V18,V19,V20,V21,V22,V23,V24,V25,V26,V27,V28,V29,V30,V31,V32,V33,V34,V35,V36,V37,V38,V39,V40,V41,V42,V43,V44,V45,V46,V47,V48,V49,V50,V51,V52,V53,V54,V55,V56
80.1344351338911,445.7461691734674,65.40343880156503,59.141499281899996,-431.3556551827971,-288.4438920690791,41.71218044239796,-12.390710248352354,699.4420486258715,-396.04282861446046,-29.628847903205074,340.6087613132528,-84.9610643523757,496.58591497962317,25.60196484250186,-229.12854979426675,-150.91420825440798,293.13675222338793,143.86550547665465,-262.00375955757556,107.73324599783793,-502.66730326743925,226.23645104871738,-494.17506103764214,200.1179069545422,5.028225050590904,138.0505290500972,169.5618259036098,-448.0136765646882,-396.0477792957315,298.96941724253145,412.17082052450013,163.70407222537207,-251.3508419781105,-555.127927344919,-405.3363421720239,-153.44333026735816,103.85809337085225,-344.32772693540744,341.49575998913446,-49.541415220707194,34.930085687682094,30.878343308997113,381.5171856366695,-186.21100917433662,-346.483903872745,130.39727233372503,369.12160088271787,27.96425124367454,156.42637696160773,8.912420894546203,103.38305111442779,-225.44187383082016,177.97158627420416,159.8247959325432,449.88568148682
445.7461691734674,2490.029021246902,365.4002916767536,328.7073743470862,-2410.1923876800515,-1613.2064625468465,232.38308615256943,-68.03585911752167,3903.5476366688285,-2209.187430297872,-168.10207358171252,1900.4846942323518,-472.3579054411014,2773.443248669901,143.00824771564461,-1283.3026033577985,-843.5638015065575,1634.1872806069339,802.022820864269,-1463.513217485319,600.8113165391397,-2806.3857117574053,1259.4757222125631,-2759.451385854533,1114.822085079946,26.885068701544412,769.3078378727716,947.2937854280935,-2501.8769948217414,-2208.5324395366506,1667.2635893378747,2304.629349563883,907.6639988942991,-1404.4363777793683,-3098.5124435881803,-2266.1919130102415,-857.1970174553369,579.5769512366553,-1920.37801003111,1905.383345482121,-275.4004877105673,195.96239484773233,175.21095227299293,2131.5802093808275,-1042.6446429657708,-1937.1539415587638,727.1036130246023,2062.9708518161,158.20432599359913,871.539583779822,47.48071499038338,576.4495217069659,-1256.153280105274,991.3281533468648,891.5059009780027,2511.3284625283427
65.40343880156503,365.4002916767536,53.70376371551183,48.17367556347188,-353.7188014541425,-236.73637334723736,34.10990996216583,-9.85318120835003,572.7684770531954,-324.11056700511165,-24.77340916122096,279.0025149638052,-69.26243186636466,406.8583238670103,21.04873658028632,-188.3402089777954,-123.63834257360435,239.75244443124654,117.76327605780975,-214.7511925688488,88.24587634847366,-411.6457941223005,184.75193731790918,-404.8901543367743,163.55977587078272,3.970617875519732,112.89985723377295,139.0058522764084,-367.10063396796227,-323.9403587487809,244.62688196118071,338.139746182851,133.03796321949457,-206.1243860375619,-454.6126481906502,-332.58755131424664,-125.67355315506443,85.07027761945035,-281.8099138982056,279.54669643889736,-40.46154859468944,28.798392741449927,25.76852605298186,312.7623977991732,-152.98383170914957,-284.16381437428686,106.66215773094471,302.81405339606243,23.289696455384775,127.84596832350192,6.924642396757386,84.44105631639404,-184.30460925656337,145.4415200495753,130.86469729867767,368.46209176550155
59.141499281899996,328.7073743470862,48.17367556347188,43.719771773672186,-318.0963063308252,-212.70227821944755,30.74568958262954,-9.242867344835172,515.8697798480852,-292.17121921802385,-21.71323858161271,251.10117888637012,-62.75402815260014,366.3133913672164,18.813283189305217,-168.90406471029667,-111.44830579680743,216.27915059700572,106.06634950664598,-193.21129208205755,79.3726280761968,-370.88900032247096,166.96466840867106,-364.49027833247476,147.63721540003115,3.700693114664173,101.8387098033125,125.01704417061416,-330.3908107407147,-292.21437349120174,220.54422475211624,303.9428798271739,120.96534582338589,-185.2909670159377,-409.44189553840164,-298.8107345740268,-113.2599341982235,76.5458515012902,-253.9899290281535,251.92399934822964,-36.53017880294675,25.676470333580568,22.682796431943757,281.360846989247,-137.30840900393417,-255.56804830564568,96.19999085907996,272.0942121417613,20.527073515824185,115.46709585328742,6.656769400052082,76.43547584683577,-166.3181065440673,131.32189266276046,117.86591027032968,331.84213013643864
-431.3556551827971,-2410.1923876800515,-353.7188014541425,-318.0963063308252,2333.066606112793,1561.6778881035484,-224.867770085491,65.71776050158863,-3778.104967533826,2138.0806558979084,162.88297173952992,-1839.4178475795875,457.115206037857,-2684.4462792583736,-138.39122212417723,1242.44516893823,816.6311358836155,-1581.5911160963342,-776.2008610248608,1416.591436556848,-581.433849336531,2716.3854606749524,-1218.8044268690428,2670.888013994807,-1078.7917764654749,-25.953841524054244,-744.5875129867417,-916.8484576625909,2421.523480520319,2137.3779540175224,-1613.6395769048374,-2230.841640541812,-878.1003790288138,1359.314190723858,2998.8835599058402,2193.5475308651853,829.7786685485519,-560.7912225910318,1858.6817803099689,-1844.1509638024434,266.5071002196031,-189.63735763190633,-169.76546784587347,-2063.2128509656204,1009.374810283384,1875.128791255176,-703.6667090070313,-1996.8431341739836,-153.27982919984467,-843.5367092207634,-45.853761310858296,-558.0579905957028,1215.622147221365,-959.3872299674697,-862.8866188693582,-2430.593094432676
-288.4438920690791,-1613.2064625468465,-236.73637334723736,-212.70227821944755,1561.6778881035484,1045.5735134580434,-150.40216416397735,43.84601570069553,-2528.242145770392,1430.6274321808246,109.36437636914692,-1230.7868378907374,305.65707535193206,-1796.7317669517283,-92.59410998734795,832.0998670474413,546.7561725439432,-1058.1314343869562,-519.2648319497542,948.1471214754852,-388.97341427796573,1817.9974666621208,-815.1607033265583,1787.5566327406393,-721.6074778510523,-17.179007495254762,-498.0989727570585,-613.6693473496465,1620.6614119773726,1430.0638028499145,-1079.6415539290342,-1493.4956432819313,-586.7798793646183,909.8429502742156,2006.8606661711783,1468.4457455868774,555.449364052793,-375.2317804350202,1243.616356095249,-1234.0267197887763,178.17024513220602,-127.01593753623183,-114.01449446892306,-1381.0246046646166,675.9800390792591,1255.3558598332208,-470.792545449494,-1336.640892541766,-102.86297290910838,-564.3016075914132,-30.371303620015805,-373.45732129599287,813.175667929467,-641.7342260370159,-577.3543718863278,-1626.6107177221854
41.71218044239796,232.38308615256943,34.10990996216583,30.74568958262954,-224.867770085491,-150.40216416397735,21.745258275447803,-6.411193060340292,364.5500713939987,-206.36687809642402,-15.55256996468587,177.55162587936326,-44.196989142265664,258.8398897875874,13.37786167384408,-119.53773773345911,-78.61100449400926,152.7055810627946,74.9718253278191,-136.5923175011181,56.18086290467656,-261.93223412759914,117.80415914205582,-257.5790745690247,104.25210878269657,2.5983896625052614,71.90601837433586,88.4253115594942,-233.5632082327139,-206.354808559037,155.7734794196829,214.9371309853692,85.11056308408246,-131.08996719951955,-289.3499411031453,-211.4151847933982,-79.95008836729822,54.17479835903817,-179.4003744531432,177.94714683090191,-25.791443962522518,18.278216302646204,16.1875477307146,198.90696082023518,-97.13036526985283,-180.6520322681129,67.94505329465615,192.50745465280417,14.653716174853326,81.4393586923373,4.557948785925681,53.77057151898618,-117.44260850532557,92.68670884141457,83.2797785622991,234.48224654017756
-12.390710248352354,-68.03585911752167,-9.85318120835003,-9.242867344835172,65.71776050158863,43.84601570069553,-6.411193060340292,2.1886290173152734,-107.15322569386738,60.83583178496117,4.161141591521964,-52.00200259638951,13.215499759944759,-76.04014925111798,-3.8265764255660915,34.6528937496765,23.187247122090547,-45.09085652629332,-21.991902547248074,40.01427334605829,-16.424144296882197,77.08867787068569,-34.9855635234807,75.58849912991194,-30.866739924885955,-0.8269110777821105,-21.195810379630757,-25.900345965283613,68.52404186203461,61.00372034671603,-45.911493858511804,-62.82175504927619,-25.77040947009175,38.32272855898141,85.08123048893866,61.69172894390565,23.568179273896412,-15.912643982338553,52.784857483516205,-52.39261345715449,7.596789953487924,-5.227967390085417,-4.411573457899595,-58.26846828072868,28.251880875258216,52.90721341175012,-20.072556050107654,-56.15461708768205,-3.9964025131308714,-24.10914642476075,-1.5976148758865452,-16.041266142196807,34.725654717037536,-27.434014975987715,-24.431240365542664,-68.93128838430471
699.4420486258715,3903.5476366688285,572.7684770531954,515.8697798480852,-3778.104967533826,-2528.242145770392,364.5500713939987,-107.15322569386738,6120.853289460336,-3464.4537649499116,-262.58993738141123,2980.1160359093533,-741.2772980510364,4348.102392957372,224.2059624169103,-2010.5678168858071,-1322.2024807634061,2563.0527477096443,1257.8679196997691,-2294.354595972208,942.258696240134,-4400.042984564453,1976.00079786635,-4326.3090076083345,1748.823667816236,42.573810880042174,1206.6511193764736,1485.070926460021,-3922.4875634718433,-3463.7331738046373,2614.737874238551,3612.173752257117,1425.385539971228,-2201.6419354718496,-4858.4521321727525,-3552.038763517023,-1343.787114761125,908.8869558925996,-3011.574665265433,2987.8295049507906,-432.18163520699204,306.96769940473024,273.6895586111021,3341.5254204498515,-1633.6460968016474,-3036.273687102825,1140.3638519096048,3233.734493655844,247.28211146670844,1367.04361715258,75.23723066775713,903.9826664498503,-1970.40884637398,1555.083532990359,1398.007795059712,3937.6335397897187
-396.04282861446046,-2209.187430297872,-324.11056700511165,-292.17121921802385,2138.0806558979084,1430.6274321808246,-206.36687809642402,60.83583178496117,-3464.4537649499116,1961.124121588524,148.28158669137312,-1686.720612043702,419.76561485489697,-2460.9248411506596,-126.86853888806763,1137.452623288681,748.299716520493,-1450.9174574916672,-712.041550479816,1298.458479836099,-533.3428673816503,2490.389118898246,-1118.800979064995,2448.626663674728,-990.1351947735814,-24.188629359965706,-683.0409079682624,-840.4886720096628,2220.0281405690293,1960.7731796564203,-1480.0850054465063,-2044.0903569362792,-807.490953539419,1246.0126812006881,2749.963895746999,2010.080702551939,760.5019977568531,-514.5371206661545,1704.6734234816367,-1691.2159135589454,244.71613689378933,-173.65670736212715,-154.5970250316464,-1891.1271169324089,924.3319136674305,1718.2500843239297,-645.5522005871167,-1829.979197754181,-139.68774180145334,-773.9080809590444,-42.812377159745516,-511.71644041984644,1115.5254679716322,-880.3847308512745,-791.300099462487,-2228.800609749302
-29.628847903205074,-168.10207358171252,-24.77340916122096,-21.71323858161271,162.88297173952992,109.36437636914692,-15.55256996468587,4.161141591521964,-262.58993738141123,148.28158669137312,12.09152823785485,-127.91344424158665,31.287947089749895,-186.9391069632046,-9.726918361693631,87.4645694783812,56.89216438958192,-109.46094898651822,-53.83168071395452,98.771354820185,-40.41599380862586,188.86559963847864,-83.9113147200593,185.96311865647894,-74.48053836543099,-1.5614401031854208,-51.50344840569401,-63.96691632453283,168.66500337965385,148.00053024470273,-111.84077513231466,-156.03926214949172,-59.46310125833518,94.92687680945032,208.47936339054834,153.48442367611048,57.74746342852723,-38.99971331863008,128.9081743184378,-128.01667617679888,18.3232989005761,-13.477919810226197,-12.540733212992766,-143.9393675641768,70.94012608532066,131.04097507963877,-48.728114373830344,-139.60470436328225,-11.244005097769746,-58.232292587044476,-2.6075772668506456,-38.48597809895143,83.99824460011327,-66.20807241726621,-59.91938208173075,-169.01590865402022
340.6087613132528,1900.4846942323518,279.0025149638052,251.10117888637012,-1839.4178475795875,-1230.7868378907374,177.55162587936326,-52.00200259638951,2980.1160359093533,-1686.720612043702,-127.91344424158665,1451.2573305449457,-360.90182575238606,2116.702293496196,109.28850681575605,-978.7273836329292,-643.3775218304986,1247.9112535401944,612.6185760658246,-1117.0265510737104,458.9731642458308,-2141.9339149922284,962.1306894930783,-2106.2641318795,851.5358299036646,20.847644473027195,587.580983962557,723.0278204591248,-1909.7034816562825,-1686.30085156985,1273.1000374435066,1758.4198945494197,694.024698179943,-1071.9533383347634,-2365.397948045808,-1729.33939568748,-654.013813957833,442.5886379743365,-1466.3720828963496,1454.6571425522225,-210.56168299403254,149.50987349328685,133.20750881258482,1626.7713874897302,-795.1759237671213,-1477.9569786171842,555.2068030442225,1574.5020816316926,120.42920945743495,665.5611125737754,36.66569040869378,439.8457759206063,-959.4304335728482,757.1985709054719,680.7666915864528,1917.0426872624644
-84.9610643523757,-472.3579054411014,-69.26243186636466,-62.75402815260014,457.115206037857,305.65707535193206,-44.196989142265664,13.215499759944759,-741.2772980510364,419.76561485489697,31.287947089749895,-360.90182575238606,90.122906357445,-526.3182505357207,-27.075808451048793,242.76634359328693,160.04725209225546,-310.7319408597968,-152.43241413746097,277.65696038780504,-114.108527134075,532.853859683986,-239.85243432244434,523.722306658417,-212.1044668823188,-5.331858896611899,-146.33922907371507,-179.65992480223136,474.76813780740673,419.82150082474175,-316.89036587146103,-436.7681598646178,-173.68115589056515,266.29142791240395,588.3190906142211,429.4429005143116,162.7037522595381,-109.99726527403114,364.955349943876,-361.9597192877162,52.49738215713152,-36.9393642907153,-32.641625843395644,-404.29883681685004,197.30547598865158,367.2100311984741,-138.21410157653855,-391.06972114771196,-29.55994959470648,-165.86401778340533,-9.5251500445104,-109.73049397474935,238.95346563698433,-188.67165618824865,-169.37623658727932,-476.7818748565306
496.58591497962317,2773.443248669901,406.8583238670103,366.3133913672164,-2684.4462792583736,-1796.7317669517283,258.8398897875874,-76.04014925111798,4348.102392957372,-2460.9248411506596,-186.9391069632046,2116.702293496196,-526.3182505357207,3089.3597757525868,159.18032789007802,-1429.1697525939805,-939.8126629684093,1820.4423942282356,893.2783667352686,-1630.1042971745585,669.1067196398658,-3126.176568441169,1403.1493008259913,-3073.671976647566,1241.918866117945,29.95440702241445,856.9410134818099,1055.1141822009872,-2786.731494920461,-2460.325461273402,1857.218590565049,2566.923910144076,1011.5531396472742,-1564.2230537405112,-3451.430111544402,-2523.979230659843,-954.9427279710951,645.5464279302076,-2139.0990063169065,2122.4622126547774,-306.7384860687733,218.1545805846594,194.93718744914034,2374.2430025605654,-1161.2461679110688,-2157.735164995076,809.9827458473458,2297.591014774712,175.99426892217744,970.9334863871305,53.060950175233224,642.3622606961059,-1399.3319030449497,1104.3444445569107,992.9778424028376,2797.3758027805857
25.60196484250186,143.00824771564461,21.04873658028632,18.813283189305217,-138.39122212417723,-92.59410998734795,13.37786167384408,-3.8265764255660915,224.2059624169103,-126.86853888806763,-9.726918361693631,109.28850681575605,-27.075808451048793,159.18032789007802,8.29265042618835,-73.65229625185543,-48.24817882042406,93.82998375504727,46.14726912748037,-84.04311172945746,34.62315362444712,-160.97774722826668,72.3209612283144,-158.45131239017482,64.07012640443496,1.5816572245029317,44.18118964270385,54.439591525671766,-143.70719224552693,-126.78822586977114,95.74772838812065,132.30195278720163,52.064351871469654,-80.74248320928969,-177.96834121394943,-130.22126625601902,-49.088962217326234,33.39131527092526,-110.29306318681594,109.39502756342407,-15.863838823788853,11.336243670513827,10.085948283105948,122.40234868922585,-59.828262190806385,-111.14227199727831,41.75823502155877,118.5774502713607,9.12673994745356,49.98652150224877,2.690125402408089,32.88953514003109,-72.17450578438412,56.923663836287524,51.22985584200133,144.2311522165969
-229.12854979426675,-1283.3026033577985,-188.3402089777954,-168.90406471029667,1242.44516893823,832.0998670474413,-119.53773773345911,34.6528937496765,-2010.5678168858071,1137.452623288681,87.4645694783812,-978.7273836329292,242.76634359328693,-1429.1697525939805,-73.65229625185543,662.5590635313869,435.03900130548595,-841.1568551891717,-412.78031759400267,754.2504245808278,-309.2457363408563,1445.9499228889154,-647.6904959030767,1421.7754645511293,-573.4533006122474,-13.46869233529538,-395.9437237321166,-488.16290969945265,1289.0681181987654,1136.9045603606905,-858.3680366288336,-1188.4410410971677,-465.5673000525448,723.7953962960922,1595.9621192633765,1168.4454579205135,441.895068623775,-298.31689680037255,988.7769057025688,-981.2602549102373,141.4999616864626,-101.15874353115419,-91.16862250903556,-1098.6382814364927,538.1512174920875,998.9018907332155,-374.2682856295518,-1063.4620421229502,-82.19197959874556,-448.52008671582877,-23.77487389540752,-296.94349841542305,646.2911233700174,-510.0092912208656,-459.06982581008316,-1293.5754215143513
-150.91420825440798,-843.5638015065575,-123.63834257360435,-111.44830579680743,816.6311358836155,546.7561725439432,-78.61100449400926,23.187247122090547,-1322.2024807634061,748.299716520493,56.89216438958192,-643.3775218304986,160.04725209225546,-939.8126629684093,-48.24817882042406,435.03900130548595,286.31286149787326,-553.5277721336196,-271.4189786659592,495.81829552849297,-203.19541614760305,951.1583356201855,-426.50693029224345,934.8677253163107,-377.42270628767807,-8.952130772553584,-260.53415559090297,-320.835827396722,847.4854156167456,748.135099865738,-564.7071808027135,-781.0024223364896,-307.3271780929368,475.5998394111222,1049.544751507657,767.6523089614304,290.7488163548992,-196.0602773509917,650.42901571539835,-645.4811555220141,93.12053296388675,-66.22139565268996,-59.434506738994976,-722.1961371446225,353.48229582933936,656.622916513924,-246.26221855103609,-698.6909739541495,-53.5893272723844,-295.322596349954,-16.06310656235712,-195.7821664508449,425.32542634246147,-335.72562926622817,-301.8907921516135,-850.7047142066044
293.13675222338793,1634.1872806069339,239.75244443124654,216.27915059700572,-1581.5911160963342,-1058.1314343869562,152.7055810627946,-45.09085652629332,2563.0527477096443,-1450.9174574916672,-109.46094898651822,1247.9112535401944,-310.7319408597968,1820.4423942282356,93.82998375504727,-841.1568551891717,-553.5277721336196,1073.5755624399353,526.8407902994983,-960.5262194706266,394.5885696894653,-1842.3956798607987,827.9751050696755,-1811.3809363021728,732.6394569646225,18.007279743850958,505.4657632339305,621.6843329731665,-1642.2457264510365,-1450.738019595811,1095.1176714428045,1511.8648287516519,597.9080711032085,-921.6112038834902,-2034.3779486701999,-1486.683170130787,-562.612435836924,380.5654508270464,-1261.2935153772685,1251.232347509781,-181.13984359546987,128.3354874655905,114.11121276238619,1398.8543913270507,-683.5290073332305,-1270.8847027520032,477.62836123999796,1353.5681024534824,103.16657801809369,572.7178669221144,31.899562988436067,378.71318438014436,-825.4291614481874,651.508081677308,585.4738853357209,1648.780329874093
143.86550547665465,802.022820864269,117.76327605780975,106.06634950664598,-776.2008610248608,-519.2648319497542,74.9718253278191,-21.991902547248074,1257.8679196997691,-712.041550479816,-53.83168071395452,612.6185760658246,-152.43241413746097,893.2783667352686,46.14726912748037,-412.78031759400267,-271.4189786659592,526.8407902994983,258.6756976372755,-471.3835985471123,193.79299124012795,-903.9491694955344,406.3092915729107,-888.944893769683,359.5888825530359,8.879837763252167,248.07161048257808,305.1343185843373,-805.9700240124563,-711.8675318322694,537.4334929561458,741.9078717307035,293.3129856657213,-452.39233074203577,-998.3994117473184,-729.7021509330347,-275.93221240310044,186.87972985367213,-619.0202697933577,614.0200018154733,-88.96925466697935,63.07198479744262,56.05274318785039,686.4937479962563,-335.40903671594424,-623.5729334896316,234.39075822007496,664.4205442185533,50.70017475776172,281.00017460675434,15.603391012340138,185.60558896995306,-405.1187830405759,319.72251223540707,287.3854682325684,809.1658402843499
-262.00375955757556,-1463.513217485319,-214.7511925688488,-193.21129208205755,1416.591436556848,948.1471214754852,-136.5923175011181,40.01427334605829,-2294.354595972208,1298.458479836099,98.771354820185,-1117.0265510737104,277.65696038780504,-1630.1042971745585,-84.04311172945746,754.2504245808278,495.81829552849297,-960.5262194706266,-471.3835985471123,860.1954797781168,-353.12293220156334,1649.4996115572606,-740.2956221929301,1621.8635867325781,-655.2438815921017,-15.816117229291958,-452.19053740485765,-556.7631580786913,1470.4851711265949,1298.1106609189499,-979.9697146260204,-1354.5341730569903,-533.5484805711029,825.4320711207017,1821.164938041318,1331.9216834040337,503.85275657718717,-340.6121214735661,1128.7345768422354,-1119.9105164556267,161.86647166262526,-115.1542371571959,-102.94478803541408,-1252.8262646554356,612.7858536851882,1138.5576632384832,-427.3656186567842,-1212.4901046749476,-92.96518355970142,-512.2764956914305,-27.94049172641147,-338.85621311528786,738.3204657180125,-582.6859110821415,-523.989357302571,-1476.0168775371558
107.73324599783793,600.8113165391397,88.24587634847366,79.3726280761968,-581.433849336531,-388.97341427796573,56.18086290467656,-16.424144296882197,942.258696240134,-533.3428673816503,-40.41599380862586,458.9731642458308,-114.108527134075,669.1067196398658,34.62315362444712,-309.2457363408563,-203.19541614760305,394.5885696894653,193.79299124012795,-353.12293220156334,145.23720891012331,-677.0065382396654,304.28992299424124,-665.8812570244482,269.3556480404651,6.655770397012779,185.79390312808468,228.6201549773871,-603.7867818358168,-533.199224426804,402.54976131602274,555.7931383787447,219.56972853315264,-338.96958669080414,-747.907100317612,-546.7306900289963,-206.6217394581753,140.06661619617879,-463.65081876277725,459.9098492952647,-66.6413915547528,47.330841428022865,42.04797431427933,514.2663859794138,-251.26521508997956,-467.09716103270074,175.5707048839679,497.81654300764825,38.03835361677914,210.40114594875539,11.620708195830762,138.86489762192113,-303.4482286886422,239.4497862547549,215.26691304495085,606.1304543862092
-502.66730326743925,-2806.3857117574053,-411.6457941223005,-370.88900032247096,2716.3854606749524,1817.9974666621208,-261.93223412759914,77.08867787068569,-4400.042984564453,2490.389118898246,188.86559963847864,-2141.9339149922284,532.853859683986,-3126.176568441169,-160.97774722826668,1445.9499228889154,951.1583356201855,-1842.3956798607987,-903.9491694955344,1649.4996115572606,-677.0065382396654,3163.6988908784015,-1420.2060413793292,3110.284356639809,-1256.8352928419677,-30.395199316783977,-867.3428161527478,-1067.5550361429857,2819.8351683926603,2489.8882310139966,-1879.5556103097636,-2597.2515296553074,-1024.223422902512,1582.6138228096281,3492.5572933370145,2553.6490468861543,966.4681628572463,-653.0439522959275,2164.835378998663,-2147.9089643406764,310.47105314520525,-220.52912341499123,-196.98087847010254,-2402.39476770822,1174.8616750067144,2183.309127872453,-819.697179422853,-2324.674461430005,-177.8852500670149,-982.7896699833101,-53.967633137602036,-650.400323895937,1416.1734476232073,-1117.7503267191212,-1004.8931097210288,-2830.6757631819864
226.23645104871738,1259.4757222125631,184.75193731790918,166.96466840867106,-1218.8044268690428,-815.1607033265583,117.80415914205582,-34.9855635234807,1976.00079786635,-1118.800979064995,-83.9113147200593,962.1306894930783,-239.85243432244434,1403.1493008259913,72.3209612283144,-647.6904959030767,-426.50693029224345,827.9751050696755,406.3092915729107,-740.2956221929301,304.28992299424124,-1420.2060413793292,638.8680462235196,-1396.2392288630435,565.2042987176294,14.075903400725238,389.8571637668903,479.147225584637,-1265.857742541334,-1118.7927592131753,844.4912937497268,1164.853930650951,461.98848536582983,-710.2686747398158,-1568.3848177684747,-1145.506043684186,-433.592645967185,293.45932082802904,-972.5846578282133,964.7218664477745,-139.82012904345092,98.79606396520296,87.48116291672973,1078.0645605599282,-526.3896511109647,-979.2194996331415,368.3511014563911,1043.0424613016141,79.15947168093773,441.7594156172351,24.96398799247753,292.018055470024,-636.7256978988855,502.5969719492662,451.42820564773916,1271.0737510886472
-494.17506103764214,-2759.451385854533,-404.8901543367743,-364.49027833247476,2670.888013994807,1787.5566327406393,-257.5790745690247,75.58849912991194,-4326.3090076083345,2448.626663674728,185.96311865647894,-2106.2641318795,523.722306658417,-3073.671976647566,-158.45131239017482,1421.7754645511293,934.8677253163107,-1811.3809363021728,-888.944893769683,1621.8635867325781,-665.8812570244482,3110.284356639809,-1396.2392288630435,3058.1883573717987,-1235.8098929567195,-29.89284195496462,-852.7131199804617,-1049.7956111066512,2772.689242623394,2447.9793266637744,-1847.9611638965075,-2553.798567797875,-1006.6661276589581,1556.3699115045376,3434.0966472117393,2511.1967449701892,949.977374774694,-642.3858555584603,2128.469401670123,-2111.8177530968765,305.3180899396285,-217.0707589488938,-193.867837118877,-2362.217193968846,1155.2357620130908,2146.6498304418797,-805.937767698309,-2286.0413875366344,-175.06957617188698,-966.0958532826145,-52.86479777478654,-638.9859290788363,1392.4322375936324,-1098.8920753118746,-988.0776169147607,-2783.3288260726144
200.1179069545422,1114.822085079946,163.55977587078272,147.63721540003115,-1078.7917764654749,-721.6074778510523,104.25210878269657,-30.866739924885955,1748.823667816236,-990.1351947735814,-74.48053836543099,851.5358299036646,-212.1044668823188,1241.918866117945,64.07012640443496,-573.4533006122474,-377.42270628767807,732.6394569646225,359.5888825530359,-655.2438815921017,269.3556480404651,-1256.8352928419677,565.2042987176294,-1235.8098929567195,500.1595684283,12.38831698214097,344.91522862738753,424.17557781075686,-1120.4595284101715,-990.0460585416813,747.2921702015477,1031.1935164985996,408.45105760887475,-628.8175745975794,-1388.1471672580033,-1014.1564433228879,-383.6770382646814,259.8645280061256,-860.6391037395528,853.7516111242948,-123.69197562168195,87.5933597779587,77.63465259918267,954.2859668853172,-466.0765699599681,-866.8121117462487,325.97406132778303,923.3822967806019,70.20942949453209,390.7970031518121,21.89738525787964,258.21447168230856,-563.4278339605663,444.6599627232276,399.48949597583766,1125.038378135295
5.028225050590904,26.885068701544412,3.970617875519732,3.700693114664173,-25.953841524054244,-17.179007495254762,2.5983896625052614,-0.8269110777821105,42.573810880042174,-24.188629359965706,-1.5614401031854208,20.847644473027195,-5.331858896611899,29.95440702241445,1.5816572245029317,-13.46869233529538,-8.952130772553584,18.007279743850958,8.879837763252167,-15.816117229291958,6.655770397012779,-30.395199316783977,14.075903400725238,-29.89284195496462,12.38831698214097,0.44941445785996526,8.528065785122042,10.228349408475465,-27.110318972059517,-24.251837912889762,18.323664852256925,24.610828212812248,10.532108873835371,-15.151878129235595,-33.735382110735685,-24.27728039445544,-9.197213574744284,6.349380344407971,-21.091693588629948,20.809537318489,-3.146016182443256,2.0526173154767116,1.5931348542512165,22.95847757654573,-10.950427985038262,-20.675097443123427,7.995458840829063,22.208287129118773,1.508424581544696,9.639402759321825,0.761797606029629,6.254876041228674,-13.93001505974958,11.024609467914566,9.788908469618246,27.29331091539654
138.0505290500972,769.3078378727716,112.89985723377295,101.8387098033125,-744.5875129867417,-498.0989727570585,71.90601837433586,-21.195810379630757,1206.6511193764736,-683.0409079682624,-51.50344840569401,587.580983962557,-146.33922907371507,856.9410134818099,44.18118964270385,-395.9437237321166,-260.53415559090297,505.4657632339305,248.07161048257808,-452.19053740485765,185.79390312808468,-867.3428161527478,389.8571637668903,-852.7131199804617,344.91522862738753,8.528065785122042,238.04108428687886,292.62865303927697,-773.0819027197742,-682.9669189738255,515.6112446967322,711.6383359862659,281.581865118175,-433.8056612558311,-957.6885577846318,-699.7860574174621,-264.8547709384752,179.09093739675586,-593.8774022355844,589.0647322584371,-85.32726311115502,60.36815090949098,53.66019955860673,658.4764251296668,-321.6954502265349,-598.1929837621879,224.8540870455809,637.1909097090519,48.552467800085005,269.68512768353634,15.086420046911933,178.32723197332223,-388.6236032752521,306.78170677034706,275.68047779065114,776.1331640857668
169.5618259036098,947.2937854280935,139.0058522764084,125.01704417061416,-916.8484576625909,-613.6693473496465,88.4253115594942,-25.900345965283613,1485.070926460021,-840.4886720096628,-63.96691632453283,723.0278204591248,-179.65992480223136,1055.1141822009872,54.439591525671766,-488.16290969945265,-320.835827396722,621.6843329731665,305.1343185843373,-556.7631580786913,228.6201549773871,-1067.5550361429857,479.147225584637,-1049.7956111066512,424.17557781075686,10.228349408475465,292.62865303927697,360.43636365328393,-951.8529057360515,-840.2415140614618,634.2704412657823,876.7724711468228,345.2989493584062,-534.3812847668006,-1178.852257426207,-862.2179675210616,-326.040271594562,220.61044168220047,-730.5306954011419,724.861698534481,-104.76637581219028,74.62486938326174,66.666561872705,810.951520010526,-396.65026742746346,-736.9517373046264,276.63651569287185,784.8738900336746,60.18493633552841,331.4964156650624,18.026376694573077,219.16224058478875,-477.9162951552799,377.11335251901914,339.1358262892864,955.4558355756984
-448.0136765646882,-2501.8769948217414,-367.10063396796227,-330.3908107407147,2421.523480520319,1620.6614119773726,-233.5632082327139,68.52404186203461,-3922.4875634718433,2220.0281405690293,168.66500337965385,-1909.7034816562825,474.76813780740673,-2786.731494920461,-143.70719224552693,1289.0681181987654,847.4854156167456,-1642.2457264510365,-805.9700240124563,1470.4851711265949,-603.7867818358168,2819.8351683926603,-1265.857742541334,2772.689242623394,-1120.4595284101715,-27.110318972059517,-773.0819027197742,-951.8529057360515,2513.9229943081245,2219.4646924096787,-1675.4376944144747,-2315.4436841884794,-912.6040336125412,1411.1703651736243,3113.5747579813738,2276.8899850255334,861.2434009539212,-582.501278733495,1929.7274045971774,-1914.648747984238,276.80026351569575,-196.89125441682205,-175.80297473907066,-2141.728928084511,1047.392191435049,1946.2561402777162,-730.7105032906761,-2072.7305178792176,-158.76366875817146,-875.82202298706,-47.87800957976056,-579.181639986542,1262.44521616366,-996.2747492287061,-895.8185798251092,-2523.5075685570214
-396.0477792957315,-2208.5324395366506,-323.9403587487809,-292.21437349120174,2137.3779540175224,1430.0638028499145,-206.354808559037,61.00372034671603,-3463.7331738046373,1960.7731796564203,148.00053024470273,-1686.30085156985,419.82150082474175,-2460.325461273402,-126.78822586977114,1136.9045603606905,748.135099865738,-1450.738019595811,-711.8675318322694,1298.1106609189499,-533.199224426804,2489.8882310139966,-1118.7927592131753,2447.9793266637744,-990.0460585416813,-24.251837912889762,-682.9669189738255,-840.2415140614618,2219.4646924096787,1960.5670991199952,-1479.8667663367742,-2043.394675229763,-807.7980566456579,1245.5936270541445,2749.370213921051,2009.3411979016716,760.3829603483657,-514.3814369750123,1704.3622868400266,-1690.896990777221,244.68087413890393,-173.5242234100751,-154.32467790745122,-1890.562875432991,923.8962000704097,1717.7122267533355,-645.473938179756,-1829.3210938438635,-139.4713450763425,-773.8492037082948,-42.98619771393499,-511.74391790948425,1115.4108416730674,-880.3337986777607,-791.1114010982484,-2228.2577660421002
298.96941724253145,1667.2635893378747,244.62688196118071,220.54422475211624,-1613.6395769048374,-1079.6415539290342,155.7734794196829,-45.911493858511804,2614.737874238551,-1480.0850054465063,-111.84077513231466,1273.1000374435066,-316.89036587146103,1857.218590565049,95.74772838812065,-858.3680366288336,-564.7071808027135,1095.1176714428045,537.4334929561458,-979.9697146260204,402.54976131602274,-1879.5556103097636,844.4912937497268,-1847.9611638965075,747.2921702015477,18.323664852256925,515.6112446967322,634.2704412657823,-1675.4376944144747,-1479.8667663367742,1117.1345636835972,1542.5629286113942,609.6156183333924,-940.2857192709432,-2075.4005448124904,-1516.880336471289,-573.979987171916,388.22842197552177,-1286.6663149338742,1276.4216814575477,-184.74522143147402,130.98735864322512,116.57018199564568,1427.1696095214131,-697.4725182314847,-1296.658854215615,487.21774288287276,1381.0411719599695,105.38027540581459,584.1761111852545,32.41984701808896,386.28401049862646,-841.9583208885824,664.5432174132375,597.2664080728736,1682.0185937225724
412.17082052450013,2304.629349563883,338.139746182851,303.9428798271739,-2230.841640541812,-1493.4956432819313,214.9371309853692,-62.82175504927619,3612.173752257117,-2044.0903569362792,-156.03926214949172,1758.4198945494197,-436.7681598646178,2566.923910144076,132.30195278720163,-1188.4410410971677,-781.0024223364896,1511.8648287516519,741.9078717307035,-1354.5341730569903,555.7931383787447,-2597.2515296553074,1164.853930650951,-2553.798567797875,1031.1935164985996,24.610828212812248,711.6383359862659,876.7724711468228,-2315.4436841884794,-2043.394675229763,1542.5629286113942,2133.5247682019353,838.7856240100778,-1299.89783306561,-2867.3263208412454,-2097.8132877550584,-793.4815809422271,536.2631294960096,-1776.7528274994218,1763.09034266123,-254.57809963410233,181.49878341376953,162.68571955744858,1972.9672522277406,-965.5394254748718,-1793.342210373362,672.7148303217621,1909.498758708239,146.7813537503836,806.2233245074809,43.504141137725135,533.4513768115901,-1161.973458920893,916.9490500330752,824.8286765999588,2324.0067551896723
163.70407222537207,907.6639988942991,133.03796321949457,120.96534582338589,-878.1003790288138,-586.7798793646183,85.11056308408246,-25.77040947009175,1425.385539971228,-807.490953539419,-59.46310125833518,694.024698179943,-173.68115589056515,1011.5531396472742,52.064351871469654,-465.5673000525448,-307.3271780929368,597.9080711032085,293.3129856657213,-533.5484805711029,219.56972853315264,-1024.223422902512,461.98848536582983,-1006.6661276589581,408.45105760887475,10.532108873835371,281.581865118175,345.2989493584062,-912.6040336125412,-807.7980566456579,609.6156183333924,838.7856240100778,335.4764942281739,-511.7464870318047,-1131.2774237647714,-824.8579854881452,-312.5680985985408,211.71404975662847,-701.9675171649307,696.0959982517063,-101.17908808765924,70.8872430983187,62.045036732920316,776.856493724344,-378.53009795045136,-705.2418230713488,265.9647075691995,751.2704626517451,56.27506749409835,319.18724858826397,18.82466953681878,210.93773053229825,-460.02587167679013,363.22313397394,325.73154745253754,916.7497163531838
-251.3508419781105,-1404.4363777793683,-206.1243860375619,-185.2909670159377,1359.314190723858,909.8429502742156,-131.08996719951955,38.32272855898141,-2201.6419354718496,1246.0126812006881,94.92687680945032,-1071.9533383347634,266.29142791240395,-1564.2230537405112,-80.74248320928969,723.7953962960922,475.5998394111222,-921.6112038834902,-452.39233074203577,825.4320711207017,-338.96958669080414,1582.6138228096281,-710.2686747398158,1556.3699115045376,-628.8175745975794,-15.151878129235595,-433.8056612558311,-534.3812847668006,1411.1703651736243,1245.5936270541445,-940.2857192709432,-1299.89783306561,-511.7464870318047,792.2944051414194,1747.6726798955758,1278.3648000944038,483.31613165363564,-327.09374199035665,1083.0090882274972,-1074.598423996699,155.32273963130953,-110.68049738796354,-98.91348852081062,-1202.2939330730396,588.1017946449236,1092.570238119057,-410.0991157482879,-1163.694604457852,-89.29336635254865,-491.40074097752085,-26.659644282231707,-324.8207624117546,708.4864802053152,-559.0322743748198,-502.7876071743494,-1416.4967807602134
-555.127927344919,-3098.5124435881803,-454.6126481906502,-409.44189553840164,2998.8835599058402,2006.8606661711783,-289.3499411031453,85.08123048893866,-4858.4521321727525,2749.963895746999,208.47936339054834,-2365.397948045808,588.3190906142211,-3451.430111544402,-177.96834121394943,1595.9621192633765,1049.544751507657,-2034.3779486701999,-998.3994117473184,1821.164938041318,-747.907100317612,3492.5572933370145,-1568.3848177684747,3434.0966472117393,-1388.1471672580033,-33.735382110735685,-957.6885577846318,-1178.852257426207,3113.5747579813738,2749.370213921051,-2075.4005448124904,-2867.3263208412454,-1131.2774237647714,1747.6726798955758,3856.5056607029633,2819.612263384359,1066.6304536538119,-721.5463252885075,2390.3512477842964,-2371.5940877240705,342.9922951349148,-243.73452472231503,-217.32332211867472,-2652.4531288554595,1296.830934547114,2410.1887256408763,-905.1773300904473,-2566.8681088117287,-196.30797387001397,-1085.01277764029,-59.62723950244896,-717.4592400717954,1563.9977874623123,-1234.2754966767893,-1109.6191259183972,-3125.6286214507722
-405.3363421720239,-2266.1919130102415,-332.58755131424664,-298.8107345740268,2193.5475308651853,1468.4457455868774,-211.4151847933982,61.69172894390565,-3552.038763517023,2010.080702551939,153.48442367611048,-1729.33939568748,429.4429005143116,-2523.979230659843,-130.22126625601902,1168.4454579205135,767.6523089614304,-1486.683170130787,-729.7021509330347,1331.9216834040337,-546.7306900289963,2553.6490468861543,-1145.506043684186,2511.1967449701892,-1014.1564433228879,-24.27728039445544,-699.7860574174621,-862.2179675210616,2276.8899850255334,2009.3411979016716,-1516.880336471289,-2097.8132877550584,-824.8579854881452,1278.3648000944038,2819.612263384359,2062.9130407986777,780.0122825178858,-527.5397043482977,1747.170842295113,-1733.6832309333545,250.4293518626891,-178.5994475951463,-159.95033000831816,-1940.0395159402544,949.3078460192839,1763.233388928195,-661.5326468434553,-1877.7831404560939,-144.34256122546714,-792.7063258106434,-42.760827339703184,-524.2119258133135,1142.7267619630352,-901.694571204421,-811.1328453152227,-2285.325543002381
-153.44333026735816,-857.1970174553369,-125.67355315506443,-113.2599341982235,829.7786685485519,555.449364052793,-79.95008836729822,23.568179273896412,-1343.787114761125,760.5019977568531,57.74746342852723,-654.013813957833,162.7037522595381,-954.9427279710951,-49.088962217326234,441.895068623775,290.7488163548992,-562.612435836924,-275.93221240310044,503.85275657718717,-206.6217394581753,966.4681628572463,-433.592645967185,949.977374774694,-383.6770382646814,-9.197213574744284,-264.8547709384752,-326.040271594562,861.2434009539212,760.3829603483657,-573.979987171916,-793.4815809422271,-312.5680985985408,483.31613165363564,1066.6304536538119,780.0122825178858,295.36873604220955,-199.29500332649258,661.0962896494076,-655.9888924994718,94.71394997565858,-67.30800029284254,-60.26950228123802,-733.8234128163958,359.0151725336782,667.067526965897,-250.30368971921797,-710.0123284845653,-54.39842209903373,-300.14982452864916,-16.418545286488833,-198.84747663051317,432.3618090133195,-341.28919569225667,-306.8501271081708,-864.4843979965314
