V1,V2,V3,V4,V5,V6,V7,V8,V9,V10,V11,V12,V13,V14,V15,V16,V17,V18,V19,V20,V21,V22,V23,V24,V25,V26,V27,V28,V29,V30,V31,V32,V33,V34,V35,V36,V37,V38,V39,V40,V41,V42,V43,V44,V45,V46,V47,V48,V49,V50,V51,V52,V53,V54,V55,V56
1.4028897538671758,7.731734987854011,1.1883980961770708,1.139642192074777,-7.546988535962985,-5.104046554600464,0.6336060620589589,-0.12865823447345806,11.949090991178972,-6.991040445193237,-0.5003189151820739,5.762331824144795,-1.484776437098449,8.63282632925779,0.41673975315988104,-3.919831332800974,-2.7522283723754204,5.084234186305405,2.559031979174265,-4.429821854136721,1.8004306081767174,-8.718698715488477,3.9144090810164904,-8.701742697586825,3.5238493042411423,0.012769578453149811,2.3160181683779024,2.9087996496474795,-7.677379201035978,-6.745543418452892,5.101730929489408,7.122229622083121,2.812166946012457,-4.370755330434775,-9.5866579315985625,-7.007612224694638,-2.5621942120768755,1.9020436736671889,-5.968045820492136,5.946072844518436,-0.9201330143846584,0.5755907360448073,0.6106966994134174,6.6601697056491185,-3.359884894773468,-6.037770995342922,2.2387943275513766,6.354705697438716,0.46728683420941186,2.7722249821388445,0.10674499353401624,1.8233443615725946,-3.933366250906537,3.0449182094819336,2.8083693562401026,8.009436511207326
7.731734987854011,43.099182930856315,6.358260542591607,5.763887814636664,-41.75668446166983,-27.975594050702682,3.971524267338207,-1.1284189441954937,67.47139310987855,-38.32060969823616,-2.891879722216058,32.820855007300764,-8.192878554389786,48.01565554346631,2.459251468927768,-22.167822167343182,-14.677923863470921,28.29959789782556,13.927578190229399,-25.264353000631328,10.363280824073394,-48.58155270566837,21.811742902454764,-47.84278725232457,19.337627388382874,0.42738609923071247,13.279662453340597,16.37475108843195,-43.24974815774781,-38.16592500330251,28.82099026506108,39.8629099895948,15.721389389491572,-24.311160683890105,-53.61286737573002,-39.2002997733181,-14.778396439982128,10.08925746246663,-33.25232788765068,33.00225220733149,-4.809939996553198,3.3682923604470596,3.0657425205417987,36.91658861544508,-18.112471930376227,-33.53682472346436,12.575855514109472,35.67467400326319,2.72075637443703,15.131650968548595,0.8044131770576038,10.00226899785322,-21.768177306280265,17.146657840702908,15.459727802996268,43.59337300175351
1.1883980961770708,6.358260542591607,1.0905240195070849,1.1850852353655164,-6.339685855565983,-4.402268037118734,0.33322297900407144,0.07060503994741468,9.453976513024864,-6.021041002963621,-0.3713060148480555,4.4378247543172025,-1.2532487036356692,7.143742952005322,0.28482874252147183,-3.0930671736787407,-2.5462421971314373,4.193830411399891,2.245440989640886,-3.3998243756548767,1.3401290896466345,-7.175586814190972,3.2163928467913734,-7.43656049213316,3.023540543812057,-0.1427659236987308,1.74464296612091,2.3242504489927573,-6.119683588095389,-5.302030596626941,4.028675174017237,5.791576943319453,2.2835517820394227,-3.6175403647920157,-7.806242942975675,-5.707233019719801,-1.8960407468847649,1.7820451432055997,-4.90972463007325,4.947223162891727,-0.8904364293581575,0.40691969249134624,0.6500964857071247,5.566671104000451,-3.0288227667384837,-5.018493102849309,1.7984228326215572,5.12035253186865,0.33778996976530923,2.4129257217442075,-0.004677110389784825,1.5662110922647658,-3.2972120181013196,2.4260611688708953,2.3903573156211024,7.0324285965946185
1.139642192074777,5.763887814636664,1.1850852353655164,1.5438134969196626,-5.970101800729881,-4.361122271462123,-0.048613871992982394,0.36704177800323906,7.88589114747914,-5.998104940257634,-0.24541820191411606,3.438017216371923,-1.194288717338857,6.585082449937332,0.1475783078102756,-2.5379073313951963,-2.84496586048255,3.8314597969873785,2.2938513499682944,-2.62269668237505,0.9500747014630352,-6.520915329911125,2.923850096067123,-7.281712104327038,3.0033314660720243,-0.4236795989493873,1.2645582368821737,1.9962317614017457,-5.204796157973604,-4.384056053681377,3.3394749832806414,5.140387493534074,2.042720794895675,-3.3439243759986783,-6.96753639039532,-5.087168380110107,-1.321379014987719,2.060331906331254,-4.438851362083469,4.600897128257046,-1.0489673061246463,0.2584199010121261,0.8609330068825054,5.230212245947007,-3.2490215586695563,-4.667056448718661,1.5632395311184308,4.441655609737597,0.20379485368638214,2.427286100802785,-0.18229124564653126,1.5312811039302034,-3.1228694123662386,2.0510374744054625,2.3045990924235134,7.247847767305872
-7.546988535962985,-41.75668446166983,-6.339685855565983,-5.970101800729881,40.66957021466319,27.424923221954625,-3.555822926432513,0.8136205636790342,-64.79012310133285,37.544917347054486,2.7410719710733384,-31.336792280076637,7.990108611526594,-46.58398931710166,-2.292907562825268,21.277444447269122,14.659443050678684,-27.43918285519386,-13.715312539577488,24.1004845588701,-9.822749439028215,47.07770121029829,-21.128371171237916,46.786371273875375,-18.92648193207918,-0.1781706111863894,-12.62268185507409,-15.75520889173045,41.5968525687563,36.590014687623174,-27.66611059484802,-38.515164674338095,-15.185257554715252,23.58451214800367,51.81600157300533,37.88723595801602,13.990954612527009,-10.105202848793613,32.22539213259745,-32.06349253345833,4.8709258609940695,-3.1558479895176155,-3.1994008083044627,-35.90210388122328,17.958732023170356,32.570045345163926,-12.115698277128917,-34.39898808980815,-2.5657206830271035,-14.871659418019897,-0.6384712684894577,-9.799332764288797,21.18570979291728,-16.494002457142916,-15.108090475625646,-42.921200663330204
-5.104046554600464,-27.975594050702682,-4.402268037118734,-4.361122271462123,27.424923221954625,18.66358002453388,-2.1105764983200124,0.305100397031438,-42.8738092830532,25.564259996044633,1.7701083270025229,-20.54516761047639,5.397460210830789,-31.28904427733276,-1.451040191587112,14.05499195290917,10.235364424904395,-18.403648416304566,-9.388917435824414,15.791991883266512,-6.3760156186087436,31.551133409945347,-14.157128354527233,31.759947516961372,-12.876641249926776,0.10743234789619124,-8.213956361748549,-10.466871606671182,27.59924436265836,24.178815719406398,-18.29231276571419,-25.71758871320965,-10.144243377855506,15.847066359697955,34.62286506486364,25.31391756558255,9.066486142613003,-7.107182389578494,21.582098225741973,-21.56861353769993,3.4513554389117753,-2.026716641415863,-2.355835346552035,-24.192656251605644,12.421121741897615,21.909303939826962,-8.062259574509692,-22.892407076832555,-1.6435191648665362,-10.149717055228901,-0.28986900270100147,-6.653378742944261,14.292687003268423,-10.934868733027907,-10.23034440614149,-29.422953277275965
0.6336060620589589,3.971524267338207,0.33322297900407144,-0.048613871992982394,-3.555822926432513,-2.1105764983200124,0.8018565360573818,-0.4955735998996194,7.074285315962535,-2.8785067729134655,-0.37055391034676627,3.7383428479168974,-0.6815409146775441,4.30372276999476,0.3626779998918731,-2.3605129339349578,-0.6901898007084362,2.5742475408156382,0.9595957439768584,-2.8958356126356524,1.282678141410524,-4.459791725161755,2.0073151547300907,-3.7464048791647473,1.4715985823723745,0.400549895469194,1.6073135976399109,1.6555856617414908,-4.422378251251788,-4.06207860834731,3.0436892377889717,3.8167420083621457,1.4980926740255003,-2.172065399091718,-5.096024739578206,-3.7295241874449943,-1.8537457513397324,0.39843855609302936,-3.0702780700907266,2.9018427482245026,-0.1382618868324597,0.45537863693697506,-0.0576712413635672,3.1826239521811144,-1.0474055517208518,-2.9543705029791325,1.2493824738085162,3.5342541373876606,0.36911484848711845,1.0912317968710001,0.2923852663532419,0.7756073903880225,-1.8492538454601963,1.762800735426106,1.2459288735599205,2.9552589519276613
-0.12865823447345806,-1.1284189441954937,0.07060503994741468,0.36704177800323906,0.8136205636790342,0.305100397031438,-0.4955735998996194,0.3984974513359551,-2.542197042171521,0.4360398525070673,0.16000907449304044,-1.4845797907011944,0.14573239587750414,-1.1654269337456378,-0.18509089291452732,0.8530434586999274,-0.20547060957333932,-0.7126313063340891,-0.06920470016768869,1.1682667382625,-0.5638287085041087,1.2592570347032357,-0.5748541095813603,0.6673710868137169,-0.24400227003211025,-0.3298444108122156,-0.6792713323677352,-0.571284598521604,1.5376262716765987,1.5108222876166673,-1.1008244511739098,-1.182173462841831,-0.4698766424694241,0.5896353189685052,1.5658303057850298,1.1444558673461787,0.826870850145905,0.18839763935014928,0.8639615398903988,-0.7433279018273917,-0.1543814345379357,-0.2282682870832037,0.22698178846794886,-0.7806992559421934,-0.07857169705317975,0.7687948933383894,-0.4182963978399947,-1.154615723592871,-0.16850141364499432,-0.11628821332514917,-0.21229160969781083,-0.12084062109784503,0.43858468161590464,-0.6097036506646933,-0.23442885576578967,-0.21252768740872066
11.949090991178972,67.47139310987855,9.453976513024864,7.88589114747914,-64.79012310133285,-42.8738092830532,7.074285315962535,-2.542197042171521,107.31364616297323,-58.715822005911335,-4.727398621911676,52.779731168879486,-12.681904405913444,74.9363908908106,4.116815589552089,-35.32214540025036,-21.67801503494154,44.239289413131615,21.166599223658714,-40.665856457767255,16.8675280438346,-76.02243219338918,34.145261092723885,-73.5998220165568,29.669987611064037,1.3775711585876704,21.539827231196657,25.926187400594166,-68.57033204139154,-60.82876444692981,45.88204971386939,62.6888840301702,24.71684009880072,-37.929374767639196,-84.2449761598273,-61.60127941273457,-24.10153199619293,14.758877110240078,-52.066039982595925,51.39374334224592,-6.9292833755447,5.560636479884448,4.1289292803542486,57.36525881129963,-27.133872174074174,-52.23766580113652,19.868479501018427,56.332641931783805,4.4879967199421,23.091627523060332,1.6878685164581024,15.368867446557756,-33.77476542498161,27.20252918054296,23.848531550574943,66.16751591866976
-6.991040445193237,-38.32060969823616,-6.021041002963621,-5.998104940257634,37.544917347054486,25.564259996044633,-2.8785067729134655,0.4360398525070673,-58.715822005911335,35.073736854621025,2.403242955246752,-28.096275796629428,7.393142576303597,-42.891873845769815,-1.981218588750516,19.216642428145224,14.048021587645366,-25.216804577810418,-12.865326370154545,21.60868243892396,-8.722168546812602,43.223960626710046,-19.40754365302546,43.542353923606115,-17.679579587253127,0.16661860954838115,-11.219457456500097,-14.351353395659073,37.81427644867183,33.14435644256089,-25.04399612617722,-35.236856757898686,-13.924970663567512,21.733722626569595,47.46203616534967,34.69096358998952,12.399853851137165,-9.79501000505414,29.545461077894213,-29.558503699093297,4.72798600641312,-2.7878928693908653,-3.2317243946559637,-33.163899060553355,17.040037748917765,30.034888349336015,-11.055410906528804,-31.347424288273842,-2.2300845289930225,-13.901598304782654,-0.3845215513880949,-9.101622279000273,19.60251339066381,-14.970179995430515,-14.003743838654524,-40.380586836555636
-0.5003189151820739,-2.891879722216058,-0.3713060148480555,-0.24541820191411606,2.7410719710733384,1.7701083270025229,-0.37055391034676627,0.16000907449304044,-4.727398621911676,2.403242955246752,0.22521451896095948,-2.3803094888872502,0.532299535620027,-3.183801177490509,-0.19840128222937864,1.5720671934435952,0.8237266991118583,-1.8879849135627835,-0.8583710251466125,1.832839886428905,-0.7742990793360033,3.253436283429822,-1.4572714601367571,3.045897230979038,-1.2129242871388684,-0.11750745438951518,-0.9885774574423635,-1.1283731755590916,2.999670637616423,2.6780194339112353,-2.026276105657688,-2.705368840425581,-1.05564016762417,1.6077341380226886,3.6217236727259454,2.652894194495836,1.1104743105941643,-0.536659668383942,2.2371071627224857,-2.1774708030807606,0.2521812312395649,-0.25616820058802325,-0.1266239081193132,-2.4190440378114015,1.064848023738067,2.211960283442003,-0.8607911597342607,-2.4540626889750987,-0.21675160069885024,-0.9452610915397047,-0.10743134332802651,-0.6405300790951961,1.4164114567558914,-1.194426252935345,-0.9988355522113088,-2.6567193457573466
5.762331824144795,32.820855007300764,4.4378247543172025,3.438017216371923,-31.336792280076637,-20.54516761047639,3.7383428479168974,-1.4845797907011944,52.779731168879486,-28.096275796629428,-2.3803094888872502,26.179041218357675,-6.122473668283434,36.35110118043847,2.0969929311750173,-17.412442442163318,-10.087796138465464,21.495483853924036,10.080926330686912,-20.172088800685117,8.430644460499233,-36.96642400640771,16.601762569859737,-35.340073954519596,14.203320762723996,0.9228786708357878,10.75411825364842,12.699454896928652,-33.639182720027584,-29.937429817911518,22.586159442589643,30.581106623739142,12.042608779687962,-18.387853045136215,-41.061828714851096,-30.03075826086047,-12.061467384834296,6.7898076316768945,-25.345264823062816,24.90058775858688,-3.1701481705798042,2.792656868561517,1.778053941451855,27.743064934658026,-12.76873796893345,-25.303237085161342,9.71817548117525,27.571897392698062,2.273641207355027,11.034940797837049,0.9755759837313117,7.387628905014602,-16.312751100793523,13.361226810475834,11.490299623472264,31.43539535383605
-1.484776437098449,-8.192878554389786,-1.2532487036356692,-1.194288717338857,7.990108611526594,5.397460210830789,-0.6815409146775441,0.14573239587750414,-12.681904405913444,7.393142576303597,0.532299535620027,-6.122473668283434,1.571797559449238,-9.145138663042582,-0.44465636757114935,4.160761594687123,2.9011605182010523,-5.386875732414021,-2.7040830575318857,4.7072203598786215,-1.9153567883317524,9.238637422193872,-4.148064294009079,9.205487171544235,-3.7270083151137388,-0.021913762589680915,-2.4630888300125027,-3.085761501741514,8.145556130731004,7.16099754792172,-5.415143539047851,-7.550348227859858,-2.9815758593418096,4.629868763983512,10.162289507788255,7.428180578712853,2.7265790412089026,-2.0032504411531855,6.324156252925846,-6.297598431803169,0.9679155199748405,-0.6132431155283511,-0.6390470515929203,-7.05239361355938,3.5457704388011537,6.394868276616055,-2.3745683511374764,-6.739283389051289,-0.4977034659401252,-2.9305972972936827,-0.11833269726512215,-1.9288816533992557,4.16451892956572,-3.2309134844404417,-2.9716473509417853,-8.46269278485759
8.63282632925779,48.01565554346631,7.143742952005322,6.585082449937332,-46.58398931710166,-31.28904427733276,4.30372276999476,-1.1654269337456378,74.9363908908106,-42.891873845769815,-3.183801177490509,36.35110118043847,-9.145138663042582,53.54309861880633,2.700571354408813,-24.595725108894,-16.541114176092016,31.539056512554428,15.601794901428985,-27.98569003115513,11.45275577939592,-54.13058143154706,24.30680842403367,-53.4936236352865,21.64597817085239,0.3703215067824552,14.675355448000651,18.212623909269166,-48.07473562433862,-42.390039227027025,31.999074905258638,44.379835661374884,17.51496848641987,-27.117473478766613,-59.707596669143214,-43.65200275570167,-16.325784742823075,11.411876972303839,-37.03203886118212,36.810008432665455,-5.4370145926865066,3.721925692380358,3.5080823562883583,41.199452823422476,-20.356480315901887,-37.41281760664252,13.992937034022894,39.674559466572774,2.9892613758335203,16.934520882818507,0.830938405056617,11.174154471331494,-24.30414338071963,19.048716957366857,17.26323845855271,48.88543111978683
0.41673975315988104,2.459251468927768,0.28482874252147183,0.1475783078102756,-2.292907562825268,-1.451040191587112,0.3626779998918731,-0.18509089291452732,4.116815589552089,-1.981218588750516,-0.19840128222937864,2.0969929311750173,-0.44465636757114935,2.700571354408813,0.1830114524823334,-1.3651767563513886,-0.6301590175793456,1.6040431874236538,0.694055362819598,-1.6190484270813732,0.6938752327629911,-2.7663029381155217,1.243130154362696,-2.5223757145027386,1.0051789660957533,0.1375852850784,0.8784602792784476,0.9792942547971576,-2.6032054088760628,-2.3459541727446758,1.7656820106489934,2.318588563704266,0.9110655857025418,-1.3648691862701585,-3.105898035161625,-2.2725080021170565,-0.9968001260420183,0.40798370565041686,-1.9001911554541888,1.839193359288605,-0.1797878564372614,0.23678627175407563,0.06900101641966376,2.037153534813668,-0.8390485508188426,-1.870046271841767,0.7451718862543956,2.1129089984668425,0.1930471498505417,0.7692701395383164,0.11429043154709159,0.5256397730881831,-1.1923833964430544,1.0356025141792604,0.8271616702504946,2.1539716541554728
-3.919831332800974,-22.167822167343182,-3.0930671736787407,-2.5379073313951963,21.277444447269122,14.05499195290917,-2.3605129339349578,0.8530434586999274,-35.32214540025036,19.216642428145224,1.5720671934435952,-17.412442442163318,4.160761594687123,-24.595725108894,-1.3651767563513886,11.646336997337313,7.062852568293295,-14.527370349637557,-6.928839992289339,13.41166645308931,-5.569922211942862,24.972752275468242,-11.208955414619158,24.11599867128776,-9.704773266118366,-0.4868531033910427,-7.118680646849049,-8.52136313659486,22.554365773325323,20.009557293719816,-15.106666853351728,-20.602829318703957,-8.106799978793976,12.44389689622454,27.67068017840757,20.240018200674065,7.962461250827196,-4.7822070361279625,17.114175485100322,-16.867900972441568,2.2546602515062477,-1.8315350189883262,-1.3316593360254294,-18.819888327162396,8.859915684273425,17.14220901779624,-6.527701597385934,-18.530793445363766,-1.4940703800024693,-7.565481882580447,-0.575018744545265,-5.04497661405282,11.072345104017229,-8.953062861867139,-7.827283498113845,-21.626477479659883
-2.7522283723754204,-14.677923863470921,-2.5462421971314373,-2.84496586048255,14.659443050678684,10.235364424904395,-0.6901898007084362,-0.20547060957333932,-21.67801503494154,14.048021587645366,0.8237266991118583,-10.087796138465464,2.9011605182010523,-16.541114176092016,-0.6301590175793456,7.062852568293295,6.007169000254057,-9.689480331713806,-5.233790115916649,7.740446951934137,-3.030599496389624,16.572009947906967,-7.434286216933723,17.302624923016445,-7.062101038811926,0.40494271291814754,-3.9359618875551536,-5.356780945501962,14.068927850884446,12.176197120661211,-9.225502890145737,-13.360659963203787,-5.283645272772646,8.386992025914862,18.028562340048513,13.175385593145128,4.285220173767317,-4.250243658230533,11.311826838445572,-11.452435576118175,2.0995758545281658,-0.9294127649309976,-1.5602569456088242,-12.908655213361108,7.114610616257712,11.631913946921955,-4.14759918626647,-11.773656841295983,-0.743811428275124,-5.611972577908457,0.058891991902178344,-3.62609627865519,7.654282488302713,-5.560983280062495,-5.533623252697103,-16.4670368023012
5.084234186305405,28.29959789782556,4.193830411399891,3.8314597969873785,-27.43918285519386,-18.403648416304566,2.5742475408156382,-0.7126313063340891,44.239289413131615,-25.216804577810418,-1.8879849135627835,21.495483853924036,-5.386875732414021,31.539056512554428,1.6040431874236538,-14.527370349637557,-9.689480331713806,18.587373401708643,9.171273807774396,-16.54451022470732,6.779745388104665,-31.902240763692525,14.32603848025047,-31.467622122448716,12.725287546538988,0.2529516407183241,8.690182230102423,10.741214832288943,-28.36597866865077,-25.022526129142165,18.89614708788908,26.162481339181042,10.3255032223563,-15.969211404808203,-35.19464888899988,-25.729848100002744,-9.665207066594707,6.66852877825529,-21.835080278269597,21.682849954026022,-3.1826342544659814,2.200408553666326,2.0372704631598775,24.257685362036277,-11.939954500308888,-22.031137960476872,8.25206369352526,23.404411578173608,1.774975903269981,9.960617433717017,0.5126120071585578,6.579218054842225,-14.308785766731473,11.246514655769758,10.165338475599766,28.710290275533108
2.559031979174265,13.927578190229399,2.245440989640886,2.2938513499682944,-13.715312539577488,-9.388917435824414,0.9595957439768584,-0.06920470016768869,21.166599223658714,-12.865326370154545,-0.8583710251466125,10.080926330686912,-2.7040830575318857,15.601794901428985,0.694055362819598,-6.928839992289339,-5.233790115916649,9.171273807774396,4.743868028344837,-7.742858914262466,3.1064216092709462,-15.711680523582519,7.05107296478368,-15.950965310896049,6.477019685047133,-0.1282197025958728,4.010583378891952,5.179519875043703,-13.64821059862012,-11.923966123580142,9.027184634199216,12.771197147418542,5.043428187628952,-7.902946067239815,-17.20464738463656,-12.575991499962816,-4.410058282035398,3.649259430213582,-10.745983727688495,10.768315148222715,-1.7837190000520795,0.9775803205207894,1.2427489923137571,12.089467927748348,-6.31246214274421,-10.934074933495808,3.995183906119834,11.34466943242405,0.7926269713719439,5.118491781257638,0.10012448962361793,3.343826509514251,-7.150145927792923,5.407526079599474,5.132172857844755,14.871156426856942
-4.429821854136721,-25.264353000631328,-3.3998243756548767,-2.62269668237505,24.1004845588701,15.791991883266512,-2.8958356126356524,1.1682667382625,-40.665856457767255,21.60868243892396,1.832839886428905,-20.172088800685117,4.7072203598786215,-27.98569003115513,-1.6190484270813732,13.41166645308931,7.740446951934137,-16.54451022470732,-7.742858914262466,15.55009558909973,-6.501891696595274,28.455579217714448,-12.780670631319918,27.18020293450564,-10.927513473593175,-0.7219840595545309,-8.286483525591661,-9.787687194258384,25.91933027753979,23.07804026641368,-17.40000144407472,-23.55268728312674,-9.276493843450853,14.159295431009253,31.62549759754734,23.12936865714752,9.304496480820006,-5.217003498596805,19.50212590789914,-19.163063800723716,2.4231738538391587,-2.161473355115513,-1.3545796282838454,-21.35252554773363,9.806800217541412,19.479673948608966,-7.488118979742507,-21.23407707018934,-1.7511422978535651,-8.476352442637845,-0.7565594450345967,-5.674974737556152,12.553885782082002,-10.289592981459766,-8.831268800900327,-24.16552384289189
1.8004306081767174,10.363280824073394,1.3401290896466345,0.9500747014630352,-9.822749439028215,-6.3760156186087436,1.282678141410524,-0.5638287085041087,16.8675280438346,-8.722168546812602,-0.7742990793360033,8.430644460499233,-1.9153567883317524,11.45275577939592,0.6938752327629911,-5.569922211942862,-3.030599496389624,6.779745388104665,3.1064216092709462,-6.501891696595274,2.7386928372197383,-11.668452811224698,5.242658904025281,-11.005285416960485,4.415294125597928,0.37504066985609047,3.483066669224957,4.046465944101885,-10.726674769962257,-9.584900625872518,7.222188946203752,9.69147722861281,3.8167439343624974,-5.792987647776845,-13.006321536948446,-9.512396169479201,-3.9231742468034416,2.0243406315122634,-8.001927031968801,7.830593811595741,-0.9283174428583103,0.9178414745817569,0.4813426978243935,8.71068581295355,-3.8869716895421393,-7.9600025000748404,3.0912955262051156,8.763726381918563,0.7439434622808809,3.411651323776334,0.35823746257420463,2.2961259841926935,-5.115980092293413,4.2610527593264775,3.5843332743073844,9.681729978705969
-8.718698715488477,-48.58155270566837,-7.175586814190972,-6.520915329911125,47.07770121029829,31.551133409945347,-4.459791725161755,1.2592570347032357,-76.02243219338918,43.223960626710046,3.253436283429822,-36.96642400640771,9.238637422193872,-54.13058143154706,-2.7663029381155217,24.972752275468242,16.572009947906967,-31.902240763692525,-15.711680523582519,28.455579217714448,-11.668452811224698,54.763561985538246,-24.588696098738716,53.95603878786204,-21.812363703913377,-0.46730357482931095,-14.953158377108247,-18.452969882902917,48.73580642332499,43.003471440147294,-32.47278742109685,-44.92846242151221,-17.72356525605449,27.407441838553698,60.42985389871819,44.18256561766998,16.639306795410473,-11.395971113013932,37.481713672300216,-37.207146408102034,5.433348378283282,-3.791548928464555,-3.4677481067867433,-41.62223401803522,20.440657614293976,37.80936967177748,-14.173348282012602,-40.202115821946485,-3.0603343487259322,-17.068565088241368,-0.8986660537629615,-11.280415516561318,24.545399786310426,-19.321354475631672,-17.432548316379915,-49.183542831201855
3.9144090810164904,21.811742902454764,3.2163928467913734,2.923850096067123,-21.128371171237916,-14.157128354527233,2.0073151547300907,-0.5748541095813603,34.145261092723885,-19.40754365302546,-1.4572714601367571,16.601762569859737,-4.148064294009079,24.30680842403367,1.243130154362696,-11.208955414619158,-7.434286216933723,14.32603848025047,7.05107296478368,-12.780670631319918,5.242658904025281,-24.588696098738716,11.044800906813467,-24.22153716398147,9.797151063883046,0.21292018706124874,6.715340317531321,8.289312461795443,-21.88964388973256,-19.321898994906167,14.584998480781282,20.173875318899732,7.967100030430972,-12.308326326966608,-27.14115998937066,-19.840067360029444,-7.474703582789998,5.118589319485239,-16.827503403866977,16.706582289850328,-2.435745918023757,1.7059655026318805,1.5508457201536179,18.687708832366162,-9.170467092414546,-16.97595440447048,6.367535652569087,18.051202083225064,1.371158994797834,7.659900359355866,0.4061265995407965,5.0608381826064575,-11.023860910361554,8.677946239767277,7.82334026444022,22.079669610037804
-8.701742697586825,-47.84278725232457,-7.43656049213316,-7.281712104327038,46.786371273875375,31.759947516961372,-3.7464048791647473,0.6673710868137169,-73.5998220165568,43.542353923606115,3.045897230979038,-35.340073954519596,9.205487171544235,-53.4936236352865,-2.5223757145027386,24.11599867128776,17.302624923016445,-31.467622122448716,-15.950965310896049,27.18020293450564,-11.005285416960485,53.95603878786204,-24.22153716398147,54.12094888005545,-21.948269586586175,0.07725547465939583,-14.151592870457936,-17.960143801285973,47.353197966138566,41.55168517754254,-31.40342992737543,-44.0367351797086,-17.387118211163145,27.098603020724852,59.29061483584834,43.34300265883475,15.655822929957923,-12.021538945684568,36.89730437322936,-36.84960690092819,5.799958620260923,-3.5238841269475243,-3.9182433641822136,-41.31893535212516,21.052937054898806,37.44110927095571,-13.827233832977413,-39.22493310002642,-2.8343777095478084,-17.2544382335225,-0.5593556727681226,-11.319803160948563,24.408765083629927,-18.755321803840957,-17.427907287036504,-50.02012917165184
3.5238493042411423,19.337627388382874,3.023540543812057,3.0033314660720243,-18.92648193207918,-12.876641249926776,1.4715985823723745,-0.24400227003211025,29.669987611064037,-17.679579587253127,-1.2129242871388684,14.203320762723996,-3.7270083151137388,21.64597817085239,1.0051789660957533,-9.704773266118366,-7.062101038811926,12.725287546538988,6.477019685047133,-10.927513473593175,4.415294125597928,-21.812363703913377,9.797151063883046,-21.948269586586175,8.915825087568273,-0.07043783247042702,5.673458199371795,7.25276892369161,-19.106335998489847,-16.75880843384975,12.654527855504703,17.790846996832798,7.036443322065332,-10.970308436906775,-23.96709151623761,-17.515812735423456,-6.27745984585748,4.930206951451145,-14.90574320155904,14.91241105866112,-2.3706159590637093,1.4169573677539782,1.6147461395532905,16.730269222418336,-8.573579234855417,-15.155079794263793,5.586225790573027,15.828830196532714,1.1263124518070586,6.99957633987649,0.20207127652833262,4.5826215111956,-9.889949541395566,7.5616518803834545,7.055454603693263,20.341984169389143
0.012769578453149811,0.42738609923071247,-0.1427659236987308,-0.4236795989493873,-0.1781706111863894,0.10743234789619124,0.400549895469194,-0.3298444108122156,1.3775711585876704,0.16661860954838115,-0.11750745438951518,0.9228786708357878,-0.021913762589680915,0.3703215067824552,0.1375852850784,-0.4868531033910427,0.40494271291814754,0.2529516407183241,-0.1282197025958728,-0.7219840595545309,0.37504066985609047,-0.46730357482931095,0.21292018706124874,0.07725547465939583,-0.07043783247042702,0.3056649111987891,0.4543996979352123,0.2800582865720412,-0.7865608033876861,-0.8232362534079332,0.6084679933754876,0.510307902511017,0.1934344673014046,-0.17946733306842577,-0.6533267087850037,-0.4809654709753764,-0.5547978542694695,-0.34859063680757424,-0.3397240945175788,0.2108730313762911,0.20243393498109002,0.14985461628177812,-0.25138581453961445,0.1805887034421703,0.3377633688993459,-0.21510968959000062,0.19728620700833174,0.5584254358713544,0.1277942188046544,-0.09787051009580748,0.19096911115437054,-0.018054457767335972,-0.08348910238318984,0.32321949206534045,0.00901429864674047,-0.455602516966596
2.3160181683779024,13.279662453340597,1.74464296612091,1.2645582368821737,-12.62268185507409,-8.213956361748549,1.6073135976399109,-0.6792713323677352,21.539827231196657,-11.219457456500097,-0.9885774574423635,10.75411825364842,-2.4630888300125027,14.675355448000651,0.8784602792784476,-7.118680646849049,-3.9359618875551536,8.690182230102423,4.010583378891952,-8.286483525591661,3.483066669224957,-14.953158377108247,6.715340317531321,-14.151592870457936,5.673458199371795,0.4543996979352123,4.440277560064575,5.165728697036783,-13.70070465945846,-12.223679888375596,9.224451149554302,12.400264560377572,4.879577260536656,-7.419051133665882,-16.639451720137348,-12.170448018376485,-4.988124846142132,2.6218185320167007,-10.261969139343028,10.043663979081636,-1.219254952091288,1.157095095704608,0.6454718345342527,11.17302415589027,-5.028597947578523,-10.203039370153464,3.9489701703493045,11.209511063879969,0.9487282235549513,4.402788360435369,0.4447490954937815,2.962067260046985,-6.563267982364365,5.44789540587641,4.614524193410684,12.478877318736487
2.9087996496474795,16.37475108843195,2.3242504489927573,1.9962317614017457,-15.75520889173045,-10.466871606671182,1.6555856617414908,-0.571284598521604,25.926187400594166,-14.351353395659073,-1.1283731755590916,12.699454896928652,-3.085761501741514,18.212623909269166,0.9792942547971576,-8.52136313659486,-5.356780945501962,10.741214832288943,5.179519875043703,-9.787687194258384,4.046465944101885,-18.452969882902917,8.289312461795443,-17.960143801285973,7.25276892369161,0.2800582865720412,5.165728697036783,6.27774589840369,-16.587146757494256,-14.697339112762325,11.078641099356021,15.199936792457088,5.9974225362689175,-9.223166242959534,-20.43568627231822,-14.941586602710908,-5.7787946398551115,3.6705282828999897,-12.627292170185303,12.494125265938305,-1.720580103212978,1.3351410071769914,1.0497120870916579,13.95920994164689,-6.6762116299869465,-12.704364885594991,4.8132134501614745,13.636604288772725,1.0680642647045788,5.641570005724978,0.37550832083165603,3.7440894374405214,-8.223291386937314,6.573399364271038,5.806986259064978,16.221033158299782
-7.677379201035978,-43.24974815774781,-6.119683588095389,-5.204796157973604,41.5968525687563,27.59924436265836,-4.422378251251788,1.5376262716765987,-68.57033204139154,37.81427644867183,2.999670637616423,-33.639182720027584,8.145556130731004,-48.07473562433862,-2.6032054088760628,22.554365773325323,14.068927850884446,-28.36597866865077,-13.64821059862012,25.91933027753979,-10.726674769962257,48.73580642332499,-21.88964388973256,47.353197966138566,-19.106335998489847,-0.7865608033876861,-13.70070465945846,-16.587146757494256,43.848422080684095,38.861819841121616,-29.30867534442533,-40.15326969974862,-15.835723046899124,24.338664254866742,53.97284162385602,39.464628801611305,15.321508859822725,-9.610564655171759,33.365333365466306,-32.98105081910474,4.516215433845924,-3.532954118412841,-2.7343898316029507,-36.834123057132096,17.55690872598059,33.527288931474004,-12.716242550676611,-36.04609772895423,-2.8423051286990253,-14.874728372523613,-1.0221805529626788,-9.883051649802413,21.694061894796864,-17.387011949891757,-15.327209848159303,-42.699919778092735
-6.745543418452892,-38.16592500330251,-5.302030596626941,-4.384056053681377,36.590014687623174,24.178815719406398,-4.06207860834731,1.5108222876166673,-60.82876444692981,33.14435644256089,2.6780194339112353,-29.937429817911518,7.16099754792172,-42.390039227027025,-2.3459541727446758,20.009557293719816,12.176197120661211,-25.022526129142165,-11.923966123580142,23.07804026641368,-9.584900625872518,43.003471440147294,-19.321898994906167,41.55168517754254,-16.75880843384975,-0.8232362534079332,-12.223679888375596,-14.697339112762325,38.861819841121616,34.50818994719304,-26.005566890061594,-35.4902224149192,-14.004744112762166,21.46120874116904,47.700197626893626,34.87494840034491,13.698967807866733,-8.301971833057289,29.440228198773234,-29.057386575192563,3.8710486606423258,-3.1759178031315765,-2.2861541692635656,-32.430792552444096,15.268091758497913,29.543400153731433,-11.259953109120032,-31.89783043765317,-2.5448044370623752,-13.012463384241004,-0.9802506160370595,-8.662863991236703,19.09433201927668,-15.409682496608038,-13.455245474519115,-37.30904219243801
5.101730929489408,28.82099026506108,4.028675174017237,3.3394749832806414,-27.66611059484802,-18.29231276571419,3.0436892377889717,-1.1008244511739098,45.88204971386939,-25.04399612617722,-2.026276105657688,22.586159442589643,-5.415143539047851,31.999074905258638,1.7656820106489934,-15.106666853351728,-9.225502890145737,18.89614708788908,9.027184634199216,-17.40000144407472,7.222188946203752,-32.47278742109685,14.584998480781282,-31.40342992737543,12.654527855504703,0.6084679933754876,9.224451149554302,11.078641099356021,-29.30867534442533,-26.005566890061594,19.61982310373746,26.781749989719618,10.558740387614998,-16.194050777896507,-35.98801626923562,-26.31493163005229,-10.320356480390705,6.270800903261222,-22.245393746134553,21.945890116653942,-2.946993391382895,2.3792591794344577,1.746333270087788,24.48981512306098,-11.557155300421432,-22.302766954340335,8.489671426926922,24.075189287834785,1.9249380192131393,9.851783424499258,0.7340583791076707,6.561125108828291,-14.417695485535607,11.630839410883388,10.181527174705495,28.204508987022177
7.122229622083121,39.8629099895948,5.791576943319453,5.140387493534074,-38.515164674338095,-25.71758871320965,3.8167420083621457,-1.182173462841831,62.6888840301702,-35.236856757898686,-2.705368840425581,30.581106623739142,-7.550348227859858,44.379835661374884,2.318588563704266,-20.602829318703957,-13.360659963203787,26.162481339181042,12.771197147418542,-23.55268728312674,9.69147722861281,-44.92846242151221,20.173875318899732,-44.0367351797086,17.790846996832798,0.510307902511017,12.400264560377572,15.199936792457088,-40.15326969974862,-35.4902224149192,26.781749989719618,36.92403173145691,14.560897218244195,-22.47176026079875,-49.64993207849309,-36.3041964195304,-13.829920019786737,9.170378397508411,-30.748404756549444,30.479333563098354,-4.343525230788907,3.1694793671670745,2.724055489072934,34.07891438508261,-16.552178937990742,-30.982291133866415,11.665061926270992,33.07730677796668,2.5514883534879296,13.889551290835495,0.8117040045629693,9.196630555875423,-20.08533976889181,15.915608766326052,14.233346880061356,39.983078115314726
2.812166946012457,15.721389389491572,2.2835517820394227,2.042720794895675,-15.185257554715252,-10.144243377855506,1.4980926740255003,-0.4698766424694241,24.71684009880072,-13.924970663567512,-1.05564016762417,12.042608779687962,-2.9815758593418096,17.51496848641987,0.9110655857025418,-8.106799978793976,-5.283645272772646,10.3255032223563,5.043428187628952,-9.276493843450853,3.8167439343624974,-17.72356525605449,7.967100030430972,-17.387118211163145,7.036443322065332,0.1934344673014046,4.879577260536656,5.9974225362689175,-15.835723046899124,-14.004744112762166,10.558740387614998,14.560897218244195,5.760869880482757,-8.870877617347997,-19.59447655493414,-14.319086181219781,-5.443812786907163,3.6409072949145567,-12.125613922275129,12.029529830802584,-1.7178533129980063,1.251001643197479,1.0752120966534524,13.449656333258208,-6.538505778525231,-12.22553345261207,4.605191271112235,13.038221500602248,0.995767147511426,5.48356485201998,0.31742597202760703,3.626407826678222,-7.934917880011547,6.276592783447084,5.613923792104916,15.80537140637417
-4.370755330434775,-24.311160683890105,-3.6175403647920157,-3.3439243759986783,23.58451214800367,15.847066359697955,-2.172065399091718,0.5896353189685052,-37.929374767639196,21.733722626569595,1.6077341380226886,-18.387853045136215,4.629868763983512,-27.117473478766613,-1.3648691862701585,12.44389689622454,8.386992025914862,-15.969211404808203,-7.902946067239815,14.159295431009253,-5.792987647776845,27.407441838553698,-12.308326326966608,27.098603020724852,-10.970308436906775,-0.17946733306842577,-7.419051133665882,-9.223166242959534,24.338664254866742,21.46120874116904,-16.194050777896507,-22.47176026079875,-8.870877617347997,13.73681573288266,30.236266064761544,22.10519207225687,8.256921650919649,-5.795924416359549,18.744731091285093,-18.640790050230525,2.75530301311121,-1.886216226932732,-1.7816778502199884,-20.867607347554916,10.319157957238051,18.94965926135587,-7.086003149996547,-20.084048280099793,-1.5087999917238841,-8.575585625897578,-0.41485808043488115,-5.655413135040885,12.311036767196827,-9.63991539202282,-8.73973308011141,-24.777405025495742
-9.5866579315985625,-53.61286737573002,-7.806242942975675,-6.96753639039532,51.81600157300533,34.62286506486364,-5.096024739578206,1.5658303057850298,-84.2449761598273,47.46203616534967,3.6217236727259454,-41.061828714851096,10.162289507788255,-59.707596669143214,-3.105898035161625,27.67068017840757,18.028562340048513,-35.19464888899988,-17.20464738463656,31.62549759754734,-13.006321536948446,60.42985389871819,-27.14115998937066,59.29061483584834,-23.96709151623761,-0.6533267087850037,-16.639451720137348,-20.43568627231822,53.97284162385602,47.700197626893626,-35.98801626923562,-49.64993207849309,-19.59447655493414,30.236266064761544,66.77696099025228,48.820887380412934,18.555756625640296,-12.393906775259843,41.35145181845839,-41.009794456899186,5.866910635081539,-4.2543360292264145,-3.6892924165243004,-45.8582517897123,22.31565661905773,41.685342619941025,-15.686421866944523,-44.46358821857094,-3.4141599251172314,-18.70569569932992,-1.072800018538197,-12.377181872403925,27.036001328647767,-21.3911542189152,-19.155088793650087,-53.88260208377224
-7.007612224694638,-39.2002997733181,-5.707233019719801,-5.087168380110107,37.88723595801602,25.31391756558255,-3.7295241874449943,1.1444558673461787,-61.60127941273457,34.69096358998952,2.652894194495836,-30.03075826086047,7.428180578712853,-43.65200275570167,-2.2725080021170565,20.240018200674065,13.175385593145128,-25.729848100002744,-12.575991499962816,23.12936865714752,-9.512396169479201,44.18256561766998,-19.840067360029444,43.34300265883475,-17.515812735423456,-0.4809654709753764,-12.170448018376485,-14.941586602710908,39.464628801611305,34.87494840034491,-26.31493163005229,-36.3041964195304,-14.319086181219781,22.10519207225687,48.820887380412934,35.69714056786057,13.572252299741063,-9.052548658895343,30.23453102637031,-29.98121969614949,4.286879576131645,-3.1111299284381593,-2.697047410667695,-33.52669686172649,16.312074824607542,30.477059849649606,-11.467847196858076,-32.513957093079014,-2.50074185573957,-13.673579378796184,-0.785195831860201,-9.049116049566408,19.76221734206767,-15.64037347058778,-14.004615243364581,-39.38196094493998
-2.5621942120768755,-14.778396439982128,-1.8960407468847649,-1.321379014987719,13.990954612527009,9.066486142613003,-1.8537457513397324,0.826870850145905,-24.10153199619293,12.399853851137165,1.1104743105941643,-12.061467384834296,2.7265790412089026,-16.325784742823075,-0.9968001260420183,7.962461250827196,4.285220173767317,-9.665207066594707,-4.410058282035398,9.304496480820006,-3.9231742468034416,16.639306795410473,-7.474703582789998,15.655822929957923,-6.27745984585748,-0.5547978542694695,-4.988124846142132,-5.7787946398551115,15.321508859822725,13.698967807866733,-10.320356480390705,-13.829920019786737,-5.443812786907163,8.256921650919649,18.555756625640296,13.572252299741063,5.623684465373286,-2.8558104927251544,11.41007226438961,-11.158174942568342,1.3054055813504328,-1.3171949655877144,-0.6676760767118002,-12.409559448690377,5.508586504309396,11.344890721648472,-4.413139232980307,-12.511301159348,-1.0680094637512396,-4.847196280443007,-0.5226915274353737,-3.266740990731257,7.285388659049218,-6.085856515463273,-5.100319122004032,-13.745285577224227
