V1,V2,V3,V4,V5,V6,V7,V8,V9,V10,V11,V12,V13,V14,V15,V16,V17,V18,V19,V20,V21,V22,V23,V24,V25,V26,V27,V28,V29,V30,V31,V32,V33,V34,V35,V36,V37,V38,V39,V40,V41,V42,V43,V44,V45,V46,V47,V48,V49,V50,V51,V52,V53,V54,V55,V56
8.992791616472477,-65.84579977109404,84.30519642931219,31.308013147376123,0.2553577714914763,-48.187807869721375,51.72111762547471,-57.444450511870606,21.889746368434075,-24.870214210537522,-69.28649811034644,-53.4344230948003,-24.712745888219214,4.785880028331148,58.91662428852929,-21.259303746926204,25.1029632823055,-70.1284933176111,-75.51286243748052,-5.653498195425007,-60.79080097048805,11.258231395640866,-50.4761094825797,54.8515277747391,-25.913444791829583,47.25176399770195,-37.37879247554621,-16.71438849172552,-0.7305402698786754,-24.60660149003587,32.25800719918693,-11.985614363652378,-30.89666605965791,-12.144575762351144,-3.0531715868892646,10.386084047434375,41.51646218989845,-25.269493078354333,51.50408577705242,78.7503429017767,-48.90872259121436,63.99876438593538,9.864404380848555,26.829740019937226,-101.53010316248935,40.46845509121241,-58.260748167935674,-37.515582744125815,55.995475377032484,19.458711692821712,-60.4011149082745,-57.12195057699437,13.808597521954463,-27.682670449217095,-10.387279314765625,40.94650635682728
-65.84579977109404,488.9886048117371,-622.6828294752675,-231.93446564178794,-6.030931434692909,354.84640384267396,-383.34839495705876,428.6314211758506,-161.79367399491431,186.06016879779455,511.90270461145855,399.109852222427,182.2986966212473,-36.939332728841606,-436.31484222772207,155.03092030203086,-185.89340294292103,520.1537140889105,560.8104087282125,40.98534544843564,450.81930795894016,-84.36441021087666,373.66288744534495,-406.41382532013154,189.95913864130748,-349.2907422117452,279.33441545933925,122.36007533729834,6.652639171662754,185.1702320462756,-238.02150284654752,88.09677398135416,227.18014423499923,91.77255989302587,25.01234705957763,-75.68370670513094,-308.1183916207069,183.5989447163695,-384.5956039260732,-583.2277121078275,361.009263555831,-475.884576588151,-72.63718250519041,-199.59693220637573,752.4822222810814,-298.59723576401,430.69850794236135,278.8969202886229,-413.42420694846294,-142.26883515604808,448.3297386743018,425.3167804973444,-101.45643173021949,206.11061145595306,79.13743852188082,-305.8659922657149
84.30519642931219,-622.6828294752675,794.5859667249881,295.6247790518081,5.662423958696642,-453.33378853372096,488.5252447328413,-544.8309115604849,206.4024607290864,-236.2652041643649,-653.1489137144102,-507.11183331154075,-232.73724488480963,46.3550281563934,556.2007549051592,-198.8055030742511,236.9760880869473,-662.681056875208,-714.1243972757474,-52.67903824415767,-574.3821822127293,107.05766358422412,-476.4079062059386,517.9851557972897,-243.10615977856776,445.57788314117755,-354.85065992352366,-156.67705173965263,-7.874001395906748,-234.60989539267794,303.84828585332957,-112.62844918395183,-290.39869144580024,-116.08968598060184,-30.710818444888993,97.08422607336188,392.456481420684,-235.7792107062525,488.7165998773398,743.4636048004529,-460.7864161097645,605.6975544727659,92.79907653405056,254.00046467488872,-958.9542069796468,381.1763732664534,-549.414304610095,-355.00510678311383,527.6364307747957,182.2578690901634,-571.0154614813714,-541.0550854434455,129.72648308072533,-262.2024247632868,-99.79983947524464,388.6203472999422
31.308013147376123,-231.93446564178794,295.6247790518081,110.0565971393565,2.523526539233565,-168.55472785108807,181.8890038625306,-203.14041275409116,76.8038323721987,-88.14008531390044,-243.01865764321136,-189.11657569990413,-86.56732037537901,17.40665259689339,207.04995434355246,-73.76543903977773,88.21538515019688,-246.7691446308941,-265.9979220893837,-19.521681839713736,-213.88159609147837,39.95284843980803,-177.3314061900804,192.84376158772744,-90.30326583714954,165.80566103172652,-132.34952397152068,-58.181100393514626,-3.055305524050538,-87.63064149181177,113.02232700977926,-41.86033197818798,-107.93979020837253,-43.40008814783006,-11.672829985653271,36.016460872458744,146.16129836953252,-87.4149082914861,182.24744221938357,276.7632586252836,-171.4122358863235,225.66917953243734,34.50382279810581,94.64376845599269,-357.03677930273614,141.78630926123017,-204.4469281940144,-132.2608202618517,196.2904559321985,67.66250680111114,-212.6676623957055,-201.64318899397998,48.211189667522206,-97.71759167351982,-37.3730926864581,144.93114267074154
0.2553577714914763,-6.030931434692909,5.662423958696642,2.523526539233565,2.538140445683963,-2.5856710649527272,4.282885126516412,-6.498329918718798,1.542783372028393,-3.108619267567163,-4.746511032700547,-6.286803497166157,-1.5250566599679947,1.2904235093704062,4.658568275345265,-0.2193047840684119,1.9806480408647116,-6.036585829126163,-6.938179294225325,0.0898108910693311,-5.190825001135405,1.494308530402066,-3.9004067561388696,4.457645876387643,-0.8690506273478348,3.3483380336712054,-4.490917805139695,-0.4549302530772683,-0.8102849422368215,-3.7349438155066026,2.021026925617336,-0.5447784907506723,-1.4546751292388371,-2.0793770965632743,-1.6975445891346888,0.07164561399292561,3.685516014387913,0.15567540410758043,6.004388139347017,6.2475092909846195,-3.1470134153926494,6.233810073158641,0.5294295438842831,2.6682108464400494,-8.38461019186974,2.536294726375801,-4.1424808613868,-3.617379289643074,3.663983234244952,0.42233701882133773,-5.398605473791699,-5.917160792269533,0.6043358300315701,-2.8600586376172252,-2.16494389296709,4.837801208361738
-48.187807869721375,354.84640384267396,-453.33378853372096,-168.55472785108807,-2.5856710649527272,258.8063716268081,-278.5103048348441,310.16582556390136,-117.74018894717157,134.42796691504233,372.61643815425055,288.6310747819674,132.81830314663102,-26.19908428573306,-317.14879612764037,113.73355093826466,-135.12640565499177,377.7389714394475,406.9506147685579,30.1750423101161,327.4182047333691,-60.890637373403344,271.6734991933295,-295.32688287299027,138.92232888182104,-254.17014751415772,201.94584804617392,89.55919449197017,4.2972633719825986,133.318851864366,-173.3911613820234,64.32447318342572,165.83961712982506,65.90953754003995,17.139084433387435,-55.54949827913414,-223.67802073923824,134.9925146495059,-278.17562068801385,-423.9218662396573,262.9274739436676,-345.0721640048923,-52.978830877645656,-144.69255307986944,546.709920712773,-217.51866395477586,313.397453434199,202.25961700031087,-301.0564582141159,-104.20951301629157,325.4372692688567,308.155518383297,-74.0954860177175,149.33780311777713,56.56302060532157,-221.18478426046207
51.72111762547471,-383.34839495705876,488.5252447328413,181.8890038625306,4.282885126516412,-278.5103048348441,300.611588665808,-335.81159117475227,126.92212571644554,-145.71760706789556,-401.5961782025794,-312.63997218523843,-143.04641021409188,28.80765529088204,342.18503385248556,-121.84416309941223,145.79017181319196,-407.84962517205923,-439.6497419490022,-32.23869531819297,-353.49154727308286,66.05537384761054,-293.0666966506988,318.713305286753,-149.18768173560065,274.0044869448948,-218.79771011438928,-96.11625927661528,-5.083974338752383,-144.90446261251884,186.76522210699494,-69.16280571707938,-178.34423292927264,-71.77484123151743,-19.357428945900203,59.4899395939945,241.57436821666465,-144.3725508811653,301.28059982411565,457.3989490966071,-283.2544285501149,373.00959043265067,57.01153573984027,156.44025024315206,-590.079835444273,234.2953060457377,-337.8631389101026,-218.6124249403588,324.36886092615225,111.77412995142613,-351.49670582730255,-333.31019826451575,79.65483817586725,-161.52491872451185,-61.82589616838754,239.5945277332283
-57.444450511870606,428.6314211758506,-544.8309115604849,-203.14041275409116,-6.498329918718798,310.16582556390136,-335.81159117475227,376.32038807412954,-141.6003719463283,163.49449313479138,447.94627924278393,350.5177956359819,159.4412521853765,-32.790555933353865,-382.10384353235514,135.06240561410715,-162.79452131987227,455.76340191982064,491.5986990007847,35.63364647473724,394.99192420369315,-74.17449912415675,327.1921539984818,-355.97613624581305,165.7869800548239,-305.7047735480691,245.37002246951906,106.73827367654796,6.189603436761727,163.02788483897436,-208.19196117389654,76.95626084736227,198.47594770749168,80.91094473029874,22.6082963358212,-65.91777138349303,-270.0300025350244,159.74632362960725,-337.7441898111333,-510.773196441637,315.8066505432765,-417.3241256597177,-63.49109281073464,-175.0614907435925,659.1604815307304,-261.1768393849636,376.9608735540471,244.55930444098252,-361.6881928949413,-124.05284546097897,392.9269231195863,373.1492815515154,-88.61519408141386,180.8262897601724,69.95407732268124,-268.6362587594134
21.889746368434075,-161.79367399491431,206.4024607290864,76.8038323721987,1.542783372028393,-117.74018894717157,126.92212571644554,-141.6003719463283,53.618433689308006,-61.41293287431821,-169.66615230515254,-131.8036229764905,-60.454410375989525,12.069401040830204,144.49919731513816,-51.60838074658708,61.566226331579024,-172.1764972140653,-185.5548117773886,-13.67058613349046,-149.23502646067047,27.83102158549512,-123.76576220527045,134.5730425937176,-63.12613908876174,115.74886532192123,-92.2335238780489,-40.678494270011115,-2.065843839317818,-61.00164776754917,78.92340881124572,-29.24953675545338,-75.41744183555329,-30.19290603176362,-8.01827427370652,25.20080298888591,101.97032779491956,-61.19260989537215,127.02229756354228,193.1504800213756,-119.6919587380429,157.39074012271624,24.102559915444814,66.00265415401427,-249.1430897699142,99.01084625953412,-142.72195790366544,-92.24771418618572,137.05706555956473,47.31816607262331,-148.36621211321867,-140.60650053646518,33.689422583858835,-68.13848249438176,-25.965030484496932,101.00778341497008
-24.870214210537522,186.06016879779455,-236.2652041643649,-88.14008531390044,-3.108619267567163,134.42796691504233,-145.71760706789556,163.49449313479138,-61.41293287431821,71.06540850671529,194.26173423854405,152.31174180596793,69.12562778862402,-14.330602900187143,-165.77922034786627,58.4297276475111,-70.629552082408,197.793735038792,213.3949573979162,15.398558667673479,171.41405767294043,-32.24939047311441,141.94614360238987,-154.45744351561942,71.79284886398368,-132.58843857841714,106.63128325849783,46.21008514968388,2.772219799235527,70.93684496285472,-90.26520380251974,33.342186568724934,85.99685265546327,35.23206030250828,9.976199995932914,-28.513928290151224,-117.20162281502274,69.0606754698673,-146.75521639042876,-221.60521292887356,136.93330880905594,-181.1946454530703,-27.517778746281277,-76.0161966587891,286.0238747017723,-113.23655425826315,163.49510265237583,106.17886184755675,-156.83432616608164,-53.69314848254531,170.54570940374666,162.05378759071033,-38.3902347663871,78.52955954460658,30.504712477570674,-116.73376004598362
-69.28649811034644,511.90270461145855,-653.1489137144102,-243.01865764321136,-4.746511032700547,372.61643815425055,-401.5961782025794,447.94627924278393,-169.66615230515254,194.26173423854405,536.8919212071704,416.943000665153,191.30669994978697,-38.13965543555097,-457.2220621870852,163.3746590767488,-194.8054227529975,544.7716031228201,587.0777358293942,43.284960522201025,472.1832575910447,-88.02883728330772,391.62455223584226,-425.81044112986643,199.80244436198961,-366.27108080817186,291.75985649572397,128.76314723436417,6.499167444484272,192.92489942351352,-249.75739895693164,92.571341616166393,238.6855811270313,95.47283148126586,25.297267368585853,-79.780170321009,-322.63146372030553,193.74197285868664,-401.81765468408685,-611.1617302700954,378.76221470223874,-497.95261552926877,-76.27649020102075,-208.81842603602553,788.3162432414678,-313.3211700068627,451.6255763808068,291.85389997575334,-433.71349064478386,-149.78346705174263,469.42356853898826,444.8246126756499,-106.6239084688538,215.5667407054569,82.08814995871157,-319.5216579879726
-53.4344230948003,399.109852222427,-507.11183331154075,-189.11657569990413,-6.286803497166157,288.6310747819674,-312.63997218523843,350.5177956359819,-131.8036229764905,152.31174180596793,416.943000665153,326.507352910071,148.38915193279672,-30.61206870317669,-355.7170603409149,125.59739608163659,-151.55160149915523,424.3361309487482,457.74205826967534,33.122180724035296,367.75093034967267,-69.1094524979386,304.58875626318803,-331.4056838304335,154.22615264467225,-284.5571012661866,228.57035955954848,99.28610449458502,5.833610080213722,151.9383605035043,-193.7651991753674,71.60352801105897,184.6763407360534,75.42840277772102,21.185188300512795,-61.29463672833418,-251.42048780060347,148.51198344064233,-314.6026479721739,-475.50304200310865,293.9291288942784,-388.6162780093341,-59.08237594924666,-163.0240411890811,613.6748438641247,-243.0781267733431,350.8857940699025,227.73232473975838,-336.63884393101426,-115.38109352302031,365.851478488917,347.5121475374703,-82.44948027808657,168.40260268132698,65.25032814478674,-250.23614714341468
-24.712745888219214,182.2986966212473,-232.73724488480963,-86.56732037537901,-1.5250566599679947,132.81830314663102,-143.04641021409188,159.4412521853765,-60.454410375989525,69.12562778862402,191.30669994978697,148.38915193279672,68.18146969181963,-13.527164067779939,-162.87575800029975,58.296808349975095,-69.397043827307,194.03128352139055,209.0701933917615,15.454747942813437,168.1824424502686,-31.319255160067566,139.5127187637306,-151.6756969033096,71.25612451913635,-130.50237514916788,103.83310739280638,45.92441143256468,2.2634756314766684,68.60730310045729,-89.0051393781503,33.0041343570633,85.09360109004365,33.93878017403632,8.912353834733757,-28.469738932847438,-114.90417355456046,69.15722090132077,-143.01231200147683,-217.7127687274299,134.97679744728325,-177.30605481604908,-27.190001706618922,-74.34896796986493,280.79710314302173,-111.65988275430291,160.91117974763944,103.92384340112066,-154.55282692013915,-53.43063897762358,167.18192639230676,158.37090693454505,-38.016011851644286,76.74676367435032,29.151997387740874,-113.7171221715779
4.785880028331148,-36.939332728841606,46.3550281563934,17.40665259689339,1.2904235093704062,-26.19908428573306,28.80765529088204,-32.790555933353865,12.069401040830204,-14.330602900187143,-38.13965543555097,-30.61206870317669,-13.527164067779939,3.0741146516900724,32.71552949211089,-11.138485525547482,13.937272879969832,-39.1653732040208,-42.37296774782645,-2.8943062014749557,-33.932221213426224,6.52811624974444,-27.98621401277283,30.512994649583508,-13.851032068877345,26.06109804876485,-21.457247353359392,-8.885578484620387,-0.7485459665229743,-14.479755932650674,17.67066504176833,-6.471484147100312,-16.70572448865559,-7.254682946150628,-2.3594766319689295,5.424502734455966,23.23689215490601,-13.048636882218663,29.480890660328814,43.738825819118794,-26.829489244536695,36.07275032391795,5.36307817247876,15.14645314502528,-56.54065586392157,22.169779667421118,-32.13906159236714,-21.128964678122852,30.744835817336728,10.295906101799417,-33.824462582533656,-32.35902503761763,7.445566187417228,-15.678399872718998,-6.380673701215488,23.46723991891858
58.91662428852929,-436.31484222772207,556.2007549051592,207.04995434355246,4.658568275345265,-317.14879612764037,342.18503385248556,-382.10384353235514,144.49919731513816,-165.77922034786627,-457.2220621870852,-355.7170603409149,-162.87575800029975,32.71552949211089,389.5277808264843,-138.82841908648646,165.96150147220365,-464.23490814913873,-500.3942628567931,-36.7452443777418,-402.36692123115586,75.14355395545097,-333.6201819253409,362.7973998594641,-169.93076848522702,311.9475162055259,-248.93829617238165,-109.4881929669592,-5.72157048427488,-164.79824274379402,212.65030212390997,-78.76662275583605,-203.104572436104,-81.60989707803027,-21.909189316554027,67.78446739797612,274.96216813528923,-164.53162700427353,342.79790414214085,520.6808352681127,-322.50649742873856,424.5153931659403,64.92115860717253,178.03561833899235,-671.688834256624,266.76969954214286,-384.64700055351324,-248.8024148770458,369.3124303928725,127.33463052598063,-400.07486838894744,-379.3066174408324,90.71801795157832,-183.81513942231936,-70.26345604848775,272.60585244982343
-21.259303746926204,155.03092030203086,-198.8055030742511,-73.76543903977773,-0.2193047840684119,113.73355093826466,-121.84416309941223,135.06240561410715,-51.60838074658708,58.4297276475111,163.3746590767488,125.59739608163659,58.296808349975095,-11.138485525547482,-138.82841908648646,50.31630100681617,-59.152061477660936,165.17295023241658,177.7880032039965,13.40313961018067,143.1859235932838,-26.436287133409998,118.95374122382174,-129.23155277971617,61.24028897462461,-111.40082688445334,87.844079083995,39.51687280134299,1.6074070111460386,57.71019892716819,-76.09182575549808,28.303485580146262,72.95350909307656,28.446638679855145,6.973422569459661,-24.587371818472032,-97.76642898587721,59.871285646246506,-121.06835472687676,-185.56043525912756,115.35553036708792,-150.62569833925377,-23.282003211396752,-63.13780179243785,239.18681505378152,-95.4583745328386,137.3537184621149,88.30109060289583,-132.06119005619135,-46.02120008299063,142.23163428458398,134.38621516791676,-32.61182722989045,65.12815623627048,24.27218364241404,-96.24133461151794
25.1029632823055,-185.89340294292103,236.9760880869473,88.21538515019688,1.9806480408647116,-135.12640565499177,145.79017181319196,-162.79452131987227,61.566226331579024,-70.629552082408,-194.8054227529975,-151.55160149915523,-69.397043827307,13.937272879969832,165.96150147220365,-59.152061477660936,70.70995472656251,-197.79043061087896,-213.1951066121821,-15.656577265006733,-171.43175087931834,32.01430579018769,-142.14168744968293,154.57163462454233,-72.40373504647037,132.9087232208043,-106.05957006812419,-46.64911169161891,-2.435695076930431,-70.21060181935326,90.60208917711864,-33.56035813744931,-86.536755069286,-34.76949990489658,-9.330727645086291,28.88192728619181,117.14938181774232,-70.10344437278982,146.04877017193093,221.8403190155964,-137.4093315314135,180.86552732378686,27.661419838865527,75.85218752095186,-286.1777754557401,113.66099468718437,-163.88233807242898,-106.0030979416561,157.35054188827425,54.25378082868552,-170.4541404155897,-161.60545184466633,38.652461305895116,-78.31453246451821,-29.93339745143418,116.1429660173078
-70.1284933176111,520.1537140889105,-662.681056875208,-246.7691446308941,-6.036585829126163,377.7389714394475,-407.84962517205923,455.76340191982064,-172.1764972140653,197.793735038792,544.7716031228201,424.3361309487482,194.03128352139055,-39.1653732040208,-464.23490814913873,165.17295023241658,-197.79043061087896,553.3646978026666,596.550297395521,43.689307040302744,479.6102871307453,-89.6711817857321,397.587653157632,-432.4009859743592,202.29485302165264,-371.70106771558386,296.9770879367586,130.31998583987018,6.963668393691543,196.74908832915548,-253.33235705822196,93.79579799469109,241.86771753530493,97.47716317197647,26.391085877457574,-80.64087175174788,-327.7745167034157,195.67265952512412,-408.9145277969372,-620.5455253048855,384.2214905653564,-506.1584297527084,-77.32432292702826,-212.28633171491774,800.5799768565608,-317.80531793236224,458.32876540762754,296.64518757334554,-439.9957554858109,-151.5411931609758,476.92447590658213,452.32284158410295,-108.02294897130633,219.19783076439595,83.99767497466159,-325.19642253300105
-75.51286243748052,560.8104087282125,-714.1243972757474,-265.9979220893837,-6.938179294225325,406.9506147685579,-439.6497419490022,491.5986990007847,-185.5548117773886,213.3949573979162,587.0777358293942,457.74205826967534,209.0701933917615,-42.37296774782645,-500.3942628567931,177.7880032039965,-213.1951066121821,596.550297395521,643.1824819085867,46.999998704563104,517.0337702219957,-96.76081687750703,428.5388156459053,-466.10175052945203,217.84855148278055,-400.58609296262796,320.3731276430626,140.32213011311484,7.634946676510405,212.38031084789952,-272.9737129291137,101.03194392567379,260.53734446506616,105.26157682723655,28.696772886223343,-86.79209892456909,-353.3734095327638,210.54386821691932,-441.09604587405545,-668.8843261695598,414.023850367833,-545.7846430998471,-83.30338122403123,-228.91364204341835,862.9982988420976,-342.4466754525596,493.9481217135178,319.86277662669664,-474.13552238648737,-163.15358975287856,514.1797655663356,487.7953348628175,-116.35341999128897,236.38710560314564,90.77064833906535,-350.80078425172417
-5.653498195425007,40.98534544843564,-52.67903824415767,-19.521681839713736,0.0898108910693311,30.1750423101161,-32.23869531819297,35.63364647473724,-13.67058613349046,15.398558667673479,43.284960522201025,33.122180724035296,15.454747942813437,-2.8943062014749557,-36.7452443777418,13.40313961018067,-15.656577265006733,43.689307040302744,46.999998704563104,3.57930836787994,37.875472655703064,-6.961151849898522,31.49076307759241,-34.1983019982075,16.278196234266726,-29.508462852302543,23.16010630926756,10.510499541369889,0.38155712753171883,15.169797547436282,-20.171180766394084,7.515147057600648,19.36703408693918,7.463236486545542,1.760690511013934,-6.552131468253369,-25.853347895347845,15.97354100279215,-31.93101694840729,-49.11259258450363,30.574521183940625,-39.79898826731922,-6.177060504210746,-16.680008986391073,63.28731436227878,-25.30430885414705,36.382480919925186,23.33331623269013,-34.99883351885387,-12.246368189762908,37.60908309591782,35.48643550513227,-8.660112160629769,17.198437697046128,6.3457514081719415,-25.37926755765919
-60.79080097048805,450.81930795894016,-574.3821822127293,-213.88159609147837,-5.190825001135405,327.4182047333691,-353.49154727308286,394.99192420369315,-149.23502646067047,171.41405767294043,472.1832575910447,367.75093034967267,168.1824424502686,-33.932221213426224,-402.36692123115586,143.1859235932838,-171.43175087931834,479.6102871307453,517.0337702219957,37.875472655703064,415.68944054494256,-77.7129744548589,344.6007453460277,-374.77199062462455,175.35593931790785,-322.1712425101413,257.37623159026833,112.96522210266538,6.021600202679123,170.49884199166016,-219.57930355017535,81.30255319430833,209.65163925598193,84.47004605015736,22.84820615054909,-69.90505273949465,-284.08527993768325,169.62929485999166,-354.3877576825315,-537.8470947338272,333.02971816410917,-438.6831017446297,-67.02393009418667,-183.98321675221345,693.8813476845227,-275.46536239257483,397.25391576797847,257.10119758889124,-381.37072485471845,-131.36377120671557,413.35647950556483,392.02319691046665,-93.63595678569658,189.97536157772842,72.78029458955683,-281.8320040837893
11.258231395640866,-84.36441021087666,107.05766358422412,39.95284843980803,1.494308530402066,-60.890637373403344,66.05537384761054,-74.17449912415675,27.83102158549512,-32.24939047311441,-88.02883728330772,-69.1094524979386,-31.319255160067566,6.52811624974444,75.14355395545097,-26.436287133409998,32.01430579018769,-89.6711817857321,-96.76081687750703,-6.961151849898522,-77.7129744548589,14.641176930323534,-64.33458851653684,70.01509798898202,-32.50190915542271,60.08546613817973,-48.38787348475686,-20.915618664887944,-1.2809268236216433,-32.214037968684,40.896720280723414,-15.099080077204212,-38.94734679950904,-16.009052277624107,-4.570586300727992,12.897088883917496,53.13733247156427,-31.228781778937364,66.58618097296339,100.45037176978715,-62.04350012595314,82.17043047913565,12.464105689140437,34.47145961892164,-129.65905681369077,51.30761870251004,-74.09108266047704,-48.1506519182222,71.06257246082352,24.300031334185118,-77.32683414393654,-73.505738922683,17.385592241583097,-35.61956778137161,-13.871958562156923,52.967397862020874
-50.4761094825797,373.66288744534495,-476.4079062059386,-177.3314061900804,-3.9004067561388696,271.6734991933295,-293.0666966506988,327.1921539984818,-123.76576220527045,141.94614360238987,391.62455223584226,304.58875626318803,139.5127187637306,-27.98621401277283,-333.6201819253409,118.95374122382174,-142.14168744968293,397.587653157632,428.5388156459053,31.49076307759241,344.6007453460277,-64.33458851653684,285.7425772818102,-310.7229018405315,145.58274467901626,-267.1888046539762,213.15221990463746,93.8055242903838,4.87482367586775,141.08207691100273,-182.14847736700585,67.4760616612876,173.98808436691903,69.85550887746811,18.713871968833544,-58.083934631109365,-235.48414352983175,140.99511328377162,-293.5282715317766,-445.9471929076938,276.243816514986,-363.5448989816849,-55.61234782142905,-152.4662591886122,575.271369488612,-228.502216642309,329.4577782658353,213.06919418357566,-316.3337610004581,-109.09837291237874,342.62991896449955,324.81298377479436,-77.71409537424634,157.4078459262003,60.13168348347293,-233.42221986955533
54.8515277747391,-406.41382532013154,517.9851557972897,192.84376158772744,4.457645876387643,-295.32688287299027,318.713305286753,-355.97613624581305,134.5730425937176,-154.45744351561942,-425.81044112986643,-331.4056838304335,-151.6756969033096,30.512994649583508,362.7973998594641,-129.23155277971617,154.57163462454233,-432.4009859743592,-466.10175052945203,-34.1983019982075,-374.77199062462455,70.01509798898202,-310.7229018405315,337.90866554214307,-158.21198513594476,290.5222933261204,-231.92730565305777,-101.93521783312684,-5.365934348747689,-153.57399801837911,198.03312725695187,-73.34173697259779,-189.11922512166694,-76.06082741882284,-20.476696186592864,63.09732481872987,256.11257089060814,-153.1402516293958,319.3650676272129,484.9510250092631,-300.33907226905774,395.44069632994973,60.4531640092686,165.84565506072585,-625.6130439320482,248.43056617913342,-358.23070490222165,-231.75975508821978,343.9324540693587,118.54403945506672,-372.6496632348019,-353.3411537553262,84.46878357457618,-171.2330853355345,-65.50633422327132,253.9746700282985
-25.913444791829583,189.95913864130748,-243.10615977856776,-90.30326583714954,-0.8690506273478348,138.92232888182104,-149.18768173560065,165.7869800548239,-63.12613908876174,71.79284886398368,199.80244436198961,154.22615264467225,71.25612451913635,-13.851032068877345,-169.93076848522702,61.24028897462461,-72.40373504647037,202.29485302165264,217.84855148278055,16.278196234266726,175.35593931790785,-32.50190915542271,145.58274467901626,-158.21198513594476,74.67989999703022,-136.2662605300011,107.88962648244542,48.16297987760784,2.1466862605817356,71.06612983716744,-93.01255056387917,34.548987311683284,89.06211973336865,35.08688684236976,8.88216136248698,-29.918104227152188,-119.76591000966685,72.77109761994029,-148.65271664437765,-227.13662822433542,141.02880247754166,-184.65033161167617,-28.43911344078313,-77.41396896688121,292.8579135700369,-116.68551989037678,168.01499800222487,108.23861876053553,-161.46596547541827,-56.0651182610646,174.24438670163926,164.82727279634938,-39.8018633364669,79.87841948082009,30.03013088748378,-118.18396225694305
47.25176399770195,-349.2907422117452,445.57788314117755,165.80566103172652,3.3483380336712054,-254.17014751415772,274.0044869448948,-305.7047735480691,115.74886532192123,-132.58843857841714,-366.27108080817186,-284.5571012661866,-130.50237514916788,26.06109804876485,311.9475162055259,-111.40082688445334,132.9087232208043,-371.70106771558386,-400.58609296262796,-29.508462852302543,-322.1712425101413,60.08546613817973,-267.1888046539762,290.5222933261204,-136.2662605300011,249.87758434482151,-199.12502374586742,-87.81345955779854,-4.467574532578231,-131.7044941655336,170.3782305546093,-63.140502630343455,-162.80362471308564,-65.18625989325774,-17.324000237491358,54.39846768245234,220.13834060554737,-132.0899312214449,274.2311872158358,416.9762198147198,-258.3845787281261,339.78835269530623,52.02954779110504,142.4942992458494,-537.8578316918137,213.73921554104737,-308.10930795561893,-199.1507484363889,295.87467355624517,102.14357126186194,-320.2992617684949,-303.54940497609476,72.7243272736155,-147.10344333068255,-56.065166586620926,218.06909617235004
-37.37879247554621,279.33441545933925,-354.85065992352366,-132.34952397152068,-4.490917805139695,201.94584804617392,-218.79771011438928,245.37002246951906,-92.2335238780489,106.63128325849783,291.75985649572397,228.57035955954848,103.83310739280638,-21.457247353359392,-248.93829617238165,87.844079083995,-106.05957006812419,296.9770879367586,320.3731276430626,23.16010630926756,257.37623159026833,-48.38787348475686,213.15221990463746,-231.92730565305777,107.88962648244542,-199.12502374586742,160.01590446631363,69.4495561783399,4.107913605428387,106.3941079625168,-135.58122707333183,50.0955048118016,129.2057013150302,52.82898503207337,14.876463165216743,-42.86722394808726,-175.96348992199896,103.8521422846129,-220.23605155803108,-332.768707398803,205.67327639849307,-272.0031522292929,-41.33875298783006,-114.10464651140427,429.47492943173063,-170.08965661676882,245.53883566202495,159.3955914059804,-235.559554892925,-80.70552814286478,256.05428576270765,243.25091838787066,-57.68336123628739,117.87646603259303,45.711059707098386,-175.17875162814067
-16.71438849172552,122.36007533729834,-156.67705173965263,-58.181100393514626,-0.4549302530772683,89.55919449197017,-96.11625927661528,106.73827367654796,-40.678494270011115,46.21008514968388,128.76314723436417,99.28610449458502,45.92441143256468,-8.885578484620387,-109.4881929669592,39.51687280134299,-46.64911169161891,130.31998583987018,140.32213011311484,10.510499541369889,112.96522210266538,-20.915618664887944,93.8055242903838,-101.93521783312684,48.16297987760784,-87.81345955779854,69.4495561783399,31.070009835191655,1.3540649714115565,45.714382860563084,-59.951669550540636,22.275941753108768,57.42298729986833,22.55776064392239,5.665785861748355,-19.307301486275026,-77.14960262006319,46.97813320715823,-95.69750653490108,-146.34514540476067,90.892780380097,-118.9252393715373,-18.332278371039344,-49.85807537626522,188.6771530336311,-75.20724670524655,108.2747903033462,69.71229288765711,-104.06473009025584,-36.17001094909986,112.24093791002588,106.13769020434005,-25.663627302747233,51.43879978147876,19.294530133033586,-76.08091128147387
-0.7305402698786754,6.652639171662754,-7.874001395906748,-3.055305524050538,-0.8102849422368215,4.2972633719825986,-5.083974338752383,6.189603436761727,-2.065843839317818,2.772219799235527,6.499167444484272,5.833610080213722,2.2634756314766684,-0.7485459665229743,-5.72157048427488,1.6074070111460386,-2.435695076930431,6.963668393691543,7.634946676510405,0.38155712753171883,6.021600202679123,-1.2809268236216433,4.87482367586775,-5.365934348747689,2.1466862605817356,-4.467574532578231,4.107913605428387,1.3540649714115565,0.30719246135379624,2.9480761480728437,-2.967861283420884,1.0377146204536123,2.6910525812155695,1.5269055555359998,0.7528258922147683,-0.7749587860488332,-4.1576028240013745,1.7831180184700735,-5.60407098865935,-7.653575863154167,4.523164533816408,-6.582313426899125,-0.8789178473580542,-2.777947664537276,9.971537037899155,-3.7213011724859286,5.514215100625227,3.846337379473343,-5.199107335232258,-1.5415390916031049,6.059321772178622,5.981390532562483,-1.187967951904259,2.897627408071981,1.4289765686804787,-4.475683992030683
-24.60660149003587,185.1702320462756,-234.60989539267794,-87.63064149181177,-3.7349438155066026,133.318851864366,-144.90446261251884,163.02788483897436,-61.00164776754917,70.93684496285472,192.92489942351352,151.9383605035043,68.60730310045729,-14.479755932650674,-164.79824274379402,57.71019892716819,-70.21060181935326,196.74908832915548,212.38031084789952,15.169797547436282,170.49884199166016,-32.214037968684,141.08207691100273,-153.57399801837911,71.06612983716744,-131.7044941655336,106.3941079625168,45.714382860563084,2.9480761480728437,70.97511122480053,-89.59538136219457,33.0416307925635,85.23528972271993,35.310606369002294,10.28953006047382,-28.152756776195215,-116.6110347143234,68.1000757907916,-146.3815654011684,-220.29974187472826,135.93873236376294,-180.42271180923439,-27.290735387449434,-75.7053576542726,284.42253760724697,-112.39748608158197,162.40832276686024,105.71735293123396,-155.71074344691752,-53.089672865378965,169.69644872926995,161.4545777424205,-38.03854791401462,78.23712023303871,30.667945287090454,-116.4528289864813
32.25800719918693,-238.02150284654752,303.84828585332957,113.02232700977926,2.021026925617336,-173.3911613820234,186.76522210699494,-208.19196117389654,78.92340881124572,-90.26520380251974,-249.75739895693164,-193.7651991753674,-89.0051393781503,17.67066504176833,212.65030212390997,-76.09182575549808,90.60208917711864,-253.33235705822196,-272.9737129291137,-20.171180766394084,-219.57930355017535,40.896720280723414,-182.14847736700585,198.03312725695187,-93.01255056387917,170.3782305546093,-135.58122707333183,-59.951669550540636,-2.967861283420884,-89.59538136219457,116.19963456469318,-43.0835255144489,-111.08321382470919,-44.31980904459756,-11.659157719027704,37.160295172676236,150.02338452590726,-90.26775381953061,186.73886708482414,284.2447622513593,-176.21107068298966,231.5076521701207,35.493354741708906,97.0799871527124,-366.61333658266096,145.7715995934673,-210.08238867940562,-135.69076368962666,201.77262589926045,69.74583694712237,-218.27885389024863,-206.77919512071506,49.62547617740011,-100.20884295575146,-38.07972940040513,148.48864433259115
-11.985614363652378,88.09677398135416,-112.62844918395183,-41.86033197818798,-0.5447784907506723,64.32447318342572,-69.16280571707938,76.95626084736227,-29.24953675545338,33.342186568724934,92.571341616166393,71.60352801105897,33.0041343570633,-6.471484147100312,-78.76662275583605,28.303485580146262,-33.56035813744931,93.79579799469109,101.03194392567379,7.515147057600648,81.30255319430833,-15.099080077204212,67.4760616612876,-73.34173697259779,34.548987311683284,-63.140502630343455,50.0955048118016,22.275941753108768,1.0377146204536123,33.0416307925635,-43.0835255144489,15.99149747059687,41.226227055710915,16.32635183720142,4.199560046733536,-13.825583692171973,-55.53687351804927,33.609768284686005,-69.0126616232783,-105.28365896315978,65.32908581219235,-85.65576688538656,-13.16797789983146,-35.914384036569494,135.76619442269998,-54.0484252608478,77.85267886657819,50.20762947624804,-74.79985207096212,-25.924418630452273,80.80096156505745,76.47940598220673,-18.42135532389316,37.06306300368688,13.995584460324475,-54.87106578269935
-30.89666605965791,227.18014423499923,-290.39869144580024,-107.93979020837253,-1.4546751292388371,165.83961712982506,-178.34423292927264,198.47594770749168,-75.41744183555329,85.99685265546327,238.6855811270313,184.6763407360534,85.09360109004365,-16.70572448865559,-203.104572436104,72.95350909307656,-86.536755069286,241.86771753530493,260.53734446506616,19.36703408693918,209.65163925598193,-38.94734679950904,173.98808436691903,-189.11922512166694,89.06211973336865,-162.80362471308564,129.2057013150302,57.42298729986833,2.6910525812155695,85.23528972271993,-111.08321382470919,41.226227055710915,106.28475244377645,42.120442961789585,10.858441322496887,-35.63392985458878,-143.2128456722996,86.62177379495309,-177.99160452779017,-271.48187899100043,168.43924392476532,-220.89259519286244,-33.9483833021708,-92.61722597422938,350.08862070587963,-139.35489684252087,200.73858900306365,129.4766766060303,-192.86025000324875,-66.82586658772456,208.36336526026923,197.2350230853268,-47.49085681736038,95.58378079190389,36.11538571239828,-141.5205675122047
-12.144575762351144,91.77255989302587,-116.08968598060184,-43.40008814783006,-2.0793770965632743,65.90953754003995,-71.77484123151743,80.91094473029874,-30.19290603176362,35.23206030250828,95.47283148126586,75.42840277772102,33.93878017403632,-7.254682946150628,-81.60989707803027,28.446638679855145,-34.76949990489658,97.47716317197647,105.26157682723655,7.463236486545542,84.47004605015736,-16.009052277624107,69.85550887746811,-76.06082741882284,35.08688684236976,-65.18625989325774,52.82898503207337,22.55776064392239,1.5269055555359998,35.310606369002294,-44.31980904459756,16.32635183720142,42.120442961789585,17.59015517592806,5.226139486391283,-13.872745580057583,-57.78356235369771,33.52611540467398,-72.66644323742327,-109.09744758854636,67.25449161484005,-89.45314197159755,-13.492693820144927,-37.537744904133554,140.8812153651189,-55.601974659866144,80.38265316420353,52.41183465262458,-77.04050286585957,-26.188629766469642,84.09321141313976,80.08516170873456,-18.793678531495726,38.80535058180663,15.308528616068122,-57.81475392843078
-3.0531715868892646,25.01234705957763,-30.710818444888993,-11.672829985653271,-1.6975445891346888,17.139084433387435,-19.357428945900203,22.6082963358212,-8.01827427370652,9.976199995932914,25.297267368585853,21.185188300512795,8.912353834733757,-2.3594766319689295,-21.909189316554027,6.973422569459661,-9.330727645086291,26.391085877457574,28.696772886223343,1.760690511013934,22.84820615054909,-4.570586300727992,18.713871968833544,-20.476696186592864,8.88216136248698,-17.324000237491358,14.876463165216743,5.665785861748355,0.7528258922147683,10.28953006047382,-11.659157719027704,4.199560046733536,10.858441322496887,5.226139486391283,2.0657840823784506,-3.384607933698455,-15.694892296225055,8.027123464463031,-20.38192574187608,-29.297219464722797,17.725611422651507,-24.547821894216167,-3.507080840567954,-10.327279622083632,37.98321232341411,-14.624476566122235,21.37132428637462,14.365316591354846,-20.33548684823097,-6.525618633137764,22.85693204904981,22.12947646728218,-4.823247392849391,10.721670050892458,4.719679798611216,-16.245639461036237
10.386084047434375,-75.68370670513094,97.08422607336188,36.016460872458744,0.07164561399292561,-55.54949827913414,59.4899395939945,-65.91777138349303,25.20080298888591,-28.513928290151224,-79.780170321009,-61.29463672833418,-28.469738932847438,5.424502734455966,67.78446739797612,-24.587371818472032,28.88192728619181,-80.64087175174788,-86.79209892456909,-6.552131468253369,-69.90505273949465,12.897088883917496,-58.083934631109365,63.09732481872987,-29.918104227152188,54.39846768245234,-42.86722394808726,-19.307301486275026,-0.7749587860488332,-28.152756776195215,37.160295172676236,-13.825583692171973,-35.63392985458878,-13.872745580057583,-3.384607933698455,12.017338094153349,47.730517281693245,-29.264409171181722,59.085515836840806,90.60038722322301,-56.33440507054207,73.52817351598897,11.371754725954847,30.822412562106102,-116.78082457869057,46.61588978659601,-67.07195613380392,-43.10446866801483,64.49164161533994,22.485997031410534,-69.43610350668433,-65.59342386098598,15.929443333905818,-31.78899537623849,-11.832538254424266,46.96772673056197
41.51646218989845,-308.1183916207069,392.456481420684,146.16129836953252,3.685516014387913,-223.67802073923824,241.57436821666465,-270.0300025350244,101.97032779491956,-117.20162281502274,-322.63146372030553,-251.42048780060347,-114.90417355456046,23.23689215490601,274.96216813528923,-97.76642898587721,117.14938181774232,-327.7745167034157,-353.3734095327638,-25.853347895347845,-284.08527993768325,53.13733247156427,-235.48414352983175,256.11257089060814,-119.76591000966685,220.13834060554737,-175.96348992199896,-77.14960262006319,-4.1576028240013745,-116.6110347143234,150.02338452590726,-55.53687351804927,-143.2128456722996,-57.78356235369771,-15.694892296225055,47.730517281693245,194.15570004466917,-115.8013183957073,242.2808100176392,367.54421665773674,-227.53963800404804,299.8444263917614,45.787663153294325,125.7597590249584,-474.19201356704707,188.2037555584448,-271.4439607615936,-175.7286695059659,260.5723272632008,89.70769465581077,-282.5050209853218,-267.9674270843576,63.95959477080256,-129.85802770410942,-49.809868834382556,192.68071830134605
