V1,V2,V3,V4,V5,V6,V7,V8,V9,V10,V11,V12,V13,V14,V15,V16,V17,V18,V19,V20,V21,V22,V23,V24,V25,V26,V27,V28,V29,V30,V31,V32,V33,V34,V35,V36,V37,V38,V39,V40,V41,V42,V43,V44,V45,V46,V47,V48,V49,V50,V51,V52,V53,V54,V55,V56
65.14376754683143,-70.27870191403024,-7.366778454556078,84.99566103100045,-59.495811231674736,38.57657301067756,21.504378564215276,120.10620332673449,-9.555643266308829,2.5065765233863,53.57197442300654,-67.96342360570078,-4.819407934783597,-29.74251694033037,74.36341238551174,-45.42499346943685,7.130450652444993,33.367908428667675,10.24632932911576,55.51888890358708,51.96302952035865,21.736274670468315,-5.2137888742872205,5.307112123791061,-42.347405349542946,43.366426195170995,-26.62783823391387,30.375471793217347,18.018244209269373,26.28125442316015,72.88110460820744,28.377345511310228,0.7843067688661934,-48.539434940636106,42.3560362011567,45.60386173684518,27.119794674104806,-46.10798725404221,-45.61003996007877,-94.37246786771767,95.85736128531225,26.130292817181022,-27.98722989963395,43.74562903629004,16.75257419265144,-17.187122026927845,-14.260468026024876,-66.2232774731393,-13.782789063961005,41.69933377906541,30.855390498117963,-13.715393150211622,-42.43389921621782,-23.658243453850382,-27.62131342448492,18.769857928570904
-70.27870191403024,78.73033329664929,9.364721395455865,-94.97212296289594,64.4651500222676,-44.03175045481777,-25.890185502629706,-134.79758541073838,10.86727142265821,-1.373971015999219,-59.823197144434104,75.26484600561018,5.417433806928453,33.508822058980705,-82.55150354699437,50.40644926828039,-7.574365245828086,-38.39298641545885,-12.103200181268663,-61.21992121049372,-59.92989627795919,-24.64280636391615,5.879822746897667,-7.369738204136529,48.46409803793913,-49.37159548638277,28.503361583057035,-34.1669440057954,-20.528984276111565,-28.929528811700177,-82.39170538482989,-32.30612267487867,-1.9929533361074219,52.70336147115459,-46.908417190476136,-50.17627456220108,-30.880172649252398,50.678821149228305,51.03579035931599,106.28011614012121,-106.69804132860928,-30.23699558140624,32.273916323231624,-49.88550223532131,-18.371547634087896,18.576438293731286,17.050377375763745,74.85971890179255,13.980894797631215,-47.020150816654045,-33.6291428768169,14.442130531909017,47.56762021616006,25.550904928318637,29.266514758692928,-20.087726718633643
-7.366778454556078,9.364721395455865,1.6453456742918018,-11.127645055612739,6.919573077824382,-5.494438711839107,-3.8277402031341246,-15.969644811440526,1.540241583876907,0.317045847360726,-7.281786262384261,8.609861306708376,0.5488462731951469,4.035848325110867,-9.647818045751723,5.906915473441425,-0.7797197796505819,-4.867577984109116,-1.6266394503549133,-6.843139040567155,-7.5498758331841245,-3.2899408179504652,0.8973244112904588,-1.2304300698509574,6.094054952607729,-6.195846575053961,2.935980189744814,-4.0557208523079735,-2.7848141826375556,-3.2418352006187394,-10.070057894608656,-3.941582293111768,-0.5998281461232942,5.46559686302997,-5.485771805643043,-5.811451409236042,-3.757362573357442,5.9037559312683445,6.167553951048678,12.992454436578672,-12.386062579972116,-3.856937732890634,4.429780727601863,-6.307371199237204,-1.8210347932572664,2.0171431395726596,2.472668928565992,8.915094051752742,0.8404502491772471,-5.831861676663696,-3.7382058957817708,1.3348492717367453,5.716815575100414,2.8434159413809,2.8913590076445184,-2.023050086447517
84.99566103100045,-94.97212296289594,-11.127645055612739,114.63558591706845,-77.90637089153971,53.07764315776851,31.031118166043512,162.6847566388231,-12.97270744676237,1.7427413044327447,72.02843962121408,-90.87657139457008,-6.59947555210159,-40.41846443136527,99.57375557440281,-60.78722724942098,9.150550235286007,46.27784828969044,14.575775452930744,73.98027204248906,72.29093475472271,29.54334264000087,-6.9723171650975395,8.882998909642241,-58.411365329274524,59.47191043123498,-34.46921202384521,41.242189137940734,24.59751098050844,34.944957789928864,99.33176218911532,38.988846371765106,2.345735141333948,-63.83226060731346,56.561565909899585,60.48767314991728,37.27456473685718,-61.06313733826661,-61.49250504599256,-128.06775507393115,128.79796434799812,36.45773440198309,-38.6934626706071,60.071611725091614,22.332601520484342,-22.426710683907714,-20.449956727994802,-90.4018182427319,-17.166628829994824,56.613715125027895,40.5886721304464,-17.523722715848223,-57.34733735456313,-30.799004613013608,-35.422454920778,24.32269159409828
-59.495811231674736,64.4651500222676,6.919573077824382,-77.90637089153971,54.391801798606735,-35.446159742264605,-19.940435176068483,-110.12172566129342,8.85926085317266,-2.181013978857191,-49.23059932567097,62.24742641899288,4.376260595576621,27.290433534818934,-68.18609976068278,41.6607769895016,-6.514971888855727,-30.67399982903247,-9.436457276146212,-50.7970834736077,-47.738453863512795,-20.085852363431272,4.87174580209633,-4.925004031440863,38.92628655338095,-39.87006352271358,24.312566362927573,-27.848458667302147,-16.66064576000022,-24.0501405894878,-66.92315660163408,-26.04191127637493,-0.809668136064801,44.27801902049407,-38.84768979694537,-41.82798762074115,-24.88060455376638,42.309272894130416,41.88479886298767,86.68852646246603,-87.83518255387453,-24.01972142080449,25.870772233940006,-40.23030473174653,-15.224920422801446,15.72479373026053,13.208879796956358,60.70532488370234,12.371121322117592,-38.335673539089456,-28.248188043391405,12.470474442224925,38.94739820779179,21.67803459740509,25.186610489183284,-17.1211703932069
38.57657301067756,-44.03175045481777,-5.494438711839107,53.07764315776851,-35.446159742264605,24.862824851392343,14.937017985849202,75.50787169205037,-6.049641082179505,0.3635173829220079,33.32402847105665,-41.86540014378789,-3.0707374239690903,-18.79775697546581,45.92712711104255,-28.029722095313385,4.113991791005847,21.771790049473715,6.950506705839275,34.00374620736745,34.05859386541762,13.777118016342747,-3.236407591990362,4.563864494612544,-27.401626426039517,27.813894272919267,-15.57134774243318,19.166080717350923,11.49952815141542,16.042687018655577,46.28355635549844,18.242182394002675,1.4357550454258918,-29.08993246448156,26.05098789458153,27.756020379677963,17.441010071028465,-28.000635922204378,-28.484658288900032,-59.5417228677197,59.50436616531868,17.205168104851758,-18.206473604910748,28.116085272421913,10.240943799449793,-10.185253619575358,-9.81046772604394,-42.134099064795535,-7.52425234794401,26.334650314501932,18.523725419192022,-7.841581313789495,-26.594072409851226,-13.977301084559775,-15.905084632328283,10.99113834895446
21.504378564215276,-25.890185502629706,-3.8277402031341246,31.031118166043512,-19.940435176068483,14.937017985849202,9.650759605635985,44.36239500923459,-3.7956574274682726,-0.370886617785174,19.72751602351934,-24.216721014245184,-1.7206138338447854,-11.116880450762684,26.769650858538178,-16.351474473599,2.26607295840815,13.179164050364658,4.317489331680049,19.49633519955142,20.58617665541535,8.462940687666064,-2.089198627981811,3.147071864410782,-16.519796964891235,16.729807385897043,-8.606175665860311,11.275725583601817,7.110651479007063,9.196971473471143,27.53647419323894,10.871254055510148,1.2907798028254527,-16.201866756161788,15.178057040936078,16.087705383039392,10.38327812001213,-16.254663100116424,-16.831325083396685,-35.38921936946384,34.63711977447289,10.4517578256597,-11.33448050542863,16.958471227649003,5.645444123925821,-5.744537140312746,-6.285012392592815,-24.853660643603142,-3.5246276986106935,15.732507631884944,10.55749639826092,-4.167287219168665,-15.69355643576281,-7.942139915565082,-8.644595459001923,6.03683839620621
120.10620332673449,-134.79758541073838,-15.969644811440526,162.6847566388231,-110.12172566129342,75.50787169205037,44.36239500923459,231.01271227517984,-18.389440005308707,2.1776046303775827,102.10901586908544,-128.82127192479547,-9.406534848193145,-57.41348239930165,141.14517470075975,-86.15227436011406,12.895208362574039,65.90593082938054,20.830920530096694,104.83807803774631,103.01071237450547,41.89112693128932,-9.834921826520022,12.95327530446071,-83.11541036316281,84.55421947233248,-48.6510377947787,58.586139168942665,34.90030040802623,49.506738086504974,141.13166102650604,55.466020882075455,3.557722432723991,-90.33716330140102,80.13673478353428,85.60438240774242,53.03643420952791,-86.38979737040019,-87.22576169187708,-181.8246597559596,182.69609450478723,51.96718124682049,-55.018008223705245,85.42368818816337,31.70500224211863,-31.67969839278475,-29.21540123005672,-128.5221703107677,-24.18221378924277,80.37107635731859,57.39928132075086,-24.709226931149008,-81.38583193231639,-43.47494825161994,-49.93857147261464,34.33846427781806
-9.555643266308829,10.86727142265821,1.540241583876907,-12.97270744676237,8.85926085317266,-6.049641082179505,-3.7956574274682726,-18.389440005308707,1.8176160127637542,-0.1894833707290761,-8.605184000051803,10.310727158082189,0.5920594428888593,4.608420842887344,-11.519350623264184,7.0682663639220795,-1.0694769177416314,-5.239669077025468,-1.646025621841213,-8.27435734946875,-8.028428709143782,-3.7866487383044114,1.0881098147075674,-0.8402326779177598,6.658120104743635,-6.907431387526259,3.914434532509456,-4.635537239741164,-3.178639824146212,-3.9574648171210103,-11.401657878871754,-4.337094038759335,-0.2491404241668999,6.897195218554389,-6.609024906871576,-7.141297443192528,-4.133516856627528,7.292896821369109,7.225335504312965,14.91409294517951,-14.617472754008372,-4.07723643128729,4.902631410928441,-7.020997522457914,-2.193044268097773,2.6190940942552206,2.480101707815197,9.997996728851117,1.4186349253024044,-6.702630206403691,-4.726256269524676,1.8835663648356507,6.64308936085106,3.7169768624990245,3.994385811361386,-2.6804703879995446
2.5065765233863,-1.373971015999219,0.317045847360726,1.7427413044327447,-2.181013978857191,0.3635173829220079,-0.370886617785174,2.1776046303775827,-0.1894833707290761,0.7233507200598248,1.2240230680298034,-1.7187618015743809,-0.046587864550987464,-0.48819281382740126,1.8402544765945386,-1.1419546978217097,0.3400427459824677,0.16147377356369833,-0.09923516937872656,1.4999836342623978,0.14748422101472589,0.3831270992999002,-0.1525702193285687,-0.6098701783239386,-0.33834437208713747,0.49928969067232287,-1.1396883594920977,0.5084643312206678,0.27661890007950574,0.7458914327741953,1.0813429464218631,0.28150916801824283,-0.5151132885110836,-1.6417325370579823,1.1158525645121555,1.373973072568673,0.2633776820499786,-1.4336292676518527,-0.964554518668466,-1.6430914281530211,2.1698312999672345,0.03345360451654065,-0.22592630618791076,0.47579819437930354,0.42817771234741486,-0.668176891868752,0.19526389722550475,-0.8949268728854484,-0.8282163096731253,0.724406840185965,1.064578818142686,-0.6744155162630099,-0.8343652565083178,-0.9579700949922392,-1.3168211437050106,0.7854005353377159
53.57197442300654,-59.823197144434104,-7.281786262384261,72.02843962121408,-49.23059932567097,33.32402847105665,19.72751602351934,102.10901586908544,-8.605184000051803,1.2240230680298034,45.92594678279968,-57.20235919847977,-3.9178405844478768,-25.411088100850314,62.978319691830905,-38.501811243567765,5.841192838654092,28.97204698920151,9.072617828983015,46.425746169177025,45.025981755080466,19.195087482140725,-4.821276107237145,5.179678011672168,-36.673011800002016,37.52839605283262,-21.806595341956488,25.838028644934898,15.996305844983118,21.991491870403273,62.55028719052459,24.34211645979887,1.3562481236864756,-39.78955513936727,35.88049545676614,38.53083504533174,23.242024261197386,-39.02338143206889,-39.01225909311828,-81.00437734851121,81.01426234488794,22.73333921601221,-24.949054145858142,37.944398449446155,13.559228667346108,-14.266800883495337,-12.984517201653636,-56.38491280323068,-10.162680129333689,35.95219334881123,25.77034100778791,-10.94653826280549,-36.233462667943385,-19.772079226656878,-22.39517315515376,15.285331594449627
-67.96342360570078,75.26484600561018,8.609861306708376,-90.87657139457008,62.24742641899288,-41.86540014378789,-24.216721014245184,-128.82127192479547,10.310727158082189,-1.7187618015743809,-57.20235919847977,72.20831470427227,5.192286698526724,31.982932876680483,-79.11550276167502,48.31080154295344,-7.354086992327752,-36.42349265833558,-11.397898777211484,-58.82142674142454,-56.83272151261101,-23.428239290380326,5.576199780969739,-6.665001025057524,46.04328604673383,-46.96523436590815,27.624589754354933,-32.63428217465078,-19.48695138262933,-27.806223155075894,-78.55030435406927,-30.750889578012643,-1.5911605686046495,50.899344124661546,-44.98158759119035,-48.197969415003065,-29.394599103449373,48.686367156470375,48.78555755808648,101.41456093179741,-102.20902094771894,-28.644387807794534,30.543391301699245,-47.42774298404987,-17.717036637073015,17.9447363677613,15.981014565714299,71.4122293372154,13.837803479479746,-44.83943148372144,-32.40548587803591,14.081243546167213,45.456928166269336,24.673152034377324,28.457650308525352,-19.47781171742486
-4.819407934783597,5.417433806928453,0.5488462731951469,-6.59947555210159,4.376260595576621,-3.0707374239690903,-1.7206138338447854,-9.406534848193145,0.5920594428888593,-0.046587864550987464,-3.9178405844478768,5.192286698526724,0.458417359231101,2.3232772246273337,-5.586857344696166,3.3918536402105057,-0.492766417657647,-2.7076189855096424,-0.8721715507950416,-4.273555960780597,-4.309788624166327,-1.4878062737458297,0.25145208338943364,-0.6576583912723419,3.380530924071417,-3.374849674883609,1.92509097546191,-2.4014800913798586,-1.2338570882690052,-1.996540158418541,-5.677657370776402,-2.302105069055535,-0.18315284287332154,3.773177965120869,-3.1367092197821234,-3.298001347658303,-2.210804425975849,3.2859059561741066,3.412252810056055,7.195190195823101,-7.381580805730162,-2.165181282830269,2.0157369293983067,-3.3958706303937345,-1.4443730955630483,1.2268446314266148,1.1387394842177068,5.352712860058424,1.1918423241634428,-3.1316982701120573,-2.239424839108549,1.0247337171058568,3.233688374177587,1.62324044942305,1.9813816330256826,-1.3940181559831524
-29.74251694033037,33.508822058980705,4.035848325110867,-40.41846443136527,27.290433534818934,-18.79775697546581,-11.116880450762684,-57.41348239930165,4.608420842887344,-0.48819281382740126,-25.411088100850314,31.982932876680483,2.3232772246273337,14.27737467850603,-35.071471005946194,21.409611941515102,-3.192829840787517,-16.414855466159015,-5.198603077628836,-26.00752904755308,-25.646500172143895,-10.463791761026028,2.474456842273799,-3.2544875669328035,20.696537826193218,-21.057469187795903,12.043073929426242,-14.560537032955995,-8.72344372887501,-12.283837422669297,-35.114027597690985,-13.795265984522093,-0.9235108831638412,22.35676746348391,-19.914301426313965,-21.268536975961954,-13.18970582492128,21.46974311206961,21.699059059413244,45.24466702089211,-45.37899943867861,-12.944381625222833,13.755371821733815,-21.280789478776093,-7.8316847008096095,7.855442676845328,7.315230083798066,31.94027839231629,5.90574931571962,-20.011796752336878,-14.242182174227294,6.0969147945275655,20.240182164373287,10.791136784911453,12.347388435969863,-8.492475954534013
74.36341238551174,-82.55150354699437,-9.647818045751723,99.57375557440281,-68.18609976068278,45.92712711104255,26.769650858538178,141.14517470075975,-11.519350623264184,1.8402544765945386,62.978319691830905,-79.11550276167502,-5.586857344696166,-35.071471005946194,86.84029304705899,-53.049546196121774,8.072420263288414,39.941296287870145,12.49991173392889,64.36444225942186,62.22626157649063,25.979546083859795,-6.3132802138684445,7.226917318607616,-50.517014978830794,51.598374636927005,-30.247766470397835,35.73934501709708,21.626028864679277,30.45382064884759,86.19997489103464,33.66461964426887,1.7687183833612588,-55.51690732189115,49.41083676467594,52.991898993930754,32.16784167252382,-53.58251900059786,-53.630346242796676,-111.42283725392011,112.00458208565384,31.381979328205688,-33.83083308351375,52.13310819430934,19.175317134762548,-19.69641818098581,-17.650511888928094,-78.11933092970646,-14.777436892490172,49.33599161358974,35.56716703159551,-15.336105072228522,-49.90992312002113,-27.163654176388157,-31.12854007267894,21.276776677043248
-45.42499346943685,50.40644926828039,5.906915473441425,-60.78722724942098,41.6607769895016,-28.029722095313385,-16.351474473599,-86.15227436011406,7.0682663639220795,-1.1419546978217097,-38.501811243567765,48.31080154295344,3.3918536402105057,21.409611941515102,-53.049546196121774,32.41256945133657,-4.937395741720304,-24.367986722285167,-7.61905840275341,-39.29325580192341,-37.9439253398839,-15.911022832776881,3.890182482685666,-4.369502857722499,30.831083011689984,-31.507670664155317,18.484282127742688,-21.81053711152533,-13.244469057047619,-18.596015512371256,-52.628389348763875,-20.535565244607874,-1.064027088852042,33.873879672625115,-30.194868237729498,-32.39823405964812,-19.619702577999597,32.76979996844024,32.770385879548954,68.06040542043509,-68.38427803436213,-19.13738230691312,20.698772352864967,-31.835638489053153,-11.668341961480861,12.042406482199668,10.78044898195442,47.65045648360017,8.977812389447688,-30.146669542585443,-21.739931560447435,9.362245092886099,30.484302512483282,16.621827165120038,19.024020514333948,-12.995068561477296
7.130450652444993,-7.574365245828086,-0.7797197796505819,9.150550235286007,-6.514971888855727,4.113991791005847,2.26607295840815,12.895208362574039,-1.0694769177416314,0.3400427459824677,5.841192838654092,-7.354086992327752,-0.492766417657647,-3.192829840787517,8.072420263288414,-4.937395741720304,0.7933410388255747,3.5374582334911695,1.0683196428278423,6.002736410323077,5.478529783448947,2.394148129586366,-0.606833328874819,0.471533647265669,-4.510938959515638,4.649825588442481,-2.93242633759727,3.252926064355916,1.9826763529500948,2.8503628391092835,7.823666079201465,3.0148791330192317,0.028043028086990798,-5.252152371300746,4.613042038434116,4.997171835027088,2.877756569178703,-5.067981814188608,-4.9477639069850365,-10.185141750175202,10.345800800955617,2.7536400029829555,-3.0421084499142057,4.691532438255224,1.7661791420558084,-1.8937465902485937,-1.5057285019668227,-7.050900550683399,-1.472604720846835,4.513652160732898,3.383658071406076,-1.5041746807205254,-4.583856661487196,-2.627324720616632,-3.05127571147007,2.0558912913752274
33.367908428667675,-38.39298641545885,-4.867577984109116,46.27784828969044,-30.67399982903247,21.771790049473715,13.179164050364658,65.90593082938054,-5.239669077025468,0.16147377356369833,28.97204698920151,-36.42349265833558,-2.7076189855096424,-16.414855466159015,39.941296287870145,-24.367986722285167,3.5374582334911695,19.104022078967102,6.134546135115504,29.57423146021536,29.92571638937151,11.972069831151227,-2.774895575418684,4.168296142410332,-24.007108331882158,24.32157908844292,-13.436021328045294,16.741903834593757,10.001116656995716,13.940483274689946,40.43177813637475,15.982315006811485,1.3754010887052097,-25.250147931139203,22.631983147295525,24.06128876024325,15.28450018531503,-24.253056806666493,-24.79818749081109,-51.9318948289278,51.830590143718176,15.123778838289715,-15.897116165987589,24.589290869390634,8.950926970748913,-8.797956395677733,-8.647266736454924,-36.87048173287554,-6.494683514272075,22.95776989874091,16.035690531055945,-6.757855481512485,-23.178399441421615,-12.04999205116402,-13.694196425446092,9.495681892642116
10.24632932911576,-12.103200181268663,-1.6266394503549133,14.575775452930744,-9.436457276146212,6.950506705839275,4.317489331680049,20.830920530096694,-1.646025621841213,-0.09923516937872656,9.072617828983015,-11.397898777211484,-0.8721715507950416,-5.198603077628836,12.49991173392889,-7.61905840275341,1.0683196428278423,6.134546135115504,2.0084737417990413,9.236562157433186,9.636763497104418,3.7535725356600236,-0.8449644403408528,1.4904961405477788,-7.672305578278228,7.741029586593653,-4.096795936461732,5.302559656066916,3.1490338663820516,4.348990106541483,12.820278224174304,5.100473183037558,0.5476647552089513,-7.822766724559095,7.062595575917119,7.458796500679032,4.883516607724961,-7.504167929926634,-7.792278599662818,-16.39888618527042,16.282941458531976,4.8793729999736986,-5.068300768784572,7.837640106263584,2.82490444456167,-2.6971425127347275,-2.8227386565804484,-11.726750207043242,-1.9501983134766743,7.248615304663113,4.949696046214408,-2.0469974638152517,-7.30307346121729,-3.6793241391176177,-4.144315328308804,2.8967149948463353
55.51888890358708,-61.21992121049372,-6.843139040567155,73.98027204248906,-50.7970834736077,34.00374620736745,19.49633519955142,104.83807803774631,-8.27435734946875,1.4999836342623978,46.425746169177025,-58.82142674142454,-4.273555960780597,-26.00752904755308,64.36444225942186,-39.29325580192341,6.002736410323077,29.57423146021536,9.236562157433186,47.971579716357304,46.18436236898465,18.905479379366202,-4.440160934152432,5.380889913962988,-37.386877514348434,38.11501793275252,-22.56961485057013,26.561940340609016,15.711315070087993,22.666888699971587,63.82939514468054,25.01458118165436,1.2217196689403251,-41.64379508719968,36.581861585538334,39.19512525995657,23.9161622937926,-39.56970286561545,-39.62663921391681,-82.36825760775614,83.22235874841704,23.26243778286095,-24.633274426754753,38.47294953612248,14.554707071642163,-14.626518701911879,-12.880061913976322,-58.147956410480234,-11.528256244919696,36.380800640232515,26.39800894209603,-11.556136858257899,-36.94721658979087,-20.07404841736525,-23.280962309980442,15.937817771676606
51.96302952035865,-59.92989627795919,-7.5498758331841245,72.29093475472271,-47.738453863512795,34.05859386541762,20.58617665541535,103.01071237450547,-8.028428709143782,0.14748422101472589,45.025981755080466,-56.83272151261101,-4.309788624166327,-25.646500172143895,62.22626157649063,-37.9439253398839,5.478529783448947,29.92571638937151,9.636763497104418,46.18436236898465,46.96494544058106,18.502874612297944,-4.187185400410056,6.706742930103803,-37.56285948370804,37.974405970536885,-20.88580264174492,26.186641563375556,15.453829759494614,21.743557624449846,63.15123625766467,25.04765116737835,2.2396829457193173,-39.489853745113365,35.217282642193275,37.375754286999495,23.96232435381015,-37.62741027491721,-38.609763579784655,-80.9741295809192,80.91463441353525,23.728739508481638,-24.64976924030397,38.379222377025705,14.126566166029555,-13.655192993609637,-13.50907365447853,-57.77736128979198,-10.30060026842759,35.74753006491889,24.919162007717365,-10.53989764709079,-36.142703062777024,-18.640289927098742,-21.276894866215166,14.799147138498066
21.736274670468315,-24.64280636391615,-3.2899408179504652,29.54334264000087,-20.085852363431272,13.777118016342747,8.462940687666064,41.89112693128932,-3.7866487383044114,0.3831270992999002,19.195087482140725,-23.428239290380326,-1.4878062737458297,-10.463791761026028,25.979546083859795,-15.911022832776881,2.394148129586366,11.972069831151227,3.7535725356600236,18.905479379366202,18.502874612297944,8.271708266449398,-2.226757408531916,2.0882223226046026,-15.184068370252797,15.597957472662289,-8.86085168881902,10.584342851563058,6.907733907276643,8.975706428789662,25.854882420777294,9.984171062491171,0.6462917560866194,-15.947654917624,14.845626878203607,15.991513914242578,9.513219951846597,-16.25585175807034,-16.21148177166851,-33.62648604231159,33.21477677451435,9.36658597688785,-10.69863240930112,15.79305375097037,5.251211269669732,-5.8625134354582205,-5.548348760731802,-23.017435675524116,-3.6433465783935994,15.004150441868132,10.599696880217662,-4.336782085393257,-14.987454520392324,-8.218101119524947,-9.051031769533017,6.163018054122937
-5.2137888742872205,5.879822746897667,0.8973244112904588,-6.9723171650975395,4.87174580209633,-3.236407591990362,-2.089198627981811,-9.834921826520022,1.0881098147075674,-0.1525702193285687,-4.821276107237145,5.576199780969739,0.25145208338943364,2.474456842273799,-6.3132802138684445,3.890182482685666,-0.606833328874819,-2.774895575418684,-0.8449644403408528,-4.440160934152432,-4.187185400410056,-2.226757408531916,0.7174193072348348,-0.31098449633985875,3.5671441088965112,-3.74668389780759,2.1615812834862567,-2.4636940662926534,-1.864154544417988,-2.134536348018715,-6.157550156812397,-2.286846152974045,-0.09761056877076585,3.632396949293663,-3.6536133341488286,-4.0065798949887945,-2.165162377525594,4.1261367641929265,3.988331293418382,8.165842602486606,-7.877740554242846,-2.1304726302296837,2.796093137939946,-3.8084267400749647,-1.0339612831160996,1.4622370168109902,1.3636930990239349,5.247697505463938,0.5946939005306141,-3.704175971102985,-2.6207986993143475,0.99895440931015,3.6232380826009907,2.1258270471398504,2.2030336949924814,-1.4605756605498283
5.307112123791061,-7.369738204136529,-1.2304300698509574,8.882998909642241,-4.925004031440863,4.563864494612544,3.147071864410782,12.95327530446071,-0.8402326779177598,-0.6098701783239386,5.179678011672168,-6.665001025057524,-0.6576583912723419,-3.2544875669328035,7.226917318607616,-4.369502857722499,0.471533647265669,4.168296142410332,1.4904961405477788,5.380889913962988,6.706742930103803,2.0882223226046026,-0.31098449633985875,1.600951033809187,-5.078421758672668,4.947570857879937,-1.997465240175399,3.3465819749193177,1.780746187678858,2.4854676995006386,8.068731574995644,3.3892166502972163,0.7715039558295247,-4.406889693403758,3.9897232285222426,4.01539887880832,3.2620662346222558,-3.9565036352738314,-4.584688884175569,-10.00567504767704,9.74113271591772,3.414563437403714,-3.109350336128492,5.018580041201084,1.8430304719023978,-1.3420536726368775,-2.03068696737795,-7.649828846818725,-1.0207432356804709,4.371274392674263,2.593999295275708,-0.9800110434616474,-4.401884626953209,-1.7306756312935332,-1.9134616174638304,1.4621754333649655
-42.347405349542946,48.46409803793913,6.094054952607729,-58.411365329274524,38.92628655338095,-27.401626426039517,-16.519796964891235,-83.11541036316281,6.658120104743635,-0.33834437208713747,-36.673011800002016,46.04328604673383,3.380530924071417,20.696537826193218,-50.517014978830794,30.831083011689984,-4.510938959515638,-24.007108331882158,-7.672305578278228,-37.386877514348434,-37.56285948370804,-15.184068370252797,3.5671441088965112,-5.078421758672668,30.208571278005884,-30.647211006232695,17.083005555810217,-21.10019007121765,-12.67422870419467,-17.63253884295696,-50.975147801415396,-20.104139314712825,-1.6319998531858357,31.94743483958095,-28.650957341660348,-30.51653328223884,-19.218674880978657,30.782987407418595,31.34943160490721,65.56301979302307,-65.46179920940622,-18.97820136405489,20.073392235318696,-30.978314176920023,-11.248853879155183,11.1811539027484,10.846099333605924,46.405973983595,8.217709664725536,-28.99751491444598,-20.347050004448686,8.590148511763354,29.27165265714839,15.342913436539835,17.435405092930022,-12.062911295938683
43.366426195170995,-49.37159548638277,-6.195846575053961,59.47191043123498,-39.87006352271358,27.813894272919267,16.729807385897043,84.55421947233248,-6.907431387526259,0.49928969067232287,37.52839605283262,-46.96523436590815,-3.374849674883609,-21.057469187795903,51.598374636927005,-31.507670664155317,4.649825588442481,24.32157908844292,7.741029586593653,38.11501793275252,37.974405970536885,15.597957472662289,-3.74668389780759,4.947570857879937,-30.647211006232695,31.17627648548225,-17.53636201571036,21.44649888983362,13.021608973397214,18.00454174393926,51.86134259447587,20.369972769229285,1.528591339563893,-32.56247753894476,29.303225155578033,31.275319730347775,19.468820660311785,-31.588944059654022,-32.020866958899646,-66.83330883092322,66.71598516257282,19.1882121899961,-20.546641234208415,31.52573815111911,11.358369870257471,-11.48757066235667,-10.98668760240199,-47.056871841196624,-8.309404173901354,29.599798302947455,20.866315913204495,-8.804001770632857,-29.850361206058498,-15.815088382186978,-17.922352541096714,12.346530999406133
-26.62783823391387,28.503361583057035,2.935980189744814,-34.46921202384521,24.312566362927573,-15.57134774243318,-8.606175665860311,-48.6510377947787,3.914434532509456,-1.1396883594920977,-21.806595341956488,27.624589754354933,1.92509097546191,12.043073929426242,-30.247766470397835,18.484282127742688,-2.93242633759727,-13.436021328045294,-4.096795936461732,-22.56961485057013,-20.88580264174492,-8.86085168881902,2.1615812834862567,-1.997465240175399,17.083005555810217,-17.53636201571036,10.91100923570617,-12.292560189604329,-7.3403489116639875,-10.695782201499735,-29.500363136442665,-11.444359219045733,-0.21949324111296614,19.763776631298352,-17.24846331906195,-18.614147711275983,-10.933634211431308,18.838589207600748,18.535156347344916,38.27152292145891,-38.91640606469675,-10.49818089712229,11.349537368256605,-17.689018959180064,-6.765635153253217,7.037943936081388,5.714185087030319,26.74232702190808,5.624145230723368,-16.923536294867095,-12.608373019107656,5.621347831140444,17.220686211479467,9.710834576280439,11.338191951350955,-7.678342107287651
30.375471793217347,-34.1669440057954,-4.0557208523079735,41.242189137940734,-27.848458667302147,19.166080717350923,11.275725583601817,58.586139168942665,-4.635537239741164,0.5084643312206678,25.838028644934898,-32.63428217465078,-2.4014800913798586,-14.560537032955995,35.73934501709708,-21.81053711152533,3.252926064355916,16.741903834593757,5.302559656066916,26.561940340609016,26.186641563375556,10.584342851563058,-2.4636940662926534,3.3465819749193177,-21.10019007121765,21.44649888983362,-12.292560189604329,14.863090379635684,8.819347419742277,12.537493077753107,35.791684824147936,14.08636973856112,0.9368884447269291,-22.886146425117282,20.28172722768987,21.645896007465623,13.471645658340064,-21.834371642492506,-22.088331315731327,-46.07704830386565,46.29907719984102,13.2113701014686,-13.927702162769641,21.66626648276477,8.062229021226102,-8.003893802264981,-7.424071785511459,-32.63135795293969,-6.1394850642624865,20.35861246830935,14.512457280390619,-6.24736225995782,-20.621965347951246,-10.9705195132039,-12.611778160556765,8.683450324947174
18.018244209269373,-20.528984276111565,-2.7848141826375556,24.59751098050844,-16.66064576000022,11.49952815141542,7.110651479007063,34.90030040802623,-3.178639824146212,0.27661890007950574,15.996305844983118,-19.48695138262933,-1.2338570882690052,-8.72344372887501,21.626028864679277,-13.244469057047619,1.9826763529500948,10.001116656995716,3.1490338663820516,15.711315070087993,15.453829759494614,6.907733907276643,-1.864154544417988,1.780746187678858,-12.67422870419467,13.021608973397214,-7.3403489116639875,8.819347419742277,5.776346086456233,7.463477411872055,21.561654286626162,8.324776532750311,0.5670792817745869,-13.219640417338836,12.355616913330755,13.298050253923517,7.934341042302217,-13.519756801100618,-13.510527433888742,-28.03582517805688,27.647969958090307,7.8282160809209955,-8.96272412190271,13.19349273588342,4.3547602769755045,-4.865998118730564,-4.657298595614822,-19.18029560484313,-2.972604503956975,12.518066915170781,8.806488563461226,-3.5819565798703126,-12.490115208006836,-6.825815619615204,-7.487064958497906,5.097188409945048
26.28125442316015,-28.929528811700177,-3.2418352006187394,34.944957789928864,-24.0501405894878,16.042687018655577,9.196971473471143,49.506738086504974,-3.9574648171210103,0.7458914327741953,21.991491870403273,-27.806223155075894,-1.996540158418541,-12.283837422669297,30.45382064884759,-18.596015512371256,2.8503628391092835,13.940483274689946,4.348990106541483,22.666888699971587,21.743557624449846,8.975706428789662,-2.134536348018715,2.4854676995006386,-17.63253884295696,18.00454174393926,-10.695782201499735,12.537493077753107,7.463477411872055,10.721755072302358,30.147235341225922,11.786952090729741,0.5418706760543649,-19.6666094091258,17.319272880685123,18.57171881651796,11.269681973596093,-18.76230428047828,-18.7531693934448,-38.94103525822496,39.33103237365419,10.95424035181183,-11.685657842011734,18.181951970484022,6.843332473874618,-6.937261474346708,-6.0754625599260645,-27.410938848508106,-5.412518128901623,17.215562265943444,12.511396784637709,-5.4695674212607575,-17.470347861531327,-9.538428208914084,-11.036928666283034,7.537648403177843
72.88110460820744,-82.39170538482989,-10.070057894608656,99.33176218911532,-66.92315660163408,46.28355635549844,27.53647419323894,141.13166102650604,-11.401657878871754,1.0813429464218631,62.55028719052459,-78.55030435406927,-5.677657370776402,-35.114027597690985,86.19997489103464,-52.628389348763875,7.823666079201465,40.43177813637475,12.820278224174304,63.82939514468054,63.15123625766467,25.854882420777294,-6.157550156812397,8.068731574995644,-50.975147801415396,51.86134259447587,-29.500363136442665,35.791684824147936,21.561654286626162,30.147235341225922,86.4084062409389,33.94130989973752,2.3650338722678037,-54.74832645464051,48.952104786618214,52.28004619651267,32.44373248857472,-52.788451542467506,-53.38986673705183,-111.35691860091781,111.49102966468456,31.88529099558379,-33.99042444923092,52.418314955274155,19.133612880338898,-19.270207348005886,-18.108027354712373,-78.51741584470305,-14.280450992845765,49.2772674867808,34.95730943904336,-14.886418732003294,-49.78503207491413,-26.49758637928845,-30.2122199357611,20.792885975075052
28.377345511310228,-32.30612267487867,-3.941582293111768,38.988846371765106,-26.04191127637493,18.242182394002675,10.871254055510148,55.466020882075455,-4.337094038759335,0.28150916801824283,24.34211645979887,-30.750889578012643,-2.302105069055535,-13.795265984522093,33.66461964426887,-20.535565244607874,3.0148791330192317,15.982315006811485,5.100473183037558,25.01458118165436,25.04765116737835,9.984171062491171,-2.286846152974045,3.3892166502972163,-20.104139314712825,20.369972769229285,-11.444359219045733,14.08636973856112,8.324776532750311,11.786952090729741,33.94130989973752,13.417625935797178,1.0500134911978007,-21.47955718594515,19.077228553891402,20.30619999488021,12.832058700566526,-20.460291793504105,-20.84293996842138,-43.603227795992844,43.69993016272919,12.643772839763338,-13.20718900414617,20.57681102754339,7.625909878112156,-7.462853396964453,-7.147135948902444,-31.012488860863,-5.696890361263484,19.251414608201085,13.574297588154634,-5.797858165265934,-19.487541798394485,-10.204800416730976,-11.701501576205168,8.103352816121415
0.7843067688661934,-1.9929533361074219,-0.5998281461232942,2.345735141333948,-0.809668136064801,1.4357550454258918,1.2907798028254527,3.557722432723991,-0.2491404241668999,-0.5151132885110836,1.3562481236864756,-1.5911605686046495,-0.18315284287332154,-0.9235108831638412,1.7687183833612588,-1.064027088852042,0.028043028086990798,1.3754010887052097,0.5476647552089513,1.2217196689403251,2.2396829457193173,0.6462917560866194,-0.09761056877076585,0.7715039558295247,-1.6319998531858357,1.528591339563893,-0.21949324111296614,0.9368884447269291,0.5670792817745869,0.5418706760543649,2.3650338722678037,1.0500134911978007,0.48836747694806887,-0.7889923070837451,0.9465711115269696,0.8720581961125606,1.006059859160462,-0.840154278894684,-1.2234241644668409,-2.846599134033187,2.4626219908136737,1.1592972521703413,-1.0517669089486381,1.5599920702424583,0.3936371522762303,-0.19600949586001984,-0.8135855071786167,-2.2391179640964727,0.07812802249439635,1.2530462608814636,0.46923274934726394,-0.038001056406354344,-1.1954461128570875,-0.23340645960229,-0.1104457235096691,0.17718964759884784
-48.539434940636106,52.70336147115459,5.46559686302997,-63.83226060731346,44.27801902049407,-29.08993246448156,-16.201866756161788,-90.33716330140102,6.897195218554389,-1.6417325370579823,-39.78955513936727,50.899344124661546,3.773177965120869,22.35676746348391,-55.51690732189115,33.873879672625115,-5.252152371300746,-25.250147931139203,-7.822766724559095,-41.64379508719968,-39.489853745113365,-15.947654917624,3.632396949293663,-4.406889693403758,31.94743483958095,-32.56247753894476,19.763776631298352,-22.886146425117282,-13.219640417338836,-19.6666094091258,-54.74832645464051,-21.47955718594515,-0.7889923070837451,36.4951257798948,-31.5390603409144,-33.81895126699815,-20.547644606191724,34.104829593265855,34.01458570771492,70.61277225854998,-71.88719884886862,-19.85216490768325,20.708652518744902,-32.83116094047156,-12.853649979503265,12.723263025409237,10.742703258725397,50.102882546467264,10.605671693673443,-31.112973751234144,-22.903494557610237,10.24551479397939,31.75264109572844,17.39461859261007,20.47810161310994,-13.998086940181285
42.3560362011567,-46.908417190476136,-5.485771805643043,56.561565909899585,-38.84768979694537,26.05098789458153,15.178057040936078,80.13673478353428,-6.609024906871576,1.1158525645121555,35.88049545676614,-44.98158759119035,-3.1367092197821234,-19.914301426313965,49.41083676467594,-30.194868237729498,4.613042038434116,22.631983147295525,7.062595575917119,36.581861585538334,35.217282642193275,14.845626878203607,-3.6536133341488286,3.9897232285222426,-28.650957341660348,29.303225155578033,-17.24846331906195,20.28172722768987,12.355616913330755,17.319272880685123,48.952104786618214,19.077228553891402,0.9465711115269696,-31.5390603409144,28.136500193687926,30.211823954754735,18.22392456597946,-30.56998574278583,-30.520766163590935,-63.34763309046212,63.64962757845333,17.761449103731863,-19.281742845079247,29.608684688344837,10.829474555519102,-11.238719277187016,-10.008619972890221,-44.27784171946168,-8.345749272833963,28.068914647997335,20.276403970512174,-8.733145129473067,-28.37703638555304,-15.5268564652008,-17.761052865599204,12.118502676570476
45.60386173684518,-50.17627456220108,-5.811451409236042,60.48767314991728,-41.82798762074115,27.756020379677963,16.087705383039392,85.60438240774242,-7.141297443192528,1.373973072568673,38.53083504533174,-48.197969415003065,-3.298001347658303,-21.268536975961954,52.991898993930754,-32.39823405964812,4.997171835027088,24.06128876024325,7.458796500679032,39.19512525995657,37.375754286999495,15.991513914242578,-4.0065798949887945,4.01539887880832,-30.51653328223884,31.275319730347775,-18.614147711275983,21.645896007465623,13.298050253923517,18.57171881651796,52.28004619651267,20.30619999488021,0.8720581961125606,-33.81895126699815,30.211823954754735,32.518110595196944,19.387095187114667,-32.93755582586997,-32.716484813177665,-67.78235814444048,68.12688328808333,18.843885118910787,-20.65303786763509,31.595785790937942,11.502125743575881,-12.124380366495542,-10.617749291952686,-47.165665845437516,-8.930868775202724,30.057523269434355,21.832225211077244,-9.415930992915019,-30.374619664820607,-16.79411310145159,-19.1952525784908,13.060308389099076
27.119794674104806,-30.880172649252398,-3.757362573357442,37.27456473685718,-24.88060455376638,17.441010071028465,10.38327812001213,53.03643420952791,-4.133516856627528,0.2633776820499786,23.242024261197386,-29.394599103449373,-2.210804425975849,-13.18970582492128,32.16784167252382,-19.619702577999597,2.877756569178703,15.28450018531503,4.883516607724961,23.9161622937926,23.96232435381015,9.513219951846597,-2.165162377525594,3.2620662346222558,-19.218674880978657,19.468820660311785,-10.933634211431308,13.471645658340064,7.934341042302217,11.269681973596093,32.44373248857472,12.832058700566526,1.006059859160462,-20.547644606191724,18.22392456597946,19.387095187114667,12.275436002202495,-19.528911117012797,-19.911324284633668,-41.6619454735386,41.77779578393922,12.095914943420137,-12.604331525356844,19.66878232955497,7.3152533727808855,-7.1277139586015625,-6.826333929861676,-29.66610657224609,-5.4734410274847365,18.390305102138516,12.967366405422656,-5.546628789538937,-18.62344203725705,-9.738599486805482,-11.180204632633654,7.742620504920873
