V1,V2,V3,V4,V5,V6,V7,V8,V9,V10,V11,V12,V13,V14,V15,V16,V17,V18,V19,V20,V21,V22,V23,V24,V25,V26,V27,V28,V29,V30,V31,V32,V33,V34,V35,V36,V37,V38,V39,V40,V41,V42,V43,V44,V45,V46,V47,V48,V49,V50,V51,V52,V53,V54,V55,V56
1.1254550010996793,-0.04213859093467576,-0.539453067081787,3.766528820660645,-0.6784449908175044,-2.098642023413018,3.804308667318885,-4.70739804284475,0.940887253479852,-0.17530239620045293,0.5141662266795354,0.4474385033439638,-0.3242368838168614,1.1292030413085032,0.09024295595952812,0.1806732323601983,-0.8604843378137976,2.2442567843729875,-1.4268454204105692,-3.600896199691223,-5.199222612500892,1.1171245210019671,2.5914804157333804,3.9541075289028473,-0.24755715072117243,0.18074255455410432,0.55285013629935,0.24157968772329186,2.774484707137407,-0.9712654097575507,-3.66506315937558,-3.3511252221190704,0.08483626485294296,0.2973501220665215,-3.4796663163724055,-2.468722072676959,2.9821879341531394,-0.06901383369532195,2.2267131997176612,3.226746403973406,-1.1175616219405689,-3.0472805017884967,3.1409736977452036,4.199703678782683,-1.2461665710657863,3.7247790968300265,2.554598930553922,-0.46034721522960537,-0.4803335096463477,2.7913926847719073,-1.873927715250261,0.021947293597628235,-0.7754589124631802,-1.6668895840686206,-3.434086109145711,0.5733103696374305
-0.04213859093467576,6.70806158833132,15.724808780336929,-42.68146267634477,25.29276970037703,34.91469039666564,-37.02816365041999,101.41703420401282,-20.29042813337902,21.55003159531865,1.310464981474301,-1.7338585350839166,16.16461700428541,-17.389645784998155,3.780114751591482,3.7287619537761794,18.774622780534312,-44.27650350198604,14.289533203159118,57.86256926997987,80.75894906569063,-33.41133989165574,-45.69900878023995,-69.28007334786817,0.21133245736748002,-0.927468750202362,-11.70909344558609,24.372071326922768,-41.27399621340789,16.781764111683046,51.698135663394346,63.1782360272021,-3.9090799631992184,-3.3826002291020942,50.19402482820412,16.521412905089782,-46.36797366074784,7.445677434626955,-43.993294015646,-37.514729564613226,13.088452317682956,64.76760278198884,-60.257333037582256,-66.93680882232832,16.01212193021798,-31.12844482036892,-39.75821346875809,20.107416473997603,-15.110743133248604,-30.940851558064544,25.457023976801814,12.38864693282894,21.801172175909407,7.539634208004329,57.02094118889467,-1.2546934135612355
-0.539453067081787,15.724808780336929,37.03852503876189,-101.42887159456423,59.50511457266032,82.58471213790469,-88.2068682437304,239.35971498304787,-47.881962400620885,50.54213538532716,2.8723854861991076,-4.2340515021620195,37.98760754742322,-41.169147417455484,8.819075397776581,8.661342980112915,44.305617737399224,-104.57526407780804,34.01661737643064,136.92629411087782,191.16131430685357,-78.69129327400442,-108.03788718143271,-163.79685882618588,0.5908416809227425,-2.2441316038813146,-27.632909685292706,56.98790615344107,-97.74631859224782,39.679707292266386,122.50571363899954,149.2783893373102,-9.186059448711486,-8.033668599408584,118.90913024352598,39.648105498864894,-109.7604558990648,17.461794461948976,-103.90450091680808,-89.11940082037934,31.081704090503344,152.8784143235109,-142.35587460363408,-158.40617325349308,37.98457898948404,-74.34658819895013,-94.10222943458724,47.27610337084506,-35.202944995881644,-73.54960514968714,60.350057955048094,29.003498706308832,51.362177434455766,18.305031802626047,134.8796556360324,-3.1559953434941135
3.766528820660645,-42.68146267634477,-101.42887159456423,282.4562293089838,-162.56211429502594,-227.99943060522617,246.71595059895031,-657.9821302670886,131.6302102447031,-137.25479665849053,-6.7211551273366865,12.387341060444154,-103.5545277813846,113.8245040133756,-23.70095875955026,-23.091090376174233,-121.7719503348956,287.8515761169306,-95.07147938953364,-378.25584604600584,-528.4504355065852,215.42804876908264,297.94792846564866,451.77137440290323,-2.108788283246367,6.447202590023589,75.98773754597298,-153.86025030208123,270.446611842697,-109.47161073537185,-339.3382204431736,-411.2006400023757,25.058258117827943,22.37539654691055,-329.21839430746604,-112.46384501102939,303.41043418136405,-47.442712030174974,285.9995785001101,248.00567482843468,-86.48957544380194,-420.33364402506425,392.01904697659126,437.6716547245283,-105.44360648272385,209.02598094070623,260.1359102884486,-128.99096273321632,94.36566601766513,204.94526887863998,-167.3096702816312,-78.5174214713245,-140.70926012408694,-53.00301242784226,-372.38355776152014,9.731676994438079
-0.6784449908175044,25.29276970037703,59.50511457266032,-162.56211429502594,95.63496610060727,132.5210481246047,-141.28419343635656,384.342352942647,-76.87883310506963,81.29752942980517,4.712742849743824,-6.735601645889409,61.071617510940044,-66.05265268254936,14.206699203602309,13.966193371881571,71.14280981140317,-167.88775689581706,54.48573546990958,219.71424675619525,306.6974693088851,-126.4329173632755,-173.39615178770137,-262.8832031835034,0.9079967045003077,-3.5815897248707964,-44.363171467913524,91.73903756088443,-156.80598396485834,63.678985923773325,196.49211165794298,239.63183334516165,-14.764261032807195,-12.871793185898866,190.73503213454612,63.368086389188605,-176.10470416257203,28.082119478181884,-166.81084784359666,-142.84898127252413,49.8146084263725,245.47243542229162,-228.5291654714271,-254.16907549754782,60.904897259093396,-118.98458213521374,-150.97197355524688,75.99527380755984,-56.72518121358471,-117.86690058152993,96.7856406644695,46.669268122705944,82.51295108352845,29.167360461750878,216.43956183585254,-4.974897718003948
-2.098642023413018,34.91469039666564,82.58471213790469,-227.99943060522617,132.5210481246047,184.86774331065266,-198.698031524619,534.6802744590065,-106.96749499056223,112.23850789822589,5.951603197508297,-9.752750726592273,84.51207120039217,-92.21829614553823,19.486302151698737,19.067173276913664,98.96257231396653,-233.7470305813984,76.60590371453378,306.5876218119391,428.1851157133429,-175.42680680405383,-241.71309916185444,-366.48188350114896,1.5105694593083434,-5.1204883667681,-61.74318362878462,126.20141059986891,-219.032754857961,88.79423259391106,274.6674894359443,333.78353518820745,-20.44631579439733,-18.06466714185844,266.5437423238834,89.9374176762263,-245.84251178353782,38.790534617507625,-232.24617348307422,-200.2603865102089,69.84973750228532,341.53008212963744,-318.26005933797745,-354.72042187947966,85.25521847766923,-167.9108066601801,-210.78641614830076,105.22138272149614,-77.69294594222282,-165.38252688185423,135.36585409446903,64.31586626761835,114.54333903021373,41.945673228155954,301.9304428429382,-7.470574105201434
3.804308667318885,-37.02816365041999,-88.2068682437304,246.71595059895031,-141.28419343635656,-198.698031524619,215.7454894144309,-572.7864380566342,114.58288769737307,-119.09920164635729,-5.584497982229235,10.954081925870442,-89.94889493979638,99.23750322769867,-20.508710044821868,-19.935503952744064,-105.9992018356477,250.66995134842244,-83.11448776310432,-329.7090962152178,-460.69943436602216,187.33443801034525,259.58792894026016,393.6191206266286,-1.9463718509022097,5.677494072355584,66.14989825413622,-133.29830919850917,235.82913578440616,-95.38542012204627,-295.9895888427224,-358.1564022398552,21.76732923581811,19.541306874558018,-287.1252382352435,-98.69176198622729,264.5129245284873,-41.16889435686956,249.05534992397043,216.58704971780986,-75.52459583248566,-365.92838810202915,341.42375303509345,381.5113985465214,-92.02407455138764,183.0198299633642,226.77911823913314,-112.07054800301897,81.59556966963802,179.03934515671395,-145.96822601912513,-68.07076085772808,-122.37998125380919,-46.7531754267734,-324.53180246196024,8.708709760219953
-4.70739804284475,101.41703420401282,239.35971498304787,-657.9821302670886,384.342352942647,534.6802744590065,-572.7864380566342,1548.1856453038486,-309.70246968048116,326.01265231678127,17.954092078843118,-27.784271182407675,245.24211981077855,-266.6322910156685,56.75354510328438,55.63837227182411,286.5583702090277,-676.6004599775273,220.85026396518558,886.6346382006769,1238.012479422081,-508.50596858873786,-699.3028649427163,-1060.244480633287,4.079621920891992,-14.664101066785323,-178.7421393254109,367.11000691197614,-633.1578661442178,256.85883483866064,793.7438904532528,965.9897806584694,-59.311523328551274,-52.1152965980828,770.3561429729793,258.2931835546323,-710.8337521836086,112.64422618654595,-672.2573352287055,-578.0382489801067,201.59264185444903,988.866341770264,-921.1338839538441,-1025.7612321390404,246.2315841695174,-483.35151164039706,-609.4276750789062,305.26924246587265,-226.41190186646324,-477.19199209569945,391.0974972176091,186.94863180888285,331.95547118409786,119.82672068213361,873.2609605243028,-20.973277935200414
0.940887253479852,-20.29042813337902,-47.881962400620885,131.6302102447031,-76.87883310506963,-106.96749499056223,114.58288769737307,-309.70246968048116,61.9623238603448,-65.21143796657051,-3.58537417733925,5.560356403486122,-49.05412520204978,53.33635770777901,-11.351189018775585,-11.13106965784369,-57.32528507329384,135.34585383679513,-44.19001011223147,-177.3589096053597,-247.66829022081996,101.71549526605558,139.8939260479058,212.09862600334503,-0.8174068368600179,2.9315905176013644,35.76446604647591,-73.43317838427285,126.66182527671289,-51.38691825464867,-158.78898598455922,-193.23256382382067,11.867897362750757,10.431869328064012,-154.1124963563303,-51.68454205006738,142.19629719594874,-22.537790478156992,134.47793060688446,115.63503293193176,-40.33912581502992,-197.8137022196558,184.25889394464565,205.1988458393103,-49.261234505716715,96.70917235844001,121.92627950837534,-61.0603461584903,45.28983455149913,95.46648023925464,-78.24053245010568,-37.40059129093565,-66.40429820119843,-23.977123681028683,-174.6981833911627,4.205067130463238
-0.17530239620045293,21.55003159531865,50.54213538532716,-137.25479665849053,81.29752942980517,112.23850789822589,-119.09920164635729,326.01265231678127,-65.21143796657051,69.25347528304829,4.202507603403671,-5.582567858927369,51.95496744984041,-55.91353978560561,12.145285776011342,11.972578047486637,60.34965809443181,-142.34099047694147,45.94436768130814,186.04341099985956,259.63445259912635,-107.39944180401744,-146.91305023592173,-222.72362091269412,0.6854711205330432,-2.9890261725760334,-37.62689440589728,78.30542152657819,-132.7023819805755,53.94615674954097,166.22051367427864,203.11505542264698,-12.557943282671213,-10.86811069311038,161.3783148949221,53.14439993893018,-149.08252621368825,23.91868663261494,-141.42906904257737,-120.64030051968071,42.07257799125118,208.2037761297322,-193.72405582832687,-215.20570028140267,51.482430435973804,-100.11433538327266,-127.80678239299334,64.63050276462882,-48.53732662112517,-99.4958751561497,81.85027331007626,39.799093708007476,70.07460578571511,24.27149090708652,183.31088290266914,-4.036175242302606
0.5141662266795354,1.310464981474301,2.8723854861991076,-6.7211551273366865,4.712742849743824,5.951603197508297,-5.584497982229235,17.954092078843118,-3.58537417733925,4.202507603403671,0.5043296645961134,-0.13446384533451977,3.0634960301367724,-2.929935949225382,0.7942659153047624,0.8236995290086493,3.3275707374383847,-7.7527340635011655,2.166090561857207,9.822537606759976,13.611569681006824,-6.122301639376185,-7.868451961901383,-11.917522139919408,-0.07417193812168768,-0.10168536126285187,-2.0616467756247796,4.956336096407037,-6.904791814993738,2.8780164576306952,8.558529739360912,10.994968245746016,-0.734443369534674,-0.528209892468333,8.344328760449772,2.121498360741123,-7.823176574671579,1.4433017058697801,-7.703923722264853,-5.948363859272361,2.070173548569122,11.447958110449633,-10.513048325553132,-11.339295428881146,2.5971946462040654,-4.435901766736778,-6.696629508459828,3.7847161335922297,-3.2261416603721256,-4.841080457618109,4.181216770281958,2.468288789906339,3.9700863840075264,0.7171066083557044,9.721093427863304,0.025053797200776273
0.4474385033439638,-1.7338585350839166,-4.2340515021620195,12.387341060444154,-6.735601645889409,-9.752750726592273,10.954081925870442,-27.784271182407675,5.560356403486122,-5.582567858927369,-0.13446384533451977,0.6179619070951524,-4.262070010932972,4.888763056407009,-0.9320572349608599,-0.8844676562147067,-5.139595159772441,12.202797851984897,-4.213513286592655,-16.206073304386642,-22.69083148553227,8.98348477438808,12.703123101767675,19.267701353708127,-0.15046559438902915,0.3071251166004743,3.213330778766311,-6.143177846490717,11.64151747934409,-4.673135830233223,-14.655907122398396,-17.469492327065538,1.0341094909015494,0.9826424074750976,-14.199422423796225,-5.190095930643437,13.025040858429598,-1.9333888094978386,12.12369687070554,10.854776491371128,-3.7863446801478884,-17.759394120113374,16.640180720057327,18.76293456810464,-4.582894929955826,9.416960190084412,11.170748844192385,-5.323649931627191,3.6806053804999244,9.004348736303054,-7.243927027857615,-3.1629471625367525,-5.880707238655517,-2.578199784506814,-15.929133124863501,0.54576029083335
-0.3242368838168614,16.16461700428541,37.98760754742322,-103.5545277813846,61.071617510940044,84.51207120039217,-89.94889493979638,245.24211981077855,-49.05412520204978,51.95496744984041,3.0634960301367724,-4.262070010932972,39.01050454517959,-42.11603399328736,9.090977534548681,8.945701709125657,45.395857758592186,-107.10825016951965,34.691233761107796,140.1078242118115,195.55629828529658,-80.71741506888621,-110.59507346673172,-167.66912249732178,0.5562112217266791,-2.2722313922828032,-28.30549703176816,58.6704701957716,-99.97162634162004,40.61334127935204,125.25489074502478,152.86502478460454,-9.429827774515408,-8.198911736582568,121.59236484955804,40.26759097516508,-112.28902656907066,17.945012250286172,-106.42141962989024,-91.00529164482516,31.735090678215876,156.62784711488248,-145.78792235730285,-162.07464668077085,38.81315155831353,-75.69916881695613,-96.26221655417949,48.53777221645127,-36.309993218399505,-75.07669908341771,61.689691588255364,29.83629401152564,52.67304425119838,18.482924326049403,138.02901343945817,-3.1234452233118453
1.1292030413085032,-17.389645784998155,-41.169147417455484,113.8245040133756,-66.05265268254936,-92.21829614553823,99.23750322769867,-266.6322910156685,53.33635770777901,-55.91353978560561,-2.929935949225382,4.888763056407009,-42.11603399328736,46.01150693039601,-9.69916784008127,-9.481790960058422,-49.34847042486908,116.57971555946284,-38.250396929085234,-152.95836346670043,-213.62292636840374,87.45410403869369,120.56842770769029,182.80651010668575,-0.7698118028775184,2.5647379193610664,30.785008210379555,-62.83608361470081,109.28689232987914,-44.290820638097735,-137.05824651836238,-166.484477787768,10.187024982870204,9.014353475622267,-132.99735397553007,-44.96427101210987,122.6567616866211,-19.320967049870866,115.83037693589053,99.9717317171781,-34.86182232527404,-170.31675755079786,158.7382590081211,176.96831638414594,-42.54857146529635,83.88776404554011,105.15621999163322,-52.4409834414252,38.65860497108294,82.56621850197648,-67.55139115072666,-32.02720174214056,-57.10325817590402,-21.00920040915253,-150.61710222655617,3.756841776133828
0.09024295595952812,3.780114751591482,8.819075397776581,-23.70095875955026,14.206699203602309,19.486302151698737,-20.508710044821868,56.75354510328438,-11.351189018775585,12.145285776011342,0.7942659153047624,-0.9320572349608599,9.090977534548681,-9.69916784008127,2.143145447581379,2.122154676467853,10.506889320231013,-24.759297879028217,7.914635770713512,32.289453053901155,45.040302283474766,-18.744138736228653,-25.52409222344815,-38.69248600911945,0.0935790693556978,-0.5057753253130771,-6.548084697197359,13.77996630146319,-23.00849138530635,9.3698855844585065,28.79929980736205,35.31486896135653,-2.196104118561235,-1.875995697676529,27.968501621408272,9.066511197099976,-25.863645444075996,4.1930452716248805,-24.600900562619127,-20.84133052678522,7.2676576538925515,36.240672117364,-33.68812237445433,-37.34586970205085,8.907543527356466,-17.1805511763922,-22.170791103247105,11.302855471264438,-8.576959440413225,-17.17377896119886,14.173725684342989,6.992204209723182,12.22441218316054,4.082710729550135,31.825555343899048,-0.6459519499988523
0.1806732323601983,3.7287619537761794,8.661342980112915,-23.091090376174233,13.966193371881571,19.067173276913664,-19.935503952744064,55.63837227182411,-11.13106965784369,11.972578047486637,0.8236995290086493,-0.8844676562147067,8.945701709125657,-9.481790960058422,2.122154676467853,2.109745935953429,10.301824622052735,-24.256407607078277,7.700083775000829,31.57831941969256,44.04096955257493,-18.408990602019564,-24.98531798491187,-37.87339462028025,0.07270928733473192,-0.4839670632275198,-6.421417699948015,13.620147443296037,-22.487261884738,9.171436828064833,28.13202903077548,34.58468484207783,-2.1618650414295573,-1.8297967070579868,27.327681949164102,8.753959827889004,-25.287368478521273,4.134654592850081,-24.101770750212395,-20.311214138043237,7.0870458900499385,35.5247865364011,-32.9958152917105,-36.52368872553554,8.692828329955786,-16.66238659065429,-21.68199937991751,11.117391498615026,-8.504456589937584,-16.727996053635216,13.840035895363943,6.9046361493245785,12.003299235819156,3.896897525586709,31.13873343502273,-0.5942051512171758
-0.8604843378137976,18.774622780534312,44.305617737399224,-121.7719503348956,71.14280981140317,98.96257231396653,-105.9992018356477,286.5583702090277,-57.32528507329384,60.34965809443181,3.3275707374383847,-5.139595159772441,45.395857758592186,-49.34847042486908,10.506889320231013,10.301824622052735,53.040331180287936,-125.23174705209668,40.87243790678787,164.1002671865038,229.13601820605916,-94.12381471120462,-129.43227959335601,-196.2376937752594,0.7530751451277977,-2.7125951496700416,-33.08528876868014,67.96180764656327,-117.18554486012799,47.54168819633928,146.90559705417388,178.79295533342514,-10.979589796384118,-9.645993436068203,142.578130609768,47.794679529612424,-131.56240738154028,20.853006390595397,-124.42805784913156,-106.97723903693658,37.31060977992399,183.03164402145345,-170.49102372848833,-189.85145334141873,45.571739530176636,-89.44648944642385,-112.79664704028636,56.50660164541255,-41.918128488287365,-88.31339560356682,72.38361139448395,34.609076885692765,61.444759608362574,22.167729489784794,161.6286121548357,-3.878750788312588
2.2442567843729875,-44.27650350198604,-104.57526407780804,287.8515761169306,-167.88775689581706,-233.7470305813984,250.66995134842244,-676.6004599775273,135.34585383679513,-142.34099047694147,-7.7527340635011655,12.202797851984897,-107.10825016951965,116.57971555946284,-24.759297879028217,-24.256407607078277,-125.23174705209668,295.7256158878937,-96.64146102469711,-387.63790808339695,-541.2831616086572,222.161405371594,305.6919425615538,463.4777501445463,-1.8220332700959059,6.43206798998803,78.11431345871642,-160.21045144635806,276.8493828382876,-112.28516934500998,-347.09661679602766,-422.236012043859,25.903807302133625,22.79717629101118,-336.8556883701241,-113.15971523505353,310.79234126402633,-49.1814415555604,293.8265511023478,252.86491190001607,-88.18276606553897,-432.1694800913875,402.6205180108689,448.46700942792904,-107.69233238498362,211.6115484740167,266.4503049336514,-133.3345116754975,98.7525435244259,208.7691345752954,-171.03426739896224,-81.60165476348266,-145.03476710437184,-52.58450881080727,-381.76760854220646,9.248654404088693
-1.4268454204105692,14.289533203159118,34.01661737643064,-95.07147938953364,54.48573546990958,76.60590371453378,-83.11448776310432,220.85026396518558,-44.19001011223147,45.94436768130814,2.166090561857207,-4.213513286592655,34.691233761107796,-38.250396929085234,7.914635770713512,7.700083775000829,40.87243790678787,-96.64146102469711,32.03229751068836,127.08847005959363,177.59777845345795,-72.23775833047515,-100.07783061106896,-151.7484380260501,0.7437026899030282,-2.182170097336861,-25.514938876473078,51.4388396159382,-90.9032274002738,36.77617176515402,114.08893917275557,138.07340112037295,-8.399752447183891,-7.537306692902536,110.67744742369446,38.01081095341886,-101.95933322062791,15.887980026589004,-96.0200825804489,-83.46161036691136,29.116258624662624,141.08870900856544,-131.62362313028248,-147.0658492314167,35.469571206270125,-70.50916890739383,-87.43217914634236,43.220345180436894,-31.49961030192631,-68.99450207350263,56.262330512127235,26.270338415639447,47.19357415665789,17.988625663242928,125.11341482065302,-3.3508553680818824
-3.600896199691223,57.86256926997987,136.92629411087782,-378.25584604600584,219.71424675619525,306.5876218119391,-329.7090962152178,886.6346382006769,-177.3589096053597,186.04341099985956,9.822537606759976,-16.206073304386642,140.1078242118115,-152.95836346670043,32.289453053901155,31.57831941969256,164.1002671865038,-387.63790808339695,127.08847005959363,508.50896127182426,710.1614886824062,-290.87233297902736,-400.86227077528605,-607.7861173802,2.5270907075567317,-8.50987866828112,-102.36728161909015,209.13818853371282,-363.2943760666036,147.25370652002948,455.58663069342185,553.5557160919734,-33.887815851888554,-29.95552327417614,442.0984624420197,149.28484809514293,-407.7578063534132,64.285573651572,-385.1466138278437,-332.23270169654825,115.85478619618638,566.3502509869865,-527.807301985421,-588.3240756093588,141.41753805324777,-278.63763847244417,-349.5776983411601,174.4480811600781,-128.71409331206686,-274.3712896146615,224.53365987787217,106.58186296221216,189.9185305497751,69.68061484853811,500.73927277292415,-12.420844414980953
-5.199222612500892,80.75894906569063,191.16131430685357,-528.4504355065852,306.6974693088851,428.1851157133429,-460.69943436602216,1238.012479422081,-247.66829022081996,259.63445259912635,13.611569681006824,-22.69083148553227,195.55629828529658,-213.62292636840374,45.040302283474766,44.04096955257493,229.13601820605916,-541.2831616086572,177.59777845345795,710.1614886824062,991.8586474671331,-406.0622469747648,-559.8078523174315,-848.7808026920432,3.5684205390198995,-11.899121892994541,-142.95805663823276,291.7986237083826,-507.41075045420104,205.65123265523113,636.3492766992892,772.9821918979375,-47.31036583352906,-41.864719197484625,617.502853261811,208.74596798756454,-569.4811358626794,89.7298345278931,-537.8060295817172,-464.13446310698333,161.8766552929023,790.8009308842979,-737.0166538779833,-821.6563534847312,197.55057023850958,-389.4594971326859,-488.26296922863526,243.49433566650126,-179.53690214030985,-383.33423238541485,313.63522654737636,148.73600297206792,265.1457916684582,97.51472778083819,699.3283564560666,-17.44582953264953
1.1171245210019671,-33.41133989165574,-78.69129327400442,215.42804876908264,-126.4329173632755,-175.42680680405383,187.33443801034525,-508.50596858873786,101.71549526605558,-107.39944180401744,-6.122301639376185,8.98348477438808,-80.71741506888621,87.45410403869369,-18.744138736228653,-18.408990602019564,-94.12381471120462,222.161405371594,-72.23775833047515,-290.87233297902736,-406.0622469747648,167.19226704248294,229.5048469223859,347.95361566082045,-1.2479085715261244,4.765386783597951,58.697487476775,-121.10709078424959,207.63103445739713,-84.288753047182,-260.2177074143426,-317.1272854082525,19.5153248526816,17.05808722729203,-252.57837466738945,-84.17336248507334,233.1583219130511,-37.10050004029743,220.73581515431138,189.28759481757982,-66.00821009465018,-324.78137445613413,302.423240551659,336.4934339677563,-80.67920968951896,157.8703221826191,199.88411233508506,-100.4529143926472,74.81939348239995,156.20991788352077,-128.1884043591488,-61.6295865241238,-109.12285968620252,-38.84797773317911,-286.5160659906841,6.6835633595182475
2.5914804157333804,-45.69900878023995,-108.03788718143271,297.94792846564866,-173.39615178770137,-241.71309916185444,259.58792894026016,-699.3028649427163,139.8939260479058,-146.91305023592173,-7.868451961901383,12.703123101767675,-110.59507346673172,120.56842770769029,-25.52409222344815,-24.98531798491187,-129.43227959335601,305.6919425615538,-100.07783061106896,-400.86227077528605,-559.8078523174315,229.5048469223859,316.0661608739216,479.21218811106155,-1.9418848152774375,6.679823513858901,80.74433443840998,-165.24962518511316,286.34979541762664,-116.10281539816542,-359.0552870460759,-436.5002525187846,26.75197975527979,23.601405625367676,-348.44431516580863,-117.38140564091228,321.42153993996914,-50.76787989928279,303.7287913342577,261.71217617980125,-91.27492940808033,-446.67924654479884,416.20800057205537,463.78244233081585,-111.431395655018,219.27962031961306,275.5746305060057,-137.6885613375305,101.77769886686067,216.10917042591035,-176.94462346600608,-84.19722434888025,-149.84321143143237,-54.67372223197318,-394.77557043049063,9.691491282854425
3.9541075289028473,-69.28007334786817,-163.79685882618588,451.77137440290323,-262.8832031835034,-366.48188350114896,393.6191206266286,-1060.244480633287,212.09862600334503,-222.72362091269412,-11.917522139919408,19.267701353708127,-167.66912249732178,182.80651010668575,-38.69248600911945,-37.87339462028025,-196.2376937752594,463.4777501445463,-151.7484380260501,-607.7861173802,-848.7808026920432,347.95361566082045,479.21218811106155,726.571073619771,-2.9493394334584684,10.13081342728876,122.4195394834085,-250.51227918537208,434.16654738155876,-176.03257191320094,-544.4073242043186,-661.8074834712007,40.557457304098584,35.78563624414206,-528.3168061677184,-178.0036278914551,487.3401129127689,-76.96493345878005,460.50114990064117,396.8263204994357,-138.39624788694067,-677.2315118245447,631.0399220594009,703.1853368998845,-168.95690905072667,332.508637061958,417.8254479784435,-208.74590322488848,154.28368889651466,327.6821924338316,-268.28866216088505,-127.64164829477072,-227.17883328254578,-82.92192136200293,-598.5536045549362,14.704262277144604
-0.24755715072117243,0.21133245736748002,0.5908416809227425,-2.108788283246367,0.9079967045003077,1.5105694593083434,-1.9463718509022097,4.079621920891992,-0.8174068368600179,0.6854711205330432,-0.07417193812168768,-0.15046559438902915,0.5562112217266791,-0.7698118028775184,0.0935790693556978,0.07270928733473192,0.7530751451277977,-1.8220332700959059,0.7437026899030282,2.5270907075567317,3.5684205390198995,-1.2479085715261244,-1.9418848152774375,-2.9493394334584684,0.06076542714911178,-0.06716056047019871,-0.474418880268894,0.6791226969296048,-1.8488716845935274,0.7178635114791817,2.3577588764167547,2.6320959585438355,-0.1365879720981324,-0.16785585375581957,2.2722740220670152,1.0396155762378407,-2.046854510447912,0.23962257394444894,-1.8098192787710718,-1.8347912704231881,0.6401044050765329,2.6141248528547467,-2.498172600151953,-2.9324013240951965,0.7549488946992151,-1.754317349410997,-1.7569961157680163,0.7042679750753764,-0.34877441612980725,-1.5426309300531063,1.176342940906638,0.36811543454788637,0.8250753770218054,0.5927066251610924,2.467596175508003,-0.1647699631582507
0.18074255455410432,-0.927468750202362,-2.2441316038813146,6.447202590023589,-3.5815897248707964,-5.1204883667681,5.677494072355584,-14.664101066785323,2.9315905176013644,-2.9890261725760334,-0.10168536126285187,0.3071251166004743,-2.2722313922828032,2.5647379193610664,-0.5057753253130771,-0.4839670632275198,-2.7125951496700416,6.43206798998803,-2.182170097336861,-8.50987866828112,-11.899121892994541,4.765386783597951,6.679823513858901,10.13081342728876,-0.06716056047019871,0.15592964113471333,1.6924569482222656,-3.3118671860209425,6.100387526010149,-2.4553396711435505,-7.670029953598508,-9.201556987225649,0.5494792899060653,0.5093028950822742,-7.434108651143589,-2.649532945078814,6.833429297361537,-1.0326313220884034,6.390222824237955,5.65428107402081,-1.9687865857508875,-9.371564043444641,8.767781746859075,9.847423124502896,-2.3922386093550316,4.85052450650074,5.855239584031086,-2.8354634210749223,2.0018987780947226,4.682340166233804,-3.787301311008081,-1.697885583360861,-3.1157507333017684,-1.2930536646508857,-8.364851576243,0.25911388625754833
0.55285013629935,-11.70909344558609,-27.632909685292706,75.98773754597298,-44.363171467913524,-61.74318362878462,66.14989825413622,-178.7421393254109,35.76446604647591,-37.62689440589728,-2.0616467756247796,3.213330778766311,-28.30549703176816,30.785008210379555,-6.548084697197359,-6.421417699948015,-33.08528876868014,78.11431345871642,-25.514938876473078,-102.36728161909015,-142.95805663823276,58.697487476775,80.74433443840998,122.4195394834085,-0.474418880268894,1.6924569482222656,20.64459295757178,-42.36725708803467,73.11093160683505,-29.660957867875254,-91.65774968566242,-111.52385505336538,6.849810410943157,6.024520846484474,-88.95852542596668,-29.850537810167147,82.07468257577283,-13.006654576510481,77.61370890364503,66.75234793282793,-23.290755413524423,-114.166357285999,106.34389367567752,118.43990134684962,-28.43702587902094,55.84271482537752,70.38103270559725,-35.23368317331599,26.127166709867097,55.11301122372681,-45.1638874802113,-21.581219011996996,-38.322218152538305,-13.85271296834539,-100.83625463772026,2.4353133305522925
0.24157968772329186,24.372071326922768,56.98790615344107,-153.86025030208123,91.73903756088443,126.20141059986891,-133.29830919850917,367.11000691197614,-73.43317838427285,78.30542152657819,4.956336096407037,-6.143177846490717,58.6704701957716,-62.83608361470081,13.77996630146319,13.620147443296037,67.96180764656327,-160.21045144635806,51.4388396159382,209.13818853371282,291.7986237083826,-121.10709078424959,-165.24962518511316,-250.51227918537208,0.6791226969296048,-3.3118671860209425,-42.36725708803467,88.71256397970706,-149.09577581364505,60.671890446930284,186.68064925690004,228.55580695829636,-14.179006708277202,-12.183939621234972,181.2733618990737,59.18033725493679,-167.5516975246759,27.042308221808277,-159.1853681773829,-135.26825278541992,47.17808214723389,234.43391910333682,-218.01001067971836,-241.90810459022092,57.77625284588022,-111.84579127450324,-143.64247266625426,72.96204840399035,-55.11741224896424,-111.50967238296927,91.89831070806342,45.049674881628476,79.00057060532033,26.817311449566308,206.11240395373173,-4.344618491257845
2.774484707137407,-41.27399621340789,-97.74631859224782,270.446611842697,-156.80598396485834,-219.032754857961,235.82913578440616,-633.1578661442178,126.66182527671289,-132.7023819805755,-6.904791814993738,11.64151747934409,-99.97162634162004,109.28689232987914,-23.00849138530635,-22.487261884738,-117.18554486012799,276.8493828382876,-90.9032274002738,-363.2943760666036,-507.41075045420104,207.63103445739713,286.34979541762664,434.16654738155876,-1.8488716845935274,6.100387526010149,73.11093160683505,-149.09577581364505,259.59222423498,-105.19448688914844,-325.5758483831534,-395.3722106533681,24.18492383731978,21.42279570938612,-315.9245922957603,-106.92789379625846,291.3354899827893,-45.86068922393072,275.0702862321316,237.52382756092214,-82.83644832932013,-404.44474890577777,376.9709182125205,420.33119899839755,-101.08331203060166,199.408325454898,249.7798011334721,-124.48447235214766,91.70041424554937,196.1848745492485,-160.47200060167108,-76.00588825523634,-135.57982315813058,-50.00447533364943,-357.7353920386062,8.971530965423385
-0.9712654097575507,16.781764111683046,39.679707292266386,-109.47161073537185,63.678985923773325,88.79423259391106,-95.38542012204627,256.85883483866064,-51.38691825464867,53.94615674954097,2.8780164576306952,-4.673135830233223,40.61334127935204,-44.290820638097735,9.3698855844585065,9.171436828064833,47.54168819633928,-112.28516934500998,36.77617176515402,147.25370652002948,205.65123265523113,-84.288753047182,-116.10281539816542,-176.03257191320094,0.7178635114791817,-2.4553396711435505,-29.660957867875254,60.671890446930284,-105.19448688914844,42.65018055347454,131.90788307238566,160.3348523753901,-9.825535571985812,-8.673609248548477,128.00906494771152,43.14977636963132,-118.07474697901037,18.64395841786488,-111.56430889227181,-96.15569932437224,33.53888093699779,164.06870309760808,-152.87988091321245,-170.37074056725262,40.93984343570724,-80.58898550236269,-101.23790882013535,50.56357371659019,-37.36229322660219,-79.40476439613015,65.00662282147906,30.916775127248123,55.03404922389848,20.10731830585728,145.02064001780934,-3.5719362567695883
-3.66506315937558,51.698135663394346,122.50571363899954,-339.3382204431736,196.49211165794298,274.6674894359443,-295.9895888427224,793.7438904532528,-158.78898598455922,166.22051367427864,8.558529739360912,-14.655907122398396,125.25489074502478,-137.05824651836238,28.79929980736205,28.13202903077548,146.90559705417388,-347.09661679602766,114.08893917275557,455.58663069342185,636.3492766992892,-260.2177074143426,-359.0552870460759,-544.4073242043186,2.3577588764167547,-7.670029953598508,-91.65774968566242,186.68064925690004,-325.5758483831534,131.90788307238566,408.3633790045782,495.71739824708186,-30.303622633641545,-26.881437379463044,396.24560104681586,134.33535572733325,-365.3641966015165,57.447290529221284,-344.8658036657545,-298.01455230334716,103.9342982564818,507.02936732260554,-472.63639714850865,-527.1215695988152,126.80579295671676,-250.36853445965312,-313.2530075176519,155.97655451444305,-114.76070254219438,-246.170618155637,201.2886082840321,95.18444322579947,169.9269528793738,62.90818216481665,448.60050392905924,-11.33539169947801
-3.3511252221190704,63.1782360272021,149.2783893373102,-411.2006400023757,239.63183334516165,333.78353518820745,-358.1564022398552,965.9897806584694,-193.23256382382067,203.11505542264698,10.994968245746016,-17.469492327065538,152.86502478460454,-166.484477787768,35.31486896135653,34.58468484207783,178.79295533342514,-422.236012043859,138.07340112037295,553.5557160919734,772.9821918979375,-317.1272854082525,-436.5002525187846,-661.8074834712007,2.6320959585438355,-9.201556987225649,-111.52385505336538,228.55580695829636,-395.3722106533681,160.3348523753901,495.71739824708186,602.8871207095079,-36.96976848393661,-32.56459627080849,481.08070657318035,161.7782305519463,-443.83014647246694,70.17973533465174,-419.52391092074805,-361.2113544648541,125.96325506725933,617.0186716805164,-574.8721946857795,-640.4232574130408,153.81814023674687,-302.413641171856,-380.503086519596,190.30280633930388,-140.83612759169262,-298.23717366905845,244.27685178159717,116.42486224166366,207.03701212978746,75.24597853466186,545.1545057076504,-13.269473274113661
0.08483626485294296,-3.9090799631992184,-9.186059448711486,25.058258117827943,-14.764261032807195,-20.44631579439733,21.76732923581811,-59.311523328551274,11.867897362750757,-12.557943282671213,-0.734443369534674,1.0341094909015494,-9.429827774515408,10.187024982870204,-2.196104118561235,-2.1618650414295573,-10.979589796384118,25.903807302133625,-8.399752447183891,-33.887815851888554,-47.31036583352906,19.5153248526816,26.75197975527979,40.557457304098584,-0.1365879720981324,0.5494792899060653,6.849810410943157,-14.179006708277202,24.18492383731978,-9.825535571985812,-30.303622633641545,-36.96976848393661,2.281508460446006,1.9869176574146128,-29.418141909069387,-9.756182701670415,27.161768390372508,-4.340333130876611,25.738099335664053,22.019952163564696,-7.684021386000885,-37.8798947878017,35.25746794242108,39.205746677742276,-9.392146988055368,18.33045657796016,23.2924462175793,-11.732871564118076,8.773380265842501,18.169234521025647,-14.925956258107968,-7.213694722644819,-12.737088648841562,-4.481275944021148,-33.391310756031125,0.7631063756218183
0.2973501220665215,-3.3826002291020942,-8.033668599408584,22.37539654691055,-12.871793185898866,-18.06466714185844,19.541306874558018,-52.1152965980828,10.431869328064012,-10.86811069311038,-0.528209892468333,0.9826424074750976,-8.198911736582568,9.014353475622267,-1.875995697676529,-1.8297967070579868,-9.645993436068203,22.79717629101118,-7.537306692902536,-29.95552327417614,-41.864719197484625,17.05808722729203,23.601405625367676,35.78563624414206,-0.16785585375581957,0.5093028950822742,6.024520846484474,-12.183939621234972,21.42279570938612,-8.673609248548477,-26.881437379463044,-32.56459627080849,1.9869176574146128,1.7768303321361354,-26.08136331347495,-8.91755654036052,24.030921634838407,-3.7607164542113423,22.65110890186552,19.644759585975873,-6.858638785086521,-33.29147470298037,31.04489914913236,34.66760364288228,-8.354604189960492,16.567921150719364,20.614235953041057,-10.2123918908843,7.473160465638928,16.23769613659722,-13.25462168169688,-6.221256290215694,-11.144371320655404,-4.202311097038841,-29.50065710500285,0.7772748887567676
-3.4796663163724055,50.19402482820412,118.90913024352598,-329.21839430746604,190.73503213454612,266.5437423238834,-287.1252382352435,770.3561429729793,-154.1124963563303,161.3783148949221,8.344328760449772,-14.199422423796225,121.59236484955804,-132.99735397553007,27.968501621408272,27.327681949164102,142.578130609768,-336.8556883701241,110.67744742369446,442.0984624420197,617.502853261811,-252.57837466738945,-348.44431516580863,-528.3168061677184,2.2722740220670152,-7.434108651143589,-88.95852542596668,181.2733618990737,-315.9245922957603,128.00906494771152,396.24560104681586,481.08070657318035,-29.418141909069387,-26.08136331347495,384.49333633813944,130.26391824157417,-354.54154582277044,55.774658032570464,-334.69113031199515,-289.1321807083117,100.8398359865751,492.0865590489231,-458.68478909534224,-511.5155822937533,123.03601655535752,-242.83932166871858,-303.97798972302974,151.41160682224253,-111.45996577054163,-238.8260125826908,195.3111727704953,92.42159173199965,164.93608154790465,60.965752232530555,435.33059593533164,-10.968367439055681
-2.468722072676959,16.521412905089782,39.648105498864894,-112.46384501102939,63.368086389188605,89.9374176762263,-98.69176198622729,258.2931835546323,-51.68454205006738,53.14439993893018,2.121498360741123,-5.190095930643437,40.26759097516508,-44.96427101210987,9.066511197099976,8.753959827889004,47.794679529612424,-113.15971523505353,38.01081095341886,149.28484809514293,208.74596798756454,-84.17336248507334,-117.38140564091228,-178.0036278914551,1.0396155762378407,-2.649532945078814,-29.850537810167147,59.18033725493679,-106.92789379625846,43.14977636963132,134.33535572733325,161.7782305519463,-9.756182701670415,-8.91755654036052,130.26391824157417,45.67287067297435,-119.8364998155514,18.386165666922924,-112.43018285175039,-98.67084948762283,34.42038798889349,165.03761335795699,-154.1816565106867,-172.7789062895732,41.8429916602223,-84.09403679005445,-102.76608911535922,50.20868968786422,-35.997569647029835,-81.6600505849225,66.29583219889417,30.300077814222373,55.02602507479425,21.97891210398465,146.88931320033979,-4.2893385595214815
2.9821879341531394,-46.36797366074784,-109.7604558990648,303.41043418136405,-176.10470416257203,-245.84251178353782,264.5129245284873,-710.8337521836086,142.19629719594874,-149.08252621368825,-7.823176574671579,13.025040858429598,-112.28902656907066,122.6567616866211,-25.863645444075996,-25.287368478521273,-131.56240738154028,310.79234126402633,-101.95933322062791,-407.7578063534132,-569.4811358626794,233.1583219130511,321.42153993996914,487.3401129127689,-2.046854510447912,6.833429297361537,82.07468257577283,-167.5516975246759,291.3354899827893,-118.07474697901037,-365.3641966015165,-443.83014647246694,27.161768390372508,24.030921634838407,-354.54154582277044,-119.8364998155514,326.9784975254177,-51.51747286746132,308.79504706328225,266.48578713384563,-92.93215760078228,-454.0578860517676,423.1804953487713,471.7663646570182,-113.4223064322228,223.59216167450583,280.33104388360414,-139.8155585249273,103.0912776680608,220.0882353846573,-180.07437811744535,-85.3994740101881,-152.24120584565185,-55.97957424807513,-401.5244416898967,10.00622911810846
