V1,V2,V3,V4,V5,V6,V7,V8,V9,V10,V11,V12,V13,V14,V15,V16,V17,V18,V19,V20,V21,V22,V23,V24,V25,V26,V27,V28,V29,V30,V31,V32,V33,V34,V35,V36,V37,V38,V39,V40,V41,V42,V43,V44,V45,V46,V47,V48,V49,V50,V51,V52,V53,V54,V55,V56
1.075773802709296,0.28526901082192924,0.1628294707196128,1.6558664819781528,0.36371869464049034,-0.36967877262126797,1.9967726862787298,-0.10672916737606815,-0.09816400499519062,0.6937200215398477,0.4597093968791586,0.31817043911545123,0.3238915357752073,0.3418377916416567,0.2219078054998301,0.3455621224381592,0.011128019499675464,0.26368303309453317,-0.5949076461706646,-1.0021299290752694,-1.2767034535955286,-0.2789271150748026,0.4419413108730158,0.7053384925739838,-0.20785739730058422,0.15654312159657874,-0.093919202757651,1.2172998523233938,0.8096046096945891,-0.14153823175490474,-1.1631695563497615,-0.5468885237637114,-0.1293792982337104,0.04710545088828211,-1.0242468743765765,-1.4274822850974436,0.8417267495038709,0.3111568682610227,0.24724278723837542,1.4071381495169357,-0.3334196956959486,-0.12459964368048966,0.48110758448575275,1.061628913809499,-0.432276566385888,1.9437590638972613,0.5105260677326688,0.3406952622879391,-1.0759180975435467,1.2096887570450399,-0.6217140053733025,0.5931799004284521,0.19028835081432574,-1.1652768128369018,-0.6827048149075404,0.36054171717951083
0.28526901082192924,1.1441425837676669,2.5064341505102528,-6.282652749970867,4.022869968022589,5.426767098083085,-5.277298618200061,15.859981779101705,-3.259714900693936,3.530840797171386,0.2891666177211068,-0.20131924791948888,2.589733433082325,-2.624759045570329,0.6393968201254239,0.6828558040817636,2.953731130420825,-6.8487916307503,2.146432573548561,8.763716180506108,12.396218051856751,-5.264005142939075,-7.065522336004603,-10.69676825407505,-0.014153945785119006,-0.09199402228321982,-1.9125666844713924,4.1159475583823335,-6.272309082617995,2.618336788521688,7.8309393688921896,9.71339556123149,-0.666273121427434,-0.558674543047445,7.645165955121655,2.301345799806989,-7.0368791381173015,1.2756674043387177,-6.814302457118604,-5.5206191565343525,2.037195209086035,10.105468217962397,-9.269627408221584,-10.224084540942691,2.4215438446397046,-4.4737885789532434,-6.186483210568475,3.2010628288155423,-2.6411999060991773,-4.574337556790611,3.8507056377738276,2.1176797797636886,3.461207475619316,0.912411851440859,8.808169428841532,-0.15995214189208024
0.1628294707196128,2.5064341505102528,5.798497481951144,-15.38230798006803,9.350035969483459,12.742788736214433,-13.255786878638766,37.20399859437939,-7.453479952267615,8.030174888068892,0.5644695702872538,-0.5807603243695957,5.991823392129843,-6.326894430872835,1.426459087139314,1.4248972004286788,6.890750634423513,-16.209453733289042,5.13352629338561,21.075730645106606,29.41212883891575,-12.317011974128818,-16.694409133003116,-25.303921225800433,0.04146843688512863,-0.31639125516178407,-4.30357996599674,9.15254274472275,-15.009466148158088,6.130816573157965,18.772870331874415,23.103319242808716,-1.4528052716869704,-1.2262405816183717,18.241684804782313,5.809102425446775,-16.878158927191496,2.7798212316548616,-16.107228957999737,-13.530856453446738,4.734652729965457,23.751536219153078,-22.042899484600632,-24.386420064309913,5.799665150129794,-11.080291568794157,-14.490117937501026,7.443637310828389,-5.727471165460463,-11.145465923216936,9.234553398475295,4.642322948822709,8.034024096606771,2.565578005329934,20.803743876173353,-0.3897919165542417
1.6558664819781528,-6.282652749970867,-15.38230798006803,45.03155924120674,-24.490529654413294,-35.414379784074185,39.84990437169133,-100.96748076688233,20.168513196707156,-20.28842562804659,-0.501787733792709,2.2442663438628494,-15.49824766285034,17.779092845982714,-3.3890494404837788,-3.2012891662409513,-18.670388224742467,44.361194459993754,-15.284000048839006,-58.9374738126949,-82.43391593930643,32.666357978079674,46.157445572280864,70.0144016833315,-0.5467559124226088,1.1272857397776272,11.640863295518196,-22.310421599515625,42.310092914653104,-16.96806396363197,-53.26019104545715,-63.52010429831859,3.742375175905796,3.54573893644622,-51.58981995387818,-18.836220961446745,47.3542290762771,-7.001358679695475,44.06984831574766,39.46817738041489,-13.719513570500341,-64.54384802832881,60.50727185415938,68.1956054453149,-16.646535914061925,34.195286571163976,40.546351668550265,-19.362387033006897,13.356453714960823,32.71936781354528,-26.321125126996762,-11.46721512518507,-21.368242849699094,-9.37122054652823,-57.865364255142495,1.9544233562370144
0.36371869464049034,4.022869968022589,9.350035969483459,-24.490529654413294,15.172957671902383,20.33576770197505,-21.100882019984617,59.86157566696299,-11.874681758257223,13.06847159395769,1.0493663620348832,-0.8663655695150198,9.746205575030846,-10.166036583968156,2.347613957095803,2.3139558881541813,11.067949303994824,-26.099926701609803,8.040172576053132,33.89291796334147,46.99663417455116,-19.958193124349663,-26.76266055067644,-40.57317379762548,0.025268192466358533,-0.520233199864613,-6.808972565158115,14.92203434154145,-24.01685437966293,9.78716388556536,29.98874681008251,37.2147907474021,-2.305542665571463,-1.8699002229767454,29.117983070821733,8.974371587823148,-27.08024598761682,4.443871079531267,-25.923922263326322,-21.582417701923088,7.4040032120091475,38.22986454635244,-35.52396361186487,-39.08415096532019,9.220350094918333,-17.351143679738367,-23.04115259698045,12.110281630038829,-9.36206448706583,-17.6905168038691,14.728166388945285,7.4891396836313415,12.961389958279092,3.905676995907009,33.27150846576519,-0.44719180423198107
-0.36967877262126797,5.426767098083085,12.742788736214433,-35.414379784074185,20.33576770197505,28.734606843786924,-30.823081974480882,82.5762395051467,-16.676177747902052,17.204014578156276,0.778132310200555,-1.5671717118655049,12.946599983752714,-14.23526091709242,2.9611949319584245,2.9445946933068323,15.310231165393855,-36.060230940817036,12.061033252834726,47.301080926150505,66.44750086447854,-26.942261175204955,-37.42363858571551,-56.7276456923179,0.2692700551131441,-0.7651718759696964,-9.687591914335265,19.34080837856362,-33.936037614408654,13.800477405905736,42.60641974357396,51.46192227325012,-3.207725747813223,-2.915119905811319,41.38218383432438,14.24769061002359,-38.00395533984247,6.050883687641712,-35.84400349888261,-31.060391957702727,11.030247094141757,52.725069106459465,-49.050012062685624,-54.90001508098776,13.27425135519834,-26.382487831783404,-32.859424737964716,16.111533571676404,-11.898789431090231,-25.755224341119646,21.02342441482703,9.954296298455786,17.663147008654207,6.6678130683889005,46.83482783602914,-1.3508942226520095
1.9967726862787298,-5.277298618200061,-13.255786878638766,39.84990437169133,-21.100882019984617,-30.823081974480882,35.57216385978792,-87.60992677594749,17.362568535108316,-17.278265745273806,-0.25233854582881826,2.089734124143873,-13.3131422928146,15.605061899101226,-2.8412753273476246,-2.5889929974020456,-16.171331126854575,38.628317636391245,-13.46753483075518,-51.67162963661536,-72.02298166245437,28.245631553586307,40.22008940582166,61.03353293260896,-0.569780921854883,1.0742372627139276,9.972182381724922,-18.757374923453167,37.075813144952164,-14.749357034993022,-46.72575432822424,-55.417357610774665,3.151675659334102,3.041478654831974,-45.187897164654274,-16.938599380557253,41.50110183293451,-5.874585358825721,38.359555969311764,34.9238263602939,-11.963436626479549,-56.04526596044046,52.77604331227637,59.65450274010707,-14.618412791398878,30.492975422838924,35.29229693618907,-16.670419971563106,11.046335388799617,28.926762936915217,-23.105374117587015,-9.612539064460192,-18.438676930611134,-8.667934972572104,-50.450611089144104,1.7975672912180842
-0.10672916737606815,15.859981779101705,37.20399859437939,-100.96748076688233,59.86157566696299,82.5762395051467,-87.60992677594749,239.9496290273702,-47.97435890409705,51.001582472530885,3.1212015646714755,-4.095029831649869,38.260539563996026,-41.14949530460646,8.94971651506301,8.817003821134886,44.414592852198005,-104.7677902811632,33.77229068821807,136.92438769716583,191.02874251591098,-79.0748960708158,-108.11008568786788,-163.89893600918157,0.4960795266499138,-2.20166009980912,-27.672182312058013,57.6744145943826,-97.64320041662393,39.68997431188597,122.29617773679857,149.50189727200768,-9.237037632994694,-7.979330994178247,118.72955707763364,39.04025648064979,-109.70990210267418,17.599848906375502,-104.09451793667056,-88.75313588804788,30.924289249113684,153.24307385004792,-142.59310935440186,-158.36231197858865,37.86940342218822,-73.58938987426019,-94.01410012571489,47.59530102407733,-35.754917688819205,-73.1808735268366,60.21643926484256,29.298028067595727,51.58294937399765,17.81865403433765,134.8790969921188,-2.9354410998008365
-0.09816400499519062,-3.259714900693936,-7.453479952267615,20.168513196707156,-11.874681758257223,-16.676177747902052,17.362568535108316,-47.97435890409705,9.798329793004944,-10.156870338061841,-0.5295059528805257,0.840641880274064,-7.578287988264162,8.166488964173098,-1.7680208259184358,-1.8192330908787218,-8.916718859965664,20.863926752158076,-6.934271726853354,-27.165508573557354,-38.382381395205115,15.679895490323897,21.663242118943067,32.820350454872894,-0.10872409865018957,0.3842481400782275,5.732114583208396,-11.552691327844967,19.528452002900888,-8.019799671539182,-24.495707212400582,-29.707653859922285,1.9283855734244522,1.7384914750756313,-23.841314701821894,-8.006333685871201,21.849599232275658,-3.642514819685445,20.75059885245891,17.681906866040777,-6.422147198086906,-30.60437498312252,28.319150421703835,31.641884546681112,-7.633001137534018,14.943850556112327,19.087290516858268,-9.407936066588897,7.205303934579975,14.696935207992118,-12.083973202070368,-5.98143523554002,-10.315411848010388,-3.6027681771946343,-27.11164833544378,0.765217643794277
0.6937200215398477,3.530840797171386,8.030174888068892,-20.28842562804659,13.06847159395769,17.204014578156276,-17.278265745273806,51.001582472530885,-10.156870338061841,11.391787580115002,1.060779198408205,-0.624375064810863,8.427049473397746,-8.5462066023549,2.0815057270596666,2.0959441198606266,9.440382048557106,-22.160268238077652,6.639481712360977,28.54218567047457,39.6105692439162,-17.11871705330172,-22.659649257895783,-34.340462897135886,-0.05301273975335013,-0.38831067088481336,-5.836238301826185,13.158730663934511,-20.18738633416586,8.292793517419486,25.151935916962046,31.537115603721602,-2.010855127831498,-1.5753178885576842,24.458397020654065,7.13750450273339,-22.789113562472313,3.8986566605198147,-22.015929208835985,-17.898569653670133,6.189800168741402,32.551705811166656,-30.11924161819443,-32.94437601212593,7.705769296695793,-14.094274699174148,-19.458366049012536,10.449300946515649,-8.366870022451774,-14.649110361998035,12.33428007532158,6.596102561098926,11.119275688812825,2.9120393873540924,28.121540838338472,-0.24949268182129022
0.4597093968791586,0.2891666177211068,0.5644695702872538,-0.501787733792709,1.0493663620348832,0.778132310200555,-0.25233854582881826,3.1212015646714755,-0.5295059528805257,1.060779198408205,0.34815261015141025,0.12534884295642457,0.7261644744012635,-0.4152767128943494,0.2482585930056904,0.251237017988989,0.5659011539717697,-1.314014763406688,0.0049179557138105245,1.4575009540306747,1.731655159739979,-1.2875219507124205,-1.1680786585835445,-1.7692806383006865,-0.10713375713731538,0.008890466341518383,-0.2639679642608003,1.3708628964666492,-0.8728881257171263,0.3891644663307892,0.9891642895620207,1.8365319462456142,-0.12703511225249572,0.026466561091652265,0.9688790076743055,-0.3661585142516167,-1.0850657569229964,0.2991185858175856,-1.2974868972029698,-0.5011482521470859,0.058005422019669156,1.9902832838214164,-1.7842266813120637,-1.5673536605019385,0.23328961614094287,0.196000260676889,-0.7636282100556194,0.8860001114911219,-0.9818336363955406,-0.2993414862257037,0.4448054157954998,0.5984261140154179,0.7785971545916104,-0.39156641438984513,1.326363180490957,0.2803578725308978
0.31817043911545123,-0.20131924791948888,-0.5807603243695957,2.2442663438628494,-0.8663655695150198,-1.5671717118655049,2.089734124143873,-4.095029831649869,0.840641880274064,-0.624375064810863,0.12534884295642457,0.17975656419921832,-0.5204685528131122,0.7901046246054769,-0.07259728445190074,-0.05288074282637592,-0.7587124410549461,1.834509240081679,-0.8196298855529224,-2.5823214929979827,-3.705471934846756,1.2084953373833767,1.9880030006772789,3.018971178861104,-0.0791464207820815,0.07191265268124922,0.49640977601209924,-0.5843634654036468,1.9186510017758405,-0.7427662167034025,-2.4626659239257616,-2.6544530049974804,0.13809287616458102,0.19266495308541448,-2.3742311978690536,-1.1864585436945554,2.106356894693545,-0.2325975367099272,1.8240064197042738,1.94315411004766,-0.7028872346542517,-2.6236170499134137,2.5139130748827925,3.0206347890470706,-0.8002549689948868,1.9486624706628968,1.8434353520036797,-0.6620956798391368,0.2700486201076098,1.6530288921639618,-1.2352942644807432,-0.3383774653749692,-0.81128292716566075,-0.6942639337714092,-2.5480981472303803,0.2201500871319684
0.3238915357752073,2.589733433082325,5.991823392129843,-15.49824766285034,9.746205575030846,12.946599983752714,-13.3131422928146,38.260539563996026,-7.578287988264162,8.427049473397746,0.7261644744012635,-0.5204685528131122,6.2705020482183045,-6.472827256650816,1.524896976394546,1.5067275366462871,7.073033787348083,-16.669823660684024,5.0620488983134235,21.59446084072157,29.900671243945574,-12.801339736522703,-17.061616226053847,-25.865004844933036,-0.005111059675753503,-0.32360317214727563,-4.3400144026229635,9.656074973544044,-15.275060295595281,6.233911441328484,19.054320912585805,23.759404829114644,-1.4774326563906315,-1.174891527177078,18.50459088501688,5.576191436979666,-17.240598304036922,2.8575745844539693,-16.556624654672653,-13.66815464670368,4.674326049445817,24.43288247840348,-22.685693795614394,-24.88639247626371,5.845830611588099,-10.877984128134507,-14.648602752046887,7.787647677240666,-6.083715438086264,-11.184886719621327,9.350559765867319,4.831883186252561,8.304711773519978,2.3790742363172903,21.188638659537308,-0.23090242342659528
0.3418377916416567,-2.624759045570329,-6.326894430872835,17.779092845982714,-10.166036583968156,-14.23526091709242,15.605061899101226,-41.14949530460646,8.166488964173098,-8.5462066023549,-0.4152767128943494,0.7901046246054769,-6.472827256650816,7.157356071943843,-1.4727980368481008,-1.4046648706252018,-7.60317546804684,18.039723886088343,-5.934507923023573,-23.77816663331962,-33.07719391651552,13.487436617058753,18.646695867883267,28.28205457525235,-0.14332182344429403,0.42931333233374197,4.689554594732701,-9.5318234172858,16.963788187367726,-6.83124382121775,-21.28486092567826,-25.799588595698804,1.535405083996516,1.36253501398291,-20.62633735891223,-7.073377023529925,19.05254554131194,-2.910967208764,17.91683753676734,15.620460510617342,-5.36423729080882,-26.300620090847698,24.59769017011141,27.444486416798,-6.605453321813363,13.138031995010563,16.219754161766453,-8.072363903110192,5.811648478259097,12.878851519386732,-10.491408654898146,-4.834846222589422,-8.784766529480727,-3.382226655306626,-23.290632252404368,0.5834759673557222
0.2219078054998301,0.6393968201254239,1.426459087139314,-3.3890494404837788,2.347613957095803,2.9611949319584245,-2.8412753273476246,8.94971651506301,-1.7680208259184358,2.0815057270596666,0.2482585930056904,-0.07259728445190074,1.524896976394546,-1.4727980368481008,0.39241438737248036,0.39803261611540997,1.655101985907925,-3.876161200719683,1.0786635241241531,4.934834953314576,6.797551455775084,-3.054904296658581,-3.9275177943664596,-5.951154702516638,-0.032921621513266205,-0.058739859685245484,-1.009337293660744,2.440163129243657,-3.459108663136169,1.4307476855550298,4.288330319803279,5.5064081545112,-0.35650114145044254,-0.252903792242386,4.173701997660433,1.0741358215764087,-3.9247932941715815,0.7022323617698265,-3.8497962005543656,-3.0017399806821845,1.020237198631245,5.710559652226437,-5.265320806809352,-5.676938670987433,1.2993377339581225,-2.2369756723288154,-3.325798659239142,1.8868475383732293,-1.5783758870540399,-2.435160426528013,2.09443897748232,1.206506514288806,1.9738675484684127,0.38101512088381867,4.848619607539697,0.01838750840480576
0.3455621224381592,0.6828558040817636,1.4248972004286788,-3.2012891662409513,2.3139558881541813,2.9445946933068323,-2.5889929974020456,8.817003821134886,-1.8192330908787218,2.0959441198606266,0.251237017988989,-0.05288074282637592,1.5067275366462871,-1.4046648706252018,0.39803261611540997,0.439128292286755,1.6450911486243993,-3.7738364532377364,1.0749775857303399,4.715887791369232,6.6614338812846094,-2.992668845418763,-3.852939014788907,-5.828071861001152,-0.04625747915404736,-0.026845051206186334,-1.0683950540201934,2.5124777389073767,-3.34730156812491,1.4270773485532802,4.1488075097569705,5.325598886577172,-0.38884341022744534,-0.2925013775947155,4.06631945421731,1.0089221117466247,-3.7739534007227156,0.7583726722770153,-3.7561369435136696,-2.824995836756854,1.0574346399777945,5.610048705267441,-5.090836039737251,-5.505209717638073,1.2663441587518476,-2.123460167683254,-3.3334379723878587,1.8529964222724773,-1.662642564444985,-2.324452554402515,2.0294423366266092,1.2786313878644064,1.9627243753935826,0.2940858220506623,4.77327860681482,-0.010993528373579925
0.011128019499675464,2.953731130420825,6.890750634423513,-18.670388224742467,11.067949303994824,15.310231165393855,-16.171331126854575,44.414592852198005,-8.916718859965664,9.440382048557106,0.5659011539717697,-0.7587124410549461,7.073033787348083,-7.60317546804684,1.655101985907925,1.6450911486243993,8.227747132038393,-19.376126643835658,6.276963869487652,25.299398401720172,35.380396596622475,-14.617381927541834,-20.01565439387379,-30.340353982330036,0.09148152756833149,-0.39641084428221135,-5.157435429061077,10.69115886815636,-18.067417484455948,7.359896947620407,22.633951046777717,27.63662076982243,-1.7250671624848486,-1.5011620347248258,21.985185288142986,7.247328300039932,-20.28496810573485,3.282070323039877,-19.25535869782973,-16.40417869519488,5.762128624889092,28.358768004341645,-26.357199228848334,-29.29980441088764,7.01620653460862,-13.64266112247337,-17.447430514116636,8.794786732604855,-6.6384257317174855,-13.545697237871424,11.147986837157944,5.450147481789722,9.550371755831025,3.294012281461271,24.984937372010446,-0.57056193485792694
0.26368303309453317,-6.8487916307503,-16.209453733289042,44.361194459993754,-26.099926701609803,-36.060230940817036,38.628317636391245,-104.7677902811632,20.863926752158076,-22.160268238077652,-1.314014763406688,1.834509240081679,-16.669823660684024,18.039723886088343,-3.876161200719683,-3.7738364532377364,-19.376126643835658,45.80581826525352,-14.787984533000095,-60.006626384115044,-83.55065507787197,34.51271712397946,47.25500666195,71.65298217567138,-0.248582599631822,1.0044335688706052,12.00390763130524,-24.96660082149911,42.76027630818227,-17.324828474307854,-53.57033728551499,-65.41250897174616,3.9859273757709746,3.447826013708157,-51.97215531816678,-17.221915158994026,48.061168668629875,-7.593330079992002,45.50261766116859,39.00077783656669,-13.483379050170868,-66.92956576975175,62.387571695325526,69.31753821847899,-16.585820125216717,32.38204495214861,41.039367306248096,-20.75322669898768,15.410798663849762,32.13049329940486,-26.378404364492123,-12.65277813552567,-22.48591509012846,-7.962368277249718,-58.95223609841568,1.2879054715144171
-0.5949076461706646,2.146432573548561,5.13352629338561,-15.284000048839006,8.040172576053132,12.061033252834726,-13.46753483075518,33.77229068821807,-6.934271726853354,6.639481712360977,0.0049179557138105245,-0.8196298855529224,5.0620488983134235,-5.934507923023573,1.0786635241241531,1.0749775857303399,6.276963869487652,-14.787984533000095,5.380136233418412,19.64411325897118,27.939024817343995,-10.75012663167768,-15.545808018180981,-23.564134059851977,0.22330970822305712,-0.34445061339270167,-4.076792256815495,7.298926072810776,-14.272399007100672,5.778195002686781,18.02424018655727,21.135706681416593,-1.313248358456138,-1.3352235899193445,17.50360080444784,6.710699789024387,-15.872444325449147,2.4176807329199717,-14.709324162048128,-13.342500879980518,4.875224303862532,21.563292888473846,-20.111423528372786,-22.937890310113,5.6913172087686865,-11.952570432102522,-13.921760484310765,6.314838112210215,-4.361453908846262,-11.184828626235475,8.937136796992904,3.868731963434319,7.117826302858455,3.34698894197443,19.59211074615097,-0.8850332092932605
-1.0021299290752694,8.763716180506108,21.075730645106606,-58.9374738126949,33.89291796334147,47.301080926150505,-51.67162963661536,136.92438769716583,-27.165508573557354,28.54218567047457,1.4575009540306747,-2.5823214929979827,21.59446084072157,-23.77816663331962,4.934834953314576,4.715887791369232,25.299398401720172,-60.006626384115044,19.64411325897118,79.01586876962159,109.87489630277364,-44.93866671142096,-61.98592877002006,-94.01379182740065,0.44687968609044976,-1.4136488574904988,-15.595019675168997,31.88752299657693,-56.33929876760236,22.703251624311083,70.66518309870902,85.80288173215972,-5.117649228667161,-4.510341566488657,68.48596352335746,23.31579101692507,-63.29690131502519,9.71567512704647,-59.59759075042365,-51.79385517600188,17.775720412040936,87.5110981126349,-81.81332904738329,-91.18560230903246,21.914189391872686,-43.42226393017239,-53.870394194253606,26.924278064766657,-19.483256616930596,-42.68221544973902,34.82169674799629,16.1572651806672,29.260448260241247,11.08818344441048,77.39488803284027,-1.869820021487635
-1.2767034535955286,12.396218051856751,29.41212883891575,-82.43391593930643,46.99663417455116,66.44750086447854,-72.02298166245437,191.02874251591098,-38.382381395205115,39.6105692439162,1.731655159739979,-3.705471934846756,29.900671243945574,-33.07719391651552,6.797551455775084,6.6614338812846094,35.380396596622475,-83.55065507787197,27.939024817343995,109.87489630277364,153.93662624324517,-62.33106751236812,-86.65792116737597,-131.3858876826452,0.6791658696261389,-1.8608404611913207,-22.224787780360376,44.344987095048836,-78.73628914738627,31.898493363640956,98.86950988930303,119.33814481713641,-7.316943815560721,-6.646861681058461,95.95014709817784,33.237366804835595,-88.2254397990083,13.80494324218928,-83.02908960001295,-72.32134014498862,25.430640590438067,122.01588846568366,-113.74483906783036,-127.32284135921756,30.787988471772074,-61.43994906231284,-75.93559861939498,37.24414474927295,-27.148190742059548,-59.8912859921528,48.78269088246167,22.74695015562597,40.794292897935044,15.748619031331193,108.4253435192428,-3.097846249867487
-0.2789271150748026,-5.264005142939075,-12.317011974128818,32.666357978079674,-19.958193124349663,-26.942261175204955,28.245631553586307,-79.0748960708158,15.679895490323897,-17.11871705330172,-1.2875219507124205,1.2084953373833767,-12.801339736522703,13.487436617058753,-3.054904296658581,-2.992668845418763,-14.617381927541834,34.51271712397946,-10.75012663167768,-44.93866671142096,-62.33106751236812,26.291278964124526,35.43399936103963,53.724323554166695,-0.07503746565951613,0.7130987517979859,8.990283358962866,-19.46878447562729,31.87657498124662,-12.959904573331032,-39.83580595926988,-49.23837603375316,3.0261174396069404,2.490665177835975,-38.6634858811014,-12.149056859878213,35.92075128385899,-5.817865354018549,34.278896501910765,28.773225295796248,-9.863372814095579,-50.5083857486949,46.99195888423589,51.82195779519419,-12.266618634068845,23.31544652479733,30.553109832462287,-15.91698913529496,12.156913654439759,23.605526713546826,-19.576109109343935,-9.784033123606646,-17.079698991631556,-5.3902579548087735,-44.085029353460364,0.6763780864947998
0.4419413108730158,-7.065522336004603,-16.694409133003116,46.157445572280864,-26.76266055067644,-37.42363858571551,40.22008940582166,-108.11008568786788,21.663242118943067,-22.659649257895783,-1.1680786585835445,1.9880030006772789,-17.061616226053847,18.646695867883267,-3.9275177943664596,-3.852939014788907,-20.01565439387379,47.25500666195,-15.545808018180981,-61.98592877002006,-86.65792116737597,35.43399936103963,48.897332800811164,74.13455617171688,-0.31504876618812067,1.0305227406204787,12.518216455547,-25.47485488455074,44.317413040247374,-17.974516143513373,-55.58665119538949,-67.47274803007191,4.144672920573301,3.681489713374909,-53.950091626688874,-18.2761250047324,49.72181280609312,-7.854878681971357,46.955022057662106,40.53110193662025,-14.180868673933059,-69.0514937112338,64.33026885824873,71.75629800207328,-17.26555557325672,34.06648024654935,42.693038108234205,-21.241176919107062,15.678981885872151,33.49627949725299,-27.401211283633526,-13.00520703281119,-23.152558457304277,-8.532312001572281,-61.09994244712609,1.5579590968731964
0.7053384925739838,-10.69676825407505,-25.303921225800433,70.0144016833315,-40.57317379762548,-56.7276456923179,61.03353293260896,-163.89893600918157,32.820350454872894,-34.340462897135886,-1.7692806383006865,3.018971178861104,-25.865004844933036,28.28205457525235,-5.951154702516638,-5.828071861001152,-30.340353982330036,71.65298217567138,-23.564134059851977,-94.01379182740065,-131.3858876826452,53.724323554166695,74.13455617171688,112.40023938408416,-0.48139958812465194,1.571022738536569,18.95711834266748,-38.590852374859146,67.20353078648877,-27.24499360508636,-84.29227785760882,-102.31910486931193,6.272894313483922,5.5689339609181845,-81.80263448665002,-27.720325216273665,75.40593198303175,-11.889583183402175,71.19581056593584,61.48334240868013,-21.483665771939467,-104.68914344570013,97.55422051582313,108.80942441229497,-26.17884998233915,51.66761600985671,64.70774793651503,-32.20431947839596,23.740100171325608,50.80202158708922,-41.550507999821654,-19.691222934188698,-35.09517859599402,-12.957618778886056,-92.63036915524586,2.3534062917013716
-0.20785739730058422,-0.014153945785119006,0.04146843688512863,-0.5467559124226088,0.025268192466358533,0.2692700551131441,-0.569780921854883,0.4960795266499138,-0.10872409865018957,-0.05301273975335013,-0.10713375713731538,-0.0791464207820815,-0.005111059675753503,-0.14332182344429403,-0.032921621513266205,-0.04625747915404736,0.09148152756833149,-0.248582599631822,0.22330970822305712,0.44687968609044976,0.6791658696261389,-0.07503746565951613,-0.31504876618812067,-0.48139958812465194,0.04661007761240176,-0.02805773890055889,-0.06835878295324702,-0.14033066440580833,-0.3651475763215391,0.12250542581198517,0.49510816506392397,0.3799172146607484,-0.004578315370699342,-0.049857507825713854,0.46855323799221194,0.41318359682916667,-0.38033378726827455,-0.010293601187011519,-0.247387226842806,-0.462462820843893,0.17196619428859936,0.32296617527227456,-0.3511590596787176,-0.53387446051896,0.17664446933410885,-0.595707848892531,-0.3426176143199705,0.003561942899834964,0.14774211269257373,-0.4116012806544787,0.2579884627758015,-0.046934497912873324,0.061834358689588705,0.2886878890609024,0.4350888508321314,-0.11221275873041736
0.15654312159657874,-0.09199402228321982,-0.31639125516178407,1.1272857397776272,-0.520233199864613,-0.7651718759696964,1.0742372627139276,-2.20166009980912,0.3842481400782275,-0.38831067088481336,0.008890466341518383,0.07191265268124922,-0.32360317214727563,0.42931333233374197,-0.058739859685245484,-0.026845051206186334,-0.39641084428221135,1.0044335688706052,-0.34445061339270167,-1.4136488574904988,-1.8608404611913207,0.7130987517979859,1.0305227406204787,1.571022738536569,-0.02805773890055889,0.05042988116936723,0.20100909722123822,-0.37275172869735074,0.9884717815289208,-0.36246090543882864,-1.24895495864187,-1.4671573513838787,0.052099729722997846,0.049915830633012234,-1.1876799398193376,-0.49064047115184695,1.120746329021645,-0.09770816435276221,0.9920256635902449,0.9943402540083668,-0.27500958681344456,-1.4198491304688523,1.397530811688726,1.5784320461730876,-0.3860015418253946,0.8629665717258793,0.8618784877196911,-0.41402947124880674,0.18310743635514246,0.8024439612707195,-0.6164134288529021,-0.16988048811423326,-0.4467660093811731,-0.29710895546184934,-1.284883171851113,0.035237638584567334
-0.093919202757651,-1.9125666844713924,-4.30357996599674,11.640863295518196,-6.808972565158115,-9.687591914335265,9.972182381724922,-27.672182312058013,5.732114583208396,-5.836238301826185,-0.2639679642608003,0.49640977601209924,-4.3400144026229635,4.689554594732701,-1.009337293660744,-1.0683950540201934,-5.157435429061077,12.00390763130524,-4.076792256815495,-15.595019675168997,-22.224787780360376,8.990283358962866,12.518216455547,18.95711834266748,-0.06835878295324702,0.20100909722123822,3.3840029803453326,-6.660896739461124,11.273650383805917,-4.660317144869626,-14.157031636328124,-17.067994265301042,1.143261892276108,1.0596015572877868,-13.801454023540863,-4.710146702192821,12.57674100821731,-2.1468819517578197,11.94675529428715,10.186802314445508,-3.801616006028594,-17.63998432146994,16.263664837245166,18.252441649331832,-4.4308653219824645,8.728173321784205,11.128580166772705,-5.380721084750074,4.1684946429230205,8.513923549962128,-6.9931823394396595,-3.49341010400629,-5.94898608842974,-2.1045142634320104,-15.700992021703096,0.5149437003332787
1.2172998523233938,4.1159475583823335,9.15254274472275,-22.310421599515625,14.92203434154145,19.34080837856362,-18.757374923453167,57.6744145943826,-11.552691327844967,13.158730663934511,1.3708628964666492,-0.5843634654036468,9.656074973544044,-9.5318234172858,2.440163129243657,2.5124777389073767,10.69115886815636,-24.96660082149911,7.298926072810776,31.88752299657693,44.344987095048836,-19.46878447562729,-25.47485488455074,-38.590852374859146,-0.14033066440580833,-0.37275172869735074,-6.660896739461124,15.369082173992599,-22.529269878161504,9.337581906739338,28.012997681712633,35.45743664823573,-2.3342105688519723,-1.7783702625297229,27.28821770806808,7.538899208893131,-25.452026246922287,4.545680895244006,-24.811688281724578,-19.698826181052382,6.897932138684284,36.78525751763922,-33.87784100460722,-36.864630262535364,8.557346048282145,-15.212760606599726,-21.849128336148862,11.947525591661117,-9.894588246043757,-16.11132364485464,13.719506767128749,7.7085417329942505,12.657844074295854,2.843884815055544,31.571216331546786,-0.15891646160276204
0.8096046096945891,-6.272309082617995,-15.009466148158088,42.310092914653104,-24.01685437966293,-33.936037614408654,37.075813144952164,-97.64320041662393,19.528452002900888,-20.18738633416586,-0.8728881257171263,1.9186510017758405,-15.275060295595281,16.963788187367726,-3.459108663136169,-3.34730156812491,-18.067417484455948,42.76027630818227,-14.272399007100672,-56.33929876760236,-78.73628914738627,31.87657498124662,44.317413040247374,67.20353078648877,-0.3651475763215391,0.9884717815289208,11.273650383805917,-22.529269878161504,40.32293882305913,-16.285709385178137,-50.635079113748944,-61.11806863303744,3.6952955536492578,3.347942707565734,-49.10640262517137,-17.059852115257094,45.210573061965704,-6.976413078582356,42.48398693168434,37.13262211108177,-12.941529114740689,-62.386500457097156,58.25529873842672,65.19106676010388,-15.757029259343513,31.516193368080213,38.752972130328494,-19.040321026960367,13.741672561070756,30.710728905182656,-24.979996723484568,-11.517167648772043,-20.828741175488677,-8.154979620453554,-55.431085484053625,1.5534260845304264
-0.14153823175490474,2.618336788521688,6.130816573157965,-16.96806396363197,9.78716388556536,13.800477405905736,-14.749357034993022,39.68997431188597,-8.019799671539182,8.292793517419486,0.3891644663307892,-0.7427662167034025,6.233911441328484,-6.83124382121775,1.4307476855550298,1.4270773485532802,7.359896947620407,-17.324828474307854,5.778195002686781,22.703251624311083,31.898493363640956,-12.959904573331032,-17.974516143513373,-27.24499360508636,0.12250542581198517,-0.36246090543882864,-4.660317144869626,9.337581906739338,-16.285709385178137,6.629257798117034,20.4417856420082,24.718604891326393,-1.5464509330438316,-1.4000385272998221,19.85807700846382,6.801559051965085,-18.239856332523363,2.919245628965518,-17.22142385788439,-14.883370658406273,5.291599316680174,25.340204297087336,-23.561358062216108,-26.354388702743464,6.366525365921461,-12.617533686838273,-15.778844604746844,7.755735118756838,-5.755685812591635,-12.340089805706887,10.085118308980814,4.805012620246832,8.496899974678628,3.1663843148987687,22.490601484728067,-0.6377488791813349
-1.1631695563497615,7.8309393688921896,18.772870331874415,-53.26019104545715,29.98874681008251,42.60641974357396,-46.72575432822424,122.29617773679857,-24.495707212400582,25.151935916962046,0.9891642895620207,-2.4626659239257616,19.054320912585805,-21.28486092567826,4.288330319803279,4.1488075097569705,22.633951046777717,-53.57033728551499,18.02424018655727,70.66518309870902,98.86950988930303,-39.83580595926988,-55.58665119538949,-84.29227785760882,0.49510816506392397,-1.24895495864187,-14.157031636328124,28.012997681712633,-50.635079113748944,20.4417856420082,63.619386007435246,76.58007565005289,-4.628192657320761,-4.24007357796252,61.69768215399271,21.661192603801656,-56.73608839609281,8.71790897594062,-53.22738633134786,-46.722067557481694,16.329117889238002,78.13798763018895,-72.98188738269673,-81.81270644201544,19.822673599765498,-39.86055513607308,-48.69679165490756,23.756569568760266,-17.041987203767906,-38.68192219016813,31.399964142710402,14.356522152871547,26.052122803734566,10.420958142717334,69.5716269028695,-2.055608102189961
-0.5468885237637114,9.71339556123149,23.103319242808716,-63.52010429831859,37.2147907474021,51.46192227325012,-55.417357610774665,149.50189727200768,-29.707653859922285,31.537115603721602,1.8365319462456142,-2.6544530049974804,23.759404829114644,-25.799588595698804,5.5064081545112,5.325598886577172,27.63662076982243,-65.41250897174616,21.135706681416593,85.80288173215972,119.33814481713641,-49.23837603375316,-67.47274803007191,-102.31910486931193,0.3799172146607484,-1.4671573513838787,-17.067994265301042,35.45743664823573,-61.11806863303744,24.718604891326393,76.58007565005289,93.44952893075438,-5.6508425402304185,-4.891783831996133,74.26740500239241,24.714215062150632,-68.70758504372078,10.764020218083862,-64.97265808725024,-55.84927263803866,19.22605054238081,95.5229844935245,-89.12640536140157,-99.0508734241995,23.708017265465173,-46.4066120703473,-58.55553009161218,29.592290197846854,-21.833127607970365,-45.98980774492512,37.70964092178593,17.94577571809838,32.05831735958913,11.505684449100738,84.17190603477714,-1.8430123063086594
-0.1293792982337104,-0.666273121427434,-1.4528052716869704,3.742375175905796,-2.305542665571463,-3.207725747813223,3.151675659334102,-9.237037632994694,1.9283855734244522,-2.010855127831498,-0.12703511225249572,0.13809287616458102,-1.4774326563906315,1.535405083996516,-0.35650114145044254,-0.38884341022744534,-1.7250671624848486,3.9859273757709746,-1.313248358456138,-5.117649228667161,-7.316943815560721,3.0261174396069404,4.144672920573301,6.272894313483922,-0.004578315370699342,0.052099729722997846,1.143261892276108,-2.3342105688519723,3.6952955536492578,-1.5464509330438316,-4.628192657320761,-5.6508425402304185,0.39522664075397007,0.3528856505167502,-4.5229390523474775,-1.451363128169195,4.125966487333007,-0.7475695358303054,3.968691452943772,3.2776741631359227,-1.245737014926107,-5.882562424025634,5.387737944949899,6.004284000606324,-1.443474712611683,2.748803746584555,3.6793404289636134,-1.8259002210664868,1.4896002893430598,2.738891450574469,-2.2824911460406336,-1.222560127295475,-2.004797943689427,-0.6006269990986871,-5.188850363573347,0.14379974214035685
0.04710545088828211,-0.558674543047445,-1.2262405816183717,3.54573893644622,-1.8699002229767454,-2.915119905811319,3.041478654831974,-7.979330994178247,1.7384914750756313,-1.5753178885576842,0.026466561091652265,0.19266495308541448,-1.174891527177078,1.36253501398291,-0.252903792242386,-0.2925013775947155,-1.5011620347248258,3.447826013708157,-1.3352235899193445,-4.510341566488657,-6.646861681058461,2.490665177835975,3.681489713374909,5.5689339609181845,-0.049857507825713854,0.049915830633012234,1.0596015572877868,-1.7783702625297229,3.347942707565734,-1.4000385272998221,-4.24007357796252,-4.891783831996133,0.3528856505167502,0.3804156893705826,-4.1491685587951235,-1.6290323405470193,3.6825987333404613,-0.6399099898990896,3.4396658768904143,3.074940988913136,-1.251732863006626,-5.076831707085562,4.648629644535308,5.375095359831542,-1.358622506097491,2.863773989203524,3.4076881397366416,-1.4545815596227456,1.0953191084552585,2.6315237053505753,-2.1112886847227252,-0.9929153461784664,-1.6902747053328997,-0.7686261144769838,-4.674185128738174,0.27924427864524964
-1.0242468743765765,7.645165955121655,18.241684804782313,-51.58981995387818,29.117983070821733,41.38218383432438,-45.187897164654274,118.72955707763364,-23.841314701821894,24.458397020654065,0.9688790076743055,-2.3742311978690536,18.50459088501688,-20.62633735891223,4.173701997660433,4.06631945421731,21.985185288142986,-51.97215531816678,17.50360080444784,68.48596352335746,95.95014709817784,-38.6634858811014,-53.950091626688874,-81.80263448665002,0.46855323799221194,-1.1876799398193376,-13.801454023540863,27.28821770806808,-49.10640262517137,19.85807700846382,61.69768215399271,74.26740500239241,-4.5229390523474775,-4.1491685587951235,59.85629039384494,20.981212497920232,-55.004760639548046,8.51686244149877,-51.64564888587228,-45.24823083226313,15.890415048545561,75.84667503655031,-70.77672949102788,-79.35244342838938,19.23095705092697,-38.622323149210395,-47.316535387310815,23.0619909610671,-16.635387649717206,-37.48799198163208,30.4538287454459,14.011103249314445,25.307781888918527,10.046275910732772,67.53532370344628,-2.01516113792213
-1.4274822850974436,2.301345799806989,5.809102425446775,-18.836220961446745,8.974371587823148,14.24769061002359,-16.938599380557253,39.04025648064979,-8.006333685871201,7.13750450273339,-0.3661585142516167,-1.1864585436945554,5.576191436979666,-7.073377023529925,1.0741358215764087,1.0089221117466247,7.247328300039932,-17.221915158994026,6.710699789024387,23.31579101692507,33.237366804835595,-12.149056859878213,-18.2761250047324,-27.720325216273665,0.41318359682916667,-0.49064047115184695,-4.710146702192821,7.538899208893131,-17.059852115257094,6.801559051965085,21.661192603801656,24.714215062150632,-1.451363128169195,-1.6290323405470193,20.981212497920232,8.861469981090943,-18.894659921183326,2.608584331445171,-17.127211981334867,-16.397682931502818,5.958731562053738,24.95511927453059,-23.481721038751967,-27.231228811634097,6.905231078002161,-15.297605745159156,-16.544367913532746,6.99532740894431,-4.266640724466526,-13.812730084646509,10.781899381562365,4.076480358729157,8.07337056009202,4.728365838270223,23.156705553314804,-1.352097473403152
0.8417267495038709,-7.0368791381173015,-16.878158927191496,47.3542290762771,-27.08024598761682,-38.00395533984247,41.50110183293451,-109.70990210267418,21.849599232275658,-22.789113562472313,-1.0850657569229964,2.106356894693545,-17.240598304036922,19.05254554131194,-3.9247932941715815,-3.7739534007227156,-20.28496810573485,48.061168668629875,-15.872444325449147,-63.29690131502519,-88.2254397990083,35.92075128385899,49.72181280609312,75.40593198303175,-0.38033378726827455,1.120746329021645,12.57674100821731,-25.452026246922287,45.210573061965704,-18.239856332523363,-56.73608839609281,-68.70758504372078,4.125966487333007,3.6825987333404613,-55.004760639548046,-18.894659921183326,50.74615892297504,-7.813167999278517,47.74167632127045,41.589215687081634,-14.378911532838417,-70.10710952508263,65.50228235793683,73.13842685048942,-17.622475617388048,35.06175614001205,43.33571001553846,-21.492622103246816,15.542172210531222,34.330376111527606,-27.972356101740175,-12.949652796958693,-23.427335226494474,-9.002635839736179,-62.13165819489906,1.6101434574181266
