V1,V2,V3,V4,V5,V6,V7,V8,V9,V10,V11,V12,V13,V14,V15,V16,V17,V18,V19,V20,V21,V22,V23,V24,V25,V26,V27,V28,V29,V30,V31,V32,V33,V34,V35,V36,V37,V38,V39,V40,V41,V42,V43,V44,V45,V46,V47,V48,V49,V50,V51,V52,V53,V54,V55,V56
709051.8613672393,153170.10917300696,-713679.532080058,-210708.26239493326,-193707.01259651984,-964217.6295715477,59487.37196246274,-44935.85691887419,-269747.30207039823,-466679.67188376345,702599.3939651733,446915.0481447514,-714794.6705464568,1082293.2488796124,128123.20033896885,260171.1829334345,-434659.7250121775,-573593.1557114241,157729.55952153422,-824427.8249511089,22296.89860075487,-280975.2783581293,1018108.4944869736,695884.1929091547,883868.2131765896,730757.1657008732,-41898.456081568154,-524348.1867220784,-723556.5025156286,-66799.61148047524,652090.818663554,437172.1061174477,454711.7495144139,-56029.11825763969,659197.2011414762,-553960.702155976,-926726.0832437188,-407476.8508678282,-513476.8836624269,-526027.4659989377,905202.0086224966,1181433.2502511158,481971.96995197854,-814393.3324028351,-812542.8233925845,-316063.7474269028,956058.8168525336,-363219.9453222075,-173859.05635442972,-298163.86026934057,586803.0347786801,-606100.0973447653,131226.53814660315,49697.69121576721,-634881.463362867,18727.712925860487
153170.10917300696,33087.96577512726,-154169.77777024749,-45517.47103818019,-41844.813103755325,-208291.3222296174,12850.552757701798,-9707.120227891313,-58271.06799622948,-100812.65302088269,151776.28443493755,96543.10471381481,-154410.67789944887,233798.15651964955,27677.307893360972,56202.4233108279,-93895.64609633824,-123908.2195441342,34072.947242767725,-178093.73706870785,4816.602837765035,-60696.54546939175,219932.87753036089,150325.6749925111,190934.12420406655,157858.9578979286,-9050.975642751397,-113270.23406926366,-156303.43902621922,-14430.123034061147,140865.3690825694,94438.3675961786,98227.32388601103,-12103.453304450564,142400.48976375733,-119667.18022394358,-200192.36298518023,-88023.60712463087,-110921.81048000368,-113633.04365781235,195542.6607835589,255214.49871268155,104116.06377195184,-175926.12249208204,-175526.38314466467,-68276.37200921249,206528.82405800573,-78463.12753176509,-37557.1981444815,-64409.70676008995,126761.80731330537,-130930.35662760622,28347.7287537843,10735.740386832165,-137147.75579809563,4045.5862715807116
-713679.532080058,-154169.77777024749,718337.4253834678,212083.27319099955,194971.16561165944,970510.5124816531,-59875.520894002264,45229.02893477196,271507.8939881609,469725.37546723225,-707184.8012783749,-449831.6706473187,719459.8188166777,-1089356.697048527,-128959.3950103523,-261869.27879960416,437496.53410145023,577336.61487094115,-158758.8359044607,829808.5260161752,-22442.40704827464,282809.1543584557,-1024753.1144175626,-700425.7271101068,-889636.8071789908,-735526.3417489484,42171.81364425778,527770.3715133035,728278.7636658441,67235.57508450176,-656346.5868142418,-440025.33364581625,-457679.3642828138,56394.84584531918,-663499.3718525028,557576.0857952572,932774.2623906642,410136.1351965285,516828.0933041819,529460.4411852458,-911109.8812575311,-1189143.6811932295,-485117.6401251931,819708.3822847629,817845.7638763172,318126.70263948286,-962298.5295558933,365590.5788021941,174993.8038177568,300109.69569976063,-590632.7911775121,610055.8724854633,-132082.86844658895,-50022.06430568494,639025.0155671246,-18849.91752548621
-210708.26239493326,-45517.47103818019,212083.27319099955,62617.82352333056,57564.581659034106,286537.0267175512,-17678.77410386133,13354.561499148205,80159.87107804121,138683.82282473714,-208792.25700956912,-132811.23129328925,212414.88327548513,-321626.0537356602,-38074.34166762073,-77314.10945681314,129167.65188684619,170455.41307535343,-46873.86079442262,244994.2184540445,-6626.081856232797,83496.43725952129,-302551.57786874316,-206797.1673993937,-262658.52869525,-217159.92962283982,12451.852620242253,155820.1080056405,215019.32702396248,19850.8567941498,-193782.5997463988,-129914.05280280639,-135127.12601506145,16649.635844927605,-195894.17371628407,164620.70451882857,275395.8196422265,121090.85446852916,152589.71265086232,156320.78749004006,-268997.8649739832,-351087.979321221,-143226.65904065254,242013.8359614281,241464.2341992661,93922.94654939394,-284111.71320817375,107937.17337654206,51665.08667503063,88606.5250564791,-174380.18372857172,180113.9423139758,-38997.708587753354,-14768.433898773794,188667.51538568747,-5565.518654942031
-193707.01259651984,-41844.813103755325,194971.16561165944,57564.581659034106,52919.523152780275,263416.8020770637,-16251.897271667582,12276.567984538638,73692.38479164863,127493.46119935611,-191944.93099077124,-122094.32075385832,195275.91618320905,-295674.3505558901,-35002.22490187837,-71076.25357707264,118745.4955736504,156701.42523470253,-43091.0916489683,225226.66005467097,-6091.387233777483,76759.75499459996,-278139.2665610501,-190110.60589215832,-241465.4908796989,-199637.4219880199,11446.734882064942,143247.5476531251,197669.89753357656,18249.129695110456,-178146.3782534387,-119431.76378929435,-124223.83278425194,15306.460841752581,-180087.67984784505,151337.74925011833,253174.4823774427,111319.87595546558,140277.7004920245,143707.07433753024,-247293.5160948201,-322758.83702797885,-131670.46759355458,222486.04065361104,221980.64125382312,86345.30746880043,-261187.52878916566,99228.38450365138,47496.62934566944,81456.53427210334,-160309.88526006922,165581.34297394392,-35850.56232262535,-13576.908310396857,173444.4671968851,-5116.356577431211
-964217.6295715477,-208291.3222296174,970510.5124816531,286537.0267175512,263416.8020770637,1311210.6979898359,-80895.76284378397,61107.645324745274,366820.4770251799,634624.0175682876,-955444.2296836755,-607747.3551344426,972027.1254302087,-1471778.5300490388,-174230.8358086467,-353798.18341931154,591080.4552171706,780012.5086386394,-214492.68245451647,1121113.6658802982,-30320.96236198707,382089.02340968384,-1384495.103904073,-946312.7826475468,-1201945.1591461718,-993735.1494169987,56977.111462404864,713044.8776617404,983942.5959455487,90838.77957721798,-886759.1285118071,-594496.8125521393,-618349.0602778223,76191.89415915807,-896422.7099452724,753314.5284312714,1260227.1984218592,554116.1484992269,698261.4953421218,715329.7228863646,-1230956.0174113456,-1606596.384520535,-655418.3601709867,1107469.2473649676,1104953.0336165759,429804.2163610168,-1300115.2021609256,493931.12064442626,236425.20284011785,405464.8828248722,-797975.6119312356,824216.5364384949,-178451.8376282024,-67582.21080433736,863355.9085565025,-25467.403807887702
59487.37196246274,12850.552757701798,-59875.520894002264,-17678.77410386133,-16251.897271667582,-80895.76284378397,4991.323314444098,-3770.5177213676584,-22630.653935463673,-39153.61663517876,58946.796186630214,37495.86399483959,-59969.19559234917,90802.27889382349,10749.209560660103,21827.22645786915,-36466.80075533296,-48123.455459250494,13233.84222115914,-69166.968307996,1870.7143104574868,-23572.62659303311,85416.9720884946,58383.65263415134,74154.08629258498,61309.18049815728,-3515.6435341823626,-43991.30651679143,-60704.65314238943,-5604.333663551035,54709.23818768293,36677.47749104453,38149.43773596702,-4700.4262493293245,55305.32556525165,-46476.06190855035,-77750.39403253923,-34186.81822578902,-43079.35060774383,-44133.05614343872,75943.71675586695,99120.14092120873,40435.77894943505,-68325.91847593925,-68170.82955239373,-26516.082124931905,80210.86132167907,-30472.800310366874,-14586.033665947383,-25015.83571760701,49231.30921243117,-50849.894005832146,11010.172437270548,4169.395461157161,-53264.901659065195,1571.3162062661038
-44935.85691887419,-9707.120227891313,45229.02893477196,13354.561499148205,12276.567984538638,61107.645324745274,-3770.5177213676584,2848.3498594687717,17094.74752049112,29576.21264837136,-44527.743302963914,-28324.099989582763,45299.82449858283,-68590.97233755591,-8119.80349578883,-16487.847234584144,27546.503841839192,36351.926189352,-9996.876960817235,52247.64336322573,-1413.1302619207431,17806.294117414578,-64522.87616071525,-44102.419576160355,-56014.910633640895,-46312.25646877015,2655.806407355252,33230.37365082814,45855.485328176685,4233.440299470524,-41326.74104081913,-27705.61324829557,-28817.641130436565,3550.554268090365,-41776.98430100958,35107.42491933466,58731.70241620136,25824.41267921247,32541.530611300772,33337.70364671305,-57366.705223082776,-74874.24974536944,-30544.49716187008,51612.56886421786,51495.46517988533,20029.62555613627,-60590.16223072066,23018.606787655583,11017.99933055001,18896.80581834909,-37188.658200053294,38411.19891717806,-8317.10913528009,-3149.4706703555016,40235.55967156898,-1186.9833704354169
-269747.30207039823,-58271.06799622948,271507.8939881609,80159.87107804121,73692.38479164863,366820.4770251799,-22630.653935463673,17094.74752049112,102621.24157065623,177540.33435985996,-267292.0277421218,-170020.89557112395,271932.04783792846,-411740.2120583684,-48742.36357091562,-98978.17438240803,165359.16892664583,218213.76051463935,-60005.10246330005,313640.2963010065,-8482.445058392452,106892.75792207527,-387322.4372247101,-264737.1714077919,-336253.2583806151,-278004.1775908507,15939.2500281749,199479.7573919985,275265.08974113927,25412.80164191141,-248076.88571093537,-166315.0376217376,-172987.4051533888,21315.548310930266,-250780.47464642924,210745.11294177323,352557.3806357205,155017.47776960485,195343.86567095865,200118.00888541597,-344369.5050699024,-449456.20621294656,-183358.61256787626,309822.26604575786,309118.155693953,120241.85371417813,-363716.86936092435,138181.34879082226,66142.02542751623,113431.08170625214,-223239.53664136535,230581.05920169444,-49922.557205531855,-18906.74820175044,241530.22876195287,-7124.573768815862
-466679.67188376345,-100812.65302088269,469725.37546723225,138683.82282473714,127493.46119935611,634624.0175682876,-39153.61663517876,29576.21264837136,177540.33435985996,307157.1606141139,-462433.67561503506,-294149.0820128385,470459.46163076954,-712338.7018837751,-84327.44405186013,-171237.5596646262,286081.97306642396,377524.9853751336,-103814.41297132142,542617.038010633,-14675.322066849883,184930.27596846907,-670093.5126509059,-458014.1680704861,-581739.44186228,-480966.42557830503,27577.022326900333,345112.50522098655,476226.6782524834,43965.82995345384,-429190.18875710876,-287735.4405539042,-299280.0664238301,36876.64168776746,-433867.2984313009,364603.09076576313,609948.1177933812,268191.54985510564,337957.42095211195,346218.7192847919,-595780.5597167977,-777590.4369878566,-317221.2525858234,536013.496606867,534795.7201252384,208024.19748493764,-629253.6526565792,239061.6943975517,114429.29613720767,196244.61618306054,-386218.92573650496,398919.33146181953,-86370.64811512799,-32709.635433573796,417862.85783057497,-12326.22724478706
702599.3939651733,151776.28443493755,-707184.8012783749,-208792.25700956912,-191944.93099077124,-955444.2296836755,58946.796186630214,-44527.743302963914,-267292.0277421218,-462433.67561503506,696206.8156300113,442849.5800728511,-708289.9717662015,1072445.830779312,126957.33550508329,257803.02733843008,-430704.4517034139,-568374.4026796722,156295.4055668066,-816925.2536739247,22094.101189526278,-278417.79735734756,1008844.5659065859,689553.0829848961,875825.1002974671,724108.3843698322,-41517.91102513394,-519576.5950513809,-716972.623754993,-66191.78872573035,646157.8109733633,433193.8082963772,450574.5052239228,-55518.85929498481,653199.3507176434,-548920.169623631,-918293.9600782269,-403769.8311294564,-508804.39727740834,-521241.9026319166,896964.4285310523,1170684.110276232,477585.57091616845,-806983.3154664285,-805149.8945730852,-313186.3988456449,947359.0531145093,-359914.1599149421,-172276.5632131602,-295451.6837964472,581463.4363138569,-600584.3112279733,130033.34732090887,49245.2915064121,-629104.2751885533,18557.465708633317
446915.0481447514,96543.10471381481,-449831.6706473187,-132811.23129328925,-122094.32075385832,-607747.3551344426,37495.86399483959,-28324.099989582763,-170020.89557112395,-294149.0820128385,442849.5800728511,281692.32085380127,-450534.77520691423,682170.9908368466,80756.08792648444,163985.03570960675,-273966.06214317423,-361536.81970757263,99418.43681470421,-519636.2470088213,14053.863079598259,-177097.84161921107,641714.5909922754,438617.46788756904,557101.9784118015,460597.46612502466,-26409.53717402558,-330496.4723445379,-456058.0761149741,-42103.84598752304,411013.97399137594,275549.40685592894,286605.4987584754,-35314.62608934727,415492.8930665466,-349161.9236777469,-584116.5755645487,-256833.8593816851,-323644.5221183253,-331556.62758668466,570548.2379959772,744659.492489149,303786.19511779654,-513313.12276457425,-512147.0708592482,-199213.3652016864,602604.0660000495,-228936.78866140687,-109582.82203994492,-187934.04434222265,369862.1763155362,-382024.34941868135,82713.31077694538,31324.243130032883,-400165.8948793251,11804.298313548648
-714794.6705464568,-154410.67789944887,719459.8188166777,212414.88327548513,195275.91618320905,972027.1254302087,-59969.19559234917,45299.82449858283,271932.04783792846,470459.46163076954,-708289.9717662015,-450534.77520691423,720583.9937671727,-1091059.0843326661,-129160.9080238264,-262278.3681767668,438180.16013988067,578238.8719940913,-159007.08545756433,831105.0928306223,-22477.49037223107,283250.9619808423,-1026354.4649703773,-701520.3918103043,-891026.9143387491,-736675.8020475216,42237.821133309095,528595.0305679668,729416.80347127,67340.64161064224,-657372.3116254287,-440712.88629665045,-458394.6041515892,56482.90455015314,-664536.2462860512,558447.3995943872,934231.9268195053,410777.14644771226,517635.68160258426,530287.9423161104,-912533.4902886054,-1191002.0590204662,-485875.5862773976,820989.357812549,819123.8672549629,318623.6088838202,-963802.2172743606,366161.75443043344,175267.1809758468,300578.8005458578,-591555.7264997228,611009.0673390321,-132289.40248708357,-50100.20238639152,640023.5540122184,-18879.398175825765
1082293.2488796124,233798.15651964955,-1089356.697048527,-321626.0537356602,-295674.3505558901,-1471778.5300490388,90802.27889382349,-68590.97233755591,-411740.2120583684,-712338.7018837751,1072445.830779312,682170.9908368466,-1091059.0843326661,1652009.2325520378,195566.71921690338,397123.2347925198,-663462.7088475636,-875531.1459390084,240759.26608814427,-1258402.3215518803,34034.02190534789,-428878.49671761726,1554037.1225196095,1062196.2759931642,1349132.344319084,1115425.7679623496,-63954.60181675217,-800362.5397630184,-1104433.8577312946,-101962.68216558063,995349.7077605604,667297.376056085,694070.7083711312,-85522.04257590216,1006196.6154696094,-845563.669185144,-1414551.7518657744,-621972.1125018563,-783768.8746119506,-802927.5716544319,1381695.6998769164,1803336.6746018336,735679.0964179456,-1243087.4121581567,-1240263.1433575961,-482436.6028994646,1459324.126188823,-554416.5302410611,-265377.1219758463,-455117.41686971526,895693.7757011718,-925147.9229248625,200304.88687586252,75858.1121720052,-969080.3553460664,28586.12989993838
128123.20033896885,27677.307893360972,-128959.3950103523,-38074.34166762073,-35002.22490187837,-174230.8358086467,10749.209560660103,-8119.80349578883,-48742.36357091562,-84327.44405186013,126957.33550508329,80756.08792648444,-129160.9080238264,195566.71921690338,23151.420607296142,47011.99014717877,-78541.50945113513,-103646.3486583197,28501.258232727163,-148971.22477736507,4028.9786708439487,-50771.21764478482,183968.7200323751,125743.94583442042,159711.9189520259,132045.34988656902,-7570.951543968063,-94747.89308341753,-130744.17548591376,-12070.461035234697,117830.60865765884,78995.47822358894,82164.8721338657,-10124.242405272007,119114.69574994346,-100098.80529969347,-167456.24975788494,-73629.71461290983,-92783.49727024329,-95051.41557814417,163566.84126599587,213481.00111096477,87090.63085364627,-147158.10475548063,-146823.73996017166,-57111.54703019491,172756.52835254875,-65632.55057287005,-31415.703502599757,-53877.24348759034,106033.28806600867,-109520.16350113343,23712.2404278474,8980.190146812549,-114720.88802844031,3384.043512683287
260171.1829334345,56202.4233108279,-261869.27879960416,-77314.10945681314,-71076.25357707264,-353798.18341931154,21827.22645786915,-16487.847234584144,-98978.17438240803,-171237.5596646262,257803.02733843008,163985.03570960675,-262278.3681767668,397123.2347925198,47011.99014717877,95464.44003982747,-159488.85575913524,-210467.05949535166,57874.852886393186,-302505.96670696797,8181.311512469286,-103098.05261324653,373572.3221623107,255338.85111339774,324316.14794705185,268134.8871601189,-15373.37164679428,-192398.15752851075,-265493.0636349546,-24510.63574061014,239270.02830073243,160410.79587325364,166846.2679987078,-20558.853178157533,241877.6477467677,-203263.56859800222,-340041.4297561975,-149514.26419765313,-188409.08506430732,-193013.69888631246,332144.276309543,433500.28034789074,176849.3358862003,-298823.4297312,-298144.3056654539,-115973.27109191961,350804.7786287837,-133275.88315570017,-63793.974965211106,-109404.193740423,215314.44322064734,-222395.3616845986,48150.25075088666,18235.5586127088,-232955.81303030337,6871.642571226089
-434659.7250121775,-93895.64609633824,437496.53410145023,129167.65188684619,118745.4955736504,591080.4552171706,-36466.80075533296,27546.503841839192,165359.16892664583,286081.97306642396,-430704.4517034139,-273966.06214317423,438180.16013988067,-663462.7088475636,-78541.50945113513,-159488.85575913524,266453.14470115124,351621.61466637795,-96690.84732315254,505386.9429721352,-13668.359872136893,172242.0863112775,-624116.3677443616,-426587.9888380526,-541824.8776571642,-447965.606832793,25684.51897905313,321433.5318755382,443551.3880197055,40949.20222643894,-399741.9067559429,-267993.24714922527,-278745.4263183291,34346.651283458,-404098.2002478779,339586.547036917,568097.574683908,249789.76647918735,314769.2836897918,322463.16795173544,-554902.7708218938,-724237.1338967587,-295456.18694112316,499235.8445911296,498101.4941285314,193751.76921975808,-586078.8786409972,222659.35695923652,106578.22566003696,182779.2313210178,-359719.37183874025,371548.6747878887,-80444.051331192,-30465.42785881006,389192.1785674515,-11480.405387831246
-573593.1557114241,-123908.2195441342,577336.61487094115,170455.41307535343,156701.42523470253,780012.5086386394,-48123.455459250494,36351.926189352,218213.76051463935,377524.9853751336,-568374.4026796722,-361536.81970757263,578238.8719940913,-875531.1459390084,-103646.3486583197,-210467.05949535166,351621.61466637795,464013.6488097991,-127597.63917211168,666927.3155722535,-18037.34732070806,227296.6940213885,-823607.8528368095,-562942.4035465956,-715012.4173654158,-591152.8910109649,33894.734450090735,424175.6871083509,585327.3104994429,54038.13344532863,-527515.0344182957,-353653.88478597515,-367843.3005763059,45324.86480713993,-533263.6460992377,448131.4363056052,749683.508359868,329632.5851836581,415381.41260853113,425535.299031871,-732270.276707409,-955731.6475735117,-389894.72709760163,658810.9157687116,657314.1486796467,255681.304461138,-773411.838921724,293829.2893542969,140644.36183819457,241203.04215549858,-474699.3320165672,490309.3363162788,-106157.61823906854,-40203.21766593912,513592.6989045828,-15150.08748439098
157729.55952153422,34072.947242767725,-158758.8359044607,-46873.86079442262,-43091.0916489683,-214492.68245451647,13233.84222115914,-9996.876960817235,-60005.10246330005,-103814.41297132142,156295.4055668066,99418.43681470421,-159007.08545756433,240759.26608814427,28501.258232727163,57874.852886393186,-96690.84732315254,-127597.63917211168,35088.40406690291,-183394.93008301134,4960.086071040005,-62502.748220183246,226480.66028439836,154801.97687596607,196617.90974465793,162559.1839044133,-9321.13071954687,-116642.02277776028,-160956.73978619912,-14859.730758787748,145059.64270374365,97249.56510429914,101151.96806349953,-12463.35712124192,146640.2848502957,-123229.92119116834,-206152.73538272103,-90644.89283377625,-114223.86627613746,-117016.9341970908,201363.30699030546,262813.57597638055,107214.92436225193,-181164.02193665225,-180752.63016145627,-70307.65324278634,212677.1136910067,-80798.32422434667,-38674.822407522784,-66328.15435188983,130535.54138302452,-134827.59941622533,29192.544295896943,11055.169969933062,-141230.58103091555,4166.187915530914
-824427.8249511089,-178093.73706870785,829808.5260161752,244994.2184540445,225226.66005467097,1121113.6658802982,-69166.968307996,52247.64336322573,313640.2963010065,542617.038010633,-816925.2536739247,-519636.2470088213,831105.0928306223,-1258402.3215518803,-148971.22477736507,-302505.96670696797,505386.9429721352,666927.3155722535,-183394.93008301134,958577.6345825063,-25925.00476949985,326695.2778448648,-1183773.5960745076,-809117.3149876039,-1027690.0287281442,-849664.8162552244,48716.01158417265,609669.4106573883,841292.5593601553,77669.14541939246,-758198.0013097,-508308.159242333,-528701.7338278842,65146.156595582994,-766460.7486469842,644100.3583926749,1077521.5307387356,473780.7820909135,597029.1182997455,611621.7532267283,-1052495.2778988695,-1373674.183539362,-560397.8551503817,946910.1657405682,944758.5092311479,367493.37558321055,-1111627.3491031653,422322.66687773704,202149.21819441742,346680.5176402666,-682286.7791806824,704723.9169502268,-152579.40277270682,-57784.45220482272,738188.4745575438,-21775.03561535076
22296.89860075487,4816.602837765035,-22442.40704827464,-6626.081856232797,-6091.387233777483,-30320.96236198707,1870.7143104574868,-1413.1302619207431,-8482.445058392452,-14675.322066849883,22094.101189526278,14053.863079598259,-22477.49037223107,34034.02190534789,4028.9786708439487,8181.311512469286,-13668.359872136893,-18037.34732070806,4960.086071040005,-25925.00476949985,701.1599809805506,-8835.518209049873,32015.60830553792,21882.967020824017,27794.20603461124,22979.555426693052,-1317.609099239858,-16488.6972566742,-22753.065991296306,-2100.5912515143577,20505.798273353157,13747.349712927693,14298.963715293174,-1761.8605323177617,20729.250446273905,-17419.94399971967,-29142.009560114166,-12813.646446946803,-16146.853276101863,-16541.62337889336,28465.040135634845,37151.62817060468,15156.091605591664,-25609.572398029668,-25551.403890709713,-9938.861709063627,30064.343924455297,-11421.802323205891,-5467.152897000794,-9376.18851971691,18452.68838907288,-19059.452139005,4126.6498482285615,1562.78392289631,-19964.560039959375,588.9293378164605
-280975.2783581293,-60696.54546939175,282809.1543584557,83496.43725952129,76759.75499459996,382089.02340968384,-23572.62659303311,17806.294117414578,106892.75792207527,184930.27596846907,-278417.79735734756,-177097.84161921107,283250.9619808423,-428878.49671761726,-50771.21764478482,-103098.05261324653,172242.0863112775,227296.6940213885,-62502.748220183246,326695.2778448648,-8835.518209049873,111342.07293346195,-403444.35952969553,-275756.5926361149,-350249.4809154309,-289575.8279786105,16602.69993575734,207782.91318552388,286722.7337750964,26470.584650324166,-258402.84168702277,-173237.74285392254,-180187.8371863797,22202.79028559347,-261218.96740167605,219517.17467555703,367232.23932306824,161469.92570565065,203474.8677342557,208447.72054611292,-358703.5603809824,-468164.37956056197,-190990.74444443497,322718.31604428834,321984.895819896,125246.81561649381,-378856.2357195542,143933.0207839645,68895.12729742228,118152.53316277027,-232531.66813904667,240178.7790475887,-52000.52844423521,-19693.724936265473,251583.6938930358,-7421.1262829107145
1018108.4944869736,219932.87753036089,-1024753.1144175626,-302551.57786874316,-278139.2665610501,-1384495.103904073,85416.9720884946,-64522.87616071525,-387322.4372247101,-670093.5126509059,1008844.5659065859,641714.5909922754,-1026354.4649703773,1554037.1225196095,183968.7200323751,373572.3221623107,-624116.3677443616,-823607.8528368095,226480.66028439836,-1183773.5960745076,32015.60830553792,-403444.35952969553,1461875.4493686145,999202.6991605343,1269122.7676002062,1049275.5872566283,-60161.49380479342,-752897.4971436223,-1038935.8158249666,-95915.81901251391,936320.6095685897,627723.6920828209,652908.9599679712,-80450.37587871689,946524.3232333793,-795417.7686591697,-1330662.0832193103,-585085.9638192515,-737287.8337087857,-755309.8448669218,1299755.113860295,1696389.9796589997,692050.2554908636,-1169366.392526526,-1166709.5080269938,-453826.47510565224,1372779.5647307737,-521537.3774008983,-249639.24262207685,-428126.4509248704,842575.0238790759,-870282.6619741227,188425.4979321693,71359.45427874624,-911609.4864235279,26890.769881222004
695884.1929091547,150325.6749925111,-700425.7271101068,-206797.1673993937,-190110.60589215832,-946312.7826475468,58383.65263415134,-44102.419576160355,-264737.1714077919,-458014.1680704861,689553.0829848961,438617.46788756904,-701520.3918103043,1062196.2759931642,125743.94583442042,255338.85111339774,-426587.9888380526,-562942.4035465956,154801.97687596607,-809117.3149876039,21882.967020824017,-275756.5926361149,999202.6991605343,682963.0694039536,867454.333119057,717187.9991954496,-41121.334827894585,-514610.6778298064,-710120.2367520008,-65559.171944368,639982.4175531801,429053.50449295976,446268.29091369023,-54988.10877069219,646956.5961295379,-543673.9672497995,-909517.6091629895,-399911.08109454357,-503941.49149683485,-516260.4894844247,888391.5186910034,1159495.776998679,473020.8495741827,-799270.7933588846,-797454.9753563132,-310192.714132433,938304.6866756728,-356474.08311640925,-170629.89178699633,-292628.23220110504,575906.1353639512,-594844.0745665516,128790.85050059247,48774.57455048302,-623091.6158309164,18380.155386988423
883868.2131765896,190934.12420406655,-889636.8071789908,-262658.52869525,-241465.4908796989,-1201945.1591461718,74154.08629258498,-56014.910633640895,-336253.2583806151,-581739.44186228,875825.1002974671,557101.9784118015,-891026.9143387491,1349132.344319084,159711.9189520259,324316.14794705185,-541824.8776571642,-715012.4173654158,196617.90974465793,-1027690.0287281442,27794.20603461124,-350249.4809154309,1269122.7676002062,867454.333119057,1101785.4785026417,910925.1612285755,-52228.627282143294,-653625.956198941,-901949.0686059655,-83269.0303630931,812863.6511931025,544956.6565959009,566820.8072196484,-69842.99879043274,821722.0780129032,-690539.5162499038,-1155210.1100032052,-507940.237228225,-640074.3699229474,-655719.4914330353,1128379.0518248624,1472715.3409801668,600801.8291586743,-1015181.7557043963,-1012875.0485388401,-393988.8944548791,1191774.687959843,-452771.54926684353,-216723.85030868548,-371676.2014520348,731479.0733763808,-755533.7137122115,163580.54403108236,61950.6042743068,-791411.2002946683,23345.051720989704
730757.1657008732,157858.9578979286,-735526.3417489484,-217159.92962283982,-199637.4219880199,-993735.1494169987,61309.18049815728,-46312.25646877015,-278004.1775908507,-480966.42557830503,724108.3843698322,460597.46612502466,-736675.8020475216,1115425.7679623496,132045.34988656902,268134.8871601189,-447965.606832793,-591152.8910109649,162559.1839044133,-849664.8162552244,22979.555426693052,-289575.8279786105,1049275.5872566283,717187.9991954496,910925.1612285755,753128.1599854204,-43181.80405906856,-540399.4411635894,-745706.4233029997,-68844.5292164724,672053.5953970468,450554.73155721533,468631.979215448,-57743.86925504772,679377.3326668808,-570919.0010944495,-955096.019956009,-419951.5318521661,-529195.528759695,-542131.4827243126,932911.6865894116,1217601.0981661072,496725.56338698196,-839324.4314406327,-837417.5320713478,-325737.8427198417,985325.950602177,-374338.2837670142,-179180.8190858224,-307292.36979639233,604766.4926616194,-624653.6707143685,135244.6325457337,51218.87377544046,-654316.6118488415,19301.183164882645
-41898.456081568154,-9050.975642751397,42171.81364425778,12451.852620242253,11446.734882064942,56977.111462404864,-3515.6435341823626,2655.806407355252,15939.2500281749,27577.022326900333,-41517.91102513394,-26409.53717402558,42237.821133309095,-63954.60181675217,-7570.951543968063,-15373.37164679428,25684.51897905313,33894.734450090735,-9321.13071954687,48716.01158417265,-1317.609099239858,16602.69993575734,-60161.49380479342,-41121.334827894585,-52228.627282143294,-43181.80405906856,2476.2800116391313,30984.19431346167,42755.91546130709,3947.2840971214846,-38533.28147583298,-25832.876615386132,-26869.727208766897,3310.56384414354,-38953.09175731365,32734.36001412473,54761.76548136712,24078.81804660634,30341.91030961417,31084.252023049343,-53489.05432584284,-69813.16013093482,-28479.873394217215,48123.847002058086,48014.655499285735,18675.75633241486,-56494.61576539078,21462.6887429782,10273.252172573726,17619.477705398578,-34674.91733693081,35814.82979507294,-7754.90788945023,-2936.5865767535884,37515.866538561226,-1106.747406772776
-524348.1867220784,-113270.23406926366,527770.3715133035,155820.1080056405,143247.5476531251,713044.8776617404,-43991.30651679143,33230.37365082814,199479.7573919985,345112.50522098655,-519576.5950513809,-330496.4723445379,528595.0305679668,-800362.5397630184,-94747.89308341753,-192398.15752851075,321433.5318755382,424175.6871083509,-116642.02277776028,609669.4106573883,-16488.6972566742,207782.91318552388,-752897.4971436223,-514610.6778298064,-653625.956198941,-540399.4411635894,30984.19431346167,387758.69200763025,535074.4813354168,49398.72367109878,-482225.19244285405,-323291.446727969,-336262.1470588815,41433.85999390977,-487480.3984979501,409657.350056483,685319.6537587035,301331.66620783595,379719.3038560549,389000.5823428078,-669402.4152614375,-873677.1957031395,-356421.2028723898,602248.8921634896,600880.4395360801,233731.02815017948,-707011.36103098,268603.35259564203,128569.82094262473,220494.0445586018,-433944.4478760991,448214.7200968456,-97042.867350297907,-36751.740460824476,469498.7369153176,-13849.26535471738
-723556.5025156286,-156303.43902621922,728278.7636658441,215019.32702396248,197669.89753357656,983942.5959455487,-60704.65314238943,45855.485328176685,275265.08974113927,476226.6782524834,-716972.623754993,-456058.0761149741,729416.80347127,-1104433.8577312946,-130744.17548591376,-265493.0636349546,443551.3880197055,585327.3104994429,-160956.73978619912,841292.5593601553,-22753.065991296306,286722.7337750964,-1038935.8158249666,-710120.2367520008,-901949.0686059655,-745706.4233029997,42755.91546130709,535074.4813354168,738358.1478425151,68166.12210286608,-665430.7963978546,-446115.0839000226,-464013.85595462716,57175.079960794756,-672682.4613530497,565293.0295068596,945684.1554838757,415812.89168448397,523980.87742330355,536788.7668085981,-923719.1148700601,-1205602.1378932546,-491831.18220255984,831053.4152035571,829165.1754346226,322528.7095091822,-975616.5790352477,370649.89589136344,177415.40943286713,304263.7939311738,-598807.1002173973,618498.6210471974,-133911.4527752126,-50714.25412154584,647869.0046324363,-19110.90244103209
-66799.61148047524,-14430.123034061147,67235.57508450176,19850.8567941498,18249.129695110456,90838.77957721798,-5604.333663551035,4233.440299470524,25412.80164191141,43965.82995345384,-66191.78872573035,-42103.84598752304,67340.64161064224,-101962.68216558063,-12070.461035234697,-24510.63574061014,40949.20222643894,54038.13344532863,-14859.730758787748,77669.14541939246,-2100.5912515143577,26470.584650324166,-95915.81901251391,-65559.171944368,-83269.0303630931,-68844.5292164724,3947.2840971214846,49398.72367109878,68166.12210286608,6293.179536719264,-61433.38543048075,-41185.884620145895,-42838.325813741714,5278.469682625326,-62102.865976063265,52188.54066011225,87306.71438632371,38388.35745049551,48374.55013076608,49556.9995043602,-85278.86516722082,-111302.66412362114,-45406.44645345929,76723.86530511305,76549.54271171763,29776.231609853876,-90070.10674491693,34218.842863457074,16379.202388722908,28090.01135458466,-55282.59882819334,57100.539202145825,-12362.875430252145,-4682.000194748627,59812.052445178124,-1764.342939603318
652090.818663554,140865.3690825694,-656346.5868142418,-193782.5997463988,-178146.3782534387,-886759.1285118071,54709.23818768293,-41326.74104081913,-248076.88571093537,-429190.18875710876,646157.8109733633,411013.97399137594,-657372.3116254287,995349.7077605604,117830.60865765884,239270.02830073243,-399741.9067559429,-527515.0344182957,145059.64270374365,-758198.0013097,20505.798273353157,-258402.84168702277,936320.6095685897,639982.4175531801,812863.6511931025,672053.5953970468,-38533.28147583298,-482225.19244285405,-665430.7963978546,-61433.38543048075,599706.7427805192,402052.3068819487,418183.54717432807,-51527.70528257495,606242.0719041823,-509459.3209819074,-852279.5216951143,-374743.5820063853,-472227.3908376739,-483770.8119750655,832483.3087412182,1086525.8283199335,443252.81679764617,-748970.7950184109,-747269.1804201019,-290671.9848352456,879255.1685032982,-334040.5833527207,-159891.91211987293,-274212.2332182922,539663.1095334379,-557409.4089883754,120685.51018611716,45705.13488649826,-583879.1337066512,17223.406316709792
437172.1061174477,94438.3675961786,-440025.33364581625,-129914.05280280639,-119431.76378929435,-594496.8125521393,36677.47749104453,-27705.61324829557,-166315.0376217376,-287735.4405539042,433193.8082963772,275549.40685592894,-440712.88629665045,667297.376056085,78995.47822358894,160410.79587325364,-267993.24714922527,-353653.88478597515,97249.56510429914,-508308.159242333,13747.349712927693,-173237.74285392254,627723.6920828209,429053.50449295976,544956.6565959009,450554.73155721533,-25832.876615386132,-323291.446727969,-446115.0839000226,-41185.884620145895,402052.3068819487,269542.27486820315,280356.50936181645,-34545.23295842384,406433.80319068336,-341549.3140438937,-571381.0737348904,-251233.43007581602,-316588.6536499161,-324326.8528817392,558110.1875560946,728423.0191309818,297164.0102721301,-502121.33468870807,-500980.39337382425,-194871.83229998834,589466.4108268404,-223946.41210856306,-107194.30856996344,-183835.55605873826,361798.536139018,-373696.2946118664,80908.89000769521,30641.540499383576,-391441.70825480495,11546.738536558145
454711.7495144139,98227.32388601103,-457679.3642828138,-135127.12601506145,-124223.83278425194,-618349.0602778223,38149.43773596702,-28817.641130436565,-172987.4051533888,-299280.0664238301,450574.5052239228,286605.4987584754,-458394.6041515892,694070.7083711312,82164.8721338657,166846.2679987078,-278745.4263183291,-367843.3005763059,101151.96806349953,-528701.7338278842,14298.963715293174,-180187.8371863797,652908.9599679712,446268.29091369023,566820.8072196484,468631.979215448,-26869.727208766897,-336262.1470588815,-464013.85595462716,-42838.325813741714,418183.54717432807,280356.50936181645,291604.9982265129,-35930.991009110374,422740.734701284,-355252.83746115287,-594305.9594102299,-261313.6971473561,-329290.5333060176,-337339.83824916877,580501.8802217777,757649.0186644059,309086.2121084841,-522267.3939267008,-521080.8180715195,-202689.58318764518,613116.4888379835,-232931.04880657152,-111494.81707689156,-191211.8192352572,376314.3604727163,-388689.134424044,84155.57113829358,31870.81903053514,-407146.7977584034,12010.102692338107
-56029.11825763969,-12103.453304450564,56394.84584531918,16649.635844927605,15306.460841752581,76191.89415915807,-4700.4262493293245,3550.554268090365,21315.548310930266,36876.64168776746,-55518.85929498481,-35314.62608934727,56482.90455015314,-85522.04257590216,-10124.242405272007,-20558.853178157533,34346.651283458,45324.86480713993,-12463.35712124192,65146.156595582994,-1761.8605323177617,22202.79028559347,-80450.37587871689,-54988.10877069219,-69842.99879043274,-57743.86925504772,3310.56384414354,41433.85999390977,57175.079960794756,5278.469682625326,-51527.70528257495,-34545.23295842384,-35930.991009110374,4427.536234593743,-52089.30657841621,43773.657231095814,73229.28738602207,32198.37453579743,40574.75400768104,41566.12430273635,-71528.89887179251,-93355.90935879594,-38085.44486702369,64352.8242271883,64206.515686253595,24975.657806479347,-75547.38786345243,28701.70119061125,13738.419793034254,23560.460552776985,-46368.91580790982,47893.95740894669,-10369.165553393976,-3927.1473127724607,50168.08511377621,-1479.800929759176
659197.2011414762,142400.48976375733,-663499.3718525028,-195894.17371628407,-180087.67984784505,-896422.7099452724,55305.32556525165,-41776.98430100958,-250780.47464642924,-433867.2984313009,653199.3507176434,415492.8930665466,-664536.2462860512,1006196.6154696094,119114.69574994346,241877.6477467677,-404098.2002478779,-533263.6460992377,146640.2848502957,-766460.7486469842,20729.250446273905,-261218.96740167605,946524.3232333793,646956.5961295379,821722.0780129032,679377.3326668808,-38953.09175731365,-487480.3984979501,-672682.4613530497,-62102.865976063265,606242.0719041823,406433.80319068336,422740.734701284,-52089.30657841621,612848.6524348307,-515011.2347765557,-861567.3364191126,-378827.3067842641,-477373.6149880675,-489042.650773765,841555.5978044742,1098366.2840812535,448083.378212151,-757132.7873598225,-755412.5888795616,-293839.8617578771,888837.0706840958,-337680.9761210398,-161634.44501921567,-277200.36737152433,545544.2101654365,-563483.9988786702,122000.56272713204,46203.24590814994,-590242.105533667,17411.076419369496
-553960.702155976,-119667.18022394358,557576.0857952572,164620.70451882857,151337.74925011833,753314.5284312714,-46476.06190855035,35107.42491933466,210745.11294177323,364603.09076576313,-548920.169623631,-349161.9236777469,558447.3995943872,-845563.669185144,-100098.80529969347,-203263.56859800222,339586.547036917,448131.4363056052,-123229.92119116834,644100.3583926749,-17419.94399971967,219517.17467555703,-795417.7686591697,-543673.9672497995,-690539.5162499038,-570919.0010944495,32734.36001412473,409657.350056483,565293.0295068596,52188.54066011225,-509459.3209819074,-341549.3140438937,-355252.83746115287,43773.657231095814,-515011.2347765557,432792.97801507177,724023.5698119408,318349.83474300365,401164.0178536001,410969.97386660776,-707206.8004287541,-923018.9757943874,-376549.87980416114,636261.332129203,634815.7096486427,246930.45267571398,-746939.9910187265,283772.5034133389,135830.6289777485,232946.95249102838,-458451.59785837727,473527.51694113767,-102523.80540173444,-38827.22553299663,496013.78028106765,-14631.482277944968
-926726.0832437188,-200192.36298518023,932774.2623906642,275395.8196422265,253174.4823774427,1260227.1984218592,-77750.39403253923,58731.70241620136,352557.3806357205,609948.1177933812,-918293.9600782269,-584116.5755645487,934231.9268195053,-1414551.7518657744,-167456.24975788494,-340041.4297561975,568097.574683908,749683.508359868,-206152.73538272103,1077521.5307387356,-29142.009560114166,367232.23932306824,-1330662.0832193103,-909517.6091629895,-1155210.1100032052,-955096.019956009,54761.76548136712,685319.6537587035,945684.1554838757,87306.71438632371,-852279.5216951143,-571381.0737348904,-594305.9594102299,73229.28738602207,-861567.3364191126,724023.5698119408,1211226.0971490827,532570.6531495319,671111.1132085552,687515.8140117481,-1183092.902167086,-1544127.55740599,-629933.7681913638,1064407.7953389413,1061989.4488019042,413092.0601915383,-1249563.0540111524,474725.61137950106,227232.2704800582,389699.3825409533,-766948.0782523879,792168.6102495004,-171513.23665114472,-64954.40398455594,829786.1937386777,-24477.179859230495
