V1,V2,V3,V4,V5,V6,V7,V8,V9,V10,V11,V12,V13,V14,V15,V16,V17,V18,V19,V20,V21,V22,V23,V24,V25,V26,V27,V28,V29,V30,V31,V32,V33,V34,V35,V36,V37,V38,V39,V40,V41,V42,V43,V44,V45,V46,V47,V48,V49,V50,V51,V52,V53,V54,V55,V56
2.0873174264634913,4.055938053217877,-1.18754753850878,-0.48630955562338046,-1.540246098190312,-4.021819104216166,1.8225558802020914,2.5377935748519778,1.949529238614903,-2.4868932689627288,4.720543552128034,4.080312490207787,-1.258868170386044,4.597532506790239,0.5617516950655632,-0.6643352819803106,0.2416092618151925,-2.0997436845048307,3.6762337700635292,-1.198871983176343,-1.7359820082594344,-3.064501857568907,2.6722483028218122,1.1069962740827572,0.7514726619138284,4.474838068907742,-1.7765422142828213,1.3264403899364503,1.159860218221612,0.5823184848991331,-1.3111733128716734,-2.1167812985105385,2.2889506908682935,0.4317801885676882,0.8224795141095577,-0.0581212956887836,-1.409371014027994,-0.7737817440719416,-2.9769849056166966,-3.358616002422869,1.1023926279509155,0.2838104195011457,2.098619651880453,-0.11260742072648403,-2.6077216742222773,-1.6917947226580543,4.306631637649272,0.5433121339793152,0.2063668784341052,0.7469303874178019,1.2015773782389452,-2.279924073350664,1.2576192268356927,-0.7613672377276864,0.3007072946161984,0.8559785408394299
4.055938053217877,11.220917920265848,-1.4664131316262268,-0.8233684854705766,-3.891351450093853,-8.916526945470313,5.070889824493162,7.407038002930626,6.327812983492367,-5.864964898086669,11.626652150994884,10.49290078694875,-1.6648649914289377,10.24407010989095,1.264730074690975,-2.618718452748763,1.8770277443642245,-4.460942820478165,10.120182748275345,-1.1979620883759123,-5.043857004474771,-8.026359337643385,4.895446823017273,1.284813999406473,-0.2517248767176085,10.85313448530349,-4.98409480485339,5.233448588577538,5.2979213018561895,1.8512673335988639,-5.535881507785118,-7.261895728789389,5.327653056529897,1.3889077293663774,0.5646678129845137,1.3429075305599114,-1.5154374094987435,-1.1099996959319696,-7.142865648573637,-8.204840565370635,0.7006912690995106,-2.406038871567079,4.709361204210658,1.8965061545089126,-5.270080215773119,-3.9961972736722537,9.753682888205386,2.550405682311114,1.0648388425692759,2.9531221686238567,1.8505245434139719,-4.894448977977913,3.2510548873732565,-2.322472096063596,2.591708197790445,2.4027503397023415
-1.18754753850878,-1.4664131316262268,0.8908449343071058,0.3087768358808216,0.6499971310994204,2.0141892637938423,-0.6538445205608759,-0.8218125232988666,-0.4682245750606368,1.156019180499759,-2.06570953000134,-1.677618763815813,0.9138172256536855,-2.2873291992827305,-0.27736209100486775,0.04526196115616244,0.21820981074321308,1.0987281057892153,-1.3422482360881611,0.9709437526347037,0.5683764956772702,1.2211919207463713,-1.5973770381491148,-0.8512156253394488,-0.8601888667588683,-2.005818105270679,0.6253342752465021,-0.08394851088653738,0.10883933429715996,-0.14870144603968855,-0.009536190750207474,0.40875830232822635,-1.0804005961148175,-0.10548816238020915,-0.7299224699273499,0.40010820210938014,1.1086481052547166,0.539884170276922,1.3525236430768017,1.4895139148917425,-0.9939425582438473,-0.9071055300314251,-1.0361557911480594,0.59753099383743,1.4345531953674848,0.7862274201993498,-2.1029488737595226,0.06702229256970597,0.05067086652584983,-0.04442678698700048,-0.8073650696117545,1.1834733100600516,-0.5124179305328697,0.2218625267134484,0.3361262736016117,-0.2991341050343589
-0.48630955562338046,-0.8233684854705766,0.3087768358808216,0.12440005179932058,0.3263725835400816,0.8965186577862453,-0.3737776163354665,-0.5030738006073207,-0.35912062953056145,0.5405410534558456,-0.9983787910595627,-0.8608265908562343,0.32215801557165435,-1.0173026979596769,-0.1255190591994119,0.11248425547060915,-0.0036098996124225868,0.471669152130488,-0.748034444955911,0.32546359483354065,0.34392154148583115,0.6329737858723079,-0.632062044464168,-0.2976674298306467,-0.2354466871138135,-0.9692172559896304,0.3597089384048105,-0.21018262058799103,-0.15479096111009572,-0.10656893399566356,0.18766431540841122,0.3700769864206597,-0.49614713487933704,-0.0740895105780964,-0.22745724500589762,0.0642161567888467,0.3661691932563026,0.18887930459919372,0.6404458621002305,0.7212622585616479,-0.31535667206371626,-0.1714298217226492,-0.4660240741161086,0.10570764806135584,0.6002980123953677,0.37320420822976696,-0.954650406744627,-0.07606643721669622,-0.021470756136381428,-0.11291566370768066,-0.2974522413859751,0.5158433887822416,-0.26272141196403986,0.1475407235321975,0.0012495120947753615,-0.16951103014389388
-1.540246098190312,-3.891351450093853,0.6499971310994204,0.3263725835400816,1.378317834258744,3.2639069837412498,-1.7565014889668102,-2.5387688899063425,-2.1217094588921337,2.1128901776820643,-4.142948821426099,-3.7008602856439787,0.7185708208784028,-3.744617165484477,-0.46109384372315915,0.8476346505943192,-0.5568867408760955,1.6516995483657622,-3.513350176828483,0.5803008557529032,1.73057196184351,2.8184337113133093,-1.8916517095815806,-0.5838488312430898,-0.09377342534721553,-3.8826847989052244,1.7231992687571567,-1.6932898147299364,-1.674765991051816,-0.6231742364948452,1.7711249278660248,2.4088708064709015,-1.9255156086568332,-0.4663441300978195,-0.3288123868240445,-0.3490417402569236,0.7104968847179208,0.4647573534512838,2.5620938751569877,2.9300072169010996,-0.4258104504079863,0.586480449224209,-1.7184682632592112,-0.4859377975161889,1.978789114825358,1.4392310532637627,-3.5504869049011964,-0.8031324632677241,-0.3307965404760374,-0.9548566491457824,-0.7562433515204651,1.8072173157531755,-1.1452025408491797,0.7884516709947921,-0.7621197238920353,-0.8304656261574834
-4.021819104216166,-8.916526945470313,2.0141892637938423,0.8965186577862453,3.2639069837412498,8.116941374322932,-4.017099574305439,-5.707556819558082,-4.59332936877291,5.134027081024561,-9.906721480573982,-8.708989624981541,2.1689772762395054,-9.294959435300436,-1.1408483776575757,1.718130518478827,-0.9289325294042016,4.172651544772828,-8.06603249366237,1.9397457257019273,3.8973169184836403,6.589058317835533,-5.054208464522719,-1.8487847383637133,-0.8857569698412883,-9.33621725351071,3.9282860946992555,-3.430411905002101,-3.2378823144376714,-1.358874728336238,3.5113662070804907,5.1167860428787035,-4.701955171120357,-1.0134194794046012,-1.2463061698253282,-0.36677573947492736,2.313036519948421,1.363709777872854,6.186019803425708,7.026600385131758,-1.651154440239255,0.42680427945251687,-4.253252442048626,-0.48065999385003316,5.093864938386603,3.4946006127059546,-8.756521827474728,-1.539046993843508,-0.6163225625883229,-1.9340227573813495,-2.1576925433643233,4.549487012735443,-2.6899726519659244,1.746271175623332,-1.238920564140498,-1.8922605008119604
1.8225558802020914,5.070889824493162,-0.6538445205608759,-0.3737776163354665,-1.7565014889668102,-4.017099574305439,2.2957337548636736,3.3515296214505543,2.863126255585372,-2.644004062241805,5.236969665958005,4.7401290441320745,-0.7417891627283019,4.610896072229456,0.5708596912338465,-1.1926805510938066,0.8541667564442692,-2.0054507553942864,4.5730806673477264,-0.5330913994227019,-2.281729314658265,-3.62063950054936,2.196961339597882,0.5761170814719794,-0.1286407251256059,4.900038048669437,-2.2540531723982857,2.37251215456894,2.4032606435989563,0.8356682841758106,-2.506453546377552,-3.284000595662986,2.398142521091394,0.6241028407260661,0.2442832175557473,0.6175173349101066,-0.665419135391525,-0.49176600686353816,-3.219405076146176,-3.701855955309428,0.30763166042172857,-1.107999609348062,2.1220987891201766,0.8686150186092105,-2.37067983912801,-1.8057525282152653,4.396353322308765,1.1614904163554,0.4823312158256969,1.3348372062619562,0.827854809400033,-2.205451144453762,1.4673828984018784,-1.05159557983143,1.1825181164170953,1.0834819588484168
2.5377935748519778,7.407038002930626,-0.8218125232988666,-0.5030738006073207,-2.5387688899063425,-5.707556819558082,3.3515296214505543,4.921826831224086,4.251907846962348,-3.7893247751278563,7.555135107470618,6.86338994822542,-0.9516048302688694,6.560331161067282,0.8120339991198916,-1.793964566684438,1.3364283796943968,-2.834457689690489,6.67634052683067,-0.6211377464426344,-3.3498435114171334,-5.260192435721788,3.0290701621267666,0.7064622754266237,-0.35537825412450347,7.042635535521287,-3.2962378342893546,3.5805628993204333,3.6652562952948715,1.2404013919338184,-3.8063374209591982,-4.905196152607718,3.434030579194685,0.9306652891645505,0.2340667650754253,1.0091008717615784,-0.8047016211775394,-0.6478982318667832,-4.625968922961927,-5.328436453361712,0.2743571262016911,-1.8477622379404512,3.0201278491828396,1.4304860461331361,-3.3217019322918917,-2.5842230964700432,6.2638919922448775,1.7695109349577147,0.742196386109263,2.0190982836033013,1.1024281688470816,-3.117605074970639,2.1274701014041337,-1.551029633396602,1.8535844156111938,1.5876336074675939
1.949529238614903,6.327812983492367,-0.4682245750606368,-0.35912062953056145,-2.1217094588921337,-4.59332936877291,2.863126255585372,4.251907846962348,3.753248355839921,-3.1081059990275803,6.279588799291921,5.759264180980558,-0.5812954862650339,5.292218610565138,0.6557039044927279,-1.6277373027676432,1.2967643777253386,-2.2519955204214033,5.6970986479602415,-0.25662082094343563,-2.891348767056442,-4.439563104038652,2.2698454041276452,0.3716219389112723,-0.5996336991944324,5.817815807148326,-2.823640245062547,3.259741378969171,3.400235643754971,1.0924891104265286,-3.5006405513509438,-4.374919779927459,2.8087626183332257,0.824050500081137,-0.017521089191666103,1.0521025553740977,-0.38876394157008376,-0.4252402557443862,-3.8143415481423806,-4.413082396658568,-0.06941155761177616,-1.9833067001712463,2.4399613134330296,1.5043940035135175,-2.5893686188292544,-2.116945756445893,5.07479585645772,1.642640117584525,0.6985935637391676,1.8423162861824753,0.7535998481949906,-2.481145929244868,1.7887739155638533,-1.3516292961779854,1.807132724663731,1.3631856974037393
-2.4868932689627288,-5.864964898086669,1.156019180499759,0.5405410534558456,2.1128901776820643,5.134027081024561,-2.644004062241805,-3.7893247751278563,-3.1081059990275803,3.283343779023584,-6.385424781716444,-5.654251948556439,1.258270594524348,-5.885143248128777,-0.7231874790542868,1.2011077184693555,-0.7228641556330706,2.6205259825256877,-5.300317525835061,1.0788404174632857,2.585778531100554,4.293075518219551,-3.093100131093593,-1.0498139849747936,-0.367186175768772,-5.998810538409353,2.590196650140825,-2.4013895749353518,-2.323670092316416,-0.9164353185374072,2.487385736418695,3.4970087507676024,-3.0005283985443194,-0.6856138068645048,-0.6618080715984656,-0.38031468524295264,1.302020405640289,0.8020092430381826,3.9685922418787936,4.521523296301995,-0.8677076555516126,0.5754905461815516,-2.69623017757244,-0.520350697402019,3.170599365207817,2.234490513285198,-5.559481845187441,-1.1083975196290923,-0.45143517128633937,-1.3548491540518495,-1.2826334151992187,2.860991505930291,-1.7484589923743397,1.1677251132481217,-0.9777591350205663,-1.248534715383176
4.720543552128034,11.626652150994884,-2.06570953000134,-0.9983787910595627,-4.142948821426099,-9.906721480573982,5.236969665958005,7.555135107470618,6.279588799291921,-6.385424781716444,12.50128812803824,11.105863810359043,-2.272789878770809,11.372846702879068,1.3963375601091015,-2.4672475909732356,1.58316097551943,-5.035411186209878,10.502006857601733,-1.8716622409598496,-5.152918190553292,-8.463032839145058,5.828683384619926,1.8531328204343676,0.44578935420591675,11.69678367645888,-5.140424934946658,4.954933009090731,4.86769091028856,1.8510340559264749,-5.176898824867053,-7.11570296998324,5.8326744923607166,1.3921489540838607,1.1043474147893502,0.9333820776095446,-2.301379727947794,-1.4718733641794244,-7.737311675901147,-8.829363955581119,1.4237635883624895,-1.526320053893156,5.210214763723643,1.3039340892861586,-6.046878841727783,-4.338358015754994,10.755090060603766,2.3198991787096905,0.9587834441593697,2.804385287982778,2.3624316465487216,-5.495304298127529,3.4389683555798136,-2.340477199257586,2.151128263108248,2.4844614745443043
4.080312490207787,10.49290078694875,-1.677618763815813,-0.8608265908562343,-3.7008602856439787,-8.708989624981541,4.7401290441320745,6.86338994822542,5.759264180980558,-5.654251948556439,11.105863810359043,9.947615114895175,-1.861400985797791,9.99141702011516,1.23206065465571,-2.321576999508416,1.5519242493896372,-4.395430577390389,9.47206045815928,-1.4784489926876818,-4.677092620033591,-7.578486656500115,4.995867955712218,1.5037031707616562,0.15422958418280663,10.408109413245661,-4.650069729090915,4.630621712904966,4.601891753921582,1.6891091873815822,-4.852281360513927,-6.550863973308604,5.147727253775478,1.262747008502899,0.8141493264631119,1.0051827812733445,-1.8122893323416636,-1.208057930195606,-6.861111786311316,-7.854948394038186,1.052399048883064,-1.7168792596397056,4.587813501017148,1.4027330939565732,-5.254320938824503,-3.854460151399036,9.483734187717516,2.2115642865963943,0.9116906104490452,2.609349521750655,1.9776434841808164,-4.815318796597019,3.07804037542548,-2.136350130302434,2.1293087436023526,2.239054189835821
-1.258868170386044,-1.6648649914289377,0.9138172256536855,0.32215801557165435,0.7185708208784028,2.1689772762395054,-0.7417891627283019,-0.9516048302688694,-0.5812954862650339,1.258270594524348,-2.272789878770809,-1.861400985797791,0.9428823564698224,-2.467364287207161,-0.2987300508196208,0.09050263700365724,0.18372407725165074,1.177328070213833,-1.521546452252106,0.9889221835952197,0.6558489739202702,1.363415648762072,-1.6824249239084716,-0.8720570370733957,-0.8543462760853393,-2.194839201558539,0.7128846678412093,-0.17810111459189804,0.01356698883614538,-0.18271377422411095,0.09079209366314671,0.5389467861213465,-1.174667283061634,-0.1311969160539121,-0.7380789256536647,0.3763936525412501,1.1365796917663475,0.5592393976884291,1.4773470191932145,1.63280758553845,-1.0031937367491934,-0.8637976771724839,-1.1181561334925985,0.5631596493945441,1.5258092064005817,0.8550326906888146,-2.2741576773931143,0.02174668593068186,0.03112191028214499,-0.09895002233835888,-0.8386900973280327,1.2673982796298877,-0.5694703940322988,0.26290526890800725,0.28896428221779435,-0.3429435348234141
4.597532506790239,10.24407010989095,-2.2873291992827305,-1.0173026979596769,-3.744617165484477,-9.294959435300436,4.610896072229456,6.560331161067282,5.292218610565138,-5.885143248128777,11.372846702879068,9.99141702011516,-2.467364287207161,10.650380562278057,1.3057091664008753,-1.9791205106198795,1.0851179362814,-4.778658210873431,9.266669156134698,-2.1950504520817584,-4.479584509137751,-7.568651467813603,5.773971786275967,2.0933283346836546,0.9875095609838276,10.700538394157105,-4.512509128340078,3.964391908306704,3.7519330948916405,1.5672834934242368,-4.067650650788329,-5.904587586541754,5.392669215561182,1.1723955439626543,1.4096682987573033,0.43939824140709277,-2.6317058135077502,-1.5574724680220344,-7.094553818315127,-8.057457698783155,1.859609474930516,-0.5312460016803375,4.871240282625199,0.5838617910428063,-5.825366492509742,-4.001116850884915,10.029660618296733,1.7792240043109822,0.7168557128405711,2.239954449030543,2.4588184920691227,-5.205649340473359,3.087867640142921,-2.0086512335467006,1.445968247699005,2.177485709711526
0.5617516950655632,1.264730074690975,-0.27736209100486775,-0.1255190591994119,-0.46109384372315915,-1.1408483776575757,0.5708596912338465,0.8120339991198916,0.6557039044927279,-0.7231874790542868,1.3963375601091015,1.23206065465571,-0.2987300508196208,1.3057091664008753,0.16077166317471686,-0.24865113001505268,0.13751116065756658,-0.5846571315484147,1.1440028053327707,-0.2657693423762869,-0.5543093288844234,-0.931665122068139,0.7046648377670633,0.25486365113657555,0.11396612495466614,1.3178226962957171,-0.5577834274666583,0.4938914853740987,0.46888385601852495,0.19339805940115348,-0.5061446555300108,-0.7314344442754664,0.6612857848770994,0.1436778747316198,0.16830309282180408,0.05972884052123598,-0.31515005461119805,-0.18778776744533593,-0.8716721992631125,-0.9914262291936532,0.22375025859849604,-0.07674207358853483,0.5980016927257285,0.07893997127756087,-0.7131287296569444,-0.49318535946859554,1.2316787650129315,0.224093560919274,0.0894682351539702,0.2777025131585179,0.2989795733618013,-0.6390453519572038,0.3803379008489423,-0.2491718382475655,0.1844424002188615,0.26794946845937867
-0.6643352819803106,-2.618718452748763,0.04526196115616244,0.11248425547060915,0.8476346505943192,1.718130518478827,-1.1926805510938066,-1.793964566684438,-1.6277373027676432,1.2011077184693555,-2.4672475909732356,-2.321576999508416,0.09050263700365724,-1.9791205106198795,-0.24865113001505268,0.744910200278239,-0.6351142297271424,0.8164987871366898,-2.353559656812497,-0.06350178684302023,1.21718834652844,1.794033275499405,-0.7314891349286596,-0.015557399630476905,0.4430097634066682,-2.2872231558146527,1.1760000700592537,-1.4760477357397745,-1.575177497808889,-0.46878196922589344,1.597044631159002,1.9178569923606688,-1.073841635358062,-0.3501454928603983,0.15050271307624208,-0.5623343205790794,-0.04382762458597969,0.08483381975944697,1.4843708754966283,1.7364352087440091,0.21644091072817015,1.0875432128378613,-0.9192191649145727,-0.8029447917815219,0.9110296544340607,0.8248219251812451,-1.9231948924455449,-0.7706605971783278,-0.32736014065982383,-0.82885486221347,-0.18999289211372525,0.9120181180139284,-0.7205067752981125,0.5783806483867614,-0.8951786342859165,-0.5635984596441213
0.2416092618151925,1.8770277443642245,0.21820981074321308,-0.0036098996124225868,-0.5568867408760955,-0.9289325294042016,0.8541667564442692,1.3364283796943968,1.2967643777253386,-0.7228641556330706,1.58316097551943,1.5519242493896372,0.18372407725165074,1.0851179362814,0.13751116065756658,-0.6351142297271424,0.621773831327906,-0.40412619709305947,1.6801450282695813,0.33994728194532803,-0.9044480199645736,-1.2288723335431633,0.18384553682960755,-0.23891947079697656,-0.6345925130495068,1.4257068382687694,-0.8509072371133738,1.2737436431665807,1.4184153465898774,0.3716041869073469,-1.4132882843649421,-1.5739797271820708,0.63668153818821,0.2831624471539597,-0.3405825286844044,0.6064577467728519,0.35081285323180433,0.07548407480693713,-0.9172335678429857,-1.0957597369819079,-0.4818099684866323,-1.2133655555221332,0.5086896444387093,0.8790149584481024,-0.3867921596031485,-0.49318584168417673,1.0817270257725546,0.6921795633593905,0.3042722603404719,0.7210873104422616,-0.06544946005662855,-0.45845910114995514,0.4858569272233342,-0.44316158160121655,0.8809573868425941,0.4116872234482352
-2.0997436845048307,-4.460942820478165,1.0987281057892153,0.471669152130488,1.6516995483657622,4.172651544772828,-2.0054507553942864,-2.834457689690489,-2.2519955204214033,2.6205259825256877,-5.035411186209878,-4.395430577390389,1.177328070213833,-4.778658210873431,-0.5846571315484147,0.8164987871366898,-0.40412619709305947,2.1579499007823584,-4.037852448646481,1.075030396480339,1.9369835059143008,3.322228578149751,-2.6558154752060887,-1.0107974324478042,-0.5623794008285642,-4.745319498218994,1.9609526235858767,-1.6380357938594896,-1.5161355003521795,-0.6693004929143704,1.6644336564359765,2.492889945378502,-2.4059919940981467,-0.5005619518633276,-0.7110473798927982,-0.10594143856727957,1.2821189371505597,0.7372089296136428,3.152025035336073,3.5704566539503695,-0.9419415456436362,0.05002999355544602,-2.1834043684229583,-0.12923906673975083,2.6468898450796283,1.7803494878800428,-4.489727342727605,-0.7147155099343284,-0.2845451543836966,-0.9259779019164429,-1.154115119093014,2.3464151355288188,-1.3577645081705565,0.8618915360786643,-0.5298355174778144,-0.946782377878194
3.6762337700635292,10.120182748275345,-1.3422482360881611,-0.748034444955911,-3.513350176828483,-8.06603249366237,4.5730806673477264,6.67634052683067,5.6970986479602415,-5.300317525835061,10.502006857601733,9.47206045815928,-1.521546452252106,9.266669156134698,1.1440028053327707,-2.353559656812497,1.6801450282695813,-4.037852448646481,9.12870039093873,-1.1033895233383528,-4.546077827258109,-7.2439861728139325,4.442783031441084,1.1786059636433697,-0.201774895242576,9.804909885604877,-4.494165093916642,4.7032701097568115,4.755619811296464,1.6672884120320897,-4.972459354936416,-6.534269915643707,4.815997859615014,1.2505389623363465,0.5275852334288468,1.194420890657074,-1.3929018905445425,-1.0127819321175777,-6.453519535162019,-7.411257962831319,0.6572698163747719,-2.135468658406057,4.259071085446894,1.686929976324449,-4.774028843086048,-3.611478737028415,8.820375140320799,2.289145817761454,0.9550857641615708,2.6543995880196736,1.6851423653213176,-4.429866958323076,2.9344419110528075,-2.093162148886628,2.318195598400342,2.166685836204406
-1.198871983176343,-1.1979620883759123,0.9709437526347037,0.32546359483354065,0.5803008557529032,1.9397457257019273,-0.5330913994227019,-0.6211377464426344,-0.25662082094343563,1.0788404174632857,-1.8716622409598496,-1.4784489926876818,0.9889221835952197,-2.1950504520817584,-0.2657693423762869,-0.06350178684302023,0.33994728194532803,1.075030396480339,-1.1033895233383528,1.0782433939463851,0.43235631880745234,1.0547029507726469,-1.6369866620861648,-0.9369479332354934,-1.0120357446185224,-1.8449432217724764,0.5024763518488671,0.14087803226584344,0.3697192759122835,-0.08787585391713938,-0.2669615316324393,0.14194368636780422,-1.0135964749262725,-0.0566152212261944,-0.8231279152814713,0.5259270305664172,1.2193687169853036,0.5752809260904517,1.24834860308813,1.3614410406256992,-1.1282661853240892,-1.1646619986511875,-0.992531076294222,0.7834308063945593,1.4309569286875312,0.7361677387768705,-2.0067347156591646,0.1919526944322539,0.108541402808531,0.0852947357088873,-0.8558515083842958,1.1560684686769684,-0.4484754424820122,0.15321978426472901,0.5080621751619098,-0.23802733435643803
-1.7359820082594344,-5.043857004474771,0.5683764956772702,0.34392154148583115,1.73057196184351,3.8973169184836403,-2.281729314658265,-3.3498435114171334,-2.891348767056442,2.585778531100554,-5.152918190553292,-4.677092620033591,0.6558489739202702,-4.479584509137751,-0.5543093288844234,1.21718834652844,-0.9044480199645736,1.9369835059143008,-4.546077827258109,0.43235631880745234,2.2808100383668966,3.5850306838057038,-2.074217757490385,-0.48747420382432183,0.23086488077604694,-4.802398890926717,2.244281601263944,-2.4311784464930972,-2.487146504613722,-0.8436589338588605,2.5845438387637807,3.335289763599782,-2.343882818261907,-0.6338907204054773,-0.16806567962828226,-0.6802925243072672,0.5592990812499286,0.44684008429959404,3.1564685175064233,3.634114757179551,-0.19700786826657538,1.2434942305730636,-2.0619255605650353,-0.9645118499443932,2.271192282056271,1.762419582308289,-4.274934825187566,-1.1993362674131873,-0.5034841080410705,-1.3713316645219291,-0.7576178883409682,2.129678175793245,-1.4501490876703713,1.054680123599536,-1.2537187084144976,-1.081116581931685
-3.064501857568907,-8.026359337643385,1.2211919207463713,0.6329737858723079,2.8184337113133093,6.589058317835533,-3.62063950054936,-5.260192435721788,-4.439563104038652,4.293075518219551,-8.463032839145058,-7.578486656500115,1.363415648762072,-7.568651467813603,-0.931665122068139,1.794033275499405,-1.2288723335431633,3.322228578149751,-7.2439861728139325,1.0547029507726469,3.5850306838057038,5.789117482520809,-3.740703049252741,-1.081403688975889,-0.04340103665169122,-7.904513733921567,3.5572698217038816,-3.596467919668244,-3.594713049934111,-1.3036556560619745,3.785830304898583,5.067793886737466,-3.910826535966532,-0.9803442114082098,-0.5684606054671094,-0.8155592175757072,1.3162029951944099,0.8971251064735231,5.216646230290425,5.972657263997561,-0.7198899100441707,1.415633974980028,-3.4730231596167833,-1.1488166459377482,3.9547456494910147,2.919694660211004,-7.180999792184287,-1.7214545554851868,-0.7166974485956381,-2.0333331836873314,-1.4641941902449072,3.634644246188098,-2.34800556364255,1.6402571832364676,-1.6847311721935483,-1.7177485318718644
2.6722483028218122,4.895446823017273,-1.5973770381491148,-0.632062044464168,-1.8916517095815806,-5.054208464522719,2.196961339597882,3.0290701621267666,2.2698454041276452,-3.093100131093593,5.828683384619926,4.995867955712218,-1.6824249239084716,5.773971786275967,0.7046648377670633,-0.7314891349286596,0.18384553682960755,-2.6558154752060887,4.442783031441084,-1.6369866620861648,-2.074217757490385,-3.740703049252741,3.450725475178587,1.4948223239251948,1.116662968927608,5.537696978018925,-2.137564174955541,1.4611464232970577,1.2137375053568031,0.681758849221327,-1.4136649666928558,-2.4305927106465557,2.8540334741946176,0.5048540906294341,1.1468389291225696,-0.20589141613885933,-1.915567170169449,-1.0287442455805769,-3.6919731653846526,-4.151240217603137,1.540504170057188,0.6286247404075775,2.6314176956318636,-0.3321890210926039,-3.3221446374950556,-2.1027537519999857,5.391505088570132,0.5615164460465061,0.20529552370016602,0.823672303281864,1.5832195790168182,-2.8798351955943056,1.5385638104075325,-0.9010217993733097,0.20399874396284493,1.0300022526953545
1.1069962740827572,1.284813999406473,-0.8512156253394488,-0.2976674298306467,-0.5838488312430898,-1.8487847383637133,0.5761170814719794,0.7064622754266237,0.3716219389112723,-1.0498139849747936,1.8531328204343676,1.5037031707616562,-0.8720570370733957,2.0933283346836546,0.25486365113657555,-0.015557399630476905,-0.23891947079697656,-1.0107974324478042,1.1786059636433697,-0.9369479332354934,-0.48747420382432183,-1.081403688975889,1.4948223239251948,0.8238072074338817,0.8414539172466182,1.8209950828146875,-0.5464389152768396,0.011196927926548802,-0.1811381741412798,0.11858226574276577,0.09142634732544945,-0.2946686733825449,0.9800318851595559,0.07811593041606775,0.7028497395142812,-0.40691643663386434,-1.057625257859735,-0.5068119525542194,-1.2220821347958375,-1.3457794696364536,0.9673119909894708,0.9160911509071982,0.9497244149871564,-0.6117445788734348,-1.3315432386385937,-0.7198262073368311,1.9280473683358506,-0.09480284220442321,-0.06597041024597998,-0.0011629629942336392,0.7639436364566875,-1.0922591843493048,0.45642788479980273,-0.18749725768401018,-0.3603978884537591,0.25818047536089794
0.7514726619138284,-0.2517248767176085,-0.8601888667588683,-0.2354466871138135,-0.09377342534721553,-0.8857569698412883,-0.1286407251256059,-0.35537825412450347,-0.5996336991944324,-0.367186175768772,0.44578935420591675,0.15422958418280663,-0.8543462760853393,0.9875095609838276,0.11396612495466614,0.4430097634066682,-0.6345925130495068,-0.5623794008285642,-0.201774895242576,-1.0120357446185224,0.23086488077604694,-0.04340103665169122,1.116662968927608,0.8414539172466182,1.1500192117997108,0.504741040498271,0.1462632294916271,-0.8841543433409049,-1.1423077096933625,-0.1587655020503926,1.0576468318008339,0.8500377742113019,0.37513585505719343,-0.1246988829753793,0.8276476062021363,-0.7687436642540253,-1.1368488047438647,-0.4833165062115712,-0.3774718282753505,-0.3494710510078287,1.1355481810360037,1.6199887319258783,0.4325376346124781,-1.1243167382776265,-0.836067861372868,-0.24501478678824845,0.8408603981311491,-0.5720115405157994,-0.2655022213272347,-0.4993672296889539,0.6821494095015567,-0.5842882988321134,0.03938517819719548,0.15745961176991546,-0.9226809437627722,-0.07057987720843552
4.474838068907742,10.85313448530349,-2.005818105270679,-0.9692172559896304,-3.8826847989052244,-9.33621725351071,4.900038048669437,7.042635535521287,5.817815807148326,-5.998810538409353,11.69678367645888,10.408109413245661,-2.194839201558539,10.700538394157105,1.3178226962957171,-2.2872231558146527,1.4257068382687694,-4.745319498218994,9.804909885604877,-1.8449432217724764,-4.802398890926717,-7.904513733921567,5.537696978018925,1.8209950828146875,0.504741040498271,10.993420037777435,-4.799844319440429,4.557172343356629,4.449135164723662,1.710659247188607,-4.733898545855312,-6.565414723932635,5.472329377168365,1.2757005979520235,1.0956276568519165,0.8172531027108946,-2.2260227640486683,-1.4014187242599048,-7.258125132303844,-8.285935877347486,1.438503454357441,-1.3034800677954952,4.908057519425361,1.123356241666231,-5.723223211622985,-4.089576998131519,10.130090847435149,2.13320437138998,0.8691730309418484,2.565931953156492,2.2642822067996784,-5.191165035710007,3.2174098702674216,-2.1782559628296245,1.941617399854323,2.30983040545644
-1.7765422142828213,-4.98409480485339,0.6253342752465021,0.3597089384048105,1.7231992687571567,3.9282860946992555,-2.2540531723982857,-3.2962378342893546,-2.823640245062547,2.590196650140825,-5.140424934946658,-4.650069729090915,0.7128846678412093,-4.512509128340078,-0.5577834274666583,1.1760000700592537,-0.8509072371133738,1.9609526235858767,-4.494165093916642,0.5024763518488671,2.244281601263944,3.5572698217038816,-2.137564174955541,-0.5464389152768396,0.1462632294916271,-4.799844319440429,2.2153332876354908,-2.3468325364845266,-2.382665515702447,-0.8249788268454714,2.4845870975925903,3.244171462555806,-2.350566177976248,-0.6182398019805903,-0.2256227067108881,-0.6191846327881786,0.6365156386990545,0.47656931010471343,3.1562064691708667,3.6288075748212894,-0.27848778447109335,1.115930971145423,-2.075942188598579,-0.8740225955991672,2.3126347758983536,1.7662864138786047,-4.301188983865346,-1.1489391365585628,-0.4795932250088247,-1.3228979194352348,-0.800427338159802,2.1538567568853297,-1.440611329692269,1.0346946427419148,-1.1772858744211372,-1.066970615360753
1.3264403899364503,5.233448588577538,-0.08394851088653738,-0.21018262058799103,-1.6932898147299364,-3.430411905002101,2.37251215456894,3.5805628993204333,3.259741378969171,-2.4013895749353518,4.954933009090731,4.630621712904966,-0.17810111459189804,3.964391908306704,0.4938914853740987,-1.4760477357397745,1.2737436431665807,-1.6380357938594896,4.7032701097568115,0.14087803226584344,-2.4311784464930972,-3.596467919668244,1.4611464232970577,0.011196927926548802,-0.8841543433409049,4.557172343356629,-2.3468325364845266,2.9564445185075847,3.159980060762807,0.9436388882871025,-3.2129180515782108,-3.8523224033157906,2.155609434271919,0.7139096081723139,-0.2995440567238066,1.1205873779343283,0.07515729843924013,-0.179760594004507,-2.972490017913753,-3.4687567530764642,-0.44875836800580393,-2.1715692040361843,1.8352971798404654,1.6115970144814893,-1.8176240553780327,-1.636752537689132,3.8373206090681684,1.5329070354660657,0.66001670383636,1.6713524275525038,0.37765526692815976,-1.8162856885066325,1.4413661101056219,-1.1535626243056536,1.787863067585951,1.1334076611137474
1.159860218221612,5.2979213018561895,0.10883933429715996,-0.15479096111009572,-1.674765991051816,-3.2378823144376714,2.4032606435989563,3.6652562952948715,3.400235643754971,-2.323670092316416,4.86769091028856,4.601891753921582,0.01356698883614538,3.7519330948916405,0.46888385601852495,-1.575177497808889,1.4184153465898774,-1.5161355003521795,4.755619811296464,0.3697192759122835,-2.487146504613722,-3.594713049934111,1.2137375053568031,-0.1811381741412798,-1.1423077096933625,4.449135164723662,-2.382665515702447,3.159980060762807,3.4230447013434167,0.9817134930207286,-3.4588919952421096,-4.0526035511507335,2.077090170259564,0.745803268637101,-0.48442671548049115,1.2938195487608357,0.32772517491042436,-0.07433503474102304,-2.8945109569756027,-3.3961949905238593,-0.7063485309317782,-2.5372159244106056,1.741330967256823,1.8674266233326189,-1.633225445749799,-1.5824820302349567,3.6539023045871315,1.66171254857619,0.7216036042558337,1.7883705861976835,0.2255692317053722,-1.6879061114996863,1.4352933643995447,-1.1902244321295805,1.9964830921470156,1.151959379756038
0.5823184848991331,1.8512673335988639,-0.14870144603968855,-0.10656893399566356,-0.6231742364948452,-1.358874728336238,0.8356682841758106,1.2404013919338184,1.0924891104265286,-0.9164353185374072,1.8510340559264749,1.6891091873815822,-0.18271377422411095,1.5672834934242368,0.19339805940115348,-0.46878196922589344,0.3716041869073469,-0.6693004929143704,1.6672884120320897,-0.08787585391713938,-0.8436589338588605,-1.3036556560619745,0.681758849221327,0.11858226574276577,-0.1587655020503926,1.710659247188607,-0.8249788268454714,0.9436388882871025,0.9817134930207286,0.3190642887442377,-1.0138321709253446,-1.272798954535568,0.8302687146034565,0.24180391430638082,0.0069785573854062085,0.2964807853670265,-0.13272561631811025,-0.13328178562759033,-1.1242504151073827,-1.2983016043258386,-0.006191062715232346,-0.5572475147211068,0.7212191983438848,0.42549181641784406,-0.7707465362817213,-0.622345625739031,1.499144619953855,0.4721646543884626,0.20175935221163044,0.5351500442408441,0.2305969396452436,-0.7348221233070837,0.5250574552824101,-0.39377207438195,0.5160706994247198,0.39971313549802256
-1.3111733128716734,-5.535881507785118,-0.009536190750207474,0.18766431540841122,1.7711249278660248,3.5113662070804907,-2.506453546377552,-3.8063374209591982,-3.5006405513509438,2.487385736418695,-5.176898824867053,-4.852281360513927,0.09079209366314671,-4.067650650788329,-0.5061446555300108,1.597044631159002,-1.4132882843649421,1.6644336564359765,-4.972459354936416,-0.2669615316324393,2.5845438387637807,3.785830304898583,-1.4136649666928558,0.09142634732544945,1.0576468318008339,-4.733898545855312,2.4845870975925903,-3.2129180515782108,-3.4588919952421096,-1.0138321709253446,3.5096748598211454,4.158632973805945,-2.23170680612261,-0.7721179889522407,0.4062500093220662,-1.2633488893514877,-0.2002572935947582,0.1410293161709216,3.0898182464583557,3.6114479569371283,0.6061135175326501,2.465185738618298,-1.8828112553272713,-1.825303297827944,1.818836241205463,1.6900135464044268,-3.941909825569083,-1.673458139194195,-0.7270060144786765,-1.8216951115335005,-0.32103258078959346,1.8444879972555952,-1.5134376393876088,1.2309740366948978,-1.983237442175381,-1.2036108394060625
-2.1167812985105385,-7.261895728789389,0.40875830232822635,0.3700769864206597,2.4088708064709015,5.1167860428787035,-3.284000595662986,-4.905196152607718,-4.374919779927459,3.4970087507676024,-7.11570296998324,-6.550863973308604,0.5389467861213465,-5.904587586541754,-0.7314344442754664,1.9178569923606688,-1.5739797271820708,2.492889945378502,-6.534269915643707,0.14194368636780422,3.335289763599782,5.067793886737466,-2.4305927106465557,-0.2946686733825449,0.8500377742113019,-6.565414723932635,3.244171462555806,-3.8523224033157906,-4.0526035511507335,-1.272798954535568,4.158632973805945,5.126403005769971,-3.1570487247156196,-0.9646757230390642,0.13842750049671831,-1.311293324592223,0.28403222530833017,0.4202758401774748,4.304147950057205,4.98873156830904,0.24928896667175138,2.4981725651014117,-2.7233034783018844,-1.8834191830893117,2.8352330360102984,2.377598232666151,-5.670789720894892,-1.955267769768539,-0.8383571880665327,-2.1814242175495338,-0.7615490859662819,2.747105953597843,-2.037680423293586,1.5652755113772718,-2.1959181523120486,-1.5691568697449887
2.2889506908682935,5.327653056529897,-1.0804005961148175,-0.49614713487933704,-1.9255156086568332,-4.701955171120357,2.398142521091394,3.434030579194685,2.8087626183332257,-3.0005283985443194,5.8326744923607166,5.147727253775478,-1.174667283061634,5.392669215561182,0.6612857848770994,-1.073841635358062,0.63668153818821,-2.4059919940981467,4.815997859615014,-1.0135964749262725,-2.343882818261907,-3.910826535966532,2.8540334741946176,0.9800318851595559,0.37513585505719343,5.472329377168365,-2.350566177976248,2.155609434271919,2.077090170259564,0.8302687146034565,-2.23170680612261,-3.1570487247156196,2.746087149216751,0.6232389519602073,0.6315834716861601,0.3176497247123292,-1.2286337755548038,-0.7498322174965477,-3.6256130092494465,-4.12575366836807,0.8252303263292754,-0.4656902182479118,2.4679937898328577,0.4356324411541147,-2.9135888414586075,-2.0385875644922034,5.086808727149352,0.9864885439850948,0.4029579660747974,1.2194982993591474,1.1907313994548998,-2.6221778653954364,1.5925830925723001,-1.0567738059631389,0.8566292847655613,1.1355354580280943
0.4317801885676882,1.3889077293663774,-0.10548816238020915,-0.0740895105780964,-0.4663441300978195,-1.0134194794046012,0.6241028407260661,0.9306652891645505,0.824050500081137,-0.6856138068645048,1.3921489540838607,1.262747008502899,-0.1311969160539121,1.1723955439626543,0.1436778747316198,-0.3501454928603983,0.2831624471539597,-0.5005619518633276,1.2505389623363465,-0.0566152212261944,-0.6338907204054773,-0.9803442114082098,0.5048540906294341,0.07811593041606775,-0.1246988829753793,1.2757005979520235,-0.6182398019805903,0.7139096081723139,0.745803268637101,0.24180391430638082,-0.7721179889522407,-0.9646757230390642,0.6232389519602073,0.18622462236727416,0.0015415378719479305,0.22560305941947806,-0.09650683446066508,-0.10062030123605684,-0.8429754308252194,-0.9712133578852028,-0.015386635492552255,-0.4261288174993297,0.5379362833836384,0.32744067816781464,-0.5725581973815891,-0.46187756604737823,1.1171181270881436,0.3547144479854962,0.15441034065752604,0.4080333286309314,0.16876149122438588,-0.5462819182801408,0.3939417316979873,-0.2953021590196004,0.39120892205715413,0.30176720346347885
0.8224795141095577,0.5646678129845137,-0.7299224699273499,-0.22745724500589762,-0.3288123868240445,-1.2463061698253282,0.2442832175557473,0.2340667650754253,-0.017521089191666103,-0.6618080715984656,1.1043474147893502,0.8141493264631119,-0.7380789256536647,1.4096682987573033,0.16830309282180408,0.15050271307624208,-0.3405825286844044,-0.7110473798927982,0.5275852334288468,-0.8231279152814713,-0.16806567962828226,-0.5684606054671094,1.1468389291225696,0.7028497395142812,0.8276476062021363,1.0956276568519165,-0.2256227067108881,-0.2995440567238066,-0.48442671548049115,0.0069785573854062085,0.4062500093220662,0.13842750049671831,0.6315834716861601,0.0015415378719479305,0.6458926317344282,-0.4745352844340089,-0.9357136394615905,-0.4293886424507668,-0.7550140933973802,-0.8051020019102534,0.8804291750318254,1.0284513256602155,0.6323537428219173,-0.6983983846425477,-0.9660600324236381,-0.4467724231367654,1.2685975835891123,-0.2499017346278876,-0.12370231105437099,-0.1693618858536549,0.6245391057795017,-0.7562704956555804,0.2462888236495691,-0.03933633572085321,-0.5045164131339792,0.10860987744277703
-0.0581212956887836,1.3429075305599114,0.40010820210938014,0.0642161567888467,-0.3490417402569236,-0.36677573947492736,0.6175173349101066,1.0091008717615784,1.0521025553740977,-0.38031468524295264,0.9333820776095446,1.0051827812733445,0.3763936525412501,0.43939824140709277,0.05972884052123598,-0.5623343205790794,0.6064577467728519,-0.10594143856727957,1.194420890657074,0.5259270305664172,-0.6802925243072672,-0.8155592175757072,-0.20589141613885933,-0.40691643663386434,-0.7687436642540253,0.8172531027108946,-0.6191846327881786,1.1205873779343283,1.2938195487608357,0.2964807853670265,-1.2633488893514877,-1.311293324592223,0.3176497247123292,0.22560305941947806,-0.4745352844340089,0.6380347413436653,0.575689211017946,0.1960652288134735,-0.5079264727467111,-0.6382001398027078,-0.6578054437834563,-1.2989534640117768,0.2166099000910372,0.9246408930602276,-0.015249129427751541,-0.26329965779180153,0.48371275190140833,0.6378215984587193,0.2829348470505127,0.6314368024736,-0.24543856525918878,-0.1384151490440134,0.31667007636323646,-0.34564875066102124,0.8682456266214574,0.2976320226994609
