V1,V2,V3,V4,V5,V6,V7
2.1785837221933364,6.334738789604744,3.023715147102586,-1.8284993959800433,0.6240298032598688,-4.229702430233916,2.6408761341108176
6.334738789604744,18.664503838207715,8.997226266245614,-5.393587667341858,2.3864923520520738,-12.640750153702353,8.116725651902595
3.023715147102586,8.997226266245614,4.400876496890647,-2.614636664568119,1.365924327747405,-6.17855063167502,4.026365838107039
-1.8284993959800433,-5.393587667341858,-2.614636664568119,1.5639196355594647,-0.710558399649121,3.666059343269927,-2.3506355352773975
0.6240298032598688,2.3864923520520738,1.365924327747405,-0.710558399649121,1.5426590584303481,-2.0242240709424357,1.7824046304966517
-4.229702430233916,-12.640750153702353,-6.17855063167502,3.666059343269927,-2.0242240709424357,8.70547488553261,-5.733920269922295
2.6408761341108176,8.116725651902595,4.026365838107039,-2.3506355352773975,1.7824046304966517,-5.733920269922295,3.9900368292407835
