V1,V2,V3,V4,V5,V6,V7
19.881268387618494,58.868284686934594,28.49724761134914,-17.024890710523437,8.204468018269795,-40.092536869396874,26.00075104101121
58.868284686934594,174.5388534996276,84.56780331928506,-50.480873010779185,24.77554727162401,-119.0307441520469,77.37963572144253
28.49724761134914,84.56780331928506,41.25203667190622,-24.559096454040795,12.30766052786189,-57.881995166367915,37.539278545946075
-17.024890710523437,-50.480873010779185,-24.559096454040795,14.639940090756014,-7.235409062229008,34.49335839232085,-22.36400958381422
8.204468018269795,24.77554727162401,12.30766052786189,-7.235409062229008,4.6334469862576215,-17.32180642321079,11.570217492167787
-40.092536869396874,-119.0307441520469,-57.881995166367915,34.49335839232085,-17.32180642321079,81.40317095943138,-52.940415639514065
26.00075104101121,77.37963572144253,37.539278545946075,-22.36400958381422,11.570217492167787,-52.940415639514065,34.703668582502615
