V1,V2,V3,V4,V5,V6,V7
0.5220492657822077,0.8410673480239858,0.1573211517694528,-0.22648975301631352,-1.4471151660857728,-0.06858797101282245,-0.5851662716769063
0.8410673480239858,1.7835455617985927,0.6114489566517486,-0.4995513203722753,-1.3235497815429826,-0.7088672579365837,-0.17471751753126222
0.1573211517694528,0.6114489566517486,0.35371825710433835,-0.18015507246588666,0.4161718487081271,-0.5225858180207035,0.47354601621467984
-0.22648975301631352,-0.4995513203722753,-0.18015507246588666,0.1407420796093353,0.3122114816838229,0.21774806142806305,0.013548773337160031
-1.4471151660857728,-1.3235497815429826,0.4161718487081271,0.3122114816838229,6.398845550892678,-1.2195950100160557,3.4416136933954067
-0.06858797101282245,-0.7088672579365837,-0.5225858180207035,0.21774806142806305,-1.2195950100160557,0.8454540908926422,-0.9974485629741179
-0.5851662716769063,-0.17471751753126222,0.47354601621467984,0.013548773337160031,3.4416136933954067,-0.9974485629741179,2.043158264748557
