V1,V2,V3,V4,V5,V6,V7
19.54775721090446,57.87730325446703,28.021207666030655,-16.740225106619665,8.062632287453484,-39.41875117067085,25.557527722218413
57.87730325446703,171.59735183427875,83.15608329545077,-49.636012138133225,24.360191693872014,-117.03251789064947,76.06779477477464
28.021207666030655,83.15608329545077,40.55202257593749,-24.144372311147517,12.096267718260767,-56.90837730119731,36.916349999495665
-16.740225106619665,-49.636012138133225,-24.144372311147517,14.393537372213512,-7.110547318165152,33.91320831274091,-21.989416458395528
8.062632287453484,24.360191693872014,12.096267718260767,-7.110547318165152,4.579488701426865,-17.034003208393905,11.396194240888821
-39.41875117067085,-117.03251789064947,-56.90837730119731,33.91320831274091,-17.034003208393905,80.03590260734151,-52.05535644123244
25.557527722218413,76.06779477477464,36.916349999495665,-21.989416458395528,11.396194240888821,-52.05535644123244,34.12248827017308
