V1,V2,V3,V4,V5,V6,V7
1.7524398596226167,5.06928281065289,2.404614765686426,-1.4603487325055182,0.4362515562968291,-3.361681701314063,2.0781320440312583
5.06928281065289,14.90880814129111,7.160892396077101,-4.301044221922298,1.835616664836265,-10.066274735704564,6.450177886006376
2.404614765686426,7.160892396077101,3.517481192425571,-2.086345952312169,1.1078700405657749,-4.930603696671562,3.2093963968647734
-1.4603487325055182,-4.301044221922298,-2.086345952312169,1.2484666389572032,-0.5541549587077125,2.9212821038594283,-1.8646153359947506
0.4362515562968291,1.835616664836265,1.1078700405657749,-0.5541549587077125,1.48089707070286,-1.6574969460831426,1.5442056076070565
-3.361681701314063,-10.066274735704564,-4.930603696671562,2.9212821038594283,-1.6574969460831426,6.948893052642428,-4.591809805309208
2.0781320440312583,6.450177886006376,3.2093963968647734,-1.8646153359947506,1.5442056076070565,-4.591809805309208,3.2561536611333652
