V1,V2,V3,V4,V5,V6,V7
0.4438174265438764,0.7866150288471666,0.19331836695121418,-0.21485879531844623,-1.061950005907579,-0.15804930267404468,-0.3688812219275331
0.7866150288471666,1.8003877484479553,0.6824905854880748,-0.5081506250043953,-0.9255388678532855,-0.8472432465343064,0.0756061142613492
0.19331836695121418,0.6824905854880748,0.3742816800402644,-0.2005208839606505,0.34452611733134725,-0.5456801708769574,0.4536923053036131
-0.21485879531844623,-0.5081506250043953,-0.2005208839606505,0.144318623463696,0.21438188240104059,0.2547784277346994,-0.04934017980526061
-1.061950005907579,-0.9255388678532855,0.34452611733134725,0.21438188240104059,4.80383059234013,-0.9594786805370764,2.607365673276094
-0.15804930267404468,-0.8472432465343064,-0.5456801708769574,0.2547784277346994,-0.9594786805370764,0.8494253456464015,-0.8877175520298011
-0.3688812219275331,0.0756061142613492,0.4536923053036131,-0.04934017980526061,2.607365673276094,-0.8877175520298011,1.6223198153415026
