V1,V2,V3,V4,V5,V6,V7,V8,V9,V10,V11,V12,V13,V14,V15,V16,V17,V18,V19,V20,V21,V22,V23,V24,V25,V26,V27,V28,V29,V30,V31,V32,V33,V34,V35,V36,V37,V38,V39,V40,V41,V42,V43,V44,V45,V46,V47,V48,V49,V50,V51,V52,V53,V54,V55,V56
4767839.3774120975,3326723.8004272836,8436962.992814701,17164239.427268468,-16977548.768414572,64721919.034686156,12249577.564207688,-67333273.44807872,-14032600.882039716,-20130836.798259072,-53508712.83497209,-21017259.405355185,-1361717.1558822172,-79358079.72528969,3180014.687213465,-37238864.96574571,-8165267.543790198,-29568197.98148709,35586445.31908762,-43049846.932038024,17908270.693494003,21924553.453992385,-21457385.84127628,-6659372.814799619,30825243.04771488,51593110.24648053,28123194.725766968,-15404201.217365181,-6511001.153558984,-15906104.892014835,-2372320.1039806646,-20302230.875354785,28402146.744912833,31233852.51330051,-18316458.493428875,2138782.8383991704,24933426.243656587,-13656571.060913261,-4154071.715317429,-35609145.40037854,-14066049.65583346,-5740242.066320976,-4203298.454625856,9352081.601119636,-27627432.417275924,-22063736.84327252,18665917.922045615,611192.3191035832,-20005241.796110682,44235529.95272993,-32878056.541601114,-15417890.760132842,27620867.54666523,-24760438.110989425,11446421.570696289,-22608332.49988042
3326723.8004272836,2321196.666254873,5886828.752054037,11976219.64364019,-11845957.781774437,45159236.791153975,8547052.44882727,-46981289.75781471,-9791142.661900556,-14046140.882850343,-37335306.113092735,-14664636.137267565,-950128.2459922044,-55371508.01224283,2218831.168978164,-25983140.411409732,-5697254.282265331,-20630989.663496133,24830177.433499258,-30037709.37610608,12495362.580327889,15297693.712741204,-14971730.982772773,-4646528.10697468,21508083.9474435,35998707.90934714,19622749.757300284,-10748166.43010955,-4543002.308636806,-11098365.516598266,-1655268.4294241108,-14165730.255216083,19817385.80048234,21793188.13866664,-12780172.016009968,1492320.0142486442,17397111.940012105,-9528771.049025886,-2898473.370239067,-24846014.991731703,-9814481.080075346,-4005211.3574440596,-2932819.7950559864,6525345.368112014,-19276835.185762215,-15394808.0561831,13024004.54432393,426454.780401561,-13958508.002121074,30865011.564378757,-22940419.001863055,-10757718.715077952,19272254.265909955,-17276411.35801658,7986655.484828532,-15774795.154669452
8436962.992814701,5886828.752054037,14929694.93094525,30373106.43281184,-30042747.364222325,114529159.36156422,21676337.232951768,-119150100.62216452,-24831494.324412987,-35622671.29312315,-94686747.93464646,-37191249.58426976,-2409638.1145044123,-140428683.380492,5627216.960768868,-65896313.1500977,-14448909.0940639,-52322626.55297946,62972264.183376,-76179177.96984777,31689715.975969125,38796758.15503387,-37970078.14137917,-11784145.08236451,54547042.454492815,91296974.98945428,49765611.95161806,-27258619.27689535,-11521589.926922698,-28146764.326688226,-4197955.636269114,-35925965.192616925,50259230.26047845,55270100.31459765,-32412024.893103093,3784700.4327355,44121129.898604944,-24166089.941507608,-7350872.907531616,-63012426.84006834,-24890682.752098918,-10157689.737574236,-7437976.4667973025,16549047.005465927,-48888331.4360297,-39043052.04610544,33030412.510566007,1081539.4250705661,-35400424.2054726,78277315.85845327,-58179612.66801479,-27282846.3223687,48876712.82319084,-43815020.520717725,20255102.11058536,-40006743.01244454
17164239.427268468,11976219.64364019,30373106.43281184,61791333.38474111,-61119246.94870683,232999187.58037716,44098536.699272476,-242400074.1558182,-50517423.42583259,-72471096.83800368,-192631598.84796324,-75662224.37083797,-4902188.812862175,-285689425.0792858,11448064.732503021,-134060073.63190277,-29394996.873324294,-106445639.36528213,128111358.26979151,-154979631.8117987,64469852.33755779,78928486.43991706,-77246680.97737932,-23973772.484745223,110971009.20513032,185735417.57591012,101243623.09068966,-55455189.84364385,-23439631.095423814,-57262043.01484885,-8540361.413035752,-73088118.32747473,102247848.44458027,112442004.95177034,-65939327.488118805,7699628.51411926,89760439.80582875,-49163716.33490117,-14954679.833404472,-128193072.64207594,-50637838.12643709,-20664897.261963673,-15131890.713974016,33667534.610870294,-99458876.09322982,-79429548.05978796,67197382.0534781,2200294.4729228066,-72018954.75061966,159248099.13108563,-118361145.35635169,-55504474.69632741,99435240.94601527,-89137684.65490621,41207167.56478078,-81390092.54851101
-16977548.768414572,-11845957.781774437,-30042747.364222325,-61119246.94870683,60454470.66701088,-230464923.78024513,-43618890.27746351,239763559.6186644,49967960.210336305,71682849.75992651,190536401.6422472,74839268.5463531,4848869.250828413,282582064.6532788,-11323547.322866194,132601941.47180471,29075275.981499113,105287861.2999006,-126717928.76778717,153293963.57763806,-63768632.72654381,-78070004.40323979,76406491.44140108,23713016.94449946,-109764010.21816047,-183715227.7745629,-100142425.9824719,54852019.92764097,23184685.002520937,56639220.28501253,8447470.299530115,72293160.27621013,-101135728.38829933,-111219006.36736533,65222124.5824889,-7615882.011579854,-88784141.64049283,48628977.165801466,14792022.509443691,126798753.80951305,50087065.10196933,20440131.335263155,14967305.410607886,-33301342.762822278,98377091.10448976,78565616.19730808,-66466495.57703267,-2176362.469041153,71235625.53136891,-157516004.33335456,117073765.91057424,54900768.94531159,-98353712.88572109,88168160.27585964,-40758969.34430396,80504836.21668516
64721919.034686156,45159236.791153975,114529159.36156422,232999187.58037716,-230464923.78024513,878579878.0050577,166284220.68796933,-914028197.3848561,-190488181.950655,-273269822.88052374,-726364108.5094136,-285302745.1171549,-18484891.86774934,-1077261177.0298436,43167698.94906553,-505505981.06968457,-110840954.4595323,-401379067.34288967,483074911.85775524,-584388240.2925047,243099196.0526014,297618976.94671285,-291277322.0008668,-90398918.52706479,418443073.22513247,700360381.9599566,381763606.91721183,-209107225.47772083,-88384805.62111878,-215920400.3138068,-32203500.042638186,-275596454.42391896,385550278.03817964,423989818.90646774,-248640204.76058373,29033315.776532497,338463478.99173754,-185383703.76692137,-56390247.51447552,-483383028.28558725,-190942233.48147193,-77922002.26879169,-57058457.1828165,126951595.44842026,-375033785.3537835,-299508352.1677762,253384003.15926194,8296742.675840337,-271564912.1825545,600483534.4061494,-446309370.1817798,-209293068.95617616,374944661.3554368,-336115233.375774,155381607.92715767,-306901057.34445304
12249577.564207688,8547052.44882727,21676337.232951768,44098536.699272476,-43618890.27746351,166284220.68796933,31471747.951572634,-172993338.44962552,-36052702.261010595,-51720349.40099905,-137475138.8589072,-53997759.070098065,-3498539.553691516,-203887589.10859975,8170123.619284641,-95674474.00097111,-20978287.139540136,-75966917.33885969,91429064.26887305,-110604105.68361026,46010114.39561834,56328787.6367083,-55128535.73120602,-17109331.717221126,79196533.82394463,132553547.27826728,72254402.67979756,-39576630.88003648,-16728129.452929156,-40866123.54656367,-6094987.40145413,-52160700.02090812,72971084.27746843,80246337.32900374,-47058830.551873416,5494984.541439087,64059212.042770095,-35086605.47867704,-10672689.588248596,-91487376.28268938,-36138637.60980452,-14747890.665228829,-10799154.81955387,24027465.13563814,-70980684.20693865,-56686380.29368198,47956663.95145681,1570280.8112846112,-51397670.13981865,113650379.8393865,-84470641.41810751,-39611805.951641165,70963815.23315611,-63614773.57544459,29408264.99797846,-58085557.63729656
-67333273.44807872,-46981289.75781471,-119150100.62216452,-242400074.1558182,239763559.6186644,-914028197.3848561,-172993338.44962552,950906760.5193384,198173864.37646356,284295520.55095065,755670933.5632782,296813938.45183903,19230707.121855684,1120725749.2071986,-44909398.863068946,525901778.8400427,115313086.98599961,417573626.06487346,-502565676.5343883,607966723.7964376,-252907590.39232892,-309627096.9208123,303029573.37062,94046270.02090017,-435326118.2256362,-728618027.3204365,-397166734.79631215,217544135.95129722,91950893.3142898,224632204.1078568,33502824.167280745,286716025.2266955,-401106188.0722903,-441096660.0844167,258672163.99593514,-30204731.38393651,-352119564.1598952,192863434.1804419,58665441.05538146,502886225.0649148,198646235.73232043,81065944.0132838,59360611.58273477,-132073748.57335025,390165383.19342875,311592703.25698537,-263607361.88099253,-8631493.81720406,282521821.28855926,-624711419.2074924,464316744.91151226,217737477.53297076,-390072663.3986525,349676572.98149484,-161650835.0807594,319283684.23445493
-14032600.882039716,-9791142.661900556,-24831494.324412987,-50517423.42583259,49967960.210336305,-190488181.950655,-36052702.261010595,198173864.37646356,41300453.582441874,59248650.139275245,157485712.87975726,61857552.83778866,4007778.347965394,233565015.9439494,-9359349.957920102,109600638.18050984,24031841.010043137,87024493.44616674,-104737274.27831507,126703395.23081733,-52707243.85028076,-64527881.0347556,63152923.16213498,19599726.815092076,-90724204.16903625,-151847748.0073677,-82771592.2181693,45337317.912965804,19163039.569096025,46814507.84550576,6982161.056519776,59753095.739713766,-83592594.61509182,-91926814.80196103,53908610.712303996,-6294821.50265013,-73383529.99590297,40193732.55824635,12226179.874608843,104804078.34472845,41398898.22238546,16894560.05918657,12371057.086564273,-27524849.13810368,81312474.50899708,64937523.50065826,-54937131.374068044,-1798847.7570056114,58879002.073745385,-130193075.90310644,96766000.04215418,45377611.25244043,-81293151.25338738,72874398.00840002,-33688866.23494271,66540363.56902928
-20130836.798259072,-14046140.882850343,-35622671.29312315,-72471096.83800368,71682849.75992651,-273269822.88052374,-51720349.40099905,284295520.55095065,59248650.139275245,84996707.33361405,225925263.85064185,88739376.58529076,5749463.345767112,335066827.1926596,-13426701.710541217,157230473.39166966,34475508.89496293,124843272.2164106,-150253606.35567656,181765683.0843767,-75612560.38266626,-92570166.12279235,90597684.21691513,28117302.280924045,-130150788.79768778,-217837174.28764346,-118742160.65294993,65039840.04228969,27490841.857558466,67158982.23164397,10016442.781561939,85720372.46720497,-119919952.02080743,-131876025.48101473,77336013.4676398,-9030401.180029668,-105274270.28976989,57660973.93790272,17539386.36070378,150349443.47197267,59389876.75399895,24236534.43354961,17747225.245614976,-39486494.88587688,116648945.177651,93157829.26179099,-78811505.02132116,-2580584.4153338587,84466418.87378521,-186771895.2381609,138818206.0383474,65097643.26629685,-116621224.91232753,104543880.8709644,-48329247.44592423,95457226.15299842
-53508712.83497209,-37335306.113092735,-94686747.93464646,-192631598.84796324,190536401.6422472,-726364108.5094136,-137475138.8589072,755670933.5632782,157485712.87975726,225925263.85064185,600520034.3850814,235873458.15358678,15282346.653209567,890623463.1448731,-35688805.93229572,417926030.7501561,91637530.93496099,331839318.8126419,-399381190.99308425,483141775.9643678,-200981760.88101473,-246055877.40364966,240812927.19986638,74737120.51127578,-345946951.1443872,-579021505.9913058,-315622277.6322508,172878968.67703116,73071956.12267184,178511746.42262572,26624177.183129396,227848802.2087744,-318752899.43031514,-350532711.7144235,205562777.7793914,-24003234.414794743,-279823985.1200336,153265596.49717867,46620522.16529416,399635924.13227105,157861098.7958555,64421855.49750815,47172961.75584987,-104956970.75915146,310058411.35012597,247617914.68650952,-209484703.13806513,-6859314.829985087,224515732.54888886,-496448528.116179,368985354.5681888,173032614.99261194,-309984727.8768169,277882578.5915407,-128461425.15568347,253729817.94975883
-21017259.405355185,-14664636.137267565,-37191249.58426976,-75662224.37083797,74839268.5463531,-285302745.1171549,-53997759.070098065,296813938.45183903,61857552.83778866,88739376.58529076,235873458.15358678,92646847.95363544,6002630.50746502,349820862.91518897,-14017920.670636421,164153821.06110492,35993572.56885363,130340510.43340716,-156869741.5914459,189769391.92047256,-78942017.33776042,-96646318.9675221,94586982.5208055,29355395.26625032,-135881734.19315055,-227429223.64579913,-123970748.42734075,67903746.6684406,28701348.97820938,70116200.6056456,10457497.614927176,89494907.59397551,-125200400.65358134,-137682938.3978667,80741358.60064593,-9428038.230138727,-109909823.93483646,60199966.888909936,18311701.38504752,156969796.84741384,62004997.781279296,25303744.936617844,18528690.32855925,-41225208.51992876,121785361.97848341,97259859.0005262,-82281820.37296088,-2694215.433693888,88185738.01467715,-194996044.23659408,144930804.4396711,67964095.90559399,-121756420.61175452,109147274.08417745,-50457335.053393774,99660504.81556463
-1361717.1558822172,-950128.2459922044,-2409638.1145044123,-4902188.812862175,4848869.250828413,-18484891.86774934,-3498539.553691516,19230707.121855684,4007778.347965394,5749463.345767112,15282346.653209567,6002630.50746502,388913.2816415396,22665048.822299328,-908227.0401998858,10635599.023055382,2332039.364781309,8444819.566782743,-10163660.64868405,12295242.966750829,-5114688.541917745,-6261757.951649088,6128332.620047397,1901949.3760161954,-8803838.251450205,-14735240.380704768,-8032120.10460125,4399513.831406591,1859573.0064252357,4542859.370462414,677545.745748584,5798414.85014098,-8111789.347534467,-8920539.059919074,5231268.256069597,-610846.9568367305,-7121106.093247033,3900382.9021312073,1186423.8523846383,10170142.36172561,4017331.2155982875,1639441.0618123165,1200481.8154777742,-2670999.6921384376,7890527.860478167,6301509.607474654,-5331075.326131488,-174559.33995694868,5713592.926262521,-12633880.601885604,9390131.347681748,4403424.254869886,-7888652.496419788,7071700.584030106,-3269153.285285292,6457048.18183215
-79358079.72528969,-55371508.01224283,-140428683.380492,-285689425.0792858,282582064.6532788,-1077261177.0298436,-203887589.10859975,1120725749.2071986,233565015.9439494,335066827.1926596,890623463.1448731,349820862.91518897,22665048.822299328,1320872096.5109277,-52929606.28095912,619820669.8838718,135906433.48058546,492146585.34484833,-592317056.6456358,716541296.4773929,-298073439.1293401,-364922277.05079067,357146525.72435373,110841651.46614935,-513069429.7226436,-858739278.1359075,-468095300.67056835,256394554.34994286,108372070.24313581,264748455.8515704,39485972.5047454,337919600.11282694,-472738287.9741885,-519870511.7560412,304867488.1913938,-35598884.30951796,-415003320.56945145,227306214.463039,69142287.69902866,592694853.3996284,234121746.83530128,95543216.37642658,69961608.64776929,-155660319.93428248,459843603.3256303,367238913.53439313,-310684045.5473301,-10172961.205521751,332976369.21263486,-736276364.8383342,547237387.8065139,256622423.03936407,-459734325.7301373,412124043.20713615,-190519470.99976304,376303399.8709273
3180014.687213465,2218831.168978164,5627216.960768868,11448064.732503021,-11323547.322866194,43167698.94906553,8170123.619284641,-44909398.863068946,-9359349.957920102,-13426701.710541217,-35688805.93229572,-14017920.670636421,-908227.0401998858,-52929606.28095912,2120980.304441509,-24837275.153922215,-5446003.6957313875,-19721156.100524314,23735157.766410965,-28713036.60639294,11944312.68276593,14623060.269065958,-14311472.615435423,-4441614.311639658,20559569.811489116,34411152.869177975,18757379.602107387,-10274168.782929925,-4342654.562079829,-10608924.391123774,-1582270.749370756,-13541016.757127402,18943432.720686045,20832100.827339914,-12216562.434941141,1426507.9855409504,16629893.7450864,-9108548.66521175,-2770648.9885700317,-23750298.025058236,-9381659.339182978,-3828579.958167147,-2803481.785765038,6237575.298231979,-18426720.08615927,-14715891.681318607,12449642.032912089,407648.0752110008,-13342933.382274404,29503853.851739787,-21928738.64088816,-10283299.345835935,18422341.48719854,-16514515.55502074,7634441.130898286,-15079121.640261304
-37238864.96574571,-25983140.411409732,-65896313.1500977,-134060073.63190277,132601941.47180471,-505505981.06968457,-95674474.00097111,525901778.8400427,109600638.18050984,157230473.39166966,417926030.7501561,164153821.06110492,10635599.023055382,619820669.8838718,-24837275.153922215,290851524.56476325,63774241.77782083,230940321.27815863,-277945424.4403156,336237783.6992334,-139871286.17184162,-171240176.0387325,167591396.25054437,52012565.9532849,-240758389.1099269,-402964341.6687039,-219654229.97795868,120313423.85171072,50853711.87929732,124233500.91714698,18528835.451047864,158569140.48792467,-221832956.38507167,-243949804.2513434,143059400.71385893,-16704815.402592199,-194740760.0415784,106663689.03482608,32445094.371571187,278122705.12178856,109861884.61130837,44833758.538259186,32829560.823025443,-73043774.80620225,215782111.9298412,172327260.34932503,-145788826.46472803,-4773673.057041155,156249523.77261657,-345498486.5048365,256791740.48713037,120420351.8299029,-215730833.07343435,193389656.4111836,-89401469.42983118,176580780.122543
-8165267.543790198,-5697254.282265331,-14448909.0940639,-29394996.873324294,29075275.981499113,-110840954.4595323,-20978287.139540136,115313086.98599961,24031841.010043137,34475508.89496293,91637530.93496099,35993572.56885363,2332039.364781309,135906433.48058546,-5446003.6957313875,63774241.77782083,13983608.937320512,50637671.29296296,-60944355.0492106,73725966.6547553,-30669205.48559164,-37547378.882065825,36747320.631758116,11404656.979834143,-52790452.59608755,-88356921.70904496,-48162999.73487199,26380805.201832104,11150558.587472081,27240350.465200637,4062768.758616721,34769034.5279908,-48640723.81245137,-53490225.736910194,31368255.347994134,-3662820.345652107,-42700289.82380477,23387863.6517923,7114149.080258286,60983227.921873346,24089123.99381234,9830579.030843955,7198450.955459473,-16016114.498404004,47313970.78213976,37785740.835769065,-31966729.434517775,-1046710.7037660686,34260418.598823525,-75756535.81543279,56306043.201530084,26404250.60699982,-47302727.26892765,42404036.43640099,-19602822.766761057,38718399.196722716
-29568197.98148709,-20630989.663496133,-52322626.55297946,-106445639.36528213,105287861.2999006,-401379067.34288967,-75966917.33885969,417573626.06487346,87024493.44616674,124843272.2164106,331839318.8126419,130340510.43340716,8444819.566782743,492146585.34484833,-19721156.100524314,230940321.27815863,50637671.29296296,183369958.51611876,-220692690.8649356,266977668.15630728,-111059826.16499153,-135967178.88861206,133069994.91339725,41298730.32448502,-191165646.45377126,-319959521.1785537,-174408638.58517486,95530600.38093899,40378583.48893987,98643198.38433568,14712163.628861051,125906193.21403165,-176138578.98046228,-193699676.28171906,113591235.3408206,-13263865.24106976,-154626982.85789216,84692513.25334932,25761874.545884084,220833454.45841318,87231926.92273234,35598653.322616294,26067146.628509425,-57997814.66002504,171334120.8122026,136830339.54674298,-115758438.9261602,-3790365.5313823856,124064384.00463042,-274330800.1623125,203896359.60249174,95615502.67642635,-171293404.70150313,153554186.93583897,-70986061.00589915,140207695.88752034
35586445.31908762,24830177.433499258,62972264.183376,128111358.26979151,-126717928.76778717,483074911.85775524,91429064.26887305,-502565676.5343883,-104737274.27831507,-150253606.35567656,-399381190.99308425,-156869741.5914459,-10163660.64868405,-592317056.6456358,23735157.766410965,-277945424.4403156,-60944355.0492106,-220692690.8649356,265612013.91834497,-321317735.83284,133664707.97288224,163641650.07177132,-160154779.39703226,-49704586.9162995,230075097.35538968,385083403.25236744,209907403.45212612,-114974695.94366334,-48597154.385478005,-118720824.77722472,-17706645.81469836,-151532872.75778443,211989451.16866142,233124898.2112338,-136711353.875004,15963564.627219427,186099430.41413927,-101930648.43367667,-31005393.178094167,-265781426.1512049,-104986927.96855512,-42844328.128852196,-31372797.756443724,69802567.09246404,-206207104.65883648,-164680496.90389872,139319665.177764,4561848.3197626965,-149316185.0483135,330167509.8940545,-245396992.42910734,-115076879.91723277,206158100.72851062,-184808280.8789711,85434413.57839707,-168745272.42503577
-43049846.932038024,-30037709.37610608,-76179177.96984777,-154979631.8117987,153293963.57763806,-584388240.2925047,-110604105.68361026,607966723.7964376,126703395.23081733,181765683.0843767,483141775.9643678,189769391.92047256,12295242.966750829,716541296.4773929,-28713036.60639294,336237783.6992334,73725966.6547553,266977668.15630728,-321317735.83284,388706394.02739286,-161697660.918826,-197961545.366331,193743387.57102507,60128925.93881785,-278327807.1081841,-465845373.85219204,-253930425.43461248,139087869.96375036,58789237.80055202,143619660.45826152,21420189.05737663,183313243.53604403,-256449134.4238149,-282017230.2982759,165383269.06946012,-19311537.185475986,-225129305.2743053,123308146.0553463,37508025.3730949,321522681.88436073,127005408.3998245,51829893.43844193,37952487.63603023,-84441974.10125595,249454078.4232396,199218264.80121154,-168538611.39088175,-5518586.45049426,180631659.9519101,-399412193.02146316,296863101.44453907,139211483.07178894,-249394798.06851462,223567366.46217087,-103352223.89132266,204135530.45274353
17908270.693494003,12495362.580327889,31689715.975969125,64469852.33755779,-63768632.72654381,243099196.0526014,46010114.39561834,-252907590.39232892,-52707243.85028076,-75612560.38266626,-200981760.88101473,-78942017.33776042,-5114688.541917745,-298073439.1293401,11944312.68276593,-139871286.17184162,-30669205.48559164,-111059826.16499153,133664707.97288224,-161697660.918826,67264480.60675421,82349864.59414229,-80595156.50149985,-25012984.116040606,115781361.87128894,193786643.5825126,105632314.49397497,-57859051.4167403,-24455687.693481747,-59744226.81222125,-8910567.021570815,-76256329.28479697,106680069.52342604,117316122.04868609,-68797653.18084618,8033391.130691495,93651358.90655556,-51294857.292006746,-15602934.283747321,-133749961.95435472,-52832877.83358043,-21560676.104789823,-15787824.518401092,35126949.29692463,-103770202.36138496,-82872646.49062647,70110241.30587196,2295672.2421059795,-75140819.11256522,166151158.422683,-123491843.82843013,-57910473.6868331,103745542.01536499,-93001609.88128865,42993408.96976966,-84918175.38759317
21924553.453992385,15297693.712741204,38796758.15503387,78928486.43991706,-78070004.40323979,297618976.94671285,56328787.6367083,-309627096.9208123,-64527881.0347556,-92570166.12279235,-246055877.40364966,-96646318.9675221,-6261757.951649088,-364922277.05079067,14623060.269065958,-171240176.0387325,-37547378.882065825,-135967178.88861206,163641650.07177132,-197961545.366331,82349864.59414229,100818443.13435452,-98670207.21194969,-30622637.99378977,141747611.57571137,237247114.00142965,129322440.59114273,-70835082.99363515,-29940357.332973927,-73143046.4535636,-10908937.305161772,-93358312.53401653,130605175.8284745,143626571.95456034,-84226881.7468039,9835037.077394482,114654520.32420528,-62798738.67239194,-19102198.87216922,-163746024.92953616,-64681691.082048394,-26396082.03460124,-19328555.30445333,43004859.175789505,-127042713.24182491,-101458469.02879298,85833843.7471733,2810522.0242726943,-91992627.50898165,203413826.81709257,-151187321.12775472,-70898037.31788287,127012522.58902335,-113859051.81394775,52635527.300979994,-103962748.42024727
-21457385.84127628,-14971730.982772773,-37970078.14137917,-77246680.97737932,76406491.44140108,-291277322.0008668,-55128535.73120602,303029573.37062,63152923.16213498,90597684.21691513,240812927.19986638,94586982.5208055,6128332.620047397,357146525.72435373,-14311472.615435423,167591396.25054437,36747320.631758116,133069994.91339725,-160154779.39703226,193743387.57102507,-80595156.50149985,-98670207.21194969,96567745.82713854,29970131.863229547,-138727258.3242557,-232191860.65118587,-126566842.46002765,69325731.48296767,29302389.23428262,71584516.95192145,10676490.05163088,91369036.81726237,-127822245.2403021,-140566181.88046703,82432178.25551368,-9625472.4375516,-112211465.75522405,61460625.29296064,18695169.84856361,160256930.28012872,63303455.837268606,25833635.21722664,18916703.12406514,-42088513.10890151,124335691.46658637,99296595.45099165,-84004899.17079075,-2750635.5209429814,90032451.77290183,-199079491.9729433,147965826.87790644,69387344.36192574,-124306144.1260321,111432947.04100703,-51513971.28799688,101747513.75835133
-6659372.814799619,-4646528.10697468,-11784145.08236451,-23973772.484745223,23713016.94449946,-90398918.52706479,-17109331.717221126,94046270.02090017,19599726.815092076,28117302.280924045,74737120.51127578,29355395.26625032,1901949.3760161954,110841651.46614935,-4441614.311639658,52012565.9532849,11404656.979834143,41298730.32448502,-49704586.9162995,60128925.93881785,-25012984.116040606,-30622637.99378977,29970131.863229547,9301333.8643988,-43054481.983256906,-72061542.00659212,-39280454.9856051,21515478.941727825,9094097.002225177,22216500.265244443,3313485.126387144,28356694.692848954,-39670072.8337861,-43625198.21149523,25583109.512015775,-2987298.7197522665,-34825213.76639725,19074516.78862253,5802111.118973324,49736288.40093884,19646444.910197828,8017557.774860413,5870863.438025407,-13062314.89865676,38588009.475136,30817039.92724733,-26071208.651608173,-853669.0744950353,27941880.555124782,-61785005.06122971,45921703.20767752,21534601.27536997,-38578838.98953121,34583598.471255384,-15987538.264539504,31577690.337498374
30825243.04771488,21508083.9474435,54547042.454492815,110971009.20513032,-109764010.21816047,418443073.22513247,79196533.82394463,-435326118.2256362,-90724204.16903625,-130150788.79768778,-345946951.1443872,-135881734.19315055,-8803838.251450205,-513069429.7226436,20559569.811489116,-240758389.1099269,-52790452.59608755,-191165646.45377126,230075097.35538968,-278327807.1081841,115781361.87128894,141747611.57571137,-138727258.3242557,-43054481.983256906,199292756.5391326,333562101.3721018,181823350.43785146,-99591934.79256955,-42095215.75476314,-102836859.42358126,-15337628.01408566,-131258898.81242388,183626835.67254984,201934516.67254075,-118420389.20466833,13827758.116654117,161200707.58048338,-88293084.00416349,-26857101.577131856,-230221843.5912022,-90940456.06558405,-37112074.925843865,-27175350.24452809,60463501.56444461,-178618124.17504293,-142647468.39632997,120679727.82472204,3951506.8737000967,-129338787.49740186,285993547.0114049,-212564695.7672483,-99680447.26711544,178575676.63398984,-160082304.22338986,74003922.9834061,-146168407.15260977
51593110.24648053,35998707.90934714,91296974.98945428,185735417.57591012,-183715227.7745629,700360381.9599566,132553547.27826728,-728618027.3204365,-151847748.0073677,-217837174.28764346,-579021505.9913058,-227429223.64579913,-14735240.380704768,-858739278.1359075,34411152.869177975,-402964341.6687039,-88356921.70904496,-319959521.1785537,385083403.25236744,-465845373.85219204,193786643.5825126,237247114.00142965,-232191860.65118587,-72061542.00659212,333562101.3721018,558292623.4097958,304323046.8741343,-166689927.87233263,-70455991.53470136,-172121054.04351458,-25671036.168378506,-219691849.30147144,307341594.3212306,337983692.44113135,-198203662.00386488,23143921.712630913,269806329.2702044,-147778710.2884487,-44951512.70511937,-385329019.7659937,-152209695.6396831,-62115562.20038469,-45484177.62710187,101199526.64646626,-298958366.42755955,-238753230.20456782,201985183.42965475,6613752.620321209,-216478103.78231594,478675744.72434527,-355775733.986579,-166838072.54468805,298887321.54433614,-267934423.47711572,123862525.07222523,-244646329.27220568
28123194.725766968,19622749.757300284,49765611.95161806,101243623.09068966,-100142425.9824719,381763606.91721183,72254402.67979756,-397166734.79631215,-82771592.2181693,-118742160.65294993,-315622277.6322508,-123970748.42734075,-8032120.10460125,-468095300.67056835,18757379.602107387,-219654229.97795868,-48162999.73487199,-174408638.58517486,209907403.45212612,-253930425.43461248,105632314.49397497,129322440.59114273,-126566842.46002765,-39280454.9856051,181823350.43785146,304323046.8741343,165885260.1690002,-90862004.17436443,-38405275.29849752,-93822488.54295489,-13993177.546904774,-119753136.96041454,167530657.44523507,184233541.79616642,-108040012.73021193,12615658.209379874,147070336.5558237,-80553576.67068069,-24502888.320280682,-210041286.65107533,-82968888.17233509,-33858941.55777555,-24793240.540327482,55163452.116180174,-162960994.46604586,-130143418.61788328,110101304.5387984,3605129.6436682246,-118001336.93129641,260924209.37612572,-193931911.29413286,-90942757.78950314,162922267.82790524,-146049968.94420516,67516960.75367637,-133355722.5404302
-15404201.217365181,-10748166.43010955,-27258619.27689535,-55455189.84364385,54852019.92764097,-209107225.47772083,-39576630.88003648,217544135.95129722,45337317.912965804,65039840.04228969,172878968.67703116,67903746.6684406,4399513.831406591,256394554.34994286,-10274168.782929925,120313423.85171072,26380805.201832104,95530600.38093899,-114974695.94366334,139087869.96375036,-57859051.4167403,-70835082.99363515,69325731.48296767,21515478.941727825,-99591934.79256955,-166689927.87233263,-90862004.17436443,49768760.86514144,21036108.453619257,51390337.18424766,7664624.288138094,65593591.905833304,-91763254.75574744,-100912093.19667494,59177844.70385442,-6910101.34123286,-80556317.10017204,44122421.57936409,13421213.136741975,115048030.21590097,45445384.99764907,18545898.888679285,13580251.685613511,-30215233.130885955,89260266.76667123,71284765.41022588,-60306896.98576206,-1974674.0616542075,64634061.12094761,-142918645.08466795,106224279.01496026,49812992.41859727,-89239054.91929427,79997420.3561627,-36981744.83343076,73044273.39019367
-6511001.153558984,-4543002.308636806,-11521589.926922698,-23439631.095423814,23184685.002520937,-88384805.62111878,-16728129.452929156,91950893.3142898,19163039.569096025,27490841.857558466,73071956.12267184,28701348.97820938,1859573.0064252357,108372070.24313581,-4342654.562079829,50853711.87929732,11150558.587472081,40378583.48893987,-48597154.385478005,58789237.80055202,-24455687.693481747,-29940357.332973927,29302389.23428262,9094097.002225177,-42095215.75476314,-70455991.53470136,-38405275.29849752,21036108.453619257,8891478.399881667,21721511.602525458,3239660.1761043146,27724899.817780714,-38786213.44001397,-42653216.29939661,25013111.475304436,-2920740.50363323,-34049299.130202286,18649530.709729966,5672837.172318975,48628151.65002523,19208717.130891178,7838923.9960630275,5740059.620283403,-12771282.72737215,37728257.85699591,30130427.652337376,-25490335.939344987,-834649.269562611,27319328.415334467,-60408417.86047325,44898554.942692205,21054803.88598401,-37719292.24472307,33813066.089389786,-15631331.295985093,30874131.335992865
-15906104.892014835,-11098365.516598266,-28146764.326688226,-57262043.01484885,56639220.28501253,-215920400.3138068,-40866123.54656367,224632204.1078568,46814507.84550576,67158982.23164397,178511746.42262572,70116200.6056456,4542859.370462414,264748455.8515704,-10608924.391123774,124233500.91714698,27240350.465200637,98643198.38433568,-118720824.77722472,143619660.45826152,-59744226.81222125,-73143046.4535636,71584516.95192145,22216500.265244443,-102836859.42358126,-172121054.04351458,-93822488.54295489,51390337.18424766,21721511.602525458,53064748.6588149,7914354.993154671,67730775.97366256,-94753104.72815083,-104200031.52713296,61105990.04612247,-7135247.391063708,-83181020.27982058,45560026.98141411,13858504.829815034,118796550.12338658,46926096.281856894,19150164.899147104,14022726.768304251,-31199711.954748645,92168563.14951043,73607380.28693482,-62271829.58991873,-2039013.4428258445,66739982.0085789,-147575249.7547281,109685300.41310401,51436009.21766223,-92146660.61611052,82603912.64399852,-38186691.530651085,75424217.54069151
-2372320.1039806646,-1655268.4294241108,-4197955.636269114,-8540361.413035752,8447470.299530115,-32203500.042638186,-6094987.40145413,33502824.167280745,6982161.056519776,10016442.781561939,26624177.183129396,10457497.614927176,677545.745748584,39485972.5047454,-1582270.749370756,18528835.451047864,4062768.758616721,14712163.628861051,-17706645.81469836,21420189.05737663,-8910567.021570815,-10908937.305161772,10676490.05163088,3313485.126387144,-15337628.01408566,-25671036.168378506,-13993177.546904774,7664624.288138094,3239660.1761043146,7914354.993154671,1180388.487841526,10101722.907449605,-14131974.806419274,-15540938.653700976,9113667.772231061,-1064188.0903572657,-12406053.476706931,6795061.034018109,2066929.6941559725,17717940.43926597,6998804.034696408,2856155.852256393,2091423.1254568344,-4653288.496435685,13746502.49643046,10978190.411697155,-9287547.272188239,-304109.1970700264,9953950.850327203,-22010146.070141524,16359040.509484928,7671435.831749089,-13743235.982537486,12319980.357217249,-5695363.2428869,11249163.243956612
-20302230.875354785,-14165730.255216083,-35925965.192616925,-73088118.32747473,72293160.27621013,-275596454.42391896,-52160700.02090812,286716025.2266955,59753095.739713766,85720372.46720497,227848802.2087744,89494907.59397551,5798414.85014098,337919600.11282694,-13541016.757127402,158569140.48792467,34769034.5279908,125906193.21403165,-151532872.75778443,183313243.53604403,-76256329.28479697,-93358312.53401653,91369036.81726237,28356694.692848954,-131258898.81242388,-219691849.30147144,-119753136.96041454,65593591.905833304,27724899.817780714,67730775.97366256,10101722.907449605,86450199.4718411,-120940955.2642354,-132998824.21398136,77994455.20856324,-9107286.70809399,-106170579.57372072,58151902.49565433,17688718.484616976,151629524.2283591,59895524.48929948,24442885.662776504,17898325.425408144,-39822684.81653567,117642099.60784926,93950979.28192122,-79482508.92740439,-2602555.490442205,85185569.23096246,-188362079.69491813,140000110.49146563,65651887.92063175,-117614142.9077283,105433972.35374571,-48740724.97790639,96269952.74780165
28402146.744912833,19817385.80048234,50259230.26047845,102247848.44458027,-101135728.38829933,385550278.03817964,72971084.27746843,-401106188.0722903,-83592594.61509182,-119919952.02080743,-318752899.43031514,-125200400.65358134,-8111789.347534467,-472738287.9741885,18943432.720686045,-221832956.38507167,-48640723.81245137,-176138578.98046228,211989451.16866142,-256449134.4238149,106680069.52342604,130605175.8284745,-127822245.2403021,-39670072.8337861,183626835.67254984,307341594.3212306,167530657.44523507,-91763254.75574744,-38786213.44001397,-94753104.72815083,-14131974.806419274,-120940955.2642354,169192376.4787788,186060933.4895598,-109111650.52523342,12740791.10370803,148529111.8741108,-81352578.06378374,-24745928.273392323,-212124664.73997363,-83791847.93647708,-34194784.23749685,-25039162.695287406,55710612.10592516,-164577386.49227235,-131434296.71942802,111193388.41261357,3640888.730857302,-119171779.9661856,263512287.60823885,-195855500.5182468,-91844808.3843005,164538276.36075643,-147498622.20328796,68186653.82006587,-134678464.01681516
31233852.51330051,21793188.13866664,55270100.31459765,112442004.95177034,-111219006.36736533,423989818.90646774,80246337.32900374,-441096660.0844167,-91926814.80196103,-131876025.48101473,-350532711.7144235,-137682938.3978667,-8920539.059919074,-519870511.7560412,20832100.827339914,-243949804.2513434,-53490225.736910194,-193699676.28171906,233124898.2112338,-282017230.2982759,117316122.04868609,143626571.95456034,-140566181.88046703,-43625198.21149523,201934516.67254075,337983692.44113135,184233541.79616642,-100912093.19667494,-42653216.29939661,-104200031.52713296,-15540938.653700976,-132998824.21398136,186060933.4895598,204611295.12284476,-119990131.50991222,14011054.37911818,163337531.9144102,-89463468.47038768,-27213110.554101214,-233273589.75109944,-92145933.27780828,-37604020.54104582,-27535577.900266748,61264986.126133084,-180985828.10106993,-144538356.9740179,122279419.20230648,4003886.7744739107,-131053260.54840575,289784584.71746296,-215382384.4408293,-101001778.93001397,180942817.91117546,-162204303.3252293,74984894.97992252,-148105968.18350187
-18316458.493428875,-12780172.016009968,-32412024.893103093,-65939327.488118805,65222124.5824889,-248640204.76058373,-47058830.551873416,258672163.99593514,53908610.712303996,77336013.4676398,205562777.7793914,80741358.60064593,5231268.256069597,304867488.1913938,-12216562.434941141,143059400.71385893,31368255.347994134,113591235.3408206,-136711353.875004,165383269.06946012,-68797653.18084618,-84226881.7468039,82432178.25551368,25583109.512015775,-118420389.20466833,-198203662.00386488,-108040012.73021193,59177844.70385442,25013111.475304436,61105990.04612247,9113667.772231061,77994455.20856324,-109111650.52523342,-119990131.50991222,70365772.59210533,-8216497.454665407,-95785973.85359044,52464030.69355355,15958573.800363984,136798553.14292932,54037108.651109606,22052112.54715581,16147680.203986252,-35927604.71308279,106135457.29194382,84761579.23364568,-71708279.10636899,-2347998.1359580336,76853519.54493009,-169938274.88545185,126306618.16333139,59230438.210739076,-106110235.4041942,95121413.97795841,-43973366.16664435,86853733.04745641
2138782.8383991704,1492320.0142486442,3784700.4327355,7699628.51411926,-7615882.011579854,29033315.776532497,5494984.541439087,-30204731.38393651,-6294821.50265013,-9030401.180029668,-24003234.414794743,-9428038.230138727,-610846.9568367305,-35598884.30951796,1426507.9855409504,-16704815.402592199,-3662820.345652107,-13263865.24106976,15963564.627219427,-19311537.185475986,8033391.130691495,9835037.077394482,-9625472.4375516,-2987298.7197522665,13827758.116654117,23143921.712630913,12615658.209379874,-6910101.34123286,-2920740.50363323,-7135247.391063708,-1064188.0903572657,-9107286.70809399,12740791.10370803,14011054.37911818,-8216497.454665407,959427.3388472187,11184773.346855028,-6126140.539680683,-1863457.5580160855,-15973745.735622972,-6309825.827110419,-2574989.803084419,-1885538.2696273555,4195208.556887449,-12393266.249806909,-9897472.978003025,8373259.627190045,274171.87045165524,-8974061.220172102,19843418.42865545,-14748620.141258923,-6916243.009460724,12390320.864824353,-11107174.2436241,5134699.153609195,-10141770.032322733
24933426.243656587,17397111.940012105,44121129.898604944,89760439.80582875,-88784141.64049283,338463478.99173754,64059212.042770095,-352119564.1598952,-73383529.99590297,-105274270.28976989,-279823985.1200336,-109909823.93483646,-7121106.093247033,-415003320.56945145,16629893.7450864,-194740760.0415784,-42700289.82380477,-154626982.85789216,186099430.41413927,-225129305.2743053,93651358.90655556,114654520.32420528,-112211465.75522405,-34825213.76639725,161200707.58048338,269806329.2702044,147070336.5558237,-80556317.10017204,-34049299.130202286,-83181020.27982058,-12406053.476706931,-106170579.57372072,148529111.8741108,163337531.9144102,-95785973.85359044,11184773.346855028,130389427.31219281,-71417083.97606806,-21723737.2713849,-186218130.63401696,-73558448.7658806,-30018615.696240727,-21981159.43381311,48906740.988438554,-144477745.09942856,-115382381.6456664,97613471.57504734,3196231.3105608486,-104617471.5931406,231329843.85406363,-171935900.0906338,-80627910.63116942,144443411.47409225,-129484790.06676999,59859098.49635995,-118230342.67648904
