V1,V2,V3,V4,V5,V6,V7,V8,V9,V10,V11,V12,V13,V14,V15,V16,V17,V18,V19,V20,V21,V22,V23,V24,V25,V26,V27,V28,V29,V30,V31,V32,V33,V34,V35,V36,V37,V38,V39,V40,V41,V42,V43,V44,V45,V46,V47,V48,V49,V50,V51,V52,V53,V54,V55,V56
5.453961647482418,14.288927757284394,-15.379825586931561,4.7460749578654395,12.05963467692928,29.440015659494943,57.86687839461938,-5.936481303635364,1.7017932732057544,-0.5699969130580312,13.023666769187031,16.980747528122045,-22.83374376956231,-9.554391798609165,-23.700923170528448,39.398310555496984,-28.160425361809718,2.192888797933316,-17.61967618335546,-10.862212998192492,1.4917682410658022,6.111575630162744,22.27690921526252,-3.3988242546161187,-9.27837573392694,5.573220709554982,5.098916025943057,27.357130776772117,-14.592817184701518,-30.239945307422246,-13.282471856843852,-20.130855758757818,-27.104392109790837,16.045039676897023,1.5144064313168295,2.805871949719231,-11.03750530664226,-16.398937492966475,-24.81886868325404,9.017108248297738,19.514126983467996,-11.932228351939727,17.676571892100597,-2.0279457885028185,-20.860711309443378,5.4329050027940795,22.178394794495123,41.68425866063629,5.3892179271242915,27.68885836552979,14.003636046497823,28.3534825030669,-1.648499312967527,27.3783878318298,-11.690102946449622,-40.41093850562352
14.288927757284394,37.513079112305554,-40.47836783677436,12.324584823115497,31.827280436612842,76.80169466688152,151.92967284449145,-15.029123004086111,4.589417480125832,-1.3278120835913927,34.66808426701183,44.79052216042799,-59.97933979014435,-24.433028181343165,-62.2959636282547,103.82468974096989,-73.91670201150565,6.010655862689035,-46.59201238498385,-28.17518543102054,3.7683105357153805,15.872011619010577,58.708775190266834,-8.873541462531783,-24.63686950054252,14.207446583309268,13.159199120960102,72.00494271181938,-38.28463579080726,-79.31493262719921,-34.87687667625061,-52.71837683573946,-71.45051814679452,41.89159087808516,4.133217816702227,7.353800505758678,-29.208932497141987,-42.96958590433833,-65.17129085829944,23.990780311033745,51.387830240514454,-31.301001378481917,46.476885625701385,-5.4068500798925045,-54.57415485765905,14.459837404604261,58.11164818504021,109.5113995298943,14.32770262704254,72.37363190668967,37.068797641949175,74.62276104050021,-4.563968912476458,72.13967856912244,-30.809778204067637,-105.98055099407158
-15.379825586931561,-40.47836783677436,43.81065130407779,-13.121612280929657,-34.56142752129692,-82.23413304153138,-163.95271956259748,15.489448421742923,-5.111397933925064,1.212120029270989,-38.03233450697978,-48.60658601413397,64.76414565029455,25.51331909154807,67.31623045543076,-112.54378487499648,79.7418273890299,-6.817655748103961,50.712870150949435,29.955251936943238,-3.872422802770364,-16.90043610756657,-63.64349343512134,9.510220594140367,26.948283025028783,-14.775558633973557,-13.902189786427586,-77.93694217494705,41.27656020418289,85.48670347931231,37.641727153723245,56.71330156448837,77.48145699589911,-44.89958196570699,-4.665922134122799,-7.918704180488949,31.821263858911305,46.257638829466494,70.34079350057732,-26.30323500306542,-55.6552010876919,33.74256150325149,-50.24252002382804,5.942640822943881,58.636824414872926,-15.860239845451389,-62.55620795430819,-118.2682606854297,-15.694835376146075,-77.67758630226886,-40.39770352596599,-80.76440118086555,5.2337283188021155,-78.18561606772668,33.40151751916145,114.21233132630888
4.7460749578654395,12.324584823115497,-13.121612280929657,4.285913347270961,10.164848101968737,26.085722632482778,49.897097252343684,-5.910083445538331,1.2950698808879217,-0.7310981506833609,10.556234804521912,14.347349247478578,-19.64736814832125,-9.164529359848817,-20.338532858959876,33.42636530880107,-24.308391359354502,1.5312584563850435,-14.722207683059919,-9.85415444085904,1.496967709660744,5.5168883820523416,18.895396494556135,-3.0018424593146467,-7.607876703542686,5.4092991323692665,4.720488729337329,23.33554340304524,-12.623979440516619,-26.188925890338428,-11.447867144154158,-17.550386004055692,-22.962614832159957,14.16854689412205,1.0826705673188646,2.437927973886942,-9.190818685082126,-14.262333811177495,-21.387493756820263,7.325971720876366,16.60862945276072,-10.327337972583605,15.146909453427801,-1.6315211604963973,-18.26558438555656,4.406686618611487,19.291141953199613,35.844906309961004,4.393775855026338,24.334877254381627,11.6457871642645,24.19198202646705,-1.0865431354549206,23.24178599889772,-9.913377714642275,-35.01358005709199
12.05963467692928,31.827280436612842,-34.56142752129692,10.164848101968737,27.362671087793267,64.1098067956176,128.92414412645212,-11.553170957860111,4.1559078899012425,-0.7632889923480708,30.440569224322758,38.455288686170064,-50.96019727933963,-19.328609535492777,-53.011862680940354,88.93121531105037,-62.68403540839567,5.646014500118031,-40.25108319155108,-23.168648723422546,2.8781564485884203,13.09390017535127,50.29436724191281,-7.42199850590467,-21.501882254308633,11.140420602304728,10.675382564833585,61.48678371314385,-32.42533586079128,-67.13224598297856,-29.60372346960587,-44.444279191981565,-61.25143293297925,35.04263824524617,3.8458780404146395,6.212211723728121,-25.281378848685122,-36.27803359094651,-55.32288439800148,21.039515054531435,43.937097566789404,-26.502948824425918,39.583567615751015,-4.765800615769659,-45.888803274936684,12.691949891203274,49.05848409297433,93.07811577893703,12.54226497564302,60.717630592052444,32.106796088539696,63.712285838601225,-4.380923791951481,61.77114505124936,-26.397353608503977,-89.67746637556509
29.440015659494943,76.80169466688152,-82.23413304153138,26.085722632482778,64.1098067956176,160.31296930205045,310.9853777713514,-34.27352552766258,8.629465697628014,-3.7809563326229596,67.97307553126022,90.37435686656741,-122.5874755439156,-54.120550415224734,-127.07834639140655,210.09771138420263,-151.41745029292775,10.707742346743437,-93.28065096390765,-59.83677986606012,8.647979814011537,33.58450132499957,118.78073536309847,-18.478843473992935,-48.687339854055644,31.759512316601743,28.372330985835557,146.26115453190542,-78.54674592398389,-162.85495806482876,-71.36625791081067,-108.76160824549834,-144.4386192497805,87.22692035154479,7.4701937692896525,15.134589507983193,-58.33913507089696,-88.49568812390044,-133.34091939285162,47.11364814599501,104.21920702055075,-64.2408940380536,94.71160721263368,-10.547658960112384,-112.94115480119667,28.364643744527875,119.6911575156946,223.72295792576375,28.20402680248753,150.18049329630065,73.97210006820085,151.60764378926632,-7.856089103530608,146.03965077702122,-62.32507819949954,-217.67858324226324
57.86687839461938,151.92967284449145,-163.95271956259748,49.897097252343684,128.92414412645212,310.9853777713514,615.323443073531,-60.794583463541734,18.603549046470434,-5.355246229327345,140.4707959219546,181.4316833451296,-242.9234879974985,-98.86827099479659,-252.3112456012084,420.5468139060274,-299.36419115162124,24.377199990933995,-188.7443250739531,-114.06528468995297,15.242112100829411,64.25934908626444,237.80311832494954,-35.931657275134974,-99.81747397451349,57.484333988636536,53.2651111344071,291.6477319421751,-155.05101668000927,-321.2191226496193,-141.2537418018279,-213.49428646891437,-289.4168147107816,169.6319705001238,16.760680458589412,29.781557925006002,-118.32838144116661,-174.01772671228565,-263.9485092725958,97.20608636013455,208.14393822759104,-126.76715030775539,188.2428359235294,-21.909018356261793,-221.00223808834184,58.58918995082404,235.33965254953574,443.53634794016654,58.05171554099877,293.07406602099314,150.17088712993285,302.2502907536637,-18.51572352483052,292.2039285397896,-124.79690719577573,-429.2112209442205
-5.936481303635364,-15.029123004086111,15.489448421742923,-5.910083445538331,-11.553170957860111,-34.27352552766258,-60.794583463541734,10.014611269016491,-0.9650149805551377,1.7428718476328229,-10.465722783713455,-16.43274173738942,23.790494077835945,14.459270378477177,24.431388965917307,-38.785748985110175,29.711183359351857,-0.586800651159063,16.26330311592324,13.74158989075784,-2.5730531055194716,-7.600304086636119,-21.90759558204003,3.910383585533791,7.873147384504986,-8.737460010069746,-6.903059409972536,-27.529437920635008,15.52676333675422,32.31331128745551,13.929361552724703,22.06644987080813,26.52384288580933,-18.44835685330287,-0.5254955633048024,-3.036153314976635,10.036839317149216,17.810935215659164,26.011675386698542,-7.328314753651085,-19.461053658624678,12.71969901924286,-18.11664950878191,1.5713195879244979,23.243200290354164,-4.3805794188715135,-24.099248473545714,-43.32367744502599,-4.452900651752149,-31.283701118826695,-12.662923481728157,-28.563357636462058,0.13279122255333622,-27.01659140625924,11.48564517130627,43.25898253530962
1.7017932732057544,4.589417480125832,-5.111397933925064,1.2950698808879217,4.1559078899012425,8.629465697628014,18.603549046470434,-0.9650149805551377,0.7526203949024051,0.1024743852756834,4.990369648675304,5.81054721521495,-7.390365243355641,-1.9673678012051536,-7.736625429146255,13.316926416390341,-9.02178711588906,1.1338166621816073,-6.2259177934808125,-2.9102098144804573,0.22838651338875482,1.6702186102702408,7.535496276062857,-1.0078689642832024,-3.4510867241087673,1.071883961824585,1.2530897088841848,9.09765341088916,-4.642565285158654,-9.586084817427965,-4.276438892092745,-6.242798980567927,-9.201232336436911,4.760814489571977,0.7529797211109797,0.8799979636327642,-3.9378159554050014,-5.12664141409268,-7.9946892340634665,3.434610987924957,6.533402431150627,-3.7901795500132716,5.796266370988642,-0.7916282359137057,-6.375050057494963,2.078083744520207,6.930613280422329,13.5182878712056,2.034513879388386,8.35371701183081,5.013799097243308,9.421176330354083,-0.9293504888886104,9.238147716023889,-3.9570126141583843,-12.790987541479433
-0.5699969130580312,-1.3278120835913927,1.212120029270989,-0.7310981506833609,-0.7632889923480708,-3.7809563326229596,-5.355246229327345,1.7428718476328229,0.1024743852756834,0.4141764748392002,-0.18898775202178966,-1.1269279914829171,2.050422326976671,2.281049258413246,2.0453257507201,-2.8228340718176166,2.645896149524946,0.3395101017610272,0.9204635875429866,1.7412758685424614,-0.4558124280373692,-0.9382278368936022,-1.5888577893929863,0.4218287320401991,0.2664146681259583,-1.4263421140183294,-0.9603446290485291,-2.148912290207745,1.4122882323087385,2.9702087722295283,1.2212799927927616,2.152726229910113,1.8917184596734813,-1.987678022874147,0.1964751046685584,-0.28757004533288116,0.5289047648386646,1.701592840862927,2.276979986546705,-0.15682733304634622,-1.477245012298683,1.162317251514257,-1.4923581139183622,0.01100228747714773,2.3497883526261005,-0.08349315737438458,-2.304830109724884,-3.709298003669555,-0.11679803051543965,-3.255564389256269,-0.6485650969074988,-2.237062092962547,-0.35263579408477097,-1.9818045989436905,0.8304078328683897,3.9936434400237024
13.023666769187031,34.66808426701183,-38.03233450697978,10.556234804521912,30.440569224322758,67.97307553126022,140.4707959219546,-10.465722783713455,4.990369648675304,-0.18898775202178966,34.97394681480436,42.68985888781423,-55.63577860425359,-18.575940857393977,-58.02295592627024,98.35988523580934,-68.2273285067306,7.116224892866383,-45.11874701681832,-23.93489541963828,2.5709145409421965,13.604014964930236,55.63940642667344,-7.895954244670157,-24.4807135507771,10.519059730412245,10.762925834872563,67.67436337464765,-35.21949977386973,-72.83945503662702,-32.269191845960044,-47.90959999678676,-67.83366819599067,37.28706638100768,4.788882773461791,6.71897260792123,-28.42144127585837,-39.200037608707056,-60.31300959567598,24.128803205902557,48.456600312051656,-28.773360137112075,43.38390843159998,-5.506779494537762,-49.25319801316844,14.57421406628153,53.003534143891606,101.67810773211616,14.344713810214534,64.92314217268891,36.13347556021662,70.1063985928204,-5.671587509891275,68.28482943404138,-29.208642047112907,-97.25775634458907
16.980747528122045,44.79052216042799,-48.60658601413397,14.347349247478578,38.455288686170064,90.37435686656741,181.4316833451296,-16.43274173738942,5.81054721521495,-1.1269279914829171,42.68985888781423,54.05224781278946,-71.70583924130837,-27.404611595891467,-74.58063447108978,125.0304469378741,-88.21946840834755,7.866291978924195,-56.540645507467794,-32.7121195648003,4.09675147279085,18.481121620559787,70.708965958549,-10.46045518898868,-30.17258258933027,15.81058155569944,15.094515362373066,86.47289759572648,-45.640378326181995,-94.49857570199194,-41.659411662876344,-62.58761142536112,-86.10755739068391,49.388029915683305,5.363057297726069,8.746362236286634,-35.50592824033898,-51.08001824240674,-77.85159410922603,29.509434686215794,61.78357604446037,-37.305405654988554,55.68399939193384,-6.6809951670467775,-64.63936411347798,17.799840400295228,69.07560682928131,130.96481674638497,17.59464563588843,85.54758421091927,45.088557711293404,89.60419807354624,-6.091401253705925,86.84838604044585,-37.11161479970848,-126.23789051424188
-22.83374376956231,-59.97933979014435,64.76414565029455,-19.64736814832125,-50.96019727933963,-122.5874755439156,-242.9234879974985,23.790494077835945,-7.390365243355641,2.050422326976671,-55.63577860425359,-71.70583924130837,95.91480769638274,38.7857182074742,99.63605980343377,-166.17290524709298,118.17893793706348,-9.719589555188717,74.63966126472896,44.90194700529653,-5.961362704215145,-25.30318984035731,-93.96568898522051,14.166524657149994,39.51143539956238,-22.533561717520083,-20.94233656921833,-115.20713448532109,61.20167119569721,126.78377642086734,55.766952692211106,84.23426654337679,114.36764638339343,-66.88026969717008,-6.67634606200793,-11.752535101741323,46.801763811428465,68.66798170390224,104.20771371542712,-38.49555650661546,-82.23112283231791,50.03614756056135,-74.3416948743675,8.680633843851023,87.17547620247225,-23.204406370177196,-92.865193242172,-175.12985088765294,-22.985626740231954,-115.58038151685237,-59.400185495354144,-119.39363359002802,7.3989641140770415,-115.45654910313782,49.31292809466303,169.4034686338936
-9.554391798609165,-24.433028181343165,25.51331909154807,-9.164529359848817,-19.328609535492777,-54.120550415224734,-98.86827099479659,14.459270378477177,-1.9673678012051536,2.281049258413246,-18.575940857393977,-27.404611595891467,38.7857182074742,21.37614065853527,39.95865025616124,-64.33637420270252,48.25739084228638,-1.7847594279112495,27.53567034859584,21.22066099207929,-3.6980009123108557,-11.789640180378164,-36.35136192968942,6.1950791707276105,13.710545930737938,-12.815405564283614,-10.478399338557173,-45.356336010003936,25.156050927110876,52.28726845178169,22.66502166917909,35.44239067754878,44.078912648943295,-29.23220163796837,-1.3699530695126962,-4.894880416006461,17.07666332555636,28.683706916122024,42.33235883169443,-12.955258554598753,-32.152070151574954,20.596751946364286,-29.682225133056587,2.825863566826521,37.157815656490065,-7.765909776743812,-38.80549879450384,-70.6830014542643,-7.826345608153834,-49.814540250949165,-21.584429054471936,-47.04397713499567,0.9893837579792051,-44.78115603569168,19.06368318632934,69.96206558461687
-23.700923170528448,-62.2959636282547,67.31623045543076,-20.338532858959876,-53.011862680940354,-127.07834639140655,-252.3112456012084,24.431388965917307,-7.736625429146255,2.0453257507201,-58.02295592627024,-74.58063447108978,99.63605980343377,39.95865025616124,103.52103465634045,-172.78674016946798,122.73666350696219,-10.22177694968965,77.68980718257501,46.465431824775195,-6.117593700485018,-26.19407872089069,-97.70729425939444,14.688954512092947,41.176545561442374,-23.19189702770478,-21.637672360446878,-119.74863426719476,63.55238258012907,131.64326596604852,57.92391369156848,87.42188692347919,118.93125992752411,-69.34752863766373,-7.012900619841269,-12.200200017624056,48.72534586451232,71.27872364355717,108.2394468732018,-40.14133727367584,-85.48563036325993,51.95624297587486,-77.24810912613748,9.057320798168133,90.44653771138083,-24.198975681563283,-96.39507821850002,-181.93234266283898,-23.963026613042157,-119.88524349877177,-61.846762252791756,-124.09786688681328,7.802778219923217,-120.0471392915223,51.277293721645414,175.890819595823
39.398310555496984,103.82468974096989,-112.54378487499648,33.42636530880107,88.93121531105037,210.09771138420263,420.5468139060274,-38.785748985110175,13.316926416390341,-2.8228340718176166,98.35988523580934,125.0304469378741,-166.17290524709298,-64.33637420270252,-172.78674016946798,289.3325214712818,-204.51018371931173,17.917338857605536,-130.64356656281018,-76.2536249556929,9.681235270973142,43.055258350519246,163.62319522558218,-24.30919469121962,-69.5928382616575,37.17870267603477,35.27284880428279,200.2153723877635,-105.8274510661737,-219.14161390918798,-96.5591739904107,-145.2428978572667,-199.23224470950223,114.77133488666504,12.234986609241012,20.289762983172714,-82.01330029314066,-118.50739238435236,-180.4433407226136,68.0059169895862,143.01870497721399,-86.50534249127114,128.9882251431965,-15.383122567861813,-150.07422762238056,41.014449946661244,160.25985571098482,303.4814345102104,40.56059327466583,198.69776757148986,104.13495007481094,207.4711578852823,-13.8249748030434,200.98717030066243,-85.8757280609885,-292.75917503794216
-28.160425361809718,-73.91670201150565,79.7418273890299,-24.308391359354502,-62.68403540839567,-151.41745029292775,-299.36419115162124,29.711183359351857,-9.02178711588906,2.645896149524946,-68.2273285067306,-88.21946840834755,118.17893793706348,48.25739084228638,122.73666350696219,-204.51018371931173,145.64968087452678,-11.799111609149296,91.74742735824553,55.5769441653487,-7.451114544764786,-31.304891690795777,-115.64186788218585,17.49331490823847,48.49637130273195,-28.069004510082713,-25.9690038577628,-141.84816115376606,75.4415958997428,156.2972083954522,68.7211995696491,103.90066585137886,140.73659492286842,-82.58485211185767,-8.116616089517706,-14.49230550091236,57.5133763623766,84.68287248378353,128.41272942568008,-47.216323955047436,-101.22836534310508,61.68064579883308,-91.56691995766482,10.639278726285768,107.56790706182035,-28.457560229194588,-114.52458010330768,-215.77054564985096,-28.200254521538838,-142.66262427419676,-72.98789333725533,-147.00601245644864,8.951587669732959,-142.099819208378,60.68742172045832,208.84620731391732
2.192888797933316,6.010655862689035,-6.817655748103961,1.5312584563850435,5.646014500118031,10.707742346743437,24.377199990933995,-0.586800651159063,1.1338166621816073,0.3395101017610272,7.116224892866383,7.866291978924195,-9.719589555188717,-1.7847594279112495,-10.22177694968965,17.917338857605536,-11.799111609149296,1.7937236887234256,-8.561388448949339,-3.3954460405827604,0.11883100882701639,1.9769763355041081,10.142595431932074,-1.2597412739619256,-4.858439746507704,0.8874855338519707,1.3646161638443854,12.138517242813798,-6.04829873371444,-12.463662017079349,-5.608147313494559,-8.015743662787198,-12.407005635585902,5.952832087490532,1.1778176600420125,1.1372628848992845,-5.439616833356675,-6.613242341348647,-10.487137209401617,4.885349133231186,8.747692688592462,-4.9335019982611845,7.6766388867643744,-1.1376334666021597,-8.115493482498474,2.961111743426535,8.938250775024269,17.797950656284286,2.8828122518704085,10.55272928289879,6.937456886048177,12.564749811906223,-1.5046464413600706,12.418621813606675,-5.327859847911484,-16.616554888799858
-17.61967618335546,-46.59201238498385,50.712870150949435,-14.722207683059919,-40.25108319155108,-93.28065096390765,-188.7443250739531,16.26330311592324,-6.2259177934808125,0.9204635875429866,-45.11874701681832,-56.540645507467794,74.63966126472896,27.53567034859584,77.68980718257501,-130.64356656281018,91.74742735824553,-8.561388448949339,59.314436151565346,33.51762672735082,-4.040419981341321,-18.96630898848672,-73.88836891450947,10.807295423563717,31.801442765125504,-15.81323380165633,-15.362478756655747,-90.22500950599546,47.436848684397575,98.18771597661726,43.34403387184696,64.90829837463949,90.0078871529711,-51.02821179366344,-5.8138170013558605,-9.07944017807451,37.28027206670633,53.01059960494747,81.00326194396443,-31.171089441302758,-64.50283621856546,38.76854580925466,-58.02836735186795,7.073400661029009,66.95248351816844,-18.809479011935938,-71.68384751681268,-136.34676210632904,-18.56998532956765,-88.51254796447336,-47.35704116163237,-93.48534499457406,6.6889970198129856,-90.73346383886025,38.78264248447449,131.14902603369873
-10.862212998192492,-28.17518543102054,29.955251936943238,-9.85415444085904,-23.168648723422546,-59.83677986606012,-114.06528468995297,13.74158989075784,-2.9102098144804573,1.7412758685424614,-23.93489541963828,-32.7121195648003,44.90194700529653,21.22066099207929,46.465431824775195,-76.2536249556929,55.5769441653487,-3.3954460405827604,33.51762672735082,22.669208891105782,-3.483606748254304,-12.683812728126698,-43.10354314259002,6.883015664038697,17.277017364864967,-12.542015470528757,-10.885661852578506,-53.27117313552487,28.87051546078574,59.90139685370484,26.168407075051046,40.17646201836089,52.37338633187897,-32.48679638508729,-2.409820361842102,-5.578531196400669,20.914941372693846,32.6394624935876,48.888187936375516,-16.616043241788386,-37.90386345555494,23.619643305703036,-34.59820779791083,3.6954678095457636,41.83648975269198,-9.99255021262121,-44.14861010252122,-81.91310864455167,-9.970267228846634,-55.763982176832705,-26.49704581603039,-55.22821527580556,2.386035227870614,-53.02410714195888,22.613401323377694,80.09055730727552
1.4917682410658022,3.7683105357153805,-3.872422802770364,1.496967709660744,2.8781564485884203,8.647979814011537,15.242112100829411,-2.5730531055194716,0.22838651338875482,-0.4558124280373692,2.5709145409421965,4.09675147279085,-5.961362704215145,-3.6980009123108557,-6.117593700485018,9.681235270973142,-7.451114544764786,0.11883100882701639,-4.040419981341321,-3.483606748254304,0.661673984211663,1.9249429827791835,5.467908684227386,-0.9859867191924404,-1.9430303269580693,2.238098318032777,1.7561739718649785,6.882077473693812,-3.896015216582228,-8.110383716606538,-3.491885567742159,-5.547498768499112,-6.617766867536697,4.651500309933595,0.11419465054263943,0.7626642130564719,-2.4906992628792266,-4.4750618664196375,-6.5204805173482585,1.8019785935090669,4.862037079172998,-3.1920466786293624,4.534631348667445,-0.3847398844194824,-5.849282080682707,1.076410835767733,6.055202224228633,10.854158511804147,1.0964905451457532,7.879438317981862,3.1410230756901676,7.141085055127691,-0.00694686584591212,6.744681925867666,-2.866510386759475,-10.858912391769373
6.111575630162744,15.872011619010577,-16.90043610756657,5.5168883820523416,13.09390017535127,33.58450132499957,64.25934908626444,-7.600304086636119,1.6702186102702408,-0.9382278368936022,13.604014964930236,18.481121620559787,-25.30318984035731,-11.789640180378164,-26.19407872089069,43.055258350519246,-31.304891690795777,1.9769763355041081,-18.96630898848672,-12.683812728126698,1.9249429827791835,7.1014450070245765,24.338525138025886,-3.8649031928124393,-9.80312841903275,6.957964454509962,6.074751664346456,30.05588965368487,-16.257067475151523,-33.725507617732084,-14.743064324771145,-22.59939228650363,-29.577758024415942,18.24218336004097,1.39738440769571,3.1393995221600877,-11.840787994244415,-18.365883591113878,-27.543796618256184,9.440862313856643,21.392222502249304,-13.299400973059555,19.508070168832774,-2.102750871121734,-23.519266205497527,5.678933195628987,24.841545052722758,46.16376928233968,5.661964446834759,31.333022277821634,15.003805300714602,31.1588804723227,-1.4039143615767837,29.936692688704767,-12.769119952100189,-45.08947550842217
22.27690921526252,58.708775190266834,-63.64349343512134,18.895396494556135,50.29436724191281,118.78073536309847,237.80311832494954,-21.90759558204003,7.535496276062857,-1.5888577893929863,55.63940642667344,70.708965958549,-93.96568898522051,-36.35136192968942,-97.70729425939444,163.62319522558218,-115.64186788218585,10.142595431932074,-73.88836891450947,-43.10354314259002,5.467908684227386,24.338525138025886,92.53226041186744,-13.743737828746756,-39.36412363516351,21.004623236131998,19.935516020695886,113.22190769073045,-59.84011452800679,-123.91270089804107,-54.60067645659331,-82.12340720729503,-112.67073921687839,64.88857414368574,6.9252590116347905,11.472516781903309,-46.38539279834795,-67.00765262506529,-102.034202824056,38.46851654159943,80.87828176082076,-48.91427827670573,72.94081877011764,-8.70215796085834,-84.85270643501732,23.200623781731277,90.61568170714705,171.6101446535813,22.94322603857968,112.34188921848877,58.8974860127414,117.32485899057765,-7.827763000527393,113.66176666746316,-48.564546727484846,-165.5389422754476
-3.3988242546161187,-8.873541462531783,9.510220594140367,-3.0018424593146467,-7.42199850590467,-18.478843473992935,-35.931657275134974,3.910383585533791,-1.0078689642832024,0.4218287320401991,-7.895954244670157,-10.46045518898868,14.166524657149994,6.1950791707276105,14.688954512092947,-24.30919469121962,17.49331490823847,-1.2597412739619256,10.807295423563717,6.883015664038697,-0.9859867191924404,-3.8649031928124393,-13.743737828746756,2.1306088140014867,5.6500241286721895,-3.631674519614989,-3.257865970599216,-16.91512302719283,9.072823843070656,18.80933663915507,8.246080752656912,12.55441159338628,16.71426636526804,-10.05740625263427,-0.8771126177320502,-1.7475100890914772,6.761060018202749,10.217258366760499,15.407210130927927,-5.471748987981519,-12.055289592279467,7.42006288873121,-10.949069894695675,1.2260362410170742,13.031936582356032,-3.2947218957383058,-13.81878040657821,-25.85541103126833,-3.2746111114622605,-17.323231090480135,-8.5737513002376,-17.53303205841823,0.9287085143295167,-16.896560220141133,7.211575926058276,25.14031350646551
-9.27837573392694,-24.63686950054252,26.948283025028783,-7.607876703542686,-21.501882254308633,-48.687339854055644,-99.81747397451349,7.873147384504986,-3.4510867241087673,0.2664146681259583,-24.4807135507771,-30.17258258933027,39.51143539956238,13.710545930737938,41.176545561442374,-69.5928382616575,48.49637130273195,-4.858439746507704,31.801442765125504,17.277017364864967,-1.9430303269580693,-9.80312841903275,-39.36412363516351,5.6500241286721895,17.179309386362018,-7.807628181061698,-7.826615433366754,-47.948938875397225,25.049301261994515,51.82191713387066,22.927339947996114,34.150108496038015,47.976671236399795,-26.67970638172139,-3.279888530124058,-4.784650588944626,20.01600363246661,27.922496756882012,42.85070250700616,-16.89802304677342,-34.3127409057543,20.46735331020673,-30.775814075055493,3.8484918669307446,35.15220505330523,-10.203051075310922,-37.75615321721068,-72.19745974327122,-10.05362266376539,-46.38726239556365,-25.439514389075672,-49.67564151965652,3.845510017874389,-48.320925143653966,20.663521141881084,69.20341231429434
5.573220709554982,14.207446583309268,-14.775558633973557,5.4092991323692665,11.140420602304728,31.759512316601743,57.484333988636536,-8.737460010069746,1.071883961824585,-1.4263421140183294,10.519059730412245,15.81058155569944,-22.533561717520083,-12.815405564283614,-23.19189702770478,37.17870267603477,-28.069004510082713,0.8874855338519707,-15.81323380165633,-12.542015470528757,2.238098318032777,6.957964454509962,21.004623236131998,-3.631674519614989,-7.807628181061698,7.703334175001312,6.227654705781897,26.265224330314734,-14.64343427980304,-30.44858613039893,-13.175778006616138,-20.687270730951543,-25.45775512051163,17.135524689001333,0.7033045039299115,2.8537252534485256,-9.792374881443266,-16.728324553768665,-24.607526741025715,7.344834985471361,18.60295150241021,-11.991512692461006,17.218202560914953,-1.5940991553573178,-21.720525372906145,4.399171897706932,22.632308316448015,41.05567810083723,4.4446531152691175,29.155282606680444,12.370417844626404,27.245335080204807,-0.43535197039787155,25.88398082472995,-11.01444294552956,-40.74788213865587
5.098916025943057,13.159199120960102,-13.902189786427586,4.720488729337329,10.675382564833585,28.372330985835557,53.2651111344071,-6.903059409972536,1.2530897088841848,-0.9603446290485291,10.762925834872563,15.094515362373066,-20.94233656921833,-10.478399338557173,-21.637672360446878,35.27284880428279,-25.9690038577628,1.3646161638443854,-15.362478756655747,-10.885661852578506,1.7561739718649785,6.074751664346456,19.935516020695886,-3.257865970599216,-7.826615433366754,6.227654705781897,5.282250701551719,24.720121084377674,-13.506851971197314,-28.042107990023155,-12.216638704472366,-18.879235081067268,-24.205645402505834,15.375179201730015,0.988196987255344,2.616374596422061,-9.566026271613154,-15.316597698528893,-22.821245524330166,7.483170553501138,17.56610247306844,-11.053323132356518,16.097883978623027,-1.6537098462053408,-19.70717571653368,4.495434788203445,20.718882922398773,38.190573200504645,4.500242266185599,26.322458351632154,12.109633409032087,25.632349342491462,-0.908426093819152,24.535879054286102,-10.45736798901921,-37.50331777906241
27.357130776772117,72.00494271181938,-77.93694217494705,23.33554340304524,61.48678371314385,146.26115453190542,291.6477319421751,-27.529437920635008,9.09765341088916,-2.148912290207745,67.67436337464765,86.47289759572648,-115.20713448532109,-45.356336010003936,-119.74863426719476,200.2153723877635,-141.84816115376606,12.138517242813798,-90.22500950599546,-53.27117313552487,6.882077473693812,30.05588965368487,113.22190769073045,-16.91512302719283,-47.948938875397225,26.265224330314734,24.720121084377674,138.6460384040203,-73.42367569805715,-152.06479660587678,-66.95924623099627,-100.87877916849216,-137.84050071051826,79.85962640462328,8.306759736674957,14.085646736214429,-56.61524840670241,-82.28182332964815,-125.12630750584668,46.80321169383308,99.00901447518969,-60.021877492895385,89.37692743466452,-10.574636464411466,-104.29783748122125,28.221464521428572,111.27320075205388,210.38479457665196,27.92648307317759,138.16303818925817,71.87458570031521,143.67575295455163,-9.32019429848717,139.09179377561728,-59.42143654279624,-203.16180330655396
-14.592817184701518,-38.28463579080726,41.27656020418289,-12.623979440516619,-32.42533586079128,-78.54674592398389,-155.05101668000927,15.52676333675422,-4.642565285158654,1.4122882323087385,-35.21949977386973,-45.640378326181995,61.20167119569721,25.156050927110876,63.55238258012907,-105.8274510661737,75.4415958997428,-6.04829873371444,47.436848684397575,28.87051546078574,-3.896015216582228,-16.257067475151523,-59.84011452800679,9.072823843070656,25.049301261994515,-14.64343427980304,-13.506851971197314,-73.42367569805715,39.08096184048494,80.97159932868816,35.59215440137243,53.847308858898,72.8208605210215,-42.83180920583408,-4.164861641537794,-7.50929753843278,29.731072390353617,43.88149458418449,66.50706960072375,-24.376422258733204,-52.39156218296278,31.953257755237725,-47.40902722614057,5.4899731190522685,55.76170980621491,-14.690556001856026,-59.34546702442285,-111.73779907282692,-14.561616954209738,-73.97021180288762,-37.72791229838071,-76.0946342223037,4.577785697099416,-73.53442311348272,31.40296305075357,108.19805709757357
-30.239945307422246,-79.31493262719921,85.48670347931231,-26.188925890338428,-67.13224598297856,-162.85495806482876,-321.2191226496193,32.31331128745551,-9.586084817427965,2.9702087722295283,-72.83945503662702,-94.49857570199194,126.78377642086734,52.28726845178169,131.64326596604852,-219.14161390918798,156.2972083954522,-12.463662017079349,98.18771597661726,59.90139685370484,-8.110383716606538,-33.725507617732084,-123.91270089804107,18.80933663915507,51.82191713387066,-30.44858613039893,-28.042107990023155,-152.06479660587678,80.97159932868816,167.76990295193067,73.7352762038536,111.59101589604361,150.7872408183018,-88.79636852604828,-8.587015044800504,-15.560433971756812,61.53337945703486,90.93185813445959,137.78022806645677,-50.417428498733784,-108.49922519161763,66.20467768897213,-98.19964258707788,11.351885042182213,115.57298026977658,-30.38294257585571,-122.97695814641419,-231.4689373966393,-30.120404752365854,-153.32914850505864,-78.08141990385171,-157.59772215309016,9.421774485139691,-152.2734748748335,65.02663522777667,224.18503110215562
-13.282471856843852,-34.87687667625061,37.641727153723245,-11.447867144154158,-29.60372346960587,-71.36625791081067,-141.2537418018279,13.929361552724703,-4.276438892092745,1.2212799927927616,-32.269191845960044,-41.659411662876344,55.766952692211106,22.66502166917909,57.92391369156848,-96.5591739904107,68.7211995696491,-5.608147313494559,43.34403387184696,26.168407075051046,-3.491885567742159,-14.743064324771145,-54.60067645659331,8.246080752656912,22.927339947996114,-13.175778006616138,-12.216638704472366,-66.95924623099627,35.59215440137243,73.7352762038536,32.42640737626947,49.00331030641226,66.45233769906324,-38.92951231243684,-3.855101595813686,-6.836035788526649,27.17448034445013,39.94342721560744,60.592502908052374,-22.329776672361152,-47.7888934149426,29.099389500581456,-43.216258323905464,5.033382877315859,50.723944483743374,-13.459106567861523,-54.01897067060362,-101.82158315672565,-13.334889819932105,-67.262648206486,-34.48770847996615,-69.39326182925596,4.261753952611784,-67.09070248848978,28.654011810675648,98.52412354898729
-20.130855758757818,-52.71837683573946,56.71330156448837,-17.550386004055692,-44.444279191981565,-108.76160824549834,-213.49428646891437,22.06644987080813,-6.242798980567927,2.152726229910113,-47.90959999678676,-62.58761142536112,84.23426654337679,35.44239067754878,87.42188692347919,-145.2428978572667,103.90066585137886,-8.015743662787198,64.90829837463949,40.17646201836089,-5.547498768499112,-22.59939228650363,-82.12340720729503,12.55441159338628,34.150108496038015,-20.687270730951543,-18.879235081067268,-100.87877916849216,53.847308858898,111.59101589604361,49.00331030641226,74.31076083517029,99.91412348604376,-59.2658802603425,-5.540895405159081,-10.355837826682686,40.653978268231505,60.52764051460444,91.56409512837945,-33.1744244787588,-71.95022930665324,44.03080581869533,-65.19624870921356,7.457578865088074,77.02133065238951,-19.986434019322203,-81.85981053382804,-153.76963598513277,-19.83039854625255,-102.25084177306593,-51.57590744559208,-104.55416431626713,6.0124018547329685,-100.93391914743326,43.09488118925822,149.12723438108506
-27.104392109790837,-71.45051814679452,77.48145699589911,-22.962614832159957,-61.25143293297925,-144.4386192497805,-289.4168147107816,26.52384288580933,-9.201232336436911,1.8917184596734813,-67.83366819599067,-86.10755739068391,114.36764638339343,44.078912648943295,118.93125992752411,-199.23224470950223,140.73659492286842,-12.407005635585902,90.0078871529711,52.37338633187897,-6.617766867536697,-29.577758024415942,-112.67073921687839,16.71426636526804,47.976671236399795,-25.45775512051163,-24.205645402505834,-137.84050071051826,72.8208605210215,150.7872408183018,66.45233769906324,99.91412348604376,137.19686827028164,-78.91382162820113,-8.467453228367742,-13.959313827683042,56.51028100883528,81.52987588317328,124.18240337997993,-46.896601072458274,-98.47059866682021,59.5240746216595,-88.78884529267071,10.611433601241433,103.22075261760975,-28.284889558946936,-110.2539369817148,-208.87429975668522,-27.967286104330906,-136.64447387412278,-71.75603598859311,-142.83444353725866,9.585424865934634,-138.3954717301137,59.134394417391476,201.4386541103526
16.045039676897023,41.89159087808516,-44.89958196570699,14.16854689412205,35.04263824524617,87.22692035154479,169.6319705001238,-18.44835685330287,4.760814489571977,-1.987678022874147,37.28706638100768,49.388029915683305,-66.88026969717008,-29.23220163796837,-69.34752863766373,114.77133488666504,-82.58485211185767,5.952832087490532,-51.02821179366344,-32.48679638508729,4.651500309933595,18.24218336004097,64.88857414368574,-10.05740625263427,-26.67970638172139,17.135524689001333,15.375179201730015,79.85962640462328,-42.83180920583408,-88.79636852604828,-38.92951231243684,-59.2658802603425,-78.91382162820113,47.47539799910508,4.144316118762992,8.249637613061353,-31.92382707168576,-48.23336990576579,-72.73705236716387,25.838964553400448,56.91597656759664,-35.02922732967104,51.69163001085307,-5.789907478913772,-61.51891021083118,15.558616293688582,65.23530562362603,122.0639429103781,15.463285560960843,81.77509781529011,40.483083338684196,82.77679338561438,-4.389651681512426,79.77375069272729,-34.04818758310523,-118.68381191183619
1.5144064313168295,4.133217816702227,-4.665922134122799,1.0826705673188646,3.8458780404146395,7.4701937692896525,16.760680458589412,-0.5254955633048024,0.7529797211109797,0.1964751046685584,4.788882773461791,5.363057297726069,-6.67634606200793,-1.3699530695126962,-7.012900619841269,12.234986609241012,-8.116616089517706,1.1778176600420125,-5.8138170013558605,-2.409820361842102,0.11419465054263943,1.39738440769571,6.9252590116347905,-0.8771126177320502,-3.279888530124058,0.7033045039299115,0.988196987255344,8.306759736674957,-4.164861641537794,-8.587015044800504,-3.855101595813686,-5.540895405159081,-8.467453228367742,4.144316118762992,0.7753942273341052,0.7847846164712171,-3.689674002394423,-4.565782887360303,-7.208458876703197,3.2896569677972933,5.980917092546317,-3.397993581682829,5.263442075709252,-0.7641209630611219,-5.622722590112756,1.9930551816250466,6.171347692369905,12.221912471312656,1.9430388710066389,7.326461810665233,4.703689652732954,8.599403496096713,-0.9828703599923071,8.482058766061103,-3.637488979239676,-11.450761727762414
2.805871949719231,7.353800505758678,-7.918704180488949,2.437927973886942,6.212211723728121,15.134589507983193,29.781557925006002,-3.036153314976635,0.8799979636327642,-0.28757004533288116,6.71897260792123,8.746362236286634,-11.752535101741323,-4.894880416006461,-12.200200017624056,20.289762983172714,-14.49230550091236,1.1372628848992845,-9.07944017807451,-5.578531196400669,0.7626642130564719,3.1393995221600877,11.472516781903309,-1.7475100890914772,-4.784650588944626,2.8537252534485256,2.616374596422061,14.085646736214429,-7.50929753843278,-15.560433971756812,-6.836035788526649,-10.355837826682686,-13.959313827683042,8.249637613061353,0.7847846164712171,1.4436134767135205,-5.688402870219404,-8.436874465127495,-12.773506818662476,4.6515541036830195,10.04832836346752,-6.1400685244840005,9.09965640630855,-1.0465218183050327,-10.729390473711366,2.8027874551046135,11.410214938927934,21.455442774511614,2.7797061069855937,14.239158222659103,7.21741821397978,14.598490394148905,-0.8564933329767915,14.099291844320627,-6.020408873037596,-20.79368586608084
-11.03750530664226,-29.208932497141987,31.821263858911305,-9.190818685082126,-25.281378848685122,-58.33913507089696,-118.32838144116661,10.036839317149216,-3.9378159554050014,0.5289047648386646,-28.42144127585837,-35.50592824033898,46.801763811428465,17.07666332555636,48.72534586451232,-82.01330029314066,57.5133763623766,-5.439616833356675,37.28027206670633,20.914941372693846,-2.4906992628792266,-11.840787994244415,-46.38539279834795,6.761060018202749,20.01600363246661,-9.792374881443266,-9.566026271613154,-56.61524840670241,29.731072390353617,61.53337945703486,27.17448034445013,40.653978268231505,56.51028100883528,-31.92382707168576,-3.689674002394423,-5.688402870219404,23.437531266945154,33.20911535904008,50.78555024611876,-19.632199677453382,-40.48218009403967,24.297203214111057,-36.398507382606084,4.458025561175149,41.91827049954261,-11.847983106565698,-44.90671485932439,-85.49884682286927,-11.69286255249832,-55.39830604290986,-29.775531914012767,-58.65977206967451,4.260805633528701,-56.95653807637689,24.34727848847741,82.18667381899017
