V1,V2,V3,V4,V5,V6,V7,V8,V9,V10,V11,V12,V13,V14,V15,V16,V17,V18,V19,V20,V21,V22,V23,V24,V25,V26,V27,V28,V29,V30,V31,V32,V33,V34,V35,V36,V37,V38,V39,V40,V41,V42,V43,V44,V45,V46,V47,V48,V49,V50,V51,V52,V53,V54,V55,V56
18.5708398283813,13.04441516734879,32.655039730583916,66.73190407969162,-65.8674415807448,251.72433322010704,48.075286015032056,-261.67640894950495,-54.51039084885999,-78.2242312320782,-207.8033972131122,-81.52324880641882,-5.479979499255867,-308.42941468873266,12.160002579779137,-144.36772010164012,-31.95963797912004,-114.8707774447174,138.12736949487658,-167.36252321699732,69.59595537501906,85.23967882380158,-83.18955916584426,-25.903501383173275,119.69646900028467,200.5140968104912,109.31647625210192,-59.62752495501099,-25.419620597126016,-62.054309852104666,-9.327695513552493,-79.05206062864066,110.1338753566251,121.49369416257215,-71.1571127360665,8.333582998851293,96.78891618013225,-53.199090633476764,-16.34626325901619,-138.28674931209355,-54.492960474377604,-22.402778930471648,-16.185881371735146,36.32126763124252,-107.52059064265221,-85.68495506091624,72.71101269770826,2.7197568987626393,-77.68691314485953,172.108806619643,-127.6336902099688,-59.672475111859576,107.30881779695774,-95.98154502850957,44.37899162702384,-88.18036475704355
13.04441516734879,9.329560945697667,22.53865409430194,46.636271134697836,-45.76477714198958,176.10432678564032,34.46727133708932,-182.67285313563747,-38.00606752746533,-54.58807082781092,-144.7815908780639,-56.60964327260354,-4.188103492862473,-215.35134217967178,8.105899495500923,-100.09983437216394,-22.748663627485303,-80.11315218532549,96.09352838433162,-116.94638517064799,48.58262854273675,59.57140366978483,-57.68770502003091,-18.12777900947509,83.36702167571268,139.9926037771084,76.35420812066151,-41.1667783136278,-17.968898292030985,-43.77965997841533,-6.720244138164998,-55.477996547575934,76.41033643173967,85.02532956680378,-49.62388674490326,5.859347220464839,67.35577070258091,-37.38015601120481,-11.801473421222816,-96.34208905026502,-37.70949588309386,-15.821491979614938,-11.011045114461828,25.30986130067199,-75.35284360951317,-59.69775279622169,51.08638459534144,2.5632150224421246,-54.11801983126267,120.52665534478706,-88.82956772358295,-41.182232367849444,74.84567927353807,-66.53153265508207,30.77765753197668,-62.17085146703591
32.655039730583916,22.53865409430194,58.37270832854736,117.90786519360414,-117.0188093675684,444.3291135314762,82.86794018299959,-462.83635445388313,-96.5264877752421,-138.40389974127348,-368.22548452941487,-144.91094343572934,-8.82686500141283,-545.4325632334948,22.42191435426298,-256.9751868944164,-55.48220570887771,-203.35897392547056,245.1019759255709,-295.75067780627785,123.10015799363462,150.60717255689303,-148.06155665981635,-45.709270115730234,212.1686452107898,354.6173518412705,193.2520891243231,-106.55984900450245,-44.42623704543722,-108.65846964396164,-15.999915454857426,-139.1230928761153,195.92627107784133,214.38359097715602,-125.97738944456555,14.640141260528322,171.6984954706637,-93.51594193424906,-27.980164504808585,-245.0560520155885,-97.17471665813262,-39.1890645845497,-29.316439931480758,64.3514423864699,-189.47318986913666,-151.83525292163225,127.82391203226945,3.223720926757286,-137.68024930218203,303.508207272574,-226.39449980292105,-106.67737752506096,189.9565729868727,-170.8927475437471,78.97875197674784,-154.5033898057422
66.73190407969162,46.636271134697836,117.90786519360414,240.12922236961563,-237.3982136975426,905.5475260750567,171.76028727679093,-941.9082555498773,-196.2776208098398,-281.59663827514083,-748.3937435797667,-293.8711761622998,-19.210317200715547,-1110.1384305293318,44.31380787528588,-520.6214805589857,-114.4170902653767,-413.5879471483868,497.6621855305735,-602.2637618474226,250.51368622710538,306.72679919342534,-299.9900375567358,-93.17630596766514,431.12124928780673,721.7303465237667,393.42695019769667,-215.28121012434832,-91.18048851904494,-222.71165110151694,-33.278791771887136,-284.1332915961379,397.0998455411718,437.0170859609806,-256.2020665159564,29.937521869921763,348.69326611796504,-191.14645329581123,-58.2842483318204,-498.04088793182285,-196.61877899126458,-80.38009947541825,-58.670484797350404,130.80363097748028,-386.60429794763473,-308.5915866860254,261.2589006135903,8.845984002939794,-279.79740682293874,618.9689667128467,-459.8026309861543,-215.4656250547831,386.35232264689427,-346.1572476941792,160.03077414060382,-316.5355923558897
-65.8674415807448,-45.76477714198958,-117.0188093675684,-237.3982136975426,235.12572612852543,-894.9541358891562,-168.4168561987561,931.5194199587075,194.18775661978614,278.52149399284644,740.5919802834793,291.11047303315706,18.41886692210646,1097.828825864762,-44.43695941573383,515.9683268653919,112.45493952331557,409.14872595838153,-492.7028356050575,595.4407404789615,-247.75285309917862,-303.2371149970872,297.29797456535397,92.07686807228457,-426.6722666740223,-713.7438359032665,-389.0207854465795,213.6394591785522,89.81710072601487,219.51941140218855,32.57815885833294,280.53143428956156,-393.47550666350395,-431.85783462094616,253.45611773321968,-29.54054022102938,-345.1850599272253,188.65047430938426,57.0174585417015,492.8579065815496,194.97973178977725,79.20198963914017,58.48387146079007,-129.4337088486282,381.87008631828354,305.3762200630993,-257.8534110839554,-7.6861642621269075,276.89388174860323,-611.5350081689469,455.1624945068898,213.84729408401492,-382.19522683934525,343.0935821159001,-158.58974331994673,312.06406745155266
251.72433322010704,176.10432678564032,444.3291135314762,905.5475260750567,-894.9541358891562,3415.0989369212843,648.6802325426329,-3551.7924398798064,-740.0813154912921,-1061.8368115983924,-2821.766805277038,-1107.8122880467424,-72.83850830290392,-4186.207751123787,166.67899742279792,-1962.4338495918757,-431.93183837239235,-1559.4927127805931,1876.2433009477777,-2271.1690721747837,944.647388745755,1156.6934638726113,-1130.7917872024757,-351.4030778885979,1625.4816033817165,2721.5531220337807,1483.599104260182,-811.2877796553033,-344.07418680040735,-840.318679539447,-125.71909323376155,-1071.7457795415562,1496.88243197503,1648.1584838068559,-966.0439191865861,112.9358460566698,1314.636450030567,-721.0512779374134,-220.21091818923134,-1877.822537055489,-741.0545594190187,-303.3019849484829,-220.9201658018634,493.19040210610945,-1458.1498002544986,-1163.5221132697898,985.5284725630987,34.08876322690544,-1054.9476094413835,2334.4558454574167,-1733.548464312051,-811.9656421031455,1456.8039141898853,-1304.7864892580592,603.2283860688812,-1194.2828868508193
48.075286015032056,34.46727133708932,82.86794018299959,171.76028727679093,-168.4168561987561,648.6802325426329,127.3770316609307,-672.678579790883,-139.93089306939328,-201.00669465741785,-533.0051190013837,-208.3100432297482,-15.60395082043111,-793.0350230134228,29.65762548374458,-368.2686391895383,-83.9895594240105,-294.972082474304,353.69100355751186,-430.7024663391457,178.90105602476632,219.40046846185265,-212.2372712424761,-66.77661505746025,306.89667272307736,515.5200699471084,281.18937626540526,-151.36389561443258,-66.28114448939112,-161.44573714802738,-24.851291615281298,-204.4400360534507,281.1384173902568,313.2054234715744,-182.71108773242253,21.597514732574318,247.92657519469142,-137.77099449529427,-43.653495655081564,-354.67506639704254,-138.69636618640212,-58.35276079223692,-40.4030389846423,93.1787922981935,-277.6282869231316,-219.7733484671669,188.28578892437895,9.771655414189159,-199.22821579389094,444.0202183485282,-326.97285070012947,-151.41282895069676,275.5807476961951,-244.76086687757888,113.23480621484197,-229.2464583027714
-261.67640894950495,-182.67285313563747,-462.83635445388313,-941.9082555498773,931.5194199587075,-3551.7924398798064,-672.678579790883,3694.885464748227,770.0078969384259,1104.6609247854474,2936.116020722542,1153.1515507587776,74.91887697568825,4354.763636144187,-174.29586935387212,2043.100484917042,448.3014521626216,1622.501346870708,-1952.6130964570207,2362.403182466859,-982.7081963908751,-1203.136682875605,1177.2574516499567,365.45451796052913,-1691.4193757828161,-2831.1593125031495,-1543.2711817538466,845.0523758354,357.4089373694932,873.0886657913017,130.2924040280446,1114.2341101797795,-1558.3015475972136,-1714.0589551401688,1005.081136970596,-117.38733479883042,-1368.0976481559653,749.5292863095676,228.1631703495986,1953.932543791275,771.6902693730968,315.0916156948062,230.4991368609999,-513.1670998548788,1516.2022435915587,1210.675017400242,-1024.460899107604,-33.89666389918965,1097.7178451167752,-2427.610813349516,1804.0244786791193,845.7950595084279,-1515.6485408178164,1358.4647591842552,-628.0085203115843,1240.9529789101205
-54.51039084885999,-38.00606752746533,-96.5264877752421,-196.2776208098398,194.18775661978614,-740.0813154912921,-139.93089306939328,770.0078969384259,160.4815020025442,230.21486609448803,611.9610381261325,240.39914075847167,15.511297125255771,907.5139456556238,-36.43030955792032,425.9697438435513,93.30243766092372,338.1480279362672,-407.0141876619431,492.2892056763445,-204.79512011863693,-250.71295074057105,245.44665007236395,76.14751931287282,-352.54264084941946,-590.0042383108962,-321.6033855442347,176.23602386311262,74.42066906812467,181.8211228774179,27.094198730537965,232.122411595262,-324.8799461511063,-357.1475002105559,209.47122044080754,-24.45160700516939,-285.16848730774774,156.13262366404632,47.439365537118384,407.2506606198744,160.91184989987292,65.6134157124151,48.116413465962694,-106.95592599819915,315.89151629853683,252.33565697905038,-213.40401496453086,-6.87766274009905,228.79456492799508,-505.80351485157405,376.0313155320142,176.39526313447982,-315.876878147112,283.2340858781008,-130.93276028924805,258.4405429362671
-78.2242312320782,-54.58807082781092,-138.40389974127348,-281.59663827514083,278.52149399284644,-1061.8368115983924,-201.00669465741785,1104.6609247854474,230.21486609448803,330.26299178888144,877.8439709660162,344.79259711880223,22.356837011242824,1301.9401898670176,-52.15329041044836,610.9046363196892,133.97845443478258,485.08848217939607,-583.8113651183482,706.2753623622402,-293.80069994323077,-359.69443754379944,352.0093347609832,109.25487831951328,-505.7061297047463,-846.4305992689116,-461.3874034455297,252.69823480038596,106.82892357205685,260.9746410429048,38.92956600087057,333.08922265435115,-465.9401751851367,-512.4282878930147,300.4951266046456,-35.09052097827039,-409.0448186060966,224.0590940395331,68.1691346013183,584.1900583645598,230.75053699931343,94.18205981747833,68.94550746868886,-153.426943523681,453.2655919958365,361.96938246341614,-306.2456789948992,-10.057702011911731,328.1981323591494,-725.7398201732904,539.3807114291952,252.92210569159215,-453.1413553098159,406.1948291387052,-187.77918379071315,370.93755629331787
-207.8033972131122,-144.7815908780639,-368.22548452941487,-748.3937435797667,740.5919802834793,-2821.766805277038,-533.0051190013837,2936.116020722542,611.9610381261325,877.8439709660162,2333.6443374688506,916.8530657232021,58.920047282367456,3460.414684392086,-139.15103538537912,1624.6894139663243,355.49829116245127,1289.4395360238739,-1552.1918079042534,1877.076941351714,-780.9048494547378,-955.9516098914427,936.1528125455449,290.33001460548513,-1344.39923540382,-2249.7341289319943,-1226.2793439858858,672.2911212071376,283.6338260561957,693.0148602606597,103.18273871610461,884.9231010935348,-1239.0939405623294,-1361.7063455410148,798.7655580701485,-93.21033931827161,-1087.5072838480773,595.1978589511623,180.6476129615689,1553.0079055257681,613.7793035584316,250.07670394286598,183.6522422219791,-407.8618791359934,1204.3421192927187,962.2541672402316,-813.5261954987362,-25.81088006498415,872.487421438203,-1928.4419078564852,1434.0126969504022,672.9082444453152,-1204.510319571194,1080.2937012194152,-499.38591226267926,985.0769165688246
-81.52324880641882,-56.60964327260354,-144.91094343572934,-293.8711761622998,291.11047303315706,-1107.8122880467424,-208.3100432297482,1153.1515507587776,240.39914075847167,344.79259711880223,916.8530657232021,360.4319049156859,22.730202189756096,1359.022195614829,-55.08458309200341,638.8636786153174,139.12507346004597,506.5105998219367,-609.994221814525,737.0891333015464,-306.69982209964166,-375.37186873278756,368.1082421700868,113.97550711632897,-528.2259246978982,-883.5584221728203,-481.5705257525989,264.55944910876684,111.14306124431066,271.658536851041,40.28847580577066,347.21967215993715,-487.1858515515471,-534.5662470511867,313.7695451126036,-36.5608059132269,-427.3547156957264,233.48772935846105,70.50694493825571,610.1593110617414,241.43522028114936,98.01044767254122,72.45506794647866,-160.23818991509134,472.66910095491215,378.05603645638797,-319.1391217449647,-9.38480169120711,342.7963227178284,-756.9603789379863,563.5100335759423,264.8198506221934,-473.14194087498106,424.8166403192079,-196.36195714847236,386.1919791412345
-5.479979499255867,-4.188103492862473,-8.82686500141283,-19.210317200715547,18.41886692210646,-72.83850830290392,-15.60395082043111,74.91887697568825,15.511297125255771,22.356837011242824,58.920047282367456,22.730202189756096,2.3048337193865356,88.38729466906081,-2.704486386626853,39.95015690810165,10.039197185664074,32.73240053367555,-38.87384434455697,48.14543199489307,-19.9227442231956,-24.53980119064264,23.034426202503496,7.507359224760091,-33.88086100709526,-57.44108368088293,-31.382557902990897,16.141230454157157,7.731918256784378,18.70067023325935,3.0941118233727747,23.227106332715888,-30.572436658811856,-35.214694096792115,20.27114663589482,-2.470731691279896,-27.282184056872858,15.723383402721533,5.472228426781585,39.19812342367216,14.929112892367492,6.784187614318671,4.049368461849288,-10.306489893831229,31.380468977559705,24.29286040507743,-21.482653874107537,-2.127450259390815,22.01028827394525,-50.04608596899352,35.99435881347668,16.121780132825485,-30.59058491234946,26.52209993219208,-12.294419898172757,26.49103507610077
-308.42941468873266,-215.35134217967178,-545.4325632334948,-1110.1384305293318,1097.828825864762,-4186.207751123787,-793.0350230134228,4354.763636144187,907.5139456556238,1301.9401898670176,3460.414684392086,1359.022195614829,88.38729466906081,5132.5009455259105,-205.33035368854382,2407.8162762709717,528.4715441180415,1912.248930761222,-2301.253941644176,2784.3377786643423,-1158.211994759813,-1418.023933429627,1387.4124428474279,430.7328415955093,-1993.4471570529147,-3336.7866164474676,-1818.8977681921251,995.8603803389026,421.2940394433352,1029.1279344169745,153.61255420964264,1313.2992134594165,-1836.486897609739,-2020.228498900355,1184.5687199303914,-138.36200714529426,-1612.3778224522873,883.4486532770684,269.00661614587926,2302.842535796441,909.4273771472934,371.409069414965,271.5942097109204,-604.8036914592353,1787.0560961475526,1426.8635370883262,-1207.5017344639057,-40.11251961631912,1293.7339583961893,-2861.2561329621253,2126.1435542712748,996.7318156052565,-1786.315823548074,1600.9609767041075,-740.1165493527251,1462.727308464709
12.160002579779137,8.105899495500923,22.42191435426298,44.31380787528588,-44.43695941573383,166.67899742279792,29.65762548374458,-174.29586935387212,-36.43030955792032,-52.15329041044836,-139.15103538537912,-55.08458309200341,-2.704486386626853,-205.33035368854382,9.097819378537688,-97.9364532101787,-20.145118567575096,-76.71226400101186,92.86719351749831,-111.1816449004669,46.3596879986337,56.601982161244834,-56.41656736233396,-17.136597677719628,80.22611935811516,133.5145896743572,72.70382163703594,-40.91178287433858,-16.347739311296458,-40.132239118604474,-5.668685314941194,-51.8909836782574,74.5899388870755,80.3704736327807,-47.52618167741321,5.441823372259131,65.01960097514085,-34.80196091077575,-9.869843158068692,-92.61530499216148,-37.16036165493875,-14.446232408454408,-11.532310950309492,24.31140491900338,-70.84963519293805,-57.379684346766524,47.576129788624264,0.07845955777073342,-52.04302184536956,113.64686872030121,-85.71714690126343,-40.98325203976865,71.6456280373096,-65.16147881718408,30.08837494737759,-57.135301339075205
-144.36772010164012,-100.09983437216394,-256.9751868944164,-520.6214805589857,515.9683268653919,-1962.4338495918757,-368.2686391895383,2043.100484917042,425.9697438435513,610.9046363196892,1624.6894139663243,638.8636786153174,39.95015690810165,2407.8162762709717,-97.9364532101787,1132.5144409979157,246.10615283319996,897.4800892889996,-1081.0539091030666,1305.8401411795016,-543.3977692365937,-665.0072162965888,652.539926346765,201.89664230397605,-936.0563654305499,-1565.4333407828613,-853.1871905729105,469.14145919994536,196.71928917289944,480.902987035846,71.19582780632265,614.9275861379888,-863.5932726498856,-946.9311882878475,555.9667257391038,-64.73961899359281,-757.3550143619843,413.4672214239867,124.57411153627612,1081.224419490396,428.0581065708785,173.48830587928617,128.62850596242478,-283.9430584940586,837.191879447746,669.926816765993,-565.1446803392982,-16.03708777574554,607.4520959629807,-1340.8099135526309,998.6407029182665,469.6169755194306,-838.348888984569,753.0897264134899,-348.08513870257127,683.6921528109683
-31.95963797912004,-22.748663627485303,-55.48220570887771,-114.4170902653767,112.45493952331557,-431.93183837239235,-83.9895594240105,448.3014521626216,93.30243766092372,133.97845443478258,355.49829116245127,139.12507346004597,10.039197185664074,528.4715441180415,-20.145118567575096,246.10615283319996,55.53935414263649,196.65793018577108,-236.04357326875333,286.9263539981531,-119.22860985092214,-146.15153382222326,141.82688553843786,44.45820423350653,-204.71901878051378,-343.54814062311937,-187.35498249262537,101.33034111342998,43.95040727875528,107.13728803811588,16.354783609499737,135.95684400256422,-187.83172514332983,-208.5227170254356,121.81598414425822,-14.35202167142943,-165.43849668448823,91.57562887637357,28.70504376766408,236.56310431801484,92.76200902252117,38.70768163417356,27.212280495959842,-62.14348976101089,184.73125789970666,146.58317245477858,-125.15623783074734,-5.852543077995598,132.88745894122377,-295.5368779695205,218.17638029623836,101.37876030678228,-183.7233772449359,163.58744110528315,-75.66570431498455,152.1707436675629
-114.8707774447174,-80.11315218532549,-203.35897392547056,-413.5879471483868,409.14872595838153,-1559.4927127805931,-294.972082474304,1622.501346870708,338.1480279362672,485.08848217939607,1289.4395360238739,506.5105998219367,32.73240053367555,1912.248930761222,-76.71226400101186,897.4800892889996,196.65793018577108,712.5093024795752,-857.5849158845436,1037.328898841449,-431.52832225773693,-528.2918892807936,517.1350040365573,160.4581543778063,-742.825254572035,-1243.2136719345979,-677.663446714863,371.29005597467057,156.8432455938859,383.18065138344923,57.11854572636642,489.1493836883175,-684.4991877727413,-752.5819096891968,441.3749864860382,-51.528096322564096,-600.8569961889592,329.0228794704909,100.01245705536485,858.1014405688458,339.01702674643496,138.27977894747184,101.34891221622073,-225.36323939192093,665.661368844974,531.6866119535342,-449.7120698606838,-14.58040487152479,482.08311327349173,-1065.8406883307107,792.3083719845047,371.623476271527,-665.5827698466983,596.7463377766607,-275.8644871874189,544.6475185823185
138.12736949487658,96.09352838433162,245.1019759255709,497.6621855305735,-492.7028356050575,1876.2433009477777,353.69100355751186,-1952.6130964570207,-407.0141876619431,-583.8113651183482,-1552.1918079042534,-609.994221814525,-38.87384434455697,-2301.253941644176,92.86719351749831,-1081.0539091030666,-236.04357326875333,-857.5849158845436,1032.541490024078,-1248.2210826091202,519.3284310783457,635.6820440985848,-622.9019759883499,-193.04058311369687,894.2331005745278,1496.1327313704464,815.4800944421205,-447.4873634590936,-188.43448620998396,-460.4840589655611,-68.44151666232946,-588.2525298866824,824.4419471408743,905.397865560735,-531.2478941252971,61.95221015824475,723.4084728822489,-395.61870155421053,-119.80292662415371,-1032.9668728778367,-408.46647069183285,-166.15327815470343,-122.38098311647578,271.28039729203635,-800.6754681020552,-640.0311344980968,540.7413489881625,16.597061271432324,-580.3302428910408,1282.1523022653703,-953.89592310742,-447.91138157044765,801.0944413606157,-718.8339565630587,332.28122282496446,-654.5841564421937
-167.36252321699732,-116.94638517064799,-295.75067780627785,-602.2637618474226,595.4407404789615,-2271.1690721747837,-430.7024663391457,2362.403182466859,492.2892056763445,706.2753623622402,1877.076941351714,737.0891333015464,48.14543199489307,2784.3377786643423,-111.1816449004669,1305.8401411795016,286.9263539981531,1037.328898841449,-1248.2210826091202,1510.5285058652512,-628.3143355763027,-769.2958623297114,752.4443317212125,233.69133854489078,-1081.3156458960214,-1810.1726223055862,-986.7512682763956,539.9930555785028,228.66784605655775,558.5380809875254,83.44591033894079,712.6065482020191,-996.0143877091091,-1096.0629033438813,642.5862061752532,-75.08224524591277,-874.579717501238,479.3909443863109,146.1441284865459,1249.1572654734587,493.17312350657664,201.58346723166235,147.18026085810746,-328.0735399954468,969.6142817550594,773.9912728016208,-655.2317366592155,-22.12060905857356,701.7721387616783,-1552.4003609957008,1153.2592954160752,540.4571695549217,-969.0180039599511,868.2450164392422,-401.39385214674525,793.8430199748327
69.59595537501906,48.58262854273675,123.10015799363462,250.51368622710538,-247.75285309917862,944.647388745755,178.90105602476632,-982.7081963908751,-204.79512011863693,-293.80069994323077,-780.9048494547378,-306.69982209964166,-19.9227442231956,-1158.211994759813,46.3596879986337,-543.3977692365937,-119.22860985092214,-431.52832225773693,519.3284310783457,-628.3143355763027,261.3654607666038,319.99103684813934,-313.1118428037853,-97.19753834680458,449.8590231310817,752.9876056862018,410.4549301307747,-224.7577043991658,-95.05621276362295,-232.20672394230056,-34.65141336548689,-296.3442333336829,414.45674968778115,455.87699097167393,-267.3162713814203,31.22051113849802,363.86710077442746,-199.3461313287366,-60.68004833778598,-519.6782159096882,-205.2449353979646,-83.80165342847735,-61.30697193717073,136.48458619743587,-403.2534574412954,-321.99749940845805,272.46745939660406,9.00978354332546,-291.95487684107206,645.6550285900236,-479.80862891448965,-224.95536422936252,403.10917898418205,-361.3072610565422,167.0296285515407,-330.0442840055996
85.23967882380158,59.57140366978483,150.60717255689303,306.72679919342534,-303.2371149970872,1156.6934638726113,219.40046846185265,-1203.136682875605,-250.71295074057105,-359.69443754379944,-955.9516098914427,-375.37186873278756,-24.53980119064264,-1418.023933429627,56.601982161244834,-665.0072162965888,-146.15153382222326,-528.2918892807936,635.6820440985848,-769.2958623297114,319.99103684813934,391.79459001810477,-383.1873325082733,-119.01799308262842,550.6873302963297,921.894804805854,502.54000642444385,-274.9850547192498,-116.46949673134411,-284.4805659630067,-42.50929762071742,-362.93607062785173,507.22912470338605,558.2202116628362,-327.2568019764576,38.24057743957264,445.398713058444,-244.16006702849876,-74.45060982079264,-636.1664204817599,-251.14738989449626,-102.67353809042001,-74.94077854604225,167.0804394334324,-493.82634776384145,-394.17569040543987,333.71787029383177,11.302446582791262,-357.3957620623572,790.6353352005118,-587.3228261201207,-275.22054041500473,493.5028021724041,-442.15813238080455,204.41268755488318,-404.32631667825734
-83.18955916584426,-57.68770502003091,-148.06155665981635,-299.9900375567358,297.29797456535397,-1130.7917872024757,-212.2372712424761,1177.2574516499567,245.44665007236395,352.0093347609832,936.1528125455449,368.1082421700868,23.034426202503496,1387.4124428474279,-56.41656736233396,652.539926346765,141.82688553843786,517.1350040365573,-622.9019759883499,752.4443317212125,-313.1118428037853,-383.1873325082733,375.9851977402116,116.33693272839692,-539.3584313101431,-902.020939969919,-491.61773883853044,270.3059988079061,113.36093527746752,277.12036308310445,41.032294943270855,354.3400507997207,-497.5929870309265,-545.6409887252521,320.3522482957999,-37.305389289683994,-436.3879031538055,238.25428981016088,71.79682471192892,623.0057910230133,246.63846068058953,99.973304151763,74.10551265918896,-163.60933441913357,482.41128789913654,386.0145837189997,-325.655999435565,-9.267687252017154,350.0160934504869,-772.6051275302016,575.4170550356287,270.57935117932607,-483.0634054819455,433.9196327490052,-200.56235019030964,393.9759573772049
-25.903501383173275,-18.12777900947509,-45.709270115730234,-93.17630596766514,92.07686807228457,-351.4030778885979,-66.77661505746025,365.45451796052913,76.14751931287282,109.25487831951328,290.33001460548513,113.97550711632897,7.507359224760091,430.7328415955093,-17.136597677719628,201.89664230397605,44.45820423350653,160.4581543778063,-193.04058311369687,233.69133854489078,-97.19753834680458,-119.01799308262842,116.33693272839692,36.15849379400415,-167.24389661503133,-280.0292950030122,-152.65341165917812,83.45965270607884,35.41071193574194,86.4791309427159,12.942972784185256,110.28544588156178,-154.00202849369308,-169.59142533193472,99.39737843880133,-11.62177959913878,-135.25941370002647,74.19967140241435,22.671925064954628,193.20791756365824,76.23762924313809,31.21407881904841,22.72097420430432,-50.74422554545877,150.04375539504605,119.71410671188961,-101.41552400055633,-3.5309325085767598,108.54267894547972,-240.21251799365785,178.3604560363321,83.52883836786405,-149.8926007574131,134.2367304929071,-62.06081815048066,122.90495759920734
119.69646900028467,83.36702167571268,212.1686452107898,431.12124928780673,-426.6722666740223,1625.4816033817165,306.89667272307736,-1691.4193757828161,-352.54264084941946,-505.7061297047463,-1344.39923540382,-528.2259246978982,-33.88086100709526,-1993.4471570529147,80.22611935811516,-936.0563654305499,-204.71901878051378,-742.825254572035,894.2331005745278,-1081.3156458960214,449.8590231310817,550.6873302963297,-539.3584313101431,-167.24389661503133,774.5055581243874,1296.0100124491355,706.4202596058719,-387.36693309969417,-163.35608733034445,-399.1496770301815,-59.405509277309505,-509.7313670547819,713.8895764008029,784.4073373756283,-460.1563364547787,53.688951204103596,626.5202002729598,-342.8367681422437,-104.00021348253614,-894.6799717770651,-353.63827931281367,-144.03172212532337,-105.8460470595932,234.96623833998638,-693.7400524454997,-554.3493247212413,468.5955556941722,14.756376442649863,-502.6364495444418,1110.8604280725829,-826.142790760622,-387.72513961107137,693.8978253836632,-622.4087991932123,287.7174634220811,-567.3730515229091
200.5140968104912,139.9926037771084,354.6173518412705,721.7303465237667,-713.7438359032665,2721.5531220337807,515.5200699471084,-2831.1593125031495,-590.0042383108962,-846.4305992689116,-2249.7341289319943,-883.5584221728203,-57.44108368088293,-3336.7866164474676,133.5145896743572,-1565.4333407828613,-343.54814062311937,-1243.2136719345979,1496.1327313704464,-1810.1726223055862,752.9876056862018,921.894804805854,-902.020939969919,-280.0292950030122,1296.0100124491355,2169.341657700798,1182.51613509675,-647.4659030877589,-273.8819571192626,-669.0381568655775,-99.85530723532,-853.7964292462617,1193.9826772509145,1313.39676053466,-770.1258420399278,89.95064624881205,1048.2668886619604,-574.3410562494134,-174.86530094593562,-1497.157160849589,-591.2655374142093,-241.45279861391592,-176.58889256560602,393.2033570133263,-1161.7995647994699,-927.6529261905404,785.0122602186311,26.0378471774369,-841.1012711818563,1860.1632375694762,-1382.284594771843,-648.0334185604249,1161.3401764004054,-1040.8603359826423,481.18378057072385,-950.9244878157222
109.31647625210192,76.35420812066151,193.2520891243231,393.42695019769667,-389.0207854465795,1483.599104260182,281.18937626540526,-1543.2711817538466,-321.6033855442347,-461.3874034455297,-1226.2793439858858,-481.5705257525989,-31.382557902990897,-1818.8977681921251,72.70382163703594,-853.1871905729105,-187.35498249262537,-677.663446714863,815.4800944421205,-986.7512682763956,410.4549301307747,502.54000642444385,-491.61773883853044,-152.65341165917812,706.4202596058719,1182.51613509675,644.600373924906,-352.84495589087084,-149.33766240180367,-364.7846930167592,-54.47238424076543,-465.4638862513889,650.7496503389166,715.9771895496157,-419.7874714209477,49.04051106671282,571.3710455047552,-313.12227139032024,-95.3962159514711,-816.0655097489389,-322.2350016173402,-131.65231853273093,-96.20234589023879,214.32706289941575,-633.3573380958723,-505.6424952983449,427.97636401396295,14.323962534783707,-458.4637041835867,1014.0537523039606,-753.4333242509628,-353.15117856327606,633.0362715446477,-567.28247237122,262.25447731696573,-518.4716245390888
-59.62752495501099,-41.1667783136278,-106.55984900450245,-215.28121012434832,213.6394591785522,-811.2877796553033,-151.36389561443258,845.0523758354,176.23602386311262,252.69823480038596,672.2911212071376,264.55944910876684,16.141230454157157,995.8603803389026,-40.91178287433858,469.14145919994536,101.33034111342998,371.29005597467057,-447.4873634590936,539.9930555785028,-224.7577043991658,-274.9850547192498,270.3059988079061,83.45965270607884,-387.36693309969417,-647.4659030877589,-352.84495589087084,194.5266542085562,81.12942515779918,198.42176511295474,29.227251547118897,254.03288599540863,-357.691995425204,-391.4388753522288,230.00763692476394,-26.73303637578777,-313.47466394255736,170.7593153432444,51.11347935234224,447.4129928390605,177.39993577932913,71.56447341904757,53.50643288990171,-117.49052091418682,345.96281227032273,277.21456358963957,-233.40511636383863,-5.931786464075309,251.37042996984474,-554.1752771826383,413.3352687646627,194.74013993324735,-346.82057466761233,311.98552850362927,-144.18639361494326,282.136548130539
-25.419620597126016,-17.968898292030985,-44.42623704543722,-91.18048851904494,89.81710072601487,-344.07418680040735,-66.28114448939112,357.4089373694932,74.42066906812467,106.82892357205685,283.6338260561957,111.14306124431066,7.731918256784378,421.2940394433352,-16.347739311296458,196.71928917289944,43.95040727875528,156.8432455938859,-188.43448620998396,228.66784605655775,-95.05621276362295,-116.46949673134411,113.36093527746752,35.41071193574194,-163.35608733034445,-273.8819571192626,-149.33766240180367,81.12942515779918,34.87173999863767,85.07020936272858,12.882407351334335,108.17226707331011,-150.1034607695032,-166.08594268130028,97.1554100614672,-11.410843828691602,-132.05447495328565,72.82693586322638,22.592477443938574,188.74574849119944,74.20303105469996,30.722999450676458,21.911021942155276,-49.578120467501975,147.05672870375227,116.95193640482793,-99.53523695036459,-4.167701207887524,106.03031535433279,-235.33246194245316,174.14370661587182,81.179966552297,-146.52258555914173,130.77410917713817,-60.47657422815977,120.85853481586307
-62.054309852104666,-43.77965997841533,-108.65846964396164,-222.71165110151694,219.51941140218855,-840.318679539447,-161.44573714802738,873.0886657913017,181.8211228774179,260.9746410429048,693.0148602606597,271.658536851041,18.70067023325935,1029.1279344169745,-40.132239118604474,480.902987035846,107.13728803811588,383.18065138344923,-460.4840589655611,558.5380809875254,-232.20672394230056,-284.4805659630067,277.12036308310445,86.4791309427159,-399.1496770301815,-669.0381568655775,-364.7846930167592,198.42176511295474,85.07020936272858,207.57439755316693,31.361832470809702,264.0952124276905,-366.9208480668944,-405.6099684673642,237.35975889951646,-27.853175089723432,-322.6954229936101,177.7785488169062,54.988142200435256,461.1735817701212,181.43620395191212,74.9569024677393,53.673507602727064,-121.1343296708231,359.0825835522151,285.75426900595846,-242.97837830452323,-9.8380950302149,259.07276942369435,-574.6808636803547,425.5423883815217,198.55344533035645,-357.9631531260412,319.7021732860236,-147.83848290985375,294.9202264699562
-9.327695513552493,-6.720244138164998,-15.999915454857426,-33.278791771887136,32.57815885833294,-125.71909323376155,-24.851291615281298,130.2924040280446,27.094198730537965,38.92956600087057,103.18273871610461,40.28847580577066,3.0941118233727747,153.61255420964264,-5.668685314941194,71.19582780632265,16.354783609499737,57.11854572636642,-68.44151666232946,83.44591033894079,-34.65141336548689,-42.50929762071742,41.032294943270855,12.942972784185256,-59.405509277309505,-99.85530723532,-54.47238424076543,29.227251547118897,12.882407351334335,31.361832470809702,4.854793003089475,39.65632160797938,-54.36070579219708,-60.70734631709446,35.37977550345393,-4.191532124081201,-47.97956187166899,26.733128876080087,8.532575255264158,68.65929092007134,26.79880227148393,11.338553363002367,7.768731020332782,-18.03896796254195,53.83255969669862,42.54501361888811,-36.534298431606366,-2.02420125960458,38.56629880587059,-86.0782765009207,63.27860382204836,29.23357824524521,-53.364863000900485,47.31481699547323,-21.89254964053026,44.524547713196434
-79.05206062864066,-55.477996547575934,-139.1230928761153,-284.1332915961379,280.53143428956156,-1071.7457795415562,-204.4400360534507,1114.2341101797795,232.122411595262,333.08922265435115,884.9231010935348,347.21967215993715,23.227106332715888,1313.2992134594165,-51.8909836782574,614.9275861379888,135.95684400256422,489.1493836883175,-588.2525298866824,712.6065482020191,-296.3442333336829,-362.93607062785173,354.3400507997207,110.28544588156178,-509.7313670547819,-853.7964292462617,-465.4638862513889,254.03288599540863,108.17226707331011,264.0952124276905,39.65632160797938,336.5221109642838,-469.0962137279927,-517.2649587458995,303.00606507337494,-35.472577306403224,-412.19544872695303,226.45340537686275,69.48821504618947,588.8906705177644,232.13210132170403,95.33858245991298,69.0054715835384,-154.67160804479767,457.7424524498499,364.88651587910516,-309.5112187853021,-11.384813251045617,330.8293049928846,-732.73775192148,543.5516473407582,254.22898497199236,-456.94672557515855,408.8345062320804,-189.02826638975506,375.2964259056245
110.1338753566251,76.41033643173967,195.92627107784133,397.0998455411718,-393.47550666350395,1496.88243197503,281.1384173902568,-1558.3015475972136,-324.8799461511063,-465.9401751851367,-1239.0939405623294,-487.1858515515471,-30.572436658811856,-1836.486897609739,74.5899388870755,-863.5932726498856,-187.83172514332983,-684.4991877727413,824.4419471408743,-996.0143877091091,414.45674968778115,507.22912470338605,-497.5929870309265,-154.00202849369308,713.8895764008029,1193.9826772509145,650.7496503389166,-357.691995425204,-150.1034607695032,-366.9208480668944,-54.36070579219708,-469.0962137279927,658.5419484721109,722.297390891194,-424.02962355081337,49.38956090000368,577.5859753423542,-315.4254406962252,-95.12412053891525,-824.6105780986528,-326.3928543459344,-132.37323225853103,-98.02581951440017,216.5545787157256,-638.6207010862628,-510.92953225946064,431.1359215046472,12.418457814706242,-463.28019189746584,1022.7613379389494,-761.601524676575,-358.05020359557204,639.4021997187356,-574.259546832195,265.43247705403894,-521.6339783300942
121.49369416257215,85.02532956680378,214.38359097715602,437.0170859609806,-431.85783462094616,1648.1584838068559,313.2054234715744,-1714.0589551401688,-357.1475002105559,-512.4282878930147,-1361.7063455410148,-534.5662470511867,-35.214694096792115,-2020.228498900355,80.3704736327807,-946.9311882878475,-208.5227170254356,-752.5819096891968,905.397865560735,-1096.0629033438813,455.87699097167393,558.2202116628362,-545.6409887252521,-169.59142533193472,784.4073373756283,1313.39676053466,715.9771895496157,-391.4388753522288,-166.08594268130028,-405.6099684673642,-60.70734631709446,-517.2649587458995,722.297390891194,795.4217425008686,-466.19422499417294,54.50901736205028,634.3931541607756,-348.0145495024033,-106.33998905020356,-906.1840596620142,-357.567317404446,-146.4024360763011,-106.56331867967005,238.0006952519368,-703.7398495134161,-561.4833040959796,475.66349643250703,16.56740369884447,-509.0869815731393,1126.6512582369526,-836.5455754628232,-391.76321297147126,703.0273426398769,-629.5939718559056,291.0763499293372,-576.4563118467569
-71.1571127360665,-49.62388674490326,-125.97738944456555,-256.2020665159564,253.45611773321968,-966.0439191865861,-182.71108773242253,1005.081136970596,209.47122044080754,300.4951266046456,798.7655580701485,313.7695451126036,20.27114663589482,1184.5687199303914,-47.52618167741321,555.9667257391038,121.81598414425822,441.3749864860382,-531.2478941252971,642.5862061752532,-267.3162713814203,-327.2568019764576,320.3522482957999,99.39737843880133,-460.1563364547787,-770.1258420399278,-419.7874714209477,230.00763692476394,97.1554100614672,237.35975889951646,35.37977550345393,303.00606507337494,-424.02962355081337,-466.19422499417294,273.41664792885996,-31.919177648437746,-372.2124090392184,203.81421138898486,61.948304878460306,531.5658192157956,210.01376650008518,85.65662715194821,62.78628791290582,-139.60508623535085,412.34886142216556,329.36245606638397,-278.5755490760933,-9.02214493887347,298.6348220044617,-660.2442598049361,490.8105107989319,230.21441579133088,-412.3055198298645,369.6698829139814,-170.89112946583327,337.380390540941
8.333582998851293,5.859347220464839,14.640141260528322,29.937521869921763,-29.54054022102938,112.9358460566698,21.597514732574318,-117.38733479883042,-24.45160700516939,-35.09052097827039,-93.21033931827161,-36.5608059132269,-2.470731691279896,-138.36200714529426,5.441823372259131,-64.73961899359281,-14.35202167142943,-51.528096322564096,61.95221015824475,-75.08224524591277,31.22051113849802,38.24057743957264,-37.305389289683994,-11.62177959913878,53.688951204103596,89.95064624881205,49.04051106671282,-26.73303637578777,-11.410843828691602,-27.853175089723432,-4.191532124081201,-35.472577306403224,49.38956090000368,54.50901736205028,-31.919177648437746,3.7398550043412104,43.4120062097111,-23.873283043226483,-7.346268866980728,-62.02841324070276,-24.43404031116786,-10.056078216844396,-7.25106860211084,16.292062476413832,-48.24352944599437,-38.43400398956586,32.629199450575484,1.2428533379639184,-34.84622705296922,77.22056459952833,-57.246882927597866,-26.752655090696564,48.13621331472309,-43.040889251258704,19.90134824343489,-39.578494865580126
96.78891618013225,67.35577070258091,171.6984954706637,348.69326611796504,-345.1850599272253,1314.636450030567,247.92657519469142,-1368.0976481559653,-285.16848730774774,-409.0448186060966,-1087.5072838480773,-427.3547156957264,-27.282184056872858,-1612.3778224522873,65.01960097514085,-757.3550143619843,-165.43849668448823,-600.8569961889592,723.4084728822489,-874.579717501238,363.86710077442746,445.398713058444,-436.3879031538055,-135.25941370002647,626.5202002729598,1048.2668886619604,571.3710455047552,-313.47466394255736,-132.05447495328565,-322.6954229936101,-47.97956187166899,-412.19544872695303,577.5859753423542,634.3931541607756,-372.2124090392184,43.4120062097111,506.8295186014103,-277.2203617780801,-83.98857927442619,-723.7236471443003,-286.1505458212461,-116.43799091931129,-85.7102459384328,190.06682928853724,-561.0296696455439,-448.4228838323374,378.91112276254364,11.711640930286327,-406.59392456365975,898.3869198413656,-668.313163072908,-313.7697652190581,561.2783922084556,-503.5918693348594,232.78742318936415,-458.7106657816024
