V1,V2,V3,V4,V5,V6,V7,V8,V9,V10,V11,V12,V13,V14,V15,V16,V17,V18,V19,V20,V21,V22,V23,V24,V25,V26,V27,V28,V29,V30,V31,V32,V33,V34,V35,V36,V37,V38,V39,V40,V41,V42,V43,V44,V45,V46,V47,V48,V49,V50,V51,V52,V53,V54,V55,V56
402381.3473748397,280757.99812283,712033.9186338,1448571.7593459482,-1432815.812327447,5462187.239238805,1033797.9476221816,-5682571.911994403,-1184277.2896592212,-1698936.8263928609,-4515851.377304753,-1773745.4345114967,-114921.32829186638,-6697403.045567537,268377.01039647416,-3142763.273975785,-689105.8332034112,-2495399.616213267,3003306.985646769,-3633180.0240150536,1511363.0086836754,1850316.3854063528,-1810889.9267289038,-562015.2618084158,2601486.844675138,4354185.87952797,2373448.441110944,-1300033.3264325575,-549494.3914291001,-1342392.0705717017,-200211.64635374842,-1713400.896081508,2396991.541352242,2635971.349878841,-1545812.7832858872,180501.59202060764,2104249.8592142016,-1152541.7425976407,-350580.4209490021,-3005224.734691386,-1187100.5280821777,-484445.6800024902,-354736.7394514672,789265.9915749795,-2331608.908482568,-1862062.4568675957,1575305.5998562984,51581.56358090024,-1688337.1211475884,3733244.294569535,-2774733.853996335,-1301187.8477221827,2331055.3901655725,-2089649.6306504759,966017.1836544297,-1908024.1787415664
280757.99812283,195896.73095141485,496817.0686795571,1010729.6658417588,-999736.225088983,3811200.6261783494,721325.8187145282,-3964972.277519091,-826320.6409228685,-1185420.0605450026,-3150902.201684964,-1237617.6965802254,-80185.75034447943,-4673062.438859942,187257.6820123523,-2192839.5929322434,-480818.1726388703,-1741146.3925477874,2095535.5213498133,-2535023.835079997,1054542.4584016919,1291044.4224392017,-1263534.8945117216,-392142.3213266491,1815168.4239143392,3038100.5299299774,1656056.2141698916,-907088.410313776,-383405.39974171703,-936643.4467792305,-139695.94303110355,-1195512.6899279489,1672482.587889064,1839229.7125895843,-1078578.9725824406,125943.87073268631,1468224.2761457074,-804177.7915628394,-244615.6691011977,-2096872.3621594126,-828290.3200616018,-338018.60322474834,-247514.54373526043,550704.5999155242,-1626862.8761544547,-1299240.3272332428,1099157.1822277838,35990.54682159969,-1178024.2911068504,2604843.632156559,-1936049.9731689766,-907894.477476314,1626476.3325592084,-1458037.6736864639,674031.4399747439,-1331309.314351257
712033.9186338,496817.0686795571,1259988.6159327584,2563328.5692366716,-2535448.3049693056,9665655.480645683,1829370.0983204294,-10055638.262697622,-2095646.7248394836,-3006364.136954077,-7991061.640668126,-3138744.7749397056,-203361.18506225123,-11851436.738623098,474906.6216559816,-5561300.08556334,-1219410.9373961212,-4415752.687203295,5314526.803204987,-6429118.729790551,2674444.71932018,3274241.0431714966,-3204473.604170126,-994520.1878665333,4603482.494625992,7704981.259490713,4199954.8410819145,-2300482.9580675727,-972360.8206451486,-2375436.8214677577,-354284.7863507481,-3031961.362126871,4241612.377469663,4664504.718619983,-2735402.7041682205,319409.13191799045,3723589.210240269,-2039490.8628220381,-620376.2950129884,-5317913.927640131,-2100641.5061838725,-857255.731958955,-627725.1523261005,1396652.2730271078,-4125916.7858647094,-3295027.270492577,2787590.9979503616,91276.00578752387,-2987607.8414103,6606191.798002096,-4910051.70583192,-2302528.5620532357,4124935.6066670576,-3697756.3387332633,1709423.741541671,-3376356.8091656594
1448571.7593459482,1010729.6658417588,2563328.5692366716,5214862.244901787,-5158141.50603686,19663898.458490714,3721681.881724591,-20457283.692866605,-4263403.279851656,-6116177.7314363895,-16257087.062154703,-6385491.380183538,-413718.4756512153,-24110676.78580583,966156.5837107821,-11313961.019530058,-2480782.5877215657,-8983448.909706356,10811920.249097668,-13079461.556721533,5440914.2094134055,6661146.727503748,-6519211.257647507,-2023259.0916552283,9365365.587558517,15675086.8539107,8544425.81092173,-4680124.826105154,-1978181.1332292252,-4832614.272658643,-720761.6313246546,-6168250.519863131,8629177.959180646,9489509.869087353,-5564930.862703174,649807.6117872532,7575306.7174651725,-4149157.0550980377,-1262094.8288435175,-10818818.135986472,-4273565.9215133535,-1744007.6853565348,-1277052.0008288645,2841361.619315342,-8393802.75722073,-6703433.455587234,5671104.249695429,185693.34821233258,-6078019.207075727,13439696.710258368,-9989054.317239178,-4684283.547600933,8391808.50409611,-7522748.701959433,3477666.7337353406,-6868893.636476374
-1432815.812327447,-999736.225088983,-2535448.3049693056,-5158141.50603686,5102037.769151616,-19450020.081423353,-3681202.6775545664,20234775.84848402,4217031.487001106,6049653.663543166,16080263.735568045,6316038.279278582,409218.69015418965,23848431.750796784,-955647.8173437377,11190902.356254471,2453799.717620838,8885738.529159948,-10694322.360499693,12937199.891373575,-5381735.060318863,-6588695.367338411,6448303.68352107,2001252.853110858,-9263501.411251014,-15504593.434597252,-8451490.706534361,4629220.412948986,1956664.9424071868,4780051.075100067,712922.013154682,6101160.260248697,-8535320.747341229,-9386295.404043455,5504402.576788418,-642739.9452919132,-7492912.1608374445,4104028.0560197905,1248367.7394419028,10701144.67381701,4227083.499027692,1725038.7299198594,1263161.7180625359,-2810457.021458763,8302505.885045732,6630522.229675834,-5609421.066989916,-183673.57039659514,6011910.22010947,-13293517.177321285,9880406.347858593,4633334.123136817,-8300533.178703648,7440926.064472198,-3439841.2373784487,6794182.547195911
5462187.239238805,3811200.6261783494,9665655.480645683,19663898.458490714,-19450020.081423353,74147493.5209222,14033508.991169862,-77139144.07324219,-16076194.73952733,-23062527.03716695,-61301288.091451705,-24078042.264064565,-1560027.2055977972,-90915143.5806963,3643125.2098415582,-42662030.30392641,-9354389.984422999,-33874269.670002446,40768967.00432471,-49319275.43981745,20516286.082840938,25117467.025550876,-24582264.89445977,-7629190.639402522,35314381.72379184,59106710.74619624,32218828.767900545,-17647543.43205918,-7459209.866956216,-18222539.102835193,-2717804.9004734764,-23258882.654048253,32538403.44026795,35782497.70403577,-20983917.612394888,2450258.364924911,28564526.72957391,-15645403.990058616,-4759038.958644631,-40794969.75094917,-16114514.17541179,-6576204.856086117,-4815431.715563466,10714043.066970563,-31650867.37318298,-25276920.386705138,21384269.004390456,700201.1322170976,-22918641.644063473,50677633.46964486,-37666149.62056733,-17663227.901832473,31643345.60814116,-28366347.533270378,13113385.713000344,-25900825.35201177
1033797.9476221816,721325.8187145282,1829370.0983204294,3721681.881724591,-3681202.6775545664,14033508.991169862,2656051.7423170935,-14599722.733043479,-3042657.298218624,-4364922.644638677,-11602175.904228728,-4557125.289954342,-295258.90526628867,-17207032.14886248,689514.189110504,-8074419.269416829,-1770455.67101058,-6411205.663270334,7716130.540024575,-9334400.14094619,3883010.7283878094,4753851.539928621,-4652556.601514775,-1443938.0546721413,6683769.447919065,11186817.515032664,6097890.001282907,-3340057.8442703434,-1411765.0378391393,-3448882.95448092,-514384.0383158405,-4402087.077395102,6158372.380719407,6772367.261425115,-3971515.3105930956,463748.24606103444,5406257.554539349,-2961124.901705482,-900720.6819594098,-7721048.372338538,-3049909.2069254736,-1244644.5973496481,-911390.5251264824,2027791.3068445118,-5990394.587263094,-4784030.930814245,4047287.2035292587,132523.10938309197,-4337690.481594404,9591491.45144182,-7128875.521381968,-3343027.8099232446,5988970.041547289,-5368750.917536293,2481902.3828853867,-4902112.846904942
-5682571.911994403,-3964972.277519091,-10055638.262697622,-20457283.692866605,20234775.84848402,-77139144.07324219,-14599722.733043479,80251499.66487947,16724825.677056752,23993037.721040014,63774628.90460281,25049526.067416996,1622969.9922541957,94583323.70020854,-3790115.580638409,44383327.745161854,9731814.394782512,35241004.77294146,-42413884.2866627,51309174.83518997,-21344062.616911955,-26130888.83347596,25574092.74896749,7937007.700256186,-36739221.28874669,-61491506.57646146,-33518771.19152974,18359574.084996067,7760168.866006346,18957769.435909826,2827461.054462519,24197315.60405562,-33851240.063877754,-37226224.48766561,21830562.00838842,-2549119.5756238634,-29717028.18136258,16276653.549927503,4951053.0184886465,42440936.612727694,16764691.273486258,6841536.833591399,5009721.478451323,-11146325.649977071,32927894.132803082,26296775.64621034,-22247066.559309706,-728452.3888532548,23843346.908311304,-52722338.68960757,39185876.74414962,18375891.2026686,-32920069.00051909,29510852.781655975,-13642475.271271227,26945853.6493465
-1184277.2896592212,-826320.6409228685,-2095646.7248394836,-4263403.279851656,4217031.487001106,-16076194.73952733,-3042657.298218624,16724825.677056752,3485539.7753082234,5000272.619333403,13290960.944553822,5220450.189986982,338235.28139899526,19711651.64659018,-789879.630154153,9249714.002497371,2028160.2448972117,7344406.83098675,-8839271.804617198,10693096.22376797,-4448212.5185715435,-5445811.764432738,5329772.59474137,1654113.2368060926,-7656642.828626614,-12815146.560640683,-6985484.457988159,3826229.7712214524,1617259.1604925974,3950896.7996786004,589257.4598498007,5042845.146512216,-7054772.735593088,-7758136.803940899,4549601.542023891,-531249.6242265643,-6193181.694160385,3392138.364713989,1031824.8734617762,8844909.751033574,3493847.988346129,1425811.4782946093,1044051.7777111769,-2322951.6381578483,6862342.64644359,5480383.416272863,-4636403.249661643,-151813.23662781133,4969076.275489374,-10987606.789336188,8166538.442728945,3829630.301034836,-6860711.875554899,6150213.630589074,-2843162.068920487,5615654.651425874
-1698936.8263928609,-1185420.0605450026,-3006364.136954077,-6116177.7314363895,6049653.663543166,-23062527.03716695,-4364922.644638677,23993037.721040014,5000272.619333403,7173272.945910522,19066896.29567924,7489133.843919429,485223.98729402386,28277868.225780547,-1133143.0406048207,13269420.166766824,2909550.8958536615,10536111.777861046,-12680608.883444253,15340062.525418175,-6381299.833411926,-7812432.314836438,7645965.2900651535,2372951.118653174,-10984037.546085648,-18384305.26011095,-10021209.82624928,5489018.579036391,2320081.8673992883,5667863.522725413,845335.066506867,7234345.934712177,-10120609.966249065,-11129638.415875962,6526750.827604462,-762117.8059430155,-8884591.895693969,4866280.676699884,1480230.4601575173,12688698.536240976,5012191.656099484,2045434.9891026514,1497772.3631088985,-3332451.0932917907,9844553.6540255491,7862027.769171007,-6651274.728637347,-217787.79742974052,7128519.290257898,-15762559.506033529,11715522.017353943,5493896.25423802,-9842214.607215658,8822950.17417524,-4078732.609337466,8056085.256275636
-4515851.377304753,-3150902.201684964,-7991061.640668126,-16257087.062154703,16080263.735568045,-61301288.091451705,-11602175.904228728,63774628.90460281,13290960.944553822,19066896.29567924,50680714.59447303,19906471.998833567,1289749.581647083,75163907.35582332,-3011945.8333789925,35270745.79781571,7733722.353673554,28005482.71689603,-33705660.21433139,40774609.06910521,-16961797.567061946,-20765814.184053633,20323336.91011283,6307418.107516488,-29196092.939784493,-48866351.36723607,-26636850.762062,14590070.077716732,6166886.169799242,15065446.02053074,2246939.3301212615,19229233.410199095,-26901057.6976192,-29583106.843210302,17348410.31114349,-2025746.3393566418,-23615663.312831942,12934806.041817412,3934526.6160859047,33727156.447444595,13322641.205674727,5436864.132832144,3981147.8326698565,-8857813.245917238,26167289.709147744,20897642.12496663,-17679399.78469285,-578889.722952541,18947939.456146054,-41897629.60435825,31140411.9066604,14603037.782619596,-26161070.714495834,23451819.7774823,-10841464.86247275,21413453.726259332
-1773745.4345114967,-1237617.6965802254,-3138744.7749397056,-6385491.380183538,6316038.279278582,-24078042.264064565,-4557125.289954342,25049526.067416996,5220450.189986982,7489133.843919429,19906471.998833567,7818903.807098936,506590.2839793737,29523029.97388074,-1183038.2994537447,13853714.006526133,3037667.06339318,11000049.481243242,-13238976.292772785,16015532.62105192,-6662288.626548231,-8156437.99160539,7982640.889674742,2477440.089755148,-11467699.499467934,-19193823.197955184,-10462475.30571829,5730716.9453793485,2422241.980737027,5917436.302235066,882557.4453215674,7552896.710704299,-10566251.3775205,-11619711.60282528,6814143.44873493,-795676.5708962737,-9275807.60159137,5080558.748182357,1545410.801666831,13247420.290957391,5232893.739873998,2135502.2248298763,1563723.3940402523,-3479189.5046866355,10278040.239028383,8208217.542895897,-6944150.252349971,-227377.51702219993,7442409.688084388,-16456634.499732004,12231393.124340283,5735810.1568703195,-10275597.70496503,9211452.49349017,-4258332.141342778,8410819.2985558
-114921.32829186638,-80185.75034447943,-203361.18506225123,-413718.4756512153,409218.69015418965,-1560027.2055977972,-295258.90526628867,1622969.9922541957,338235.28139899526,485223.98729402386,1289749.581647083,506590.2839793737,32822.39152172686,1912809.7924370847,-76649.30381304296,897588.2498697307,196811.5918846822,712698.0320514945,-857759.4936604332,1037653.1559469533,-431652.77656643273,-528459.2125571519,517198.81358674244,160514.7077437057,-742997.6178329226,-1243576.1852601897,-677868.6129327994,371295.5878566679,156937.9779740367,383392.8826254117,57181.1142691497,489355.52613106713,-684591.8391528544,-752846.53667367,441491.11160282505,-51552.40620004195,-600983.4239649142,329171.9375833723,100128.42966725685,858305.6725714086,339041.3487064048,138360.31380429326,101314.0636205268,-225418.3348222933,665918.8986655757,531814.1569626345,-449914.17702583486,-14731.81435486055,482196.7781432798,-1066232.8501482343,792477.4783146473,371625.94884546334,-665760.4057594087,596814.2625993578,-275899.34232823004,544940.4792622776
-6697403.045567537,-4673062.438859942,-11851436.738623098,-24110676.78580583,23848431.750796784,-90915143.5806963,-17207032.14886248,94583323.70020854,19711651.64659018,28277868.225780547,75163907.35582332,29523029.97388074,1912809.7924370847,111474617.66035774,-4466979.361168963,52309585.36121569,11469784.423253464,41534568.163766764,-49988425.06409325,60472295.17452776,-25155820.946886625,-30797509.57017189,30141277.3142108,9354448.357071856,-43300344.77307815,-72473052.1161744,-39504766.41263935,21638344.140584253,9146029.725368105,22343369.99482692,3332407.5713604367,28518626.449875202,-39896611.05265883,-43874320.14388058,25729203.669974837,-3004357.1116795805,-35024085.23589452,19183441.26479926,5835241.956598209,50020311.19115474,19758637.14389371,8063341.574498573,5904390.2427039575,-13136907.226571608,38808367.0061026,30993021.14929576,-26220090.641214736,-858544.2775044305,28101444.473201063,-62137829.37469781,46183940.09516584,21657574.20915128,-38799145.10291309,34781088.46793106,-16078835.126079654,31758016.604472604
268377.01039647416,187257.6820123523,474906.6216559816,966156.5837107821,-955647.8173437377,3643125.2098415582,689514.189110504,-3790115.580638409,-789879.630154153,-1133143.0406048207,-3011945.8333789925,-1183038.2994537447,-76649.30381304296,-4466979.361168963,178999.89763683273,-2096134.674444428,-459614.18866397755,-1664361.3278281845,2003121.2772691199,-2423228.830376786,1008036.6104985208,1234108.9654262832,-1207812.626350725,-374848.38280483393,1735118.5450622346,2904119.45991299,1583023.340974513,-867085.6432389038,-366497.2883679382,-895337.7128217464,-133535.5239159972,-1142790.1877299533,1598725.896986524,1758118.7389488092,-1031013.6155002802,120389.49361461466,1403475.4324411443,-768712.930971193,-233827.31260172848,-2004400.305052623,-791762.6410236214,-323111.64881934336,-236599.40724822012,526418.2153234915,-1555117.54467581,-1241943.272348637,1050684.486014185,34403.44683058102,-1126073.3397938276,2489968.915020279,-1850669.413897491,-867855.6995121498,1554748.3485558322,-1393737.5179127653,644306.2878589241,-1272598.4266956188
-3142763.273975785,-2192839.5929322434,-5561300.08556334,-11313961.019530058,11190902.356254471,-42662030.30392641,-8074419.269416829,44383327.745161854,9249714.002497371,13269420.166766824,35270745.79781571,13853714.006526133,897588.2498697307,52309585.36121569,-2096134.674444428,24546329.880398177,5382208.640783785,19490141.298930906,-23457123.233465355,28376690.086776443,-11804396.510993136,-14451764.887897689,14143827.17985466,4389585.329625192,-20318734.209766556,-34008058.51514224,-18537654.851614635,10153816.456991684,4291784.265021983,10484650.291863495,1563735.7187367545,13382396.52124349,-18721527.93244676,-20588072.765670203,12073456.596377106,-1409798.0050621633,-16435089.894831978,9001850.973239303,2738194.187391905,23472084.97640025,9271761.851799091,3783731.982943062,2770641.2996327057,-6164508.121690792,18210868.59217345,14543509.026214732,-12303805.717202513,-402872.76602426457,13186633.194177454,-29158244.301674187,21671864.278411165,10162840.535047755,-18206540.978385117,16321063.805419447,-7545011.002628165,14902483.661517112
-689105.8332034112,-480818.1726388703,-1219410.9373961212,-2480782.5877215657,2453799.717620838,-9354389.984422999,-1770455.67101058,9731814.394782512,2028160.2448972117,2909550.8958536615,7733722.353673554,3037667.06339318,196811.5918846822,11469784.423253464,-459614.18866397755,5382208.640783785,1180142.8317566637,4273551.61886624,-5143380.77729892,6222081.868994125,-2588318.540457674,-3168800.1604827526,3101279.48489518,962492.4326606075,-4455234.618445483,-7456856.888470537,-4064702.1665355107,2226400.504697341,941048.3171239079,2298941.932468749,342876.3738046945,2934322.573501404,-4105020.050556603,-4514291.782952015,2647315.0807213974,-309122.481189931,-3603678.8392887767,1973811.6612737887,600395.9331998928,5146662.407180604,2032994.790649154,829648.6744710993,607511.4623196776,-1351675.222064133,3993048.7040994377,3188916.516720206,-2697823.2683204096,-88336.9261499422,2891398.3390509584,-6393450.625904876,4751932.065891614,2228378.781565969,-3992100.0652252967,3578676.1605004887,-1654374.4136341359,3267628.3032692205
-2495399.616213267,-1741146.3925477874,-4415752.687203295,-8983448.909706356,8885738.529159948,-33874269.670002446,-6411205.663270334,35241004.77294146,7344406.83098675,10536111.777861046,28005482.71689603,11000049.481243242,712698.0320514945,41534568.163766764,-1664361.3278281845,19490141.298930906,4273551.61886624,15475454.369321417,-18625295.38443835,22531502.807893127,-9372861.702047888,-11474910.550417226,11230403.553457215,3485394.253608383,-16133369.075764937,-27002890.836607534,-14719166.29502704,8062277.287720869,3407738.868775417,8324964.203233434,1241628.8313160348,10625816.581727058,-14865164.269010292,-16347227.790820532,9586499.379067626,-1119399.9957471287,-13049699.363542393,7147599.9455161095,2174165.7217479832,18637175.390764724,7361913.170876649,3004337.9411173174,2199929.3527223873,-4894708.676381275,14459693.289357176,11547756.701849718,-9769399.940086063,-319886.8226053876,10470377.710409397,-23152068.07707488,17207773.974438664,8069442.469108798,-14456257.145027561,12959160.918663139,-5990847.948155346,11832787.820336398
3003306.985646769,2095535.5213498133,5314526.803204987,10811920.249097668,-10694322.360499693,40768967.00432471,7716130.540024575,-42413884.2866627,-8839271.804617198,-12680608.883444253,-33705660.21433139,-13238976.292772785,-857759.4936604332,-49988425.06409325,2003121.2772691199,-23457123.233465355,-5143380.77729892,-18625295.38443835,22416249.269782238,-27117516.366685133,11280594.402498588,13810489.436737215,-13516215.98708865,-4194804.609249981,19417121.416703507,32499001.620129284,17715074.61263131,-9703255.855072614,-4101342.4524148507,-10019408.741498614,-1494346.930338157,-12788572.73154137,17890787.626369074,19674508.451537143,-11537714.51005446,1347240.6796522152,15705806.868880628,-8602407.914413128,-2616692.1204459993,-22430545.223475095,-8860340.991545709,-3615834.91473982,-2647697.689626419,5890967.528385122,-17402788.82894237,-13898162.82342902,11757841.958874375,384995.7341656586,-12601495.602617871,27864391.334674597,-20710207.977753013,-9711880.267189711,17398652.75028453,-15596841.414796151,7210212.684988505,-14241207.804175114
-3633180.0240150536,-2535023.835079997,-6429118.729790551,-13079461.556721533,12937199.891373575,-49319275.43981745,-9334400.14094619,51309174.83518997,10693096.22376797,15340062.525418175,40774609.06910521,16015532.62105192,1037653.1559469533,60472295.17452776,-2423228.830376786,28376690.086776443,6222081.868994125,22531502.807893127,-27117516.366685133,32804763.67206676,-13646426.870369578,-16706907.131181773,16350916.942478698,5074562.792571971,-23489393.935088076,-39314885.1718237,-21430384.136607308,11738280.54003271,4961500.895063582,12120740.235674538,1807750.9184057475,15470667.920531657,-21642950.62884073,-23800761.7541549,13957473.370418608,-1629791.2908600746,-18999722.733712826,10406554.685795642,3165477.94596983,27134814.235106915,10718584.794832516,4374168.501800243,3202989.608969003,-7126455.694278022,21052604.271003205,16812967.397297986,-14223767.788518308,-465739.6250727884,15244356.85765558,-33708275.628022686,25053675.025222015,11748712.22177365,-21047601.71929349,18867902.643451616,-8722380.7126726,17227959.157016158
1511363.0086836754,1054542.4584016919,2674444.71932018,5440914.2094134055,-5381735.060318863,20516286.082840938,3883010.7283878094,-21344062.616911955,-4448212.5185715435,-6381299.833411926,-16961797.567061946,-6662288.626548231,-431652.77656643273,-25155820.946886625,1008036.6104985208,-11804396.510993136,-2588318.540457674,-9372861.702047888,11280594.402498588,-13646426.870369578,5676766.379687875,6949892.863389612,-6801804.778889976,-2110963.7026587785,9771334.56245322,16354567.350174243,8914808.603034021,-4882997.750108079,-2063930.5471690558,-5042096.35118221,-752004.5944341111,-6435630.736889648,9003233.262947302,9900860.192694904,-5806157.756590791,677975.8233338528,7903679.0250121495,-4329014.759595949,-1316805.4962021594,-11287788.766635079,-4458815.255935929,-1819607.111879103,-1332408.6768539662,2964528.7431860026,-8757656.133471416,-6994012.974215085,5916933.159137939,193742.53974804087,-6341487.413510383,14022278.843237782,-10422058.31717426,-4887337.769360997,8755574.767238112,-7848843.940987288,3628416.3272137963,-7166644.562333541
1850316.3854063528,1291044.4224392017,3274241.0431714966,6661146.727503748,-6588695.367338411,25117467.025550876,4753851.539928621,-26130888.83347596,-5445811.764432738,-7812432.314836438,-20765814.184053633,-8156437.99160539,-528459.2125571519,-30797509.57017189,1234108.9654262832,-14451764.887897689,-3168800.1604827526,-11474910.550417226,13810489.436737215,-16706907.131181773,6949892.863389612,8508543.207920626,-8327243.462906734,-2584388.5893782126,11962748.432507839,20022401.249099813,10914129.752404485,-5978106.257267428,-2526807.779743864,-6172886.217260335,-920656.621425316,-7878947.650882048,11022385.896764664,12121322.749617985,-7108303.246623516,830025.0680515543,9676234.960196387,-5299881.2509474205,-1612124.4272662352,-13819298.271078255,-5458792.544061932,-2227689.6420458136,-1631227.8506293632,3629382.57336801,-10721732.83915994,-8562557.986989606,7243922.359246575,237193.2016847694,-7763691.100043746,17167050.756677773,-12759410.007061956,-5983419.208931319,10719184.946915286,-9609101.555646751,4442160.00881346,-8773905.972983554
-1810889.9267289038,-1263534.8945117216,-3204473.604170126,-6519211.257647507,6448303.68352107,-24582264.89445977,-4652556.601514775,25574092.74896749,5329772.59474137,7645965.2900651535,20323336.91011283,7982640.889674742,517198.81358674244,30141277.3142108,-1207812.626350725,14143827.17985466,3101279.48489518,11230403.553457215,-13516215.98708865,16350916.942478698,-6801804.778889976,-8327243.462906734,8149806.846970031,2529320.5141966464,-11707846.587646054,-19595764.617934085,-10681571.842089947,5850724.979485317,2472966.653456615,6041354.589946242,901039.3096713689,7711063.30540044,-10787521.2895701,-11863042.009238075,6956839.777496193,-812338.9148404693,-9470054.090433696,5186951.550742469,1577773.3092629598,13524837.1643064,5342476.787410175,2180222.099745538,1596469.7158397366,-3552047.8096342357,10493274.519476272,8380107.291299863,-7089569.128748074,-232139.10052981175,7598262.648252312,-16801255.820464812,12487532.93327973,5855924.70624695,-10490780.928486295,9404351.142505705,-4347506.610964742,8586951.896839602
-562015.2618084158,-392142.3213266491,-994520.1878665333,-2023259.0916552283,2001252.853110858,-7629190.639402522,-1443938.0546721413,7937007.700256186,1654113.2368060926,2372951.118653174,6307418.107516488,2477440.089755148,160514.7077437057,9354448.357071856,-374848.38280483393,4389585.329625192,962492.4326606075,3485394.253608383,-4194804.609249981,5074562.792571971,-2110963.7026587785,-2584388.5893782126,2529320.5141966464,784983.7189593966,-3633570.849926675,-6081612.683676914,-3315062.828345014,1815792.4422339802,767493.4629924712,1874954.4846149532,279640.37999418296,2393154.991971153,-3347943.8827990876,-3681736.2628207006,2159078.7263149316,-252112.43086133065,-2939063.4246753873,1609788.6702303463,489668.252295711,4197478.828108618,1658055.7885157329,676639.6919008072,495469.4517107665,-1102390.4021931156,3256623.9780790173,2600795.25017727,-2200271.533228847,-72045.05166776068,2358146.546267442,-5214327.787056746,3875548.8989103273,1817406.7601399824,-3255849.7166640093,2918672.953307639,-1349263.790695906,2664989.6717992947
2601486.844675138,1815168.4239143392,4603482.494625992,9365365.587558517,-9263501.411251014,35314381.72379184,6683769.447919065,-36739221.28874669,-7656642.828626614,-10984037.546085648,-29196092.939784493,-11467699.499467934,-742997.6178329226,-43300344.77307815,1735118.5450622346,-20318734.209766556,-4455234.618445483,-16133369.075764937,19417121.416703507,-23489393.935088076,9771334.56245322,11962748.432507839,-11707846.587646054,-3633570.849926675,16819254.62304422,28150876.375099998,15344929.060830045,-8405032.235859064,-3552613.2834050125,-8678886.249806097,-1294414.4193602349,-11077556.597051155,15497133.030275602,17042205.183977604,-9994053.953294283,1166989.854887212,13604486.483568069,-7451469.537243423,-2266598.066617908,-19429504.780482884,-7674893.132226665,-3132063.0142415296,-2293455.4160701334,5102799.774968569,-15074424.80721347,-12038691.756640902,10184729.997881383,333486.1703064698,-10915509.027340267,24136342.517329816,-17939335.818678603,-8412502.724029323,15070842.132210854,-13510099.749740636,6245539.717811666,-12335839.902253946
4354185.87952797,3038100.5299299774,7704981.259490713,15675086.8539107,-15504593.434597252,59106710.74619624,11186817.515032664,-61491506.57646146,-12815146.560640683,-18384305.26011095,-48866351.36723607,-19193823.197955184,-1243576.1852601897,-72473052.1161744,2904119.45991299,-34008058.51514224,-7456856.888470537,-27002890.836607534,32499001.620129284,-39314885.1718237,16354567.350174243,20022401.249099813,-19595764.617934085,-6081612.683676914,28150876.375099998,47116943.792144656,25683254.934895407,-14067748.097792314,-5946113.049642891,-14526106.677066088,-2166499.7736534323,-18540829.770647846,25938004.74156862,28524035.27832541,-16727340.656748429,1953224.4134277338,22770226.94962527,-12471741.080222256,-3793669.393202251,-32519731.07393157,-12845693.148867378,-5242224.678164473,-3838624.163123114,8540704.556271804,-25230504.35452762,-20149509.39018559,17046481.163421318,558165.7899873384,-18269606.844856188,40397700.1915972,-30025589.5918641,-14080250.432628645,25224508.731745806,-22612247.661179356,10453341.71321958,-20646856.037889417
2373448.441110944,1656056.2141698916,4199954.8410819145,8544425.81092173,-8451490.706534361,32218828.767900545,6097890.001282907,-33518771.19152974,-6985484.457988159,-10021209.82624928,-26636850.762062,-10462475.30571829,-677868.6129327994,-39504766.41263935,1583023.340974513,-18537654.851614635,-4064702.1665355107,-14719166.29502704,17715074.61263131,-21430384.136607308,8914808.603034021,10914129.752404485,-10681571.842089947,-3315062.828345014,15344929.060830045,25683254.934895407,13999838.48771929,-7668272.325658222,-3241201.8970649014,-7918121.226990307,-1180949.9864049978,-10106531.17440039,14138700.867642727,15548336.447725315,-9118005.212401766,1064694.9653658967,12411958.043815507,-6798295.949364998,-2067914.6813189713,-17726372.78639676,-7002135.045687387,-2857515.695858763,-2092418.0734269859,4655503.600596672,-13753045.854226548,-10983416.071550075,9291967.209760208,304253.79656939907,-9958688.28934018,22020622.978028897,-16366827.356234709,-7675087.852168156,13749777.304406585,-12325844.825931111,5698074.380230931,-11254517.210798202
-1300033.3264325575,-907088.410313776,-2300482.9580675727,-4680124.826105154,4629220.412948986,-17647543.43205918,-3340057.8442703434,18359574.084996067,3826229.7712214524,5489018.579036391,14590070.077716732,5730716.9453793485,371295.5878566679,21638344.140584253,-867085.6432389038,10153816.456991684,2226400.504697341,8062277.287720869,-9703255.855072614,11738280.54003271,-4882997.750108079,-5978106.257267428,5850724.979485317,1815792.4422339802,-8405032.235859064,-14067748.097792314,-7668272.325658222,4200220.169787524,1775336.3473549965,4337072.822155844,646853.838189893,5535752.128267081,-7744333.374055939,-8516446.627971321,4994297.1567980405,-583175.8991501189,-6798527.122029148,3723698.786658997,1132679.054325788,9709445.396756785,3835350.149820767,1565175.646550557,1146101.5469688259,-2550005.7606703327,7533094.210537218,6016057.003614091,-5089583.271503358,-166652.08660482665,5454772.945388193,-12061577.40503168,8964767.105904406,4203952.8692341745,-7531304.179019596,6751358.947163713,-3121063.5434903284,6164550.35849253
-549494.3914291001,-383405.39974171703,-972360.8206451486,-1978181.1332292252,1956664.9424071868,-7459209.866956216,-1411765.0378391393,7760168.866006346,1617259.1604925974,2320081.8673992883,6166886.169799242,2422241.980737027,156937.9779740367,9146029.725368105,-366497.2883679382,4291784.265021983,941048.3171239079,3407738.868775417,-4101342.4524148507,4961500.895063582,-2063930.5471690558,-2526807.779743864,2472966.653456615,767493.4629924712,-3552613.2834050125,-5946113.049642891,-3241201.8970649014,1775336.3473549965,750393.8606685586,1833181.0151370692,273410.3189016177,2339834.869493232,-3273351.4380080234,-3599705.5875165975,2110974.4902770817,-246494.91196549663,-2873580.923023449,1573921.5016919468,478756.98300943756,4103959.186587603,1621114.2296762841,661563.5720647449,484430.87946822535,-1077828.6137529747,3184065.2742930516,2542848.6097163875,-2151249.8167368113,-70440.04334752777,2305606.984562227,-5098150.71978208,3789200.4305381337,1776913.8473538316,-3183308.816042933,2853643.7565168613,-1319201.5736724078,2605613.5343022645
-1342392.0705717017,-936643.4467792305,-2375436.8214677577,-4832614.272658643,4780051.075100067,-18222539.102835193,-3448882.95448092,18957769.435909826,3950896.7996786004,5667863.522725413,15065446.02053074,5917436.302235066,383392.8826254117,22343369.99482692,-895337.7128217464,10484650.291863495,2298941.932468749,8324964.203233434,-10019408.741498614,12120740.235674538,-5042096.35118221,-6172886.217260335,6041354.589946242,1874954.4846149532,-8678886.249806097,-14526106.677066088,-7918121.226990307,4337072.822155844,1833181.0151370692,4478385.054797992,667930.0873959943,5716119.174303761,-7996661.3822786845,-8793930.792665204,5157022.888006668,-602176.7488449732,-7020038.654199651,3845024.6036917567,1169583.1751115331,10025801.633536698,3960314.62779701,1616172.2020127538,1183444.5647546002,-2633090.394693728,7778538.865889556,6212073.253507691,-5255413.880418466,-172082.1198934351,5632501.962176482,-12454569.890475415,9256858.86655627,4340926.459480043,-7776690.953991287,6971332.834150877,-3222754.483210123,6365405.46872668
-200211.64635374842,-139695.94303110355,-354284.7863507481,-720761.6313246546,712922.013154682,-2717804.9004734764,-514384.0383158405,2827461.054462519,589257.4598498007,845335.066506867,2246939.3301212615,882557.4453215674,57181.1142691497,3332407.5713604367,-133535.5239159972,1563735.7187367545,342876.3738046945,1241628.8313160348,-1494346.930338157,1807750.9184057475,-752004.5944341111,-920656.621425316,901039.3096713689,279640.37999418296,-1294414.4193602349,-2166499.7736534323,-1180949.9864049978,646853.838189893,273410.3189016177,667930.0873959943,99618.69937235341,852531.9777584185,-1192664.1611461015,-1311572.773221457,769145.5855052932,-89811.69539402338,-1047005.5224924721,573466.9538898402,174437.4167906358,1495300.9493310766,590662.1780453522,241044.2869323025,176505.2878071525,-392712.8412316634,1160131.9923441445,926501.1064719491,-783820.2140831043,-25665.275106685764,840061.01602415,-1857539.7168144984,1380616.3985422712,647428.3670405551,-1159856.529806868,1039741.0191254927,-480658.42799501267,949370.0789661491
-1713400.896081508,-1195512.6899279489,-3031961.362126871,-6168250.519863131,6101160.260248697,-23258882.654048253,-4402087.077395102,24197315.60405562,5042845.146512216,7234345.934712177,19229233.410199095,7552896.710704299,489355.52613106713,28518626.449875202,-1142790.1877299533,13382396.52124349,2934322.573501404,10625816.581727058,-12788572.73154137,15470667.920531657,-6435630.736889648,-7878947.650882048,7711063.30540044,2393154.991971153,-11077556.597051155,-18540829.770647846,-10106531.17440039,5535752.128267081,2339834.869493232,5716119.174303761,852531.9777584185,7295939.455882725,-10206776.779997814,-11224397.096247848,6582319.39063818,-768606.8055366671,-8960235.216427322,4907712.892936208,1492834.2240932698,12796729.652851216,5054865.387731747,2062850.2211994969,1510523.9860466314,-3360823.9042384224,9928370.795149706,7928965.582179226,-6707903.258790437,-219641.9181646372,7189211.367333299,-15896762.953558471,11815268.625903431,5540671.983808678,-9926011.410353625,8898069.441060314,-4113459.3108752784,8124674.691630388
2396991.541352242,1672482.587889064,4241612.377469663,8629177.959180646,-8535320.747341229,32538403.44026795,6158372.380719407,-33851240.063877754,-7054772.735593088,-10120609.966249065,-26901057.6976192,-10566251.3775205,-684591.8391528544,-39896611.05265883,1598725.896986524,-18721527.93244676,-4105020.050556603,-14865164.269010292,17890787.626369074,-21642950.62884073,9003233.262947302,11022385.896764664,-10787521.2895701,-3347943.8827990876,15497133.030275602,25938004.74156862,14138700.867642727,-7744333.374055939,-3273351.4380080234,-7996661.3822786845,-1192664.1611461015,-10206776.779997814,14278941.849905526,15702558.026858827,-9208446.427204555,1075255.1178173586,12535071.62404099,-6865726.774575932,-2088424.5830879698,-17902200.26503173,-7071588.888866644,-2885858.6209663833,-2113173.2515777983,4701680.769623684,-13889460.546865122,-11092359.132236764,9384134.285247682,307271.8570227707,-10057468.101602452,22239042.649243906,-16529167.920946335,-7751215.53016057,13886160.208572304,-12448103.114167983,5754592.669595814,-11366150.177396422
2635971.349878841,1839229.7125895843,4664504.718619983,9489509.869087353,-9386295.404043455,35782497.70403577,6772367.261425115,-37226224.48766561,-7758136.803940899,-11129638.415875962,-29583106.843210302,-11619711.60282528,-752846.53667367,-43874320.14388058,1758118.7389488092,-20588072.765670203,-4514291.782952015,-16347227.790820532,19674508.451537143,-23800761.7541549,9900860.192694904,12121322.749617985,-11863042.009238075,-3681736.2628207006,17042205.183977604,28524035.27832541,15548336.447725315,-8516446.627971321,-3599705.5875165975,-8793930.792665204,-1311572.773221457,-11224397.096247848,15702558.026858827,17268111.106438085,-10126531.916809298,1182459.078658661,13784823.170239141,-7550243.775825724,-2296643.3027775637,-19687056.048706565,-7776629.0419283975,-3173580.6099144267,-2323856.7421751544,5170440.825017261,-15274246.485160615,-12198272.74244304,10319735.513421813,337906.76181675703,-11060201.498920858,24456286.030527886,-18177133.83007218,-8524016.108642014,15270616.341378707,-13689185.236634316,6328328.557117674,-12499359.818272717
-1545812.7832858872,-1078578.9725824406,-2735402.7041682205,-5564930.862703174,5504402.576788418,-20983917.612394888,-3971515.3105930956,21830562.00838842,4549601.542023891,6526750.827604462,17348410.31114349,6814143.44873493,441491.11160282505,25729203.669974837,-1031013.6155002802,12073456.596377106,2647315.0807213974,9586499.379067626,-11537714.51005446,13957473.370418608,-5806157.756590791,-7108303.246623516,6956839.777496193,2159078.7263149316,-9994053.953294283,-16727340.656748429,-9118005.212401766,4994297.1567980405,2110974.4902770817,5157022.888006668,769145.5855052932,6582319.39063818,-9208446.427204555,-10126531.916809298,5938499.302586606,-693428.6820741197,-8083829.802837914,4427686.235806358,1346818.3967920507,11545074.93203561,4560446.304495308,1861081.3854513217,1362779.1524328832,-3032099.6181162423,8957270.926777316,7153428.713144451,-6051799.934493401,-198158.72577909683,6486030.796528907,-14341891.058069993,10659610.2163524,4998735.257599374,-8955142.66605656,8027743.8619488645,-3711119.3039469593,7329995.8918441
180501.59202060764,125943.87073268631,319409.13191799045,649807.6117872532,-642739.9452919132,2450258.364924911,463748.24606103444,-2549119.5756238634,-531249.6242265643,-762117.8059430155,-2025746.3393566418,-795676.5708962737,-51552.40620004195,-3004357.1116795805,120389.49361461466,-1409798.0050621633,-309122.481189931,-1119399.9957471287,1347240.6796522152,-1629791.2908600746,677975.8233338528,830025.0680515543,-812338.9148404693,-252112.43086133065,1166989.854887212,1953224.4134277338,1064694.9653658967,-583175.8991501189,-246494.91196549663,-602176.7488449732,-89811.69539402338,-768606.8055366671,1075255.1178173586,1182459.078658661,-693428.6820741197,80970.73394315253,943935.4608156201,-517014.0861123854,-157266.45016993923,-1348099.1348050376,-532515.7770759073,-217315.66504594553,-159129.22377240355,354053.4916020913,-1045926.1887807326,-835294.433589484,706658.466582116,23138.590490770035,-757363.0707738282,1674679.6859849438,-1244705.576694099,-583694.5382904895,1045677.409373348,-937386.8773984538,433341.53560187697,-855911.5266132941
2104249.8592142016,1468224.2761457074,3723589.210240269,7575306.7174651725,-7492912.1608374445,28564526.72957391,5406257.554539349,-29717028.18136258,-6193181.694160385,-8884591.895693969,-23615663.312831942,-9275807.60159137,-600983.4239649142,-35024085.23589452,1403475.4324411443,-16435089.894831978,-3603678.8392887767,-13049699.363542393,15705806.868880628,-18999722.733712826,7903679.0250121495,9676234.960196387,-9470054.090433696,-2939063.4246753873,13604486.483568069,22770226.94962527,12411958.043815507,-6798527.122029148,-2873580.923023449,-7020038.654199651,-1047005.5224924721,-8960235.216427322,12535071.62404099,13784823.170239141,-8083829.802837914,943935.4608156201,11004178.202942444,-6027223.654441219,-1833367.683962038,-15715825.817452999,-6207944.131391743,-2533412.100559158,-1855093.940204768,4127470.049924952,-12193157.159631107,-9737662.43063214,8238061.128586136,269745.11906514346,-8829161.462903086,19523014.673459057,-14510480.200102894,-6804568.719109292,12190259.919864537,-10927830.996058917,5051791.064746282,-9978015.744467339
