V1,V2,V3,V4,V5,V6,V7,V8,V9,V10,V11,V12,V13,V14,V15,V16,V17,V18,V19,V20,V21,V22,V23,V24,V25,V26,V27,V28,V29,V30,V31,V32,V33,V34,V35,V36,V37,V38,V39,V40,V41,V42,V43,V44,V45,V46,V47,V48,V49,V50,V51,V52,V53,V54,V55,V56
500.065145964216,563.9613207070869,-486.98737282930796,-281.26682445224753,345.1814441102511,-78.33842522570816,-218.50468126159953,165.47048878634993,181.20802113139442,272.2938257815073,316.6538258131997,-556.1216887047794,-65.93033948897663,-270.0634903178792,41.436794496761934,32.30906102054237,-139.32000299023923,457.1832071754126,170.01751856533124,626.7394363788425,12.46301881810635,117.00713010862741,639.8945631767436,-70.58780017394072,236.4097670960769,-141.70151536410816,157.24007975524256,-328.29935203349044,236.3663365296567,406.9346402173731,333.6367122704268,11.228397078663967,-211.74146624497817,-411.0808691314504,-148.69484211185153,-681.5950272303157,497.6458350567424,357.70217784213906,44.22435044766841,89.29848648320272,442.51183648162976,28.311729462375624,-718.6014773648106,-30.83334707524101,-97.57457896792808,789.5754829736608,210.0995228224047,-84.95459874904535,57.70279388267833,-126.3973945107565,445.98946684893986,-63.663337991102466,84.27351801960941,379.23735807441426,404.9890430688008,231.94400573454186
563.9613207070869,636.5099586124061,-548.7625047433246,-317.2705597370456,389.60399952656024,-89.12808096668032,-247.05068253470233,186.78670338133495,204.45537813440845,308.4381366228333,356.6414980662586,-627.5787645153633,-73.82121919183737,-304.8833581372861,47.59807240976085,36.50065791820962,-157.59689967216562,515.6290826007564,192.34355803575983,707.4572286097097,13.620979164927553,132.21241445630798,721.2070727785333,-79.26943122522908,265.92733168111107,-159.55748377301254,177.4373839759773,-370.22082958595206,267.0028004072753,458.4280948141903,375.80749501460383,13.174809335887726,-238.23123263368478,-463.5886351030466,-168.2131592447556,-770.0514120396772,560.8575712014898,403.37275026102174,50.07953993950708,100.18225359343026,499.9087220366966,31.862748420709284,-810.8115813739769,-34.73878228453751,-109.45671018685617,890.6406042130471,236.48931435447057,-95.64254945393046,65.73646215226647,-142.57940291292633,503.5199114459932,-71.82362824188623,95.26936562471086,427.55062660007087,457.29028398484104,261.996416685179
-486.98737282930796,-548.7625047433246,474.6721813686634,273.8516687691285,-335.8637439983341,75.56668389430236,212.21137524647455,-160.9818104033964,-176.38450918814164,-263.91590291261747,-308.8114414914316,541.2103828473485,64.70419584484577,262.71232298448314,-39.54875679913799,-31.405087207670697,135.23486201399595,-445.2001945632871,-165.0133399619349,-609.7627268745717,-12.542741966019467,-113.71012881011562,-623.5815606572341,69.05594130165322,-230.86680348808136,138.2276935308461,-153.02927385411232,319.74179225039194,-229.78194590540105,-396.7630476791076,-325.3419214620669,-10.458316101880285,206.73076361289094,400.3494919084151,144.32538733421913,662.5050279397685,-484.9826712519502,-348.3835977802801,-42.87988367609089,-87.45229073312274,-430.14833107710206,-27.63206070737301,699.4501601217859,30.057920834196434,95.5660733316285,-768.7641770011223,-205.0290163552021,82.88875351906457,-55.57952417230272,123.0636732885967,-433.8242497873138,61.97549798233318,-81.85897058243658,-369.4547020421391,-393.88513850835295,-225.4938780155975
-281.26682445224753,-317.2705597370456,273.8516687691285,158.2100235275529,-194.19287560755728,44.165439069173416,122.98317117511556,-93.09349490755142,-101.93473109852431,-153.33325998244098,-178.04267382868213,312.8491312738015,37.01270767961349,151.9413649127549,-23.42118477615789,-18.18093558276791,78.4248351445919,-257.15129585125135,-95.70778857291963,-352.60029704598156,-6.952554779630154,-65.84553545770737,-359.8558502437097,39.65819112109867,-132.87985800340383,79.66842241375161,-88.4553157064997,184.65184861443794,-133.00419957953315,-228.8181909489079,-187.5966788124854,-6.383185168085598,119.02139449285843,231.21431989732724,83.70359479344457,383.55083945773123,-279.85647681817596,-201.18875952295005,-24.901513152844874,-50.157213421596644,-249.0085058125416,-15.915378617878966,404.23658985543483,17.337981041235125,54.80434036341332,-444.12830634278697,-118.11239962309023,47.76148561685441,-32.5428859882754,71.097725273435,-250.9234414457954,35.811505025105134,-47.430657334421625,-213.28697611691894,-227.863538843775,-130.51431511812476
345.1814441102511,389.60399952656024,-335.8637439983341,-194.19287560755728,238.47555569458314,-54.580005199364365,-151.23401359752995,114.33156165056195,125.14414206734719,188.83120914091512,218.27126639823584,-384.1342380249514,-45.16568737569766,-186.62011340595865,29.16370789616304,22.342912759556267,-96.47615265694579,315.59990606218025,117.74823584600648,433.0339685056382,8.32233624748368,80.93143985142856,441.41139908030146,-48.50636682290202,162.74052960055806,-97.65078702862314,108.60689296495053,-226.5995110294049,163.4387061679466,280.5716730838787,230.00397333573176,8.081334832374031,-145.79391144577474,-283.74682372010517,-102.97598353825983,-471.370802754596,343.2695597976461,246.89053322484153,30.659809959723525,61.29991363153292,306.0077563423655,19.499522856828793,-496.28499499512924,-21.260881165241134,-66.9742020231237,545.1374420480394,144.7312267074046,-58.53394421950053,40.25801007078954,-87.26939894176708,308.2073517190659,-43.96206075744483,58.31938810810276,261.6844971620549,279.91154943709614,160.37417703253988
-78.33842522570816,-89.12808096668032,75.56668389430236,44.165439069173416,-54.580005199364365,13.52122733116842,35.232075204766396,-26.199715075126377,-28.53558515525982,-44.82380649076906,-48.848134735525775,87.75671785616593,9.471800656159916,42.806583064859964,-7.8799136330216335,-5.162985399883333,22.587069715244105,-71.66691127793626,-27.59810506549202,-99.19865055386973,-1.254610736983097,-18.738334435729044,-99.51947287612306,10.516370580548447,-35.930251159563625,21.797872828161246,-24.80248302706967,51.38467087354282,-37.724277630629565,-62.9405846395515,-51.52708002357886,-2.579823837473728,32.263228626026034,64.36753349217456,24.12463007196407,108.96187732560703,-77.35612859996526,-55.97774289390279,-7.254328041098591,-13.145479522985973,-70.68995495776294,-4.329353753418246,113.19622520775377,4.775859019515241,14.347781400703,-123.97387293686849,-32.18243283731375,13.04037215145632,-10.098727696339335,19.850681213122627,-70.73626523312865,10.013821641607183,-13.566363253775647,-59.178132503439826,-64.33012724451906,-37.00044420185616
-218.50468126159953,-247.05068253470233,212.21137524647455,122.98317117511556,-151.23401359752995,35.232075204766396,96.28043828829209,-72.5253013865751,-79.29874562526543,-120.71690195106787,-137.7549566799338,243.50992093212957,28.122300946001133,118.4058463331373,-19.219494618115405,-14.198905786913306,61.486928582919575,-199.8044887252485,-75.0627920270543,-274.6712177130686,-4.886860122381953,-51.453883161725784,-279.02382366374235,30.40933301905631,-102.41356908930443,61.59556080034574,-68.84252807899455,143.41554193745992,-103.83914391679826,-177.16395794064852,-145.1915729238827,-5.564125361126386,91.79370451433927,179.59862802270857,65.63893013899423,299.5781133522634,-216.9645887605519,-156.25290542136696,-19.586125712063602,-38.34266972227824,-194.454176234406,-12.285639390891797,314.49521624323273,13.428837890390382,41.883141603127356,-345.2333947768111,-91.21756420378499,36.90612943708634,-26.062508976516224,55.26985003011413,-195.57419318362022,27.850604610468302,-37.11595937392839,-165.5232217738288,-177.67184628928902,-101.88216197908943
165.47048878634993,186.78670338133495,-160.9818104033964,-93.09349490755142,114.33156165056195,-26.199715075126377,-72.5253013865751,54.815821971008674,59.99390474891648,90.58412333044227,104.61161935215458,-184.16070081387508,-21.625025794074947,-89.47430476948388,14.020232078144474,10.713681441996286,-46.270322873050496,151.29130949988487,56.47284904327861,207.61209820030496,3.9683756389199325,38.8083967151189,211.57806593718547,-23.23679051873301,77.98180015841758,-46.79968604732355,52.06832542748076,-108.62287208394727,78.36790101967823,134.4732818834734,110.23447098812544,3.8983873990853883,-69.86252146007149,-136.0184917918166,-49.38750134810922,-226.0243000497433,164.53511104467137,118.34924732078352,14.705947048355734,29.36072715181412,146.73018772222514,9.344825560627752,-237.92156687866276,-10.190793255066572,-32.078412639139344,261.33120015704975,69.35873883253417,-28.051405881096223,19.32952821295812,-41.835528199930934,147.76988992085634,-21.0748376218387,27.966848474553178,125.43702068808251,134.20697023767354,76.89741136235602
181.20802113139442,204.45537813440845,-176.38450918814164,-101.93473109852431,125.14414206734719,-28.53558515525982,-79.29874562526543,59.99390474891648,65.6825278458612,98.92635269788063,114.65564346875885,-201.59736927982635,-23.79092951098392,-97.92224147489215,15.179788003418812,11.719681100913968,-50.57510099925569,165.6744014499687,61.723331213491896,227.23255904190273,4.434494202982217,42.44780442670988,231.7934569309123,-25.514916566984883,85.53650628772657,-51.300714533959365,56.99879588594449,-118.96121692519198,85.73432299872832,147.36624123330316,120.81353449941959,4.165348543035431,-76.62185202163437,-148.9601012419879,-53.98093718658788,-247.248252109085,180.26115630584178,129.61453486368262,16.064899368678322,32.25945507109376,160.51518403638383,10.24643721353067,-260.4739589842792,-11.166218069573581,-35.247039497110016,286.1515641861696,76.04732725152978,-30.753473835392928,21.03469100474165,-45.808753543954715,161.7166722162468,-23.074826477071,30.581524308622114,137.3969159849399,146.86067223587193,84.12856655153698
272.2938257815073,308.4381366228333,-263.91590291261747,-153.33325998244098,188.83120914091512,-44.82380649076906,-120.71690195106787,90.58412333044227,98.92635269788063,152.03213139809233,171.10845972639868,-303.92097479945267,-34.410965057456686,-147.9198852121701,24.97308954686904,17.76940121874352,-77.18473697974848,249.02423662632006,94.2499214813878,343.03058614301375,5.573524652533929,64.42174454956644,347.173930658055,-37.49572067545647,126.81183683263266,-76.46375858854923,85.91504504621204,-178.6832221740741,129.91314896597135,220.176825111832,180.38472721068098,7.539989243147003,-113.72022556020013,-223.78504411597183,-82.40809813180644,-374.9321092101567,269.92692860476194,194.67054243951372,24.64576637322052,47.159346471400184,243.32743891006675,15.232995700482842,-392.3685081817486,-16.69565488820581,-51.50278149592204,430.42484337448195,113.13330099013795,-45.79279850708371,33.25929258718666,-68.9110604466499,244.35526955873803,-34.73526709503843,46.5202047544311,206.09763601888656,222.06039341835648,127.45034618267739
316.6538258131997,356.6414980662586,-308.8114414914316,-178.04267382868213,218.27126639823584,-48.848134735525775,-137.7549566799338,104.61161935215458,114.65564346875885,171.10845972639868,200.97288782116195,-351.7640403854895,-42.26851542642721,-170.70808328413216,25.39638926733452,20.397296989670107,-87.75883316683893,289.47191819819136,107.07476016712491,396.2510217189349,8.315347963128598,73.84405838093855,405.63679594663665,-45.02663288867105,150.37088560799944,-89.97200757815786,99.465362320219,-207.91513010329774,149.25090783394933,258.17180021330825,211.71575514840777,6.612093643738107,-134.63057802878726,-260.3255836642092,-93.65342753206626,-430.27726214601836,315.4879421458726,226.54171261474315,27.80605027243311,57.05786815846183,279.3800515783123,17.991848484511987,-454.6589243355745,-19.557427792233923,-62.3556058519693,499.80814495559565,133.48384978508636,-53.95816902547747,35.896203521431694,-80.00789812377032,281.8846177768746,-40.28862560956911,53.143078246612255,240.28335511625437,255.91180161353654,146.46942247067
-556.1216887047794,-627.5787645153633,541.2103828473485,312.8491312738015,-384.1342380249514,87.75671785616593,243.50992093212957,-184.16070081387508,-201.59736927982635,-303.92097479945267,-351.7640403854895,618.787185995784,72.8855873406135,300.59209075056276,-46.78932120344733,-35.98248601500345,155.32541983111506,-508.4562775405713,-189.5674292186217,-697.5148001238491,-13.505285975970033,-130.3313221601706,-711.2579103968377,78.22476553218453,-262.3477977165559,157.3818636753056,-174.95279452307594,365.07897071280127,-263.2173722580741,-452.140767941338,-370.6614612392246,-12.904781640316216,235.01564261232252,457.1473670118037,165.7867262634761,759.1150253628723,-553.1248089904441,-397.7713009919741,-49.34871232173129,-98.8791246334872,-492.814230121983,-31.43123922857787,799.4740978026716,34.261687623313506,108.03474008732881,-878.2298292580879,-233.27916922878705,94.34145405441632,-64.7105645610648,140.59200074282487,-496.42795762993205,70.82091486299379,-93.90635384251286,-421.6316195294064,-450.8394453397809,-258.28385192183003
-65.93033948897663,-73.82121919183737,64.70419584484577,37.01270767961349,-45.16568737569766,9.471800656159916,28.122300946001133,-21.625025794074947,-23.79092951098392,-34.410965057456686,-42.26851542642721,72.8855873406135,9.282620121590638,35.26432025521579,-4.5102089493091295,-4.189776731823356,17.84513233310086,-60.24485475238733,-21.754564409657235,-81.93692155950531,-2.123649003894426,-15.145828714967214,-84.86528895762139,9.678665212735506,-31.926947539860752,18.957189864573717,-20.614143258717494,43.31746539298278,-30.68596205205963,-54.209152441727745,-44.497905418322894,-0.9158910778796487,28.540913712618703,54.22113345477091,19.0347922176178,88.36513428033422,-66.02765355144001,-47.203343462549725,-5.608111097138481,-12.353125319043347,-57.40507217364639,-3.8048284402031407,94.31820758747637,4.101790989113008,13.508468549765045,-103.90819946118984,-28.2025539270742,11.3854817617733,-6.880105045350157,16.631249402593863,-58.20625083415529,8.36654129937607,-10.861372526312412,-50.16009418769404,-52.78778747122613,-30.12501165050275
-270.0634903178792,-304.8833581372861,262.71232298448314,151.9413649127549,-186.62011340595865,42.806583064859964,118.4058463331373,-89.47430476948388,-97.92224147489215,-147.9198852121701,-170.70808328413216,300.59209075056276,35.26432025521579,146.04947072860728,-22.933235444753937,-17.48926171725818,75.54502183642303,-246.92332331232168,-92.2044632633459,-338.88160012769794,-6.452288791666863,-63.35358203078169,-345.2905468806817,37.90503117274625,-127.23291777469261,76.3667040584729,-84.98633767171627,177.28261400501572,-127.92947412253243,-219.4454042003432,-179.8879606135954,-6.391753628377094,113.99002680267854,221.99501481273714,80.63577166935391,368.9739290372692,-268.5163811944892,-193.15670074618149,-24.01443327856313,-47.88912503397629,-239.52854577819159,-15.247427637678433,388.3351367400311,16.629833685776752,52.32088322566546,-426.52842382830136,-113.17364067565507,45.773195580133795,-31.58594200438426,68.28182990051995,-241.20757227794894,34.39819762171101,-45.65826162361597,-204.71727407737313,-219.07136513864901,-125.52895233169322
41.436794496761934,47.59807240976085,-39.54875679913799,-23.42118477615789,29.16370789616304,-7.8799136330216335,-19.219494618115405,14.020232078144474,15.179788003418812,24.97308954686904,25.39638926733452,-46.78932120344733,-4.5102089493091295,-22.933235444753937,4.97746094856898,2.7902015362642394,-12.391458367800416,37.934856908100784,15.159591130323266,53.0622400702465,0.25646752987420895,10.149758785475383,52.21772697318943,-5.246745804421154,18.361231099023524,-11.296420067002721,13.218242990980562,-27.152663861072952,20.359724832329324,32.82030940218808,26.82346673113133,1.8433265620564,-16.536219086203253,-34.02853291721915,-13.244698775886384,-58.9086296007602,40.565009359483575,29.574436914672486,4.027027563307334,6.461312732324854,38.18800359075202,2.2284388416560796,-60.236996717970484,-2.4946390886371996,-7.0424716536682626,65.73945022373255,16.59649560895736,-6.741110698923354,5.959281994967751,-10.528738843958964,37.92179224960588,-5.3202329296760835,7.3881394914738685,31.166638768379194,34.54343321644759,19.958574181901515
32.30906102054237,36.50065791820962,-31.405087207670697,-18.18093558276791,22.342912759556267,-5.162985399883333,-14.198905786913306,10.713681441996286,11.719681100913968,17.76940121874352,20.397296989670107,-35.98248601500345,-4.189776731823356,-17.48926171725818,2.7902015362642394,2.0957839032120744,-9.063476908406859,29.54226172849177,11.063204178747739,40.575835369631996,0.7482867731002543,7.593084088983762,41.28422005921487,-4.516551391239025,15.184505645000911,-9.122723542473732,10.173112006768351,-21.207381322887287,15.328171921223468,26.22584753368031,21.495697086209194,0.7923908640724332,-13.606537362253551,-26.557119913913084,-9.674678570430757,-44.215377201541294,32.103395682678226,23.106002449369427,2.883710758079965,5.700790683806834,28.701713586248367,1.820638255873224,-46.47901462831821,-1.9877938389321377,-6.227883682288683,51.037027855225546,13.514929755324415,-5.466977899061346,3.814420043504184,-8.170472831749299,28.88578375581786,-4.116467275013061,5.474475317026047,24.483446967657247,26.2382534551182,15.039817309033138
-139.32000299023923,-157.59689967216562,135.23486201399595,78.4248351445919,-96.47615265694579,22.587069715244105,61.486928582919575,-46.270322873050496,-50.57510099925569,-77.18473697974848,-87.75883316683893,155.32541983111506,17.84513233310086,75.54502183642303,-12.391458367800416,-9.063476908406859,39.27991366137801,-127.40119219768182,-47.95536711320407,-175.23077703827244,-3.0460819474953285,-32.847923077394235,-177.83450935617162,19.335503617633314,-65.19080876344724,39.23428432224182,-43.91141032250907,91.43694179114134,-66.27701151199891,-112.8795163112178,-92.50054691544679,-3.6293829999925022,58.43792595607221,114.50926128014108,41.933494393071534,191.22776049226493,-138.27719041315376,-99.62061501345278,-12.519635527409639,-24.363954919918193,-124.11928809501264,-7.823321817760077,200.58401957304483,8.557361708103945,26.612379483039376,-220.15014023358435,-58.08841057518857,23.504763284384296,-16.722549082594185,35.24488979794219,-124.78390297792527,17.76128995730004,-23.701006159666754,-105.51519196429145,-113.3717005596506,-65.0257066297974
457.1832071754126,515.6290826007564,-445.2001945632871,-257.15129585125135,315.59990606218025,-71.66691127793626,-199.8044887252485,151.29130949988487,165.6744014499687,249.02423662632006,289.47191819819136,-508.4562775405713,-60.24485475238733,-246.92332331232168,37.934856908100784,29.54226172849177,-127.40119219768182,417.98031390223167,155.47385298902188,573.0324747045444,11.368487300673841,106.9885769003879,584.9950999105449,-64.51469867031958,216.09609239032815,-129.53544373164655,143.7626586271108,-300.1450810963032,216.12307391928553,372.00896327960356,304.9990235053976,10.295964752771294,-193.5504008318746,-375.8284099163097,-135.97462851423626,-623.2274046824554,454.9489533918817,327.0260967329837,40.44401386398849,81.60954696415608,404.61597625978624,25.87993001937801,-657.0025357783181,-28.1873260459318,-89.17242837174898,721.8776518048699,192.05590376094207,-77.65952547976465,52.79380847173474,-115.56033787243938,407.7769315878531,-58.20546673030704,77.06031804482183,346.7081722526742,370.2929791735853,212.07876540119975
170.01751856533124,192.34355803575983,-165.0133399619349,-95.70778857291963,117.74823584600648,-27.59810506549202,-75.0627920270543,56.47284904327861,61.723331213491896,94.2499214813878,107.07476016712491,-189.5674292186217,-21.754564409657235,-92.2044632633459,15.159591130323266,11.063204178747739,-47.95536711320407,155.47385298902188,58.548244849077435,213.8695175544408,3.6988767387474857,40.09650834602978,216.99944919250888,-23.581281736648194,79.52456815230775,-47.86815848306104,53.591294573001974,-111.58352206695871,80.89944735931658,137.73018331042184,112.86278817927284,4.451027420348343,-71.2897838208384,-139.73976993597557,-51.19584849075828,-233.42264163166388,168.72929955447452,121.57018913872118,15.287555490209137,29.709424636767334,151.50537360623963,9.543940641966358,-244.79833079726305,-10.441146801667745,-32.45049988697928,268.6657307185639,70.86785829288122,-28.67664440551998,20.43573953732641,-43.0123269906393,152.3030697986047,-21.67612484198538,28.93336740482517,128.75831057683715,138.3762502569977,79.37184470874043
626.7394363788425,707.4572286097097,-609.7627268745717,-352.60029704598156,433.0339685056382,-99.19865055386973,-274.6712177130686,207.61209820030496,227.23255904190273,343.03058614301375,396.2510217189349,-697.5148001238491,-81.93692155950531,-338.88160012769794,53.0622400702465,40.575835369631996,-175.23077703827244,573.0324747045444,213.8695175544408,786.3304275282403,15.054183930768097,146.97847259534612,801.4031788123859,-88.02880385891524,295.39747730707836,-177.270979980643,197.20922503289367,-411.42739695423836,296.8076535052938,509.36263020990435,417.5533001386203,14.73910533081887,-264.6422518365754,-515.1902065076213,-187.03721132236342,-856.031698808731,623.2186150689506,448.2681281224786,55.69341231663227,111.23368930089039,555.7201085273863,35.39691960325723,-901.1428978848332,-38.59915062583561,-121.52923787260063,989.8173169457693,262.72727678984097,-106.25725359386547,73.18030281219518,-158.45685196495307,559.673888197151,-79.82378536752631,105.91797696221585,475.11648246443264,508.2999796647621,291.2404425405886
12.46301881810635,13.620979164927553,-12.542741966019467,-6.952554779630154,8.32233624748368,-1.254610736983097,-4.886860122381953,3.9683756389199325,4.434494202982217,5.573524652533929,8.315347963128598,-13.505285975970033,-2.123649003894426,-6.452288791666863,0.25646752987420895,0.7482867731002543,-3.0460819474953285,11.368487300673841,3.6988767387474857,15.054183930768097,0.701923728052973,2.6874588711506897,16.354584731583813,-2.062372380318815,6.509327461400458,-3.7554597083541355,3.823684714323541,-8.209130027009527,5.502052475343502,10.595854383597915,8.73039778068284,-0.17984694723328748,-5.785455493113655,-10.263732613155994,-3.2418784637304614,-15.766467360460608,12.74159523338248,8.949531072577706,0.9207505178615668,2.6976045267777256,10.265222293822381,0.7643096834552388,-17.56346105298048,-0.7983565025893296,-2.9561593289948207,19.52177104545363,5.645413245643974,-2.2677178527485378,0.8454438939606393,-3.1229253268753925,10.630972640427613,-1.5645153618132,1.897029222665491,9.58203284481774,9.598715000549303,5.409739708937035
117.00713010862741,132.21241445630798,-113.71012881011562,-65.84553545770737,80.93143985142856,-18.738334435729044,-51.453883161725784,38.8083967151189,42.44780442670988,64.42174454956644,73.84405838093855,-130.3313221601706,-15.145828714967214,-63.35358203078169,10.149758785475383,7.593084088983762,-32.847923077394235,106.9885769003879,40.09650834602978,146.97847259534612,2.6874588711506897,27.511505410842492,149.4874380109129,-16.339104994384353,54.95474523407139,-33.02485467607579,36.84727287500228,-76.80127878878805,55.53348164491388,94.95096649552414,77.82304146874567,2.896071471098031,-49.246865089844235,-96.17571791664575,-35.06378198659018,-160.19678404957583,116.2431139176632,83.67668864315677,10.454160914710194,20.618248869891502,103.98758903713971,6.59000998712401,-168.34407598616235,-7.196901245622211,-22.52402665417674,184.83971687726802,48.92058843221043,-19.790069231053618,13.848186832649931,-29.591012495208364,104.6380818443727,-14.909253874836281,19.837687838836608,88.65927853446314,95.05050061014357,54.488366472493674
639.8945631767436,721.2070727785333,-623.5815606572341,-359.8558502437097,441.41139908030146,-99.51947287612306,-279.02382366374235,211.57806593718547,231.7934569309123,347.173930658055,405.63679594663665,-711.2579103968377,-84.86528895762139,-345.2905468806817,52.21772697318943,41.28422005921487,-177.83450935617162,584.9950999105449,216.99944919250888,801.4031788123859,16.354584731583813,149.4874380109129,819.2461764370538,-90.64047878763085,303.15589536073713,-181.55675916103127,201.1090306458639,-420.1278212075911,302.0561126019836,521.194600207093,427.3607883936539,13.89063943929437,-271.47707902942125,-526.0478816564427,-189.79174467192507,-870.9175143858014,637.1511261761744,457.760322391755,56.40251366877165,114.75847793540967,565.4560832408166,36.28908795086777,-919.180077048306,-39.485887492855234,-125.40288788807472,1010.19621823755,269.2729167135529,-108.86610270863659,73.22240838464528,-161.712852433145,570.1959635111962,-81.44224898606518,107.62741088842003,485.41623732045514,517.7197255794789,296.41600332608033
-70.58780017394072,-79.26943122522908,69.05594130165322,39.65819112109867,-48.50636682290202,10.516370580548447,30.40933301905631,-23.23679051873301,-25.514916566984883,-37.49572067545647,-45.02663288867105,78.22476553218453,9.678665212735506,37.90503117274625,-5.246745804421154,-4.516551391239025,19.335503617633314,-64.51469867031958,-23.581281736648194,-88.02880385891524,-2.062372380318815,-16.339104994384353,-90.64047878763085,10.199072796464593,-33.85011054761,20.175947654727008,-22.12184225611666,46.3620885511305,-33.0629884002627,-57.7930977038837,-47.4165613324001,-1.228636617277078,30.282789393461638,58.04084088271041,20.629150555587664,95.26433273566714,-70.50853272761223,-50.518298279523876,-6.1013568635996975,-12.971205796484261,-61.87088794173519,-4.042139700906911,101.16635796656807,4.375775792047067,14.18016933050299,-111.33232104918581,-29.97434968516079,12.108470202235361,-7.685500002571571,17.8205326211165,-62.578162348486764,8.96910569605439,-11.737886547416618,-53.63293234078041,-56.78299372455373,-32.45238306485815
236.4097670960769,265.92733168111107,-230.86680348808136,-132.87985800340383,162.74052960055806,-35.930251159563625,-102.41356908930443,77.98180015841758,85.53650628772657,126.81183683263266,150.37088560799944,-262.3477977165559,-31.926947539860752,-127.23291777469261,18.361231099023524,15.184505645000911,-65.19080876344724,216.09609239032815,79.52456815230775,295.39747730707836,6.509327461400458,54.95474523407139,303.15589536073713,-33.85011054761,112.74195206847192,-67.34486478821215,74.18625512765477,-155.24649077454168,111.1284056136109,193.0967591887493,158.38347287957814,4.582157916756217,-100.90524924269235,-194.36916555089795,-69.56190098128818,-320.29607191533455,235.79979212003124,169.1584752537963,20.618821831246468,42.96295908496652,207.99121027491773,13.478230398430203,-339.17382352950057,-14.624788735951517,-46.95886391136295,373.02885384577735,99.97289315659374,-40.40034306774937,26.342438582740737,-59.711415135209656,210.0762666005067,-30.061514437558436,39.51866675769156,179.49259320893918,190.67805257365504,109.06521546305528
-141.70151536410816,-159.55748377301254,138.2276935308461,79.66842241375161,-97.65078702862314,21.797872828161246,61.59556080034574,-46.79968604732355,-51.300714533959365,-76.46375858854923,-89.97200757815786,157.3818636753056,18.957189864573717,76.3667040584729,-11.296420067002721,-9.122723542473732,39.23428432224182,-129.53544373164655,-47.86815848306104,-177.270979980643,-3.7554597083541355,-33.02485467607579,-181.55675916103127,20.175947654727008,-67.34486478821215,40.28190219174423,-44.502060412900875,93.04355802134843,-66.75501118482745,-115.57081531703884,-94.778477580645,-2.918479410993508,60.29140417468739,116.49634245460233,41.8686960091864,192.44001684506782,-141.20948539259172,-101.37954411707207,-12.427039815768966,-25.57472660678587,-124.95430515636662,-8.056490159794357,203.42767815287633,8.75456375966286,27.950081581650615,-223.6485740241588,-59.76957556607659,24.15930034213354,-16.011268950846443,35.80082210242376,-126.09963567123624,18.027016740573174,-23.763406676416068,-107.5374108946865,-114.47604822984077,-65.51182706360602
157.24007975524256,177.4373839759773,-153.02927385411232,-88.4553157064997,108.60689296495053,-24.80248302706967,-68.84252807899455,52.06832542748076,56.99879588594449,85.91504504621204,99.465362320219,-174.95279452307594,-20.614143258717494,-84.98633767171627,13.218242990980562,10.173112006768351,-43.91141032250907,143.7626586271108,53.591294573001974,197.20922503289367,3.823684714323541,36.84727287500228,201.1090306458639,-22.12184225611666,74.18625512765477,-44.502060412900875,49.465639653918515,-103.22362397498974,74.4174936846377,127.84577160531462,104.80739620819507,3.6425310046060604,-66.45609635540808,-129.25545992872344,-46.868427603378215,-214.61735363427155,156.39687202548922,112.46721619389052,13.950006840072213,27.963992828982146,139.32893267525233,8.887970191466424,-226.0407500772464,-9.687946589011066,-30.55357103712064,248.31159440864215,65.9639962858779,-26.676422603497475,18.288223630822277,-39.75095375381174,140.3545306129548,-20.023603593673524,26.54837553230542,119.2153950021716,127.46486811769307,73.02255541433847
-328.29935203349044,-370.22082958595206,319.74179225039194,184.65184861443794,-226.5995110294049,51.38467087354282,143.41554193745992,-108.62287208394727,-118.96121692519198,-178.6832221740741,-207.91513010329774,365.07897071280127,43.31746539298278,177.28261400501572,-27.152663861072952,-21.207381322887287,91.43694179114134,-300.1450810963032,-111.58352206695871,-411.42739695423836,-8.209130027009527,-76.80127878878805,-420.1278212075911,46.3620885511305,-155.24649077454168,93.04355802134843,-103.22362397498974,215.53620253394843,-155.15218355587157,-267.1899081272171,-219.06630007194724,-7.340433974311506,139.0455917862025,269.8823967099073,97.58986855118552,447.3966706095714,-326.73504680219366,-234.84030766304735,-29.022922981967604,-58.65720453604666,-290.4656312049066,-18.59045690938618,471.75053483903105,20.243947035147265,64.09365222512315,-518.3572846681226,-137.96053135152215,55.78418233516939,-37.843056337592635,82.98028926928538,-292.76754414844993,41.79492398508793,-55.313678711773335,-248.9836731102993,-265.84856514776584,-152.25063447886393
236.3663365296567,267.0028004072753,-229.78194590540105,-133.00419957953315,163.4387061679466,-37.724277630629565,-103.83914391679826,78.36790101967823,85.73432299872832,129.91314896597135,149.25090783394933,-263.2173722580741,-30.68596205205963,-127.92947412253243,20.359724832329324,15.328171921223468,-66.27701151199891,216.12307391928553,80.89944735931658,296.8076535052938,5.502052475343502,55.53348164491388,302.0561126019836,-33.0629884002627,111.1284056136109,-66.75501118482745,74.4174936846377,-155.15218355587157,112.11135582565011,191.89574109688314,157.28840463940895,5.764768631940608,-99.57835787702004,-194.28876609424768,-70.7466048436095,-323.3881709405551,234.88654845522507,169.04277691607507,21.085346637235194,41.73861396398622,209.924645678037,13.323129761858016,-340.00907469847766,-14.543755533331904,-45.59798980014743,373.3664891261182,98.90063087028453,-40.00603746939643,27.864675703222407,-59.77209037842931,211.29063817540657,-30.114373101056053,40.03668263160817,179.1253344269815,191.92031482467183,110.00370981872481
406.9346402173731,458.4280948141903,-396.7630476791076,-228.8181909489079,280.5716730838787,-62.9405846395515,-177.16395794064852,134.4732818834734,147.36624123330316,220.176825111832,258.17180021330825,-452.140767941338,-54.209152441727745,-219.4454042003432,32.82030940218808,26.22584753368031,-112.8795163112178,372.00896327960356,137.73018331042184,509.36263020990435,10.595854383597915,94.95096649552414,521.194600207093,-57.7930977038837,193.0967591887493,-115.57081531703884,127.84577160531462,-267.1899081272171,191.89574109688314,331.6752754505211,271.98333192747134,8.6042307861344,-172.89682843620727,-334.5443887704209,-120.46487545036133,-553.2428581344864,405.35928330021216,291.1257428326212,35.77836226232828,73.21502712493655,359.21573385162526,23.10691159817262,-584.3712978808288,-25.125460062106274,-80.01025548848848,642.3463969751836,171.4455303886718,-69.30742891946414,46.269468175122,-102.82619547358867,362.36924060632373,-51.781483321401666,68.34329922481895,308.76080788414794,328.9921478489646,188.31802963809668
333.6367122704268,375.80749501460383,-325.3419214620669,-187.5966788124854,230.00397333573176,-51.52708002357886,-145.1915729238827,110.23447098812544,120.81353449941959,180.38472721068098,211.71575514840777,-370.6614612392246,-44.497905418322894,-179.8879606135954,26.82346673113133,21.495697086209194,-92.50054691544679,304.9990235053976,112.86278817927284,417.5533001386203,8.73039778068284,77.82304146874567,427.3607883936539,-47.4165613324001,158.38347287957814,-94.778477580645,104.80739620819507,-219.06630007194724,157.28840463940895,271.98333192747134,223.03903156607058,7.003807374928521,-141.81026257747342,-274.2877477694758,-98.71558824039083,-453.45767351261156,332.38259110092366,238.69160042452495,29.31415635655004,60.07934092431284,294.42932829596657,18.95127919529584,-479.07538027354286,-20.602993543386145,-65.6563038904565,526.6285604059747,140.60933907878828,-56.84024106871888,37.87020743560425,-84.30199136312727,297.0455141573882,-42.4521897704814,56.010905628415536,253.16055762491087,269.67912834780793,154.35720426246223
11.228397078663967,13.174809335887726,-10.458316101880285,-6.383185168085598,8.081334832374031,-2.579823837473728,-5.564125361126386,3.8983873990853883,4.165348543035431,7.539989243147003,6.612093643738107,-12.904781640316216,-0.9158910778796487,-6.391753628377094,1.8433265620564,0.7923908640724332,-3.6293829999925022,10.295964752771294,4.451027420348343,14.73910533081887,-0.17984694723328748,2.896071471098031,13.89063943929437,-1.228636617277078,4.582157916756217,-2.918479410993508,3.6425310046060604,-7.340433974311506,5.764768631940608,8.6042307861344,7.003807374928521,0.792464448342149,-4.156991435363812,-9.209105225376307,-3.884639698926951,-16.74067188039284,10.77611632197236,7.991858915048149,1.2067347251909795,1.449994927997478,10.83446863316975,0.5664161417254746,-16.54323793984895,-0.6569905953885148,-1.5741575593360482,17.913583923455224,4.236594443461277,-1.7307817082593748,1.9924384515860887,-2.8703944718826713,10.584493837496687,-1.4556874355085383,2.1315177245668124,8.362339808848343,9.675681626100555,5.644585520538305
-211.74146624497817,-238.23123263368478,206.73076361289094,119.02139449285843,-145.79391144577474,32.263228626026034,91.79370451433927,-69.86252146007149,-76.62185202163437,-113.72022556020013,-134.63057802878726,235.01564261232252,28.540913712618703,113.99002680267854,-16.536219086203253,-13.606537362253551,58.43792595607221,-193.5504008318746,-71.2897838208384,-264.6422518365754,-5.785455493113655,-49.246865089844235,-271.47707902942125,30.282789393461638,-100.90524924269235,60.29140417468739,-66.45609635540808,139.0455917862025,-99.57835787702004,-172.89682843620727,-141.81026257747342,-4.156991435363812,90.31777892137839,174.08661234020005,62.35805331015135,287.01847549429164,-211.15712473684047,-151.50527805010233,-18.48959211949769,-38.42519982574601,-186.37864719626427,-12.064571139846601,303.8250061436604,13.094728495811138,41.99769651096241,-334.12418961989533,-89.49370771284492,36.16760124793794,-23.6626064864201,53.48449981121529,-188.21387453030593,26.92790053724648,-35.41926699723062,-160.7488145210166,-170.84006808950514,-97.72895149367119
-411.0808691314504,-463.5886351030466,400.3494919084151,231.21431989732724,-283.74682372010517,64.36753349217456,179.59862802270857,-136.0184917918166,-148.9601012419879,-223.78504411597183,-260.3255836642092,457.1473670118037,54.22113345477091,221.99501481273714,-34.02853291721915,-26.557119913913084,114.50926128014108,-375.8284099163097,-139.73976993597557,-515.1902065076213,-10.263732613155994,-96.17571791664575,-526.0478816564427,58.04084088271041,-194.36916555089795,116.49634245460233,-129.25545992872344,269.8823967099073,-194.28876609424768,-334.5443887704209,-274.2877477694758,-9.209105225376307,174.08661234020005,337.9326536346279,122.2147328788092,560.2544049098817,-409.10851228929823,-294.0536746268937,-36.34746604835763,-73.42972837492853,-363.7355168596756,-23.276085346670694,590.7156773460555,25.347637677745055,80.23520333352263,-649.0678412238435,-172.73197696734348,69.84440268914561,-47.40789077640543,103.90474884990418,-366.60714551777187,52.33417315597277,-69.26862920144738,-311.76025004354443,-332.9013494304812,-190.65461285487905
-148.69484211185153,-168.2131592447556,144.32538733421913,83.70359479344457,-102.97598353825983,24.12463007196407,65.63893013899423,-49.38750134810922,-53.98093718658788,-82.40809813180644,-93.65342753206626,165.7867262634761,19.0347922176178,80.63577166935391,-13.244698775886384,-9.674678570430757,41.933494393071534,-135.97462851423626,-51.19584849075828,-187.03721132236342,-3.2418784637304614,-35.06378198659018,-189.79174467192507,20.629150555587664,-69.56190098128818,41.8686960091864,-46.868427603378215,97.58986855118552,-70.7466048436095,-120.46487545036133,-98.71558824039083,-3.884639698926951,62.35805331015135,122.2147328788092,44.766956775300784,204.12647985909996,-147.57426260726834,-106.32415513948688,-13.36715045275033,-25.99187260110256,-132.4908854102215,-8.348081255118254,214.09098452113733,9.132161725769988,28.390108332178325,-234.96842405029102,-61.98717761243106,25.082886757227975,-17.862359943997088,37.61746548949129,-133.19346215369202,18.957307209233555,-25.301134968641858,-112.61243189280829,-121.01310613986276,-69.41096724876786
-681.5950272303157,-770.0514120396772,662.5050279397685,383.55083945773123,-471.370802754596,108.96187732560703,299.5781133522634,-226.0243000497433,-247.248252109085,-374.9321092101567,-430.27726214601836,759.1150253628723,88.36513428033422,368.9739290372692,-58.9086296007602,-44.215377201541294,191.22776049226493,-623.2274046824554,-233.42264163166388,-856.031698808731,-15.766467360460608,-160.19678404957583,-870.9175143858014,95.26433273566714,-320.29607191533455,192.44001684506782,-214.61735363427155,447.3966706095714,-323.3881709405551,-553.2428581344864,-453.45767351261156,-16.74067188039284,287.01847549429164,560.2544049098817,204.12647985909996,932.8473253343856,-677.2419987154603,-487.4503207520693,-60.849413428139044,-120.23852461037792,-605.5426136826441,-38.40382728004832,980.5527539216786,41.931031153843485,131.35400291816833,-1076.6944369440866,-285.08925226619766,115.32468015212744,-80.50295959400742,172.3683388056395,-609.4104570930646,86.84488669565171,-115.503516772488,-516.4997251405806,-553.5556043704058,-317.3061832555198
497.6458350567424,560.8575712014898,-484.9826712519502,-279.85647681817596,343.2695597976461,-77.35612859996526,-216.9645887605519,164.53511104467137,180.26115630584178,269.92692860476194,315.4879421458726,-553.1248089904441,-66.02765355144001,-268.5163811944892,40.565009359483575,32.103395682678226,-138.27719041315376,454.9489533918817,168.72929955447452,623.2186150689506,12.74159523338248,116.2431139176632,637.1511261761744,-70.50853272761223,235.79979212003124,-141.20948539259172,156.39687202548922,-326.73504680219366,234.88654845522507,405.35928330021216,332.38259110092366,10.77611632197236,-211.15712473684047,-409.10851228929823,-147.57426260726834,-677.2419987154603,495.5320471391585,356.00225835578607,43.8539363516783,89.27500693108944,439.7110703465078,28.22542379794955,-714.8263472769428,-30.709791108854976,-97.55616722580744,785.6204330339648,209.43705862282,-84.67391021680179,56.91086929612174,-125.7625111066772,443.41341277392274,-63.33647179656612,83.69014502425291,377.51565225140706,402.602000170076,230.50138805989315
