V1,V2,V3,V4,V5,V6,V7,V8,V9,V10,V11,V12,V13,V14,V15,V16,V17,V18,V19,V20,V21,V22,V23,V24,V25,V26,V27,V28,V29,V30,V31,V32,V33,V34,V35,V36,V37,V38,V39,V40,V41,V42,V43,V44,V45,V46,V47,V48,V49,V50,V51,V52,V53,V54,V55,V56
5.159470271641268,1.1509530747280499,-5.174790654819633,-1.5018108826701446,-1.4181101077308378,-7.027295266406907,0.42658736140019193,-0.30993199354111634,-1.9227574785468675,-3.4111809261979333,5.1937221093863295,3.2627890588970088,-5.19108763387047,7.915784323720838,0.9290718935129044,1.9063252312288512,-3.140151236599683,-4.193903215772196,1.1809931529328885,-5.962260318686901,0.14738197204581002,-2.0917386761413312,7.410006414876636,5.017089238466449,6.420513443117884,5.3154415314159,-0.3139860604308176,-3.7758371724363435,-5.210755627917487,-0.4642925319437164,4.67114363126532,3.1086127139066395,3.34080581209404,-0.3723725756181857,4.791650085585555,-4.025720227065924,-6.761239591043111,-2.9856261205320815,-3.765722884294982,-3.8447285206339834,6.54204594890761,8.574954179887785,3.5125246796906686,-5.89199510840039,-5.912540947800638,-2.284634793166288,6.963694039942416,-2.6437128262860896,-1.2466286487946394,-2.123003352757555,4.264070845930948,-4.406093045400134,0.967077696117773,0.3561250601038877,-4.604647596466053,0.15878861287651327
1.1509530747280499,0.5917142408012176,-1.2225717706457924,-0.8273793689182893,-0.42676962581953715,-1.6918918027712653,0.6327131265180055,0.34514077310100805,-0.38165802478798927,-0.7952893424788512,0.491762368453259,1.2723767813852633,-1.107007179829599,1.458335982318749,0.309796989116691,-0.17104566792192902,-0.6820265050615281,-0.7060140637227312,0.5481338187238052,-1.624508126354921,-0.19013910104077192,-0.26138645161328056,1.5399695743010766,1.6539102617929766,1.1317025620152648,1.8284187030421568,-0.35091738768022684,-0.7542342933132113,-1.2099446534373646,-0.26465073358785157,1.4337852600574166,1.0173099816525129,0.4565594337091291,-0.5193929768787774,0.8602332287187748,-0.5731373205625941,-0.863019143208133,-0.20884244023978604,-0.7314362243340029,-1.0463805214367492,1.7999973389878163,1.4415206155896054,0.8708531010615652,-1.2856527508058468,-1.3753832786579065,-0.9647953129344362,1.8298918480253785,-0.1545681520135532,-0.39961402395874124,-0.8295335047239174,0.9113580838125744,-1.1839786902477798,0.23964145629805214,-0.06643639571313345,-0.7116105724618865,-0.1322377657608135
-5.174790654819633,-1.2225717706457924,5.247671945170227,1.7503170495914593,1.4505883648280293,7.077569243197018,-0.6468382861140739,0.17914952057980132,1.9780035347825757,3.4086419903082565,-4.813219184545579,-3.465297767430115,5.203956097107482,-7.751744433521161,-0.9770415166674672,-1.6585661895489292,3.180728228742795,4.083354866386855,-1.238533893024717,6.156327767756304,-0.08654104502351129,1.9384897083896409,-7.385404569429966,-5.318089135916578,-6.3417539567362855,-5.583665708313222,0.4083664402721524,3.8200051626634486,5.336529295725712,0.5649807757415275,-4.961893144563286,-3.3661186532198073,-3.1845601860576824,0.6024001920538125,-4.733565107141706,3.9205862487593177,6.501022227266834,2.7824510874239734,3.6850960914952116,3.9004394606658708,-6.7692226979759935,-8.454720342664425,-3.5476149668252015,5.955937748107759,5.951971514463734,2.4936020359383493,-7.07991829757766,2.481682009990508,1.3286991608814955,2.346190542498089,-4.271192992500218,4.504301400795484,-0.9585751378423191,-0.3099584522033936,4.521609804889895,-0.05615671347500425
-1.5018108826701446,-0.8273793689182893,1.7503170495914593,1.6355380717053154,0.5941825485516808,2.241463338122514,-1.2757984530690694,-0.6749528297849506,0.6854358729560115,0.9783752785617756,0.32718135096440765,-2.020545045983606,1.4619038935614437,-1.4395446653944974,-0.5014014542418234,0.7573355549447698,1.002395171796553,0.631544024199857,-0.7492429134934896,2.552391222231794,0.33716321715203806,-0.08129185722667635,-1.912737500756623,-2.8313192663238995,-1.3060504023857817,-2.8930629343685883,0.6239213935504195,1.1375066844825703,1.9187240924082485,0.5914092076227638,-2.586129109490412,-1.9827420429203482,-0.19355405870364253,1.2121403794047776,-0.9894123832662187,0.5260620703028132,0.5280584858655094,-0.19573041389814083,0.7062686013821987,1.4157575847912278,-2.8616128968115033,-1.6389484042121139,-1.1733729109993873,1.8454491734667544,1.8381016523223468,1.6954356373212045,-2.5628651142660797,-0.13847319365079214,0.7184863476465129,1.617770361313704,-1.1909830481867731,1.7237343904591202,-0.26298266739451764,0.16857961581000613,0.7691819880548069,0.427803191291822
-1.4181101077308378,-0.42676962581953715,1.4505883648280293,0.5941825485516808,0.4269454932453865,1.9729959524458645,-0.308996608509366,-0.05766698453682267,0.5207526214882616,0.946288004997586,-1.1731596974784484,-1.0871801700070651,1.4110279558760384,-2.0577413002573737,-0.2923925008474395,-0.3098652192142382,0.8616471882180124,1.066920602046123,-0.4179288480972004,1.7512836559676312,0.03511246948084823,0.4916469664495282,-1.9962865364689355,-1.5787766299748167,-1.660766479548721,-1.688977428642059,0.18370639515621945,1.015532193196864,1.461237953397309,0.18954214230618432,-1.439205635072109,-0.9853866301447982,-0.8088113409233297,0.264783556460132,-1.2442583152788556,0.9926223377267505,1.6258850420919446,0.6541079202934191,0.9899700101724571,1.1197317736171812,-1.9287762006356801,-2.19488937489247,-0.9951256864608383,1.6169268987849432,1.645074570350221,0.7925236923595026,-2.010357759867516,0.5723876690178228,0.38982201643870745,0.7200277193774122,-1.1592042698530158,1.283187871619809,-0.27153112397766116,-0.04746761075959218,1.1572686439617665,0.020779550525967957
-7.027295266406907,-1.6918918027712653,7.077569243197018,2.241463338122514,1.9729959524458645,9.61787006620945,-0.7906118830425776,0.264027332029446,2.6067856074863736,4.657051475731405,-6.8024963230970785,-4.653610973351887,7.052169203108878,-10.655868961770935,-1.3057327495910487,-2.3630019940291027,4.273354410852423,5.619976705917526,-1.7137892456562058,8.240787929571114,-0.11648693374024632,2.761976292003128,-10.048498679336804,-7.0481635662695235,-8.630002568013674,-7.489462263634541,0.5352207331226768,5.114824323984202,7.1241122234855245,0.6983072624844171,-6.52578310989737,-4.371014053820677,-4.433218569056802,0.682017608064852,-6.446190995055405,5.357864312675098,8.955763437731651,3.8858951672976136,5.082292134867082,5.307189353219822,-9.049615180467232,-11.499798834490315,-4.817176444960639,8.019194318967097,8.074935591259322,3.2907337206889395,-9.590902267784278,3.4318300097703003,1.7479837801808267,3.0370103316441925,-5.793233516853735,6.07993535592702,-1.3245592011294243,-0.4292983967163709,6.151575697028169,-0.14766778859998225
0.42658736140019193,0.6327131265180055,-0.6468382861140739,-1.2757984530690694,-0.308996608509366,-0.7906118830425776,1.1732313022975154,0.7581908340726348,-0.23181187544579154,-0.2876432114976722,-1.2947159392477585,1.3495761509714062,-0.36704859090609315,-0.15316243679457714,0.30249434292694066,-1.131157851281929,-0.317967346497149,0.21337323536998026,0.5446261647094846,-1.2580352036011682,-0.385520835021014,0.4522504645523117,0.3718811643252755,1.7184221726885922,-0.043644177831533654,1.7763905602560712,-0.567846296717239,-0.298725876282267,-0.760044543324097,-0.46404953472408866,1.5103901828903468,1.2350888924338201,-0.4570628434125824,-1.0831421707661795,-0.013775493992346722,0.31661917921933075,0.8508117566117062,0.785932997483602,0.0382383881983309,-0.6354085459025698,1.4353374054846977,-0.17247958678722566,0.44775883804608196,-0.572534467150138,-0.6054324222628469,-1.1945562951281767,1.1180662224516655,0.6841365022905196,-0.43288237467474694,-1.1097191367743908,0.2949972444471091,-0.7979369942292223,0.07747138760364204,-0.24869313965946724,0.20739688324509986,-0.42925393241669707
-0.30993199354111634,0.34514077310100805,0.17914952057980132,-0.6749528297849506,-0.05766698453682267,0.264027332029446,0.7581908340726348,0.5824174364500669,0.10969473475060341,0.18382686271614104,-1.4193527669531056,0.5664768071944438,0.3663952269336027,-0.9915677021050194,0.0974323788009063,-0.9954173021716414,0.17344501842504245,0.6186925673596784,0.2768794928218175,-0.13246621631060715,-0.30189049405493984,0.5073272646870258,-0.6105699221732465,0.552482764648835,-0.7972290350744567,0.6076043605793784,-0.3679084595841321,0.2804681390359714,0.14490081267221144,-0.24357544183575208,0.41806259609700697,0.4118852765311928,-0.6744109125521403,-0.6694555592561768,-0.57835072091704,0.6990049382659476,1.365963853850152,0.8740352970638953,0.4362787647162149,-0.008795754571106604,0.1786159504354819,-1.1520900608962428,-0.09557314158255975,0.3326319338995474,0.27411725643689455,-0.5446367053215656,-0.033756661835180356,0.7853401448548126,-0.13366468122018205,-0.469564473844613,-0.30266136964162765,-0.031980904679429746,-0.046175865455001956,-0.22084421513099423,0.7021905665718967,-0.2918067832245803
-1.9227574785468675,-0.38165802478798927,1.9780035347825757,0.6854358729560115,0.5207526214882616,2.6067856074863736,-0.23181187544579154,0.10969473475060341,0.803517489625974,1.239651735799785,-1.676391781281679,-1.250328653678768,1.9523707917936985,-2.823636301702653,-0.364773107130925,-0.6153418120416676,1.2203445869214637,1.4917484428458105,-0.3946122862041752,2.3383590488777535,-0.06489025616025092,0.6486957732798998,-2.7453216356448515,-2.0348527205966946,-2.3853405674954926,-2.0552253824146325,0.12660337711006042,1.4886081547232959,2.071752614937477,0.2405810213299702,-1.9530956148169383,-1.3603256293041228,-1.1399218322573252,0.26739126124844503,-1.774576941445839,1.476926660984043,2.4085511944925644,1.0156050417182452,1.3240031285360316,1.414097614653362,-2.577779155913498,-3.194561245521837,-1.305998808144063,2.270791736358016,2.209485368159719,0.9358378143763777,-2.6093971012187307,0.9362618174231407,0.5202294518472104,0.9369841128891349,-1.5981521884378267,1.6735432575653706,-0.3349565523462928,-0.12951841052387292,1.716409673042157,0.010778068462447247
-3.4111809261979333,-0.7952893424788512,3.4086419903082565,0.9783752785617756,0.946288004997586,4.657051475731405,-0.2876432114976722,0.18382686271614104,1.239651735799785,2.2677472281277935,-3.483107540006578,-2.1759865518909383,3.4233189612565904,-5.258542872234628,-0.6137897154136834,-1.2589176422481325,2.058406464020595,2.783766906073602,-0.8117728088397766,3.919557242851647,-0.08171404523643735,1.4151346256248833,-4.898247385040616,-3.2917431767328633,-4.230708209176034,-3.525256711371137,0.2199961413451882,2.4643842608887936,3.404483363253164,0.2934240410160698,-3.039377476466032,-2.006020442848055,-2.227749737110606,0.22758671324176338,-3.1601404509221456,2.6513360811255935,4.471369998080192,1.9808987447708242,2.5101314569040607,2.558670760571169,-4.297661674653262,-5.643511983977797,-2.328166946452472,3.8689025967637276,3.9102081698291826,1.5076535939225049,-4.614653853058105,1.7400413779616113,0.8124248288996022,1.3748408223560618,-2.8139741389954205,2.9137850000052232,-0.6491907959477935,-0.2284122297361364,3.026725854445564,-0.11895615689183353
5.1937221093863295,0.491762368453259,-4.813219184545579,0.32718135096440765,-1.1731596974784484,-6.8024963230970785,-1.2947159392477585,-1.4193527669531056,-1.676391781281679,-3.483107540006578,8.109444948426447,1.711183324926372,-5.280303405987434,9.32695547332639,0.5859312734810602,3.894395655451123,-2.9887830965006232,-5.134286062614776,0.6455693944758671,-4.720773410025696,0.6868620384211711,-3.21704712357919,7.825369497507193,2.9275587981562827,7.280458304484969,3.3454870018574896,0.45959255638069973,-3.6724780271997663,-4.549862820406397,0.25040642833412236,2.7451563303290905,1.3956365308892154,4.579135749455853,1.3303541872087685,5.417288929040882,-5.003498331501997,-8.979971879233396,-4.626205254592074,-4.423443647508276,-3.459746868666442,5.081144324445548,9.867307674930052,3.32110609732572,-5.6759634172496645,-5.777695423248378,-0.7398494119346741,6.225238103713814,-4.013076022141488,-0.6927610324138823,-0.5662093716665303,4.35655385545984,-3.7715437482262226,1.0229797256455737,0.7534943030586959,-5.457530507716175,0.9053538282575537
3.2627890588970088,1.2723767813852633,-3.465297767430115,-2.020545045983606,-1.0871801700070651,-4.653610973351887,1.3495761509714062,0.5664768071944438,-1.250328653678768,-2.1759865518909383,1.711183324926372,3.102619207382995,-3.2146091284888207,4.270961739157667,0.7999552205890392,-0.012061612152841796,-2.0215902434999107,-2.1355768846374086,1.2022446093375716,-4.467991006275835,-0.2991253709358619,-0.7678509362468676,4.4578370717001015,4.375267701996051,3.5027252806423497,4.634749573752517,-0.7233380220615357,-2.3402926091322787,-3.5617191070944787,-0.6805207560129936,3.9614983155869514,2.8351980418130527,1.441409119988564,-1.2082157419990556,2.634807754914714,-1.9218472386448278,-2.94675839930801,-0.9211228830108571,-2.073715034285018,-2.7491249341348567,4.951035188160759,4.562928969999585,2.376097209460816,-3.777697625364902,-3.850232575855985,-2.3905831794905947,4.9269749892365535,-0.8115498491875097,-1.0867390527791667,-2.19272856755819,2.6365540379054897,-3.1962509773545564,0.6198740895050933,-0.04487549123699856,-2.3378236546243873,-0.3017985757745451
-5.19108763387047,-1.107007179829599,5.203956097107482,1.4619038935614437,1.4110279558760384,7.052169203108878,-0.36704859090609315,0.3663952269336027,1.9523707917936985,3.4233189612565904,-5.280303405987434,-3.2146091284888207,5.232072484397579,-7.988640825686487,-0.9235253275761731,-1.985062852811523,3.1684982438505536,4.240839419741409,-1.144180540972355,5.974886353273562,-0.17939046758985577,2.114646345629174,-7.468378035297212,-4.998284099379659,-6.499030684189055,-5.272021951370918,0.27966483249179697,3.8215298194068987,5.253536051655892,0.45456955576523456,-4.675557629014774,-3.1111357318516584,-3.38592477743976,0.3334074826485821,-4.847416771060506,4.090699326251997,6.874141349684254,3.0521391519250805,3.792800108483245,3.840608697398564,-6.55515231960957,-8.6903232711101,-3.521994571066745,5.941873930784816,5.942043111352001,2.249024052303481,-6.971332305220219,2.711557246560914,1.2454068055198335,2.107780721329757,-4.296728673418921,4.41041587570982,-0.9664422369159625,-0.3773681067029424,4.675073185519951,-0.1728910406968027
7.915784323720838,1.458335982318749,-7.751744433521161,-1.4395446653944974,-2.0577413002573737,-10.655868961770935,-0.15316243679457714,-0.9915677021050194,-2.823636301702653,-5.258542872234628,9.32695547332639,4.270961739157667,-7.988640825686487,12.785537947837515,1.2615460560823413,3.850851700943897,-4.734261553303189,-6.863992164319536,1.5618567511734196,-8.543339279844961,0.4762231623094621,-3.735285181914406,11.540219705704487,6.698027297251753,10.231646074029468,7.21644374563608,-0.11987671468199512,-5.727910868301308,-7.6621675658874135,-0.37368815038135283,6.241444270948954,3.948874146355483,5.698740863353426,0.2311552653051639,7.628772380748977,-6.620788357201122,-11.392831847238154,-5.341734462281129,-6.077305087865407,-5.708743011225667,9.327364461829768,13.73133137196535,5.289212087464171,-8.91595345140463,-8.989724700793506,-2.7732085441810757,10.31752643714746,-4.688781169231706,-1.6472112038321296,-2.516156855064185,6.571366382017761,-6.448801605905836,1.5084170590331818,0.7305331258496884,-7.447522825226288,0.5953240867316106
0.9290718935129044,0.309796989116691,-0.9770415166674672,-0.5014014542418234,-0.2923925008474395,-1.3057327495910487,0.30249434292694066,0.0974323788009063,-0.364773107130925,-0.6137897154136834,0.5859312734810602,0.7999552205890392,-0.9235253275761731,1.2615460560823413,0.21226384886640784,0.08706704895800148,-0.5793309948258409,-0.6423703318167477,0.29762080631945387,-1.2287231231015567,-0.05058122038976547,-0.24816850505481441,1.2865549424194946,1.166020272889682,1.0436922113297071,1.2217379374232669,-0.16275676220434693,-0.6813500577244,-1.0090071360510195,-0.170028068543928,1.0710577028298252,0.7606573340917012,0.45327889999965887,-0.27879377534170813,0.7823049950194247,-0.5970286821153713,-0.936877274675053,-0.3312832588895423,-0.6059506846177979,-0.7533646820356359,1.3595273649309263,1.3720564457049864,0.6630652192116809,-1.0813693434874814,-1.087740950650783,-0.611835926215556,1.3604957165647646,-0.2974786885646829,-0.2916060431878904,-0.571834711466346,0.7570658293783519,-0.8796113055113156,0.1723964868587012,0.009693585900044302,-0.7144373368415877,-0.06121227782795528
1.9063252312288512,-0.17104566792192902,-1.6585661895489292,0.7573355549447698,-0.3098652192142382,-2.3630019940291027,-1.131157851281929,-0.9954173021716414,-0.6153418120416676,-1.2589176422481325,3.894395655451123,-0.012061612152841796,-1.985062852811523,3.850851700943897,0.08706704895800148,2.1658580088563664,-1.0870651570931325,-2.1893425114404246,-0.0585279811846015,-1.3261654420591698,0.499437682396131,-1.4948151617116467,3.0106749319623054,0.3648372639424951,3.018406953978921,0.45159201177451685,0.4938520099626114,-1.3977551722373407,-1.5357796162362256,0.31669186969232793,0.4312528773706728,0.019570686797422767,2.0737362389243787,1.0636187018728211,2.232408686771508,-2.2201832413530274,-4.098031924852483,-2.277544108652245,-1.7960200074567256,-1.0669299192997062,1.391564672504082,4.158099280773773,1.1216248033956624,-2.0696343079950235,-2.0527641956773857,0.297881210822147,1.961906550922742,-1.997819975302815,-0.0817993955079176,0.286747128480544,1.6387381897914772,-1.1362962799390397,0.3640060379359967,0.4443450430550673,-2.3615768578759893,0.5660472299919326
-3.140151236599683,-0.6820265050615281,3.180728228742795,1.002395171796553,0.8616471882180124,4.273354410852423,-0.317967346497149,0.17344501842504245,1.2203445869214637,2.058406464020595,-2.9887830965006232,-2.0215902434999107,3.1684982438505536,-4.734261553303189,-0.5793309948258409,-1.0870651570931325,1.940287097808506,2.503874071573562,-0.6999247715786661,3.7059867810656875,-0.08926548343431627,1.1898559953751642,-4.497128078328054,-3.1663703657814,-3.8947739702443105,-3.297291565566751,0.20473701570529668,2.343761975050595,3.2495583743961185,0.3271152028699366,-2.979672936481361,-2.0205664036453848,-1.9629255833848778,0.31510069438469174,-2.9038100211010063,2.427121695783875,4.030974091010157,1.7467429981203575,2.241871426693641,2.334267901528465,-4.073979337008926,-5.204909689993047,-2.138494652119591,3.629566261110034,3.6036916244279777,1.4533341995968965,-4.254518792013145,1.5677119575115908,0.7950949053277975,1.3884643071337193,-2.5994420698229823,2.706005727191165,-0.5742107407137277,-0.21071560113503066,2.79378108453648,-0.050497713014560484
-4.193903215772196,-0.7060140637227312,4.083354866386855,0.631544024199857,1.066920602046123,5.619976705917526,0.21337323536998026,0.6186925673596784,1.4917484428458105,2.783766906073602,-5.134286062614776,-2.1355768846374086,4.240839419741409,-6.863992164319536,-0.6423703318167477,-2.1893425114404246,2.503874071573562,3.6999215135532557,-0.7717707178354655,4.440936926395277,-0.3003372064103397,2.0470091648373723,-6.142118032201819,-3.4014236943489724,-5.489131897575018,-3.667463072207856,-7.339866523931731e-4,3.0405048541335216,4.026841679606209,0.15058557433894057,-3.183365824279802,-1.9856483479207276,-3.101505973259981,-0.2416129468321276,-4.090239988875392,3.5841891112892226,6.198840070255261,2.94854766568266,3.257549159157489,2.9856846986857195,-4.842066071362551,-7.380316343363243,-2.7833512792564354,4.717444814669103,4.749270932325766,1.353460540223855,-5.402323143919577,2.5895255181456536,0.8361614259434461,1.2289475075201517,-3.4889454482017723,3.366473025568752,-0.7981770619952828,-0.4201128778712829,4.016085118048423,-0.36468746980810546
1.1809931529328885,0.5481338187238052,-1.238533893024717,-0.7492429134934896,-0.4179288480972004,-1.7137892456562058,0.5446261647094846,0.2768794928218175,-0.3946122862041752,-0.8117728088397766,0.6455693944758671,1.2022446093375716,-1.144180540972355,1.5618567511734196,0.29762080631945387,-0.0585279811846015,-0.6999247715786661,-0.7717707178354655,0.5126307830994169,-1.6045236079186243,-0.15437591124836922,-0.31498895496706636,1.6022116298407276,1.5868686977431354,1.2175096670168668,1.7519315325697224,-0.3073128869515978,-0.7848498509562798,-1.2240702493696702,-0.2371760986479683,1.384394375287372,0.9703480104729607,0.5290353785368269,-0.44342765690883307,0.9221500499839421,-0.6499435929469687,-1.0126770815041826,-0.30558703784128116,-0.7759555652101533,-1.0399117037034478,1.7744759154344931,1.5666882067447017,0.877581814957416,-1.3195501734706618,-1.4004034776758298,-0.899898201507167,1.8253979511495124,-0.24261877010341254,-0.3837937772838969,-0.7754387469355688,0.9419383259100248,-1.1754675083789443,0.24314932516268586,-0.0408852402049558,-0.788723112680799,-0.09992651200470352
-5.962260318686901,-1.624508126354921,6.156327767756304,2.552391222231794,1.7512836559676312,8.240787929571114,-1.2580352036011682,-0.13246621631060715,2.3383590488777535,3.919557242851647,-4.720773410025696,-4.467991006275835,5.974886353273562,-8.543339279844961,-1.2287231231015567,-1.3261654420591698,3.7059867810656875,4.440936926395277,-1.6045236079186243,7.459634964128151,0.06805715820770246,1.9224683448262683,-8.400517875115355,-6.741126477922917,-7.0573937567424005,-7.032134883945694,0.706594601433163,4.421783540481196,6.33203882870203,0.8557527406547397,-6.268785434093799,-4.36398132711807,-3.3199837333919553,1.188026015156073,-5.274017553962078,4.23042046904602,6.848289500276448,2.7304920017708154,4.069947076308934,4.624461797318988,-8.228955250090767,-9.361964670087943,-4.15414140463169,6.923188820133056,6.909773718438197,3.3326826728789527,-8.395064884573367,2.455390846275419,1.690644617052144,3.151900402233518,-4.899319237869329,5.386331738731262,-1.0951662278593592,-0.23650777133826834,4.956923917586706,0.14805470917453284
0.14738197204581002,-0.19013910104077192,-0.08654104502351129,0.33716321715203806,0.03511246948084823,-0.11648693374024632,-0.385520835021014,-0.30189049405493984,-0.06489025616025092,-0.08171404523643735,0.6868620384211711,-0.2991253709358619,-0.17939046758985577,0.4762231623094621,-0.05058122038976547,0.499437682396131,-0.08926548343431627,-0.3003372064103397,-0.15437591124836922,0.06805715820770246,0.15847038861034693,-0.23914758300080718,0.2954814218342158,-0.2771015718213878,0.3968138955697828,-0.3202432403250567,0.19121259937395252,-0.14799236504916774,-0.08062145341508659,0.11815585222811861,-0.19903219086266782,-0.19307889026674657,0.3266578888136544,0.3307684946520964,0.2866305891768011,-0.34982060788104596,-0.676853790011242,-0.43288816911212147,-0.20519155639229128,0.0179622288908617,-0.09021238861677212,0.5768283720804716,0.03970736542402679,-0.1684192080105266,-0.12753354089407049,0.27757337188494413,5.850569181554813e-4,-0.39478764322285453,0.06478562683010468,0.22882125933660108,0.14739376021463937,0.02409040866210991,0.017604651896360814,0.1136669482510975,-0.35342469540414334,0.14122890558010956
-2.0917386761413312,-0.26138645161328056,1.9384897083896409,-0.08129185722667635,0.4916469664495282,2.761976292003128,0.4522504645523117,0.5073272646870258,0.6486957732798998,1.4151346256248833,-3.21704712357919,-0.7678509362468676,2.114646345629174,-3.735285181914406,-0.24816850505481441,-1.4948151617116467,1.1898559953751642,2.0470091648373723,-0.31498895496706636,1.9224683448262683,-0.23914758300080718,1.2917203744233066,-3.1372598252945587,-1.2276434469514692,-2.886202968795893,-1.4328761803682586,-0.14273479971700417,1.4473494910237055,1.811608442230792,-0.09009624876434542,-1.1212616510664177,-0.5692851546293375,-1.8214647563076338,-0.4948056905612132,-2.1511860951279957,1.9687954550155666,3.538754964046309,1.8120017881993262,1.7816540762673039,1.4273498455047644,-2.0698110830873735,-3.8996226852406592,-1.3520312262576506,2.2650340280393757,2.3345440623697153,0.3515845954213287,-2.5478221052272723,1.5580521578599065,0.2860928189005915,0.25255274751871487,-1.7462923435984692,1.5439200948804086,-0.4213383370799998,-0.28107228145348895,2.1479558753671775,-0.3533530052952373
7.410006414876636,1.5399695743010766,-7.385404569429966,-1.912737500756623,-1.9962865364689355,-10.048498679336804,0.3718811643252755,-0.6105699221732465,-2.7453216356448515,-4.898247385040616,7.825369497507193,4.4578370717001015,-7.468378035297212,11.540219705704487,1.2865549424194946,3.0106749319623054,-4.497128078328054,-6.142118032201819,1.6022116298407276,-8.400517875115355,0.2954814218342158,-3.1372598252945587,10.693206312529815,6.928952839548595,9.342444741285473,7.351249150140905,-0.3365061869544739,-5.4249757427820375,-7.413041332318997,-0.5763967663231877,6.46955422497937,4.256375634776016,4.95374745335743,-0.3115711374793331,6.9683943164804765,-5.918997016419976,-10.00897208625056,-4.5067870926306375,-5.482829389309993,-5.454966211007822,9.205688107994776,12.50135374385682,5.011513553399937,-8.443369146066184,-8.46693817414866,-3.068217151521009,9.88666593890636,-3.9878418627639824,-1.7203095237579384,-2.8506196556130323,6.136130565480776,-6.236260829571436,1.389672840351969,0.5701850268292499,-6.737312470563817,0.32201620054556107
5.017089238466449,1.6539102617929766,-5.318089135916578,-2.8313192663238995,-1.5787766299748167,-7.0481635662695235,1.7184221726885922,0.552482764648835,-2.0348527205966946,-3.2917431767328633,2.9275587981562827,4.375267701996051,-4.998284099379659,6.698027297251753,1.166020272889682,0.3648372639424951,-3.1663703657814,-3.4014236943489724,1.5868686977431354,-6.741126477922917,-0.2771015718213878,-1.2276434469514692,6.928952839548595,6.453139857147086,5.614388571658835,6.689113350842517,-0.9011747891197617,-3.7379627880376085,-5.5521283790756915,-0.9791206570747787,5.969421972992693,4.281526139619248,2.3508464003369913,-1.6284691124812802,4.204796366592901,-3.1887291377399936,-4.938848758917273,-1.6893810164900191,-3.2047354826145806,-4.063615564822622,7.4680789864396715,7.38352787571041,3.582851923428614,-5.896295124892109,-5.8815449734973,-3.3935565117992135,7.372467383780921,-1.545377597670994,-1.6243427336692653,-3.2199918784317196,4.093120760909093,-4.7850038626328235,0.9124357719499812,0.04217435625622249,-3.841624282190075,-0.39370583650546437
6.420513443117884,1.1317025620152648,-6.3417539567362855,-1.3060504023857817,-1.660766479548721,-8.630002568013674,-0.043644177831533654,-0.7972290350744567,-2.3853405674954926,-4.230708209176034,7.280458304484969,3.5027252806423497,-6.499030684189055,10.231646074029468,1.0436922113297071,3.018406953978921,-3.8947739702443105,-5.489131897575018,1.2175096670168668,-7.0573937567424005,0.3968138955697828,-2.886202968795893,9.342444741285473,5.614388571658835,8.290342351451711,5.935676483126562,-0.10819319660139955,-4.734927512194892,-6.356998081883554,-0.3772812734898949,5.295423613542638,3.424349575737116,4.506793887810505,0.04602549971353194,6.175199706580284,-5.34407562428738,-9.118081726581185,-4.2257433301179805,-4.842292076904091,-4.61021426708916,7.718952901133113,11.135599563348615,4.286948046975664,-7.313823439489147,-7.298325331011571,-2.342493622637795,8.384637302360655,-3.7487806120818985,-1.397154701294171,-2.200997444872874,5.339908317223062,-5.265468377214357,1.1956793832856731,0.588798868987588,-6.0406200681338795,0.40605377949738236
5.3154415314159,1.8284187030421568,-5.583665708313222,-2.8930629343685883,-1.688977428642059,-7.489462263634541,1.7763905602560712,0.6076043605793784,-2.0552253824146325,-3.525256711371137,3.3454870018574896,4.634749573752517,-5.272021951370918,7.21644374563608,1.2217379374232669,0.45159201177451685,-3.297291565566751,-3.667463072207856,1.7519315325697224,-7.032134883945694,-0.3202432403250567,-1.4328761803682586,7.351249150140905,6.689113350842517,5.935676483126562,7.048301602755887,-0.9635226807211457,-3.8629363653673066,-5.740203103372355,-0.972908582997629,6.1139088816871094,4.332638224120346,2.588265071931056,-1.6115965019214393,4.452832881455814,-3.381923105913734,-5.312180164993167,-1.8667759798599883,-3.4766456597192774,-4.339327451118044,7.779368529847263,7.791065235971282,3.805349316668244,-6.160922751438858,-6.228440878250915,-3.532441112792802,7.814114461428118,-1.6618997408972738,-1.667070267997321,-3.2729536840950644,4.323623023549805,-5.04824034082451,0.9968448617152429,0.03813314335783219,-4.047740219390179,-0.35045602893366495
-0.3139860604308176,-0.35091738768022684,0.4083664402721524,0.6239213935504195,0.18370639515621945,0.5352207331226768,-0.567846296717239,-0.3679084595841321,0.12660337711006042,0.2199961413451882,0.45959255638069973,-0.7233380220615357,0.27966483249179697,-0.11987671468199512,-0.16275676220434693,0.4938520099626114,0.20473701570529668,-7.339866523931731e-4,-0.3073128869515978,0.706594601433163,0.19121259937395252,-0.14273479971700417,-0.3365061869544739,-0.9011747891197617,-0.10819319660139955,-0.9635226807211457,0.28479859492116005,0.19826881870300744,0.4407051327192281,0.2186620920979169,-0.7767997087912195,-0.6124739912486472,0.12814733747212576,0.5051061173506299,-0.09177222720041232,-0.06984383906930201,-0.2535171397760507,-0.3006807984235237,0.0800646647634545,0.3970739460672731,-0.7988856494826416,-0.08520980900198957,-0.2926674093548703,0.37801012933160055,0.415748719619824,0.611803948583249,-0.6882567846011256,-0.27166990540745145,0.22238691180647682,0.5478258140080309,-0.22819482407360203,0.47347702929803115,-0.06537513132290873,0.11522650992367463,-0.011434963946403543,0.18830121999928698
-3.7758371724363435,-0.7542342933132113,3.8200051626634486,1.1375066844825703,1.015532193196864,5.114824323984202,-0.298725876282267,0.2804681390359714,1.4886081547232959,2.4643842608887936,-3.6724780271997663,-2.3402926091322787,3.8215298194068987,-5.727910868301308,-0.6813500577244,-1.3977551722373407,2.343761975050595,3.0405048541335216,-0.7848498509562798,4.421783540481196,-0.14799236504916774,1.4473494910237055,-5.4249757427820375,-3.7379627880376085,-4.734927512194892,-3.8629363653673066,0.19826881870300744,2.845799953274249,3.918329701769287,0.37507350567106224,-3.545586919589671,-2.4026958355145003,-2.39540239685693,0.3213454520921873,-3.5266570288158268,2.9720734566647597,4.943838126200225,2.1662477796654844,2.7030036134574407,2.7708845859522633,-4.859632879008561,-6.341226201822417,-2.5556276364689996,4.380517665689749,4.324205183497104,1.6801314325019951,-5.0693503116744045,1.9542500056054342,0.9429712650582963,1.6286724640434214,-3.1340169782279013,3.2231655389857963,-0.6824742415782046,-0.27852311093539395,3.4148451123220434,-0.0797825374585808
-5.210755627917487,-1.2099446534373646,5.336529295725712,1.9187240924082485,1.461237953397309,7.1241122234855245,-0.760044543324097,0.14490081267221144,2.071752614937477,3.404483363253164,-4.549862820406397,-3.5617191070944787,5.253536051655892,-7.6621675658874135,-1.0090071360510195,-1.5357796162362256,3.2495583743961185,4.026841679606209,-1.2240702493696702,6.33203882870203,-0.08062145341508659,1.811608442230792,-7.413041332318997,-5.5521283790756915,-6.356998081883554,-5.740203103372355,0.4407051327192281,3.918329701769287,5.501640575683651,0.6453413003425115,-5.228368303303186,-3.6065606475390033,-3.0849969869239446,0.7615169926250931,-4.740675829719543,3.90196409262861,6.392953079621699,2.675616177399583,3.626685830931293,3.923211439891163,-6.974942547979015,-8.478397979137071,-3.575677223418338,6.067250743944213,6.003211624558339,2.624809732622701,-7.162776522206297,2.4204868302102502,1.4001023039626987,2.5280868190869534,-4.306671795171685,4.580342810842648,-0.9425478274233049,-0.29850714835379216,4.530580200941469,0.02265882569880588
-0.4642925319437164,-0.26465073358785157,0.5649807757415275,0.5914092076227638,0.18954214230618432,0.6983072624844171,-0.46404953472408866,-0.24357544183575208,0.2405810213299702,0.2934240410160698,0.25040642833412236,-0.6805207560129936,0.45456955576523456,-0.37368815038135283,-0.170028068543928,0.31669186969232793,0.3271152028699366,0.15058557433894057,-0.2371760986479683,0.8557527406547397,0.11815585222811861,-0.09009624876434542,-0.5763967663231877,-0.9791206570747787,-0.3772812734898949,-0.972908582997629,0.2186620920979169,0.37507350567106224,0.6453413003425115,0.22074360414435015,-0.9095956560615621,-0.7137854982316174,0.0021302571316796364,0.4571506838709527,-0.2852609432378826,0.12826848621027925,0.07084507379769858,-0.13279406158453938,0.1802037225801944,0.44564274523894665,-0.9636983005977912,-0.4690575020155948,-0.3685413765837292,0.5962252436839683,0.5749945157960752,0.5915906830811012,-0.819492609982331,-0.09544365783493508,0.2524668533706612,0.582611046331837,-0.3684387295692168,0.5605593581871462,-0.07371511579527121,0.06483929879985902,0.21301815353995893,0.17157846786614753
4.67114363126532,1.4337852600574166,-4.961893144563286,-2.586129109490412,-1.439205635072109,-6.52578310989737,1.5103901828903468,0.41806259609700697,-1.9530956148169383,-3.039377476466032,2.7451563303290905,3.9614983155869514,-4.675557629014774,6.241444270948954,1.0710577028298252,0.4312528773706728,-2.979672936481361,-3.183365824279802,1.384394375287372,-6.268785434093799,-0.19903219086266782,-1.1212616510664177,6.46955422497937,5.969421972992693,5.295423613542638,6.1139088816871094,-0.7767997087912195,-3.545586919589671,-5.228368303303186,-0.9095956560615621,5.578983326437036,4.0180991996066,2.201028173362778,-1.4812258060131729,3.958931674435542,-3.0342090265982593,-4.6929113456986284,-1.629994239523402,-2.966760183756469,-3.7279484385236383,6.947207082193076,6.987022293621705,3.313211087028943,-5.53735249099705,-5.4657385350519485,-3.0960980232923325,6.8054705405298845,-1.5167351441209744,-1.5133668514901035,-2.9916381157465737,3.825379572497421,-4.423892911115301,0.8299696381873847,0.07255937522237299,-3.6527257348161277,-0.36426801162212913
3.1086127139066395,1.0173099816525129,-3.3661186532198073,-1.9827420429203482,-0.9853866301447982,-4.371014053820677,1.2350888924338201,0.4118852765311928,-1.3603256293041228,-2.006020442848055,1.3956365308892154,2.8351980418130527,-3.1111357318516584,3.948874146355483,0.7606573340917012,0.019570686797422767,-2.0205664036453848,-1.9856483479207276,0.9703480104729607,-4.36398132711807,-0.19307889026674657,-0.5692851546293375,4.256375634776016,4.281526139619248,3.424349575737116,4.332638224120346,-0.6124739912486472,-2.4026958355145003,-3.6065606475390033,-0.7137854982316174,4.0180991996066,2.9491990260024243,1.2842102135663251,-1.2325069722178537,2.560220087656735,-1.898171298023514,-2.826588113536357,-0.8588259170255631,-1.87197463258089,-2.523339727926806,4.850003327975353,4.50254456547179,2.2294255738423803,-3.741073405058493,-3.6601885296762426,-2.274807034685377,4.627181567172448,-0.8318777790949061,-1.0930144463167102,-2.2275801669468858,2.5412317622978087,-3.0337860909498535,0.5377534434853437,2.2212976502483005e-4,-2.333212399875307,-0.35499094520653196
3.34080581209404,0.4565594337091291,-3.1845601860576824,-0.19355405870364253,-0.8088113409233297,-4.433218569056802,-0.4570628434125824,-0.6744109125521403,-1.1399218322573252,-2.227749737110606,4.579135749455853,1.441409119988564,-3.38592477743976,5.698740863353426,0.45327889999965887,2.0737362389243787,-1.9629255833848778,-3.101505973259981,0.5290353785368269,-3.3199837333919553,0.3266578888136544,-1.8214647563076338,4.95374745335743,2.3508464003369913,4.506793887810505,2.588265071931056,0.12814733747212576,-2.39540239685693,-3.0849969869239446,0.0021302571316796364,2.201028173362778,1.2842102135663251,2.676823861735082,0.4803032157282376,3.356149416450196,-3.0123195198408443,-5.301217039135666,-2.6206215418959244,-2.7039027193300917,-2.312484457062593,3.601381786013086,6.081252659061873,2.182255177559366,-3.7109397485436526,-3.754303819366248,-0.8171179754768266,4.174056389412714,-2.287316426744619,-0.5702723815038466,-0.7119158140352742,2.7891216658349784,-2.570915383003153,0.6456651249101893,0.39950080542089667,-3.3336661014850844,0.4172914200022988
-0.3723725756181857,-0.5193929768787774,0.6024001920538125,1.2121403794047776,0.264783556460132,0.682017608064852,-1.0831421707661795,-0.6694555592561768,0.26739126124844503,0.22758671324176338,1.3303541872087685,-1.2082157419990556,0.3334074826485821,0.2311552653051639,-0.27879377534170813,1.0636187018728211,0.31510069438469174,-0.2416129468321276,-0.44342765690883307,1.188026015156073,0.3307684946520964,-0.4948056905612132,-0.3115711374793331,-1.6284691124812802,0.04602549971353194,-1.6115965019214393,0.5051061173506299,0.3213454520921873,0.7615169926250931,0.4571506838709527,-1.4812258060131729,-1.2325069722178537,0.4803032157282376,1.0456753971791015,0.022047328339441098,-0.2964895644851632,-0.8313617781471455,-0.7626611052048246,-0.09394579693911351,0.5420582190252423,-1.3607299487730233,0.15506101208820133,-0.3892731180322811,0.555995519581039,0.5334897229464244,1.1098291165041463,-0.9888743989894062,-0.637456377040283,0.4206858103649456,1.0811626024803258,-0.26400491712188145,0.7218118729518275,-0.04867216518868516,0.22063872947647767,-0.18323402955678308,0.428630885814253
4.791650085585555,0.8602332287187748,-4.733565107141706,-0.9894123832662187,-1.2442583152788556,-6.446190995055405,-0.013775493992346722,-0.57835072091704,-1.774576941445839,-3.1601404509221456,5.417288929040882,2.634807754914714,-4.847416771060506,7.628772380748977,0.7823049950194247,2.232408686771508,-2.9038100211010063,-4.090239988875392,0.9221500499839421,-5.274017553962078,0.2866305891768011,-2.1511860951279957,6.9683943164804765,4.204796366592901,6.175199706580284,4.452832881455814,-0.09177222720041232,-3.5266570288158268,-4.740675829719543,-0.2852609432378826,3.958931674435542,2.560220087656735,3.356149416450196,0.022047328339441098,4.6005639632246185,-3.9760688863525937,-6.783304889489021,-3.1392058950974615,-3.61277953545547,-3.449104760444966,5.768626120067734,8.291398480374204,3.203052026578651,-5.4539764808122335,-5.448815937189777,-1.7631607939351477,6.268135531431944,-2.7820962912834153,-1.0452872512831957,-1.6509183124697602,3.9831940297750235,-3.936500672406771,0.8943962571803976,0.4336182191528728,-4.495283710435327,0.2991771888350641
-4.025720227065924,-0.5731373205625941,3.9205862487593177,0.5260620703028132,0.9926223377267505,5.357864312675098,0.31661917921933075,0.6990049382659476,1.476926660984043,2.6513360811255935,-5.003498331501997,-1.9218472386448278,4.090699326251997,-6.620788357201122,-0.5970286821153713,-2.2201832413530274,2.427121695783875,3.5841891112892226,-0.6499435929469687,4.23042046904602,-0.34982060788104596,1.9687954550155666,-5.918997016419976,-3.1887291377399936,-5.34407562428738,-3.381923105913734,-0.06984383906930201,2.9720734566647597,3.90196409262861,0.12826848621027925,-3.0342090265982593,-1.898171298023514,-3.0123195198408443,-0.2964895644851632,-3.9760688863525937,3.5158253866341265,6.075525316301805,2.912163184261948,3.1251454479626717,2.8100208829208935,-4.612308151240335,-7.206046359166588,-2.647988238248035,4.563972497934525,4.546481339897139,1.2130933532353636,-5.119443071058561,2.5799540994979964,0.7921167653714495,1.1423909735586526,-3.362768032271869,3.191256653729726,-0.7503900423816887,-0.4398477237914346,3.9369203968280324,-0.36714341480617035
