V1,V2,V3,V4,V5,V6,V7,V8,V9,V10,V11,V12,V13,V14,V15,V16,V17,V18,V19,V20,V21,V22,V23,V24,V25,V26,V27,V28,V29,V30
0.24543665229508932,-1.009931740091723,0.2271401975640995,0.1496652302339383,-0.26388807915196094,-0.49772301605732777,-0.23895186911521027,0.40409485057850336,-0.7160398681992793,0.7592478009380021,0.541758604335499,0.019192804065425017,0.4279729578799399,-0.04472537657110872,-0.4270470545147813,-0.6123342453815007,0.2562264370991641,0.16199357538343423,0.5936477666038318,0.06843162185868505,-0.18953228693820745,0.611189828814179,-0.5460298851882787,0.9512828330014054,-0.2178109797721445,-0.13131546841587896,0.24756216483457047,0.7792999286811902,-0.5217219620687209,-0.4438278480918375
-1.009931740091723,6.630345579728939,-0.7758351697709951,0.19359778020108986,-1.1789284312403285,1.652392022839145,3.4639042266298326,-2.126912133408727,-0.368134025367963,-0.8940185611662286,-0.13568720238310153,-1.0522451555752566,-0.4583999774519585,-0.055988751527597004,0.1622944171582533,4.434625423901583,0.5750003684773487,0.2530333870236428,-1.3785366414382536,0.9656900021172898,0.41863194022999517,-5.4473276041551575,0.7588901482996528,-4.145510474058099,0.6764316757108064,-0.9662272878220826,-0.39203873528363453,-3.547228784761703,0.1462622015861947,2.211925590544431
0.2271401975640995,-0.7758351697709951,0.22039954036781373,0.19045478991743378,-0.3895577147062991,-0.48601117939195504,-0.06194353157809671,0.344185584099102,-0.8753698555744583,0.8457682093352408,0.6357255161895039,-0.044697633057685135,0.47966502967177216,-0.05679414249091165,-0.4975663330099214,-0.4437939342261584,0.341687755224936,0.20893289031891574,0.6176890694101684,0.14337416521047802,-0.1985871486258582,0.3774426653245588,-0.6008130213003738,0.8655346530756463,-0.21568102982021892,-0.2182092387410502,0.26932192041223463,0.6993518633698081,-0.6112131354918807,-0.3859928970826425
0.1496652302339383,0.19359778020108986,0.19045478991743378,0.3560323335915144,-0.9017181105569129,-0.4329261863361525,0.6657016514606647,0.09459909289685393,-1.5208014133840904,1.1924594785725915,1.01515423692435,-0.30664978635194934,0.6870613081587902,-0.10578336925295123,-0.782105812988915,0.25298318262206587,0.6891927696545943,0.3995825185163727,0.7101043239595887,0.44970840288356245,-0.2337425654230293,-0.5864723565248222,-0.8196617365268727,0.5044800269178115,-0.20472298882280124,-0.572866271702006,0.35593303923862235,0.36382219731576043,-0.9725093477554663,-0.14449839165926298
-0.26388807915196094,-1.1789284312403285,-0.3895577147062991,-0.9017181105569129,2.356452340925335,0.897243920030811,-2.0133745141333015,-0.009705566938951136,3.803311568406861,-2.8573655956016997,-2.4985094251008095,0.8700976362669407,-1.652319702716416,0.2677606978030073,1.9188319790770914,-1.0942066869077434,-1.766647191751526,-1.0157977309430357,-1.6122562165523262,-1.215078164616515,0.5344075414792231,2.02656906110624,1.9488321129649804,-0.8112627454459256,0.43536895217417815,1.5199969360939907,-0.8396713255370604,-0.5262278661750119,2.391831934986932,0.1242520078565404
-0.49772301605732777,1.652392022839145,-0.48601117939195504,-0.4329261863361525,0.897243920030811,1.0725968876736154,0.08795449014243983,-0.7452602942061094,1.9820030108902829,-1.8962524231231797,-1.433363502703151,0.11669002744974186,-1.076160624124312,0.12907414785009363,1.121016818273635,0.9355834628490308,-0.7801086923369166,-0.4755388216255738,-1.374015135977379,-0.33819346487063523,0.44211418013433307,-0.7705943805473351,1.3451959578117614,-1.8921588166408436,0.4768470904653015,0.5071712546328175,-0.6022236372181226,-1.5259020876424059,1.3778586924150633,0.8383826831856185
-0.23895186911521027,3.4639042266298326,-0.06194353157809671,0.6657016514606647,-2.0133745141333015,0.08795449014243983,2.719324694508869,-0.8586739343559395,-2.625456990833322,1.496396065516464,1.5712059637921987,-0.9943209151623587,0.8891405381958725,-0.1970670645307346,-1.1830478457688145,2.515779989202434,1.383833828860279,0.7641328048407882,0.48885202913870024,1.1836827223569688,-0.17761612054791295,-3.5345500280119206,-0.9599473489440841,-1.1578471807553663,-0.008303284723001701,-1.3823860785706525,0.38714077406464426,-1.1000742154554395,-1.497464220971015,0.818684718109147
0.40409485057850336,-2.126912133408727,0.344185584099102,0.09459909289685393,-0.009705566938951136,-0.7452602942061094,-0.8586739343559395,0.7523636924572736,-0.5572610945396679,0.8317754416437175,0.49931427924956406,0.21413996576744804,0.4603141417368803,-0.028619710351102227,-0.4039685739513865,-1.3673263973231775,0.1162727530636333,0.0942353626015617,0.7778015757477287,-0.12126289295391143,-0.24429605995480014,1.5562613001476466,-0.6199340423332428,1.609573461650573,-0.31738213046854474,0.0663601063378096,0.29006590135843646,1.3469335495675643,-0.4837719250919102,-0.8030619988561681
-0.7160398681992793,-0.368134025367963,-0.8753698555744583,-1.5208014133840904,3.803311568406861,1.9820030108902829,-2.625456990833322,-0.5572610945396679,6.528435690576942,-5.20210660829025,-4.384638498171906,1.2475985917921737,-2.993321916695196,0.45197367359397594,3.382119536439648,-0.7784688594520832,-2.929833951661231,-1.7043240618242022,-3.157336469337045,-1.8702360469276178,1.0368169551657929,2.14452269131855,3.5859245401657462,-2.4657007547700847,0.9298769102306315,2.4009931443919097,-1.5615575326881663,-1.817425978787256,4.201588995071908,0.7782965334039355
0.7592478009380021,-0.8940185611662286,0.8457682093352408,1.1924594785725915,-2.8573655956016997,-1.8962524231231797,1.496396065516464,0.8317754416437175,-5.20210660829025,4.358537544605579,3.562638584569075,-0.8177442338201328,2.497863425389097,-0.354670716125136,-2.7584174885504456,-0.16844714672897304,2.2609878147706333,1.3298797216716545,2.7955135680972654,1.3357417308256456,-0.9118822131588589,-0.7519904060888846,-3.030055296043433,2.7344510366019215,-0.8718967729554458,-1.763949769721979,1.330553657686672,2.1038372380453714,-3.416823061590938,-1.0254161125322183
0.541758604335499,-0.13568720238310153,0.6357255161895039,1.01515423692435,-2.4985094251008095,-1.433363502703151,1.5712059637921987,0.49931427924956406,-4.384638498171906,3.562638584569075,2.9670042905345047,-0.7810265093671661,2.04671732322077,-0.3017891636318385,-2.291956901454643,0.26845449778113106,1.9439976719850114,1.1355695653616806,2.2107183804108708,1.2062520538795847,-0.7239899022861717,-1.131716459450406,-2.4640664572667954,1.9042481374168918,-0.666753227007987,-1.56442445214437,1.0765900951022866,1.4320726820836716,-2.8440785237500474,-0.6534142706153296
0.019192804065425017,-1.0522451555752566,-0.044697633057685135,-0.30664978635194934,0.8700976362669407,0.11669002744974186,-0.9943209151623587,0.21413996576744804,1.2475985917921737,-0.8177442338201328,-0.7810265093671661,0.3842855745652492,-0.47885692018154863,0.09090355161845641,0.5938885752734587,-0.8010363732852007,-0.6207748791293831,-0.34901226408697344,-0.3721343854787288,-0.4851989082899961,0.12726230283023818,1.2010920224380084,0.5425015025423706,0.16529470189200096,0.06942393660314926,0.5822600495029239,-0.2270966963193123,0.19487246426995053,0.7460081268227917,-0.1863807680320675
0.4279729578799399,-0.4583999774519585,0.47966502967177216,0.6870613081587902,-1.652319702716416,-1.076160624124312,0.8891405381958725,0.4603141417368803,-2.993321916695196,2.497863425389097,2.04671732322077,-0.47885692018154863,1.4319692450593469,-0.20433893413822407,-1.5842173058750368,-0.05970939092221904,1.3044583181820413,0.7665509134686525,1.5953615565340695,0.7758843665803224,-0.5206583647712449,-0.47784637681622033,-1.7353645978864456,1.5371025208328803,-0.4955165087230046,-1.0220298683941456,0.7615384953644894,1.179624612142336,-1.962811761906835,-0.5709101349041968
-0.04472537657110872,-0.055988751527597004,-0.05679414249091165,-0.10578336925295123,0.2677606978030073,0.12907414785009363,-0.1970670645307346,-0.028619710351102227,0.45197367359397594,-0.354670716125136,-0.3017891636318385,0.09090355161845641,-0.20433893413822407,0.03143347317977108,0.2325207960500951,-0.07415688321722494,-0.20472710051738388,-0.11871803017302915,-0.21140553414017635,-0.13344816157995865,0.06957878848532509,0.17304866150936157,0.24382328215621502,-0.1509315940192388,0.061013317889720226,0.17006051506637893,-0.10589262501785722,-0.10898008636367387,0.28911445358461707,0.04347309817608892
-0.4270470545147813,0.1622944171582533,-0.4975663330099214,-0.782105812988915,1.9188319790770914,1.121016818273635,-1.1830478457688145,-0.4039685739513865,3.382119536439648,-2.7584174885504456,-2.291956901454643,0.5938885752734587,-1.5842173058750368,0.2325207960500951,1.7709938520811652,-0.16878993872785983,-1.49594235344055,-0.8745605642428383,-1.7188241242576947,-0.9229499272663294,0.5626142976713475,0.8265142907285559,1.909053961304573,-1.50621267993805,0.5206596719937965,1.1994843851421986,-0.8346210295534638,-1.1364617173628486,2.19713962776406,0.5236844547344837
-0.6123342453815007,4.434625423901583,-0.4437939342261584,0.25298318262206587,-1.0942066869077434,0.9355834628490308,2.515779989202434,-1.3673263973231775,-0.7784688594520832,-0.16844714672897304,0.26845449778113106,-0.8010363732852007,-0.05970939092221904,-0.07415688321722494,-0.16878993872785983,3.0095739709038556,0.6215832938057764,0.3074748231294707,-0.6575397370335097,0.7944595561108662,0.1933013616468864,-3.7940296528633066,0.21085872187576832,-2.5521960784146804,0.3733028708212077,-0.8382232430253519,-0.13272029894579693,-2.2077775827545745,-0.24645923256651425,1.4057236046324497
0.2562264370991641,0.5750003684773487,0.341687755224936,0.6891927696545943,-1.766647191751526,-0.7801086923369166,1.383833828860279,0.1162727530636333,-2.929833951661231,2.2609878147706333,1.9439976719850114,-0.6207748791293831,1.3044583181820413,-0.20472710051738388,-1.49594235344055,0.6215832938057764,1.3402590991378047,0.7745961934824614,1.320443396564917,0.8926592524275644,-0.43572343140637965,-1.2926524498361478,-1.5497055764306098,0.8409196006502678,-0.3721213165299836,-1.1290289358519539,0.6710313992982522,0.589346062595678,-1.8618333323616139,-0.20942529452742442
0.16199357538343423,0.2530333870236428,0.20893289031891574,0.3995825185163727,-1.0157977309430357,-0.4755388216255738,0.7641328048407882,0.0942353626015617,-1.7043240618242022,1.3298797216716545,1.1355695653616806,-0.34901226408697344,0.7665509134686525,-0.11871803017302915,-0.8745605642428383,0.3074748231294707,0.7745961934824614,0.4486598479405925,0.7873032134699982,0.5086703492759971,-0.2593457075361365,-0.6863140840143838,-0.9133282763717055,0.5419741440261724,-0.22545015846335698,-0.6465341237585439,0.39626376973511274,0.3878070079461858,-1.0877760216460186,-0.1496251557728314
0.5936477666038318,-1.3785366414382536,0.6176890694101684,0.7101043239595887,-1.6122562165523262,-1.374015135977379,0.48885202913870024,0.7778015757477287,-3.157336469337045,2.7955135680972654,2.2107183804108708,-0.3721343854787288,1.5953615565340695,-0.21140553414017635,-1.7188241242576947,-0.6575397370335097,1.320443396564917,0.7873032134699982,1.8935570772827608,0.701911952327936,-0.6137919247512772,0.2172308823236001,-1.9605956276384227,2.2015064134692492,-0.6213651490286536,-0.9655254500089632,0.8682762205546336,1.7384762073658784,-2.122249381431276,-0.9076573353253414
0.06843162185868505,0.9656900021172898,0.14337416521047802,0.44970840288356245,-1.215078164616515,-0.33819346487063523,1.1836827223569688,-0.12126289295391143,-1.8702360469276178,1.3357417308256456,1.2062520538795847,-0.4851989082899961,0.7758843665803224,-0.13344816157995865,-0.9229499272663294,0.7944595561108662,0.8926592524275644,0.5086703492759971,0.701911952327936,0.6477346783563875,-0.23492891279183106,-1.307576797533733,-0.9021937362185329,0.1487343271166627,-0.17152575579401885,-0.7959567060295691,0.3848646622621643,0.045642862438217816,-1.1537803500845318,0.0706285675333666
-0.18953228693820745,0.41863194022999517,-0.1985871486258582,-0.2337425654230293,0.5344075414792231,0.44211418013433307,-0.17761612054791295,-0.24429605995480014,1.0368169551657929,-0.9118822131588589,-0.7239899022861717,0.12726230283023818,-0.5206583647712449,0.06957878848532509,0.5626142976713475,0.1933013616468864,-0.43572343140637965,-0.2593457075361365,-0.6137919247512772,-0.23492891279183106,0.19910077466624856,-0.04389002814581345,0.6388750518640498,-0.700861612269588,0.2002904176795425,0.3213430838150682,-0.28265398312986834,-0.5520812702936256,0.6949370248328633,0.2864361288858064
0.611189828814179,-5.4473276041551575,0.3774426653245588,-0.5864723565248222,2.02656906110624,-0.7705943805473351,-3.5345500280119206,1.5562613001476466,2.14452269131855,-0.7519904060888846,-1.131716459450406,1.2010920224380084,-0.47784637681622033,0.17304866150936157,0.8265142907285559,-3.7940296528633066,-1.2926524498361478,-0.6863140840143838,0.2172308823236001,-1.307576797533733,-0.04389002814581345,4.996783876990824,0.40342864284361113,2.642788912303446,-0.2819095754251763,1.4582385597066696,-0.1260671944042056,2.344150437370789,1.0713829612567431,-1.5622068188213203
-0.5460298851882787,0.7588901482996528,-0.6008130213003738,-0.8196617365268727,1.9488321129649804,1.3451959578117614,-0.9599473489440841,-0.6199340423332428,3.5859245401657462,-3.030055296043433,-2.4640664572667954,0.5425015025423706,-1.7353645978864456,0.24382328215621502,1.909053961304573,0.21085872187576832,-1.5497055764306098,-0.9133282763717055,-1.9605956276384227,-0.9021937362185329,0.6388750518640498,0.40342864284361113,2.1094216888423785,-1.977369668889895,0.6167449749163912,1.1979999183812842,-0.9275393493887153,-1.5289752631980744,2.3635584096703917,0.7555179102132008
0.9512828330014054,-4.145510474058099,0.8655346530756463,0.5044800269178115,-0.8112627454459256,-1.8921588166408436,-1.1578471807553663,1.609573461650573,-2.4657007547700847,2.7344510366019215,1.9042481374168918,0.16529470189200096,1.5371025208328803,-0.1509315940192388,-1.50621267993805,-2.5521960784146804,0.8409196006502678,0.5419741440261724,2.2015064134692492,0.1487343271166627,-0.700861612269588,2.642788912303446,-1.977369668889895,3.708646207142163,-0.8236769930321444,-0.3682465334261889,0.9009914632712088,3.052279367311853,-1.835276869297185,-1.7562435745813307
-0.2178109797721445,0.6764316757108064,-0.21568102982021892,-0.20472298882280124,0.43536895217417815,0.4768470904653015,-0.008303284723001701,-0.31738213046854474,0.9298769102306315,-0.8718967729554458,-0.666753227007987,0.06942393660314926,-0.4955165087230046,0.061013317889720226,0.5206596719937965,0.3733028708212077,-0.3721213165299836,-0.22545015846335698,-0.6213651490286536,-0.17152575579401885,0.2002904176795425,-0.2819095754251763,0.6167449749163912,-0.8236769930321444,0.21282210016396189,0.25036540543247787,-0.2753621597579607,-0.6613338653778144,0.6407084429669629,0.3596145745912998
-0.13131546841587896,-0.9662272878220826,-0.2182092387410502,-0.572866271702006,1.5199969360939907,0.5071712546328175,-1.3823860785706525,0.0663601063378096,2.4009931443919097,-1.763949769721979,-1.56442445214437,0.5822600495029239,-1.0220298683941456,0.17006051506637893,1.1994843851421986,-0.8382232430253519,-1.1290289358519539,-0.6465341237585439,-0.9655254500089632,-0.7959567060295691,0.3213430838150682,1.4582385597066696,1.1979999183812842,-0.3682465334261889,0.25036540543247787,0.9874639623963009,-0.5139517627402864,-0.20962758897597236,1.4970709477652355,0.002678633304783596
0.24756216483457047,-0.39203873528363453,0.26932192041223463,0.35593303923862235,-0.8396713255370604,-0.6022236372181226,0.38714077406464426,0.29006590135843646,-1.5615575326881663,1.330553657686672,1.0765900951022866,-0.2270966963193123,0.7615384953644894,-0.10589262501785722,-0.8346210295534638,-0.13272029894579693,0.6710313992982522,0.39626376973511274,0.8682762205546336,0.3848646622621643,-0.28265398312986834,-0.1260671944042056,-0.9275393493887153,0.9009914632712088,-0.2753621597579607,-0.5139517627402864,0.4083864510624643,0.6998165419981885,-1.0328246065535236,-0.35001617828953996
0.7792999286811902,-3.547228784761703,0.6993518633698081,0.36382219731576043,-0.5262278661750119,-1.5259020876424059,-1.1000742154554395,1.3469335495675643,-1.817425978787256,2.1038372380453714,1.4320726820836716,0.19487246426995053,1.179624612142336,-0.10898008636367387,-1.1364617173628486,-2.2077775827545745,0.589346062595678,0.3878070079461858,1.7384762073658784,0.045642862438217816,-0.5520812702936256,2.344150437370789,-1.5289752631980744,3.052279367311853,-0.6613338653778144,-0.20962758897597236,0.6998165419981885,2.5212611877478928,-1.3812540141080092,-1.4622922484895644
-0.5217219620687209,0.1462622015861947,-0.6112131354918807,-0.9725093477554663,2.391831934986932,1.3778586924150633,-1.497464220971015,-0.4837719250919102,4.201588995071908,-3.416823061590938,-2.8440785237500474,0.7460081268227917,-1.962811761906835,0.28911445358461707,2.19713962776406,-0.24645923256651425,-1.8618333323616139,-1.0877760216460186,-2.122249381431276,-1.1537803500845318,0.6949370248328633,1.0713829612567431,2.3635584096703917,-1.835276869297185,0.6407084429669629,1.4970709477652355,-1.0328246065535236,-1.3812540141080092,2.7262855496290315,0.6316778378124502
-0.4438278480918375,2.211925590544431,-0.3859928970826425,-0.14449839165926298,0.1242520078565404,0.8383826831856185,0.818684718109147,-0.8030619988561681,0.7782965334039355,-1.0254161125322183,-0.6534142706153296,-0.1863807680320675,-0.5709101349041968,0.04347309817608892,0.5236844547344837,1.4057236046324497,-0.20942529452742442,-0.1496251557728314,-0.9076573353253414,0.0706285675333666,0.2864361288858064,-1.5622068188213203,0.7555179102132008,-1.7562435745813307,0.3596145745912998,0.002678633304783596,-0.35001617828953996,-1.4622922484895644,0.6316778378124502,0.8626817611202893
