V1,V2,V3,V4,V5,V6,V7,V8,V9,V10,V11,V12,V13,V14,V15,V16,V17,V18,V19,V20,V21,V22,V23,V24,V25,V26,V27,V28,V29,V30
1.6274447647828634,0.2737238983002443,0.3615858361025413,-1.4119781491689014,-0.7926492790153616,1.3752129898559768,-0.4880882790452013,-1.157561516350923,-1.202270876076953,-0.23895282776440122,0.26069270347407153,-0.05942706012441129,0.5150015540444278,-2.12659457925134,0.37212319264671645,0.8950202857349511,1.0803523441619138,0.16505777636671323,0.5451278438057559,1.3005473677295063,1.0738543241292804,-0.1620138602513191,0.15201017813882925,-0.9233278628242442,1.2853712672379392,-0.1680200362553383,0.23012665340247015,-1.5160712913281522,-1.8441251416011835,1.5020957284298566
0.2737238983002443,2.6229186427304945,-2.72457416708795,0.40292427739404013,0.8091839981819897,0.7512241824817261,0.03707291298914195,-1.709443975417449,-1.3540862955065218,0.2679752447899736,4.186504889772044,0.2933327067523488,2.038971098305217,3.2392288385836507,1.8323791112232286,-2.689675945345,3.0019519826203562,1.4409484370796108,0.19416853050909175,-4.420017231115206,-1.9715498495461528,0.9154821011651364,1.358289740879433,4.8566071272193385,1.1398123290897786,-1.3252296087923388,0.7012914896515081,1.598481588245991,-0.4656234900085502,-1.6483519587787772
0.3615858361025413,-2.72457416708795,3.2018739650786165,-1.0950509125612693,-1.2794428793179347,-0.28882922493325947,-0.274248678148808,1.5217652452272947,1.023513582760247,-0.38522152365640827,-4.6520881092168205,-0.327514147065893,-1.9699020531613338,-4.6560425362725075,-1.8918929146271932,3.433514085374278,-2.934833554576793,-1.6125017291007113,-0.07464458789820452,5.5107159879818175,2.7059264562292498,-1.0642204614497959,-1.3998456039911151,-5.828675038373067,-0.8410000197342216,1.358476699625293,-0.7469204360192089,-2.475139504239388,-0.2767021427851934,2.5449668095362097
-1.4119781491689014,0.40292427739404013,-1.0950509125612693,1.4716446728943382,0.9917656504362232,-1.0330526782235585,0.47067411672669285,0.5172459145965537,0.7148693138533843,0.28696274067013894,0.9906286256955943,0.1268173825860469,0.021862951142702647,2.9565992490540425,0.17312247211876175,-1.6073716970619993,-0.1367464155150267,0.30682289193608053,-0.3666272272709791,-2.457956515811164,-1.5698628710077829,0.3644024024751473,0.19262068367646754,2.2147404253730274,-0.7866144057419119,-0.16826113786446578,0.0174795308445969,1.888145358224808,1.5940227396659343,-1.9039689375585274
-0.7926492790153616,0.8091839981819897,-1.2794428793179347,0.9917656504362232,0.8345677081082801,-0.4622763573012907,0.37301174898940914,-0.1026899468294555,0.10729603860809714,0.22863587601375238,1.6200235998766084,0.12036422669613005,0.427813922522066,2.6948092919889293,0.5217704019482532,-1.6755394881376489,0.653191948011969,0.5597016838491802,-0.1875472299658032,-2.5471921335684513,-1.5136933284385763,0.41392490566160783,0.45442911516092327,2.528915059852746,-0.19121017068958654,-0.4196849710689832,0.22399933758284785,1.5557067493945091,0.8673387218449298,-1.561976719823017
1.3752129898559768,0.7512241824817261,-0.28882922493325947,-1.0330526782235585,-0.4622763573012907,1.2897227773567648,-0.40882823000140767,-1.3342165016109113,-1.2552253309877386,-0.13841223028097974,1.1121226362555627,0.012761173290548381,0.821062235353753,-1.0345804693815988,0.6913527300260255,0.16142266645800235,1.5077993596248074,0.45898320423971833,0.5281826985223783,0.11703000573780455,0.4708676332959625,0.05790312201649692,0.37526083131424826,0.2664582650003496,1.320125455936211,-0.3855059659584767,0.3383297384830541,-0.8795199217000351,-1.579593502613348,0.8418599410629429
-0.4880882790452013,0.03707291298914195,-0.274248678148808,0.47067411672669285,0.37301174898940914,-0.40882823000140767,0.35051866641094276,0.25333554528998475,0.23848396164656357,0.07293088759930462,0.30906005567201683,0.00600747519611686,-0.10482408086190378,1.18495766016698,-0.01720458193903384,-0.6277790126952082,-0.04420483050166828,0.09081808327341843,-0.21981303550494377,-0.7908409128498223,-0.7096746289851391,0.07530858284064945,0.13517532832271043,0.7662226959081816,-0.3414545140806365,-0.10946248364616461,0.06880080437322378,0.6719144728174505,0.5643051817164253,-0.6067969387792067
-1.157561516350923,-1.709443975417449,1.5217652452272947,0.5172459145965537,-0.1026899468294555,-1.3342165016109113,0.25333554528998475,1.9222565553740156,1.5807723277323433,-0.013853692303877053,-2.916569311688391,-0.11290894323279,-1.4775931015914439,-0.9683843079941835,-1.3915441204028054,1.235409538718324,-2.5890480605862436,-1.1199281565265033,-0.5752152146798958,2.05833557692965,0.6576988177841847,-0.4543764395624774,-0.8679648603114238,-2.5454724280266965,-1.6493819442513638,0.8591269725077317,-0.6589349190997558,-0.1742449171172348,1.3678982722398239,0.25584639072260607
-1.202270876076953,-1.3540862955065218,1.023513582760247,0.7148693138533843,0.10729603860809714,-1.2552253309877386,0.23848396164656357,1.5807723277323433,1.443403215467569,0.041633149836428074,-2.1789587088456246,-0.08675551350986384,-1.2339669508513043,-0.23773175922376893,-1.0931641213448835,0.7281009511063983,-2.1447037862068146,-0.8171372105936193,-0.46302663966111646,1.2428634176212945,0.2995500078560805,-0.2887819969297027,-0.7438003370395381,-1.7063123086948886,-1.3995135522747757,0.732348791643352,-0.5187985025282176,0.20551026973422548,1.4118828390096607,-0.18983580551615906
-0.23895282776440122,0.2679752447899736,-0.38522152365640827,0.28696274067013894,0.22863587601375238,-0.13841223028097974,0.07293088759930462,-0.013853692303877053,0.041633149836428074,0.08080403685377388,0.44955464050202754,0.045479801515087216,0.15997121986264137,0.7187597775338523,0.15741374294554683,-0.4620608662500818,0.1710438674680266,0.1439401912951929,-0.05856053329608604,-0.738964767272388,-0.39834834323521795,0.13184294381502978,0.12770116453854904,0.7229109245388697,-0.07458859601363495,-0.11873818560924775,0.038684064230596185,0.4383722630206247,0.25129122505015633,-0.44655768759738584
0.26069270347407153,4.186504889772044,-4.6520881092168205,0.9906286256955943,1.6200235998766084,1.1121226362555627,0.30906005567201683,-2.916569311688391,-2.1789587088456246,0.44955464050202754,7.28134690421037,0.4373226277089024,3.140475238952161,6.2571315336786215,3.0386105515830155,-4.891387822739215,5.0565501533240935,2.592381450462384,0.38367785637606,-7.777791882409659,-3.7471861044875996,1.4838713052571064,2.2353287641715602,8.486103294971716,1.9446686712175079,-2.1652094155248984,1.325629774971227,3.0831001916212717,-0.4696099122673949,-3.163366175946889
-0.05942706012441129,0.2933327067523488,-0.327514147065893,0.1268173825860469,0.12036422669613005,0.012761173290548381,0.00600747519611686,-0.11290894323279,-0.08675551350986384,0.045479801515087216,0.4373226277089024,0.05247216504079297,0.22137117216352925,0.4221382550354249,0.18954319428729666,-0.3230677853842639,0.26312958825143035,0.1399301938521611,-0.0028928273358141176,-0.5619258550877423,-0.24649208586513022,0.10696442615756134,0.14171965353412308,0.5796013234606444,0.040934383584005564,-0.13987766059526502,0.04398657780012651,0.25212497840849757,0.04981208483562503,-0.25486626253974354
0.5150015540444278,2.038971098305217,-1.9699020531613338,0.021862951142702647,0.427813922522066,0.821062235353753,-0.10482408086190378,-1.4775931015914439,-1.2339669508513043,0.15997121986264137,3.140475238952161,0.22137117216352925,1.6621732632021669,1.9316792061204058,1.4456509897963499,-1.7949860855389295,2.423783006772502,1.0840352229496306,0.2426450976432508,-3.0321505415968963,-1.2125599117980677,0.6584716125052289,1.0409486460673798,3.4197320329074303,1.0763830931502414,-1.0228960874707516,0.5390247284745989,0.8783709126820338,-0.7097665140769525,-0.9234869306855249
-2.12659457925134,3.2392288385836507,-4.6560425362725075,2.9565992490540425,2.6948092919889293,-1.0345804693815988,1.18495766016698,-0.9683843079941835,-0.23773175922376893,0.7187597775338523,6.2571315336786215,0.4221382550354249,1.9316792061204058,9.070115597728714,2.1557862112069155,-5.858725711726955,3.0456352391716894,2.1623006601716996,-0.48027452989956276,-8.926271613524381,-5.169439956363968,1.5168454348275637,1.8368159405602913,9.071772091273628,-0.08472852959876503,-1.7304112249508392,0.9763915814600991,5.0654762922932335,2.2846452382227813,-5.077522356445968
0.37212319264671645,1.8323791112232286,-1.8918929146271932,0.17312247211876175,0.5217704019482532,0.6913527300260255,-0.01720458193903384,-1.3915441204028054,-1.0931641213448835,0.15741374294554683,3.0386105515830155,0.18954319428729666,1.4456509897963499,2.1557862112069155,1.3460501751726581,-1.8405566896841716,2.2595873594584126,1.088702880076565,0.24938872111839572,-3.015209284025698,-1.3110790492057613,0.6056275888544582,0.947528294372135,3.3571167140037725,1.0085531468067748,-0.923066979649961,0.5519024953389224,1.0042844751287696,-0.5109646608390409,-1.0563767642558242
0.8950202857349511,-2.689675945345,3.433514085374278,-1.6073716970619993,-1.6755394881376489,0.16142266645800235,-0.6277790126952082,1.235409538718324,0.7281009511063983,-0.4620608662500818,-4.891387822739215,-0.3230677853842639,-1.7949860855389295,-5.858725711726955,-1.8405566896841716,4.044311092493386,-2.816303496416498,-1.696874580689597,0.1390265667045525,6.262018485092322,3.4094361488293687,-1.1157472863498517,-1.4920813606848837,-6.536104909311253,-0.4773148267491286,1.4200173845253479,-0.8041479226547789,-3.1632889335773977,-0.8971878247255874,3.1796059590471795
1.0803523441619138,3.0019519826203562,-2.934833554576793,-0.1367464155150267,0.653191948011969,1.5077993596248074,-0.04420483050166828,-2.5890480605862436,-2.1447037862068146,0.1710438674680266,5.0565501533240935,0.26312958825143035,2.423783006772502,3.0456352391716894,2.2595873594584126,-2.816303496416498,4.026732908793863,1.8321337029006204,0.526356890251695,-4.535025714094617,-1.9544302767279096,0.9157401774568169,1.6269430773060625,5.240500521914942,2.00018130072391,-1.5833653936231658,1.0207948346535924,1.2328767449017892,-1.35385905030102,-1.2816486358317443
0.16505777636671323,1.4409484370796108,-1.6125017291007113,0.30682289193608053,0.5597016838491802,0.45898320423971833,0.09081808327341843,-1.1199281565265033,-0.8171372105936193,0.1439401912951929,2.592381450462384,0.1399301938521611,1.0840352229496306,2.1623006601716996,1.088702880076565,-1.696874580689597,1.8321337029006204,0.9598038487002344,0.19908943380499966,-2.680503528031978,-1.2833017706105054,0.4970240101605794,0.7663398008470692,2.9435509206720347,0.7908226910276122,-0.7392777834033966,0.5011497832766879,1.0340156413546784,-0.23819584663729954,-1.0753018868421393
0.5451278438057559,0.19416853050909175,-0.07464458789820452,-0.3666272272709791,-0.1875472299658032,0.5281826985223783,-0.21981303550494377,-0.5752152146798958,-0.46302663966111646,-0.05856053329608604,0.38367785637606,-0.0028928273358141176,0.2426450976432508,-0.48027452989956276,0.24938872111839572,0.1390265667045525,0.526356890251695,0.19908943380499966,0.3078983010173951,0.1386064645045357,0.2805555355743759,-0.010368117362759268,0.04135337313067877,-0.03191320822861543,0.5902413985667491,-0.053995381415831295,0.1281021839195431,-0.36689096715405517,-0.5988415009334129,0.3143934900627062
1.3005473677295063,-4.420017231115206,5.5107159879818175,-2.457956515811164,-2.5471921335684513,0.11703000573780455,-0.7908409128498223,2.05833557692965,1.2428634176212945,-0.738964767272388,-7.777791882409659,-0.5619258550877423,-3.0321505415968963,-8.926271613524381,-3.015209284025698,6.262018485092322,-4.535025714094617,-2.680503528031978,0.1386064645045357,9.8846950206982,5.165728830891283,-1.807434210560153,-2.3520539845271613,-10.298997186721206,-0.8546573259934708,2.255777067529261,-1.209129024819964,-4.869491538180457,-1.2657131659668746,4.9381386511066125
1.0738543241292804,-1.9715498495461528,2.7059264562292498,-1.5698628710077829,-1.5136933284385763,0.4708676332959625,-0.7096746289851391,0.6576988177841847,0.2995500078560805,-0.39834834323521795,-3.7471861044875996,-0.24649208586513022,-1.2125599117980677,-5.169439956363968,-1.3110790492057613,3.4094361488293687,-1.9544302767279096,-1.2833017706105054,0.2805555355743759,5.165728830891283,3.0114787549714914,-0.8726840350098792,-1.1667499941537474,-5.322794728244348,-0.04066287146967685,1.0958404179752257,-0.6106608715111703,-2.8383017730700457,-1.138904130073176,2.808569938551122
-0.1620138602513191,0.9154821011651364,-1.0642204614497959,0.3644024024751473,0.41392490566160783,0.05790312201649692,0.07530858284064945,-0.4543764395624774,-0.2887819969297027,0.13184294381502978,1.4838713052571064,0.10696442615756134,0.6584716125052289,1.5168454348275637,0.6056275888544582,-1.1157472863498517,0.9157401774568169,0.4970240101605794,-0.010368117362759268,-1.807434210560153,-0.8726840350098792,0.3929546317222884,0.4486176422252238,1.8999749485178528,0.22931089467719304,-0.44175059060801974,0.2256427250216103,0.8179745849967563,0.12512803939162606,-0.8496407626853862
0.15201017813882925,1.358289740879433,-1.3998456039911151,0.19262068367646754,0.45442911516092327,0.37526083131424826,0.13517532832271043,-0.8679648603114238,-0.7438003370395381,0.12770116453854904,2.2353287641715602,0.14171965353412308,1.0409486460673798,1.8368159405602913,0.947528294372135,-1.4920813606848837,1.6269430773060625,0.7663398008470692,0.04135337313067877,-2.3520539845271613,-1.1667499941537474,0.4486176422252238,0.789507483639274,2.6285466376950835,0.5624440525415226,-0.7576372211907006,0.4088414936859731,0.8706737068338858,-0.25035801791670864,-0.8487132927788354
-0.9233278628242442,4.8566071272193385,-5.828675038373067,2.2147404253730274,2.528915059852746,0.2664582650003496,0.7662226959081816,-2.5454724280266965,-1.7063123086948886,0.7229109245388697,8.486103294971716,0.5796013234606444,3.4197320329074303,9.071772091273628,3.3571167140037725,-6.536104909311253,5.240500521914942,2.9435509206720347,-0.03191320822861543,-10.298997186721206,-5.322794728244348,1.8999749485178528,2.6285466376950835,10.888644862282902,1.2788456084932365,-2.5220275257149,1.393096361747315,4.8184664248220255,0.8131307785503613,-4.873902001334684
1.2853712672379392,1.1398123290897786,-0.8410000197342216,-0.7866144057419119,-0.19121017068958654,1.320125455936211,-0.3414545140806365,-1.6493819442513638,-1.3995135522747757,-0.07458859601363495,1.9446686712175079,0.040934383584005564,1.0763830931502414,-0.08472852959876503,1.0085531468067748,-0.4773148267491286,2.00018130072391,0.7908226910276122,0.5902413985667491,-0.8546573259934708,-0.04066287146967685,0.22931089467719304,0.5624440525415226,1.2788456084932365,1.5275829257636235,-0.5637739902658514,0.5090392273120099,-0.3960734655104939,-1.4822416213157454,0.3190992115750045
-0.1680200362553383,-1.3252296087923388,1.358476699625293,-0.16826113786446578,-0.4196849710689832,-0.3855059659584767,-0.10946248364616461,0.8591269725077317,0.732348791643352,-0.11873818560924775,-2.1652094155248984,-0.13987766059526502,-1.0228960874707516,-1.7304112249508392,-0.923066979649961,1.4200173845253479,-1.5833653936231658,-0.7392777834033966,-0.053995381415831295,2.255777067529261,1.0958404179752257,-0.44175059060801974,-0.7576372211907006,-2.5220275257149,-0.5637739902658514,0.7330620358857367,-0.39351162798148825,-0.8190326061813167,0.2660262590926923,0.8028378591888287
0.23012665340247015,0.7012914896515081,-0.7469204360192089,0.0174795308445969,0.22399933758284785,0.3383297384830541,0.06880080437322378,-0.6589349190997558,-0.5187985025282176,0.038684064230596185,1.325629774971227,0.04398657780012651,0.5390247284745989,0.9763915814600991,0.5519024953389224,-0.8041479226547789,1.0207948346535924,0.5011497832766879,0.1281021839195431,-1.209129024819964,-0.6106608715111703,0.2256427250216103,0.4088414936859731,1.393096361747315,0.5090392273120099,-0.39351162798148825,0.3071024564570437,0.39591946998831296,-0.27736144862212275,-0.400666235422341
-1.5160712913281522,1.598481588245991,-2.475139504239388,1.888145358224808,1.5557067493945091,-0.8795199217000351,0.6719144728174505,-0.1742449171172348,0.20551026973422548,0.4383722630206247,3.0831001916212717,0.25212497840849757,0.8783709126820338,5.0654762922932335,1.0042844751287696,-3.1632889335773977,1.2328767449017892,1.0340156413546784,-0.36689096715405517,-4.869491538180457,-2.8383017730700457,0.8179745849967563,0.8706737068338858,4.8184664248220255,-0.3960734655104939,-0.8190326061813167,0.39591946998831296,2.9569981978885824,1.6534058230021704,-2.969465625749638
-1.8441251416011835,-0.4656234900085502,-0.2767021427851934,1.5940227396659343,0.8673387218449298,-1.579593502613348,0.5643051817164253,1.3678982722398239,1.4118828390096607,0.25129122505015633,-0.4696099122673949,0.04981208483562503,-0.7097665140769525,2.2846452382227813,-0.5109646608390409,-0.8971878247255874,-1.35385905030102,-0.23819584663729954,-0.5988415009334129,-1.2657131659668746,-1.138904130073176,0.12512803939162606,-0.25035801791670864,0.8131307785503613,-1.4822416213157454,0.2660262590926923,-0.27736144862212275,1.6534058230021704,2.115479903295427,-1.6341242563056537
1.5020957284298566,-1.6483519587787772,2.5449668095362097,-1.9039689375585274,-1.561976719823017,0.8418599410629429,-0.6067969387792067,0.25584639072260607,-0.18983580551615906,-0.44655768759738584,-3.163366175946889,-0.25486626253974354,-0.9234869306855249,-5.077522356445968,-1.0563767642558242,3.1796059590471795,-1.2816486358317443,-1.0753018868421393,0.3143934900627062,4.9381386511066125,2.808569938551122,-0.8496407626853862,-0.8487132927788354,-4.873902001334684,0.3190992115750045,0.8028378591888287,-0.400666235422341,-2.969465625749638,-1.6341242563056537,3.020231506347073
