V1,V2,V3,V4,V5,V6,V7,V8,V9,V10,V11,V12,V13,V14,V15,V16,V17,V18,V19,V20,V21,V22,V23,V24,V25,V26,V27,V28,V29,V30
0.7963457476778777,-1.4064929481108694,0.48194335672462035,0.02236229126337088,0.27872380615893383,0.7633819985140033,0.38993497888831763,-1.4932070099492922,-0.54724303785775,-0.33279125025857365,0.7716933854453503,-0.4155243468271471,-1.3234492945254388,0.9951923896054906,-0.04955774725735881,-0.22014555236266273,0.6569061566434737,0.9367482901990728,1.1848193606622748,0.5850345645842113,-0.3263576877725018,-0.5908857944921899,-0.6125695403090371,-0.4965033807134182,1.720533857584217,0.6334541294999428,0.8874276751309762,-0.03280545167801456,-0.4039432358383095,-0.13889153845677907
-1.4064929481108694,2.918526653017439,-0.43385156554688287,-0.7707789219300094,-0.6211394220852644,-1.8367520533030415,0.46752593088437877,3.7984504940298227,0.7655111448915936,0.5298249384106956,-1.7323573642863475,0.726009269185261,2.6908703734685915,-1.3784789638805182,-0.21643300165262566,-0.02301258309824564,-0.9765525538655409,-2.2382469607340947,-3.548802486025367,-0.9619700541141709,-0.46705155140987453,1.034644605065596,2.2882034899048684,1.3823138707190514,-4.316659791730929,-2.1787746756615256,-1.5024971896204666,-0.07883506935707126,0.4586873724046878,1.088370303565141
0.48194335672462035,-0.43385156554688287,2.023743966108979,-1.9929345296722227,0.11486744173570351,-1.0258994086162778,4.0477989287036324,2.3104573625686453,-0.8432216908003035,-0.4481626735229073,-0.7256491636569181,-0.520213147027565,-0.6200888123419585,2.3352266535974513,-1.1607427222641569,-1.5001505649147826,0.8415345600131071,-0.888249327272932,-3.3126148081576328,0.9555426463740937,-3.6037607132416563,-0.8311920936983894,2.953633916954788,0.9060532580383444,-2.4113639866846617,-2.435979018370904,0.9722657844065958,-0.3252437591905294,-0.8425907741452892,2.279802358184786
0.02236229126337088,-0.7707789219300094,-1.9929345296722227,2.585506925535232,0.23230781738336267,1.8916653657797224,-4.7320406547691105,-4.190821392796963,0.6673742773843,0.38597777551128043,1.4918098176961654,0.25065079577936755,-0.4925110618758946,-2.0117350115752872,1.3970387120529966,1.6361696759374182,-0.5267612658353508,2.001968987725907,5.188876929806882,-0.6813285664790429,4.195376255118032,0.37918784004821804,-4.239529468243068,-1.5558114267827778,4.522533426733454,3.7059222109069014,-0.46572441389595604,0.39834649342855893,0.7185758829482772,-3.019297093642638
0.27872380615893383,-0.6211394220852644,0.11486744173570351,0.23230781738336267,0.29073087373231016,0.393036825981414,-0.2191115442605776,-0.9164283831331946,-0.14554574365643563,0.027895260080591965,0.37823462132479974,-0.18468717157075223,-0.5838374632838451,0.23747342138543742,0.14044390483457903,-0.04478894249813119,0.22697854659844177,0.6090133150235496,0.8769762932688385,0.13795535896431607,0.15319346635307812,-0.36259216443140585,-0.5365173517845043,-0.212614406337192,1.045088614687391,0.6030133565767966,0.2680650801737425,0.00507514848341604,-0.12149033284840059,-0.30346965228275813
0.7633819985140033,-1.8367520533030415,-1.0258994086162778,1.8916653657797224,0.393036825981414,2.1275103210243604,-3.1115922487569856,-4.469455342295042,-0.019890880206093312,-0.05590180348442219,1.8340039773681418,-0.19332986162863386,-1.5696497195999533,-0.5648583706330402,0.9752077162868975,1.009357800579359,0.25647046806882684,2.318050980632407,4.884215816669748,0.04500429058180916,2.7857423607706546,-0.23599370631805391,-3.6471903475357994,-1.5849939416047298,4.903099134813662,3.2532011183821914,0.47757123610594887,0.2555016412214005,0.1273931848980085,-2.3313353134570156
0.38993497888831763,0.46752593088437877,4.0477989287036324,-4.7320406547691105,-0.2191115442605776,-3.1115922487569856,9.064079938737462,6.923323785642582,-1.5179760164189537,-0.916810908053479,-2.3759764104932177,-0.7364801722721835,0.010557496158882629,4.397843141877929,-2.6725079552144253,-3.1730196629276306,1.286308051013466,-3.152940244156739,-8.904794903631997,1.666399429858532,-8.015773108712278,-1.105960577770521,7.447634177109915,2.524373149863979,-7.381444118074855,-6.438001931216687,1.403004698098643,-0.72775017896092975,-1.4956618497413101,5.487701769574645
-1.4932070099492922,3.7984504940298227,2.3104573625686453,-4.190821392796963,-0.9164283831331946,-4.469455342295042,6.923323785642582,9.527217725029688,-0.07510242041305906,-0.022581241979295782,-3.839759197938831,0.3703449215404273,3.220009642915092,1.426623820541303,-2.1840664770510476,-2.214782425098923,-0.3994625524972908,-4.967425541573724,-10.537402879466182,0.03520463892589427,-6.166175801362133,0.5029405908345742,7.922066041325423,3.3586469010516846,-10.461890276496579,-7.108762888833395,-0.8533621623740089,-0.5689047695786864,-0.3854369602191318,5.123742769957911
-0.54724303785775,0.7655111448915936,-0.8432216908003035,0.6673742773843,-0.14554574365643563,-0.019890880206093312,-1.5179760164189537,-0.07510242041305906,0.5752133562318226,0.33622112191258374,-0.14896836792689802,0.3543869369486459,0.7706393976052515,-1.2092418920105834,0.3843217958515503,0.5898213023507135,-0.5884858139631648,-0.1218742952770658,0.5312514148973071,-0.575585880669899,1.331895082262725,0.5171790493287343,-0.6845483912962222,-0.08104393590720406,-0.00282052049854247,0.5377338261684457,-0.7247403274363097,0.1310819992565195,0.4528365899626249,-0.6973936606746107
-0.33279125025857365,0.5298249384106956,-0.4481626735229073,0.38597777551128043,0.027895260080591965,-0.05590180348442219,-0.916810908053479,-0.022581241979295782,0.33622112191258374,0.35908754596743725,-0.12094356693882556,0.19543487684091998,0.5148897280528236,-0.7494624939904821,0.2880028613397994,0.2651957177111869,-0.30752645090786235,-0.004470529949450854,0.26193681540060426,-0.41878720532840663,0.7424718999506186,0.18599260694458564,-0.320162205774752,0.06971181512521467,-0.0188088455396772,0.3578379811318473,-0.4558160845249713,0.0518184474458556,0.19203586797927064,-0.3810327809983292
0.7716933854453503,-1.7323573642863475,-0.7256491636569181,1.4918098176961654,0.37823462132479974,1.8340039773681418,-2.3759764104932177,-3.839759197938831,-0.14896836792689802,-0.12094356693882556,1.6204728813230762,-0.2401464819730743,-1.4967935343742502,-0.2494658656301656,0.777950761193492,0.7458781894766239,0.34104242346743463,2.0251028768082486,4.115797463381112,0.14890190386813687,2.1330413371678314,-0.312775437488869,-3.0106119296164873,-1.336205802491089,4.233969623807276,2.693201884505027,0.5491258239239055,0.1894097193992433,0.026442501266958386,-1.870551710651548
-0.4155243468271471,0.726009269185261,-0.520213147027565,0.25065079577936755,-0.18468717157075223,-0.19332986162863386,-0.7364801722721835,0.3703449215404273,0.3543869369486459,0.19543487684091998,-0.2401464819730743,0.27592972137029925,0.7160503059282699,-0.7863486333254871,0.1771666055866073,0.32216955460524377,-0.4066876644170222,-0.3255376916217776,-0.10089850969568785,-0.40250364735477595,0.6517737456418483,0.42113286580781395,-0.11747043151574293,0.09078570500345708,-0.46603268033749345,0.022775231345336454,-0.5287323324241779,0.05814226395308093,0.2889994344595634,-0.23533532083344746
-1.3234492945254388,2.6908703734685915,-0.6200888123419585,-0.4925110618758946,-0.5838374632838451,-1.5696497195999533,0.010557496158882629,3.220009642915092,0.7706393976052515,0.5148897280528236,-1.4967935343742502,0.7160503059282699,2.515661689934741,-1.4941376197343104,-0.0761390418782184,0.13965333818382547,-0.9880563857406208,-1.9500352211073315,-2.872031554423747,-0.9701562356233596,-0.05028076192820673,1.0385845393048425,1.7561792123772801,1.1483714602455346,-3.6717849085580574,-1.7227061052135797,-1.4621056894629827,-0.03638797297657812,0.5212722693820829,0.7521088972594016
0.9951923896054906,-1.3784789638805182,2.3352266535974513,-2.0117350115752872,0.23747342138543742,-0.5648583706330402,4.397843141877929,1.426623820541303,-1.2092418920105834,-0.7494624939904821,-0.2494658656301656,-0.7863486333254871,-1.4941376197343104,3.0337308577762534,-1.2495030787451842,-1.6284090915164797,1.228374299154815,-0.3582766743034566,-2.6076239801933525,1.387358732073112,-3.8680312866501683,-1.156104485281245,2.570438622797949,0.5379128867626567,-1.3771934157831798,-2.0947126109747924,1.5689697707015746,-0.33627080949374805,-1.05416198942896,2.223625550539632
-0.04955774725735881,-0.21643300165262566,-1.1607427222641569,1.3970387120529966,0.14044390483457903,0.9752077162868975,-2.6725079552144253,-2.1840664770510476,0.3843217958515503,0.2880028613397994,0.777950761193492,0.1771666055866073,-0.0761390418782184,-1.2495030787451842,0.8343458916426095,0.8903298854348282,-0.30404502712322895,1.041444998484812,2.74603816507911,-0.4831810921943812,2.3450692095184227,0.23133337790465358,-2.2363660051866283,-0.7233279122591721,2.341583045455053,1.9659990253313178,-0.37124786068218607,0.19720312731993875,0.39213676511234913,-1.6358455821575248
-0.22014555236266273,-0.02301258309824564,-1.5001505649147826,1.6361696759374182,-0.04478894249813119,1.009357800579359,-3.1730196629276306,-2.214782425098923,0.5898213023507135,0.2651957177111869,0.7458781894766239,0.32216955460524377,0.13965333818382547,-1.6284090915164797,0.8903298854348282,1.180048253001816,-0.5511262568836853,0.9269975943436917,2.9541857351376652,-0.6059012551750586,2.8405649429200297,0.5433681346700083,-2.5489059090755477,-0.893246853668131,2.343824646685952,2.1254395538976985,-0.5680288972225455,0.2715563796428393,0.6058254338780386,-1.8903070351585427
0.6569061566434737,-0.9765525538655409,0.8415345600131071,-0.5267612658353508,0.22697854659844177,0.25647046806882684,1.286308051013466,-0.3994625524972908,-0.5884858139631648,-0.30752645090786235,0.34104242346743463,-0.4066876644170222,-0.9880563857406208,1.228374299154815,-0.30404502712322895,-0.5511262568836853,0.701637650917856,0.39958010477130435,-0.09983339520469817,0.6017200338505813,-1.145989523360788,-0.6184943113942672,0.41354323127914844,-0.0267921605138744,0.5071677317567393,-0.2454145957255599,0.8171156563462167,-0.12360344610672816,-0.5341999125684072,0.5157105208573514
0.9367482901990728,-2.2382469607340947,-0.888249327272932,2.001968987725907,0.6090133150235496,2.318050980632407,-3.152940244156739,-4.967425541573724,-0.1218742952770658,-0.004470529949450854,2.0251028768082486,-0.3255376916217776,-1.9500352211073315,-0.3582766743034566,1.041444998484812,0.9269975943436917,0.39958010477130435,2.692797970181227,5.343917328272192,0.14004074179396506,2.781521178534526,-0.5166660942927324,-3.910335439201026,-1.6910136644980802,5.487765148758922,3.6039344994417957,0.6652534540587305,0.2524721969521984,0.034381555393203034,-2.4664494241134554
1.1848193606622748,-3.548802486025367,-3.3126148081576328,5.188876929806882,0.8769762932688385,4.884215816669748,-8.904794903631997,-10.537402879466182,0.5312514148973071,0.26193681540060426,4.115797463381112,-0.10089850969568785,-2.872031554423747,-2.6076239801933525,2.74603816507911,2.9541857351376652,-0.09983339520469817,5.343917328272192,12.100307850342817,-0.524015580412266,7.93212207313312,-0.0901855844503246,-9.358994232115327,-3.7886377575349806,11.523363548278674,8.289534393526296,0.31327469828900156,0.7416613937813917,0.8742876150346226,-6.247426751251827
0.5850345645842113,-0.9619700541141709,0.9555426463740937,-0.6813285664790429,0.13795535896431607,0.04500429058180916,1.666399429858532,0.03520463892589427,-0.575585880669899,-0.41878720532840663,0.14890190386813687,-0.40250364735477595,-0.9701562356233596,1.387358732073112,-0.4831810921943812,-0.6059012551750586,0.6017200338505813,0.14004074179396506,-0.524015580412266,0.7031512964268551,-1.4364602190587188,-0.5489732612735063,0.6678770790114382,-0.018200912465521663,0.05374157034994308,-0.5368393160423383,0.8311998990449327,-0.1122817568355473,-0.45237069277171804,0.7138136277770377
-0.3263576877725018,-0.46705155140987453,-3.6037607132416563,4.195376255118032,0.15319346635307812,2.7857423607706546,-8.015773108712278,-6.166175801362133,1.331895082262725,0.7424718999506186,2.1330413371678314,0.6517737456418483,-0.05028076192820673,-3.8680312866501683,2.3450692095184227,2.8405649429200297,-1.145989523360788,2.781521178534526,7.93212207313312,-1.4364602190587188,7.114411074503229,1.0194225722875945,-6.644864275390502,-2.2917230255053758,6.576488726477473,5.700251730464787,-1.2164490539102302,0.6542713456155512,1.3506497857827597,-4.875658991124048
-0.5908857944921899,1.034644605065596,-0.8311920936983894,0.37918784004821804,-0.36259216443140585,-0.23599370631805391,-1.105960577770521,0.5029405908345742,0.5171790493287343,0.18599260694458564,-0.312775437488869,0.42113286580781395,1.0385845393048425,-1.156104485281245,0.23133337790465358,0.5433681346700083,-0.6184943113942672,-0.5166660942927324,-0.0901855844503246,-0.5489732612735063,1.0194225722875945,0.7271663864502305,-0.2527055103413417,0.04264579314196703,-0.6414980580490062,0.028900983537413664,-0.749898073010866,0.09918581434472726,0.4636989767652727,-0.37513153318723497
-0.6125695403090371,2.2882034899048684,2.953633916954788,-4.239529468243068,-0.5365173517845043,-3.6471903475357994,7.447634177109915,7.922066041325423,-0.6845483912962222,-0.320162205774752,-3.0106119296164873,-0.11747043151574293,1.7561792123772801,2.570438622797949,-2.2363660051866283,-2.5489059090755477,0.41354323127914844,-3.910335439201026,-9.358994232115327,0.6678770790114382,-6.644864275390502,-0.2527055103413417,7.411380532172428,2.9385931647117984,-8.63221874926752,-6.492568361873298,0.12189285526734843,-0.6339367267545527,-0.9293426066013368,5.0477880255829755
-0.4965033807134182,1.3823138707190514,0.9060532580383444,-1.5558114267827778,-0.212614406337192,-1.5849939416047298,2.524373149863979,3.3586469010516846,-0.08104393590720406,0.06971181512521467,-1.336205802491089,0.09078570500345708,1.1483714602455346,0.5379128867626567,-0.7233279122591721,-0.893246853668131,-0.0267921605138744,-1.6910136644980802,-3.7886377575349806,-0.018200912465521663,-2.2917230255053758,0.04264579314196703,2.9385931647117984,1.344185622289166,-3.6973568452031924,-2.56730123651885,-0.3073257103639033,-0.24396819819056276,-0.24081979279041463,1.8784366866631743
1.720533857584217,-4.316659791730929,-2.4113639866846617,4.522533426733454,1.045088614687391,4.903099134813662,-7.381444118074855,-10.461890276496579,-0.00282052049854247,-0.0188088455396772,4.233969623807276,-0.46603268033749345,-3.6717849085580574,-1.3771934157831798,2.341583045455053,2.343824646685952,0.5071677317567393,5.487765148758922,11.523363548278674,0.05374157034994308,6.576488726477473,-0.6414980580490062,-8.63221874926752,-3.6973568452031924,11.514017404730675,7.764740195783093,1.052296158793525,0.6105485686866791,0.37436495475565235,-5.538652342172217
0.6334541294999428,-2.1787746756615256,-2.435979018370904,3.7059222109069014,0.6030133565767966,3.2532011183821914,-6.438001931216687,-7.108762888833395,0.5377338261684457,0.3578379811318473,2.693201884505027,0.022775231345336454,-1.7227061052135797,-2.0947126109747924,1.9659990253313178,2.1254395538976985,-0.2454145957255599,3.6039344994417957,8.289534393526296,-0.5368393160423383,5.700251730464787,0.028900983537413664,-6.492568361873298,-2.56730123651885,7.764740195783093,5.800252079208694,0.014716005608470466,0.5372819294165561,0.6975561150671182,-4.403873156541601
0.8874276751309762,-1.5024971896204666,0.9722657844065958,-0.46572441389595604,0.2680650801737425,0.47757123610594887,1.403004698098643,-0.8533621623740089,-0.7247403274363097,-0.4558160845249713,0.5491258239239055,-0.5287323324241779,-1.4621056894629827,1.5689697707015746,-0.37124786068218607,-0.5680288972225455,0.8171156563462167,0.6652534540587305,0.31327469828900156,0.8311998990449327,-1.2164490539102302,-0.749898073010866,0.12189285526734843,-0.3073257103639033,1.052296158793525,0.014716005608470466,1.124271562496559,-0.09968074819710432,-0.5807592146827858,0.4321412075467283
-0.03280545167801456,-0.07883506935707126,-0.3252437591905294,0.39834649342855893,0.00507514848341604,0.2555016412214005,-0.72775017896092975,-0.5689047695786864,0.1310819992565195,0.0518184474458556,0.1894097193992433,0.05814226395308093,-0.03638797297657812,-0.33627080949374805,0.19720312731993875,0.2715563796428393,-0.12360344610672816,0.2524721969521984,0.7416613937813917,-0.1122817568355473,0.6542713456155512,0.09918581434472726,-0.6339367267545527,-0.24396819819056276,0.6105485686866791,0.5372819294165561,-0.09968074819710432,0.07028559842000669,0.14285475763424413,-0.4575560980886148
-0.4039432358383095,0.4586873724046878,-0.8425907741452892,0.7185758829482772,-0.12149033284840059,0.1273931848980085,-1.4956618497413101,-0.3854369602191318,0.4528365899626249,0.19203586797927064,0.026442501266958386,0.2889994344595634,0.5212722693820829,-1.05416198942896,0.39213676511234913,0.6058254338780386,-0.5341999125684072,0.034381555393203034,0.8742876150346226,-0.45237069277171804,1.3506497857827597,0.4636989767652727,-0.9293426066013368,-0.24081979279041463,0.37436495475565235,0.6975561150671182,-0.5807592146827858,0.14285475763424413,0.48261758698551127,-0.788824417246194
-0.13889153845677907,1.088370303565141,2.279802358184786,-3.019297093642638,-0.30346965228275813,-2.3313353134570156,5.487701769574645,5.123742769957911,-0.6973936606746107,-0.3810327809983292,-1.870551710651548,-0.23533532083344746,0.7521088972594016,2.223625550539632,-1.6358455821575248,-1.8903070351585427,0.5157105208573514,-2.4664494241134554,-6.247426751251827,0.7138136277770377,-4.875658991124048,-0.37513153318723497,5.0477880255829755,1.8784366866631743,-5.538652342172217,-4.403873156541601,0.4321412075467283,-0.4575560980886148,-0.788824417246194,3.5571670718847095
