V1,V2,V3,V4,V5,V6,V7,V8,V9,V10,V11,V12,V13,V14,V15,V16,V17,V18,V19,V20,V21,V22,V23,V24,V25,V26,V27,V28,V29,V30
35.99515542286374,-82.39833274615036,129.89475744323107,-43.461339781785334,-36.35357723785633,-55.55165979814397,16.49893963724329,-78.3151446116437,-47.348256725347305,21.3558689836366,227.94277876604704,50.651621818122734,70.47528542270332,100.1781120150465,79.46025158115704,-113.81172573852508,52.39581461177693,-22.537179086715827,-117.8614636183285,-69.2623552884012,35.11295849622141,-53.2693250576995,-162.96107161917402,11.114622943620226,-126.9808329935511,12.262313796050613,51.169420297229934,46.95591231623742,9.250912481101025,0.14723637099660586
-82.39833274615036,189.07434263977865,-297.7963510433179,99.64769306745194,83.71061831999852,127.50248319049965,-37.82319112080527,179.8699932165892,108.68208926208062,-49.08340982019368,-523.0103276477562,-116.27475301188818,-161.40619713113009,-229.57798807507086,-182.35168991314626,260.873039490156,-120.26895683777511,51.57318557002773,270.2264427119461,159.0060158001219,-80.88935622511387,122.52267382807453,373.65341731629127,-25.666439926669486,291.2159356397897,-28.21854210117167,-117.34707012598348,-108.26906774376391,-21.228704317936266,-0.36206607528169105
129.89475744323107,-297.7963510433179,469.86985206302853,-156.18971088339305,-131.64768571273908,-201.28487569707167,59.51192119845178,-283.84974048306884,-170.25305063786573,76.53133841759302,823.9853577915841,182.73092183411768,253.81575508696588,361.5463223399952,287.07079680136854,-410.4888713896923,190.35109077023492,-81.5906425938437,-425.20144176887,-250.68745977971523,127.52101844003724,-192.6788483763092,-589.0959961199972,40.77390060391673,-458.06745133477875,44.4357745749336,184.30422838313237,170.61683938271847,33.093291729774826,-0.04822071209307794
-43.461339781785334,99.64769306745194,-156.18971088339305,53.513647855471,44.10262745637377,66.62139869134839,-20.041536225025535,93.99857601524174,58.373738144120146,-26.73715335350465,-275.41711159561925,-61.74260848016223,-85.82988967741343,-121.31852952168164,-96.25815384416525,138.21972781553174,-62.23387213253238,26.86940707061129,143.12247403758323,83.43854027355094,-42.20992491991329,64.6797982930399,196.4887605185167,-12.96266254901737,154.36104412652557,-14.810517612055296,-62.54787621090314,-56.49570888639437,-11.596748203788914,-0.9134619736036329
-36.35357723785633,83.71061831999852,-131.64768571273908,44.10262745637377,37.260583190185926,56.45514111925526,-16.72788837534636,79.72067946863378,48.18547682029589,-21.820245881642627,-231.53800079636434,-51.5333319154733,-71.2863154871661,-101.46311526331539,-80.75525865415038,115.34182255616403,-53.231476792796386,22.730635049806047,119.52350222327337,70.43613594685239,-36.012701336550904,54.44416996529157,165.23189838811638,-11.45166944111627,128.86453500402902,-12.544887917554782,-51.93502830310512,-48.264594256516766,-9.413958018804637,-0.20163532145507346
-55.55165979814397,127.50248319049965,-201.28487569707167,66.62139869134839,56.45514111925526,86.33125425860737,-25.44672847883907,121.7704186860849,72.6534614004582,-32.58803853837246,-352.84713620110864,-78.14958646866313,-108.40793261054743,-154.6427689240886,-122.88209843513975,175.50448261524699,-81.77999622843264,34.967285787234395,181.828859444906,107.44043457013112,-54.78922431045782,82.55579156026815,252.2534449692589,-17.6356995950155,195.8771280112642,-19.06229058805504,-78.73295729047037,-73.33432903335421,-14.072132900323808,0.18460522866454582
16.49893963724329,-37.82319112080527,59.51192119845178,-20.041536225025535,-16.72788837534636,-25.44672847883907,7.579946993804819,-35.89175581540883,-21.85249292885764,9.903668392212506,104.60725475203007,23.30625702848825,32.38545761632529,45.97744787941254,36.493547132983814,-52.27880659114224,23.938844824645514,-10.293815543695032,-54.14392862574715,-31.76721026431159,16.120124261372535,-24.504555439448584,-74.7208758455358,5.067131148457125,-58.35701702848866,5.633752830669665,23.551812112226553,21.570795514677506,4.2881297166270995,0.14460762546637815
-78.3151446116437,179.8699932165892,-283.84974048306884,93.99857601524174,79.72067946863378,121.7704186860849,-35.89175581540883,171.7945295500988,102.5434285270705,-46.02914131401974,-497.7422173167718,-110.2740205793887,-152.87769454062763,-218.08683938966115,-173.36259965705244,247.5366529087769,-115.33362794808593,49.27758205985773,256.47323642317576,151.5728711198191,-77.36222924477799,116.54516731475547,355.7583209768485,-24.90131889682249,276.3162645180368,-26.911257026956534,-111.07448679382578,-103.57283568390972,-19.869654021103326,0.22400702446021553
-47.348256725347305,108.68208926208062,-170.25305063786573,58.373738144120146,48.18547682029589,72.6534614004582,-21.85249292885764,102.5434285270705,63.71251542955202,-29.215199685385816,-300.37544408241445,-67.36963097364679,-93.54965273917692,-132.24581300621435,-104.9960025022472,150.69689897753958,-67.84979225349628,29.25805868715806,156.06096599922046,91.01350807673958,-46.115429998110926,70.62876936867877,214.20902881551265,-14.16605492377345,168.3411008679368,-16.174855099449125,-68.21773158227613,-61.74756922764264,-12.661672166143193,-1.025472578300045
21.3558689836366,-49.08340982019368,76.53133841759302,-26.73715335350465,-21.820245881642627,-32.58803853837246,9.903668392212506,-46.02914131401974,-29.215199685385816,13.561789494401722,135.56038256257253,30.61650201623089,42.485919863118774,59.788644523186996,47.48331380982088,-68.28894322303027,30.19292614722681,-13.062366085887044,-70.71382978452371,-40.97627086335694,20.73132394592647,-32.0000899327786,-96.50113812113665,6.2096437458333495,-76.34224503990049,7.299440963361133,31.061291930724984,27.773083325528013,5.8820641477085935,0.7554664046802199
227.94277876604704,-523.0103276477562,823.9853577915841,-275.41711159561925,-231.53800079636434,-352.84713620110864,104.60725475203007,-497.7422173167718,-300.37544408241445,135.56038256257253,1446.8259938566648,321.53605383749675,446.32986001233377,635.0156436817955,504.38125797057353,-721.4819658077106,332.95920649468525,-142.7556626042074,-747.3595600068053,-439.9228959613029,223.828968940876,-338.86505471489386,-1033.741779241366,71.11879533555341,-805.3683550205684,78.06318578983105,324.4462318750946,299.57906694387003,58.6185063869302,0.8185529583171874
50.651621818122734,-116.27475301188818,182.73092183411768,-61.74260848016223,-51.5333319154733,-78.14958646866313,23.30625702848825,-110.2740205793887,-67.36963097364679,30.61650201623089,321.53605383749675,71.7428701585258,99.56546137117782,141.28522748006338,112.22024803554167,-160.72627667531987,73.42170964010579,-31.54184457389952,-166.4794394737272,-97.62843307591888,49.60959320692315,-75.45768449529659,-229.52979953691593,15.54806689885511,-179.48340860846002,17.33981559616819,72.49059877863986,66.4195931151576,13.2479337565932,0.569336791605564
70.47528542270332,-161.40619713113009,253.81575508696588,-85.82988967741343,-71.2863154871661,-108.40793261054743,32.38545761632529,-152.87769454062763,-93.54965273917692,42.485919863118774,446.32986001233377,99.56546137117782,138.51104055965033,196.37941020737446,155.76691274438934,-223.38494615707484,101.81390435556752,-43.87967808166972,-231.31606137615503,-135.43419594006792,68.57093547567217,-104.5084092089113,-318.812389795844,21.412008455753394,-249.3259503458317,24.00021011471443,100.71740061746418,91.72440968398536,18.417829593146237,0.8192267672459885
100.1781120150465,-229.57798807507086,361.5463223399952,-121.31852952168164,-101.46311526331539,-154.6427689240886,45.97744787941254,-218.08683938966115,-132.24581300621435,59.788644523186996,635.0156436817955,141.28522748006338,196.37941020737446,279.0275630062085,221.4465122917787,-317.13087269850604,145.6936525607319,-62.621665082117225,-328.4450930887206,-192.92544521599197,97.91072112038476,-148.62506934439782,-453.7526485775696,30.911915706338633,-353.9408535595042,34.19776277214508,142.72256650558944,130.99393499094032,25.886552441028137,0.6220762704724767
79.46025158115704,-182.35168991314626,287.07079680136854,-96.25815384416525,-80.75525865415038,-122.88209843513975,36.493547132983814,-173.36259965705244,-104.9960025022472,47.48331380982088,504.38125797057353,112.22024803554167,155.76691274438934,221.4465122917787,175.89544869431612,-251.69445015635173,115.81305332335478,-49.67971962221132,-260.71606004980333,-153.3014245018257,77.97175507303461,-118.20608745923944,-360.28011814884707,24.67698814845931,-280.9921208308412,27.211138327561653,113.28268751297996,104.37021006104182,20.538508038862116,0.4655620611410781
-113.81172573852508,260.873039490156,-410.4888713896923,138.21972781553174,115.34182255616403,175.50448261524699,-52.27880659114224,247.5366529087769,150.69689897753958,-68.28894322303027,-721.4819658077106,-160.72627667531987,-223.38494615707484,-317.13087269850604,-251.69445015635173,360.5892313673633,-165.11892973819903,71.01385117444431,373.4457465354294,219.09833371062294,-111.1553397873553,168.9766835794521,515.3806417575032,-34.93952330646446,402.4952793999314,-38.8517095301639,-162.42583269380754,-148.72677587681088,-29.57349725754715,-0.9893285409825696
52.39581461177693,-120.26895683777511,190.35109077023492,-62.23387213253238,-53.231476792796386,-81.77999622843264,23.938844824645514,-115.33362794808593,-67.84979225349628,30.19292614722681,332.95920649468525,73.42170964010579,101.81390435556752,145.6936525607319,115.81305332335478,-165.11892973819903,77.84643724040805,-33.18545993396497,-171.09386921434842,-101.55932610964759,51.90781394191639,-77.77905218162925,-238.2339314675928,16.96727482393694,-184.23176658742588,18.01055589870018,73.84053003700623,69.47163587666994,13.023059915347371,-0.6196649018387821
-22.537179086715827,51.57318557002773,-81.5906425938437,26.86940707061129,22.730635049806047,34.967285787234395,-10.293815543695032,49.27758205985773,29.25805868715806,-13.062366085887044,-142.7556626042074,-31.54184457389952,-43.87967808166972,-62.621665082117225,-49.67971962221132,71.01385117444431,-33.18545993396497,14.228895808714574,73.5526790024193,43.46918935375675,-22.09086475890434,33.27530504200505,102.17793816107606,-7.1339173276720915,79.19282194380479,-7.688535803337475,-31.79213529392518,-29.532039793039278,-5.6490848586200615,0.15970645361567953
-117.8614636183285,270.2264427119461,-425.20144176887,143.12247403758323,119.52350222327337,181.828859444906,-54.14392862574715,256.47323642317576,156.06096599922046,-70.71382978452371,-747.3595600068053,-166.4794394737272,-231.31606137615503,-328.4450930887206,-260.71606004980333,373.4457465354294,-171.09386921434842,73.5526790024193,386.7743201514057,226.98134660504874,-115.20773410370994,175.07511499462032,533.8377148097918,-36.240819188517335,416.8673791737311,-40.25950262312036,-168.21081695904022,-154.16348698282562,-30.616129144728184,-0.9970230988366445
-69.2623552884012,159.0060158001219,-250.68745977971523,83.43854027355094,70.43613594685239,107.44043457013112,-31.76721026431159,151.5728711198191,91.01350807673958,-40.97627086335694,-439.9228959613029,-97.62843307591888,-135.43419594006792,-192.92544521599197,-153.3014245018257,219.09833371062294,-101.55932610964759,43.46918935375675,226.98134660504874,133.8585577370238,-68.21121411289998,103.03120782641751,314.3647641645764,-21.804095183253633,244.57604309074006,-23.76110164245704,-98.43039495931806,-91.31000774418219,-17.70532506981147,-0.04708280596374362
35.11295849622141,-80.88935622511387,127.52101844003724,-42.20992491991329,-36.012701336550904,-54.78922431045782,16.120124261372535,-77.36222924477799,-46.115429998110926,20.73132394592647,223.828968940876,49.60959320692315,68.57093547567217,97.91072112038476,77.97175507303461,-111.1553397873553,51.90781394191639,-22.09086475890434,-115.20773410370994,-68.21121411289998,34.97337385008316,-52.566804610284365,-159.8415390064769,11.297312678428623,-124.16207653735431,12.147639148578644,49.897511464411785,46.87145227804882,8.929542438667571,-0.1001193924268536
-53.2693250576995,122.52267382807453,-192.6788483763092,64.6797982930399,54.44416996529157,82.55579156026815,-24.504555439448584,116.54516731475547,70.62876936867877,-32.0000899327786,-338.86505471489386,-75.45768449529659,-104.5084092089113,-148.62506934439782,-118.20608745923944,168.9766835794521,-77.77905218162925,33.27530504200505,175.07511499462032,103.03120782641751,-52.566804610284365,79.612365012794,241.8763412155621,-16.652352217237215,188.74836005739783,-18.32993519462016,-76.1134148178188,-70.42611881148557,-13.822038408099932,-0.36579774960529204
-162.96107161917402,373.65341731629127,-589.0959961199972,196.4887605185167,165.23189838811638,252.2534449692589,-74.7208758455358,355.7583209768485,214.20902881551265,-96.50113812113665,-1033.741779241366,-229.52979953691593,-318.812389795844,-453.7526485775696,-360.28011814884707,515.3806417575032,-238.2339314675928,102.17793816107606,533.8377148097918,314.3647641645764,-159.8415390064769,241.8763412155621,738.8626430804214,-50.89173473144201,575.1836660367297,-55.737757704580964,-231.61495641858292,-213.88257059425396,-41.74169336883898,-0.3301205761491025
11.114622943620226,-25.666439926669486,40.77390060391673,-12.96266254901737,-11.45166944111627,-17.6356995950155,5.067131148457125,-24.90131889682249,-14.16605492377345,6.2096437458333495,71.11879533555341,15.54806689885511,21.412008455753394,30.911915706338633,24.67698814845931,-34.93952330646446,16.96727482393694,-7.1339173276720915,-36.240819188517335,-21.804095183253633,11.297312678428623,-16.652352217237215,-50.89173473144201,3.8368549976543465,-39.01053127035007,3.885291701134907,15.530431271227485,15.147742550119926,2.6575746231347006,-0.34048438656988844
-126.9808329935511,291.2159356397897,-458.06745133477875,154.36104412652557,128.86453500402902,195.8771280112642,-58.35701702848866,276.3162645180368,168.3411008679368,-76.34224503990049,-805.3683550205684,-179.48340860846002,-249.3259503458317,-353.9408535595042,-280.9921208308412,402.4952793999314,-184.23176658742588,79.19282194380479,416.8673791737311,244.57604309074006,-124.16207653735431,188.74836005739783,575.1836660367297,-39.01053127035007,449.3361223580082,-43.394133819273186,-181.3612842799875,-166.16622301660232,-33.05154381806405,-1.180311568761058
12.262313796050613,-28.21854210117167,44.4357745749336,-14.810517612055296,-12.544887917554782,-19.06229058805504,5.633752830669665,-26.911257026956534,-16.174855099449125,7.299440963361133,78.06318578983105,17.33981559616819,24.00021011471443,34.19776277214508,27.211138327561653,-38.8517095301639,18.01055589870018,-7.688535803337475,-40.25950262312036,-23.76110164245704,12.147639148578644,-18.32993519462016,-55.737757704580964,3.885291701134907,-43.394133819273186,4.228751996143817,17.466223844901837,16.274743151774832,3.1492098342069212,0.023718030561061088
51.169420297229934,-117.34707012598348,184.30422838313237,-62.54787621090314,-51.93502830310512,-78.73295729047037,23.551812112226553,-111.07448679382578,-68.21773158227613,31.061291930724984,324.4462318750946,72.49059877863986,100.71740061746418,142.72256650558944,113.28268751297996,-162.42583269380754,73.84053003700623,-31.79213529392518,-168.21081695904022,-98.43039495931806,49.897511464411785,-76.1134148178188,-231.61495641858292,15.530431271227485,-181.3612842799875,17.466223844901837,73.33772668399142,66.79095744059293,13.459088314637398,0.7279403166807289
46.95591231623742,-108.26906774376391,170.61683938271847,-56.49570888639437,-48.264594256516766,-73.33432903335421,21.570795514677506,-103.57283568390972,-61.74756922764264,27.773083325528013,299.57906694387003,66.4195931151576,91.72440968398536,130.99393499094032,104.37021006104182,-148.72677587681088,69.47163587666994,-29.532039793039278,-154.16348698282562,-91.31000774418219,46.87145227804882,-70.42611881148557,-213.88257059425396,15.147742550119926,-166.16622301660232,16.274743151774832,66.79095744059293,62.84365350469247,11.95708270286984,-0.11955041826935481
9.250912481101025,-21.228704317936266,33.093291729774826,-11.596748203788914,-9.413958018804637,-14.072132900323808,4.2881297166270995,-19.869654021103326,-12.661672166143193,5.8820641477085935,58.6185063869302,13.2479337565932,18.417829593146237,25.886552441028137,20.538508038862116,-29.57349725754715,13.023059915347371,-5.6490848586200615,-30.616129144728184,-17.70532506981147,8.929542438667571,-13.822038408099932,-41.74169336883898,2.6575746231347006,-33.05154381806405,3.1492098342069212,13.459088314637398,11.95708270286984,2.556292908973436,0.3467173849496943
0.14723637099660586,-0.36206607528169105,-0.04822071209307794,-0.9134619736036329,-0.20163532145507346,0.18460522866454582,0.14460762546637815,0.22400702446021553,-1.025472578300045,0.7554664046802199,0.8185529583171874,0.569336791605564,0.8192267672459885,0.6220762704724767,0.4655620611410781,-0.9893285409825696,-0.6196649018387821,0.15970645361567953,-0.9970230988366445,-0.04708280596374362,-0.1001193924268536,-0.36579774960529204,-0.3301205761491025,-0.34048438656988844,-1.180311568761058,0.023718030561061088,0.7279403166807289,-0.11955041826935481,0.3467173849496943,0.5448682758232153
