V1,V2,V3,V4,V5,V6,V7,V8,V9,V10,V11,V12,V13,V14,V15,V16,V17,V18,V19,V20,V21,V22,V23,V24,V25,V26,V27,V28,V29,V30
22.171826807053883,-50.12351888509803,79.32591817353514,-26.190942429507928,-22.126573632445105,-33.80278853890684,10.071728701581254,-47.81618828562912,-28.541064717512544,12.954534169807484,138.8153534178603,30.699224370771883,42.961689851134146,61.10037343498462,48.41617830295743,-69.30045680573853,32.11053725922332,-13.917416453621165,-71.78506064086726,-42.151061828693926,21.429507277761733,-32.33386288028991,-99.34733643107901,6.764659605961404,-77.29232533850491,7.339369167605909,30.92541537156835,28.474171445762803,5.626565726094936,-0.09008543960597151
-50.12351888509803,115.37835061261379,-181.50292516468664,60.56221764618354,51.122962707233214,77.67576280441516,-22.959906422790183,109.80397351703695,66.18281461872142,-30.107217273229967,-318.88149702940603,-70.76196858629935,-98.22985419936586,-139.82439810731597,-111.16673878182856,158.9807487631144,-73.4017097030846,31.4966493866034,164.75786623715115,97.03322571968135,-49.5490953207333,74.64419403061322,227.51131978523608,-15.691961273553325,177.51662053822344,-17.325392122005013,-71.02714432471234,-66.13329900584326,-13.005831327626693,-0.1840999757623826
79.32591817353514,-181.50292516468664,286.5689573005131,-95.2257141910463,-79.88783525073886,-122.49333099632425,36.28533978263594,-172.86716542258122,-103.71108154046078,46.775721454863024,502.1002253728365,111.23885193135463,155.00584703813425,220.62233845844824,174.95880833477247,-250.46939693270676,115.9104090383334,-49.904964446605284,-259.3676259801549,-152.69613287043416,77.44025874217733,-117.05487187514875,-359.06727926872327,24.73706841632928,-279.39620139331845,27.035467151818526,112.1164337253196,103.37476268844611,20.225111175569435,0.017360429030396692
-26.190942429507928,60.56221764618354,-95.2257141910463,32.36697179633749,26.898104142286027,41.04908556347789,-12.185259404783237,57.478541640000415,35.19739668489578,-15.518365034600178,-167.6668214023681,-37.58498834546908,-51.70394974132074,-73.51204884754233,-58.42895448169349,83.54472870490562,-38.353991930635345,16.214659099927434,86.48136557914533,50.957702551321994,-25.7798346211929,39.589846912641526,119.95338281509771,-8.254809676664584,93.29650862566383,-9.080043379642106,-38.43501044510567,-34.98420610122323,-6.713724031491191,-0.2927926030847186
-22.126573632445105,51.122962707233214,-79.88783525073886,26.898104142286027,23.439586966849706,34.47073762595737,-10.209611774009254,48.507796806760254,29.802790579897565,-13.864078687926705,-141.7229085489959,-31.608967747986508,-43.41796906339838,-61.55163768119826,-49.35760524102873,70.48329915638567,-32.18575328963814,13.75032075593048,73.11056250016472,43.08582668538319,-22.559897872471943,33.640114940797645,100.34018133742245,-7.031783598049162,78.67568025317593,-7.829922903148455,-31.270758595503118,-29.987157438212172,-5.90107539374298,-0.316870050347044
-33.80278853890684,77.67576280441516,-122.49333099632425,41.04908556347789,34.47073762595737,52.77755834949495,-15.580248538802715,73.6695110539453,44.77907841474317,-19.84938684122295,-215.31105438463882,-47.896776533503655,-66.32196144065281,-94.243688216921,-74.80349288427061,107.27625485557071,-49.407506252267396,21.130251471858145,111.02293434084011,65.44047824934498,-33.1742729421018,50.39681022932476,153.8873604946306,-10.599752244902444,119.43956546146853,-11.711695605252837,-48.440658893428626,-44.545789005189555,-8.557903775532495,-0.12964043433898487
10.071728701581254,-22.959906422790183,36.28533978263594,-12.185259404783237,-10.209611774009254,-15.580248538802715,4.673382640829859,-21.8510191560385,-13.272798614964799,5.9446615344593035,63.749715039708235,14.209905894287889,19.717506029864815,27.9654139519453,22.21879704616343,-31.78745659193406,14.604344714775987,-6.263522375612509,-32.855972268366706,-19.353299504750474,9.812960495553916,-14.986142082600683,-45.59251672742665,3.2091675428511177,-35.43743945140187,3.416320457546366,14.431014360755382,13.188543106223744,2.5367120331990733,0.09139157928118054
-47.81618828562912,109.80397351703695,-172.86716542258122,57.478541640000415,48.507796806760254,73.6695110539453,-21.8510191560385,105.0064908531744,62.672056753403425,-28.684696957590052,-303.11343457198063,-67.25216246566936,-93.42562115883027,-133.28429030439875,-105.9789447107139,151.08309989545364,-70.14510202802133,30.064371126882175,156.68315850282036,92.2771601090129,-47.17393853048993,71.05531050432504,216.52456093633995,-14.971344271625028,169.120252259755,-16.266737694968835,-67.68527548285014,-63.01080020339204,-12.434500657304158,-0.039308625750358504
-28.541064717512544,66.18281461872142,-103.71108154046078,35.19739668489578,29.802790579897565,44.77907841474317,-13.272798614964799,62.672056753403425,38.63214798665795,-17.476146757065838,-183.38970265205054,-41.015347788237,-56.39272622367935,-79.97488674508396,-63.82325878131727,91.34028721742723,-41.67066580919098,17.72960101024346,94.5773921832342,55.748803521685446,-28.61012240163099,43.35134026969081,130.4591253130777,-9.106697351822293,101.88359972649369,-10.117319575501016,-41.22845633030957,-38.43191547030668,-7.4587433060595085,-0.460001813190164
12.954534169807484,-30.107217273229967,46.775721454863024,-15.518365034600178,-13.864078687926705,-19.84938684122295,5.9446615344593035,-28.684696957590052,-17.476146757065838,8.984036522356163,83.20835136131046,18.312769190799866,25.51403087332909,36.03152388128904,29.120843337526704,-41.51541873856287,18.757559539426513,-8.27205922490582,-43.061612325403445,-25.369488206041556,13.646069197109163,-19.60170994799469,-58.13491727656743,4.354864782779329,-46.439701992833506,4.764088517733147,17.185935346538194,17.52563345915706,3.6768123059058544,0.38050245838482494
138.8153534178603,-318.88149702940603,502.1002253728365,-167.6668214023681,-141.7229085489959,-215.31105438463882,63.749715039708235,-303.11343457198063,-183.38970265205054,83.20835136131046,882.7368408425968,195.9500512242498,272.0002543905594,386.58706154604334,307.3824723075726,-440.0645081982264,202.68268891726154,-87.08856178350538,-455.7422673996646,-268.43972852315005,137.05563336732482,-206.64738794067208,-629.6101223140722,43.64884900055182,-490.74539146934546,48.0246573968622,196.59763450432317,182.86182951158747,35.763984126031005,0.7070305921454627
30.699224370771883,-70.76196858629935,111.23885193135463,-37.58498834546908,-31.608967747986508,-47.896776533503655,14.209905894287889,-67.25216246566936,-41.015347788237,18.312769190799866,195.9500512242498,43.82145927703501,60.3508093214941,85.81275759480648,68.29761516583726,-97.59166191700776,44.875454864445864,-19.04479149389216,-101.09503244627626,-59.55470454316977,30.363000738958643,-46.2623748291107,-139.95718935064704,9.640600343825978,-108.99439395024945,10.598790680595915,44.490614999543986,40.96076546202555,7.913213121006578,0.26569670681696955
42.961689851134146,-98.22985419936586,155.00584703813425,-51.70394974132074,-43.41796906339838,-66.32196144065281,19.717506029864815,-93.42562115883027,-56.39272622367935,25.51403087332909,272.0002543905594,60.3508093214941,84.04399159627536,119.40250354841092,94.77164978663536,-135.7379274649961,62.53195568620722,-26.945243323055873,-140.49413303310217,-82.6647955414575,41.98511138968807,-63.53304913828358,-194.3337607422486,13.440087072963825,-151.345123023824,14.669955302959742,60.780141510571404,56.028476033974655,10.979981486667581,0.18261517990611228
61.10037343498462,-139.82439810731597,220.62233845844824,-73.51204884754233,-61.55163768119826,-94.243688216921,27.9654139519453,-133.28429030439875,-79.97488674508396,36.03152388128904,386.58706154604334,85.81275759480648,119.40250354841092,170.05220063537317,134.87324766228022,-192.85715842734132,89.2755849664598,-38.3335791037279,-199.7846338788706,-117.55034964831769,59.60262401751418,-90.34931439070455,-276.6345379525808,18.960388547981665,-215.383863722681,20.707254124916997,86.81407680734691,79.78666710300911,15.638055477811937,0.03782994387909175
48.41617830295743,-111.16673878182856,174.95880833477247,-58.42895448169349,-49.35760524102873,-74.80349288427061,22.21879704616343,-105.9789447107139,-63.82325878131727,29.120843337526704,307.3824723075726,68.29761516583726,94.77164978663536,134.87324766228022,107.30481842978148,-153.23822543301551,70.75463566170957,-30.335626937246538,-158.79077488926578,-93.50189262359434,47.81158815131667,-72.13782483500324,-219.3607489782151,15.21426984793848,-171.25033855637386,16.58960181845237,68.68725605524192,63.8714445057022,12.55749349527412,0.23675187081696736
-69.30045680573853,158.9807487631144,-250.46939693270676,83.54472870490562,70.48329915638567,107.27625485557071,-31.78745659193406,151.08309989545364,91.34028721742723,-41.51541873856287,-440.0645081982264,-97.59166191700776,-135.7379274649961,-192.85715842734132,-153.23822543301551,219.5174011901285,-101.05347656995372,43.53601860617385,227.29530521691007,133.8040103003221,-68.21145793195598,102.82020978907661,313.9312200033105,-21.733896043284876,244.72862658044858,-23.921569676826085,-97.84454699214962,-90.86923775527295,-17.839974624482547,-0.3391840932978005
32.11053725922332,-73.4017097030846,115.9104090383334,-38.353991930635345,-32.18575328963814,-49.407506252267396,14.604344714775987,-70.14510202802133,-41.67066580919098,18.757559539426513,202.68268891726154,44.875454864445864,62.53195568620722,89.2755849664598,70.75463566170957,-101.05347656995372,47.10431734457886,-20.21628979709153,-104.77228317897588,-61.67935325369756,31.281618490559026,-47.27330670982365,-145.1957328655087,9.894308012900785,-112.95228142585734,10.794961059333575,45.40144849264159,41.83408471875836,8.204200493508825,-0.18078765873063263
-13.917416453621165,31.4966493866034,-49.904964446605284,16.214659099927434,13.75032075593048,21.130251471858145,-6.263522375612509,30.064371126882175,17.72960101024346,-8.27205922490582,-87.08856178350538,-19.04479149389216,-26.945243323055873,-38.3335791037279,-30.335626937246538,43.53601860617385,-20.21628979709153,8.917089294025509,45.081491364372724,26.491479725554566,-13.484403902875314,20.012287227328763,62.15714600500442,-4.302400044936092,48.48130848147803,-4.687623481908357,-18.80589893626597,-17.634280303263647,-3.5493813935278533,0.10698565274911306
-71.78506064086726,164.75786623715115,-259.3676259801549,86.48136557914533,73.11056250016472,111.02293434084011,-32.855972268366706,156.68315850282036,94.5773921832342,-43.061612325403445,-455.7422673996646,-101.09503244627626,-140.49413303310217,-199.7846338788706,-158.79077488926578,227.29530521691007,-104.77228317897588,45.081491364372724,235.5071277059153,138.5921810334947,-70.78655315871991,106.58144250308499,325.0939826630743,-22.370505896078658,253.59634446583993,-24.723305809465703,-101.34748371556867,-94.30672182957251,-18.575911080205266,-0.25911159063655786
-42.151061828693926,97.03322571968135,-152.69613287043416,50.957702551321994,43.08582668538319,65.44047824934498,-19.353299504750474,92.2771601090129,55.748803521685446,-25.369488206041556,-268.43972852315005,-59.55470454316977,-82.6647955414575,-117.55034964831769,-93.50189262359434,133.8040103003221,-61.67935325369756,26.491479725554566,138.5921810334947,81.67690663927958,-41.73733884074293,62.82905611499952,191.39067557011802,-13.311843560782433,149.27284171652633,-14.646423066973403,-59.66044837685717,-55.656461768279044,-10.898605110211424,-0.22060227091036955
21.429507277761733,-49.5490953207333,77.44025874217733,-25.7798346211929,-22.559897872471943,-33.1742729421018,9.812960495553916,-47.17393853048993,-28.61012240163099,13.646069197109163,137.05563336732482,30.363000738958643,41.98511138968807,59.60262401751418,47.81158815131667,-68.21145793195598,31.281618490559026,-13.484403902875314,-70.78655315871991,-41.73733884074293,21.945804792697675,-32.32650675208766,-96.8601321697742,6.879962999770128,-76.22008257286295,7.610140426207223,29.647863035857903,28.86865132952855,5.782970167495502,0.25643279586578605
-32.33386288028991,74.64419403061322,-117.05487187514875,39.589846912641526,33.640114940797645,50.39681022932476,-14.986142082600683,71.05531050432504,43.35134026969081,-19.60170994799469,-206.64738794067208,-46.2623748291107,-63.53304913828358,-90.34931439070455,-72.13782483500324,102.82020978907661,-47.27330670982365,20.012287227328763,106.58144250308499,62.82905611499952,-32.32650675208766,49.06176874478362,147.29512900816457,-10.242176826053237,115.0079595850718,-11.192212916416679,-46.79724981140891,-43.56925637682283,-8.446644149640113,-0.36081144866811615
-99.34733643107901,227.51131978523608,-359.06727926872327,119.95338281509771,100.34018133742245,153.8873604946306,-45.59251672742665,216.52456093633995,130.4591253130777,-58.13491727656743,-629.6101223140722,-139.95718935064704,-194.3337607422486,-276.6345379525808,-219.3607489782151,313.9312200033105,-145.1957328655087,62.15714600500442,325.0939826630743,191.39067557011802,-96.8601321697742,147.29512900816457,450.75173438679064,-30.851834009937356,350.263097611466,-33.788367949642755,-142.02391697366207,-130.06431167244887,-25.2442455797834,-0.09267668600393783
6.764659605961404,-15.691961273553325,24.73706841632928,-8.254809676664584,-7.031783598049162,-10.599752244902444,3.2091675428511177,-14.971344271625028,-9.106697351822293,4.354864782779329,43.64884900055182,9.640600343825978,13.440087072963825,18.960388547981665,15.21426984793848,-21.733896043284876,9.894308012900785,-4.302400044936092,-22.370505896078658,-13.311843560782433,6.879962999770128,-10.242176826053237,-30.851834009937356,2.46925324768835,-24.19533021952573,2.484055450705881,9.416187254789547,9.065404896001121,1.735213263132478,0.21958291448252087
-77.29232533850491,177.51662053822344,-279.39620139331845,93.29650862566383,78.67568025317593,119.43956546146853,-35.43743945140187,169.120252259755,101.88359972649369,-46.439701992833506,-490.74539146934546,-108.99439395024945,-151.345123023824,-215.383863722681,-171.25033855637386,244.72862658044858,-112.95228142585734,48.48130848147803,253.59634446583993,149.27284171652633,-76.22008257286295,115.0079595850718,350.263097611466,-24.19533021952573,273.4155614157568,-26.51619025707005,-109.59409380050876,-101.78392898106942,-20.04630168959213,-0.3437863089655161
7.339369167605909,-17.325392122005013,27.035467151818526,-9.080043379642106,-7.829922903148455,-11.711695605252837,3.416320457546366,-16.266737694968835,-10.117319575501016,4.764088517733147,48.0246573968622,10.598790680595915,14.669955302959742,20.707254124916997,16.58960181845237,-23.921569676826085,10.794961059333575,-4.687623481908357,-24.723305809465703,-14.646423066973403,7.610140426207223,-11.192212916416679,-33.788367949642755,2.484055450705881,-26.51619025707005,2.8346170519531166,10.201634277970465,9.979623757775528,1.9576127672643548,0.18939208163978705
30.92541537156835,-71.02714432471234,112.1164337253196,-38.43501044510567,-31.270758595503118,-48.440658893428626,14.431014360755382,-67.68527548285014,-41.22845633030957,17.185935346538194,196.59763450432317,44.490614999543986,60.780141510571404,86.81407680734691,68.68725605524192,-97.84454699214962,45.40144849264159,-18.80589893626597,-101.34748371556867,-59.66044837685717,29.647863035857903,-46.79724981140891,-142.02391697366207,9.416187254789547,-109.59409380050876,10.201634277970465,47.09767050056315,41.23309047322319,7.68070270392866,0.07086828775836723
28.474171445762803,-66.13329900584326,103.37476268844611,-34.98420610122323,-29.987157438212172,-44.545789005189555,13.188543106223744,-63.01080020339204,-38.43191547030668,17.52563345915706,182.86182951158747,40.96076546202555,56.028476033974655,79.78666710300911,63.8714445057022,-90.86923775527295,41.83408471875836,-17.634280303263647,-94.30672182957251,-55.656461768279044,28.86865132952855,-43.56925637682283,-130.06431167244887,9.065404896001121,-101.78392898106942,9.979623757775528,41.23309047322319,38.88221069652457,7.556457213608152,0.33418606198406164
5.626565726094936,-13.005831327626693,20.225111175569435,-6.713724031491191,-5.90107539374298,-8.557903775532495,2.5367120331990733,-12.434500657304158,-7.4587433060595085,3.6768123059058544,35.763984126031005,7.913213121006578,10.979981486667581,15.638055477811937,12.55749349527412,-17.839974624482547,8.204200493508825,-3.5493813935278533,-18.575911080205266,-10.898605110211424,5.782970167495502,-8.446644149640113,-25.2442455797834,1.735213263132478,-20.04630168959213,1.9576127672643548,7.68070270392866,7.556457213608152,1.587674287289808,0.053674547301442485
-0.09008543960597151,-0.1840999757623826,0.017360429030396692,-0.2927926030847186,-0.316870050347044,-0.12964043433898487,0.09139157928118054,-0.039308625750358504,-0.460001813190164,0.38050245838482494,0.7070305921454627,0.26569670681696955,0.18261517990611228,0.03782994387909175,0.23675187081696736,-0.3391840932978005,-0.18078765873063263,0.10698565274911306,-0.25911159063655786,-0.22060227091036955,0.25643279586578605,-0.36081144866811615,-0.09267668600393783,0.21958291448252087,-0.3437863089655161,0.18939208163978705,0.07086828775836723,0.33418606198406164,0.053674547301442485,0.29808657540942085
