V1,V2,V3,V4,V5,V6,V7,V8,V9,V10,V11,V12,V13,V14,V15,V16,V17,V18,V19,V20,V21,V22,V23,V24,V25,V26,V27,V28,V29,V30
438.25104224353674,-524.9112641648728,-361.50182408883836,672.138551808744,-372.7476808454187,-64.3915866965546,152.77849533968356,29.949746756968146,-148.572939404705,314.8774367086471,628.2302991938955,-669.9638125403724,-249.5968109147384,380.24219219391273,-492.20275945580573,-267.695125634399,91.08942581256136,-1516.5995527085026,-329.78214401779456,-39.7228604426718,-379.72050627704107,-206.63991606609886,-373.3094856931637,-511.0894517745205,-133.0478933964975,388.36827444367333,-588.3263944754185,276.192553301127,97.15233625627835,-884.0985609642082
-524.9112641648728,629.140331138655,432.9660008037602,-805.4079188177919,446.5789957722373,77.41635090482478,-183.1590068828923,-36.01068719086229,177.80630591983754,-377.2192988669923,-752.5785443996713,802.701974055089,299.1850485240859,-455.6663453342889,589.7988999309621,320.7387188765818,-108.94377897550346,1817.0817603602131,395.19835947087006,47.53431925299628,454.9411221904988,247.62626453261007,447.3723632536446,612.4822257801183,159.6270312279224,-465.4023843750614,704.8531227408682,-331.0143737874993,-116.59085254355254,1059.2559497588904
-361.50182408883836,432.9660008037602,298.7828480459955,-554.9649257772792,307.48225935513295,52.57296203678262,-125.61158146936887,-25.141954028117244,122.79659826758363,-260.36644702746634,-518.0747406072719,553.1637626695607,206.18541113992316,-313.85060654411944,406.7265189694522,220.82492096127584,-74.81940620492453,1252.7001558073248,272.4142530065311,32.78677290702673,313.7305800660626,170.3586037472254,308.14700218537916,421.9479681530485,109.7322608279672,-320.7130692812545,486.42971904986734,-227.81335763787152,-80.35336317184343,730.5238657016179
672.138551808744,-805.4079188177919,-554.9649257772792,1031.6952732711088,-571.7954200712088,-98.46350273294436,234.04011416337568,46.494066791707574,-227.98127652453968,483.6501413432025,963.4931442648484,-1028.2419535229956,-383.2875317108739,583.5960674520893,-755.8155008865165,-410.68284578058336,139.23230780994655,-2328.2001046911455,-506.3725574646194,-60.91640305224047,-582.9793332139798,-316.94761096833685,-572.9979652746313,-784.4916480254604,-204.31701693849428,596.1939402289648,-903.625593379224,423.77239087647365,149.43838117722012,-1357.4804807217756
-372.7476808454187,446.5789957722373,307.48225935513295,-571.7954200712088,317.09307319074713,54.85545946020484,-129.99721414764613,-25.52506701261438,126.32303954661482,-267.8509772254422,-534.375181711202,569.9212237543546,212.36629545555448,-323.4739900454569,418.73570780663306,227.72141405407666,-77.4174324137363,1290.1254541529709,280.56898164123373,33.77049117355777,323.0064609829398,175.79267115655603,317.5782731857106,434.8040293847804,113.23435175635083,-330.40275456480447,500.47079663794824,-234.9711518839728,-82.69920893211989,752.0726194174106
-64.3915866965546,77.41635090482478,52.57296203678262,-98.46350273294436,54.85545946020484,10.34676566411445,-23.129131420199858,-4.056275467064452,21.347405558354662,-45.478669871522584,-92.32580402988397,98.10012711312102,36.594965914848004,-55.67583887637018,71.76502518126702,39.267592461485464,-13.612454118597357,221.19089806007847,47.97324473069,5.6740349923539055,55.32841112942888,30.53353373952856,54.56328064376862,74.95259752291274,19.58747790339871,-56.80557348077958,85.20642965678748,-40.71922015448932,-14.150862933143596,128.60519901759557
152.77849533968356,-183.1590068828923,-125.61158146936887,234.04011416337568,-129.99721414764613,-23.129131420199858,53.8076439248512,10.142985953582837,-51.398117197506544,109.1028493392963,218.95913427545756,-233.26440046748374,-86.93418749548698,132.3438487284055,-171.11207651453492,-93.22686422350212,31.962643452285455,-527.2645337389366,-114.50804449321818,-13.699999784340225,-131.98190535923186,-72.1512882030304,-129.82492091352213,-178.01351158587534,-46.34638885855055,135.14129404540242,-204.0574223840402,96.35906482138573,33.72912030771419,-307.0871711108106
29.949746756968146,-36.01068719086229,-25.141954028117244,46.494066791707574,-25.52506701261438,-4.056275467064452,10.142985953582837,2.4886864586920816,-10.323010591599067,22.09498516014765,42.89465039645923,-46.269090433225635,-17.362077258521456,26.260830985116527,-34.30574160435093,-18.365477534423416,5.874903251662472,-105.26852619871805,-22.958839353010582,-2.730570503781168,-26.405729639630383,-14.111583837852248,-25.840478997119916,-35.33803864542114,-9.2237637454989,26.915598415523505,-41.21998552275943,18.958806912342826,6.9277838857627,-61.59296305173223
-148.572939404705,177.80630591983754,122.79659826758363,-227.98127652453968,126.32303954661482,21.347405558354662,-51.398117197506544,-10.323010591599067,50.682406613478804,-107.198780766625,-213.0774877514323,227.2715463003331,84.61686773806505,-129.05105803318918,167.13442271774534,90.84327382599916,-30.769833003600354,515.0614559655576,112.12976448585565,13.59955979907757,128.97376363686303,69.97227238022238,126.79867532758347,173.3249226962338,45.1311898427365,-131.81185200584858,200.11996845126154,-93.56606403303456,-33.00142010707119,300.44372761027597
314.8774367086471,-377.2192988669923,-260.36644702746634,483.6501413432025,-267.8509772254422,-45.478669871522584,109.1028493392963,22.09498516014765,-107.198780766625,227.3106039977053,451.50407231786863,-482.02929601861354,-179.6536514093846,273.68261196784465,-354.59308014252866,-192.5481588632503,64.98312104388319,-1092.2932555132315,-237.7802322776003,-28.705457485628852,-273.51431434106945,-148.39429893536558,-268.8401807642683,-367.7156758008889,-95.84375442540492,279.6021703045751,-424.4438494503379,198.48902948101738,70.20019767608753,-637.154634352515
628.2302991938955,-752.5785443996713,-518.0747406072719,963.4931442648484,-534.375181711202,-92.32580402988397,218.95913427545756,42.89465039645923,-213.0774877514323,451.50407231786863,900.8794192919344,-960.3678324861165,-357.7346849958844,545.242827437538,-705.5564452674843,-383.9189260982257,130.58064736185057,-2174.279180597497,-472.99874126945525,-57.05874317811412,-544.3301565722202,-296.2648499359152,-535.4066722902743,-732.6646690062416,-190.92594420276765,556.8087805135964,-843.4652438642544,395.97611280476826,139.32301034635972,-1267.5091855507221
-669.9638125403724,802.701974055089,553.1637626695607,-1028.2419535229956,569.9212237543546,98.10012711312102,-233.26440046748374,-46.269090433225635,227.2715463003331,-482.02929601861354,-960.3678324861165,1024.8525725819686,381.9831838989805,-581.6390848023552,753.2840889543651,409.32941845673884,-138.8557280467401,2320.4585192772256,504.6724616544712,60.732755022021095,581.0485514627952,315.8861201940743,571.0642945174429,781.8614167229276,203.5728553627136,-594.2027061018433,900.5997722218076,-422.3425986219421,-148.87076264145202,1352.9522985498058
-249.5968109147384,299.1850485240859,206.18541113992316,-383.2875317108739,212.36629545555448,36.594965914848004,-86.93418749548698,-17.362077258521456,84.61686773806505,-179.6536514093846,-357.7346849958844,381.9831838989805,142.45670202808722,-216.76255819335373,280.84063075485005,152.4935826231617,-51.62390140609841,864.8713832245166,188.07676151518825,22.579952662594874,216.5878413604958,117.7121345367574,212.80611952688238,291.4580168280494,75.89313155879287,-221.48827068545734,335.7062679754757,-157.41388323496875,-55.565842693300944,504.29232439735875
380.24219219391273,-455.6663453342889,-313.85060654411944,583.5960674520893,-323.4739900454569,-55.67583887637018,132.3438487284055,26.260830985116527,-129.05105803318918,273.68261196784465,545.242827437538,-581.6390848023552,-216.76255819335373,330.25702627517654,-427.5303484758993,-232.43129104269556,78.78386145306156,-1317.2052536833921,-286.6108292062723,-34.54039559780226,-329.7985452630088,-179.32832190967179,-324.3378274813174,-443.7827613470118,-115.70985632695846,337.29503563729605,-511.22135088066466,239.75673021843113,84.56290774738086,-768.03290773465
-492.20275945580573,589.7988999309621,406.7265189694522,-755.8155008865165,418.73570780663306,71.76502518126702,-171.11207651453492,-34.30574160435093,167.13442271774534,-354.59308014252866,-705.5564452674843,753.2840889543651,280.84063075485005,-427.5303484758993,553.9177454240067,300.79164036662974,-101.76607535682686,1706.0298377941253,371.1173196001255,44.65427158077661,427.23284275884623,232.05417030207553,419.8166222240867,574.7029224979336,149.65935602450352,-436.8247742425423,662.4288627034736,-310.3305325821907,-109.57387122152372,994.8913271019584
-267.695125634399,320.7387188765818,220.82492096127584,-410.68284578058336,227.72141405407666,39.267592461485464,-93.22686422350212,-18.365477534423416,90.84327382599916,-192.5481588632503,-383.9189260982257,409.32941845673884,152.4935826231617,-232.43129104269556,300.79164036662974,163.64183919980334,-55.56252045659914,926.8961868498441,201.69621887103088,24.338156566623105,232.04611233926005,126.2495695558272,228.26654699789,312.29375433040224,81.43245738509675,-237.36171851333359,359.66018669445947,-168.76062264790733,-59.44763221513333,540.3933564920073
91.08942581256136,-108.94377897550346,-74.81940620492453,139.23230780994655,-77.4174324137363,-13.612454118597357,31.962643452285455,5.874903251662472,-30.769833003600354,64.98312104388319,130.58064736185057,-138.8557280467401,-51.62390140609841,78.78386145306156,-101.76607535682686,-55.56252045659914,19.225212333889285,-313.9034518038232,-68.18097604807468,-8.244238587500632,-78.56723415552422,-42.93758611115933,-77.29630545684546,-105.87782124491278,-27.501674151522415,80.40755221339953,-121.47788023029425,57.31289605110038,19.93652157303325,-182.81759691213074
-1516.5995527085026,1817.0817603602131,1252.7001558073248,-2328.2001046911455,1290.1254541529709,221.19089806007847,-527.2645337389366,-105.26852619871805,515.0614559655576,-1092.2932555132315,-2174.279180597497,2320.4585192772256,864.8713832245166,-1317.2052536833921,1706.0298377941253,926.8961868498441,-313.9034518038232,5255.404579070897,1143.3628338306612,137.74219408706293,1315.973739455511,715.0141011467206,1293.519693156586,1770.2996359484748,461.16345232448214,-1345.6070458042743,2040.3741143285356,-956.0921878140623,-337.37730681005723,3064.627059127696
-329.78214401779456,395.19835947087006,272.4142530065311,-506.3725574646194,280.56898164123373,47.97324473069,-114.50804449321818,-22.958839353010582,112.12976448585565,-237.7802322776003,-472.99874126945525,504.6724616544712,188.07676151518825,-286.6108292062723,371.1173196001255,201.69621887103088,-68.18097604807468,1143.3628338306612,248.92994670265358,30.050200976474247,286.2676023831478,155.49866150022805,281.5458294702872,385.04309239564276,100.45257104081438,-292.73842305036,444.0248893186468,-207.94320711912758,-73.46553794549467,666.8213892089207
-39.7228604426718,47.53431925299628,32.78677290702673,-60.91640305224047,33.77049117355777,5.6740349923539055,-13.699999784340225,-2.730570503781168,13.59955979907757,-28.705457485628852,-57.05874317811412,60.732755022021095,22.579952662594874,-34.54039559780226,44.65427158077661,24.338156566623105,-8.244238587500632,137.74219408706293,30.050200976474247,3.683690003452343,34.472880036945845,18.70873076352496,33.968966148262325,46.31518381322847,12.113848313113088,-35.247365149437194,53.53518490114693,-25.012895254645944,-8.823472413547101,80.35705024808068
-379.72050627704107,454.9411221904988,313.7305800660626,-582.9793332139798,323.0064609829398,55.32841112942888,-131.98190535923186,-26.405729639630383,128.97376363686303,-273.51431434106945,-544.3301565722202,581.0485514627952,216.5878413604958,-329.7985452630088,427.23284275884623,232.04611233926005,-78.56723415552422,1315.973739455511,286.2676023831478,34.472880036945845,329.55777358589836,179.0081484174053,323.8626427746559,443.28323115601614,115.42986986152025,-336.9360223142879,510.94049811740894,-239.37559743415457,-84.47935884106568,767.4218443855553
-206.63991606609886,247.62626453261007,170.3586037472254,-316.94761096833685,175.79267115655603,30.53353373952856,-72.1512882030304,-14.111583837852248,69.97227238022238,-148.39429893536558,-296.2648499359152,315.8861201940743,117.7121345367574,-179.32832190967179,232.05417030207553,126.2495695558272,-42.93758611115933,715.0141011467206,155.49866150022805,18.70873076352496,179.0081484174053,97.49261770360808,176.06839422307618,241.02978852052928,62.81796384397456,-183.1331612668287,277.2782205400294,-130.29542342142895,-45.84838010198506,416.77732835543156
-373.3094856931637,447.3723632536446,308.14700218537916,-572.9979652746313,317.5782731857106,54.56328064376862,-129.82492091352213,-25.840478997119916,126.79867532758347,-268.8401807642683,-535.4066722902743,571.0642945174429,212.80611952688238,-324.3378274813174,419.8166222240867,228.26654699789,-77.29630545684546,1293.519693156586,281.5458294702872,33.968966148262325,323.8626427746559,176.06839422307618,318.5988797553537,435.73769631008724,113.68473758640471,-331.21166489932403,502.0875966892367,-235.40480831482577,-83.07541594029951,754.2833829358282
-511.0894517745205,612.4822257801183,421.9479681530485,-784.4916480254604,434.8040293847804,74.95259752291274,-178.01351158587534,-35.33803864542114,173.3249226962338,-367.7156758008889,-732.6646690062416,781.8614167229276,291.4580168280494,-443.7827613470118,574.7029224979336,312.29375433040224,-105.87782124491278,1770.2996359484748,385.04309239564276,46.31518381322847,443.28323115601614,241.02978852052928,435.73769631008724,596.5472038189482,155.39442674141242,-453.3461992312262,687.0293721751779,-322.264362005754,-113.64147565086516,1032.1756681475106
-133.0478933964975,159.6270312279224,109.7322608279672,-204.31701693849428,113.23435175635083,19.58747790339871,-46.34638885855055,-9.2237637454989,45.1311898427365,-95.84375442540492,-190.92594420276765,203.5728553627136,75.89313155879287,-115.70985632695846,149.65935602450352,81.43245738509675,-27.501674151522415,461.16345232448214,100.45257104081438,12.113848313113088,115.42986986152025,62.81796384397456,113.68473758640471,155.39442674141242,40.68367960074347,-118.1178535081843,178.9739177313727,-83.9914666158452,-29.706142565327323,268.89995234500793
388.36827444367333,-465.4023843750614,-320.7130692812545,596.1939402289648,-330.40275456480447,-56.80557348077958,135.14129404540242,26.915598415523505,-131.81185200584858,279.6021703045751,556.8087805135964,-594.2027061018433,-221.48827068545734,337.29503563729605,-436.8247742425423,-237.36171851333359,80.40755221339953,-1345.6070458042743,-292.73842305036,-35.247365149437194,-336.9360223142879,-183.1331612668287,-331.21166489932403,-453.3461992312262,-118.1178535081843,344.5724627398478,-522.3376958830396,244.87179972684308,86.39259855859227,-784.61898728532
-588.3263944754185,704.8531227408682,486.42971904986734,-903.625593379224,500.47079663794824,85.20642965678748,-204.0574223840402,-41.21998552275943,200.11996845126154,-424.4438494503379,-843.4652438642544,900.5997722218076,335.7062679754757,-511.22135088066466,662.4288627034736,359.66018669445947,-121.47788023029425,2040.3741143285356,444.0248893186468,53.53518490114693,510.94049811740894,277.2782205400294,502.0875966892367,687.0293721751779,178.9739177313727,-522.3376958830396,792.7050430159256,-370.8732981663805,-131.1021462509671,1190.088173332426
276.192553301127,-331.0143737874993,-227.81335763787152,423.77239087647365,-234.9711518839728,-40.71922015448932,96.35906482138573,18.958806912342826,-93.56606403303456,198.48902948101738,395.97611280476826,-422.3425986219421,-157.41388323496875,239.75673021843113,-310.3305325821907,-168.76062264790733,57.31289605110038,-956.0921878140623,-207.94320711912758,-25.012895254645944,-239.37559743415457,-130.29542342142895,-235.40480831482577,-322.264362005754,-83.9914666158452,244.87179972684308,-370.8732981663805,174.1695356892286,61.350014354629046,-557.3557435946411
97.15233625627835,-116.59085254355254,-80.35336317184343,149.43838117722012,-82.69920893211989,-14.150862933143596,33.72912030771419,6.9277838857627,-33.00142010707119,70.20019767608753,139.32301034635972,-148.87076264145202,-55.565842693300944,84.56290774738086,-109.57387122152372,-59.44763221513333,19.93652157303325,-337.37730681005723,-73.46553794549467,-8.823472413547101,-84.47935884106568,-45.84838010198506,-83.07541594029951,-113.64147565086516,-29.706142565327323,86.39259855859227,-131.1021462509671,61.350014354629046,21.797614504539442,-196.81056768462233
-884.0985609642082,1059.2559497588904,730.5238657016179,-1357.4804807217756,752.0726194174106,128.60519901759557,-307.0871711108106,-61.59296305173223,300.44372761027597,-637.154634352515,-1267.5091855507221,1352.9522985498058,504.29232439735875,-768.03290773465,994.8913271019584,540.3933564920073,-182.81759691213074,3064.627059127696,666.8213892089207,80.35705024808068,767.4218443855553,416.77732835543156,754.2833829358282,1032.1756681475106,268.89995234500793,-784.61898728532,1190.088173332426,-557.3557435946411,-196.81056768462233,1787.2707386539082
