V1,V2,V3,V4,V5,V6,V7,V8,V9,V10,V11,V12,V13,V14,V15,V16,V17,V18,V19,V20,V21,V22,V23,V24,V25,V26,V27,V28,V29,V30
1054.9026431417303,354.23605142273715,635.5257460435713,1257.6682435919147,-595.1446975825971,-2740.497537741656,59.56092349809235,507.8406029354349,95.55686067591405,971.9699766121032,80.04272179199843,-2077.6287146950704,-760.7646499937779,-827.2147096881376,1468.7575518730823,1533.299395539575,941.4808263715355,-57.13436048368648,168.6199566468286,783.6521222212148,1885.6490047516704,440.2367530910083,593.0872872514803,-1165.0562587164325,883.158386110143,-78.26115118988032,-176.88979333042647,2374.4563037232965,1852.8210000942163,-478.9688665058046
354.23605142273715,119.2776689186732,213.38869577431845,422.3219476238201,-199.7772085255936,-920.276162297673,19.918813309350092,170.30312459359422,32.25806747599151,326.2648339198625,26.78849083468168,-697.7838791759222,-255.63754108575625,-277.83350075900745,493.0532347025607,514.9818539652946,316.13831900941256,-19.137034803462193,56.67154296355823,262.92261878373154,633.1763291258544,147.94539299192527,198.9093061815296,-391.376250266712,296.64182239772003,-26.236913708760643,-59.549273540432004,797.4501978372517,622.1635380609152,-160.83884299157882
635.5257460435713,213.38869577431845,383.1532759981153,758.2801910499965,-358.7724908452483,-1651.7490141102905,35.92403382784325,305.8282402404335,58.06513335289257,585.3806036642873,48.19341264429808,-1252.2461733262392,-458.78808244680863,-498.6770762773135,884.9902605673564,924.3915120064697,567.7804209999838,-34.576570027657695,101.9091543030999,472.2847670635641,1136.5273764991152,265.38808786541637,357.48235432646095,-701.7710570689574,532.7031699346039,-47.11858484559786,-106.79935209690521,1431.0046659696577,1116.3500547867513,-288.92181207540756
1257.6682435919147,422.3219476238201,758.2801910499965,1500.8139751475921,-710.0636641421206,-3268.8956030260306,71.18620959959364,604.9961524014957,115.14458539472804,1158.3592533981837,95.38493734050161,-2478.297684024023,-908.173429186397,-987.0218025608815,1751.1811098955006,1829.4247111798786,1123.7692648282712,-68.44572826851285,201.7796498730198,934.5691404014109,2249.2103599272077,525.1759151002732,707.4797462178719,-1388.7965361712559,1054.288552411263,-93.1920248777929,-211.45567768423646,2832.0701994672822,2209.194397331899,-571.8131359428963
-595.1446975825971,-199.7772085255936,-358.7724908452483,-710.0636641421206,336.5013425057167,1547.7206879371527,-34.06322934664784,-286.49545844115715,-54.3735206219361,-548.6655631963121,-45.33484938915987,1173.3398956072153,429.7549624546566,467.07980842359603,-828.8780821679198,-865.7781620758831,-531.663926826997,32.4198420615878,-94.96857954803932,-442.72181681998296,-1064.7806932759106,-248.7609255872653,-335.0019575213426,657.7463191728433,-498.8525380533193,44.006520657753995,99.60098872477315,-1340.4351028170374,-1046.0046778457988,270.42367503214655
-2740.497537741656,-920.276162297673,-1651.7490141102905,-3268.8956030260306,1547.7206879371527,7123.60639190161,-155.5740963615387,-1319.0869979060637,-249.75854693315344,-2525.4522084785735,-208.1701140551005,5400.58918428361,1978.0251329788305,2150.1049740721683,-3816.3514901615754,-3985.617639129024,-2447.4217869217214,148.89965948457746,-437.91626411555563,-2037.1844427212982,-4901.257827984852,-1144.76207153919,-1541.5810189807564,3027.5616547796435,-2296.3994946924427,203.0146734870895,459.44036832163425,-6170.894292289046,-4814.847810781007,1245.1359734421126
59.56092349809235,19.918813309350092,35.92403382784325,71.18620959959364,-34.06322934664784,-155.5740963615387,3.8039653843199472,28.658932671032236,5.525424620516504,55.21912346680477,4.73839863755011,-117.8644757799721,-43.226749998596894,-46.91156851478072,82.89602334757765,86.77217063178911,53.27268823184285,-3.330869263344296,9.396762683956903,44.607348584972065,106.89571948721178,25.028050445485423,33.68108110736799,-66.15986604586533,49.938152590413495,-4.310778231331322,-9.749583693047802,134.4844666378754,105.1153734644153,-26.999481677030875
507.8406029354349,170.30312459359422,305.8282402404335,604.9961524014957,-286.49545844115715,-1319.0869979060637,28.658932671032236,244.99137262524138,45.43784911210084,468.2685033139248,38.61912270796897,-999.9020390364469,-365.70023804183984,-397.8944667364757,707.4015959031111,737.868064473591,452.8520256245855,-27.486951117808374,80.85912574584853,377.5632156114066,907.6926550195944,211.93849554385463,285.53174444981994,-560.9225475461685,424.88672645671653,-37.7919254968659,-84.76873286010108,1142.7640114970554,892.1071046252976,-230.41902349925232
95.55686067591405,32.25806747599151,58.06513335289257,115.14458539472804,-54.3735206219361,-249.75854693315344,5.525424620516504,45.43784911210084,9.854929360783094,87.59131314965946,7.154907517208746,-189.48939646424645,-70.04974061121251,-75.67825792600425,133.06515091942748,140.13247331158968,86.44538068848703,-5.4094011811603275,15.809558720797794,71.09640072497507,171.7729884707603,40.203712818778726,54.03440923326743,-105.4758284256622,81.20107181240174,-6.92254673840386,-16.579131141326755,216.19343273818532,168.01694842479176,-44.035903892780986
971.9699766121032,326.2648339198625,585.3806036642873,1158.3592533981837,-548.6655631963121,-2525.4522084785735,55.21912346680477,468.2685033139248,87.59131314965946,896.2226617810893,73.98386630481973,-1914.5028169589345,-700.6763207589333,-762.0093134134518,1353.4489115384388,1412.5481976916817,867.0109504775925,-52.619438142427455,154.81272544992785,722.5280021898595,1737.6245656903332,405.78140172366193,546.4854242998787,-1074.028976596759,813.440863900233,-72.11500894923124,-162.38580861888303,2187.8364058027055,1707.6839840113823,-441.00839285549483
80.04272179199843,26.78849083468168,48.19341264429808,95.38493734050161,-45.33484938915987,-208.1701140551005,4.73839863755011,38.61912270796897,7.154907517208746,73.98386630481973,6.213658109169376,-157.7432536006806,-57.716930372749175,-62.78103791576463,111.42859129665277,116.3004485430699,71.3652214966228,-4.377598481952337,12.722571018270534,59.65164347130525,143.17811144126148,33.445820642241834,45.05788210362751,-88.57029180579067,66.91002229648001,-5.91477877379066,-13.232448307174945,180.24487125632328,140.82981361725905,-36.2539365684985
-2077.6287146950704,-697.7838791759222,-1252.2461733262392,-2478.297684024023,1173.3398956072153,5400.58918428361,-117.8644757799721,-999.9020390364469,-189.48939646424645,-1914.5028169589345,-157.7432536006806,4094.4997425217684,1499.6732448853193,1630.1167554112865,-2893.2608382830094,-3021.688287052564,-1855.5165999976002,112.81985187679183,-331.9822035798456,-1544.3799345764678,-3715.8288729940427,-867.8653311397879,-1168.689112322735,2295.297791634763,-1741.155066964604,153.88953207526524,348.3835624485773,-4678.40285543951,-3650.1271594621107,944.0043884861548
-760.7646499937779,-255.63754108575625,-458.78808244680863,-908.173429186397,429.7549624546566,1978.0251329788305,-43.226749998596894,-365.70023804183984,-70.04974061121251,-700.6763207589333,-57.716930372749175,1499.6732448853193,549.8139561378244,597.3202164847086,-1059.1783116545575,-1107.0162043616635,-680.0421148188336,41.470634769413174,-122.14443935675709,-565.3708869466496,-1360.9185617121911,-317.8772189527938,-427.9481342039977,840.320467507664,-638.05893181579,56.28118082518643,128.01317197850705,-1713.5945991165854,-1336.5769243279076,346.0119541785235
-827.2147096881376,-277.83350075900745,-498.6770762773135,-987.0218025608815,467.07980842359603,2150.1049740721683,-46.91156851478072,-397.8944667364757,-75.67825792600425,-762.0093134134518,-62.78103791576463,1630.1167554112865,597.3202164847086,649.1987763950187,-1151.7392118889902,-1203.1657160152404,-739.0102746263672,44.973709111990935,-132.57563795668165,-614.6989834919314,-1479.363894538429,-345.43507283080845,-465.3075379464569,913.634222533995,-693.3173843957004,61.250808096399375,138.98298190280124,-1862.7606801897616,-1453.1402946157227,375.9745017238118
1468.7575518730823,493.0532347025607,884.9902605673564,1751.1811098955006,-828.8780821679198,-3816.3514901615754,82.89602334757765,707.4015959031111,133.06515091942748,1353.4489115384388,111.42859129665277,-2893.2608382830094,-1059.1783116545575,-1151.7392118889902,2045.5417141055748,2135.262980891257,1311.0391998659284,-79.59995044353667,234.4816208495151,1091.5565560925604,2625.973477508961,613.167938040478,826.0305570378586,-1622.1877904161124,1230.1063415945584,-109.00473885379716,-246.10619344325093,3306.2650236218697,2579.924776902628,-667.0668138177554
1533.299395539575,514.9818539652946,924.3915120064697,1829.4247111798786,-865.7781620758831,-3985.617639129024,86.77217063178911,737.868064473591,140.13247331158968,1412.5481976916817,116.3004485430699,-3021.688287052564,-1107.0162043616635,-1203.1657160152404,2135.262980891257,2230.500121397904,1369.7957145097655,-83.42504596855878,245.667224140405,1139.6971435844082,2742.4256324651483,640.5597364168947,862.31312040168,-1693.5612318223743,1285.457179036784,-113.69082096206016,-257.5031753536948,3452.863895162332,2693.677046678678,-697.0872147455844
941.4808263715355,316.13831900941256,567.7804209999838,1123.7692648282712,-531.663926826997,-2447.4217869217214,53.27268823184285,452.8520256245855,86.44538068848703,867.0109504775925,71.3652214966228,-1855.5165999976002,-680.0421148188336,-739.0102746263672,1311.0391998659284,1369.7957145097655,841.552323485419,-51.30334965781774,151.1387126061599,699.6678536282916,1683.96721327561,393.22476413929144,529.7561995916648,-1039.5566413846566,789.5236942039949,-69.7286686471685,-158.41321524662814,2120.2594962178696,1653.8175306014368,-428.23690575799424
-57.13436048368648,-19.137034803462193,-34.576570027657695,-68.44572826851285,32.4198420615878,148.89965948457746,-3.330869263344296,-27.486951117808374,-5.4094011811603275,-52.619438142427455,-4.377598481952337,112.81985187679183,41.470634769413174,44.973709111990935,-79.59995044353667,-83.42504596855878,-51.30334965781774,3.2381866942526614,-9.373730063839703,-42.615524331076735,-102.44398856656558,-23.982070351931448,-32.182392343905725,63.08483395239405,-48.14160078266101,4.237278325876858,9.659885934563356,-128.91021611958067,-100.54853550504339,26.147933308319256
168.6199566468286,56.67154296355823,101.9091543030999,201.7796498730198,-94.96857954803932,-437.91626411555563,9.396762683956903,80.85912574584853,15.809558720797794,154.81272544992785,12.722571018270534,-331.9822035798456,-122.14443935675709,-132.57563795668165,234.4816208495151,245.667224140405,151.1387126061599,-9.373730063839703,28.142731984423786,125.03960797966597,301.46612197312163,70.34866153833796,94.55780969322379,-185.69129715740888,141.7364452327536,-12.593622663828073,-28.907838092261965,379.8519590838724,295.97684299247754,-77.05234790188672
783.6521222212148,262.92261878373154,472.2847670635641,934.5691404014109,-442.72181681998296,-2037.1844427212982,44.607348584972065,377.5632156114066,71.09640072497507,722.5280021898595,59.65164347130525,-1544.3799345764678,-565.3708869466496,-614.6989834919314,1091.5565560925604,1139.6971435844082,699.6678536282916,-42.615524331076735,125.03960797966597,582.9793392111404,1401.7489666787271,327.41928397053414,440.85412031428024,-865.9122899332049,656.6748388711163,-58.15030286853513,-131.02741310768315,1764.6155888117432,1377.0739657220213,-356.0048500384073
1885.6490047516704,633.1763291258544,1136.5273764991152,2249.2103599272077,-1064.7806932759106,-4901.257827984852,106.89571948721178,907.6926550195944,171.7729884707603,1737.6245656903332,143.17811144126148,-3715.8288729940427,-1360.9185617121911,-1479.363894538429,2625.973477508961,2742.4256324651483,1683.96721327561,-102.44398856656558,301.46612197312163,1401.7489666787271,3372.3878734201003,787.6372160078158,1060.5681310376458,-2083.060404129625,1580.2208359717567,-139.79721532860222,-316.1702606709923,4245.965966724482,3312.800793115329,-856.8268007885486
440.2367530910083,147.94539299192527,265.38808786541637,525.1759151002732,-248.7609255872653,-1144.76207153919,25.028050445485423,211.93849554385463,40.203712818778726,405.78140172366193,33.445820642241834,-867.8653311397879,-317.8772189527938,-345.43507283080845,613.167938040478,640.5597364168947,393.22476413929144,-23.982070351931448,70.34866153833796,327.41928397053414,787.6372160078158,184.13725636763985,247.51018590372462,-486.5626314673911,369.133898892222,-32.62899177845147,-73.76610028632575,991.559110122661,773.7161583878252,-200.12256738961898
593.0872872514803,198.9093061815296,357.48235432646095,707.4797462178719,-335.0019575213426,-1541.5810189807564,33.68108110736799,285.53174444981994,54.03440923326743,546.4854242998787,45.05788210362751,-1168.689112322735,-427.9481342039977,-465.3075379464569,826.0305570378586,862.31312040168,529.7561995916648,-32.182392343905725,94.55780969322379,440.85412031428024,1060.5681310376458,247.51018590372462,334.1071841411901,-654.945913301678,496.79396434757643,-43.85664315790533,-99.40121528319804,1335.2404614820264,1041.821025242582,-269.39841174970366
-1165.0562587164325,-391.376250266712,-701.7710570689574,-1388.7965361712559,657.7463191728433,3027.5616547796435,-66.15986604586533,-560.9225475461685,-105.4758284256622,-1074.028976596759,-88.57029180579067,2295.297791634763,840.320467507664,913.634222533995,-1622.1877904161124,-1693.5612318223743,-1039.5566413846566,63.08483395239405,-185.69129715740888,-865.9122899332049,-2083.060404129625,-486.5626314673911,-654.945913301678,1287.5369622505764,-975.4159673820111,86.3540898365146,194.90126197640598,-2622.845590129645,-2046.9421288153058,528.7933414447891
883.158386110143,296.64182239772003,532.7031699346039,1054.288552411263,-498.8525380533193,-2296.3994946924427,49.938152590413495,424.88672645671653,81.20107181240174,813.440863900233,66.91002229648001,-1741.155066964604,-638.05893181579,-693.3173843957004,1230.1063415945584,1285.457179036784,789.5236942039949,-48.14160078266101,141.7364452327536,656.6748388711163,1580.2208359717567,369.133898892222,496.79396434757643,-975.4159673820111,741.2246271519556,-65.49211849602158,-148.52076236716178,1989.4006291656297,1551.5592891263207,-401.89760791523736
-78.26115118988032,-26.236913708760643,-47.11858484559786,-93.1920248777929,44.006520657753995,203.0146734870895,-4.310778231331322,-37.7919254968659,-6.92254673840386,-72.11500894923124,-5.91477877379066,153.88953207526524,56.28118082518643,61.250808096399375,-109.00473885379716,-113.69082096206016,-69.7286686471685,4.237278325876858,-12.593622663828073,-58.15030286853513,-139.79721532860222,-32.62899177845147,-43.85664315790533,86.3540898365146,-65.49211849602158,5.907818087509015,13.110966762104846,-176.03282937840655,-137.37982540438833,35.55090489672814
-176.88979333042647,-59.549273540432004,-106.79935209690521,-211.45567768423646,99.60098872477315,459.44036832163425,-9.749583693047802,-84.76873286010108,-16.579131141326755,-162.38580861888303,-13.232448307174945,348.3835624485773,128.01317197850705,138.98298190280124,-246.10619344325093,-257.5031753536948,-158.41321524662814,9.659885934563356,-28.907838092261965,-131.02741310768315,-316.1702606709923,-73.76610028632575,-99.40121528319804,194.90126197640598,-148.52076236716178,13.110966762104846,30.256846576514288,-398.32777921077644,-310.32797092833295,80.67786414626288
2374.4563037232965,797.4501978372517,1431.0046659696577,2832.0701994672822,-1340.4351028170374,-6170.894292289046,134.4844666378754,1142.7640114970554,216.19343273818532,2187.8364058027055,180.24487125632328,-4678.40285543951,-1713.5945991165854,-1862.7606801897616,3306.2650236218697,3452.863895162332,2120.2594962178696,-128.91021611958067,379.8519590838724,1764.6155888117432,4245.965966724482,991.559110122661,1335.2404614820264,-2622.845590129645,1989.4006291656297,-176.03282937840655,-398.32777921077644,5346.219279550999,4171.212621915506,-1078.7659451502227
1852.8210000942163,622.1635380609152,1116.3500547867513,2209.194397331899,-1046.0046778457988,-4814.847810781007,105.1153734644153,892.1071046252976,168.01694842479176,1707.6839840113823,140.82981361725905,-3650.1271594621107,-1336.5769243279076,-1453.1402946157227,2579.924776902628,2693.677046678678,1653.8175306014368,-100.54853550504339,295.97684299247754,1377.0739657220213,3312.800793115329,773.7161583878252,1041.821025242582,-2046.9421288153058,1551.5592891263207,-137.37982540438833,-310.32797092833295,4171.212621915506,3255.1691507570636,-841.3434564488733
-478.9688665058046,-160.83884299157882,-288.92181207540756,-571.8131359428963,270.42367503214655,1245.1359734421126,-26.999481677030875,-230.41902349925232,-44.035903892780986,-441.00839285549483,-36.2539365684985,944.0043884861548,346.0119541785235,375.9745017238118,-667.0668138177554,-697.0872147455844,-428.23690575799424,26.147933308319256,-77.05234790188672,-356.0048500384073,-856.8268007885486,-200.12256738961898,-269.39841174970366,528.7933414447891,-401.89760791523736,35.55090489672814,80.67786414626288,-1078.7659451502227,-841.3434564488733,218.02340425803752
