V1,V2,V3,V4,V5,V6,V7,V8,V9,V10,V11,V12,V13,V14,V15,V16,V17,V18,V19,V20,V21,V22,V23,V24,V25,V26,V27,V28,V29,V30
0.21788178192973917,-0.3860584221855452,0.3769610319644044,0.5822582483113448,-0.4186101973966864,-0.7711750543928898,0.12117609597010101,0.22464634410104353,-1.0732822093004397,0.8667046798642718,0.5383869000987322,-0.3192555604389971,0.33099467087824974,0.29617265356118544,-0.4754627407339569,-0.11417667311180688,0.6385280113134765,0.10295968674329724,0.30378318039623986,0.4444537155246978,-0.1860019720600543,-0.09052102686576101,-0.7488526237191011,0.7164644619906281,-0.17904826837347262,0.02812000119377996,0.45606981704123023,0.5917218230491674,-0.6543310176818626,-0.14818290521060085
-0.3860584221855452,1.4463954278913818,0.11602813419796117,0.6737877176397714,1.502370599091008,-0.03264125730407573,-0.37046946198036884,-0.7386883733908627,2.1495790571864744,-2.227135090244718,-2.2395054070779503,-0.43287554611013873,-1.8229525630183034,1.3883174134036989,1.5506704005842058,0.9694787422048539,-0.24298398271499008,-1.0878352844108439,-2.4932109106530254,0.24846704811563136,0.5110107251661794,-0.8882517017686402,1.0892581676578788,-1.7549036324897862,0.5571140625545149,1.8344670729797148,-0.063200520416532735,-1.3072055543430425,1.685155896095268,1.238598916306356
0.3769610319644044,0.11602813419796117,1.45835832632697,2.761181990148698,0.05795912409272485,-2.772936391506058,0.0494735830363639,0.03836673663106117,-1.602018371170325,0.7884591683140688,-0.3905130149173678,-1.5792035802539186,-0.6988544039499351,2.4797272549457507,-0.09432402716866976,0.5913748310314834,2.018310823776472,-0.7529305754364909,-1.484768425875381,1.8342982151390632,-0.1352240677887722,-1.2349735546773049,-1.5399488343776322,0.7403898376999758,-0.06311320913708374,1.9863433301394344,1.555060816647094,0.7576644259982487,-0.5914036196199689,0.7473247714361831
0.5822582483113448,0.6737877176397714,2.761181990148698,5.371367980118973,0.5829892658302169,-5.190742327321398,-0.02463150369718843,-0.16172888001732616,-2.3136971442347694,0.769291737968599,-1.437185026908919,-3.0870617615705394,-1.8816119140724574,5.071323833687943,0.3137537633823516,1.411142274881849,3.6938527120082836,-1.7503599349613903,-3.5616485832290463,3.5053639918218256,-0.09116111490771743,-2.5878544921193494,-2.5327715870398437,0.828700783534035,0.05812457672794966,4.290550372275947,2.8852110653709326,1.0024341167612516,-0.5724016268242538,1.7875244394280072
-0.4186101973966864,1.502370599091008,0.05795912409272485,0.5829892658302169,1.5632128424337661,0.08569733659807222,-0.38822547786228073,-0.7714901010464877,2.309375095904635,-2.355077667384191,-2.317070270604726,-0.3829485786102478,-1.8696424020295133,1.3397968250069403,1.620123567826667,0.984823714926045,-0.34036462964302017,-1.1011957469222478,-2.5342309245805197,0.17975176425620296,0.5383944564048679,-0.8723860724541056,1.2016681676617167,-1.8608602254068163,0.5833284373624752,1.8260581660370305,-0.13300124977882502,-1.3950316308015838,1.7817395924474901,1.2585580466562685
-0.7711750543928898,-0.03264125730407573,-2.772936391506058,-5.190742327321398,0.08569733659807222,5.297074156916774,-0.14304040805941756,-0.16996783231058635,3.343920950401206,-1.7986896810883914,0.45366993531701527,2.962527786586126,1.097645431785422,-4.55919489219016,0.38315210107616565,-1.0037955009556336,-3.890419858272523,1.297179723376392,2.512500943218044,-3.474341679252975,0.32536181290358007,2.2448618837330354,3.086569390479673,-1.6450238532175863,0.1935292819963617,-3.557581004655784,-2.9812561806206603,-1.619492434845412,1.3510669072161983,-1.2667431348580196
0.12117609597010101,-0.37046946198036884,0.0494735830363639,-0.02463150369718843,-0.38822547786228073,-0.14304040805941756,0.09921736005982262,0.19453762677097444,-0.6475538389170216,0.623296599256544,0.5620871562338693,0.026466213183935664,0.4367168850541301,-0.22616041062882958,-0.4091308357673406,-0.2202463639768405,0.17360434190671067,0.24225105119769888,0.568379484510201,0.035516527420904824,-0.14051709925417694,0.16391196838966499,-0.3679301057943412,0.49764525828308814,-0.14858686277841485,-0.3693539310563141,0.10145058257140976,0.3819563952477525,-0.47133253078379905,-0.2818338961936218
0.22464634410104353,-0.7386883733908627,0.03836673663106117,-0.16172888001732616,-0.7714901010464877,-0.16996783231058635,0.19453762677097444,0.3838323711532604,-1.217357311819568,1.2025750944321358,1.1295315015790341,0.11702130111985858,0.8937695004769166,-0.5494696035769131,-0.8066777264820246,-0.46052048323766476,0.2613823466045091,0.510721867755679,1.1867518541886344,-0.004659567133603476,-0.2728500359510663,0.3752384055209636,-0.6659289502150122,0.9556112590386493,-0.2917864709722644,-0.8129733730420746,0.1373841024349653,0.7257117104098356,-0.9095761656592007,-0.5889107898822976
-1.0732822093004397,2.1495790571864744,-1.602018371170325,-2.3136971442347694,2.309375095904635,3.343920950401206,-0.6475538389170216,-1.217357311819568,5.3675578997117865,-4.494182178863035,-3.070054958941515,1.2479893741203567,-2.032486647293981,-0.8369399691201218,2.5723815407557478,0.8118618650809982,-2.8565332574522566,-0.8015501574317802,-2.1320393030694857,-1.8525450976474518,0.9752337756408352,0.10496164225539116,3.611581772041669,-3.6871166528282,0.959975362448012,0.47411781154898014,-2.0044058802866056,-2.9989395116112076,3.3941654940580763,1.0472840950696638
0.8667046798642718,-2.227135090244718,0.7884591683140688,0.769291737968599,-2.355077667384191,-1.7986896810883914,0.623296599256544,1.2025750944321358,-4.494182178863035,4.074772787956071,3.307619657817923,-0.3642730186465707,2.4381252776007787,-0.5570312336456121,-2.5336707835551766,-1.1499999114357735,1.7342015116367469,1.2307553844699315,2.9815324324641637,0.8283490082822792,-0.9044552230164591,0.5910319990481672,-2.763323266963708,3.2902737604211394,-0.9297848672161554,-1.597182932808535,1.1385687979410595,2.5884757846066146,-3.079707594243121,-1.4747118199348495
0.5383869000987322,-2.2395054070779503,-0.3905130149173678,-1.437185026908919,-2.317070270604726,0.45366993531701527,0.5620871562338693,1.1295315015790341,-3.070054958941515,3.307619657817923,3.49818998631295,0.8949855975410763,2.9029580860082698,-2.494219192141966,-2.36913085736126,-1.57581689938001,0.07968435016278715,1.7812001519390022,4.0472831964251395,-0.6487328057987852,-0.7655733965805618,1.5446533832476776,-1.449732087174899,2.5889543401523816,-0.846912061797587,-3.1080044360682804,-0.1291710311862714,1.8984798436112797,-2.5034557592392654,-2.0120571906593865
-0.3192555604389971,-0.43287554611013873,-1.5792035802539186,-3.0870617615705394,-0.3829485786102478,2.962527786586126,0.026466213183935664,0.11702130111985858,1.2479893741203567,-0.3642730186465707,0.8949855975410763,1.7757419130693166,1.1345835151378925,-2.9398217802376156,-0.23096212072150366,-0.8375725986096397,-2.0992835045703195,1.0350696219170348,2.1155403169934353,-2.0082136377276716,0.03488691057048739,1.5061914279010464,1.4085045985257194,-0.41399035265982276,-0.05182869379638361,-2.5093223594932335,-1.6439594799873383,-0.528110193520701,0.27010302814486675,-1.0613244653519112
0.33099467087824974,-1.8229525630183034,-0.6988544039499351,-1.8816119140724574,-1.8696424020295133,1.097645431785422,0.4367168850541301,0.8937695004769166,-2.032486647293981,2.4381252776007787,2.9029580860082698,1.1345835151378925,2.5082937015195466,-2.652966700490357,-1.8709633512877701,-1.4177460244381002,-0.47090670348687036,1.6249068025065172,3.632264464433575,-1.0050918823250345,-0.5768450054352581,1.563304106588297,-0.752229335219879,1.8757311455714023,-0.6610411997507438,-3.013458726163848,-0.5153272301335388,1.3185869348132564,-1.8467772802137237,-1.8081703620911964
0.29617265356118544,1.3883174134036989,2.4797272549457507,5.071323833687943,1.3397968250069403,-4.55919489219016,-0.22616041062882958,-0.5494696035769131,-0.8369399691201218,-0.5570312336456121,-2.494219192141966,-2.9398217802376156,-2.652966700490357,5.203464297872252,1.1309298696304002,1.769996177304053,3.0973991238105447,-2.132132410042127,-4.492947265757612,3.203927872538601,0.20247954269745588,-2.7545913914955635,-1.6142173866338387,-0.2442419464803115,0.35854645841511973,4.766807405329195,2.4892467055388554,0.1550151050604482,0.42994567039427983,2.24791328279922
-0.4754627407339569,1.5506704005842058,-0.09432402716866976,0.3137537633823516,1.620123567826667,0.38315210107616565,-0.4091308357673406,-0.8066777264820246,2.5723815407557478,-2.5336707835551766,-2.36913085736126,-0.23096212072150366,-1.8709633512877701,1.1309298696304002,1.6954755957413663,0.9618488868627618,-0.5680835213725728,-1.065786257127776,-2.4790337882429605,-0.00747727271754838,0.5744488398468369,-0.7766388657965171,1.4134118407104581,-2.01442143845792,0.6135498505496211,1.6891162459300402,-0.30324001742546625,-1.5316340975768015,1.916313169482178,1.2300904773834356
-0.11417667311180688,0.9694787422048539,0.5913748310314834,1.411142274881849,0.984823714926045,-1.0037955009556336,-0.2202463639768405,-0.46052048323766476,0.8118618650809982,-1.1499999114357735,-1.57581689938001,-0.8375725986096397,-1.4177460244381002,1.769996177304053,0.9618488868627618,0.8318576699260443,0.5594173977680706,-0.9650856935067951,-2.1265051263733823,0.8096282149644866,0.2800577055787573,-1.0078413633225354,0.1533062441897479,-0.8639409682581896,0.33520775699547684,1.8814766108027885,0.5106142497811392,-0.570467885669833,0.8719810962153265,1.0598647927116378
0.6385280113134765,-0.24298398271499008,2.018310823776472,3.6938527120082836,-0.34036462964302017,-3.890419858272523,0.17360434190671067,0.2613823466045091,-2.8565332574522566,1.7342015116367469,0.07968435016278715,-2.0992835045703195,-0.47090670348687036,3.0973991238105447,-0.5680835213725728,0.5594173977680706,2.9065853496230636,-0.7533784779134114,-1.3879274113167408,2.5098063348760333,-0.33366005095571677,-1.4873204271362865,-2.4715017111265536,1.5339967306217774,-0.24519644615157324,2.278271479722018,2.204631958438393,1.4325743131204562,-1.304891642318117,0.7031598958025321
0.10295968674329724,-1.0878352844108439,-0.7529305754364909,-1.7503599349613903,-1.1011957469222478,1.297179723376392,0.24225105119769888,0.510721867755679,-0.8015501574317802,1.2307553844699315,1.7812001519390022,1.0350696219170348,1.6249068025065172,-2.132132410042127,-1.065786257127776,-0.9650856935067951,-0.7533784779134114,1.123955768961066,2.4653426545208212,-1.0203569740155465,-0.303381073044712,1.2026448000201349,-0.07166926351357042,0.9150739875828547,-0.36948280794601807,-2.224589936104486,-0.6691605383586693,0.586922362591714,-0.9336282966313597,-1.2292142473791645
0.30378318039623986,-2.4932109106530254,-1.484768425875381,-3.5616485832290463,-2.5342309245805197,2.512500943218044,0.568379484510201,1.1867518541886344,-2.1320393030694857,2.9815324324641637,4.0472831964251395,2.1155403169934353,3.632264464433575,-4.492947265757612,-2.4790337882429605,-2.1265051263733823,-1.3879274113167408,2.4653426545208212,5.436756447690532,-2.0369572705516545,-0.7246117262572213,2.562899307468563,-0.4347676747715174,2.243734319664226,-0.86473823609095,-4.792814671489283,-1.2743110846480583,1.4885448652975573,-2.2605630923023665,-2.709526910659789
0.4444537155246978,0.24846704811563136,1.8342982151390632,3.5053639918218256,0.17975176425620296,-3.474341679252975,0.035516527420904824,-0.004659567133603476,-1.8525450976474518,0.8283490082822792,-0.6487328057987852,-2.0082136377276716,-1.0050918823250345,3.203927872538601,-0.00747727271754838,0.8096282149644866,2.5098063348760333,-1.0203569740155465,-2.0369572705516545,2.314463509853017,-0.1328589426720074,-1.6096878457646464,-1.850471834097362,0.8018505657515402,-0.039279371212609396,2.6179872137524876,1.942593712763073,0.8554194625443948,-0.6202797606620082,1.024093547930732
-0.1860019720600543,0.5110107251661794,-0.1352240677887722,-0.09116111490771743,0.5383944564048679,0.32536181290358007,-0.14051709925417694,-0.2728500359510663,0.9752337756408352,-0.9044552230164591,-0.7655733965805618,0.03488691057048739,-0.5768450054352581,0.20247954269745588,0.5744488398468369,0.2800577055787573,-0.33366005095571677,-0.303381073044712,-0.7246117262572213,-0.1328589426720074,0.2019692513883016,-0.17230082793138485,0.5827310691452111,-0.7271637173445261,0.20993800011768038,0.4244559260524903,-0.21205371685752428,-0.5667255413847847,0.6837234941801196,0.35879823770812397
-0.09052102686576101,-0.8882517017686402,-1.2349735546773049,-2.5878544921193494,-0.8723860724541056,2.2448618837330354,0.16391196838966499,0.3752384055209636,0.10496164225539116,0.5910319990481672,1.5446533832476776,1.5061914279010464,1.563304106588297,-2.7545913914955635,-0.7766388657965171,-1.0078413633225354,-1.4873204271362865,1.2026448000201349,2.562899307468563,-1.6096878457646464,-0.17230082793138485,1.4800597024026265,0.637963059765015,0.3700546324016118,-0.2555549749898024,-2.603603842608016,-1.2141140363171745,0.11008595442359463,-0.45136436543415626,-1.2810162473686666
-0.7488526237191011,1.0892581676578788,-1.5399488343776322,-2.5327715870398437,1.2016681676617167,3.086569390479673,-0.3679301057943412,-0.6659289502150122,3.611581772041669,-2.763323266963708,-1.449732087174899,1.4085045985257194,-0.752229335219879,-1.6142173866338387,1.4134118407104581,0.1533062441897479,-2.4715017111265536,-0.07166926351357042,-0.4347676747715174,-1.850471834097362,0.5827310691452111,0.637963059765015,2.6478420705089474,-2.311167232560986,0.5406214692722258,-0.6839510289452736,-1.7996693879702859,-1.953080277873552,2.08504180013173,0.20508454454934782
0.7164644619906281,-1.7549036324897862,0.7403898376999758,0.828700783534035,-1.8608602254068163,-1.6450238532175863,0.49764525828308814,0.9556112590386493,-3.6871166528282,3.2902737604211394,2.5889543401523816,-0.41399035265982276,1.8757311455714023,-0.2442419464803115,-2.01442143845792,-0.8639409682581896,1.5339967306217774,0.9150739875828547,2.243734319664226,0.8018505657515402,-0.7271637173445261,0.3700546324016118,-2.311167232560986,2.665051106136018,-0.7414990751248363,-1.1073427198372512,1.0253946077304623,2.110526994418065,-2.4864258416599534,-1.1087579549859106
-0.17904826837347262,0.5571140625545149,-0.06311320913708374,0.05812457672794966,0.5833284373624752,0.1935292819963617,-0.14858686277841485,-0.2917864709722644,0.959975362448012,-0.9297848672161554,-0.846912061797587,-0.05182869379638361,-0.6610411997507438,0.35854645841511973,0.6135498505496211,0.33520775699547684,-0.24519644615157324,-0.36948280794601807,-0.86473823609095,-0.039279371212609396,0.20993800011768038,-0.2555549749898024,0.5406214692722258,-0.7414990751248363,0.22260616369189096,0.5697603906852932,-0.1404114044478119,-0.5676706769158475,0.7031337517990801,0.4288698634960498
0.02812000119377996,1.8344670729797148,1.9863433301394344,4.290550372275947,1.8260581660370305,-3.557581004655784,-0.3693539310563141,-0.8129733730420746,0.47411781154898014,-1.597182932808535,-3.1080044360682804,-2.5093223594932335,-3.013458726163848,4.766807405329195,1.6891162459300402,1.8814766108027885,2.278271479722018,-2.224589936104486,-4.792814671489283,2.6179872137524876,0.4244559260524903,-2.603603842608016,-0.6839510289452736,-1.1073427198372512,0.5697603906852932,4.661015093372163,1.9000136885033594,-0.5631836237146692,1.2150813412925292,2.393338544340011
0.45606981704123023,-0.063200520416532735,1.555060816647094,2.8852110653709326,-0.13300124977882502,-2.9812561806206603,0.10145058257140976,0.1373841024349653,-2.0044058802866056,1.1385687979410595,-0.1291710311862714,-1.6439594799873383,-0.5153272301335388,2.4892467055388554,-0.30324001742546625,0.5106142497811392,2.204631958438393,-0.6691605383586693,-1.2743110846480583,1.942593712763073,-0.21205371685752428,-1.2141140363171745,-1.7996693879702859,1.0253946077304623,-0.1404114044478119,1.9000136885033594,1.6824873170098813,0.9857643042822194,-0.8559159163121571,0.6435161869126286
0.5917218230491674,-1.3072055543430425,0.7576644259982487,1.0024341167612516,-1.3950316308015838,-1.619492434845412,0.3819563952477525,0.7257117104098356,-2.9989395116112076,2.5884757846066146,1.8984798436112797,-0.528110193520701,1.3185869348132564,0.1550151050604482,-1.5316340975768015,-0.570467885669833,1.4325743131204562,0.586922362591714,1.4885448652975573,0.8554194625443948,-0.5667255413847847,0.11008595442359463,-1.953080277873552,2.110526994418065,-0.5676706769158475,-0.5631836237146692,0.9857643042822194,1.694817171881836,-1.9554789084427358,-0.7337132781291326
-0.6543310176818626,1.685155896095268,-0.5914036196199689,-0.5724016268242538,1.7817395924474901,1.3510669072161983,-0.47133253078379905,-0.9095761656592007,3.3941654940580763,-3.079707594243121,-2.5034557592392654,0.27010302814486675,-1.8467772802137237,0.42994567039427983,1.916313169482178,0.8719810962153265,-1.304891642318117,-0.9336282966313597,-2.2605630923023665,-0.6202797606620082,0.6837234941801196,-0.45136436543415626,2.08504180013173,-2.4864258416599534,0.7031337517990801,1.2150813412925292,-0.8559159163121571,-1.9554789084427358,2.3276543032444703,1.1181539942078778
-0.14818290521060085,1.238598916306356,0.7473247714361831,1.7875244394280072,1.2585580466562685,-1.2667431348580196,-0.2818338961936218,-0.5889107898822976,1.0472840950696638,-1.4747118199348495,-2.0120571906593865,-1.0613244653519112,-1.8081703620911964,2.24791328279922,1.2300904773834356,1.0598647927116378,0.7031598958025321,-1.2292142473791645,-2.709526910659789,1.024093547930732,0.35879823770812397,-1.2810162473686666,0.20508454454934782,-1.1087579549859106,0.4288698634960498,2.393338544340011,0.6435161869126286,-0.7337132781291326,1.1181539942078778,1.3504036283047158
