V1,V2,V3,V4,V5,V6,V7,V8,V9,V10,V11,V12,V13,V14,V15,V16,V17,V18,V19,V20,V21,V22,V23,V24,V25,V26,V27,V28,V29,V30,V31,V32,V33,V34,V35,V36,V37,V38,V39,V40,V41,V42,V43,V44,V45,V46,V47,V48,V49,V50,V51,V52,V53,V54,V55,V56
87.94700457817015,114.8572625596287,8.053060605980777,-28.64292895261805,49.60542549474693,-335.16772078643373,251.70801828764556,121.3204867350674,82.92193013688065,46.061691650163624,-20.89993769143155,128.41605121761935,-68.09812669365677,-107.45381716655564,-133.82801871520107,-4.800444876932061,-145.46752295052084,-182.7245446977347,52.42231641935039,54.836554400663786,-5.566961659948145,390.4989971852847,72.8716047554921,31.919064255485942,200.49619937292937,-95.75192361493191,20.42663311862197,-53.159585895959395,230.1237753097587,75.72884877307274,-140.26367847366672,-169.48558688889264,13.373732663674119,212.7048134958145,-270.6440727857589,5.235261703083041,200.20329210038938,56.36419620482344,90.30501385137703,45.17743810994935,-49.81526530262338,223.11908184327967,-35.47218684660673,3.028340584312934,-133.04804441926322,-60.128998734406785,88.79440708452701,-56.71166377435062,103.62054226998117,10.293979309825092,96.76541617447445,78.69614169393928,34.901971262551655,49.42426320522482,-15.546696366751535,-206.2181537930467
114.8572625596287,150.94405439940041,9.803775026175243,-36.92262464502787,65.71197551173762,-442.4671599327789,331.4655585462545,159.63018905498762,109.11891587442209,60.70857000756015,-27.798261926940025,169.2715721293362,-89.70156508891125,-141.611354142561,-175.84387240069336,-6.089836846910737,-191.766471068546,-241.53386144606372,68.50857492794017,71.79468327459199,-8.141753149308759,514.5183242318467,95.89546714472223,41.31456667208788,263.826832871439,-126.600144687561,26.665314698008316,-70.39319257724054,303.5311574602242,99.7535982083792,-185.55664269621013,-223.45629632270555,17.421431912454533,281.3120431364961,-357.39936442965177,6.809592423398222,264.5754708519633,73.1717574234415,118.51392777342649,59.420593870597735,-65.52424116846784,293.57368249653774,-46.57812831136872,4.866965657522436,-174.9123703196673,-78.83445054353223,115.78383789750848,-75.498984115892,136.56741171940703,13.997531253366063,128.06171277960735,103.0276537863362,45.7179987587615,64.97805928486146,-20.48398393608537,-272.5642200147723
8.053060605980777,9.803775026175243,1.3776288231894198,-3.0040849899245043,3.670676264472958,-26.525775055979008,20.41789469244587,9.79915587380709,6.887514557022838,3.8234176888813587,-1.385070683180972,10.569034922497865,-5.867543636986485,-8.709424670482266,-11.226194664363373,-0.47723728075393435,-11.704601968580079,-14.515014936669797,4.803361462531608,4.757652746492133,0.30876185999265726,31.603725236829327,6.033055463184266,3.3282959557658707,16.347102310361098,-7.383868082486639,1.6767088501567948,-4.033407583612282,18.27993391487859,6.289962198830062,-10.758650810829963,-13.455485128232628,1.1908412571154274,16.59135494971532,-21.78072869857924,0.3756971482179614,15.41071705866353,5.382196434288431,7.741976219055258,3.722379593010532,-4.029431279234211,18.519786621855104,-2.922786096606787,-0.6077407450277074,-10.978994064230319,-5.1163430090005795,8.256795501829862,-4.091659197223407,8.318535463693195,0.6683285731710199,7.490685812757579,6.949813418066579,2.916792191474718,4.116569718779891,-1.0214601029735946,-16.0365943857548
-28.64292895261805,-36.92262464502787,-3.0040849899245043,9.586071107058679,-15.633821981609687,106.57967685492433,-80.4669337436051,-38.86016986443447,-26.570086882899535,-14.686447527444344,6.494374586652172,-41.003953394111534,21.77897802807019,34.263135504677344,42.98357984191168,1.6599684373523422,46.383998515881686,57.95468295338324,-17.073070597115283,-17.74634954619079,1.3529136343964743,-124.64879722591371,-23.344854964247435,-10.600040136382633,-64.1847745788361,30.304099572783066,-6.629579296628355,16.769706507553003,-73.30766662926462,-24.205251169400416,44.39783221245807,54.0454619080645,-4.388321086389127,-67.36204061295132,86.00835282836665,-1.7155713172692677,-63.481290108184986,-18.5737938352687,-29.066613452298302,-14.455428949545409,15.956978546169553,-71.4516920468256,11.39265405779896,-0.49416662675661416,42.694501955439044,19.413467643044907,-29.03015497641915,17.690557598906604,-33.06269798260355,-3.073887298083422,-30.603173798039048,-25.468458376381303,-11.288224041487943,-15.849286503953664,4.941241485147763,65.37614904057307
49.60542549474693,65.71197551173762,3.670676264472958,-15.633821981609687,29.242852463213996,-194.86838423424655,145.67716010874906,70.23291369971658,47.72226972571715,26.59447652339526,-12.636176212840482,74.02939642797575,-38.92288351013842,-62.30691248347157,-76.97562440653546,-2.6370803071410798,-84.36373906887844,-106.15520702628658,29.491535284920438,31.329738956011763,-4.2310654295925625,226.24165681302247,41.974653104650976,17.442091488352645,115.96652703757198,-56.06030101819645,11.849974228309028,-31.208620667611697,133.71199154980576,43.61592491893461,-82.00500950047726,-98.46169169293353,7.550197817201503,124.0340191601484,-156.90602970115637,3.089476402671861,117.06540924457128,31.52310295556432,51.76623425155654,26.148954883214945,-28.862953906623037,128.60667057984557,-20.517760861178193,2.9183744314401143,-76.72437192367958,-34.446761007647346,49.858760545790204,-33.55356707817183,60.09963432812866,6.155346636563158,56.49528617220264,44.81858958833468,20.062445353011384,28.485703150537503,-9.364928968426694,-120.3599109739399
-335.16772078643373,-442.4671599327789,-26.525775055979008,106.57967685492433,-194.86838423424655,1305.0063582884059,-976.4308494348958,-470.51897640386454,-320.63830428820893,-178.4972082034489,83.3196795556469,-497.4343274213828,262.49377561357045,417.34130854503394,516.8482454352657,17.7858905539447,565.1955679969461,711.647568215591,-199.63325983420347,-210.63894237700663,26.412918314725722,-1516.0066847432518,-281.90107577766577,-119.10255578986086,-777.182276170983,374.4018784374152,-78.94310720697175,208.32768072152348,-895.306425743853,-293.07113156255497,548.336966820478,659.208261516835,-50.9521318481462,-830.2341738284853,1052.3348168539571,-20.395411941224406,-782.2347517992752,-213.16546700213908,-347.88657350817135,-175.09411448865924,193.23079239231282,-863.2691822805714,137.32281328586663,-17.200593414358774,514.710932319174,231.49731323489178,-337.36723447209187,223.7972136748887,-402.5865051106539,-41.324196166813614,-378.0754632499737,-301.759697327777,-134.55217049575143,-191.1254402946481,61.59375227909124,805.0111981452868
251.70801828764556,331.4655585462545,20.41789469244587,-80.4669337436051,145.67716010874906,-976.4308494348958,731.5254986836424,352.8969101375359,240.17663068920004,133.41902623380983,-62.208304617045606,372.1620192293493,-196.07033724078548,-312.32869520919905,-387.4200295517052,-13.700542029583618,-423.1039563759094,-531.7241381698311,149.8966961886856,158.1843334432461,-19.311662708280426,1135.1297763907246,211.17738459607995,89.59755667375623,582.4987888865801,-279.9010907891232,59.551528637605564,-155.6280721138615,670.3292065170253,219.27832833353264,-410.01047916295414,-493.79994763236834,38.455274526236856,620.4580896763571,-786.5067771671663,15.546768737572076,585.307772236798,160.63372016021185,260.7510562445709,131.1522931019335,-144.927769624455,646.5372635713887,-103.03967578270202,12.382689076994222,-385.9646366234905,-173.81955516680875,253.59875649190695,-166.6999895320736,301.4986583840401,30.316800996138458,282.46815972332286,226.4039510821057,101.2068974473737,143.21406094340864,-46.46418932159985,-602.0027751771694
121.3204867350674,159.63018905498762,9.79915587380709,-38.86016986443447,70.23291369971658,-470.51897640386454,352.8969101375359,170.59195414023426,115.75939449659495,64.0384581951253,-29.976701282184067,179.10106963550876,-93.93032378298453,-150.35347750109065,-186.79757666457783,-6.852216478214789,-203.89303609711106,-255.6271408157732,72.27010365803159,76.38894981256526,-9.460755764496502,547.0767559678437,101.80249084024865,43.040229307714,281.113620193665,-134.74851923116654,28.99422604807037,-74.87785287398178,323.30594014284276,105.47683526804775,-197.59872852119227,-238.3696866747154,18.72612194139534,298.5541196836531,-378.0739469084018,7.7396610904598395,282.29900114651673,77.67666455027097,125.56960919625867,63.16379657921708,-70.03635663760672,311.43562472200915,-49.769907191551695,6.139490714150021,-186.35637032687126,-84.0093380111201,122.3628766803762,-79.98738760487667,145.41084437554633,14.260508196350557,135.90129217452804,109.07925877942036,49.08782488691767,69.02197456399335,-22.78886669073845,-289.9813901923664
82.92193013688065,109.11891587442209,6.887514557022838,-26.570086882899535,47.72226972571715,-320.63830428820893,240.17663068920004,115.75939449659495,78.97123157541226,43.89720178842272,-20.26926422674283,122.45242174097416,-64.70878052541717,-102.5693654499918,-127.29591933076432,-4.447127478037091,-138.9363238775323,-174.84392598723937,49.43454814550015,51.96426985050409,-6.139095455154461,372.7480449792902,69.4163647832717,29.669824729824658,191.19172458151792,-91.81307619862395,19.41390656926922,-51.05441899431682,220.0232570803032,72.14888452600518,-134.5620787533406,-162.02670817394448,12.623522697197219,203.8175578778792,-258.6531618629123,5.011798464018684,191.95016151158097,52.849396677738646,85.72673817585965,43.04462851993511,-47.52247593738024,212.49554787747078,-33.77629163878216,3.810722017581017,-126.72339744022717,-57.088475842457235,83.56964291332943,-54.74251339998158,98.97386713649904,10.073884228149801,92.79077003704536,74.47547241279048,33.168334920523236,47.045923623524686,-15.03105270130165,-197.59703212037488
46.061691650163624,60.70857000756015,3.8234176888813587,-14.686447527444344,26.59447652339526,-178.4972082034489,133.41902623380983,64.0384581951253,43.89720178842272,24.64274401161323,-11.381995157585292,68.25278932969981,-36.36457582891659,-57.27364206906034,-70.7822563897244,-2.283996283932506,-77.36503590839848,-97.735912842990885,27.39312711417741,28.80758244679179,-3.3287596971347146,207.5262878624053,38.58015480522552,16.553824843546597,106.15907477671801,-51.29978193330828,10.640562878610433,-28.555903745005146,122.28953392760293,40.27288830907847,-74.9017634814101,-89.89473140227832,6.854639163285563,113.79633967538719,-144.63929754378438,2.6168147801988155,106.75905999553007,29.19595603558744,47.802115504104584,24.039304173417726,-26.328031825268567,118.37380638236456,-18.7537404036955,2.0465808965227996,-70.25790185783792,-31.573862210376518,46.28736235022266,-30.757519718936866,55.01661243284376,5.833252835747398,51.81564876478792,41.47231682745969,18.224812314631148,26.19420458315481,-8.13407331968101,-110.1450892132553
-20.89993769143155,-27.798261926940025,-1.385070683180972,6.494374586652172,-12.636176212840482,83.3196795556469,-62.208304617045606,-29.976701282184067,-20.26926422674283,-11.381995157585292,5.617955586796312,-31.437541818716483,16.464811435466356,26.723353097791136,32.80837078439933,1.0947935252516146,36.089045883281436,45.322455968081464,-12.333888642115081,-13.327984858422715,1.9665248450757018,-96.76967092547432,-17.846554580501437,-7.226108369646418,-49.562110667196755,24.16619790733333,-5.1441995546136345,13.459557613741026,-57.18658510971012,-18.55256718811435,35.13263398849107,42.092343993813365,-3.153138381665183,-53.10646088154943,66.99213050876384,-1.3390169946582804,-50.27133861479777,-13.286235959618509,-22.077841874032416,-11.247832925066357,12.35772314085356,-54.84663456935072,8.818591119167742,-1.4677982794123516,32.699869371683405,14.627936464206282,-20.91716815595619,14.469359973519284,-25.6958941529559,-2.6053712657230554,-24.18979598834588,-19.04842812216808,-8.539213455161299,-12.168576073180418,4.135269384518981,51.62020393069405
128.41605121761935,169.2715721293362,10.569034922497865,-41.003953394111534,74.02939642797575,-497.4343274213828,372.1620192293493,179.10106963550876,122.45242174097416,68.25278932969981,-31.437541818716483,190.13257957495938,-100.7748241396205,-159.15220264890027,-197.24405739464154,-6.675148006537831,-215.47021271632602,-271.7592561631935,76.57559964749248,80.38119401019772,-9.558622846554632,577.9775331806052,107.61834162039777,45.993049738346606,296.1246590917858,-142.52200194412453,29.820055188205746,-79.30593714860358,341.07304547330784,112.03694443915485,-208.8131044218605,-251.00780315874923,19.412508567244146,316.60091629978166,-401.9699927702997,7.5733048005746415,297.6201590260033,81.56314728485114,132.90331504637456,66.73508108084076,-73.52661189595227,329.55457699108604,-52.24785379972144,5.935514335612998,-196.1968570246905,-88.29140433696502,129.308169126903,-85.28047453550809,153.40659342954706,15.9740544874911,144.16882321282398,115.38371359947348,51.161093135683515,72.91960539470557,-22.99634878970329,-306.6612226457634
-68.09812669365677,-89.70156508891125,-5.867543636986485,21.77897802807019,-38.92288351013842,262.49377561357045,-196.07033724078548,-93.93032378298453,-64.70878052541717,-36.36457582891659,16.464811435466356,-100.7748241396205,54.01012745895195,84.19835084532848,104.14895233395863,3.2565928086081777,113.73839242155356,144.15346103739373,-40.60488676169981,-42.3486863476154,4.61994023909819,-305.07225821068243,-56.8360631547179,-24.70253599616179,-155.89203469812006,75.26289089541184,-15.376089038870814,41.91314429965136,-179.64922317153622,-59.44964514717674,110.05215857679804,131.9663260266139,-10.063505205893915,-167.50133590319226,213.34610725442764,-3.6844601893949016,-156.58041087248486,-43.00857642103459,-70.40084922369323,-35.2807958505103,38.580135880974716,-174.307232351642,27.449618065023547,-2.6453687304889937,103.23551816560337,46.41171329065934,-68.4704353000318,45.27521856915445,-80.83286814593131,-8.814444978428899,-76.27991125915158,-61.13130975566687,-26.66648079743783,-38.52412098853265,11.56918850702797,161.84037537392103
-107.45381716655564,-141.611354142561,-8.709424670482266,34.263135504677344,-62.30691248347157,417.34130854503394,-312.32869520919905,-150.35347750109065,-102.5693654499918,-57.27364206906034,26.723353097791136,-159.15220264890027,84.19835084532848,133.71366724510582,165.4934952527661,5.62729655183693,180.87095831384306,227.7360088544801,-63.901276808998134,-67.46904457481253,8.150398073595872,-485.2142914061177,-90.17973483742577,-38.33031982673078,-248.64982518581465,119.87442520444439,-25.265434678685985,66.68594465441183,-286.28003098394436,-93.84646196566322,175.2355955141794,210.69723891310753,-16.226233260924047,-265.5897835606462,336.9300995347393,-6.4410251537960965,-250.0680206150732,-68.3893003671233,-111.54859426254278,-56.15792350368848,61.79722336634192,-276.43599499181283,43.98996795446081,-5.210326206775829,164.623854599847,74.04459092175358,-108.09497145573185,71.59004618870506,-128.77105945483976,-13.218361851265566,-120.92039216442038,-96.78577718973762,-42.97244767183472,-61.21983589696615,19.593075947491844,257.48731508045535
-133.82801871520107,-175.84387240069336,-11.226194664363373,42.98357984191168,-76.97562440653546,516.8482454352657,-387.4200295517052,-186.79757666457783,-127.29591933076432,-70.7822563897244,32.80837078439933,-197.24405739464154,104.14895233395863,165.4934952527661,205.41155547557906,7.25413963617517,224.07663667647722,281.5937344834735,-79.67698843595109,-83.93681265065418,9.76974192628245,-601.2634121426618,-111.91369581674985,-47.89173937876216,-308.5313007254646,148.10582591362575,-31.51391433522446,82.31878693872754,-354.80694992871366,-116.26711754911507,216.83075558561185,261.32016021901126,-20.38124722512673,-328.37763000333115,416.70166335618245,-8.15977824633866,-309.5477960445789,-85.491308827162,-138.3860870174029,-69.53113929506574,76.72962765091786,-342.7431068782848,54.5965308727844,-6.051658072121998,204.47684833255568,92.15286440218134,-134.86705522759954,88.09156461892414,-159.6362028264231,-16.023713500075594,-149.46558343693192,-120.25798828007815,-53.59300547132034,-75.92613522990175,24.414347550257254,318.5362379542282
-4.800444876932061,-6.089836846910737,-0.47723728075393435,1.6599684373523422,-2.6370803071410798,17.7858905539447,-13.700542029583618,-6.852216478214789,-4.447127478037091,-2.283996283932506,1.0947935252516146,-6.675148006537831,3.2565928086081777,5.62729655183693,7.25413963617517,0.4469161272260395,7.752902273099578,9.26046870714671,-2.8686686116398286,-3.07744250199264,0.32577251517473294,-20.8786558332947,-3.9219688328341977,-1.6778944898420207,-11.007459407433238,4.980564625634749,-1.316642556382095,2.7250799206038363,-12.433729863376625,-3.9106847533188125,7.423005670044266,9.304594248564868,-0.8623285531627665,-10.94893909838836,13.724717477165596,-0.4555314546355516,-10.773001596319082,-3.2906638816491873,-4.805997497667919,-2.397304416646185,2.801784134768422,-11.854673601231953,1.9876808145205884,-0.19718938388464274,7.378214157148123,3.410085881413829,-4.950244294217688,2.7203625995641607,-5.60579788708818,-0.27024867632958316,-4.960561219897057,-4.245109475957462,-2.101056437565044,-2.6561384868126066,1.1015050465637513,10.841397420707228
-145.46752295052084,-191.766471068546,-11.704601968580079,46.383998515881686,-84.36373906887844,565.1955679969461,-423.1039563759094,-203.89303609711106,-138.9363238775323,-77.36503590839848,36.089045883281436,-215.47021271632602,113.73839242155356,180.87095831384306,224.07663667647722,7.752902273099578,244.88015160939372,308.1379455506451,-86.59599839394754,-91.38903544197552,11.215692445006235,-656.9145394127347,-122.15481852063971,-51.790161174830104,-336.8372484870829,162.16522667052317,-34.2907370841705,90.20355757972763,-387.82347764540015,-126.98489627278137,237.37558780243123,285.5593636021531,-22.102999093299193,-359.46368168180095,455.7733313494523,-8.851924749545393,-338.7430057665695,-92.64483781901103,-150.89005679989938,-75.9316688232355,83.75589222273686,-374.1660594429862,59.56274477625915,-7.21996366288244,223.0957797027032,100.38673569670682,-146.4421174044021,96.78657823398575,-174.42345407236058,-17.782584230034182,-163.66765637682786,-130.94113050381702,-58.352798044808736,-82.86075735178716,26.699471032110345,348.6021861185414
-182.7245446977347,-241.53386144606372,-14.515014936669797,57.95468295338324,-106.15520702628658,711.647568215591,-531.7241381698311,-255.6271408157732,-174.84392598723937,-97.735912842990885,45.322455968081464,-271.7592561631935,144.15346103739373,227.7360088544801,281.5937344834735,9.26046870714671,308.1379455506451,389.1765582945883,-108.87028737184362,-114.5350384176614,14.173862112764777,-826.3703578086452,-153.6745797866103,-65.19139362274086,-422.9755158683681,204.28221863384528,-42.4452998352365,113.75574110149371,-487.6879307800286,-160.16102490272252,298.99861614067527,358.7343799998543,-27.47019914880497,-453.5012015109371,575.4923313461544,-10.67732535164956,-426.0437768811068,-115.70804599594675,-189.75990440578002,-95.45622622503427,104.98673804025623,-470.879793229095,74.61299118312799,-9.090543906860178,280.01165130098633,125.79779918220451,-183.73449502893016,122.63669492508382,-219.28988925568805,-23.206936857442177,-206.56102090933584,-164.51731578007792,-72.8064034590999,-104.1678206525591,32.823757478348696,439.1199577245102
52.42231641935039,68.50857492794017,4.803361462531608,-17.073070597115283,29.491535284920438,-199.63325983420347,149.8966961886856,72.27010365803159,49.43454814550015,27.39312711417741,-12.333888642115081,76.57559964749248,-40.60488676169981,-63.901276808998134,-79.67698843595109,-2.8686686116398286,-86.59599839394754,-108.87028737184362,31.315722993877536,32.63967378385009,-3.331963735045235,232.43852256724003,43.43273571841278,19.04231854729057,119.35401001726382,-56.91697157654137,12.099636311534269,-31.605623243400643,137.0453860918713,45.12397486874411,-83.55266941246492,-100.95041924190943,8.000401634397335,126.67601019124571,-161.2019607213335,3.113529166648193,119.160405469231,33.554500100674375,53.72281797027376,26.831190719314275,-29.644447503732888,132.8467110300415,-21.07369316030292,1.7902937941612096,-79.24851640724802,-35.828209314954314,52.97256954811178,-33.75387481084382,61.69928811406183,6.174627206882738,57.63796340168332,46.830664831015504,20.792755417670012,29.409950309938516,-9.201431682200685,-122.75841356141301
54.836554400663786,71.79468327459199,4.757652746492133,-17.74634954619079,31.329738956011763,-210.63894237700663,158.1843334432461,76.38894981256526,51.96426985050409,28.80758244679179,-13.327984858422715,80.38119401019772,-42.3486863476154,-67.46904457481253,-83.93681265065418,-3.07744250199264,-91.38903544197552,-114.5350384176614,32.63967378385009,34.39005219468488,-3.835519288132922,245.30242522122776,45.690090409698335,19.67412477494726,126.05044614077076,-60.286990401965745,12.992560660361102,-33.47167055631005,144.73629666036368,47.386250978701305,-88.28329491874305,-106.67368034526312,8.408946961104652,133.60025087870844,-169.56262576718498,3.4126571954010254,126.15801482418667,35.199870116883886,56.54469244093366,28.38300217954556,-31.37848775776607,139.88323154529564,-22.341411857597986,2.3083023538388714,-83.59758293223192,-37.74631685935655,55.336104128899855,-35.6680789333626,65.14460591701233,6.34430803350485,60.78523186480144,49.20862567587221,22.005930614131415,31.01000680460615,-10.0637241085647,-129.71676322281837
-5.566961659948145,-8.141753149308759,0.30876185999265726,1.3529136343964743,-4.2310654295925625,26.412918314725722,-19.311662708280426,-9.460755764496502,-6.139095455154461,-3.3287596971347146,1.9665248450757018,-9.558622846554632,4.61994023909819,8.150398073595872,9.76974192628245,0.32577251517473294,11.215692445006235,14.173862112764777,-3.331963735045235,-3.835519288132922,1.4290235687862023,-29.88891072746701,-5.423565282703494,-1.4720448779972672,-15.299483866900607,7.735326595303025,-1.603988367027324,4.366776023835582,-18.125593437667302,-5.5452392448210945,11.493057395941333,13.418309765017023,-0.9464548348931364,-16.947498754726492,20.618756480905223,-0.5284603268519927,-16.378746741820773,-3.350988996662287,-6.332839974852629,-3.351814966358511,3.8660050931775807,-16.456192885324274,2.6726326689980087,-1.3523860559676448,10.019705768594758,4.358311215247742,-5.50520015305645,4.8715100410980625,-8.048361144094876,-0.9077602949313008,-7.778764110452199,-5.278845151191699,-2.643568072556486,-3.634292528796152,1.587902585315137,16.56704663750253
390.4989971852847,514.5183242318467,31.603725236829327,-124.64879722591371,226.24165681302247,-1516.0066847432518,1135.1297763907246,547.0767559678437,372.7480449792902,207.5262878624053,-96.76967092547432,577.9775331806052,-305.07225821068243,-485.2142914061177,-601.2634121426618,-20.8786558332947,-656.9145394127347,-826.3703578086452,232.43852256724003,245.30242522122776,-29.88891072746701,1762.3152841809774,327.7286206243989,139.11004361386625,903.7578805583935,-434.9323687323192,92.09315554299575,-241.896186416605,1040.343953028087,340.6445458599198,-636.6051051757646,-766.0568300740971,59.35626799576969,964.0125904362108,-1222.3990539667102,23.791519356021688,908.5661015186413,248.84406042658676,404.91471808119667,203.7382386844996,-224.73968287533518,1003.865169690378,-159.84860602115307,19.158902692544466,-598.622127105016,-269.42312440014007,393.16486035724114,-259.42045249899957,467.9234996840422,47.55413540353699,438.8999790339865,351.44861819121996,156.63639360881243,222.33069847230036,-71.67094788473476,-934.9647131316793
72.8716047554921,95.89546714472223,6.033055463184266,-23.344854964247435,41.974653104650976,-281.90107577766577,211.17738459607995,101.80249084024865,69.4163647832717,38.58015480522552,-17.846554580501437,107.61834162039777,-56.8360631547179,-90.17973483742577,-111.91369581674985,-3.9219688328341977,-122.15481852063971,-153.6745797866103,43.43273571841278,45.690090409698335,-5.423565282703494,327.7286206243989,61.021080147242856,26.051268712195252,168.11952697134478,-80.73679707454663,17.09743667262668,-44.89297380214627,193.46224401204157,63.40968285214704,-118.31399701585028,-142.4776071234827,11.10186945270818,179.17476639746283,-227.33564881060906,4.424082794275907,168.8017001175522,46.461702716939755,75.36060380153347,37.851352799286566,-41.796289542231214,186.80227263447006,-29.709508010964715,3.3850855189974083,-111.42572237487089,-50.196203387836576,73.43842706609004,-48.12105574874246,87.02496480053195,8.830729706075918,81.5704994359906,65.46559914458305,29.17710581954562,41.36244025914454,-13.255978775738887,-173.73658568952223
31.919064255485942,41.31456667208788,3.3282959557658707,-10.600040136382633,17.442091488352645,-119.10255578986086,89.59755667375623,43.040229307714,29.669824729824658,16.553824843546597,-7.226108369646418,45.993049738346606,-24.70253599616179,-38.33031982673078,-47.89173937876216,-1.6778944898420207,-51.790161174830104,-65.19139362274086,19.04231854729057,19.67412477494726,-1.4720448779972672,139.11004361386625,26.051268712195252,11.888713087092338,71.3650852867379,-33.916870686711704,7.1661779503555625,-18.80778443065662,81.70452924239603,27.16450247499108,-49.629006649856706,-60.10195374564423,4.77373614916962,75.58754089449765,-96.72721882426697,1.7459594722317227,70.76016324858952,20.48608865776173,32.459731627840576,16.130855310848062,-17.67444587003252,79.83582087149657,-12.615329882768384,0.4943443116773857,-47.41978819427755,-21.498951432625205,32.270749835950966,-20.02644131175124,36.841801253882814,3.7086244395030605,34.361635582584796,28.39683269825058,12.383082100864822,17.674739475848217,-5.234788437288936,-73.12432075624439
200.49619937292937,263.826832871439,16.347102310361098,-64.1847745788361,115.96652703757198,-777.182276170983,582.4987888865801,281.113620193665,191.19172458151792,106.15907477671801,-49.562110667196755,296.1246590917858,-155.89203469812006,-248.64982518581465,-308.5313007254646,-11.007459407433238,-336.8372484870829,-422.9755158683681,119.35401001726382,126.05044614077076,-15.299483866900607,903.7578805583935,168.11952697134478,71.3650852867379,463.92172706920087,-222.79605565642575,47.574353093958706,-123.84500872620512,533.6804101341577,174.49371797780228,-326.2934360529047,-393.20058169720426,30.675645572021452,493.6600756409553,-625.7197177736416,12.465908950386469,465.9657304276653,128.11575792102235,207.65658029938368,104.4601552668853,-115.46404567284479,514.7351560013988,-82.11890898821797,9.79901350274514,-307.4139553354149,-138.48988045104312,202.03647132099294,-132.51158574855654,240.05676288851976,23.94146414387078,224.71931759197744,180.3435415221787,80.69627005688507,114.04838429267606,-37.14712237752435,-479.1280442345518
-95.75192361493191,-126.600144687561,-7.383868082486639,30.304099572783066,-56.06030101819645,374.4018784374152,-279.9010907891232,-134.74851923116654,-91.81307619862395,-51.29978193330828,24.16619790733333,-142.52200194412453,75.26289089541184,119.87442520444439,148.10582591362575,4.980564625634749,162.16522667052317,204.28221863384528,-56.91697157654137,-60.286990401965745,7.735326595303025,-434.9323687323192,-80.73679707454663,-33.916870686711704,-222.79605565642575,107.69424819314976,-22.642515527110326,59.94757108236651,-256.7832480847853,-84.01952071590081,157.40045895781938,188.98023875128848,-14.462428198619042,-238.4235966213056,302.0856329643468,-5.7938726543585926,-224.6088429107624,-60.815770109895226,-99.75043935347199,-50.32080481957556,55.390510039044536,-247.51427516693556,39.410499360175955,-5.1634058096885305,147.4127882128614,66.20634702628779,-96.22902815070124,64.47330667359464,-115.45581782961773,-11.94093642749362,-108.58251996913121,-86.42407129770062,-38.44950765870451,-54.81099383628306,17.70347585517942,231.18524859991658
20.42663311862197,26.665314698008316,1.6767088501567948,-6.629579296628355,11.849974228309028,-78.94310720697175,59.551528637605564,28.99422604807037,19.41390656926922,10.640562878610433,-5.1441995546136345,29.820055188205746,-15.376089038870814,-25.265434678685985,-31.51391433522446,-1.316642556382095,-34.2907370841705,-42.4452998352365,12.099636311534269,12.992560660361102,-1.603988367027324,92.09315554299575,17.09743667262668,7.1661779503555625,47.574353093958706,-22.642515527110326,5.153228963608764,-12.538487954524877,54.47262735138812,17.57428525146833,-33.12766345629172,-40.27986896140039,3.244135445767813,49.79660191551686,-62.83870372445917,1.468772329754574,47.59896143595943,13.321488161914532,21.14697379016853,10.681283023672496,-11.925836875319607,52.31131045788931,-8.506609083639272,1.0857473815228265,-31.55520161138565,-14.279845291818807,20.64759907999045,-13.182806074706582,24.516422829334367,2.0904727442354005,22.63855471797938,18.405777281771364,8.460571849139852,11.64065048398597,-4.145758715750764,-48.63726380920567
-53.159585895959395,-70.39319257724054,-4.033407583612282,16.769706507553003,-31.208620667611697,208.32768072152348,-155.6280721138615,-74.87785287398178,-51.05441899431682,-28.555903745005146,13.459557613741026,-79.30593714860358,41.91314429965136,66.68594465441183,82.31878693872754,2.7250799206038363,90.20355757972763,113.75574110149371,-31.605623243400643,-33.47167055631005,4.366776023835582,-241.896186416605,-44.89297380214627,-18.80778443065662,-123.84500872620512,59.94757108236651,-12.538487954524877,33.38427595875571,-142.82799533550343,-46.748358712765274,87.61760592785416,105.08765437650945,-8.008993637023814,-132.7534349028477,168.18514312220955,-3.19092357847487,-124.97682258463792,-33.69500042350774,-55.44017335088651,-27.977333542118338,30.77791753700835,-137.63825768354175,21.890938537828834,-2.9395612134971043,81.92076474374971,36.76473108193104,-53.39733369540409,35.96530036296361,-64.2083910493179,-6.7182346960183015,-60.4687011517756,-48.005355065427445,-21.330974247538336,-30.469912772324868,9.80643707694721,128.67519635732174
230.1237753097587,303.5311574602242,18.27993391487859,-73.30766662926462,133.71199154980576,-895.306425743853,670.3292065170253,323.30594014284276,220.0232570803032,122.28953392760293,-57.18658510971012,341.07304547330784,-179.64922317153622,-286.28003098394436,-354.80694992871366,-12.433729863376625,-387.82347764540015,-487.6879307800286,137.0453860918713,144.73629666036368,-18.125593437667302,1040.343953028087,193.46224401204157,81.70452924239603,533.6804101341577,-256.7832480847853,54.47262735138812,-142.82799533550343,614.5101355443414,200.9340699753019,-376.1499571685999,-452.6302669556059,35.12968800992588,569.1758938870191,-721.2003386918408,14.208292326506104,536.8601231487029,146.64399930599293,238.73460734964218,120.16337192394381,-132.77327136286462,592.3178029715913,-94.36641611069643,11.822754970605127,-353.51876988312023,-159.09092036798316,231.7439534582464,-153.18531394307493,276.3386917140382,27.992587554349626,259.1630494796726,207.15002497610703,92.61469658261977,131.18232238439188,-42.610453257709075,-552.1805856114173
75.72884877307274,99.7535982083792,6.289962198830062,-24.205251169400416,43.61592491893461,-293.07113156255497,219.27832833353264,105.47683526804775,72.14888452600518,40.27288830907847,-18.55256718811435,112.03694443915485,-59.44964514717674,-93.84646196566322,-116.26711754911507,-3.9106847533188125,-126.98489627278137,-160.16102490272252,45.12397486874411,47.386250978701305,-5.5452392448210945,340.6445458599198,63.40968285214704,27.16450247499108,174.49371797780228,-84.01952071590081,17.57428525146833,-46.748358712765274,200.9340699753019,66.04418184206517,-122.99029752929665,-147.8448297299403,11.411960390030794,186.56171215915117,-236.95261099429607,4.435234084962474,175.32450105648232,48.111466214135106,78.39035570736094,39.36997832943269,-43.31841722192913,194.2686429435127,-30.805394908932744,3.4143328446198655,-115.59093021059873,-52.01589072649498,76.23120231602921,-50.25787629119995,90.38775252101698,9.414995154826489,84.94621595608692,68.06237397819882,30.120345865148305,42.99093622783964,-13.51707468310306,-180.69406709987183
-140.26367847366672,-185.55664269621013,-10.758650810829963,44.39783221245807,-82.00500950047726,548.336966820478,-410.01047916295414,-197.59872852119227,-134.5620787533406,-74.9017634814101,35.13263398849107,-208.8131044218605,110.05215857679804,175.2355955141794,216.83075558561185,7.423005670044266,237.37558780243123,298.99861614067527,-83.55266941246492,-88.28329491874305,11.493057395941333,-636.6051051757646,-118.31399701585028,-49.629006649856706,-326.2934360529047,157.40045895781938,-33.12766345629172,87.61760592785416,-376.1499571685999,-122.99029752929665,230.58054695226002,276.96276901189367,-21.344417524853778,-348.97331345979796,441.9826764788056,-8.588581083379385,-328.8926477231106,-89.0813199128838,-145.85311847947858,-73.48211663439909,81.14139987686364,-362.26923939077756,57.631040989919526,-7.669041484248114,216.03475865488272,97.08442354276556,-141.1228540250689,94.24004825383906,-169.09352147431704,-17.447923878199298,-158.94833384313276,-126.40845547438285,-56.45482136356036,-80.19514026585964,25.979870103807592,338.38765395415226
-169.48558688889264,-223.45629632270555,-13.455485128232628,54.0454619080645,-98.46169169293353,659.208261516835,-493.79994763236834,-238.3696866747154,-162.02670817394448,-89.89473140227832,42.092343993813365,-251.00780315874923,131.9663260266139,210.69723891310753,261.32016021901126,9.304594248564868,285.5593636021531,358.7343799998543,-100.95041924190943,-106.67368034526312,13.418309765017023,-766.0568300740971,-142.4776071234827,-60.10195374564423,-393.20058169720426,188.98023875128848,-40.27986896140039,105.08765437650945,-452.6302669556059,-147.8448297299403,276.96276901189367,333.5154922137953,-25.985767634241935,-418.8213370696156,530.4822146293918,-10.605566085742803,-395.4186559600239,-108.15445954737507,-175.7431151897368,-88.45388348390189,97.87740326327369,-436.0712983433003,69.54995585645037,-8.783623855280442,260.5215319017759,117.29400351453654,-170.76168533722415,112.57760826524918,-203.54193158139105,-20.405392156697523,-190.69081292357947,-152.5277566881039,-68.38254475046105,-96.5984031428746,31.59869799392283,406.4913088376586
13.373732663674119,17.421431912454533,1.1908412571154274,-4.388321086389127,7.550197817201503,-50.9521318481462,38.455274526236856,18.72612194139534,12.623522697197219,6.854639163285563,-3.153138381665183,19.412508567244146,-10.063505205893915,-16.226233260924047,-20.38124722512673,-0.8623285531627665,-22.102999093299193,-27.47019914880497,8.000401634397335,8.408946961104652,-0.9464548348931364,59.35626799576969,11.10186945270818,4.77373614916962,30.675645572021452,-14.462428198619042,3.244135445767813,-8.008993637023814,35.12968800992588,11.411960390030794,-21.344417524853778,-25.985767634241935,2.142493908056822,32.109139810564926,-40.64839640510678,0.9262603417708453,30.554947380206887,8.689478571071021,13.657964365730496,6.826635414232676,-7.669494601145124,33.828953725392786,-5.438427209552225,0.5641691320114096,-20.41264806197192,-9.269332238207165,13.580808332252593,-8.442428494305162,15.811530796130596,1.3948910259061835,14.601451991420912,11.928491028685015,5.4720431943856225,7.507894985500472,-2.562916885805708,-31.279128895558614
212.7048134958145,281.3120431364961,16.59135494971532,-67.36204061295132,124.0340191601484,-830.2341738284853,620.4580896763571,298.5541196836531,203.8175578778792,113.79633967538719,-53.10646088154943,316.60091629978166,-167.50133590319226,-265.5897835606462,-328.37763000333115,-10.94893909838836,-359.46368168180095,-453.5012015109371,126.67601019124571,133.60025087870844,-16.947498754726492,964.0125904362108,179.17476639746283,75.58754089449765,493.6600756409553,-238.4235966213056,49.79660191551686,-132.7534349028477,569.1758938870191,186.56171215915117,-348.97331345979796,-418.8213370696156,32.109139810564926,528.8518123906058,-670.5196241394998,12.670965296064976,497.5038908604388,134.84034511385062,221.14229204457723,111.35661137131008,-122.6291438087021,548.9521005344815,-87.14793321119404,11.102479592718723,-326.77295545881145,-146.7934191583521,213.8812323062683,-142.99529067445263,255.90184119808916,26.816533181004523,240.88145344897313,191.6651020945416,85.11909943892238,121.47976412650229,-38.752356786107306,-512.3982591604242
-270.6440727857589,-357.39936442965177,-21.78072869857924,86.00835282836665,-156.90602970115637,1052.3348168539571,-786.5067771671663,-378.0739469084018,-258.6531618629123,-144.63929754378438,66.99213050876384,-401.9699927702997,213.34610725442764,336.9300995347393,416.70166335618245,13.724717477165596,455.7733313494523,575.4923313461544,-161.2019607213335,-169.56262576718498,20.618756480905223,-1222.3990539667102,-227.33564881060906,-96.72721882426697,-625.7197177736416,302.0856329643468,-62.83870372445917,168.18514312220955,-721.2003386918408,-236.95261099429607,441.9826764788056,530.4822146293918,-40.64839640510678,-670.5196241394998,851.1692864320431,-15.771851888524505,-629.8777281046491,-171.51043353897484,-280.9140207706296,-141.27879956497537,155.30244758901563,-696.7177286622733,110.42312172846695,-13.082099028102629,414.24937081321957,186.16146800167826,-272.1593350531521,181.19906187753412,-324.3349036410753,-34.22498261936087,-305.3768125018516,-243.62365480391875,-107.71974184731317,-154.1470172542825,48.48602157071703,649.2726776227921
5.235261703083041,6.809592423398222,0.3756971482179614,-1.7155713172692677,3.089476402671861,-20.395411941224406,15.546768737572076,7.7396610904598395,5.011798464018684,2.6168147801988155,-1.3390169946582804,7.5733048005746415,-3.6844601893949016,-6.4410251537960965,-8.15977824633866,-0.4555314546355516,-8.851924749545393,-10.67732535164956,3.113529166648193,3.4126571954010254,-0.5284603268519927,23.791519356021688,4.424082794275907,1.7459594722317227,12.465908950386469,-5.7938726543585926,1.468772329754574,-3.19092357847487,14.208292326506104,4.435234084962474,-8.588581083379385,-10.605566085742803,0.9262603417708453,12.670965296064976,-15.771851888524505,0.5003725528752118,12.43854372801289,3.523065274207737,5.391596560395185,2.732163200427124,-3.171187755312234,13.412838248003892,-2.2461902406126932,0.40711159578313744,-8.306257769199775,-3.790999966172733,5.349841095385437,-3.2618152850002566,6.387485816378893,0.3820134955638392,5.755180929841055,4.706714367486152,2.3308503058335006,3.000762694344635,-1.2713683549349144,-12.525502677363974
200.20329210038938,264.5754708519633,15.41071705866353,-63.481290108184986,117.06540924457128,-782.2347517992752,585.307772236798,282.29900114651673,191.95016151158097,106.75905999553007,-50.27133861479777,297.6201590260033,-156.58041087248486,-250.0680206150732,-309.5477960445789,-10.773001596319082,-338.7430057665695,-426.0437768811068,119.160405469231,126.15801482418667,-16.378746741820773,908.5661015186413,168.8017001175522,70.76016324858952,465.9657304276653,-224.6088429107624,47.59896143595943,-124.97682258463792,536.8601231487029,175.32450105648232,-328.8926477231106,-395.4186559600239,30.554947380206887,497.5038908604388,-629.8777281046491,12.43854372801289,469.4528538565382,127.43841843680266,208.19946523816765,104.94949233689928,-115.95703555015353,516.9128034884525,-82.40760199906055,10.972096505762408,-308.51934327529926,-138.7086282536524,201.46990290072188,-134.17138194553246,241.3637779847835,24.539576965600382,226.5633830741941,180.4861731543728,80.78686019405949,114.48641092577542,-37.425649369068715,-482.7244313781893
