V1,V2,V3,V4,V5,V6,V7,V8,V9,V10,V11,V12,V13,V14,V15,V16,V17,V18,V19,V20,V21,V22,V23,V24,V25,V26,V27,V28,V29,V30,V31,V32,V33,V34,V35,V36,V37,V38,V39,V40,V41,V42,V43,V44,V45,V46,V47,V48,V49,V50,V51,V52,V53,V54,V55,V56
41463.550602933756,8956.772571320336,-41733.70872640369,-12321.789472572264,-11327.79636977354,-56383.50640848482,3479.1802961324934,-2627.3700260251194,-15774.123283869154,-27289.471313306414,41086.329342497644,26133.919212228197,-41798.23284667233,63288.74668029887,7491.781851198723,15213.94663271585,-25417.470399041285,-33541.01390548757,9223.311141421484,-48209.84887705131,1303.5395739412288,-16430.179912152485,59535.721593415125,40692.705639020765,51686.29612424008,42731.691956253235,-2449.790720900776,-30661.78383755042,-42310.95359303285,-3906.2499124853807,38131.78165314185,25564.38260166002,26589.771399630397,-3276.461187360986,38547.70350256679,-32393.4899467935,-54191.43936013359,-23828.095465321105,-30026.779433306237,-30760.02476238742,52932.64989003041,69086.31028591534,28183.994022292118,-47623.12247076099,-47515.04293506942,-18481.520928907357,55907.2265325326,-21239.783695035978,-10166.652049689916,-17435.521390545848,34313.82952035374,-35442.363972628824,7673.517472975056,2906.4363198520628,-37125.50543979933,1094.9121203562038
8956.772571320336,1934.950392630612,-9015.238173000043,-2661.6964832943863,-2446.8319357347723,-12180.267939321315,751.3266426444305,-567.657715603915,-3407.426167689688,-5895.0558612405175,8875.21172263195,5645.451500524231,-9029.374664827046,13671.627367934527,1618.6016806437765,3286.507256285781,-5490.713424292154,-7245.764307442677,1992.562096807594,-10414.148956732379,281.6537585378259,-3549.305397366498,12860.834248770481,8790.562412466546,11164.984764027622,9231.09568810273,-529.2896206239808,-6623.672068816889,-9140.015786911512,-843.8434256481413,8237.296844677921,5522.450812358133,5744.042629737032,-707.7661045048666,8326.993753836434,-6997.8937870568425,-11706.566312959547,-5147.261647962435,-6486.228301010865,-6644.9325464215935,11434.768265723187,14923.997806947602,6088.250331298179,-10287.49771855532,-10264.05939461829,-3992.5689892418764,12076.993461905147,-4588.224339019184,-2196.1409773892283,-3766.4745340574073,7412.688567768534,-7656.3573181152215,1657.726976094395,627.755492931889,-8019.8413889564645,236.6513868036932
-41733.70872640369,-9015.238173000043,42006.367772038044,12402.053754209996,11401.31467201911,56751.432755332426,-3501.7157832074154,2644.8810632683044,15876.763627153812,27468.684933445104,-41354.220564516334,-26304.584931629917,42071.79557953249,-63701.79130278392,-7540.4510634254175,-15313.116678158727,25582.95544840707,33760.331240159,-9283.346013309852,48524.32910777144,-1312.656037688537,16537.73243195419,-59924.58589908202,-40958.14414596724,-52023.42663075049,-43010.693454405686,2466.060165077103,30862.27880599086,42587.31482877734,3931.11959844412,-38381.31522609118,-25730.736404580544,-26762.92805900749,3297.977650310674,-38799.39217702026,32604.42527555001,54544.762699833096,23983.12810608151,30222.400576788503,30960.554108726516,-53277.998425960875,-69536.99058617753,-28367.802159277246,47933.690835251204,47825.22315685916,18602.4973841264,-56272.220049207026,21378.55627816526,10233.436040401146,17549.425231604728,-34537.909917593744,35673.847053576545,-7723.644853285381,-2925.4255312416453,37368.05657192485,-1102.093252000084
-12321.789472572264,-2661.6964832943863,12402.053754209996,3661.6913150448668,3366.3024579536946,16755.488611534707,-1033.9330710466536,780.7575509033767,4687.6137681190075,8109.6100420575785,-12209.690079896962,-7766.213373900371,12421.186118214957,-18807.545893149192,-2226.315917307714,-4521.140340063445,7553.32853549002,9967.356807615604,-2740.8886173252013,14326.545993163463,-387.36137500180985,4882.552551304897,-17692.29314653132,-12092.661245600822,-15359.689184188626,-12698.575948039641,727.9873425326349,9111.774408584351,12573.560375242763,1160.8139855164795,-11331.63966010629,-7596.984831913673,-7901.680605970278,973.6798239421851,-11455.24796246839,9626.39105079629,16104.074328615608,7081.01128747902,8923.095335769496,9140.958424096616,-15730.01378119907,-20530.425576933565,-8375.438305492367,14152.201223405329,14120.092784019324,5492.111318363735,-16613.99991947687,6311.840209837511,3021.2317609299207,5181.322080067014,-10197.050788137809,10532.416927018265,-2280.3362591417044,-863.730885206868,11032.593498999095,-325.368967659207
-11327.79636977354,-2446.8319357347723,11401.31467201911,3366.3024579536946,3094.943588438355,15403.380706118602,-950.716667594135,717.6134950845432,4309.5447458658555,7454.991087262961,-11224.742870582268,-7139.588904454144,11418.675882892952,-17290.05782139226,-2046.6071254569076,-4156.384706043067,6943.964356749065,9162.899456742105,-2519.6853518699577,13170.758126829043,-355.8974421064053,4488.479939419943,-16264.685870976165,-11116.917851445382,-14120.587157120528,-11673.833128822831,669.1286442124464,8376.384572534349,11558.996867100803,1067.3421330896415,-10417.083721948073,-6984.128861691324,-7264.171116410457,895.0658510991404,-10530.99310295521,8849.615289956373,14804.746940658715,6509.876939058953,8203.317609412356,8403.384659294961,-14460.668281889359,-18873.97459953541,-7699.769464467834,13010.407297964426,12980.85125252693,5048.8076114885225,-15273.48297509019,5802.509608397836,2777.377128715674,4763.189090136952,-9374.095248113146,9682.485735759838,-2096.269715919334,-794.0665867153807,10142.374519151881,-299.0150624912838
-56383.50640848482,-12180.267939321315,56751.432755332426,16755.488611534707,15403.380706118602,76675.57504766087,-4729.94962303797,3573.465080802928,21450.217327418188,37109.983908131995,-55870.23208957686,-35538.88341864709,56840.51633350581,-86064.21780837807,-10189.069819630591,-20688.836857731396,34564.45324638142,45612.77815584443,-12543.145045431289,65558.41561668865,-1772.94233560278,22343.188270508745,-80959.69952757854,-55337.26996429931,-70284.59449575492,-58110.44397129334,3331.946048799215,41696.29520398716,57537.285938673376,5312.32386574093,-51854.22074479931,-34764.27910234558,-36159.313401815256,4455.259375786027,-52419.25245490538,44051.79284979137,73694.05134106943,32402.73874956599,40831.50937322117,41830.3530592567,-71982.39843521308,-93947.84542143834,-38326.50717180916,64760.676222555514,64613.143631155835,25133.877055677454,-76025.60539758626,28883.20078030059,13824.924619037394,23710.145139669632,-46663.077024410435,48197.315393144876,-10435.409943290033,-3951.6339339164547,50485.81312932047,-1489.512112528219
3479.1802961324934,751.3266426444305,-3501.7157832074154,-1033.9330710466536,-950.716667594135,-4729.94962303797,292.3736289177817,-220.2636405413692,-1323.6019020730575,-2289.7062583405605,3447.6747671321136,2192.585272072455,-3506.7153865369664,5309.901740127447,628.0706173327831,1276.459289790443,-2132.4178925468755,-2813.596027366108,773.5543716516239,-4045.001582389358,109.31042758473527,-1378.3927266442045,4995.31066715935,3413.851885475804,4337.083118844397,3584.79293585382,-205.36876507119706,-2572.368893964275,-3549.8799375590656,-327.58116168719533,3199.2203030060446,2144.7373444782984,2230.553692403709,-274.9677620849045,3234.3183288216624,-2717.3276495125633,-4546.280251348864,-1999.2492612698813,-2519.5232505105673,-2580.4254971563714,4440.566476309485,5796.373617725863,2364.647126554769,-3995.668730107396,-3986.8276903015744,-1550.1391748115257,4690.8421960949345,-1782.0299972037155,-853.1541727380608,-1462.7670284904566,2878.564252103466,-2973.4322236213975,643.6337760779157,244.08154386296542,-3114.822764994138,91.63413989839077
-2627.3700260251194,-567.657715603915,2644.8810632683044,780.7575509033767,717.6134950845432,3573.465080802928,-220.2636405413692,166.74562041440663,999.492218691047,1729.9538469116105,-2603.516427333291,-1656.3211980550525,2649.3576332515895,-4010.9206191309504,-474.84609315895256,-964.1162345513355,1610.6652113647983,2126.0336394372607,-584.5352408988944,3055.1727424229052,-82.91483118867741,1041.4467344441039,-3773.077434634143,-2578.9130887409724,-3275.2929132309687,-2708.29960659897,155.45152541958967,1943.3945405371853,2681.5600768348477,247.3364884228301,-2416.8972607501455,-1619.9413303693227,-1685.06070200549,207.66250934165936,-2442.948955267816,2052.831651572836,3434.3504990749334,1509.8658921035596,1902.6827153543834,1949.4191630639427,-3354.675011706191,-4378.2106872379845,-1786.1201928863795,3017.9534425731395,3011.1725089387137,1171.62280116775,-3543.068484516252,1346.1261235977313,644.4543177671414,1105.0405149859093,-2174.789850329856,2246.285292483604,-486.3826003261402,-184.10636327298027,2352.956841087185,-69.47165406711501
-15774.123283869154,-3407.426167689688,15876.763627153812,4687.6137681190075,4309.5447458658555,21450.217327418188,-1323.6019020730575,999.492218691047,6001.060908048176,10381.593820495553,-15630.572206900242,-9942.233770608638,15901.281086277957,-24077.152685153957,-2850.212980711008,-5787.910664646824,9669.72500441416,12760.107452863562,-3508.9045910377768,18340.677281852462,-495.7893938465353,6250.53496970112,-22649.219779652507,-15480.915830672764,-19663.13932374344,-16256.577190611648,931.9508628866766,11664.6678528348,16096.459000134522,1486.2392858353808,-14506.429383729312,-9725.6503775584,-10115.7510578043,1246.4027960634614,-14664.793074899339,12323.654855399891,20616.358825263513,9065.112410375395,11423.225976630705,11702.219170584973,-20137.37187925562,-26282.752829746154,-10722.200148662863,18117.452070216288,18076.239956570873,7031.008773755079,-21268.897933970406,8080.275592448307,3867.630172090385,6633.026302699646,-13054.094529840097,13483.423306534445,-2919.262075039848,-1105.6456745010423,14123.744544850782,-416.54062007198036
-27289.471313306414,-5895.0558612405175,27468.684933445104,8109.6100420575785,7454.991087262961,37109.983908131995,-2289.7062583405605,1729.9538469116105,10381.593820495553,17963.490064306672,-27041.632497546547,-17200.94330458327,27512.03817580499,-41655.12692652703,-4930.344876494301,-10013.210079225806,16728.35265008939,22076.608773396,-6070.153979213741,31730.34916495709,-859.1276705689921,10814.5601180799,-39185.56940195267,-26782.606115532075,-34018.40602049211,-28125.091323568646,1612.9175287988198,20181.521995987197,27848.49024136136,2569.7811260905437,-25098.684671253464,-16824.86277288927,-17499.947681282916,2156.746118843192,-25371.424611641665,21319.489164355884,35666.755627368424,15682.189305409722,19762.293205810263,20244.979449013055,-34838.598005840344,-45470.533404865484,-18549.829141027712,31343.921452004444,31273.457886627137,12164.753289713573,-36797.03577878135,13979.802681462465,6692.325562939974,11475.818320293854,-22584.650884519284,23327.590105921394,-5050.559946460581,-1913.014022482618,24435.64028174899,-720.6327870248194
41086.329342497644,8875.21172263195,-41354.220564516334,-12209.690079896962,-11224.742870582268,-55870.23208957686,3447.6747671321136,-2603.516427333291,-15630.572206900242,-27041.632497546547,40712.67806556384,25896.165452016972,-41418.1480578993,62712.93998319307,7423.325403625894,15075.492090956983,-25186.044366930502,-33235.78488203429,9139.209080656969,-47771.27751437287,1291.8615732264439,-16280.76655258699,58994.281957787985,40322.308574433526,51216.253797016245,42342.775940340725,-2427.528055430505,-30382.884420973096,-41926.081786437484,-3870.43274673205,37785.075127046504,25331.573492558473,26347.589816239222,-3246.7406614729384,38197.10708321917,-32098.38293710641,-53698.124415533945,-23611.180093811723,-29753.60201938664,-30479.936093731947,52450.805660072685,68457.70855689094,27927.543528682792,-47189.797507774536,-47082.91383124558,-18313.307781939788,55398.715924481,-21046.60238811186,-10074.37634142475,-17276.892447979186,34001.51509177552,-35119.890522226306,7603.638974066886,2880.1053756417255,-36787.830268813486,1084.8557453533763
26133.919212228197,5645.451500524231,-26304.584931629917,-7766.213373900371,-7139.588904454144,-35538.88341864709,2192.585272072455,-1656.3211980550525,-9942.233770608638,-17200.94330458327,25896.165452016972,16472.384216503346,-26345.800847035407,39890.92730086809,4722.30153363658,9589.282842075583,-16020.499000924303,-21141.470290727015,5813.552579228857,-30386.563320572273,821.8979865675341,-10356.149149244124,37525.156706153386,25648.743135545064,32577.315386944072,26934.11371656892,-1544.3552225030646,-19326.299022393196,-26668.71375841387,-2462.0408968896622,24034.663037144404,16113.10579325536,16759.626027279595,-2065.0613994721816,24296.558822054452,-20417.620539749154,-34157.04487476119,-15018.665325784721,-18925.546535132085,-19388.194636128603,33363.62968239995,43544.95713746454,17764.430639374663,-30016.67757190991,-29948.508331341898,-11649.490977848252,35238.15771991034,-13387.457739074878,-6408.1036219517055,-10989.676820898225,21628.213799235757,-22339.47914853759,4836.737462985066,1831.6958631412306,-23400.362907537907,690.2511866322009
-41798.23284667233,-9029.374664827046,42071.79557953249,12421.186118214957,11418.675882892952,56840.51633350581,-3506.7153865369664,2649.3576332515895,15901.281086277957,27512.03817580499,-41418.1480578993,-26345.800847035407,42137.97235007482,-63801.26998899276,-7552.524456864596,-15336.946503518522,25622.76668618081,33813.71154233574,-9297.97901476454,48599.89325141515,-1315.0532335560868,16563.803824743864,-60017.96829779815,-41022.24125837884,-52103.98366745476,-43078.238675237924,2470.213887323566,30910.735801592946,42653.9328100601,3937.1237068695846,-38441.54918098483,-25770.751143920148,-26804.820650027,3303.084353761207,-38859.878634241875,32655.42042570394,54630.1087532356,24020.30401229202,30269.16808451707,31009.06887932123,-53361.46616242007,-69645.39415303858,-28412.08674545135,48008.30761430388,47899.62383871247,18632.20133344709,-56359.89082343123,21411.978503518367,10249.47871427377,17576.92043886297,-34592.14776593248,35729.7636194024,-7735.862767579406,-2929.7564480078054,37426.56067614757,-1104.000881510845
63288.74668029887,13671.627367934527,-63701.79130278392,-18807.545893149192,-17290.05782139226,-86064.21780837807,5309.901740127447,-4010.9206191309504,-24077.152685153957,-41655.12692652703,62712.93998319307,39890.92730086809,-63801.26998899276,96603.63678759924,11435.909411876684,23222.368921855756,-38796.90565520553,-51197.85408711777,14078.637527259756,-73586.9904175351,1990.1978236819489,-25079.30193811266,90874.638011177,62113.37545928226,78892.62673686403,65226.03481904259,-3739.801847903278,-46802.337538787026,-64583.392110378285,-5962.362976964354,58204.525086878115,39021.13504799239,40586.6983943467,-5001.054655181201,58838.855710520016,-49445.388032263305,-82717.86982312573,-36370.72218202227,-45832.088251040484,-46952.24090383041,80796.53137504571,105452.71588828675,43019.94329644302,-72691.34427442924,-72526.25997729201,-28211.136033325907,85336.1589638037,-32420.334427676677,-15518.384958232025,-26613.61426875911,52376.888699254676,-54099.344258681755,11713.055598772995,4435.968534520675,-56668.41482279035,1671.5441217259654
7491.781851198723,1618.6016806437765,-7540.4510634254175,-2226.315917307714,-2046.6071254569076,-10189.069819630591,628.0706173327831,-474.84609315895256,-2850.212980711008,-4930.344876494301,7423.325403625894,4722.30153363658,-7552.524456864596,11435.909411876684,1354.5451224634005,2749.0988407049335,-4593.094469026829,-6061.211453529907,1667.075909338476,-8711.029916866462,235.34035588857455,-2968.8281767492726,10757.123141992419,7353.374721524754,9338.546851778428,7721.884736470315,-442.78787261128826,-5540.4004625137395,-7645.235329112895,-706.3865997773567,6889.863882733817,4619.717408186852,4805.269220904998,-591.8157928294763,6965.030599195059,-5854.18036037623,-9792.798410432877,-4305.722924109359,-5425.393512331236,-5558.756141389795,9565.314031406202,12483.479652260294,5092.763838257245,-8605.165881124674,-8585.14380343073,-3340.0564498336703,10101.661527561635,-3837.790519245282,-1836.5991882257765,-3150.5336530977543,6200.729743493354,-6404.378313568234,1386.786422167196,524.7871778055271,-6708.250496818482,198.15064848075377
15213.94663271585,3286.507256285781,-15313.116678158727,-4521.140340063445,-4156.384706043067,-20688.836857731396,1276.459289790443,-964.1162345513355,-5787.910664646824,-10013.210079225806,15075.492090956983,9589.282842075583,-15336.946503518522,23222.368921855756,2749.0988407049335,5582.404394105611,-9326.385696917378,-12307.287528332809,3384.3712159303236,-17689.456710838625,478.3199791650371,-6028.713265209145,21845.145687884917,14931.347956947962,18964.887194159517,15679.550704191137,-898.9564818057449,-11250.671991000809,-15525.044771347011,-1433.3789021204718,13991.574588663476,9380.303110929284,9756.62354407382,-1202.1761188976168,14144.143683257413,-11886.183225837685,-19884.45055899479,-8743.164772752009,-11017.546609302759,-11286.802830244622,19422.56288640086,25349.621173983676,10341.495372474867,-17474.181329856434,-17434.442416799273,-6781.555409234422,20513.787445632297,-7793.440410022747,-3730.3627153642665,-6397.5835049231855,12590.774680957727,-13004.816914276335,2815.67526369279,1066.3529338622157,-13622.367471023706,401.8196830402441
-25417.470399041285,-5490.713424292154,25582.95544840707,7553.32853549002,6943.964356749065,34564.45324638142,-2132.4178925468755,1610.6652113647983,9669.72500441416,16728.35265008939,-25186.044366930502,-16020.499000924303,25622.76668618081,-38796.90565520553,-4593.094469026829,-9326.385696917378,15581.481300166275,20561.45400658448,-5654.317206272233,29553.209642884365,-798.9343736374818,10071.91677361672,-36495.80758344579,-24945.478754218933,-31683.885787156163,-26195.446639160036,1501.8303144673357,18796.08133163754,25937.13954154395,2394.9677835746033,-23375.0848601963,-15671.582717248764,-16300.342261847762,2008.3757206688745,-23630.08394964753,19858.211324000895,33220.6013806489,14607.066695904334,18406.684993553004,18856.71120567021,-32448.886802286583,-42350.883236627546,-17277.260219536256,29193.613973843625,29127.037501889954,11329.79283527438,-34271.620017709814,13020.207257503505,6231.993073208436,10688.231077782328,-21035.105188912188,21726.758828996404,-4704.110809041933,-1781.4354667066389,22758.391474449054,-671.3800923946096
-33541.01390548757,-7245.764307442677,33760.331240159,9967.356807615604,9162.899456742105,45612.77815584443,-2813.596027366108,2126.0336394372607,12760.107452863562,22076.608773396,-33235.78488203429,-21141.470290727015,33813.71154233574,-51197.85408711777,-6061.211453529907,-12307.287528332809,20561.45400658448,27134.463300030224,-7461.595244753809,38999.286080973405,-1055.0444193338058,13291.713819807801,-48161.32517314128,-32918.96986114922,-41810.62194439126,-34568.84663950663,1982.3110660558696,24804.478820633412,34227.896451980996,3159.8960880952864,-30847.36497321677,-20680.287211222538,-21510.284370886635,2650.3676100741536,-31183.180912440013,26205.241168591274,43838.97556644463,19275.468031338823,24289.582422961732,24883.947162042772,-42820.8137250583,-55887.50759679833,-22799.638423867153,38524.63392706648,38437.00812224193,14951.983089391952,-45226.07453588323,17182.096040539705,8224.386994784112,14104.739898208196,-27758.99407151446,28671.70988391003,-6207.856137556951,-2350.6809368009826,30033.15387927627,-886.1145347386382
9223.311141421484,1992.562096807594,-9283.346013309852,-2740.8886173252013,-2519.6853518699577,-12543.145045431289,773.5543716516239,-584.5352408988944,-3508.9045910377768,-6070.153979213741,9139.209080656969,5813.552579228857,-9297.97901476454,14078.637527259756,1667.075909338476,3384.3712159303236,-5654.317206272233,-7461.595244753809,2052.0453052444545,-10724.173418477933,289.8702494117592,-3654.913961736458,13243.389814631897,9052.418753182359,11497.103355378349,9506.04836292174,-545.0482246165323,-6820.760135257067,-9412.051890167933,-869.2700124921282,8482.271184960371,5687.052496833849,5915.317697687199,-728.7094818367352,8574.773697120889,-7206.519249567718,-12055.376424283077,-5300.637520673069,-6679.294780807583,-6842.977290048267,11775.37466342991,15368.2988737068,6269.5889251983535,-10593.770857338379,-10569.419845492885,-4111.590702847921,12436.3402634767,-4724.740788511987,-2261.306267357818,-3878.5836225191238,7633.4345259540205,-7884.290476621095,1707.1322455119735,646.2865408430393,-8258.531974305613,243.76935834210326
-48209.84887705131,-10414.148956732379,48524.32910777144,14326.545993163463,13170.758126829043,65558.41561668865,-4045.001582389358,3055.1727424229052,18340.677281852462,31730.34916495709,-47771.27751437287,-30386.563320572273,48599.89325141515,-73586.9904175351,-8711.029916866462,-17689.456710838625,29553.209642884365,38999.286080973405,-10724.173418477933,56054.391641157184,-1515.9098413193467,19103.863634125362,-69223.00174418639,-47314.235626592475,-60096.03900515969,-49685.19408547773,2848.6624847232533,35651.14157395704,49195.818845148584,4541.822069068166,-44336.669881782225,-29724.028598158304,-30916.493885500022,3809.5019339616197,-44820.05164649209,37664.418185720824,63009.53961676602,27705.197246026826,34912.36081136947,35765.35578352061,-61545.846537047655,-80327.73298067704,-32770.13302732181,55372.068195442625,55246.36586983737,21489.394111311613,-65004.145404563176,24695.890066680342,11821.012114391266,20272.636424196953,-39897.44501907053,41209.60566281297,-8922.23491798401,-3379.1352022784504,43166.6615747347,-1273.1707855242107
1303.5395739412288,281.6537585378259,-1312.656037688537,-387.36137500180985,-355.8974421064053,-1772.94233560278,109.31042758473527,-82.91483118867741,-495.7893938465353,-859.1276705689921,1291.8615732264439,821.8979865675341,-1315.0532335560868,1990.1978236819489,235.34035588857455,478.3199791650371,-798.9343736374818,-1055.0444193338058,289.8702494117592,-1515.9098413193467,41.51067182244814,-516.9368463652976,1872.4868986756105,1279.4882285029155,1625.250294874043,1343.8125488408105,-77.26038278718363,-964.5199699710929,-1330.7175070791207,-122.27873313320507,1199.6861650386527,803.4718478992991,835.7890464066638,-103.16212709126185,1212.2998219593085,-1018.1967635909762,-1703.7774262818355,-748.9006325754325,-943.9673678177588,-967.059778980701,1664.3943651192294,2172.344671329457,886.1678433394295,-1497.379058637016,-1494.2806264526762,-581.4311607882596,1758.211658995519,-668.0493831743003,-320.09562826026655,-548.3734810395255,1079.1241580873966,-1114.664734417037,241.32557780912828,91.4443841846799,-1167.6815803370084,34.43690054592702
-16430.179912152485,-3549.305397366498,16537.73243195419,4882.552551304897,4488.479939419943,22343.188270508745,-1378.3927266442045,1041.4467344441039,6250.53496970112,10814.5601180799,-16280.76655258699,-10356.149149244124,16563.803824743864,-25079.30193811266,-2968.8281767492726,-6028.713265209145,10071.91677361672,13291.713819807801,-3654.913961736458,19103.863634125362,-516.9368463652976,6510.9909264657335,-23592.090164754933,-16125.236058536913,-20481.19866682962,-16933.43465923123,971.0265797152213,12150.540206247748,16766.609993248596,1547.6463390748065,-15110.775724838773,-10130.09125680165,-10536.597390751196,1298.3721083600483,-15275.205122314119,12836.365478619606,21474.301944829753,9442.00958115254,11898.311894534212,12189.221214450403,-20975.601261735406,-27376.520329963598,-11168.371639321163,18871.31057996848,18828.565880516373,7324.103221693343,-22154.17178272142,8416.71487751627,4028.8989211857293,6909.21968547789,-13597.662541131063,14044.834752630708,-3040.863647974359,-1151.607377555875,14711.816542787708,-433.982374079701
59535.721593415125,12860.834248770481,-59924.58589908202,-17692.29314653132,-16264.685870976165,-80959.69952757854,4995.31066715935,-3773.077434634143,-22649.219779652507,-39185.56940195267,58994.281957787985,37525.156706153386,-60017.96829779815,90874.638011177,10757.123141992419,21845.145687884917,-36495.80758344579,-48161.32517314128,13243.389814631897,-69223.00174418639,1872.4868986756105,-23592.090164754933,85486.04591719068,58429.48281005543,74214.5441580481,61357.56870723836,-3517.992076055121,-44026.95337413405,-60753.454901625446,-5608.167803223694,54753.24170393108,36706.6457204051,38179.18524654513,-4704.7182476907965,55349.711322465155,-46512.490885104555,-77811.74313397137,-34213.5232080604,-43114.142937883524,-44167.33238718731,76004.58183030678,99198.93125913119,40468.49985807155,-68380.44877451056,-68225.58237986278,-26537.72771851657,80275.77133328216,-30497.825060142386,-14598.507364640529,-25035.358467398622,49270.58093757608,-50891.01473208127,11018.309227611047,4173.222964344334,-53307.85426162753,1572.2631497252576
40692.705639020765,8790.562412466546,-40958.14414596724,-12092.661245600822,-11116.917851445382,-55337.26996429931,3413.851885475804,-2578.9130887409724,-15480.915830672764,-26782.606115532075,40322.308574433526,25648.743135545064,-41022.24125837884,62113.37545928226,7353.374721524754,14931.347956947962,-24945.478754218933,-32918.96986114922,9052.418753182359,-47314.235626592475,1279.4882285029155,-16125.236058536913,58429.48281005543,39937.36639732355,50725.32489345572,41938.72187301672,-2404.6126670413237,-30092.533310765724,-41525.20677690506,-3833.9397564248993,37423.63091735622,25089.71424789661,26096.422176644635,-3215.4053922563226,37831.546319519824,-31792.455203929087,-53185.58890397008,-23385.434634498426,-29468.62874044818,-30189.26370976649,51950.224144968655,67803.10257723491,27660.628668583573,-46738.4711664679,-46632.056628448685,-18139.161127990945,54868.50735593825,-20845.278859653634,-9977.624807054744,-17111.81257929525,33677.05140333463,-34784.38639431101,7531.267934557046,2852.0103728644253,-36436.0809436767,1074.905522783834
51686.29612424008,11164.984764027622,-52023.42663075049,-15359.689184188626,-14120.587157120528,-70284.59449575492,4337.083118844397,-3275.2929132309687,-19663.13932374344,-34018.40602049211,51216.253797016245,32577.315386944072,-52103.98366745476,78892.62673686403,9338.546851778428,18964.887194159517,-31683.885787156163,-41810.62194439126,11497.103355378349,-60096.03900515969,1625.250294874043,-20481.19866682962,74214.5441580481,50725.32489345572,64429.7145362344,53267.118264304154,-3053.886944979769,-38221.60373228214,-52742.87896941972,-4868.935981237469,47533.54939725281,31866.965389990954,33145.152920843706,-4084.3677207741325,48051.80085916542,-40379.612937113896,-67552.033639138,-29702.701075791832,-37429.821041861505,-38343.656597581634,65982.93558887037,86119.47656607941,35132.73737030289,-59364.527677989856,-59230.07517768524,-23038.203469308413,69691.33702781894,-26476.55275311987,-12673.56529511824,-21734.28459507027,42773.82309258957,-44180.719778767576,9565.375434310927,3623.111350242684,-46278.98392000966,1364.774571397397
42731.691956253235,9231.09568810273,-43010.693454405686,-12698.575948039641,-11673.833128822831,-58110.44397129334,3584.79293585382,-2708.29960659897,-16256.577190611648,-28125.091323568646,42342.775940340725,26934.11371656892,-43078.238675237924,65226.03481904259,7721.884736470315,15679.550704191137,-26195.446639160036,-34568.84663950663,9506.04836292174,-49685.19408547773,1343.8125488408105,-16933.43465923123,61357.56870723836,41938.72187301672,53267.118264304154,44040.480726518545,-2525.235994446138,-31600.68763783858,-43606.21014559131,-4025.902758524392,39299.235378740515,26346.880182846962,27404.11833770966,-3376.56393628692,39727.385881318674,-33385.565465526954,-55850.81270910068,-24557.174189780166,-30945.213809589834,-31702.109315632068,54553.611916838345,71200.80639354803,29046.74079982015,-49080.551691429864,-48968.868880627255,-19048.368494162445,57618.0929539305,-21889.934393931464,-10477.738361510521,-17969.37127817498,35364.78589589496,-36527.60260280385,7908.722176477941,2994.8964713525643,-38262.074420201185,1128.8181889976624
-2449.790720900776,-529.2896206239808,2466.060165077103,727.9873425326349,669.1286442124464,3331.946048799215,-205.36876507119706,155.45152541958967,931.9508628866766,1612.9175287988198,-2427.528055430505,-1544.3552225030646,2470.213887323566,-3739.801847903278,-442.78787261128826,-898.9564818057449,1501.8303144673357,1982.3110660558696,-545.0482246165323,2848.6624847232533,-77.26038278718363,971.0265797152213,-3517.992076055121,-2404.6126670413237,-3053.886944979769,-2525.235994446138,144.92863023157972,1812.0027181994176,2500.2806055275114,230.67775951642625,-2253.470190685947,-1510.486002686469,-1571.2053435605492,193.61164823139674,-2277.798637394727,1914.1294083728665,3202.250482245444,1407.8442952672722,1774.0868222417566,1817.6790961550055,-3127.9422362585133,-4082.2783283871363,-1665.3981599950735,2813.968284623651,2807.6081979591213,1092.4199647295784,-3303.550443693813,1255.1189377665385,600.8463812710445,1030.3371384470192,-2027.7859944065904,2094.439630597527,-453.5078261020044,-171.64735734034457,2193.886603881169,-64.78155443788908
-30661.78383755042,-6623.672068816889,30862.27880599086,9111.774408584351,8376.384572534349,41696.29520398716,-2572.368893964275,1943.3945405371853,11664.6678528348,20181.521995987197,-30382.884420973096,-19326.299022393196,30910.735801592946,-46802.337538787026,-5540.4004625137395,-11250.671991000809,18796.08133163754,24804.478820633412,-6820.760135257067,35651.14157395704,-964.5199699710929,12150.540206247748,-44026.95337413405,-30092.533310765724,-38221.60373228214,-31600.68763783858,1812.0027181994176,22674.950242476785,31289.3400211394,2888.3096438897196,-28199.191411191154,-18904.658451724183,-19663.206800017837,2422.9946919113963,-28506.165515391836,23955.087469771937,40074.83850347464,17620.54557806851,22204.43691440021,22747.259845726272,-39144.197035498044,-51089.438506031445,-20842.101456905482,35217.242096161666,35137.39846501938,13667.857619612301,-41343.55629169703,15707.027334240867,7518.508499799672,12893.790403071873,-25375.608029770367,26210.068007714894,-5674.771418009219,-2149.141772088769,27454.709598674504,-809.8906288515376
-42310.95359303285,-9140.015786911512,42587.31482877734,12573.560375242763,11558.996867100803,57537.285938673376,-3549.8799375590656,2681.5600768348477,16096.459000134522,27848.49024136136,-41926.081786437484,-26668.71375841387,42653.9328100601,-64583.392110378285,-7645.235329112895,-15525.044771347011,25937.13954154395,34227.896451980996,-9412.051890167933,49195.818845148584,-1330.7175070791207,16766.609993248596,-60753.454901625446,-41525.20677690506,-52742.87896941972,-43606.21014559131,2500.2806055275114,31289.3400211394,43176.65471468216,3985.8605185581355,-38912.26364554404,-26087.020609725874,-27133.672174924515,3343.450072480048,-39336.1829143812,33056.01283532281,55300.04921927358,24315.13732372018,30640.502426485575,31389.343215442375,-54015.62529807765,-70499.29585461173,-28760.51291585601,48597.00605908678,48486.7650527166,18860.342443704376,-57050.700226118126,21674.338860058884,10374.819729515624,17792.2952641515,-35016.049057667326,36167.6102602318,-7830.642025982933,-2965.6480959976016,37885.18329369958,-1117.4802037350319
-3906.2499124853807,-843.8434256481413,3931.11959844412,1160.8139855164795,1067.3421330896415,5312.32386574093,-327.58116168719533,247.3364884228301,1486.2392858353808,2569.7811260905437,-3870.43274673205,-2462.0408968896622,3937.1237068695846,-5962.362976964354,-706.3865997773567,-1433.3789021204718,2394.9677835746033,3159.8960880952864,-869.2700124921282,4541.822069068166,-122.27873313320507,1547.6463390748065,-5608.167803223694,-3833.9397564248993,-4868.935981237469,-4025.902758524392,230.67775951642625,2888.3096438897196,3985.8605185581355,368.7588045137404,-3591.675558989208,-2408.924863499068,-2505.610375207746,308.4235731305508,-3631.289202061328,3052.483780854216,5105.964831741012,2245.2326500310564,2828.87198149658,2898.3421328733784,-4987.123479381494,-6508.64905851544,-2655.363205796441,4486.637250449346,4475.966371963338,1741.230707632627,-5266.597511025514,2000.7956708361135,957.2497195269023,1642.5087822042574,-3232.7568222029454,3338.9300449648067,-722.9954326851101,-273.5566720213774,3497.3354020676366,-103.27402416482543
38131.78165314185,8237.296844677921,-38381.31522609118,-11331.63966010629,-10417.083721948073,-51854.22074479931,3199.2203030060446,-2416.8972607501455,-14506.429383729312,-25098.684671253464,37785.075127046504,24034.663037144404,-38441.54918098483,58204.525086878115,6889.863882733817,13991.574588663476,-23375.0848601963,-30847.36497321677,8482.271184960371,-44336.669881782225,1199.6861650386527,-15110.775724838773,54753.24170393108,37423.63091735622,47533.54939725281,39299.235378740515,-2253.470190685947,-28199.191411191154,-38912.26364554404,-3591.675558989208,35069.43457091202,23510.067224253336,24453.35958131918,-3013.392992678569,35451.08259204601,-29790.740071646644,-49837.74583049766,-21913.207426243083,-27613.995007752168,-28288.803563433543,48680.416469215,63536.02715219342,25919.701143456517,-43796.981837567735,-43697.909028937676,-16997.586877056845,51416.01084541289,-19533.705953119188,-9350.431258154322,-16035.036602045646,31557.6023471204,-32595.46206717752,7057.21692619289,2672.8501900149136,-34143.43690055062,1007.1028858537604
25564.38260166002,5522.450812358133,-25730.736404580544,-7596.984831913673,-6984.128861691324,-34764.27910234558,2144.7373444782984,-1619.9413303693227,-9725.6503775584,-16824.86277288927,25331.573492558473,16113.10579325536,-25770.751143920148,39021.13504799239,4619.717408186852,9380.303110929284,-15671.582717248764,-20680.287211222538,5687.052496833849,-29724.028598158304,803.4718478992991,-10130.09125680165,36706.6457204051,25089.71424789661,31866.965389990954,26346.880182846962,-1510.486002686469,-18904.658451724183,-26087.020609725874,-2408.924863499068,23510.067224253336,15762.246256064882,16394.630291692207,-2019.9195177598874,23766.629718917,-19973.08403245619,-33412.69097744609,-14691.558309373595,-18513.088374189145,-18965.77048080469,32636.48192443041,42595.67107572534,17377.149232140426,-29362.374507779892,-29295.337495270574,-11395.277808828303,34469.65738969268,-13095.428102931084,-6267.941220156487,-10749.999570169124,21156.68906570292,-21852.311204452544,4731.3091567910615,1791.6844282938246,-22889.88977753572,675.2746636918291
26589.771399630397,5744.042629737032,-26762.92805900749,-7901.680605970278,-7264.171116410457,-36159.313401815256,2230.553692403709,-1685.06070200549,-10115.7510578043,-17499.947681282916,26347.589816239222,16759.626027279595,-26804.820650027,40586.6983943467,4805.269220904998,9756.62354407382,-16300.342261847762,-21510.284370886635,5915.317697687199,-30916.493885500022,835.7890464066638,-10536.597390751196,38179.18524654513,26096.422176644635,33145.152920843706,27404.11833770966,-1571.2053435605492,-19663.206800017837,-27133.672174924515,-2505.610375207746,24453.35958131918,16394.630291692207,17052.523888646276,-2100.928045572666,24720.087872477034,-20774.543573747636,-34753.39491522442,-15280.928869645826,-19255.675937508342,-19726.817961595472,33946.04523056289,44304.57904891855,18074.35117081672,-30540.321547786334,-30470.5180724819,-11852.76342007252,35852.468000136076,-13620.823663739304,-6519.370017821238,-11181.322214745765,22005.649393084783,-22729.130886396582,4921.209209065397,1863.4435211386829,-23808.292285021675,702.4613194201937
-3276.461187360986,-707.7661045048666,3297.977650310674,973.6798239421851,895.0658510991404,4455.259375786027,-274.9677620849045,207.66250934165936,1246.4027960634614,2156.746118843192,-3246.7406614729384,-2065.0613994721816,3303.084353761207,-5001.054655181201,-591.8157928294763,-1202.1761188976168,2008.3757206688745,2650.3676100741536,-728.7094818367352,3809.5019339616197,-103.16212709126185,1298.3721083600483,-4704.7182476907965,-3215.4053922563226,-4084.3677207741325,-3376.56393628692,193.61164823139674,2422.9946919113963,3343.450072480048,308.4235731305508,-3013.392992678569,-2019.9195177598874,-2100.928045572666,259.02471627620645,-3046.096046740419,2559.520384439122,4281.980083216678,1882.7513906699287,2372.6867394473356,2430.48744737282,-4182.608783431867,-5459.155339558202,-2227.0095482273123,3763.12195026689,3754.7420149569284,1460.342777851431,-4417.88470341149,1678.42455546617,803.5218595257315,1377.7677067742598,-2711.448448144317,2800.6714086010343,-606.3326583593586,-229.77391468507562,2933.70489110977,-86.48541536638628
38547.70350256679,8326.993753836434,-38799.39217702026,-11455.24796246839,-10530.99310295521,-52419.25245490538,3234.3183288216624,-2442.948955267816,-14664.793074899339,-25371.424611641665,38197.10708321917,24296.558822054452,-38859.878634241875,58838.855710520016,6965.030599195059,14144.143683257413,-23630.08394964753,-31183.180912440013,8574.773697120889,-44820.05164649209,1212.2998219593085,-15275.205122314119,55349.711322465155,37831.546319519824,48051.80085916542,39727.385881318674,-2277.798637394727,-28506.165515391836,-39336.1829143812,-3631.289202061328,35451.08259204601,23766.629718917,24720.087872477034,-3046.096046740419,35837.392886990805,-30115.61681787025,-50381.1110752392,-22152.41391117849,-27915.240602333855,-28597.218585688326,49210.9043768361,64228.59774821212,26202.33351667279,-44274.48084971367,-44174.12464922414,-17182.53518844649,51976.284280708125,-19746.466958824298,-9452.053545823443,-16209.686093549917,31901.32405046016,-32950.5187153968,7134.058261405962,2701.970635940703,-34515.37151920857,1017.9965242092456
-32393.4899467935,-6997.8937870568425,32604.42527555001,9626.39105079629,8849.615289956373,44051.79284979137,-2717.3276495125633,2052.831651572836,12323.654855399891,21319.489164355884,-32098.38293710641,-20417.620539749154,32655.42042570394,-49445.388032263305,-5854.18036037623,-11886.183225837685,19858.211324000895,26205.241168591274,-7206.519249567718,37664.418185720824,-1018.1967635909762,12836.365478619606,-46512.490885104555,-31792.455203929087,-40379.612937113896,-33385.565465526954,1914.1294083728665,23955.087469771937,33056.01283532281,3052.483780854216,-29790.740071646644,-19973.08403245619,-20774.543573747636,2559.520384439122,-30115.61681787025,25309.14648103869,42338.889785617765,18616.20482323023,23458.52406649511,24032.578793989185,-41355.49476260261,-53974.81241992193,-22019.268937388748,37206.27977460841,37121.19875175394,14439.741049815608,-43677.884473194164,16593.799141137446,7942.284960065705,13621.868284144784,-26808.878684575215,27690.169675711506,-5995.38325751695,-2270.187847331818,29004.77054911577,-855.8550820445813
-54191.43936013359,-11706.566312959547,54544.762699833096,16104.074328615608,14804.746940658715,73694.05134106943,-4546.280251348864,3434.3504990749334,20616.358825263513,35666.755627368424,-53698.124415533945,-34157.04487476119,54630.1087532356,-82717.86982312573,-9792.798410432877,-19884.45055899479,33220.6013806489,43838.97556644463,-12055.376424283077,63009.53961676602,-1703.7774262818355,21474.301944829753,-77811.74313397137,-53185.58890397008,-67552.033639138,-55850.81270910068,3202.250482245444,40074.83850347464,55300.04921927358,5105.964831741012,-49837.74583049766,-33412.69097744609,-34753.39491522442,4281.980083216678,-50381.1110752392,42338.889785617765,70828.69742003766,31143.06921612871,39244.11106501695,40203.85938663024,-69183.39029282668,-90295.02635088052,-36836.402086463226,62242.74582443484,62100.9192231826,24156.40049497862,-73069.58093235745,27760.10617900664,13287.299431463785,22788.164783238528,-44848.4971079613,46323.17109161234,-10029.573203364012,-3798.034037733492,48522.763135968016,-1431.4824893729838
