V1,V2,V3,V4,V5,V6,V7,V8,V9,V10,V11,V12,V13,V14,V15,V16,V17,V18,V19,V20,V21,V22,V23,V24,V25,V26,V27,V28,V29,V30,V31,V32,V33,V34,V35,V36,V37,V38,V39,V40,V41,V42,V43,V44,V45,V46,V47,V48,V49,V50,V51,V52,V53,V54,V55,V56
86.69475713094299,13.04875151630637,-54.902509303595444,89.44533069262319,-84.97042711799426,-19.54091457194683,-3.141561461909315,-91.1954913534747,141.20733083877502,1.8061832460627443,52.96264318599763,141.35526526393647,120.78850262283157,-67.73604557305062,155.27382598567405,-106.45103477880366,-92.10554850763674,63.50933751525133,-20.243346145004175,22.514269466689516,-67.81367027080225,81.05548303971517,38.78341545644206,109.69902586021256,-220.99239189432336,-111.51266894744231,-96.36639437342113,80.8979132950578,-166.55546615799312,35.206179789735884,-210.45924511885156,-51.92278662116065,-73.96320257136252,-255.1909620469575,-25.367169192452128,177.82719340380672,-149.6881891221673,33.673527943916056,-78.03469774573742,-64.95359119085275,-94.48998818518025,-41.72983295014552,84.62295744193325,16.557414296002626,-162.36472815963612,-184.67533783436895,-76.97849594782961,-75.91334864358656,-54.94488694011822,62.48201224021271,2.6806625764187766,16.66322145569032,48.440179909461094,-49.55816722533202,-9.838013279092447,273.43003994040436
13.04875151630637,2.106382988195406,-8.18997751332612,13.227700571382236,-12.75261687989408,-3.0267165925259722,-1.0013386191206248,-13.603189297521313,21.077212520845965,-0.06921481283541486,7.844943423564788,21.26602203774313,17.846549687672137,-9.889987247093764,23.094960251706375,-15.73202927042309,-13.547772799878842,9.493503721464323,-3.2072112539037936,3.2560637421442613,-10.074889688995226,11.777393921251333,5.8819076093243226,16.349131653300976,-33.05944969674321,-16.739774496070176,-14.469000053183429,11.81327921208828,-24.674998098004735,5.263934069330646,-31.397487674798334,-7.527447844294199,-11.316113102150437,-37.89003610820218,-3.6362315798588423,26.1329059646105,-22.005241504932066,5.134800643113229,-11.438557263137039,-9.229014560205608,-13.845441457079598,-6.337192403266757,12.717105103597772,2.5051155060008665,-24.09452131349147,-27.18317262621257,-11.685135216587422,-11.546457347853785,-8.017907610984178,9.486994211077619,0.5212361853231817,2.3656970412522207,7.179162182046431,-7.34848106281354,-1.348026710752334,40.8180941033741
-54.902509303595444,-8.18997751332612,34.90239211685437,-56.905994436228404,53.92501185823458,12.254635579709992,1.4432904981988963,57.88790893086312,-89.73471344244479,-1.555325610169487,-33.74219235304572,-89.71539567286402,-76.98094294816322,43.33851412183062,-98.72900500087337,67.84085797532428,58.66004301029125,-40.18043584936667,12.566166549739105,-14.366271142529104,43.138965922812815,-51.75738930385413,-24.445013886573467,-69.70223845603876,140.30085787558005,70.72361213931711,61.12829657851682,-51.66010367337599,106.0585162994695,-22.318377707037833,133.67127360913622,33.338070481380015,46.718844839836265,162.31076326757824,16.24042772510744,-113.51106278697068,95.37199399200438,-21.179946012139798,49.816156167556386,41.83357419381223,60.32236054398776,26.371934946435083,-53.66370323188709,-10.489910069737611,103.23751465798473,117.77331604346203,48.71290674265596,47.952082207496915,35.21789876897058,-39.439527581234856,-1.5363335699623848,-10.681279396110604,-30.859994956914502,31.527750009021638,6.386620394160068,-173.63697117028192
89.44533069262319,13.227700571382236,-56.905994436228404,92.87732710687983,-87.86418433908818,-19.909567719653833,-1.9600731574135664,-94.39820907322854,146.30267769665846,2.7770226862611858,55.05362961197417,146.13693862623072,125.63532083544786,-70.80744794515765,161.02703285567424,-110.71578433046498,-95.80151051952383,65.52627642005953,-20.36580907912885,23.50832070096704,-70.36968687161503,84.63843480407274,39.80189055206626,113.66103727433017,-228.69818151953194,-115.23926490502028,-99.60120150824622,84.42147640704242,-173.04469311959485,36.392425665478655,-217.95767535029123,-54.5051153773691,-75.96402531838777,-264.7865302508481,-26.592386415993644,185.34930123975096,-155.7653811655106,34.47016531410772,-81.37515713200813,-68.53883687964525,-98.5366973820091,-42.92169831753818,87.43581676252873,17.07739384649589,-168.43261721734493,-192.29758335070068,-79.2779461481129,-78.02646969647675,-57.53801560951862,64.19725548856071,2.4230523739382313,17.50873542956262,50.3479615366708,-51.44182024397934,-10.499316125423263,283.105708138418
-84.97042711799426,-12.75261687989408,53.92501185823458,-87.86418433908818,83.40534748366049,19.042513023821748,2.7234486112831573,89.47655195700997,-138.646818533857,-2.058190510370477,-52.06823415853778,-138.74897259929008,-118.77877060497278,66.74742113737838,-152.51938032238334,104.67560754078852,90.47809889872259,-62.18343381257385,19.658670809936734,-22.123875992717213,66.6068997878911,-79.70006041395193,-37.92191944397887,-107.72643625815142,216.89460576017416,109.41610487602068,94.55797662049876,-79.59757406968706,163.7230962744077,-34.48888184593301,206.60252523104643,51.21213276645646,72.4493771390122,250.65088640299066,24.990721085197894,-175.01723541487948,147.06106817767656,-32.872548148651546,76.75452919904146,64.15567659821787,92.97329921503723,40.867898556381256,-82.98858764365885,-16.236685253022333,159.44908178165434,181.59190536110256,75.44515223771074,74.36556552671541,54.172755821036674,-61.15496965108233,-2.501997297493816,-16.41740717978869,-47.619366868552056,48.67217182490836,9.75596485101211,-268.3924101877701
-19.54091457194683,-3.0267165925259722,12.254635579709992,-19.909567719653833,19.042513023821748,4.523303077678552,1.2122487520212566,20.429265665087055,-31.55696375677554,-0.0350811563057,-11.758762337854616,-31.696202254941717,-26.778816032087043,14.860091606896752,-34.62526314573123,23.604523790299748,20.46306213415843,-14.337550489205324,4.7778314540825555,-4.972874871778816,15.115978460333793,-17.885048032939796,-8.834236133347607,-24.499420583934228,49.49408982364695,25.026723735529327,21.62416048794091,-17.839075347009523,37.00300057049407,-7.928493812605472,47.06673492743852,11.320009497508291,16.78458662458326,56.88045299137235,5.5435570752925765,-39.251410308478086,33.23327236100629,-7.720108927800424,17.240816869203204,14.01645975328827,20.85493398699087,9.455411417777151,-19.023066424730107,-3.730515642646953,36.20836755728964,40.89744863243983,17.393647329243553,17.20024742299635,12.021421712146182,-14.188368804673384,-0.7518820608315321,-3.62997347240412,-10.757902590913439,11.043878498449779,2.0726041194046214,-61.180396691528074
-3.141561461909315,-1.0013386191206248,1.4432904981988963,-1.9600731574135664,2.7234486112831573,1.2122487520212566,3.0028999768768614,2.62042603014176,-3.7899465483881736,1.9696972815959026,-1.0317362639581433,-4.563652823240147,-2.2139980503003285,0.49419390029789256,-3.90010262898491,1.9595992402956692,1.5646117773292807,-2.249374500493745,1.8995492185707146,-0.16488588417991823,1.561222256419824,-0.6113144488834902,-1.8758037111970336,-3.004346355181486,6.555290512981887,3.72072283602232,3.1688672827510342,-0.8236092041159983,3.4939355014612454,-1.0485264059992323,5.914277779756131,-0.22878264301636284,3.519359012699049,5.990158643237836,0.008630161878938449,-2.453599912145362,2.355635806108215,-1.7746432542614832,0.8771126658156899,-1.043755324195999,1.1371900618456456,1.8179928380045456,-2.759820275057034,-0.618868826061288,3.8988667659197955,2.7749494388548746,3.137364841128543,3.516736740502311,0.12128037651064041,-2.8835651442957553,-0.8366301220172593,0.09917205135042205,-0.9476706005550396,1.0979256804160744,-0.4100870271383888,-7.81610687076109
-91.1954913534747,-13.603189297521313,57.88790893086312,-94.39820907322854,89.47655195700997,20.429265665087055,2.62042603014176,96.09341225366275,-148.86188695914706,-2.3860681004035253,-55.928120261825676,-148.84200215114097,-127.5873378531005,71.73172189236652,-163.75980709986254,112.44030751244466,97.30470110837334,-66.811037507355,21.014792789915795,-23.834517736845722,71.54969643978129,-85.8098420621687,-40.68252391119437,-115.6364477687438,232.82393788425264,117.38904804566072,101.45478600114814,-85.60316157020253,175.82556305102347,-37.0808213500284,221.80660551926923,55.12300727794849,77.61182166077576,269.2270058393997,26.902777465844153,-188.03444832601372,158.18032835147372,-35.282663915430774,82.55030664914605,69.13818006673971,99.9471125049241,43.82461371506496,-89.08879545767114,-17.413708980055834,171.2732528070774,195.20169535183493,80.89682975594742,79.68211724444413,58.2495194937432,-65.57922153461523,-2.6404223163317306,-17.695252530731512,-51.1510131598175,52.297527279299246,10.53280853827426,-288.1396320125334
141.20733083877502,21.077212520845965,-89.73471344244479,146.30267769665846,-138.646818533857,-31.55696375677554,-3.7899465483881736,-148.86188695914706,230.73217683442175,3.9342687608676092,86.74314082940249,230.6822601041832,197.88228464230488,-111.36303793138377,253.82509180906567,-174.3901695141036,-150.83450479761947,103.36237814196572,-32.35587596902958,36.94050605573538,-110.92009973755475,133.07322271932682,62.88921338686399,179.1996405273885,-360.7626487654639,-181.8480938590608,-157.17992071513092,132.7905671797667,-272.6382527947484,57.42360398342061,-343.6953803001963,-85.68397412905966,-120.15723265529415,-417.31807806320205,-41.73124319393117,291.73670707455966,-245.23818815004165,54.513447307684125,-128.07100423181365,-107.48392197441476,-155.0528173922213,-67.83280437341611,138.01839579140082,26.977088653202014,-265.43670698873285,-302.7757954735473,-125.28563014741755,-123.31337528470891,-90.50655354734194,101.44841435975566,3.985130363137534,27.449013055364667,79.33619434897933,-81.06711766652737,-16.3970067118023,446.46539463451865
1.8061832460627443,-0.06921481283541486,-1.555325610169487,2.7770226862611858,-2.058190510370477,-0.0350811563057,1.9696972815959026,-2.3860681004035253,3.9342687608676092,1.4976786068796082,1.7607551329155295,3.423926581403101,4.107391316424213,-2.852432745873391,4.50583113314009,-3.6141785043608055,-3.1685140090770423,1.3118050262485086,0.4373801703733258,0.9143086117019976,-2.0692570051518357,3.3202263137420385,0.4464442833828394,3.0026328153164825,-5.693035393671857,-2.5791837624206084,-2.266726072345692,3.1956971797613622,-5.343793386259265,0.884083787904505,-5.641396663349983,-2.6358156004724678,-0.9822404614840058,-7.6878026113431215,-1.1667363820230774,6.631917171439527,-5.290854804475076,0.27544033774114696,-3.034243032960484,-3.8055400642240595,-3.6236672118207416,-0.6557468918863635,2.000547521573564,0.339581003322968,-4.810333334723988,-6.689781630287659,-1.3880125770102922,-1.048096801659572,-2.533085004922806,0.8475616657775781,-0.4836767479112703,0.8351410585369368,1.6086068387480061,-1.536634613288266,-0.754230350685864,7.2342131060203165
52.96264318599763,7.844943423564788,-33.74219235304572,55.05362961197417,-52.06823415853778,-11.758762337854616,-1.0317362639581433,-55.928120261825676,86.74314082940249,1.7607551329155295,32.66780966652313,86.63321914031738,74.54175731686355,-42.06094794290288,95.46167962270756,-65.69093813623927,-56.81140491672911,38.75583572687975,-11.964907055847208,13.937358757162812,-41.73335793728829,50.220692859481495,23.513442763155744,67.36126655019389,-135.53626721264624,-68.26528116501986,-59.01220685965487,50.10171889473301,-102.63998321559731,21.56136795931572,-129.16609082781596,-32.4456648720417,-44.96871417000618,-156.99642753345714,-15.775893806915189,110.01412474732311,-92.39519884267357,20.355996806589726,-48.31071732267023,-40.795142542225086,-58.483845305976345,-25.401847124133322,51.81447165464239,10.118894248361075,-99.8398894182052,-114.12272905304054,-46.95558072190441,-46.15534763438645,-34.225951488192045,37.961401962186855,1.3866473936921133,10.388247444849913,29.877806406991116,-30.504583887536075,-6.257808405299962,167.7692478364865
141.35526526393647,21.26602203774313,-89.71539567286402,146.13693862623072,-138.74897259929008,-31.696202254941717,-4.563652823240147,-148.84200215114097,230.6822601041832,3.423926581403101,86.63321914031738,230.87164785047642,197.59759350568982,-111.03473097139356,253.7076493899276,-174.14022247946977,-150.51441626491118,103.40587886167204,-32.66728639707543,36.79008622584179,-110.82227458597119,132.5770407022313,63.05330965032305,179.18234777394736,-360.83376921138336,-182.00225527299474,-157.3019855130678,132.40056485169094,-272.3560040192306,57.39944497260932,-343.6729517061107,-85.2678992339599,-120.54717818137969,-416.97946101824,-41.537954395353324,291.1324291836064,-244.67007462050233,54.675391139144686,-127.71422585629487,-106.74995850739259,-154.66052809028642,-67.98861222498313,138.09538522597816,27.018581277090806,-265.22909507560985,-302.1321811923341,-125.53995906498947,-123.67385352036762,-90.1735649144033,101.70850200956083,4.16329634909017,27.28694620999478,79.23620259830129,-80.97752094241993,-16.222363353207232,446.46590345213167
120.78850262283157,17.846549687672137,-76.98094294816322,125.63532083544786,-118.77877060497278,-26.778816032087043,-2.2139980503003285,-127.5873378531005,197.88228464230488,4.107391316424213,74.54175731686355,197.59759350568982,170.1151206176597,-96.0305480727649,217.81758308972428,-149.91300053897254,-129.63992337991834,88.40073563442816,-27.251882920378318,31.817495737847757,-95.21278090269864,114.63336695846824,53.61820191735949,153.69835462461032,-309.1835488094865,-155.72662877794787,-134.61212381999033,114.36948200599312,-234.22525219166485,49.16236383747664,-294.68744113018084,-74.05669152189233,-102.52058566094706,-358.2104611329262,-36.03952705542342,251.12198594119494,-210.83197130137836,46.39649461894645,-110.25189465415414,-93.1824506510202,-133.49445592749146,-57.91969195761056,118.1646296132202,23.074488447412136,-227.8083112831549,-260.43372378169767,-107.06424997766263,-105.26225277156603,-78.12220757603063,86.5637894846969,3.1250383809762896,23.7345102925363,68.17210419574947,-69.59750556648063,-14.311242921179552,382.74708673500885
-67.73604557305062,-9.889987247093764,43.33851412183062,-70.80744794515765,66.74742113737838,14.860091606896752,0.49419390029789256,71.73172189236652,-111.36303793138377,-2.852432745873391,-42.06094794290288,-111.03473097139356,-96.0305480727649,54.427233156473356,-122.66406693240873,84.62265048014817,73.15151327327587,-49.5453702017873,14.956062150524088,-17.997720297314125,53.64499053503497,-64.87004785347702,-29.925991767020253,-86.49268395289872,173.82982748154004,87.4574074899789,75.61080864800863,-64.71016031342306,132.10340461164134,-27.603934191534847,165.76558959345348,42.11639041582913,57.309862301957224,201.7995883125945,20.453625342098704,-141.99276108342877,119.0119967443192,-25.838048288377177,62.35272494369405,53.18049238209931,75.50020534469581,32.4043637953269,-66.35243746427271,-12.94150824409756,128.30364158634814,147.1258447056256,59.97432239401996,58.86063528499206,44.348921459895244,-48.37671910730307,-1.541182781135928,-13.4903193893052,-38.464763828866374,39.218283830835375,8.234862306851877,-215.26058703450445
155.27382598567405,23.094960251706375,-98.72900500087337,161.02703285567424,-152.51938032238334,-34.62526314573123,-3.90010262898491,-163.75980709986254,253.82509180906567,4.50583113314009,95.46167962270756,253.7076493899276,217.81758308972428,-122.66406693240873,279.3152102270222,-191.95276946864914,-166.00278225435954,113.67781397880712,-35.50510666485023,40.679432519389884,-122.03849011724628,146.51849450336206,69.13559873365521,197.190997554485,-396.8507272076644,-200.03870158012944,-172.8917025550399,146.22437884264238,-300.07604746274757,63.12255136703241,-378.1419835934324,-94.34455166641982,-132.05952208440894,-459.20313640797997,-46.00327716503861,321.23189301967926,-269.8868510894276,59.886079755562605,-140.97376940373408,-118.47475620516192,-170.7224941977314,-74.56571026287693,151.7605133754511,29.65961743562181,-292.09208843652056,-333.25794479247406,-137.72283167941512,-135.59336642409832,-99.65708831715263,111.52762666060023,4.308315485780691,30.264218136780478,87.3040940008857,-89.1975320338428,-18.107154709293305,491.1891409944904
-106.45103477880366,-15.73202927042309,67.84085797532428,-110.71578433046498,104.67560754078852,23.604523790299748,1.9595992402956692,112.44030751244466,-174.3901695141036,-3.6141785043608055,-65.69093813623927,-174.14022247946977,-149.91300053897254,84.62265048014817,-191.95276946864914,132.1105031733624,114.24854989677883,-77.90721938301634,24.018238389544912,-28.03926178238567,83.90926400929838,-101.02220035178942,-47.253502699976124,-135.44658750202814,272.476886267975,137.2364208990818,118.63010189983476,-100.78636868987304,206.41009772746997,-43.33011897555804,259.6979179276123,65.26504230834564,90.35239400899226,315.6792461357103,31.756370199385465,-221.29450915829744,185.8030763448747,-40.89217039235998,97.16193061262366,82.11350430029485,117.64020922192776,51.045179983961944,-104.14041255515724,-20.33575351907304,200.758713420292,229.51122304343082,94.35724098797382,92.76390987057714,68.84575691125569,-76.28820656551522,-2.757094117261599,-20.913956661617295,-60.07812258735862,61.33492518579905,12.609594974684047,-337.30323080975234
-92.10554850763674,-13.547772799878842,58.66004301029125,-95.80151051952383,90.47809889872259,20.46306213415843,1.5646117773292807,97.30470110837334,-150.83450479761947,-3.1685140090770423,-56.81140491672911,-150.51441626491118,-129.63992337991834,73.15151327327587,-166.00278225435954,114.24854989677883,98.94983224846364,-67.50449113038161,20.78250661549732,-24.32061819638599,72.59867784713236,-87.55185963173204,-40.909039308159365,-117.11996196452104,235.66458645368186,118.64931802207018,102.56737419604467,-87.2342440733185,178.48661388504271,-37.55915960946248,224.62205610558792,56.477521295099464,78.05757107907091,273.1052525011968,27.49843105781439,-191.34031679908117,160.93625152550237,-35.44064721073825,84.11174613762603,71.09804018875803,101.78209476914446,44.14496806911253,-90.1033002120541,-17.579579694821813,173.70263571884146,198.61246540721376,81.57056730665006,80.15645281425581,59.528700214196306,-65.9921288448868,-2.397855684152778,-18.129623510020945,-51.959845216841,53.08181866471591,10.919506776524495,-291.7533690642704
63.50933751525133,9.493503721464323,-40.18043584936667,65.52627642005953,-62.18343381257385,-14.337550489205324,-2.249374500493745,-66.811037507355,103.36237814196572,1.3118050262485086,38.75583572687975,103.40587886167204,88.40073563442816,-49.5453702017873,113.67781397880712,-77.90721938301634,-67.50449113038161,46.612672821535945,-14.876459976780742,16.529163480602833,-49.64836907133593,59.43347420832877,28.457179494689743,80.3166039279144,-161.79688099121543,-81.6388969751331,-70.54220657026434,59.25402666738034,-121.904435178702,25.813362483268175,-154.1114781050187,-37.953566934037454,-54.10806585732347,-186.86161473873437,-18.60439938411349,130.1274316833768,-109.69371799791588,24.72309135038836,-57.138697572650386,-47.536935682226385,-69.1800544483515,-30.56082285248764,61.95892145859863,12.114630801155613,-118.92327402113912,-135.20663412813767,-56.3321013087791,-55.584508807708076,-40.15530229935367,45.79251679466488,1.9845578344248962,12.232248344386756,35.44468659524428,-36.294465785668606,-7.20369409237939,200.22418855204475
-20.243346145004175,-3.2072112539037936,12.566166549739105,-20.36580907912885,19.658670809936734,4.7778314540825555,1.8995492185707146,21.014792789915795,-32.35587596902958,0.4373801703733258,-11.964907055847208,-32.66728639707543,-27.251882920378318,14.956062150524088,-35.50510666485023,24.018238389544912,20.78250661549732,-14.876459976780742,5.25935065686732,-5.01136093444664,15.434856866593773,-17.98722815344261,-9.294595299666224,-25.198100183450066,50.9359068434214,25.886359650922234,22.339154473322505,-18.009758721860685,37.77209871215596,-8.125725412583586,48.40398731135102,11.158175848688328,17.570605595441013,58.17701398883182,5.571280985283315,-39.78424175404971,33.67605601438651,-8.130684977769203,17.375822019240495,13.707070663267917,21.087406634644587,9.866532950246535,-19.594745384092718,-3.862301134540804,37.083810125776694,41.4172206954413,18.072574361483706,18.051766218954654,11.967751085532129,-14.874274643257985,-0.946737615896395,-3.6224442326719624,-10.941349986672801,11.270270638997124,1.9778372171331815,-62.93878036479804
22.514269466689516,3.2560637421442613,-14.366271142529104,23.50832070096704,-22.123875992717213,-4.972874871778816,-0.16488588417991823,-23.834517736845722,36.94050605573538,0.9143086117019976,13.937358757162812,36.79008622584179,31.817495737847757,-17.997720297314125,40.679432519389884,-28.03926178238567,-24.32061819638599,16.529163480602833,-5.01136093444664,6.000776132558435,-17.80071041925356,21.58004158085232,9.979661504078635,28.68449826850221,-57.68157628482857,-29.010856836703073,-25.079652173280756,21.469184280955282,-43.777607196856245,9.203214993640048,-55.00924006786612,-13.930192160454515,-19.00050944482257,-66.96372997374274,-6.7917230724868896,47.01177719744725,-39.56532420547779,8.639601263539188,-20.68980040738926,-17.605039342400747,-25.029127250782405,-10.766819647922437,22.03716694100152,4.2916872199355005,-42.593983832742,-48.80161389560315,-19.897971449726825,-19.532211583365033,-14.655781172778449,16.093381460632823,0.5400009818530846,4.488132577710795,12.746330879054801,-13.021543405781625,-2.722110030608715,71.44064764630323
-67.81367027080225,-10.074889688995226,43.138965922812815,-70.36968687161503,66.6068997878911,15.115978460333793,1.561222256419824,71.54969643978129,-110.92009973755475,-2.0692570051518357,-41.73335793728829,-110.82227458597119,-95.21278090269864,53.64499053503497,-122.03849011724628,83.90926400929838,72.59867784713236,-49.64836907133593,15.434856866593773,-17.80071041925356,53.347149203108394,-64.1202052610149,-30.16070209896878,-86.13478994819032,173.37227975689186,87.3493735256847,75.50572963115724,-63.95550675583081,131.1426300605783,-27.604570131886884,165.1965152583755,41.33815926575404,57.6234518707362,200.69320010153544,20.11902234664942,-140.43700002946935,118.05582256369787,-26.135759526475315,61.67984560592716,51.918627839960486,74.65998861507806,32.54796719158772,-66.31140453661777,-12.95314679228869,127.64354415065537,145.75067097443755,60.13364272718828,59.14182534214014,43.62782988538479,-48.66264315971357,-1.8508635382952783,-13.244044599399112,-38.17003896234691,38.99392944263045,7.941156462794831,-214.58260710271475
81.05548303971517,11.777393921251333,-51.75738930385413,84.63843480407274,-79.70006041395193,-17.885048032939796,-0.6113144488834902,-85.8098420621687,133.07322271932682,3.3202263137420385,50.220692859481495,132.5770407022313,114.63336695846824,-64.87004785347702,146.51849450336206,-101.02220035178942,-87.55185963173204,59.43347420832877,-17.98722815344261,21.58004158085232,-64.1202052610149,77.67123523236458,35.882416425691346,103.30633176622091,-207.75159861613014,-104.48152708871183,-90.3330917515854,77.31677534047563,-157.71113912131057,33.123727128765914,-198.1017316275694,-50.25004631080213,-68.45775278560446,-241.17543449297688,-24.436598381878206,169.39209285080426,-142.44900256759982,31.054970520135544,-74.53201950433335,-63.45380393136874,-90.1600888146493,-38.766502280138475,79.37337509977863,15.463350953801086,-153.37408895355125,-175.80156235380258,-71.68417113877769,-70.32362838787475,-52.864803662907114,57.9116308689953,1.9214158987938386,16.140637005746015,45.93150016912903,-46.89588129222362,-9.808496123247359,257.27466954076726
38.78341545644206,5.8819076093243226,-24.445013886573467,39.80189055206626,-37.92191944397887,-8.834236133347607,-1.8758037111970336,-40.68252391119437,62.88921338686399,0.4464442833828394,23.513442763155744,63.05330965032305,53.61820191735949,-29.925991767020253,69.13559873365521,-47.253502699976124,-40.909039308159365,28.457179494689743,-9.294595299666224,9.979661504078635,-30.16070209896878,35.882416425691346,17.465051290745407,48.89436169060646,-98.56061606596539,-49.81357919402355,-43.030596760599906,35.82286870729602,-74.01886485621453,15.711664107363202,-93.83107744304499,-22.794712735218877,-33.192937818912675,-113.55289600335271,-11.211274324449974,78.7962835671788,-66.4360821524138,15.190219675993271,-34.546032972380566,-28.43380242386292,-41.85484525851617,-18.717035166173844,37.774781614709454,7.40095051813781,-72.28825283545304,-81.8792926633859,-34.459571721894385,-34.09604746513133,-24.190168417440656,28.079400292655777,1.3378805471357607,7.351677801536522,21.50366917564789,-22.04074781553659,-4.2679984431492715,121.92678148960893
109.69902586021256,16.349131653300976,-69.70223845603876,113.66103727433017,-107.72643625815142,-24.499420583934228,-3.004346355181486,-115.6364477687438,179.1996405273885,3.0026328153164825,67.36126655019389,179.18234777394736,153.69835462461032,-86.49268395289872,197.190997554485,-135.44658750202814,-117.11996196452104,80.3166039279144,-25.198100183450066,28.68449826850221,-86.13478994819032,103.30633176622091,48.89436169060646,139.24010920582734,-280.242442308682,-141.30711937964875,-122.1215417690918,103.12437864472986,-211.78443830254616,44.56465869939755,-267.0140622902042,-66.44419530190834,-93.37021968264939,-324.1358551329041,-32.43134124327586,226.60835669125927,-190.3876260173686,42.35850077518648,-99.41428792027037,-83.39311244062948,-120.41503362165312,-52.707046245472156,107.17820286337027,20.95405624833559,-206.19376528028468,-235.08430918289218,-97.32317759143179,-95.87942784204752,-70.2268273481671,78.8568900590777,3.1079576897071255,21.325974355736736,61.603552572446894,-62.952693664211075,-12.727078770648657,346.84757801117064
-220.99239189432336,-33.05944969674321,140.30085787558005,-228.69818151953194,216.89460576017416,49.49408982364695,6.555290512981887,232.82393788425264,-360.7626487654639,-5.693035393671857,-135.53626721264624,-360.83376921138336,-309.1835488094865,173.82982748154004,-396.8507272076644,272.476886267975,235.66458645368186,-161.79688099121543,50.9359068434214,-57.68157628482857,173.37227975689186,-207.75159861613014,-98.56061606596539,-280.242442308682,564.245722746425,284.52776956084097,245.90881026285788,-207.35098240524079,426.0948146131371,-89.80512263058431,537.5085173950018,133.5534218317024,188.21053388088643,652.3559170998885,65.132054295708,-455.65736743776483,383.09809508242887,-85.45808692932526,199.9677027604661,167.4198837361446,242.13981558960262,106.22650879270432,-215.90073155946598,-42.21614677177633,414.9784769403733,472.91955900962853,196.12166132501974,193.1837280371037,141.1665597160705,-158.9322286436725,-6.407873945617266,-42.82019198792514,-123.95995691206711,126.70637412249184,25.49208057129629,-698.2559321407613
-111.51266894744231,-16.739774496070176,70.72361213931711,-115.23926490502028,109.41610487602068,25.026723735529327,3.72072283602232,117.38904804566072,-181.8480938590608,-2.5791837624206084,-68.26528116501986,-182.00225527299474,-155.72662877794787,87.4574074899789,-200.03870158012944,137.2364208990818,118.64931802207018,-81.6388969751331,25.886359650922234,-29.010856836703073,87.3493735256847,-104.48152708871183,-49.81357919402355,-141.30711937964875,284.52776956084097,143.55942760304657,124.0581436742654,-104.33751040829564,214.68074824627723,-45.25517314034299,271.0195499730448,67.05207280196677,95.10102794363699,328.72900791562614,32.75459983517691,-229.4077244914658,192.83240162298915,-43.19335205210833,100.60589505553361,83.98130565335347,121.86943144107897,53.64829932331026,-108.87962655741964,-21.303849564571372,209.13655801279563,238.05768578851402,99.00882887835911,97.63308416476828,70.94871605828638,-80.30319257495508,-3.3336600960510308,-21.515807454827904,-62.43164181531533,63.831422433950046,12.758417584369795,-352.08256065747753
-96.36639437342113,-14.469000053183429,61.12829657851682,-99.60120150824622,94.55797662049876,21.62416048794091,3.1688672827510342,101.45478600114814,-157.17992071513092,-2.266726072345692,-59.01220685965487,-157.3019855130678,-134.61212381999033,75.61080864800863,-172.8917025550399,118.63010189983476,102.56737419604467,-70.54220657026434,22.339154473322505,-25.079652173280756,75.50572963115724,-90.3330917515854,-43.030596760599906,-122.1215417690918,245.90881026285788,124.0581436742654,107.21095987294628,-90.20013281426364,185.56187051632654,-39.12095911779593,234.2295900349769,58.00310442192859,82.17167062826209,284.1376387278467,28.312703621353233,-198.31071657350006,166.70682589841613,-37.315091216215485,86.98485664857868,72.64327887233381,105.35543910707693,46.355825293855396,-94.10672173925158,-18.411588925270447,180.75872190804856,205.80586872346584,85.5612985186209,84.34453890734258,61.359490106811045,-69.376678794321,-2.868084868223429,-18.60015214574854,-53.97073759638336,55.17645608610671,11.037534165481318,-304.28876372172294
80.8979132950578,11.81327921208828,-51.66010367337599,84.42147640704242,-79.59757406968706,-17.839075347009523,-0.8236092041159983,-85.60316157020253,132.7905671797667,3.1956971797613622,50.10171889473301,132.40056485169094,114.36948200599312,-64.71016031342306,146.22437884264238,-100.78636868987304,-87.2342440733185,59.25402666738034,-18.009758721860685,21.469184280955282,-63.95550675583081,77.31677534047563,35.82286870729602,103.12437864472986,-207.35098240524079,-104.33751040829564,-90.20013281426364,77.05728135818612,-157.37651562034037,32.99395576859489,-197.70676081611867,-50.03994612672804,-68.44346870229585,-240.59010641748515,-24.341945198225872,168.99338529699529,-141.90837485236838,30.977304186653544,-74.26525214553924,-63.14240076612603,-89.89165612050013,-38.71964649470671,79.19993596461393,15.444003409857714,-152.99767468356785,-175.26010445580397,-71.6052576104241,-70.30689938850558,-52.698863627318765,57.84314789948174,1.9402362923263439,16.059368114541652,45.81983313672725,-46.76386713537143,-9.751298491606942,256.7598427598334
-166.55546615799312,-24.674998098004735,106.0585162994695,-173.04469311959485,163.7230962744077,37.00300057049407,3.4939355014612454,175.82556305102347,-272.6382527947484,-5.343793386259265,-102.63998321559731,-272.3560040192306,-234.22525219166485,132.10340461164134,-300.07604746274757,206.41009772746997,178.48661388504271,-121.904435178702,37.77209871215596,-43.777607196856245,131.1426300605783,-157.71113912131057,-74.01886485621453,-211.78443830254616,426.0948146131371,214.68074824627723,185.56187051632654,-157.37651562034037,322.5673206311345,-67.75175122763108,406.0762288732235,101.76394902907319,141.48582523179607,493.4187256737942,49.561569098789015,-345.63848566134453,290.2350493239656,-64.07046614525781,151.71305608619613,127.94851716199665,183.71532222822512,79.91231622061044,-162.87884254759203,-31.81750764167358,313.8180199919015,358.4834480523369,147.67375446635907,145.27158295092164,107.41031750493832,-119.46750262561642,-4.426747779672794,-32.62479473287832,-93.86874011858407,95.8563471675969,19.61489151382011,-527.4405531221021
35.206179789735884,5.263934069330646,-22.318377707037833,36.392425665478655,-34.48888184593301,-7.928493812605472,-1.0485264059992323,-37.0808213500284,57.42360398342061,0.884083787904505,21.56136795931572,57.39944497260932,49.16236383747664,-27.603934191534847,63.12255136703241,-43.33011897555804,-37.55915960946248,25.813362483268175,-8.125725412583586,9.203214993640048,-27.604570131886884,33.123727128765914,15.711664107363202,44.56465869939755,-89.80512263058431,-45.25517314034299,-39.12095911779593,32.99395576859489,-67.75175122763108,14.353750237578973,-85.53017803823083,-21.26469041696816,-29.941920267673158,-103.83095302624382,-10.351143165618048,72.40673809958567,-61.072860257141336,13.657912676489117,-31.849460008119703,-26.632083699993277,-38.51488405573914,-16.91795440773775,34.403078741337005,6.719888411507112,-66.04983105593944,-75.28500514651674,-31.22367126029479,-30.711818363491172,-22.4459197620683,25.311898145744404,1.046057814057808,6.814264376067445,19.72380083809957,-20.18005287090316,-4.045231821532047,111.12052772181482
-210.45924511885156,-31.397487674798334,133.67127360913622,-217.95767535029123,206.60252523104643,47.06673492743852,5.914277779756131,221.80660551926923,-343.6953803001963,-5.641396663349983,-129.16609082781596,-343.6729517061107,-294.68744113018084,165.76558959345348,-378.1419835934324,259.6979179276123,224.62205610558792,-154.1114781050187,48.40398731135102,-55.00924006786612,165.1965152583755,-198.1017316275694,-93.83107744304499,-267.0140622902042,537.5085173950018,271.0195499730448,234.2295900349769,-197.70676081611867,406.0762288732235,-85.53017803823083,512.0979091570863,127.371917450002,179.1414150858723,621.6192718604301,62.148676482142655,-434.3970533868419,365.149524852038,-81.3278225256737,190.63003929666246,159.7942251182604,230.8537029595035,101.13033883171664,-205.62043432144134,-40.19808359518151,395.4334630541423,450.77969366105,186.72057966999168,183.9235135382382,134.61104318894735,-151.30795167025,-6.020409573186714,-40.86967298213695,-118.12999631482768,120.73793975471881,24.3649083651553,-665.2257478616357
-51.92278662116065,-7.527447844294199,33.338070481380015,-54.5051153773691,51.21213276645646,11.320009497508291,-0.22878264301636284,55.12300727794849,-85.68397412905966,-2.6358156004724678,-32.4456648720417,-85.2678992339599,-74.05669152189233,42.11639041582913,-94.34455166641982,65.26504230834564,56.477521295099464,-37.953566934037454,11.158175848688328,-13.930192160454515,41.33815926575404,-50.25004631080213,-22.794712735218877,-66.44419530190834,133.5534218317024,67.05207280196677,58.00310442192859,-50.03994612672804,101.76394902907319,-21.26469041696816,127.371917450002,32.85076120042586,43.750267066372295,155.38226628532425,15.825374695015263,-109.63064767092386,91.96968910786518,-19.686722347480863,48.26886578591799,41.54344442157316,58.35263615562465,24.770026961950926,-50.98391894235886,-9.923342261534211,98.73526736361174,113.68980967476838,45.92547736565996,44.8649907155625,34.467388098657196,-36.903029574902355,-1.0272533578400815,-10.463884998766956,-29.67939330146492,30.227470965636336,6.468478057862206,-165.3901429194052
-73.96320257136252,-11.316113102150437,46.718844839836265,-75.96402531838777,72.4493771390122,16.78458662458326,3.519359012699049,77.61182166077576,-120.15723265529415,-0.9822404614840058,-44.96871417000618,-120.54717818137969,-102.52058566094706,57.309862301957224,-132.05952208440894,90.35239400899226,78.05757107907091,-54.10806585732347,17.570605595441013,-19.00050944482257,57.6234518707362,-68.45775278560446,-33.192937818912675,-93.37021968264939,188.21053388088643,95.10102794363699,82.17167062826209,-68.44346870229585,141.48582523179607,-29.941920267673158,179.1414150858723,43.750267066372295,63.39249452393631,216.87649646375365,21.384118070728228,-150.73298200541296,126.80532034566721,-28.839234398532692,66.04176972286143,54.49639326018075,80.01331865800601,35.6942731443783,-72.12287232158012,-14.14092749875705,137.99476504367234,156.51371945541896,65.81035746845185,65.01980609890154,46.414945809370415,-53.47317209887635,-2.47480802815245,-14.007918390969591,-41.12935174634979,42.090904936929896,8.185150931665818,-232.77360144468824
-255.1909620469575,-37.89003610820218,162.31076326757824,-264.7865302508481,250.65088640299066,56.88045299137235,5.990158643237836,269.2270058393997,-417.31807806320205,-7.6878026113431215,-156.99642753345714,-416.97946101824,-358.2104611329262,201.7995883125945,-459.20313640797997,315.6792461357103,273.1052525011968,-186.86161473873437,58.17701398883182,-66.96372997374274,200.69320010153544,-241.17543449297688,-113.55289600335271,-324.1358551329041,652.3559170998885,328.72900791562614,284.1376387278467,-240.59010641748515,493.4187256737942,-103.83095302624382,621.6192718604301,155.38226628532425,216.87649646375365,755.0881744823407,75.70595289982323,-528.3463105965267,444.06695969580414,-98.38001194581993,231.9830762229506,195.1892164361487,280.8603300951004,122.49745497036932,-249.48276542803754,-48.739150694977894,480.2787011467718,548.2503712780741,226.28260986050108,222.6534060543628,164.03878307956612,-183.18509347889216,-6.995597952148172,-49.82931805673945,-143.585596769127,146.69683427653115,29.855583099016492,-807.449782822883
-25.367169192452128,-3.6362315798588423,16.24042772510744,-26.592386415993644,24.990721085197894,5.5435570752925765,0.008630161878938449,26.902777465844153,-41.73124319393117,-1.1667363820230774,-15.775893806915189,-41.537954395353324,-36.03952705542342,20.453625342098704,-46.00327716503861,31.756370199385465,27.49843105781439,-18.60439938411349,5.571280985283315,-6.7917230724868896,20.11902234664942,-24.436598381878206,-11.211274324449974,-32.43134124327586,65.132054295708,32.75459983517691,28.312703621353233,-24.341945198225872,49.561569098789015,-10.351143165618048,62.148676482142655,15.825374695015263,21.384118070728228,75.70595289982323,7.724931731922615,-53.328386310804476,44.73398983944879,-9.673347727857541,23.431495702578363,20.063584088074048,28.377110151011657,12.115994325758917,-24.84079185226824,-4.837604653147653,48.150561773679314,55.25387796573688,22.410239426148717,22.005301074400872,16.650139297447634,-18.10195023952562,-0.5477299107530331,-5.104965983062879,-14.424630282583658,14.71648174042652,3.1236144722251113,-80.69677268112612
177.82719340380672,26.1329059646105,-113.51106278697068,185.34930123975096,-175.01723541487948,-39.251410308478086,-2.453599912145362,-188.03444832601372,291.73670707455966,6.631917171439527,110.01412474732311,291.1324291836064,251.12198594119494,-141.99276108342877,321.23189301967926,-221.29450915829744,-191.34031679908117,130.1274316833768,-39.78424175404971,47.01177719744725,-140.43700002946935,169.39209285080426,78.7962835671788,226.60835669125927,-455.65736743776483,-229.4077244914658,-198.31071657350006,168.99338529699529,-345.63848566134453,72.40673809958567,-434.3970533868419,-109.63064767092386,-150.73298200541296,-528.3463105965267,-53.328386310804476,370.9592759166417,-311.21571818491134,68.11668653135115,-162.8664447520833,-138.16426784694042,-197.2165412475574,-85.18919646935757,174.04646352177875,33.97033989736997,-335.98142129286106,-384.55351686395574,-157.5433083202647,-154.80221627134947,-115.57183285888091,127.27187101199969,4.3751951132529054,35.142115952398974,100.60953269866951,-102.66214637123015,-21.294666956444168,564.1602573327687
-149.6881891221673,-22.005241504932066,95.37199399200438,-155.7653811655106,147.06106817767656,33.23327236100629,2.355635806108215,158.18032835147372,-245.23818815004165,-5.290854804475076,-92.39519884267357,-244.67007462050233,-210.83197130137836,119.0119967443192,-269.8868510894276,185.8030763448747,160.93625152550237,-109.69371799791588,33.67605601438651,-39.56532420547779,118.05582256369787,-142.44900256759982,-66.4360821524138,-190.3876260173686,383.09809508242887,192.83240162298915,166.70682589841613,-141.90837485236838,290.2350493239656,-61.072860257141336,365.149524852038,91.96968910786518,126.80532034566721,444.06695969580414,44.73398983944879,-311.21571818491134,261.7817251205922,-57.557057796060576,136.84698168163396,115.79392724216042,165.56603116734718,71.72228725189477,-146.47486743760354,-28.5718595179832,282.4190640015444,323.0717337162193,132.55572107120304,130.18932656225869,96.89887568852578,-107.19100928337079,-3.847614004038255,-29.5005895580625,-84.50749144756948,86.31996160852309,17.79508048634969,-474.27537574040616
