V1,V2,V3,V4,V5,V6,V7,V8,V9,V10,V11,V12,V13,V14,V15,V16,V17,V18,V19,V20,V21,V22,V23,V24,V25,V26,V27,V28,V29,V30,V31,V32,V33,V34,V35,V36,V37,V38,V39,V40,V41,V42,V43,V44,V45,V46,V47,V48,V49,V50,V51,V52,V53,V54,V55,V56
93046.57082235694,13869.739880747768,-59118.90592710763,96404.12254099395,-91352.82854665439,-20793.6838521396,-2509.7173976602758,-98087.66151037338,152007.0097719558,2571.636561187715,57141.426894000244,151969.9606223141,130365.20980588012,-73358.8440051487,167240.99883225822,-114886.89590915653,-99376.00659742717,68130.34058715617,-21349.14345116457,24343.057257861827,-73072.18520286513,87671.38255625618,41460.335068038825,118080.02727720127,-237694.4580289362,-119827.74660991604,-103566.09835506287,87485.51378704645,-179623.27951237716,37828.217652847765,-226462.81782766012,-56405.91814877212,-79170.96749680673,-274947.92561295425,-27504.63799229917,192196.21917729804,-161559.8014946595,35934.04157725729,-84359.19923244847,-70780.05073747647,-102147.89040808147,-44699.33895660356,90925.73701575396,17772.47274485876,-174895.60664233894,-199450.776785992,-82542.88411602235,-81276.75030614097,-59592.95229789235,66866.2029293366,2634.1742065985577,18091.42579416992,52260.02287065743,-53407.66551984227,-10799.694741820851,294176.61944230617
13869.739880747768,2067.6152925294728,-8812.338168485716,14370.0099746809,-13617.20401494369,-3099.64994063446,-374.61783233557816,-14621.01933371862,22658.36865653153,383.0323353585872,8517.501176577867,22652.97447448232,19432.25517490687,-10934.73293608043,24929.070668471933,-17125.00598971081,-14812.856513920387,10155.536972918204,-3182.4699026721078,3628.5050404689027,-10892.193684852198,13068.091968086184,6180.210763484117,17601.13063690723,-35431.09045174417,-17861.812440674366,-15437.787439551425,13040.464101331967,-26774.695930553466,5638.739537375957,-33756.78068638214,-8407.676236325413,-11801.584232370005,-40983.840406478215,-4099.726870759416,28648.63519325999,-24081.957315860887,5356.436653745576,-12574.495663761963,-10550.085181069036,-15226.040603122228,-6663.058908572958,13553.592273604265,2649.1990356735423,-26069.995619229943,-29729.986200672243,-12304.174262224224,-12115.42791686479,-8882.857938945303,9967.267853626718,392.74920761978984,2696.5861345445132,7789.83066222429,-7961.016955868634,-1609.6904344850868,43850.28397121072
-59118.90592710763,-8812.338168485716,37562.44885881226,-61252.43387065767,58042.87396461323,13211.544295795238,1594.0890488792081,62321.99095430483,-96580.83930876,-1634.3221389267758,-36306.0873761768,-96557.20600431289,-82830.47518081607,46610.36170911358,-106260.12562453677,72995.98528365033,63140.74945794517,-43287.86865773429,13564.345379524664,-15466.92118768063,46427.984697259155,-55704.072110155015,-26342.497737026224,-75024.6106308817,151024.02927340154,76134.9310929573,65802.78619262182,-55585.9838185644,114127.62021364088,-24034.893672141814,143887.83122340078,35839.01706482027,50302.67365567393,174694.06230618805,17475.757195325456,-122116.37310168373,102650.62859661375,-22831.238849568712,53599.59491714117,44972.116546547484,64902.06118112545,28400.52088562976,-57771.465546890446,-11292.087000987109,111123.64032166077,126725.62397417374,52445.155554289726,51640.61340803429,37863.91696944046,-42484.59457757254,-1673.521618064605,-11494.852894008203,-33204.58510613163,33933.7026354725,6861.93991312061,-186911.16812323016
96404.12254099395,14370.0099746809,-61252.43387065767,99883.3747295017,-94649.45008226031,-21543.784496128887,-2599.079883210518,-101627.41825387761,157492.70676116273,2665.2847502418626,59203.74583568194,157454.03168005886,135070.32975884824,-76006.83555746266,173276.5942918325,-119033.38530855422,-102962.70046969953,70588.81246664697,-22119.031416185804,25221.72870854253,-75709.35004079604,90835.9261806929,42956.21033322708,122341.34086553995,-246272.2284558314,-124151.83906345286,-107303.40043654865,90643.285897,-186106.03955132057,39193.30810063278,-234635.4123602229,-58442.21758190204,-82027.49998400199,-284870.73829303146,-28497.51833459087,199133.29276887432,-167390.89520924404,37230.464430545435,-87404.0887358634,-73335.5703760202,-105834.84129145803,-46312.16917247664,94206.88828326006,18413.788070590635,-181207.50872432816,-206649.5597911197,-85521.2736850579,-84209.29516583716,-61744.14377904257,69278.79822868905,2728.9126465502204,18744.547347331452,54146.176802334536,-55335.14210297569,-11189.726237672348,304792.8149619613
-91352.82854665439,-13617.20401494369,58042.87396461323,-94649.45008226031,89690.12319080858,20415.023296523617,2463.690435479735,96302.31680073895,-149240.24225608684,-2525.0664535618757,-56101.46453378765,-149203.90700649793,-127992.52470399614,72023.90016605011,-164197.05664504468,112796.00593886185,97567.33506269484,-66890.17929696791,20960.400520920237,-23899.98037920254,71742.1704226572,-86075.71532668528,-40705.540086865185,-115930.8390518483,233368.015376583,117646.57316752667,101680.97599233525,-85893.2841184032,176354.0875552333,-37139.56458421867,222340.89642933276,55379.553488982274,77729.798813498,269943.64100770245,27004.104135293255,-188698.39651134197,158619.24468582045,-35279.84270186472,82823.84236933003,69492.17409818256,100288.85675911076,43885.61425543775,-89270.63433358516,-17449.0043819893,171712.3218072736,195820.78182599216,81040.28370998455,79797.23844785965,58508.45091366448,-65649.02274042598,-2586.124228005119,-17762.232659191443,-51308.98634347758,52435.487446053325,10603.238916241608,-288822.2049749605
-20793.6838521396,-3099.64994063446,13211.544295795238,-21543.784496128887,20415.023296523617,4647.02559013595,561.3398906151841,21920.08624990917,-33969.67442376922,-574.3678533634775,-12769.550083961218,-33961.449180600845,-29133.092200226187,16393.52295648706,-37373.98795427857,25674.05794786724,22207.822353575208,-15225.47063876295,4771.197066534288,-5440.000728119138,16329.72894464028,-19592.099468045497,-9265.482551609384,-26387.831894335068,53118.69477637217,26778.5692154495,23144.457248455627,-19550.556516446544,40140.97260007129,-8453.71536981189,50608.62154067011,12604.948941710196,17692.907868577608,61443.61248103306,6146.459163443784,-42950.451797149195,36104.260404325396,-8030.4952720590645,18851.93908645223,15817.014327867098,22827.175393195128,9989.295852936615,-20319.68418129695,-3971.697965593277,39084.58305319424,44571.74341162831,18446.435469951295,18163.493352074434,13317.271735454393,-14943.053712049157,-588.8006819647926,-4042.8559548285602,-11678.638747661262,11935.267058862004,2413.323278967531,-65740.93633685051
-2509.7173976602758,-374.61783233557816,1594.0890488792081,-2599.079883210518,2463.690435479735,561.3398906151841,70.42055337713006,2645.025674107691,-4098.805765648615,-67.4618581952277,-1540.4209561288949,-4098.519994759393,-3514.2896173850145,1976.8407854879492,-4509.323811000732,3097.0181331329104,2678.73737068414,-1837.5695173314934,576.9198814463717,-655.981800604996,1970.11756950374,-2362.53751537097,-1118.7333467975916,-3184.0289912349704,6409.899073348747,3231.806962762353,2793.1663457387112,-2357.7460086860956,4842.546881882808,-1020.1175416810463,6106.694822833679,1519.416782175591,2136.250422454761,7413.009061368817,741.0140763601254,-5180.320992234282,4354.800869722054,-969.7356200254729,2273.56607858407,1905.9202195459075,2753.055060384385,1205.958831902114,-2452.2300331140013,-479.3808132082025,4715.529789567139,5376.032916708626,2226.758374721737,2192.982865005732,1605.647567027947,-1804.1222794290984,-71.7350416962529,-487.2976094840801,-1408.805935879502,1439.9180708525707,290.57096257307035,-7932.753277814871
-98087.66151037338,-14621.01933371862,62321.99095430483,-101627.41825387761,96302.31680073895,21920.08624990917,2645.025674107691,103402.08986109737,-160242.76578318534,-2711.3943143285433,-60237.47836752517,-160203.60444803553,-137428.64849777636,77333.80772384598,-176302.2557696514,121111.76612354476,104760.4961772987,-71821.61394228411,22505.593396071472,-25662.059303153957,77031.29499206955,-92421.76811693839,-43706.481453565946,-124477.65340707617,250572.69064882665,126319.83335599695,109177.19894988781,-92225.78933892837,189355.5747955229,-39877.683946244964,238732.6461061635,59462.42835778651,83460.14156752409,289844.94816637423,28995.018469932915,-202610.0273956162,170313.5048061973,-37880.79209424486,88930.04742195831,74615.61117406438,107682.62690101711,47120.975068401785,-95851.972448725,-18735.38098168752,184371.64707229668,210257.59669763694,87014.76873394148,85680.03145391251,62821.974423471045,-70488.82636654556,-2776.7381254098505,-19071.79272566973,-55091.66482280921,56301.27425821255,11384.999818401215,-310115.1821286259
152007.0097719558,22658.36865653153,-96580.83930876,157492.70676116273,-149240.24225608684,-33969.67442376922,-4098.805765648615,-160242.76578318534,248329.37351443156,4202.130066271782,93350.45468320862,248268.58286253238,212974.2896292934,-119844.82513498381,273216.7908688256,-187687.7561082295,-162347.9421555296,111302.11476900119,-34876.77848474701,39768.668655037836,-119375.97975753568,143226.72180469363,67732.06456795137,192903.81473217407,-388314.1090264225,-195758.72489969752,-169192.621374473,142923.06560532196,-293445.71842900716,61798.73977872597,-369965.4382556887,-92149.47394423746,-129338.62973327086,-449174.621745961,-44933.77385272096,313986.40324958175,-263936.06463206746,58703.89060223222,-137815.65987135968,-115632.54090529928,-166876.60944053193,-73023.66191094411,148542.4550755661,29034.290685037107,-285721.90806458594,-325837.79670558905,-134847.42054002057,-132778.7518401939,-97355.94313933623,109236.72632289842,4302.996876631799,29555.627025682155,85375.82612364429,-87250.61535152994,-17643.442249641685,480587.3588770854
2571.636561187715,383.0323353585872,-1634.3221389267758,2665.2847502418626,-2525.0664535618757,-574.3678533634775,-67.4618581952277,-2711.3943143285433,4202.130066271782,72.45557758500682,1579.8900042525047,4200.601973349638,3604.547835091891,-2028.8300552288447,4623.405336003364,-3176.5448194216565,-2747.712215507848,1882.9513676881104,-589.2216548737583,673.2159493140301,-2020.2014848244978,2424.6095275268576,1145.542492589726,3264.1693776658635,-6570.441452324367,-3312.070500974711,-2862.6179744567366,2419.3564782253557,-4966.193942706533,1045.6620484087177,-6260.157136567823,-1560.3958845851087,-2187.6091292278848,-7601.239622228531,-760.7650753371904,5314.672510733256,-4467.254789127513,992.7363077333263,-2332.8632125851977,-1958.5111533634315,-2824.7200233938115,-1235.2156843019875,2513.2540886022307,491.1822604666875,-4835.105555747276,-5515.101311258085,-2281.15544162114,-2245.8272276793487,-1648.3604168315044,1847.603296025467,72.29127338520664,500.45207182513593,1444.8958202442925,-1476.5916353140974,-298.9897432632437,8131.891620995199
57141.426894000244,8517.501176577867,-36306.0873761768,59203.74583568194,-56101.46453378765,-12769.550083961218,-1540.4209561288949,-60237.47836752517,93350.45468320862,1579.8900042525047,35091.80169941871,93327.55056186204,80060.13018005286,-45051.551720508745,102706.0445725261,-70554.59378221966,-61028.985966790446,41839.956995695626,-13110.505640424184,14949.63823955355,-44875.11393461476,53841.08792775767,25461.304857322943,72515.23535576048,-145972.6025936126,-73588.30800886116,-63601.781544401805,53726.92991402515,-110310.4806857984,23230.95547324155,-139075.1495281918,-34640.51963385474,-48620.005280255224,-168851.1308467789,-16891.323005314985,118032.19448155297,-99217.41774934478,22067.4961291737,-51806.96355171085,-43468.272404305884,-62731.4313158003,-27450.501922201373,55839.089976361036,10914.387605817523,-107406.91154349151,-122487.25765837161,-50690.84919933546,-49913.1955762775,-36597.61961310594,41063.47169015457,1617.4599207545486,11110.459750282795,32094.061216576833,-32798.70328504168,-6632.515045921002,180659.45326142502
151969.9606223141,22652.97447448232,-96557.20600431289,157454.03168005886,-149203.90700649793,-33961.449180600845,-4098.519994759393,-160203.60444803553,248268.58286253238,4200.601973349638,93327.55056186204,248208.09893255177,212921.93553847304,-119815.27566029379,273149.90280744474,-187641.68948068397,-162307.99674334307,111274.99424844606,-34868.582055943145,39758.78948534389,-119346.68026215285,143191.2028142559,67715.65023466188,192856.65625293032,-388219.24166746554,-195710.95594882627,-169151.35700954864,142887.73509311693,-293373.7367612394,61783.553438240495,-369875.0110160132,-92126.61065006266,-129307.38449583593,-449064.53491261345,-44922.62076360897,313909.10641367745,-263870.96136619564,58689.70666398111,-137781.59927741686,-115603.62833693036,-166835.45628017947,-73005.92366503151,148506.17143703793,29027.257596988704,-285651.8826457926,-325757.5480203322,-134814.62344549282,-132746.6350869259,-97331.79362571661,109210.31160382494,4302.122676762513,29548.28609973466,85354.94852615728,-87229.11841858146,-17638.985541063725,480469.92861742026
130365.20980588012,19432.25517490687,-82830.47518081607,135070.32975884824,-127992.52470399614,-29133.092200226187,-3514.2896173850145,-137428.64849777636,212974.2896292934,3604.547835091891,80060.13018005286,212921.93553847304,182653.13463888573,-102782.79106276,234318.5440550918,-160966.6496967693,-139234.45364605106,95455.60636853782,-29910.83754645141,34106.85766180548,-102380.29463051216,122835.75661223017,58088.624353034385,165439.7545345497,-333028.94370079227,-167887.97392323648,-145104.18509723683,122575.30150990972,-251667.6999660959,53000.275123595646,-317292.72646881355,-79030.5598626367,-110923.96956507606,-385225.1307517464,-38536.694094281454,269284.44576024386,-226359.51656654605,50345.78690818088,-118194.9991263142,-99170.68214982995,-143118.5716523958,-62626.91273190597,127394.02639242083,24900.575070267674,-245043.3207622232,-279448.4293349495,-115648.59843762222,-113874.32333102997,-83495.68671075755,93684.08462491262,3690.1024665147884,25347.917305626335,73220.8572595064,-74828.65403034666,-15131.7455588102,412165.1380974583
-73358.8440051487,-10934.73293608043,46610.36170911358,-76006.83555746266,72023.90016605011,16393.52295648706,1976.8407854879492,77333.80772384598,-119844.82513498381,-2028.8300552288447,-45051.551720508745,-119815.27566029379,-102782.79106276,57838.33333524471,-131855.78858602702,90579.42560338308,78350.23956830101,-53714.64623172969,16831.11332139605,-19192.680292542325,57611.45881439571,-69122.42669218629,-32687.383996113607,-93096.24539142553,187401.8406965678,94473.65674770964,81652.84880429524,-68975.85503141762,141618.69855028865,-29824.196402406345,178546.89292249022,44472.5439910416,62418.76418407909,216774.0809639661,21685.538491195362,-151532.34907741915,127377.30758979787,-28330.34889707676,66510.92794162275,55806.05925504922,80536.02417759006,35241.1929264891,-71686.97081034954,-14012.036952315553,137890.864449779,157251.73035880347,65077.42220987365,64078.98811916961,46984.99490910501,-52717.63517907337,-2076.307151770026,-14263.945527590504,-41203.025719566656,42107.52511406173,8515.125751844467,-231933.44902313812
167240.99883225822,24929.070668471933,-106260.12562453677,173276.5942918325,-164197.05664504468,-37373.98795427857,-4509.323811000732,-176302.2557696514,273216.7908688256,4623.405336003364,102706.0445725261,273149.90280744474,234318.5440550918,-131855.78858602702,300598.5105147011,-206497.86820091266,-178618.51156323633,122456.79813597238,-38372.062872463604,43754.29662803904,-131339.7810071522,157580.9418829706,74520.08416120648,212236.57992978193,-427230.7308577442,-215377.47412847914,-186148.97246197544,157246.8485834814,-322854.83030667604,67992.11115360529,-407043.2538639217,-101384.81104607937,-142300.76676178697,-494190.83014032943,-49437.10279291654,345454.2140779505,-290387.7140472574,64587.125415799725,-151627.5415281916,-127221.44807710039,-183601.04233484156,-80341.97340524782,163429.221692585,31944.104604263477,-314356.91207216505,-358493.300313461,-148361.60074720756,-146085.68566490567,-107112.96103947882,120184.35099456488,4734.191877044835,32517.7739968478,93932.26744667627,-95994.76711329381,-19411.739400568797,528751.6610827105
-114886.89590915653,-17125.00598971081,72995.98528365033,-119033.38530855422,112796.00593886185,25674.05794786724,3097.0181331329104,121111.76612354476,-187687.7561082295,-3176.5448194216565,-70554.59378221966,-187641.68948068397,-160966.6496967693,90579.42560338308,-206497.86820091266,141855.10067182663,122703.18872487784,-84122.23200068012,26359.58041856615,-30057.333043272854,90224.62892323548,-108251.41019552738,-51191.75253787874,-145797.0764005341,293488.34045458917,147954.52441956144,127875.90973143835,-108021.88121934695,221787.15378256206,-46707.48028226565,279620.54627225664,69647.29847584368,97753.94481193867,339487.322092149,33961.24629995866,-237312.259919137,199483.76626904824,-44368.25908089985,104161.637656517,87396.17359516745,126126.08331649899,55191.16755946109,-112268.45506685886,-21944.156075948402,215949.30868830933,246269.46871418555,101917.5217392742,100354.00863699835,73582.15986305696,-82561.02456453093,-3251.996325128065,-22338.406597027195,-64527.43595206814,65944.12823924118,13335.174921990361,-363228.7625767904
-99376.00659742717,-14812.856513920387,63140.74945794517,-102962.70046969953,97567.33506269484,22207.822353575208,2678.73737068414,104760.4961772987,-162347.9421555296,-2747.712215507848,-61028.985966790446,-162307.99674334307,-139234.45364605106,78350.23956830101,-178618.51156323633,122703.18872487784,106137.14506628015,-72765.02640060938,22800.806444214257,-25999.357209679492,78043.38029105199,-93636.52742970454,-44280.39283207604,-126112.94992965681,253864.3666504967,127979.07496995633,110611.29609522635,-93437.87358183778,191843.55863011512,-40401.54635938754,241868.91029604914,60244.20036314345,84556.05037365305,293653.1039943709,29376.1807617973,-205272.59860669996,172551.61293510793,-38378.17453910222,90098.79211088698,75596.86387812656,109097.79626369086,47739.77472726662,-97111.05479151315,-18981.46280165689,186794.00320156716,213020.63288044475,88157.52453436448,86805.12167800452,63647.74808951993,-71414.47250884098,-2812.9619278701166,-19322.55615163123,-55815.57884548606,57040.99354605551,11534.81073067163,-314189.1682037342
68130.34058715617,10155.536972918204,-43287.86865773429,70588.81246664697,-66890.17929696791,-15225.47063876295,-1837.5695173314934,-71821.61394228411,111302.11476900119,1882.9513676881104,41839.956995695626,111274.99424844606,95455.60636853782,-53714.64623172969,122456.79813597238,-84122.23200068012,-72765.02640060938,49886.46601747953,-15632.347206737095,17824.45497594366,-53504.69943823571,64194.59776215258,30358.05309775289,86460.28317494741,-174044.03780340016,-87739.87409405022,-75832.86507434818,64058.424283272565,-131523.28380751362,27698.46050355282,-165820.13014251608,-41301.4115507378,-57970.31678769373,-201321.7859050352,-20139.438796152524,140729.37794298673,-118297.0059118521,26311.659044857024,-61769.24821110208,-51826.44290542878,-74794.49079337814,-32729.60105705176,66577.3646410337,13013.345021685824,-128061.72347920685,-146041.37945653664,-60439.20212281031,-59512.262855334855,-43634.852234501726,48960.737182233606,1928.8368659982198,13246.958926018595,38265.81179910304,-39105.91964592725,-7907.757532031244,215401.4037273303
-21349.14345116457,-3182.4699026721078,13564.345379524664,-22119.031416185804,20960.400520920237,4771.197066534288,576.9198814463717,22505.593396071472,-34876.77848474701,-589.2216548737583,-13110.505640424184,-34868.582055943145,-29910.83754645141,16831.11332139605,-38372.062872463604,26359.58041856615,22800.806444214257,-15632.347206737095,4899.016470359398,-5585.182095656375,16765.721948172373,-20114.95390802998,-9513.130849906382,-27092.593791558156,54537.39630057287,27493.781042693503,23762.643591279964,-20072.34926456939,41212.77893636833,-8679.411501941267,51960.31056792142,12941.255191690243,18165.733862798526,63084.40176713435,6310.5086499843355,-44096.99975357051,37068.04255567431,-8245.207293006046,19355.06042463675,16238.867479083985,23436.50781097645,10256.168545484752,-20862.358521065635,-4077.841492792931,40128.33183571178,45761.591249489386,18939.153420202598,18648.915753208126,13672.507449063542,-15342.49485132882,-604.7199470676239,-4150.790145527512,-11990.582852014752,12253.816541234068,2477.663324838421,-67496.82828920169
24343.057257861827,3628.5050404689027,-15466.92118768063,25221.72870854253,-23899.98037920254,-5440.000728119138,-655.981800604996,-25662.059303153957,39768.668655037836,673.2159493140301,14949.63823955355,39758.78948534389,34106.85766180548,-19192.680292542325,43754.29662803904,-30057.333043272854,-25999.357209679492,17824.45497594366,-5585.182095656375,6368.834829459283,-19117.489062561195,22937.293399249756,10846.864231336458,30892.54331251965,-62186.430599935076,-31349.651920690983,-27095.244056875777,22888.591912085903,-46993.9317165843,9896.767559025986,-59248.04216657253,-14757.45810066146,-20712.686599124947,-71933.1443891795,-7196.01784308397,50283.57676905661,-42268.3027408092,9401.05203136108,-22070.645722092264,-18518.326598473726,-26724.620463559764,-11694.277215916118,23788.25636908186,4649.665064462378,-45756.98664899413,-52181.55322467088,-21594.967838689492,-21263.631754202263,-15591.202034493233,17493.56253159911,689.0137875781293,4733.271484299245,13672.536693575239,-13972.780198312623,-2825.596611189497,76963.55248317015
-73072.18520286513,-10892.193684852198,46427.984697259155,-75709.35004079604,71742.1704226572,16329.72894464028,1970.11756950374,77031.29499206955,-119375.97975753568,-2020.2014848244978,-44875.11393461476,-119346.68026215285,-102380.29463051216,57611.45881439571,-131339.7810071522,90224.62892323548,78043.38029105199,-53504.69943823571,16765.721948172373,-19117.489062561195,57386.00380761486,-68851.56243712112,-32559.84247370594,-92731.99728842218,186668.86822677433,94104.35075989352,81333.60104771146,-68705.56229103783,141064.21160925677,-29707.664666838646,177848.38831673295,44297.883300957226,62175.05486446127,215925.6298097565,21600.452187545372,-150938.55986769163,126878.52359184969,-28219.84974028917,66250.34123247981,55586.67437688041,80220.419755326,35103.61014309293,-71406.74560570813,-13957.239351931017,137351.21588006447,156635.721935867,64823.26929810057,63828.78222672963,46800.70102990958,-52511.77187606323,-2068.45864577578,-14207.914885048398,-41041.570818974964,41942.82169272937,8481.543742779531,-231026.1295196648
87671.38255625618,13068.091968086184,-55704.072110155015,90835.9261806929,-86075.71532668528,-19592.099468045497,-2362.53751537097,-92421.76811693839,143226.72180469363,2424.6095275268576,53841.08792775767,143191.2028142559,122835.75661223017,-69122.42669218629,157580.9418829706,-108251.41019552738,-93636.52742970454,64194.59776215258,-20114.95390802998,22937.293399249756,-68851.56243712112,82608.4967978698,39064.87509754876,111259.37931240648,-223964.18522771655,-112905.64713890415,-97583.42325147819,82433.161885249865,-169248.5128639269,35643.1250768181,-213381.57576156378,-53148.99779563331,-74596.68976686991,-259066.92823615883,-25916.410017316208,181096.1989810918,-152229.0377702974,33857.780134048386,-79487.34342246165,-66693.72366963151,-96248.63121597789,-42116.87748453107,85673.2992048506,16745.75832504053,-164793.57192901737,-187931.6793233525,-77774.20229484221,-76580.87638132094,-56151.726768119894,63002.94968860839,2481.4534982425553,17046.837613688655,49241.61646374354,-50322.89769098794,-10176.382521508847,277183.90896340844
41460.335068038825,6180.210763484117,-26342.497737026224,42956.21033322708,-40705.540086865185,-9265.482551609384,-1118.7333467975916,-43706.481453565946,67732.06456795137,1145.542492589726,25461.304857322943,67715.65023466188,58088.624353034385,-32687.383996113607,74520.08416120648,-51191.75253787874,-44280.39283207604,30358.05309775289,-9513.130849906382,10846.864231336458,-32559.84247370594,39064.87509754876,18474.292291197868,52614.73686644752,-105913.25245106536,-53393.58646498023,-46147.613500146836,38982.0500171769,-80037.3090282241,16855.728057239772,-100908.56689080966,-25133.348837374695,-35277.64030402435,-122512.63307266442,-12255.576945728037,85639.38861911715,-71988.45648440596,16011.871912423387,-37589.01575909246,-31538.088795393913,-45515.37020715645,-19917.48137688781,40515.243162026505,7919.180172032906,-77930.87055603562,-88871.9739891633,-36780.03745216149,-36215.970950393814,-26553.46470993594,29794.83371358022,1173.8908244881932,8061.212935986679,23286.24149144072,-23797.623539043412,-4812.079434894305,131080.88450018025
118080.02727720127,17601.13063690723,-75024.6106308817,122341.34086553995,-115930.8390518483,-26387.831894335068,-3184.0289912349704,-124477.65340707617,192903.81473217407,3264.1693776658635,72515.23535576048,192856.65625293032,165439.7545345497,-93096.24539142553,212236.57992978193,-145797.0764005341,-126112.94992965681,86460.28317494741,-27092.593791558156,30892.54331251965,-92731.99728842218,111259.37931240648,52614.73686644752,149848.95585074692,-301644.91368946864,-152066.61917428157,-131429.92118906442,111023.51238010179,-227950.5213432195,48005.60805621851,-287391.59275363677,-71582.27534808381,-100471.11651939075,-348921.7575408722,-34904.85663009026,243906.6325625954,-205027.15462790208,45601.6071330349,-107056.0222889704,-89824.05855969741,-129630.80305744066,-56725.242404611694,115388.69956321944,22554.047287051257,-221950.6416542317,-253112.8400098653,-104750.29990229943,-103143.45084062501,-75626.6304305635,84855.8800996908,3342.626186811623,22959.03155349529,66320.54945944567,-67776.76211917485,-13705.542710853686,373323.4368000593
-237694.4580289362,-35431.09045174417,151024.02927340154,-246272.2284558314,233368.015376583,53118.69477637217,6409.899073348747,250572.69064882665,-388314.1090264225,-6570.441452324367,-145972.6025936126,-388219.24166746554,-333028.94370079227,187401.8406965678,-427230.7308577442,293488.34045458917,253864.3666504967,-174044.03780340016,54537.39630057287,-62186.430599935076,186668.86822677433,-223964.18522771655,-105913.25245106536,-301644.91368946864,607209.2779367551,306109.2146363649,264567.6388805873,-223489.3814260873,458862.66480422247,-96635.04932395282,578517.3392963049,144094.36234292752,202247.9116236182,702376.9834592267,70263.11429664548,-490981.97008464136,412718.0968857937,-91795.87511139193,215502.89810738206,180814.7556625301,260945.6943964193,114187.66637348413,-232276.8021590772,-45401.156112185716,446785.0554200907,509514.10328194447,210861.87107624984,207627.27639936292,152235.71009846148,-170814.47313526887,-6728.807429980331,-46216.26064530992,-133502.70396592093,136434.19230278934,27589.039354822748,-751497.5841788705
-119827.74660991604,-17861.812440674366,76134.9310929573,-124151.83906345286,117646.57316752667,26778.5692154495,3231.806962762353,126319.83335599695,-195758.72489969752,-3312.070500974711,-73588.30800886116,-195710.95594882627,-167887.97392323648,94473.65674770964,-215377.47412847914,147954.52441956144,127979.07496995633,-87739.87409405022,27493.781042693503,-31349.651920690983,94104.35075989352,-112905.64713890415,-53393.58646498023,-152066.61917428157,306109.2146363649,154317.34837815003,133375.15503273503,-112666.3284364775,231323.81565038822,-48716.15318587597,291644.81336435955,72641.23337625476,101958.35779488631,354085.3408824344,35421.257573048315,-247515.76972736945,208061.1145343529,-46276.63870861019,108640.16692739396,91152.73697566234,131548.94101257485,57564.935493563775,-117096.54428439843,-22887.83741706266,225235.24066515372,256858.2650548336,106300.8727701728,104670.2243464731,76745.62715114276,-86111.88615255892,-3392.2427150673607,-23298.636982103977,-67301.86065318942,68779.87697818434,13908.202046788563,-378848.41465946595
-103566.09835506287,-15437.787439551425,65802.78619262182,-107303.40043654865,101680.97599233525,23144.457248455627,2793.1663457387112,109177.19894988781,-169192.621374473,-2862.6179744567366,-63601.781544401805,-169151.35700954864,-145104.18509723683,81652.84880429524,-186148.97246197544,127875.90973143835,110611.29609522635,-75832.86507434818,23762.643591279964,-27095.244056875777,81333.60104771146,-97583.42325147819,-46147.613500146836,-131429.92118906442,264567.6388805873,133375.15503273503,115275.01763451814,-97376.58192907313,199931.27804641737,-42104.937766447445,252066.20518977553,62783.27708793119,88121.7380656191,306033.05772620154,30614.316651460897,-213925.87519854444,179825.50456297034,-39996.51076629854,93896.79894679811,78782.62888636238,113696.68712018395,49752.86545677022,-101205.54166126989,-19781.779424286884,194668.96676064125,222000.51371592484,91874.90397041482,90465.57852572136,66330.61185446494,-74425.79255544332,-2931.880967794361,-20136.848390743893,-58168.495092729856,59445.83511565731,12020.76634018178,-327435.56080916314
87485.51378704645,13040.464101331967,-55585.9838185644,90643.285897,-85893.2841184032,-19550.556516446544,-2357.7460086860956,-92225.78933892837,142923.06560532196,2419.3564782253557,53726.92991402515,142887.73509311693,122575.30150990972,-68975.85503141762,157246.8485834814,-108021.88121934695,-93437.87358183778,64058.424283272565,-20072.34926456939,22888.591912085903,-68705.56229103783,82433.161885249865,38982.0500171769,111023.51238010179,-223489.3814260873,-112666.3284364775,-97376.58192907313,82258.2884593653,-168889.67161443064,35567.50441867759,-212929.180286367,-53036.247702563385,-74438.66565388317,-258517.5888038167,-25861.40648743197,180712.1973220629,-151906.0603781171,33785.978245191,-79318.7210013434,-66552.16400424327,-96044.48971348893,-42027.61407184194,85491.66375655824,16710.2715303539,-164444.1179432795,-187533.0850746455,-77609.38569522231,-76418.62020836651,-56032.6453242644,62869.41260640973,2476.2143763406357,17010.64107949418,49137.21351573579,-50216.17126236198,-10154.770001692248,276596.2466516786
-179623.27951237716,-26774.695930553466,114127.62021364088,-186106.03955132057,176354.0875552333,40140.97260007129,4842.546881882808,189355.5747955229,-293445.71842900716,-4966.193942706533,-110310.4806857984,-293373.7367612394,-251667.6999660959,141618.69855028865,-322854.83030667604,221787.15378256206,191843.55863011512,-131523.28380751362,41212.77893636833,-46993.9317165843,141064.21160925677,-169248.5128639269,-80037.3090282241,-227950.5213432195,458862.66480422247,231323.81565038822,199931.27804641737,-168889.67161443064,346759.18623740115,-73026.18612008955,437180.58061487594,108891.7279431219,152836.35703314093,530780.8038147705,53097.55477596565,-371032.15234697127,311888.2856671223,-69368.90178451956,162854.29041566746,136641.55161053003,197195.15062508633,86290.31089162779,-175529.37189101457,-34309.20334239216,337631.91393241275,385036.5752383462,159346.03107083068,156901.49871543114,115043.93531138648,-129082.47161966674,-5084.52073673713,-34925.49200998799,-100887.08552727681,103102.24783106122,20849.136308093224,-567900.1996114902
37828.217652847765,5638.739537375957,-24034.893672141814,39193.30810063278,-37139.56458421867,-8453.71536981189,-1020.1175416810463,-39877.683946244964,61798.73977872597,1045.6620484087177,23230.95547324155,61783.553438240495,53000.275123595646,-29824.196402406345,67992.11115360529,-46707.48028226565,-40401.54635938754,27698.46050355282,-8679.411501941267,9896.767559025986,-29707.664666838646,35643.1250768181,16855.728057239772,48005.60805621851,-96635.04932395282,-48716.15318587597,-42104.937766447445,35567.50441867759,-73026.18612008955,15379.185657485492,-92068.79613740163,-22932.00575995163,-32186.965548106145,-111780.5926355833,-11182.094630140335,78137.81041371184,-65682.61872482505,14608.995079676595,-34296.50419893312,-28775.922387903454,-41528.48952628914,-18172.56973828737,36966.025703577114,7225.3973493331205,-71104.13509647817,-81087.2194336659,-33557.92557127443,-33043.075331442546,-24227.734714807488,27184.45449531066,1070.873976661099,7355.115777360337,21246.361572721467,-21713.06295814144,-4390.665614408866,119597.93226317079
-226462.81782766012,-33756.78068638214,143887.83122340078,-234635.4123602229,222340.89642933276,50608.62154067011,6106.694822833679,238732.6461061635,-369965.4382556887,-6260.157136567823,-139075.1495281918,-369875.0110160132,-317292.72646881355,178546.89292249022,-407043.2538639217,279620.54627225664,241868.91029604914,-165820.13014251608,51960.31056792142,-59248.04216657253,177848.38831673295,-213381.57576156378,-100908.56689080966,-287391.59275363677,578517.3392963049,291644.81336435955,252066.20518977553,-212929.180286367,437180.58061487594,-92068.79613740163,551181.2391236607,137285.79251250095,192691.1230224876,669188.3740429784,66943.13394086638,-467782.32005484676,393216.48397261335,-87458.28063939436,205320.04039120267,172271.20260512788,248615.6330548229,108791.97152713109,-221301.16174357774,-43255.860331745534,425673.636743733,485438.75234965456,200898.0392738693,197816.3290493013,145042.34015038185,-162743.07807571004,-6410.795492038353,-44032.54835528858,-127194.53202877715,129987.35487024006,26285.488293504535,-715987.813845315
-56405.91814877212,-8407.676236325413,35839.01706482027,-58442.21758190204,55379.553488982274,12604.948941710196,1519.416782175591,59462.42835778651,-92149.47394423746,-1560.3958845851087,-34640.51963385474,-92126.61065006266,-79030.5598626367,44472.5439910416,-101384.81104607937,69647.29847584368,60244.20036314345,-41301.4115507378,12941.255191690243,-14757.45810066146,44297.883300957226,-53148.99779563331,-25133.348837374695,-71582.27534808381,144094.36234292752,72641.23337625476,62783.27708793119,-53036.247702563385,108891.7279431219,-22932.00575995163,137285.79251250095,34195.61148040851,47993.8846210982,166679.17538748836,16674.270783928052,-116514.66827199596,97941.59196339136,-21783.206320770092,51140.94706322896,42910.2356107111,61924.95533056192,27097.03321139215,-55120.4911900638,-10773.917009134746,106025.25880458685,120912.34897041973,50038.23668714633,49270.41705518615,36127.37111705285,-40534.67058686965,-1596.330448689918,-10967.744027372994,-31681.366449403093,32376.790756214963,6547.472967619118,-178335.01930176807
-79170.96749680673,-11801.584232370005,50302.67365567393,-82027.49998400199,77729.798813498,17692.907868577608,2136.250422454761,83460.14156752409,-129338.62973327086,-2187.6091292278848,-48620.005280255224,-129307.38449583593,-110923.96956507606,62418.76418407909,-142300.76676178697,97753.94481193867,84556.05037365305,-57970.31678769373,18165.733862798526,-20712.686599124947,62175.05486446127,-74596.68976686991,-35277.64030402435,-100471.11651939075,202247.9116236182,101958.35779488631,88121.7380656191,-74438.66565388317,152836.35703314093,-32186.965548106145,192691.1230224876,47993.8846210982,67364.86346262373,233945.4767036862,23402.759262991414,-163534.01334777,137466.2848761387,-30575.469016242972,71778.60224064774,60224.1121994671,86914.50234770875,38033.61651379139,-77366.33554859651,-15122.172412532163,148813.76533379397,169706.6610799202,70233.77017121443,69156.57804058626,50705.705987227266,-56894.9307481346,-2241.5294598458145,-15393.34832757872,-44466.58059684402,45443.03040655263,9188.998074502611,-250307.00841834384
-274947.92561295425,-40983.840406478215,174694.06230618805,-284870.73829303146,269943.64100770245,61443.61248103306,7413.009061368817,289844.94816637423,-449174.621745961,-7601.239622228531,-168851.1308467789,-449064.53491261345,-385225.1307517464,216774.0809639661,-494190.83014032943,339487.322092149,293653.1039943709,-201321.7859050352,63084.40176713435,-71933.1443891795,215925.6298097565,-259066.92823615883,-122512.63307266442,-348921.7575408722,702376.9834592267,354085.3408824344,306033.05772620154,-258517.5888038167,530780.8038147705,-111780.5926355833,669188.3740429784,166679.17538748836,233945.4767036862,812461.1475092747,81275.82514362952,-567934.8582691032,477404.3304846467,-106182.64749591469,249279.30933055456,209155.35462149745,301844.4885753736,132083.93721788324,-268681.31003483984,-52516.82093524603,516810.02575222275,589371.4832390004,243909.67802128548,240167.97924233676,176096.2906503529,-197585.6905361987,-7783.0393647477395,-53460.06246050343,-154426.8651429032,157817.59889174168,31913.437573694046,-869279.7574390937
-27504.63799229917,-4099.726870759416,17475.757195325456,-28497.51833459087,27004.104135293255,6146.459163443784,741.0140763601254,28995.018469932915,-44933.77385272096,-760.7650753371904,-16891.323005314985,-44922.62076360897,-38536.694094281454,21685.538491195362,-49437.10279291654,33961.24629995866,29376.1807617973,-20139.438796152524,6310.5086499843355,-7196.01784308397,21600.452187545372,-25916.410017316208,-12255.576945728037,-34904.85663009026,70263.11429664548,35421.257573048315,30614.316651460897,-25861.40648743197,53097.55477596565,-11182.094630140335,66943.13394086638,16674.270783928052,23402.759262991414,81275.82514362952,8130.675442819574,-56814.556045286365,47758.102969343054,-10621.984258724093,24937.20758023461,20923.659750901035,30195.684076417987,13213.059472112309,-26877.793932782995,-5253.563494612077,51699.89369632835,58958.9760169104,24399.60909459341,24025.26174976998,17616.25005242839,-19765.55424800172,-778.4531034963464,-5348.069960286703,-15448.382842312863,15787.519490534592,3192.6348686389983,-86959.51414351849
192196.21917729804,28648.63519325999,-122116.37310168373,199133.29276887432,-188698.39651134197,-42950.451797149195,-5180.320992234282,-202610.0273956162,313986.40324958175,5314.672510733256,118032.19448155297,313909.10641367745,269284.44576024386,-151532.34907741915,345454.2140779505,-237312.259919137,-205272.59860669996,140729.37794298673,-44096.99975357051,50283.57676905661,-150938.55986769163,181096.1989810918,85639.38861911715,243906.6325625954,-490981.97008464136,-247515.76972736945,-213925.87519854444,180712.1973220629,-371032.15234697127,78137.81041371184,-467782.32005484676,-116514.66827199596,-163534.01334777,-567934.8582691032,-56814.556045286365,397004.77108006075,-333720.52740394376,74224.1882251356,-174254.29983552496,-146207.39781081717,-210999.04940611127,-92330.1777120498,187815.89822977045,36710.718578954926,-361265.7099167852,-411989.3592945737,-170499.52959271945,-167883.70789448172,-123097.41382011831,138117.48212918156,5440.091436035038,37370.42693937204,107949.16531850497,-110319.3054561588,-22308.823635039553,607651.9848316539
-161559.8014946595,-24081.957315860887,102650.62859661375,-167390.89520924404,158619.24468582045,36104.260404325396,4354.800869722054,170313.5048061973,-263936.06463206746,-4467.254789127513,-99217.41774934478,-263870.96136619564,-226359.51656654605,127377.30758979787,-290387.7140472574,199483.76626904824,172551.61293510793,-118297.0059118521,37068.04255567431,-42268.3027408092,126878.52359184969,-152229.0377702974,-71988.45648440596,-205027.15462790208,412718.0968857937,208061.1145343529,179825.50456297034,-151906.0603781171,311888.2856671223,-65682.61872482505,393216.48397261335,97941.59196339136,137466.2848761387,477404.3304846467,47758.102969343054,-333720.52740394376,280524.6800664279,-62392.9120420324,146477.60295051237,122901.13943593676,177365.00402938647,77612.60965262051,-157877.64818291485,-30858.91090387884,303678.93633208005,346316.84809282946,143321.54797447473,141122.6722723604,103475.06723916008,-116101.34917447335,-4573.070322084722,-31413.43975371157,-90741.61088773931,92734.16684621101,18752.630767842358,-510790.5522473703
