V1,V2,V3,V4,V5,V6,V7,V8,V9,V10,V11,V12,V13,V14,V15,V16,V17,V18,V19,V20,V21,V22,V23,V24,V25,V26,V27,V28,V29,V30,V31,V32,V33,V34,V35,V36,V37,V38,V39,V40,V41,V42,V43,V44,V45,V46,V47,V48,V49,V50,V51,V52,V53,V54,V55,V56
2.1601197408393107,0.4584317933470864,-1.1460201491096291,1.782655246370315,-1.93790292183263,-0.6842429402081334,-1.0337440174065506,-2.038732631688162,2.9948191311692423,-0.6665401635894445,0.9782031114355544,3.2089541373961454,2.188463726523453,-0.9435064403568019,3.207138094403423,-1.9320029127805918,-1.7113405890473954,1.63538991215498,-0.9412180114153625,0.36605580721928366,-1.3576397639153541,1.2654571728519997,1.1632201727827924,2.352937625078125,-4.9238402069628355,-2.618473636661587,-2.2424132911533605,1.278198488071101,-3.1753758857501286,0.8238578298639024,-4.592043338067835,-0.5059086705009124,-2.069474043215151,-5.162882229874007,-0.33038544446774115,2.923884017051348,-2.710132973082446,1.077359660058402,-1.2534158366844104,-0.41080687334257937,-1.5290140076376026,-1.137494186808511,1.9806804379405663,0.407324152281596,-3.3391413844711186,-3.1876823340802827,-1.9906237162155616,-2.123882996861872,-0.6495055916417523,1.783304743731816,0.34046752125464846,0.19086278307952434,0.8954279624121881,-0.9867752127139042,0.023441175744824173,6.014613531398117
0.4584317933470864,0.262893496375271,-0.1834810927749401,0.1397879255541129,-0.4162579608119199,-0.21150237402293628,-0.818816357401303,-0.2998227724192691,0.47150747029211054,-0.5130401978021802,0.08621719893196475,0.7328056100507797,0.1523232598483918,0.08293188352412842,0.43813303974114226,-0.13628138809625304,0.007110014979096509,0.24397196592405482,-0.3729693229531393,-0.08386916594005533,-0.14947795370445657,-0.23218750100121724,0.2891857989578424,0.3723966475760046,-0.8756465275321861,-0.5572762232620956,-0.47503746110191186,-0.1140513632010599,-0.3189025507935127,0.10166503555795593,-0.7280593210132947,0.2093111885968737,-0.6791446345235121,-0.5734833906871822,0.11987265772894,0.03312911837427274,0.051730778434424585,0.27233822888609105,0.07696091209323998,0.5064920227610842,0.06067090164464687,-0.30907770977775767,0.3931258457740613,0.10548538590995762,-0.36035335613694797,-0.020350757715237387,-0.5506352435342586,-0.6331053750844367,0.1160244732245957,0.4770304753540241,0.18802629701367077,-0.11690514953965388,0.0809241701533087,-0.0876307011548849,0.14474229081563444,0.9779067157431942
-1.1460201491096291,-0.1834810927749401,0.7556726192548544,-1.2159478456173407,1.1599150446713435,0.2342762356594087,-0.009084713663400603,1.2210880844139518,-1.9314695796894312,-0.0784216034254015,-0.7392184165460485,-1.941480672108379,-1.6867628137179076,0.9770534181039278,-2.127665702983963,1.4861071886758792,1.2471318046611186,-0.8059830785845055,0.22213699565562997,-0.2989947513145503,0.9296065712070778,-1.1046822475899551,-0.48423869522610513,-1.4965380224655085,2.9970203172357817,1.5065580990047136,1.3051401465332062,-1.1262312680139612,2.3123843394948507,-0.4584428332954576,2.854416498455484,0.7672207253080555,0.9881335185910437,3.4887084169998164,0.35168600352994656,-2.513042128127061,2.0344875193343914,-0.4083338700588513,1.0880828436942882,0.9593113660868378,1.3231488403630458,0.5479662225714849,-1.1368225608437232,-0.22416788457586748,2.2058181040817946,2.5678400615499855,1.0323239466950678,1.0006851936908763,0.8086569655251679,-0.8046025086453196,-0.008130775426769913,-0.22864154311200752,-0.6762782645710864,0.6757675845280449,0.1509068673756274,-3.7037126793130732
1.782655246370315,0.1397879255541129,-1.2159478456173407,2.08374089354826,-1.7861952214444798,-0.31668083974935046,0.5111814661539518,-2.007894539797842,3.122436441863808,0.4219520173266052,1.240229118484302,2.9493843418171006,2.859216753479556,-1.7333130309591651,3.4901186541608586,-2.5182576075395215,-2.2480266385433527,1.354114136973066,-0.21229137965485295,0.6034911942911101,-1.5535517203879616,2.137382657227113,0.7265763184587668,2.4192783365664234,-4.779888333486362,-2.329503740329131,-2.019158084953397,2.0624175605476665,-3.861381162048883,0.7793959841372714,-4.62489289450022,-1.4379887643312816,-1.3268406478491892,-5.833880632152558,-0.7038469883033314,4.3542630444221615,-3.6848243918943164,0.6109784287913177,-1.9677369455838714,-1.9669427515597242,-2.362355685121124,-0.7954384772036232,1.785930597116639,0.3304850837688765,-3.708545090745951,-4.51364451173179,-1.4905509368965466,-1.3994599257619862,-1.4472716928347296,1.1738878687727785,-0.07693500774886251,0.4876230482164314,1.1330140336322336,-1.148632395299484,-0.3472546090533139,5.984567235386532
-1.93790292183263,-0.4162579608119199,1.1599150446713435,-1.7861952214444798,1.8866270279135324,0.5010804139963932,0.6014055700332647,1.91924464968712,-2.976574999544063,0.30500299182607177,-1.057558345798582,-3.1566794590718597,-2.3887390034233222,1.2328503629901182,-3.2314903969150772,2.1055202049357975,1.7274000846773936,-1.3572704950798293,0.6320045589051331,-0.36743766447255793,1.376871119127097,-1.3683591937729893,-0.9249417333899543,-2.3278617601103835,4.755155881731382,2.4833111733226585,2.1390160096755944,-1.4540414365338408,3.367494337319063,-0.7215643918056004,4.464523918258401,0.8322389802349923,1.8491179753464067,5.200042831847827,0.40475408226642473,-3.3979713784162215,2.7754681105176573,-0.8105701564410047,1.416068829486079,0.8883268546478293,1.7476774757768434,0.9923056750148774,-1.8504738969741237,-0.3820954790726526,3.3082596912697344,3.494124761379582,1.8162356077188349,1.8644082211693243,0.9577470503202836,-1.4983421578509546,-0.1722489575853814,-0.23925917784365447,-0.9675592308818812,0.9914480926755677,0.09164868971533893,-5.81918739358394
-0.6842429402081334,-0.21150237402293628,0.2342762356594087,-0.31668083974935046,0.5010804139963932,0.3325747425735035,0.8409363282385761,0.5181074674492928,-0.650542068542482,0.6008993088860204,-0.11649776965142802,-0.8210832246533587,-0.2265157108655288,-0.12471200023682734,-0.6356682549099698,0.2031436469201066,0.23139383001933037,-0.5601263915460818,0.5402454668301035,-0.01573669531858732,0.2454263048215999,-0.0016917790949831511,-0.4804417453083334,-0.5225397830039303,1.2228190493027447,0.7266674563771393,0.6111531668915172,0.0013595963194531302,0.448297739447913,-0.24166887381896435,1.0801872956310161,-0.27487315787507977,0.7651333911653388,0.9659570941701063,-0.06095284766650099,-0.068748780914292415,0.31665840956249636,-0.4819579403556853,0.019725136508930225,-0.5336584064624422,0.02449496902639291,0.4116664549168896,-0.5568566563115089,-0.12407072447651733,0.6639648784046045,0.22893943509954137,0.6615972320605229,0.7857883568554295,-0.19861191197121097,-0.6879055594683833,-0.26181175792242184,0.060065665229120144,-0.10770268413191697,0.17662131078205592,-0.15565150154147983,-1.447128839649002
-1.0337440174065506,-0.818816357401303,-0.009084713663400603,0.5111814661539518,0.6014055700332647,0.8409363282385761,3.6355133210760107,0.23961608437713494,-0.057567908239243855,2.5016765897156996,0.45766419441932044,-1.0347778959436267,1.207959315478432,-1.5907996155798863,0.25182763530925145,-1.0559196561071529,-1.117417961186379,-0.6712123177144237,1.6852341941284135,0.5500485332530658,-0.29872115756542095,1.9437032579486615,-1.0409349268747972,-0.13603243585754285,0.8678398844403679,0.9647745958045516,0.7729230172704197,1.642565572361834,-1.1170446811244987,-0.1158584309124685,0.42391544618598886,-1.9977802441104102,1.9487809687052702,-0.9667982861459244,-0.8220138082374534,2.7611980260291693,-2.0549829488751503,-1.0699545107497206,-1.4930604994076855,-3.4355097542807953,-1.6924128913798329,0.880927075995911,-0.6260023531635645,-0.22418166210869211,-0.5083744607201464,-2.6459809053898393,1.3632644835779744,1.8871005279460504,-1.6483069361580578,-1.5179345968277058,-0.9406696903939601,0.6749761747857306,0.4151268161238239,-0.2749597266715017,-0.8301429907497297,-0.7103905577588542
-2.038732631688162,-0.2998227724192691,1.2210880844139518,-2.007894539797842,1.91924464968712,0.5181074674492928,0.23961608437713494,2.098361796988257,-3.166188714139365,0.10979459941631478,-1.1500943583994951,-3.1727390415193537,-2.6169182068570724,1.3900557317866093,-3.466095505396517,2.307486770535353,2.0676990991710658,-1.5553548746747679,0.5893228299329978,-0.5111301994443019,1.5106334794370173,-1.7877566537495586,-0.9765212961110532,-2.4667803265982813,5.017883496682374,2.551727556346397,2.1984005269963474,-1.7434543456432214,3.644342199955411,-0.8368585970617228,4.769238832303147,1.0189773145046723,1.7395998641433523,5.703546136400211,0.5426099830488662,-3.775905853243285,3.3422400437726036,-0.8751709628188781,1.6818928580641297,1.255516844014437,2.0260535679543055,0.9955390631289183,-1.9492038865649637,-0.37988938752024415,3.656576408229985,4.009582808957229,1.7910679378390801,1.8070318579696283,1.0920854505782789,-1.5238308527258846,-0.13280139947200584,-0.3585235778859187,-1.0518183796864335,1.1097098098999114,0.1731325732369168,-6.20877129773089
2.9948191311692423,0.47150747029211054,-1.9314695796894312,3.122436441863808,-2.976574999544063,-0.650542068542482,-0.057567908239243855,-3.166188714139365,4.9561378429523435,0.12346018339272989,1.8757781047786934,4.973941586364856,4.27407850649703,-2.431238824995744,5.445418222483726,-3.766911642186582,-3.2139090998005764,2.149128801160844,-0.6424398652032038,0.7766252039912974,-2.382443976333818,2.834872229503419,1.3024707485079894,3.8374412571512106,-7.721527783985258,-3.8859413652113908,-3.364024449022839,2.8556823511757417,-5.876855610470652,1.211825865749175,-7.3476415765111565,-1.895854338351149,-2.5707997845461983,-8.94540249543684,-0.8888591950709369,6.322488331347189,-5.23604391874272,1.1198431639935786,-2.763182971965586,-2.3600832401514915,-3.346099294440818,-1.4377769399781852,2.9495507336521074,0.5791880597458748,-5.67135151491584,-6.5277931075877715,-2.680994571705538,-2.6136132574090745,-1.9991098288549378,2.1301126519769435,0.062004521922875235,0.5809345665308889,1.7166070956665689,-1.7362711358968432,-0.3620583412436188,9.54205718769651
-0.6665401635894445,-0.5130401978021802,-0.0784216034254015,0.4219520173266052,0.30500299182607177,0.6008993088860204,2.5016765897156996,0.10979459941631478,0.12346018339272989,1.7641550684585254,0.3933315028385978,-0.5034073571274209,1.0061688652781011,-1.2316181175728815,0.34974270412278397,-0.8802452351619088,-0.814736868086465,-0.5030855603864928,1.2040678746823492,0.36904897297307604,-0.2787861238753098,1.36502313742195,-0.7402262399762178,0.025725147396619633,0.3747917696620163,0.549373127410611,0.4274715474214975,1.2157309331067798,-0.9970770487304011,-0.08404946310038237,0.09217832426949686,-1.4979798308421313,1.249648856269574,-0.9235639853886232,-0.5795807746741101,2.1909961400999194,-1.4986025885858594,-0.77706241238952245,-1.117377156814263,-2.4882487382375134,-1.2873437113255515,0.5812303544276055,-0.3587803891676994,-0.1336148784250695,-0.48730158678922175,-2.0433395553937928,0.8536777670308751,1.238251407420851,-1.270566884219332,-1.0356184138596363,-0.6769639103951713,0.4647369705862237,0.358006400323321,-0.2334406073025619,-0.5925593088083468,-0.23473221396909472
0.9782031114355544,0.08621719893196475,-0.7392184165460485,1.240229118484302,-1.057558345798582,-0.11649776965142802,0.45766419441932044,-1.1500943583994951,1.8757781047786934,0.3933315028385978,0.7805137627122906,1.774076994412346,1.7992391790840083,-1.1593978727424512,2.102528412042676,-1.5842512794699668,-1.3415285724312254,0.6789357418304236,0.006182130844562603,0.35199452031473794,-0.9422308408458134,1.3035628717925019,0.328771461501815,1.4385490578363254,-2.806669655103121,-1.3449023061703416,-1.1744891397949673,1.298065437995996,-2.3971945690761567,0.4247580565821536,-2.719056087949465,-1.0092304201982778,-0.723702700161586,-3.511378773992474,-0.4398959544979196,2.8047965021877577,-2.2202192911265497,0.2500483339181169,-1.2456170825985455,-1.3694266581134178,-1.5004811489357608,-0.4205913472157041,1.0267065602792715,0.1912592323309009,-2.20120750995042,-2.83200275286767,-0.8375221025047869,-0.7348410766262758,-1.0074161615976804,0.5831419599941454,-0.1145146124196947,0.3016222161395328,0.713949057045625,-0.6901522983504167,-0.25122397457256473,3.5076133275646657
3.2089541373961454,0.7328056100507797,-1.941480672108379,2.9493843418171006,-3.1566794590718597,-0.8210832246533587,-1.0347778959436267,-3.1727390415193537,4.973941586364856,-0.5034073571274209,1.774076994412346,5.311494419966817,3.9961213488180576,-2.077141717676764,5.382007843846575,-3.5231789495124004,-2.8391317747385356,2.194185992665181,-1.0187297818353398,0.585541450849888,-2.2960694420770125,2.2295399268226253,1.5033408336429464,3.872598917821114,-7.923037196799936,-4.136079217746079,-3.5689735077802025,2.4055403770012838,-5.627231433197716,1.185531408186257,-7.419203926227092,-1.4282940631220689,-3.106968469001796,-8.647756700602892,-0.6517085892395641,5.6912612810610925,-4.571875912851836,1.312246294106427,-2.3586326600586114,-1.491133806365711,-2.9092427156275233,-1.6488169918801785,3.086267044398993,0.6417187688987097,-5.480210058212836,-5.825631266128446,-3.044545269924292,-3.0978794200408317,-1.6404632018133403,2.467528579547718,0.2757826007964563,0.37753379566810646,1.6247967962412477,-1.6466062140896904,-0.15080216405434857,9.67094246462346
2.188463726523453,0.1523232598483918,-1.6867628137179076,2.859216753479556,-2.3887390034233222,-0.2265157108655288,1.207959315478432,-2.6169182068570724,4.27407850649703,1.0061688652781011,1.7992391790840083,3.9961213488180576,4.159857636528919,-2.7164786388135713,4.81447574799502,-3.6616853468522215,-3.111553206023013,1.5283157451190446,0.0805073325736403,0.8300259947422503,-2.1610767667838346,3.061940557502801,0.7114094816266889,3.2834142480798487,-6.367743339624902,-3.0321924884709808,-2.648342375232282,3.0373814989192436,-5.522794688004266,0.9603865178168088,-6.193878821428728,-2.3775193901705367,-1.5639661555601119,-8.057793805843819,-1.0462387274118086,6.52660234850791,-5.153645530637919,0.5265070329753382,-2.903483974781679,-3.2710197526139884,-3.5001288896120166,-0.9218099814162088,2.310233996243719,0.42558329907381154,-5.052067888278669,-6.572723456355675,-1.8475559534355788,-1.602931725593668,-2.361749977186653,1.270549978209276,-0.3022894806064925,0.7221815660206415,1.6447037494365366,-1.5861708244202484,-0.6107577291039776,7.981621126101986
-0.9435064403568019,0.08293188352412842,0.9770534181039278,-1.7333130309591651,1.2328503629901182,-0.12471200023682734,-1.5907996155798863,1.3900557317866093,-2.431238824995744,-1.2316181175728815,-1.1593978727424512,-2.077141717676764,-2.7164786388135713,2.007825134571603,-2.820085831623701,2.388339172504019,1.994619925268527,-0.5977617056117543,-0.5248551529680322,-0.5755186810308753,1.3043551192416298,-2.163790803729546,-0.08542307933265775,-1.8440760175553104,3.4008702253821186,1.4887789744800684,1.321387983585063,-2.1367467821558392,3.477065833751371,-0.47248048161135775,3.403653163713642,1.9087898485158907,0.4221826005723795,4.816476344027381,0.78940774752067,-4.507884920316517,3.3627618393588583,0.04162651934769464,2.0262975095011293,2.76456898896286,2.435497700311677,0.2881242016283045,-1.1393551524608978,-0.1896219900334197,2.971116771969382,4.419723431545856,0.7162908693683432,0.4324910302573711,1.82633747665854,-0.2940008402903944,0.43774538916136463,-0.5625864164229986,-1.0590951471860004,0.9619550692574527,0.5646145578905102,-4.3390669545571114
3.207138094403423,0.43813303974114226,-2.127665702983963,3.4901186541608586,-3.2314903969150772,-0.6356682549099698,0.25182763530925145,-3.466095505396517,5.445418222483726,0.34974270412278397,2.102528412042676,5.382007843846575,4.81447574799502,-2.820085831623701,6.027557863874091,-4.240970363146074,-3.6288840909735285,2.3126951804833507,-0.5714664749028108,0.9026069947997022,-2.6440596748932435,3.2820903287802063,1.35126269009723,4.225754767110426,-8.427642433185552,-4.206143335281601,-3.6421683434137524,3.288364094843892,-6.576302151802661,1.3123984332737155,-8.06455773683607,-2.2390617916057125,-2.663142144015112,-9.932642367834818,-1.0583496477250978,7.214406852964418,-5.923802344432875,1.139046723890267,-3.1604722185639904,-2.885935078238982,-3.8325527267272212,-1.5074233235594618,3.182379933010669,0.6171046800054503,-6.294855556021522,-7.401768682696032,-2.829321801309457,-2.731970382119895,-2.3311745501201906,2.2222333182489074,-0.014339756284577346,0.7025934317427625,1.922166964074284,-1.932145082363917,-0.47192629533327934,10.45630318691726
-1.9320029127805918,-0.13628138809625304,1.4861071886758792,-2.5182576075395215,2.1055202049357975,0.2031436469201066,-1.0559196561071529,2.307486770535353,-3.766911642186582,-0.8802452351619088,-1.5842512794699668,-3.5231789495124004,-3.6616853468522215,2.388339172504019,-4.240970363146074,3.223345734955487,2.7410745924793836,-1.3502222355532372,-0.06654273968467356,-0.7308626483890488,1.9041371990201625,-2.695634072459311,-0.6300362425649677,-2.892628157901612,5.613672170117675,2.673408305106313,2.3351128153907514,-2.672657639769077,4.862434025367361,-0.8485010367306101,5.458768601822618,2.0910085047323386,1.3823871209654595,7.0988731827606975,0.9195820012098174,-5.741699610099617,4.540032001424393,-0.4681709922776642,2.556019448091321,2.8743045412531623,3.0798761637830196,0.8147208946858385,-2.0386617337694317,-0.37561132904534744,4.451035645433021,5.78672646030163,1.6316445188034039,1.415807606476236,2.0769287324835894,-1.1236483218677786,0.2634193200532121,-0.6348052953096617,-1.4483361923951696,1.3976060326812842,0.5359423398893902,-7.035082775534572
-1.7113405890473954,0.007110014979096509,1.2471318046611186,-2.2480266385433527,1.7274000846773936,0.23139383001933037,-1.117417961186379,2.0676990991710658,-3.2139090998005764,-0.814736868086465,-1.3415285724312254,-2.8391317747385356,-3.111553206023013,1.994619925268527,-3.6288840909735285,2.7410745924793836,2.5520857281444176,-1.3697842207349906,-0.014028907012155688,-0.7392409615290144,1.6582326051339693,-2.578385964872077,-0.6244922286692565,-2.4635589192172698,4.806994650599514,2.2422605123148442,1.954093938948632,-2.397422012476298,4.123722886636552,-0.8307546526229292,4.718034245173772,1.7800683477794754,1.042603193539606,6.196808975913892,0.8628697723814946,-4.8566311012544094,4.219759818504507,-0.5177903291759249,2.282455190207164,2.5596451034025702,2.6978990966206036,0.6929267245936562,-1.76858292629597,-0.3038588442979254,3.936119266634435,5.089891568198619,1.3208382596448878,1.1370149182204123,1.716396627499459,-1.0021496324675472,0.2063656487429917,-0.622877267132713,-1.2262089363847974,1.2417126262437952,0.4842636403743008,-6.085685024409558
1.63538991215498,0.24397196592405482,-0.8059830785845055,1.354114136973066,-1.3572704950798293,-0.5601263915460818,-0.6712123177144237,-1.5553548746747679,2.149128801160844,-0.5030855603864928,0.6789357418304236,2.194185992665181,1.5283157451190446,-0.5977617056117543,2.3126951804833507,-1.3502222355532372,-1.3697842207349906,1.3804652142743812,-0.7698104736718222,0.34301120163884413,-0.991165165318728,1.0781454152690388,0.9449478008610728,1.699684102560616,-3.579486085703593,-1.885968840392353,-1.6062392125254032,0.96810713163502,-2.233377530347617,0.6765004348905364,-3.37083228915819,-0.2851547653486543,-1.4323563163534279,-3.797445318526111,-0.2839292624669897,1.9921855107492716,-2.1613270731162064,0.9043808992539649,-0.9327998590892824,-0.2742513842987599,-1.1075251961115467,-0.8425235501078819,1.45885446543313,0.2847353100597947,-2.50421559959775,-2.3280789618910576,-1.4087634104018543,-1.5360034558051563,-0.36173013276290666,1.3692551662080104,0.28756189032873924,0.18783148932027716,0.6202949493577398,-0.7395839018902166,0.018337163092984665,4.420945523996262
-0.9412180114153625,-0.3729693229531393,0.22213699565562997,-0.21229137965485295,0.6320045589051331,0.5402454668301035,1.6852341941284135,0.5893228299329978,-0.6424398652032038,1.2040678746823492,0.006182130844562603,-1.0187297818353398,0.0805073325736403,-0.5248551529680322,-0.5714664749028108,-0.06654273968467356,-0.014028907012155688,-0.7698104736718222,0.9719361449611391,0.09688708111133956,0.16659304774086311,0.43241431175790535,-0.7585636971076771,-0.5575643661562361,1.4174173440359588,0.9559418024932874,0.7883015533842721,0.3853492198452469,0.16182571584959976,-0.27571596737414567,1.187858054297842,-0.7953519467313926,1.2074711240625886,0.7317723466258821,-0.23871456778411604,0.6199373419853078,-0.15080030134724612,-0.7646064834146487,-0.3455651559097569,-1.3713922111301091,-0.3832901332052466,0.6235664867123705,-0.6951849074554051,-0.1723929164393533,0.5592950502466927,-0.4233146496324401,0.96739399380649,1.2455499714104319,-0.634862278116008,-1.072356195614965,-0.49478893130699664,0.2047745244317437,0.005555663881234883,0.11069976937164848,-0.35284927764055535,-1.6237819149818755
0.36605580721928366,-0.08386916594005533,-0.2989947513145503,0.6034911942911101,-0.36743766447255793,-0.01573669531858732,0.5500485332530658,-0.5111301994443019,0.7766252039912974,0.36904897297307604,0.35199452031473794,0.585541450849888,0.8300259947422503,-0.5755186810308753,0.9026069947997022,-0.7308626483890488,-0.7392409615290144,0.34301120163884413,0.09688708111133956,0.24127021031310053,-0.4288238122582919,0.8124089939444945,0.10853114753379031,0.5919112612896081,-1.1188655224049393,-0.47797138518661536,-0.4188482880771864,0.7135809110872802,-1.0685425263828057,0.21748569986404573,-1.137121728880282,-0.552744143437135,-0.09975208075256262,-1.6000940868455886,-0.281271224655526,1.3465874015588735,-1.232078922237289,0.08643909275336513,-0.6700834447984918,-0.8605640892351856,-0.7787332610653043,-0.1129849648105391,0.3955766848329957,0.05572746319477179,-1.0226558586562946,-1.4361530231846267,-0.21828265764009439,-0.14521841180820058,-0.504993641814699,0.1605091180345448,-0.10496321519537487,0.2136278292121918,0.32115536467617006,-0.3300451378236641,-0.17630418582176727,1.4571651382707824
-1.3576397639153541,-0.14947795370445657,0.9296065712070778,-1.5535517203879616,1.376871119127097,0.2454263048215999,-0.29872115756542095,1.5106334794370173,-2.382443976333818,-0.2787861238753098,-0.9422308408458134,-2.2960694420770125,-2.1610767667838346,1.3043551192416298,-2.6440596748932435,1.9041371990201625,1.6582326051339693,-0.991165165318728,0.16659304774086311,-0.4288238122582919,1.1756325713916453,-1.5510013182586921,-0.5429156277123374,-1.83518278321631,3.6451817321076376,1.7851975269948386,1.5508174977364073,-1.5239159291720599,2.9239776889945426,-0.5815319730305966,3.505285819985906,1.0861097225499114,1.0616407560275294,4.400336076949772,0.503143198967079,-3.27835504427261,2.7222890695620343,-0.4551805847727193,1.4665335560017048,1.4395905325991187,1.7613366580656582,0.6165473041449958,-1.3694722894059943,-0.25868621172513856,2.7835282152778347,3.3822366419727636,1.1697441333621734,1.0905778564871245,1.10177387415251,-0.8976136014884308,0.04968238119220292,-0.34271457041315795,-0.8620702688516383,0.8632870203455955,0.2473477363411487,-4.53895215837537
1.2654571728519997,-0.23218750100121724,-1.1046822475899551,2.137382657227113,-1.3683591937729893,-0.0016917790949831511,1.9437032579486615,-1.7877566537495586,2.834872229503419,1.36502313742195,1.3035628717925019,2.2295399268226253,3.061940557502801,-2.163790803729546,3.2820903287802063,-2.695634072459311,-2.578385964872077,1.0781454152690388,0.43241431175790535,0.8124089939444945,-1.5510013182586921,2.820833004085368,0.3035661443968631,2.1485095691576506,-4.044680449138222,-1.7374531304848126,-1.5307688116581153,2.5589302331141153,-3.9341810766071212,0.7241243796735475,-4.084451626983147,-2.083460971488043,-0.4101306741606924,-5.759870535185672,-0.9847212984740681,4.996950387216881,-4.314976204775527,0.2067706106666144,-2.4172295895444376,-3.1551047280096567,-2.8306403878015454,-0.39112381315059963,1.4144458033523801,0.2101341905127115,-3.6392989195295047,-5.20571806666632,-0.8152586425615249,-0.5191050890367392,-1.9303562132084544,0.5109348734467457,-0.4179983133784665,0.7353557286112651,1.1906994224895444,-1.1781211713724398,-0.6434193135816475,5.2279538184795475
1.1632201727827924,0.2891857989578424,-0.48423869522610513,0.7265763184587668,-0.9249417333899543,-0.4804417453083334,-1.0409349268747972,-0.9765212961110532,1.3024707485079894,-0.7402262399762178,0.328771461501815,1.5033408336429464,0.7114094816266889,-0.08542307933265775,1.35126269009723,-0.6300362425649677,-0.6244922286692565,0.9449478008610728,-0.7585636971076771,0.10853114753379031,-0.5429156277123374,0.3035661443968631,0.7503437647000697,1.0504884248652466,-2.306412987689893,-1.3072263243651012,-1.1038315551759565,0.2953527952384963,-1.1533350900429145,0.4223350018309023,-2.1053146257563617,0.1814079580343144,-1.204664477700928,-2.115641248992922,-0.02861811014388684,0.7236801163842835,-0.9320693705473544,0.7280871060099096,-0.29698830685987665,0.4373954235870991,-0.37152993943887447,-0.6608454235466682,0.983965592192302,0.2104799076767233,-1.4184618952608363,-0.9346449877567758,-1.0857660900272625,-1.2593172940303328,0.07118351432841062,1.0899616493241366,0.3361716049235627,-0.004769325526463878,0.3004654902112937,-0.395674184619875,0.1556566215366149,2.787166910660792
2.352937625078125,0.3723966475760046,-1.4965380224655085,2.4192783365664234,-2.3278617601103835,-0.5225397830039303,-0.13603243585754285,-2.4667803265982813,3.8374412571512106,0.025725147396619633,1.4385490578363254,3.872598917821114,3.2834142480798487,-1.8440760175553104,4.225754767110426,-2.892628157901612,-2.4635589192172698,1.699684102560616,-0.5575643661562361,0.5919112612896081,-1.83518278321631,2.1485095691576506,1.0504884248652466,2.9915461222796553,-6.01276353014029,-3.0494849605115752,-2.633368284911792,2.175405245049108,-4.533171613090122,0.9354726729481752,-5.722896200999622,-1.391772801935275,-2.0428064869800493,-6.914477040061186,-0.6784882358921104,4.837102045177019,-3.998074443825675,0.9022552335771226,-2.093657570461768,-1.7281510798199105,-2.5519814298839196,-1.139949312832289,2.2943415646352197,0.4533315959279448,-4.395817325260386,-4.978829150711025,-2.1088310552469696,-2.094151378836788,-1.488199076051675,1.7045593999755588,0.07404949441559076,0.4398917529638862,1.314891483519465,-1.3372389266444056,-0.2601571701109561,7.433729342474814
-4.9238402069628355,-0.8756465275321861,2.9970203172357817,-4.779888333486362,4.755155881731382,1.2228190493027447,0.8678398844403679,5.017883496682374,-7.721527783985258,0.3747917696620163,-2.806669655103121,-7.923037196799936,-6.367743339624902,3.4008702253821186,-8.427642433185552,5.613672170117675,4.806994650599514,-3.579486085703593,1.4174173440359588,-1.1188655224049393,3.6451817321076376,-4.044680449138222,-2.306412987689893,-6.01276353014029,12.227332009555594,6.269817640548921,5.4079035308660295,-4.100687683850025,8.883382275418983,-1.9396523565338004,11.564329376843268,2.463659811557703,4.412394889689785,13.742563739996397,1.2241829580632821,-9.189949595904343,7.768985356114692,-2.0325825568029283,3.975835107007415,2.8961107070976637,4.836272092530557,2.443862661500691,-4.738063939962237,-0.9473373878942641,8.759501821651343,9.57902158962237,4.464119274515758,4.500235245531863,2.695841874403876,-3.6923608605538374,-0.3222082913999774,-0.7771631119136444,-2.567972985880504,2.6517051574459156,0.37924246836190473,-15.054717900215902
-2.618473636661587,-0.5572762232620956,1.5065580990047136,-2.329503740329131,2.4833111733226585,0.7266674563771393,0.9647745958045516,2.551727556346397,-3.8859413652113908,0.549373127410611,-1.3449023061703416,-4.136079217746079,-3.0321924884709808,1.4887789744800684,-4.206143335281601,2.673408305106313,2.2422605123148442,-1.885968840392353,0.9559418024932874,-0.47797138518661536,1.7851975269948386,-1.7374531304848126,-1.3072263243651012,-3.0494849605115752,6.269817640548921,3.2977149858803045,2.833594581205202,-1.8226141801059952,4.313316028577095,-0.9788713088379911,5.877053592839812,0.9418295653811933,2.5034229663500405,6.76313700626003,0.4992982940055971,-4.237428401381644,3.5832909864098434,-1.1669263944072872,1.7742026180143156,0.9553998764430968,2.1877315342764803,1.3543636035021869,-2.462832550816887,-0.5082905334055433,4.327479618286019,4.422068459246279,2.4391946125439175,2.544961312724154,1.1161741408238421,-2.0746970359105625,-0.29413914342917036,-0.29298104689943405,-1.230068475872533,1.2892917568254574,0.07192498991022757,-7.671445333691974
-2.2424132911533605,-0.47503746110191186,1.3051401465332062,-2.019158084953397,2.1390160096755944,0.6111531668915172,0.7729230172704197,2.1984005269963474,-3.364024449022839,0.4274715474214975,-1.1744891397949673,-3.5689735077802025,-2.648342375232282,1.321387983585063,-3.6421683434137524,2.3351128153907514,1.954093938948632,-1.6062392125254032,0.7883015533842721,-0.4188482880771864,1.5508174977364073,-1.5307688116581153,-1.1038315551759565,-2.633368284911792,5.4079035308660295,2.833594581205202,2.437427019661843,-1.6040736114423018,3.7545749702089664,-0.842708031624133,5.071825284272387,0.8617713818292561,2.1341021402830114,5.865989174055062,0.442297818912087,-3.7215555843635784,3.130431137142295,-0.9826338077185326,1.5636600083953294,0.8936114671047891,1.9235575757634615,1.1543582116668967,-2.120576193046362,-0.436607588457541,3.7467880073824062,3.877083673451683,2.08858906480607,2.1632622853283516,1.005812194299488,-1.7604303402498889,-0.234962868183413,-0.2617350683690179,-1.0746191228536726,1.1198499175072583,0.07722671412836035,-6.6178267654077905
1.278198488071101,-0.1140513632010599,-1.1262312680139612,2.0624175605476665,-1.4540414365338408,0.0013595963194531302,1.642565572361834,-1.7434543456432214,2.8556823511757417,1.2157309331067798,1.298065437995996,2.4055403770012838,3.0373814989192436,-2.1367467821558392,3.288364094843892,-2.672657639769077,-2.397422012476298,0.96810713163502,0.3853492198452469,0.7135809110872802,-1.5239159291720599,2.5589302331141153,0.2953527952384963,2.175405245049108,-4.100687683850025,-1.8226141801059952,-1.6040736114423018,2.4216729166663655,-3.9293669508075957,0.6585942139050613,-4.0930909048471475,-2.004431598721392,-0.5961975484365973,-5.65946402516232,-0.902191283502927,4.9372491643208765,-4.009288425112892,0.17576775462056868,-2.2934859719029745,-2.9439888243320658,-2.7251410663097575,-0.43578190471919853,1.4304077171501706,0.23296152871129655,-3.5477704341038505,-5.012793628251161,-0.9311021957007514,-0.6616096459189289,-1.903597138913548,0.5560076270296154,-0.39071099208809856,0.6548933777868555,1.185608114820003,-1.1391756458807516,-0.591707852385351,5.242123859873109
-3.1753758857501286,-0.3189025507935127,2.3123843394948507,-3.861381162048883,3.367494337319063,0.448297739447913,-1.1170446811244987,3.644342199955411,-5.876855610470652,-0.9970770487304011,-2.3971945690761567,-5.627231433197716,-5.522794688004266,3.477065833751371,-6.576302151802661,4.862434025367361,4.123722886636552,-2.233377530347617,0.16182571584959976,-1.0685425263828057,2.9239776889945426,-3.9341810766071212,-1.1533350900429145,-4.533171613090122,8.883382275418983,4.313316028577095,3.7545749702089664,-3.9293669508075957,7.4085150131405335,-1.3476629597172507,8.583324563153313,2.945645800471745,2.4359753260788324,10.932188151980487,1.3203232132171834,-8.528439297694606,6.794871700386709,-0.9057019371841745,3.7634147125061435,3.964685252705217,4.550960447138834,1.4039000061955313,-3.2715870122167785,-0.6171341049551211,6.877905541472875,8.627285429103358,2.740528939314846,2.492704376714774,2.974423316726242,-1.9906385086658247,0.26561211932260753,-0.8976640333837849,-2.1913485262792265,2.1406290543214634,0.7124832488739236,-11.086381216946782
0.8238578298639024,0.10166503555795593,-0.4584428332954576,0.7793959841372714,-0.7215643918056004,-0.24166887381896435,-0.1158584309124685,-0.8368585970617228,1.211825865749175,-0.08404946310038237,0.4247580565821536,1.185531408186257,0.9603865178168088,-0.47248048161135775,1.3123984332737155,-0.8485010367306101,-0.8307546526229292,0.6765004348905364,-0.27571596737414567,0.21748569986404573,-0.5815319730305966,0.7241243796735475,0.4223350018309023,0.9354726729481752,-1.9396523565338004,-0.9788713088379911,-0.842708031624133,0.6585942139050613,-1.3476629597172507,0.3623045743662154,-1.8416453521614033,-0.34778509730274326,-0.6687412444677034,-2.1937309957330635,-0.20593531707260693,1.3475075839000026,-1.3416784197150484,0.3991430713110915,-0.6412642156399391,-0.4302732446698916,-0.7501943864943607,-0.40091242338144795,0.7742375522273124,0.14591087372582776,-1.421040776054654,-1.517079131987903,-0.6974028333897615,-0.7047587474741247,-0.36343983274516317,0.6287854270869065,0.08112415535804163,0.14266552038981056,0.38936771162669215,-0.433414327698367,-0.052551865263389834,2.40461830528058
-4.592043338067835,-0.7280593210132947,2.854416498455484,-4.62489289450022,4.464523918258401,1.0801872956310161,0.42391544618598886,4.769238832303147,-7.3476415765111565,0.09217832426949686,-2.719056087949465,-7.419203926227092,-6.193878821428728,3.403653163713642,-8.06455773683607,5.458768601822618,4.718034245173772,-3.37083228915819,1.187858054297842,-1.137121728880282,3.505285819985906,-4.084451626983147,-2.1053146257563617,-5.722896200999622,11.564329376843268,5.877053592839812,5.071825284272387,-4.0930909048471475,8.583324563153313,-1.8416453521614033,10.990334610435752,2.5401835156745984,3.98697534656299,13.212173902896781,1.266654868964542,-9.046860798052894,7.645526607410276,-1.8396302173562742,3.9482922177670225,3.121939928426926,4.79340684422002,2.237690055490499,-4.446517654015573,-0.8767089125437082,8.420558007083086,9.410848789104211,4.1010893145011185,4.095653194541791,2.724565148259485,-3.3719462271976535,-0.21112713786289455,-0.8232545674411299,-2.486358107153235,2.5590884475612743,0.45152462353425676,-14.28968407380545
-0.5059086705009124,0.2093111885968737,0.7672207253080555,-1.4379887643312816,0.8322389802349923,-0.27487315787507977,-1.9977802441104102,1.0189773145046723,-1.895854338351149,-1.4979798308421313,-1.0092304201982778,-1.4282940631220689,-2.3775193901705367,1.9087898485158907,-2.2390617916057125,2.0910085047323386,1.7800683477794754,-0.2851547653486543,-0.7953519467313926,-0.552744143437135,1.0861097225499114,-2.083460971488043,0.1814079580343144,-1.391772801935275,2.463659811557703,0.9418295653811933,0.8617713818292561,-2.004431598721392,2.945645800471745,-0.34778509730274326,2.5401835156745984,1.9557471947015195,-0.07509671619082753,3.950981905737692,0.7701856847926686,-4.10023237005471,3.052642776783662,0.27771539687754265,1.9083313199814453,2.902085320023743,2.2549658590111945,0.03384795138838434,-0.7673814651866523,-0.10370672208670768,2.400826591142919,4.024754028756797,0.2812657098189922,-0.08803364089593418,1.8093129891290747,0.1173130119568497,0.5457477786269436,-0.567115993047262,-0.923870911497772,0.8090174937365664,0.6144023451402275,-3.2048898307673683
-2.069474043215151,-0.6791446345235121,0.9881335185910437,-1.3268406478491892,1.8491179753464067,0.7651333911653388,1.9487809687052702,1.7395998641433523,-2.5707997845461983,1.249648856269574,-0.723702700161586,-3.106968469001796,-1.5639661555601119,0.4221826005723795,-2.663142144015112,1.3823871209654595,1.042603193539606,-1.4323563163534279,1.2074711240625886,-0.09975208075256262,1.0616407560275294,-0.4101306741606924,-1.204664477700928,-2.0428064869800493,4.412394889689785,2.5034229663500405,2.1341021402830114,-0.5961975484365973,2.4359753260788324,-0.6687412444677034,3.98697534656299,-0.07509671619082753,2.349925580413295,4.069951379438723,0.021072778669619492,-1.8091323058971525,1.5742723947151145,-1.1209978512107517,0.6252381329171833,-0.5958945637829722,0.8263597528990102,1.1977777312563025,-1.8343169851209153,-0.4154961565234596,2.631579338711678,1.9485576245865202,2.0929113743007886,2.337024157840845,0.1674639292166213,-1.8827698312011447,-0.5207974651882449,0.06135029535378771,-0.6638663161504569,0.7414147605132717,-0.24999845681373015,-5.260018949380722
-5.162882229874007,-0.5734833906871822,3.4887084169998164,-5.833880632152558,5.200042831847827,0.9659570941701063,-0.9667982861459244,5.703546136400211,-8.94540249543684,-0.9235639853886232,-3.511378773992474,-8.647756700602892,-8.057793805843819,4.816476344027381,-9.932642367834818,7.0988731827606975,6.196808975913892,-3.797445318526111,0.7317723466258821,-1.6000940868455886,4.400336076949772,-5.759870535185672,-2.115641248992922,-6.914477040061186,13.742563739996397,6.76313700626003,5.865989174055062,-5.65946402516232,10.932188151980487,-2.1937309957330635,13.212173902896781,3.950981905737692,4.069951379438723,16.501211212639955,1.869108058723556,-12.18081266107691,10.151294458510213,-1.7826406294944739,5.43436723652173,5.234026599317126,6.541342902785448,2.362425372669415,-5.169173546574912,-0.979522329459594,10.458922039950544,12.57467016286109,4.449048018285612,4.2043168050271555,4.029879900014879,-3.4673484509598564,0.1360489707410746,-1.2700391769894563,-3.2109594691046053,3.2324781862468477,0.8917050950054263,-17.114161920119486
-0.33038544446774115,0.11987265772894,0.35168600352994656,-0.7038469883033314,0.40475408226642473,-0.06095284766650099,-0.8220138082374534,0.5426099830488662,-0.8888591950709369,-0.5795807746741101,-0.4398959544979196,-0.6517085892395641,-1.0462387274118086,0.78940774752067,-1.0583496477250978,0.9195820012098174,0.8628697723814946,-0.2839292624669897,-0.23871456778411604,-0.281271224655526,0.503143198967079,-0.9847212984740681,-0.02861811014388684,-0.6784882358921104,1.2241829580632821,0.4992982940055971,0.442297818912087,-0.902191283502927,1.3203232132171834,-0.20593531707260693,1.266654868964542,0.7701856847926686,0.021072778669619492,1.869108058723556,0.3607716124399248,-1.7625874730744084,1.4514810323177376,0.01146683468761909,0.8416859330635833,1.195463279716576,0.9950120584763281,0.06965744060094624,-0.3995123689191966,-0.05322059553743972,1.1744056564809031,1.7883918193944206,0.17654661578722883,0.06352991348186326,0.7095347104230582,-0.06882683576096026,0.19262211683105307,-0.27022791895148424,-0.4006843615228339,0.3834353038077235,0.2534313745847695,-1.6087934169022582
2.923884017051348,0.03312911837427274,-2.513042128127061,4.3542630444221615,-3.3979713784162215,-0.068748780914292415,2.7611980260291693,-3.775905853243285,6.322488331347189,2.1909961400999194,2.8047965021877577,5.6912612810610925,6.52660234850791,-4.507884920316517,7.214406852964418,-5.741699610099617,-4.8566311012544094,1.9921855107492716,0.6199373419853078,1.3465874015588735,-3.27835504427261,4.996950387216881,0.7236801163842835,4.837102045177019,-9.189949595904343,-4.237428401381644,-3.7215555843635784,4.9372491643208765,-8.528439297694606,1.3475075839000026,-9.046860798052894,-4.10023237005471,-1.8091323058971525,-12.18081266107691,-1.7625874730744084,10.500955774963083,-8.103372175312254,0.42663489143185446,-4.697510251484545,-5.802494628644458,-5.6559468881553485,-1.1139403207458969,3.2322894576891192,0.5725399088419107,-7.591539557147851,-10.454132200710463,-2.3726221725584438,-1.8644602885939818,-3.997828553166076,1.4320872248414,-0.727690449593936,1.2370570003596097,2.562593711338931,-2.413082867539336,-1.1362684074318667,11.607829233664777
