V1,V2,V3,V4,V5,V6,V7,V8,V9,V10,V11,V12,V13,V14,V15,V16,V17,V18,V19,V20,V21,V22,V23,V24,V25,V26,V27,V28,V29,V30,V31,V32,V33,V34,V35,V36,V37,V38,V39,V40,V41,V42,V43,V44,V45,V46,V47,V48,V49,V50,V51,V52,V53,V54,V55,V56
14.09783765204772,2.2384488910540727,-8.774236952677462,14.213466933916614,-13.707752701388312,-3.314149604083869,-1.2487520846139109,-14.653004114771022,22.591642338156174,-0.24077220884417982,8.36823100718939,22.79731994090263,19.054331376826052,-10.482869477903982,24.781491194406378,-16.79435690000027,-14.523496071751126,10.340855290135602,-3.6117028601312313,3.5020219706143347,-10.784348159318606,12.589225521696642,6.444418736351286,17.575150794326216,-35.53092090091248,-18.037613431512952,-15.572258180718922,12.603600308073052,-26.392240428723458,5.6700758802392794,-33.76154638917267,-7.864569224260217,-12.224807798563559,-40.62501171502536,-3.8957136823993688,27.838487211259412,-23.548863169868106,5.636305739307964,-12.171081672385766,-9.661303146938566,-14.758121918887563,-6.863219323718047,13.669301708423484,2.6928692876163467,-25.881453247413475,-28.983641619379874,-12.59031659088705,-12.540197450105088,-8.416954013754747,10.329807890226496,0.6345764772496104,2.5347985071716446,7.653853783216862,-7.873404974047412,-1.399290628190625,43.89754800986579
2.2384488910540727,0.4588872361936191,-1.3050526702967737,2.0331127485799523,-2.1292366475762536,-0.6078744340175085,-0.7195258449600876,-2.2052732155606227,3.3675492671325586,-0.3965169045863704,1.1800574239789434,3.5500793802550246,2.66257381496809,-1.3359347591906403,3.648378016650787,-2.347863487778781,-1.9841264339671232,1.6161940674674298,-0.773393782141249,0.4335298134644639,-1.5585274164113216,1.5739341557680653,1.0995523662569004,2.6331173098778815,-5.405491195005806,-2.8224013982136924,-2.428480569560898,1.6314567404457456,-3.767608572601366,0.8512933082393179,-5.075905115772018,-0.885652112316726,-2.105600535483101,-5.892540842662441,-0.4563124955865745,3.7502040789955364,-3.182523209616201,0.9810630776878945,-1.5895927009449544,-0.9397243372340643,-1.9483981819308624,-1.1460022011433564,2.1193595488728763,0.4336002142356306,-3.7654977688391744,-3.9216900051773527,-2.0715804568755263,-2.1386149942834214,-1.021514244687535,1.7485254572649753,0.22669970156055175,0.2746198151921597,1.0798283827270216,-1.1278336025296458,-0.08792315177360834,6.622094227092067
-8.774236952677462,-1.3050526702967737,5.590178944505337,-9.115798624472916,8.629559284648835,1.9478216171851122,0.1877350132347227,9.262257344658703,-14.369063694086936,-0.28261350083213593,-5.410459988971035,-14.358951614812788,-12.345484135911553,6.96493615928486,-15.81323715432721,10.879487657260658,9.400735820009784,-6.41524590728141,1.9859433443734573,-2.303576873703687,6.911073885158101,-8.304558570280859,-3.8956521631410195,-11.159980019306966,22.453993229783624,11.313012412149112,9.779273163203824,-8.291439949126273,17.001031554906287,-3.567855726763142,21.39682484316896,5.368000413626854,7.459023281587856,25.999927863924675,2.6091525810144214,-18.218972379450275,15.287691403708449,-3.3711185502442516,7.994791713927487,6.744383471547318,9.681324964342236,4.210437669781462,-8.583324463927111,-1.6772976087158404,16.53347911620801,18.89178982182227,7.7840784630097835,7.654402202823328,5.666089134415865,-6.2917692504785645,-0.23161530439883646,-1.7167124559014726,-4.948286071757923,5.050657342946763,1.0335896636110828,-27.791671682683035
14.213466933916614,2.0331127485799523,-9.115798624472916,14.929055777017052,-14.00677690332644,-3.098700478789073,0.08028948520174167,-15.092635992983915,23.428796576321073,0.7176389227010574,8.868581236540479,23.296839757974876,20.253915939084283,-11.513723330362536,25.81663646297371,-17.84812633464028,-15.466130764578734,10.419103313050845,-3.0753734621933027,3.8242855571460828,-11.30468924714832,13.76786360760278,6.258985308432373,18.187274343395732,-36.535753447006975,-18.350343164037223,-15.867994117189937,13.699368455151125,-27.836461245957985,5.818396482883621,-34.86087354194638,-8.953349242441613,-11.955694940601107,-42.51529077366581,-4.346071750794096,29.985405260072923,-25.1748051487857,5.403731463121444,-13.198593411226925,-11.354012855631465,-15.966103406543205,-6.778628555487225,13.938942236654746,2.711317133588011,-27.03052720041927,-31.091245915778213,-12.551195205144392,-12.288026643467639,-9.39930374525863,10.114558068294413,0.2856847512248612,2.876089246497982,8.11059104090078,-8.269854476953626,-1.7715796560627517,45.264151992935254
-13.707752701388312,-2.1292366475762536,8.629559284648835,-14.00677690332644,13.411789343690362,3.136794220438639,0.8207573787320922,14.344783371441894,-22.19644535619211,-0.06544596306106194,-8.285297647391866,-22.316778727239914,-18.882165611060454,10.514491383241905,-24.38219387380706,16.641248816552302,14.361982559680328,-10.020999197275065,3.3226425311257746,-3.4820502518136727,10.628883299585256,-12.549552101315353,-6.1776267951528645,-17.254089027386023,34.804112108757934,17.6122733339016,15.214708900371964,-12.564957068422693,26.084399314393234,-5.532546082345446,33.10873230480718,7.987841531630593,11.801416255219385,40.01247816274847,3.9115127911635548,-27.718134292764834,23.319392635813998,-5.373280148376802,12.127214890969404,9.905821659236986,14.700731180366406,6.633538786357844,-13.34888354098811,-2.6224742158151675,25.463752884081764,28.78432281906576,12.219318547833286,12.099403813046427,8.497939104226756,-9.946435840815278,-0.49964233352587295,-2.5553148295855226,-7.577915045982847,7.760757902890836,1.4735112448310583,-43.02789090297991
-3.314149604083869,-0.6078744340175085,1.9478216171851122,-3.098700478789073,3.136794220438639,0.8814020979427968,0.826546219091278,3.316178618217372,-5.036124290699399,0.44576271454432465,-1.7867071628903468,-5.211508453467137,-4.044723507825257,2.070682325738212,-5.47782969912006,3.5665282913724394,3.0871153950989196,-2.4462698241124596,1.0834113757813,-0.7101627308095861,2.3569137729429523,-2.5344355534540046,-1.6171797898722748,-3.9342698436728347,8.050090188769454,4.164609296347057,3.584313888879033,-2.5605260367214675,5.691062835730162,-1.296632712422277,7.593551457683162,1.4252200726879078,3.0114899889077256,8.908920635783257,0.7490299219831581,-5.746306701966114,4.965234769643907,-1.4460054484280047,2.4838759560001273,1.613970164224835,3.0241583302027784,1.6688424287619597,-3.146111562636988,-0.632421543672236,5.70216992036826,6.048076349707237,3.0087494981191933,3.0850691598697826,1.5969973413439071,-2.551496866913397,-0.2954315072735607,-0.469735938431356,-1.6344665067313457,1.7157409833500445,0.18258308706018106,-9.899256368657365
-1.2487520846139109,-0.7195258449600876,0.1877350132347227,0.08028948520174167,0.8207573787320922,0.826546219091278,3.1274114278840646,0.5815396982473425,-0.5689551944147154,2.1682289667786585,0.2106928947353139,-1.3703841028359172,0.6165320806363401,-1.1582657458097785,-0.3608139463422973,-0.5357483795601843,-0.5700389632643836,-0.9008057962459903,1.573217405447196,0.3597796912352669,-0.002471448263387965,1.3140620308874496,-1.0901929665760157,-0.528802791712033,1.5842979626747702,1.2504334039383596,1.023489491698723,1.1015295917203882,-0.36962274169218534,-0.26294630650509293,1.175455411761911,-1.5729561432963686,1.9369192199101164,0.142079911102419,-0.5967586569632878,1.774512734082131,-1.1404194524444433,-1.1035545400527804,-0.992381398921808,-2.7429824856952894,-1.1113109654810538,0.9267900959624521,-0.8668140379224439,-0.25160869611484926,0.20423455912074273,-1.5944593480190612,1.4540400308861938,1.9203894893568967,-1.2688023793401446,-1.5818243234838405,-0.8412466179780348,0.5007092602841985,0.19051440137587483,-0.04288581812004591,-0.6822579053313722,-1.667462015327829
-14.653004114771022,-2.2052732155606227,9.262257344658703,-15.092635992983915,14.344783371441894,3.316178618217372,0.5815396982473425,15.40060091923643,-23.826493408256894,-0.26188193970411716,-8.926720115362098,-23.856951403808324,-20.35834658433101,11.397099648623886,-26.19854673352457,17.94184532250916,15.536069538155639,-10.747441323025999,3.4532702243686786,-3.7977888224601895,11.438595369992814,-13.660867267627815,-6.572407277036487,-18.515055213203013,37.30748254176908,18.83377237786025,16.273184291974072,-13.629077563486558,28.082688132418365,-5.948780052288912,35.52737037568135,8.718542505660439,12.506513989543018,43.05278728017466,4.272868938171287,-29.953191576777737,25.242508316633003,-5.711408839476288,13.14475113796977,10.90138297535897,15.917827904140303,7.0579851162909755,-14.290810744027283,-2.796497328183319,27.399642730778197,31.120381261079842,13.00821528356724,12.843167346346375,9.232817696503792,-10.576986403955916,-0.471368438972916,-2.806371037798467,-8.16416931587435,8.360277160292052,1.6467645276840985,-46.160158583660554
22.591642338156174,3.3675492671325586,-14.369063694086936,23.428796576321073,-22.19644535619211,-5.036124290699399,-0.5689551944147154,-23.826493408256894,36.940886497919315,0.6597219134275125,13.894881675219146,36.928974003543566,31.70178368928894,-17.856085361631717,40.646431068000666,-27.937609913992816,-24.152706282838892,16.530199980997203,-5.15813697148271,5.91593467031867,-17.76076899540689,21.316348378172055,10.052603858935305,28.69399712374058,-57.75063986228069,-29.108305689080748,-25.15959387125711,21.278131912511984,-43.67198678295519,9.183887048535773,-55.024341952039194,-13.740834365333152,-19.220049652813568,-66.82390955178735,-6.690972970457535,46.75449041145939,-39.27028313745011,8.707167683841949,-20.5177840975721,-17.247853045704684,-24.845783664930813,-10.849302958610643,22.085671996263912,4.31693178806004,-42.50127525714499,-48.502404801756875,-20.044065208132867,-19.727047802535072,-14.513320664464528,16.222580796993824,0.6240221501260516,4.400978853788641,12.707937527583187,-12.980164192459258,-2.6355792133125124,71.47424122541274
-0.24077220884417982,-0.3965169045863704,-0.28261350083213593,0.7176389227010574,-0.06544596306106194,0.44576271454432465,2.1682289667786585,-0.26188193970411716,0.6597219134275125,1.5439104546529614,0.5494758069505115,0.11258288563854142,1.347774859187951,-1.3363094034548868,0.9109519215476708,-1.182247359413449,-1.0720517498177606,-0.18764178393158717,0.969289648407236,0.41059526444627403,-0.5084034246884043,1.5087489665314546,-0.4923462953587621,0.4504343566615281,-0.5375263300599954,0.043515848065888804,-0.0037470808019309807,1.3758678077206135,-1.518334191078752,0.06622179402389633,-0.7423636286218627,-1.5082745172415193,0.8005414459391383,-1.8030581460356598,-0.6041809805647077,2.601439877475279,-1.8946616021764782,-0.5435832453995091,-1.279568546443044,-2.422032034065549,-1.4908308567400592,0.3430279246982046,0.019258036546603095,-0.051740925123988625,-1.0600423175789269,-2.503318491906229,0.4429668367509939,0.7831380591205958,-1.321046017700174,-0.6574434339066731,-0.578671566188844,0.4704180924249012,0.5011313807749077,-0.3976570702742805,-0.5545997513849977,0.8645872655360812
8.36823100718939,1.1800574239789434,-5.410459988971035,8.868581236540479,-8.285297647391866,-1.7867071628903468,0.2106928947353139,-8.926720115362098,13.894881675219146,0.5494758069505115,5.286311803735106,13.787020255275973,12.079115127439456,-6.918777151966318,15.324708699903903,-10.64375527249097,-9.205349308225015,6.115645170936626,-1.7287460519062683,2.2821614997090163,-6.717388944077433,8.233041049430433,3.6455565772650145,10.780490749292275,-21.623829988376645,-10.838149088862284,-9.376284870227714,8.197056539818607,-16.573260942418475,3.432116934821301,-20.647113384283337,-5.418742965608084,-7.006999292616154,-25.251393077355676,-2.610194327433667,17.936528288486176,-14.99728382653713,3.1333316357630503,-7.895356893335919,-6.9028364971771925,-9.550485851337228,-3.9746544858629766,8.232301522504962,1.598763064415994,-16.041657852684388,-18.56317984583002,-7.38296196775164,-7.197169122458742,-5.670892208520646,5.913087087662782,0.11750162553684582,1.730449873425872,4.834493520640546,-4.913732414653278,-1.0909443478996124,26.799892128471328
22.79731994090263,3.5500793802550246,-14.358951614812788,23.296839757974876,-22.316778727239914,-5.211508453467137,-1.3703841028359172,-23.856951403808324,36.928974003543566,0.11258288563854142,13.787020255275973,37.13919632044881,31.41985050824849,-17.50204387117786,40.564913630292736,-27.69084928334663,-23.8813761304934,16.652046019976158,-5.5181685473484965,5.785748906681551,-17.68213420388254,20.863644437903908,10.26688478220278,28.70542993692752,-57.900121216344154,-29.301292971697514,-25.31330633699266,20.900840780718923,-43.40286042958469,9.196163681729963,-55.077043495458376,-13.297894874197727,-19.63857575903278,-66.5619672311157,-6.503827429043188,46.12784561463058,-38.777195704362676,8.926432892427934,-20.17390170042172,-16.484372311328826,-24.458169538922863,-11.033484997167115,22.204893692842763,4.363705327175935,-42.35504140298409,-47.886872012397056,-20.330860940756626,-20.128458948048994,-14.14911245395684,16.538971329217336,0.8265558323963345,4.246915511777942,12.60999450189833,-12.908925425531933,-2.4521669155840202,71.57697565606034
19.054331376826052,2.66257381496809,-12.345484135911553,20.253915939084283,-18.882165611060454,-4.044723507825257,0.6165320806363401,-20.35834658433101,31.70178368928894,1.347774859187951,12.079115127439456,31.41985050824849,27.606446306989,-15.846759155992325,34.975572702646,-24.325663104884388,-21.044674322219823,13.927225519388884,-3.8804466445080066,5.2272066716512,-15.338152029692571,18.856943148723413,8.278090570166627,24.592486719533103,-49.306071261932985,-24.69300985155577,-21.364808649461857,18.7643739051127,-37.857283786574364,7.826152869291982,-47.093827674614005,-12.439643542026232,-15.915143198071375,-57.651523626797605,-5.986053954420867,41.02992548666388,-34.294807198068675,7.1081801110513325,-18.070639149649296,-15.879263561070838,-21.854669840244405,-9.035702950606755,18.75993825673364,3.639551570013311,-36.62034151673789,-42.45457251319295,-16.794735108968613,-16.350713554432378,-13.001987317204215,13.434164178497284,0.232502086337957,3.973237572242142,11.046615707215182,-11.221739701205722,-2.5203336777299685,61.121618492001105
-10.482869477903982,-1.3359347591906403,6.96493615928486,-11.513723330362536,10.514491383241905,2.070682325738212,-1.1582657458097785,11.397099648623886,-17.856085361631717,-1.3363094034548868,-6.918777151966318,-17.50204387117786,-15.846759155992325,9.314975177472066,-19.76882623536501,13.961364859335236,12.08083982794681,-7.644506856531191,1.7789237896792955,-3.051316429494056,8.709409038753611,-11.028849813471359,-4.400592020242562,-13.827825695605519,27.58241806707639,13.69667158419881,11.86702558241081,-10.938231233266622,21.604781664424035,-4.36335854918608,26.429005292961307,7.48732685427437,8.53994310340187,32.692858710514074,3.54944414840026,-23.783259992082076,19.744310670487447,-3.7293140346732403,10.517776927281398,9.739080048986926,12.701812632053288,4.885582945020451,-10.422194078900295,-2.0023220434094577,20.72981212402312,24.523122600869613,9.160891380153638,8.782822288345708,7.731238871931055,-7.203395842981342,0.09436966303188647,-2.380412928108995,-6.326930978738355,6.379990343702247,1.6102198797361544,-34.26318963932934
24.781491194406378,3.648378016650787,-15.81323715432721,25.81663646297371,-24.38219387380706,-5.47782969912006,-0.3608139463422973,-26.19854673352457,40.646431068000666,0.9109519215476708,15.324708699903903,40.564913630292736,34.975572702646,-19.76882623536501,44.746257441828654,-30.82203695909297,-26.65589833816295,18.133987059605857,-5.548866781549946,6.547894853102918,-19.565853985305225,23.594614633814466,10.981793038587973,31.564953690143668,-63.4846952278047,-31.960026958821825,-27.629306854656342,23.534141298268217,-48.141188866380666,10.095020093731273,-60.51618177182253,-15.270615883037157,-21.00843289706028,-73.60266584957672,-7.4217463213408434,51.656163187403465,-43.35837232843083,9.498550528709748,-22.687197683081997,-19.233603630649757,-27.46505760230368,-11.873110142707937,24.256428500393444,4.734211729405331,-46.803151349015934,-53.5667718920717,-21.957303824201695,-21.56853833587963,-16.09568861146168,17.736923805195865,0.6160596907230746,4.890891239704314,14.015434990169965,-14.302922581436606,-2.961379877345142,78.59597185715732
-16.79435690000027,-2.347863487778781,10.879487657260658,-17.84812633464028,16.641248816552302,3.5665282913724394,-0.5357483795601843,17.94184532250916,-27.937609913992816,-1.182247359413449,-10.64375527249097,-27.69084928334663,-24.325663104884388,13.961364859335236,-30.82203695909297,21.43479464091751,18.54393937271895,-12.275727415099567,3.423671325355145,-4.60564169127624,13.516306356501776,-16.61430619686968,-7.297805338947827,-21.67268458619487,43.453469427646915,21.763043532160143,18.82958632691637,-16.532923011706497,33.35948952501987,-6.897445222747763,41.50306129246454,10.957947631331471,14.029368338016395,50.804193268755654,5.273666466330352,-36.151629010811604,30.219003321899354,-6.266956140406741,15.921822362058267,13.986256682480189,19.256012686892127,7.964795354213018,-16.533861548276047,-3.207843174425686,32.27131974704287,37.40792543347086,14.803379935583553,14.413326836151727,11.454168979255304,-11.8425925257966,-0.20708899176986117,-3.5001875035906114,-9.733951114961323,9.888786648593749,2.2192696107136185,-53.86590836619954
-14.523496071751126,-1.9841264339671232,9.400735820009784,-15.466130764578734,14.361982559680328,3.0871153950989196,-0.5700389632643836,15.536069538155639,-24.152706282838892,-1.0720517498177606,-9.205349308225015,-23.8813761304934,-21.044674322219823,12.08083982794681,-26.65589833816295,18.54393937271895,16.104566582782958,-10.664377649682205,2.9509011419369315,-4.020631753553028,11.69833696846105,-14.464670948877403,-6.320530058910845,-18.736667437824934,37.562627734198784,18.79437057958371,16.2599391334392,-14.347871168028323,28.851359967204075,-5.989190228351998,35.89540774976892,9.496223306532832,12.066878428718725,43.97526403643934,4.592881779585183,-31.283132642597234,26.24524070177149,-5.436163524089559,13.811441261176796,12.165289648652168,16.690094284600992,6.874117799714339,-14.292990434117929,-2.765805001526015,27.946552147700583,32.41653639944013,12.760764294564451,12.419947082305642,9.907874203681299,-10.23191775487825,-0.17146363993264635,-3.0578467939527147,-8.418150044826914,8.566216271658526,1.9372349915959157,-46.586590197094445
10.340855290135602,1.6161940674674298,-6.41524590728141,10.419103313050845,-10.020999197275065,-2.4462698241124596,-0.9008057962459903,-10.747441323025999,16.530199980997203,-0.18764178393158717,6.115645170936626,16.652046019976158,13.927225519388884,-7.644506856531191,18.133987059605857,-12.275727415099567,-10.664377649682205,7.624988839073444,-2.6715535979129426,2.5837765259107495,-7.895084933316416,9.25555824130515,4.747554982828363,12.861892061518033,-26.011470816902328,-13.20071315362997,-11.394117885837225,9.232725580599324,-19.295156147281126,4.173444296247772,-24.72364819341107,-5.730029687115605,-8.93340354038382,-29.748287085015793,-2.8614224566735724,20.332937710574402,-17.287930261686153,4.1627479098201174,-8.912442301031158,-7.057296506806116,-10.797690381183706,-5.03059655385914,10.013798493281953,1.968676814080111,-18.96561837477318,-21.213794036247798,-9.209322392012007,-9.181126202221474,-6.126923783981814,7.585440325727685,0.47824295005768996,1.8673230460219452,5.593330622083852,-5.769249323260811,-1.02174639520561,32.1485847598524
-3.6117028601312313,-0.773393782141249,1.9859433443734573,-3.0753734621933027,3.3226425311257746,1.0834113757813,1.573217405447196,3.4532702243686786,-5.15813697148271,0.969289648407236,-1.7287460519062683,-5.5181685473484965,-3.8804466445080066,1.7789237896792955,-5.548866781549946,3.423671325355145,2.9509011419369315,-2.6715535979129426,1.4665539674584704,-0.6272210955518447,2.350478372221427,-2.2225517705288858,-1.883396110296727,-4.050500558064603,8.411198322034904,4.453928091867525,3.820003878273293,-2.290764985411905,5.58102163962339,-1.362685451900392,7.859468851906274,1.035903715620556,3.4656163102580924,8.922981561701722,0.6061598365313494,-5.292549865886974,4.691493770910279,-1.7176750198552613,2.239568771903814,0.94593776881202,2.7475877765410597,1.8892961177724423,-3.3486161449471004,-0.6906452366380749,5.742054415335388,5.648255209271716,3.348953249671405,3.5395706405859304,1.2784183195656895,-2.9319055359754045,-0.5007332170617655,-0.3512506940708318,-1.581915314082417,1.7025755459666891,0.017300391707192223,-10.279026655345954
3.5020219706143347,0.4335298134644639,-2.303576873703687,3.8242855571460828,-3.4820502518136727,-0.7101627308095861,0.3597796912352669,-3.7977888224601895,5.91593467031867,0.41059526444627403,2.2821614997090163,5.785748906681551,5.2272066716512,-3.051316429494056,6.547894853102918,-4.60564169127624,-4.020631753553028,2.5837765259107495,-0.6272210955518447,1.0221330829209057,-2.885731029153405,3.6694059078167127,1.4922774040498492,4.583935762300327,-9.156153124674425,-4.548535531735518,-3.938526021732727,3.61660296835973,-7.134690710149456,1.4655031310907403,-8.775177742019096,-2.443006246958316,-2.838501952055802,-10.839363194820455,-1.1766456566610948,7.82540330858567,-6.565802373148401,1.275122797085813,-3.4757455688085,-3.185298112034353,-4.191560840039337,-1.6334774190962376,3.4677343945944465,0.6641261131726707,-6.884430478431102,-8.104489461997442,-3.0452568596813543,-2.9314491655173662,-2.5214928921661244,2.421373618861678,-0.01181612404183777,0.7920110405981098,2.0867859522895915,-2.1173992438381326,-0.5240956122435989,11.379681171278481
-10.784348159318606,-1.5585274164113216,6.911073885158101,-11.30468924714832,10.628883299585256,2.3569137729429523,-0.002471448263387965,11.438595369992814,-17.76076899540689,-0.5084034246884043,-6.717388944077433,-17.68213420388254,-15.338152029692571,8.709409038753611,-19.565853985305225,13.516306356501776,11.69833696846105,-7.895084933316416,2.350478372221427,-2.885731029153405,8.563849273605168,-10.39690887184201,-4.753184421395399,-13.788265949940017,27.705648167758742,13.92442021403954,12.040364994844245,-10.357159055688603,21.0876846135642,-4.406707299282455,26.42775168375599,6.761928849535494,9.095197887436761,32.20821689201087,3.2795045341155893,-22.69621505268507,19.03906116635058,-4.103810981963093,9.98064140615716,8.556981019516856,12.077265846261946,5.149911799641646,-10.573034886121254,-2.059077808588288,20.476043225628736,23.526416012925058,9.535734571307795,9.342412268454623,7.106994105794384,-7.684276245510199,-0.22776188260963054,-2.1670505231931636,-6.143358273602413,6.262774499200374,1.3307391345369994,-34.316290331230036
12.589225521696642,1.5739341557680653,-8.304558570280859,13.76786360760278,-12.549552101315353,-2.5344355534540046,1.3140620308874496,-13.660867267627815,21.316348378172055,1.5087489665314546,8.233041049430433,20.863644437903908,18.856943148723413,-11.028849813471359,23.594614633814466,-16.61430619686968,-14.464670948877403,9.25555824130515,-2.2225517705288858,3.6694059078167127,-10.39690887184201,13.200147033631279,5.341868218952112,16.514237483241445,-32.97392324740767,-16.37981549255488,-14.18557231692448,13.035505966280292,-25.730414557713054,5.259020069025158,-31.59888773718068,-8.839089745620258,-10.222238914475104,-39.04542221836958,-4.237016530903658,28.249285420123584,-23.626451954471406,4.5537475521064,-12.530020316719263,-11.51443538992612,-15.11728152456242,-5.871570501510754,12.480239370564027,2.3926927409192826,-24.786766178754807,-29.218011152431078,-10.964721961010271,-10.54335589675982,-9.125252034620738,8.690150527589303,-0.061646308807441125,2.848519562449166,7.528389160311026,-7.624768346131335,-1.8967412176636422,40.97428687467678
6.444418736351286,1.0995523662569004,-3.8956521631410195,6.258985308432373,-6.1776267951528645,-1.6171797898722748,-1.0901929665760157,-6.572407277036487,10.052603858935305,-0.4923462953587621,3.6455565772650145,10.26688478220278,8.278090570166627,-4.400592020242562,10.981793038587973,-7.297805338947827,-6.320530058910845,4.747554982828363,-1.883396110296727,1.4922774040498492,-4.753184421395399,5.341868218952112,3.0487397807584236,7.836808897898293,-15.938846874542124,-8.167147619758586,-7.039701397334412,5.366036513894842,-11.55342866618034,2.5583831361841343,-15.091716787711585,-3.175227353740958,-5.718240694225094,-17.93612084826292,-1.618183710987513,11.932756170585638,-10.208355308303494,2.6988213372009096,-5.192376278925264,-3.769281092544342,-6.306846873770527,-3.191045191920777,6.180907640853615,1.2294454467474631,-11.454546543158315,-12.493736132267005,-5.799652664329887,-5.864150664539785,-3.467608113157182,4.843637937580376,0.43494328460714876,1.0364060365837444,3.334589767419168,-3.4660368212072634,-0.49580089377148334,19.648304008852595
17.575150794326216,2.6331173098778815,-11.159980019306966,18.187274343395732,-17.254089027386023,-3.9342698436728347,-0.528802791712033,-18.515055213203013,28.69399712374058,0.4504343566615281,10.780490749292275,28.70542993692752,24.592486719533103,-13.827825695605519,31.564953690143668,-21.67268458619487,-18.736667437824934,12.861892061518033,-4.050500558064603,4.583935762300327,-13.788265949940017,16.514237483241445,7.836808897898293,22.290797583475527,-44.87850483998451,-22.632754591470835,-19.560720180710295,16.4883929885218,-33.89208551812876,7.1386307905985085,-42.750978290539486,-10.621460446522185,-14.974667296438554,-51.88233611066713,-5.178284640225423,36.2442717016952,-30.457992828768283,6.793104432197815,-15.900925420332886,-13.31196233948897,-19.257017214713358,-8.449182598243487,17.170726468207658,3.3582921357345503,-33.00224019645898,-37.609032176898246,-15.601331972916785,-15.368915191224545,-11.229248810675404,12.640194790664358,0.5090014606635987,3.4033181765011893,9.859631876150543,-10.076110072770385,-2.0267354651359124,55.53577523005649
-35.53092090091248,-5.405491195005806,22.453993229783624,-36.535753447006975,34.804112108757934,8.050090188769454,1.5842979626747702,37.30748254176908,-57.75063986228069,-0.5375263300599954,-21.623829988376645,-57.900121216344154,-49.306071261932985,27.58241806707639,-63.4846952278047,43.453469427646915,37.562627734198784,-26.011470816902328,8.411198322034904,-9.156153124674425,27.705648167758742,-32.97392324740767,-15.938846874542124,-44.87850483998451,90.4447316059123,45.686969005306956,39.475422776735,-32.948214218864294,68.03295512485218,-14.394903450424918,86.10310838032451,21.07059646082959,30.41086988206785,104.27796868264134,10.307594755882516,-72.51737369411889,61.02416142264293,-13.845825836416525,31.785089830942248,26.28362486924023,38.50632347574553,17.13520886922946,-34.6503236154161,-6.789635219449106,66.35395287855314,75.30209316142177,31.591321049425623,31.205043901078827,22.34084741682162,-25.671488597941806,-1.1680337230953124,-6.757762705895149,-19.77704581964086,20.241157075556718,3.9571063708012715,-111.87675213043481
-18.037613431512952,-2.8224013982136924,11.313012412149112,-18.350343164037223,17.6122733339016,4.164609296347057,1.2504334039383596,18.83377237786025,-29.108305689080748,0.043515848065888804,-10.838149088862284,-29.301292971697514,-24.69300985155577,13.69667158419881,-31.960026958821825,21.763043532160143,18.79437057958371,-13.20071315362997,4.453928091867525,-4.548535531735518,13.92442021403954,-16.37981549255488,-8.167147619758586,-22.632754591470835,45.686969005306956,23.143687814548045,19.98897776129438,-16.39965373766063,34.14112493226131,-7.271643578811653,43.44518015823884,10.363572490871848,15.566165446310965,52.4299953484515,5.0935127832329,-36.19253557452686,30.502431029645596,-7.116735753650708,15.831096371633606,12.813319646225061,19.192443534090017,8.746112719565392,-17.540425068298845,-3.449086785345341,33.37787125814164,37.61573610258761,16.088963313046552,15.961951611067791,11.046534453135031,-13.130402021914849,-0.7082118967788521,-3.323169977709131,-9.912845421445928,10.16662574530799,1.8900771971319636,-56.470008481997745
-15.572258180718922,-2.428480569560898,9.779273163203824,-15.867994117189937,15.214708900371964,3.584313888879033,1.023489491698723,16.273184291974072,-25.15959387125711,-0.0037470808019309807,-9.376284870227714,-25.31330633699266,-21.364808649461857,11.86702558241081,-27.629306854656342,18.82958632691637,16.2599391334392,-11.394117885837225,3.820003878273293,-3.938526021732727,12.040364994844245,-14.18557231692448,-7.039701397334412,-19.560720180710295,39.475422776735,19.98897776129438,17.26549701295795,-14.200898970056578,29.53014010712962,-6.281344753822156,37.54414237852314,8.992553556882257,13.424666230459612,45.3326012977924,4.414886127819578,-31.33166445786963,26.39343625013986,-6.130731815135951,13.707466317870125,11.131983059979582,16.616780073223232,7.5449160816126275,-15.150368031458429,-2.977855311983122,28.856533306813397,32.55617551088955,13.885237120252937,13.766114899788075,9.577886558812631,-11.3225915122086,-0.5957324449986332,-2.88214507641227,-8.575762233134927,8.79145334391014,1.6472910279077988,-48.7970783620514
12.603600308073052,1.6314567404457456,-8.291439949126273,13.699368455151125,-12.564957068422693,-2.5605260367214675,1.1015295917203882,-13.629077563486558,21.278131912511984,1.3758678077206135,8.197056539818607,20.900840780718923,18.7643739051127,-10.938231233266622,23.534141298268217,-16.532923011706497,-14.347871168028323,9.232725580599324,-2.290764985411905,3.61660296835973,-10.357159055688603,13.035505966280292,5.366036513894842,16.4883929885218,-32.948214218864294,-16.39965373766063,-14.200898970056578,12.911905385160509,-25.63049557378297,5.237318309688258,-31.546622080485204,-8.728802915362403,-10.318274847678888,-38.899818324498305,-4.175726183985205,28.068450540076434,-23.425755332898504,4.576235278848646,-12.418148550547276,-11.31074478255274,-14.995136352099756,-5.902535195302605,12.481806832256572,2.401623901939741,-24.690532789646237,-29.010330129148826,-11.020801719126021,-10.623502132906774,-9.039090123472667,8.73780457377864,-0.01959590317254922,2.796762138244699,7.495811094785884,-7.58879524416609,-1.8487681034930636,40.91361673189883
-26.392240428723458,-3.767608572601366,17.001031554906287,-27.836461245957985,26.084399314393234,5.691062835730162,-0.36962274169218534,28.082688132418365,-43.67198678295519,-1.518334191078752,-16.573260942418475,-43.40286042958469,-37.857283786574364,21.604781664424035,-48.141188866380666,33.35948952501987,28.851359967204075,-19.295156147281126,5.58102163962339,-7.134690710149456,21.0876846135642,-25.730414557713054,-11.55342866618034,-33.89208551812876,68.03295512485218,34.14112493226131,29.53014010712962,-25.63049557378297,51.988186038951646,-10.803915594312905,64.9298150363853,16.857117395210718,22.176164689530335,79.28668400260321,8.139957126276025,-56.131161004850426,46.98364667268932,-9.94807276796517,24.692874566507456,21.408421511074494,29.87581711163058,12.566234898659665,-25.926735182727114,-5.042129886906171,50.382675309675065,58.12424041170631,23.31267627797919,22.775149256014423,17.675781743783507,-18.71683566027874,-0.45098315789189464,-5.3876786518983675,-15.156906024904849,15.42274894370198,3.359980210079612,-84.29254519035477
5.6700758802392794,0.8512933082393179,-3.567855726763142,5.818396482883621,-5.532546082345446,-1.296632712422277,-0.26294630650509293,-5.948780052288912,9.183887048535773,0.06622179402389633,3.432116934821301,9.196163681729963,7.826152869291982,-4.36335854918608,10.095020093731273,-6.897445222747763,-5.989190228351998,4.173444296247772,-1.362685451900392,1.4655031310907403,-4.406707299282455,5.259020069025158,2.5583831361841343,7.1386307905985085,-14.394903450424918,-7.271643578811653,-6.281344753822156,5.237318309688258,-10.803915594312905,2.3038455771609474,-13.70616375686782,-3.326519917306201,-4.839294383404767,-16.59084290421738,-1.6412551494609349,11.496982576237059,-9.726652682329416,2.2294123003198156,-5.0509184123697635,-4.155463888135612,-6.114330198441555,-2.734388363573759,5.5202221712479025,1.0798671033923641,-10.565372965288466,-11.965035947568952,-5.02890953514237,-4.97501385108562,-3.526112089897739,4.105608885756992,0.19850038863818106,1.0784595315895882,3.1388775777140587,-3.222160263429366,-0.6238512689927569,17.811043503001343
-33.76154638917267,-5.075905115772018,21.39682484316896,-34.86087354194638,33.10873230480718,7.593551457683162,1.175455411761911,35.52737037568135,-55.024341952039194,-0.7423636286218627,-20.647113384283337,-55.077043495458376,-47.093827674614005,26.429005292961307,-60.51618177182253,41.50306129246454,35.89540774976892,-24.72364819341107,7.859468851906274,-8.775177742019096,26.42775168375599,-31.59888773718068,-15.091716787711585,-42.750978290539486,86.10310838032451,43.44518015823884,37.54414237852314,-31.546622080485204,64.9298150363853,-13.70616375686782,82.00655439306986,20.2621866085989,28.79876304681847,99.45320460083745,9.897185694278441,-69.35407588397186,58.337897201683695,-13.094856669804662,30.42494775519629,25.361386550393775,36.84748578871688,16.24673792596933,-32.9602968889299,-6.449140465422479,63.273783544740056,71.99755545255455,29.977545614504315,29.560631437405284,21.440246500177402,-24.321901357701833,-1.026459245498302,-6.50120374827291,-18.88347589732411,19.312731488318775,3.8469505530020442,-106.5393544013671
-7.864569224260217,-0.885652112316726,5.368000413626854,-8.953349242441613,7.987841531630593,1.4252200726879078,-1.5729561432963686,8.718542505660439,-13.740834365333152,-1.5082745172415193,-5.418742965608084,-13.297894874197727,-12.439643542026232,7.48732685427437,-15.270615883037157,10.957947631331471,9.496223306532832,-5.730029687115605,1.035903715620556,-2.443006246958316,6.761928849535494,-8.839089745620258,-3.175227353740958,-10.621460446522185,21.07059646082959,10.363572490871848,8.992553556882257,-8.728802915362403,16.857117395210718,-3.326519917306201,20.2621866085989,6.15774779042261,6.213972771613323,25.348461058157568,2.8828524464909346,-18.855878247478472,15.566030507781933,-2.649989129262664,8.37947269609758,8.156655632574155,10.10227115278281,3.5913408449011666,-7.902471680972996,-1.5005618392869917,16.045753073212023,19.3836909889153,6.798940835379892,6.403030825861786,6.282684176504751,-5.246019741367246,0.2576196327687932,-1.9541374161704375,-4.954792507593107,4.961318181570288,1.3980534130180156,-26.236917464594853
-12.224807798563559,-2.105600535483101,7.459023281587856,-11.955694940601107,11.801416255219385,3.0114899889077256,1.9369192199101164,12.506513989543018,-19.220049652813568,0.8005414459391383,-7.006999292616154,-19.63857575903278,-15.915143198071375,8.53994310340187,-21.00843289706028,14.029368338016395,12.066878428718725,-8.93340354038382,3.4656163102580924,-2.838501952055802,9.095197887436761,-10.222238914475104,-5.718240694225094,-14.974667296438554,30.41086988206785,15.566165446310965,13.424666230459612,-10.318274847678888,22.176164689530335,-4.839294383404767,28.79876304681847,6.213972771613323,10.863949650906063,34.29891718010958,3.1121158268572224,-23.018876272002988,19.507900278262568,-5.035379364199077,9.986643241290524,7.393736213267861,12.141807216427281,6.0431315079353585,-11.76644493509487,-2.343574252676552,21.87304487111109,24.003787473789103,11.031179995887477,11.112974536843215,6.770374082289468,-9.137502035066648,-0.7602213164822466,-1.9894845881062866,-6.409612804832936,6.624871766416727,0.9915330406571287,-37.48198143073443
-40.62501171502536,-5.892540842662441,25.999927863924675,-42.51529077366581,40.01247816274847,8.908920635783257,0.142079911102419,43.05278728017466,-66.82390955178735,-1.8030581460356598,-25.251393077355676,-66.5619672311157,-57.651523626797605,32.692858710514074,-73.60266584957672,50.804193268755654,43.97526403643934,-29.748287085015793,8.922981561701722,-10.839363194820455,32.20821689201087,-39.04542221836958,-17.93612084826292,-51.88233611066713,104.27796868264134,52.4299953484515,45.3326012977924,-38.899818324498305,79.28668400260321,-16.59084290421738,99.45320460083745,25.348461058157568,34.29891718010958,121.14242814025876,12.306585041486414,-85.26298546990579,71.55856809351617,-15.495840207997515,37.48838909461029,32.04433198746043,45.36616517899385,19.415493601756182,-39.808816315919394,-7.755970714463315,77.02334483870308,88.40256579204082,35.93361741466893,35.23120949422915,26.659747849850564,-28.982775891552553,-0.9007328911867362,-8.127845286078248,-23.09360855317095,23.552996551164934,4.970742085089044,-129.1468479123735
-3.8957136823993688,-0.4563124955865745,2.6091525810144214,-4.346071750794096,3.9115127911635548,0.7490299219831581,-0.5967586569632878,4.272868938171287,-6.690972970457535,-0.6041809805647077,-2.610194327433667,-6.503827429043188,-5.986053954420867,3.54944414840026,-7.4217463213408434,5.273666466330352,4.592881779585183,-2.8614224566735724,0.6061598365313494,-1.1766456566610948,3.2795045341155893,-4.237016530903658,-1.618183710987513,-5.178284640225423,10.307594755882516,5.0935127832329,4.414886127819578,-4.175726183985205,8.139957126276025,-1.6412551494609349,9.897185694278441,2.8828524464909346,3.1121158268572224,12.306585041486414,1.370577248723783,-9.018854429146494,7.514618885884665,-1.3681730055273826,4.010211007029781,3.7942643229426816,4.834075977731515,1.7970375870732722,-3.8849840054580325,-0.7401851605176732,7.804503066113456,9.30986221611751,3.3738641684116777,3.2128176449090073,2.9559688490336837,-2.646050251279902,0.07008557171539319,-0.9267762814110034,-2.3866873755853883,2.4070098700800986,0.6385503309723953,-12.825056452022626
27.838487211259412,3.7502040789955364,-18.218972379450275,29.985405260072923,-27.718134292764834,-5.746306701966114,1.774512734082131,-29.953191576777737,46.75449041145939,2.601439877475279,17.936528288486176,46.12784561463058,41.02992548666388,-23.783259992082076,51.656163187403465,-36.151629010811604,-31.283132642597234,20.332937710574402,-5.292549865886974,7.82540330858567,-22.69621505268507,28.249285420123584,11.932756170585638,36.2442717016952,-72.51737369411889,-36.19253557452686,-31.33166445786963,28.068450540076434,-56.131161004850426,11.496982576237059,-69.35407588397186,-18.855878247478472,-23.018876272002988,-85.26298546990579,-9.018854429146494,61.22525026072814,-51.04007287827299,10.194861616353107,-27.013285071758386,-24.26487192186619,-32.64940869909415,-13.109835052982918,27.514968171135415,5.31674957713744,-54.12139741462714,-63.26396558479361,-24.450672457550322,-23.660342278793152,-19.60692815030683,19.428564484100335,0.10424857161361437,6.012859990141983,16.402853036485904,-16.614096866782422,-3.9199180994489793,89.97204915336772
-23.548863169868106,-3.182523209616201,15.287691403708449,-25.1748051487857,23.319392635813998,4.965234769643907,-1.1404194524444433,25.242508316633003,-39.27028313745011,-1.8946616021764782,-14.99728382653713,-38.777195704362676,-34.294807198068675,19.744310670487447,-43.35837232843083,30.219003321899354,26.24524070177149,-17.287930261686153,4.691493770910279,-6.565802373148401,19.03906116635058,-23.626451954471406,-10.208355308303494,-30.457992828768283,61.02416142264293,30.502431029645596,26.39343625013986,-23.425755332898504,46.98364667268932,-9.726652682329416,58.337897201683695,15.566030507781933,19.507900278262568,71.55856809351617,7.514618885884665,-51.04007287827299,42.78621889144383,-8.767341827182028,22.545684021512205,19.988647456196926,27.23982694738573,11.12330880825529,-23.201475944411598,-4.484397471543888,45.466494253770506,52.8673050116541,20.66928962435872,20.081640054624767,16.216033824538137,-16.54118019056719,-0.21979216260905016,-5.009528446578895,-13.714665362355653,13.943723786845327,3.199884697368569,-75.7034104999246
