V1,V2,V3,V4,V5,V6,V7,V8,V9,V10,V11,V12,V13,V14,V15,V16,V17,V18,V19,V20,V21,V22,V23,V24,V25,V26,V27,V28,V29,V30,V31,V32,V33,V34,V35,V36,V37,V38,V39,V40,V41,V42,V43,V44,V45,V46,V47,V48,V49,V50,V51,V52,V53,V54,V55,V56
921.7870984789722,137.28561442806483,-585.4390179940984,954.8204484885529,-904.6676961605331,-206.2047365541019,-25.08419994039412,-971.6334519790834,1505.415497010113,25.154197024284368,565.7990978301198,1504.895102582452,1290.8216194088777,-726.1288780553392,1656.2191615962615,-1137.5649455794926,-984.3828080444703,675.2489161922214,-211.79023985270484,241.20526088727473,-723.6873289937628,868.4524172954981,410.93858071702317,1169.3926068876324,-2354.1778475176243,-1186.78881284193,-1025.7166701420522,866.3398761278199,-1778.6274575324842,374.8773340645153,-2242.9306910206205,-558.2837434527055,-784.1447025881919,-2723.0252543407773,-272.38018433564315,1902.8105376127494,-1600.331539996164,356.2869257439842,-835.3976760851833,-700.5781244722982,-1011.4470761383718,-442.82967112792863,900.6648194513124,176.01668756597434,-1732.231291843358,-1975.0968578004868,-817.5750330526148,-805.0875768180802,-589.8010717278189,662.5397726268131,26.28983224087448,179.19366449682371,517.4629971213083,-528.9763147188347,-106.85549565795706,2913.6223951576303
137.28561442806483,20.99714043503102,-87.4108782260458,142.03097925875574,-135.14724109475245,-30.61067426730956,-4.479608554739351,-144.58489670512168,224.63730782403366,3.5783010668842206,84.46706734512034,225.1276332369137,192.5991341118611,-108.45141954542434,246.96353739606806,-169.73018691627038,-146.1493052088626,99.9060487715444,-31.33864865211303,35.57777589084707,-107.88685773416468,128.6463425919132,60.92331870993566,174.36810072573869,-351.12299762563833,-177.09291744028465,-153.10798806648094,128.82988530154316,-265.3711563070297,55.64031772560993,-334.292418994598,-83.49002010583581,-117.43762328754926,-405.7380511014835,-40.29457189765974,283.93756156553235,-237.6828840645332,52.7237017295344,-124.37284378531227,-104.24718685233236,-150.64411420914473,-66.05786651159215,134.34336932274562,26.32285427817502,-257.87606878244696,-294.25168141221707,-122.25029564805789,-120.1961550155042,-88.31197791131822,98.59527160436103,3.8530949840667743,26.409947451821736,77.25858655832374,-78.77527158617573,-15.841088079936554,434.2584465891599
-585.4390179940984,-87.4108782260458,372.068667641774,-606.5776964803015,574.9470934524848,130.7630318384729,15.909388380816091,617.1486779348166,-956.6061356767796,-16.210840143833703,-359.6312695040408,-956.5311190218308,-820.4664645482296,461.76600774370496,-1052.4574521732475,723.0488459218327,625.1800022201019,-428.458467986481,134.2228368356984,-153.07756307406197,459.83042799814285,-551.4793721284268,-260.7620263649257,-743.0808399810932,1495.7869894179216,754.09076941211,651.7659328275661,-550.4820429653837,1130.4592332411514,-237.93828598880782,1425.0592193588207,355.07497550004007,498.31870765854745,1730.1543343697342,173.02033394899095,-1209.6639889810133,1016.4041246729483,-225.95323025771992,530.8336894445691,445.44616171881404,642.81203791153,281.26658788109563,-572.1599830950087,-111.85606702902129,1100.4886613872152,1255.1078525111159,519.4912413765594,511.4775555457769,375.17348484949844,-420.6752593879701,-16.51816176347583,-113.77553265250097,-328.9089584505239,336.05916326475517,67.96280930381366,-1851.1516128603912
954.8204484885529,142.03097925875574,-606.5776964803015,989.4183985837898,-937.2515844834078,-213.40582638369438,-25.273652411892456,-1006.6354904593701,1559.6958875264909,26.5535906989265,586.303940167852,1559.0020984690243,1337.6930655435424,-752.7176819658981,1716.1140355203813,-1178.8614433820687,-1020.0566978291569,699.4605548674906,-219.13697786588446,249.99881317705933,-749.8297511791372,900.0918292509118,425.57951010927303,1211.6528173127099,-2438.9687586092627,-1229.5009873655647,-1062.617898661321,897.938467842369,-1843.122493754975,388.28095682922566,-2323.856252477811,-578.717286858555,-812.0785194822532,-2821.4778562668457,-282.4211589384568,1972.1698185441153,-1658.318639762155,368.8867469121662,-865.7665372938621,-726.496214757728,-1048.3045821248159,-458.6319623001442,932.9625309072479,182.31941321900402,-1794.8703547554078,-2046.809770355798,-846.7834210193325,-833.880903171836,-611.3647475212149,686.179655732957,27.02988360074667,185.8144400510991,536.2065960342584,-548.0913288925983,-110.88983386471759,3018.693249856817
-904.6676961605331,-135.14724109475245,574.9470934524848,-937.2515844834078,888.5261543978406,202.0514624078228,24.894088076760447,953.6161775272827,-1478.1715611809843,-24.86654871387764,-555.69383052181945,-1478.207146026133,-1267.7673816393883,713.4956270646655,-1626.3141182956156,1117.2447954685015,965.8752268781534,-662.021255619361,207.51283174876386,-236.45125046487988,710.5003321645883,-851.8969029296389,-402.9748255241687,-1148.287049630574,2311.399500617979,1165.3505788200387,1007.2120695516835,-850.4804556447557,1746.8124611200085,-367.5868420177235,2202.0942258270256,548.5171438484546,770.2069268311658,2673.392065197925,267.2980975777771,-1869.133987249363,1570.246938213167,-349.15293182252543,820.0984966865683,688.0552194595094,993.1779726722453,434.67379376543914,-884.1126843371263,-172.86617818242385,1700.446581077858,1939.1857365761418,802.8318178068142,790.5478568652667,579.6307281372077,-650.1386905322444,-25.566746163472565,-175.7496107144193,-508.2276983541433,519.2333891388982,104.96548679748376,-2860.5197057414507
-206.2047365541019,-30.61067426730956,130.7630318384729,-213.40582638369438,202.0514624078228,46.324106676737145,5.708107127096071,217.28763419484338,-336.3864273616111,-5.414192066591762,-126.34337080167892,-336.0922149454578,-288.2039128902896,161.91883654234908,-369.98062924205607,253.99044459219613,220.1880712395447,-151.3171905422934,47.57190052890358,-54.02442752468546,161.7332249286706,-194.30350454689315,-92.07519712790209,-261.22685447095046,526.1239555402169,265.1755601601539,229.18521403721252,-193.54443922685908,397.156762255809,-84.01737106468367,501.2380953558803,124.54891739694494,175.20840369580472,608.5083178831483,60.84755333186795,-424.630515332738,357.97966029355393,-79.95883918764186,186.68127062037925,156.29878070737834,225.87254579395838,99.0526831594326,-201.41720145977249,-39.3297110607305,387.1710855575624,441.26617263920554,182.7480888572137,179.92541195001664,131.5169528405281,-148.26618681918112,-6.035344203675545,-40.067194081601,-115.55048267512718,118.25929973316563,23.803522723218737,-651.1620658179861
-25.08419994039412,-4.479608554739351,15.909388380816091,-25.273652411892456,24.894088076760447,5.708107127096071,2.6923340166195957,26.023030137152492,-40.78760439387855,0.39077664397367806,-15.197954469801218,-41.68232668397413,-34.53556226742593,19.219383346020695,-44.63998547697033,30.435298288614575,25.535342508000873,-17.71819399625898,6.112098436484827,-5.934219491087085,19.386888467970177,-21.894644917236587,-11.13947031947661,-31.642218439801063,63.933683682599145,32.52812038795267,28.12954538117134,-22.457255592907533,47.78255595540469,-9.871834691879876,60.56736616129576,14.533429950819169,22.361232294628785,72.85745056213962,6.770353353726398,-50.6097188470713,41.48149982508533,-9.60271952642406,21.790891409702688,17.44356471715496,26.529210367583303,12.292262751477121,-24.540962826956914,-4.902870264655952,46.17941743326426,52.0684129233293,22.867145263269908,22.595776154392006,15.648207038041756,-18.25642476487046,-0.9773160835450313,-4.30799163605823,-13.906595031963581,14.066559330548735,2.502565485766148,-78.73180165105839
-971.6334519790834,-144.58489670512168,617.1486779348166,-1006.6354904593701,953.6161775272827,217.28763419484338,26.023030137152492,1024.279155849932,-1586.945297461848,-26.77245490474444,-596.4904718439005,-1586.2662914090959,-1360.8680994184315,765.6272660960115,-1745.9889125843083,1199.3018407826496,1037.8731139631548,-711.8387536768728,223.13319638978965,-254.35595370214884,762.9176915115103,-915.748530410197,-433.13404686704536,-1232.7517024958759,2481.6306264786112,1250.9867531764075,1081.202730632759,-913.4659978603283,1875.1022403453442,-395.17458957338755,2364.436942380909,588.6915660622883,826.39750586199,2870.677601867792,287.2556757273965,-2006.1798479455244,1687.283016663522,-375.51557119519515,880.803405644868,738.8858513940082,1066.4305475776298,466.72831939160966,-949.3769395600092,-185.52672218376998,1826.173750231616,2082.370665521638,861.6932668783228,848.5286761192308,621.8705078400484,-698.3157054956321,-27.626053608570643,-189.00340514297008,-545.5387203902083,557.6554519783746,112.7386816436163,-3071.443304541499
1505.415497010113,224.63730782403366,-956.6061356767796,1559.6958875264909,-1478.1715611809843,-336.3864273616111,-40.78760439387855,-1586.945297461848,2459.5974945093035,41.63722899499338,924.625385567761,2459.1894164183577,2109.42542880678,-1187.0742491472317,2705.9794892087525,-1858.9697827768164,-1607.7192809850756,1101.999132290714,-345.24147099797085,393.73604509248514,-1182.3429632510156,1418.2847395174522,670.6341046103327,1910.5209627276815,-3845.9568003331465,-1938.8339229798423,-1675.750820334512,1415.4457774946643,-2906.426263557409,611.9967281879846,-3664.108486138354,-912.8911768603708,-1281.144705847695,-4448.6330029689325,-444.9021563373251,3109.9234699348804,-2613.815974166766,581.218051167119,-1364.9596876195512,-1145.2962578755626,-1652.7594795173325,-723.2266109288112,1471.2314200030778,287.58816800795563,-2829.676718287992,-3227.1904910525836,-1335.6755828572361,-1315.020513219932,-964.4790768515409,1081.7473374509918,42.56250658826091,292.60279958038274,845.6397150798618,-864.1331509707335,-174.72723130560695,4759.703833172092
25.154197024284368,3.5783010668842206,-16.210840143833703,26.5535906989265,-24.86654871387764,-5.414192066591762,0.39077664397367806,-26.77245490474444,41.63722899499338,1.473645107444777,15.804550708151746,41.36818137179674,36.113516438373495,-20.618115551790034,45.91123445404495,-31.817998874085767,-27.513761539778056,18.390473271909983,-5.308376135077082,6.809169850794708,-20.10764034755525,24.550364539882096,11.010369909085165,32.32227986675378,-64.86011493469121,-32.55388893312414,-28.153018195734536,24.458397424688954,-49.58753745047775,10.294212941801183,-61.91106049172821,-16.07628296164088,-21.124623793109915,-75.60650614240102,-7.775426413518379,53.558831699677,-44.807952780064234,9.471690781591203,-23.55386793246538,-20.439737406491872,-28.504995300906476,-11.974441001501553,24.70824539115349,4.8029999463319175,-48.04794088900785,-55.43752319801248,-22.21429009047988,-21.708186539102467,-16.864390154024388,17.83332597968492,0.41839878309133643,5.14544135326664,14.448991642026394,-14.710171486042388,-3.2125058411546688,80.36930581631795
565.7990978301198,84.46706734512034,-359.6312695040408,586.303940167852,-555.69383052181945,-126.34337080167892,-15.197954469801218,-596.4904718439005,924.625385567761,15.804550708151746,347.6382439931192,924.5191267079149,793.0985030380454,-446.4185273322733,1017.2710234003597,-698.9352415630972,-604.3256569237916,414.0670492653423,-129.62521126271426,147.97622498858127,-444.47388582569295,533.1248012587868,251.96545576551912,718.2154910834831,-1445.7240669738624,-728.8121491389514,-629.9284891139287,532.1523228214045,-1092.7195946832917,229.97504757410195,-1377.371132758677,-343.3448716310064,-481.5628861964844,-1672.3485433162193,-167.26321708117806,1169.3653079824267,-982.5170763910847,218.32681278743772,-513.1694126292906,-430.74854240243633,-621.4056956628907,-271.81072162604585,553.0024049985058,108.10839066191733,-1063.7003909279124,-1213.293753358314,-502.05561119957963,-494.2578111594865,-362.7424546476083,406.5121690112025,15.91265578600975,109.99661132249706,317.9459969603081,-324.83253981773004,-65.73357454485567,1789.1991723301871
1504.895102582452,225.1276332369137,-956.5311190218308,1559.0020984690243,-1478.207146026133,-336.0922149454578,-41.68232668397413,-1586.2662914090959,2459.1894164183577,41.36818137179674,924.5191267079149,2459.4843495260466,2109.1147803111385,-1187.054534387102,2705.4650453005647,-1858.698891334958,-1606.5728429838514,1100.8999426184942,-344.99070943402984,393.1844181911243,-1182.0085543179518,1416.8900046312665,670.1427239793808,1910.199082988762,-3845.232736556502,-1938.6425566010907,-1675.6169300688423,1414.7127071884318,-2906.029906457888,611.4590230310823,-3663.223279696002,-912.7984249668298,-1281.4982497972005,-4447.303927616061,-444.48805607721386,3109.559600569735,-2611.954938282038,580.6277628468918,-1364.3200732625405,-1144.680348538146,-1652.18763749136,-723.107793472861,1470.873555435852,287.6142413596949,-2828.6126393714344,-3226.036628942508,-1335.7460237061578,-1315.0652045061329,-964.5675321180985,1081.3736003287481,42.4806278306373,292.21128936467005,845.554926701235,-863.7767489260519,-174.58596049249692,4758.5402662212655
1290.8216194088777,192.5991341118611,-820.4664645482296,1337.6930655435424,-1267.7673816393883,-288.2039128902896,-34.53556226742593,-1360.8680994184315,2109.42542880678,36.113516438373495,793.0985030380454,2109.1147803111385,1809.4385135006405,-1018.512012311857,2320.8874346164425,-1594.588231406046,-1378.7599299037363,944.7278354837114,-295.75949353270545,337.64177904151006,-1014.0221733009847,1216.3629417538136,574.88622391613,1638.6165347984054,-3298.29798026041,-1662.7688939891752,-1437.137333268229,1214.1449606857627,-2493.0172361041114,524.6372657377194,-3142.430128336887,-783.2220435440856,-1098.5748410793087,-3815.381663541019,-381.68421234842043,2667.935577701082,-2241.5701846305537,498.0967957936104,-1170.7549476664362,-982.7545474626603,-1417.7512765403994,-620.1043296929888,1261.5687555043207,246.62052363619594,-2426.8318886446687,-2768.043653324931,-1145.3357626212523,-1127.6525446416035,-827.5183432154597,927.4474823367694,36.280932206279495,251.0061757463809,725.3388951160256,-741.092059036286,-149.99578523365182,4081.9830245334183
-726.1288780553392,-108.45141954542434,461.76600774370496,-752.7176819658981,713.4956270646655,161.91883654234908,19.219383346020695,765.6272660960115,-1187.0742491472317,-20.618115551790034,-446.4185273322733,-1187.054534387102,-1018.512012311857,573.5444174146531,-1306.149840717821,897.5775188061901,775.7014318782362,-531.1590231916803,166.105393779956,-189.8890471462678,570.6270141968922,-684.3160988769476,-323.20179246715304,-922.1613743649621,1855.9765119919975,935.663750903712,808.7126266646635,-683.3345164615693,1403.2267760301124,-294.9979609444631,1768.281783675231,441.0755175530504,618.1623510950598,2147.0577396097474,214.8101493823511,-1501.9834929971807,1261.132549498221,-279.91173007117237,658.8921081495942,553.4228195565496,798.0157797270873,348.8228657063188,-709.77460966712,-138.78259830420018,1365.5725802962331,1557.8835619718589,644.4326048832415,634.4475198172287,466.0437688057139,-521.619315333444,-20.224794870473808,-141.23497648167154,-408.28478988039876,416.99450675413107,84.50751479281101,-2296.9389763120007
1656.2191615962615,246.96353739606806,-1052.4574521732475,1716.1140355203813,-1626.3141182956156,-369.98062924205607,-44.63998547697033,-1745.9889125843083,2705.9794892087525,45.91123445404495,1017.2710234003597,2705.4650453005647,2320.8874346164425,-1306.149840717821,2977.24936417966,-2045.318290449715,-1768.863890482604,1212.504309579008,-379.87934861445984,433.2433247081202,-1300.7841941269216,1560.4825899814753,737.8845084441659,2102.0854215696845,-4231.3066520800585,-2133.164646907732,-1843.671381926327,1557.4029367355981,-3197.800374034971,673.2115516933862,-4031.3819040685908,-1004.2389007297948,-1409.4054448824772,-4894.482578411438,-489.633910908761,3421.8156241989136,-2875.7079274708876,639.4279137543575,-1501.7069180340616,-1260.1468129504372,-1818.4891757346384,-795.6566934290131,1618.5095823279858,316.38094472065427,-3113.349809739148,-3550.5745918380726,-1469.3737964422992,-1446.8691166863862,-1061.0458234851358,1190.1760593974589,46.77745994290269,322.0285059994947,930.3625778950583,-950.7015183209224,-192.2990206539615,5236.758302894131
-1137.5649455794926,-169.73018691627038,723.0488459218327,-1178.8614433820687,1117.2447954685015,253.99044459219613,30.435298288614575,1199.3018407826496,-1858.9697827768164,-31.817998874085767,-698.9352415630972,-1858.698891334958,-1594.588231406046,897.5775188061901,-2045.318290449715,1405.2616956580837,1215.078931639128,-832.5796971565104,260.65116544589046,-297.555695083835,893.6267641695099,-1071.9518103064224,-506.6314188297673,-1444.0536572071762,2906.688910689189,1465.3288906973016,1266.497497878354,-1069.9826119617965,2197.0068981439917,-462.3543652853231,2769.326860055083,690.2464341275344,968.1388430387882,3362.3866708924343,336.36289984311003,-2351.1460049788634,1975.4468809129492,-438.9726468494127,1031.7532034662138,866.0783181354841,1249.4169362208638,546.4761432842565,-1111.7874356683542,-217.343889377337,2138.6946902287173,2439.401949260783,1009.3418071891303,993.7541771146311,729.2596639420839,-817.3399002904937,-31.98106162187236,-221.20834383263934,-639.2331193855518,653.0924324189025,132.1868908607323,-3597.33047830383
-984.3828080444703,-146.1493052088626,625.1800022201019,-1020.0566978291569,965.8752268781534,220.1880712395447,25.535342508000873,1037.8731139631548,-1607.7192809850756,-27.513761539778056,-604.3256569237916,-1606.5728429838514,-1378.7599299037363,775.7014318782362,-1768.863890482604,1215.078931639128,1052.0431260129246,-721.5508498992247,225.95857254826484,-257.9889043464113,773.0134911842106,-928.5419441295497,-438.8709709290191,-1248.8348901654774,2514.055076224788,1267.1520903673895,1095.1805750568067,-925.8309424880131,1899.6788491299465,-400.5887279983705,2395.4451538342114,596.6326668213502,836.7201965002394,2908.6450986433906,291.2478944270029,-2032.5867941056251,1710.3553265616276,-380.58303872360773,892.7203831130486,749.1511347885621,1080.702173837383,472.74130334191915,-961.8237566480656,-187.89999593392872,1850.408470210697,2110.2456532657625,872.6871998303019,859.2544805274674,630.0771584340579,-707.3815526395878,-27.937009876164932,-191.71121656500404,-552.7100431089569,565.0908779121772,114.35249387321433,-3111.7242516998353
675.2489161922214,99.9060487715444,-428.458467986481,699.4605548674906,-662.021255619361,-151.3171905422934,-17.71819399625898,-711.8387536768728,1101.999132290714,18.390473271909983,414.0670492653423,1100.8999426184942,944.7278354837114,-531.1590231916803,1212.504309579008,-832.5796971565104,-721.5508498992247,495.5737912191018,-155.55044058262888,177.09947805598478,-529.8765234920085,636.8918564734562,301.4566688777989,856.111611420686,-1723.5777392798896,-868.7586408712765,-750.7996097014917,634.5955711372857,-1301.8060942446527,274.92785336746846,-1642.3668688224295,-408.2972475397962,-573.5860275662543,-1993.9848607385309,-199.739795291765,1392.4300686158529,-1172.9364287927035,261.5766633443206,-611.8132752545768,-512.907552420084,-740.5748763728025,-324.2759329980198,659.4986383924088,128.7943483499661,-1268.7641154699124,-1446.225984052571,-598.2764506185732,-589.3382952257383,-431.1748205382529,485.49331797360446,19.464152598395916,131.5419662404771,378.69737981259965,-387.4213869216289,-78.26339881018046,2133.5067650442506
-211.79023985270484,-31.33864865211303,134.2228368356984,-219.13697786588446,207.51283174876386,47.57190052890358,6.112098436484827,223.13319638978965,-345.24147099797085,-5.308376135077082,-129.62521126271426,-344.99070943402984,-295.75949353270545,166.105393779956,-379.87934861445984,260.65116544589046,225.95857254826484,-155.55044058262888,49.127132977645765,-55.450929118976326,165.95371589871422,-199.3079270606514,-94.73011377227807,-268.2950423996109,540.1819303044076,272.38601461966596,235.37123845987944,-198.58386648105042,407.66487272218455,-86.17408795330795,514.7230471203637,127.45176940393384,180.0002249795849,624.622079527612,62.50458395405674,-435.7514906205457,367.2255466858859,-82.22788299216992,191.412311390094,160.06404820217642,231.75003750933004,101.76494251279402,-206.71447646750835,-40.38091603967009,397.52204855842723,452.6343242625316,187.6364924287597,185.02996173340227,134.68363977563254,-152.46081626875534,-6.286438331870991,-41.15361671563795,-118.55058432231631,121.33966957636159,24.384198929701107,-668.6701250541324
241.20526088727473,35.57777589084707,-153.07756307406197,249.99881317705933,-236.45125046487988,-54.02442752468546,-5.934219491087085,-254.35595370214884,393.73604509248514,6.809169850794708,147.97622498858127,393.1844181911243,337.64177904151006,-189.8890471462678,433.2433247081202,-297.555695083835,-257.9889043464113,177.09947805598478,-55.450929118976326,63.37367846531489,-189.36348763762783,227.8440949084967,107.65906491431089,305.8671868567673,-615.758784808406,-310.3074245449707,-268.1754810301473,226.92634696971274,-465.2068964906174,98.27223156149658,-586.7939459299885,-146.04596496430713,-204.71605553146782,-712.5767826182305,-71.46616498352404,497.71472957133943,-419.41017546953213,93.42066479740512,-218.76969350551002,-183.58995733247951,-264.77335801740554,-115.7895722811562,235.59967576285032,45.98978035667197,-453.42158556361005,-517.0155264439255,-213.62151559536326,-210.37591483173182,-154.17396194075417,173.35133873578908,6.883240287228206,47.08734875049714,135.33083727218292,-138.47402654704064,-28.042317592405016,762.2596493804095
-723.6873289937628,-107.88685773416468,459.83042799814285,-749.8297511791372,710.5003321645883,161.7332249286706,19.386888467970177,762.9176915115103,-1182.3429632510156,-20.10764034755525,-444.47388582569295,-1182.0085543179518,-1014.0221733009847,570.6270141968922,-1300.7841941269216,893.6267641695099,773.0134911842106,-529.8765234920085,165.95371589871422,-189.36348763762783,568.3901035414273,-682.0142576989701,-322.4166326951752,-918.3846554082966,1848.7661450219766,931.9568965441814,805.4978613161412,-680.5241991017057,1397.130897686071,-294.27038064749854,1761.3840745672967,438.8745127778374,615.7187938737273,2138.5963467478914,213.9329239212319,-1494.9678367699664,1256.7680934516952,-279.45974843310086,656.2482048112495,550.6926593652521,794.5690861801737,347.6410518526572,-707.2434687636681,-138.22939200806644,1360.3437261368967,1551.4899619712876,641.9932521070007,632.0430524340933,463.6266866221804,-519.9999161410431,-20.456505113395316,-140.72304933500544,-406.50467342039025,415.43575225614967,84.0255687269874,-2288.052617840992
868.4524172954981,128.6463425919132,-551.4793721284268,900.0918292509118,-851.8969029296389,-194.30350454689315,-21.894644917236587,-915.748530410197,1418.2847395174522,24.550364539882096,533.1248012587868,1416.8900046312665,1216.3629417538136,-684.3160988769476,1560.4825899814753,-1071.9518103064224,-928.5419441295497,636.8918564734562,-199.3079270606514,227.8440949084967,-682.0142576989701,819.779229133856,387.26289170785077,1101.6758416640207,-2217.8103501143523,-1117.7300129952316,-966.0242910050246,817.0702680101048,-1675.8705718308504,353.5831642580825,-2113.283441722703,-526.4300673746905,-737.7529812553743,-2566.243582480047,-257.1317322611336,1793.1910656729015,-1509.6017624852846,335.8905346458803,-787.8168026446148,-661.2842730623405,-953.6029654467729,-416.9857629671044,848.5105658483367,165.71016058671069,-1632.6714722198165,-1862.0427043955688,-769.6509285882687,-757.7690479923141,-555.8354901679259,624.0156829814764,24.618007596622704,169.3133167228539,487.57743387500733,-498.6289521295959,-100.97879303672752,2745.1869965745095
410.93858071702317,60.92331870993566,-260.7620263649257,425.57951010927303,-402.9748255241687,-92.07519712790209,-11.13947031947661,-433.13404686704536,670.6341046103327,11.010369909085165,251.96545576551912,670.1427239793808,574.88622391613,-323.20179246715304,737.8845084441659,-506.6314188297673,-438.8709709290191,301.4566688777989,-94.73011377227807,107.65906491431089,-322.4166326951752,387.26289170785077,183.45559261775773,521.0314100287543,-1048.9442813941541,-528.8020979935043,-456.991678796411,386.0228432180683,-792.2111044026096,167.21820552802737,-999.4794458740885,-248.33328943152554,-349.27411006285257,-1213.3078898127517,-121.46511958643187,847.2990650389189,-713.4025185666598,159.14514015873746,-372.1557607149393,-311.8553783150248,-450.5490261965438,-197.3945618670895,401.3422533311322,78.39987042041021,-772.0018197047276,-879.8412316955141,-364.2152950460326,-358.8348770557936,-262.33829389177413,295.50919744969616,11.876100756009082,79.95816596790114,230.4334600756294,-235.72058525575483,-47.56519842246676,1298.366400360614
1169.3926068876324,174.36810072573869,-743.0808399810932,1211.6528173127099,-1148.287049630574,-261.22685447095046,-31.642218439801063,-1232.7517024958759,1910.5209627276815,32.32227986675378,718.2154910834831,1910.199082988762,1638.6165347984054,-922.1613743649621,2102.0854215696845,-1444.0536572071762,-1248.8348901654774,856.111611420686,-268.2950423996109,305.8671868567673,-918.3846554082966,1101.6758416640207,521.0314100287543,1484.201602085512,-2987.5156100475842,-1506.1686869825153,-1301.7517435645332,1099.5410220057565,-2257.77239141336,475.28441025356574,-2846.373214599896,-708.9106678310326,-995.1723265398107,-3455.6793115663136,-345.6973020452539,2415.896307127561,-2030.243755690042,451.4936749880193,-1060.1860849970565,-889.5734195088202,-1283.8786003472183,-561.7985863249485,1142.7264843554315,223.38341518814335,-2198.1570006910424,-2506.725930759097,-1037.474339996893,-1021.6652228625657,-749.0541878907223,840.3890616787909,33.0549541288428,227.35485588751587,656.8528694165426,-671.2153386354047,-135.74726472031074,3697.4312218471628
-2354.1778475176243,-351.12299762563833,1495.7869894179216,-2438.9687586092627,2311.399500617979,526.1239555402169,63.933683682599145,2481.6306264786112,-3845.9568003331465,-64.86011493469121,-1445.7240669738624,-3845.232736556502,-3298.29798026041,1855.9765119919975,-4231.3066520800585,2906.688910689189,2514.055076224788,-1723.5777392798896,540.1819303044076,-615.758784808406,1848.7661450219766,-2217.8103501143523,-1048.9442813941541,-2987.5156100475842,6013.941970887431,3031.827009365988,2620.3954679337617,-2213.252220088075,4544.575854964699,-957.0361959493247,5729.6659502011225,1427.0734213145772,2003.3530270367705,6956.262415701775,695.7404267490567,-4862.583331200777,4087.226900274174,-909.1208708531325,2134.220105752827,1790.5215676958123,2584.266084255491,1130.9940970883051,-2300.560204026165,-449.6936864916312,4424.847061459335,5046.041254005001,2088.5894473664316,2056.511201840957,1507.7577228694377,-1691.8034138492458,-66.69001099398413,-457.59421571739523,-1322.222275099187,1351.2184458400814,273.1603654457474,-7442.8862560397765
-1186.78881284193,-177.09291744028465,754.09076941211,-1229.5009873655647,1165.3505788200387,265.1755601601539,32.52812038795267,1250.9867531764075,-1938.8339229798423,-32.55388893312414,-728.8121491389514,-1938.6425566010907,-1662.7688939891752,935.663750903712,-2133.164646907732,1465.3288906973016,1267.1520903673895,-868.7586408712765,272.38601461966596,-310.3074245449707,931.9568965441814,-1117.7300129952316,-528.8020979935043,-1506.1686869825153,3031.827009365988,1528.5650838381248,1321.106754005487,-1115.6290952436384,2291.0896707946476,-482.3259560566272,2888.5130664604644,719.2511030747581,1010.1344025980885,3506.7040162213634,350.69494428034545,-2451.397298365018,2060.0354634508244,-458.2372331327546,1075.735480226294,902.3978953769,1302.7021921665105,570.2047932630445,-1159.7221264034122,-226.71558149872214,2230.5957778635593,2543.567895483354,1053.0087906192732,1036.962510212031,760.0400567151141,-852.9370432253112,-33.62596566231353,-230.61582802195488,-666.5356029551001,681.1315474201858,137.66450083605022,-3752.1879613440037
-1025.7166701420522,-153.10798806648094,651.7659328275661,-1062.617898661321,1007.2120695516835,229.18521403721252,28.12954538117134,1081.202730632759,-1675.750820334512,-28.153018195734536,-629.9284891139287,-1675.6169300688423,-1437.137333268229,808.7126266646635,-1843.671381926327,1266.497497878354,1095.1805750568067,-750.7996097014917,235.37123845987944,-268.1754810301473,805.4978613161412,-966.0242910050246,-456.991678796411,-1301.7517435645332,2620.3954679337617,1321.106754005487,1141.8207219496196,-964.2213283982835,1980.1877831399904,-416.8746055351658,2496.499232927511,621.7322075309311,873.0707666614205,3030.828171057585,303.07388590400814,-2118.750791321521,1780.4750007372566,-396.0188925557032,929.7774139614384,779.9834531093455,1125.9237910737352,492.8159119330707,-1002.3615668462559,-195.95731423017475,1927.8622843213295,2198.4391426183693,910.1270553136408,896.1992207258934,656.9657695840351,-737.1489831149718,-29.052237059137173,-199.29925767068727,-576.1107597506318,588.6966201896055,118.983475796394,-3242.966176975049
866.3398761278199,128.82988530154316,-550.4820429653837,897.938467842369,-850.4804556447557,-193.54443922685908,-22.457255592907533,-913.4659978603283,1415.4457774946643,24.458397424688954,532.1523228214045,1414.7127071884318,1214.1449606857627,-683.3345164615693,1557.4029367355981,-1069.9826119617965,-925.8309424880131,634.5955711372857,-198.58386648105042,226.92634696971274,-680.5241991017057,817.0702680101048,386.0228432180683,1099.5410220057565,-2213.252220088075,-1115.6290952436384,-964.2213283982835,815.0959460250085,-1672.8054617308649,352.348342908304,-2108.817593779453,-525.5347058142743,-736.7148616187519,-2560.6235178284783,-256.38169134897635,1790.1554701356401,-1505.1915577350462,334.5784706760982,-785.9101358809146,-659.8041575356917,-951.5747156027384,-416.08197519285017,846.5960735262851,165.42999572959988,-1628.885116223711,-1857.882342510529,-768.29290939764,-756.4562636697129,-555.108452678845,622.457919086837,24.38706754146988,168.69549220693096,486.6835409859832,-497.4344919280771,-100.74604460692679,2739.338781291104
-1778.6274575324842,-265.3711563070297,1130.4592332411514,-1843.122493754975,1746.8124611200085,397.156762255809,47.78255595540469,1875.1022403453442,-2906.426263557409,-49.58753745047775,-1092.7195946832917,-2906.029906457888,-2493.0172361041114,1403.2267760301124,-3197.800374034971,2197.0068981439917,1899.6788491299465,-1301.8060942446527,407.66487272218455,-465.2068964906174,1397.130897686071,-1675.8705718308504,-792.2111044026096,-2257.77239141336,4544.575854964699,2291.0896707946476,1980.1877831399904,-1672.8054617308649,3434.8913990294072,-722.8769656322163,4329.8186852697745,1078.972911507692,1513.7575466197789,5256.936975466628,525.8768861709398,-3675.784015070646,3088.427261566573,-686.4080961030331,1613.0041726442444,1353.841911931605,1953.3272852755615,854.4615266937774,-1738.2628244554442,-339.8144680574886,3343.7884669618534,3813.7329840786224,1578.144215196189,1553.8645048870767,1140.0195766843844,-1278.0119269960815,-50.06267692908317,-345.83198090362043,-999.367068033543,1021.0808088504928,206.62154499219457,-5624.3970011577585
374.8773340645153,55.64031772560993,-237.93828598880782,388.28095682922566,-367.5868420177235,-84.01737106468367,-9.871834691879876,-395.17458957338755,611.9967281879846,10.294212941801183,229.97504757410195,611.4590230310823,524.6372657377194,-294.9979609444631,673.2115516933862,-462.3543652853231,-400.5887279983705,274.92785336746846,-86.17408795330795,98.27223156149658,-294.27038064749854,353.5831642580825,167.21820552802737,475.28441025356574,-957.0361959493247,-482.3259560566272,-416.8746055351658,352.348342908304,-722.8769656322163,152.68339849557978,-911.8270499800283,-226.9878922080081,-318.5297667664707,-1107.17050003243,-110.80807739969809,773.240353974109,-651.2960806536651,145.11406477470254,-339.8185460393349,-284.950398547316,-411.2341992593264,-180.0340750604491,366.2682330674962,71.52865045654175,-704.3853768971734,-803.192446414439,-332.2753620075377,-327.0837752921203,-239.66408242125834,269.4098312338713,10.76008461226853,72.9587975120104,210.33086880124816,-215.1490316176141,-43.45610893119793,1184.516416115563
-2242.9306910206205,-334.292418994598,1425.0592193588207,-2323.856252477811,2202.0942258270256,501.2380953558803,60.56736616129576,2364.436942380909,-3664.108486138354,-61.91106049172821,-1377.371132758677,-3663.223279696002,-3142.430128336887,1768.281783675231,-4031.3819040685908,2769.326860055083,2395.4451538342114,-1642.3668688224295,514.7230471203637,-586.7939459299885,1761.3840745672967,-2113.283441722703,-999.4794458740885,-2846.373214599896,5729.6659502011225,2888.5130664604644,2496.499232927511,-2108.817593779453,4329.8186852697745,-911.8270499800283,5458.9618357909285,1359.524453745621,1908.4586243481328,6627.624671541032,663.0221338991765,-4632.85410815402,3894.330794395517,-866.2437064883451,2033.4093817450955,1706.0315776949285,2462.2452971954845,1077.5069591818785,-2191.7490951341365,-428.4065841054865,4215.89955688185,4807.657527428298,1989.706973681989,1959.2911093786115,1436.3771682539732,-1611.9018226457565,-63.526271284495394,-436.107738414186,-1259.7042781126693,1287.3771772786329,260.3123267326501,-7091.220828074546
-558.2837434527055,-83.49002010583581,355.07497550004007,-578.717286858555,548.5171438484546,124.54891739694494,14.533429950819169,588.6915660622883,-912.8911768603708,-16.07628296164088,-343.3448716310064,-912.7984249668298,-783.2220435440856,441.0755175530504,-1004.2389007297948,690.2464341275344,596.6326668213502,-408.2972475397962,127.45176940393384,-146.04596496430713,438.8745127778374,-526.4300673746905,-248.33328943152554,-708.9106678310326,1427.0734213145772,719.2511030747581,621.7322075309311,-525.5347058142743,1078.972911507692,-226.9878922080081,1359.524453745621,339.6243631257329,475.1856440902104,1651.046951027033,165.1104239917323,-1154.965273863254,970.1431722001607,-215.16401506852182,506.91796910413694,425.9489085886238,613.7299097284127,268.15171990452797,-545.8890096351762,-106.71958261729522,1049.9905885173107,1198.3319383657401,495.505895120371,487.4709397070111,358.6765615314251,-400.86202734235866,-15.495705501666485,-108.58091732760809,-314.04027445679355,320.7109346272878,65.02217499396889,-1766.006673385518
-784.1447025881919,-117.43762328754926,498.31870765854745,-812.0785194822532,770.2069268311658,175.20840369580472,22.361232294628785,826.39750586199,-1281.144705847695,-21.124623793109915,-481.5628861964844,-1281.4982497972005,-1098.5748410793087,618.1623510950598,-1409.4054448824772,968.1388430387882,836.7201965002394,-573.5860275662543,180.0002249795849,-204.71605553146782,615.7187938737273,-737.7529812553743,-349.27411006285257,-995.1723265398107,2003.3530270367705,1010.1344025980885,873.0707666614205,-736.7148616187519,1513.7575466197789,-318.5297667664707,1908.4586243481328,475.1856440902104,667.9625189621593,2316.6766610663376,231.41489243014433,-1619.5280907602094,1360.289677786627,-302.62925854635836,710.4788108813426,595.7354886873575,860.4321975027423,376.8564439300154,-766.3532859909438,-149.87468562232993,1473.4844087385484,1680.1545671563508,696.1082898580769,685.4385266096506,502.2345810863205,-563.5973382045961,-22.278923016322132,-152.10396970760755,-440.42978313300466,449.93540380741416,90.81097115404815,-2479.116849710724
-2723.0252543407773,-405.7380511014835,1730.1543343697342,-2821.4778562668457,2673.392065197925,608.5083178831483,72.85745056213962,2870.677601867792,-4448.6330029689325,-75.60650614240102,-1672.3485433162193,-4447.303927616061,-3815.381663541019,2147.0577396097474,-4894.482578411438,3362.3866708924343,2908.6450986433906,-1993.9848607385309,624.622079527612,-712.5767826182305,2138.5963467478914,-2566.243582480047,-1213.3078898127517,-3455.6793115663136,6956.262415701775,3506.7040162213634,3030.828171057585,-2560.6235178284783,5256.936975466628,-1107.17050003243,6627.624671541032,1651.046951027033,2316.6766610663376,8046.834383613549,805.0893268805935,-5625.063115028905,4728.747370720287,-1051.6157942622528,2469.1257391549316,2071.9504234106303,2989.702423006835,1308.061404370676,-2660.997978115451,-520.0926668729079,5118.640034577437,5837.572186564579,2415.486837357656,2378.329902042028,1744.215401322154,-1956.745462467471,-76.99973104883749,-529.597307589064,-1529.4912513956995,1563.0992679312924,316.1788673812534,-8609.317417203454
-272.38018433564315,-40.29457189765974,173.02033394899095,-282.4211589384568,267.2980975777771,60.84755333186795,6.770353353726398,287.2556757273965,-444.9021563373251,-7.775426413518379,-167.26321708117806,-444.48805607721386,-381.68421234842043,214.8101493823511,-489.633910908761,336.36289984311003,291.2478944270029,-199.739795291765,62.50458395405674,-71.46616498352404,213.9329239212319,-257.1317322611336,-121.46511958643187,-345.6973020452539,695.7404267490567,350.69494428034545,303.07388590400814,-256.38169134897635,525.8768861709398,-110.80807739969809,663.0221338991765,165.1104239917323,231.41489243014433,805.0893268805935,80.73601884671614,-562.7963029306607,473.45236471021866,-105.2828431890308,247.11719139889797,207.51881909853174,299.23390162423794,130.7812443385559,-266.08633658685164,-51.976104115033905,512.2283715797095,584.1426111732396,241.38520278302641,237.7815103080762,174.38705412877638,-195.74207681394117,-7.66791985780412,-53.15335450505767,-152.96657734899074,156.40154258365658,31.718585281850135,-861.2484571384408
1902.8105376127494,283.93756156553235,-1209.6639889810133,1972.1698185441153,-1869.133987249363,-424.630515332738,-50.6097188470713,-2006.1798479455244,3109.9234699348804,53.558831699677,1169.3653079824267,3109.559600569735,2667.935577701082,-1501.9834929971807,3421.8156241989136,-2351.1460049788634,-2032.5867941056251,1392.4300686158529,-435.7514906205457,497.71472957133943,-1494.9678367699664,1793.1910656729015,847.2990650389189,2415.896307127561,-4862.583331200777,-2451.397298365018,-2118.750791321521,1790.1554701356401,-3675.784015070646,773.240353974109,-4632.85410815402,-1154.965273863254,-1619.5280907602094,-5625.063115028905,-562.7963029306607,3934.0023293059558,-3304.5353365898177,733.9952160750759,-1726.113346073066,-1449.279108214793,-2090.4178666112794,-914.0852824959766,1859.7468312530818,363.5813281453295,-3577.850460202607,-4081.1405323407866,-1688.432492529495,-1662.3956240055184,-1220.320428195157,1367.0825209037623,53.29816153369019,370.08817074291443,1069.459377978342,-1092.5546214552062,-221.25393174822634,6017.9797676943945
-1600.331539996164,-237.6828840645332,1016.4041246729483,-1658.318639762155,1570.246938213167,357.97966029355393,41.48149982508533,1687.283016663522,-2613.815974166766,-44.807952780064234,-982.5170763910847,-2611.954938282038,-2241.5701846305537,1261.132549498221,-2875.7079274708876,1975.4468809129492,1710.3553265616276,-1172.9364287927035,367.2255466858859,-419.41017546953213,1256.7680934516952,-1509.6017624852846,-713.4025185666598,-2030.243755690042,4087.226900274174,2060.0354634508244,1780.4750007372566,-1505.1915577350462,3088.427261566573,-651.2960806536651,3894.330794395517,970.1431722001607,1360.289677786627,4728.747370720287,473.45236471021866,-3304.5353365898177,2780.687468262471,-618.664290942166,1451.4311373733597,1218.0541626095269,1756.9854120949954,768.5449523086465,-1563.7366894350876,-305.479247117981,3008.259530528533,3430.865861523182,1418.8092719922963,1396.8215435467646,1024.504685013507,-1149.918067758388,-45.3852835766204,-311.6369833922752,-898.5893436376665,918.7360397754512,185.9145064911946,-5058.808390512749
