V1,V2,V3,V4,V5,V6,V7,V8,V9,V10,V11,V12,V13,V14,V15,V16,V17,V18,V19,V20,V21,V22,V23,V24,V25,V26,V27,V28,V29,V30,V31,V32,V33,V34,V35,V36,V37,V38,V39,V40,V41,V42,V43,V44,V45,V46,V47,V48,V49,V50,V51,V52,V53,V54,V55,V56
121183634.10218613,-897897677.285914,1144389570.635278,426053458.88057435,9860015.923999118,-652466430.198724,704137766.2161249,-786470416.8715593,297316873.57130915,-341249473.9403351,-940750002.3962543,-732185469.8092812,-335104607.97371083,67418072.81078294,801534139.6808866,-285509398.97740406,341500033.48294854,-955313159.5801085,-1029769902.5461622,-75552522.22140814,-827995149.4750879,154688759.56193882,-686483086.1870747,746543657.8686101,-349539947.85049057,641854637.3934066,-512408833.743551,-225200178.29984015,-11855058.143874537,-339301318.62961173,437514422.5992408,-162035017.6034179,-417822526.8462285,-168051208.40484935,-45240595.07221045,139399524.32614982,565835689.9620062,-338323713.36674166,705587983.3986697,1071410921.1103326,-663546328.6461936,873655846.2322897,133561829.7909499,366404888.02453256,-1382177826.2661662,548861616.8303332,-791440415.9299017,-512033301.0312192,759854186.6019627,261895947.36804274,-823304549.987564,-780654419.8393195,186618190.17708558,-378310575.4665673,-144727609.5970904,561116926.6881187
-897897677.285914,6652880544.084356,-8479236891.278573,-3156799307.872116,-73056782.92370716,4834382953.154625,-5217236396.528386,5827271713.756046,-2202938812.1171727,2528452899.263222,6970390445.358802,5425052974.6927595,2482923144.4102607,-499527283.793313,-5938884817.579451,2115452540.2956765,-2530309399.4882107,7078294659.61496,7629974243.006556,559798647.0243179,6134944959.108746,-1146150461.4979258,5086425863.576963,-5531438489.979902,2589880311.794133,-4755755958.385666,3796640581.278927,1668597578.3003595,87838836.59838465,2514018239.7120647,-3241718145.898133,1200581807.5209389,3095813069.4830775,1245158147.7641258,335205539.0396296,-1032866441.4068145,-4192501380.478642,2506774779.670708,-5227981633.804937,-7938509089.615307,4916478320.87075,-6473263189.406995,-989612648.7381507,-2714839358.004949,10241104526.524601,-4066733729.496072,5864096407.428893,3793858114.081515,-5630061489.105687,-1940491099.0097373,6100190436.584949,5784178680.353564,-1382728296.2416406,2803053321.6201787,1072344341.4625424,-4157538189.407872
1144389570.635278,-8479236891.278573,10806966663.882166,4023407450.6765223,93112414.39923362,-6161523269.872543,6649478076.492142,-7426980984.20208,2807692084.805502,-3222566670.0188065,-8883909972.517244,-6914344698.525735,-3164538034.9615107,636658082.9637672,7569234244.446091,-2696188981.9072976,3224932818.9368935,-9021436174.559443,-9724563465.734892,-713475209.4222056,-7819117039.610102,1460792992.0662231,-6482757287.120713,7049935286.625508,-3300857205.855042,6061311502.750859,-4838898679.481766,-2126662886.8016648,-111952454.13580476,-3204169391.2725205,4131638304.9692183,-1530166893.2469747,-3945679200.7550316,-1586980381.053159,-427226545.5629335,1316410113.6016412,5343431636.294716,-3194937448.4401813,6663173108.616115,10117797649.97241,-6266155551.410831,8250310775.756392,1261282240.624944,3460120151.904166,-13052504209.715992,5183138106.457666,-7473914834.686,-4835352366.297075,7175632383.952475,2473196926.437563,-7774821665.771448,-7372058002.145288,1762316443.5747304,-3572550713.2500486,-1366725531.7774448,5298870310.211017
426053458.88057435,-3156799307.872116,4023407450.6765223,1497904825.5457072,34665525.22654793,-2293920153.366917,2475584543.8227534,-2765046988.3104787,1045296946.4616898,-1199753747.2297256,-3307458113.299427,-2574193744.0422473,-1178149827.432327,237026258.31126678,2818007531.8520174,-1003784612.1441272,1200634658.3582294,-3358658784.5572762,-3620431367.9328895,-265625088.23182487,-2911038289.1188946,543849684.411324,-2413514798.450135,2624673791.0233526,-1228901123.758793,2256611556.252567,-1801510230.1067116,-791751429.0299919,-41679626.73542545,-1192904485.209092,1538198909.4447267,-569677419.2463477,-1468966786.355441,-590828943.3154315,-159055405.63903388,490096289.54234564,1989346624.9767487,-1189467454.9021695,2480683170.9031277,3766831499.9998565,-2332874497.801943,3071570670.8208923,469572315.9235726,1288194331.497496,-4859415627.209686,1929669733.0432804,-2782520347.1350846,-1800189946.040185,2671470514.84102,920765211.2077606,-2894547229.5396905,-2744599295.520428,656106133.301615,-1330051956.774441,-508828597.5758876,1972756551.443227
9860015.923999118,-73056782.92370716,93112414.39923362,34665525.22654793,802256.3253685503,-53087452.83185117,57291649.24024133,-63990586.76393744,24190967.871918004,-27765511.779012155,-76543432.01567504,-59573730.52662874,-27265538.420612387,5485423.152603609,65216234.68165094,-23230260.393764533,27785900.421508107,-77728351.7970395,-83786469.8311553,-6147275.220234571,-67369219.1091291,12586136.196516296,-55855190.75612443,60741972.5860309,-28440059.330555,52224029.39473115,-41691766.635799505,-18323248.882660024,-964578.8316650648,-27607000.338674244,35598040.30635438,-13183859.941352677,-33995824.15209042,-13673360.01097113,-3680967.739032345,11342137.545644742,46038803.39667941,-27527460.519149665,57409645.88520848,87174560.57500161,-53988960.295639955,71084364.48555696,10867159.813797703,29812265.05396454,-112459879.70442471,44657720.107514486,-64394965.65990481,-41661213.267324105,61824975.85030279,21308969.78519068,-66987568.79548594,-63517371.96421038,15184051.033674194,-30780961.044297718,-11775653.225282058,45654864.81424155
-652466430.198724,4834382953.154625,-6161523269.872543,-2293920153.366917,-53087452.83185117,3512953283.147828,-3791157608.2967744,4234445944.6416783,-1600787774.1543882,1837325878.880798,5065104735.999933,3942169627.659166,1804241221.3021417,-362986555.32791233,-4315550735.165698,1537214988.937796,-1838674925.0380554,5143514424.369182,5544397974.8513155,406783350.1628905,4458019823.2547035,-832861827.6826383,3696102812.2843,-4019475737.6831803,1881962729.1667156,-3455818179.982531,2758867287.7951283,1212503312.766141,63828979.79531884,1826836786.6673515,-2355627287.6833367,872414916.5458215,2249603888.12603,904806763.1141068,243580496.19519812,-750542847.4632115,-3046523542.3383355,1821573254.792366,-3798965744.249071,-5768597942.485928,3572608712.3853245,-4703862185.430782,-719112042.8718501,-1972765485.8938818,7441802210.784385,-2955133206.160236,4261204979.858452,2756845380.9765086,-4091141139.1116943,-1410077487.925898,4432765095.596155,4203131955.612143,-1004773504.8807498,2036867053.9379241,779229862.9037148,-3021117185.9358535
704137766.2161249,-5217236396.528386,6649478076.492142,2475584543.8227534,57291649.24024133,-3791157608.2967744,4091394011.9741354,-4569788060.086207,1727560336.4421384,-1982830806.3173163,-5466229926.338417,-4254365255.305176,-1947126047.979837,391732860.0080858,4657315852.837056,-1658952978.163401,1984286686.2827234,-5550849181.43344,-5983480247.435747,-438998093.6619199,-4811067613.469458,898819370.9209324,-3988811458.0036755,4337793536.026401,-2031002621.81061,3729497758.937792,-2977352636.2449365,-1308526126.8932471,-68883842.18752936,-1971511043.7254875,2542178501.7658796,-941504820.5691091,-2427758699.5301914,-976461905.7269005,-262870575.6605351,809981234.4737638,3287789499.7950974,-1965830669.8301363,4099820503.4177895,6225435475.818795,-3855537381.6113567,5076379185.167525,776061300.8733851,2128996396.7073436,-8031147248.799929,3189161610.5603275,-4598666248.151834,-2975170605.040266,4415134394.999201,1521746967.2345228,-4783812870.063682,-4535994195.966314,1084345397.0155835,-2198174417.000508,-840940085.4168836,3260371115.8118644
-786470416.8715593,5827271713.756046,-7426980984.20208,-2765046988.3104787,-63990586.76393744,4234445944.6416783,-4569788060.086207,5104119246.110903,-1929558623.7046576,2214677080.3311734,6105379287.784554,4751815027.263999,2174797474.4797387,-437536972.70978284,-5201881392.492681,1852929218.5532782,-2216303193.134552,6199892810.193956,6683110088.784184,490328783.06445116,5373610873.428528,-1003915539.8348811,4455210846.329784,-4844998318.008773,2268481476.789857,-4165576398.0520396,3325485272.008148,1461528041.6760695,76938217.30588049,2202033732.142145,-2839427573.1998324,1051592067.6566932,2711629017.604825,1090636574.8653328,293607219.1723808,-904689834.0067405,-3672220557.9349003,2195689171.1450295,-4579199835.644649,-6953356393.729089,4306353445.527882,-5669944504.455646,-866803748.7312567,-2377933362.162865,8970204459.335129,-3562060414.4042373,5136374070.51018,3323048103.6278944,-4931382405.639179,-1699680133.3855808,5343169315.173609,5066373969.658485,-1211134550.5716712,2455200153.488951,939268607.6258965,-3641596227.193753
297316873.57130915,-2202938812.1171727,2807692084.805502,1045296946.4616898,24190967.871918004,-1600787774.1543882,1727560336.4421384,-1929558623.7046576,729449353.2939054,-837235388.4577241,-2308074456.60431,-1796373717.7051907,-822159322.8941146,165406252.62044823,1966516575.5934408,-700480412.4664198,837850122.8452771,-2343804300.348386,-2526479512.6806774,-185363641.86393225,-2031437099.6796832,379519716.3232936,-1684245624.9383838,1831600681.481113,-857575575.0893685,1574752366.669055,-1257164748.008453,-552515311.3121142,-29085684.069398444,-832455703.8488925,1073415744.1597059,-397543326.2787631,-1025102843.5989362,-412303692.409333,-110995122.64765954,342008481.6391624,1388244377.7964897,-830057208.7429291,1731118359.0866857,2628643287.309044,-1627971648.99715,2143462914.479289,327686044.9335661,898952709.2217121,-3391091496.6205454,1346599493.6615279,-1941752221.3042338,-1256243401.7674508,1864257277.2683835,642546206.7407103,-2019928989.3032415,-1915289418.8459167,457856684.8919166,-928162607.7473634,-355080623.5091174,1376667171.475321
-341249473.9403351,2528452899.263222,-3222566670.0188065,-1199753747.2297256,-27765511.779012155,1837325878.880798,-1982830806.3173163,2214677080.3311734,-837235388.4577241,960948272.2543619,2649123761.224338,2061812297.9846768,943644513.4269336,-189847269.9162331,-2257096070.745882,803985893.634306,-961653842.1334547,2690133173.919844,2899801126.456151,212753633.96774033,2331609483.1202617,-435598901.6187229,1933115758.8174536,-2102244523.2942421,984293997.1737757,-1807443386.599128,1442927889.943405,634156942.3428372,33383488.451663602,955462324.2183613,-1232027478.8875217,456285744.50583637,1176575692.0555956,473227154.6500362,127396157.3939816,-392544873.19099605,-1593376312.8397267,952709419.15832,-1986914575.1184094,-3017060984.3944826,1868526539.9382887,-2460188631.1213775,-376106102.34914994,-1031785164.2953509,3892171257.33512,-1545577832.2067533,2228672447.1939826,1441870402.4481423,-2139726574.1785707,-737491123.3103156,2318400893.101392,2198299406.877838,-525511219.7747444,1065311221.3404822,407548601.28542143,-1580088417.2397444
-940750002.3962543,6970390445.358802,-8883909972.517244,-3307458113.299427,-76543432.01567504,5065104735.999933,-5466229926.338417,6105379287.784554,-2308074456.60431,2649123761.224338,7303053563.329425,5683964587.683699,2601421090.4772477,-523367312.27022624,-6222319146.485548,2216412886.62174,-2651068863.982363,7416107525.022579,7994116114.124791,586515136.4763265,6427736294.291632,-1200850694.8359609,5329176438.142508,-5795427370.061702,2713482807.683091,-4982725253.022925,3977835924.691356,1748231693.8138306,92030960.87913395,2634000204.59552,-3396429718.6554685,1257879786.7805402,3243561296.79295,1304583539.7470932,351203282.74022454,-1082160174.3658657,-4392589250.552903,2626411049.9404445,-5477487982.278335,-8317375840.869275,5151118119.514027,-6782200820.73994,-1036842087.5037884,-2844405547.259233,10729863052.077888,-4260819316.0514784,6143961446.00032,3974920664.2952766,-5898757169.942086,-2033101379.7550175,6391323104.91502,6060229631.565048,-1448719248.7028449,2936829537.3808203,1123522164.18563,-4355957435.068046
-732185469.8092812,5425052974.6927595,-6914344698.525735,-2574193744.0422473,-59573730.52662874,3942169627.659166,-4254365255.305176,4751815027.263999,-1796373717.7051907,2061812297.9846768,5683964587.683699,4423828082.32568,2024685322.8156974,-407336635.16716254,-4842829287.633989,1725033543.37977,-2063326169.9265084,5771954455.491124,6221818382.112227,456484570.1403194,5002705395.657263,-934621767.2862052,4147696562.199408,-4510579535.960923,2111902926.5482059,-3878053699.9516916,3095948611.0786157,1360648247.3981242,71627671.28368838,2050041638.578851,-2643440319.0605397,979007493.5063984,2524462867.983405,1015357013.0403112,273341418.74380183,-842244968.344371,-3418751011.0361347,2044135000.469188,-4263127396.7580633,-6473411338.931702,4009113820.6678276,-5278585041.255044,-806973912.778455,-2213800057.8128657,8351049475.275088,-3316194507.2638674,4781843511.111897,3093679663.952353,-4591001089.985272,-1582362247.5557485,4974365021.869254,4716675062.429538,-1127537794.7545006,2285733624.7353816,874436993.7129904,-3390240479.007845
-335104607.97371083,2482923144.4102607,-3164538034.9615107,-1178149827.432327,-27265538.420612387,1804241221.3021417,-1947126047.979837,2174797474.4797387,-822159322.8941146,943644513.4269336,2601421090.4772477,2024685322.8156974,926652342.9550499,-186428697.03538126,-2216452627.970974,789508550.7066514,-944337377.6393955,2641692048.4274187,2847584518.1256223,208922587.4158955,2289624279.1947765,-427755089.0135846,1898306217.0858924,-2064389486.9294975,966569853.0015439,-1774896822.594278,1416945142.64632,622737701.9053831,32782353.052472338,938257350.9922675,-1209842406.66597,448069424.4791803,1155389137.932797,464705772.0178905,125102139.64540897,-385476333.13301605,-1564684446.5263357,935554016.8000216,-1951136280.3299873,-2962732882.288784,1834880053.2942653,-2415888108.2686987,-369333574.13472915,-1013205847.8964503,3822085078.227123,-1517746671.4004858,2188540827.674897,1415906696.8888896,-2101196599.4831839,-724211149.0541552,2276653536.524171,2158714713.2899694,-516048359.4295188,1046128202.8933061,400209889.69467497,-1551635825.5472379
67418072.81078294,-499527283.793313,636658082.9637672,237026258.31126678,5485423.152603609,-362986555.32791233,391732860.0080858,-437536972.70978284,165406252.62044823,-189847269.9162331,-523367312.27022624,-407336635.16716254,-186428697.03538126,37506687.36951013,445917370.9719397,-158837401.42900103,189986664.83706418,-531469230.9419414,-572891739.8963982,-42032123.61795467,-460638422.89108264,86057974.6108705,-381911035.3227083,415324523.0759221,-194459507.62751788,357082896.6279406,-285068331.38690877,-125285583.64893162,-6595323.2009566715,-188763452.26057357,243402335.84510502,-90144917.77230829,-232447146.6019609,-93491902.69270357,-25168693.68598873,77552115.86889991,314791286.4960893,-188219582.58576164,392539659.5705952,596057881.6502883,-369150633.4406706,486040829.62196726,74304433.24786933,203841978.64081737,-768946788.0089363,305348102.6766631,-440301930.7542517,-284859412.22500443,422729568.66689014,145700533.61564124,-458028900.5736271,-434301359.6525243,103821270.22329865,-210465467.1459984,-80516288.73901652,312166097.6759723
801534139.6808866,-5938884817.579451,7569234244.446091,2818007531.8520174,65216234.68165094,-4315550735.165698,4657315852.837056,-5201881392.492681,1966516575.5934408,-2257096070.745882,-6222319146.485548,-4842829287.633989,-2216452627.970974,445917370.9719397,5301516033.99411,-1888419443.37972,2258753328.9843135,-6318642941.190582,-6811115559.637767,-499720333.71355575,-5476534748.052404,1023144114.7031819,-4540544075.15537,4937797372.13387,-2311931014.1556334,4245362090.9540143,-3389180213.9852414,-1489521532.6144998,-78411859.27333388,-2244210557.5493603,2893812770.546323,-1071733818.3981032,-2763566415.237483,-1111526168.292123,-299230847.97306293,922017881.8295605,3742556721.274005,-2237744474.961118,4666907897.408173,7086538048.297394,-4388835522.014764,5778544229.226768,883406142.0379293,2423479294.2080193,-9142015971.084967,3630286616.924692,-5234754012.54063,-3386696364.7418766,5025836023.703861,1732235089.7842708,-5445510125.734018,-5163413159.055335,1234332110.8872752,-2502226021.4118433,-957258962.7212348,3711345825.0267196
-285509398.97740406,2115452540.2956765,-2696188981.9072976,-1003784612.1441272,-23230260.393764533,1537214988.937796,-1658952978.163401,1852929218.5532782,-700480412.4664198,803985893.634306,2216412886.62174,1725033543.37977,789508550.7066514,-158837401.42900103,-1888419443.37972,672661928.1434028,-804576214.2058933,2250723775.692183,2426144327.4801154,178002214.56757045,1950761749.186482,-364447684.18308353,1617358442.2730033,-1758861523.7394443,823518301.7665128,-1512213537.7711673,1207238415.1036575,530573028.60377336,27930591.362328216,799396027.0898886,-1030786715.0900092,381755514.3819645,984392485.7371614,395929696.4822832,106587124.81596299,-328426149.93425757,-1333112422.275704,797092783.7901864,-1662369699.2650573,-2524250827.491593,1563319298.7694068,-2058338634.891097,-314672505.83549696,-863252207.0140425,3256419598.1770887,-1293121399.7251773,1864638566.8993125,1206353658.2269194,-1790221213.3082085,-617028488.7079186,1939710666.3491058,1839226693.0067163,-439673622.41100335,891302080.5134189,340979152.13618743,-1321994986.575231
341500033.48294854,-2530309399.4882107,3224932818.9368935,1200634658.3582294,27785900.421508107,-1838674925.0380554,1984286686.2827234,-2216303193.134552,837850122.8452771,-961653842.1334547,-2651068863.982363,-2063326169.9265084,-944337377.6393955,189986664.83706418,2258753328.9843135,-804576214.2058933,962359931.3232687,-2692108387.1051216,-2901930286.9866924,-212909846.90651357,-2333321454.6502748,435918736.8714746,-1934535136.76569,2103788081.553941,-985016708.1125513,1808770490.0974948,-1443987350.0867414,-634622569.3381916,-33408000.50172342,-956163865.4348568,1232932088.0801406,-456620769.4210277,-1177439586.400281,-473574617.00304955,-127489697.23942319,392833095.49725515,1594546238.7418554,-953408940.4376572,1988373454.0192158,3019276242.187672,-1869898494.77695,2461995008.9232903,376382255.800573,1032542746.6645786,-3895029058.534823,1546712662.2152312,-2230308835.1933894,-1442929087.0749273,2141297654.5332396,738032620.820997,-2320103164.422244,-2199913494.200004,525897072.69770485,-1066093419.1268713,-407847839.9626039,1581248586.6773756
-955313159.5801085,7078294659.61496,-9021436174.559443,-3358658784.5572762,-77728351.7970395,5143514424.369182,-5550849181.43344,6199892810.193956,-2343804300.348386,2690133173.919844,7416107525.022579,5771954455.491124,2641692048.4274187,-531469230.9419414,-6318642941.190582,2250723775.692183,-2692108387.1051216,7530911603.911266,8117867979.106408,595594607.0722253,6527240021.311077,-1219440306.5430713,5411674054.335916,-5885142723.137022,2755488522.288663,-5059859677.249002,4039414291.6669006,1775294964.5301163,93455633.9196654,2674775499.3043766,-3449007702.6782136,1277352229.6717834,3293772821.1783886,1324778974.6035278,356640039.0377439,-1098912413.3619268,-4460588151.9569235,2667068861.213698,-5562281516.046255,-8446131885.626782,5230859326.862633,-6887191790.150859,-1052892785.3395126,-2888437993.637142,10895965288.667522,-4326778370.350047,6239072234.755017,4036453901.6077495,-5990072105.981948,-2064574538.9957404,6490263143.062784,6154044220.7570095,-1471145956.9652286,2982292741.540362,1140914702.0404632,-4423389262.42336
-1029769902.5461622,7629974243.006556,-9724563465.734892,-3620431367.9328895,-83786469.8311553,5544397974.8513155,-5983480247.435747,6683110088.784184,-2526479512.6806774,2899801126.456151,7994116114.124791,6221818382.112227,2847584518.1256223,-572891739.8963982,-6811115559.637767,2426144327.4801154,-2901930286.9866924,8117867979.106408,8750571510.133669,642015023.3742428,7035970616.560159,-1314483018.4774494,5833457864.009969,-6343828500.116552,2970250245.673553,-5454223208.699169,4354244699.365645,1913660776.2735884,100739530.34946483,2883246480.5263968,-3717822046.2456713,1376908574.7827256,3550488217.3578095,1428031742.1201506,384436427.5065706,-1184561227.3414185,-4808244689.554939,2874939190.0124393,-5995803613.795499,-9104420180.203518,5638550505.748648,-7423976888.86014,-1134954847.0525825,-3113561748.0846357,11745192663.379969,-4664005824.665873,6725343142.730552,4351053577.643212,-6456936038.992664,-2225486690.346993,6996111774.5629225,6633688077.796465,-1585806511.1827273,3214731499.2076573,1229837158.3450856,-4768146532.743511
-75552522.22140814,559798647.0243179,-713475209.4222056,-265625088.23182487,-6147275.220234571,406783350.1628905,-438998093.6619199,490328783.06445116,-185363641.86393225,212753633.96774033,586515136.4763265,456484570.1403194,208922587.4158955,-42032123.61795467,-499720333.71355575,178002214.56757045,-212909846.90651357,595594607.0722253,642015023.3742428,47103585.158698805,516217578.89453304,-96441454.71942519,427991198.34715736,-465436251.6395506,217922369.85596728,-400167376.13511777,319463764.0942137,140402140.13077018,7391093.445508162,211539046.88954115,-272770481.87543464,101021514.96971059,260493474.36574703,104772337.66953376,28205467.68352548,-86909306.87146689,-352772995.8466438,210929554.59724256,-439902238.7200693,-667976317.6673079,413691166.351607,-544684960.3300275,-83269768.36340086,-228436898.75579265,861725446.6133709,-342190427.84256434,493427352.73551863,319229636.704025,-473734765.47122794,-163280294.1123145,513293201.3866709,486702771.5113743,-116348012.61762945,235859556.85931402,90231127.37551057,-349831060.09326506
-827995149.4750879,6134944959.108746,-7819117039.610102,-2911038289.1188946,-67369219.1091291,4458019823.2547035,-4811067613.469458,5373610873.428528,-2031437099.6796832,2331609483.1202617,6427736294.291632,5002705395.657263,2289624279.1947765,-460638422.89108264,-5476534748.052404,1950761749.186482,-2333321454.6502748,6527240021.311077,7035970616.560159,516217578.89453304,5657331351.525609,-1056921125.2351432,4690440855.93716,-5100808655.826377,2388254689.2163596,-4385514041.3915205,3501067069.6704354,1538695043.584097,81000467.3604881,2318298579.701057,-2989346085.2774553,1107114919.6240363,2854799913.3133197,1148220929.4146516,309109342.7546491,-952456415.0752347,-3866109579.943595,2311619035.2171807,-4820976320.603257,-7320485615.588526,4533723957.23172,-5969311054.338308,-912569989.8329825,-2503485510.291944,9443820938.77955,-3750133107.263467,5407568714.247149,3498501222.9993844,-5191753725.634009,-1789421288.9902925,5625282511.217066,5333872689.3701315,-1275081061.6348643,2584831898.0438557,988860908.1325226,-3833868319.8617163
154688759.56193882,-1146150461.4979258,1460792992.0662231,543849684.411324,12586136.196516296,-832861827.6826383,898819370.9209324,-1003915539.8348811,379519716.3232936,-435598901.6187229,-1200850694.8359609,-934621767.2862052,-427755089.0135846,86057974.6108705,1023144114.7031819,-364447684.18308353,435918736.8714746,-1219440306.5430713,-1314483018.4774494,-96441454.71942519,-1056921125.2351432,197457458.13023555,-876283485.3194529,952949739.4387026,-446181544.4191552,819316061.7738533,-654080788.9667993,-287464034.3292776,-15132771.637416143,-433112115.674902,558479401.8021485,-206834826.42132926,-533343046.17893314,-214514386.68151873,-57748817.323186435,177941020.2066466,722279223.4188374,-431864220.3699772,900670547.634448,1367637040.189905,-847005121.4573468,1115206194.1262183,170489307.09435475,467709341.9271271,-1764325483.1555653,700612120.0130236,-1010259655.2024356,-653601428.4424781,969940393.7164844,334305532.0705869,-1050933657.4997603,-996491522.6601437,238214810.123945,-482906740.4961778,-184742226.56866542,716255805.8290132
-686483086.1870747,5086425863.576963,-6482757287.120713,-2413514798.450135,-55855190.75612443,3696102812.2843,-3988811458.0036755,4455210846.329784,-1684245624.9383838,1933115758.8174536,5329176438.142508,4147696562.199408,1898306217.0858924,-381911035.3227083,-4540544075.15537,1617358442.2730033,-1934535136.76569,5411674054.335916,5833457864.009969,427991198.34715736,4690440855.93716,-876283485.3194529,3888800932.855559,-4229033064.8330083,1980079773.5546603,-3635988944.5316925,2902702178.2671027,1275717762.107555,67156734.23722962,1922079813.5033665,-2478439062.773998,917898693.1470228,2366888081.3325343,951979306.3564609,256279683.99680024,-789672765.831313,-3205355531.7908363,1916541863.2548034,-3997026674.4028897,-6069346606.21236,3758868406.5873876,-4949100331.849748,-756603299.5932333,-2075616574.68341,7829784194.934987,-3109200516.137731,4483364977.841394,2900574857.2816358,-4304434775.589627,-1483592565.3812597,4663869462.874157,4422264287.554941,-1057157861.3957317,2143060110.2199962,819855392.8398546,-3178624602.550597
746543657.8686101,-5531438489.979902,7049935286.625508,2624673791.0233526,60741972.5860309,-4019475737.6831803,4337793536.026401,-4844998318.008773,1831600681.481113,-2102244523.2942421,-5795427370.061702,-4510579535.960923,-2064389486.9294975,415324523.0759221,4937797372.13387,-1758861523.7394443,2103788081.553941,-5885142723.137022,-6343828500.116552,-465436251.6395506,-5100808655.826377,952949739.4387026,-4229033064.8330083,4599032189.736855,-2153317431.487233,3954102494.9907417,-3156660292.795221,-1387330615.4516697,-73032292.61567178,-2090243041.2406118,2695278293.420406,-998205871.2710329,-2573967689.3909206,-1035268207.4865316,-278701655.3606298,858761428.0952481,3485792861.2895274,-2084220572.826161,4346727503.158838,6600355205.340058,-4087732709.204616,5382098314.143358,822798704.9139328,2257212768.8619137,-8514813904.340362,3381225220.321382,-4875615662.223242,-3154346850.916783,4681030813.070641,1613392437.6632369,-5071912527.313083,-4809169257.180347,1149648858.173119,-2330556956.6055083,-891584740.4535189,3456723236.508366
-349539947.85049057,2589880311.794133,-3300857205.855042,-1228901123.758793,-28440059.330555,1881962729.1667156,-2031002621.81061,2268481476.789857,-857575575.0893685,984293997.1737757,2713482807.683091,2111902926.5482059,966569853.0015439,-194459507.62751788,-2311931014.1556334,823518301.7665128,-985016708.1125513,2755488522.288663,2970250245.673553,217922369.85596728,2388254689.2163596,-446181544.4191552,1980079773.5546603,-2153317431.487233,1008206894.3211966,-1851354258.2575862,1477983052.3696444,649563445.99094,34194522.28535588,978674771.362969,-1261958927.954225,467370962.86759925,1205159969.4861548,484723956.15337294,130491179.0038717,-402081541.5674293,-1632086539.2907283,975854985.4131343,-2035185603.4720812,-3090358869.228023,1913921393.5868979,-2519957599.664958,-385243399.21421,-1056851833.4250785,3986729479.0224323,-1583126820.2026267,2282816853.9695525,1476899873.4258018,-2191710088.383926,-755408076.4193481,2374725204.184449,2251705916.6175947,-538278234.2649758,1091192388.4633324,417449777.2778189,-1618475821.410112
641854637.3934066,-4755755958.385666,6061311502.750859,2256611556.252567,52224029.39473115,-3455818179.982531,3729497758.937792,-4165576398.0520396,1574752366.669055,-1807443386.599128,-4982725253.022925,-3878053699.9516916,-1774896822.594278,357082896.6279406,4245362090.9540143,-1512213537.7711673,1808770490.0974948,-5059859677.249002,-5454223208.699169,-400167376.13511777,-4385514041.3915205,819316061.7738533,-3635988944.5316925,3954102494.9907417,-1851354258.2575862,3399612331.238814,-2713996733.737198,-1192783009.0229175,-62790856.888435386,-1797124891.1700332,2317315076.495947,-858225853.7094334,-2213016054.1137686,-890090877.5433251,-239618873.21331233,738335928.5200264,2996974511.8485203,-1791946964.2249243,3737178901.8118067,5674776760.717497,-3514503366.2785087,4627357996.144759,707416316.8222618,1940680186.0855181,-7320767831.322325,2907070559.5027156,-4191900222.135673,-2712007710.233463,4024602320.095852,1387143816.2239318,-4360670062.15621,-4134771703.9369507,988431746.2778217,-2003739199.5526862,-766556374.876269,2971981367.434766
-512408833.743551,3796640581.278927,-4838898679.481766,-1801510230.1067116,-41691766.635799505,2758867287.7951283,-2977352636.2449365,3325485272.008148,-1257164748.008453,1442927889.943405,3977835924.691356,3095948611.0786157,1416945142.64632,-285068331.38690877,-3389180213.9852414,1207238415.1036575,-1443987350.0867414,4039414291.6669006,4354244699.365645,319463764.0942137,3501067069.6704354,-654080788.9667993,2902702178.2671027,-3156660292.795221,1477983052.3696444,-2713996733.737198,2166652415.984818,952228923.2604234,50127533.26917075,1434690373.4870574,-1849971389.4469407,685143462.4845576,1766706834.9442494,710582119.3734512,191293822.8968378,-589432295.1918402,-2392560752.2010384,1430556702.8513536,-2983484687.3003545,-4530318192.894437,2805717160.2375355,-3694137231.9870324,-564748384.8683655,-1549294205.5014205,5844354604.842543,-2320788147.2256894,3346500248.454701,2165064527.912,-3212942090.7489996,-1107392084.7352657,3481233491.3843975,3300893103.5800443,-789090128.4323435,1599635815.2037764,611961393.153614,-2372608091.202954
-225200178.29984015,1668597578.3003595,-2126662886.8016648,-791751429.0299919,-18323248.882660024,1212503312.766141,-1308526126.8932471,1461528041.6760695,-552515311.3121142,634156942.3428372,1748231693.8138306,1360648247.3981242,622737701.9053831,-125285583.64893162,-1489521532.6144998,530573028.60377336,-634622569.3381916,1775294964.5301163,1913660776.2735884,140402140.13077018,1538695043.584097,-287464034.3292776,1275717762.107555,-1387330615.4516697,649563445.99094,-1192783009.0229175,952228923.2604234,418498103.1978083,22030708.716752384,630536609.2691535,-813049778.8723009,301115867.61392546,776455576.7622888,312295981.2869387,84072327.34291323,-259051462.37004167,-1051514092.5099618,628719891.0010715,-1311221121.9715004,-1991043872.8519835,1233093511.1884327,-1623548057.299136,-248203053.99276337,-680904211.9432145,2568553891.1660337,-1019970523.0808715,1470763979.1045756,951531058.4733589,-1412066082.260457,-486691249.40004516,1529978319.220245,1450719951.4296765,-346799716.15713996,703029004.1244732,268952846.8455078,-1042745034.4855021
-11855058.143874537,87838836.59838465,-111952454.13580476,-41679626.73542545,-964578.8316650648,63828979.79531884,-68883842.18752936,76938217.30588049,-29085684.069398444,33383488.451663602,92030960.87913395,71627671.28368838,32782353.052472338,-6595323.2009566715,-78411859.27333388,27930591.362328216,-33408000.50172342,93455633.9196654,100739530.34946483,7391093.445508162,81000467.3604881,-15132771.637416143,67156734.23722962,-73032292.61567178,34194522.28535588,-62790856.888435386,50127533.26917075,22030708.716752384,1159747.6146591136,33192905.49992526,-42800821.55587421,15851435.89005329,40874418.181166224,16439982.410136383,4425761.807128053,-13637067.89528141,-55354134.26294527,33097269.676628478,-69025713.10122125,-104813155.56030402,64912895.43019306,-85467325.6485374,-13065982.935510289,-35844373.13714573,135214618.70927784,-53693607.73103335,77424418.15122871,50090796.343429744,-74334425.15696917,-25620553.078280773,80541598.25570814,76369254.34235305,-18256339.2379157,37009073.102380276,14158299.663508877,-54892510.773586445
-339301318.62961173,2514018239.7120647,-3204169391.2725205,-1192904485.209092,-27607000.338674244,1826836786.6673515,-1971511043.7254875,2202033732.142145,-832455703.8488925,955462324.2183613,2634000204.59552,2050041638.578851,938257350.9922675,-188763452.26057357,-2244210557.5493603,799396027.0898886,-956163865.4348568,2674775499.3043766,2883246480.5263968,211539046.88954115,2318298579.701057,-433112115.674902,1922079813.5033665,-2090243041.2406118,978674771.362969,-1797124891.1700332,1434690373.4870574,630536609.2691535,33192905.49992526,950007695.4512236,-1224993968.8523464,453680859.27899265,1169858750.0326087,470525553.79599774,126668866.75004628,-390303878.3169752,-1584279902.8528419,947270505.5859944,-1975571498.4804447,-2999836914.840361,1857859326.6141844,-2446143684.6821976,-373958953.9994281,-1025894815.7966305,3869951279.8644223,-1536754298.6527674,2215949201.537734,1433638922.5187376,-2127511110.5822165,-733280867.943933,2305165397.1043897,2185749557.2043486,-522511134.1947983,1059229476.8159866,405221951.83995456,-1571067866.411822
437514422.5992408,-3241718145.898133,4131638304.9692183,1538198909.4447267,35598040.30635438,-2355627287.6833367,2542178501.7658796,-2839427573.1998324,1073415744.1597059,-1232027478.8875217,-3396429718.6554685,-2643440319.0605397,-1209842406.66597,243402335.84510502,2893812770.546323,-1030786715.0900092,1232932088.0801406,-3449007702.6782136,-3717822046.2456713,-272770481.87543464,-2989346085.2774553,558479401.8021485,-2478439062.773998,2695278293.420406,-1261958927.954225,2317315076.495947,-1849971389.4469407,-813049778.8723009,-42800821.55587421,-1224993968.8523464,1579576917.5962286,-585001910.9441696,-1508482430.1363413,-606722415.4459604,-163334043.2635858,503280023.8678866,2042860639.075987,-1221464482.9121494,2547414283.9066634,3868160385.274626,-2395629515.3858213,3154196833.4035864,482203950.5099262,1322847142.0670805,-4990135348.961659,1981578420.8222878,-2857370969.6384115,-1848615590.3649616,2743333864.2067447,945534067.9438239,-2972411409.3091292,-2818429831.0952096,673755582.6278069,-1365830748.9157224,-522516236.4896974,2025824287.6841006
-162035017.6034179,1200581807.5209389,-1530166893.2469747,-569677419.2463477,-13183859.941352677,872414916.5458215,-941504820.5691091,1051592067.6566932,-397543326.2787631,456285744.50583637,1257879786.7805402,979007493.5063984,448069424.4791803,-90144917.77230829,-1071733818.3981032,381755514.3819645,-456620769.4210277,1277352229.6717834,1376908574.7827256,101021514.96971059,1107114919.6240363,-206834826.42132926,917898693.1470228,-998205871.2710329,467370962.86759925,-858225853.7094334,685143462.4845576,301115867.61392546,15851435.89005329,453680859.27899265,-585001910.9441696,216657531.5928053,558671815.4111459,224701797.84376174,60491341.94616891,-186391541.3155135,-756580679.90211,452373701.3187449,-943443910.9357207,-1432586911.6133668,887229883.4382561,-1168167979.124348,-178585942.53483766,-489921128.4919302,1848114317.0799122,-733884593.1596563,1058237468.3345796,684641337.2607155,-1016003421.9952321,-350181894.2105191,1100843102.8046262,1043815479.4970522,-249527768.62406206,505840259.8803685,193515740.8570343,-750271206.7452776
-417822526.8462285,3095813069.4830775,-3945679200.7550316,-1468966786.355441,-33995824.15209042,2249603888.12603,-2427758699.5301914,2711629017.604825,-1025102843.5989362,1176575692.0555956,3243561296.79295,2524462867.983405,1155389137.932797,-232447146.6019609,-2763566415.237483,984392485.7371614,-1177439586.400281,3293772821.1783886,3550488217.3578095,260493474.36574703,2854799913.3133197,-533343046.17893314,2366888081.3325343,-2573967689.3909206,1205159969.4861548,-2213016054.1137686,1766706834.9442494,776455576.7622888,40874418.181166224,1169858750.0326087,-1508482430.1363413,558671815.4111459,1440587803.488091,579414710.7870003,155982612.64088672,-480628112.7457137,-1950914416.5712721,1166488121.5337913,-2432758826.738422,-3694060043.7286787,2287805672.9955983,-3012230965.568874,-460500643.4668264,-1263307692.908961,4765536526.060563,-1892390422.8783228,2728764807.3404183,1765412058.671741,-2619860348.2644415,-902976937.8334109,2838627442.3093896,2691576353.6359105,-643430811.7504241,1304356669.1452613,498998531.0621532,-1934644846.891615
-168051208.40484935,1245158147.7641258,-1586980381.053159,-590828943.3154315,-13673360.01097113,904806763.1141068,-976461905.7269005,1090636574.8653328,-412303692.409333,473227154.6500362,1304583539.7470932,1015357013.0403112,464705772.0178905,-93491902.69270357,-1111526168.292123,395929696.4822832,-473574617.00304955,1324778974.6035278,1428031742.1201506,104772337.66953376,1148220929.4146516,-214514386.68151873,951979306.3564609,-1035268207.4865316,484723956.15337294,-890090877.5433251,710582119.3734512,312295981.2869387,16439982.410136383,470525553.79599774,-606722415.4459604,224701797.84376174,579414710.7870003,233044741.6057846,62737321.83620694,-193312064.94418913,-784671725.5779629,469169860.5150519,-978472991.8450737,-1485777357.096621,920171794.3874478,-1211540827.7645166,-185216650.86492133,-508111383.8195891,1916732859.1797645,-761132957.2717019,1097528713.4525428,710061349.4645131,-1053726560.9898523,-363183780.5919349,1141716249.2141316,1082571250.5629196,-258792472.7438201,524621577.0557446,200700778.57988483,-778127988.2369268
-45240595.07221045,335205539.0396296,-427226545.5629335,-159055405.63903388,-3680967.739032345,243580496.19519812,-262870575.6605351,293607219.1723808,-110995122.64765954,127396157.3939816,351203282.74022454,273341418.74380183,125102139.64540897,-25168693.68598873,-299230847.97306293,106587124.81596299,-127489697.23942319,356640039.0377439,384436427.5065706,28205467.68352548,309109342.7546491,-57748817.323186435,256279683.99680024,-278701655.3606298,130491179.0038717,-239618873.21331233,191293822.8968378,84072327.34291323,4425761.807128053,126668866.75004628,-163334043.2635858,60491341.94616891,155982612.64088672,62737321.83620694,16889338.793317337,-52040999.33339901,-211239278.34565073,126303904.87181899,-263411974.7133245,-399981962.83796626,247716873.1577726,-326155514.5024658,-49861656.03917258,-136787243.43830603,515998286.80356055,-204902472.35982746,295462632.19653916,191153628.24079722,-283670777.4664525,-97771688.5853205,307358235.28435344,291435975.6873795,-69668796.96534464,141231906.0048814,54030094.24523961,-209477657.17781293
139399524.32614982,-1032866441.4068145,1316410113.6016412,490096289.54234564,11342137.545644742,-750542847.4632115,809981234.4737638,-904689834.0067405,342008481.6391624,-392544873.19099605,-1082160174.3658657,-842244968.344371,-385476333.13301605,77552115.86889991,922017881.8295605,-328426149.93425757,392833095.49725515,-1098912413.3619268,-1184561227.3414185,-86909306.87146689,-952456415.0752347,177941020.2066466,-789672765.831313,858761428.0952481,-402081541.5674293,738335928.5200264,-589432295.1918402,-259051462.37004167,-13637067.89528141,-390303878.3169752,503280023.8678866,-186391541.3155135,-480628112.7457137,-193312064.94418913,-52040999.33339901,160353562.1691259,650890085.1624124,-389179322.4670269,811649442.9746758,1232461574.7423701,-763288236.6463258,1004980665.0351665,153638365.86126512,421481558.70332843,-1589941848.67015,631364530.1645838,-910406905.7947891,-589000313.4205949,874072747.4527055,301263208.7130325,-947060742.1268235,-897999597.213562,214669968.48343593,-435176866.7477197,-166482546.14285603,645462014.2503664
565835689.9620062,-4192501380.478642,5343431636.294716,1989346624.9767487,46038803.39667941,-3046523542.3383355,3287789499.7950974,-3672220557.9349003,1388244377.7964897,-1593376312.8397267,-4392589250.552903,-3418751011.0361347,-1564684446.5263357,314791286.4960893,3742556721.274005,-1333112422.275704,1594546238.7418554,-4460588151.9569235,-4808244689.554939,-352772995.8466438,-3866109579.943595,722279223.4188374,-3205355531.7908363,3485792861.2895274,-1632086539.2907283,2996974511.8485203,-2392560752.2010384,-1051514092.5099618,-55354134.26294527,-1584279902.8528419,2042860639.075987,-756580679.90211,-1950914416.5712721,-784671725.5779629,-211239278.34565073,650890085.1624124,2642023663.226566,-1579715230.661184,3294560915.706534,5002676674.592202,-3098258266.9748063,4079310409.620963,623632480.4763645,1710833026.2797225,-6453722501.320108,2562767610.6679373,-3695426683.3947678,-2390807301.304224,3547942941.2462115,1222855507.2688472,-3844208032.3380904,-3645064260.705001,871365456.3564354,-1766423557.8463113,-675768203.6501912,2619990616.62168
