V1,V2,V3,V4,V5,V6,V7,V8,V9,V10,V11,V12,V13,V14,V15,V16,V17,V18,V19,V20,V21,V22,V23,V24,V25,V26,V27,V28,V29,V30,V31,V32,V33,V34,V35,V36,V37,V38,V39,V40,V41,V42,V43,V44,V45,V46,V47,V48,V49,V50,V51,V52,V53,V54,V55,V56
1.6436244501024975,1.27434063598624,2.162929654095881,2.2031348407795326,-1.3046103542073695,-1.0837452864379404,1.0786391928429724,-0.7090198021182036,-3.425393796463328,-1.555633842480935,-0.7534985847104289,0.450969645249361,2.9066221342131677,0.16973102844639176,2.094742750388805,1.7939672592847529,0.6418738897549128,4.576335918842133,2.323088917247637,0.8302515581510369,-3.197067646453484,-1.2671032396923827,0.52250657425939,-0.10000246505439449,0.05200393463137707,0.13158091445342956,0.14764162895277821,1.5231073017951038,-0.16464933488024233,3.2100877224107935,4.793881020989309,1.0457079696406058,-2.3719098922540285,1.1868818885567345,2.280332714430051,-0.4673474491369439,0.10192659267201253,0.047942918164471264,-0.18589351349987737,-1.632181601928446,-1.303291783181883,0.20820810402177253,-3.3878242099227296,-1.2136650259527944,0.45711833333118806,-0.23534477701494172,-0.8435357107267991,0.40309169680994744,-1.0509917361164436,-1.5835354677553495,0.6224761315616953,0.6272446619579137,0.7001412323219884,3.59875242269081,-0.7211268428673643,-0.031398886602256794
1.27434063598624,1.6862974344183557,3.0394103677351056,3.798348721802252,0.901340150871387,-1.5070899218603042,1.3336641612362432,-0.8490506180033808,-3.448400677415712,-1.1010230412524746,-1.8381599383370748,0.1402729981060027,2.4048461755418566,1.8565167847972648,1.2707324716576576,2.197025719452155,0.004625035674199501,4.902860709376832,2.775197337687445,1.222655201500034,-2.799921590864314,-1.6220075484515601,0.2166156286045313,0.11007231460782457,0.2705078424593878,1.3050704122706318,-0.43707478318099935,0.5145144660244833,-0.7509141210376176,2.914023377141191,4.463546519216039,1.8913395120467396,-2.706351986686063,1.506398370603442,2.2001883224997094,-1.2304867198027318,-0.921344490128774,0.441288774157835,0.6042554249957894,-2.4066670205790883,-0.7830106717196985,0.15615174408159666,-4.83168487919603,-1.1885899318089994,1.462812062267692,1.4716426964315437,-0.7566126877387593,1.6252283456820136,-0.6362576951988838,-0.6607521788513472,0.6528950315179478,1.8880815626357577,0.3256772976662997,2.516726263017683,-0.331591655586352,-0.21061519740188195
2.162929654095881,3.0394103677351056,5.504982556844772,6.97626868749752,2.014643447422805,-2.728721322542842,2.389042080196218,-1.5169602192151845,-6.054143418422518,-1.8416348369314748,-3.437326670335728,0.18478374407791462,4.12128165921451,3.5870713879539036,2.068479304822895,3.9345734910060375,-0.11694242670772848,8.66555749358641,4.957329097095627,2.221747146837687,-4.834460408820736,-2.914788173642527,0.3203287332691124,0.2356733814542299,0.5179284727043671,2.520127925529585,-0.8808096115664339,0.7045319619430319,-1.4331996288588293,5.055080248873071,7.766434757431752,3.4846780709973286,-4.813591747074012,2.70617129638117,3.845107926823978,-2.30770303458843,-1.817132335773083,0.8515481083231732,1.2152572951732183,-4.373502715415041,-1.272455448468741,0.2634954906144824,-8.760124938626165,-2.081111160770661,2.7642682179990112,2.9156911439502085,-1.3103862376982527,3.0912107985820856,-1.0353906236663049,-0.9790352043702159,1.1510464896492787,3.5605396148033575,0.49772474990735244,4.203206985184761,-0.5051655241045736,-0.40425706658273947
2.2031348407795326,3.798348721802252,6.97626868749752,9.215275302372186,3.9804533502502917,-3.44266252166998,2.9381744894216637,-1.846973542300166,-6.964221402682343,-1.772469318295936,-4.767336368348657,-0.021625482436564848,4.344170051934023,5.398676017511358,1.7443448303358624,4.813905094783975,-0.6169449523244459,10.189251216611515,6.0309001709545385,2.8476957089740735,-5.244172792094367,-3.6154594613646114,0.13392410858544995,0.4224766205633158,0.7573041829749978,3.7791066305865466,-1.4574370040317164,0.045128735090288426,-2.084393551206822,5.570687713514432,8.657433814080068,4.635517921580434,-5.7760480258111295,3.3432184635173448,4.346132947577239,-3.2300020916109347,-2.8604169331993945,1.2740567062807224,1.992350847393113,-5.608100336896457,-1.0611572719031304,0.26418044372997374,-11.143480838254797,-2.3643810247917667,3.930252424236824,4.644333652671038,-1.4371516843852334,4.4719295641874055,-0.8708298469229485,-0.4191680884938158,1.3454783845400495,5.036593239671187,0.28820390135166946,4.001087877299374,-0.2850966885536599,-0.6017691915152277
-1.3046103542073695,0.901340150871387,2.014643447422805,3.9804533502502917,6.277552010956136,-0.9627532604619609,0.5084962575259313,-0.2575481663027041,0.5475051978998867,1.5215169328505471,-2.839299740572485,-0.9311243068156331,-1.8956265868615503,4.595307082797362,-2.634218330004195,0.7819854059242017,-1.8610136584608077,0.07858568606402755,0.8251394098418009,0.9280555340749181,1.6594610532105198,-0.747867939425778,-0.9324511122949339,0.5901840059269235,0.5883984587364992,3.1921274132077944,-1.6307658795618423,-3.035499797207956,-1.5754585977298732,-1.386282443145775,-1.761755708449358,2.1296219004251316,-0.4935574021497117,0.6622487254376249,-0.6286346759784404,-2.0102315916020017,-2.8228729534812604,1.0690558100220593,2.198480885490675,-1.8332757453059763,1.6606180612203674,-0.17917907273867809,-3.3525173357379563,0.28726812127245793,2.6732948170304907,4.72323238350014,0.38888432651867194,3.2773942450625935,1.3255241844344323,2.8139477454448842,-0.026773765563004828,3.341974972432019,-1.1507742628501756,-3.6081653203781667,1.1959281417807113,-0.4866396378748397
-1.0837452864379404,-1.5070899218603042,-2.728721322542842,-3.44266252166998,-0.9627532604619609,1.3584110253741049,-1.182159986823865,0.7526894100393878,3.0153041317614053,0.9232127983141574,1.690046153602585,-0.09668116159740182,-2.066398623776259,-1.7502707168100486,-1.0502531354595666,-1.9570512688434532,0.045934683249883916,-4.311370843806178,-2.460494472231197,-1.0982415699946357,2.4176775240848003,1.4434704372852563,-0.16704173806470918,-0.11901834501318308,-0.2557668082721342,-1.2339247021353938,0.4243961529479672,-0.36983596403133184,0.7060244608943518,-2.5281889055543743,-3.8781768175107714,-1.7223075383033313,2.391832399667207,-1.3450978981663755,-1.921088343911066,1.1316437579241696,0.8852373601599932,-0.41741852998507994,-0.5906256340270941,2.1611781789372557,0.6477330368905354,-0.1312180930465381,4.337428135046404,1.0408524415872762,-1.3603258612890585,-1.4148908242164928,0.6549329326903378,-1.5169061611212795,0.5262081874240562,0.5097075592913515,-0.5714392666350403,-1.7524897653664697,-0.2545188115609986,-2.1164338861188865,0.25874486316294004,0.19618661831758108
1.0786391928429724,1.3336641612362432,2.389042080196218,2.9381744894216637,0.5084962575259313,-1.182159986823865,1.0644668970575846,-0.6788913219674962,-2.8126199377464647,-0.9472743687730065,-1.390138704654645,0.14723564279146537,2.012125704237524,1.3451692695669049,1.1192305851031403,1.7489904199921558,0.0690840247438054,3.9681057583657746,2.2191927316448465,0.9584276875951729,-2.3251552714805226,-1.2887447587204157,0.2071778660084502,0.06466073573948579,0.19713109662021414,0.944269010379853,-0.29883471073542867,0.5237681628586223,-0.5506938307201358,2.406283178686805,3.675514236961247,1.455431369752244,-2.174633703997047,1.1948654615895522,1.8015712163459427,-0.9282810954107015,-0.6473303429988764,0.31937891566381943,0.41193881856927694,-1.8867930815902687,-0.6900384562610865,0.1334682013198649,-3.7951355265822473,-0.9704539699983354,1.0892525838725444,1.0292848684281612,-0.6262215248073436,1.2009925450772212,-0.5603224918165395,-0.6312687979232283,0.5307152350864318,1.4099465318480302,0.30464230739178316,2.1641994832855644,-0.31087959976968166,-0.15466970243001127
-0.7090198021182036,-0.8490506180033808,-1.5169602192151845,-1.846973542300166,-0.2575481663027041,0.7526894100393878,-0.6788913219674962,0.4342490398775524,1.8174390316853601,0.6262195864510063,0.86297576862816,-0.10485612509876487,-1.318194785108058,-0.813474946923368,-0.7515389839618939,-1.1190416721064753,-0.06539637897411925,-2.5548463235395156,-1.4198380690050367,-0.6065258885463835,1.516549884490533,0.8210274724724144,-0.14434819006505134,-0.03674201648504464,-0.12096327202186662,-0.5726311568803436,0.17320349724525802,-0.37119892300307805,0.33797206553059805,-1.5665115756753254,-2.3877149824820165,-0.9142367169721178,1.3950481406730593,-0.7630084193162222,-1.168515308230416,0.57426205415404,0.38512512887301775,-0.1939144004174595,-0.24074983975356493,1.1937329417727314,0.46419228488435454,-0.08766181167667642,2.406867055150831,0.6292955914408376,-0.672271638382707,-0.6084284950939983,0.40778181632162486,-0.7368325885570676,0.3764712321358101,0.4393824863634793,-0.3416662317966579,-0.8714509337559971,-0.20893321688530558,-1.4347590933124528,0.2135001394417194,0.09361820921221108
-3.425393796463328,-3.448400677415712,-6.054143418422518,-6.964221402682343,0.5475051978998867,3.0153041317614053,-2.8126199377464647,1.8174390316853601,8.03840866079597,3.122787548583238,2.9938138593830055,-0.7022041175999976,-6.2291121490137815,-2.3119356162962563,-3.9642612296765787,-4.653638875519014,-0.7780181472423674,-11.075062035236591,-5.947148545001701,-2.3875061265760555,7.02732939280116,3.366777886760312,-0.8748885437211287,-0.0043846223603065185,-0.36962990841257487,-1.6398529095601608,0.31850128159393387,-2.417768267990669,1.0505222745531868,-7.172454471686024,-10.838225852743369,-3.4058620884957267,5.927738652770863,-3.138813313654604,-5.242790167045525,1.9595503156634861,0.9231775874692313,-0.5586234461931354,-0.46211185408051714,4.697053995854834,2.4577907126115157,-0.42796597196869285,9.563391761954994,2.81027847443385,-2.210774235063271,-1.3873658835308373,1.8744010126518769,-2.3301820396174264,1.9874971697720905,2.6563674682253846,-1.4905971564183014,-2.898350264905174,-1.2126460940257695,-7.189441710519765,1.244598232751989,0.27693942965491164
-1.555633842480935,-1.1010230412524746,-1.8416348369314748,-1.772469318295936,1.5215169328505471,0.9232127983141574,-0.9472743687730065,0.6262195864510063,3.122787548583238,1.4888347496344279,0.5257429217486983,-0.458563770988129,-2.726591859426478,0.09623990777079415,-2.0337908201667703,-1.5752712112818834,-0.6812069909871673,-4.127398627281957,-2.0525741316128663,-0.6993062994765716,2.9766760526238376,1.1038669578099545,-0.522127375780775,0.1246608820608364,-0.014070462266070071,0.0560048216494171,-0.22122699258873188,-1.5412725282069064,0.0613345518110107,-2.972549622355259,-4.42358689219173,-0.8268253008337414,2.1145184027674584,-1.0342819768836968,-2.091744455047732,0.3133696559094758,-0.24615046849488562,0.015414871978160948,0.2881242722154691,1.374530264520071,1.2660396730574615,-0.19817249560468647,2.875241515578187,1.1101541536911208,-0.26569139309886963,0.4687711592690115,0.7827010991326798,-0.18470093706521076,1.020450480239358,1.5819387631470403,-0.5640168600626102,-0.38260865185731496,-0.6952698324765769,-3.445815929675146,0.7166027328175704,0.0024189000203282316
-0.7534985847104289,-1.8381599383370748,-3.437326670335728,-4.767336368348657,-2.839299740572485,1.690046153602585,-1.390138704654645,0.86297576862816,2.9938138593830055,0.5257429217486983,2.599918338744916,0.16881129731646144,-1.60083638055491,-3.180896361970648,-0.32171980427906977,-2.2673809734238937,0.5921736525956521,-4.530661092953403,-2.8150724816983086,-1.4215522782102121,2.040573864689381,1.731203368647434,0.10051002867394648,-0.2875033839580211,-0.4361904684524904,-2.2218316481731715,0.9258340515262731,0.49964879973568777,1.1933566840180336,-2.231721127020409,-3.5361158337914493,-2.4193500666160084,2.6452192428070194,-1.595115693275025,-1.8185774941058437,1.7766831470827606,1.7515202175858784,-0.7477739078212267,-1.2596548922465907,2.800599581218729,0.1855462896655958,-0.0865935058623529,5.5142021194068835,0.9985030885017446,-2.199782439984757,-2.868456047055834,0.570500636547169,-2.543674025953906,0.15874893948522167,-0.29659749938118835,-0.5921292763734901,-2.8046879155530116,0.06917829361238341,-1.1558037046640601,-0.07830903388249846,0.3503743044490276
0.450969645249361,0.1402729981060027,0.18478374407791462,-0.021625482436564848,-0.9311243068156331,-0.09668116159740182,0.14723564279146537,-0.10485612509876487,-0.7022041175999976,-0.458563770988129,0.16881129731646144,0.18659137802401304,0.7515912653452529,-0.46972287981640815,0.680032833087648,0.25006276721314896,0.3237794263856127,0.84941013620595,0.34548773745385314,0.05442170773225335,-0.7805962579619421,-0.15617153829208807,0.19962053381710756,-0.08428842666665373,-0.054921725682005526,-0.32445185790696957,0.2053764327947844,0.6175181830996469,0.1419404676166104,0.7527154561081003,1.0909931092133256,-0.03717883192336927,-0.39076593824491146,0.14960522685079525,0.4955849538584386,0.13150805204243368,0.32762763832771347,-0.10800992167311729,-0.2752516666742466,-0.10614643357730237,-0.4252195215106066,0.05881670473209372,-0.26858928089727474,-0.2583277304583623,-0.20697222946240243,-0.5595675633486936,-0.2006010629538947,-0.28275398250512546,-0.34153120092548156,-0.6037692128471828,0.11990159809742397,-0.24824155579316132,0.2571930200708921,1.068925646211695,-0.266024515453869,0.04699001371508421
2.9066221342131677,2.4048461755418566,4.12128165921451,4.344170051934023,-1.8956265868615503,-2.066398623776259,2.012125704237524,-1.318194785108058,-6.2291121490137815,-2.726591859426478,-1.60083638055491,0.7515912653452529,5.177111178749357,0.6669388602185476,3.6328932499356004,3.3505052603445322,1.0296090971065355,8.386521083539977,4.318115283976088,1.592055145745053,-5.725640676020249,-2.377148111604579,0.8851264670978106,-0.13171774547772042,0.1431193984662554,0.4919713220290632,0.1454597319898408,2.5506473495263053,-0.42792367473687165,5.7732143743252236,8.642625209529916,2.08403594374211,-4.382126562326143,2.227993824933655,4.129939032117162,-1.0102215310862481,-0.034221462561400406,0.17222625315920673,-0.16777813627736438,-3.1298571516744467,-2.2598546463177964,0.36627448330483076,-6.467151459530524,-2.2031172370537506,1.048805221549109,-0.06527875943107343,-1.5145286263278863,0.9952921561928716,-1.8228513185338335,-2.682988799686832,1.136447726497927,1.4130988988225774,1.1913230033448279,6.308530503411713,-1.2263830513282912,-0.09401999386794829
0.16973102844639176,1.8565167847972648,3.5870713879539036,5.398676017511358,4.595307082797362,-1.7502707168100486,1.3451692695669049,-0.813474946923368,-2.3119356162962563,0.09623990777079415,-3.180896361970648,-0.46972287981640815,0.6669388602185476,4.289925715278668,-0.664925252717846,2.1710470667885122,-1.1538051691903404,3.818889482269934,2.647907559826998,1.5185227088029976,-1.1197255577720884,-1.7144218715295603,-0.41489255251782764,0.44572465243669307,0.5718765733733407,2.987675004897109,-1.3535651503954107,-1.4913644004353614,-1.5537675709532093,1.374677214347214,2.3343636363984177,2.7761844767542017,-2.388069844594224,1.567143735158175,1.2970031022218766,-2.199923880861691,-2.4643638053951196,1.0033970740052771,1.8314431265282387,-2.99381857115187,0.4344820894428989,0.009755631487235232,-5.7995957135578715,-0.731711414041899,2.784752352274051,4.074047028131005,-0.33960814532476113,3.2875414296057692,0.3375050414447857,1.2461175803637545,0.4869511306035634,3.5271979474833235,-0.4644990974621526,-0.30993869830339327,0.48823969860526517,-0.4664464158965301
2.094742750388805,1.2707324716576576,2.068479304822895,1.7443448303358624,-2.634218330004195,-1.0502531354595666,1.1192305851031403,-0.7515389839618939,-3.9642612296765787,-2.0337908201667703,-0.32171980427906977,0.680032833087648,3.6328932499356004,-0.664925252717846,2.854596030939773,1.8824627635313722,1.0691378449778395,5.14697120175458,2.4664276420137528,0.763213910268878,-3.9147919647782476,-1.2885672763113318,0.7636567158023678,-0.21698692315687346,-0.048661274800867654,-0.4427528231510791,0.47192434529102933,2.280209646172859,0.10348514028307838,3.8811800240757623,5.7356452365212895,0.7867011242956375,-2.583596768729003,1.2185159494086155,2.691963671409008,-0.15107558400169627,0.6388646102184422,-0.143533733690556,-0.6170572996360364,-1.4981070460480614,-1.7813641924125618,0.26708279738581264,-3.199785413693977,-1.4253275374990315,0.02202222361518352,-1.1459867738087832,-1.0238270358631525,-0.15291296049613068,-1.433384041751181,-2.3116832429285186,0.7056587365630222,0.09024478147652784,1.0024703243550896,4.729289050425565,-1.0346893408369868,0.05648959662530212
1.7939672592847529,2.197025719452155,3.9345734910060375,4.813905094783975,0.7819854059242017,-1.9570512688434532,1.7489904199921558,-1.1190416721064753,-4.653638875519014,-1.5752712112818834,-2.2673809734238937,0.25006276721314896,3.3505052603445322,2.1710470667885122,1.8824627635313722,2.8914025008352215,0.1324618431192378,6.5590080239234085,3.6591964819650444,1.5732696994956927,-3.862117630593586,-2.1196249617977947,0.3542542436600494,0.11103624107421425,0.32353877686872956,1.5313976442281259,-0.47248922772533564,0.8943364244306309,-0.9006162343190228,3.998020393939997,6.097066312069506,2.3893878623918066,-3.589936905110117,1.9738428217181312,2.9908497115931776,-1.5088494475267955,-1.041820606334706,0.5187746382596012,0.6601306593215133,-3.095915083568361,-1.1634174566445805,0.22053641424151643,-6.241979671643002,-1.6131010306622198,1.7787592145071156,1.646741557269428,-1.0395986829926458,1.9538624209140907,-0.943309267259644,-1.0781970802588958,0.8749916294178349,2.3030381327165803,0.5136694013546104,3.6151664589638894,-0.524768234582848,-0.24781753344772695
0.6418738897549128,0.004625035674199501,-0.11694242670772848,-0.6169449523244459,-1.8610136584608077,0.045934683249883916,0.0690840247438054,-0.06539637897411925,-0.7780181472423674,-0.6812069909871673,0.5921736525956521,0.3237794263856127,1.0296090971065355,-1.1538051691903404,1.0691378449778395,0.1324618431192378,0.5992123212742697,0.8306756848441262,0.21913959674139463,-0.08504272820020742,-1.022494935730859,-0.042538559188286904,0.33774497028470857,-0.1701194922351171,-0.1418133659788265,-0.7984940391824012,0.44829857302887,1.0658138761663611,0.3752454977164495,0.9547735686058823,1.3459053841556017,-0.3543787280445183,-0.31377630707156967,0.05025906254792164,0.5865302079619414,0.4318234756623377,0.7468557631464688,-0.2666594071672374,-0.6013897801843363,0.1695506234766052,-0.6709454818501661,0.0848027579916736,0.23441091433772998,-0.30012850108089034,-0.604025276830634,-1.262178506277536,-0.2571474231043669,-0.7700620086234576,-0.5374746106036731,-1.020460016307951,0.1224792619238031,-0.7447475653473647,0.4268427615850597,1.5996431732562941,-0.44239252742340307,0.11984085626297174
4.576335918842133,4.902860709376832,8.66555749358641,10.189251216611515,0.07858568606402755,-4.311370843806178,3.9681057583657746,-2.5548463235395156,-11.075062035236591,-4.127398627281957,-4.530661092953403,0.84941013620595,8.386521083539977,3.818889482269934,5.14697120175458,6.5590080239234085,0.8306756848441262,15.370182262673097,8.357905895676252,3.4348256493816627,-9.524744557505686,-4.768796272779394,1.0891688403220525,0.08568348254548169,0.5914277204464361,2.7003635850197663,-0.6588536082077163,2.9479733392588354,-1.667668321981143,9.762847627217015,14.79644822111091,5.008022253405392,-8.286852493727611,4.441946195434345,7.187744747418074,-2.9853783973642827,-1.656955345778093,0.917507619973709,0.9343183669885914,-6.758403007706325,-3.1875953346937167,0.5694544464002623,-13.710639444546253,-3.859686205687488,3.4231640388013234,2.553638140914351,-2.5477201728441097,3.66904616203307,-2.579866006961914,-3.3091657251477,2.0634693207137884,4.466007250898258,1.528105622409964,9.489551308230988,-1.5664420598310458,-0.4487499648367373
2.323088917247637,2.775197337687445,4.957329097095627,6.0309001709545385,0.8251394098418009,-2.460494472231197,2.2191927316448465,-1.4198380690050367,-5.947148545001701,-2.0525741316128663,-2.8150724816983086,0.34548773745385314,4.318115283976088,2.647907559826998,2.4664276420137528,3.6591964819650444,0.21913959674139463,8.357905895676252,4.64253428248058,1.9815009104574126,-4.9661305598689225,-2.683681423572616,0.47502995573907386,0.11915921483022253,0.3942715033438427,1.8645154207872137,-0.5617208404924409,1.2227915188044278,-1.1016341107406906,5.129083521956938,7.816491800018457,2.985179334294207,-4.5624635749497005,2.494647479720993,3.8249236979802848,-1.8726954780142135,-1.2519863829879072,0.6314910714826212,0.781507223750676,-3.8998217958861434,-1.5236286523217413,0.2871489376235822,-7.8646758423548215,-2.05991964122211,2.192129960210373,1.9767164446233898,-1.3351984067229496,2.401386028855027,-1.2355659969450061,-1.4457654492447733,1.1176649516807242,2.841873455283477,0.6866325541910518,4.704024347730886,-0.7017583732017155,-0.30471324862334
0.8302515581510369,1.222655201500034,2.221747146837687,2.8476957089740735,0.9280555340749181,-1.0982415699946357,0.9584276875951729,-0.6065258885463835,-2.3875061265760555,-0.6993062994765716,-1.4215522782102121,0.05442170773225335,1.592055145745053,1.5185227088029976,0.763213910268878,1.5732696994956927,-0.08504272820020742,3.4348256493816627,1.9815009104574126,0.90000896912547,-1.8803524372218114,-1.1711834065292155,0.10690322644230918,0.10331467020669617,0.21662966835711903,1.0644386134399957,-0.38418409764975314,0.21629251570420358,-0.5992496543218544,1.9723924104298227,3.0394523165205065,1.4238801605595695,-1.917390050609016,1.084737412349092,1.508792770754654,-0.9575060115437244,-0.778784856179257,0.3593085819988745,0.5270326916949516,-1.772085915376951,-0.4680851107375241,0.1011015405437972,-3.5401464603298107,-0.8171292986892775,1.1497645453854286,1.2553940264583106,-0.5109411557160602,1.2927245636362559,-0.3816915914738587,-0.327704289036372,0.45608612421123224,1.47898097436379,0.173541704245549,1.5897233392030465,-0.1754741143734233,-0.17101111206821085
-3.197067646453484,-2.799921590864314,-4.834460408820736,-5.244172792094367,1.6594610532105198,2.4176775240848003,-2.3251552714805226,1.516549884490533,7.02732939280116,2.9766760526238376,2.040573864689381,-0.7805962579619421,-5.725640676020249,-1.1197255577720884,-3.9147919647782476,-3.862117630593586,-1.022494935730859,-9.524744557505686,-4.9661305598689225,-1.8803524372218114,6.367699263354823,2.75765203111977,-0.9307075754195808,0.10578080623406134,-0.20773579628623,-0.8085256806455373,-0.035616500999152693,-2.6569875989684046,0.6078555475629354,-6.441964748321531,-9.669980224137305,-2.5314173616466307,5.01244157700212,-2.5793844776632917,-4.636368650991001,1.3059735587871628,0.26060973449889563,-0.27905785700669805,0.018028539047431662,3.6976275065523914,2.4328502662736073,-0.4021471152726648,7.6030358287740025,2.4763682583371014,-1.3990966765020039,-0.2989305651172501,1.6882847514857309,-1.386766184767094,1.9637926893977433,2.8223886726645686,-1.2884379234003405,-1.864895938032701,-1.262127104299744,-6.876281008754489,1.298274078003111,0.1457308809992532
-1.2671032396923827,-1.6220075484515601,-2.914788173642527,-3.6154594613646114,-0.747867939425778,1.4434704372852563,-1.2887447587204157,0.8210274724724144,3.366777886760312,1.1038669578099545,1.731203368647434,-0.15617153829208807,-2.377148111604579,-1.7144218715295603,-1.2885672763113318,-2.1196249617977947,-0.042538559188286904,-4.768796272779394,-2.683681423572616,-1.1711834065292155,2.75765203111977,1.5638298963293575,-0.22914296238305557,-0.0924097641775424,-0.2502589508810679,-1.2041019810554652,0.39338835299547514,-0.5630106225132856,0.6969240039612173,-2.861905463930256,-4.377981952995217,-1.7955705248406892,2.6231816721949417,-1.45082865513931,-2.151888426906105,1.1577347389172805,0.838905099373835,-0.4071763796039783,-0.5428032668810002,2.3055496234319297,0.7941079551307053,-0.15607884439609837,4.6323373659251725,1.1607729001520335,-1.3675131255092579,-1.33756591663482,0.7439813189448387,-1.5141550285702794,0.6450964165424947,0.6985789321809777,-0.636490587868044,-1.7674248555403391,-0.34071511912810776,-2.521948544960445,0.34731753423021033,0.19579418308465218
0.52250657425939,0.2166156286045313,0.3203287332691124,0.13392410858544995,-0.9324511122949339,-0.16704173806470918,0.2071778660084502,-0.14434819006505134,-0.8748885437211287,-0.522127375780775,0.10051002867394648,0.19962053381710756,0.8851264670978106,-0.41489255251782764,0.7636567158023678,0.3542542436600494,0.33774497028470857,1.0891688403220525,0.47502995573907386,0.10690322644230918,-0.9307075754195808,-0.22914296238305557,0.21790277093327157,-0.08034469315478264,-0.045012630852295794,-0.2835521784537843,0.19761415248074893,0.6647809169748047,0.11508586561237395,0.9077073583399199,1.3238783230617754,0.04104351952804662,-0.5197317610006078,0.22005356870433507,0.6099683580848984,0.08778825037635822,0.3034897841784154,-0.0938883685567268,-0.2616557101194225,-0.20905873325863364,-0.47773778797488464,0.06724056055288631,-0.4809729530367158,-0.32047847207140123,-0.15373561190137422,-0.5247877035562233,-0.2407378233785183,-0.22711291340763518,-0.38368300757435814,-0.6590087638600387,0.15133916711609063,-0.17891014180292591,0.2812816309701864,1.2195566897828019,-0.2908538793897264,0.04116773983659944
-0.10000246505439449,0.11007231460782457,0.2356733814542299,0.4224766205633158,0.5901840059269235,-0.11901834501318308,0.06466073573948579,-0.03674201648504464,-0.0043846223603065185,0.1246608820608364,-0.2875033839580211,-0.08428842666665373,-0.13171774547772042,0.44572465243669307,-0.21698692315687346,0.11103624107421425,-0.1701194922351171,0.08568348254548169,0.11915921483022253,0.10331467020669617,0.10578080623406134,-0.0924097641775424,-0.08034469315478264,0.061289791657111584,0.06005726134805521,0.313782993213914,-0.15304710934683635,-0.2700924268259126,-0.1592930393551378,-0.07647281822399804,-0.08758876084570315,0.22742723306684826,-0.08837499174396157,0.08752110237039183,-0.01865329549502248,-0.2001903048545767,-0.27257149326130553,0.10555265556169052,0.21113039115901422,-0.20327998562053584,0.13574970562360675,-0.014927322949467364,-0.3845320906241475,0.0038872804157243737,0.27031306648222625,0.45078413025718966,0.023138111208044092,0.32609649055483964,0.10878697672882642,0.24283695624979376,0.006545120474880775,0.3386572413530594,-0.10071594466709616,-0.2885223991843166,0.10455833608830432,-0.04614514346132764
0.05200393463137707,0.2705078424593878,0.5179284727043671,0.7573041829749978,0.5883984587364992,-0.2557668082721342,0.19713109662021414,-0.12096327202186662,-0.36962990841257487,-0.014070462266070071,-0.4361904684524904,-0.054921725682005526,0.1431193984662554,0.5718765733733407,-0.048661274800867654,0.32353877686872956,-0.1418133659788265,0.5914277204464361,0.3942715033438427,0.21662966835711903,-0.20773579628623,-0.2502589508810679,-0.045012630852295794,0.06005726134805521,0.07792813573070835,0.40033708911076565,-0.17596386403270098,-0.17101622719431178,-0.21119109591840265,0.24305361808825585,0.39884911321630406,0.38951654819499176,-0.3608796371660495,0.23142567256503646,0.21576684904403537,-0.2996419425023056,-0.3258576110550438,0.1346988832725792,0.24045926365254378,-0.42668474925806704,0.03240469270429656,0.004613928864167925,-0.8335768274978691,-0.12100461862395098,0.3799319273272043,0.5355485812560795,-0.06068348303226127,0.44489457608735394,0.024715454027354047,0.13513451403053886,0.07544686487537001,0.48200040568272906,-0.04935695434009223,0.02484072885549172,0.05205563446463086,-0.06182762043539243
0.13158091445342956,1.3050704122706318,2.520127925529585,3.7791066305865466,3.1921274132077944,-1.2339247021353938,0.944269010379853,-0.5726311568803436,-1.6398529095601608,0.0560048216494171,-2.2218316481731715,-0.32445185790696957,0.4919713220290632,2.987675004897109,-0.4427528231510791,1.5313976442281259,-0.7984940391824012,2.7003635850197663,1.8645154207872137,1.0644386134399957,-0.8085256806455373,-1.2041019810554652,-0.2835521784537843,0.313782993213914,0.40033708911076565,2.0837126134125583,-0.9396772322984178,-1.0266774415899114,-1.0864468064378636,0.98811421172813,1.6692771514389846,1.9452202971574357,-1.684347547041282,1.104282113654584,0.9259817013936384,-1.5345277306342493,-1.7161065929850223,0.700131354009061,1.2748910293308011,-2.0980491794520177,0.2889648529405118,0.007821375986098637,-4.070786476339588,-0.5227382457450774,1.946169028601912,2.8334265187254046,-0.24411883220940625,2.2945494517453637,0.22452600299888006,0.8518682449391592,0.3435959331636214,2.4652564706714215,-0.31817558896119597,-0.18424434706083603,0.3343903081090584,-0.32403742279856845
0.14764162895277821,-0.43707478318099935,-0.8808096115664339,-1.4574370040317164,-1.6307658795618423,0.4243961529479672,-0.29883471073542867,0.17320349724525802,0.31850128159393387,-0.22122699258873188,0.9258340515262731,0.2053764327947844,0.1454597319898408,-1.3535651503954107,0.47192434529102933,-0.47248922772533564,0.44829857302887,-0.6588536082077163,-0.5617208404924409,-0.38418409764975314,-0.035616500999152693,0.39338835299547514,0.19761415248074893,-0.15304710934683635,-0.17596386403270098,-0.9396772322984178,0.4524526075924265,0.6645687691021757,0.47591541169786883,-0.043514761842916305,-0.15623040483978082,-0.75895725894646,0.4723309107014758,-0.3544718269298904,-0.1331302779692049,0.6477112683659193,0.8013865484305855,-0.31498896342984956,-0.6089024038505239,0.7582446816362529,-0.30074114689904846,0.022152742204053597,1.4388936047295695,0.08361580853301259,-0.834155613548389,-1.3345093230565825,0.004740232100871119,-1.0024343163635259,-0.238183625193272,-0.5951212111471612,-0.07972055389291162,-1.0506959568835947,0.2346226594462394,0.5426323151863193,-0.24486588813064555,0.14601897237386396
1.5231073017951038,0.5145144660244833,0.7045319619430319,0.045128735090288426,-3.035499797207956,-0.36983596403133184,0.5237681628586223,-0.37119892300307805,-2.417768267990669,-1.5412725282069064,0.49964879973568777,0.6175181830996469,2.5506473495263053,-1.4913644004353614,2.280209646172859,0.8943364244306309,1.0658138761663611,2.9479733392588354,1.2227915188044278,0.21629251570420358,-2.6569875989684046,-0.5630106225132856,0.6647809169748047,-0.2700924268259126,-0.17101622719431178,-1.0266774415899114,0.6645687691021757,2.047938319559434,0.44160893516574,2.570523592507161,3.730921954471072,-0.061951351780469836,-1.370134741018122,0.5411884747538442,1.7020179579461996,0.3969853827356549,1.0499609475168405,-0.3412815500261799,-0.8869038438326576,-0.4220534322450417,-1.426385806157084,0.19770305119572984,-1.0344807261515572,-0.8895249602792584,-0.6340898482039725,-1.7993629065353853,-0.6839707583122356,-0.8799261445870226,-1.1454446249340462,-2.01050469423092,0.41388815146812624,-0.7564371471852793,0.8561410976980832,3.5971886768681602,-0.8855285717584906,0.14934000218018728
-0.16464933488024233,-0.7509141210376176,-1.4331996288588293,-2.084393551206822,-1.5754585977298732,0.7060244608943518,-0.5506938307201358,0.33797206553059805,1.0505222745531868,0.0613345518110107,1.1933566840180336,0.1419404676166104,-0.42792367473687165,-1.5537675709532093,0.10348514028307838,-0.9006162343190228,0.3752454977164495,-1.667668321981143,-1.1016341107406906,-0.5992496543218544,0.6078555475629354,0.6969240039612173,0.11508586561237395,-0.1592930393551378,-0.21119109591840265,-1.0864468064378636,0.47591541169786883,0.44160893516574,0.5735373572105317,-0.7028258100910939,-1.1480455777147565,-1.0695205269560306,1.0116356653868577,-0.6429854469378873,-0.6157191654127707,0.8199199781546712,0.8817738033104122,-0.36547860944674104,-0.6488962863688916,1.1805598429571567,-0.07068269888257359,-0.015806845559929103,2.3068326439859335,0.34392023595764787,-1.035270319421078,-1.449786036381443,0.17632902823003882,-1.2112707298645924,-0.05293149452751146,-0.3451964899450437,-0.2138207567958066,-1.314091696095903,0.12363279268065393,-0.11790924361360365,-0.13066632141097487,0.16863629593400928
3.2100877224107935,2.914023377141191,5.055080248873071,5.570687713514432,-1.386282443145775,-2.5281889055543743,2.406283178686805,-1.5665115756753254,-7.172454471686024,-2.972549622355259,-2.231721127020409,0.7527154561081003,5.7732143743252236,1.374677214347214,3.8811800240757623,3.998020393939997,0.9547735686058823,9.762847627217015,5.129083521956938,1.9723924104298227,-6.441964748321531,-2.861905463930256,0.9077073583399199,-0.07647281822399804,0.24305361808825585,0.98811421172813,-0.043514761842916305,2.570523592507161,-0.7028258100910939,6.532794592098841,9.820738945919382,2.7009818064720195,-5.160269230025092,2.67710370525901,4.7205929259177575,-1.4369076548689401,-0.40772612220466126,0.33958054473956184,0.09140649077986164,-3.8787307067324974,-2.411389617555796,0.40263437096517707,-7.957514733150275,-2.5244031184540887,1.567957307863877,0.5398714497286141,-1.7105252297093483,1.5845573707389198,-1.9469299687192871,-2.753105104472771,1.3181341262829516,2.078747126812807,1.235433784507682,6.865814369694887,-1.2702984755234654,-0.17283055939824613
4.793881020989309,4.463546519216039,7.766434757431752,8.657433814080068,-1.761755708449358,-3.8781768175107714,3.675514236961247,-2.3877149824820165,-10.838225852743369,-4.42358689219173,-3.5361158337914493,1.0909931092133256,8.642625209529916,2.3343636363984177,5.7356452365212895,6.097066312069506,1.3459053841556017,14.79644822111091,7.816491800018457,3.0394523165205065,-9.669980224137305,-4.377981952995217,1.3238783230617754,-0.08758876084570315,0.39884911321630406,1.6692771514389846,-0.15623040483978082,3.730921954471072,-1.1480455777147565,9.820738945919382,14.783202731292834,4.206088638951769,-7.845367740787273,4.090184477334683,7.11601038723818,-2.288141473124848,-0.770772567804857,0.5718994652722005,0.2572171548722485,-5.978004384629785,-3.561382920771377,0.6010457072193934,-12.237910207790174,-3.8070897925840588,2.5187822672044895,1.0767400892796648,-2.570447276427656,2.5779965334936272,-2.876672673856796,-4.0164782744622105,1.9966879190920201,3.3286537284136597,1.8100477971375493,10.206699375204353,-1.8602945087457325,-0.2893452634630258
1.0457079696406058,1.8913395120467396,3.4846780709973286,4.635517921580434,2.1296219004251316,-1.7223075383033313,1.455431369752244,-0.9142367169721178,-3.4058620884957267,-0.8268253008337414,-2.4193500666160084,-0.03717883192336927,2.08403594374211,2.7761844767542017,0.7867011242956375,2.3893878623918066,-0.3543787280445183,5.008022253405392,2.985179334294207,1.4238801605595695,-2.5314173616466307,-1.7955705248406892,0.04104351952804662,0.22742723306684826,0.38951654819499176,1.9452202971574357,-0.75895725894646,-0.061951351780469836,-1.0695205269560306,2.7009818064720195,4.206088638951769,2.337616010297726,-2.851246885714575,1.6625713984094659,2.120225131457531,-1.6400814271708593,-1.482859695482346,0.6558518551790397,1.0396601370120016,-2.8038245377891764,-0.4778990752453283,0.12417892420091974,-5.567424542343408,-1.1558496426293006,2.00611713856107,2.40879565959125,-0.6955362630682982,2.287551477302811,-0.3927618590528114,-0.1309319132990224,0.6593322950468878,2.568329605050168,0.10943777368433319,1.8670056371123742,-0.10678490322401722,-0.30792934150238643
-2.3719098922540285,-2.706351986686063,-4.813591747074012,-5.7760480258111295,-0.4935574021497117,2.391832399667207,-2.174633703997047,1.3950481406730593,5.927738652770863,2.1145184027674584,2.6452192428070194,-0.39076593824491146,-4.382126562326143,-2.388069844594224,-2.583596768729003,-3.589936905110117,-0.31377630707156967,-8.286852493727611,-4.5624635749497005,-1.917390050609016,5.01244157700212,2.6231816721949417,-0.5197317610006078,-0.08837499174396157,-0.3608796371660495,-1.684347547041282,0.4723309107014758,-1.370134741018122,1.0116356653868577,-5.160269230025092,-7.845367740787273,-2.851246885714575,4.500311287828026,-2.440739853539949,-3.827311205563626,1.753112012000147,1.09568206945433,-0.5711576825319581,-0.6614204141518756,3.7732169419439616,1.5979110580543965,-0.2939790896681491,7.628054093340516,2.0587490738778578,-2.036419776241339,-1.7155802253651178,1.3446959186893888,-2.21241349763465,1.2946195753580454,1.5804780635120668,-1.1098974748527684,-2.6463519452297177,-0.7406300497717276,-4.8533874639739185,0.7580192021413957,0.2768302830967001
1.1868818885567345,1.506398370603442,2.70617129638117,3.3432184635173448,0.6622487254376249,-1.3450978981663755,1.1948654615895522,-0.7630084193162222,-3.138813313654604,-1.0342819768836968,-1.595115693275025,0.14960522685079525,2.227993824933655,1.567143735158175,1.2185159494086155,1.9738428217181312,0.05025906254792164,4.441946195434345,2.494647479720993,1.084737412349092,-2.5793844776632917,-1.45082865513931,0.22005356870433507,0.08752110237039183,0.23142567256503646,1.104282113654584,-0.3544718269298904,0.5411884747538442,-0.6429854469378873,2.67710370525901,4.090184477334683,1.6625713984094659,-2.440739853539949,1.3502029193025387,2.0113201054110434,-1.0641087933247653,-0.7650668649842428,0.3738250356617447,0.4934382959724042,-2.134752323037775,-0.7523423554990425,0.14551804035285687,-4.296624825465763,-1.0858693429577868,1.2607321392034876,1.214937786274863,-0.6955536029958028,1.3920980040148763,-0.6104636654510848,-0.6702401464410359,0.5918159418456296,1.6297836455819676,0.3233721750096614,2.370950653933684,-0.32994696887806263,-0.17811359485578263
2.280332714430051,2.2001883224997094,3.845107926823978,4.346132947577239,-0.6286346759784404,-1.921088343911066,1.8015712163459427,-1.168515308230416,-5.242790167045525,-2.091744455047732,-1.8185774941058437,0.4955849538584386,4.129939032117162,1.2970031022218766,2.691963671409008,2.9908497115931776,0.5865302079619414,7.187744747418074,3.8249236979802848,1.508792770754654,-4.636368650991001,-2.151888426906105,0.6099683580848984,-0.01865329549502248,0.21576684904403537,0.9259817013936384,-0.1331302779692049,1.7020179579461996,-0.6157191654127707,4.7205929259177575,7.11601038723818,2.120225131457531,-3.827311205563626,2.0113201054110434,3.4344865288903317,-1.1818937181385154,-0.4757712261793833,0.31654508391563785,0.20426206388531476,-2.967467910110861,-1.671239468450034,0.28491058189043855,-6.0635330099601035,-1.839903250448932,1.320494020282156,0.6907056189209615,-1.2343131880139326,1.3700235820052635,-1.3501920150537894,-1.8508596128556485,0.9679044542987524,1.7380097702506092,0.8371584525892948,4.826819638400484,-0.8600269864319332,-0.1572076679016032
-0.4673474491369439,-1.2304867198027318,-2.30770303458843,-3.2300020916109347,-2.0102315916020017,1.1316437579241696,-0.9282810954107015,0.57426205415404,1.9595503156634861,0.3133696559094758,1.7766831470827606,0.13150805204243368,-1.0102215310862481,-2.199923880861691,-0.15107558400169627,-1.5088494475267955,0.4318234756623377,-2.9853783973642827,-1.8726954780142135,-0.9575060115437244,1.3059735587871628,1.1577347389172805,0.08778825037635822,-0.2001903048545767,-0.2996419425023056,-1.5345277306342493,0.6477112683659193,0.3969853827356549,0.8199199781546712,-1.4369076548689401,-2.288141473124848,-1.6400814271708593,1.753112012000147,-1.0641087933247653,-1.1818937181385154,1.2166781878326456,1.2170707347140168,-0.5161697688180277,-0.8788003225319772,1.8867940996016366,0.08328544170369749,-0.053442415105065214,3.706448373380797,0.6496383553569587,-1.5077163841765044,-1.997260593253074,0.36682066717011924,-1.7486555406002786,0.07375307822440966,-0.26030296971918765,-0.3899706629827437,-1.9209296019534527,0.07114474813977655,-0.6794965089754992,-0.07824750787453266,0.24243013505413086
