V1,V2,V3,V4,V5,V6,V7,V8,V9,V10,V11,V12,V13,V14,V15,V16,V17,V18,V19,V20,V21,V22,V23,V24,V25,V26,V27,V28,V29,V30,V31,V32,V33,V34,V35,V36,V37,V38,V39,V40,V41,V42,V43,V44,V45,V46,V47,V48,V49,V50,V51,V52,V53,V54,V55,V56
88914.49604083302,-658801.302822396,839655.6109393927,312601.84916756913,7234.394203018838,-478724.1263354547,516636.93175670237,-577045.3935233591,218145.94954428778,-250380.6863202395,-690242.2097189008,-537215.6471468367,-245871.7331881028,49465.75079245293,588097.309788445,-209482.63173655083,250564.0300304454,-700927.6764556362,-755558.2090791062,-55434.17076399962,-607512.4060311173,113497.39414520682,-503682.565059909,547750.2381912757,-256462.2618579367,470938.3308681341,-375962.18565067725,-165232.96869449678,-8698.410116614557,-248950.06641080262,321011.44690809987,-118887.88497679823,-306563.2162706709,-123301.925068554,-33193.45238188208,102280.1274955696,415162.73621059494,-248233.09894167562,517700.5687901306,786110.9239070396,-486854.4232124091,641014.6892399936,97996.29173445154,268836.8274275195,-1014125.3880124756,402708.3758625848,-580691.5414811359,-375686.7940965072,557516.2280347615,192157.0211048693,-604071.2718501627,-572778.080261264,136924.50854743546,-277571.9929609874,-106189.03212880532,411699.89525459526
-658801.302822396,4881320.106994237,-6221345.401563416,-2316191.8387288926,-53602.83637371859,3547060.392963031,-3827966.156281883,4275558.267401039,-1616329.8449787283,1855164.8376019858,5114281.739948701,3980444.1750526084,1821758.7816991508,-366510.84593431436,-4357450.24847187,1552139.845953525,-1856526.7573302905,5193452.828619236,5598228.7578265555,410732.9068390881,4501302.67903039,-840948.0414204947,3731988.120371555,-4058500.786019963,1900234.5137050243,-3489370.6823247084,2785653.179434198,1224275.5744894384,64448.783617997986,1844573.3810267777,-2378498.276544068,880885.3445097534,2271445.506569922,913591.6065883623,245945.30036069005,-757830.1643560383,-3076102.4529724894,1839258.878345881,-3835849.9086869666,-5824605.499857999,3607295.3964920007,-4749532.073690187,-726093.9241141222,-1991919.0805701294,7514054.950831055,-2983824.693928856,4302576.929192275,2783611.689381515,-4130861.9148540874,-1423767.9434473428,4475802.965994694,4243940.226462607,-1014528.8147300851,2056642.9365808156,786795.5167552242,-3050449.1741021764
839655.6109393927,-6221345.401563416,7929237.638696997,2952035.6646936084,68318.14088502119,-4520804.826074046,4878822.865870635,-5449289.259533618,2060046.5196918098,-2364444.576660873,-6518261.442667536,-5073160.349565938,-2321868.997617831,467125.5475768829,5553664.034352385,-1978234.9630712033,2366181.8660385637,-6619165.889063533,-7135059.962025068,-523487.30578239576,-5737006.251757213,1071806.3997757195,-4756499.338060114,5172645.762027848,-2421890.6239485214,4447277.330216647,-3550373.846235169,-1560364.667490324,-82140.79431008751,-2350949.184378693,3031445.081711304,-1122706.0437867243,-2895004.007435647,-1164391.3047180837,-313463.2859311423,965868.7901914507,3920556.322033968,-2344174.80323661,4888872.126741648,7423581.746602063,-4597573.147303368,6053378.873747827,925422.1552969113,2538743.0750142415,-9576820.666130953,3802947.068405817,-5483726.348779913,-3547771.529460015,5264872.009009535,1814622.4292409145,-5704504.992564885,-5408991.506684115,1293038.7503648875,-2621235.607865368,-1002786.9475650754,3887862.468164875
312601.84916756913,-2316191.8387288926,2952035.6646936084,1099035.6744958276,25434.641202678617,-1683084.4083218565,1816374.0777047381,-2028757.186439472,766950.3235768896,-880277.3851039644,-2426732.6807094007,-1888725.2596504048,-864426.3887114362,173909.7585077573,2067615.3461503629,-736492.0889612517,880923.8988558053,-2464299.30486699,-2656365.6726566763,-194893.14115457624,-2135873.3458165,399030.8567867453,-1770832.8664268416,1925763.3273309646,-901663.7124729474,1655710.436922775,-1321795.5669263,-580920.0554385209,-30580.918915634964,-875252.4148614184,1128599.8724160949,-417980.9086326064,-1077803.2024818088,-433500.1478585799,-116701.47251876001,359590.9341081013,1459613.8332725086,-872730.500739176,1820115.162208816,2763781.6606465504,-1711665.5225068242,2253658.2863039025,344532.406113866,945167.8649799847,-3565427.3044813974,1415828.0638029908,-2041577.8047912417,-1320826.8021984978,1960098.8504365594,675579.5090775022,-2123773.4529740307,-2013754.4100162338,481395.12655326683,-975879.5240187786,-373335.252367225,1447441.6627694268
7234.394203018838,-53602.83637371859,68318.14088502119,25434.641202678617,588.6537060477485,-38951.22241531216,42035.65483162262,-46950.85187707347,17749.283017722177,-20371.734592545243,-56161.211693488476,-43710.179870475615,-20005.027872184604,4024.70236213405,47850.31801908005,-17044.388304836815,20386.85627030456,-57030.51896644473,-61475.30782971538,-4510.285623892641,-49429.91131856842,9234.680444119691,-40981.962663135506,44567.389749186645,-20867.069784907297,38317.63288795968,-30589.88078581673,-13444.006597961667,-707.6620203184563,-20255.82216030005,26118.69728557518,-9673.096894174203,-24943.11779291658,-10032.309177562582,-2700.8717349938975,8321.694917231913,33779.246694667,-20197.361411666763,42122.37072406728,63961.19047674239,-39612.3957406358,52155.667268464276,7973.395908354249,21873.723112474414,-82513.40333897511,32766.006939524337,-47247.68359407602,-30567.425120774296,45362.05661680943,15634.72386120292,-49149.73753852526,-46603.66408765558,11140.807783019629,-22584.52912422969,-8639.907652622514,33497.73194803299
-478724.1263354547,3547060.392963031,-4520804.826074046,-1683084.4083218565,-38951.22241531216,2577508.5478886734,-2781629.506423112,3106877.5460249977,-1174522.4052965697,1348072.3023986726,3716345.6797233406,2892430.133167066,1323798.4844170918,-266328.56445703394,-3166386.7186191548,1127878.0478919584,-1349063.2931912947,3773875.452479414,4068008.725606283,298462.79269631574,3270917.874414743,-611083.7116546184,2711888.329315613,-2949151.2938284404,1380826.0293317274,-2535587.070103667,2024223.0455599814,889631.8515816205,46831.87077512921,1340379.167344266,-1728358.7229166946,640103.3985932859,1650567.6922260975,663870.1350590434,178719.36006287808,-550683.3562850035,-2235279.832087531,1336516.4952150206,-2787359.43899806,-4232507.538676097,2621276.709676734,-3451295.392085346,-527623.5709268132,-1447448.239493679,5460162.967203956,-2168225.8972390248,3126512.0318838223,2022739.228179341,-3001733.6526303347,-1034595.4560191624,3252387.0473148534,3083902.0783532723,-737217.9231609588,1494481.022900799,571732.4038293001,-2216640.2145385426
516636.93175670237,-3827966.156281883,4878822.865870635,1816374.0777047381,42035.65483162262,-2781629.506423112,3001918.7510184273,-3352923.3550492013,1267537.417166585,-1454834.4168512397,-4010655.711061406,-3121492.695146146,-1428636.6839975123,287420.5276374025,3417142.9279313353,-1217199.1761112222,1455901.8301385127,-4072742.5625902987,-4390171.321399476,-322099.85524532903,-3529953.337433782,659477.3155664759,-2926651.045530679,3182704.9799970607,-1490176.8133937016,2736389.124396064,-2184529.105215945,-960085.8276602094,-50541.414900330026,-1446527.0138366625,1865235.8452886464,-690796.9646843843,-1781284.319548375,-716445.277088124,-192871.73193001735,594296.5401630212,2412302.03423532,-1442359.730117599,3008100.734877707,4567697.649125949,-2828867.2319008643,3724617.0092808837,569407.9794309642,1562077.1154886114,-5892576.013812283,2339936.8741544574,-3374111.0720687355,-2182928.3224261664,3239450.907068697,1116528.9420038788,-3509956.8224852933,-3328128.2219155845,795600.601854717,-1612833.7655799638,-617010.8854403421,2392183.8039373667
-577045.3935233591,4275558.267401039,-5449289.259533618,-2028757.186439472,-46950.85187707347,3106877.5460249977,-3352923.3550492013,3744970.2450459935,-1415746.6284572687,1624942.565070831,4479609.9233525,3486479.2345013604,1595682.198885782,-321027.5815969883,-3816699.692453325,1359522.469590682,-1626135.5535769055,4548955.998865846,4903499.99903762,359761.75761114707,3942700.2916222354,-736588.1346424274,3268856.117060132,-3554849.1980335508,1664419.3838338098,-3056346.9670237657,2439959.3289086255,1072345.4715293546,56450.788477241134,1615665.672086868,-2083331.4613223448,771569.2306058498,1989563.7149646115,800216.7446075917,215424.03776315422,-663784.8884994955,-2694364.392332045,1611010.640980759,-3359828.820494214,-5101783.849173302,3159637.3702142728,-4160124.877250794,-635987.1467478723,-1744726.0125724939,6581576.082361396,-2613538.1566054435,3768636.009179847,2438171.1684871097,-3618230.4857419897,-1247081.2636031047,3920364.9620272075,3717275.9487962914,-888627.8885384018,1801417.794722875,689155.7684212417,-2671894.71966518
218145.94954428778,-1616329.8449787283,2060046.5196918098,766950.3235768896,17749.283017722177,-1174522.4052965697,1267537.417166585,-1415746.6284572687,535208.1326538783,-614292.4356745197,-1693469.4422728538,-1318026.8329719985,-603230.8748556902,121361.096127237,1442863.2064415421,-513953.1765679953,614743.4442358846,-1719684.98976573,-1853716.617713657,-136004.13694309906,-1490496.402691564,278459.4050794241,-1235756.6905720339,1343873.3723257808,-629216.2568859826,1155419.8426717517,-922400.9714389846,-405388.9352187417,-21340.619696250797,-610785.4248614074,787581.5555062601,-291683.6302368953,-752133.6423230773,-302513.5316542565,-81438.80045904631,250936.87623631535,1018576.1341532893,-609025.6341294202,1270147.9682137473,1928675.7461404658,-1194467.6776644543,1572691.4759655432,240428.24356590566,659575.3277182044,-2488095.6429398833,988020.6348177806,-1424693.2289479063,-921724.9777355744,1367834.0069399162,471445.960187735,-1482052.7502995685,-1405277.0954444034,335936.43507813045,-681007.058035853,-260528.08303223053,1010081.7176206582
-250380.6863202395,1855164.8376019858,-2364444.576660873,-880277.3851039644,-20371.734592545243,1348072.3023986726,-1454834.4168512397,1624942.565070831,-614292.4356745197,705065.2623699794,1943700.958000879,1512783.0356518028,692367.7687311058,-139294.18958498712,-1656063.8387750422,589896.8318196618,-705581.0431582389,1973791.1853913341,2127629.5585153997,156101.18471212464,1710736.420022984,-319605.1271618251,1418354.5254429514,-1542447.9948505193,722189.5364086117,-1326148.0057602571,1058698.2497019242,465291.1853688193,24494.667802376116,701035.4880231596,-903958.9733644049,334785.0300278612,863273.2217908716,347214.64215612557,93471.48324039218,-288018.43152391736,-1169086.1685888332,699016.8334072288,-1457829.1429618709,-2213665.109782345,1370967.8483865166,-1805078.1666163425,-275954.6620095036,-757036.4046988846,2855747.0331190955,-1134014.7991457824,1635209.6046103928,1057922.859084538,-1569948.5628452806,-541108.3867844578,1701046.7801930623,1612925.8775508816,-385575.1863096565,781634.2052407719,299025.36023166904,-1159334.3483459167
-690242.2097189008,5114281.739948701,-6518261.442667536,-2426732.6807094007,-56161.211693488476,3716345.6797233406,-4010655.711061406,4479609.9233525,-1693469.4422728538,1943700.958000879,5358362.835619467,4170411.6717289165,1908701.596437761,-384002.4002770569,-4565411.714876894,1626215.922928365,-1945129.1839001274,5441311.695277312,5865404.398451042,430334.795945253,4716128.874617493,-881082.7370778194,3910099.29953993,-4252194.080619335,1990924.9121126935,-3655902.068493413,2918598.9538658233,1282703.9658530522,67524.13690435117,1932607.2104712848,-2492011.433644663,922924.9225624173,2379849.5017336225,957192.4827284589,257683.78564617207,-793996.1865380441,-3222908.8678626227,1927038.2539041021,-4018916.813962185,-6102584.873003655,3779453.2499723136,-4976204.195631205,-760746.9689595873,-2086983.85757149,7872663.493279175,-3126227.7514640777,4507919.135178313,2916459.689178077,-4328009.059205034,-1491717.5966645803,4689411.011780962,4446483.002108839,-1062947.6707560725,2154797.2034166944,824344.9702765062,-3196032.8493010052
-537215.6471468367,3980444.1750526084,-5073160.349565938,-1888725.2596504048,-43710.179870475615,2892430.133167066,-3121492.695146146,3486479.2345013604,-1318026.8329719985,1512783.0356518028,4170411.6717289165,3245830.2445787913,1485542.4824059792,-298869.0844803927,-3553257.8887512106,1265683.446959977,-1513893.873769502,4234971.13325628,4565043.0996815,334929.6506450245,3670561.38822904,-685746.285928777,3043228.367865628,-3309481.12054189,1549535.5037575157,-2845387.248686764,2271544.765589395,998328.3858826734,52554.27766687049,1504146.917442059,-1939532.472952427,718312.6954970456,1852236.892657346,744982.9325900311,200554.8225131066,-617967.8715592459,-2508389.7712668693,1499813.0778227227,-3127921.6907317755,-4749640.695127901,2941547.955162554,-3872978.4438628824,-592089.0610552661,-1624298.912660737,6127292.461801488,-2433142.547726354,3508511.6573538682,2269879.99217787,-3368487.673043251,-1161003.34436853,3649767.533221776,3460696.520224272,-827291.7192165029,1677077.689248829,641587.7285131243,-2487471.246743179
-245871.7331881028,1821758.7816991508,-2321868.997617831,-864426.3887114362,-20005.027872184604,1323798.4844170918,-1428636.6839975123,1595682.198885782,-603230.8748556902,692367.7687311058,1908701.596437761,1485542.4824059792,679899.6466791511,-136785.74814420386,-1626244.1588549432,579274.5299142004,-692875.2077829884,1938249.4956100103,2089316.8224081623,153289.97359169077,1679931.7806404908,-313850.2286817248,1392815.26418944,-1514673.6443149224,709186.0839622064,-1302268.5071191457,1039634.2973424433,456912.43557296833,24053.24711278551,688412.8591277228,-887680.6318220982,328755.96872315794,847727.4701050547,340962.0439331469,91788.85430121372,-282830.96434680466,-1148033.6752679034,686429.9639569615,-1431578.2787524525,-2173803.03790397,1346280.1870471765,-1772574.0945054467,-270985.61072589894,-743404.5411492098,2804322.94103171,-1113594.2814525713,1605765.1393516643,1038872.6229283035,-1541679.3021510898,-531364.7225300008,1670415.7718500276,1583881.9670789961,-378632.3579763234,767559.7911477498,293640.4558988929,-1138458.5850510676
49465.75079245293,-366510.84593431436,467125.5475768829,173909.7585077573,4024.70236213405,-266328.56445703394,287420.5276374025,-321027.5815969883,121361.096127237,-139294.18958498712,-384002.4002770569,-298869.0844803927,-136785.74814420386,27519.27553930528,327176.139701639,-116541.44055154227,139396.23208461396,-389947.024767268,-420339.5647302743,-30839.69328863553,-337977.31543629407,63141.99526723539,-280213.72361127404,304729.835817834,-142677.67220395617,261997.0786812622,-209158.99335550485,-91924.00678422306,-4839.1768861394285,-138498.4153797425,178588.19828202165,-66140.84960238972,-170550.21914206762,-68596.5097027441,-18466.528563319396,56901.45761538603,230967.3640465279,-138099.5129978814,288012.2908025796,437336.93701116845,-270851.63216362725,356615.6023857514,54518.293596797,149561.95733412675,-564188.1863796957,224038.64286044455,-323056.0839557885,-209005.76278410185,310162.9573255059,106902.69520078482,-336062.8835105595,-318653.542494131,76175.19920281472,-154421.62375810687,-59076.12599929507,229040.95013423468
588097.309788445,-4357450.24847187,5553664.034352385,2067615.3461503629,47850.31801908005,-3166386.7186191548,3417142.9279313353,-3816699.692453325,1442863.2064415421,-1656063.8387750422,-4565411.714876894,-3553257.8887512106,-1626244.1588549432,327176.139701639,3889804.702052186,-1385562.1088211837,1657281.147541875,-4636085.248543725,-4997418.651097459,-366652.0240185771,-4018217.92903211,750696.771310411,-3331467.97054559,3622937.9846117455,-1696300.512605903,3114887.570004616,-2486693.2629741575,-1092884.2980089565,-57531.48906631078,-1646612.8460641329,2123233.480655533,-786346.6078709762,-2027669.6915630824,-815543.25537341,-219550.96760578442,676496.9985749259,2745969.849421207,-1641867.733952966,3424181.8895296305,5199500.189998935,-3220154.6574786506,4239806.000001483,648168.675392843,1778143.8558631297,-6707635.621488105,2663596.191669076,-3840819.9549630675,-2484870.4642285896,3687533.7020117673,1270967.4184852906,-3995453.483604178,-3788475.058055288,905648.6163870607,-1835922.0894864467,-702355.0058082761,2723071.566650698
-209482.63173655083,1552139.845953525,-1978234.9630712033,-736492.0889612517,-17044.388304836815,1127878.0478919584,-1217199.1761112222,1359522.469590682,-513953.1765679953,589896.8318196618,1626215.922928365,1265683.446959977,579274.5299142004,-116541.44055154227,-1385562.1088211837,493542.33197415766,-590329.8896319531,1651390.382610817,1780099.1855116324,130602.9657384731,1431303.6467642272,-267400.81470198673,1186680.5138060283,-1290503.5246392891,604227.880341469,-1109534.1354726627,885769.2611827276,389289.5536470579,20493.127362025203,586529.0061541821,-756304.0120259961,280099.8949267533,722263.8604210485,290499.68676657253,78204.56343717282,-240971.36477847488,-978125.0004833303,584839.1257373278,-1219706.0178762486,-1852081.429718161,1147031.2945340523,-1510234.4956266333,-230880.01912290682,-633381.3223997405,2389284.842584101,-948782.9432501658,1368113.7392325478,885120.1201271549,-1313512.586710786,-452723.22027192323,1423195.3606609646,1349468.7117801718,-322595.2351081558,653961.9144527108,250181.6374901276,-969967.8847712599
250564.0300304454,-1856526.7573302905,2366181.8660385637,880923.8988558053,20386.85627030456,-1349063.2931912947,1455901.8301385127,-1626135.5535769055,614743.4442358846,-705581.0431582389,-1945129.1839001274,-1513893.873769502,-692875.2077829884,139396.23208461396,1657281.147541875,-590329.8896319531,706098.4839599022,-1975240.836388271,-2129190.956947225,-156215.40344214227,-1711993.2316287775,319840.08968836314,-1419397.3075360549,1543581.1420436231,-722721.1446372817,1327122.2646830287,-1059475.5773440485,-465632.4496689359,-24512.18813837902,-701551.4366671081,904621.6237446918,-335030.0293376595,-863905.951497926,-347469.1421979212,-93540.8011511865,288228.38773297035,1169943.4608669134,-699530.4972072565,1458899.8280562325,2215289.541976418,-1371973.5380155887,1806403.3992592357,276157.36887630285,757592.3387637548,-2857842.8070860286,1134846.9406681408,-1636411.1904105302,-1058699.2777353679,1571102.29510279,541505.7679747524,-1702295.3329013863,-1614110.1351232103,385858.5747300526,-782208.7252344794,-299244.42961036495,1160186.019637867
-700927.6764556362,5193452.828619236,-6619165.889063533,-2464299.30486699,-57030.51896644473,3773875.452479414,-4072742.5625902987,4548955.998865846,-1719684.98976573,1973791.1853913341,5441311.695277312,4234971.13325628,1938249.4956100103,-389947.024767268,-4636085.248543725,1651390.382610817,-1975240.836388271,5525544.991220886,5956203.44885661,436996.75222616544,4789135.90734926,-894722.0650272609,3970628.3531799754,-4318019.285153278,2021744.4470344698,-3712496.491232843,2963779.950388535,1302560.8936571607,68569.68449652151,1962524.0345988527,-2530589.262038006,937212.5753452565,2416691.047917309,972010.4083033762,261672.45833638514,-806288.354189928,-3272801.271196138,1956869.296650769,-4081130.9766523764,-6197055.636710918,3837961.080627856,-5053237.742999378,-772523.568302776,-2119291.0920027965,7994535.781487994,-3174623.173877274,4577702.882905886,2961607.749272845,-4395007.697289317,-1514809.8951832154,4762005.054766307,4515316.210415373,-1079402.3415921081,2188153.9347584383,837106.3966420782,-3245508.381737806
-755558.2090791062,5598228.7578265555,-7135059.962025068,-2656365.6726566763,-61475.30782971538,4068008.725606283,-4390171.321399476,4903499.99903762,-1853716.617713657,2127629.5585153997,5865404.398451042,4565043.0996815,2089316.8224081623,-420339.5647302743,-4997418.651097459,1780099.1855116324,-2129190.956947225,5956203.44885661,6420428.441604301,471056.4779588737,5162398.638630933,-964456.079363342,4280096.26845819,-4654563.461608192,2179317.126006916,-4001846.5192901175,3194775.837514425,1404082.36400757,73914.42256895172,2115481.2153414832,-2727823.476077336,1010259.3547389461,2605048.1207785164,1047768.9678737549,282066.448507448,-869131.6121429333,-3527883.2362376205,2109386.5288454914,-4399212.493470051,-6680052.698228144,4137091.19406241,-5447085.294529872,-832733.6515360588,-2284467.747260321,8617627.85907134,-3422052.60289962,4934486.376554339,3192434.672707657,-4737551.944325253,-1632873.522590349,5133154.31338375,4867238.256092293,-1163530.2769701204,2358697.2137308274,902350.6099826094,-3498461.6490804884
-55434.17076399962,410732.9068390881,-523487.30578239576,-194893.14115457624,-4510.285623892641,298462.79269631574,-322099.85524532903,359761.75761114707,-136004.13694309906,156101.18471212464,430334.795945253,334929.6506450245,153289.97359169077,-30839.69328863553,-366652.0240185771,130602.9657384731,-156215.40344214227,436996.75222616544,471056.4779588737,34560.766741976215,378756.50266927324,-70760.47322450651,314023.2867565844,-341497.5001778007,159892.56889783766,-293608.75428085815,234395.45296503245,103015.29485996008,5423.10981720674,155209.07321550837,-200136.1831867536,74121.27762151825,191128.37475810514,76873.18185055847,20694.566259903368,-63767.17779856456,-258835.25061807723,154762.12282334562,-322762.90160767274,-490104.70744771697,303531.82976913505,-399643.71291262197,-61096.302645224554,-167607.61625481828,632261.4330486855,-251070.46351408344,362034.9036068419,234223.76413443024,-347586.12117830844,-119801.22709339327,376611.2096561649,357101.26003910915,-85366.22380337081,173053.58745309344,66204.12167165324,-256676.24768244135
-607512.4060311173,4501302.67903039,-5737006.251757213,-2135873.3458165,-49429.91131856842,3270917.874414743,-3529953.337433782,3942700.2916222354,-1490496.402691564,1710736.420022984,4716128.874617493,3670561.38822904,1679931.7806404908,-337977.31543629407,-4018217.92903211,1431303.6467642272,-1711993.2316287775,4789135.90734926,5162398.638630933,378756.50266927324,4150870.797993223,-775479.3334113077,3441448.8457266046,-3742541.547468089,1752299.687630628,-3217718.9250788684,2568786.365205114,1128963.838355434,59431.02148331287,1700971.7521825852,-2193328.268319517,812306.6685362001,2094609.6612821943,842466.9842056386,226798.62721143913,-698830.9747296411,-2836623.019327559,1696070.4186019013,-3537224.10325115,-5371151.560026593,3326461.979215018,-4379774.599462452,-669566.5908774051,-1836845.594804427,6929075.05458837,-2751529.643466616,3967616.2698066104,2566903.5721466765,-3809269.550715674,-1312925.768930094,4127355.4415840525,3913543.8296103496,-935546.6033633685,1896530.977859626,725542.0807042724,-2812967.9742626227
113497.39414520682,-840948.0414204947,1071806.3997757195,399030.8567867453,9234.680444119691,-611083.7116546184,659477.3155664759,-736588.1346424274,278459.4050794241,-319605.1271618251,-881082.7370778194,-685746.285928777,-313850.2286817248,63141.99526723539,750696.771310411,-267400.81470198673,319840.08968836314,-894722.0650272609,-964456.079363342,-70760.47322450651,-775479.3334113077,144877.62033224708,-642942.883104822,699193.9158617745,-327370.51902922924,601144.8294124606,-479909.05860412226,-210916.6686795037,-11103.037919434044,-317781.2493165928,409764.6213106394,-151757.6840723355,-391321.6818196835,-157392.38252361774,-42371.347357346815,130557.69142740093,529947.0464045285,-316865.4663288819,660835.7995861149,1003455.9668945945,-621460.3754546803,818243.7838313892,125090.62411465414,343165.505802727,-1294512.311477462,514049.7008987658,-741243.1509293593,-479557.26838342857,711660.3094050135,245285.09034746082,-771085.9717742016,-731141.042294723,174781.9089254051,-354316.1871360401,-135548.07822479756,525527.9238267001
-503682.565059909,3731988.120371555,-4756499.338060114,-1770832.8664268416,-40981.962663135506,2711888.329315613,-2926651.045530679,3268856.117060132,-1235756.6905720339,1418354.5254429514,3910099.29953993,3043228.367865628,1392815.26418944,-280213.72361127404,-3331467.97054559,1186680.5138060283,-1419397.3075360549,3970628.3531799754,4280096.26845819,314023.2867565844,3441448.8457266046,-642942.883104822,2853274.122108355,-3102906.800374857,1452816.2180583018,-2667781.200625873,2129756.906710357,936013.1863176967,49273.437259942395,1410260.6347744346,-1818467.418846681,673475.4176008155,1736620.7162016463,698481.2615390733,188037.04431956372,-579393.3792611054,-2351817.0959411105,1406196.4949569926,-2932679.808303469,-4453171.279868196,2757938.1740559954,-3631230.343431822,-555131.52872817975,-1522911.6689747365,5744831.1112195905,-2281267.3185944464,3289514.3680113563,2128195.6823454453,-3158230.6000928986,-1088534.6084392795,3421951.808907509,3244682.8100105035,-775653.1635904715,1572396.6014775143,601539.9215266579,-2332205.8653563
547750.2381912757,-4058500.786019963,5172645.762027848,1925763.3273309646,44567.389749186645,-2949151.2938284404,3182704.9799970607,-3554849.1980335508,1343873.3723257808,-1542447.9948505193,-4252194.080619335,-3309481.12054189,-1514673.6443149224,304729.835817834,3622937.9846117455,-1290503.5246392891,1543581.1420436231,-4318019.285153278,-4654563.461608192,-341497.5001778007,-3742541.547468089,699193.9158617745,-3102906.800374857,3374380.4420545977,-1579922.5294650977,2901185.6437763744,-2316089.854731557,-1017905.476693537,-53584.687700132,-1533643.8264060246,1977566.3231616826,-732398.4999014883,-1888558.8590669273,-759591.8765599136,-204487.98902198463,630085.6493395311,2557578.918153954,-1529224.6644492801,3189260.4812184796,4842780.954152064,-2999231.4666564525,3948927.6557132266,603700.0237293678,1656151.5189077836,-6247448.486442868,2480856.328522169,-3577314.1192799034,-2314392.282400345,3434544.272464928,1183770.7059868155,-3721339.4699070356,-3528560.9109277604,843515.0575166624,-1709965.5242561246,-654169.1075252198,2536250.8322175355
-256462.2618579367,1900234.5137050243,-2421890.6239485214,-901663.7124729474,-20867.069784907297,1380826.0293317274,-1490176.8133937016,1664419.3838338098,-629216.2568859826,722189.5364086117,1990924.9121126935,1549535.5037575157,709186.0839622064,-142677.67220395617,-1696300.512605903,604227.880341469,-722721.1446372817,2021744.4470344698,2179317.126006916,159892.56889783766,1752299.687630628,-327370.51902922924,1452816.2180583018,-1579922.5294650977,739738.2145705426,-1358367.46528962,1084418.7235740817,476594.2194460352,25088.560872587164,718069.9154551431,-925917.3968046982,342916.3564196613,884243.0870473319,355648.89460177906,95744.08924953017,-295011.7867845873,-1197485.6451614893,716000.1506815455,-1493247.0523377557,-2267442.5060948892,1404272.3822707187,-1848931.2299488198,-282659.07713565225,-775428.4192484644,2925123.2020653463,-1161563.774994791,1674938.5831141423,1083623.6155056257,-1608092.2183135762,-554254.5239775039,1742371.7053244289,1652110.9900712685,-394943.25480179867,800625.1698425785,306288.77323169063,-1187500.8789789057
470938.3308681341,-3489370.6823247084,4447277.330216647,1655710.436922775,38317.63288795968,-2535587.070103667,2736389.124396064,-3056346.9670237657,1155419.8426717517,-1326148.0057602571,-3655902.068493413,-2845387.248686764,-1302268.5071191457,261997.0786812622,3114887.570004616,-1109534.1354726627,1327122.2646830287,-3712496.491232843,-4001846.5192901175,-293608.75428085815,-3217718.9250788684,601144.8294124606,-2667781.200625873,2901185.6437763744,-1358367.46528962,2494347.714006716,-1991300.843474917,-875162.94525662,-46070.416324849895,-1318578.4987562096,1700248.9964724623,-629693.0684116607,-1623723.1925986742,-653073.0761695533,-175812.31633846683,541727.7090168428,2198925.4895049725,-1314779.0329780576,2742025.348633107,4163669.9664485934,-2578644.3969638343,3395163.166304718,519042.2019282512,1423906.7242519713,-5371358.706212188,2132961.837840808,-3075661.609272817,-1989841.3189364877,2952912.6073462744,1017768.6342570556,-3199490.037613506,-3033745.128579883,725227.584884738,-1470174.313295945,-562433.9159883738,2180588.295624651
-375962.18565067725,2785653.179434198,-3550373.846235169,-1321795.5669263,-30589.88078581673,2024223.0455599814,-2184529.105215945,2439959.3289086255,-922400.9714389846,1058698.2497019242,2918598.9538658233,2271544.765589395,1039634.2973424433,-209158.99335550485,-2486693.2629741575,885769.2611827276,-1059475.5773440485,2963779.950388535,3194775.837514425,234395.45296503245,2568786.365205114,-479909.05860412226,2129756.906710357,-2316089.854731557,1084418.7235740817,-1991300.843474917,1589705.9652247836,698664.9025561308,36779.34407620733,1052654.2270953585,-1357352.2660957903,502700.22944908077,1296259.7928297385,521364.95170861686,140355.19030262937,-432475.49874484877,-1755458.365391292,1049621.2978588063,-2189028.2708594757,-3323963.647053538,2058597.5398271796,-2710444.899495047,-414364.5208070909,-1136740.8166514025,4288092.229319795,-1702797.6997276982,2455378.327417232,1588540.9085730244,-2357384.664110941,-812510.4834555802,2554234.1821054085,2421915.675914393,-578967.4731310717,1173677.2226013695,449005.42828829534,-1740818.7803031185
-165232.96869449678,1224275.5744894384,-1560364.667490324,-580920.0554385209,-13444.006597961667,889631.8515816205,-960085.8276602094,1072345.4715293546,-405388.9352187417,465291.1853688193,1282703.9658530522,998328.3858826734,456912.43557296833,-91924.00678422306,-1092884.2980089565,389289.5536470579,-465632.4496689359,1302560.8936571607,1404082.36400757,103015.29485996008,1128963.838355434,-210916.6686795037,936013.1863176967,-1017905.476693537,476594.2194460352,-875162.94525662,698664.9025561308,307058.56551377306,16164.397277706457,462633.9720256538,-596547.3615010588,220933.54871805842,569697.6471877882,229136.47123525979,61684.9526857059,-190070.44295719027,-771512.2828074439,461301.2535743121,-962062.8783913194,-1460859.5705323021,904739.8007885752,-1191222.0419428211,-182110.32652053225,-499589.7916773681,1884587.5207015383,-748368.1158462823,1079121.7089404745,698152.9735069209,-1036054.153524682,-357092.7767099123,1122568.570629446,1064415.3897006644,-254452.1671431206,515822.9274173248,197334.9445829251,-765077.8328497972
-8698.410116614557,64448.783617997986,-82140.79431008751,-30580.918915634964,-707.6620203184563,46831.87077512921,-50541.414900330026,56450.788477241134,-21340.619696250797,24494.667802376116,67524.13690435117,52554.27766687049,24053.24711278551,-4839.1768861394285,-57531.48906631078,20493.127362025203,-24512.18813837902,68569.68449652151,73914.42256895172,5423.10981720674,59431.02148331287,-11103.037919434044,49273.437259942395,-53584.687700132,25088.560872587164,-46070.416324849895,36779.34407620733,16164.397277706457,851.0952310946998,24353.707613478113,-31403.99996637428,11630.734650938124,29990.58703282001,12062.420039727891,3246.999080899569,-10006.282611318704,-40614.56481094903,24283.82684067127,-50645.116935718244,-76903.34976229856,47627.92539506104,-62708.730011525025,-9586.688497946066,-26299.533446709884,99209.40466599118,-39395.99075686343,56807.14012282136,36752.50881195438,-54539.93842039771,-18798.165461499502,59094.76141139317,56033.295454197265,-13394.851956781977,27153.906844333986,10388.34244759849,-40275.31250610143
-248950.06641080262,1844573.3810267777,-2350949.184378693,-875252.4148614184,-20255.82216030005,1340379.167344266,-1446527.0138366625,1615665.672086868,-610785.4248614074,701035.4880231596,1932607.2104712848,1504146.917442059,688412.8591277228,-138498.4153797425,-1646612.8460641329,586529.0061541821,-701551.4366671081,1962524.0345988527,2115481.2153414832,155209.07321550837,1700971.7521825852,-317781.2493165928,1410260.6347744346,-1533643.8264060246,718069.9154551431,-1318578.4987562096,1052654.2270953585,462633.9720256538,24353.707613478113,697036.3288562797,-898795.7439511663,332871.7984485907,858342.1513982256,345231.3484199685,92939.53132124405,-286370.4918081112,-1162409.2886248035,695027.244561445,-1449507.2448307597,-2201025.256899108,1363138.8844219542,-1794772.846251733,-274379.5064757053,-752714.7748166998,2839441.3550176453,-1127539.5883030745,1625876.6750371929,1051882.429164861,-1560988.34839639,-538019.4470660931,1691334.6597915515,1603717.8035663113,-383374.66403335665,777173.4377219037,297317.0831181553,-1152716.8929337189
321011.44690809987,-2378498.276544068,3031445.081711304,1128599.8724160949,26118.69728557518,-1728358.7229166946,1865235.8452886464,-2083331.4613223448,787581.5555062601,-903958.9733644049,-2492011.433644663,-1939532.472952427,-887680.6318220982,178588.19828202165,2123233.480655533,-756304.0120259961,904621.6237446918,-2530589.262038006,-2727823.476077336,-200136.1831867536,-2193328.268319517,409764.6213106394,-1818467.418846681,1977566.3231616826,-925917.3968046982,1700248.9964724623,-1357352.2660957903,-596547.3615010588,-31403.99996637428,-898795.7439511663,1158960.6204972537,-429225.5204939594,-1106797.5453959599,-445161.88528941077,-119840.10794345131,369265.4975389431,1498878.9893183766,-896206.7825667071,1869076.5232512027,2838129.1347611044,-1757710.7301321744,2314282.4966013245,353800.3049002571,970593.0756754777,-3661339.3858466838,1453914.7939195884,-2096495.913161244,-1356357.7884517573,2012825.1017848873,693752.7170025394,-2180903.98896648,-2067925.0269106405,494344.52466808824,-1002130.3521041034,-383378.540849028,1486377.8542067055
-118887.88497679823,880885.3445097534,-1122706.0437867243,-417980.9086326064,-9673.096894174203,640103.3985932859,-690796.9646843843,771569.2306058498,-291683.6302368953,334785.0300278612,922924.9225624173,718312.6954970456,328755.96872315794,-66140.84960238972,-786346.6078709762,280099.8949267533,-335030.0293376595,937212.5753452565,1010259.3547389461,74121.27762151825,812306.6685362001,-151757.6840723355,673475.4176008155,-732398.4999014883,342916.3564196613,-629693.0684116607,502700.22944908077,220933.54871805842,11630.734650938124,332871.7984485907,-429225.5204939594,158965.4568655669,409906.7568336905,164867.42219253385,44382.98546611815,-136759.2822843333,-555115.5008124318,331913.2269315954,-692219.0243956601,-1051111.489266276,650974.7055174318,-857102.7702675308,-131031.17295620947,-359462.55910799955,1355990.3573140367,-538462.6555101674,776444.3895653991,502332.02953814843,-745456.5855452443,-256933.75440955878,807705.6658169995,765863.3716878629,-183082.15528050123,371142.333458763,141985.76227852085,-550485.1645450875
-306563.2162706709,2271445.506569922,-2895004.007435647,-1077803.2024818088,-24943.11779291658,1650567.6922260975,-1781284.319548375,1989563.7149646115,-752133.6423230773,863273.2217908716,2379849.5017336225,1852236.892657346,847727.4701050547,-170550.21914206762,-2027669.6915630824,722263.8604210485,-863905.951497926,2416691.047917309,2605048.1207785164,191128.37475810514,2094609.6612821943,-391321.6818196835,1736620.7162016463,-1888558.8590669273,884243.0870473319,-1623723.1925986742,1296259.7928297385,569697.6471877882,29990.58703282001,858342.1513982256,-1106797.5453959599,409906.7568336905,1056982.2596938664,425125.81819309475,114446.22500157183,-352645.5050642776,-1431416.6776138754,855869.7745239747,-1784952.0529301332,-2710389.088654666,1678598.767598729,-2210119.976070293,-337876.2597300174,-926908.0696911981,3496547.8365784083,-1388476.2096634533,2002135.575673141,1295310.098705856,-1922230.6607719841,-662527.8991489697,2082744.6685106284,1974850.6936618492,-472094.7663645488,957025.8620926852,366123.262368915,-1419478.088495497
-123301.925068554,913591.6065883623,-1164391.3047180837,-433500.1478585799,-10032.309177562582,663870.1350590434,-716445.277088124,800216.7446075917,-302513.5316542565,347214.64215612557,957192.4827284589,744982.9325900311,340962.0439331469,-68596.5097027441,-815543.25537341,290499.68676657253,-347469.1421979212,972010.4083033762,1047768.9678737549,76873.18185055847,842466.9842056386,-157392.38252361774,698481.2615390733,-759591.8765599136,355648.89460177906,-653073.0761695533,521364.95170861686,229136.47123525979,12062.420039727891,345231.3484199685,-445161.88528941077,164867.42219253385,425125.81819309475,170988.64951470925,46031.097828455575,-141836.51751551725,-575726.0244219565,344236.9364695832,-717920.4788271458,-1090137.8631361788,675144.4079879208,-888926.0537729864,-135896.23146058622,-372809.0517699852,1406336.531122611,-558455.0718666603,805273.2429842071,520982.98111651244,-773134.9214584484,-266473.45496517135,837694.781807008,794299.0680481856,-189879.89373644887,384922.6388599298,147257.38103891004,-570924.2429093237
-33193.45238188208,245945.30036069005,-313463.2859311423,-116701.47251876001,-2700.8717349938975,178719.36006287808,-192871.73193001735,215424.03776315422,-81438.80045904631,93471.48324039218,257683.78564617207,200554.8225131066,91788.85430121372,-18466.528563319396,-219550.96760578442,78204.56343717282,-93540.8011511865,261672.45833638514,282066.448507448,20694.566259903368,226798.62721143913,-42371.347357346815,188037.04431956372,-204487.98902198463,95744.08924953017,-175812.31633846683,140355.19030262937,61684.9526857059,3246.999080899569,92939.53132124405,-119840.10794345131,44382.98546611815,114446.22500157183,46031.097828455575,12392.334222717924,-38182.45922459032,-154988.89743780493,92671.3239692091,-193269.54019898028,-293472.37310337,181753.15007736496,-239305.20981616815,-36584.30217840972,-100362.9346085376,378595.2667123937,-150339.80883542894,216785.94894876773,140252.14687797966,-208134.12072193794,-71736.62085872216,225513.1983072185,213831.01385632658,-51117.21174001507,103624.33055137061,39642.4419080877,-153697.19126976441
102280.1274955696,-757830.1643560383,965868.7901914507,359590.9341081013,8321.694917231913,-550683.3562850035,594296.5401630212,-663784.8884994955,250936.87623631535,-288018.43152391736,-793996.1865380441,-617967.8715592459,-282830.96434680466,56901.45761538603,676496.9985749259,-240971.36477847488,288228.38773297035,-806288.354189928,-869131.6121429333,-63767.17779856456,-698830.9747296411,130557.69142740093,-579393.3792611054,630085.6493395311,-295011.7867845873,541727.7090168428,-432475.49874484877,-190070.44295719027,-10006.282611318704,-286370.4918081112,369265.4975389431,-136759.2822843333,-352645.5050642776,-141836.51751551725,-38182.45922459032,117655.67532361411,477569.27739075175,-285546.33497609437,595519.2540625816,904276.9811416169,-560037.3556775013,737369.8182085558,112726.73627015819,309247.3571949677,-1166565.8375446645,463242.36009611096,-667978.3421967665,-432158.9400598852,641319.3303236677,221041.33127619736,-694873.4527382593,-658876.042142109,157506.2973371316,-319295.2057867699,-122151.37650645306,473584.81109585334
415162.73621059494,-3076102.4529724894,3920556.322033968,1459613.8332725086,33779.246694667,-2235279.832087531,2412302.03423532,-2694364.392332045,1018576.1341532893,-1169086.1685888332,-3222908.8678626227,-2508389.7712668693,-1148033.6752679034,230967.3640465279,2745969.849421207,-978125.0004833303,1169943.4608669134,-3272801.271196138,-3527883.2362376205,-258835.25061807723,-2836623.019327559,529947.0464045285,-2351817.0959411105,2557578.918153954,-1197485.6451614893,2198925.4895049725,-1755458.365391292,-771512.2828074439,-40614.56481094903,-1162409.2886248035,1498878.9893183766,-555115.5008124318,-1431416.6776138754,-575726.0244219565,-154988.89743780493,477569.27739075175,1938494.0788252235,-1159060.8142124321,2417269.4104999313,3670541.082261176,-2273240.1906878124,2993052.457785093,457568.5667648582,1255264.2421113355,-4735195.652406515,1880342.197046119,-2711390.1648675655,-1754172.1353969278,2603179.0473334994,897227.6883052699,-2820554.488485818,-2674439.3324187794,639333.9012931272,-1296051.395681983,-495821.8541935844,1922326.7560230438
