V1,V2,V3,V4,V5,V6,V7,V8,V9,V10,V11,V12,V13,V14,V15,V16,V17,V18,V19,V20,V21,V22,V23,V24,V25,V26,V27,V28,V29,V30,V31,V32,V33,V34,V35,V36,V37,V38,V39,V40,V41,V42,V43,V44,V45,V46,V47,V48,V49,V50,V51,V52,V53,V54,V55,V56
7761.390124533316,-627.11413032208,-7710.117238215394,11193.381328752073,-11633.22672386486,24922.59865175969,14018.482590876929,-2739.7950399723254,-9306.503464455294,-15614.967981150563,-6144.274332984301,6568.610611236269,-6030.560035131423,14560.00651528719,-8810.385036452391,-13902.643354548643,2031.6210079116127,8147.964827580607,6638.553026686597,5431.459651879924,-2053.1473869166357,-9432.279608954701,-4290.000678902229,-21866.539404024395,-7549.781874195489,-4961.719804959053,-10881.851011011631,6944.294878692438,12770.54289425742,-7677.4660623525,1463.5401665859727,-8305.982667505643,-4377.883564593064,-9154.517710705284,-9541.625959005987,-12805.400664650213,201.44498036690052,-3208.3609340704024,-2914.2660990417457,-13273.432108021629,10688.141972038382,4490.167402270105,-2269.629062371886,10644.360046902539,-9766.436143119083,15593.662567673822,-461.1714404048525,-2158.0235558356085,6158.522801217479,11008.523584055834,6755.0820000694375,-11218.876318495335,4480.5727201392065,3649.386883003593,-3762.5983611892275,-6506.044153261894
-627.11413032208,50.67969768529967,622.9280704218592,-904.4634661933193,939.9840294157959,-2013.8492092056995,-1132.7106087061165,221.43074893166357,752.0114874055411,1261.7220672597296,496.45874957578894,-530.7579622693804,487.2869601367064,-1176.4732752884006,711.8970263394458,1123.337734187354,-164.20596563174678,-658.355424931527,-536.472218948944,-438.8686541243636,165.91190981313434,762.0911436349612,346.6660290076503,1766.85133526618,610.0016789413711,400.93232822559634,879.266295522425,-561.1328535122369,-1031.9369578821825,620.332450655157,-118.3100418448866,671.1049462549126,353.76332916952475,739.7527121287695,770.9632227911014,1034.6580825381182,-16.29459166404763,259.270329638952,235.50649249594395,1072.4863353222536,-863.5753188721386,-362.8640303629495,183.3751334820127,-860.111700295701,789.2069861820723,-1259.9541027820615,37.223215426846124,174.38047618997803,-497.58817893807327,-889.5247757778606,-545.8244193542863,906.5081198406427,-362.1091341307447,-294.8709911307724,304.0232680433639,525.7033173648771
-7710.117238215394,622.9280704218592,7659.539090617556,-11118.641776816146,11556.406487958653,-24756.599469300163,-13925.307895245829,2721.0849518770365,9244.528502847721,15511.32141319437,6103.394555711636,-6525.008010357088,5990.257253464765,-14463.046254487468,8751.656221166872,13810.529173837991,-2017.852308407954,-8094.038165304359,-6593.768543152838,-5395.279841104574,2039.4925871276084,9370.062188897069,4261.108655591625,21721.375396702395,7499.988343671985,4928.776966962145,10809.572139872666,-6898.211550154284,-12685.278538555944,7626.601013719484,-1453.4277554644377,8251.224182331509,4348.599558031191,9093.30564188044,9478.35819664923,12720.567117269466,-200.0879067418089,3186.780339474078,2894.734154305591,13185.50051014158,-10617.38265875744,-4459.944493643358,2254.4771770615603,-10573.343661798079,9701.09482594986,-15490.25940432444,458.5365396186768,2143.774866177951,-6117.85689117513,-10935.026862545456,-6710.1838278667365,11144.541692082455,-4450.213062693396,-3625.403507880632,3737.6991860393264,6462.800191350599
11193.381328752073,-904.4634661933193,-11118.641776816146,16145.68760991058,-16776.722373557895,35947.048776477466,20219.221063800756,-3952.929455032394,-13423.021172768013,-22521.140563364253,-8862.396293246034,9473.77600628633,-8698.866927053556,21001.15134577334,-12708.161247148055,-20051.220720951602,2930.6186873943698,11751.23743109329,9576.648271537428,7834.26259996224,-2961.049938304043,-13603.233815091135,-6188.693309099384,-31537.960300175866,-10888.132758874728,-7155.9230422882465,-15695.127715529832,10015.2229518293,18419.973469480272,-11073.144707763688,2111.5691338849747,-11978.510997556297,-6314.745612496302,-13204.537129853372,-13761.794132243469,-18469.007866706863,290.25401463782845,-4628.037350541686,-4203.492322622825,-19143.90883671622,15415.284918516476,6477.089591734245,-3274.048148878104,15353.31451477524,-14087.104202620469,22490.91795703696,-663.9603594836628,-3111.9565508638866,8882.021613205261,15879.011791342007,9742.942127678096,-16180.187753428594,6463.7130657470525,5262.401667455524,-5426.419226577212,-9383.802636374548
-11633.22672386486,939.9840294157959,11556.406487958653,-16776.722373557895,17436.880256245815,-37354.875588320065,-21011.328743208258,4106.385701512785,13949.013116246168,23404.433121805996,9209.060726826752,-9845.34576717276,9038.5717237351,-21822.698040210882,13205.057088929929,20837.85913283346,-3045.1805161526518,-12212.581845750829,-9949.927413855345,-8140.758688410576,3077.4928493535886,14137.476993953429,6429.8164474500045,32774.42213251876,11315.996039787211,7437.023753953221,16310.010885769796,-10408.632012702146,-19140.965706202514,11507.159581132277,-2193.718632686233,12449.514141958447,6561.701927845482,13721.092988700357,14301.27606019752,19193.0851394449,-302.12201722961316,4808.803868923753,4368.114867254589,19894.661015357753,-16019.642283007139,-6729.993326184646,3401.5841506332704,-15954.041659338769,14638.356963654547,-23372.070211955408,691.3554140152635,3234.754186825966,-9230.567496769874,-16499.657353534298,-10124.759986033532,16815.528655900987,-6715.617769952997,-5470.1780963030005,5639.635002921178,9751.469098250242
24922.59865175969,-2013.8492092056995,-24756.599469300163,35947.048776477466,-37354.875588320065,80035.12317256622,45017.568780139125,-8800.350879061101,-29886.21148006373,-50143.4404707116,-19731.52139945991,21093.414911056294,-19367.119366377552,46757.74252531385,-28293.777774247872,-44644.20686907697,6524.950723637694,26164.43352327363,21321.145089412257,17442.50402231427,-6593.045525053401,-30287.947964375908,-13778.19050365913,-70219.08406737517,-24242.903408223174,-15933.046969571022,-34944.79155024546,22299.417955032717,41011.38741824371,-24654.144877486528,4701.1663100157875,-26670.888027840007,-14059.418554828178,-29399.25922213719,-30640.46146386942,-41120.99703755834,646.6381252538132,-10303.957255008636,-9359.0357204743,-42623.83508834988,34321.88621139365,14420.69880104652,-7289.053714492088,34183.37101796445,-31364.392553955007,50075.347951377706,-1479.0680579727507,-6929.309954752611,19775.87371584358,35353.335688607156,21692.512640455676,-36025.76518306383,14390.674153566482,11717.658767973182,-12082.200079326756,-20892.844659469738
14018.482590876929,-1132.7106087061165,-13925.307895245829,20219.221063800756,-21011.328743208258,45017.568780139125,25321.381922459488,-4949.781413372783,-16810.165913823068,-28204.491700420585,-11098.496371556745,11864.556073089685,-10893.466071841658,26300.023251962397,-15914.494269049035,-25111.370854391098,3669.9412529531123,14716.956258088458,11992.383209734453,9811.032769574796,-3708.437654428806,-17036.48637596986,-7749.806346825277,-39496.56937553339,-13636.203948601034,-8961.950961376866,-19655.585329197136,12542.836399711443,23067.724785551014,-13867.375916285755,2644.1616660208188,-15001.908207685356,-7907.993611895002,-16536.134363374713,-17234.559350620144,-23129.73318095847,363.7017112812584,-5795.648527087144,-5264.175052315448,-23974.975562772972,19305.42353696112,8111.05194781099,-4099.972522117277,19227.198462322012,-17641.519993582573,28166.23830553581,-832.1103877061838,-3897.602482658868,11123.536440151158,19885.28088493731,12201.5176359493,-20263.65928476088,8094.137348450194,6591.045649351031,-6795.979096004773,-11751.683282839711
-2739.7950399723254,221.43074893166357,2721.0849518770365,-3952.929455032394,4106.385701512785,-8800.350879061101,-4949.781413372783,968.316398014026,3286.134578647505,5513.074715867327,2169.575856668239,-2319.15394307052,2129.773857150012,-5141.34824230518,3111.182122692784,4908.223783368672,-717.7352071573783,-2876.467224905153,-2345.2422282841085,-1917.9942964136258,724.9190147712694,3329.548336731241,1515.5130378326908,7720.368320454308,2664.9705979973387,1751.7702033558735,3842.128227374688,-2451.656070246615,-4509.753869852456,2710.4908196444267,-517.4511616901083,2931.830619538526,1546.1005036875613,3232.9297578321125,3368.7204500698604,4520.937518958976,-71.09581298995066,1133.3050349193932,1029.2644708075268,4686.1071411527055,-3773.385883255209,-1586.0397138169405,801.6068393020496,-3758.873073835515,3449.1236938481265,-5505.491627102759,161.9964450036952,761.7244513939619,-2173.9850501603123,-3887.628727136514,-2385.1055821224127,3960.6709660797815,-1583.0627848867105,-1287.973704339897,1328.2760316888487,2297.1633739002796
-9306.503464455294,752.0114874055411,9244.528502847721,-13423.021172768013,13949.013116246168,-29886.21148006373,-16810.165913823068,3286.134578647505,11159.951495820278,18724.30591095688,7367.960112390293,-7876.597656642377,7231.8709029067995,-17459.86921911572,10565.202411364862,16670.790575234558,-2436.538710459417,-9770.20234629199,-7961.553558292412,-6513.24166334966,2461.987820775841,11309.956889354129,5144.9084682743915,26220.799729254366,9052.674042456414,5949.6917011493415,13048.834471596172,-8326.998105440493,-15314.223118163498,9206.16178818477,-1755.5171519513788,9959.349453258508,5249.971356541635,10978.075491748112,11441.554040042734,15355.119548775954,-241.52634504852438,3847.6412139689096,3494.827904997242,15916.31793783786,-12816.232627622388,-5384.873326725493,2721.7678020758576,-12764.50662357921,11711.920855348802,-18698.737316491566,552.3512558991057,2587.5763206965094,-7384.568921132531,-13201.32363722421,-8100.287140011978,13452.606961130508,-5373.6653352418825,-4375.653101444298,4511.699046852998,7801.667959947864
-15614.967981150563,1261.7220672597296,15511.32141319437,-22521.140563364253,23404.433121805996,-50143.4404707116,-28204.491700420585,5513.074715867327,18724.30591095688,31416.205916034207,12362.109764301085,-13215.585945043598,12133.602454852025,-29294.414471009757,17726.396264184583,27970.92523295117,-4087.81685762344,-16392.89065172747,-13357.440357410696,-10927.992196654548,4130.759167494241,18976.57020230307,8631.88765731694,43994.03677002448,15189.160545622337,9982.55284428563,21893.691693638102,-13971.29212395086,-25694.18329359203,15446.479026955893,-2945.0584738866764,16710.45709690592,8808.343942930223,18418.918425870346,19197.059304956016,25763.457319366084,-405.21376309286876,6455.4122567675095,5863.532725254999,26705.055760323947,-21503.655625845346,-9034.504471558772,4566.590359805722,-21416.327472780773,19650.110990756977,-31373.429306119702,927.1670724980047,4341.575121161587,-12390.268361799348,-22149.187660797947,-13590.855887252881,22571.310598456734,-9015.495788243785,-7341.816810414741,7569.9340044269375,13089.823380629889
-6144.274332984301,496.45874957578894,6103.394555711636,-8862.396293246034,9209.060726826752,-19731.52139945991,-11098.496371556745,2169.575856668239,7367.960112390293,12362.109764301085,4864.665001451426,-5200.251817065193,4774.818241251506,-11527.694924137679,6975.592880345011,11006.439519615775,-1608.5172501428888,-6450.450618528557,-5256.402181305691,-4300.247424437429,1625.3054031004722,7467.146149726656,3396.8564759316273,17311.55679334326,5976.765812036925,3927.9324413183394,8615.249591524087,-5497.4612645652305,-10110.705343831502,6078.264842398323,-1158.8339377866967,6575.298784083164,3466.137782965177,7247.944979771984,7554.065966717146,10137.94574592424,-159.28584505649565,2540.236868611295,2307.2255497249425,10508.419869759286,-8461.725371346101,-3555.185961043894,1797.1321328074791,-8427.459782928567,7732.318691836977,-12345.646453968759,364.6491979788739,1708.1869569260525,-4875.571988287687,-8716.022941281974,-5347.9919119358165,8881.534751415194,-3547.7186956376772,-2888.6371372179437,2978.6462077380525,5150.8714056560675
6568.610611236269,-530.7579622693804,-6525.008010357088,9473.77600628633,-9845.34576717276,21093.414911056294,11864.556073089685,-2319.15394307052,-7876.597656642377,-13215.585945043598,-5200.251817065193,5559.293111408313,-5104.136036436643,12323.017212092354,-7456.800115428043,-11766.274359925552,1719.5944172372197,6895.855745696762,5618.989617885653,4596.999600431723,-1737.6679913413113,-7982.702129098955,-3631.120639800597,-18506.58728001632,-6389.482792357434,-4199.287255861584,-9209.818159320726,5877.184229014194,10808.570491872668,-6497.714592223777,1238.9090607869102,-7029.436245086669,-3705.3367214812447,-7748.129404835835,-8075.447891105379,-10837.682494931843,170.46828477222016,-2715.561119300246,-2466.5842147478734,-11233.769032533226,9045.751274656086,3800.4660355409787,-1920.9933333527842,9009.031397022254,-8266.070235176434,13197.557196806878,-390.00638929329443,-1826.3443555646597,5212.086531400971,9317.308283563341,5717.148029293172,-9494.878760533482,3792.494736284787,3088.438488101927,-3184.3807868339345,-5506.375537729164
-6030.560035131423,487.2869601367064,5990.257253464765,-8698.866927053556,9038.5717237351,-19367.119366377552,-10893.466071841658,2129.773857150012,7231.8709029067995,12133.602454852025,4774.818241251506,-5104.136036436643,4686.738787990935,-11314.830528729024,6846.815827838672,10802.899152106967,-1578.9159716592108,-6331.134147820876,-5159.672754078357,-4220.8716192240145,1595.2771720202927,7328.928440025043,3334.33596795731,16991.58760175998,5866.112200217994,3855.320792722105,8456.039797775367,-5395.804359975968,-9924.100924440363,5965.8604588406415,-1137.6440774398566,6453.544346390064,3402.1979897379074,7114.207178280712,7414.404923160328,9950.49753294105,-156.33569077819985,2493.4529452902448,2264.6885050706887,10314.095902307241,-8305.255689044021,-3489.6818501254793,1764.0035328362815,-8271.906604183858,7589.683152715127,-12117.41533366711,357.6561668488817,1676.5572802172878,-4785.333732142831,-8555.188271839594,-5249.1766963501,8717.271654724122,-3482.4860869804547,-2835.103765942609,2923.5401444107115,5055.6913559056
14560.00651528719,-1176.4732752884006,-14463.046254487468,21001.15134577334,-21822.698040210882,46757.74252531385,26300.023251962397,-5141.34824230518,-17459.86921911572,-29294.414471009757,-11527.694924137679,12323.017212092354,-11314.830528729024,27317.01546569116,-16529.95962455722,-26081.805047493785,3811.809524354432,15285.560435260897,12456.224928708216,10190.27479433228,-3851.5518521070207,-17694.713680797522,-8049.57481879741,-41023.03646968948,-14163.013805069755,-9308.069832618929,-20415.433306206316,13027.35988348871,23959.401641913933,-14403.51255806591,2746.2719040231214,-15581.370303149364,-8213.732527456164,-17175.49477231719,-17900.737261008748,-24023.69323515491,377.53611062913626,-6019.674662778991,-5467.5259688054,-24901.61301754146,20051.56354268473,8424.787966597098,-4258.608312252187,19970.543059575317,-18323.395140836812,29255.19285805467,-864.0071678940117,-4047.9404527933275,11553.490759980119,20654.286888010007,12673.095760226286,-21046.530568352897,8407.184933268969,6845.244238734265,-7058.486001098287,-12205.964177269776
-8810.385036452391,711.8970263394458,8751.656221166872,-12708.161247148055,13205.057088929929,-28293.777774247872,-15914.494269049035,3111.182122692784,10565.202411364862,17726.396264184583,6975.592880345011,-7456.800115428043,6846.815827838672,-16529.95962455722,10002.556347549731,15782.39545450913,-2306.6007127526705,-9249.445377621138,-7537.536003757268,-6166.288650474608,2330.6014724001357,10707.23043084151,4870.977129420489,24823.54724493216,8570.158179975977,5632.400687861874,12353.655590190983,-7882.984483037899,-14498.19917888767,8715.749279611273,-1661.8383925095234,9428.403137760986,4970.267002933218,10393.176398183467,10831.959820857583,14537.026622644398,-228.43016525973357,3642.617835350352,3308.4762370319168,15068.259168822324,-12133.439664307893,-5098.012070082216,2576.9733895487393,-12084.488202353254,11087.775432191042,-17702.707761627447,522.7474312458244,2449.417427024836,-6991.141341264018,-12498.266989884869,-7668.657773783656,12735.465968681829,-5087.381366426858,-4142.05960682556,4271.152162965491,7385.99526635312
-13902.643354548643,1123.337734187354,13810.529173837991,-20051.220720951602,20837.85913283346,-44644.20686907697,-25111.370854391098,4908.223783368672,16670.790575234558,27970.92523295117,11006.439519615775,-11766.274359925552,10802.899152106967,-26081.805047493785,15782.39545450913,24903.59717084328,-3639.359358274785,-14595.2197824746,-11892.230014763076,-9729.501698788124,3677.677398502639,16895.701983380954,7685.070601674459,39169.435475980004,13523.596567574137,8887.743189365201,19492.755522789044,-12439.084755589865,-22876.16013181465,13752.66744853954,-2621.7976556463714,14878.059654349927,7842.265743991571,16398.810503892215,17091.894555156665,22938.231976498457,-360.7024240354017,5747.303972501572,5220.351617143546,23776.583222061665,-19145.585603803087,-8043.554027045445,4065.7835983809155,-19067.546284011714,17494.87121438996,-27933.053781503408,825.6975230087331,3865.4205110424514,-11031.651201353476,-19720.065322670336,-12100.387990102,20096.045450655532,-8026.477663303942,-6536.674870073944,6739.787658775081,11654.328209534786
2031.6210079116127,-164.20596563174678,-2017.852308407954,2930.6186873943698,-3045.1805161526518,6524.950723637694,3669.9412529531123,-717.7352071573783,-2436.538710459417,-4087.81685762344,-1608.5172501428888,1719.5944172372197,-1578.9159716592108,3811.809524354432,-2306.6007127526705,-3639.359358274785,532.1697313658375,2132.8949024350754,1738.560693274985,1421.9794990895496,-537.5631894526229,-2468.8482505257493,-1123.4284889948394,-5724.381491414817,-1976.1302548447982,-1298.981596251499,-2848.7289938445015,1817.982169805327,3343.6547192666662,-2009.719120424806,383.57801402288567,-2174.0657716921805,-1146.2871271186195,-2396.963097342281,-2497.7723068493656,-3352.0669427455823,52.81048986612558,-840.1920153198971,-763.1412701721282,-3474.60360327829,2797.7736767743163,1175.8715237978195,-594.18188814394,2786.8776229064915,-2557.257384908446,4082.005881176639,-120.33024208328128,-564.9321945580011,1611.9784235525126,2882.209700780813,1768.4402977667316,-2936.8841006435614,1173.5717259368876,955.2190186353567,-984.9515808932587,-1703.2380625257626
8147.964827580607,-658.355424931527,-8094.038165304359,11751.23743109329,-12212.581845750829,26164.43352327363,14716.956258088458,-2876.467224905153,-9770.20234629199,-16392.89065172747,-6450.450618528557,6895.855745696762,-6331.134147820876,15285.560435260897,-9249.445377621138,-14595.2197824746,2132.8949024350754,8553.837963927072,6969.540538273248,5702.127471366333,-2155.420113228526,-9902.089359914382,-4503.8948823266455,-22955.94482717719,-7925.80543664127,-5208.880642253799,-11424.026581893597,7290.20537555363,13406.927127228268,-8059.952931307586,1536.5590051615654,-8719.646358925243,-4596.064848573768,-9610.733524125077,-10016.987861714757,-13443.3539522677,211.44950981300164,-3368.290891177489,-3059.499620954878,-13934.683893445897,11220.610866907375,4713.9896122758255,-2382.776691535485,11174.801989311754,-10253.148114997586,16370.572668571645,-483.9927189210972,-2265.4747105545334,6465.290015367926,11557.162109409595,7091.641377806771,-11777.71994901131,4703.9843475614225,3831.074850550791,-3950.011094791091,-6830.199627177841
6638.553026686597,-536.472218948944,-6593.768543152838,9576.648271537428,-9949.927413855345,21321.145089412257,11992.383209734453,-2345.2422282841085,-7961.553558292412,-13357.440357410696,-5256.402181305691,5618.989617885653,-5159.672754078357,12456.224928708216,-7537.536003757268,-11892.230014763076,1738.560693274985,6969.540538273248,5681.009926125374,4646.78249794261,-1756.343952222866,-8067.638274641119,-3671.162834207368,-18705.360589886648,-6457.3747476141525,-4244.308270011451,-9308.865047215875,5940.096665309478,10925.718170751661,-6567.304141092531,1253.0708501350327,-7104.037703292806,-3745.6262847097178,-7832.252680772853,-8162.048742591481,-10953.83080545695,172.24567082652894,-2745.3708520053647,-2493.4663840647167,-11354.064108783436,9142.638411438447,3842.1153498158737,-1941.9857073571693,9106.634348208558,-8355.931870983182,13339.1867870109,-393.19562008330604,-1845.6974348336485,5267.607806605802,9418.458686404241,5778.680036896972,-9596.414946305684,3834.55659011703,3120.984285890956,-3218.364014273674,-5565.62369451395
5431.459651879924,-438.8686541243636,-5395.279841104574,7834.26259996224,-8140.758688410576,17442.50402231427,9811.032769574796,-1917.9942964136258,-6513.24166334966,-10927.992196654548,-4300.247424437429,4596.999600431723,-4220.8716192240145,10190.27479433228,-6166.288650474608,-9729.501698788124,1421.9794990895496,5702.127471366333,4646.78249794261,3801.4434751659946,-1436.8545708390654,-6600.811333608231,-3002.891324086777,-15303.206936163057,-5283.333714435582,-3472.3373178964316,-7615.710996748476,4859.7336015820765,8937.885363604124,-5372.980104998382,1024.6168134444688,-5812.453381446922,-3064.0728550905415,-6407.138868294831,-6677.630871702372,-8961.766875980842,140.8903280817738,-2245.6588821079063,-2039.69248910288,-9289.222343054005,7480.018310369923,3142.7694412783644,-1588.6548708463515,7449.835398672132,-6835.465983810855,10913.205184340979,-322.2549021467692,-1510.0972258618447,4309.826473256507,7704.867847187432,4727.578252629353,-7851.197760218483,3136.3030307675285,2553.644957422511,-2633.107544453629,-4553.276981269882
-2053.1473869166357,165.91190981313434,2039.4925871276084,-2961.049938304043,3077.4928493535886,-6593.045525053401,-3708.437654428806,724.9190147712694,2461.987820775841,4130.759167494241,1625.3054031004722,-1737.6679913413113,1595.2771720202927,-3851.5518521070207,2330.6014724001357,3677.677398502639,-537.5631894526229,-2155.420113228526,-1756.343952222866,-1436.8545708390654,543.2396550095547,2495.0583734840147,1134.958813633515,5784.473328593209,1997.1064078976988,1312.6609117808443,2878.5676274718403,-1837.0998674418217,-3378.4431114865156,2030.8251934454931,-387.40420444119127,2197.1761386658495,1158.1700378454448,2421.795282144181,2524.0156487858376,3387.3743722338118,-53.39373874214276,848.8542716535543,771.0719898390513,3511.1764300761583,-2827.283870130561,-1187.898208586576,600.3652206108746,-2815.884546365933,2583.7996020442934,-4124.846986231254,121.8874686276953,570.96524004163075,-1629.0107901479878,-2912.1458359178687,-1786.9757313078599,2967.8389580064218,-1185.4861021506022,-965.505774824928,995.3638305963358,1721.058967247986
-9432.279608954701,762.0911436349612,9370.062188897069,-13603.233815091135,14137.476993953429,-30287.947964375908,-17036.48637596986,3329.548336731241,11309.956889354129,18976.57020230307,7467.146149726656,-7982.702129098955,7328.928440025043,-17694.713680797522,10707.23043084151,16895.701983380954,-2468.8482505257493,-9902.089359914382,-8067.638274641119,-6600.811333608231,2495.0583734840147,11463.020727720743,5213.571769243882,26574.072580575346,9175.178609701397,6029.777035793246,13224.618582204708,-8439.14460478264,-15519.714984529457,9330.41801095859,-1778.4362323770129,10094.13559685622,5320.334170331898,11125.24785668868,11595.867100699377,15562.350636118019,-244.68894963728033,3898.9940649252057,3541.550951372584,16131.104425965297,-12989.291655028373,-5456.732004089991,2758.35683294127,-12935.911773937847,11868.823489409759,-18950.973648078245,560.4970241550445,2622.4992777583,-7484.465032875342,-13378.577300086608,-8209.340532682902,13634.026948300323,-5445.011483636795,-4434.913006414663,4572.587962193496,7906.7066752134815
-4290.000678902229,346.6660290076503,4261.108655591625,-6188.693309099384,6429.8164474500045,-13778.19050365913,-7749.806346825277,1515.5130378326908,5144.9084682743915,8631.88765731694,3396.8564759316273,-3631.120639800597,3334.33596795731,-8049.57481879741,4870.977129420489,7685.070601674459,-1123.4284889948394,-4503.8948823266455,-3671.162834207368,-3002.891324086777,1134.958813633515,5213.571769243882,2372.397389347585,12087.870377805333,4172.943134553364,2742.731817143168,6015.641474676862,-3838.576275445211,-7060.409878255521,4243.990265373281,-809.6940670818226,4590.81954928239,2420.495616291621,5061.338887374748,5274.547081123945,7078.706469405428,-111.26528359739194,1774.097798334359,1611.296169824809,7337.320973401194,-5908.2774949483855,-2482.812604562164,1255.0107306896489,-5884.918347922443,5399.73501181475,-8620.198641406536,254.1206233872784,1192.6974796665029,-3404.1010242312154,-6086.468682694969,-3734.3273714093757,6201.4039731366765,-2477.9086491781836,-2016.8246248057567,2079.774204907408,3596.643334723589
-21866.539404024395,1766.85133526618,21721.375396702395,-31537.960300175866,32774.42213251876,-70219.08406737517,-39496.56937553339,7720.368320454308,26220.799729254366,43994.03677002448,17311.55679334326,-18506.58728001632,16991.58760175998,-41023.03646968948,24823.54724493216,39169.435475980004,-5724.381491414817,-22955.94482717719,-18705.360589886648,-15303.206936163057,5784.473328593209,26574.072580575346,12087.870377805333,61607.6260605033,21270.29110600785,13979.086775730564,30659.195582232176,-19564.754494223653,-35981.196273521076,21630.76042642447,-4124.0823474924655,23400.606264594953,12334.901782924977,25793.216027611634,26882.902606671418,36078.26228312114,-567.3414190697816,9039.917559729032,8211.016496445252,37396.819773867974,-30112.99573820406,-12651.623427890881,6394.989430460767,-29990.709703514534,27517.2619113842,-43934.374833146576,1298.299194313569,6079.657596236762,-17350.916787815597,-31017.085637011256,-19032.138280363397,31607.90722381925,-12624.988842529192,-10281.016153094699,10600.599194324706,18330.534695527847
-7549.781874195489,610.0016789413711,7499.988343671985,-10888.132758874728,11315.996039787211,-24242.903408223174,-13636.203948601034,2664.9705979973387,9052.674042456414,15189.160545622337,5976.765812036925,-6389.482792357434,5866.112200217994,-14163.013805069755,8570.158179975977,13523.596567574137,-1976.1302548447982,-7925.80543664127,-6457.3747476141525,-5283.333714435582,1997.1064078976988,9175.178609701397,4172.943134553364,21270.29110600785,7343.983438991772,4826.367423572449,10585.160502810138,-6754.889507503824,-12422.188538917566,7468.1968655012715,-1423.4787279054945,8079.553468669338,4258.458392764664,8904.804056425668,9281.496419817133,12456.302057476196,-195.89401321099783,3120.789897580373,2834.714546363722,12911.572867875191,-10396.77929747812,-4367.645144610359,2207.7585660190425,-10354.050400097101,9499.969572565902,-15168.589272142426,448.682795930525,2099.137369418798,-5990.6809398472815,-10708.3173900185,-6570.872950099734,10912.946793476194,-4358.237387930344,-3549.839242647213,3659.9949182071177,6328.643971215118
-4961.719804959053,400.93232822559634,4928.776966962145,-7155.9230422882465,7437.023753953221,-15933.046969571022,-8961.950961376866,1751.7702033558735,5949.6917011493415,9982.55284428563,3927.9324413183394,-4199.287255861584,3855.320792722105,-9308.069832618929,5632.400687861874,8887.743189365201,-1298.981596251499,-5208.880642253799,-4244.308270011451,-3472.3373178964316,1312.6609117808443,6029.777035793246,2742.731817143168,13979.086775730564,4826.367423572449,3172.0851339045516,6956.6217711053005,-4439.5101076904,-8164.365865763717,4907.996607216551,-935.9314003020652,5309.813426054819,2798.8492050909704,5852.5972744781175,6099.788248954735,8186.23676762702,-128.88143158422272,2051.250143670569,1863.233508291094,8485.44392366357,-6832.68469193018,-2870.7045081388133,1450.9328568280127,-6804.988069237695,6243.9140383876,-9968.661550804622,294.63402999924466,1379.6714886353916,-3936.9215647318674,-7037.73911777002,-4318.490238332657,7172.14711629035,-2864.720359484603,-2333.0659003664277,2405.400688487156,4159.253463609681
-10881.851011011631,879.266295522425,10809.572139872666,-15695.127715529832,16310.010885769796,-34944.79155024546,-19655.585329197136,3842.128227374688,13048.834471596172,21893.691693638102,8615.249591524087,-9209.818159320726,8456.039797775367,-20415.433306206316,12353.655590190983,19492.755522789044,-2848.7289938445015,-11424.026581893597,-9308.865047215875,-7615.710996748476,2878.5676274718403,13224.618582204708,6015.641474676862,30659.195582232176,10585.160502810138,6956.6217711053005,15257.708151575493,-9736.341141457287,-17906.154951660235,10764.690391983251,-2052.292180858383,11645.265994132524,6138.5218952427995,12836.125312607946,13378.394163246545,17954.486888027404,-282.2390785699913,4498.731962771159,4086.1758827394906,18610.6650037303,-14985.853827692745,-6296.173548904953,3182.566592784688,-14925.031196274687,13694.016621995208,-21864.232870015523,646.0274139303285,3025.43577840991,-8634.769726035613,-15435.906927995948,-9471.395558896957,15729.6434887943,-6282.893733743131,-5116.173005531127,5275.359958885998,9122.27307235188
6944.294878692438,-561.1328535122369,-6898.211550154284,10015.2229518293,-10408.632012702146,22299.417955032717,12542.836399711443,-2451.656070246615,-8326.998105440493,-13971.29212395086,-5497.4612645652305,5877.184229014194,-5395.804359975968,13027.35988348871,-7882.984483037899,-12439.084755589865,1817.982169805327,7290.20537555363,5940.096665309478,4859.7336015820765,-1837.0998674418217,-8439.14460478264,-3838.576275445211,-19564.754494223653,-6754.889507503824,-4439.5101076904,-9736.341141457287,6213.399718424509,11426.536435465201,-6869.184111733947,1309.7634392497196,-7431.494250507912,-3917.162960141189,-8191.1148468803085,-8537.144577279523,-11457.264931887532,180.33010138720812,-2870.79660562493,-2607.647149109421,-11876.057006904706,9562.86191776207,4017.748615394145,-2030.670292338911,9524.03574506125,-8738.695429626549,13951.99065413734,-412.4221706502016,-1930.903620809525,5510.085551037113,9849.817788865741,6044.031135234191,-10037.932497269101,4009.284061564664,3265.2198071337666,-3366.523107684886,-5821.200211358647
12770.54289425742,-1031.9369578821825,-12685.278538555944,18419.973469480272,-19140.965706202514,41011.38741824371,23067.724785551014,-4509.753869852456,-15314.223118163498,-25694.18329359203,-10110.705343831502,10808.570491872668,-9924.100924440363,23959.401641913933,-14498.19917888767,-22876.16013181465,3343.6547192666662,13406.927127228268,10925.718170751661,8937.885363604124,-3378.4431114865156,-15519.714984529457,-7060.409878255521,-35981.196273521076,-12422.188538917566,-8164.365865763717,-17906.154951660235,11426.536435465201,21015.11761207984,-12632.975729018968,2409.280871317595,-13666.307487094462,-7204.375777654007,-15064.81846047668,-15700.497827609306,-21070.82761219537,331.4088021636753,-5280.104557096652,-4795.872186740389,-21840.86924224389,17586.870274474295,7389.582433758844,-3735.062130272555,17516.2328865802,-16071.908110730536,25659.092895709837,-757.6223568513204,-3550.6826021854795,10133.235415875131,18115.737969588303,11115.572791176548,-18460.027103684537,7374.385112468727,6004.242185571309,-6191.0532580471645,-10705.77867937849
-7677.4660623525,620.332450655157,7626.601013719484,-11073.144707763688,11507.159581132277,-24654.144877486528,-13867.375916285755,2710.4908196444267,9206.16178818477,15446.479026955893,6078.264842398323,-6497.714592223777,5965.8604588406415,-14403.51255806591,8715.749279611273,13752.66744853954,-2009.719120424806,-8059.952931307586,-6567.304141092531,-5372.980104998382,2030.8251934454931,9330.41801095859,4243.990265373281,21630.76042642447,7468.1968655012715,4907.996607216551,10764.690391983251,-6869.184111733947,-12632.975729018968,7594.844458447206,-1447.693796909595,8216.125514590858,4330.775006883419,9056.02680646715,9438.827014764136,12667.384326250509,-199.06685339688164,3173.8054527697104,2882.7586912673905,13130.358576857569,-10572.945856894028,-4441.956515273339,2245.345539703456,-10529.814024815556,9661.182185131336,-15425.869536979833,455.9596156336787,2134.4853128844147,-6092.1610739623575,-10890.263358293047,-6682.2575960283075,11097.642647645296,-4432.451977511085,-3609.568895196868,3721.8959232843577,6435.974530008054
1463.5401665859727,-118.3100418448866,-1453.4277554644377,2111.5691338849747,-2193.718632686233,4701.1663100157875,2644.1616660208188,-517.4511616901083,-1755.5171519513788,-2945.0584738866764,-1158.8339377866967,1238.9090607869102,-1137.6440774398566,2746.2719040231214,-1661.8383925095234,-2621.7976556463714,383.57801402288567,1536.5590051615654,1253.0708501350327,1024.6168134444688,-387.40420444119127,-1778.4362323770129,-809.6940670818226,-4124.0823474924655,-1423.4787279054945,-935.9314003020652,-2052.292180858383,1309.7634392497196,2409.280871317595,-1447.693796909595,276.76635774598145,-1566.0755625423808,-825.985809589986,-1727.101803835303,-1799.3895714522323,-2414.8523417866886,38.13469587207929,-605.5729425836054,-550.0263399159,-2503.068679800944,2015.524161034239,847.3461803174317,-428.15324772774034,2008.017796588493,-1842.784623203417,2940.5947851249866,-86.3926760876063,-407.04255537399007,1161.1081758469454,2076.6831436899965,1274.1042428224353,-2115.8007876786664,845.9383134125986,688.1990943664542,-709.5808708364922,-1227.0697616836815
-8305.982667505643,671.1049462549126,8251.224182331509,-11978.510997556297,12449.514141958447,-26670.888027840007,-15001.908207685356,2931.830619538526,9959.349453258508,16710.45709690592,6575.298784083164,-7029.436245086669,6453.544346390064,-15581.370303149364,9428.403137760986,14878.059654349927,-2174.0657716921805,-8719.646358925243,-7104.037703292806,-5812.453381446922,2197.1761386658495,10094.13559685622,4590.81954928239,23400.606264594953,8079.553468669338,5309.813426054819,11645.265994132524,-7431.494250507912,-13666.307487094462,8216.125514590858,-1566.0755625423808,8888.825670983584,4684.943532530553,9796.62266379014,10211.053929607704,13703.825012784277,-215.57342473207765,3433.3465093939194,3118.652186940738,14204.704019704688,-11438.03133534722,-4805.050909874417,2428.8154262024846,-11391.002572195834,10451.437021592465,-16687.690326640448,493.67310414786925,2309.4483952099686,-6590.656084192944,-11780.690290145836,-7228.971987525094,12006.000891813464,-4794.705270317804,-3905.4895336820696,4026.5945048337976,6962.467643072852
-4377.883564593064,353.76332916952475,4348.599558031191,-6314.745612496302,6561.701927845482,-14059.418554828178,-7907.993611895002,1546.1005036875613,5249.971356541635,8808.343942930223,3466.137782965177,-3705.3367214812447,3402.1979897379074,-8213.732527456164,4970.267002933218,7842.265743991571,-1146.2871271186195,-4596.064848573768,-3745.6262847097178,-3064.0728550905415,1158.1700378454448,5320.334170331898,2420.495616291621,12334.901782924977,4258.458392764664,2798.8492050909704,6138.5218952427995,-3917.162960141189,-7204.375777654007,4330.775006883419,-825.985809589986,4684.943532530553,2469.80630493079,5164.519725718791,5382.3670175440275,7223.38803428425,-113.59549329106024,1810.1420826364576,1644.1159300836127,7487.363240624811,-6029.032703130217,-2533.326764948028,1280.4698239581346,-6004.897595912383,5509.764409488812,-8796.34310107228,259.647764432255,1217.194199768986,-3473.8021759995145,-6210.445603053146,-3810.596312771888,6328.333858164856,-2528.145763933135,-2058.2758571355307,2122.3652318952318,3670.1161740066073
-9154.517710705284,739.7527121287695,9093.30564188044,-13204.537129853372,13721.092988700357,-29399.25922213719,-16536.134363374713,3232.9297578321125,10978.075491748112,18418.918425870346,7247.944979771984,-7748.129404835835,7114.207178280712,-17175.49477231719,10393.176398183467,16398.810503892215,-2396.963097342281,-9610.733524125077,-7832.252680772853,-6407.138868294831,2421.795282144181,11125.24785668868,5061.338887374748,25793.216027611634,8904.804056425668,5852.5972744781175,12836.125312607946,-8191.1148468803085,-15064.81846047668,9056.02680646715,-1727.101803835303,9796.62266379014,5164.519725718791,10799.375424034228,11254.95982749058,15104.6476561327,-237.5298383257425,3785.0774203868436,3437.91932897083,15656.678686011543,-12607.150802070175,-5297.361947893587,2677.5047697127684,-12556.636792169667,11521.245289422903,-18393.86322463086,543.0160933966941,2545.2460544297096,-7264.034780236449,-12986.440415033634,-7968.23223154487,13233.059672402931,-5286.454809150485,-4304.006518863834,4438.03645732886,7674.501296704087
-9541.625959005987,770.9632227911014,9478.35819664923,-13761.794132243469,14301.27606019752,-30640.46146386942,-17234.559350620144,3368.7204500698604,11441.554040042734,19197.059304956016,7554.065966717146,-8075.447891105379,7414.404923160328,-17900.737261008748,10831.959820857583,17091.894555156665,-2497.7723068493656,-10016.987861714757,-8162.048742591481,-6677.630871702372,2524.0156487858376,11595.867100699377,5274.547081123945,26882.902606671418,9281.496419817133,6099.788248954735,13378.394163246545,-8537.144577279523,-15700.497827609306,9438.827014764136,-1799.3895714522323,10211.053929607704,5382.3670175440275,11254.95982749058,11730.595824067617,15743.076332247027,-247.48567812969472,3944.532310217816,3582.826315049455,16318.441664889942,-13140.093911950175,-5520.544739819915,2790.5231518486207,-13086.590387849117,12007.16733756351,-19171.22814946117,566.6047822985216,2652.8340015843028,-7571.290572652895,-13534.508491001878,-8304.787659861457,13792.287707435356,-5508.8323584976615,-4486.113802688532,4625.626790689321,7998.66440960903
-12805.400664650213,1034.6580825381182,12720.567117269466,-18469.007866706863,19193.0851394449,-41120.99703755834,-23129.73318095847,4520.937518958976,15355.119548775954,25763.457319366084,10137.94574592424,-10837.682494931843,9950.49753294105,-24023.69323515491,14537.026622644398,22938.231976498457,-3352.0669427455823,-13443.3539522677,-10953.83080545695,-8961.766875980842,3387.3743722338118,15562.350636118019,7078.706469405428,36078.26228312114,12456.302057476196,8186.23676762702,17954.486888027404,-11457.264931887532,-21070.82761219537,12667.384326250509,-2414.8523417866886,13703.825012784277,7223.38803428425,15104.6476561327,15743.076332247027,21128.09374562306,-332.13670225320874,5293.755521045684,4808.333304677456,21900.223933613033,-17634.77002538669,-7408.760245921693,3745.064649565672,-17562.849097745482,16114.19011754104,-25728.7910950948,760.4628081528011,3560.2577855538975,-10161.0828664449,-18163.981850428587,-11145.461302269578,18509.97350006249,-7393.054334364594,-6020.6648958541455,6207.843478604788,10734.603028779487
201.44498036690052,-16.29459166404763,-200.0879067418089,290.25401463782845,-302.12201722961316,646.6381252538132,363.7017112812584,-71.09581298995066,-241.52634504852438,-405.21376309286876,-159.28584505649565,170.46828477222016,-156.33569077819985,377.53611062913626,-228.43016525973357,-360.7024240354017,52.81048986612558,211.44950981300164,172.24567082652894,140.8903280817738,-53.39373874214276,-244.68894963728033,-111.26528359739194,-567.3414190697816,-195.89401321099783,-128.88143158422272,-282.2390785699913,180.33010138720812,331.4088021636753,-199.06685339688164,38.13469587207929,-215.57342473207765,-113.59549329106024,-237.5298383257425,-247.48567812969472,-332.13670225320874,5.367579963148355,-83.3011532897195,-75.72240012878628,-344.29687861655555,277.1995041910555,116.51278077488772,-58.776246074867515,276.1374688521991,-253.5208044958464,404.32738510325964,-11.986137718809138,-56.14074458838351,159.6923973757767,285.463414349465,175.27066924285717,-291.2129989242428,116.3257517741979,94.90326441336381,-97.68386474084308,-168.77128668675473
