V1,V2,V3,V4,V5,V6,V7,V8,V9,V10,V11,V12,V13,V14,V15,V16,V17,V18,V19,V20,V21,V22,V23,V24,V25,V26,V27,V28,V29,V30,V31,V32,V33,V34,V35,V36,V37,V38,V39,V40,V41,V42,V43,V44,V45,V46,V47,V48,V49,V50,V51,V52,V53,V54,V55,V56
4.627228130624476,-4.907076388147794,-10.953820619166116,4.321262712352636,7.431285834262663,5.941943431254352,-9.864227070421286,-8.940970182854054,0.37238604508101236,-8.798096976148276,2.1472590831330653,1.8470314057079702,5.659199904317627,-0.036297546413733936,-6.024469845172882,3.9112201296670794,-0.9807832092379258,7.0863682178967045,7.029228985961643,11.90370265106919,6.668103464576893,12.704219488563346,2.8764693612201104,2.194670453306313,-5.683562387029061,-3.5019324043656064,5.931795279555592,-10.785283305457723,1.833566529390599,-1.4299537595737617,-16.7242101543153,0.6925192796787505,3.2637696539981595,3.8396416857259363,2.3528014805720936,0.7527739807728614,0.5984951050451371,12.273382354083502,-1.7355299885475557,0.6042998304056076,3.2582274139742813,6.757707203328663,10.756674513409255,1.6012807983905488,-2.4424945946734935,0.15455769100903052,-16.797919615912175,0.8213643403077174,7.564962921935476,6.5265722929610615,5.588565056809745,-10.562130512602623,-12.940295724232593,0.16756391027724826,10.724093583826386,-0.024225952446982193
-4.907076388147794,6.551725424360137,12.29747991339408,-5.226659628330627,-9.407816304470357,-7.504363717447384,12.413104303827476,11.038534477273153,-0.06871164892963978,11.408335833456867,-2.3132572435458205,-3.404957593054139,-6.334061189698704,0.5137293618720981,7.915296635880626,-4.0874479618539095,1.828069360192723,-9.415784090245506,-8.990768245489521,-13.789890441336432,-9.525553923111467,-13.587287230281742,-2.671335588047419,-2.68013869078202,8.858932275149018,4.042631718237001,-6.899884418767877,12.113824582550393,-2.7437035196094066,0.9112843940520667,17.854522300763346,-0.49184483224809583,-3.144856301109015,-3.3437618728387837,-3.560801440483837,0.10274203296630281,-1.0014549911034893,-13.598709486120365,3.3157838051243265,-0.53692809565781,-3.099080744954617,-7.459272789277771,-13.653167770844775,-2.0074696425624508,3.274224260018032,-1.191641855953517,19.819793223388427,-0.6396096173639477,-9.011937068782585,-5.2458779466304835,-6.791604084125088,12.140269310809861,16.34973902377874,-0.6568055435976858,-13.379382572969543,-1.2187716680550922
-10.953820619166116,12.29747991339408,26.551005664617243,-10.599450120065883,-18.348542173992925,-14.779263050876306,24.372035919232815,22.11592564542509,-0.7781598292967439,21.798412529910774,-5.098812413872396,-4.999135297194374,-13.618188553106293,0.345303754871079,15.05480798923256,-9.30027045090692,2.8495935379458333,-17.695595258109172,-17.38683776327831,-28.80701532643061,-16.94822840136032,-30.197575084986127,-6.851760678790975,-5.408961836538984,14.760378808465875,8.50374890911023,-14.449203086677032,25.925827889423687,-4.819053542470159,3.0570776882334134,39.777083213596775,-1.5565813292468067,-7.4755229358898,-8.618773042739036,-6.1483183335677785,-1.262794438372063,-1.7225010283226485,-29.35453971426027,4.896996521298049,-1.339307297991023,-7.459731991167951,-15.994712628027559,-26.639286237637723,-4.1364723881790875,6.308235446507194,-0.8871439131023985,40.73740037183988,-1.755952557937029,-18.483128647769842,-14.660473069613467,-13.576593538962767,25.50243909822284,32.09556294366733,-0.6684544506017405,-26.539807273650297,-0.3668476765336064
4.321262712352636,-5.226659628330627,-10.599450120065883,4.359441790850636,7.670258808324519,6.1366121890961365,-10.149247043162298,-9.110355208792262,0.19988071466393298,-9.209770040531035,2.040089238541249,2.386569004392741,5.4442107366073405,-0.25490304289525206,-6.3625723234600065,3.6401343025093804,-1.2975722511019814,7.52606239693108,7.2942666021806515,11.68824195434463,7.37993186211041,11.945143921763153,2.536387610878873,2.225727603030955,-6.628923155415302,-3.442021515192557,5.849521733142523,-10.411995848475986,2.095336296124375,-1.0584192453370966,-15.704352880577119,0.5448502085874544,2.8935832088697797,3.2368964778288287,2.713846157074668,0.2639045447588564,0.7536375243330181,11.763963335868944,-2.316187412184161,0.5189650046557804,2.8803363967562667,6.438776816461517,11.130359610606456,1.672844546204701,-2.6370586347889917,0.6262824474497708,-16.66726547802503,0.6529726136520964,7.546623158617147,5.308565804782307,5.623508316546713,-10.330480193788771,-13.372914185091592,0.3737453092501001,10.993352572987334,0.5391161991909337
7.431285834262663,-9.407816304470357,-18.348542173992925,7.670258808324519,13.681824048409522,10.920924484554929,-18.07849282588209,-16.136570862020793,0.2247531349647081,-16.506737815994338,3.477696319139968,4.634069714633327,9.460285688586593,-0.5990355718541587,-11.409178500446314,6.205234105110169,-2.4894871251140023,13.552481367450003,13.050340995559463,20.438964779945596,13.525484275816961,20.514598449031386,4.169675112301536,3.9337749346602884,-12.375693813512216,-5.980914882291361,10.21187800459453,-18.08289006442288,3.8610363405026202,-1.5927734485942933,-26.96423117805417,0.8347228522374502,4.8721514564042785,5.327677091193236,4.987423799037992,0.1724285697959247,1.3712191679905898,20.353107093333005,-4.480729325634686,0.8478638279952029,4.823419515853631,11.185503576284106,19.834344688578298,2.9218444083324155,-4.696994305898721,1.4200773787802103,-29.25579423546599,1.0574362389016922,13.26798628938334,8.554186110981556,9.96720683240691,-18.019973605945214,-23.759486457271134,0.822817657931017,19.497973485195523,1.3961017038432146
5.941943431254352,-7.504363717447384,-14.779263050876306,6.1366121890961365,10.920924484554929,8.778961478388425,-14.46278652168361,-12.975845923131477,0.21171522753617267,-13.136099927379663,2.753203822635925,3.6703323921902555,7.589298101349713,-0.4922169677577798,-9.111615885867563,4.9854399033825,-2.0696521174906137,10.79821149924383,10.414096389432851,16.336843829320642,10.778191113825205,16.403558090201127,3.439487018129935,3.1615587911876055,-9.838459001619256,-4.782066392439206,8.196940789554537,-14.462557149202866,3.129087655571641,-1.243651214327213,-21.587996203555043,0.6795493808341376,3.8392401173054456,4.197296346690773,3.9920815528330613,0.1082484662682083,1.143316930907176,16.23375554967864,-3.614227605322547,0.6474822640732067,3.8043532346369173,8.858928752161763,15.85245604423259,2.420121630434582,-3.829324089784316,1.137267733930106,-23.32224823344854,0.808095719848814,10.631595259353498,6.864064116082387,7.918899449479968,-14.38853114431457,-19.014415505684525,0.6889078735485641,15.63142497552183,1.0221064633218557
-9.864227070421286,12.413104303827476,24.372035919232815,-10.149247043162298,-18.07849282588209,-14.46278652168361,23.908519978003778,21.38264567870452,-0.32968735993875004,21.77808215918291,-4.594759113142801,-6.070798027241919,-12.554843428477318,0.7810522692178895,15.063754018627051,-8.248763025280109,3.3107329228337945,-17.878411278545002,-17.24004768763549,-27.068169913321768,-17.822373173397462,-27.21854350091644,-5.603044808208371,-5.212836112927358,16.269553229037335,7.918708482716067,-13.539124743319354,23.96867727569273,-5.110369253225724,2.1229347591790453,35.79314474157369,-1.1231971084133952,-6.451107167356248,-7.071409532949151,-6.569881940405438,-0.25643438361366966,-1.8239521768583835,-26.95986127319618,5.897893946005518,-1.112269303884125,-6.388746401452217,-14.789245391014168,-26.214854790151325,-3.9036132062018836,6.236440862636285,-1.8391365228051697,38.69456119095326,-1.394926128716397,-17.574670257631233,-11.443544990583309,-13.163563098853508,23.8590531680679,31.414184413646137,-1.0895306601749037,-25.80363734617453,-1.750161806697656
-8.940970182854054,11.038534477273153,22.11592564542509,-9.110355208792262,-16.136570862020793,-12.975845923131477,21.38264567870452,19.225851600404038,-0.3816659778884597,19.361845294227436,-4.138478495443205,-5.2392919809979706,-11.361085851009816,0.6517586685774917,13.420198728096858,-7.515480885997843,2.9569830205454415,-15.880592924000736,-15.37093211710354,-24.36094787424996,-15.74036468782027,-24.66685166699711,-5.2564964193192125,-4.685418537640534,14.254689646898088,7.140121152808076,-12.220702648212267,21.635072718512276,-4.55410822309793,1.9915016529049367,32.473728328832976,-1.067648139712136,-5.840630879393686,-6.457495808286601,-5.805319514440344,-0.3405237348490464,-1.6532265797597323,-24.322527966974313,5.152649267700751,-0.9945317327172306,-5.791136794676594,-13.273548942946778,-23.422341336818192,-3.58217761469023,5.632254050446948,-1.5160886640613336,34.70807138362431,-1.2582274281036483,-15.812675572820723,-10.657087566757498,-11.746589952574022,21.47469473585294,28.113385829073536,-0.9439436255073248,-23.142164857125866,-1.2928329048756513
0.37238604508101236,-0.06871164892963978,-0.7781598292967439,0.19988071466393298,0.2247531349647081,0.21171522753617267,-0.32968735993875004,-0.3816659778884597,0.12299868755000848,-0.18491398638544143,0.1593622016606644,-0.22137042736173587,0.3885936837139555,0.10575348788273732,-0.11960006887119724,0.34424555681941255,0.07901988514885898,0.10016189589800045,0.18749580301092647,0.68255121847957545,-0.07228941539247552,1.005523169134467,0.37657708018845637,0.098898749743854375,0.25259938996746384,-0.21108084162681198,0.35138422826219085,-0.7141561723792752,-0.026625670395088157,-0.25283870858765545,-1.342988933888095,0.12160985894023542,0.3162426251760638,0.45861852091985983,-0.05979727670903712,0.2637358224339025,-0.013806875343809873,0.8426262866913264,0.20378330750602272,0.06273948152047606,0.32766439153540616,0.43668477450277,0.3302642164105172,0.09652921596787908,-0.07133448184670661,-0.2336620094950432,-0.851079341598034,0.10440182418959365,0.38669566268596084,0.9419129963902787,0.21922779430171488,-0.6249716522475065,-0.43339815404037635,-0.09205730972031005,0.4091162687709284,-0.34845767972822767
-8.798096976148276,11.408335833456867,21.798412529910774,-9.209770040531035,-16.506737815994338,-13.136099927379663,21.77808215918291,19.361845294227436,-0.18491398638544143,19.98836730774368,-4.150710153737006,-5.777106137698035,-11.245446780342427,0.7879264466042472,13.81181933686694,-7.325566985230326,3.04943982223303,-16.43843965813529,-15.760418253919987,-24.432973768540794,-16.503876485872013,-24.320425708244244,-4.802928518768901,-4.718859467539357,15.223391403990412,7.149089278228741,-12.192953530718208,21.543748075315936,-4.697044908424408,1.7940727281555886,31.937443496274,-0.9403648245904669,-5.743863944903611,-6.2097368268696895,-6.109609101456576,-0.045457394959183474,-1.6695819198997928,-24.24553315366317,5.563338459107015,-1.0070259478963854,-5.682342125227459,-13.35219386304829,-23.92518132371253,-3.474952020139833,5.654795595896263,-1.8726414127310451,35.08191961138664,-1.232158083794386,-15.885799013328516,-9.792307370840819,-11.998933138489296,21.53608583274726,28.63738493267799,-1.0398038719589981,-23.449373161889493,-1.9441600422059848
2.1472590831330653,-2.3132572435458205,-5.098812413872396,2.040089238541249,3.477696319139968,2.753203822635925,-4.594759113142801,-4.138478495443205,0.1593622016606644,-4.150710153737006,1.0563169445190803,0.8372609810594348,2.616540318838483,-0.00256421617057337,-2.8388507453779432,1.8294158560915328,-0.40243986985221747,3.3366625650829658,3.2818559791295168,5.572428810080566,3.104117055386449,5.95516707957855,1.3158578057270742,1.0182965080901036,-2.6459320945789555,-1.6669072264010887,2.773839919956705,-5.045484849945168,0.8266861115729552,-0.7094901911733806,-7.812618880055152,0.3341226237549414,1.554517550841303,1.825718803934516,1.118114499450618,0.3529755605379616,0.2849838065311007,5.789264088211786,-0.7740488821649335,0.313081507834684,1.5633027967173916,3.1842639069480665,5.044415552161106,0.7353074624399891,-1.1388490089755356,0.06623455669596644,-7.915448952581664,0.3993918923010806,3.5268274540362046,3.026318911892289,2.6231491482126623,-4.967905226689757,-6.091923205442644,0.03455321045612181,5.011026510747568,0.007740276867576125
1.8470314057079702,-3.404957593054139,-4.999135297194374,2.386569004392741,4.634069714633327,3.6703323921902555,-6.070798027241919,-5.2392919809979706,-0.22137042736173587,-5.777106137698035,0.8372609810594348,2.3982400172685185,2.6090285899245806,-0.5426080718686235,-4.037013337372245,1.4520432480066898,-1.2732924797838705,4.899368626209392,4.499649360006936,5.9755932819776385,5.398475262276149,5.108909519112531,0.6523607357782246,1.2585230375662204,-5.439515412083991,-1.693584993553303,2.979671844750076,-4.990306641832674,1.6116324477670294,0.13854680801009825,-6.694820676739373,-0.01579864842339984,0.9441265560841067,0.7212261576526147,2.0721351773769756,-0.6811576815142275,0.5891270029196052,5.441459942990628,-2.3392660691983127,0.10888756858535314,0.8871538350566028,3.029350350097357,6.708249881705982,0.9200502070428004,-1.6579502820577736,1.1978732575623996,-8.82014580845104,0.08363150347288675,4.062588591011381,0.7277738209005084,3.193957154277121,-5.174900357521433,-7.925115616123119,0.6272690328255264,6.404246204369624,1.428186982760671
5.659199904317627,-6.334061189698704,-13.618188553106293,5.4442107366073405,9.460285688586593,7.589298101349713,-12.554843428477318,-11.361085851009816,0.3885936837139555,-11.245446780342427,2.616540318838483,2.6090285899245806,7.021726957201651,-0.17445798640307475,-7.74555007202594,4.777624644067681,-1.4352176043946296,9.122436087849724,8.970584723300561,14.845747605984785,8.754580080941633,15.562240630138819,3.4755049699926532,2.776793291447061,-7.638523042624905,-4.36576094127709,7.421798044533028,-13.35928379405698,2.465394452247772,-1.5792191805066345,-20.4978657866968,0.7873137604641863,3.884216699922557,4.480209674909403,3.1474426167575746,0.6834540468330431,0.8458770840433103,15.132612331762726,-2.5122074951300557,0.6951560779138661,3.863366877332517,8.295795489620293,13.713269684472284,2.0726960862819794,-3.191413600547134,0.45273484132206976,-21.003758760443752,0.9257493340103855,9.513712117761337,7.573992585863151,7.025722517219495,-13.140329997506855,-16.489863271922964,0.345410887250388,13.640955812029313,0.23833604969118075
-0.036297546413733936,0.5137293618720981,0.345303754871079,-0.25490304289525206,-0.5990355718541587,-0.4922169677577798,0.7810522692178895,0.6517586685774917,0.10575348788273732,0.7879264466042472,-0.00256421617057337,-0.5426080718686235,-0.17445798640307475,0.1817166466094682,0.5849419733091101,-0.006881221638050724,0.325552457960007,-0.7221194520228729,-0.6024133005824008,-0.49833833478466105,-0.9350686710606092,-0.11899489299866305,0.09046984548142441,-0.14685849500516962,1.0626975731038253,0.132442988258468,-0.2653981866648282,0.31577415550686677,-0.3209821000918997,-0.23091019944554492,0.1610518629705833,0.0867810884390303,0.11298836285046356,0.2612200296314618,-0.3973788815516924,0.326617114382905,-0.1429393520502598,-0.2669269507746276,0.5673881921718819,0.05059621367242429,0.13292559638491863,-0.12788977690502082,-0.8800058197621868,-0.14027706211060625,0.27699458560361223,-0.37862321895866086,0.8034753014199039,0.09117591253241938,-0.41777338158654165,0.5526233201232746,-0.33873417120562793,0.3963858805087926,1.0271347716722237,-0.19753368035306168,-0.8086952068678198,-0.4301882609894746
-6.024469845172882,7.915296635880626,15.05480798923256,-6.3625723234600065,-11.409178500446314,-9.111615885867563,15.063754018627051,13.420198728096858,-0.11960006887119724,13.81181933686694,-2.8388507453779432,-4.037013337372245,-7.74555007202594,0.5849419733091101,9.577057801388117,-5.0301254637341595,2.1829387426268396,-11.382435944497136,-10.895180771914058,-16.825486853657576,-11.461603974673778,-16.676737239392345,-3.3299659561005255,-3.2634193581815722,10.602375676086822,4.934312539925041,-8.42172529366516,14.814526742323952,-3.298990027266412,1.1741509175488074,21.915645407051443,-0.6324729719547403,-3.883091746202488,-4.166082274618363,-4.274712497298194,0.05032000271093513,-1.2042727227761725,-16.642538869385678,3.9352233359277795,-0.6676559641373694,-3.8364962027545686,-9.119953489085276,-16.558076426249738,-2.452666648899155,3.97142982096372,-1.3642021485761222,24.149089499981663,-0.8032443477803032,-10.975308278137783,-6.598422420287506,-8.252566518256565,14.820238617836797,19.839561455698824,-0.7613442609236127,-16.247712349922633,-1.3657455253925534
3.9112201296670794,-4.0874479618539095,-9.30027045090692,3.6401343025093804,6.205234105110169,4.9854399033825,-8.248763025280109,-7.515480885997843,0.34424555681941255,-7.325566985230326,1.8294158560915328,1.4520432480066898,4.777624644067681,-0.006881221638050724,-5.0301254637341595,3.3321812255903525,-0.8063663425518205,5.892800037279693,5.8583996864342955,10.024351087656475,5.489495983578534,10.76672161724201,2.5077207551782728,1.8454599780885939,-4.624611510979409,-2.9674863371527804,5.014013282083047,-9.106212302641179,1.520526474061066,-1.247825589631176,-14.178607048843714,0.6120033969529282,2.763030597262875,3.269387934682701,1.950802788464001,0.6682636372491856,0.5203307311896564,10.371902469993127,-1.3917329955334306,0.5153391171731623,2.767890942726607,5.670831062220479,8.999619036314844,1.3846262328259151,-2.077428849779418,0.07571618406229691,-14.11624829953907,0.6927065162900857,6.366895683626648,5.619419274500201,4.662945124900441,-8.903794398849563,-10.860100862536537,0.11205031587627488,9.00572943608237,-0.13447727916812766
-0.9807832092379258,1.828069360192723,2.8495935379458333,-1.2975722511019814,-2.4894871251140023,-2.0696521174906137,3.3107329228337945,2.9569830205454415,0.07901988514885898,3.04943982223303,-0.40243986985221747,-1.2732924797838705,-1.4352176043946296,0.325552457960007,2.1829387426268396,-0.8063663425518205,0.8332795802382279,-2.6137508417977986,-2.4157811155080187,-3.2074012313818216,-2.9025246462638292,-2.7170308253502164,-0.49688888257905744,-0.7088802833138753,2.9053660570674187,0.90930111291146,-1.6543084571650422,2.681082493595073,-0.9521286379230635,-0.1444570206562693,3.600085431419481,-0.002960673047124237,-0.3991990881503284,-0.25630683649124375,-1.146110555955273,0.44443134014021973,-0.40008167488187524,-2.8462357872279354,1.347460144502408,-0.006201810696574971,-0.3762254821996504,-1.485390962659314,-3.636158586246511,-0.6338468728034498,1.0228496746125397,-0.6759224958383943,4.649259585541873,0.0226248832153378,-2.2285955811962928,-0.3598016352336897,-1.64924808643049,2.750859295853245,4.33218992905256,-0.39961324080584454,-3.539210143720642,-0.6573512174509782
7.0863682178967045,-9.415784090245506,-17.695595258109172,7.52606239693108,13.552481367450003,10.79821149924383,-17.878411278545002,-15.880592924000736,0.10016189589800045,-16.43843965813529,3.3366625650829658,4.899368626209392,9.122436087849724,-0.7221194520228729,-11.382435944497136,5.892800037279693,-2.6137508417977986,13.556283298287603,12.953566405945251,19.87480860795882,13.709849795857398,19.60162983035366,3.826695244545635,3.8644256802860464,-12.74059817768654,-5.810994422046198,9.93061499895941,-17.465419483943492,3.9330986425029235,-1.3288730323174769,-25.74498746737849,0.7155069181307879,4.5558657336117605,4.857549769624658,5.103953346793313,-0.12514106072029754,1.4171258766551469,19.61078639956894,-4.74712428597731,0.7827961003074684,4.497736080098876,10.782676104381324,19.652257475506055,2.869546230752065,-4.687124353617835,1.6885352882614233,-28.575422287065948,0.9422907849137631,12.97014811678944,7.602355166699957,9.8005347057016845,-17.497392253316182,-23.514926361594206,0.932295484409649,19.240219539803984,1.7605193390176979
7.029228985961643,-8.990768245489521,-17.38683776327831,7.2942666021806515,13.050340995559463,10.414096389432851,-17.24004768763549,-15.37093211710354,0.18749580301092647,-15.760418253919987,3.2818559791295168,4.499649360006936,8.970584723300561,-0.6024133005824008,-10.895180771914058,5.8583996864342955,-2.4157811155080187,12.953566405945251,12.456317063911833,19.408227358741275,12.977834905096014,19.39858075488591,3.9051992961280426,3.745735847711641,-11.920602675111063,-5.670566014411825,9.694483582488983,-17.144176417419274,3.7110354118547693,-1.4548646396079914,-25.496326471458037,0.7677826038950172,4.582992493444111,4.98384518916202,4.788769805163891,0.09882034934046859,1.3155890779157655,19.277475110672594,-4.350016824263015,0.7910251043740336,4.532028560998604,10.601981115765346,18.915266629586913,2.7775807061504643,-4.48212286969675,1.4190643068000022,-27.80259979962429,0.9844379805897789,12.615089201472541,7.964200548134382,9.49201162537566,-17.10081369235123,-22.644001397921336,0.8192408490264648,18.576002992316173,1.4210986305534323
11.90370265106919,-13.789890441336432,-28.80701532643061,11.68824195434463,20.438964779945596,16.336843829320642,-27.068169913321768,-24.36094787424996,0.68255121847957545,-24.432973768540794,5.572428810080566,5.9755932819776385,14.845747605984785,-0.49833833478466105,-16.825486853657576,10.024351087656475,-3.2074012313818216,19.87480860795882,19.408227358741275,31.645092504566836,19.258593468152604,32.80632898824163,7.098514747848987,5.957326525800211,-17.04164173167605,-9.307342635121065,15.80317869958233,-28.346259285084585,5.407957383490506,-3.167437630748384,-43.153670775707596,1.5845831996227202,8.121308123601903,9.249113247389477,6.981198656206396,1.15023477597491,1.873600803838326,32.10140595118664,-5.730485726938606,1.469860778868997,8.082544363200826,17.628833701974173,29.625461561895438,4.412208552528547,-6.899972692540702,1.2775928432000891,-44.9703239442035,1.9105069596412827,20.32479091151342,15.353413627326077,15.118014165675376,-28.001290789150964,-35.59173463542239,0.8336294165197248,29.34084951101057,0.9857323153339796
6.668103464576893,-9.525553923111467,-16.94822840136032,7.37993186211041,13.525484275816961,10.778191113825205,-17.822373173397462,-15.74036468782027,-0.07228941539247552,-16.503876485872013,3.104117055386449,5.398475262276149,8.754580080941633,-0.9350686710606092,-11.461603974673778,5.489495983578534,-2.9025246462638292,13.709849795857398,12.977834905096014,19.258593468152604,14.183959615213125,18.43835111686192,3.382585159771498,3.8180035495686906,-13.475409393120442,-5.590349096594396,9.626618631138534,-16.741389779589444,4.128512863154034,-0.895249195793141,-24.215382771809228,0.5314050076387835,4.097459016743145,4.165932897732366,5.32632750272336,-0.5842811331675711,1.499093576140989,18.667894224540724,-5.2579707932134925,0.6587939959820522,4.012844848680131,10.276756649685518,19.608540196725997,2.84208656835568,-4.735749763497425,2.1265920894597135,-27.831850096271275,0.7614399479020212,12.691138619013465,6.271375006868169,9.660273196013769,-16.888130187224117,-23.393781668427554,1.1611299226004086,19.094483365399636,2.3196329484416665
12.704219488563346,-13.587287230281742,-30.197575084986127,11.945143921763153,20.514598449031386,16.403558090201127,-27.21854350091644,-24.66685166699711,1.005523169134467,-24.320425708244244,5.95516707957855,5.108909519112531,15.562240630138819,-0.11899489299866305,-16.676737239392345,10.76672161724201,-2.7170308253502164,19.60162983035366,19.39858075488591,32.80632898824163,18.43835111686192,34.96205781265684,7.916244340403416,6.052576959108245,-15.744743265003953,-9.688263161869017,16.366282756989126,-29.70325718957726,5.074796075633691,-3.9309245646029694,-46.008647991105775,1.908470309763748,8.960227055494748,10.518189188649758,6.557347494349744,2.004554796783099,1.7011274106371368,33.82478401907352,-4.829637755337482,1.675481500791058,8.955908648268574,18.580764458698486,29.72324235947914,4.451976093352297,-6.7941322380153775,0.479718633588578,-46.340995144613316,2.24121413284144,20.862605537783427,17.835628292879967,15.399698550981359,-29.124382189763935,-35.79817764605506,0.45333607560670847,29.62841686824796,-0.027216557221474307
2.8764693612201104,-2.671335588047419,-6.851760678790975,2.536387610878873,4.169675112301536,3.439487018129935,-5.603044808208371,-5.2564964193192125,0.37657708018845637,-4.802928518768901,1.3158578057270742,0.6523607357782246,3.4755049699926532,0.09046984548142441,-3.3299659561005255,2.5077207551782728,-0.49688888257905744,3.826695244545635,3.9051992961280426,7.098514747848987,3.382585159771498,7.916244340403416,2.099639271556837,1.2898399196770713,-2.62593778847341,-2.1251767035464098,3.598364459743401,-6.55426173306839,0.9794891589965251,-1.0378332061152276,-10.472751956603819,0.5279562262731254,2.039755934071616,2.502091258301822,1.1948973407248717,0.6731363512230565,0.3705330150241044,7.463154481089731,-0.7016554209364915,0.3680950395039463,2.0551545664092212,3.9862043718716342,6.080095142721683,1.0659057148487843,-1.4756607801053436,-0.18826824611110615,-9.824584569773945,0.5115222064527722,4.489005627811597,4.58334309195266,3.148406207336708,-6.315895236063831,-7.409769545855972,-1.3200115472154886e-5,6.218278752469453,-0.5436461706724687
2.194670453306313,-2.68013869078202,-5.408961836538984,2.225727603030955,3.9337749346602884,3.1615587911876055,-5.212836112927358,-4.685418537640534,0.098898749743854375,-4.718859467539357,1.0182965080901036,1.2585230375662204,2.776793291447061,-0.14685849500516962,-3.2634193581815722,1.8454599780885939,-0.7088802833138753,3.8644256802860464,3.745735847711641,5.957326525800211,3.8180035495686906,6.052576959108245,1.2898399196770713,1.1458787857729014,-3.4446890313220067,-1.7432560685056213,2.9859430139986145,-5.297524802420048,1.0994355608528743,-0.5026422224875821,-7.9629250552545106,0.269350950491199,1.441661216149473,1.602804466973379,1.4024486490802694,0.09938563752734389,0.39608457717703777,5.960532203529606,-1.2329032071683392,0.24887883391237375,1.4349828051843008,3.256769712100311,5.706487787386619,0.8718714499914405,-1.3672523497620932,0.3484289494565326,-8.487989551650207,0.3171410236708561,3.8579460676745794,2.645663553531385,2.870187906407087,-5.253837670205584,-6.84789735466922,0.21828069539936007,5.6359522466544725,0.2978356394084482
-5.683562387029061,8.858932275149018,14.760378808465875,-6.628923155415302,-12.375693813512216,-9.838459001619256,16.269553229037335,14.254689646898088,0.25259938996746384,15.223391403990412,-2.6459320945789555,-5.439515412083991,-7.638523042624905,1.0626975731038253,10.602375676086822,-4.624611510979409,2.9053660570674187,-12.74059817768654,-11.920602675111063,-17.04164173167605,-13.475409393120442,-15.744743265003953,-2.62593778847341,-3.4446890313220067,13.092879416725236,4.922926923938937,-8.51662352749746,14.621935118444574,-3.9577798298308116,0.41351206223068454,20.65936209297426,-0.3049496459334443,-3.3211856511905653,-3.150900313096625,-5.117298640065098,0.9899445134515674,-1.4538063755566537,-16.2032021372095,5.3076735436529345,-0.5007453251544918,-3.220200032976819,-8.939106093885451,-17.941782857024833,-2.557360075241278,4.377921431448527,-2.3877723228788525,24.811760861891226,-0.5293453733597925,-11.347556102188051,-4.396506749576832,-8.72716937766675,14.890986829932572,21.347931957170243,-1.265627328091711,-17.353661510962382,-2.7111244515580863
-3.5019324043656064,4.042631718237001,8.50374890911023,-3.442021515192557,-5.980914882291361,-4.782066392439206,7.918708482716067,7.140121152808076,-0.21108084162681198,7.149089278228741,-1.6669072264010887,-1.693584993553303,-4.36576094127709,0.132442988258468,4.934312539925041,-2.9674863371527804,0.90930111291146,-5.810994422046198,-5.670566014411825,-9.307342635121065,-5.590349096594396,-9.688263161869017,-2.1251767035464098,-1.7432560685056213,4.922926923938937,2.7609744535032745,-4.657311200968715,8.348232045181415,-1.5672994620417133,0.9689978400129635,12.742185474780086,-0.48132952552296193,-2.407333350541495,-2.7494000434529178,-2.0450036245922303,-0.3606885928445308,-0.5618361725066148,-9.477502166701269,1.6359502974362488,-0.44539429408110065,-2.399373412963691,-5.181831798045239,-8.684586453466439,-1.3084595529854637,2.0366531400879033,-0.3487434974828762,13.225052945741684,-0.5656394123620241,-5.974231345012291,-4.572898491756216,-4.424551525646477,8.249355301291931,10.461970063224292,-0.21658044115402356,-8.616930795534856,-0.235968394367874
5.931795279555592,-6.899884418767877,-14.449203086677032,5.849521733142523,10.21187800459453,8.196940789554537,-13.539124743319354,-12.220702648212267,0.35138422826219085,-12.192953530718208,2.773839919956705,2.979671844750076,7.421798044533028,-0.2653981866648282,-8.42172529366516,5.014013282083047,-1.6543084571650422,9.93061499895941,9.694483582488983,15.80317869958233,9.626618631138534,16.366282756989126,3.598364459743401,2.9859430139986145,-8.51662352749746,-4.657311200968715,7.916256498831932,-14.153031880794149,2.734900094809321,-1.5569677995853664,-21.541616351684745,0.7947079328405413,4.012194652131257,4.561283194755266,3.5124720913848733,0.5357872860513119,0.9763675851969438,16.006578820991695,-2.9016372845757123,0.7170489653655063,3.9956865198101257,8.745161397943194,14.820323588465092,2.2601385724427887,-3.505130322846422,0.6604517776336705,-22.434215170436122,0.9251972780269268,10.17103629680767,7.632046781566707,7.524333071078782,-13.977757935030004,-17.82783271320583,0.4366840702479514,14.703519336499214,0.45755918405166246
-10.785283305457723,12.113824582550393,25.925827889423687,-10.411995848475986,-18.08289006442288,-14.462557149202866,23.96867727569273,21.635072718512276,-0.7141561723792752,21.543748075315936,-5.045484849945168,-4.990306641832674,-13.35928379405698,0.31577415550686677,14.814526742323952,-9.106212302641179,2.681082493595073,-17.465419483943492,-17.144176417419274,-28.346259285084585,-16.741389779589444,-29.70325718957726,-6.55426173306839,-5.297524802420048,14.621935118444574,8.348232045181415,-14.153031880794149,25.49773751988104,-4.67272869778811,3.0476629777476956,39.081815824460435,-1.5084585579707792,-7.448490815243173,-8.587693516374635,-6.026285519131589,-1.2979344587651094,-1.6013616424645087,-28.930810563315855,4.768295293211869,-1.3628522616367915,-7.425711663198042,-15.884780644302559,-26.207230524579316,-3.9195208158126937,6.0675423149090575,-0.8634605720552914,40.181345120201335,-1.7943119796266738,-18.13957318341972,-14.395391056331974,-13.447005838723605,25.111334839171764,31.514943766173918,-0.6151686301409979,-26.023561736531207,-0.5251209010802079
1.833566529390599,-2.7437035196094066,-4.819053542470159,2.095336296124375,3.8610363405026202,3.129087655571641,-5.110369253225724,-4.55410822309793,-0.026625670395088157,-4.697044908424408,0.8266861115729552,1.6116324477670294,2.465394452247772,-0.3209821000918997,-3.298990027266412,1.520526474061066,-0.9521286379230635,3.9330986425029235,3.7110354118547693,5.407957383490506,4.128512863154034,5.074796075633691,0.9794891589965251,1.0994355608528743,-3.9577798298308116,-1.5672994620417133,2.734900094809321,-4.67272869778811,1.2573319641569831,-0.15171206876998544,-6.688549878545725,0.12781113761840504,1.0422192801953472,1.0114875670074779,1.577856458318063,-0.2797113825111329,0.4885680082464923,5.150009089486549,-1.6321267641873003,0.14065233756363885,1.015197343276925,2.7812190788479074,5.616921358264689,0.8830120678417913,-1.4336936597446701,0.6967363745637815,-7.791152300600811,0.1514119544895282,3.611796035545862,1.567965322636059,2.7021598708009957,-4.7183359175629205,-6.7133192899998315,0.4015721950077223,5.492981823099231,0.6899307333232632
-1.4299537595737617,0.9112843940520667,3.0570776882334134,-1.0584192453370966,-1.5927734485942933,-1.243651214327213,2.1229347591790453,1.9915016529049367,-0.25283870858765545,1.7940727281555886,-0.7094901911733806,0.13854680801009825,-1.5792191805066345,-0.23091019944554492,1.1741509175488074,-1.247825589631176,-0.1444570206562693,-1.3288730323174769,-1.4548646396079914,-3.167437630748384,-0.895249195793141,-3.9309245646029694,-1.0378332061152276,-0.5026422224875821,0.41351206223068454,0.9689978400129635,-1.5569677995853664,3.0476629777476956,-0.15171206876998544,0.7839251080926778,5.163106944519476,-0.3386547306113822,-1.2110805097784239,-1.590688521861474,-0.24181917199034206,-0.6776073216274191,-0.008819569558893393,-3.614018577084309,-0.20851735050799886,-0.273279872754619,-1.2348032726041198,-2.0097391741556967,-2.2975587732903184,-0.3222698542191388,0.41811512713228804,0.448913206370696,4.355080487301751,-0.38777826798471204,-1.8776391688623622,-2.8185285338340917,-1.347862576235643,2.8827166683177117,2.8214796395713333,0.22500413765278485,-2.380319495445661,0.5722374027271164
-16.7242101543153,17.854522300763346,39.777083213596775,-15.704352880577119,-26.96423117805417,-21.587996203555043,35.79314474157369,32.473728328832976,-1.342988933888095,31.937443496274,-7.812618880055152,-6.694820676739373,-20.4978657866968,0.1610518629705833,21.915645407051443,-14.178607048843714,3.600085431419481,-25.74498746737849,-25.496326471458037,-43.153670775707596,-24.215382771809228,-46.008647991105775,-10.472751956603819,-7.9629250552545106,20.65936209297426,12.742185474780086,-21.541616351684745,39.081815824460435,-6.688549878545725,5.163106944519476,60.568423591672705,-2.513324005094139,-11.772815136312442,-13.825544910241925,-8.611583892568426,-2.647319882770883,-2.2485287008542967,-44.48206480845074,6.353675826912006,-2.1870311588526916,-11.759880230966518,-24.413830196121328,-39.07468346069095,-5.8830491176400175,8.954938244429641,-0.6211883313570833,60.91164626043371,-2.9342526316023694,-27.455722427093537,-23.519408521777873,-20.23131867332462,38.30153173630578,47.06767485072814,-0.6132410777402705,-38.98063523807162,0.09483300259829894
0.6925192796787505,-0.49184483224809583,-1.5565813292468067,0.5448502085874544,0.8347228522374502,0.6795493808341376,-1.1231971084133952,-1.067648139712136,0.12160985894023542,-0.9403648245904669,0.3341226237549414,-0.01579864842339984,0.7873137604641863,0.0867810884390303,-0.6324729719547403,0.6120033969529282,-0.002960673047124237,0.7155069181307879,0.7677826038950172,1.5845831996227202,0.5314050076387835,1.908470309763748,0.5279562262731254,0.269350950491199,-0.3049496459334443,-0.48132952552296193,0.7947079328405413,-1.5084585579707792,0.12781113761840504,-0.3386547306113822,-2.513324005094139,0.160431980641799,0.5465867984819962,0.7100425289275093,0.16628582219987947,0.27129127494757554,0.0405837529266885,1.758256235602767,0.020529392080269316,0.11529738035369638,0.5618495324844143,0.9501825739872601,1.2130122064063271,0.20826841989169678,-0.2664086496412165,-0.1723396109002307,-2.1733730300688627,0.16256579173889604,0.9617038877144194,1.2965194368209285,0.6717164367710533,-1.429783045165835,-1.4924052705349624,-0.07513938238443625,1.2592808079331166,-0.25980740168293853
3.2637696539981595,-3.144856301109015,-7.4755229358898,2.8935832088697797,4.8721514564042785,3.8392401173054456,-6.451107167356248,-5.840630879393686,0.3162426251760638,-5.743863944903611,1.554517550841303,0.9441265560841067,3.884216699922557,0.11298836285046356,-3.883091746202488,2.763030597262875,-0.3991990881503284,4.5558657336117605,4.582992493444111,8.121308123601903,4.097459016743145,8.960227055494748,2.039755934071616,1.441661216149473,-3.3211856511905653,-2.407333350541495,4.012194652131257,-7.448490815243173,1.0422192801953472,-1.2110805097784239,-11.772815136312442,0.5465867984819962,2.4475839831392117,2.9665744629469994,1.3932599434159478,0.7916777194753953,0.29495353951179,8.582576179725548,-0.8021211463752193,0.4917263227733247,2.4533695808289395,4.778566872059458,7.0339770725465485,0.9797221967113044,-1.490589809551986,-0.1599381992876244,-11.436874565336318,0.675681063295537,5.071440484248606,5.02069874639285,3.769346183858449,-7.253802101120529,-8.475241409631494,-0.04965239996953597,7.030455210785734,-0.25989484790762873
3.8396416857259363,-3.3437618728387837,-8.618773042739036,3.2368964778288287,5.327677091193236,4.197296346690773,-7.071409532949151,-6.457495808286601,0.45861852091985983,-6.2097368268696895,1.825718803934516,0.7212261576526147,4.480209674909403,0.2612200296314618,-4.166082274618363,3.269387934682701,-0.25630683649124375,4.857549769624658,4.98384518916202,9.249113247389477,4.165932897732366,10.518189188649758,2.502091258301822,1.602804466973379,-3.150900313096625,-2.7494000434529178,4.561283194755266,-8.587693516374635,1.0114875670074779,-1.590688521861474,-13.825544910241925,0.7100425289275093,2.9665744629469994,3.6874005999252875,1.3581960264238153,1.1706878212217497,0.2517302944961769,9.951572143867244,-0.5473369650535737,0.6093211908547549,2.985991448963949,5.54647334766308,7.682532089366889,1.0724784129851992,-1.574646021516585,-0.46323726608859594,-12.932658052862989,0.8576310251079647,5.705000371343434,6.35370684571547,4.205698864163731,-8.290714720614886,-9.281491618650772,-0.19057477129782557,7.7413499740038825,-0.6386760527117331
2.3528014805720936,-3.560801440483837,-6.1483183335677785,2.713846157074668,4.987423799037992,3.9920815528330613,-6.569881940405438,-5.805319514440344,-0.05979727670903712,-6.109609101456576,1.118114499450618,2.0721351773769756,3.1474426167575746,-0.3973788815516924,-4.274712497298194,1.950802788464001,-1.146110555955273,5.103953346793313,4.788769805163891,6.981198656206396,5.32632750272336,6.557347494349744,1.1948973407248717,1.4024486490802694,-5.117298640065098,-2.0450036245922303,3.5124720913848733,-6.026285519131589,1.577856458318063,-0.24181917199034206,-8.611583892568426,0.16628582219987947,1.3932599434159478,1.3581960264238153,2.0455504550240096,-0.3429500437112119,0.6119550265805748,6.699386331604361,-2.0597624211084575,0.2183896056363522,1.3630749194666765,3.6447038124704267,7.254872785459474,1.0883643811488635,-1.8108765612226767,0.8927127371998382,-10.123046944361896,0.2238634203319668,4.639995634863908,1.9967173496229305,3.5142287682348625,-6.1160642377616075,-8.678510995899888,0.47040689004309205,7.061508782192438,0.9449603206740388
0.7527739807728614,0.10274203296630281,-1.262794438372063,0.2639045447588564,0.1724285697959247,0.1082484662682083,-0.25643438361366966,-0.3405237348490464,0.2637358224339025,-0.045457394959183474,0.3529755605379616,-0.6811576815142275,0.6834540468330431,0.326617114382905,0.05032000271093513,0.6682636372491856,0.44443134014021973,-0.12514106072029754,0.09882034934046859,1.15023477597491,-0.5842811331675711,2.004554796783099,0.6731363512230565,0.09938563752734389,0.9899445134515674,-0.3606885928445308,0.5357872860513119,-1.2979344587651094,-0.2797113825111329,-0.6776073216274191,-2.647319882770883,0.27129127494757554,0.7916777194753953,1.1706878212217497,-0.3429500437112119,0.7655275336322435,-0.17703396232977042,1.6440692657511724,0.7563651073314839,0.1928830285646545,0.8105275162535309,0.9558497327271883,0.22080315212125926,-0.0036703044869279165,0.11363263510514275,-0.6784981382464889,-1.4153450227015518,0.3144051652747147,0.5476994206655572,2.20561955755158,0.34630603432824225,-1.10122616929818,-0.3141312170514327,-0.3268949118115506,0.35728814620007304,-0.8065711858634569
0.5984951050451371,-1.0014549911034893,-1.7225010283226485,0.7536375243330181,1.3712191679905898,1.143316930907176,-1.8239521768583835,-1.6532265797597323,-0.013806875343809873,-1.6695819198997928,0.2849838065311007,0.5891270029196052,0.8458770840433103,-0.1429393520502598,-1.2042727227761725,0.5203307311896564,-0.40008167488187524,1.4171258766551469,1.3155890779157655,1.873600803838326,1.499093576140989,1.7011274106371368,0.3705330150241044,0.39608457717703777,-1.4538063755566537,-0.5618361725066148,0.9763675851969438,-1.6013616424645087,0.4885680082464923,-0.008819569558893393,-2.2485287008542967,0.0405837529266885,0.29495353951179,0.2517302944961769,0.6119550265805748,-0.17703396232977042,0.2298414605415255,1.7464487665809112,-0.6470279419504191,0.03201233116098153,0.291204947020548,0.8872130835719761,2.021034190375179,0.3746308225400433,-0.5815197997662493,0.3014455638239822,-2.6996854688351304,0.011643703508813039,1.2805707007578624,0.41127683492714884,0.919191908282281,-1.6314742597584224,-2.4475568298952197,0.16638858366123757,1.9943876144068389,0.2471744074156339
