V1,V2,V3,V4,V5,V6,V7,V8,V9,V10,V11,V12,V13,V14,V15,V16,V17,V18,V19,V20,V21,V22,V23,V24,V25,V26,V27,V28,V29,V30,V31,V32,V33,V34,V35,V36,V37,V38,V39,V40,V41,V42,V43,V44,V45,V46,V47,V48,V49,V50,V51,V52,V53,V54,V55,V56
0.20659271957012482,-0.17182210977654847,0.5387295135935126,0.07763419842009742,0.30103301001206256,-0.27497342513284834,-0.13840321233756744,0.4218463722566978,-0.21094687050397298,-0.665460296511668,0.31446557593773133,0.20624231729416692,-0.021978007028745757,0.18241958037361325,-0.149910205515121,-0.025181834124339438,0.7028620566183745,0.3971458174310805,0.30241996152223194,0.4184743135293145,0.3053409924912165,0.5284414181158313,-0.7394462697639936,-0.06886197409282412,-0.37892688170948957,-0.08708524025939952,-0.09560464440480275,-0.35174144060939116,-0.37334886886311075,-0.38143008900863407,-0.4514179322625523,-0.03222710140819664,0.6521126670557977,0.788659357705678,-0.08210936354741605,0.3838953835352982,-0.42856449106067995,0.7850552194276623,0.37481375311901405,0.2972416063095849,0.641459361289768,0.9787405041467232,0.24134770072697082,-0.6737302582910019,0.6064281850289341,-0.1536853113080604,-1.079995757039459,0.390545462820167,-0.003275384867592288,0.2826868411928736,0.5738881391053324,-0.500699351279753,-0.06813263093615181,-0.31542997961038227,-0.156594995573287,0.649696432813032
-0.17182210977654847,1.398985607451185,-10.369793162007126,0.40607869421705706,-1.796305915883817,4.4223342723573476,-0.6573436332333389,-6.997234699450234,2.973790502413508,5.903898507198741,-2.5119193702430285,-3.3371314180007907,2.3869496899968845,-1.4054147971801152,0.7943689226808592,2.2218918089750086,-7.429398185431789,-3.5057071257523487,-2.0200998618148605,-0.5897422044093221,-3.4177768972093285,-0.1208423737698705,10.134702111141426,1.4323227905324556,5.237495450768158,-0.21772922226087676,3.1038719725347885,-0.25930461929530346,4.042117219697885,2.8357862284899094,-2.531775317980438,1.0717977198939757,-5.441926555654352,-6.165979821268143,0.6786292204309183,-2.920403174915272,4.672645330349768,-3.8011658770332883,-3.1352993547805226,-2.897537261739771,-5.164351888542237,-8.245198066205882,-0.4701341220073914,8.04119799430809,-7.189127461868826,0.43615898890057947,6.705370017024659,-3.692056189297563,2.285058642667855,1.9350524144348433,-4.923879793883508,1.850607364428363,-2.0348168287108885,2.956803647227596,4.22677742777642,-8.924356932503947
0.5387295135935126,-10.369793162007126,109.48593204063835,-6.046694132834151,14.140947454563687,-48.10215962419457,11.977282770900294,75.84116727547689,-29.76598799285264,-54.900790404684294,25.063380008573365,31.131596436639143,-26.73423747678596,15.382308543434394,-3.9438201631038945,-23.456372334232306,76.66689744823647,30.996148243138304,16.521269351968566,1.0546796939555674,29.27776977119521,-2.3125187688714837,-103.49865709752464,-15.28766957876429,-47.19628106891538,4.01264072617443,-34.1208843043235,6.494242617359603,-42.86832275851375,-29.392102757334573,30.851788918710092,-10.357052222764016,54.81534999160126,62.821896124049076,-9.359619350971796,30.506878051079187,-48.277878164489834,34.40593814113298,34.74955091793552,29.577981398993376,52.60216524218209,81.58499157927601,-1.4649257930213915,-82.33505754944322,74.6091269190151,-6.468597013265591,-61.05257689438455,37.88151069250651,-27.10110462340052,-19.009462928267492,47.3865199350838,-14.5341933036351,28.30191280289668,-31.086142469556787,-49.29226708974832,88.83595781372827
0.07763419842009742,0.40607869421705706,-6.046694132834151,0.44707611464670366,-0.5156328230392114,2.728273799480387,-0.9389512495708489,-4.265439489271041,1.5704185404448971,2.6099741355334527,-1.2704883360667116,-1.5495818216269708,1.5355636736490166,-0.8177434368572336,0.024778919747028644,1.3265240756262888,-4.112245264208985,-1.401905309540656,-0.6490597233883602,0.2553302029561415,-1.301263148885732,0.4117605126760892,5.503741680196765,0.8843784102139307,2.2649914324698974,-0.2873205035356495,1.9546354409466067,-0.6119240885957915,2.3324035951798012,1.5429390637232108,-1.9915004207149616,0.5655280967323949,-2.837113753717137,-3.255790445769983,0.5775095668369463,-1.6394834567088934,2.5723551925364156,-1.5238583071132736,-1.9238168336733603,-1.5485110785041074,-2.7024276873020647,-4.143434132768764,0.4033849415841816,4.404642210077467,-4.0240271635511,0.36764716255760393,2.7577439299829227,-1.9821283578841375,1.624880808775349,1.0839071077906763,-2.338322387087336,0.4975175915108906,-1.8734743943347023,1.6553378505658805,2.9020579682013197,-4.643481715251627
0.30103301001206256,-1.796305915883817,14.140947454563687,-0.5156328230392114,2.4752368241801204,-6.02688069195493,0.8657978921725589,9.579864267823062,-4.03446282992298,-8.112939679259652,3.4876534405818638,4.477910834167403,-3.296451493861781,2.0199617095014832,-1.0167019882306185,-2.977662748134363,10.169599018259554,4.776384153356327,2.779193306634109,0.8750817696259147,4.5984607733992275,0.3213195383863179,-13.871296841392166,-1.89442343865543,-7.0073195969710245,0.34260499231629205,-4.233760694495158,0.2599908507081791,-5.584761961137019,-3.9493552970831205,3.3438107308506897,-1.3845220761631516,7.50180364096203,8.560768063478468,-1.0164921784318235,4.020551815436095,-6.43518951104892,5.3056048836392184,4.408276674321096,4.00451717039581,7.214107387168608,11.366561001317374,0.6212789161317002,-10.9721470466144,9.845958635124743,-0.7428651021496941,-9.320850548714256,5.1228308229430635,-3.1657262358070315,-2.466870952644808,6.779038639226833,-2.593397434362663,2.8511223888169033,-4.123526416739296,-5.8733519252173485,12.138945242684615
-0.27497342513284834,4.4223342723573476,-48.10215962419457,2.728273799480387,-6.02688069195493,21.29102203281834,-5.504453286454442,-33.49451751705085,13.028545720005438,23.851962487902192,-11.026214133391358,-13.463714869851742,11.72159491929209,-6.812833297757853,1.563173670285763,10.263489873676006,-33.83009207694581,-13.375934582274649,-7.064839805646792,-0.38976911142750614,-12.52690061262335,0.9130784381658905,45.36875592847388,6.779026681871956,20.347046924705285,-1.7525128914965915,15.027458423628456,-2.862174722614876,18.944927895027778,13.029576358132644,-13.386343685799384,4.525462356114583,-24.17593569269278,-27.753702425206413,4.24233208152563,-13.576010103228242,21.257108578604974,-15.152890316695387,-15.48228834402015,-13.014676261484004,-23.177049590867316,-35.862417828317206,0.9007023585551268,36.22799862575533,-32.87446564317479,2.9778898881772897,26.64461659907903,-16.675837796789587,11.972450571826306,8.018108188931246,-20.72508671375805,6.342670197866191,-12.711562807493088,13.724409124360735,21.84858692984981,-38.83188315909306
-0.13840321233756744,-0.6573436332333389,11.977282770900294,-0.9389512495708489,0.8657978921725589,-5.504453286454442,2.046848940380953,8.572514154641716,-3.0601402139154708,-4.943328389948082,2.5164532537871525,2.891024635470214,-3.0563113641095083,1.6739143119055044,0.10949865654781935,-2.5962693129372556,8.206579604613545,2.5710331698740214,1.125897619546077,-0.5989894635872133,2.3017171345182867,-0.7806903284359041,-10.811365745221357,-1.7760808555167562,-4.153541503554767,0.5942344538620496,-3.908419995305371,1.24910573052709,-4.693591915732437,-3.1248609150750277,3.890980820700332,-1.0810204101038028,5.648563473688686,6.526717910096996,-1.2569217721537236,3.3406869430629635,-5.117024267526742,2.9850075603048856,3.9684207204878934,3.073741943491123,5.393402888801668,8.167752281919128,-1.0208509259243879,-8.721049763098515,8.011226417838257,-0.8499029204500986,-5.273747803361575,3.9448002163060187,-3.3004676024856496,-1.9229004337423068,4.534122988627084,-0.9103956838113839,3.9584306234672515,-3.3285346470876838,-5.929278003755298,9.018468010457498
0.4218463722566978,-6.997234699450234,75.84116727547689,-4.265439489271041,9.579864267823062,-33.49451751705085,8.572514154641716,52.738127255454685,-20.554798987538966,-37.721505108690074,17.383238531827015,21.302601892116243,-18.508898836519574,10.737531854279311,-2.5166002225452355,-16.19272265561632,53.26381410450743,21.183816851813706,11.220191351079388,0.6425620755912027,19.877435584756263,-1.476452746414144,-71.57806984693751,-10.645202457451955,-32.21288943440224,2.7857427702318103,-23.68119354789643,4.506326224581141,-29.829262734373927,-20.498534369870136,21.188202824417402,-7.127524313335238,38.074462737929906,43.701212639411764,-6.651367412571868,21.323186478103665,-33.49988225604304,23.870911252654338,24.335864780906096,20.51604783450704,36.53503231705689,56.53366157453033,-1.3231833881391561,-57.08131440538992,51.78637046829266,-4.665048086181961,-42.091769843806944,26.28859802865014,-18.867159706725076,-12.769749809071724,32.71632217206095,-10.013238155022158,19.9481354316131,-21.623018020400234,-34.394277053485446,61.29431640207103
-0.21094687050397298,2.973790502413508,-29.76598799285264,1.5704185404448971,-4.03446282992298,13.028545720005438,-3.0601402139154708,-20.554798987538966,8.15299397964842,15.22303851846889,-6.883864957979136,-8.607476520600052,7.210781760724237,-4.178919734235876,1.2333227664996187,6.366738270855763,-20.93016282220278,-8.65768170606438,-4.6802420272137395,-0.5042648154997457,-8.208353350623215,0.4523951149686552,28.28305134551546,4.1440567179183905,13.118432696358338,-1.0275147038999626,9.223690004840735,-1.5985532095112436,11.664422623793213,8.032591089461242,-8.193284833836316,2.841572930154085,-15.028160515381005,-17.204634477120333,2.476668251079309,-8.3230755576372,13.180810914769289,-9.608372927108332,-9.413082442863404,-8.092067805988378,-14.40969156755641,-22.423501893212947,0.15403462865936965,22.493190074072064,-20.348792589698,1.7132803127082858,17.012616196267924,-10.359166738283388,7.258136427937117,5.180346576645602,-13.075078938536707,4.163738600980939,-7.444209969505203,8.474737221433518,13.238849436146372,-24.355404212330924
-0.665460296511668,5.903898507198741,-54.900790404684294,2.6099741355334527,-8.112939679259652,23.851962487902192,-4.943328389948082,-37.721505108690074,15.22303851846889,29.147899913429313,-12.988521674524604,-16.300902870409328,13.149036154934599,-7.792393364957446,2.761191101907387,11.661274973644872,-38.919726251743334,-16.751653519738454,-9.298947059109736,-1.7293841303565007,-15.933602928703808,0.10288359459184437,52.70505894706195,7.542321127612726,25.05287130826004,-1.7274672583559465,16.83485646191098,-2.300334542324998,21.60848618967129,15.025319220175616,-14.370077794369424,5.255299271912181,-28.208085387109964,-32.285848329731735,4.419028096407456,-15.473033453895848,24.553516421230068,-18.685672809830525,-17.359215742066603,-15.14412574231303,-27.09983881550286,-42.28568244057757,-0.5303881951025238,41.85251071260713,-37.78207474348214,3.1407626761505507,32.943122196385396,-19.3897974519285,13.063037316613121,9.454640080718976,-24.825498892967502,8.458405263568617,-12.948153455472758,15.791546922240236,23.967184096312234,-45.585455432724814
0.31446557593773133,-2.5119193702430285,25.063380008573365,-1.2704883360667116,3.4876534405818638,-11.026214133391358,2.5164532537871525,17.383238531827015,-6.883864957979136,-12.988521674524604,5.919782628089304,7.2097078911684465,-6.01652199460999,3.615293065675343,-1.054733402555222,-5.28894497029258,17.844661786545625,7.367458230748207,4.02368065176607,0.6515275472621436,6.907587730702238,-0.023143166393810297,-23.929829174205608,-3.4855664958070705,-11.003990108536012,0.8156020445644864,-7.73560824862364,1.1148387825201298,-9.953856076050073,-6.940108269327943,6.503409152536336,-2.3575508848664417,12.904467427465805,14.821772967064003,-2.157408124647011,7.184956841776879,-11.229245273766066,8.466060542729057,8.119637177828038,6.914444747850382,12.400349748462144,19.23145602043438,-0.0572867680477542,-19.100603149678197,17.297192247350804,-1.5771240765987011,-14.754662506213059,8.863606244569983,-6.06763761998055,-4.03736691799274,11.190391420227677,-3.748322671704082,6.2368098075343505,-7.262753182683672,-11.171309315405228,20.571105530808985
0.20624231729416692,-3.3371314180007907,31.131596436639143,-1.5495818216269708,4.477910834167403,-13.463714869851742,2.891024635470214,21.302601892116243,-8.607476520600052,-16.300902870409328,7.2097078911684465,9.283771698937077,-7.521156314555867,4.296412708057766,-1.5407243169504226,-6.702314801804188,21.800599224769613,9.391419976813761,5.159687864946012,0.6922630971124994,9.026961516923272,-0.5047056070204736,-29.736300059307112,-4.287554145299828,-14.246236439980393,1.0382275542678265,-9.586177502639305,1.5960795952492282,-12.090929726883308,-8.302810752527419,8.636048194026918,-3.0262128747854735,15.68535504111361,17.891986051942595,-2.418272029899551,8.561334165924706,-13.760027582536495,10.125764104455206,9.60722028085682,8.460807020848222,15.030432795379664,23.538413371757287,0.19957433810288314,-23.535280708496092,21.22455330034286,-1.6133432593540242,-18.13020512757869,10.817365775238128,-7.462388010033625,-5.7560150415396345,13.845227480548024,-4.490343664458519,7.390655153366543,-8.795966800787978,-13.564658708332857,25.762578496143917
-0.021978007028745757,2.3869496899968845,-26.73423747678596,1.5355636736490166,-3.296451493861781,11.72159491929209,-3.0563113641095083,-18.508898836519574,7.210781760724237,13.149036154934599,-6.01652199460999,-7.521156314555867,6.625339129067119,-3.7340269365773895,0.8323289069107496,5.763897580930539,-18.51420604516314,-7.386169497547734,-3.884124983240248,0.0013091717355773358,-6.993523446979251,0.8645704488882721,25.131898332631593,3.7100475256971377,11.341254675109786,-1.0777061886001809,8.384422029040316,-1.8103110921670353,10.392605012243648,7.054402132579091,-7.8999448086783515,2.502944450533605,-13.157953995807445,-15.082011801763473,2.309479020104079,-7.308422049514783,11.686592399993014,-8.028408932650434,-8.414214877044719,-7.142432078443296,-12.661902287206347,-19.575516197383948,0.5511985776494864,19.919819409297276,-18.07314027429021,1.571644319611412,14.439941315992037,-9.15069583643568,6.736288577748505,4.811291061167848,-11.359424288207721,3.27931034145891,-7.1039773170522755,7.5236047290774994,12.157523119831858,-21.520181215031783
0.18241958037361325,-1.4054147971801152,15.382308543434394,-0.8177434368572336,2.0199617095014832,-6.812833297757853,1.6739143119055044,10.737531854279311,-4.178919734235876,-7.792393364957446,3.615293065675343,4.296412708057766,-3.7340269365773895,2.2589056247895347,-0.5166525235783977,-3.230585746692923,10.933916191523497,4.3624155572945185,2.3483414761530703,0.2918341222488813,4.040878124215877,-0.05129466212057094,-14.60910660351088,-2.1358222271102436,-6.504962104406928,0.5483412015292914,-4.781735262539482,0.7492989060257889,-6.139602574806729,-4.2758689144683375,4.04493210689227,-1.406031724709076,7.886690392796657,9.092884921805977,-1.4057215567749763,4.426701141896903,-6.8861465782747855,5.0968377257562505,5.069616306339,4.234251518047804,7.610979013001892,11.708260517102834,-0.20851726414783536,-11.671330611142624,10.60483391838093,-1.055152013159299,-8.85777088649993,5.437477135208717,-3.808103218142253,-2.3770661556873054,6.769530767848186,-2.1988308832428327,4.024191639687312,-4.480705524452893,-7.003448285519267,12.478425278521803
-0.149910205515121,0.7943689226808592,-3.9438201631038945,0.024778919747028644,-1.0167019882306185,1.563173670285763,0.10949865654781935,-2.5166002225452355,1.2333227664996187,2.761191101907387,-1.054733402555222,-1.5407243169504226,0.8323289069107496,-0.5166525235783977,0.5861227018933777,0.8409351976992688,-2.9091781469292037,-1.7423128879517018,-1.1021791098506089,-0.5658452350680748,-1.7613651110254633,-0.2771770926123402,4.098015677381355,0.506645256268203,2.523256676508579,0.0054451486338171476,1.0926594129373728,0.15063348743028074,1.5205346732915017,1.1070023750944125,-0.7261843433066132,0.4504695391091473,-2.227360695066551,-2.4864874854421224,0.1226046100387973,-1.1026358484678407,1.8460789348453426,-1.8095557287694024,-1.0819432792827797,-1.1717244936932054,-2.1078303359054025,-3.4884282667907844,-0.6115473616951623,3.200842240323785,-2.801552941467779,0.0634123154174331,3.2132699658966075,-1.4848871442562388,0.6905233955806481,0.8486819425888179,-2.182959905967919,1.02855107437949,-0.32794397542372394,1.1412379599181,1.316358293579967,-3.7494554077675577
-0.025181834124339438,2.2218918089750086,-23.456372334232306,1.3265240756262888,-2.977662748134363,10.263489873676006,-2.5962693129372556,-16.19272265561632,6.366738270855763,11.661274973644872,-5.28894497029258,-6.702314801804188,5.763897580930539,-3.230585746692923,0.8409351976992688,5.073616301635331,-16.276582402163406,-6.59935667798389,-3.492916138027989,-0.08154044757456434,-6.287630145870161,0.7313223573688625,22.10273749491844,3.275683087408147,10.15329684878078,-0.8918897140629282,7.328724619880147,-1.5409512223988846,9.094230975642882,6.178174230400366,-6.872163923940356,2.2428503954870895,-11.577864512317987,-13.235900001289744,1.9534378249172037,-6.414941557864808,10.256490821349763,-7.126280010211898,-7.3110394798064124,-6.270670026388733,-11.09351432534993,-17.250859499069627,0.3511829631724136,17.53335691326237,-15.875071802423072,1.2931952972757814,12.807708846276034,-8.022941779929877,5.831889508541121,4.2955629189087166,-10.038205721835824,2.95829028654918,-6.07317170017373,6.574999420661777,10.537359134834967,-18.998599914931653
0.7028620566183745,-7.429398185431789,76.66689744823647,-4.112245264208985,10.169599018259554,-33.83009207694581,8.206579604613545,53.26381410450743,-20.93016282220278,-38.919726251743334,17.844661786545625,21.800599224769613,-18.51420604516314,10.933916191523497,-2.9091781469292037,-16.276582402163406,54.2769782620884,21.975471245393482,11.815934105627782,1.34308858531569,20.609350392916873,-0.748996158894615,-72.77395127129431,-10.750208524528817,-33.13316356695901,2.6135788832515625,-23.794469916760228,3.9655842572069315,-30.31269122846726,-20.99596777364046,20.577762045225274,-7.238380800485219,39.0228592676907,44.79138488702584,-6.64652676300569,21.8184318081342,-34.116508679088504,25.064442689852658,24.72686208353319,20.947966840216697,37.4247714544833,58.028878966316086,-0.7508039432109589,-58.11667510934939,52.66694690150804,-4.742491733191904,-43.85461071696729,26.84121623111905,-18.782074230440447,-12.590163902710593,33.660619374267384,-10.824535221678213,19.59905623319513,-22.03194045447814,-34.43695541844519,62.45899709442605
0.3971458174310805,-3.5057071257523487,30.996148243138304,-1.401905309540656,4.776384153356327,-13.375934582274649,2.5710331698740214,21.183816851813706,-8.65768170606438,-16.751653519738454,7.367458230748207,9.391419976813761,-7.386169497547734,4.3624155572945185,-1.7423128879517018,-6.59935667798389,21.975471245393482,9.706806409030234,5.448020611273834,1.1444261591288705,9.299858632572532,0.004882444077772983,-29.8872611688222,-4.2358128816146525,-14.504901493694225,0.9281389475729163,-9.454438607529333,1.1926249213643176,-12.155981106152113,-8.458212072175888,8.054066492360294,-3.005354743757796,15.968041359961534,18.237878820988,-2.3871504385699374,8.688218920150769,-13.875225140480618,10.69609646132919,9.679644492648901,8.570568138052568,15.326894756741101,24.018838750816883,0.5656522664794187,-23.68457730337537,21.335782368307736,-1.6707704616026027,-18.92687162896676,10.964560760834864,-7.2674893260224325,-5.4920162778724695,14.174658436101895,-4.928966005456324,7.024383655249353,-8.894430761153156,-13.332802607840563,25.95484518059112
0.30241996152223194,-2.0200998618148605,16.521269351968566,-0.6490597233883602,2.779193306634109,-7.064839805646792,1.125897619546077,11.220191351079388,-4.6802420272137395,-9.298947059109736,4.02368065176607,5.159687864946012,-3.884124983240248,2.3483414761530703,-1.1021791098506089,-3.492916138027989,11.815934105627782,5.448020611273834,3.135687950997978,0.8822255766033898,5.239648967658967,0.2435159450388754,-16.11512151654875,-2.2241596387533247,-8.040025246068348,0.4356365814686366,-4.977622052203407,0.4178014466117804,-6.505666895740744,-4.573667862816359,4.048008901631318,-1.6107503980587992,8.672946004704688,9.899884608918269,-1.2142310223720452,4.666674134569779,-7.474762479801422,6.024683753144821,5.1473883947613865,4.640297405959037,8.339013780904336,13.113846542377688,0.5874140173934288,-12.747648664128874,11.453691197965282,-0.8741241063363818,-10.62034104569126,5.936487473978732,-3.7589956126615567,-2.9087611059652208,7.797578441061019,-2.8916658805115203,3.4663192767814746,-4.790128715350678,-6.942777778708151,14.067642650037282
0.4184743135293145,-0.5897422044093221,1.0546796939555674,0.2553302029561415,0.8750817696259147,-0.38976911142750614,-0.5989894635872133,0.6425620755912027,-0.5042648154997457,-1.7293841303565007,0.6515275472621436,0.6922630971124994,0.0013091717355773358,0.2918341222488813,-0.5658452350680748,-0.08154044757456434,1.34308858531569,1.1444261591288705,0.8822255766033898,1.0420436434723466,1.0582938959489914,1.0807053067159276,-1.631483510037894,-0.09650211828555323,-1.2894794848251772,-0.23042220843385328,-0.11599644295582294,-0.8178540714247043,-0.6464975886861563,-0.6842678688534931,-0.9133916583987798,-0.12156641661785136,1.303647645255958,1.5123710170239602,0.009439633756975688,0.6506778582733306,-0.8405627634644467,1.7047207510869942,0.5253724229214523,0.5998927924821371,1.26353800525375,2.0860267141092512,0.8652402528487974,-1.3757509700537867,1.1690818648261438,-0.13258739234101918,-2.5541800687725114,0.7734049593732598,0.14653626168478592,0.27437460071105363,1.3393579092678802,-1.1779498337455696,-0.5590603161352143,-0.5701354486727247,-0.007278310529090647,1.5916902927687773
0.3053409924912165,-3.4177768972093285,29.27776977119521,-1.301263148885732,4.5984607733992275,-12.52690061262335,2.3017171345182867,19.877435584756263,-8.208353350623215,-15.933602928703808,6.907587730702238,9.026961516923272,-6.993523446979251,4.040878124215877,-1.7613651110254633,-6.287630145870161,20.609350392916873,9.299858632572532,5.239648967658967,1.0582938959489914,9.004874034791357,-0.17527121147074884,-28.2551729447227,-3.977965595763207,-13.979121915261759,0.8830478217820282,-8.914619905642251,1.194971671617991,-11.367623958823671,-7.8594079838103665,7.824062310714886,-2.880253314947782,14.950979188357506,17.02230486369499,-2.137580678241667,8.052784106181706,-13.033434786579301,9.9677997412705,8.93692128496561,8.048184000342031,14.335940013366372,22.56855845376258,0.6795178910088456,-22.30101113396474,20.048482150092433,-1.4297995177082197,-17.84815323789905,10.284178154933288,-6.8223515983558185,-5.504220777564829,13.39029966282511,-4.611118938634125,6.454749933510159,-8.310376173648585,-12.444889568125753,24.629732202845414
0.5284414181158313,-0.1208423737698705,-2.3125187688714837,0.4117605126760892,0.3213195383863179,0.9130784381658905,-0.7806903284359041,-1.476452746414144,0.4523951149686552,0.10288359459184437,-0.023143166393810297,-0.5047056070204736,0.8645704488882721,-0.05129466212057094,-0.2771770926123402,0.7313223573688625,-0.748996158894615,0.004882444077772983,0.2435159450388754,1.0807053067159276,-0.17527121147074884,1.4807262167966924,1.5730262254371445,0.3325249691184434,0.583418905890407,-0.378259445277235,0.9152368837473153,-1.1574658161452824,0.4782612958518473,-0.005169371076817632,-2.2599469446234037,0.25918274181927586,-0.1397956497446513,-0.05691406281008727,0.11300065464441662,-0.021012950226292213,0.5140987514897031,0.9140467331242765,-0.20336715880286174,-0.2233472033684608,-0.10405544183542047,-0.18609560929302488,0.7031288940106101,1.0174992845129402,-0.9377402855007958,-0.17172312841333123,-0.7856681859288166,-0.262442783493663,0.9289549343549365,1.3899802040461342,-0.09222566013367992,-0.8388087376467037,-1.166667659707929,0.23150028035575418,1.2872157990397575,-1.2996766716396504
-0.7394462697639936,10.134702111141426,-103.49865709752464,5.503741680196765,-13.871296841392166,45.36875592847388,-10.811365745221357,-71.57806984693751,28.28305134551546,52.70505894706195,-23.929829174205608,-29.736300059307112,25.131898332631593,-14.60910660351088,4.098015677381355,22.10273749491844,-72.77395127129431,-29.8872611688222,-16.11512151654875,-1.631483510037894,-28.2551729447227,1.5730262254371445,98.25112155906668,14.395613343294526,45.24455963538703,-3.6419170770573173,32.116768700374465,-5.6166644266018135,40.62188173982243,27.97901907550485,-28.51564718822291,9.809330293743557,-52.23967262066745,-59.8657866508738,8.74433108114771,-28.983403065660422,45.84261153585931,-33.31903544463785,-32.88518653041646,-28.139607772079646,-50.15073363079972,-77.88230125320001,0.7740943562604462,78.15285369237759,-70.75823537744462,6.111159169448284,58.93922903902215,-36.04039692960127,25.35810077301917,17.821044095522428,-45.34995975960241,14.365714592649143,-26.166285583378585,29.523294425452058,46.25543180759887,-84.48180331474862
-0.06886197409282412,1.4323227905324556,-15.28766957876429,0.8843784102139307,-1.89442343865543,6.779026681871956,-1.7760808555167562,-10.645202457451955,4.1440567179183905,7.542321127612726,-3.4855664958070705,-4.287554145299828,3.7100475256971377,-2.1358222271102436,0.506645256268203,3.275683087408147,-10.750208524528817,-4.2358128816146525,-2.2241596387533247,-0.09650211828555323,-3.977965595763207,0.3325249691184434,14.395613343294526,2.1779447876857048,6.483113440252627,-0.5412049849018977,4.7781502640087465,-0.9398342117687964,6.005627956363122,4.122989512539381,-4.276551605828104,1.461393178126466,-7.664626785575599,-8.78299455994388,1.3280726423038096,-4.3149767342789564,6.739064298999631,-4.780057424554269,-4.893179079903689,-4.120781423705225,-7.315895799471265,-11.360253279851225,0.2975539090362317,11.516053705518742,-10.441561744042406,0.908380850386244,8.399659940599399,-5.274021706993193,3.7933971024726705,2.5797403289265155,-6.559897523338683,1.990970318097389,-4.03447024596502,4.337268620103661,6.921857054229877,-12.337870417799806
-0.37892688170948957,5.237495450768158,-47.19628106891538,2.2649914324698974,-7.0073195969710245,20.347046924705285,-4.153541503554767,-32.21288943440224,13.118432696358338,25.05287130826004,-11.003990108536012,-14.246236439980393,11.341254675109786,-6.504962104406928,2.523256676508579,10.15329684878078,-33.13316356695901,-14.504901493694225,-8.040025246068348,-1.2894794848251772,-13.979121915261759,0.583418905890407,45.24455963538703,6.483113440252627,21.938071889607155,-1.5054221543738198,14.473149246802533,-2.239268509429807,18.331951524634615,12.623159510057787,-12.895239699598086,4.618466707242845,-23.907672422267538,-27.247531611376917,3.5821309458725286,-12.997940289325728,20.916555969138713,-15.622363383675708,-14.510677365600548,-12.879685441111763,-22.897401931412986,-35.94512562001727,-0.5857040820803747,35.793862036163986,-32.23981477139701,2.3852541937252782,27.94509311178871,-16.461274742454933,11.188893284409083,8.765535159157038,-21.20367603721901,7.03964981479979,-10.91260618660143,13.354293609669263,20.373525947487792,-39.291692648096934
-0.08708524025939952,-0.21772922226087676,4.01264072617443,-0.2873205035356495,0.34260499231629205,-1.7525128914965915,0.5942344538620496,2.7857427702318103,-1.0275147038999626,-1.7274672583559465,0.8156020445644864,1.0382275542678265,-1.0777061886001809,0.5483412015292914,0.0054451486338171476,-0.8918897140629282,2.6135788832515625,0.9281389475729163,0.4356365814686366,-0.23042220843385328,0.8830478217820282,-0.378259445277235,-3.6419170770573173,-0.5412049849018977,-1.5054221543738198,0.24713378513013662,-1.3074891884026776,0.4659294827510648,-1.506092525887143,-0.9644171179403267,1.4872631032990802,-0.349251760225157,1.7876557519573117,2.0563053942517704,-0.3811940467199537,0.9908999056505311,-1.670905617832121,0.8865549225445142,1.2231479726010777,1.0052311835012147,1.7513106315387441,2.641631930555069,-0.2744598963675969,-2.8342100624712465,2.595972671315484,-0.24421507817916144,-1.7480818553463746,1.2920091899925894,-1.1212177409446824,-0.8358881291617494,1.5140582564953085,-0.25529950882023067,1.2608116969019312,-1.0788305005572272,-1.9498385158680747,3.062239811179347
-0.09560464440480275,3.1038719725347885,-34.1208843043235,1.9546354409466067,-4.233760694495158,15.027458423628456,-3.908419995305371,-23.68119354789643,9.223690004840735,16.83485646191098,-7.73560824862364,-9.586177502639305,8.384422029040316,-4.781735262539482,1.0926594129373728,7.328724619880147,-23.794469916760228,-9.454438607529333,-4.977622052203407,-0.11599644295582294,-8.914619905642251,0.9152368837473153,32.116768700374465,4.7781502640087465,14.473149246802533,-1.3074891884026776,10.682046692575346,-2.194797042886553,13.334558749926108,9.102385831021548,-9.826360674053662,3.212892738579852,-16.94637516029815,-19.429880448486422,2.963434603471948,-9.462772523067654,14.981909359106497,-10.460780581546127,-10.833145378261667,-9.161805364313079,-16.264875082846405,-25.176210401704225,0.6722278510762181,25.54976964494483,-23.177793511120967,2.034129686215889,18.619971079041918,-11.73545722377588,8.542116989536447,5.954778893830133,-14.581866385339916,4.319797993501853,-9.034127695119366,9.650681948589733,15.493086874091437,-27.50609639735362
-0.35174144060939116,-0.25930461929530346,6.494242617359603,-0.6119240885957915,0.2599908507081791,-2.862174722614876,1.24910573052709,4.506326224581141,-1.5985532095112436,-2.300334542324998,1.1148387825201298,1.5960795952492282,-1.8103110921670353,0.7492989060257889,0.15063348743028074,-1.5409512223988846,3.9655842572069315,1.1926249213643176,0.4178014466117804,-0.8178540714247043,1.194971671617991,-1.1574658161452824,-5.6166644266018135,-0.9398342117687964,-2.239268509429807,0.4659294827510648,-2.194797042886553,1.1616287108284686,-2.2879083858438882,-1.3398632815308122,2.957330481265148,-0.6188081582800826,2.5322392330820436,2.858555607376927,-0.5783259730078776,1.432746160632997,-2.51037912591896,0.8164503369438306,1.7953659418749783,1.4648357015734501,2.409391036759286,3.6845704163304163,-0.7535928201959429,-4.359203262231985,3.9941986603976227,-0.24699992188198844,-1.9494777882622545,1.8653250278344553,-1.927701702873419,-1.6732658502422852,2.0676581164486345,0.03414996637883647,2.28644000051576,-1.5688658675043186,-3.2400540242427067,4.707978851061207
-0.37334886886311075,4.042117219697885,-42.86832275851375,2.3324035951798012,-5.584761961137019,18.944927895027778,-4.693591915732437,-29.829262734373927,11.664422623793213,21.60848618967129,-9.953856076050073,-12.090929726883308,10.392605012243648,-6.139602574806729,1.5205346732915017,9.094230975642882,-30.31269122846726,-12.155981106152113,-6.505666895740744,-0.6464975886861563,-11.367623958823671,0.4782612958518473,40.62188173982243,6.005627956363122,18.331951524634615,-1.506092525887143,13.334558749926108,-2.2879083858438882,16.962299926822833,11.737581033896287,-11.585029692378383,4.015452450890875,-21.770767691700136,-25.013578970272786,3.7763647022598756,-12.195455584799097,19.060951427982246,-13.903598682587784,-13.87853418415716,-11.697691047942882,-20.90628948593399,-32.34175536166891,0.5625860785106707,32.438903431156426,-29.424555196184542,2.7123300746129178,24.331103450556967,-14.995612411993612,10.574495086697082,6.988604636667843,-18.728990981979273,5.951207219492347,-11.117913053618992,12.328127853238486,19.372282181562824,-34.80208634395015
-0.38143008900863407,2.8357862284899094,-29.392102757334573,1.5429390637232108,-3.9493552970831205,13.029576358132644,-3.1248609150750277,-20.498534369870136,8.032591089461242,15.025319220175616,-6.940108269327943,-8.302810752527419,7.054402132579091,-4.2758689144683375,1.1070023750944125,6.178174230400366,-20.99596777364046,-8.458212072175888,-4.573667862816359,-0.6842678688534931,-7.8594079838103665,-0.005169371076817632,27.97901907550485,4.122989512539381,12.623159510057787,-0.9644171179403267,9.102385831021548,-1.3398632815308122,11.737581033896287,8.200845865480847,-7.562358458055948,2.7424624500313937,-15.166274726347174,-17.45210480966356,2.621009594148891,-8.520848621232735,13.187444196875418,-9.906742441418958,-9.656895015607933,-8.11258117737091,-14.566916383385944,-22.523180701133168,0.26061895223485937,22.41051795305618,-20.328644926411542,1.9418584005689716,17.130825843532488,-10.405614976297008,7.1757613944999505,4.534420984971062,-13.036171896642008,4.334393865487061,-7.5224686952639255,8.554770134228772,13.245558306856202,-23.9715184378105
-0.4514179322625523,-2.531775317980438,30.851788918710092,-1.9915004207149616,3.3438107308506897,-13.386343685799384,3.890980820700332,21.188202824417402,-8.193284833836316,-14.370077794369424,6.503409152536336,8.636048194026918,-7.8999448086783515,4.04493210689227,-0.7261843433066132,-6.872163923940356,20.577762045225274,8.054066492360294,4.048008901631318,-0.9133916583987798,7.824062310714886,-2.2599469446234037,-28.51564718822291,-4.276551605828104,-12.895239699598086,1.4872631032990802,-9.826360674053662,2.957330481265148,-11.585029692378383,-7.562358458055948,10.542724069677103,-2.942448122412845,14.284780181243747,16.261942621373226,-2.53539157234744,7.844601685775861,-13.036156044320192,7.85523491557207,9.169925567590562,7.8904130569103454,13.717351133755924,21.274197390084787,-1.1088853117298396,-22.361584732670494,20.28111609927851,-1.48549135681183,-14.955737920325765,10.083834522616376,-8.043277456600446,-6.524074511607654,12.368415980597453,-2.826021221639798,8.568771025712827,-8.288420717447893,-14.15394717615288,24.423198743841745
-0.03222710140819664,1.0717977198939757,-10.357052222764016,0.5655280967323949,-1.3845220761631516,4.525462356114583,-1.0810204101038028,-7.127524313335238,2.841572930154085,5.255299271912181,-2.3575508848664417,-3.0262128747854735,2.502944450533605,-1.406031724709076,0.4504695391091473,2.2428503954870895,-7.238380800485219,-3.005354743757796,-1.6107503980587992,-0.12156641661785136,-2.880253314947782,0.25918274181927586,9.809330293743557,1.461393178126466,4.618466707242845,-0.349251760225157,3.212892738579852,-0.6188081582800826,4.015452450890875,2.7424624500313937,-2.942448122412845,1.0193219542763998,-5.167144507809845,-5.888575531793776,0.8205560615819306,-2.857689480083288,4.546973550537223,-3.2510200162438476,-3.2028229407217514,-2.7839831211295527,-4.9197573318947425,-7.713395693301633,0.05466094262518842,7.801806587202392,-7.043133739677506,0.5273933119505426,5.80359653597037,-3.5556617084266895,2.5143826753673544,1.9068076127432483,-4.504143498543293,1.3928452129404325,-2.5667497377609787,2.9004829549423814,4.565159910382719,-8.477753525205733
0.6521126670557977,-5.441926555654352,54.81534999160126,-2.837113753717137,7.50180364096203,-24.17593569269278,5.648563473688686,38.074462737929906,-15.028160515381005,-28.208085387109964,12.904467427465805,15.68535504111361,-13.157953995807445,7.886690392796657,-2.227360695066551,-11.577864512317987,39.0228592676907,15.968041359961534,8.672946004704688,1.303647645255958,14.950979188357506,-0.1397956497446513,-52.23967262066745,-7.664626785575599,-23.907672422267538,1.7876557519573117,-16.94637516029815,2.5322392330820436,-21.770767691700136,-15.166274726347174,14.284780181243747,-5.167144507809845,28.175437260468936,32.36005253068163,-4.745789044788902,15.736878355245858,-24.53002946192282,18.393250078422035,17.78184147951636,15.09113997945768,27.040135740797894,41.93688812102712,-0.27376211245119714,-41.74821781972995,37.81809658628138,-3.4502988699840555,-32.013509761764915,19.34218221943944,-13.309533676621543,-8.795776895362764,24.358632574016813,-8.086964359493242,13.776813716878399,-15.861967537891895,-24.50338207667261,44.87612702759528
0.788659357705678,-6.165979821268143,62.821896124049076,-3.255790445769983,8.560768063478468,-27.753702425206413,6.526717910096996,43.701212639411764,-17.204634477120333,-32.285848329731735,14.821772967064003,17.891986051942595,-15.082011801763473,9.092884921805977,-2.4864874854421224,-13.235900001289744,44.79138488702584,18.237878820988,9.899884608918269,1.5123710170239602,17.02230486369499,-0.05691406281008727,-59.8657866508738,-8.78299455994388,-27.247531611376917,2.0563053942517704,-19.429880448486422,2.858555607376927,-25.013578970272786,-17.45210480966356,16.261942621373226,-5.888575531793776,32.36005253068163,37.200927852767016,-5.508443635502864,18.108089813755235,-28.155061150653776,21.155476371770163,20.494010240846503,17.324813625417786,31.080893408968606,48.131274510967586,-0.38562291614321603,-47.87511095182541,43.39348851740079,-4.047603446961811,-36.72659018352458,22.21406409333284,-15.283882905521397,-9.91126048547798,27.923870800039442,-9.295780612918279,15.887049259839268,-18.23493912022171,-28.17120187231438,51.371377144053206
-0.08210936354741605,0.6786292204309183,-9.359619350971796,0.5775095668369463,-1.0164921784318235,4.24233208152563,-1.2569217721537236,-6.651367412571868,2.476668251079309,4.419028096407456,-2.157408124647011,-2.418272029899551,2.309479020104079,-1.4057215567749763,0.1226046100387973,1.9534378249172037,-6.64652676300569,-2.3871504385699374,-1.2142310223720452,0.009439633756975688,-2.137580678241667,0.11300065464441662,8.74433108114771,1.3280726423038096,3.5821309458725286,-0.3811940467199537,2.963434603471948,-0.5783259730078776,3.7763647022598756,2.621009594148891,-2.53539157234744,0.8205560615819306,-4.745789044788902,-5.508443635502864,0.9635436552507306,-2.7405367240768825,4.170713934572938,-2.932508798520253,-3.203131193647849,-2.5497136347814067,-4.58761807552338,-6.957078494453281,0.41124630484729674,7.040780075555534,-6.443415872366141,0.7397184339906743,5.022100588200303,-3.2823270657024186,2.4290733537209603,1.2961927959800914,-3.9429731139152184,1.1664917784829025,-2.749614077446448,2.7413560966437838,4.465969620065568,-7.360878292661595
0.3838953835352982,-2.920403174915272,30.506878051079187,-1.6394834567088934,4.020551815436095,-13.576010103228242,3.3406869430629635,21.323186478103665,-8.3230755576372,-15.473033453895848,7.184956841776879,8.561334165924706,-7.308422049514783,4.426701141896903,-1.1026358484678407,-6.414941557864808,21.8184318081342,8.688218920150769,4.666674134569779,0.6506778582733306,8.052784106181706,-0.021012950226292213,-28.983403065660422,-4.3149767342789564,-12.997940289325728,0.9908999056505311,-9.462772523067654,1.432746160632997,-12.195455584799097,-8.520848621232735,7.844601685775861,-2.857689480083288,15.736878355245858,18.108089813755235,-2.7405367240768825,8.883013920267784,-13.679772863490479,10.238962724869722,10.054551966026091,8.40750178116617,15.083705623273113,23.32921438567251,-0.3627141289664395,-23.265825401386437,21.111294466876508,-2.0200162764243594,-17.64428159292593,10.78116568044447,-7.4634377091390895,-4.652003126399331,13.468844683363766,-4.449138842071546,7.891312590880426,-8.872502758928615,-13.789594255512686,24.81270212597261
-0.42856449106067995,4.672645330349768,-48.277878164489834,2.5723551925364156,-6.43518951104892,21.257108578604974,-5.117024267526742,-33.49988225604304,13.180810914769289,24.553516421230068,-11.229245273766066,-13.760027582536495,11.686592399993014,-6.8861465782747855,1.8460789348453426,10.256490821349763,-34.116508679088504,-13.875225140480618,-7.474762479801422,-0.8405627634644467,-13.033434786579301,0.5140987514897031,45.84261153585931,6.739064298999631,20.916555969138713,-1.670905617832121,14.981909359106497,-2.51037912591896,19.060951427982246,13.187444196875418,-13.036156044320192,4.546973550537223,-24.53002946192282,-28.155061150653776,4.170713934572938,-13.679772863490479,21.467892730923968,-15.741488392563078,-15.5273210573875,-13.184023630875771,-23.55354583756163,-36.508418095417866,0.4361673636297042,36.55657763614478,-33.12633761548353,2.9759792099650313,27.627166689437427,-16.89493952427372,11.836022812952011,8.010462062161512,-21.20237162175154,6.801155538958567,-12.3099236052205,13.862710860333845,21.671571717859823,-39.35314082278059
