V1,V2,V3,V4,V5,V6,V7,V8,V9,V10,V11,V12,V13,V14,V15,V16,V17,V18,V19,V20,V21,V22,V23,V24,V25,V26,V27,V28,V29,V30,V31,V32,V33,V34,V35,V36,V37,V38,V39,V40,V41,V42,V43,V44,V45,V46,V47,V48,V49,V50,V51,V52,V53,V54,V55,V56
5.824027241288963,0.5832475233110744,2.1940836001298325,0.10118853747974005,-4.47035977632052,-1.6440419108516382,-3.200501245339547,-1.390268781783687,0.27831792194175137,3.2462041045297814,0.5601917218789688,-1.313309331248375,-0.19439172596190368,0.4540573691514512,1.0073683113984022,-0.31106042906517445,0.47282143059605813,-2.4867338571053725,-1.765844859034958,1.6418645738897213,-4.301781142829911,-0.48950516725621057,0.33333034346606605,-3.4061582001879667,2.4195850564490735,-1.8957764425373325,-2.792213231157537,-0.10085436727333763,-0.919502350954372,0.5360270610835387,-2.26711240792681,-1.7129712014729892,-2.9979526303607997,-3.1192335836108853,1.1185293707724084,1.9833727037143583,-1.5305053371859552,-2.3763745813483284,-0.36706850615460623,1.7790977560531538,1.2975997732954536,-2.551874994950228,2.291389294862333,-2.1961913436472114,0.33707047706204035,-1.3864146399009756,2.7870901643787716,2.6896095000186,-2.891148034300877,-0.3902325461509499,2.23440775196662,-1.5243679639475913,0.22277451961767467,-1.725408970038462,-3.8286449149462016,1.3537642567821437
0.5832475233110744,0.606853232345944,-0.46341510015479226,0.1965005881274762,0.19949511451453705,1.0581898477184946,2.081332534774663,-0.31766734913547745,0.09172715843096511,0.18871942517336043,0.5497588981611421,0.5866038338786264,-0.9208789962609693,-0.33430970255378223,-0.8651370443107667,1.5497513081621463,-1.077562982800464,-0.06265835027748679,-0.8173023723342124,-0.3005955242094116,-0.2143269822594316,0.209885118150239,0.8974627100929999,-0.3588590202610507,-0.21471705582716674,0.08889470127094562,0.016669293872948403,1.081848142970141,-0.6367919791619042,-1.1565845529711254,-0.6738868219706917,-0.8945235103744399,-1.2570677233754066,0.43265237064907575,0.12715736894048485,0.243717445940007,-0.5331899210234783,-0.8038292233598452,-1.007290441846597,0.4794610543482898,0.8598958088729913,-0.6434300360474123,0.8458025494521699,-0.22358145389631873,-0.8129400812130192,0.12514835596021914,1.0587040836795205,1.8268789966348995,0.026792123815188657,1.0667593393900863,0.7022022684664817,1.0229753511180415,-0.0534589255100664,0.9809958534330975,-0.7112771782838766,-1.4984879437144976
2.1940836001298325,-0.46341510015479226,1.720108761745606,-0.18350201489976875,-2.5022797024616255,-2.1516344338324958,-4.276369472729986,-0.31588183459296104,0.03659312921153817,1.404155105155145,-0.4482569665332726,-1.4269645410703962,1.0589352945022381,0.6586777155006269,1.6382665234833629,-2.118575387772946,1.6269393251896915,-1.1661182243730652,0.1435930858494535,1.2643377345020061,-1.8910507398544953,-0.5058251417494622,-1.001127666497817,-1.290846330340806,1.507756143462444,-1.0776674492458165,-1.4402154694204932,-1.4195356294894619,0.340286915066231,1.7532629950496217,-0.30101114203025364,0.2958690130419815,0.11874152693891404,-2.1227924519003314,0.38222706838987835,0.7125653024547376,-0.07886265817284627,-0.1955598823457268,1.0896225459314355,0.2984719297239398,-0.43107587700789635,-0.4999375492440647,0.08052728210953684,-0.8312534909498258,1.164793458856284,-0.8763358008587487,0.08133784380478389,-0.94803233947627,-1.5132565258206352,-1.5450749641578525,0.2357678205687239,-2.087130290748461,0.18776100454062924,-2.112069643933184,-1.0386460571287788,2.6240167063652597
0.10118853747974005,0.1965005881274762,-0.18350201489976875,0.0677141738522928,0.13931204114630613,0.3848164458305691,0.7411636910734886,-0.08820549492867234,0.02928544537884162,0.012836697879504163,0.16648129237386802,0.2119710433578272,-0.30737063850494895,-0.11763757939898621,-0.2972295968862142,0.5238177206744171,-0.3623647032445904,0.020790825707479275,-0.24562212751806645,-0.11316288691283366,-0.001306807541180589,0.07974203090852916,0.28698036756517514,-0.0724334867277957,-0.10668326939987219,0.05776278056718723,0.047475527040897414,0.36401217839536426,-0.1990315494560069,-0.391156419790116,-0.19197598554222012,-0.2654075994687205,-0.36327259627850705,0.19407576785470865,0.01955963641545102,0.05505188177579891,-0.1496757874899358,-0.23479345287659142,-0.331488394576069,0.13420450820470314,0.26786810133602357,-0.18131522782186707,0.2456342423884678,-0.04144910121890187,-0.2858763470995488,0.05946260842505227,0.3137922568189212,0.5706454925368074,0.049829067642181216,0.3637911273600119,0.19886543862285325,0.3611107752847922,-0.01951295176734265,0.35608968847210765,-0.17901330357128706,-0.5123907455394024
-4.47035977632052,0.19949511451453705,-2.5022797024616255,0.13931204114630613,4.1985701744926365,2.7076375069584366,5.313192735230551,0.8610550114127119,-0.14181786727933582,-2.6558095248043077,0.16492379973473603,1.8662724134453816,-0.9170927546409262,-0.8009915303867269,-1.9291705976061344,2.113238833578579,-1.703979797627668,2.1276908259857428,0.5965209762247717,-1.8280652617884419,3.5575908986100155,0.6807622658498269,0.7780779647139965,2.6023178867262184,-2.404106500436222,1.7886357039426692,2.4984092315282864,1.3719764373021832,0.06070781577210555,-1.8518953176436885,1.2141446918906609,0.4500691039749784,1.156136964897723,3.278840335854748,-0.8349601174011744,-1.4754680422688582,0.7194078470794746,1.1579635331121756,-0.8689083520304843,-1.0108336969218759,-0.13174634914529257,1.5075931087658292,-1.0272296442138074,1.6840201601744424,-1.2525827315711326,1.3829146672547374,-1.2203207780853542,-0.22071156934172315,2.600852233231537,1.6100143007457661,-1.1477021198385502,2.571127492304222,-0.26302938079217947,2.6931871899038518,2.553329319495887,-2.989778851604534
-1.6440419108516382,1.0581898477184946,-2.1516344338324958,0.3848164458305691,2.7076375069584366,3.192883655297685,6.275791669699166,-0.001730033186000366,0.06109165345544575,-1.2228976440251258,0.9518431133730788,1.9802306758900747,-1.9568976169915635,-0.9783618390360258,-2.4507295456859453,3.6193369898907557,-2.6520937097546016,1.1166791706539938,-0.9320176362739526,-1.5149739414290604,1.6973392960253881,0.7151702278673652,1.8432605608580273,0.9288248595030113,-1.7079710959027818,1.1600931514137514,1.4531501682016472,2.467644777588649,-0.9565920246196539,-2.859155338956683,-0.35506618269133117,-1.1372091480191193,-1.2989740351889185,2.5457080316126297,-0.2776737988224576,-0.46415527355838465,-0.42044608075906564,-0.5895386540150055,-2.0644285607556436,0.16902133539515657,1.2631862448721851,-0.13907369885393236,0.7308276711234153,0.6138162080398695,-1.9787351262630932,0.9855917045166098,0.9503486978770765,2.717637440317776,1.527815276526896,2.5797199573909397,0.4379770334368613,3.062159247357435,-0.23373417952797748,3.065449988836943,0.351034010050185,-4.042549320944543
-3.200501245339547,2.081332534774663,-4.276369472729986,0.7411636910734886,5.313192735230551,6.275791669699166,12.4236817354871,0.009425919074923983,0.10581817683620282,-2.4022054538843958,1.9362158842918846,3.936600456548167,-3.8581572150176484,-1.939815645828528,-4.887229352567628,7.15392747225036,-5.274589503628889,2.1774052984770136,-1.8550595714199598,-3.062207731397386,3.3136621063891534,1.4009035119773912,3.694302324401513,1.8493653801342456,-3.381238331202473,2.292648045791662,2.8677427735392147,4.877118703327277,-1.8953384918408165,-5.676002053544931,-0.7043104983623242,-2.300117796405228,-2.6470338640778754,5.013253355791556,-0.5107964604304958,-0.9323959723300267,-0.868147902371972,-1.162613061018643,-4.083831344957978,0.3353266803244828,2.503282481805631,-0.2557633898842936,1.4679548552692907,1.206526283042929,-3.8618500968325393,1.9648053113680168,1.877770585244054,5.382067732193093,3.029751645102389,5.095325320166636,0.8858896329416704,6.076176583023448,-0.47169592361215096,6.0474466834080864,0.6769178452483514,-8.045774021007928
-1.390268781783687,-0.31766734913547745,-0.31588183459296104,-0.08820549492867234,0.8610550114127119,-0.001730033186000366,0.009425919074923983,0.39604813488343,-0.09194802886254269,-0.7343830561183422,-0.2797996049241533,0.09309398598102221,0.3366407562434122,0.009641433499101577,0.05396704699995495,-0.42965021528749225,0.23650029357390465,0.5314846630300959,0.6260672684015016,-0.2639776221836061,0.9568294233561674,0.03188684610785121,-0.3436094186759604,0.8300460415282938,-0.4380993133684874,0.3672501228562566,0.5770024279965414,-0.32404584076099463,0.39407176098882485,0.25113792731225576,0.6886808717094504,0.6300708844404972,1.0080953242298185,0.5085215532913612,-0.26511449386160335,-0.49595945901205385,0.48029933819311693,0.753600622003513,0.3968641398483136,-0.5233473000268439,-0.544142402975803,0.7440560510880797,-0.7421700575723412,0.5288250509166779,0.20216846537158054,0.2539480464866557,-0.9207834137768982,-1.142240900685459,0.597224667431841,-0.2605516329030214,-0.6858630206543875,-0.0018884200040626274,-0.03154592380666079,0.04582881351076988,1.0226501824836993,0.18136430529721326
0.27831792194175137,0.09172715843096511,0.03659312921153817,0.02928544537884162,-0.14181786727933582,0.06109165345544575,0.10581817683620282,-0.09194802886254269,0.024698064938001526,0.14216760287901767,0.07284064983781166,0.010552604245560445,-0.11190167575489998,-0.018209808392021024,-0.04896612251641637,0.1610603226380467,-0.09543088659250423,-0.09591339183089927,-0.15605589809103246,0.04255515861206368,-0.1804005637102047,0.007435430625342931,0.1031519265755937,-0.1735463783754103,0.0693916826571592,-0.0623598740166561,-0.10425765078146897,0.11672537531817893,-0.10528610062574613,-0.1039387436124077,-0.16189532833175635,-0.15490077085688592,-0.23972557925309795,-0.06732283174244824,0.049832577835020486,0.1061860454054278,-0.11055014135329182,-0.1812010785543475,-0.12540397865789443,0.12054605454654699,0.1444690983919661,-0.17374020943812316,0.17734078988849644,-0.1081362533921313,-0.08809020825985844,-0.042365652720734684,0.2252471465936319,0.3045366108958876,-0.10916680367122553,0.10523493090204378,0.1598668730037543,0.051063095486475536,0.004238757751241472,0.04476829148628237,-0.22264738215114044,-0.10427072187434093
3.2462041045297814,0.18871942517336043,1.404155105155145,0.012836697879504163,-2.6558095248043077,-1.2228976440251258,-2.4022054538843958,-0.7343830561183422,0.14216760287901767,1.8463382431808908,0.17766391312885751,-0.920641695127553,0.11829633944184278,0.35140115805952477,0.8165348088235651,-0.575069871294627,0.5559635124958952,-1.43165886429731,-0.8220030856885041,1.048518178796821,-2.451857271809863,-0.3369839611102391,-0.04248483209596672,-1.902046204786998,1.469536385618469,-1.1303183895368718,-1.6351468926554562,-0.33343399575973154,-0.37489274735859623,0.6114281808491138,-1.1535132269210517,-0.7642225920436942,-1.4181405278907795,-1.929084616967293,0.6142865971854061,1.1000036605699837,-0.7520955525812572,-1.1852003017982848,0.04178645296289974,0.9176804818501347,0.5389444149290042,-1.331759541064938,1.119841721517792,-1.2254100271088546,0.39394304539807984,-0.8451527304391827,1.3603195007425792,1.1062649598002658,-1.6981397585694047,-0.4979401134402247,1.1238140971111639,-1.1549380000093314,0.14551370566954955,-1.2553004875040945,-2.053760179761748,1.1817983970604318
0.5601917218789688,0.5497588981611421,-0.4482569665332726,0.16648129237386802,0.16492379973473603,0.9518431133730788,1.9362158842918846,-0.2797996049241533,0.07284064983781166,0.17766391312885751,0.5446553236863859,0.5591781072075039,-0.8398648731967968,-0.31312509764769186,-0.8300481529124295,1.426773238625035,-1.0164853537691299,-0.07422220026966998,-0.7578588319476073,-0.3297003317545483,-0.21810997979866256,0.18499583450705792,0.8622958690531378,-0.31301379798431,-0.20670858740913853,0.08553509721960675,0.01804257328203847,0.9954960867556073,-0.5873085846794209,-1.08351979419117,-0.6169257869414225,-0.8577485196880754,-1.2083295553639206,0.39119860610523016,0.14237521277917964,0.20913768620017212,-0.5145686453997059,-0.7327483053474185,-0.9286634884237394,0.43843407565203985,0.7931477424400332,-0.5724400668300833,0.7907127397310616,-0.20595202321891293,-0.7126934393132229,0.13040050876221565,0.9676136689010538,1.6829726536803031,0.038031146829832885,0.9796344578366097,0.6561101347195732,0.9619767312237423,-0.056683521877045846,0.8981912371696624,-0.6586697127281027,-1.4223174001257934
-1.313309331248375,0.5866038338786264,-1.4269645410703962,0.2119710433578272,1.8662724134453816,1.9802306758900747,3.936600456548167,0.09309398598102221,0.010552604245560445,-0.920641695127553,0.5591781072075039,1.2700380018601165,-1.1446998904831334,-0.6128074594695843,-1.5416317538974689,2.1684859506468155,-1.621930983981341,0.8020586066467142,-0.4502900166554531,-1.0383922740932177,1.2542959771198239,0.44834399260110497,1.100851410568078,0.7716206062233083,-1.1679851059942936,0.8068346289559822,1.0347854676290917,1.4714255991956615,-0.5130711822640197,-1.7443293549746972,-0.07034824475727194,-0.5964602074230003,-0.6265557449461199,1.6961906160165126,-0.2144632153281253,-0.4074597131588895,-0.17416029675676797,-0.20033228781421344,-1.2048928974431978,-0.009588985951263205,0.6724006984429809,0.08736419921130024,0.30374298973235275,0.49810779496571783,-1.1691981771195428,0.6807760503974847,0.389710661837299,1.451400459755268,1.0926954546369962,1.5538443982520036,0.1313838134192506,1.9261782563603285,-0.15773084235186835,1.922274142031477,0.4383942944547434,-2.5146682534182476
-0.19439172596190368,-0.9208789962609693,1.0589352945022381,-0.30737063850494895,-0.9170927546409262,-1.9568976169915635,-3.8581572150176484,0.3366407562434122,-0.11190167575489998,0.11829633944184278,-0.8398648731967968,-1.1446998904831334,1.4901340400338408,0.6121835695205482,1.5662116877894312,-2.595131972453016,1.8435381598054605,-0.2227744357595477,1.1140136650304273,0.7240377679773524,-0.2124140244032837,-0.408962117288941,-1.4424441348331338,0.13641989326599518,0.6763362981812857,-0.39846111048580846,-0.39798849855519564,-1.7960833821823237,0.927825743036425,1.9809490812999908,0.8094406128413594,1.254347870219319,1.6851278862403882,-1.1247489552617427,-0.06668003328301804,-0.13560931443062732,0.680840254147752,1.0082287495546332,1.6115591331384715,-0.5537573135733485,-1.2454748731407919,0.7180514990612824,-1.0927857187603132,0.07751070025204214,1.376805596218289,-0.39313052023954526,-1.37395271932213,-2.6544158516555343,-0.4300025383398241,-1.8091528296020207,-0.8631626518956395,-1.8920026006519373,0.1191964674134276,-1.8441515993934732,0.665679646511589,2.6577782468070588
0.4540573691514512,-0.33430970255378223,0.6586777155006269,-0.11763757939898621,-0.8009915303867269,-0.9783618390360258,-1.939815645828528,0.009641433499101577,-0.018209808392021024,0.35140115805952477,-0.31312509764769186,-0.6128074594695843,0.6121835695205482,0.30366812037955,0.7669972611570445,-1.1297730553361134,0.8323761475010207,-0.3216936138193327,0.30967214177591845,0.47319581530467303,-0.48560670757629043,-0.21691686638895125,-0.5896138716998495,-0.2639834759751263,0.5143865847293361,-0.3463354313430287,-0.4296228755271783,-0.7712776047892126,0.30824048290560524,0.8947804168022901,0.13101538929644888,0.38114747572187335,0.4480161038530392,-0.7656631183352869,0.06979790148113361,0.1310305744303372,0.15232399989158918,0.20457669793850955,0.6499993891437622,-0.06900007023630117,-0.40769711898006133,0.06154236449097075,-0.25341080948229716,-0.17183809829957636,0.6061218588093465,-0.2996944408769918,-0.3212187086114203,-0.8758031497331803,-0.4546524213557317,-0.8027983126888197,-0.16042982863355926,-0.9496846762812491,0.07298028569696871,-0.9424533743651377,-0.07328427551007255,1.264230841346246
1.0073683113984022,-0.8651370443107667,1.6382665234833629,-0.2972295968862142,-1.9291705976061344,-2.4507295456859453,-4.887229352567628,0.05396704699995495,-0.04896612251641637,0.8165348088235651,-0.8300481529124295,-1.5416317538974689,1.5662116877894312,0.7669972611570445,1.9491429160045035,-2.8799548546530875,2.12572365994919,-0.7542361511726586,0.8372686205935906,1.1905405220566536,-1.126633198019489,-0.5391032067780424,-1.5299848124767235,-0.5976309818948242,1.258858038517346,-0.8399918559149521,-1.030273170346998,-1.9685825841270614,0.8109314437197676,2.281491928112875,0.3894539950995614,1.0303047761178805,1.2398896967971746,-1.8771307729694142,0.14041110931410222,0.2921273880094572,0.4366784238264248,0.5785631060529481,1.6708351654757432,-0.2188228807668259,-1.0746556179240039,0.21222002157359487,-0.7091839817018979,-0.3848145704291055,1.5264785751195622,-0.7380041681752537,-0.8869215951916877,-2.3051745064575995,-1.0962782518160175,-2.041317566851228,-0.46906485723763663,-2.397934887533399,0.1841218377160125,-2.364067412391834,-0.09127577210186257,3.2152026519603356
-0.31106042906517445,1.5497513081621463,-2.118575387772946,0.5238177206744171,2.113238833578579,3.6193369898907557,7.15392747225036,-0.42965021528749225,0.1610603226380467,-0.575069871294627,1.426773238625035,2.1684859506468155,-2.595131972453016,-1.1297730553361134,-2.8799548546530875,4.598184151697675,-3.303682211843599,0.6681134184326042,-1.7601635839814425,-1.478139421117698,0.8543729233761272,0.7716958198044879,2.511105455242946,0.1528860501189931,-1.466982238836942,0.9170902938744858,1.0176358846354987,3.1692147082795707,-1.5273449895099867,-3.5504529417387385,-1.1646621560183679,-2.0231314014092736,-2.6406701644960537,2.3291303575485864,-7.483004289923045e-4,0.007916068290686388,-1.0317398660141024,-1.5003953958409708,-2.792298700992886,0.7706194408060448,2.0431127368127546,-0.9658458829276452,1.6655146477087166,0.11295656213791072,-2.4463969326199124,0.8539492282991182,2.096921431642502,4.36221748889189,1.0889639206322075,3.224385558119521,1.267451275250334,3.5067525330812868,-0.23752100992843533,3.436494794833787,-0.7372196662045434,-4.841811487553016
0.47282143059605813,-1.077562982800464,1.6269393251896915,-0.3623647032445904,-1.703979797627668,-2.6520937097546016,-5.274589503628889,0.23650029357390465,-0.09543088659250423,0.5559635124958952,-1.0164853537691299,-1.621930983981341,1.8435381598054605,0.8323761475010207,2.12572365994919,-3.303682211843599,2.399171575253938,-0.5807549981137898,1.18274270137993,1.1618671491265289,-0.7942418204019454,-0.5694469233533094,-1.80162718370668,-0.2738634437697558,1.1640630531235485,-0.7437879342311536,-0.8560928947481985,-2.2717845177787446,1.0517230782617735,2.5748444085838345,0.7281313564983855,1.389385541310495,1.7820332061585136,-1.8032053096624483,0.037088055724822835,0.09283545620060471,0.6825294637359303,0.9617421090873663,1.982147836820505,-0.4698386943203266,-1.40356943626735,0.563520942829067,-1.0950762084781402,-0.18043710284936018,1.744587999870284,-0.6823772062897695,-1.369592447093513,-2.999716879599258,-0.9170554156577212,-2.3225297803039946,-0.8110506430725914,-2.5894616718653087,0.18398214549619246,-2.5348805574793394,0.3562226239107052,3.549637919793488
-2.4867338571053725,-0.06265835027748679,-1.1661182243730652,0.020790825707479275,2.1276908259857428,1.1166791706539938,2.1774052984770136,0.5314846630300959,-0.09591339183089927,-1.43165886429731,-0.07422220026966998,0.8020586066467142,-0.2227744357595477,-0.3216936138193327,-0.7542361511726586,0.6681134184326042,-0.5807549981137898,1.1255622075001988,0.5371067517874716,-0.8542354822367892,1.9102964641796047,0.2972065269960707,0.14794533479373537,1.4458635255719525,-1.1866115794759853,0.9031381053421804,1.2914666033481605,0.4127569930191054,0.20796410844564414,-0.6373028568231436,0.8155271758293817,0.48860137273626486,0.958615461313161,1.5838284784719467,-0.47379980511819764,-0.8298673099005675,0.526212300134733,0.8218336406617498,-0.1717515712810135,-0.6572530648021927,-0.3064759702836249,0.9557609493539706,-0.7699853390721849,0.9356679467746111,-0.4334072512533217,0.6798535757439962,-0.9244960873855349,-0.6203094455808739,1.3399819620557967,0.5414085292207282,-0.7920567353169911,1.0470057728500426,-0.12030438149349944,1.1267697611476075,1.5228297016354908,-1.1278208455338572
-1.765844859034958,-0.8173023723342124,0.1435930858494535,-0.24562212751806645,0.5965209762247717,-0.9320176362739526,-1.8550595714199598,0.6260672684015016,-0.15605589809103246,-0.8220030856885041,-0.7578588319476073,-0.4502900166554531,1.1140136650304273,0.30967214177591845,0.8372686205935906,-1.7601635839814425,1.18274270137993,0.5371067517874716,1.286286054245843,0.0626284020772254,1.0511861761658592,-0.1537417847703648,-1.1231799234584408,1.0456642321199596,-0.19277208288885184,0.24505824639557994,0.49553216231444075,-1.250116722861081,0.9169647094191392,1.2622487678143979,1.2081449914271172,1.374180790270772,2.0408734743266894,0.07063491517362187,-0.36208851297082056,-0.6484255478778875,0.9140999035881257,1.3799800355177658,1.2496126339364213,-0.8903433971512977,-1.2485001397329953,1.2208375823716424,-1.4185146270301106,0.6679710371748105,0.8821085842586562,0.10544944596129871,-1.7546195969643292,-2.6397224294060044,0.49935169770175003,-1.1782934580023026,-1.2387185807984498,-0.923392135055071,0.023355953479101455,-0.8308581535214938,1.5424183958612063,1.518194724009366
1.6418645738897213,-0.3005955242094116,1.2643377345020061,-0.11316288691283366,-1.8280652617884419,-1.5149739414290604,-3.062207731397386,-0.2639776221836061,0.04255515861206368,1.048518178796821,-0.3297003317545483,-1.0383922740932177,0.7240377679773524,0.47319581530467303,1.1905405220566536,-1.478139421117698,1.1618671491265289,-0.8542354822367892,0.0626284020772254,0.9617485482556523,-1.397615207498716,-0.3556369735082123,-0.7174290662187652,-0.9924381025476837,1.1118346701314903,-0.7961302998052386,-1.0687007698956532,-0.9876583319640956,0.21532924413407842,1.2456667292754162,-0.26640657547385616,0.1938178052973199,0.05396911219527964,-1.5415729043165147,0.27080751809157094,0.5549063667919735,-0.0707989283535835,-0.19847811673604074,0.749202798627525,0.251224612450354,-0.2694286208148396,-0.42540997285054083,0.0997434529298215,-0.6295545830207314,0.7856381300574647,-0.6543269304416764,0.12922301971647523,-0.5950967945794352,-1.130134902695487,-1.0792409620277243,0.20870228117062822,-1.502554057960867,0.14169139707869766,-1.504258152840049,-0.8089710920306564,1.8903486862439645
-4.301781142829911,-0.2143269822594316,-1.8910507398544953,-0.001306807541180589,3.5575908986100155,1.6973392960253881,3.3136621063891534,0.9568294233561674,-0.1804005637102047,-2.451857271809863,-0.21810997979866256,1.2542959771198239,-0.2124140244032837,-0.48560670757629043,-1.126633198019489,0.8543729233761272,-0.7942418204019454,1.9102964641796047,1.0511861761658592,-1.397615207498716,3.2631016479629924,0.4638419141403131,0.09579652698236799,2.5095209941609435,-1.968292702273594,1.5106038601958858,2.1797839624433633,0.5058960895418453,0.46403619046460687,-0.8745705796843036,1.4984019140890752,0.9792077443315244,1.8358000235700562,2.5983335980646873,-0.8198508333178086,-1.4475730530255237,0.9800671007271435,1.532001074797895,-0.11229735971578857,-1.1952551384194587,-0.6702481328090555,1.7324234173089244,-1.4486853786199967,1.6208087077149662,-0.5828073159361157,1.128834394330104,-1.7511404426072281,-1.3716548039329102,2.260903541476643,0.724976000563281,-1.4614840045922664,1.5910249071671902,-0.19457862511297955,1.7305357130370282,2.698717133643047,-1.6463690443439027
-0.48950516725621057,0.209885118150239,-0.5058251417494622,0.07974203090852916,0.6807622658498269,0.7151702278673652,1.4009035119773912,0.03188684610785121,0.007435430625342931,-0.3369839611102391,0.18499583450705792,0.44834399260110497,-0.408962117288941,-0.21691686638895125,-0.5391032067780424,0.7716958198044879,-0.5694469233533094,0.2972065269960707,-0.1537417847703648,-0.3556369735082123,0.4638419141403131,0.16372233660166266,0.3784613632529736,0.2767955947923095,-0.4185825002217927,0.29054223176856925,0.37400073535740935,0.5233809612840519,-0.17956398839774354,-0.6153981919550764,-0.020605990377660338,-0.19609451852354326,-0.1981334188256556,0.6134764716491392,-0.08737451604366325,-0.14460224376479466,-0.04997926539647212,-0.06776685910970183,-0.4268046373143819,-0.007457827237009511,0.23522651192451968,0.03059490589442301,0.09803811416493752,0.18241471181432722,-0.4289581516235498,0.24047089529154567,0.13391527302932527,0.5087121991079036,0.39170607595420837,0.5544556822183618,0.03776331204219244,0.6818797632405152,-0.054258441880472796,0.6889185617271646,0.16685078881906526,-0.8829164661192124
0.33333034346606605,0.8974627100929999,-1.001127666497817,0.28698036756517514,0.7780779647139965,1.8432605608580273,3.694302324401513,-0.3436094186759604,0.1031519265755937,-0.04248483209596672,0.8622958690531378,1.100851410568078,-1.4424441348331338,-0.5896138716998495,-1.5299848124767235,2.511105455242946,-1.80162718370668,0.14794533479373537,-1.1231799234584408,-0.7174290662187652,0.09579652698236799,0.3784613632529736,1.4402067580847258,-0.18762731513014055,-0.6134115241054966,0.34991409537665585,0.32978213143821195,1.7399925656188553,-0.920632771582629,-1.9279353719139007,-0.8296522861817032,-1.285244958139588,-1.7458281263695141,1.018518855857794,0.11187327549195372,0.15897702893205384,-0.7151381177729091,-1.0213363370785173,-1.5725778275703604,0.5724224270223166,1.2370533829573969,-0.7314890928618436,1.1199499541563844,-0.12143416522112761,-1.2946629170857418,0.36639155444978544,1.38499573121624,2.6329685441671256,0.368371810617708,1.7443554786362248,0.8935981698541778,1.8223212565321212,-0.11782552148865558,1.74853214697753,-0.7301784470230094,-2.5901146356538187
-3.4061582001879667,-0.3588590202610507,-1.290846330340806,-0.0724334867277957,2.6023178867262184,0.9288248595030113,1.8493653801342456,0.8300460415282938,-0.1735463783754103,-1.902046204786998,-0.31301379798431,0.7716206062233083,0.13641989326599518,-0.2639834759751263,-0.5976309818948242,0.1528860501189931,-0.2738634437697558,1.4458635255719525,1.0456642321199596,-0.9924381025476837,2.5095209941609435,0.2767955947923095,-0.18762731513014055,2.0144513626978524,-1.4191972854430932,1.110986673897516,1.6371874173456158,0.03853397438682054,0.5497554447348466,-0.30480597272893434,1.3436373865399194,0.9965273735414335,1.7450941743526895,1.8136033101346192,-0.6405206415508639,-1.176982215376044,0.8899556483742632,1.412167613366515,0.23271828029567482,-1.0521925613938845,-0.7754807080637489,1.5213714513817151,-1.3493372246263844,1.2909200477813971,-0.1566499890719697,0.8202270363584608,-1.6578136221494217,-1.6091330389343463,1.7014663822540472,0.20606694496220826,-1.3154321797370179,0.8876380397238157,-0.13428722292196352,0.9899750309731483,2.253438479690479,-0.794293166260555
2.4195850564490735,-0.21471705582716674,1.507756143462444,-0.10668326939987219,-2.404106500436222,-1.7079710959027818,-3.381238331202473,-0.4380993133684874,0.0693916826571592,1.469536385618469,-0.20670858740913853,-1.1679851059942936,0.6763362981812857,0.5143865847293361,1.258858038517346,-1.466982238836942,1.1640630531235485,-1.1866115794759853,-0.19277208288885184,1.1118346701314903,-1.968292702273594,-0.4185825002217927,-0.6134115241054966,-1.4191972854430932,1.4033490121068493,-1.0301733652301157,-1.4191780097973266,-0.9653608221026452,0.0770370263728707,1.2590637204099964,-0.5719194330931284,-0.08356347437041226,-0.41271519951817304,-1.9291255986056792,0.439261080851332,0.8000132006179291,-0.3037588536754062,-0.5189529276786774,0.6682850465027229,0.4903154047711368,-0.07578927608746731,-0.7509431986818512,0.4286257970118155,-0.9146187564678151,0.834906629288047,-0.8120366591623421,0.5100145869244654,-0.1937284654631264,-1.483767434081549,-1.0965228521802066,0.5233608103082665,-1.6437907867875865,0.16161492623983756,-1.6942769466101564,-1.3204563705316137,1.973812416037957
-1.8957764425373325,0.08889470127094562,-1.0776674492458165,0.05776278056718723,1.7886357039426692,1.1600931514137514,2.292648045791662,0.3672501228562566,-0.0623598740166561,-1.1303183895368718,0.08553509721960675,0.8068346289559822,-0.39846111048580846,-0.3463354313430287,-0.8399918559149521,0.9170902938744858,-0.7437879342311536,0.9031381053421804,0.24505824639557994,-0.7961302998052386,1.5106038601958858,0.29054223176856925,0.34991409537665585,1.110986673897516,-1.0301733652301157,0.7649859841968407,1.0668044985846568,0.5959986358356029,0.019308230980041783,-0.8063457490086335,0.5121236137222192,0.17464592087273992,0.46803574762849415,1.401535411674551,-0.34864695463038364,-0.6308701012749508,0.2957837820223465,0.4878642938524676,-0.38103709053888435,-0.42737040566301604,-0.04725878620057071,0.6417022443632658,-0.42689631328541294,0.7161945920163015,-0.5337424454231517,0.5950603882959626,-0.5118369904036912,-0.07573229545022267,1.1133497797638108,0.6970117254059871,-0.48029954931705165,1.1121970679039805,-0.11464866769464599,1.1574914203037465,1.0813686060238237,-1.3011466092092467
-2.792213231157537,0.016669293872948403,-1.4402154694204932,0.047475527040897414,2.4984092315282864,1.4531501682016472,2.8677427735392147,0.5770024279965414,-0.10425765078146897,-1.6351468926554562,0.01804257328203847,1.0347854676290917,-0.39798849855519564,-0.4296228755271783,-1.030273170346998,1.0176358846354987,-0.8560928947481985,1.2914666033481605,0.49553216231444075,-1.0687007698956532,2.1797839624433633,0.37400073535740935,0.32978213143821195,1.6371874173456158,-1.4191780097973266,1.0668044985846568,1.507552270293436,0.647918198308861,0.14290006334913197,-0.9306067138020307,0.8473925918124289,0.412232547762329,0.8950266936038065,1.9067407909648544,-0.5189239696713616,-0.9364026633851309,0.5173516434617309,0.8360570950417655,-0.3569585839282032,-0.6916226278500027,-0.22310232761106477,1.0241272996334803,-0.7586899735250495,1.054886002067302,-0.611009482096783,0.818815735169821,-0.9164619161212342,-0.43865520859631724,1.5705314512719692,0.7935538896325492,-0.8083085359604079,1.3879791233388252,-0.1519501775081719,1.462094124081266,1.660694819903618,-1.5674869577831902
-0.10085436727333763,1.081848142970141,-1.4195356294894619,0.36401217839536426,1.3719764373021832,2.467644777588649,4.877118703327277,-0.32404584076099463,0.11672537531817893,-0.33343399575973154,0.9954960867556073,1.4714255991956615,-1.7960833821823237,-0.7712776047892126,-1.9685825841270614,3.1692147082795707,-2.2717845177787446,0.4127569930191054,-1.250116722861081,-0.9876583319640956,0.5058960895418453,0.5233809612840519,1.7399925656188553,0.03853397438682054,-0.9653608221026452,0.5959986358356029,0.647918198308861,2.186602990755044,-1.0727727608663447,-2.4409439799602395,-0.8487441407810159,-1.4301977450848211,-1.8815022972044744,1.5472612002050434,0.020974395696285505,0.04461366885092313,-0.7421798119310227,-1.0828660485045294,-1.9355035525887916,0.5672747594626206,1.4363110364518266,-0.717280411340515,1.194965756007922,0.03497237116540987,-1.683228659234017,0.5622494881347819,1.5028087785677613,3.0651748174481535,0.6949447313416175,2.218930463520531,0.918957361851719,2.391404440537553,-0.15948600546238964,2.339505525969037,-0.5841689902264027,-3.316348345929906
-0.919502350954372,-0.6367919791619042,0.340286915066231,-0.1990315494560069,0.06070781577210555,-0.9565920246196539,-1.8953384918408165,0.39407176098882485,-0.10528610062574613,-0.37489274735859623,-0.5873085846794209,-0.5130711822640197,0.927825743036425,0.30824048290560524,0.8109314437197676,-1.5273449895099867,1.0517230782617735,0.20796410844564414,0.9169647094191392,0.21532924413407842,0.46403619046460687,-0.17956398839774354,-0.920632771582629,0.5497554447348466,0.0770370263728707,0.019308230980041783,0.14290006334913197,-1.0727727608663447,0.6878630722280933,1.1258353681271778,0.801233694671557,0.9963256760145982,1.4346040129367397,-0.25129172712010583,-0.19553776192347047,-0.3537638149986206,0.6236243132190171,0.9361690999445875,1.0255113743769644,-0.5794339745651998,-0.9320582092509259,0.7841578064234298,-0.9767580578832229,0.34877356049087976,0.7845868258241772,-0.04810447297421239,-1.214067410452117,-1.9757484206229856,0.13655587275755626,-1.0408195909606817,-0.8299464286286178,-0.9362246016858291,0.041939702704908356,-0.8781912335776207,0.929282914442769,1.4243407242751736
0.5360270610835387,-1.1565845529711254,1.7532629950496217,-0.391156419790116,-1.8518953176436885,-2.859155338956683,-5.676002053544931,0.25113792731225576,-0.1039387436124077,0.6114281808491138,-1.08351979419117,-1.7443293549746972,1.9809490812999908,0.8947804168022901,2.281491928112875,-3.5504529417387385,2.5748444085838345,-0.6373028568231436,1.2622487678143979,1.2456667292754162,-0.8745705796843036,-0.6153981919550764,-1.9279353719139007,-0.30480597272893434,1.2590637204099964,-0.8063457490086335,-0.9306067138020307,-2.4409439799602395,1.1258353681271778,2.7652138157563604,0.7738379884543592,1.4794604779228562,1.8934030612077235,-1.9514112508313775,0.048672912866896484,0.10510050517030425,0.7226384930093013,1.0247551776449986,2.127443978839711,-0.4974058071095605,-1.5023669454540585,0.5988077871248093,-1.1647187106706638,-0.2026227794167242,1.882328116016179,-0.7360915738947489,-1.4613792656849438,-3.211295029185086,-0.9950756281510501,-2.497465221813168,-0.8604366166797403,-2.7844923322710597,0.1974260925612768,-2.7304976257095896,0.36633221873483574,3.811284727718747
-2.26711240792681,-0.6738868219706917,-0.30101114203025364,-0.19197598554222012,1.2141446918906609,-0.35506618269133117,-0.7043104983623242,0.6886808717094504,-0.16189532833175635,-1.1535132269210517,-0.6169257869414225,-0.07034824475727194,0.8094406128413594,0.13101538929644888,0.3894539950995614,-1.1646621560183679,0.7281313564983855,0.8155271758293817,1.2081449914271172,-0.26640657547385616,1.4984019140890752,-0.020605990377660338,-0.8296522861817032,1.3436373865399194,-0.5719194330931284,0.5121236137222192,0.8473925918124289,-0.8487441407810159,0.801233694671557,0.7738379884543592,1.2476487589553256,1.252325085056773,1.9422011237658912,0.6085925261801073,-0.44610316282691165,-0.8109208262941778,0.9030114844423085,1.3867919952629701,0.9319819601520489,-0.9379594136503517,-1.099448824793726,1.3122830154439367,-1.3926083931498026,0.858915184687201,0.5610569196345383,0.3269953680485495,-1.7211793870711865,-2.314772802039774,0.8701293106388603,-0.7480991340767924,-1.2589913936194874,-0.3601415178337913,-0.025607914444452574,-0.2655885719892776,1.7582716771217473,0.7975437870566402
-1.7129712014729892,-0.8945235103744399,0.2958690130419815,-0.2654075994687205,0.4500691039749784,-1.1372091480191193,-2.300117796405228,0.6300708844404972,-0.15490077085688592,-0.7642225920436942,-0.8577485196880754,-0.5964602074230003,1.254347870219319,0.38114747572187335,1.0303047761178805,-2.0231314014092736,1.389385541310495,0.48860137273626486,1.374180790270772,0.1938178052973199,0.9792077443315244,-0.19609451852354326,-1.285244958139588,0.9965273735414335,-0.08356347437041226,0.17464592087273992,0.412232547762329,-1.4301977450848211,0.9963256760145982,1.4794604779228562,1.252325085056773,1.4958216315716555,2.1968997482381436,-0.08338679244785625,-0.3683113666960714,-0.6220555638785128,0.974467342200686,1.4397972517787152,1.4055255354879475,-0.9172787947094181,-1.3540393897567002,1.240882946072892,-1.5006882161220603,0.6425073791313276,1.0005088085473604,0.035675287294049104,-1.844943968809148,-2.8644449646742625,0.40474752230679084,-1.3624798131904265,-1.2974833157158254,-1.1476973701259214,0.043360577545080395,-1.0373982935709534,1.553752810967663,1.8311206772833892
-2.9979526303607997,-1.2570677233754066,0.11874152693891404,-0.36327259627850705,1.156136964897723,-1.2989740351889185,-2.6470338640778754,1.0080953242298185,-0.23972557925309795,-1.4181405278907795,-1.2083295553639206,-0.6265557449461199,1.6851278862403882,0.4480161038530392,1.2398896967971746,-2.6406701644960537,1.7820332061585136,0.958615461313161,2.0408734743266894,0.05396911219527964,1.8358000235700562,-0.1981334188256556,-1.7458281263695141,1.7450941743526895,-0.41271519951817304,0.46803574762849415,0.8950266936038065,-1.8815022972044744,1.4346040129367397,1.8934030612077235,1.9422011237658912,2.1968997482381436,3.287215506665197,0.2797852871309883,-0.6290303549328972,-1.0711277270327217,1.482996348853893,2.2036398398784467,1.9072972171384888,-1.43680332723085,-1.955804795498417,1.9619248338952373,-2.274442328445165,1.1257079577844873,1.2815271279778597,0.21989631385225172,-2.7918985755272523,-4.130097728972139,0.8966895198240866,-1.7558968717421968,-1.9983024751941412,-1.3303229243647545,0.030082157411359965,-1.1574513394546793,2.5367861648600285,2.25794661392007
-3.1192335836108853,0.43265237064907575,-2.1227924519003314,0.19407576785470865,3.278840335854748,2.5457080316126297,5.013253355791556,0.5085215532913612,-0.06732283174244824,-1.929084616967293,0.39119860610523016,1.6961906160165126,-1.1247489552617427,-0.7656631183352869,-1.8771307729694142,2.3291303575485864,-1.8032053096624483,1.5838284784719467,0.07063491517362187,-1.5415729043165147,2.5983335980646873,0.6134764716491392,1.018518855857794,1.8136033101346192,-1.9291255986056792,1.401535411674551,1.9067407909648544,1.5472612002050434,-0.25129172712010583,-1.9514112508313775,0.6085925261801073,-0.08338679244785625,0.2797852871309883,2.6918534517809154,-0.5691057398490457,-1.0107968014422042,0.2923909928644132,0.5063041726944318,-1.13057163726834,-0.5453315301972916,0.30168577037242184,0.8494990492464052,-0.38314198714573156,1.1750496941654862,-1.3233146977196808,1.1126861675280513,-0.434544645115058,0.6852847430803338,1.9920842907515226,1.7209689277799152,-0.5420669893358783,2.435739406531481,-0.2266557251623788,2.502689137388827,1.6072032660311852,-2.980981935148402
1.1185293707724084,0.12715736894048485,0.38222706838987835,0.01955963641545102,-0.8349601174011744,-0.2776737988224576,-0.5107964604304958,-0.26511449386160335,0.049832577835020486,0.6142865971854061,0.14237521277917964,-0.2144632153281253,-0.06668003328301804,0.06979790148113361,0.14041110931410222,-7.483004289923045e-4,0.037088055724822835,-0.47379980511819764,-0.36208851297082056,0.27080751809157094,-0.8198508333178086,-0.08737451604366325,0.11187327549195372,-0.6405206415508639,0.439261080851332,-0.34864695463038364,-0.5189239696713616,0.020974395696285505,-0.19553776192347047,0.048672912866896484,-0.44610316282691165,-0.3683113666960714,-0.6290303549328972,-0.5691057398490457,0.2249107947416381,0.3719155101915024,-0.3160946069854074,-0.4695849725156249,-0.10635008903936172,0.3483123966767866,0.274472353509108,-0.49051775469546754,0.46419964808055064,-0.417879515186889,0.049345307428873914,-0.24699529465326825,0.5556765307061666,0.5696995435942239,-0.5321988226933934,-0.034563393946470226,0.4471468961310012,-0.23723326667005035,0.0361790585250993,-0.28769935094880283,-0.7421592714397529,0.17744590754833842
1.9833727037143583,0.243717445940007,0.7125653024547376,0.05505188177579891,-1.4754680422688582,-0.46415527355838465,-0.9323959723300267,-0.49595945901205385,0.1061860454054278,1.1000036605699837,0.20913768620017212,-0.4074597131588895,-0.13560931443062732,0.1310305744303372,0.2921273880094572,0.007916068290686388,0.09283545620060471,-0.8298673099005675,-0.6484255478778875,0.5549063667919735,-1.4475730530255237,-0.14460224376479466,0.15897702893205384,-1.176982215376044,0.8000132006179291,-0.6308701012749508,-0.9364026633851309,0.04461366885092313,-0.3537638149986206,0.10510050517030425,-0.8109208262941778,-0.6220555638785128,-1.0711277270327217,-1.0107968014422042,0.3719155101915024,0.6903310107894813,-0.5399008582648447,-0.858662985114134,-0.1951483509418928,0.6321370423568785,0.4966477845778078,-0.9124345482897966,0.8233459865611799,-0.7527384387022679,0.03598154664673096,-0.46331695773715875,1.0148101756120889,1.033491320892561,-0.9736453294117264,-0.05206148821938976,0.7952313354807572,-0.4470843713338352,0.07435933638343314,-0.5056756561631678,-1.3333236252125409,0.3667203384964909
