V1,V2,V3,V4,V5,V6,V7,V8,V9,V10,V11,V12,V13,V14,V15,V16,V17,V18,V19,V20,V21,V22,V23,V24,V25,V26,V27,V28,V29,V30,V31,V32,V33,V34,V35,V36,V37,V38,V39,V40,V41,V42,V43,V44,V45,V46,V47,V48,V49,V50,V51,V52,V53,V54,V55,V56
0.22541148282784315,-0.20478264781451838,-0.36175032736581203,0.17973393369206636,0.325068797505427,0.17991614521651003,-0.3921342277919893,-0.27541120733620467,-0.010361349622537184,-0.4273724370353772,0.13919925958852067,0.07730705667902936,0.2267825198695894,0.03664784834121199,-0.24409008717907726,0.16150808340249273,0.08628800089627368,0.31805536346134716,0.3079195533034516,0.539078005544285,0.2733570055003833,0.6125472320777215,0.014771124199339737,0.07300264758502788,-0.23571427687328328,-0.1549109485074159,0.22127385470920818,-0.4922475572373151,0.0014270335675430536,-0.13305070693791965,-0.7694620249223885,0.029106311401964638,0.24522923948083586,0.2990567741792049,0.06411423407982751,0.11067823431459987,-0.048393786751409214,0.6251532580163834,0.01757275568300033,0.07412160077628399,0.2436837087191086,0.428609080894876,0.4406222960450887,-0.043980547921114034,0.005829228099689129,-0.0387985640273284,-0.8292455880216174,0.09965747764325987,0.29595675484350625,0.3529824191547899,0.3042575639249148,-0.5011296659927751,-0.49869319023889225,-0.05283653077814259,0.3834009329557042,0.07263287207286653
-0.20478264781451838,0.48613742693064316,-1.140971004087106,-0.14833688742178439,-0.6681497745585346,0.37043459427067393,0.4131050772508988,-0.6332630664667681,0.46622481183620806,1.3950507030564472,-0.4732218803563366,-0.684513752532243,0.13654824852760206,-0.1892658201103259,0.4519161954361857,0.19713644130950866,-1.0512027098917898,-0.9430063392810795,-0.6886500964877867,-0.6249613769365688,-0.9511081069632732,-0.511791486933205,1.4874589251158596,0.1071198907573246,1.2161121200125555,0.114920935549967,0.21348204918115996,0.4185328992831516,0.5012265038379995,0.45108574304429155,0.24821958465697672,0.15053117675265495,-0.94242350845773315,-1.0514523062659067,-0.052466398792643754,-0.41420729156122255,0.6768662207454523,-1.093193032290163,-0.3202184007988653,-0.4650862668293794,-0.9049069236131574,-1.5533946066365787,-0.6355869066554808,1.1568647368212837,-0.9703588023374782,-0.0010498626304736626,1.8193292295000185,-0.5900180433288564,0.0028352384360376902,0.16417583583531492,-1.035981097335225,0.7516771574194102,0.35225242064459816,0.42084984400683173,0.11530692328545705,-1.4634959359294302
-0.36175032736581203,-1.140971004087106,18.006458944645917,-1.3501811097566578,1.4831586422056413,-8.013511045847206,2.7925456122992123,12.595174278825798,-4.647129951170297,-7.665389826324877,3.6717264317231084,4.654263519746931,-4.681739476727704,2.3815866800907095,-0.03878196998420778,-4.010280564354747,11.960052790005758,4.128104325594702,1.8910590177052882,-0.9770823891464047,3.90805626750297,-1.5830276311930342,-16.306860439888474,-2.576804540449219,-6.780579676136296,0.9582942553487442,-5.852237271330583,2.0413461555632013,-6.808878943171308,-4.407888235343199,6.388794025845337,-1.6732252898844866,8.171125917832489,9.352677667733916,-1.6703183660302368,4.646487200325247,-7.53243719815654,4.146238570660747,5.5372233965816555,4.520016762688567,7.8275398557104765,11.984197800302722,-1.2502384450788873,-12.903221092147584,11.785831929291728,-1.0093557064594803,-7.845033938661384,5.7850340997161975,-4.919215661108222,-3.582487425961366,6.8049570692402215,-1.2371189846697028,5.6159038868976365,-4.824713005757271,-8.654326061502132,13.767453805974128
0.17973393369206636,-0.14833688742178439,-1.3501811097566578,0.23969651012464818,0.22324369816342038,0.6636935484565256,-0.5455902459006526,-1.0196813593469753,0.24898402513747775,0.03993132887410428,-0.11825907170005612,-0.1403726277005674,0.45293792151966206,-0.14042086369154383,-0.2504901407119013,0.34577221598668895,-0.6880288099413352,0.08226562813781838,0.18802826403332668,0.49800912775455275,0.0951351492382143,0.5277974859516664,0.9498092108929863,0.22241049657682266,0.08001290495440089,-0.1813636195370736,0.5321965277335657,-0.5014150591198053,0.44587270682074803,0.20033237273073648,-0.920999719973194,0.10556471140143005,-0.3271508167457882,-0.3812221123685107,0.2001368286479185,-0.24496792108803953,0.42885009154778386,0.22368744642680655,-0.3945881603707062,-0.22058856485293019,-0.3101633078119119,-0.3897519839601877,0.503400752965772,0.7456837398002483,-0.7265248092032961,0.0878106915443983,-0.2262005889443021,-0.2834187599950064,0.5503692268059154,0.367876213002078,-0.14055538809586704,-0.32805350569670516,-0.8204255790248227,0.27412099757549074,0.8861734462443944,-0.692172037720356
0.325068797505427,-0.6681497745585346,1.4831586422056413,0.22324369816342038,0.9351731200603827,-0.4931031434784075,-0.5935683958851791,0.8371795706972377,-0.6249273965951345,-1.9269628067530102,0.6697389162765379,0.9059044371725617,-0.1446945006742005,0.2758520165304398,-0.6257556714688433,-0.23054856970507828,1.4610711582352116,1.2964024380437134,0.9588765285979803,0.9317782583081379,1.2834173281492525,0.8209074139592557,-1.9996764459006657,-0.13834022669343743,-1.6244780227079612,-0.1809704380003135,-0.2565818643384489,-0.65471897084219155,-0.6981203724856001,-0.6544227064647549,-0.49776868256016105,-0.19127710512081236,1.3357126298640143,1.5050121251438775,0.05835001028158919,0.6067123380807778,-0.9350322419220269,1.5988599839385105,0.47435250291599557,0.647990889235245,1.2856050233036744,2.186086646088056,0.8981091375422738,-1.5823172622610713,1.3310513311227123,-0.032578750816930936,-2.5891497783030655,0.8253937232042335,0.034786118363914334,-0.10476141217674213,1.4449654610106386,-1.1010752815417684,-0.5182189695547373,-0.5931354015722035,-0.12396487859767477,1.9642738896506116
0.17991614521651003,0.37043459427067393,-8.013511045847206,0.6636935484565256,-0.4931031434784075,3.646881219128266,-1.432117093634953,-5.702314337594739,2.0168069547478322,3.1591373202882562,-1.6041075004438343,-1.9146983751357132,2.1096626596562915,-1.0861568804482218,-0.1333624520373873,1.7731649108645755,-5.326953196151245,-1.6268425588441935,-0.6726182476706333,0.5762504994090795,-1.4835659757844322,0.758113860039281,7.144862388201595,1.1714278873676338,2.718641734217063,-0.4605437286851071,2.6461487882930097,-0.9986487575543019,3.0667452678059277,1.9829568665228055,-2.887436163138795,0.717448137188037,-3.6033007102704238,-4.153829488332382,0.8304074421248933,-2.1127060846319052,3.3408314500712213,-1.7240113406749342,-2.5641770858654835,-1.9933389374109485,-3.455893420982072,-5.212183546174361,0.7801831529569406,5.701077651591357,-5.244026551247234,0.529036099353746,3.2115049313032817,-2.557369480627473,2.275262327677249,1.4642959609141009,-2.8938025206252886,0.4225035608610243,-2.7363485221536923,2.1623640073943697,4.01296856203272,-5.945235698221907
-0.3921342277919893,0.4131050772508988,2.7925456122992123,-0.5455902459006526,-0.5935683958851791,-1.432117093634953,1.2762290035676382,2.180616049944922,-0.47472714924458,0.11754807979346972,0.2172920371311495,0.17090371409406913,-0.9600327061537757,0.307225944648818,0.6345037908957489,-0.7090360322819277,1.4172536418163797,-0.3346224216188986,-0.5220706080160328,-1.1479958929985807,-0.393348540724875,-1.1473987283352005,-1.873752593707169,-0.47863912233714523,0.06319556895370305,0.40340622892949873,-1.1339650208084469,1.1158163013649174,-0.9451485903687435,-0.4238851778523438,1.955795923353548,-0.19824319660135797,0.640816788677627,0.7683403204017355,-0.4778578978462433,0.5332557597432709,-0.8726262146396131,-0.5708895536808614,0.8854820398128821,0.43850659544170695,0.6100985377577733,0.6984761615092498,-1.2158928494667895,-1.5033070219604718,1.4945718921491093,-0.2380178863136323,0.6995470943871265,0.5674904487955562,-1.206730880819238,-0.6747934824086624,0.17985553342498978,0.7866490769298125,1.8798958682554316,-0.5741938538711543,-1.956343357604712,1.2891562165011283
-0.27541120733620467,-0.6332630664667681,12.595174278825798,-1.0196813593469753,0.8371795706972377,-5.702314337594739,2.180616049944922,8.926902265582292,-3.1890192586270767,-5.059402016107154,2.532818238106607,3.067292600488776,-3.306022280977094,1.6976989997235834,0.15364273103576162,-2.7910261267171608,8.37179199057416,2.6352124814201887,1.12003278197466,-0.8526063667252721,2.4265047269392506,-1.1705961484083687,-11.271845988935022,-1.8320820057709402,-4.383691326419484,0.7109631873652729,-4.143493425975958,1.5355020867273828,-4.807022662979296,-3.10941244159564,4.520720237385691,-1.1376261171737825,5.6765420182377,6.532908027250455,-1.2730474945370553,3.3045392338286605,-5.25548337914649,2.7558672136399056,3.9938152248276015,3.1401247426113765,5.442843154714925,8.238200628635981,-1.1430295107997086,-8.97644083986572,8.24312978622351,-0.8022739345489345,-5.1527530595604,4.026308737524957,-3.5440802543828305,-2.3488039194997103,4.598753780698724,-0.7123291529977066,4.2127072441852755,-3.393493708301382,-6.247496237316506,9.41196683312375
-0.010361349622537184,0.46622481183620806,-4.647129951170297,0.24898402513747775,-0.6249273965951345,2.0168069547478322,-0.47472714924458,-3.1890192586270767,1.2715457365276013,2.3637598849726524,-1.055525983557165,-1.3584743233539542,1.1374112505875578,-0.6368892415807587,0.19631358303297247,1.0063880841370167,-3.2249130979342553,-1.3507879910955718,-0.7273696956697672,-0.046981597752919275,-1.2969962412880356,0.13021662404920592,4.403253324427451,0.6426893680101513,2.070228584816863,-0.17050182830405536,1.4433404754901067,-0.2845452749473446,1.7958919201022543,1.2215869964670467,-1.3497549993507947,0.4482924720353994,-2.302572065015921,-2.62753806492576,0.3709891875669614,-1.2626326845622495,2.0357377983279017,-1.4398110001025404,-1.4308868413801876,-1.2473474463515888,-2.2074009672614276,-3.445573870204804,0.023795950972265827,3.4824717752490963,-3.1463717844760772,0.24297094115777707,2.5992608272785875,-1.5950054110544472,1.1386786639130146,0.8739787802700656,-2.0179889729993805,0.6142099402087446,-1.1558167771349726,1.3016045714462066,2.0566549745409697,-3.800819934384487
-0.4273724370353772,1.3950507030564472,-7.665389826324877,0.03993132887410428,-1.9269628067530102,3.1591373202882562,0.11754807979346972,-5.059402016107154,2.3637598849726524,5.3320365027927235,-2.162184166477843,-2.799202002079029,1.6023320624437378,-1.153534473614146,1.0020050362426833,1.538663738138712,-5.8803641542221134,-3.2773847911832554,-2.0835873274338166,-1.2168867331236772,-3.1785305568442555,-0.8841657873422883,7.994788666780506,0.9820262546840446,4.561345425482465,0.01216167869767161,2.130628016010908,0.46565412949268203,3.136657862660976,2.365002985108159,-1.0386999535102128,0.7925928354029393,-4.56509363913158,-5.194484719774235,0.41256244580039036,-2.361843106226048,3.7235830759593003,-3.809601421040263,-2.4172333605599006,-2.3750493971781426,-4.384455427992955,-7.049421058477848,-1.0577792576008234,6.340136176113168,-5.612897919624574,0.3697272067881705,6.471533997607381,-3.034867462494693,1.391750149653307,1.1718325058310315,-4.320240478392826,2.141925034978117,-0.8379933671181451,2.3824658730461046,2.7577196952664234,-7.180601306481075
0.13919925958852067,-0.4732218803563366,3.6717264317231084,-0.11825907170005612,0.6697389162765379,-1.6041075004438343,0.2172920371311495,2.532818238106607,-1.055525983557165,-2.162184166477843,0.9596735738736499,1.1365245316468693,-0.8231951864668865,0.5634794327674437,-0.2671038248225623,-0.7412450053101577,2.754138294876599,1.2604029901928269,0.7443960951360158,0.32321387328876283,1.1741130750235247,0.2459119895377429,-3.6439133980617777,-0.5013889504001607,-1.7856450991706323,0.058763331949697094,-1.0869002724965757,-0.032688810857996985,-1.5140430865961776,-1.110226113925034,0.6775259377248256,-0.349337714292244,2.0665325690520193,2.37863136571905,-0.2977012758808547,1.1375573145633757,-1.730039971398992,1.5480811268286276,1.2391554621025254,1.0840684562634537,1.9877358835057413,3.107851593472874,0.17967912051397186,-2.9297824241753982,2.6372756985567416,-0.2510142566793444,-2.594683430992756,1.3906598223766635,-0.8001334545443337,-0.4791893531637433,1.8331903551002258,-0.7794590204479822,0.7364529845992331,-1.1268569939351658,-1.5382966677211816,3.171429513963868
0.07730705667902936,-0.684513752532243,4.654263519746931,-0.1403726277005674,0.9059044371725617,-1.9146983751357132,0.17090371409406913,3.067292600488776,-1.3584743233539542,-2.799202002079029,1.1365245316468693,1.5914685504190087,-1.079975026308411,0.6214212590234544,-0.4342596415323693,-1.0065352565131,3.2886007518632745,1.6964135870307473,1.009324068157171,0.327359567586457,1.6901234155752383,0.051463720549973654,-4.612897998999949,-0.6084347885455171,-2.5229777227591446,0.10133964262001618,-1.3726954239120295,0.08256995992979892,-1.7792275092909053,-1.2401696233323796,1.1697884305890283,-0.48415652853754315,2.4284285994262,2.7381218190993244,-0.25613810642786333,1.2484099949952276,-2.0926474230837866,1.733958262090095,1.332607447414797,1.3045718393349364,2.3244575883245155,3.735309492376846,0.33954074041708765,-3.5996060311675873,3.200487156866311,-0.1545336229537491,-3.1495884364788234,1.6615916012769156,-0.9932873465497106,-0.9833592294084756,2.2774367209298725,-0.8798225572556898,0.7835421517005353,-1.3137952358397509,-1.8153814427269517,4.104189295189708
0.2267825198695894,0.13654824852760206,-4.681739476727704,0.45293792151966206,-0.1446945006742005,2.1096626596562915,-0.9600327061537757,-3.306022280977094,1.1374112505875578,1.6023320624437378,-0.8231951864668865,-1.079975026308411,1.3007661573938198,-0.5740689990117828,-0.1626212348788942,1.088466894756657,-2.9172056198945477,-0.7971400190993978,-0.25565289424857524,0.5877023550438754,-0.7605212585433903,0.7653178000158999,4.033908447443211,0.687120245691284,1.487513764490752,-0.3356635688577441,1.5906779576168366,-0.8145792398576126,1.6969918406962456,1.0188862798949658,-2.0489005662533115,0.42731481530093884,-1.8760442219724665,-2.14187749460174,0.46836779254324623,-1.0955395945532207,1.8380426683483602,-0.6363147258934752,-1.3819528819603148,-1.0742812974733122,-1.7927670322142517,-2.6972241235665226,0.6123333903853795,3.167701418042525,-2.92045247234912,0.24219503855032073,1.403919369723769,-1.3731492180667733,1.4116299851256486,1.073958287351293,-1.4833529540396004,-0.013339007378289565,-1.732208899524969,1.168689070121828,2.40399033445488,-3.3392669797331354
0.03664784834121199,-0.1892658201103259,2.3815866800907095,-0.14042086369154383,0.2758520165304398,-1.0861568804482218,0.307225944648818,1.6976989997235834,-0.6368892415807587,-1.153534473614146,0.5634794327674437,0.6214212590234544,-0.5740689990117828,0.3620620576285298,-0.04514513105628126,-0.49112516778313253,1.722464571211185,0.6268969856553441,0.3251154879078401,0.031191657871499294,0.5575404583790742,0.014412389098913273,-2.2419025797332446,-0.34230082638971465,-0.9275824834066217,0.08352574552819884,-0.747708930598299,0.11676048844656797,-0.9736320270332613,-0.686238131146536,0.591645886670097,-0.2116183854636777,1.240491677083471,1.4401873305782513,-0.244869649273121,0.72020354898154,-1.0761526348937036,0.7977641327248295,0.8296173246484426,0.6601831732248394,1.1938397752667447,1.8177166707188126,-0.0840275656086506,-1.817753740830139,1.6613052311525487,-0.1925193454253426,-1.337772813104805,0.8495075479561872,-0.6035301385410342,-0.29937148807562924,1.0300086561462207,-0.33257042272971077,0.6795519856464227,-0.7082940630532056,-1.124298506765738,1.8919223546252195
-0.24409008717907726,0.4519161954361857,-0.03878196998420778,-0.2504901407119013,-0.6257556714688433,-0.1333624520373873,0.6345037908957489,0.15364273103576162,0.19631358303297247,1.0020050362426833,-0.2671038248225623,-0.4342596415323693,-0.1626212348788942,-0.04514513105628126,0.4882975872794145,-0.051951406281722054,-0.340076725043616,-0.7482891967009998,-0.620982449668225,-0.7401931208008691,-0.7733299390384902,-0.6550245929543421,0.5267505911078425,-0.05568576322624371,0.8703098257426425,0.18770122755505483,-0.1578274813904762,0.5867359382163287,0.08794348018564102,0.1927657801000752,0.6881426085324598,0.05245213225969711,-0.4742393621625341,-0.5123579067518759,-0.16981463710264702,-0.1364985137728651,0.23062699737350698,-0.9043374860859754,0.025125586670332503,-0.20207411706888584,-0.45640033879216074,-0.8821063965945439,-0.7730527497188523,0.3932047292954537,-0.2650596045689102,-0.07088765708974502,1.446182746355426,-0.2527227454145344,-0.32413824578412603,-0.054080711315112454,-0.6686687704914616,0.7298532909678425,0.7570618297529494,0.13320521906556632,-0.4524479764639005,-0.6710236432003333
0.16150808340249273,0.19713644130950866,-4.010280564354747,0.34577221598668895,-0.23054856970507828,1.7731649108645755,-0.7090360322819277,-2.7910261267171608,1.0063880841370167,1.538663738138712,-0.7412450053101577,-1.0065352565131,1.088466894756657,-0.49112516778313253,-0.051951406281722054,0.9275689439645719,-2.534656601546347,-0.8116848898845618,-0.32539505777327726,0.38784919201098866,-0.792659166794275,0.5674489527666782,3.5355858599032848,0.5763998881238791,1.4347205091656643,-0.2586372494925277,1.334211401202207,-0.6101867470127906,1.4547765980326475,0.889819051122706,-1.6635661910390902,0.37730265831400017,-1.6672296458038023,-1.8942010555916717,0.36358303655818125,-0.9444158562186177,1.6020698230654293,-0.6743218968042438,-1.1592243174779275,-0.9462918948979485,-1.592695526521696,-2.435341972450854,0.3886613596501217,2.764687771000687,-2.5301391481425815,0.18290287996677582,1.4262932766234229,-1.2078760482627013,1.1525617466818052,0.9383913679011434,-1.3744769192622521,0.09953427815536459,-1.346314624114542,1.0122095889105225,1.9715958939707923,-2.9721116778258363
0.08628800089627368,-1.0512027098917898,11.960052790005758,-0.6880288099413352,1.4610711582352116,-5.326953196151245,1.4172536418163797,8.37179199057416,-3.2249130979342553,-5.8803641542221134,2.754138294876599,3.2886007518632745,-2.9172056198945477,1.722464571211185,-0.340076725043616,-2.534656601546347,8.447520088265879,3.2711815407502707,1.717272070499112,0.09003152916798433,3.0303678668560057,-0.18224950582752214,-11.265190642544724,-1.6891693838312243,-4.9513369846630395,0.4417663217884496,-3.7449599111017906,0.7005529479336698,-4.745581498259393,-3.277126674990635,3.2781194642628084,-1.106908547716536,6.042112110239817,6.9560170099002,-1.097851918178615,3.4175201404350326,-5.30453040482557,3.7919386684253267,3.9170225958013036,3.2482408582806115,5.803410338194624,8.937331217068044,-0.28444542782321824,-9.018573750508908,8.199740051439854,-0.7938477705966024,-6.610867084733835,4.166743583072139,-3.000327178197701,-1.895539462306756,5.141192721985048,-1.5766180290803402,3.2344340204871864,-3.4413199149565057,-5.492888915256687,9.60569240334133
0.31805536346134716,-0.9430063392810795,4.128104325594702,0.08226562813781838,1.2964024380437134,-1.6268425588441935,-0.3346224216188986,2.6352124814201887,-1.3507879910955718,-3.2773847911832554,1.2604029901928269,1.6964135870307473,-0.7971400190993978,0.6268969856553441,-0.7482891967009998,-0.8116848898845618,3.2711815407502707,2.07576020621705,1.379443507993828,0.9466818517222606,2.0445149366742177,0.7133181135801706,-4.5039651408550405,-0.5009765090524388,-2.832546153449085,-0.08041362549391208,-1.077792420544048,-0.4761387971124818,-1.7030219237481523,-1.328948143512946,0.31039545972430804,-0.45130925464186195,2.621763386821439,2.9653565782867006,-0.13812503322809766,1.3011787028180557,-2.0807101061281177,2.3884431622104234,1.2597441628695691,1.3490929879126214,2.5171097044070705,4.1200586380607245,0.8966226997404795,-3.549446377319729,3.1036269129536187,-0.15091944583073857,-4.0483757311933815,1.7202291369721845,-0.611539523275355,-0.6487967480957164,2.5862785184193604,-1.4358233425225255,0.12259715186592238,-1.3198341670968678,-1.2790038895195266,4.1363908286273
0.3079195533034516,-0.6886500964877867,1.8910590177052882,0.18802826403332668,0.9588765285979803,-0.6726182476706333,-0.5220706080160328,1.12003278197466,-0.7273696956697672,-2.0835873274338166,0.7443960951360158,1.009324068157171,-0.25565289424857524,0.3251154879078401,-0.620982449668225,-0.32539505777327726,1.717272070499112,1.379443507993828,0.9923117513265952,0.8915537369397005,1.3653322751708021,0.7611590022841017,-2.3591157273500984,-0.19678003831817623,-1.772087579652372,-0.15435820720200732,-0.39231602185333997,-0.5916289338018017,-0.8450328255097327,-0.7436198981044303,-0.3261962985740936,-0.22996157398952757,1.5037912518761367,1.69556269967644,0.022136744134959488,0.7013837632600312,-1.0972616568332447,1.6655158494609463,0.5905182640694085,0.7436496179142807,1.4460516907365402,2.4321263312281065,0.8591452974699563,-1.8626364217258629,1.5873670180686434,-0.05003625136895863,-2.7327826449343804,0.9474604480681498,-0.08236854218608332,-0.20283545214641338,1.5842845817450444,-1.110197283791699,-0.38204389146142403,-0.6951639738122686,-0.32368280617705403,2.267019046456604
0.539078005544285,-0.6249613769365688,-0.9770823891464047,0.49800912775455275,0.9317782583081379,0.5762504994090795,-1.1479958929985807,-0.8526063667252721,-0.046981597752919275,-1.2168867331236772,0.32321387328876283,0.327359567586457,0.5877023550438754,0.031191657871499294,-0.7401931208008691,0.38784919201098866,0.09003152916798433,0.9466818517222606,0.8915537369397005,1.4088332109523307,0.9015583866616709,1.473961503946069,0.03508111331353847,0.21824343887016498,-0.8443506239509838,-0.4031844775843918,0.6048407614380212,-1.2485209537731823,0.10560424042142741,-0.23997045983082727,-1.860319954585036,0.047483838625254404,0.5295395335992791,0.6117769272401979,0.26719496805919907,0.15733957820724312,-0.059552919335639526,1.5371438708063305,-0.12890140503706418,0.15302194804531705,0.5224446506910952,1.0221187444447026,1.288034884149608,-0.04061483896223539,-0.08613725353262257,0.017927092102286084,-2.1644864953779672,0.19872628576608925,0.8209496352311724,0.6745084784717795,0.7994753486940723,-1.2876248055910167,-1.4743993594073006,-0.06131065923306017,1.1444785042599246,0.2704998132083477
0.2733570055003833,-0.9511081069632732,3.90805626750297,0.0951351492382143,1.2834173281492525,-1.4835659757844322,-0.393348540724875,2.4265047269392506,-1.2969962412880356,-3.1785305568442555,1.1741130750235247,1.6901234155752383,-0.7605212585433903,0.5575404583790742,-0.7733299390384902,-0.792659166794275,3.0303678668560057,2.0445149366742177,1.3653322751708021,0.9015583866616709,2.0585171133878517,0.6033084665615266,-4.287266697977278,-0.4599337117837529,-2.8329617140702004,-0.0751257639484547,-1.0092942306715835,-0.431063341001821,-1.558744360643717,-1.1992659132173507,0.3843347403737669,-0.44676176458693356,2.427740683260933,2.71967829962846,-0.07194084200486524,1.1591522327262376,-1.9399582748670217,2.2146892257395554,1.0930541652292858,1.2587964403143783,2.3260932342059752,3.8618446001758007,0.9354919142093656,-3.3326905700526077,2.8923984373413303,-0.07195936312118299,-3.8507123073976035,1.5997088069160066,-0.5527286462266906,-0.7650431725588974,2.4638756794462338,-1.353234177652198,0.01407789319129849,-1.20899057543811,-1.130872797491182,3.9841403833044544
0.6125472320777215,-0.511791486933205,-1.5830276311930342,0.5277974859516664,0.8209074139592557,0.758113860039281,-1.1473987283352005,-1.1705961484083687,0.13021662404920592,-0.8841657873422883,0.2459119895377429,0.051463720549973654,0.7653178000158999,0.014412389098913273,-0.6550245929543421,0.5674489527666782,-0.18224950582752214,0.7133181135801706,0.7611590022841017,1.473961503946069,0.6033084665615266,1.6865633632130586,0.5963887440254088,0.28400427905041276,-0.4060429896901631,-0.4472118814441086,0.7923138159517111,-1.3837749207985064,0.23974752360998755,-0.20165439189497605,-2.268896852017807,0.134139920887785,0.37236267706946924,0.47370958542496217,0.23238934071210093,0.13209685278708,0.13077115601604775,1.5261043957049358,-0.14800723884227004,0.0426096734707683,0.3800713206871993,0.7323760406741339,1.2253295229801773,0.3261237324240618,-0.39102567196460203,-0.06494389210647294,-1.9485634940235355,0.06652006558770694,0.9605387934754026,1.0561946803414952,0.5806406802107095,-1.2964834736984618,-1.5315367445268178,0.02575412915032347,1.3254915488913301,-0.2733923655304981
0.014771124199339737,1.4874589251158596,-16.306860439888474,0.9498092108929863,-1.9996764459006657,7.144862388201595,-1.873752593707169,-11.271845988935022,4.403253324427451,7.994788666780506,-3.6439133980617777,-4.612897998999949,4.033908447443211,-2.2419025797332446,0.5267505911078425,3.5355858599032848,-11.265190642544724,-4.5039651408550405,-2.3591157273500984,0.03508111331353847,-4.287266697977278,0.5963887440254088,15.30880474328712,2.2785227909093644,6.962365203566713,-0.648567395424624,5.115557242924451,-1.145818579933622,6.308593990794113,4.2666141015350645,-4.877981218943724,1.5505598620140024,-7.985119847247551,-9.132497937076817,1.3772502963835946,-4.433037935871788,7.101435544452093,-4.836916573847795,-5.079812572533452,-4.334694000951877,-7.65685229277468,-11.882093895371918,0.3327110325555522,12.13665094176048,-10.999819986503589,0.9070864062258804,8.731566274692975,-5.547257621661694,4.0975172194045655,3.0082832239734882,-6.899736331153291,1.9647566631127296,-4.311205366217435,4.55434915879427,7.3816926466762895,-13.132933220127292
0.07300264758502788,0.1071198907573246,-2.576804540449219,0.22241049657682266,-0.13834022669343743,1.1714278873676338,-0.47863912233714523,-1.8320820057709402,0.6426893680101513,0.9820262546840446,-0.5013889504001607,-0.6084347885455171,0.687120245691284,-0.34230082638971465,-0.05568576322624371,0.5763998881238791,-1.6891693838312243,-0.5009765090524388,-0.19678003831817623,0.21824343887016498,-0.4599337117837529,0.28400427905041276,2.2785227909093644,0.3774158256686307,0.857038139623948,-0.15678901790642422,0.8570338945587441,-0.3508020288074869,0.975161095969527,0.6209201932228616,-0.9733722194490406,0.23125925648533932,-1.130156015686257,-1.3007764354212474,0.2664049520125046,-0.6631527656527001,1.0602089658261713,-0.5071019797361338,-0.8119719156854848,-0.62964619182526,-1.0831863449821948,-1.6315774601509239,0.2736320345079977,1.8126540512014784,-1.6687623194750698,0.16325384546356805,0.9704509302174398,-0.8072958159671226,0.7430789378403266,0.49539233150485656,-0.9030308493664537,0.10200380238162199,-0.9000822850351304,0.6840017243813215,1.300296182486903,-1.8924055460572187
-0.23571427687328328,1.2161121200125555,-6.780579676136296,0.08001290495440089,-1.6244780227079612,2.718641734217063,0.06319556895370305,-4.383691326419484,2.070228584816863,4.561345425482465,-1.7856450991706323,-2.5229777227591446,1.487513764490752,-0.9275824834066217,0.8703098257426425,1.4347205091656643,-4.9513369846630395,-2.832546153449085,-1.772087579652372,-0.8443506239509838,-2.8329617140702004,-0.4060429896901631,6.962365203566713,0.857038139623948,4.089395936385639,-0.053416762638359,1.9160768406659012,0.17390327102039563,2.6320330683402635,1.9016147161116512,-1.3504450338528562,0.7281961305665523,-3.7677877445030075,-4.238806201243027,0.29106172031083904,-1.8862300444178186,3.156819433434344,-2.9730247101645952,-1.9298091898215597,-1.9971912612539295,-3.6080661644191467,-5.868640461406958,-0.8732998075081075,5.426956154652474,-4.784374757391665,0.19366786755542184,5.295619587391069,-2.5416800048979282,1.282995859601761,1.3920567290964458,-3.6408861628116407,1.6425701848658711,-0.7670051981633171,1.9777117294950157,2.416632799244618,-6.292426357418971
-0.1549109485074159,0.114920935549967,0.9582942553487442,-0.1813636195370736,-0.1809704380003135,-0.4605437286851071,0.40340622892949873,0.7109631873652729,-0.17050182830405536,0.01216167869767161,0.058763331949697094,0.10133964262001618,-0.3356635688577441,0.08352574552819884,0.18770122755505483,-0.2586372494925277,0.4417663217884496,-0.08041362549391208,-0.15435820720200732,-0.4031844775843918,-0.0751257639484547,-0.4472118814441086,-0.648567395424624,-0.15678901790642422,-0.053416762638359,0.1423383972617622,-0.3854861550297286,0.40437323646195655,-0.2914814186359416,-0.10756352738197217,0.7361702502212284,-0.07877629159464823,0.18023379125796032,0.2037475314961206,-0.13229774080968468,0.1380830169561139,-0.2783663308145118,-0.23839116776336422,0.24565905341792105,0.13631789549545864,0.16840716756863489,0.20265814805218418,-0.3791489750837544,-0.49357254492781316,0.481955236597676,-0.041070091700512644,0.25338781537704613,0.17372060222080576,-0.4042005116173738,-0.3213808911125877,0.05994691752633252,0.28574383852649293,0.598027243591534,-0.17095229253947694,-0.632091670651684,0.4719310968964354
0.22127385470920818,0.21348204918115996,-5.852237271330583,0.5321965277335657,-0.2565818643384489,2.6461487882930097,-1.1339650208084469,-4.143493425975958,1.4433404754901067,2.130628016010908,-1.0869002724965757,-1.3726954239120295,1.5906779576168366,-0.747708930598299,-0.1578274813904762,1.334211401202207,-3.7449599111017906,-1.077792420544048,-0.39231602185333997,0.6048407614380212,-1.0092942306715835,0.7923138159517111,5.115557242924451,0.8570338945587441,1.9160768406659012,-0.3854861550297286,1.9650219105485252,-0.89942182058645,2.1684337866134236,1.3437219756998127,-2.3767620698994536,0.5306086692465806,-2.4617175417027504,-2.8218791078313514,0.5926178169109058,-1.43906865670019,2.355638610389823,-0.9852785291953382,-1.7842902668040848,-1.388760806976241,-2.3559740678769576,-3.5501133086852077,0.6821833480941939,4.043136035870529,-3.7234129292955855,0.3352129919835588,1.9990339871248999,-1.7780368405324471,1.7212122525169142,1.2337743671509964,-1.9617584526738596,0.11732562820732671,-2.093770263949128,1.5082495602590358,2.972036032844097,-4.245398690689721
-0.4922475572373151,0.4185328992831516,2.0413461555632013,-0.5014150591198053,-0.65471897084219155,-0.9986487575543019,1.1158163013649174,1.5355020867273828,-0.2845452749473446,0.46565412949268203,-0.032688810857996985,0.08256995992979892,-0.8145792398576126,0.11676048844656797,0.5867359382163287,-0.6101867470127906,0.7005529479336698,-0.4761387971124818,-0.5916289338018017,-1.2485209537731823,-0.431063341001821,-1.3837749207985064,-1.145818579933622,-0.3508020288074869,0.17390327102039563,0.40437323646195655,-0.89942182058645,1.1985408119425178,-0.5227606249470372,-0.06682108804541785,2.0437793190313873,-0.16314329022982751,0.08030437805970436,0.07411380994276784,-0.3077132161301394,0.14517212123169962,-0.44466985190994546,-1.0356996401267533,0.4327797442826075,0.16814287140993117,0.06176242805770073,-0.06788741699842989,-1.1238161987445807,-0.8255646282105499,0.8471448479168358,-0.04724383805903528,1.279934653506109,0.20992753456197846,-1.0103626887347414,-0.887166832878474,-0.20379007452432818,1.0022986398799099,1.5682015818382196,-0.254722910496805,-1.507944558444914,0.7396515741072138
0.0014270335675430536,0.5012265038379995,-6.808878943171308,0.44587270682074803,-0.6981203724856001,3.0667452678059277,-0.9451485903687435,-4.807022662979296,1.7958919201022543,3.136657862660976,-1.5140430865961776,-1.7792275092909053,1.6969918406962456,-0.9736320270332613,0.08794348018564102,1.4547765980326475,-4.745581498259393,-1.7030219237481523,-0.8450328255097327,0.10560424042142741,-1.558744360643717,0.23974752360998755,6.308593990794113,0.975161095969527,2.6320330683402635,-0.2914814186359416,2.1684337866134236,-0.5227606249470372,2.6883997100495685,1.829414968873818,-2.0106604795896064,0.6190514377312184,-3.3456461986910253,-3.8597926693011457,0.6639950475491382,-1.9218699602679494,2.9758485356917688,-1.9717208241075155,-2.2418719607521065,-1.8094100925490861,-3.213471891202399,-4.908914588264226,0.32917103799344805,5.0583007469259975,-4.619417889123395,0.47026142887488404,3.4612450751868145,-2.322611511229127,1.7798045659522679,1.086033794488408,-2.788245108592824,0.7443745357816103,-2.0078241161074546,1.9349043862240547,3.2297855275923846,-5.330407085064397
-0.13305070693791965,0.45108574304429155,-4.407888235343199,0.20033237273073648,-0.6544227064647549,1.9829568665228055,-0.4238851778523438,-3.10941244159564,1.2215869964670467,2.365002985108159,-1.110226113925034,-1.2401696233323796,1.0188862798949658,-0.686238131146536,0.1927657801000752,0.889819051122706,-3.277126674990635,-1.328948143512946,-0.7436198981044303,-0.23997045983082727,-1.1992659132173507,-0.20165439189497605,4.2666141015350645,0.6209201932228616,1.9016147161116512,-0.10756352738197217,1.3437219756998127,-0.06682108804541785,1.829414968873818,1.3255888744540025,-0.9061263100854932,0.4003214078681953,-2.418047297256357,-2.8022115643314867,0.42061315346866085,-1.37679562281024,2.049828923398513,-1.7055728648719541,-1.5436461197456612,-1.2725531496000415,-2.3279431468899685,-3.5822694820941052,-0.020861538146000377,3.459282106413848,-3.141849094340997,0.35060461430397194,2.8255548661153402,-1.6365857223417046,1.0389851743526273,0.5126559436880104,-2.0650517119568947,0.7960430336184718,-1.0855955511272963,1.348303565534025,1.978510141894738,-3.6480117772790495
-0.7694620249223885,0.24821958465697672,6.388794025845337,-0.920999719973194,-0.49776868256016105,-2.887436163138795,1.955795923353548,4.520720237385691,-1.3497549993507947,-1.0386999535102128,0.6775259377248256,1.1697884305890283,-2.0489005662533115,0.591645886670097,0.6881426085324598,-1.6635661910390902,3.2781194642628084,0.31039545972430804,-0.3261962985740936,-1.860319954585036,0.3843347403737669,-2.268896852017807,-4.877981218943724,-0.9733722194490406,-1.3504450338528562,0.7361702502212284,-2.3767620698994536,2.0437793190313873,-2.0106604795896064,-0.9061263100854932,4.1533334309319985,-0.5844042424688242,1.694923678026251,1.8816293038482232,-0.6708064553775868,1.0399382801252088,-2.084735235401452,-0.6039862348517754,1.569671961028305,1.1190002792505709,1.597010866585053,2.292895324740683,-1.638791295135419,-3.688860141490192,3.465735061272894,-0.17230203504533206,0.09113816267775188,1.417530588883131,-2.3150907654697526,-2.1188741417621433,1.1316288264594765,1.0962028275093314,3.0988646039676815,-1.2669463647300019,-3.6664257979879253,3.8795188873253528
0.029106311401964638,0.15053117675265495,-1.6732252898844866,0.10556471140143005,-0.19127710512081236,0.717448137188037,-0.19824319660135797,-1.1376261171737825,0.4482924720353994,0.7925928354029393,-0.349337714292244,-0.48415652853754315,0.42731481530093884,-0.2116183854636777,0.05245213225969711,0.37730265831400017,-1.106908547716536,-0.45130925464186195,-0.22996157398952757,0.047483838625254404,-0.44676176458693356,0.134139920887785,1.5505598620140024,0.23125925648533932,0.7281961305665523,-0.07877629159464823,0.5306086692465806,-0.16314329022982751,0.6190514377312184,0.4003214078681953,-0.5844042424688242,0.1646936142099505,-0.7668369457348606,-0.8675609393184008,0.12600490295288394,-0.4147463397379732,0.7020472576518926,-0.419971051972208,-0.47943215072132034,-0.4246691787314146,-0.7330945287587368,-1.1487322724079252,0.044022259002445024,1.210326207131052,-1.0934096551071457,0.06617672376408677,0.8149713702268482,-0.5414488731773731,0.42968032041156934,0.37945799495027266,-0.6740698149364742,0.15363503838280865,-0.44499656794265563,0.44175591433521477,0.7513090967848246,-1.3378494008053579
0.24522923948083586,-0.94242350845773315,8.171125917832489,-0.3271508167457882,1.3357126298640143,-3.6033007102704238,0.640816788677627,5.6765420182377,-2.302572065015921,-4.56509363913158,2.0665325690520193,2.4284285994262,-1.8760442219724665,1.240491677083471,-0.4742393621625341,-1.6672296458038023,6.042112110239817,2.621763386821439,1.5037912518761367,0.5295395335992791,2.427740683260933,0.37236267706946924,-7.985119847247551,-1.130156015686257,-3.7677877445030075,0.18023379125796032,-2.4617175417027504,0.08030437805970436,-3.3456461986910253,-2.418047297256357,1.694923678026251,-0.7668369457348606,4.477078213994329,5.1597701436207135,-0.7025737843646847,2.493289880497794,-3.7931089522583816,3.210951911184534,2.758135024079092,2.361124052172113,4.305601785808309,6.6936836385973235,0.20803436249635174,-6.424258053039106,5.804219373543496,-0.5713583457823791,-5.408624279632871,3.0307305837890444,-1.8640486317524192,-1.0941105468441616,3.913466578454324,-1.5472853648913758,1.8286303787171363,-2.4719908080041564,-3.537547375011004,6.899183299206966
0.2990567741792049,-1.0514523062659067,9.352677667733916,-0.3812221123685107,1.5050121251438775,-4.153829488332382,0.7683403204017355,6.532908027250455,-2.62753806492576,-5.194484719774235,2.37863136571905,2.7381218190993244,-2.14187749460174,1.4401873305782513,-0.5123579067518759,-1.8942010555916717,6.9560170099002,2.9653565782867006,1.69556269967644,0.6117769272401979,2.71967829962846,0.47370958542496217,-9.132497937076817,-1.3007764354212474,-4.238806201243027,0.2037475314961206,-2.8218791078313514,0.07411380994276784,-3.8597926693011457,-2.8022115643314867,1.8816293038482232,-0.8675609393184008,5.1597701436207135,5.960086771761111,-0.8349088042164203,2.8956308181199444,-4.360763811950474,3.7111505946000936,3.2115112452542913,2.7148115730268576,4.964643183140281,7.692945985584709,0.1990091818890299,-7.3727837677051085,6.671800110749461,-0.6924232372055236,-6.197006098289474,3.487714031699937,-2.1441873450085147,-1.1678047430260357,4.4784265147053235,-1.7826816969479777,2.1409716759985833,-2.853057652566069,-4.087969710845216,7.866460615251916
0.06411423407982751,-0.052466398792643754,-1.6703183660302368,0.2001368286479185,0.05835001028158919,0.8304074421248933,-0.4778578978462433,-1.2730474945370553,0.3709891875669614,0.41256244580039036,-0.2977012758808547,-0.25613810642786333,0.46836779254324623,-0.244869649273121,-0.16981463710264702,0.36358303655818125,-1.097851918178615,-0.13812503322809766,0.022136744134959488,0.26719496805919907,-0.07194084200486524,0.23238934071210093,1.3772502963835946,0.2664049520125046,0.29106172031083904,-0.13229774080968468,0.5926178169109058,-0.3077132161301394,0.6639950475491382,0.42061315346866085,-0.6708064553775868,0.12600490295288394,-0.7025737843646847,-0.8349088042164203,0.24993502667874104,-0.46932832199132773,0.67713347274084,-0.2201550122590582,-0.6141332106296713,-0.3915297529421465,-0.6768648750371453,-0.9495483128677648,0.3758959910520717,1.1381347021372488,-1.0806049230849906,0.17627849118483693,0.3799017760228762,-0.5077651046151026,0.5579215215230863,0.2062427551847164,-0.46578808012867784,-0.048053448375604886,-0.7940804159598529,0.456175024532974,0.9859778081671438,-1.0655587257960215
0.11067823431459987,-0.41420729156122255,4.646487200325247,-0.24496792108803953,0.6067123380807778,-2.1127060846319052,0.5332557597432709,3.3045392338286605,-1.2626326845622495,-2.361843106226048,1.1375573145633757,1.2484099949952276,-1.0955395945532207,0.72020354898154,-0.1364985137728651,-0.9444158562186177,3.4175201404350326,1.3011787028180557,0.7013837632600312,0.15733957820724312,1.1591522327262376,0.13209685278708,-4.433037935871788,-0.6631527656527001,-1.8862300444178186,0.1380830169561139,-1.43906865670019,0.14517212123169962,-1.9218699602679494,-1.37679562281024,1.0399382801252088,-0.4147463397379732,2.493289880497794,2.8956308181199444,-0.46932832199132773,1.4393960987454177,-2.135228114764965,1.685153855471684,1.637360611584865,1.3175122983604197,2.400503667804695,3.6684776013708738,-0.08278090796118569,-3.601306702236489,3.2840051296638237,-0.38303835569973105,-2.7934492269049573,1.6959364087052289,-1.1396389590499876,-0.539257416344093,2.0920325815371745,-0.7458457031938491,1.2496134448524345,-1.4073970532410418,-2.150803248506936,3.7592153213374946
