V1,V2,V3,V4,V5,V6,V7,V8,V9,V10,V11,V12,V13,V14,V15,V16,V17,V18,V19,V20,V21,V22,V23,V24,V25,V26,V27,V28,V29,V30,V31,V32,V33,V34,V35,V36,V37,V38,V39,V40,V41,V42,V43,V44,V45,V46,V47,V48,V49,V50,V51,V52,V53,V54,V55,V56
0.20579804375050537,-0.1677779122471145,0.5293674917799803,0.0773573603576375,0.2972304755632172,-0.271222352069227,-0.13693127458466844,0.41625405589895925,-0.2073270057541067,-0.6568077707829254,0.3115160271758428,0.20114455219190142,-0.021087418593775036,0.1817718467402159,-0.14674613798181935,-0.02309137582890811,0.6946263884382624,0.39112796807133093,0.2984526814763602,0.4153086521513344,0.2990022958320754,0.5264047830239725,-0.7287383494610891,-0.06714127339234147,-0.3699879550803582,-0.08593881480371497,-0.09351596603690455,-0.35008770280129325,-0.36972419110986776,-0.3784507954742495,-0.45094730414231493,-0.030382643218225043,0.6455450153471789,0.7817702649268843,-0.08279854032963006,0.3805409009693003,-0.4237966280113074,0.7784421627667469,0.37279909620384405,0.29416227907676323,0.6361380267240805,0.9683555346504443,0.23779582406601787,-0.6646627879794146,0.598942181514372,-0.15463646825927285,-1.0693495475777293,0.38680822789313823,-0.0030681530360716263,0.28481767652756734,0.5672218462978007,-0.49637214448463,-0.06640566200882049,-0.3128475249697822,-0.15548199716444025,0.6388791190886816
-0.1677779122471145,1.3961785753675648,-10.239776449933673,0.40440873396678645,-1.7729601598519067,4.3719413132655625,-0.6527768224657743,-6.909884750006124,2.9399120574783857,5.827239325847291,-2.478221370094913,-3.301380932057111,2.3480719552361595,-1.3788037825730468,0.7928817862898534,2.1972241875941423,-7.3438426806596935,-3.463884393399051,-1.993640658892488,-0.5834016484996623,-3.3800280136982233,-0.11693513000172213,10.005379163602925,1.4230934336497787,5.184651291736561,-0.2058795761661826,3.063575500024649,-0.25731608174453713,3.9892154030266074,2.7990081309020485,-2.4930512504991156,1.0671351529308157,-5.376289402856071,-6.086201316553492,0.6623795330910591,-2.889393824411724,4.612430944362016,-3.7562103480927265,-3.089567987837675,-2.8591499269845015,-5.089989932096654,-8.14292311876798,-0.46814558069353535,7.948375541421765,-7.102490126644591,0.41822297860080876,6.6168648448790455,-3.641022363000628,2.2478110950937453,1.914697540403143,-4.861497453663432,1.829728154133813,-1.999790004601239,2.9141308398263663,4.161595539926763,-8.818082016492298
0.5293674917799803,-10.239776449933673,108.12411613180177,-5.971958073194058,13.963973549658988,-47.50175725058152,11.828344640719472,74.89571469205089,-29.395234786110716,-54.215702908267104,24.749347716812327,30.745294531646966,-26.403686998604893,15.189699291292756,-3.894256138469093,-23.165889294633278,75.70774287788922,30.60970567040227,16.31489606236126,1.037236137506116,28.914359984571938,-2.2909469537505576,-102.20959214046994,-15.096594598365632,-46.61022501330817,3.9645643793739764,-33.69709221631882,6.417882754026213,-42.33232985538427,-29.022746755692328,30.477049576522738,-10.228212473106682,54.12804749005834,62.0335892173292,-9.242037364720346,30.12284312533595,-47.674793480534206,33.97020466221835,34.31335654361776,29.208214186482508,51.943253506163245,80.56313306108622,-1.447616452527643,-81.30686718587705,73.6772599365912,-6.386150604050119,-60.28570988985268,37.40786262035225,-26.765432865880246,-18.780204225107465,46.79391740357576,-14.34856394104799,27.95042383596434,-30.69725916415856,-48.679131379873084,87.72990166350814
0.0773573603576375,0.40440873396678645,-5.971958073194058,0.44361541696562184,-0.506673210899835,2.697704582996546,-0.9313632430783481,-4.2144516027294205,1.5515290669970065,2.5733610156872295,-1.2537895475043683,-1.5302521716775532,1.5135908690288604,-0.8049482679232896,0.02535517282524582,1.3109719883686868,-4.064713173013026,-1.3823966927095754,-0.6382911909621738,0.2534173518959625,-1.2832428098234137,0.40760363797592075,5.433469185264679,0.8769824434219303,2.2371533238605696,-0.280856607745068,1.9305214064398106,-0.6056823719836679,2.303579926947106,1.5241047125743057,-1.964181505408885,0.5612629654738192,-2.8030191237650324,-3.215214257920994,0.5689931629859879,-1.6222961623709933,2.540068338465268,-1.5049861822565027,-1.8995746862248701,-1.5285528499796648,-2.665665812391634,-4.091554904274367,0.4001437043808706,4.352837648654334,-3.975884629526981,0.36001698935256105,2.718780857197098,-1.9559399081376292,1.6028470094279745,1.0693250574845938,-2.307564141626108,0.4908173389115425,-1.8503045119964325,1.6333226705204997,2.8641924715631366,-4.585571198814479
0.2972304755632172,-1.7729601598519067,13.963973549658988,-0.506673210899835,2.4486261085407675,-5.946944046915911,0.8487400895926264,9.456336931446383,-3.984195069083024,-8.018166836049012,3.444521972648882,4.424798546213787,-3.2578498024540647,1.9960049848049706,-1.005480713265931,-2.940324930345018,10.037766494583781,4.721395098466363,2.749006003007186,0.8659320021397755,4.546769991860881,0.31650185291049615,-13.700713738797324,-1.8671680158579758,-6.924558137582652,0.34073680000701956,-4.180276945659621,0.25571636907099077,-5.513360631005495,-3.8981518911163113,3.306438840818181,-1.365426562894871,7.405833921734103,8.4517329616132,-1.003114889963638,3.965523429303954,-6.3543651682705855,5.238567278200213,4.350575895263946,3.954724080968446,7.125427730176886,11.224411195579215,0.6181503589995041,-10.83200303013915,9.72018252003051,-0.7341244532399505,-9.210073393890633,5.059532129674769,-3.1267864147523396,-2.4413979142459694,6.696763414048785,-2.561801226925195,2.8118742722724632,-4.072193943512889,-5.798888920423525,11.989957532983706
-0.271222352069227,4.3719413132655625,-47.50175725058152,2.697704582996546,-5.946944046915911,21.03140224875168,-5.443192232015568,-33.08044427437802,12.866609605054741,23.54662959086345,-10.88759239722435,-13.294154220613294,11.570081396064536,-6.724135290909905,1.5443387206286354,10.136225372137844,-33.414855138139366,-13.204593372545718,-6.971620293997984,-0.38352749854467805,-12.365730228568781,0.9010988242724474,44.79882852584821,6.700439528805747,20.091235252570524,-1.725635240211485,14.840017720471838,-2.8276113886413503,18.709597298560546,12.868671771092481,-13.212296740294542,4.473113067422941,-23.87731367085613,-27.408979882944145,4.188101017255389,-13.41317107594539,20.991792367978988,-14.965532884215566,-15.29021013528133,-12.851454172546582,-22.88381495113667,-35.41534030559567,0.8932347601696596,35.781058211851324,-32.467912617541124,2.93698784406128,26.305154321419444,-16.465733887778914,11.819984299558346,7.913048040461853,-20.463725350628394,6.263466023619781,-12.554101954831413,13.551470944671063,21.57369167604408,-38.34566218225749
-0.13693127458466844,-0.6527768224657743,11.828344640719472,-0.9313632430783481,0.8487400895926264,-5.443192232015568,2.030769808942557,8.471111224205172,-3.0223246699214807,-4.871898203765417,2.4840820163197024,2.851925300272563,-3.013108677545979,1.6497811531015456,0.10888531870575072,-2.564599578747611,8.112208807050767,2.5326551203112313,1.1052339700706522,-0.5939013071624851,2.265652283406542,-0.7702272452721145,-10.672310345574758,-1.7604138450440885,-4.097001188809201,0.5819513364428882,-3.8602959051308336,1.2352060203512063,-4.637002645190331,-3.088323309218102,3.835128142632387,-1.0714927395254188,5.581698978635126,6.447853099866061,-1.2409678553388226,3.30671191535604,-5.0535430536239705,2.949247289361821,3.9216159016553616,3.0347350297390734,5.322528725194183,8.066238618914896,-1.0140781717818685,-8.617897577099876,7.915785867651229,-0.8365370004976445,-5.199184587086221,3.893837993971498,-3.25707276040877,-1.891982812055724,4.474026590330655,-0.898250342170624,3.9126979464032017,-3.285858339787499,-5.854927047077118,8.903099096849761
0.41625405589895925,-6.909884750006124,74.89571469205089,-4.2144516027294205,9.456336931446383,-33.08044427437802,8.471111224205172,52.0835927780154,-20.29809872529911,-37.24488670466845,17.16578351126738,21.034242985943123,-18.276541776097975,10.60270024390914,-2.483362505807576,-15.990987636046238,52.602615440819896,20.915136997106902,11.076060977162232,0.6321235786938776,19.624209037276653,-1.4584421687011493,-70.68284455508204,-10.515122454019487,-31.806381802772844,2.7495857547137965,-23.38660583727475,4.451770401751746,-29.4584017374658,-20.244016660474923,20.921902461504985,-7.039836823904275,37.600634194118555,43.15707703119499,-6.569225079394598,21.06057006548123,-33.08216188972701,23.57243805145719,24.03441750919556,20.25977971762386,36.07780209569246,55.82753449668558,-1.3112476893058755,-56.37119114337051,51.14226948485745,-4.606663122290695,-41.56065681137979,25.959950579975015,-18.632010949078566,-12.606713175970906,32.30563232052505,-9.886683192364721,19.703249917872764,-21.35310680937483,-33.96697496486028,60.52708875009617
-0.2073270057541067,2.9399120574783857,-29.395234786110716,1.5515290669970065,-3.984195069083024,12.866609605054741,-3.0223246699214807,-20.29809872529911,8.052156561889955,15.032973787109906,-6.79718429299759,-8.502149529480649,7.1195184423349716,-4.124620368936854,1.2199806433950315,6.288439050983303,-20.669687956544294,-8.550597528348822,-4.621922446669883,-0.49750863151428176,-8.108000579615753,0.44886797564723396,27.930163820449696,4.09397274999385,12.95869381288164,-1.0131753415314997,9.108561224589755,-1.579750320979895,11.517905338883345,7.931317535061477,-8.091852265766926,2.8080709183735264,-14.840266033823104,-16.988171082255842,2.443706329387779,-8.21934946305762,13.015696904381462,-9.487673975771274,-9.29328675280048,-7.990441351067586,-14.227154322709927,-22.143018789968142,0.15096234716886708,22.213802015510087,-20.09513219220298,1.6886620876138683,16.798678680196204,-10.228593538889422,7.166070478484261,5.118707507236547,-12.91164860561314,4.111505470161496,-7.34904170741924,8.367435312533326,13.07100245005793,-24.053405103416555
-0.6568077707829254,5.827239325847291,-54.215702908267104,2.5733610156872295,-8.018166836049012,23.54662959086345,-4.871898203765417,-37.24488670466845,15.032973787109906,28.794216744567326,-12.82702480862658,-16.101454409129914,12.990220639428234,-7.697825274723324,2.72804333715439,11.51555966674417,-38.42540886887031,-16.54944792527132,-9.189783915603018,-1.7096181825352494,-15.743222205065184,0.10388235162061767,52.051829619141415,7.4418007465781155,24.74656196048869,-1.7108231057339651,16.624275256436153,-2.270777036395611,21.336283718540653,14.834581573443451,-14.199867357799825,5.186163894454992,-27.851674154029048,-31.879085256098666,4.3634682024006395,-15.271443386260183,24.24637406888829,-18.44983724618287,-17.138701370563897,-14.955496123079739,-26.764213891472313,-41.75675922513808,-0.5302092152172285,41.32442599837707,-37.30568908916305,3.103303913981397,32.539964310048916,-19.14909476463515,12.902182755783505,9.345712592595731,-24.519053223876014,8.353027325463264,-12.78226632131307,15.595062509136856,23.66789385469254,-45.02025524281317
0.3115160271758428,-2.478221370094913,24.749347716812327,-1.2537895475043683,3.444521972648882,-10.88759239722435,2.4840820163197024,17.16578351126738,-6.79718429299759,-12.82702480862658,5.846580277735562,7.118224779702866,-5.942222455849545,3.571867823951124,-1.040288143833758,-5.2218177315647365,17.62106260052513,7.2751909863971305,3.973839302898468,0.6443527716467031,6.8202007975394014,-0.02065096045099474,-23.630920015392398,-3.440547950152763,-10.863898162840568,0.8065214602387373,-7.63874164734376,1.0994993273460667,-9.830166122021042,-6.854253756987728,6.420955325692756,-2.3264889348010467,12.743673223579949,14.638167950668041,-2.1319407883416748,7.094997163874955,-11.089468767393424,8.361493603834028,8.019895860096954,6.828641470593654,12.247819044636902,18.99211689608546,-0.05682453652974855,-18.860886882920624,17.080774400752674,-1.559969602637701,-14.57264497325148,8.75399750943695,-5.9927104830663245,-3.9844913803203044,11.051192626749412,-3.7022355149381125,6.159988694409056,-7.173266078666313,-11.033343719230526,20.312802627563432
0.20114455219190142,-3.301380932057111,30.745294531646966,-1.5302521716775532,4.424798546213787,-13.294154220613294,2.851925300272563,21.034242985943123,-8.502149529480649,-16.101454409129914,7.118224779702866,9.174367109249813,-7.426914832753075,4.23912373376822,-1.5265144165412408,-6.62137528116589,21.526654721248438,9.279184265837065,5.098278153941811,0.6829906729460139,8.922523755272072,-0.504583238267122,-29.367617745741708,-4.235082255270119,-14.080090911025795,1.0240791290688906,-9.466543273191453,1.5787370179186893,-11.936943797401822,-8.195490507512117,8.534635164092393,-2.9913927883418663,15.486941505204733,17.66308167016284,-2.383364549404112,8.45119665938285,-13.586707757376098,9.99615910052613,9.480523295194676,8.353967704194323,14.837844991979118,23.24263804386771,0.2021205227278097,-23.242281522377205,20.958451985749793,-1.5866544106938205,-17.903299835053996,10.680043608966992,-7.367121928471165,-5.695132637106579,13.673235729868388,-4.433470191521958,7.2919073724149905,-8.683033973585038,-13.389782041984034,25.44724906779088
-0.021087418593775036,2.3480719552361595,-26.403686998604893,1.5135908690288604,-3.2578498024540647,11.570081396064536,-3.013108677545979,-18.276541776097975,7.1195184423349716,12.990220639428234,-5.942222455849545,-7.426914832753075,6.551106061896876,-3.6928140111430445,0.8177892436580511,5.691598748460794,-18.27510853571573,-7.295687267828464,-3.8386804298858768,0.0036001871167129435,-6.907845925792555,0.8574582990792267,24.822987953303283,3.6567838386618834,11.19713806460153,-1.0719474926774935,8.281634319380574,-1.7894212123349262,10.26279826438498,6.964553694603275,-7.814220648881276,2.4661127770035525,-12.989256897760452,-14.891577684656928,2.284177241139145,-7.209505414684029,11.541234010955742,-7.922433508951446,-8.309925291184932,-7.054282439535558,-12.50871581098395,-19.32850372929857,0.5446152596489483,19.664963960089132,-17.843923385193907,1.5582549435900406,14.26241386154572,-9.039115143301371,6.659066475941261,4.757021960231189,-11.218735236608298,3.234908822993029,-7.019866764765471,7.432480324367025,12.01349283856986,-21.251862585680282
0.1817718467402159,-1.3788037825730468,15.189699291292756,-0.8049482679232896,1.9960049848049706,-6.724135290909905,1.6497811531015456,10.60270024390914,-4.124620368936854,-7.697825274723324,3.571867823951124,4.23912373376822,-3.6928140111430445,2.236579385362084,-0.50527594766555906,-3.187929727007859,10.79266500977097,4.307336579830071,2.320458194941356,0.28856979075041334,3.9878524984835346,-0.0480021076202408,-14.428314074750478,-2.1033539467271987,-6.416152569736257,0.5471123821110259,-4.722528937341389,0.7381968716392961,-6.064375437762904,-4.223500940296078,3.9976147481451885,-1.3827674708029747,7.787024427734019,8.981515796872937,-1.3930006431598825,4.3679581570042885,-6.801348627816699,5.032658920074955,5.0104378732710995,4.182883256485402,7.52266265542815,11.56226320655024,-0.20747307012855412,-11.520585681126912,10.470212742018704,-1.0500563915752001,-8.751785616278248,5.372873977544441,-3.7655587268294815,-2.3443900268351303,6.686111023986384,-2.1708634997541183,3.9790469381480342,-4.428489318045191,-6.923124937469096,12.319338381893932
-0.14674613798181935,0.7928817862898534,-3.894256138469093,0.02535517282524582,-1.005480713265931,1.5443387206286354,0.10888531870575072,-2.483362505807576,1.2199806433950315,2.72804333715439,-1.040288143833758,-1.5265144165412408,0.8177892436580511,-0.50527594766555906,0.5846060895276546,0.8323270316226251,-2.874803818074588,-1.7239791529525454,-1.089813188801135,-0.5600548230392659,-1.745185487960688,-0.2715401431057712,4.046522211769493,0.5038338480066465,2.501760784319498,0.009672048162022471,1.0778697585204255,0.14827067898818902,1.4992280661685813,1.091330313104137,-0.7153628634580916,0.44929179275987075,-2.1997032938041974,-2.4525220940546757,0.11599209616963749,-1.0897204784614558,1.821634660325586,-1.7878133250673698,-1.0630488084241305,-1.15581877134236,-2.0760705168614084,-3.445002367365163,-0.6084353674692727,3.1639389141636847,-2.767071174251245,0.05521467270223122,3.1726968597235423,-1.4636288457762825,0.677006078309243,0.8432981727641707,-2.1562287638407485,1.0172422775897532,-0.3163435299688539,1.1235268798514286,1.2919441463873238,-3.7071124268602333
-0.02309137582890811,2.1972241875941423,-23.165889294633278,1.3109719883686868,-2.940324930345018,10.136225372137844,-2.564599578747611,-15.990987636046238,6.288439050983303,11.51555966674417,-5.2218177315647365,-6.62137528116589,5.691598748460794,-3.187929727007859,0.8323270316226251,5.0121615855946535,-16.073702083466287,-6.517971685305534,-3.449244557365022,-0.0787145814385543,-6.21169696618518,0.7264863912557168,21.827818893858996,3.2364582204455146,10.031341903918191,-0.8798001555397188,7.237921712045942,-1.524317722533855,8.97959776871447,6.099374058998669,-6.7902441371149,2.2169946124471545,-11.432194779821332,-13.067820604559383,1.926822021141732,-6.334202929636762,10.127775814824938,-7.034704388445138,-7.216853813678895,-6.191617176173377,-10.951672793873115,-17.033928667405053,0.3460932791211945,17.315851884741104,-15.677188672919668,1.2733197386510815,12.644678528929255,-7.921295157406357,5.758426306708354,4.247224616427795,-9.912297207728152,2.9198114286953833,-5.99579832847466,6.491172539656199,10.403961347473102,-18.76426282814827
0.6946263884382624,-7.3438426806596935,75.70774287788922,-4.064713173013026,10.037766494583781,-33.414855138139366,8.112208807050767,52.602615440819896,-20.669687956544294,-38.42540886887031,17.62106260052513,21.526654721248438,-18.27510853571573,10.79266500977097,-2.874803818074588,-16.073702083466287,53.60867160217522,21.696584176426548,11.663035047629194,1.3268205430009983,20.346776477493748,-0.7362355722896218,-71.860109402267625,-10.623582396756651,-32.717925313283466,2.5736510629047142,-23.496491078030477,3.9154646555032793,-29.93556251488572,-20.736565455032572,20.30823931166369,-7.153310170338192,38.54064368508256,44.235441856202634,-6.56153149953384,21.55511090099997,-33.69060318750916,24.756418156574767,24.419623846586727,20.685619468308428,36.95315761533054,57.30664597048274,-0.7444970751636042,-57.397898554190306,52.014133719656094,-4.678486946797549,-43.30133510295925,26.50379634161234,-18.542201893941694,-12.424844430134527,33.237969457454845,-10.691445801234076,19.35367626460624,-21.754820359762817,-34.00227315753499,61.677172422391216
0.39112796807133093,-3.463884393399051,30.60970567040227,-1.3823966927095754,4.721395098466363,-13.204593372545718,2.5326551203112313,20.915136997106902,-8.550597528348822,-16.54944792527132,7.2751909863971305,9.279184265837065,-7.295687267828464,4.307336579830071,-1.7239791529525454,-6.517971685305534,21.696584176426548,9.591495882189673,5.384901072006662,1.1314212647284405,9.19186461525609,0.001710994391975769,-29.517208294082703,-4.1805787168603405,-14.332645193501497,0.9178359155396992,-9.33584758505574,1.1778975937931533,-12.001578588825419,-8.349584030849,7.959412058488342,-2.9677175783531085,15.765833670122792,18.006181249070234,-2.3547278345237017,8.574622808709444,-13.70095197731141,10.560753942154042,9.55377857299248,8.463208711145201,15.134518536165226,23.718068654505796,0.5645212901376984,-23.38678989209405,21.06669195510392,-1.6474700290467281,-18.69491482238772,10.827206608652581,-7.1761741200226306,-5.432232543684308,13.99997742697555,-4.867847233161889,6.930846261493071,-8.782144563281014,-13.162898721141863,25.635535052195603
0.2984526814763602,-1.993640658892488,16.31489606236126,-0.6382911909621738,2.749006003007186,-6.971620293997984,1.1052339700706522,11.076060977162232,-4.621922446669883,-9.189783915603018,3.973839302898468,5.098278153941811,-3.8386804298858768,2.320458194941356,-1.089813188801135,-3.449244557365022,11.663035047629194,5.384901072006662,3.1013052452947196,0.8727812648156154,5.1803246535146,0.23917490651119633,-15.916909826526918,-2.1924386035724397,-7.944637413719004,0.43301913840528045,-4.914983992336085,0.41179677316199864,-6.422660359548906,-4.514427891315667,4.002890870705326,-1.5886252628271225,8.561993030505127,9.773787060969056,-1.1984223453007856,4.603018390691388,-7.380935738050888,5.948170609202672,5.080258981088218,4.582575841672515,8.236372777357873,12.949634949567175,0.5848325299991292,-12.585024487880908,11.307606657562697,-0.8638569152473041,-10.493405219457701,5.863095565978925,-3.712995111499257,-2.878533972513291,7.702660045358604,-2.856073717621177,3.4194671630664586,-4.730519051312012,-6.855246615940504,13.89482949940244
0.4153086521513344,-0.5834016484996623,1.037236137506116,0.2534173518959625,0.8659320021397755,-0.38352749854467805,-0.5939013071624851,0.6321235786938776,-0.49750863151428176,-1.7096181825352494,0.6443527716467031,0.6829906729460139,0.0036001871167129435,0.28856979075041334,-0.5600548230392659,-0.0787145814385543,1.3268205430009983,1.1314212647284405,0.8727812648156154,1.033244607763765,1.0455956853078583,1.0728474102481038,-1.6093851422272172,-0.09477613946623549,-1.2731455672182725,-0.2289368778453049,-0.11246020878007362,-0.8118254071952486,-0.6384161475809245,-0.6770223734356529,-0.9095409731688059,-0.11957342992783943,1.2892251170226432,1.4959697851326472,0.009399439521829462,0.6438895191801554,-0.8301356987482139,1.688478479669578,0.5195091847732585,0.5927839697701942,1.2495213800288838,2.0627579692510762,0.857051562860209,-1.3582523071285826,1.1541077739459287,-0.13178302033691042,-2.5278249914972064,0.7643088986467482,0.1472140791618896,0.2755818630155453,1.3242612987347036,-1.1671165885259056,-0.5553957771828445,-0.5634088969423187,-0.004243967696352111,1.5705734847985386
0.2990022958320754,-3.3800280136982233,28.914359984571938,-1.2832428098234137,4.546769991860881,-12.365730228568781,2.265652283406542,19.624209037276653,-8.108000579615753,-15.743222205065184,6.8202007975394014,8.922523755272072,-6.907845925792555,3.9878524984835346,-1.745185487960688,-6.21169696618518,20.346776477493748,9.19186461525609,5.1803246535146,1.0455956853078583,8.904478935728939,-0.1798075998772892,-27.906820317407394,-3.9266969243844367,-13.819219705958226,0.8727123309294257,-8.80299388876561,1.181946013659322,-11.221579620096508,-7.75634996158638,7.736007132488776,-2.845815097196403,14.760078972065678,16.802824419425672,-2.105897539620807,7.945555809615412,-12.868894484323535,9.839510083376355,8.816925370330315,7.946678532908267,14.15318281727204,22.28467387098436,0.6791056208779337,-22.021077988300036,19.7950377852421,-1.4060577419191935,-17.628632146884918,10.154070631223231,-6.735704304315377,-5.450056572397738,13.225594090368991,-4.553177629035599,6.365458900102771,-8.203738985165838,-12.283540978207018,24.330166485688864
0.5264047830239725,-0.11693513000172213,-2.2909469537505576,0.40760363797592075,0.31650185291049615,0.9010988242724474,-0.7702272452721145,-1.4584421687011493,0.44886797564723396,0.10388235162061767,-0.02065096045099474,-0.504583238267122,0.8574582990792267,-0.0480021076202408,-0.2715401431057712,0.7264863912557168,-0.7362355722896218,0.001710994391975769,0.23917490651119633,1.0728474102481038,-0.1798075998772892,1.47442116370311,1.5582746843721358,0.32871336577787036,0.5859526100949007,-0.3753443186179095,0.906492429479259,-1.1501810175727076,0.46969044648059394,-0.009984614224141016,-2.247764654374723,0.25808084432376566,-0.13302200265738784,-0.04833944741653835,0.10823256565533947,-0.015208305182664042,0.5063749387040188,0.9119564262524755,-0.19440656702212522,-0.21926339474549325,-0.09736310571384726,-0.17857805352024592,0.693032830486501,1.004823977076819,-0.9248903891635085,-0.1750882755992582,-0.7821003327203977,-0.25702687480298847,0.9194987516504716,1.3881300649409551,-0.0901573107899429,-0.8339433197188999,-1.1510367536866817,0.2259643953806665,1.2709895407072396,-1.2902520358778864
-0.7287383494610891,10.005379163602925,-102.20959214046994,5.433469185264679,-13.700713738797324,44.79882852584821,-10.672310345574758,-70.68284455508204,27.930163820449696,52.051829619141415,-23.630920015392398,-29.367617745741708,24.822987953303283,-14.428314074750478,4.046522211769493,21.827818893858996,-71.860109402267625,-29.517208294082703,-15.916909826526918,-1.6093851422272172,-27.906820317407394,1.5582746843721358,97.02850999204401,14.212353581426969,44.68318158386791,-3.6004416933358434,31.717012611015424,-5.548748539344512,40.11346814837163,27.627137485436926,-28.170032526929994,9.684901958456175,-51.583832134444386,-59.11481496720781,8.63524000696838,-28.615750484674702,45.26999974673684,-32.89827930568482,-32.47225338667573,-27.788395419641624,-49.52537011397317,-76.90764120077425,0.7625840078885746,77.17401486526276,-69.8723896383483,6.03570683378601,58.20462393729002,-35.591047922247114,25.044712309150682,17.60665733324621,-44.78478249934837,14.183913831272104,-25.8396791635043,29.15503754195882,45.68025380365046,-83.43003586678877
-0.06714127339234147,1.4230934336497787,-15.096594598365632,0.8769824434219303,-1.8671680158579758,6.700439528805747,-1.7604138450440885,-10.515122454019487,4.09397274999385,7.4418007465781155,-3.440547950152763,-4.235082255270119,3.6567838386618834,-2.1033539467271987,0.5038338480066465,3.2364582204455146,-10.623582396756651,-4.1805787168603405,-2.1924386035724397,-0.09477613946623549,-3.9266969243844367,0.32871336577787036,14.212353581426969,2.1580914734891317,6.405382069225825,-0.527637589956048,4.7180111970581216,-0.9292891431834958,5.930606608099923,4.072288652199406,-4.215582705018615,1.4491776505281728,-7.572042450749588,-8.6736227109365,1.307816774208716,-4.267762696852814,6.65429596040855,-4.722647966553401,-4.83059209506505,-4.068020173476484,-7.218315368903509,-11.219157171606247,0.29506210497611396,11.378731068211815,-10.315017055376801,0.889963721280935,8.288372161906592,-5.205067192658238,3.740753688663236,2.5452973570299995,-6.475850922543206,1.9669693614547739,-3.981462851956894,4.279938176812466,6.829437461700777,-12.184625939665983
-0.3699879550803582,5.184651291736561,-46.61022501330817,2.2371533238605696,-6.924558137582652,20.091235252570524,-4.097001188809201,-31.806381802772844,12.95869381288164,24.74656196048869,-10.863898162840568,-14.080090911025795,11.19713806460153,-6.416152569736257,2.501760784319498,10.031341903918191,-32.717925313283466,-14.332645193501497,-7.944637413719004,-1.2731455672182725,-13.819219705958226,0.5859526100949007,44.68318158386791,6.405382069225825,21.685763199900205,-1.4828335253160756,14.29194387499824,-2.215189912467458,18.097622365858708,12.459448870988792,-12.742461075269585,4.5671864786253975,-23.605591490439746,-26.898069203526152,3.528207442935237,-12.831446936792563,20.65255764492727,-15.423237645268163,-14.317266083160574,-12.716546343140328,-22.601862528406723,-35.49373178752454,-0.5878097172693275,35.34965383652782,-31.83594829751093,2.3425431460590516,27.595254992015974,-16.251204727949688,11.043801867580356,8.674260805577408,-20.940456903142433,6.951386887001867,-10.763436305631751,13.181441655981345,20.107373800200648,-38.812312050988155
-0.08593881480371497,-0.2058795761661826,3.9645643793739764,-0.280856607745068,0.34073680000701956,-1.725635240211485,0.5819513364428882,2.7495857547137965,-1.0131753415314997,-1.7108231057339651,0.8065214602387373,1.0240791290688906,-1.0719474926774935,0.5471123821110259,0.009672048162022471,-0.8798001555397188,2.5736510629047142,0.9178359155396992,0.43301913840528045,-0.2289368778453049,0.8727123309294257,-0.3753443186179095,-3.6004416933358434,-0.527637589956048,-1.4828335253160756,0.251250544990316,-1.2925944582538933,0.460712824814742,-1.4875691027941333,-0.9513207494888148,1.478902967367428,-0.3391603828319247,1.7617372288656366,2.029651456419355,-0.3803157565918168,0.9718327087557808,-1.6507432548951626,0.8712579733315933,1.2094892257107808,0.9938547102150077,1.734952249269395,2.6068412273469095,-0.2714431786174449,-2.792799347176501,2.5602131151380063,-0.24799026660694776,-1.7298775423613981,1.2787554211888281,-1.1135580984416085,-0.8289032248651406,1.496401163143814,-0.2495825721301766,1.249588523028498,-1.0684433746749697,-1.9329750688427907,3.0233880200560437
-0.09351596603690455,3.063575500024649,-33.69709221631882,1.9305214064398106,-4.180276945659621,14.840017720471838,-3.8602959051308336,-23.38660583727475,9.108561224589755,16.624275256436153,-7.63874164734376,-9.466543273191453,8.281634319380574,-4.722528937341389,1.0778697585204255,7.237921712045942,-23.496491078030477,-9.33584758505574,-4.914983992336085,-0.11246020878007362,-8.80299388876561,0.906492429479259,31.717012611015424,4.7180111970581216,14.29194387499824,-1.2925944582538933,10.549811723069,-2.1693527771329766,13.168198275595135,8.988126294280177,-9.708134970142623,3.1723486435967967,-16.733648555050763,-19.186192173450735,2.92698260661775,-9.343399917302468,14.794957761941296,-10.3274806068952,-10.697896214896002,-9.047401798074727,-16.061697880712295,-24.860494242272424,0.6651999029662595,25.230331002698104,-22.888306319119458,2.0091864989269537,18.38534964098238,-11.589049664127167,8.437351190682824,5.882715794946712,-14.399193435903328,4.2638274449253615,-8.923500838314403,9.530415022850015,15.301946579338368,-27.163108908652983
-0.35008770280129325,-0.25731608174453713,6.417882754026213,-0.6056823719836679,0.25571636907099077,-2.8276113886413503,1.2352060203512063,4.451770401751746,-1.579750320979895,-2.270777036395611,1.0994993273460667,1.5787370179186893,-1.7894212123349262,0.7381968716392961,0.14827067898818902,-1.524317722533855,3.9154646555032793,1.1778975937931533,0.41179677316199864,-0.8118254071952486,1.181946013659322,-1.1501810175727076,-5.548748539344512,-0.9292891431834958,-2.215189912467458,0.460712824814742,-2.1693527771329766,1.1518970077390625,-2.258445720367542,-1.320859482327403,2.929038146864625,-0.6127254140427086,2.4982672292368373,2.81889580773151,-0.5695808477078325,1.4129755007288958,-2.4784845020770043,0.8006746872228171,1.7702050183977678,1.4457615359860387,2.375855130141977,3.635421242344418,-0.745208833964826,-4.30566394497901,3.94455212698337,-0.24079643649067384,-1.919424655247921,1.8406688809521465,-1.9050960179856984,-1.6598997222933671,2.040456281568772,0.037571266980682395,2.258948206809059,-1.5478144279107264,-3.200414622415291,4.652293061509082
-0.36972419110986776,3.9892154030266074,-42.33232985538427,2.303579926947106,-5.513360631005495,18.709597298560546,-4.637002645190331,-29.4584017374658,11.517905338883345,21.336283718540653,-9.830166122021042,-11.936943797401822,10.26279826438498,-6.064375437762904,1.4992280661685813,8.97959776871447,-29.93556251488572,-12.001578588825419,-6.422660359548906,-0.6384161475809245,-11.221579620096508,0.46969044648059394,40.11346814837163,5.930606608099923,18.097622365858708,-1.4875691027941333,13.168198275595135,-2.258445720367542,16.75203385605461,11.59279689956602,-11.437377868908692,3.964268752899392,-21.50031503169526,-24.70387137199984,3.731309940588054,-12.04509428070904,18.823718564629935,-13.731377651618494,-13.708439344465052,-11.552156612457646,-20.647236971359195,-31.938814367159363,0.5582613697131821,32.03396151326038,-29.058042240175315,2.6811889858248987,24.026901626834746,-14.80930878882843,10.44338181860936,6.896218064973594,-18.494544726487227,5.877098747471664,-10.982351913979578,12.17554160127155,19.132999782912577,-34.364719329537884
-0.3784507954742495,2.7990081309020485,-29.022746755692328,1.5241047125743057,-3.8981518911163113,12.868671771092481,-3.088323309218102,-20.244016660474923,7.931317535061477,14.834581573443451,-6.854253756987728,-8.195490507512117,6.964553694603275,-4.223500940296078,1.091330313104137,6.099374058998669,-20.736565455032572,-8.349584030849,-4.514427891315667,-0.6770223734356529,-7.75634996158638,-0.009984614224141016,27.627137485436926,4.072288652199406,12.459448870988792,-0.9513207494888148,8.988126294280177,-1.320859482327403,11.59279689956602,8.101058427683117,-7.460859164148207,2.707639580882135,-14.97953731509163,-17.23810545547578,2.5902326946562253,-8.41804335640465,13.023597535559178,-9.786621165639989,-9.54010268012514,-8.011838358801345,-14.387077907823027,-22.243958228584813,0.25986694233395424,22.131532781988128,-20.076220032828505,1.9201506989321273,16.917360685341812,-10.276531128283024,7.085697880454429,4.469909742562007,-12.872911495464844,4.281887458122288,-7.430933793700865,8.449222226067857,13.081440430568687,-23.66851567290131
-0.45094730414231493,-2.4930512504991156,30.477049576522738,-1.964181505408885,3.306438840818181,-13.212296740294542,3.835128142632387,20.921902461504985,-8.091852265766926,-14.199867357799825,6.420955325692756,8.534635164092393,-7.814220648881276,3.9976147481451885,-0.7153628634580916,-6.7902441371149,20.30823931166369,7.959412058488342,4.002890870705326,-0.9095409731688059,7.736007132488776,-2.247764654374723,-28.170032526929994,-4.215582705018615,-12.742461075269585,1.478902967367428,-9.708134970142623,2.929038146864625,-11.437377868908692,-7.460859164148207,10.441191030752314,-2.901710292230945,14.096403644045433,16.04844095165909,-2.5038665913257456,7.732229478209629,-12.87255730704673,7.7418602165722925,9.049249868286243,7.79170872543521,13.546060247285785,21.00070692479023,-1.0930014995309443,-22.075418257798155,20.022475766910514,-1.4679771097027763,-14.766895206864023,9.958689803809353,-7.952152848442262,-6.465131469656714,12.214774415059594,-2.781810576317335,8.464603160229153,-8.18522055414929,-13.984762030339326,24.12596548038493
-0.030382643218225043,1.0671351529308157,-10.228212473106682,0.5612629654738192,-1.365426562894871,4.473113067422941,-1.0714927395254188,-7.039836823904275,2.8080709183735264,5.186163894454992,-2.3264889348010467,-2.9913927883418663,2.4661127770035525,-1.3827674708029747,0.44929179275987075,2.2169946124471545,-7.153310170338192,-2.9677175783531085,-1.5886252628271225,-0.11957342992783943,-2.845815097196403,0.25808084432376566,9.684901958456175,1.4491776505281728,4.5671864786253975,-0.3391603828319247,3.1723486435967967,-0.6127254140427086,3.964268752899392,2.707639580882135,-2.901710292230945,1.0122448383990346,-5.104235416645503,-5.813507422240634,0.8058824005095323,-2.82613341178751,4.489200752570563,-3.211291088714468,-3.159442794193385,-2.747813442222805,-4.851893150611108,-7.617108047320977,0.05316204489105863,7.709664532040685,-6.957768448045631,0.5131637947785784,5.726145731001346,-3.5081113119703646,2.478103764722086,1.8847741400793028,-4.446576978027175,1.375974577940328,-2.530383717823008,2.860770878308255,4.501559297530715,-8.374573731220003
0.6455450153471789,-5.376289402856071,54.12804749005834,-2.8030191237650324,7.405833921734103,-23.87731367085613,5.581698978635126,37.600634194118555,-14.840266033823104,-27.851674154029048,12.743673223579949,15.486941505204733,-12.989256897760452,7.787024427734019,-2.1997032938041974,-11.432194779821332,38.54064368508256,15.765833670122792,8.561993030505127,1.2892251170226432,14.760078972065678,-0.13302200265738784,-51.583832134444386,-7.572042450749588,-23.605591490439746,1.7617372288656366,-16.733648555050763,2.4982672292368373,-21.50031503169526,-14.97953731509163,14.096403644045433,-5.104235416645503,27.827276459828287,31.959774216789523,-4.686703131763334,15.545892863610828,-24.22419693272786,18.168430204008022,17.562391010661912,14.90277892275233,26.702317768619665,41.4158144774479,-0.27206572430874315,-41.22988684243206,37.348306959874286,-3.4068480027462495,-31.613226465873186,19.10037243771585,-13.140493271376753,-8.677935347427898,24.053777124896012,-7.988507956531555,13.604892505409685,-15.66386746989589,-24.195561089232907,44.31299700886208
0.7817702649268843,-6.086201316553492,62.0335892173292,-3.215214257920994,8.4517329616132,-27.408979882944145,6.447853099866061,43.15707703119499,-16.988171082255842,-31.879085256098666,14.638167950668041,17.66308167016284,-14.891577684656928,8.981515796872937,-2.4525220940546757,-13.067820604559383,44.235441856202634,18.006181249070234,9.773787060969056,1.4959697851326472,16.802824419425672,-0.04833944741653835,-59.11481496720781,-8.6736227109365,-26.898069203526152,2.029651456419355,-19.186192173450735,2.81889580773151,-24.70387137199984,-17.23810545547578,16.04844095165909,-5.813507422240634,31.959774216789523,36.742455325790694,-5.442900687770053,17.886704775945237,-27.804801549698166,20.8969578516327,20.24390754855877,17.109497628832823,30.69671798323811,47.53354780230331,-0.38400236420152534,-47.27787297207921,42.85330016186302,-4.001632519891544,-36.27006302685879,21.938351126198047,-15.092626826521064,-9.775637173984286,27.57495589975306,-9.18247279215521,15.692054897198446,-18.009512020543426,-27.82160161563648,50.72436317837624
-0.08279854032963006,0.6623795330910591,-9.242037364720346,0.5689931629859879,-1.003114889963638,4.188101017255389,-1.2409678553388226,-6.569225079394598,2.443706329387779,4.3634682024006395,-2.1319407883416748,-2.383364549404112,2.284177241139145,-1.3930006431598825,0.11599209616963749,1.926822021141732,-6.56153149953384,-2.3547278345237017,-1.1984223453007856,0.009399439521829462,-2.105897539620807,0.10823256565533947,8.63524000696838,1.307816774208716,3.528207442935237,-0.3803157565918168,2.92698260661775,-0.5695808477078325,3.731309940588054,2.5902326946562253,-2.5038665913257456,0.8058824005095323,-4.686703131763334,-5.442900687770053,0.956255331607341,-2.7055351293212544,4.119955122819669,-2.8962606384428753,-3.16823165447593,-2.519194975571562,-4.536007221049591,-6.8707674278396,0.4094612478105652,6.949721183693738,-6.3622406369892905,0.7377194541736473,4.961529807128903,-3.2441014974127813,2.402811770375541,1.274312773196775,-3.8938015988495995,1.1514642069428445,-2.7213522372773236,2.710511810222705,4.416980888540392,-7.264635867338238
0.3805409009693003,-2.889393824411724,30.12284312533595,-1.6222961623709933,3.965523429303954,-13.41317107594539,3.30671191535604,21.06057006548123,-8.21934946305762,-15.271443386260183,7.094997163874955,8.45119665938285,-7.209505414684029,4.3679581570042885,-1.0897204784614558,-6.334202929636762,21.55511090099997,8.574622808709444,4.603018390691388,0.6438895191801554,7.945555809615412,-0.015208305182664042,-28.615750484674702,-4.267762696852814,-12.831446936792563,0.9718327087557808,-9.343399917302468,1.4129755007288958,-12.04509428070904,-8.41804335640465,7.732229478209629,-2.82613341178751,15.545892863610828,17.886704775945237,-2.7055351293212544,8.781457649185356,-13.509355710640307,10.117244284251614,9.932039723921196,8.302109079918218,14.89277454445634,23.04091369360854,-0.36172420974631414,-22.981347089251386,20.852239907245806,-1.9920224187697362,-17.41974021847245,10.645037201670759,-7.365329446756472,-4.58306837347184,13.298533542177973,-4.3963379503103335,7.793064781830044,-8.760607152902748,-13.613801628554874,24.4993311771531
-0.4237966280113074,4.612430944362016,-47.674793480534206,2.540068338465268,-6.3543651682705855,20.991792367978988,-5.0535430536239705,-33.08216188972701,13.015696904381462,24.24637406888829,-11.089468767393424,-13.586707757376098,11.541234010955742,-6.801348627816699,1.821634660325586,10.127775814824938,-33.69060318750916,-13.70095197731141,-7.380935738050888,-0.8301356987482139,-12.868894484323535,0.5063749387040188,45.26999974673684,6.65429596040855,20.65255764492727,-1.6507432548951626,14.794957761941296,-2.4784845020770043,18.823718564629935,13.023597535559178,-12.87255730704673,4.489200752570563,-24.22419693272786,-27.804801549698166,4.119955122819669,-13.509355710640307,21.200295720797843,-15.545466839279412,-15.335124847925698,-13.01978833062954,-23.26097474151455,-36.05300949742112,0.4318931510944839,36.09969210856131,-32.71287359971166,2.9407236922685653,27.28263651550171,-16.684725566569135,11.689120922342873,7.908158199226476,-20.93757787047352,6.716295509684499,-12.157998254641901,13.690552327545,21.402740124640918,-38.860412942172935
