V1,V2,V3,V4,V5,V6,V7,V8,V9,V10,V11,V12,V13,V14,V15,V16,V17,V18,V19,V20,V21,V22,V23,V24,V25,V26,V27,V28,V29,V30,V31,V32,V33,V34,V35,V36,V37,V38,V39,V40,V41,V42,V43,V44,V45,V46,V47,V48,V49,V50,V51,V52,V53,V54,V55,V56
4.7967194613821675,0.5757120563955288,1.6894473495755835,0.11605197491707933,-3.5695732720721582,-1.1415912502974583,-2.2204651776855946,-1.1762296386177915,0.24050647816863424,2.6501855139417976,0.5459325340669196,-0.9577288239798956,-0.3165441523932668,0.30822816116266977,0.6630181756043698,0.01771420664970559,0.1950346754909375,-2.015698041265795,-1.565437819377856,1.2730483799039225,-3.5053244888375903,-0.35817063002420196,0.4234157252973991,-2.8090309506267954,1.9140158346839569,-1.5133694588715936,-2.248629215011165,0.10618136097116826,-0.8517678344030531,0.232255512138258,-1.9448246097436666,-1.5354563650797204,-2.6339296997830672,-2.440095642239418,0.9233083064429334,1.6418480100420751,-1.325986389075781,-2.0556283817069847,-0.4705481861331889,1.5178417594443792,1.1952324737843747,-2.169512179289277,1.9940292856905235,-1.8095858683422457,0.1302100280016715,-1.0965698694558599,2.4308835590113436,2.4852606649703763,-2.3270172457555147,-0.1298621831911666,1.9231320982036268,-1.0523295712337277,0.17059477385287838,-1.2209700431210728,-3.210341236214579,0.8329130056487076
0.5757120563955288,0.7525801317079366,-0.6567293313923517,0.2441895439244692,0.38045381252835525,1.3887306608411147,2.7418618685222302,-0.3606330936729962,0.10616884130135375,0.1459559639069536,0.689172895107167,0.7872778642645115,-1.1631220318857793,-0.4391645913244904,-1.135067059466437,1.9783807473088655,-1.3876657369111431,-0.010281099980805326,-0.9881850906592241,-0.4395784713967719,-0.15076978252128265,0.27943168735924234,1.1372956415388373,-0.35342941286445934,-0.34501362054592455,0.16884249751136313,0.10309606310771612,1.377632550727499,-0.782598484047197,-1.4887541292881967,-0.7894888116653258,-1.0930954678134968,-1.5193035010153555,0.639330130835501,0.13356809637435946,0.24906928982086907,-0.6373485193777344,-0.9508555995980303,-1.2696250335364627,0.5570434356560876,1.0550965062474935,-0.7394233725474957,1.0103222930261657,-0.22005428995929782,-1.0361368180630404,0.20225289888318812,1.26269187561456,2.2432857352977518,0.12066084169139,1.3663590661070184,0.8289475016791075,1.3481254175553343,-0.0757337983456205,1.2962207129953038,-0.7929372287170227,-1.9515437606382302
1.6894473495755835,-0.6567293313923517,1.7056387720168982,-0.24127074823488293,-2.282660538839432,-2.3268376162316815,-4.620139107969166,-0.14780886033274523,-0.004962626530698877,1.1577712102181126,-0.6231666217527377,-1.4979999696296116,1.3099794921473347,0.7172520879062406,1.7992018220712198,-2.5016259509909675,1.876165149366215,-0.9994642917873188,0.46271119278085804,1.2394142129756827,-1.5745372808965528,-0.5309804511227422,-1.252302815845214,-0.9891780631544171,1.4156095434122498,-0.9851554438084319,-1.2742879575351027,-1.6939702490095225,0.5613583494911513,2.019630596677139,0.012242871800691627,0.6303209298101772,0.6247546663232112,-2.045574435600463,0.2823961766904666,0.5276726817738177,0.15127999906817666,0.15808833508195275,1.3730787276467618,0.06587553646225362,-0.7331486726287245,-0.17626676320294096,-0.27754225960013096,-0.6394289941706274,1.3573483289360653,-0.8234874715755096,-0.3635624648397395,-1.58569067550248,-1.3436090559188363,-1.7983712980179296,-0.08195923182838488,-2.25845964385827,0.18775687154612078,-2.2613087269268286,-0.6211548243119924,2.927863649626172
0.11605197491707933,0.2441895439244692,-0.24127074823488293,0.08227755175887731,0.1841594252991546,0.4850267134258589,0.9461861662930471,-0.10453122989998904,0.03367425074845458,0.008065096277117477,0.21545593075078504,0.2743839255326285,-0.3850703868471635,-0.15059947667212212,-0.3838929687445976,0.6605269264149026,-0.46256256606800367,0.029653517262675826,-0.305626829803196,-0.15743329108465465,0.0061246237803919265,0.10007381000277091,0.3675457858570875,-0.07829413476850994,-0.14274783313728262,0.07861066400623484,0.06802907403219963,0.4586592479476812,-0.24837609152368892,-0.4977229687905061,-0.23471354138057107,-0.33629558425893574,-0.4591788355968593,0.25148097500789585,0.026447660838481567,0.06083761666741001,-0.1890077073406157,-0.2877040000209684,-0.41679732685440907,0.16376771654820907,0.334020437252466,-0.21721751382125143,0.30555741222780164,-0.046109298539833046,-0.3537137715710207,0.08170535890358006,0.38602120219290087,0.7114513745195009,0.07315485858271713,0.45856797194686777,0.24618344079838061,0.4629742989606019,-0.02657597911190136,0.45251952884419244,-0.21565763471463434,-0.6574615653894025
-3.5695732720721582,0.38045381252835525,-2.282660538839432,0.1841594252991546,3.616162901733983,2.6571761758619616,5.228028071061053,0.6188601866529863,-0.090045193034457,-2.1780790548498024,0.3401927394715018,1.7879370994134103,-1.0977777796814023,-0.7959416210266224,-1.9420186505994903,2.3317477012062224,-1.8245140136969968,1.7734253503045871,0.21567716770387954,-1.6615961999370945,2.928203199081531,0.6476939336019224,0.9805402112808953,2.0773243502881806,-2.1097464826439416,1.5440939134034601,2.1186260438045936,1.5404191466747938,-0.172922427491964,-1.9761276525572207,0.790182020881697,0.05908604698239528,0.5252874924196462,2.922740565088851,-0.6562682438314161,-1.1646732243774407,0.4159460506052699,0.6976332239239315,-1.08926838015756,-0.6863216959572755,0.19137419524704471,1.0522394435392581,-0.5684599966239345,1.3451012847425334,-1.337789053240341,1.2161548442160899,-0.6607103315976524,0.4562885514250337,2.210737431869352,1.7358110530707471,-0.7213836061139057,2.537534479017754,-0.24258317557936246,2.621225181716173,1.907681889342511,-3.0631805210071814
-1.1415912502974583,1.3887306608411147,-2.3268376162316815,0.4850267134258589,2.6571761758619616,3.6794325711076405,7.25561326525906,-0.20708224441534348,0.11327891574703128,-1.0166517578767114,1.2683035567388075,2.2477454592560653,-2.4375804261216474,-1.138783492080643,-2.8780298396346553,4.4117399081186015,-3.203574373285878,0.9961114225905512,-1.415682356412606,-1.635435726685406,1.4371940440125361,0.8047166698312924,2.3317978992060078,0.6371712772188728,-1.7426015927098089,1.1448191415299578,1.370792814017541,3.0245855583686923,-1.3171389030642444,-3.4471376874638584,-0.7772683064521092,-1.669246761324081,-2.066811561034183,2.6642607397025246,-0.16610151739450812,-0.27803798665955315,-0.7556447579659944,-1.0816102718562273,-2.5989180143875954,0.47540121242749717,1.7517213694454414,-0.5489195703026066,1.249013969273654,0.42574837422000245,-2.3755441949840086,1.0101809938417985,1.5877732609273345,3.752878262077991,1.4508523115830967,3.1181499001622903,0.8787272370766442,3.5490790097876093,-0.25657167223272065,3.515573267383567,-0.14488240544196282,-4.7893976756695
-2.2204651776855946,2.7418618685222302,-4.620139107969166,0.9461861662930471,5.228028071061053,7.25561326525906,14.371052135511382,-0.40349147607061264,0.2149412678076228,-1.9990986869285206,2.549759705254436,4.462931289466022,-4.817941310419451,-2.2570070400426085,-5.724331082055794,8.732149775456309,-6.36237213093068,1.9492991674254623,-2.8121677105687244,-3.282108961420436,2.8119446500082863,1.5837640201972203,4.651161469366221,1.2665136990952905,-3.450574741301577,2.264243010548046,2.707277364275439,5.986120324054537,-2.6110267007477166,-6.839657757885686,-1.5431348133990435,-3.3415786873426203,-4.149187555621902,5.2581506853551065,-0.30109703335272275,-0.5586141245215992,-1.5223841340890785,-2.141312058860177,-5.146351832623813,0.942533604892986,3.473345714843763,-1.0767874254385994,2.4898487469072133,0.8356186570710042,-4.668654851027181,2.0095133084946357,3.1456267640740143,7.438109698918747,2.8764464977904485,6.169787975206659,1.755471059954837,7.0393017563470375,-0.5147030249168134,6.947333959277123,-0.3022505932632777,-9.516482402758623
-1.1762296386177915,-0.3606330936729962,-0.14780886033274523,-0.10453122989998904,0.6188601866529863,-0.20708224441534348,-0.40349147607061264,0.36386155692625644,-0.087521751050309,-0.5971695495706277,-0.32484721954229645,-0.04572416135619258,0.4369437710427033,0.07320416420197276,0.21344957873864145,-0.6322712374639836,0.3938513429712253,0.4185590951116363,0.6382126121059423,-0.13801463653588664,0.7732682287260462,-0.016439899059261128,-0.4413036769714898,0.7022680153124108,-0.29102014308692653,0.2620674291742533,0.43645692596414787,-0.4596055962721006,0.42563651627745086,0.42038179555023863,0.6575190289195676,0.6588190912514077,1.0198691683054681,0.3029534882873019,-0.22924509177778973,-0.4248979030149559,0.472713495781112,0.732009000743944,0.5005367713992108,-0.4925752036100748,-0.5841251529074525,0.6925707713493934,-0.7327285201682363,0.447251712672996,0.31157347480320513,0.1678608810986964,-0.9097889338966907,-1.2301051929637377,0.44866275945557604,-0.408510435009356,-0.6617131425505227,-0.20404542867188266,-0.012801204282150053,-0.1569614486396431,0.919797796597481,0.43613426437251995
0.24050647816863424,0.10616884130135375,-0.004962626530698877,0.03367425074845458,-0.090045193034457,0.11327891574703128,0.2149412678076228,-0.087521751050309,0.024041081267486004,0.115315778939379,0.09047792948863989,0.04692409970375598,-0.14168742548420726,-0.03523367911031886,-0.0934142235436631,0.21926833348062724,-0.1409589985112041,-0.07373714565830343,-0.16703992614706306,0.009423202122430844,-0.14515583967122242,0.019091977855216928,0.13524590648322157,-0.1489888962231056,0.035581171959981124,-0.0389995543626819,-0.07426482614318708,0.15605387767757917,-0.11841860788784903,-0.15243603379148118,-0.16186656957136805,-0.17214095294417772,-0.2582364581616664,-0.020145645304353234,0.045260626307265864,0.09253240372319585,-0.11578832848492887,-0.18406237493961866,-0.15729706987583988,0.11854409254640833,0.16162964068936148,-0.16800304685513745,0.18458243948735423,-0.09320815786839409,-0.11685912288998901,-0.02192175869117525,0.23307017191620844,0.3412422153792061,-0.07666626717934866,0.14695329747605546,0.16239525680969447,0.10521473479093822,-7.881067074798926e-4,0.09685593760662646,-0.2082874510308612,-0.17580876572845322
2.6501855139417976,0.1459559639069536,1.1577712102181126,0.008065096277117477,-2.1780790548498024,-1.0166517578767114,-1.9990986869285206,-0.5971695495706277,0.115315778939379,1.5097138540569224,0.1363031484692366,-0.763322880940563,0.11023295288173492,0.292859386543469,0.6824628523491788,-0.49395282639661914,0.4719282299798826,-1.1715572094393598,-0.6612795394810496,0.8648144064916984,-2.0049091798254564,-0.27894411307938666,-0.04904295821060689,-1.5533197143098285,1.2073070873661587,-0.9274312884121338,-1.3398527751039206,-0.2890556894872348,-0.29770902195428656,0.518455012497437,-0.9350735021300864,-0.6120021123366481,-1.1418271509565903,-1.5865692011619927,0.5006458067316256,0.897967690553104,-0.6076918283891521,-0.9593198175918805,0.04904161046354651,0.7449201173952235,0.42876939066227626,-1.0819670543483766,0.9046759658907279,-1.0005416149066757,0.3338309338495266,-0.6946125995237905,1.0989319548338001,0.8793609948941707,-1.3919725613489482,-0.4236528097057684,0.9100530687960922,-0.961728702066244,0.12023824411417143,-1.0425287670423755,-1.67190128627011,0.9913498940259091
0.5459325340669196,0.689172895107167,-0.6231666217527377,0.21545593075078504,0.3401927394715018,1.2683035567388075,2.549759705254436,-0.32484721954229645,0.09047792948863989,0.1363031484692366,0.6641474940737986,0.7413302144514499,-1.069603184897474,-0.4094440366452075,-1.0723037027005387,1.829220481146967,-1.2996337078770184,-0.019651444143909184,-0.9164045656814946,-0.44350026163890416,-0.15223502114660856,0.25301254099898735,1.0763199688052194,-0.3139293587517278,-0.32614593473607106,0.15954828122560966,0.09810527877809891,1.273209354470934,-0.7238258891114209,-1.3895800717725768,-0.7270774963686757,-1.0334590721124253,-1.439007995246456,0.5876208666039893,0.1407489023812184,0.21913359789587436,-0.6048279597475444,-0.8732157394731097,-1.1743288296351773,0.5116646825607709,0.9761889353921487,-0.669506891011816,0.9410731155961326,-0.20290249346227013,-0.934007229277835,0.19788359950740733,1.161825382676749,2.073786366434121,0.12229195091884161,1.2621615628277592,0.7722467048547669,1.2606972383203985,-0.07547299729977289,1.194744276267911,-0.7343746885898309,-1.8340920724284349
-0.9577288239798956,0.7872778642645115,-1.4979999696296116,0.2743839255326285,1.7879370994134103,2.2477454592560653,4.462931289466022,-0.04572416135619258,0.04692409970375598,-0.763322880940563,0.7413302144514499,1.405438226461082,-1.4277226457080787,-0.6991682146807928,-1.7700454843873845,2.624827124910794,-1.930927540638099,0.7063680124650233,-0.7507000265354588,-1.0771380979979994,1.0567793342809748,0.4964125067967759,1.3805213495722555,0.5578662511878103,-1.1574127469321869,0.7747497740443318,0.9531994505671555,1.7935951763134164,-0.7330200628776214,-2.0752192939860423,-0.3433133006418522,-0.9180513205322244,-1.0967598066124107,1.729707414407717,-0.14190307699841767,-0.27246788492971347,-0.38159436200110475,-0.5158136821944854,-1.519131647818014,0.1897501622925364,0.9711620797850774,-0.1855104549941588,0.6289009566983301,0.3628004897344416,-1.403717919852912,0.6752099433779998,0.7945492615819156,2.0840918449948456,1.0109658138531732,1.862558563966606,0.4116590215441718,2.186232721880085,-0.16680071910797298,2.1638020728289615,0.10589165755808967,-2.922671567497041
-0.3165441523932668,-1.1631220318857793,1.3099794921473347,-0.3850703868471635,-1.0977777796814023,-2.4375804261216474,-4.817941310419451,0.4369437710427033,-0.14168742548420726,0.11023295288173492,-1.069603184897474,-1.4277226457080787,1.874588142437171,0.7656020566081646,1.964098808731295,-3.2596017057751396,2.3172670586646578,-0.2480482545293339,1.4224092783847297,0.9012011857450845,-0.2132255883791796,-0.5069542468391114,-1.824364463135855,0.20780947117436724,0.8239773824379161,-0.47963108101995966,-0.468498749469019,-2.2572391806574634,1.1776135940723067,2.488150774014882,1.043445669397859,1.6035813982886433,2.1632488439448236,-1.3766157749419874,-0.10150976666599938,-0.19070971112486254,0.878366635087138,1.2940405485806739,2.0310006751799086,-0.7166134239162628,-1.5814469862181613,0.9287350775742531,-1.403117547132602,0.12298161152440108,1.7205156579185306,-0.48106275998084747,-1.758687575630727,-3.3692203107370777,-0.5094369627768202,-2.2697818044608065,-1.1131434992601714,-2.365139545471742,0.1486280309366873,-2.2981296591149865,0.8822835840739228,3.334246775928482
0.30822816116266977,-0.4391645913244904,0.7172520879062406,-0.15059947667212212,-0.7959416210266224,-1.138783492080643,-2.2570070400426085,0.07320416420197276,-0.03523367911031886,0.292859386543469,-0.4094440366452075,-0.6991682146807928,0.7656020566081646,0.3552890951114285,0.9023952861990139,-1.382878057987317,1.0069838639786637,-0.28992349676444124,0.4595951593390784,0.5104892348691311,-0.41357144679764524,-0.24718579462563342,-0.7414532032782113,-0.17675621620691048,0.5297409384873543,-0.3451366853036134,-0.4090352620798403,-0.9489728493381578,0.42107990977677207,1.0816294146140197,0.2610347009438725,0.5441103352197838,0.6819392224466994,-0.8106031768290205,0.03878517234997223,0.07460143957836549,0.2538682337686916,0.3569744693967089,0.819408432701488,-0.16313813865129653,-0.5604701792660668,0.18843193182091275,-0.41266074116869417,-0.11655889156715606,0.7363035077475335,-0.3091483823777274,-0.5190200212653451,-1.199866693037898,-0.43506260636891925,-0.9753542035849064,-0.2953156348394368,-1.1062999917713747,0.08007608821497877,-1.089947970636052,0.07631796183647106,1.501355646555729
0.6630181756043698,-1.135067059466437,1.7992018220712198,-0.3838929687445976,-1.9420186505994903,-2.8780298396346553,-5.724331082055794,0.21344957873864145,-0.0934142235436631,0.6824628523491788,-1.0723037027005387,-1.7700454843873845,1.964098808731295,0.9023952861990139,2.3010901493726754,-3.5382187239439316,2.5778719429773482,-0.6873217359988871,1.2159682567690258,1.289156016765136,-0.9652166001432988,-0.6213162459158278,-1.9175856892432386,-0.38698303980738513,1.310389413649106,-0.8465606836341774,-0.9912670580221041,-2.4300765568029195,1.0986337083656974,2.7666781336016477,0.7153973983818418,1.4395107329807328,1.8244375309272505,-2.0112788530435384,0.06902933926242462,0.15427651201385587,0.6888203950688115,0.9622129149591091,2.1080323218378614,-0.4536604755713185,-1.4640099245817664,0.5307190996583695,-1.1084107455983878,-0.2529537773011223,1.8708334355013618,-0.7678889027481873,-1.3863768738243032,-3.1314271431070715,-1.059258783237382,-2.4915754731530333,-0.8059089222269205,-2.8096003791860173,0.20286852451998177,-2.7560116270037267,0.27605355134441556,3.831938382259277
0.01771420664970559,1.9783807473088655,-2.5016259509909675,0.6605269264149026,2.3317477012062224,4.4117399081186015,8.732149775456309,-0.6322712374639836,0.21926833348062724,-0.49395282639661914,1.829220481146967,2.624827124910794,-3.2596017057751396,-1.382878057987317,-3.5382187239439316,5.731941604302553,-4.104244254395051,0.6613454389319906,-2.3255694126639663,-1.7427691710543551,0.7679987169338756,0.9305063851161202,3.1699929686200146,-0.042518337137452164,-1.6690059754089406,1.0165565871511562,1.0800847463029901,3.9584472530234955,-1.9750206880842416,-4.407852533456881,-1.6140125537634893,-2.6548040113911737,-3.518849853708424,2.697082838980196,0.07999409901705594,0.14535988598296495,-1.4002556128709713,-2.0411416145121453,-3.5194984971864605,1.0872279039534847,2.646636869741096,-1.3827752289013153,2.244492470476257,-0.010946689500491647,-3.0328721582672253,0.974414904567312,2.8160894665739353,5.644859568924285,1.1638593640456358,4.007124844998643,1.742117651801014,4.2848421608849865,-0.2827473028541361,4.179658543191593,-1.1884279621901428,-5.970205344823242
0.1950346754909375,-1.3876657369111431,1.876165149366215,-0.46256256606800367,-1.8245140136969968,-3.203574373285878,-6.36237213093068,0.3938513429712253,-0.1409589985112041,0.4719282299798826,-1.2996337078770184,-1.930927540638099,2.3172670586646578,1.0069838639786637,2.5778719429773482,-4.104244254395051,2.9581624162584244,-0.557912574382956,1.597205638284139,1.3264613461569128,-0.7005374666892648,-0.6792859257070671,-2.2649588316304285,-0.1038822371068451,1.2853308470995735,-0.7976996887040602,-0.8764518529856473,-2.8301402469308825,1.376382965506364,3.1745316092217157,1.0660456542690413,1.8453713822450184,2.4204990236247585,-2.038926628080193,-0.02513080216602025,-0.023809185059289063,0.9523813892116918,1.366036773872517,2.5001986874190996,-0.7096012161421065,-1.8417226319963045,0.8836814261701634,-1.5224107257705788,-0.07426875653650435,2.1633676003885034,-0.7534794138069602,-1.903629355206699,-3.9307661251683013,-0.943556005695595,-2.8741640921024643,-1.1644019765268603,-3.124441874094952,0.2128518106996138,-3.0477946992904115,0.7073234211407214,4.330315315735374
-2.015698041265795,-0.010281099980805326,-0.9994642917873188,0.029653517262675826,1.7734253503045871,0.9961114225905512,1.9492991674254623,0.4185590951116363,-0.07373714565830343,-1.1715572094393598,-0.019651444143909184,0.7063680124650233,-0.2480482545293339,-0.28992349676444124,-0.6873217359988871,0.6613454389319906,-0.557912574382956,0.9260438991451682,0.3871234210929967,-0.732417098440372,1.5645017351126569,0.2599892358226558,0.18824729719666874,1.1730122091246025,-0.9979595113702401,0.754128596576443,1.0703249187266752,0.41717330628431737,0.1275275799813327,-0.6099060553924588,0.628068681326032,0.33913848045780304,0.7012920525383136,1.3406708521632371,-0.38113342921270865,-0.6711262654721625,0.3964290774542019,0.6247168257106718,-0.21254874987799724,-0.5109584420562039,-0.19337374203496446,0.7475897690607167,-0.5773334727719611,0.7587543009302679,-0.4127584221563307,0.5727067456901325,-0.6916782680169198,-0.3857155134066325,1.1121990117111011,0.5226308965099831,-0.6057284673091932,0.9397103747507841,-0.1040053664220357,1.0005063925212667,1.2104310162530405,-1.041715234391345
-1.565437819377856,-0.9881850906592241,0.46271119278085804,-0.305626829803196,0.21567716770387954,-1.415682356412606,-2.8121677105687244,0.6382126121059423,-0.16703992614706306,-0.6612795394810496,-0.9164045656814946,-0.7507000265354588,1.4224092783847297,0.4595951593390784,1.2159682567690258,-2.3255694126639663,1.597205638284139,0.3871234210929967,1.4500411444856673,0.29018487813929844,0.8276620918118536,-0.2605574178291226,-1.4193658249144254,0.9304395290936742,0.053288292715769285,0.08058716379781808,0.29362506221826185,-1.6366455051740418,1.0760440988647306,1.707987796010734,1.285073495799357,1.5725035400851692,2.2784309080903173,-0.2987135845011459,-0.3316148922512983,-0.5928908514218332,0.9970918124642231,1.4944653553200764,1.5774861927471102,-0.9336261642809919,-1.4593392106186027,1.2649037743913816,-1.556331268505933,0.5924482863926859,1.1860032049016314,-0.03764535711964105,-1.929631935074565,-3.0922264951271647,0.2856692757680832,-1.5793837421940873,-1.3297283047103725,-1.3917941437390855,0.05865036804120077,-1.2954694132586433,1.5241115528086928,2.1444287599733554
1.2730483799039225,-0.4395784713967719,1.2394142129756827,-0.15743329108465465,-1.6615961999370945,-1.635435726685406,-3.282108961420436,-0.13801463653588664,0.009423202122430844,0.8648144064916984,-0.44350026163890416,-1.0771380979979994,0.9012011857450845,0.5104892348691311,1.289156016765136,-1.7427691710543551,1.3264613461569128,-0.732417098440372,0.29018487813929844,0.9236493785122567,-1.165159678033052,-0.37323133398342534,-0.883784629065458,-0.7640207512889682,1.0353049325951216,-0.7229632800768306,-0.9410035564259384,-1.1778733212620232,0.3723956558583775,1.4234523544772348,-0.038398084483922075,0.424267323548221,0.40459532965226847,-1.47671029880708,0.20337663072982937,0.4141595919064251,0.08921065936022422,0.05899855659503389,0.9471734802960793,0.08154501335416907,-0.48424723887247867,-0.18463920345313323,-0.1553171212430958,-0.4871092557998371,0.9273476742695936,-0.6078027473134787,-0.1933048009429539,-1.0488758019779525,-0.9967257801045954,-1.2541595710739037,-0.018791122577342334,-1.609773008652546,0.13882096894165208,-1.6017782472472433,-0.5039685351826142,2.0843714892017906
-3.5053244888375903,-0.15076978252128265,-1.5745372808965528,0.0061246237803919265,2.928203199081531,1.4371940440125361,2.8119446500082863,0.7732682287260462,-0.14515583967122242,-2.0049091798254564,-0.15223502114660856,1.0567793342809748,-0.2132255883791796,-0.41357144679764524,-0.9652166001432988,0.7679987169338756,-0.7005374666892648,1.5645017351126569,0.8276620918118536,-1.165159678033052,2.668550156627161,0.3890937786959494,0.12033676320955115,2.0468848415540304,-1.626285152782452,1.2445419440157481,1.7908797097074394,0.4617518873910696,0.3535991319063157,-0.7693652215984186,1.2018618876664537,0.7627651269360548,1.449139733409304,2.1514448405523114,-0.6655772206610083,-1.1796032155060159,0.7798691505108973,1.2242426546992924,-0.1354682012189025,-0.9611415558319716,-0.513386439299239,1.3968110294523735,-1.152160101820669,1.3213030094974452,-0.5101869873545758,0.9336615095119309,-1.3932032919796553,-1.0480355299643629,1.858752487957877,0.6407456158205881,-1.1691842533059538,1.3520778141244356,-0.1627003797816595,1.4627100013538619,2.18522825133127,-1.4198671996368109
-0.35817063002420196,0.27943168735924234,-0.5309804511227422,0.10007381000277091,0.6476939336019224,0.8047166698312924,1.5837640201972203,-0.016439899059261128,0.019091977855216928,-0.27894411307938666,0.25301254099898735,0.4964125067967759,-0.5069542468391114,-0.24718579462563342,-0.6213162459158278,0.9305063851161202,-0.6792859257070671,0.2599892358226558,-0.2605574178291226,-0.37323133398342534,0.3890937786959494,0.1792832954733845,0.4799135382565302,0.20110789367150067,-0.4137410305411971,0.2781240207899966,0.34344337229194866,0.635547422718743,-0.2570790975845568,-0.7322347381628014,-0.11735328877062762,-0.3132367148214029,-0.3699007658959061,0.6218220282863521,-0.058485224837602254,-0.09736874343234551,-0.1260825552785397,-0.17909881378129577,-0.5368450423975747,0.06322189474606936,0.34062672762497515,-0.0646909217921209,0.21452519431732217,0.13337072499693098,-0.5068083299686212,0.2388955727245853,0.2766937651685249,0.7317785650957566,0.3622029247737997,0.6615302635793422,0.13840432069105885,0.7733384198346219,-0.05801062777909709,0.7711027877629621,0.047255294476863156,-1.0284255378251081
0.4234157252973991,1.1372956415388373,-1.252302815845214,0.3675457858570875,0.9805402112808953,2.3317978992060078,4.651161469366221,-0.4413036769714898,0.13524590648322157,-0.04904295821060689,1.0763199688052194,1.3805213495722555,-1.824364463135855,-0.7414532032782113,-1.9175856892432386,3.1699929686200146,-2.2649588316304285,0.18824729719666874,-1.4193658249144254,-0.883784629065458,0.12033676320955115,0.4799135382565302,1.8062761913964718,-0.24968877879806833,-0.7668000310977158,0.43702440875478316,0.4101280616160245,2.196849585395004,-1.1637550948094273,-2.426585938085287,-1.0532399331120905,-1.613653785539835,-2.191828676531488,1.2827673573530782,0.13440658813828868,0.20991698805285272,-0.897208592720675,-1.2965767902013912,-1.9855960147064378,0.7268271329016194,1.5639195275629243,-0.9357708304330635,1.4139243344099628,-0.15755186679851213,-1.6470529172730632,0.4545575301577745,1.7566541036587726,3.3290081349512946,0.45506852435668504,2.2028029187500087,1.1290072168255085,2.290708670246868,-0.14578779677672882,2.205812349816492,-0.9277681651103092,-3.252376752589031
-2.8090309506267954,-0.35342941286445934,-0.9891780631544171,-0.07829413476850994,2.0773243502881806,0.6371712772188728,1.2665136990952905,0.7022680153124108,-0.1489888962231056,-1.5533197143098285,-0.3139293587517278,0.5578662511878103,0.20780947117436724,-0.17675621620691048,-0.38698303980738513,-0.042518337137452164,-0.1038822371068451,1.1730122091246025,0.9304395290936742,-0.7640207512889682,2.0468848415540304,0.20110789367150067,-0.24968877879806833,1.660814771106224,-1.1201573155813702,0.8855494511375905,1.317510676209456,-0.08455392731518363,0.5111771868056808,-0.12063671855870857,1.1548099129397487,0.9011273903373958,1.5444512618461355,1.415744028755971,-0.5316339745727071,-0.9736264109112983,0.7758513458561825,1.2236015344387392,0.29530825165699137,-0.8988560392297198,-0.7170716071930615,1.2937108862228466,-1.1786049698496917,1.0643620175979274,-0.04157952824519803,0.6466349380034208,-1.44888430544034,-1.4923207693348348,1.367297892607846,0.052018937076207895,-1.1359151937493375,0.6046103553613598,-0.10192672033501213,0.6935354396509411,1.8924461540841744,-0.47698161758363
1.9140158346839569,-0.34501362054592455,1.4156095434122498,-0.14274783313728262,-2.1097464826439416,-1.7426015927098089,-3.450574741301577,-0.29102014308692653,0.035581171959981124,1.2073070873661587,-0.32614593473607106,-1.1574127469321869,0.8239773824379161,0.5297409384873543,1.310389413649106,-1.6690059754089406,1.2853308470995735,-0.9979595113702401,0.053288292715769285,1.0353049325951216,-1.626285152782452,-0.4137410305411971,-0.7668000310977158,-1.1201573155813702,1.259099632673805,-0.9057623287219885,-1.2193698670905464,-1.1147863222105507,0.23584658890874394,1.38741227143196,-0.3099931283850275,0.16924143645744896,-0.014648421302892803,-1.766189405363683,0.34039896254863616,0.620771517170236,-0.11629741330583018,-0.23031330429022095,0.8407008582036883,0.29210081504467783,-0.29432449851374887,-0.47241702505025585,0.14053948106814626,-0.7231911657531567,0.9291859194154847,-0.7294409619177205,0.15461781424007104,-0.6530817395681119,-1.278099692963314,-1.222967669529622,0.26008102130584515,-1.681142705272644,0.15310641173925116,-1.7114359968089166,-0.940307650402388,2.091907015177575
-1.5133694588715936,0.16884249751136313,-0.9851554438084319,0.07861066400623484,1.5440939134034601,1.1448191415299578,2.264243010548046,0.2620674291742533,-0.0389995543626819,-0.9274312884121338,0.15954828122560966,0.7747497740443318,-0.47963108101995966,-0.3451366853036134,-0.8465606836341774,1.0165565871511562,-0.7976996887040602,0.754128596576443,0.08058716379781808,-0.7229632800768306,1.2445419440157481,0.2781240207899966,0.43702440875478316,0.8855494511375905,-0.9057623287219885,0.6615699058622526,0.905747873820077,0.6721551948255464,-0.0823974822891616,-0.8627364958375779,0.3291192489214531,0.007629437638806326,0.1989118239494602,1.2532179478277095,-0.2742016405090568,-0.4969525796492638,0.1666953864769338,0.2887312550440462,-0.4786807291221315,-0.2877432714313511,0.09340080774868698,0.44425272421856765,-0.229823146792616,0.5715615456451959,-0.5763093351960786,0.5238040182108273,-0.2694095424665573,0.2191216086148417,0.9473343544325711,0.7553844054011927,-0.2972791334071401,1.1009388742476605,-0.1057392963265383,1.1314437275799467,0.8049508965481824,-1.335649818369897
-2.248629215011165,0.10309606310771612,-1.2742879575351027,0.06802907403219963,2.1186260438045936,1.370792814017541,2.707277364275439,0.43645692596414787,-0.07426482614318708,-1.3398527751039206,0.09810527877809891,0.9531994505671555,-0.468498749469019,-0.4090352620798403,-0.9912670580221041,1.0800847463029901,-0.8764518529856473,1.0703249187266752,0.29362506221826185,-0.9410035564259384,1.7908797097074394,0.34344337229194866,0.4101280616160245,1.317510676209456,-1.2193698670905464,0.905747873820077,1.263764232209945,0.7017051488374705,0.025486682587394158,-0.9501544704925894,0.6096093026659989,0.21113541923808596,0.5606975748497265,1.6586175856031493,-0.41411281689443047,-0.7481403648691162,0.35292560048834537,0.5811229111228032,-0.4473820303843301,-0.5079318743904341,-0.05963886791263672,0.7627680227468485,-0.5092342134986635,0.8494801052455238,-0.6293739368888595,0.7042131227690287,-0.6107585168738078,-0.09724170758146343,1.3184405563279942,0.8211883608829512,-0.5720767490971468,1.3131336246447234,-0.13536521214699118,1.3677381610915775,1.2840986058010633,-1.5346038114818334
0.10618136097116826,1.377632550727499,-1.6939702490095225,0.4586592479476812,1.5404191466747938,3.0245855583686923,5.986120324054537,-0.4596055962721006,0.15605387767757917,-0.2890556894872348,1.273209354470934,1.7935951763134164,-2.2572391806574634,-0.9489728493381578,-2.4300765568029195,3.9584472530234955,-2.8301402469308825,0.41717330628431737,-1.6366455051740418,-1.1778733212620232,0.4617518873910696,0.635547422718743,2.196849585395004,-0.08455392731518363,-1.1147863222105507,0.6721551948255464,0.7017051488374705,2.7355960331737985,-1.380555085665519,-3.0389704585235764,-1.1526152268203436,-1.8630524719691859,-2.4809392728814195,1.8145393464148838,0.07300530697492254,0.13273865571517807,-0.992768174928179,-1.4499105167767128,-2.4396665694466138,0.7808253468534743,1.850991126127356,-0.9974858138270627,1.5890150819272706,-0.04298296847010585,-2.0919549413404765,0.6511887054472747,1.9922998857658183,3.9467777151228143,0.7577190048502787,2.7643959605116852,1.2406420034077932,2.9380060700999064,-0.1917438733207348,2.8625849347731767,-0.8836139128139345,-4.105884642709353
-0.8517678344030531,-0.782598484047197,0.5613583494911513,-0.24837609152368892,-0.172922427491964,-1.3171389030642444,-2.6110267007477166,0.42563651627745086,-0.11841860788784903,-0.29770902195428656,-0.7238258891114209,-0.7330200628776214,1.1776135940723067,0.42107990977677207,1.0986337083656974,-1.9750206880842416,1.376382965506364,0.1275275799813327,1.0760440988647306,0.3723956558583775,0.3535991319063157,-0.2570790975845568,-1.1637550948094273,0.5111771868056808,0.23584658890874394,-0.0823974822891616,0.025486682587394158,-1.380555085665519,0.8298536632661556,1.474475258984172,0.8987361406572486,1.1827900774201017,1.6732375604597864,-0.49735035740623434,-0.18933935370349278,-0.3404031868557696,0.7146655323616545,1.0652355114226713,1.2937029283770383,-0.6421505819617385,-1.1214719079801838,0.8595617345761307,-1.1236094909492287,0.323169243642846,1.0218447611482535,-0.14095909201885812,-1.3982654796966436,-2.3804949101965285,0.011114026687593674,-1.3556785268563931,-0.9383547880599163,-1.2873161651381981,0.06682579524634416,-1.2225467169832402,0.975365229338837,1.9049055901445056
0.232255512138258,-1.4887541292881967,2.019630596677139,-0.4977229687905061,-1.9761276525572207,-3.4471376874638584,-6.839657757885686,0.42038179555023863,-0.15243603379148118,0.518455012497437,-1.3895800717725768,-2.0752192939860423,2.488150774014882,1.0816294146140197,2.7666781336016477,-4.407852533456881,3.1745316092217157,-0.6099060553924588,1.707987796010734,1.4234523544772348,-0.7693652215984186,-0.7322347381628014,-2.426585938085287,-0.12063671855870857,1.38741227143196,-0.8627364958375779,-0.9501544704925894,-3.0389704585235764,1.474475258984172,3.4082389262685084,1.1377077072141646,1.971252077811584,2.582801691592896,-2.2009677804246457,-0.02036272833314268,-0.020747498956731766,1.0142691699588342,1.4595103451961797,2.682754909576014,-0.7554656429861444,-1.9730073772933687,0.9430508686210174,-1.625019043626805,-0.08695570957614596,2.328893655260123,-0.8118797023279227,-2.035591806202713,-4.211104751126749,-1.0218293049368101,-3.088097745728153,-1.2414267127197391,-3.3573671720221845,0.22862764236175803,-3.278020985726999,0.7459601153931821,4.648758506259608
-1.9448246097436666,-0.7894888116653258,0.012242871800691627,-0.23471354138057107,0.790182020881697,-0.7772683064521092,-1.5431348133990435,0.6575190289195676,-0.16186656957136805,-0.9350735021300864,-0.7270774963686757,-0.3433133006418522,1.043445669397859,0.2610347009438725,0.7153973983818418,-1.6140125537634893,1.0660456542690413,0.628068681326032,1.285073495799357,-0.038398084483922075,1.2018618876664537,-0.11735328877062762,-1.0532399331120905,1.1548099129397487,-0.3099931283850275,0.3291192489214531,0.6096093026659989,-1.1526152268203436,0.8987361406572486,1.1377077072141646,1.242239686717331,1.359705804317312,2.0444486925675625,0.23151016911746222,-0.39193498972980934,-0.7095541731535684,0.9250704280329288,1.4070197820738113,1.176742068979112,-0.9200146106350154,-1.2264980538257613,1.272036519820402,-1.4346284464744476,0.7369554106363932,0.8052611044728679,0.17464842162239852,-1.7769368867853443,-2.5898295499432926,0.6194412532994049,-1.0717445228708598,-1.2662004250611554,-0.770105941842115,0.008883828949923721,-0.6764457163904567,1.634065276578373,1.327057226362708
-1.5354563650797204,-1.0930954678134968,0.6303209298101772,-0.33629558425893574,0.05908604698239528,-1.669246761324081,-3.3415786873426203,0.6588190912514077,-0.17214095294417772,-0.6120021123366481,-1.0334590721124253,-0.9180513205322244,1.6035813982886433,0.5441103352197838,1.4395107329807328,-2.6548040113911737,1.8453713822450184,0.33913848045780304,1.5725035400851692,0.424267323548221,0.7627651269360548,-0.3132367148214029,-1.613653785539835,0.9011273903373958,0.16924143645744896,0.007629437638806326,0.21113541923808596,-1.8630524719691859,1.1827900774201017,1.971252077811584,1.359705804317312,1.7269728845201975,2.4804538462987695,-0.471507093044732,-0.33929091586971727,-0.5804064015736257,1.0765745521124095,1.5908585042936638,1.77633777679923,-0.9820227606814245,-1.6019759871838661,1.317171334213334,-1.6732564313571996,0.5774070868197537,1.3456406476859004,-0.10955887644950862,-2.0676846046659616,-3.3959793441975856,0.19315913052298242,-1.8097324469233127,-1.4176797976296267,-1.655719887826662,0.07962785008553637,-1.5439399065576405,1.566626683102265,2.5134144334363615
-2.6339296997830672,-1.5193035010153555,0.6247546663232112,-0.4591788355968593,0.5252874924196462,-2.066811561034183,-4.149187555621902,1.0198691683054681,-0.2582364581616664,-1.1418271509565903,-1.439007995246456,-1.0967598066124107,2.1632488439448236,0.6819392224466994,1.8244375309272505,-3.518849853708424,2.4204990236247585,0.7012920525383136,2.2784309080903173,0.40459532965226847,1.449139733409304,-0.3699007658959061,-2.191828676531488,1.5444512618461355,-0.014648421302892803,0.1989118239494602,0.5606975748497265,-2.4809392728814195,1.6732375604597864,2.582801691592896,2.0444486925675625,2.4804538462987695,3.616828039978266,-0.3195734835831684,-0.5658652714696997,-0.9734917975471125,1.5922888414728387,2.3638078381061556,2.411467172676504,-1.48978025065809,-2.271640508070213,2.0157601794410773,-2.465659075016235,0.9912164996405309,1.7654510258642118,-0.00852200422817746,-3.0428206713413997,-4.808884971140181,0.5459065348633165,-2.381318483059235,-2.118546251122038,-2.0621261422025525,0.08463170092685719,-1.8914823567353296,2.4765506831982047,3.2264649888950894
-2.440095642239418,0.639330130835501,-2.045574435600463,0.25148097500789585,2.922740565088851,2.6642607397025246,5.2581506853551065,0.3029534882873019,-0.020145645304353234,-1.5865692011619927,0.5876208666039893,1.729707414407717,-1.3766157749419874,-0.8106031768290205,-2.0112788530435384,2.697082838980196,-2.038926628080193,1.3406708521632371,-0.2987135845011459,-1.47671029880708,2.1514448405523114,0.6218220282863521,1.2827673573530782,1.415744028755971,-1.766189405363683,1.2532179478277095,1.6586175856031493,1.8145393464148838,-0.49735035740623434,-2.2009677804246457,0.23151016911746222,-0.471507093044732,-0.3195734835831684,2.5193232692036682,-0.43200698140552357,-0.7709362072307404,0.014537112289367092,0.08668706529171798,-1.421383496373261,-0.2623283589455107,0.6391398455492076,0.45651374792479765,0.041815237784919364,0.9190966275861947,-1.4961206814140129,1.0211380483105963,0.08745963821552702,1.3958561954960997,1.7391753282185225,1.9581357222933118,-0.15908013811315877,2.5618350587479464,-0.22119497921658154,2.5963781830430603,1.0783802125641009,-3.247009356056812
0.9233083064429334,0.13356809637435946,0.2823961766904666,0.026447660838481567,-0.6562682438314161,-0.16610151739450812,-0.30109703335272275,-0.22924509177778973,0.045260626307265864,0.5006458067316256,0.1407489023812184,-0.14190307699841767,-0.10150976666599938,0.03878517234997223,0.06902933926242462,0.07999409901705594,-0.02513080216602025,-0.38113342921270865,-0.3316148922512983,0.20337663072982937,-0.6655772206610083,-0.058485224837602254,0.13440658813828868,-0.5316339745727071,0.34039896254863616,-0.2742016405090568,-0.41411281689443047,0.07300530697492254,-0.18933935370349278,-0.02036272833314268,-0.39193498972980934,-0.33929091586971727,-0.5658652714696997,-0.43200698140552357,0.1852647810903772,0.31073951454288734,-0.27923406840710635,-0.4175452867938271,-0.13727193410309932,0.3033348949300819,0.2641000188823315,-0.42668814033516256,0.4143459582023229,-0.3457168397116153,-0.004699212727637347,-0.19168971161700932,0.4996852462824699,0.5503923573013076,-0.424539749292086,0.0280995813327242,0.39351948800480374,-0.13745311170335364,0.026432590344223586,-0.17898355610878552,-0.630094803569173,0.06599844836398533
1.6418480100420751,0.24906928982086907,0.5276726817738177,0.06083761666741001,-1.1646732243774407,-0.27803798665955315,-0.5586141245215992,-0.4248979030149559,0.09253240372319585,0.897967690553104,0.21913359789587436,-0.27246788492971347,-0.19070971112486254,0.07460143957836549,0.15427651201385587,0.14535988598296495,-0.023809185059289063,-0.6711262654721625,-0.5928908514218332,0.4141595919064251,-1.1796032155060159,-0.09736874343234551,0.20991698805285272,-0.9736264109112983,0.620771517170236,-0.4969525796492638,-0.7481403648691162,0.13273865571517807,-0.3404031868557696,-0.020747498956731766,-0.7095541731535684,-0.5804064015736257,-0.9734917975471125,-0.7709362072307404,0.31073951454288734,0.5737654218022694,-0.48159116466197616,-0.7592947892352782,-0.24674070251059402,0.5489768982496257,0.474875880082252,-0.7871341300716819,0.7358484055923288,-0.6227996616394901,-0.042036889567715494,-0.35885160091973856,0.9071030246351276,0.9915467342382004,-0.7763481484613735,0.05388011341309602,0.7003391030967643,-0.26497358825920486,0.05429898644549325,-0.31718797469977766,-1.131659548579043,0.15664276063607502
