V1,V2,V3,V4,V5,V6,V7,V8,V9,V10,V11,V12,V13,V14,V15,V16,V17,V18,V19,V20,V21,V22,V23,V24,V25,V26,V27,V28,V29,V30,V31,V32,V33,V34,V35,V36,V37,V38,V39,V40,V41,V42,V43,V44,V45,V46,V47,V48,V49,V50,V51,V52,V53,V54,V55,V56
3.5345371390429583,0.5027015670741397,1.3503166983012707,0.2112623634552807,-2.467834494088486,-0.49599815140350006,-1.5794685927889358,-0.5505691376671993,-0.052297180956677784,1.9785123940618248,0.11909499879075706,-0.6088232881324043,-0.26590803709533256,0.03776653591929493,0.23030972834945343,-0.07482120898776319,0.030630760669630434,-1.6248662371426774,-1.244608853816999,0.8974082271896188,-2.5083096587763394,-0.297095871173481,0.1848779729001851,-1.8519214524199668,1.413791408242539,-1.1864710050872953,-1.5809758659874142,0.09044997326366692,-0.5969465350194861,0.2400961096078894,-1.183919856787318,-1.133787654126998,-1.719725859685037,-1.8885333326146807,0.5744861379132402,1.1586481568822637,-1.0444305933433875,-1.480499549275832,-0.4323459251638361,1.3475434138672404,0.7317546837239077,-1.2822241610861365,1.586884521198249,-1.2082450304171484,0.362463271288259,-0.7600129358878386,1.5418480021102667,1.730987386398744,-1.8439574094817377,-0.34566757878511206,1.349846158791185,-0.709045590428841,0.22522329263628668,-0.5315063864525256,-2.269064693595338,0.5895508475555005
0.5027015670741397,0.627118852908161,-0.39344804594068844,0.2703515029656244,0.34043570323226635,1.2561462237496337,2.057184915598433,-0.08242345836843819,-0.0668056392063356,0.16718821265103725,0.3324121816747774,0.6368145617668449,-0.9004203927990035,-0.44897905580591924,-1.0063622744152043,1.426585156998418,-1.1088641058384756,-0.12876247790962445,-0.8252686702479868,-0.32827384702142265,-0.11535394393746798,0.18401479016542321,0.7695688599396338,-0.16806585506983265,-0.225174686713384,0.055411302234598926,0.09209085240355604,1.0434234887767742,-0.5796216698232634,-1.064831456378357,-0.45862752438626525,-0.8402061244047572,-1.026451968674008,0.38355523209901526,0.04055285344786198,0.18147240958010802,-0.5396880185300292,-0.7245129271148384,-1.016622866098789,0.5933700882616598,0.7114287972646682,-0.38298709845657414,0.8643364012791263,-0.11041456425047651,-0.6056943376997443,0.16379361487471802,0.8215742626850787,1.6560623993559225,-0.032770655933929256,0.8586639410814634,0.6060483617076133,1.0358343579734117,0.012796685874644557,1.1975947493845378,-0.5805459146312071,-1.4603764114928737
1.3503166983012707,-0.39344804594068844,1.489280327921595,-0.009355637204323019,-1.5763393571741808,-1.3352961374339285,-3.530743714364312,0.3046721648169592,-0.312706955517136,0.9574050292939369,-0.8769621248970897,-1.0427840561258932,0.9651302866111526,0.300628391285126,1.0555581062123072,-2.0592073459751656,1.307487633246541,-0.9812549940994653,0.22001375566258854,0.9316759705658894,-1.1462830383078022,-0.4591605772679047,-1.1499162098609166,-0.4993794699643417,1.1229760180752322,-0.8773039201620897,-0.9061838641351451,-1.2949572784816616,0.4685390566424298,1.6673513558548785,0.33128379900638844,0.47963925261709706,0.7754029252395415,-1.732263179140007,0.0757337185360025,0.3584013139637631,0.018482702375501064,0.14812692524358045,0.9429759740045929,0.38130801735806763,-0.7611020058315814,0.2711000519011996,-0.03691631129735409,-0.34173402606288933,1.4101250880815597,-0.5870638897158025,-0.5980346615025635,-1.343371314486751,-1.2458913426503146,-1.7377761110459196,-0.13971311179126736,-1.6753573580105958,0.2857871396699379,-1.2580699744995916,-0.37940903686220856,2.2558184652386504
0.2112623634552807,0.2703515029656244,-0.009355637204323019,0.19307571842038965,0.19924373755163557,0.6666943904583472,0.6565446265699676,0.21236975911405448,-0.1999369829630849,0.10548326040588502,-0.13121988812391602,0.2601303421322766,-0.3156122159700089,-0.2889502138351856,-0.5065643734980131,0.37645578698614196,-0.42949060977646836,-0.1738031589511715,-0.3507790183055639,-0.10306827723969832,-0.012871428729582591,0.02820827207898868,0.13278068683479446,0.08361481667479165,-0.04100988431619917,-0.06088732239040632,0.06126047301536702,0.33876886238056836,-0.16786991786177496,-0.26917429141233595,0.03274728875768458,-0.27388073533362206,-0.15973996709873617,0.017547657271067867,-0.0696251247391331,0.04051098630658306,-0.23302214097494484,-0.22716592101427635,-0.39351740894195325,0.3924270192917296,0.11704958056547192,0.10330188246663052,0.38870362085863963,0.04389810109300415,0.017455319039950266,0.0718725312804613,0.08832760236324888,0.46829412697970135,-0.14959394825846378,0.06517434348283893,0.15660583300829575,0.35896791965930136,0.0893688774554776,0.6608247878457839,-0.14313507783189736,-0.453597428211835
-2.467834494088486,0.34043570323226635,-1.5763393571741808,0.19924373755163557,2.6196455663272418,2.082346981775165,3.8105080652894556,0.5498836311676808,-0.15622665312027295,-1.502696460684571,0.1400410435611524,1.3269732470497178,-0.8417766645576127,-0.6601972366408274,-1.5199857583425243,1.6902662163342783,-1.3890920647190275,1.1797442783914538,0.061428691543073816,-1.189162536983263,2.073631746560597,0.45346436019959124,0.6791018674419143,1.5244297772199429,-1.4868678935679556,1.0545336979005777,1.5172233623977522,1.1512444363626047,-0.146949555905743,-1.4212186060791174,0.6200343744139319,-0.008475471777505067,0.3970350106180348,2.0350663813819434,-0.503252988389359,-0.8197766518698487,0.23324341246546243,0.4521091913847438,-0.862670107915307,-0.3493386950322268,0.12175341477957237,0.831578287491529,-0.2965773182247341,0.9831170217765087,-0.8772880850897041,0.8771835973302672,-0.5048233380683524,0.3889858279440919,1.4900481087898314,1.1724062579546466,-0.4928267550489883,1.865211602381544,-0.12795859624331496,2.0588900640005443,1.3346345224035245,-2.2399132960949024
-0.49599815140350006,1.2561462237496337,-1.3352961374339285,0.6666943904583472,2.082346981775165,3.446144619449699,5.313065152506096,0.4862637923280775,-0.42621118430888966,-0.49430488803585493,0.2991398323054276,1.8031808852562878,-1.9037810835867572,-1.2550856454868315,-2.657570009999365,3.0548950476125865,-2.600769290585645,0.2686889272864088,-1.3719045052196532,-1.1784168896195713,0.9825018871052819,0.4956671833364212,1.4380579480911801,0.7565245603221256,-1.1303244501058851,0.564214250537877,1.018732317149967,2.270059234059799,-0.963928459991158,-2.357939718780178,-0.14264660773627194,-1.3351814228736758,-1.1823027491809812,1.5787458160622256,-0.312950041774671,-0.19228919979996958,-0.8016084106513646,-0.8781477698029219,-2.1533156975361707,0.9987218441418154,1.0358788315738736,0.15630617974052038,1.337863043503641,0.4698832748855364,-1.1452262727467228,0.7669787751551976,0.7788207608934674,2.7250562856410747,0.5902263927159893,1.7136558609893424,0.6318848482372035,2.68564457017856,0.058603260641929576,3.3628248527230684,-0.12135859857938017,-3.50767540058386
-1.5794685927889358,2.057184915598433,-3.530743714364312,0.6565446265699676,3.8105080652894556,5.313065152506096,10.850063312829553,-0.49579750844115,0.2858213065750755,-1.4734093432428976,2.0992582234400383,3.3233417246588632,-3.653189586930884,-1.6121638083279093,-4.206539156180216,6.685210825585531,-4.7765312856760795,1.5076010275720333,-2.1273520486421438,-2.4489726753379677,2.0194399784815946,1.214020857714549,3.6125128341740664,0.7880001262020129,-2.5829663128822853,1.7245941003211336,1.9690478582063453,4.547696194317454,-2.019569469482278,-5.232146444005898,-1.3449648214933123,-2.5760673363570317,-3.330251447983979,3.990274328581966,-0.1522832470759592,-0.3615114724873857,-1.1542906823606938,-1.6926831246817637,-3.880354369733286,0.6324459522387244,2.7442554683110623,-1.0294853236398318,1.877633265517829,0.5303839976458669,-3.6833334601317778,1.4792834925214826,2.5741184531062467,5.764209865931017,2.203024961463987,4.817267478155208,1.4132982665231932,5.2961341849578725,-0.4391173481997257,5.065502069701479,-0.35185587661328394,-7.207129104028416
-0.5505691376671993,-0.08242345836843819,0.3046721648169592,0.21236975911405448,0.5498836311676808,0.4862637923280775,-0.49579750844115,0.9278767606422733,-0.5789113215238346,-0.19343844787189568,-0.9045737016229773,0.06748289381816719,0.28734450420188584,-0.33340787098351043,-0.3139671592159038,-0.781115857619566,0.13101749856242545,-0.1577247480857722,0.20255987592110175,-0.0591867960977524,0.49692461306013813,-0.12981749897319703,-0.6630899734302415,0.8274119697766771,-0.041489489931515036,-0.09488996525671362,0.32313596892439556,-0.3815414456170939,0.3659267629795348,0.5778648594711004,0.9593838231021021,0.4393462216805007,1.169123098240696,-0.202077895514546,-0.36035415963017225,-0.3194823519941924,0.13847426473256955,0.5188682601558411,0.20997933746037686,0.24797024567434148,-0.746286574853619,1.1160284383865038,-0.1819743611963843,0.49687674334291615,0.9038992144384989,0.13675836451713652,-1.1355973509917636,-1.0831550058475803,-0.1525108298370901,-0.9657471193923977,-0.5506090534690574,-0.15938977836981932,0.23963689305098854,0.5705682541753112,0.7088243624925354,0.45271765030972244
-0.052297180956677784,-0.0668056392063356,-0.312706955517136,-0.1999369829630849,-0.15622665312027295,-0.42621118430888966,0.2858213065750755,-0.5789113215238346,0.4220478424490393,-0.09761835294154769,0.5794182990583672,-0.05378537333705257,-0.07329382555412821,0.27947018935267953,0.3069406208712249,0.3963064470687412,0.029248437071495128,0.3017222657066718,0.08528944439069114,-0.01612533009599966,-0.06037465526029186,0.09959671373735884,0.35972243367650636,-0.3589207780399318,-0.09939827164434634,0.18782076093656974,-0.06566528651727237,0.14137586405085248,-0.12969646235341176,-0.31091082930805575,-0.4922225838929324,-0.08872712624279358,-0.5158660555622612,0.29953053594809304,0.18387422630040673,0.07665141747920182,0.07826026628717808,-0.11973594555788059,0.015098840307107638,-0.38392799243642567,0.3646190200162403,-0.5989888979245114,-0.13684245373662643,-0.20617382492329342,-0.6021427292939248,-0.03153018586505759,0.5372550112512862,0.3822281969227677,0.3051327485704596,0.6155288221792524,0.1704913667896363,0.0712056449455489,-0.19271882539978666,-0.47384502399419054,-0.18602749907614682,-0.2153668553775159
1.9785123940618248,0.16718821265103725,0.9574050292939369,0.10548326040588502,-1.502696460684571,-0.49430488803585493,-1.4734093432428976,-0.19343844787189568,-0.09761835294154769,1.149890614825617,-0.13163214986836388,-0.5014176727841014,0.06473713317602536,0.07175665032020698,0.3160652326717221,-0.4549405264153808,0.27530528893930334,-0.9877449629779086,-0.5603006345467214,0.6222221230691322,-1.4398318978110998,-0.23627282813223782,-0.14994025025133575,-0.9882713035699073,0.9104154558015296,-0.7529741017711485,-0.9437428968150134,-0.21701744619030153,-0.19200437717717941,0.4558252385122858,-0.4957654802150547,-0.44985703940686494,-0.663517312625854,-1.2640145783252335,0.28767099076931363,0.6313080097801355,-0.502682679609229,-0.685161067676454,-0.02251347297359522,0.7367224603734756,0.19403603882341058,-0.5539074130713949,0.7621484330821581,-0.6474107993434906,0.4672580383404568,-0.48468367857968736,0.6149042957266979,0.5625670199057766,-1.146798312032614,-0.5264817645236503,0.6212069376387144,-0.6786282066077505,0.17055112021675878,-0.49626436175199024,-1.1688511265287986,0.74061152261652
0.11909499879075706,0.3324121816747774,-0.8769621248970897,-0.13121988812391602,0.1400410435611524,0.2991398323054276,2.0992582234400383,-0.9045737016229773,0.5794182990583672,-0.13163214986836388,1.1732284204792964,0.45336036903016114,-0.7642234371746363,0.08111340554910251,-0.33543021792391614,1.6821821704110325,-0.8172785204922619,0.4379888475873241,-0.4258001629185254,-0.3811086856798285,-0.062098922317577195,0.30360931699617194,1.1523145533749737,-0.55305468088494,-0.4100297798991632,0.40123879662340334,0.06234490775854058,0.9948013071846595,-0.5969212375982524,-1.3099782775145565,-1.0258718165400498,-0.7416849272318309,-1.5170306586307112,0.8520480209898509,0.30687420260243886,0.17420016671287247,-0.25420584843404553,-0.6400915226953792,-0.7217559563154692,-0.2221922996977097,1.0509488172563681,-1.110831416754913,0.3569031294556536,-0.3267575700468986,-1.3632374449042357,0.1334364352683938,1.3423971428408719,1.738634132990259,0.5675382248085278,1.6067988411867242,0.6513133815417029,0.9515574691109979,-0.3064327890775026,0.20037335608441334,-0.5952812416814811,-1.5087966901129939
-0.6088232881324043,0.6368145617668449,-1.0427840561258932,0.2601303421322766,1.3269732470497178,1.8031808852562878,3.3233417246588632,0.06748289381816719,-0.05378537333705257,-0.5014176727841014,0.45336036903016114,1.072927657344525,-1.0925846829480075,-0.5954232852561215,-1.4191592061366904,1.935190511629361,-1.4914991542339175,0.4266166580757583,-0.6372574720977524,-0.7958548892717887,0.7428342829007148,0.351687293987567,0.9933775697975904,0.44279999618066196,-0.8232658702572676,0.5176256886607057,0.6949451546535657,1.3541114027050236,-0.5568810116107733,-1.524528744854864,-0.20062036251678847,-0.7257129135450765,-0.7932657492610424,1.2061330139554216,-0.128676015963542,-0.18706924111404968,-0.3448263672870314,-0.42144262059436066,-1.1870105439746996,0.2711652757654777,0.6954986619895812,-0.06012369584851263,0.5656058935618388,0.2821410684092644,-0.9428120346075365,0.5010949385963307,0.5504115715751542,1.5819481428434863,0.6531576680933177,1.2934861951467675,0.3260377824162674,1.6445417814637155,-0.08052816453692553,1.7472815264989456,0.04501519613602585,-2.185023861829718
-0.26590803709533256,-0.9004203927990035,0.9651302866111526,-0.3156122159700089,-0.8417766645576127,-1.9037810835867572,-3.653189586930884,0.28734450420188584,-0.07329382555412821,0.06473713317602536,-0.7642234371746363,-1.0925846829480075,1.4321265559943375,0.6102994002828143,1.52718206321569,-2.461603599922795,1.774977920693133,-0.15580828902644256,1.103571749252639,0.6779952523076889,-0.15689018503452754,-0.37732949346861244,-1.3642568711263718,0.13940742849785911,0.6134586693550322,-0.34332735992789126,-0.35508552979909164,-1.7172593469941015,0.8950357545201706,1.875075576907661,0.7631395989665849,1.2233041328825083,1.6165610420948944,-1.0164291038391504,-0.06211738271617309,-0.14681302972154386,0.6830028293561534,0.9889149925582398,1.5586906449696882,-0.5914453168382879,-1.183707729834253,0.6676258315149954,-1.0962701802757204,0.08351245125336768,1.264928839820093,-0.3655597198710441,-1.3097636158460384,-2.5556546349667597,-0.34968031822976625,-1.6818551627852243,-0.8442294709230416,-1.7988294260601039,0.09464951628216411,-1.79981910904522,0.6723669856739909,2.526994698219992
0.03776653591929493,-0.44897905580591924,0.300628391285126,-0.2889502138351856,-0.6601972366408274,-1.2550856454868315,-1.6121638083279093,-0.33340787098351043,0.27947018935267953,0.07175665032020698,0.08111340554910251,-0.5954232852561215,0.6102994002828143,0.5034168952167962,0.972361490617739,-0.8755344853231991,0.8682584262974091,0.05966818056680521,0.5170758851489144,0.3628213031695876,-0.2661791630204355,-0.12025941270210876,-0.3679121279804878,-0.3129245485446823,0.2992480819170099,-0.08998027692718356,-0.3099796404522191,-0.7044897333632001,0.2939860863677114,0.671017490993156,-0.07766232594905999,0.44895920890910596,0.28018377312001835,-0.3648951957190019,0.14235837511999233,0.05611547837991297,0.32327273781627724,0.2928749635120924,0.7266158256426904,-0.4933303839329047,-0.24523433213826537,-0.21019417626633627,-0.5345953122133842,-0.18525400928777927,0.16581356800476565,-0.2422920121370282,-0.1276187063410648,-0.8244288259218228,-0.041412255970219324,-0.3538840963943726,-0.19414075615162701,-0.8426458979760889,-0.08755023224356749,-1.2446611236005312,0.04784714243804547,1.0732277785011513
0.23030972834945343,-1.0063622744152043,1.0555581062123072,-0.5065643734980131,-1.5199857583425243,-2.657570009999365,-4.206539156180216,-0.3139671592159038,0.3069406208712249,0.3160652326717221,-0.33543021792391614,-1.4191592061366904,1.52718206321569,0.972361490617739,2.100900680260208,-2.4689002719979505,2.0854522936397113,-0.16236378497728102,1.1399699384439872,0.9453947804258104,-0.6514938455513566,-0.38469595720694644,-1.2201375803113705,-0.5005860684008994,0.8570699947004631,-0.421094867207824,-0.738759967085503,-1.824443574864063,0.807118869970136,1.9138941116969388,0.2123340477831221,1.1484462904031496,1.1104859534557614,-1.200805529060108,0.18430695722022397,0.10884965676821362,0.6937881136935642,0.7676024140463645,1.7310091407850587,-0.8096807618568282,-0.8947598741952995,-0.024125838512544937,-1.1280054803770294,-0.30089340808200404,0.9282034153295771,-0.5873952537380079,-0.7355172453740397,-2.2823027071545905,-0.43375294378061713,-1.4107532727788321,-0.585975797866624,-2.130868850844816,-0.029882548606890658,-2.599571695471842,0.21568117035992332,2.8241447354904445
-0.07482120898776319,1.426585156998418,-2.0592073459751656,0.37645578698614196,1.6902662163342783,3.0548950476125865,6.685210825585531,-0.781115857619566,0.3963064470687412,-0.4549405264153808,1.6821821704110325,1.935190511629361,-2.461603599922795,-0.8755344853231991,-2.4689002719979505,4.486723668224656,-3.0402391439866556,0.6858323718913358,-1.6626429367469413,-1.324054453234114,0.579203506991215,0.7522872201564325,2.5569744930327123,-0.19799854955122437,-1.3212503944169756,0.8809375560656815,0.7945279745028726,3.022890635295575,-1.5314914416005476,-3.4575930162370168,-1.4535560819659799,-2.007840661492738,-2.878167151083408,2.2052786473217854,0.1529025556819438,0.13017151677900116,-0.9825144100602051,-1.5600456876093345,-2.6040932497020988,0.5737431304675875,2.159382133700844,-1.338175517422424,1.5677245364080445,-0.10134982791398939,-2.5950372085135833,0.7212806397160062,2.366893188525386,4.384195890862523,1.067434045245742,3.3291437643326325,1.3687954127071218,3.241539224632032,-0.3214074126205055,2.85711114242168,-0.9491800486228771,-4.5751787963690465
0.030630760669630434,-1.1088641058384756,1.307487633246541,-0.42949060977646836,-1.3890920647190275,-2.600769290585645,-4.7765312856760795,0.13101749856242545,0.029248437071495128,0.27530528893930334,-0.8172785204922619,-1.4914991542339175,1.774977920693133,0.8682584262974091,2.0854522936397113,-3.0402391439866556,2.2943147167930924,-0.2857222151758003,1.298311345486897,0.9924406256983866,-0.4890668505583576,-0.4831415802277292,-1.6382726661518785,-0.1436475347130257,0.9197733067168866,-0.5202980629057995,-0.6525979756287604,-2.1436603106206173,1.0393850270001632,2.344371762200508,0.6975654872032169,1.429161258132451,1.7511618547764813,-1.4219476125132071,0.024550206725493604,-0.02693294777923069,0.7912392568088353,1.059133938388162,1.9491108737558829,-0.7134297788576,-1.3256357090570046,0.5245885361609666,-1.2684065031069023,-0.08908701369242772,1.4643805329869757,-0.5703853536076553,-1.340802757234902,-2.962148362907547,-0.5744406558087104,-2.0094631178538456,-0.8830284589607781,-2.37005592734952,0.09469531044447464,-2.4950305135223054,0.5519547215281297,3.2578362731016957
-1.6248662371426774,-0.12876247790962445,-0.9812549940994653,-0.1738031589511715,1.1797442783914538,0.2686889272864088,1.5076010275720333,-0.1577247480857722,0.3017222657066718,-0.9877449629779086,0.4379888475873241,0.4266166580757583,-0.15580828902644256,0.05966818056680521,-0.16236378497728102,0.6858323718913358,-0.2857222151758003,0.967321378663742,0.45022966550619364,-0.5386903082075933,1.1467366978830253,0.26179335752599053,0.36544408108544296,0.6081306665577035,-0.81719286397665,0.7241251472300028,0.748150327690964,0.32699553104386087,0.048913800469995564,-0.6137786591468928,0.11252351224689187,0.2675386736446404,0.20385425062087548,1.229217010198421,-0.1380923302564264,-0.46446667830232025,0.42036504289770715,0.44859847150617144,-0.044411987189374814,-0.7705758000446651,0.08467822943514547,0.1066397900656737,-0.6428881397927906,0.4156172626402998,-0.7531172241835989,0.39188973730786253,-0.16097825097750112,-0.14269491263824596,1.104652720422916,0.8233372078519381,-0.3788055407976093,0.6670241431095328,-0.24204799601439506,0.2386666130737481,0.8229397457270966,-0.8227659536240668
-1.244608853816999,-0.8252686702479868,0.22001375566258854,-0.3507790183055639,0.061428691543073816,-1.3719045052196532,-2.1273520486421438,0.20255987592110175,0.08528944439069114,-0.5603006345467214,-0.4258001629185254,-0.6372574720977524,1.103571749252639,0.5170758851489144,1.1399699384439872,-1.6626429367469413,1.298311345486897,0.45022966550619364,1.1970275408495799,0.22965498097170706,0.602272685258096,-0.16114648683320112,-0.9465803429919988,0.5395030545516472,0.006352072623521932,0.15090573272213822,0.1837543754142196,-1.241024403122191,0.790662735265587,1.211053305670079,0.7605933296015802,1.2012208702894334,1.535397311079584,-0.10371126984749775,-0.16043043124891823,-0.4246894345288524,0.8287914615745366,1.1225703577944548,1.2714926405808857,-0.9386447800043038,-0.9728829394738966,0.6882640947931727,-1.3062509994695441,0.35463677730238813,0.6436553715402815,-0.05440364656288431,-1.2516587587086752,-2.2648189726153958,0.3718631674941285,-0.9492667256345927,-0.9629012505563032,-1.0881973933875397,-0.05292068495864091,-1.2993430153335983,1.101535536448293,1.6133749855808615
0.8974082271896188,-0.32827384702142265,0.9316759705658894,-0.10306827723969832,-1.189162536983263,-1.1784168896195713,-2.4489726753379677,-0.0591867960977524,-0.01612533009599966,0.6222221230691322,-0.3811086856798285,-0.7958548892717887,0.6779952523076889,0.3628213031695876,0.9453947804258104,-1.324054453234114,0.9924406256983866,-0.5386903082075933,0.22965498097170706,0.6905850647845392,-0.8231772065726771,-0.27974992415800215,-0.6932282878124078,-0.523413870587584,0.7603951975658464,-0.5357821393060859,-0.6755844494362677,-0.8883373311823495,0.2938084654449154,1.0830206508686142,0.01977397896831707,0.34705874555006805,0.37269558908207245,-1.0935308057626223,0.12474017505878929,0.29044533633659586,0.08237261742883101,0.0719162853857354,0.7121218592891249,0.06850256216354803,-0.39542014728153013,-0.08446925478857567,-0.1306086422528557,-0.3328904629536357,0.7183082359319036,-0.4438296431877606,-0.19931610865506344,-0.8331409119417622,-0.7420952969975129,-0.9708470002411361,-0.0470060902896273,-1.2000656465623607,0.11510338826648275,-1.1534696052506146,-0.330563549679268,1.5706767683962075
-2.5083096587763394,-0.11535394393746798,-1.1462830383078022,-0.012871428729582591,2.073631746560597,0.9825018871052819,2.0194399784815946,0.49692461306013813,-0.06037465526029186,-1.4398318978110998,-0.062098922317577195,0.7428342829007148,-0.15689018503452754,-0.2661791630204355,-0.6514938455513566,0.579203506991215,-0.4890668505583576,1.1467366978830253,0.602272685258096,-0.8231772065726771,1.901451737274992,0.285330571886683,0.11300701089800566,1.424997439401724,-1.167095014595016,0.9038219815194111,1.269826005594349,0.33854780627087105,0.2408877840125827,-0.5707219096799223,0.8122209216932273,0.5441379799889557,0.9958817819347262,1.5593347190598807,-0.46128520379246174,-0.8335615160005275,0.5693381197252432,0.8650576142737297,-0.0898655753210826,-0.7223881704655242,-0.33446418601265143,0.9393641462238461,-0.8370949342470164,0.9224315558077162,-0.4206018339727646,0.6603936108891951,-0.9449791004813739,-0.7203299701598653,1.3497792195383378,0.5101879257600344,-0.8218289976010709,0.9632472183761466,-0.1328168609771194,0.9949983656657587,1.5432441674448008,-1.0203344349423518
-0.297095871173481,0.18401479016542321,-0.4591605772679047,0.02820827207898868,0.45346436019959124,0.4956671833364212,1.214020857714549,-0.12981749897319703,0.09959671373735884,-0.23627282813223782,0.30360931699617194,0.351687293987567,-0.37732949346861244,-0.12025941270210876,-0.38469595720694644,0.7522872201564325,-0.4831415802277292,0.26179335752599053,-0.16114648683320112,-0.27974992415800215,0.285330571886683,0.15573132963975686,0.4158862703179702,0.08266042531219665,-0.329285579460641,0.248836919120565,0.2459723265237019,0.4857921163026727,-0.20464258419415896,-0.5940923719825133,-0.17730649286333452,-0.23581741074834514,-0.35944447710040156,0.5275371487857952,-0.0077981063218536,-0.06083521813447008,-0.06748086275365123,-0.14542849134429506,-0.3818467926553259,-0.04603811789228118,0.3140892633410862,-0.16191017472587665,0.11090808209850743,0.06326598781171276,-0.4962382702088923,0.17080826940958266,0.29783164487533587,0.5960069009382575,0.3421463160098957,0.6082747987776621,0.12516752496442224,0.5781483416440519,-0.08374606878442559,0.4603524691448414,0.013173853838788078,-0.7899660034226661
0.1848779729001851,0.7695688599396338,-1.1499162098609166,0.13278068683479446,0.6791018674419143,1.4380579480911801,3.6125128341740664,-0.6630899734302415,0.35972243367650636,-0.14994025025133575,1.1523145533749737,0.9933775697975904,-1.3642568711263718,-0.3679121279804878,-1.2201375803113705,2.5569744930327123,-1.6382726661518785,0.36544408108544296,-0.9465803429919988,-0.6932282878124078,0.11300701089800566,0.4158862703179702,1.5454825066974107,-0.34900222439723566,-0.6612555731533971,0.4690462111613438,0.3018807257658461,1.6848820990747482,-0.9126949470242918,-1.971937416389328,-1.0404887055666912,-1.2087674137555846,-1.88532642089189,1.1701123055035,0.20394226766201243,0.1634300587453873,-0.58210596453692,-0.9745638521319332,-1.4239851566286015,0.2520065311327766,1.3468171985119026,-1.0139480286588265,0.9035476487458252,-0.20978956489445444,-1.57325250224837,0.3364716299577622,1.5700032319603658,2.613983806242298,0.5754293382853108,1.9962945339363773,0.8939030926066189,1.736722727760094,-0.23483463996779871,1.3229389183294624,-0.7301029131000264,-2.530728915730529
-1.8519214524199668,-0.16806585506983265,-0.4993794699643417,0.08361481667479165,1.5244297772199429,0.7565245603221256,0.7880001262020129,0.8274119697766771,-0.3589207780399318,-0.9882713035699073,-0.55305468088494,0.44279999618066196,0.13940742849785911,-0.3129245485446823,-0.5005860684008994,-0.19799854955122437,-0.1436475347130257,0.6081306665577035,0.5395030545516472,-0.523413870587584,1.424997439401724,0.08266042531219665,-0.34900222439723566,1.3401773347327628,-0.7124561465965483,0.489697731797395,0.940049873748931,-0.09062247457081211,0.39490446722665346,0.0546585077420299,1.061721288966475,0.6263375882511177,1.3141151042481456,0.7964677771922791,-0.47289703103053543,-0.700667908199341,0.45430562815641856,0.8704382251934845,0.1419452094519389,-0.3457730234602896,-0.6729887355270981,1.2254801834018763,-0.6714150115389009,0.8426030577947894,0.30988394956913906,0.4670873300950325,-1.2699803535732583,-1.1670474533781672,0.7378584702895183,-0.2980031429982354,-0.8465325815016949,0.41830518870467925,0.04942289156172634,0.8216676647323672,1.3704537606315845,-0.26455055268371963
1.413791408242539,-0.225174686713384,1.1229760180752322,-0.04100988431619917,-1.4868678935679556,-1.1303244501058851,-2.5829663128822853,-0.041489489931515036,-0.09939827164434634,0.9104154558015296,-0.4100297798991632,-0.8232658702572676,0.6134586693550322,0.2992480819170099,0.8570699947004631,-1.3212503944169756,0.9197733067168866,-0.81719286397665,0.006352072623521932,0.7603951975658464,-1.167095014595016,-0.329285579460641,-0.6612555731533971,-0.7124561465965483,0.9461118895345753,-0.7159291246894719,-0.8687006682222239,-0.8449257109184763,0.20498060596477286,1.0954595792358919,-0.08414787139622,0.14443920935003812,0.1368512135137218,-1.372671266504474,0.19191471240109084,0.43230088514025716,-0.11127859303415609,-0.13926711505640366,0.5991171885868063,0.33303447631888644,-0.316375621135285,-0.17123166363145442,0.15034332648681098,-0.4668191942765004,0.8485028836456228,-0.5219633731624603,-0.03880593480263833,-0.5745768667141856,-1.0240121185902822,-1.0664965653882794,0.14381307956346184,-1.2386729713983833,0.16960007663307872,-1.0951678494391583,-0.6352566986110431,1.5785135022959325
-1.1864710050872953,0.055411302234598926,-0.8773039201620897,-0.06088732239040632,1.0545336979005777,0.564214250537877,1.7245941003211336,-0.09488996525671362,0.18782076093656974,-0.7529741017711485,0.40123879662340334,0.5176256886607057,-0.34332735992789126,-0.08998027692718356,-0.421094867207824,0.8809375560656815,-0.5202980629057995,0.7241251472300028,0.15090573272213822,-0.5357821393060859,0.9038219815194111,0.248836919120565,0.4690462111613438,0.489697731797395,-0.7159291246894719,0.5884999944445557,0.6391280019412319,0.5149687558023294,-0.09358647296156901,-0.7449905746296417,0.021135149713398055,0.004818558345846706,-0.060975195562710104,1.0696659934572068,-0.11069841550977896,-0.34380209732166905,0.19303790130794954,0.1961192344228441,-0.292863868632523,-0.446644986783987,0.215324988711331,0.04935449336285394,-0.2924717150196374,0.32927166507089384,-0.7022252981423384,0.36744930747834376,0.025067306979936387,0.2659461254762812,0.869780160906246,0.8312978517321734,-0.1687269296930655,0.8027602983024834,-0.1793907336246322,0.5341841655802538,0.5402581399772572,-1.0300184859947443
-1.5809758659874142,0.09209085240355604,-0.9061838641351451,0.06126047301536702,1.5172233623977522,1.018732317149967,1.9690478582063453,0.32313596892439556,-0.06566528651727237,-0.9437428968150134,0.06234490775854058,0.6949451546535657,-0.35508552979909164,-0.3099796404522191,-0.738759967085503,0.7945279745028726,-0.6525979756287604,0.748150327690964,0.1837543754142196,-0.6755844494362677,1.269826005594349,0.2459723265237019,0.3018807257658461,0.940049873748931,-0.8687006682222239,0.6391280019412319,0.9011108488004128,0.5225023272806412,0.0057471402935717,-0.6945412122818139,0.4334758980180729,0.12991406590599464,0.3846715092578722,1.1793073839431205,-0.298127143425471,-0.5280041674231394,0.2340429286450542,0.3960402024159285,-0.34539319070258523,-0.3338422059877971,-0.032878309035172484,0.5469738077909219,-0.33418581224320226,0.6053914872161152,-0.44705642340591006,0.5049143614430189,-0.4255826626465114,-0.034606545170761685,0.9261494260768307,0.589338995658501,-0.3943279689519813,0.9578000350576393,-0.09037637697648286,1.016128891019297,0.900625622129949,-1.1223160211705192
0.09044997326366692,1.0434234887767742,-1.2949572784816616,0.33876886238056836,1.1512444363626047,2.270059234059799,4.547696194317454,-0.3815414456170939,0.14137586405085248,-0.21701744619030153,0.9948013071846595,1.3541114027050236,-1.7172593469941015,-0.7044897333632001,-1.824443574864063,3.022890635295575,-2.1436603106206173,0.32699553104386087,-1.241024403122191,-0.8883373311823495,0.33854780627087105,0.4857921163026727,1.6848820990747482,-0.09062247457081211,-0.8449257109184763,0.5149687558023294,0.5225023272806412,2.08261255126674,-1.0566267814875008,-2.319405669683144,-0.9049839263299175,-1.4204277749443077,-1.9134788638697653,1.3845768694172225,0.06615446856066483,0.10937307472708158,-0.7515589122605975,-1.1113513875647671,-1.8507019242502611,0.5773292258509833,1.4261171055708617,-0.7938839794005695,1.2038423000074303,-0.048238342853803434,-1.617953468143437,0.48871303837876795,1.5458592240481415,3.019517268792842,0.5825547001424787,2.1277057165734594,0.9546157661341624,2.228157656035503,-0.15444520450621793,2.1440556471464642,-0.6885569519075961,-3.1212223960859977
-0.5969465350194861,-0.5796216698232634,0.4685390566424298,-0.16786991786177496,-0.146949555905743,-0.963928459991158,-2.019569469482278,0.3659267629795348,-0.12969646235341176,-0.19200437717717941,-0.5969212375982524,-0.5568810116107733,0.8950357545201706,0.2939860863677114,0.807118869970136,-1.5314914416005476,1.0393850270001632,0.048913800469995564,0.790662735265587,0.2938084654449154,0.2408877840125827,-0.20464258419415896,-0.9126949470242918,0.39490446722665346,0.20498060596477286,-0.09358647296156901,0.0057471402935717,-1.0566267814875008,0.6341746507268649,1.1463728165649678,0.709891802358962,0.8885997163025837,1.2917998104542685,-0.4245064103533493,-0.15230955478386057,-0.24860256761377494,0.520181466271922,0.7964953458347047,0.9710718157199706,-0.43578973116589587,-0.8732286585550819,0.687867517038287,-0.8203765009623104,0.2486599500049514,0.8294565946883152,-0.11357524725128039,-1.0880752304883614,-1.8122375212184834,-0.039185348453615904,-1.0844464720443485,-0.7083675574938973,-0.9885716886765991,0.0705103649177855,-0.8895281965074286,0.7269696417391595,1.4679813537759494
0.2400961096078894,-1.064831456378357,1.6673513558548785,-0.26917429141233595,-1.4212186060791174,-2.357939718780178,-5.232146444005898,0.5778648594711004,-0.31091082930805575,0.4558252385122858,-1.3099782775145565,-1.524528744854864,1.875075576907661,0.671017490993156,1.9138941116969388,-3.4575930162370168,2.344371762200508,-0.6137786591468928,1.211053305670079,1.0830206508686142,-0.5707219096799223,-0.5940923719825133,-1.971937416389328,0.0546585077420299,1.0954595792358919,-0.7449905746296417,-0.6945412122818139,-2.319405669683144,1.1463728165649678,2.680910893804153,1.061140142617167,1.4946317935577933,2.1449775768900947,-1.7990218436559369,-0.09869562485390578,-0.03516817798663051,0.7054255304202639,1.1198895343918176,1.9777355526075011,-0.3599184346578244,-1.6264094781093688,0.9641388115819564,-1.120057816736488,0.017066507057423425,2.013277115102593,-0.5989995570414657,-1.7429395417194924,-3.2832596905212905,-0.9297884037261464,-2.586758043092796,-0.9856479495464696,-2.536159449337319,0.26504716702077674,-2.212362015495609,0.6123751454013545,3.5638887267895507
-1.183919856787318,-0.45862752438626525,0.33128379900638844,0.03274728875768458,0.6200343744139319,-0.14264660773627194,-1.3449648214933123,0.9593838231021021,-0.4922225838929324,-0.4957654802150547,-1.0258718165400498,-0.20062036251678847,0.7631395989665849,-0.07766232594905999,0.2123340477831221,-1.4535560819659799,0.6975654872032169,0.11252351224689187,0.7605933296015802,0.01977397896831707,0.8122209216932273,-0.17730649286333452,-1.0404887055666912,1.061721288966475,-0.08414787139622,0.021135149713398055,0.4334758980180729,-0.9049839263299175,0.709891802358962,1.061140142617167,1.2604376511985242,0.9788716004595013,1.820299468248898,-0.16357957741166976,-0.42390001097527064,-0.5197751575184358,0.5327862344402846,1.0241805514880558,0.7715620440089688,-0.2366518811600156,-1.1441822792384126,1.3738201291340175,-0.8047050086877419,0.6562589179236687,1.098662601892353,0.12666492779602037,-1.6531227015713297,-2.0594691762768584,0.090577966271063,-1.295777034566244,-0.981001865114241,-0.6055502074006981,0.18932863617781664,-0.03389713663788517,1.2199032645214403,1.114944734305598
-1.133787654126998,-0.8402061244047572,0.47963925261709706,-0.27388073533362206,-0.008475471777505067,-1.3351814228736758,-2.5760673363570317,0.4393462216805007,-0.08872712624279358,-0.44985703940686494,-0.7416849272318309,-0.7257129135450765,1.2233041328825083,0.44895920890910596,1.1484462904031496,-2.007840661492738,1.429161258132451,0.2675386736446404,1.2012208702894334,0.34705874555006805,0.5441379799889557,-0.23581741074834514,-1.2087674137555846,0.6263375882511177,0.14443920935003812,0.004818558345846706,0.12991406590599464,-1.4204277749443077,0.8885997163025837,1.4946317935577933,0.9788716004595013,1.3085377078188487,1.8386749785832328,-0.36406241964610775,-0.23698950964120652,-0.41918510559166994,0.824037733906751,1.189751920197948,1.3644655913895902,-0.7731361417383236,-1.186353983412638,0.9318828038664955,-1.2783829121960963,0.404238328486797,0.9787389335629182,-0.10181271007389933,-1.5136924326993446,-2.552242052754887,0.14697773094032215,-1.338931327168003,-1.055122710178024,-1.2835711276441468,0.04670422850361097,-1.2458311913525728,1.1523428868455479,1.931278690177662
-1.719725859685037,-1.026451968674008,0.7754029252395415,-0.15973996709873617,0.3970350106180348,-1.1823027491809812,-3.330251447983979,1.169123098240696,-0.5158660555622612,-0.663517312625854,-1.5170306586307112,-0.7932657492610424,1.6165610420948944,0.28018377312001835,1.1104859534557614,-2.878167151083408,1.7511618547764813,0.20385425062087548,1.535397311079584,0.37269558908207245,0.9958817819347262,-0.35944447710040156,-1.88532642089189,1.3141151042481456,0.1368512135137218,-0.060975195562710104,0.3846715092578722,-1.9134788638697653,1.2917998104542685,2.1449775768900947,1.820299468248898,1.8386749785832328,2.9823523489884582,-0.5567174951262878,-0.5414318655068703,-0.7091288123831051,1.0595619073979752,1.7442679496704019,1.7254042954578899,-0.7168824066452337,-1.9080238117518968,1.872716629453764,-1.615143401630563,0.8264998871942435,1.7638104952031937,-0.022880155030639195,-2.5641974358349002,-3.725002936917414,0.06231038703670358,-2.236192873339132,-1.6187402383470133,-1.5998508519270365,0.22785966750533848,-1.0252524635529459,1.845223270623191,2.5661912430441687
-1.8885333326146807,0.38355523209901526,-1.732263179140007,0.017547657271067867,2.0350663813819434,1.5787458160622256,3.990274328581966,-0.202077895514546,0.29953053594809304,-1.2640145783252335,0.8520480209898509,1.2061330139554216,-1.0164291038391504,-0.3648951957190019,-1.200805529060108,2.2052786473217854,-1.4219476125132071,1.229217010198421,-0.10371126984749775,-1.0935308057626223,1.5593347190598807,0.5275371487857952,1.1701123055035,0.7964677771922791,-1.372671266504474,1.0696659934572068,1.1793073839431205,1.3845768694172225,-0.4245064103533493,-1.7990218436559369,-0.16357957741166976,-0.36406241964610775,-0.5567174951262878,2.0754953379501195,-0.18447169200883914,-0.5275899590978749,0.10253520735115454,0.021497545097092615,-0.9800091662636683,-0.5232026964955073,0.6984816660013847,-0.08109155014462642,-0.13304095839919897,0.5392023004632556,-1.5224932766965715,0.7254442502356043,0.4088873474338508,1.2162606440720198,1.5293926452319961,1.860009189935284,-0.03043638462256042,1.8917465364826902,-0.3101863338984414,1.4960819491638193,0.7028713707126278,-2.481983485679476
0.5744861379132402,0.04055285344786198,0.0757337185360025,-0.0696251247391331,-0.503252988389359,-0.312950041774671,-0.1522832470759592,-0.36035415963017225,0.18387422630040673,0.28767099076931363,0.30687420260243886,-0.128676015963542,-0.06211738271617309,0.14235837511999233,0.18430695722022397,0.1529025556819438,0.024550206725493604,-0.1380923302564264,-0.16043043124891823,0.12474017505878929,-0.46128520379246174,-0.0077981063218536,0.20394226766201243,-0.47289703103053543,0.19191471240109084,-0.11069841550977896,-0.298127143425471,0.06615446856066483,-0.15230955478386057,-0.09869562485390578,-0.42390001097527064,-0.23698950964120652,-0.5414318655068703,-0.18447169200883914,0.19484028146416177,0.22356237551975208,-0.14285006208007012,-0.2942904784026719,-0.05272355852127931,0.03580370882267906,0.28531988234085026,-0.48541112982698603,0.19364166849697534,-0.29883963088388144,-0.19986047141703708,-0.13942325358725946,0.49826303730734395,0.45116588024732224,-0.15878624899858962,0.21937573928272866,0.304408381955957,-0.09201868625460857,-0.05663901011736736,-0.3337933888220368,-0.46410970607811086,-3.940566463530443e-5
1.1586481568822637,0.18147240958010802,0.3584013139637631,0.04051098630658306,-0.8197766518698487,-0.19228919979996958,-0.3615114724873857,-0.3194823519941924,0.07665141747920182,0.6313080097801355,0.17420016671287247,-0.18706924111404968,-0.14681302972154386,0.05611547837991297,0.10884965676821362,0.13017151677900116,-0.02693294777923069,-0.46446667830232025,-0.4246894345288524,0.29044533633659586,-0.8335615160005275,-0.06083521813447008,0.1634300587453873,-0.700667908199341,0.43230088514025716,-0.34380209732166905,-0.5280041674231394,0.10937307472708158,-0.24860256761377494,-0.03516817798663051,-0.5197751575184358,-0.41918510559166994,-0.7091288123831051,-0.5275899590978749,0.22356237551975208,0.4108302089194254,-0.3421004681567048,-0.5489037298129054,-0.1858531369349233,0.38131649722418864,0.35267449186247063,-0.578411597481287,0.521805633995183,-0.44577469123797386,-0.058780679938247524,-0.25307361005352175,0.6641795431199938,0.7303465731553888,-0.5368307218618613,0.06708768473362564,0.5049706586208482,-0.17334694985389035,0.03299694111753039,-0.22389757881398376,-0.8089139456335552,0.08990323190115694
