V1,V2,V3,V4,V5,V6,V7,V8,V9,V10,V11,V12,V13,V14,V15,V16,V17,V18,V19,V20,V21,V22,V23,V24,V25,V26,V27,V28,V29,V30,V31,V32,V33,V34,V35,V36,V37,V38,V39,V40,V41,V42,V43,V44,V45,V46,V47,V48,V49,V50,V51,V52,V53,V54,V55,V56
1.4548816213517304,1.422524859812387,-1.1841136669884265,-0.3911137317872273,-0.6956401604423528,-2.3428672712089216,0.6286601716148481,0.7287981227184075,0.2898307885416414,-1.3000082064785434,2.2572039787129548,1.7671136967373196,-1.206933807022947,2.6552293450268087,0.3198362528140972,0.09413401794782092,-0.42437115954237115,-1.303521127786147,1.311129667135521,-1.3145465273581718,-0.5083307315592027,-1.26448549905811,1.9896230083173247,1.1386353887438825,1.2450791143000777,2.214103663275004,-0.59419418403471,-0.19382050942928225,-0.47344461870190035,0.10230639224352989,0.34491615657922436,-0.14927190916047062,1.2253579190436288,0.0684731989447621,1.009250881768211,-0.6533931345446733,-1.4962208883437587,-0.7055734876053257,-1.5043909746629598,-1.63604021414184,1.3774534400292902,1.4424819325080618,1.1981286972772605,-0.9686572747843301,-1.7339109979181508,-0.8827515196872215,2.4206523911069477,-0.24966799869177125,-0.1360024995707261,-0.11244894616584863,1.0427113376398012,-1.3965319743400122,0.5371936899376137,-0.17722235673055417,-0.6360763658025963,0.28447239338829994
1.422524859812387,3.487265228373969,-0.627716993544866,-0.3044642979046558,-1.244182508642432,-2.980237206693323,1.573001970070296,2.265628934279944,1.8785921573107087,-1.9188563671508236,3.7497566991907907,3.335925460153739,-0.6889011600244352,3.418259570193624,0.42050525280580875,-0.739763657051551,0.4693790405381685,-1.513988066860803,3.1500398958489777,-0.5721623341950105,-1.5450708643145292,-2.5377177709809087,1.7575285189367795,0.5664212622323986,0.14207023231283827,3.51687822152024,-1.5423115791371482,1.4789807412792513,1.4497848037975427,0.5528234232982288,-1.5412093631390067,-2.1250133855055764,1.7511393560778246,0.4138856060903963,0.33737259447506407,0.275182396977765,-0.6963721619039189,-0.4430674449925194,-2.323624981569737,-2.652703822811723,0.4391469297274889,-0.4464313537775727,1.5672071268685788,0.38146067906445136,-1.8215484172476157,-1.3062321915325583,3.2350851245624916,0.6934132365144128,0.28452734913269295,0.8346248572850625,0.7144325608800334,-1.654800559593246,1.0320601507990625,-0.7015251527885569,0.6389606903111091,0.7435499711732659
-1.1841136669884265,-0.627716993544866,1.097800707084594,0.33805714699014533,0.4235542878915005,1.7325540790370535,-0.26936467975851336,-0.20048676580845193,0.1674674937722131,0.894274585995827,-1.4470277293034075,-1.0316460130017782,1.106553571623929,-1.953257622438158,-0.23308745391565788,-0.28690858129507857,0.5689936197692077,1.0003761743652055,-0.5948182138353743,1.250268386840014,0.14870484804786252,0.7000998189204368,-1.6669021553530599,-1.0650917616551698,-1.2852741644527927,-1.4602279146076105,0.24052470765059586,0.5796478843364957,0.8689965431159786,0.031228874876338727,-0.7557301129331621,-0.37896674391871366,-0.8574767877372286,0.03202032190219985,-0.9856382533229178,0.7629387792330342,1.41161918014282,0.636686423018807,1.0087832615220582,1.0652918444755026,-1.3506506008627397,-1.643555014460558,-0.8750987902289219,1.124327152453427,1.3793305474513005,0.6064392581058098,-1.7506506872195904,0.44024715232651473,0.21627550842173607,0.33036040370381103,-0.9258272757219608,1.0635108350425693,-0.3090644217996672,0.010711559093790988,0.8365463989110613,-0.11384234951311006
-0.3911137317872273,-0.3044642979046558,0.33805714699014533,0.1080983652186009,0.16603572960849133,0.6042062932804352,-0.13340746285833954,-0.13818858533966874,-0.018577534594392698,0.3253874078193956,-0.5493466955309414,-0.41528705308990416,0.3427349368690603,-0.6832049567279008,-0.08199104674243259,-0.05618390874611934,0.14697945195016957,0.34149489038006187,-0.28301428918117083,0.3799564443652588,0.09768178289191548,0.29149796383576815,-0.5418651995047316,-0.32651255901847714,-0.374689302791635,-0.5449956311101989,0.12399864310680997,0.11416925113229676,0.1984400311189243,-0.010639803775566593,-0.16264848409738175,-0.03353536403275442,-0.3088140448145741,-0.005455043930657163,-0.29546002442051594,0.2096277595249648,0.4306941277544997,0.19882117997284338,0.3726882085579122,0.400663872477838,-0.4041070495099143,-0.4568204854289099,-0.30738285895283646,0.30982831236627684,0.4614451994144923,0.2208670923284734,-0.6184783289932004,0.10195307034088967,0.05210982293651441,0.06540479573578084,-0.29166401074203036,0.36469259492263767,-0.12556420210401778,0.028008561508352122,0.2178801432802137,-0.05914432909744566
-0.6956401604423528,-1.244182508642432,0.4235542878915005,0.16603572960849133,0.484363322404111,1.3057044787684629,-0.5584196812445078,-0.7663017590960515,-0.5677605153815727,0.7958651037106772,-1.4943199871449346,-1.2775813223829213,0.4449186720777642,-1.4907272669020752,-0.18191604928242086,0.1787790540714065,-0.035007994085356264,0.6876893982066556,-1.1294825988854462,0.43665959397076315,0.5250330643198308,0.9547200676860442,-0.9007574084904968,-0.39727171145066803,-0.3060078883944093,-1.422397043680192,0.5427560916089518,-0.3562274512490206,-0.2882328075115602,-0.1707365813644024,0.3404690129145532,0.6038352624709102,-0.7346782035238125,-0.1260829451191998,-0.30783575467710605,0.06648361427843102,0.5091461820289295,0.27094817311602454,0.9487286763773743,1.0655773466478597,-0.41440498749168064,-0.1901297558527423,-0.6793382936195198,0.10570940366013415,0.8630006030008692,0.5412963485646662,-1.3910028925339006,-0.1328606574109251,-0.047302568735513424,-0.20035719034203517,-0.416470533597405,0.7455691253799791,-0.3932110078359867,0.2268457787904726,-0.035113130062961274,-0.26123205842761493
-2.3428672712089216,-2.980237206693323,1.7325540790370535,0.6042062932804352,1.3057044787684629,3.999675718062878,-1.327552525097963,-1.684400189577624,-0.9913593796866232,2.3065020515075942,-4.142316873652808,-3.374578099554526,1.782112904952338,-4.546331431525197,-0.5505284381551652,0.12199966744293222,0.39254868055829983,2.177894713094023,-2.7258339783781405,1.8823985141958959,1.1632384100954936,2.464266093929183,-3.142319072379968,-1.6538558275603958,-1.6514048202994465,-4.010188761178854,1.2730088621225497,-0.2365968932966953,0.13340508531259204,-0.3136725982630836,0.062323374217435785,0.8912094168382193,-2.1551610764263343,-0.22434604263658833,-1.4116737318776156,0.75164547837322,2.157393129454263,1.0551031535522284,2.703005264567679,2.980916479250679,-1.9197201586837442,-1.7122821658604095,-2.0595652084903415,1.1229491994486707,2.8337471805913257,1.5672885247409372,-4.183726490624809,0.0937022828050557,0.08171399177415489,-0.1295898436784112,-1.578843962561124,2.344122503891102,-1.0317448901939765,0.4591968368076558,0.609673592001476,-0.6111577031279555
0.6286601716148481,1.573001970070296,-0.26936467975851336,-0.13340746285833954,-0.5584196812445078,-1.327552525097963,0.7097608194598773,1.0248760647407411,0.854441258984609,-0.8578451464005798,1.6805251754297612,1.4987249202578565,-0.2969900219183657,1.5231124871200328,0.1874775056316017,-0.3396058372186062,0.22086671666737262,-0.6727032351688766,1.4205086282503379,-0.24205226303413738,-0.6987503851671152,-1.1412480196016361,0.7738515875917767,0.24206831619700755,0.04643677496342338,1.574808399569681,-0.6962218512340501,0.6789565209045668,0.6697473239214332,0.25117909126412463,-0.7096053437167217,-0.9691425577118522,0.7822633199078055,0.1881434754147351,0.13921471479805572,0.13551073931112678,-0.2960579939834478,-0.19202832933418032,-1.0398254849992965,-1.1883204423574585,0.18031845599201135,-0.22552395096489294,0.6986142196416281,0.18875796920699098,-0.8069247825068496,-0.5840367066993541,1.442904175988582,0.32072081028307964,0.1320762460834702,0.3831673384253625,0.31109852317095277,-0.7357248742557096,0.46379833566523293,-0.31807469539321975,0.30155052217793515,0.33565269730347824
0.7287981227184075,2.265628934279944,-0.20048676580845193,-0.13818858533966874,-0.7663017590960515,-1.684400189577624,1.0248760647407411,1.5156101717354344,1.3269390965176773,-1.1310870061480738,2.273582972104451,2.076538713343579,-0.24071391748212526,1.9390973529506699,0.2400642214944234,-0.5690774079465521,0.44253184085100233,-0.8303634651407743,2.040696403597889,-0.13020063144676094,-1.031054518697622,-1.5974792480414644,0.8575056032092692,0.16525913945461856,-0.17291681026472933,2.1107316519599086,-1.009830904460281,1.1389547395511295,1.1797880861850396,0.38668181503308036,-1.2187930548576238,-1.5408814379474973,1.023507285721827,0.2912990664024481,0.02444797828037531,0.34983702766875696,-0.1815942016458497,-0.17058892062679606,-1.385280808537354,-1.599662367332765,0.017609209745488186,-0.652997874576132,0.8933424971300934,0.498997184968634,-0.9620646133928423,-0.7704851566419736,1.8558231433344188,0.5694871218158414,0.24116368767107058,0.6434151032009295,0.29631475343975267,-0.9139173683411276,0.6445509296313038,-0.4801226401581839,0.6154657119331693,0.48727306103673723
0.2898307885416414,1.8785921573107087,0.1674674937722131,-0.018577534594392698,-0.5677605153815727,-0.9913593796866232,0.854441258984609,1.3269390965176773,1.2715997754683028,-0.7518870586081776,1.623628784319234,1.5756855347412635,0.1333441136743325,1.1545032871711296,0.14572303837340314,-0.6141747136044239,0.5883689240014074,-0.4418976834948746,1.6826594318575954,0.2808153732441912,-0.8987659022031061,-1.2421638018810601,0.2534044819489399,-0.18936835202047123,-0.5702179660565693,1.4698497658635914,-0.8498809548223519,1.2310146798721266,1.361151696797157,0.3649331040500969,-1.3607075966716367,-1.535712464116857,0.6649421787683466,0.27766170769111154,-0.29311759372257945,0.5653725618029447,0.285235619117197,0.047244514409339154,-0.9485532744643727,-1.1272275434067762,-0.4163060717544404,-1.1255736896677668,0.5398015405674041,0.818002468726424,-0.44143966521632244,-0.5130132965364167,1.1429011961490667,0.6636456022022571,0.29061041873922866,0.6963744938710165,-0.024442393061526225,-0.49834701056285474,0.4926744395156943,-0.4372429684618183,0.8327473257866215,0.4108250849419184
-1.3000082064785434,-1.9188563671508236,0.894274585995827,0.3253874078193956,0.7958651037106772,2.3065020515075942,-0.8578451464005798,-1.1310870061480738,-0.7518870586081776,1.3617765946722422,-2.4936278948188204,-2.075889314570717,0.9266734390379777,-2.6265906826199403,-0.31909190558684436,0.1728993396639781,0.10595144639246443,1.2387528642260297,-1.748767301221321,0.9542448031249785,0.7780573766789788,1.5319916740487676,-1.719778177804037,-0.848422164391479,-0.7802721700756903,-2.3961638840446695,0.8279839336152017,-0.3423639968158251,-0.16797067077629935,-0.2313246418636043,0.2722378974373175,0.7449067034686376,-1.2658046070637583,-0.1683934238762365,-0.701150227610808,0.3014022136263845,1.100087789948109,0.554202335206614,1.6077282546473959,1.7872701036946503,-0.950348009169205,-0.7151830190170795,-1.192862495920619,0.4550221962221228,1.5883278818133952,0.925689012433831,-2.431250318412444,-0.06658926600372297,-0.007482527063911981,-0.191389079098918,-0.8374396505620455,1.3372614402192033,-0.6366137726787711,0.32156663398951896,0.17876041940638063,-0.39800047817730383
2.2572039787129548,3.7497566991907907,-1.4470277293034075,-0.5493466955309414,-1.4943199871449346,-4.142316873652808,1.6805251754297612,2.273582972104451,1.623628784319234,-2.4936278948188204,4.637508359137126,3.92501369693471,-1.5110788408648694,4.7246272068345325,0.5755271461170963,-0.4660105353628993,-0.007597951477146936,-2.1986526719294415,3.4089575084468593,-1.5146166966855306,-1.5599022779258436,-2.919573679500343,2.9486630250187567,1.3640413578577701,1.140412779044425,4.430020432818303,-1.6293022524761074,0.9271789429122235,0.6730808848103285,0.49199256432214356,-0.8473588521027731,-1.6881006294980228,2.3081686290306362,0.3616280546295329,1.0879204061717158,-0.34113566701613846,-1.7573355342129575,-0.9131504511614331,-2.9615554812309113,-3.3132033692788836,1.4690480477597445,0.8715655992916249,2.150074777013224,-0.5251043278929399,-2.7829913587874455,-1.6955969904976682,4.3945462469340795,0.3025472645595269,0.09627710692169948,0.5207640306700101,1.39323989045808,-2.3795982361286176,1.206413931957635,-0.6637341371730616,-0.05899228602502096,0.7838879622839303
1.7671136967373196,3.335925460153739,-1.0316460130017782,-0.41528705308990416,-1.2775813223829213,-3.374578099554526,1.4987249202578565,2.076538713343579,1.5756855347412635,-2.075889314570717,3.92501369693471,3.379947232655368,-1.089182836583274,3.85568017350479,0.4711608730411326,-0.523762829694837,0.16289592543115486,-1.7669459272184491,3.0255088130631513,-1.0496460892252863,-1.4213666335038582,-2.5340899996004076,2.272533954642231,0.9635475073562195,0.6874238928118739,3.726423921027026,-1.4591510970572823,1.0444532257103776,0.8921298279149865,0.4715868026017313,-1.0219560427030594,-1.6993803222387105,1.9125407369959984,0.349266423639954,0.7276677589573378,-0.09247106228542647,-1.2292738921879434,-0.6676580557101877,-2.4813210352186146,-2.794931249423622,0.9768414836480769,0.3276995742313023,1.7588153633593395,-0.15741977361595977,-2.2028414976309807,-1.4121356560254668,3.60621162834462,0.4159452865786955,0.1550651581671071,0.5879642961714286,1.0324679723121186,-1.918203306175926,1.0412469587041011,-0.6204948415009441,0.19463114335423384,0.7025142237169271
-1.206933807022947,-0.6889011600244352,1.106553571623929,0.3427349368690603,0.4449186720777642,1.782112904952338,-0.2969900219183657,-0.24071391748212526,0.1333441136743325,0.9266734390379777,-1.5110788408648694,-1.089182836583274,1.1164036479086834,-2.010199788851574,-0.24010314238719166,-0.2729699708369344,0.5592483753305738,1.0252763678131553,-0.6500517476994463,1.2576737021206623,0.17609669267977826,0.744074640047316,-1.6946585082415624,-1.0728419855941613,-1.2848896356118589,-1.5200245699507184,0.267663383890893,0.551754123971836,0.8409714377672092,0.021214027814872107,-0.7263081784828562,-0.3399317866446458,-0.8869653868634388,0.024509565414227066,-0.9894292881554124,0.7562747258754536,1.4209043720263383,0.6432098451692999,1.0481853474568532,1.1104653201655386,-1.3554345008429909,-1.6317792471458474,-0.9012264508186942,1.1148899072085414,1.408875499385051,0.6285049698811035,-1.8047394154831384,0.4267746705794869,0.21066177492229138,0.31458991301780614,-0.9365433143677135,1.0907979392674976,-0.32688167204959884,0.02332469323388265,0.8231622039409564,-0.12693608721215696
2.6552293450268087,3.418259570193624,-1.953257622438158,-0.6832049567279008,-1.4907272669020752,-4.546331431525197,1.5231124871200328,1.9390973529506699,1.1545032871711296,-2.6265906826199403,4.7246272068345325,3.85568017350479,-2.010199788851574,5.168497829353896,0.626017148426329,-0.15436844686041998,-0.4277115307129906,-2.4729385408261733,3.125531564374583,-2.119509448548794,-1.3386494421162023,-2.8181094752594227,3.557657773512609,1.8637220907863543,1.8507375864945799,4.571055699865747,-1.4613727877590428,0.3005295549436398,-0.11405971468914836,0.36430580703913257,-0.10713665297005455,-1.0484781545610435,2.4532695423524054,0.2610271740570013,1.58729537964586,-0.834160428117597,-2.4302173354102616,-1.1910414029445024,-3.079944887207039,-3.398773016855624,2.1580247397500902,1.904573012441687,2.341834174505348,-1.2468738706467102,-3.214010423724794,-1.784818376435813,4.758377678542431,-0.08802048018383186,-0.08449083449714184,0.16524949166867242,1.7834363520306789,-2.662270800108293,1.1791380031968897,-0.5306929100967057,-0.6665141597704666,0.701692650475669
0.3198362528140972,0.42050525280580875,-0.23308745391565788,-0.08199104674243259,-0.18191604928242086,-0.5505284381551652,0.1874775056316017,0.2400642214944234,0.14572303837340314,-0.31909190558684436,0.5755271461170963,0.4711608730411326,-0.24010314238719166,0.626017148426329,0.07588015179237914,-0.022089177359540146,-0.04783293844162307,-0.29887095231616884,0.3842975218932604,-0.25235658891480217,-0.16561379811363394,-0.34488302003682736,0.4277904134104064,0.22224662274573564,0.2184412264528791,0.5562861811068187,-0.1800362436029201,0.0431542584204353,-0.0057671280204860155,0.04575911544103247,-0.020726622589515086,-0.13452677894568107,0.2978174573056723,0.0328736582416575,0.1884952406365028,-0.09666325439251894,-0.28954526063459496,-0.14243361613303465,-0.3745446413250181,-0.4138069596999976,0.2561813241771884,0.2216719539392769,0.2837513361708053,-0.14465346038138685,-0.38768685974189787,-0.21684369336270412,0.5768162171177802,-0.0066912024772222385,-0.008451631879369256,0.023838181562040536,0.2135630772693515,-0.32191072040669666,0.14415230351191674,-0.0661269641218155,-0.07503684293766842,0.0864610534711412
0.09413401794782092,-0.739763657051551,-0.28690858129507857,-0.05618390874611934,0.1787790540714065,0.12199966744293222,-0.3396058372186062,-0.5690774079465521,-0.6141747136044239,0.1728993396639781,-0.4660105353628993,-0.523762829694837,-0.2729699708369344,-0.15436844686041998,-0.022089177359540146,0.3361828109732415,-0.3783236374614656,0.010649124356725133,-0.656393435414075,-0.3679668107478585,0.38295102675846027,0.43450035671926823,0.20324908103270434,0.29058832584476085,0.5072291583183816,-0.3932489835331991,0.3429991976953442,-0.6745431661410498,-0.7895135314956244,-0.17301707118801996,0.7675802168462852,0.7755243100538449,-0.14012010401137825,-0.13317729518014232,0.32298732157050203,-0.40495635869903723,-0.4010017085093747,-0.14361189600757862,0.24096646778583922,0.31197730391238504,0.44921454423704876,0.8300894139357713,-0.07950094627476348,-0.5898055139621393,-0.06210129789322055,0.11873839204647878,-0.1879169552125658,-0.3881728885890351,-0.1744353120645433,-0.38201892984346164,0.18850769638023174,0.024467025417758363,-0.16633132490753177,0.19814515106428268,-0.5414505182180842,-0.16623450407050278
-0.42437115954237115,0.4693790405381685,0.5689936197692077,0.14697945195016957,-0.035007994085356264,0.39254868055829983,0.22086671666737262,0.44253184085100233,0.5883689240014074,0.10595144639246443,-0.007597951477146936,0.16289592543115486,0.5592483753305738,-0.4277115307129906,-0.04783293844162307,-0.3783236374614656,0.4968163595107497,0.2792045110442319,0.40556528600572406,0.6842764612381373,-0.2938225603380634,-0.18012453442944842,-0.659592091112167,-0.5628373785608579,-0.8167716069107208,-0.07552168812919224,-0.2321978438020089,0.7603589073221241,0.9449387804626648,0.16116737423105176,-0.8930116053413433,-0.7913024670118011,-0.12412884726069398,0.12638656388752165,-0.56833548169261106,0.5761522961772014,0.759784027158323,0.30991093543479187,0.0791156678538507,0.03300957409696001,-0.7846820945745643,-1.204018570519532,-0.18255429475498994,0.8429820860092788,0.45252990308719404,0.07057650788890846,-0.3398191905774267,0.46829808764804304,0.2157932307135688,0.4312610547165106,-0.43284358049408006,0.28530985554217725,0.0570956772646194,-0.17113727341609095,0.7174168395663335,0.11334968850789386
-1.303521127786147,-1.513988066860803,1.0003761743652055,0.34149489038006187,0.6876893982066556,2.177894713094023,-0.6727032351688766,-0.8303634651407743,-0.4418976834948746,1.2387528642260297,-2.1986526719294415,-1.7669459272184491,1.0252763678131553,-2.4729385408261733,-0.29887095231616884,0.010649124356725133,0.2792045110442319,1.1952791878864566,-1.3881211582512796,1.0963163189910916,0.5751481502096613,1.2816016018966527,-1.7611966159513905,-0.9577004769526192,-0.992737294617814,-2.1381738598350646,0.6421754898228957,-0.01693070818817491,0.20570608903216075,-0.1433991047061147,-0.09443933500330386,0.35982358930848996,-1.1610703106130142,-0.1010006671136067,-0.830078847142322,0.48103721226058094,1.2530381867577671,0.6040121069638752,1.4452856197967434,1.5861106818192057,-1.130455255637374,-1.080341217803577,-1.1186791472410855,0.7161219591313471,1.567941716548365,0.8415119479048854,-2.268000260704863,0.11661470881069945,0.0741536845095703,-0.007172713859499587,-0.8993932036223634,1.2842936774933342,-0.5391971088737451,0.21914013397783605,0.425893003341729,-0.3080483836989303
1.311129667135521,3.1500398958489777,-0.5948182138353743,-0.28301428918117083,-1.1294825988854462,-2.7258339783781405,1.4205086282503379,2.040696403597889,1.6826594318575954,-1.748767301221321,3.4089575084468593,3.0255088130631513,-0.6500517476994463,3.125531564374583,0.3842975218932604,-0.656393435414075,0.40556528600572406,-1.3881211582512796,2.846275911448852,-0.5492321950784083,-1.3919760076890648,-2.2991797360797914,1.6257371607616349,0.5389100798874651,0.16389820941023814,3.200142333498633,-1.3921063368946205,1.3120879665461025,1.2776754828513182,0.4956910419874956,-1.3630058144938133,-1.8980035694105144,1.5971068984068226,0.37084043265724903,0.33083603338477724,0.22559349633828077,-0.665354841445459,-0.41597980726096545,-2.1155498366539063,-2.412733209887746,0.43258342109328235,-0.3545921925399838,1.4323766050323676,0.3109153440106977,-1.6750754443002376,-1.1904052452107272,2.9552448486966205,0.61044298513553,0.2494656374894764,0.7403804253705547,0.6678694826576105,-1.5164178852130519,0.9357216096666354,-0.6305076349002052,0.5502955516442749,0.6710765360187216
-1.3145465273581718,-0.5721623341950105,1.250268386840014,0.3799564443652588,0.43665959397076315,1.8823985141958959,-0.24205226303413738,-0.13020063144676094,0.2808153732441912,0.9542448031249785,-1.5146166966855306,-1.0496460892252863,1.2576737021206623,-2.119509448548794,-0.25235658891480217,-0.3679668107478585,0.6842764612381373,1.0963163189910916,-0.5492321950784083,1.4304371044546578,0.10274112500442141,0.6997894810547642,-1.8616974282641279,-1.2149949813220207,-1.4908164259863235,-1.5406778345491923,0.20984073616168294,0.7427565762896227,1.0785192689743617,0.06160992512825777,-0.9507523732066809,-0.5384706814289902,-0.9190173619895831,0.05621192054845762,-1.1328338977007142,0.9013532890102067,1.6126926238414032,0.7214895766710571,1.069165594004026,1.119992593742067,-1.5534515741597719,-1.9350481747702797,-0.9479542099675956,1.327214684423261,1.5237656991664534,0.6469065486580209,-1.891858603230628,0.5444894958586344,0.2649420822399085,0.422957937714885,-1.0459650827264373,1.1634657053903212,-0.31295552687743866,-0.01950972670749362,1.0036967765793172,-0.09868533714339695
-0.5083307315592027,-1.5450708643145292,0.14870484804786252,0.09768178289191548,0.5250330643198308,1.1632384100954936,-0.6987503851671152,-1.031054518697622,-0.8987659022031061,0.7780573766789788,-1.5599022779258436,-1.4213666335038582,0.17609669267977826,-1.3386494421162023,-0.16561379811363394,0.38295102675846027,-0.2938225603380634,0.5751481502096613,-1.3919760076890648,0.10274112500442141,0.7015856410015486,1.0923888227174954,-0.6011932006286635,-0.12437150608396759,0.10258750974593839,-1.449495589153178,0.688226629931059,-0.76642743318413,-0.7908261532730047,-0.2621073323089781,0.8186005943413646,1.0415776207152474,-0.704598696348051,-0.1973746592364921,-0.02794423550289827,-0.2287058573281915,0.13949125399831816,0.12310008482871496,0.9519311092712119,1.0980869013884027,-0.02747606569648103,0.42433299589194456,-0.6164501645019608,-0.3257629747801399,0.6688926542641269,0.5299562418654861,-1.2798084789331272,-0.38147040519756414,-0.1612140134889381,-0.43291928615396197,-0.21176683117709927,0.6325567383472558,-0.4410698191740197,0.32597384652934003,-0.4081528909128573,-0.33206462178574914
-1.26448549905811,-2.5377177709809087,0.7000998189204368,0.29149796383576815,0.9547200676860442,2.464266093929183,-1.1412480196016361,-1.5974792480414644,-1.2421638018810601,1.5319916740487676,-2.919573679500343,-2.5340899996004076,0.744074640047316,-2.8181094752594227,-0.34488302003682736,0.43450035671926823,-0.18012453442944842,1.2816016018966527,-2.2991797360797914,0.6997894810547642,1.0923888227174954,1.9068770864583298,-1.6126523353687348,-0.6500890477272473,-0.41463390478510787,-2.763600171204356,1.1131815550129072,-0.8672957030307661,-0.7758736564821929,-0.3700142043792961,0.8663537956469787,1.3583157560720673,-1.4083346076278378,-0.274915748273883,-0.47404025354730345,4.9897317477378e-4,0.8246029124187269,0.46006195881889983,1.8368555929462969,2.075628477493511,-0.6337041908936792,-0.1010712127268373,-1.2869843241344463,0.01714656067927748,1.585337569150843,1.0422663189568142,-2.6428500902294387,-0.36496501820505567,-0.1409817169029702,-0.4886672202743312,-0.7168687031704581,1.3933675518732092,-0.781507807184627,0.48194333590076693,-0.22986699980528516,-0.5361710896886195
1.9896230083173247,1.7575285189367795,-1.6669021553530599,-0.5418651995047316,-0.9007574084904968,-3.142319072379968,0.7738515875917767,0.8575056032092692,0.2534044819489399,-1.719778177804037,2.9486630250187567,2.272533954642231,-1.6946585082415624,3.557657773512609,0.4277904134104064,0.20324908103270434,-0.659592091112167,-1.7611966159513905,1.6257371607616349,-1.8616974282641279,-0.6011932006286635,-1.6126523353687348,2.7379117059554194,1.6062943887956527,1.7991319744098364,2.9068130801180443,-0.7264074093037298,-0.41460969829285255,-0.8189185659579202,0.09933935875891149,0.6400533438636912,-0.026725375025547487,1.6262232711989597,0.06253179540175327,1.4384298806525904,-0.9755483071545072,-2.114970834718157,-0.9871080522429865,-1.980886881760354,-2.142995686897163,1.9651458521153362,2.1391552893349806,1.6030643588013813,-1.4437671904865688,-2.359960649093865,-1.167503412747576,3.232651664163262,-0.425449995097415,-0.22342809799193847,-0.2383914818645076,1.4533743842290332,-1.8839845939602262,0.6892184339807366,-0.19510663362019529,-0.9829445713512649,0.34732401442773764
1.1386353887438825,0.5664212622323986,-1.0650917616551698,-0.32651255901847714,-0.39727171145066803,-1.6538558275603958,0.24206831619700755,0.16525913945461856,-0.18936835202047123,-0.848422164391479,1.3640413578577701,0.9635475073562195,-1.0728419855941613,1.8637220907863543,0.22224662274573564,0.29058832584476085,-0.5628373785608579,-0.9577004769526192,0.5389100798874651,-1.2149949813220207,-0.12437150608396759,-0.6500890477272473,1.6062943887956527,1.034067710659676,1.2550281417189342,1.3802352839477916,-0.21423393513223868,-0.5870240350154211,-0.8696447852069562,-0.03806744559608551,0.7601361919104311,0.3996317023565949,0.8147130895492382,-0.03701385550550421,0.9593006180966183,-0.7499123152997488,-1.3710066093910909,-0.6166304877931931,-0.9548606085942146,-1.0056726011336563,1.3149798344642571,1.6134201343997008,0.8344705280214025,-1.1047545763951225,-1.324149488526794,-0.5753504277638596,1.6680888723684417,-0.43991813737641994,-0.21539632295740818,-0.3344614772415667,0.8957315053190775,-1.0176042078600007,0.2881831713003277,-0.0010293964229117628,-0.8268203977850489,0.10118197197567257
1.2450791143000777,0.14207023231283827,-1.2852741644527927,-0.374689302791635,-0.3060078883944093,-1.6514048202994465,0.04643677496342338,-0.17291681026472933,-0.5702179660565693,-0.7802721700756903,1.140412779044425,0.6874238928118739,-1.2848896356118589,1.8507375864945799,0.2184412264528791,0.5072291583183816,-0.8167716069107208,-0.992737294617814,0.16389820941023814,-1.4908164259863235,0.10258750974593839,-0.41463390478510787,1.7991319744098364,1.2550281417189342,1.6171484041573976,1.201326245300523,-0.015385202467351486,-1.0217229614677428,-1.3863061820762261,-0.14468789570855686,1.2587249588313867,0.8874181437927935,0.7650026087913119,-0.11936103491194247,1.1968422956573057,-1.0280793290109045,-1.6737204747540149,-0.7304787737273343,-0.8500540705175573,-0.8599439198504167,1.6444274518244408,2.1869661585321336,0.8223702242994656,-1.5104637558252991,-1.4191598449766825,-0.5281688512646465,1.6262516862292868,-0.6945575388682592,-0.33054656807360294,-0.5807189944607533,1.04887518444351,-1.046773925681601,0.1997530604786727,0.11923365195069102,-1.1911538102081718,0.004724568055292643
2.214103663275004,3.51687822152024,-1.4602279146076105,-0.5449956311101989,-1.422397043680192,-4.010188761178854,1.574808399569681,2.1107316519599086,1.4698497658635914,-2.3961638840446695,4.430020432818303,3.726423921027026,-1.5200245699507184,4.571055699865747,0.5562861811068187,-0.3932489835331991,-0.07552168812919224,-2.1381738598350646,3.200142333498633,-1.5406778345491923,-1.449495589153178,-2.763600171204356,2.9068130801180443,1.3802352839477916,1.201326245300523,4.241545200709194,-1.5242573779545416,0.7810593897121157,0.5129872688707986,0.44769052652763547,-0.686480214671648,-1.5034334432588343,2.2214542616444404,0.32790066948531926,1.1170930256254186,-0.40488850167568996,-1.7826350513019464,-0.9145902473514463,-2.839339368910471,-3.168943224331002,1.5109610448477333,0.9977347062467197,2.0785934270276734,-0.6173395032093799,-2.7201619986723498,-1.629219956713567,4.243876716294867,0.22470406132666373,0.06225663112259667,0.43801478350715867,1.3901150893036276,-2.3119471553663367,1.1443786286137674,-0.6104167436851974,-0.15485265201440424,0.7330531493625997
-0.59419418403471,-1.5423115791371482,0.24052470765059586,0.12399864310680997,0.5427560916089518,1.2730088621225497,-0.6962218512340501,-1.009830904460281,-0.8498809548223519,0.8279839336152017,-1.6293022524761074,-1.4591510970572823,0.267663383890893,-1.4613727877590428,-0.1800362436029201,0.3429991976953442,-0.2321978438020089,0.6421754898228957,-1.3921063368946205,0.20984073616168294,0.688226629931059,1.1131815550129072,-0.7264074093037298,-0.21423393513223868,-0.015385202467351486,-1.5242573779545416,0.6835298208927696,-0.6859655336841556,-0.6837474767444952,-0.24941740168652443,0.7205233104707824,0.9685037805712593,-0.7540396800260636,-0.1870525516932268,-0.11437094386629772,-0.1523178447231766,0.2595096136427715,0.17496016634361558,1.0054351113071254,1.1510777555614886,-0.1463357089002557,0.262380619740211,-0.6707917502994324,-0.21363136495166082,0.7660122683251265,0.5637375281942897,-1.3867737799571496,-0.3279674107594145,-0.1359149576329633,-0.38720827573153266,-0.285937591518113,0.70302584966874,-0.4518055441691733,0.314609236845695,-0.3184481876341022,-0.32959708884253064
-0.19382050942928225,1.4789807412792513,0.5796478843364957,0.11416925113229676,-0.3562274512490206,-0.2365968932966953,0.6789565209045668,1.1389547395511295,1.2310146798721266,-0.3423639968158251,0.9271789429122235,1.0444532257103776,0.551754123971836,0.3005295549436398,0.0431542584204353,-0.6745431661410498,0.7603589073221241,-0.01693070818817491,1.3120879665461025,0.7427565762896227,-0.76642743318413,-0.8672957030307661,-0.41460969829285255,-0.5870240350154211,-1.0217229614677428,0.7810593897121157,-0.6859655336841556,1.3537805121060502,1.5854107487747926,0.3467536327801297,-1.5410383507066359,-1.555282222161302,0.2769160531982716,0.2670273027967755,-0.6513376474638426,0.8145466337003511,0.8094516150737919,0.290441561802854,-0.4782556026613742,-0.6201621261216509,-0.905956791807821,-1.6700309657640366,0.15533101451300294,1.186464739783528,0.13057000904998092,-0.235053279844544,0.3685354874470455,0.7794244267883366,0.35042336727280643,0.7667718845275852,-0.38175127323509955,-0.04419638199797184,0.3318083885536411,-0.3967911620191982,1.088295151851575,0.3325252157336725
-0.47344461870190035,1.4497848037975427,0.8689965431159786,0.1984400311189243,-0.2882328075115602,0.13340508531259204,0.6697473239214332,1.1797880861850396,1.361151696797157,-0.16797067077629935,0.6730808848103285,0.8921298279149865,0.8409714377672092,-0.11405971468914836,-0.0057671280204860155,-0.7895135314956244,0.9449387804626648,0.20570608903216075,1.2776754828513182,1.0785192689743617,-0.7908261532730047,-0.7758736564821929,-0.8189185659579202,-0.8696447852069562,-1.3863061820762261,0.5129872688707986,-0.6837474767444952,1.5854107487747926,1.8992555992922688,0.37983629654871437,-1.82619546185846,-1.7571772951960654,0.10583750661414136,0.2943085433626629,-0.9209635225937548,1.0466311056658164,1.1863194260417627,0.4548114634640718,-0.2884660505642587,-0.42840296374131065,-1.2764738698320655,-2.1635945139579547,-0.02884586678536298,1.5274206694542358,0.44913235971486115,-0.11698241938016385,0.00440870825204425,0.9366002159250563,0.42520375558646806,0.8984299672259123,-0.617716317035639,0.19053700478832336,0.2876101820174322,-0.4242207111180977,1.3574412846644615,0.3320778980884774
0.10230639224352989,0.5528234232982288,0.031228874876338727,-0.010639803775566593,-0.1707365813644024,-0.3136725982630836,0.25117909126412463,0.38668181503308036,0.3649331040500969,-0.2313246418636043,0.49199256432214356,0.4715868026017313,0.021214027814872107,0.36430580703913257,0.04575911544103247,-0.17301707118801996,0.16116737423105176,-0.1433991047061147,0.4956910419874956,0.06160992512825777,-0.2621073323089781,-0.3700142043792961,0.09933935875891149,-0.03806744559608551,-0.14468789570855686,0.44769052652763547,-0.24941740168652443,0.3467536327801297,0.37983629654871437,0.10501073908836485,-0.381496778633654,-0.4379783421385512,0.20563155397390573,0.0797692376964599,-0.06930028154793239,0.15145526047620617,0.06033646493919535,0.0036661780179408614,-0.2899675519158124,-0.3424803187509212,-0.0992026179159686,-0.29960668452980094,0.16971669276346785,0.21884802355710725,-0.14918196234100517,-0.15777434270581603,0.35775442197277285,0.18493651367537048,0.08062721665074553,0.19613633479268827,0.007430682124226347,-0.16069295614790646,0.1472380143002829,-0.12657692831306638,0.22760473846690907,0.12053453870886865
0.34491615657922436,-1.5412093631390067,-0.7557301129331621,-0.16264848409738175,0.3404690129145532,0.062323374217435785,-0.7096053437167217,-1.2187930548576238,-1.3607075966716367,0.2722378974373175,-0.8473588521027731,-1.0219560427030594,-0.7263081784828562,-0.10713665297005455,-0.020726622589515086,0.7675802168462852,-0.8930116053413433,-0.09443933500330386,-1.3630058144938133,-0.9507523732066809,0.8186005943413646,0.8663537956469787,0.6400533438636912,0.7601361919104311,1.2587249588313867,-0.686480214671648,0.7205233104707824,-1.5410383507066359,-1.82619546185846,-0.381496778633654,1.7650772848157512,1.738066227884718,-0.20508455054943858,-0.29471825186565226,0.8211851302597002,-0.9739470721404486,-1.0415670528488736,-0.3884054659956224,0.4074491477744113,0.5557254008465969,1.139977648386703,2.0058028344050007,-0.07053550377313825,-1.4201514578834642,-0.29801112489357146,0.18770886862365718,-0.2040781108701093,-0.8992130898348223,-0.4063795011111822,-0.8731051815296181,0.5206051933337195,-0.07188588266452128,-0.32678811394838225,0.43126421454627967,-1.2806311945683795,-0.3496209924515941
-0.14927190916047062,-2.1250133855055764,-0.37896674391871366,-0.03353536403275442,0.6038352624709102,0.8912094168382193,-0.9691425577118522,-1.5408814379474973,-1.535712464116857,0.7449067034686376,-1.6881006294980228,-1.6993803222387105,-0.3399317866446458,-1.0484781545610435,-0.13452677894568107,0.7755243100538449,-0.7913024670118011,0.35982358930848996,-1.8980035694105144,-0.5384706814289902,1.0415776207152474,1.3583157560720673,-0.026725375025547487,0.3996317023565949,0.8874181437927935,-1.5034334432588343,0.9685037805712593,-1.555282222161302,-1.7571772951960654,-0.4379783421385512,1.738066227884718,1.8837569455300573,-0.6478396380581438,-0.33462684589814146,0.5095422087643945,-0.7958856707704194,-0.5701536209097295,-0.16059911070758037,0.9593807707054075,1.1619863162822475,0.7156599449278224,1.6049553252929607,-0.49649503049049404,-1.1548844651180392,0.29700308250682084,0.5088284930960859,-1.0679706465169485,-0.8594086734790811,-0.380225986330919,-0.8802304292410227,0.18107583017806694,0.41635429989924355,-0.5335827561717535,0.5168073006660107,-1.125102338636791,-0.46858276781628155
1.2253579190436288,1.7511393560778246,-0.8574767877372286,-0.3088140448145741,-0.7346782035238125,-2.1551610764263343,0.7822633199078055,1.023507285721827,0.6649421787683466,-1.2658046070637583,2.3081686290306362,1.9125407369959984,-0.8869653868634388,2.4532695423524054,0.2978174573056723,-0.14012010401137825,-0.12412884726069398,-1.1610703106130142,1.5971068984068226,-0.9190173619895831,-0.704598696348051,-1.4083346076278378,1.6262232711989597,0.8147130895492382,0.7650026087913119,2.2214542616444404,-0.7540396800260636,0.2769160531982716,0.10583750661414136,0.20563155397390573,-0.20508455054943858,-0.6478396380581438,1.177972600323394,0.1492261067489622,0.6787235031593156,-0.30921508925256663,-1.0580138085544954,-0.5291976652956908,-1.4920119737916082,-1.6557339898435826,0.9206761086488016,0.7251081800456063,1.113507712741002,-0.46535046861521856,-1.4936690844557865,-0.8603532992580075,2.267827333314447,0.03702018340829792,-0.004398940688797638,0.1545145274341474,0.7977423343453947,-1.2525434651878042,0.5861490222021479,-0.28862482643101944,-0.20312714209958924,0.3623868221608522
0.0684731989447621,0.4138856060903963,0.03202032190219985,-0.005455043930657163,-0.1260829451191998,-0.22434604263658833,0.1881434754147351,0.2912990664024481,0.27766170769111154,-0.1683934238762365,0.3616280546295329,0.349266423639954,0.024509565414227066,0.2610271740570013,0.0328736582416575,-0.13317729518014232,0.12638656388752165,-0.1010006671136067,0.37084043265724903,0.05621192054845762,-0.1973746592364921,-0.274915748273883,0.06253179540175327,-0.03701385550550421,-0.11936103491194247,0.32790066948531926,-0.1870525516932268,0.2670273027967755,0.2943085433626629,0.0797692376964599,-0.29471825186565226,-0.33462684589814146,0.1492261067489622,0.06069421619481337,-0.05997030143191731,0.12052038778714173,0.05641108869875223,0.007613699932500171,-0.21195073133035686,-0.2512761949343975,-0.0854503178477146,-0.23940456240212726,0.12187412376634316,0.17430521828353207,-0.10247777162771293,-0.11483349961427199,0.2575857272091553,0.14337164586493562,0.06271567069084293,0.15107273603037696,-0.0014315139588003606,-0.11357497559913332,0.10916684195120224,-0.09573127914138756,0.1787368427772738,0.09043564311806504
1.009250881768211,0.33737259447506407,-0.9856382533229178,-0.29546002442051594,-0.30783575467710605,-1.4116737318776156,0.13921471479805572,0.02444797828037531,-0.29311759372257945,-0.701150227610808,1.0879204061717158,0.7276677589573378,-0.9894292881554124,1.58729537964586,0.1884952406365028,0.32298732157050203,-0.56833548169261106,-0.830078847142322,0.33083603338477724,-1.1328338977007142,-0.02794423550289827,-0.47404025354730345,1.4384298806525904,0.9593006180966183,1.1968422956573057,1.1170930256254186,-0.11437094386629772,-0.6513376474638426,-0.9209635225937548,-0.06930028154793239,0.8211851302597002,0.5095422087643945,0.6787235031593156,-0.05997030143191731,0.9013179089296635,-0.7364334277504032,-1.275441085356186,-0.5659370037440935,-0.779441980925785,-0.8087039047844026,1.2367286657382524,1.5758966180269898,0.7085583545710082,-1.0835370092439962,-1.163731422899675,-0.4750791112161173,1.4102382549804542,-0.463643597234175,-0.2236886013685532,-0.37061206067365027,0.8178542804914782,-0.8791539612712715,0.2156501958701548,0.040704566075839936,-0.831877015724052,0.05316765934520464
-0.6533931345446733,0.275182396977765,0.7629387792330342,0.2096277595249648,0.06648361427843102,0.75164547837322,0.13551073931112678,0.34983702766875696,0.5653725618029447,0.3014022136263845,-0.34113566701613846,-0.09247106228542647,0.7562747258754536,-0.834160428117597,-0.09666325439251894,-0.40495635869903723,0.5761522961772014,0.48103721226058094,0.22559349633828077,0.9013532890102067,-0.2287058573281915,4.9897317477378e-4,-0.9755483071545072,-0.7499123152997488,-1.0280793290109045,-0.40488850167568996,-0.1523178447231766,0.8145466337003511,1.0466311056658164,0.15145526047620617,-0.9739470721404486,-0.7958856707704194,-0.30921508925256663,0.12052038778714173,-0.7364334277504032,0.6920574042406263,1.0062724766687723,0.424562635413788,0.3038249784138319,0.2755863945244415,-1.0144150469900852,-1.4574980047670363,-0.36554647375575455,1.0143184833207237,0.7237123080529109,0.20325404636249128,-0.7086091303144015,0.5208930397480526,0.24311695850661855,0.4623117365583186,-0.6013584527123466,0.5010911479563248,-0.020267255696682123,-0.1506455166869291,0.835482967961095,0.07516358918189746
