V1,V2,V3,V4,V5,V6,V7,V8,V9,V10,V11,V12,V13,V14,V15,V16,V17,V18,V19,V20,V21,V22,V23,V24,V25,V26,V27,V28,V29,V30,V31,V32,V33,V34,V35,V36,V37,V38,V39,V40,V41,V42,V43,V44,V45,V46,V47,V48,V49,V50,V51,V52,V53,V54,V55,V56
16.079655585744348,44.83734847481003,-5.722719483400942,-3.232154156055753,-15.521388676672672,-35.46891921799804,20.251667668696903,29.621460292436932,25.361427308469185,-23.365422891689466,46.38743337076789,41.860078136987724,-6.516610382070752,40.7697747721925,5.030290754821714,-10.504751622057531,7.593360451766887,-17.736547640793127,40.4352227158473,-4.617463893544107,-20.173226159419105,-32.05546968264514,19.38151585310605,4.9787301200929734,-1.171837450162158,43.241199704317495,-19.916695624017965,21.033456243309427,21.33749512143226,7.422879584715515,-22.287570903198937,-29.146025849718182,21.2293861038171,5.5828965394007515,2.136395454590751,5.470763397900241,-5.897765559340937,-4.3764757070227684,-28.47332814148015,-32.70677268103651,2.6099412460542104,-9.843489625929628,18.73750145471232,7.748947448419785,-20.915479645130947,-15.904471220792594,38.809912825731026,10.25695508687513,4.298372930637538,11.883571082300724,7.286638018947772,-19.450330037972876,12.976934760423287,-9.293868927874469,10.480275215758443,9.611553991331055
44.83734847481003,128.433132482382,-15.140757728906902,-9.031893229273326,-44.202830456898596,-100.02835636838944,58.1390198886213,85.16951664436296,73.25104274659152,-66.18585158691467,131.59245612515474,119.42096109762012,-17.381651613334427,114.89446396085461,14.226706034883291,-30.777490039025306,22.575130068975163,-49.76938514970165,115.78360382632195,-11.835237814205025,-57.970738671650516,-91.38039240517338,53.7160414758607,13.174893222172058,-5.0516226947009395,122.89637071361541,-57.13537678742073,61.31007296882681,62.50402112542663,21.36673328414184,-64.99993674653601,-84.30271954374285,59.98699376830769,15.98918010619621,4.871817377971177,16.79122967612454,-15.049619676269867,-11.682368970335077,-80.71108553306519,-92.9180778204537,5.943562549981731,-30.51510022570316,52.898634021161335,23.713128729090474,-58.537614479792715,-45.17999724262847,109.67068350281748,30.20688326620596,12.609746478294156,34.52532719273885,19.82569244106943,-54.7516240456186,36.99248448931309,-26.792202874882626,31.305029447404635,27.487624246185867
-5.722719483400942,-15.140757728906902,2.2605260950533794,1.2376158309937555,5.306553670433453,12.356391248984998,-6.877507242850267,-9.955876938790038,-8.381146010037197,8.055529480856583,-15.805207712801046,-14.303828784894128,2.5138213757033894,-14.140268061581866,-1.757938979974955,3.466805195496776,-2.344073571084323,6.188936939234859,-13.661536358090327,1.9673307174360501,6.777492131805574,10.854885759673929,-6.961819915416949,-2.0552902061274376,0.0125423995029313,-14.910860261432928,6.728087061883826,-6.815535670914499,-6.808871113651425,-2.439067820031117,7.122176711946838,9.52971000156355,-7.297548568433977,-1.7963012055965861,-1.0015626633913237,-1.6109790905105412,2.3388274338084134,1.6067220097752266,9.773742809907027,11.23228302206575,-1.3373476769552757,2.7994325915928995,-6.517190011182282,-2.2194795396645666,7.39875117299344,5.5310839775701375,-13.489705154678598,-3.3173436589256085,-1.345877231537243,-3.804199940161678,-2.713242358839032,6.827152923767894,-4.414557748133643,3.1088911113936315,-3.251436827245568,-3.2121110824429744
-3.232154156055753,-9.031893229273326,1.2376158309937555,0.9531352850198642,3.1373260286318594,7.144421707020374,-4.31116137978011,-6.068490260099865,-4.9873709221352955,4.660918872840655,-8.788139304991956,-8.602244235641104,1.3219922324945672,-7.938265797737558,-1.0635424090498828,2.398363346879366,-1.4604158639951141,3.4060522016448935,-8.136649849398502,1.167733242012783,4.098052611217504,6.206418212993225,-3.8441766936985333,-1.3706319032186267,0.32293077911532625,-8.961318707754668,4.088903963711191,-4.135600119016904,-4.093722520794446,-1.3555692546031888,4.080296661304983,5.491054229663108,-4.045190695366445,-0.8290924475468915,-0.360303265437223,-1.2157665293706335,0.863550317674472,0.6257911802046001,5.583669207477344,6.596314382667793,-0.8089538786906544,2.100820038951049,-3.784533309632708,-1.4591529917197588,4.227230046893503,3.43257513695059,-7.892095258702877,-2.2422620028144102,-0.7544160797454037,-2.091961977625011,-1.4672736231272794,4.005673074972868,-2.5787309637613482,1.9100552469080545,-2.186887142596914,-1.7904420446812508
-15.521388676672672,-44.202830456898596,5.306553670433453,3.1373260286318594,15.232673938437351,34.54228848943292,-20.00946943403679,-29.293219084502066,-25.161362581653496,22.832062077396735,-45.36211195742615,-41.143594135594846,6.077169525481901,-39.67110500627215,-4.911813699087217,10.553387192436606,-7.7061569443314015,17.1986940452615,-39.85176078968459,4.185302960944494,19.939515499536128,31.472712422780052,-18.617575165443967,-4.62908364983449,1.6173064970055175,-42.37836342180691,19.661104249498532,-21.018856672736913,-21.401863693342687,-7.3404622486951006,22.269233133826276,28.93911865224434,-20.69702450220428,-5.4913242259580715,-1.7658170241992903,-5.701146113634487,5.302341368580703,4.0732515034835375,27.83477330296619,32.03653561842616,-2.16981273110072,10.336358466151422,-18.263503330099898,-8.045532929567607,20.2485767114126,15.586568884883691,-37.85857926591074,-10.342480056357456,-4.313519725553285,-11.834631185955459,-6.90040592467185,18.91821641298491,-12.743481191125234,9.209933463419944,-10.682698586621868,-9.457799657018606
-35.46891921799804,-100.02835636838944,12.356391248984998,7.144421707020374,34.54228848943292,78.61044662205383,-45.2290767437696,-66.19185093078903,-56.77551416175671,51.87983946544123,-103.04837178784825,-93.23137443659367,14.114600947801208,-90.32384330701936,-11.163576044014086,23.670097605340697,-17.210391097922006,39.222326990720575,-90.1945291179316,9.848933075041279,45.066934709026,71.36082926578533,-42.64297966057727,-10.759446015934193,3.175924817395265,-96.15624870860282,44.46273723829989,-47.27123813384614,-48.05312964496326,-16.590452435825608,50.09261141836544,65.28083007552061,-47.082972820744494,-12.445747128960102,-4.35237154555246,-12.5775118514957,12.540007410113887,9.474914119696734,63.237084098104965,72.71266988680463,-5.3249365667700985,22.728474919949566,-41.54678495303971,-17.7849991752784,46.207976146092264,35.36352902601864,-86.08981573678922,-23.160244626302536,-9.684296979622326,-26.66326049229095,-15.910758380522761,43.0771539075368,-28.890327413919575,20.79164623563303,-23.806620949950542,-21.42395964424432
20.251667668696903,58.1390198886213,-6.877507242850267,-4.31116137978011,-20.00946943403679,-45.2290767437696,26.49904992500092,38.64240037399449,33.08664770210529,-29.901798669583773,59.103795639962776,54.17305851091198,-7.8332979874465005,51.73962305040052,6.4724351948723156,-14.169854908407524,10.193641788375277,-22.36865338141143,52.40505871378243,-5.492920570639219,-26.274467190566355,-41.16064908044663,24.211447213253745,6.208437384436409,-2.408474588831791,55.79213150630189,-25.925405188759363,27.71143058139522,28.183962829296867,9.569336204853757,-29.150454719463248,-37.899440628659704,26.95184183950678,7.01284708397671,2.1111392028184155,7.724396775148056,-6.505115536689064,-5.06559272669957,-36.39274818645008,-42.04299058445417,2.855984950892399,-13.979403400539208,23.928467239447507,10.70665043987031,-26.46448864234882,-20.61395114239589,49.65319601891149,13.835251196564341,5.633056673251587,15.41496701776167,8.939990413914282,-24.820143091909856,16.7129846294429,-12.162747285243665,14.270959399043937,12.330699582597843
29.621460292436932,85.16951664436296,-9.955876938790038,-6.068490260099865,-29.293219084502066,-66.19185093078903,38.64240037399449,56.54188291614371,48.59038513782675,-43.80884863680349,86.96645633082449,79.20561347761993,-11.41407042807537,75.93147634623054,9.434499026115168,-20.56459948401478,15.021914749077796,-32.856220099372685,76.77468692979593,-7.801566229557762,-38.470940336513046,-60.47617229462736,35.43975222088912,8.76018837711868,-3.530946571095149,81.49369665308285,-37.921931458909576,40.71942952349977,41.5062961303131,14.132624907047205,-43.07376716168989,-55.85306431325452,39.62986511833211,10.505622908663764,3.095465838898525,11.273182523228163,-9.70744934509952,-7.586137546194635,-53.396683479513996,-61.55152713676213,3.8968500482751214,-20.483231654862614,35.01312831559508,15.828092494698975,-38.699965105795066,-30.00219196778508,72.61716832201985,20.163775466370264,8.352130136445162,22.839572552656765,13.053014305178284,-36.250470010209476,24.503592655351483,-17.79488982395292,20.900194040969982,18.176327838519672
25.361427308469185,73.25104274659152,-8.381146010037197,-4.9873709221352955,-25.161362581653496,-56.77551416175671,33.08664770210529,48.59038513782675,41.934274422856234,-37.63735360583838,75.05710078990774,67.95620970718392,-9.684461128517317,65.31124792353583,8.061490806888154,-17.558113907247826,13.048549446088492,-28.272718209280043,66.03288891309315,-6.408554930390625,-33.08174559275855,-52.144235382548196,30.34556002670673,7.172482324579613,-3.1425546028743745,69.82085560411413,-32.57017220538489,35.195538006509494,35.97555691059904,12.262130892321805,-37.44378028359008,-48.380933201116676,34.16404050142566,9.240430852662085,2.5887187192358243,9.726468871815472,-8.393639568853716,-6.6184908423556434,-45.94684222679223,-52.85739377077017,3.004756470584358,-17.76211788457631,30.030673257092637,13.832373188129017,-33.14007083474289,-25.60790266396803,62.256926289708794,17.30074235822334,7.28985574458733,19.90056582210519,11.12424290927555,-31.022474895479057,21.081600903506732,-15.295007845676636,18.048752037897263,15.729618070978606
-23.365422891689466,-66.18585158691467,8.055529480856583,4.660918872840655,22.832062077396735,51.87983946544123,-29.901798669583773,-43.80884863680349,-37.63735360583838,34.27105876559976,-68.16092169929578,-61.62062086462684,9.227678987400125,-59.64554306872625,-7.36311708868137,15.676621645332624,-11.468838115728301,25.889625877001265,-59.67671336171481,6.360671319489802,29.83020024895488,47.21873557331408,-28.070610116141616,-6.968730493919125,2.2329843587911293,-63.50217276815359,29.415137649316772,-31.384578819873436,-31.94568924763011,-11.008024512210637,33.3076462118831,43.32348934942326,-31.118960884873328,-8.280793665815397,-2.7840314099687213,-8.400567044842369,8.18991706548666,6.235841960491376,41.79335415357473,48.045071695429755,-3.348123923668112,15.218918002465514,-27.422589193301164,-11.913367982275233,30.454788101241363,23.331142733025732,-56.82333676618343,-15.36768447715776,-6.450607393460036,-17.730668279631573,-10.438130375848253,28.406781505386647,-19.106134489545376,13.765596766069276,-15.85043260267174,-14.194532726809332
46.38743337076789,131.59245612515474,-15.805207712801046,-8.788139304991956,-45.36211195742615,-103.04837178784825,59.103795639962776,86.96645633082449,75.05710078990774,-68.16092169929578,136.2913553290668,122.22315461206563,-18.249810574135683,118.88902354425832,14.55067526729402,-30.779227756475045,22.962193729345206,-51.66390568337253,118.66162986586944,-12.191736681619519,-59.26810105998955,-94.23850250846736,55.78712332555238,13.22065683126958,-4.415352999886027,125.80889515525767,-58.37110435489961,62.623755131371475,63.918584668254375,22.107900381679293,-66.92676316205231,-86.77340890674353,62.173812097017866,16.9179947783994,5.562436482660503,16.599404123531365,-16.66335851830028,-12.736553618329678,-83.27317343812017,-95.46254103217153,6.122871047383797,-30.22675779109613,54.456862532050465,23.940729711748205,-60.440861197469346,-46.011628928980386,112.76700894879346,30.337161842275307,13.015678868983626,35.7479220973392,20.686858739330372,-56.28253069571585,38.029959458028394,-27.322230223759586,31.480494948627168,28.442969520094337
41.860078136987724,119.42096109762012,-14.303828784894128,-8.602244235641104,-41.143594135594846,-93.23137443659367,54.17305851091198,79.20561347761993,67.95620970718392,-61.62062086462684,122.22315461206563,111.20658104234823,-16.349156399691903,106.94326719690906,13.282849073927688,-28.68137541949939,20.834929351286533,-46.32865144919852,107.65992249172926,-11.337049568791505,-53.896166232957434,-84.88766176459266,50.16756093581629,12.613727568029946,-4.506710811750846,114.5522398282727,-53.157893086904174,56.799984445045084,57.80566378391698,19.773080202963506,-60.041696567087264,-78.05513689135033,55.76248178179196,14.699224802406686,4.66666064334234,15.51912792856607,-14.069783289849264,-10.837765663241209,-75.08111661647199,-86.51121532724477,5.9047701463963,-28.112773130359294,49.30196820489264,21.776497706934265,-54.63241505108286,-42.19345830557439,102.22939640537905,28.070615345140755,11.61933882275624,31.861999366702797,18.582347897362276,-51.095878665720896,34.40192335872029,-24.90970419990241,28.96959560162194,25.482036251146702
-6.516610382070752,-17.381651613334427,2.5138213757033894,1.3219922324945672,6.077169525481901,14.114600947801208,-7.8332979874465005,-11.41407042807537,-9.684461128517317,9.227678987400125,-18.249810574135683,-16.349156399691903,2.825318024521184,-16.228571657942584,-1.9952096813953129,3.9281360716588147,-2.748490849113211,7.1071384112658595,-15.684308914288769,2.1261577313577917,7.778815499944062,12.515152497783642,-7.928726967268849,-2.2028169648390232,0.0652934657818051,-17.00066638017519,7.705122335953563,-7.901811134205814,-7.93893199756927,-2.845755976549473,8.348538575747018,11.088335084266909,-8.408332824417847,-2.1486824956781425,-1.1140778433891931,-1.8664738033083799,2.6970809069859665,1.8811365825709716,11.226517210283891,12.85768752838409,-1.3831770027539523,3.283664243985204,-7.443911998744984,-2.6462149637412296,8.427775358085947,6.265604647336943,-15.396989825275426,-3.793972986395977,-1.5911530018293427,-4.47771101315334,-3.0678536577310775,7.768575432428318,-5.070189601793203,3.5657291039756562,-3.7683136848710714,-3.7282510853306374
40.7697747721925,114.89446396085461,-14.140268061581866,-7.938265797737558,-39.67110500627215,-90.32384330701936,51.73962305040052,75.93147634623054,65.31124792353583,-59.64554306872625,118.88902354425832,106.94326719690906,-16.228571657942584,104.03114928926743,12.780926678841004,-26.9203452956547,19.814800553966737,-45.221601368126215,103.6077120384687,-11.125152259704995,-51.73006692198255,-82.20082402037659,49.0691721654186,12.047987246934673,-3.5371668674497774,110.23915879595769,-50.99969910589812,54.36765791584509,55.352488734992995,19.18003939096827,-57.884036519026886,-75.30967860751873,54.3045366368694,14.561806676340051,5.086190421108804,14.322691556625228,-14.731509623285396,-11.130055334307233,-72.78836928909557,-83.52657337193953,5.890377504173554,-25.95561858990063,47.72708074491447,20.490942392068373,-53.088929094042676,-40.420174261122916,98.84607060249982,26.427775425841322,11.218318782585875,30.888774411788376,18.295941463143386,-49.418698974835415,33.2191862160143,-23.844400133033492,27.251793282847917,24.740108403346788
5.030290754821714,14.226706034883291,-1.757938979974955,-1.0635424090498828,-4.911813699087217,-11.163576044014086,6.4724351948723156,9.434499026115168,8.061490806888154,-7.36311708868137,14.55067526729402,13.282849073927688,-1.9952096813953129,12.780926678841004,1.594117020915386,-3.4205582446760325,2.4452718273677148,-5.539770277992523,12.826317094099618,-1.4250319669804148,-6.417367622510778,-10.103287076139521,6.035731842842137,1.5793621000841531,-0.48429821189912975,13.707023677445969,-6.3373876573998835,6.717949590260009,6.815596452693368,2.337692763416298,-7.069448241094705,-9.23071535857361,6.649431302493674,1.721295618992468,0.5939971096004508,1.8196595143861054,-1.710123995488844,-1.2962100331539423,-8.959729041755718,-10.334678236925004,0.7875950980414013,-3.277051903624885,5.902382505139243,2.529072559279812,-6.559533134260498,-5.0633473892316845,12.24043503693478,3.33201743552293,1.3621739562324828,3.7476842410950995,2.251600771289061,-6.130857569242804,4.101203157951546,-2.965316965875662,3.4122649976665755,3.022534377265027
-10.504751622057531,-30.777490039025306,3.466805195496776,2.398363346879366,10.553387192436606,23.670097605340697,-14.169854908407524,-20.56459948401478,-17.558113907247826,15.676621645332624,-30.779227756475045,-28.68137541949939,3.9281360716588147,-26.9203452956547,-3.4205582446760325,7.766120684946037,-5.50409698549731,11.575497923657926,-27.73076209943208,2.788200500522032,13.959183473583277,21.583906014945427,-12.472928779765496,-3.287014031421245,1.6145232980442064,-29.496502138155204,13.778808472935399,-14.802253056194287,-15.055493786588436,-5.012062037675255,15.422481284455612,20.009413358798877,-14.005545856941499,-3.559853949632629,-0.8645065553147523,-4.342578689866203,2.955889015832482,2.401457151352676,19.03968677370119,22.127127981479894,-1.3911700580482735,7.864489203973021,-12.537858603229612,-5.879303203460069,13.7781196261729,10.964772076110117,-26.063142337471724,-7.558532443098468,-2.976369077683849,-8.08945456894893,-4.550384324710831,13.016986796000413,-8.798173785497553,6.4879213753564615,-7.817238620365278,-6.444954484034164
7.593360451766887,22.575130068975163,-2.344073571084323,-1.4604158639951141,-7.7061569443314015,-17.210391097922006,10.193641788375277,15.021914749077796,13.048549446088492,-11.468838115728301,22.962193729345206,20.834929351286533,-2.748490849113211,19.814800553966737,2.4452718273677148,-5.50409698549731,4.180360342016343,-8.54326461501927,20.344274389388858,-1.6927947778305885,-10.225440590339934,-16.01896347487178,9.029639987166691,1.9688587348511053,-1.2685248631266788,21.312205755904397,-10.044428028774243,11.052883524339093,11.364405618652535,3.814450389785236,-11.799511669179312,-15.104087614342541,10.40532898078301,2.881762782774649,0.5776588948638555,3.1893723485345356,-2.2872187912332023,-1.9133583915215953,-14.022706232891181,-16.14857578560045,0.612611515874072,-5.8846996571782935,9.112387652553531,4.552411706802569,-9.96047799743584,-7.7963771595465,18.90422233159408,5.462626699639713,2.314057061287187,6.257207609858494,3.2369718073756775,-9.374466658327288,6.468472704240501,-4.740573343603499,5.7887287613056815,4.8566291476307715
-17.736547640793127,-49.76938514970165,6.188936939234859,3.4060522016448935,17.1986940452615,39.222326990720575,-22.36865338141143,-32.856220099372685,-28.272718209280043,25.889625877001265,-51.66390568337253,-46.32865144919852,7.1071384112658595,-45.221601368126215,-5.539770277992523,11.575497923657926,-8.54326461501927,19.678110970133396,-44.88385998325639,4.867892419857363,22.391520971642095,35.67294044470295,-21.37516411464748,-5.228765013522851,1.4148218641842494,-47.77338119036822,22.074733926687315,-23.501152177812227,-23.923843365385217,-8.3233708114934,25.06578340915297,32.6307313129292,-23.60945611078391,-6.35349889060707,-2.2906124653154216,-6.118034609511168,6.5444020141354455,4.912952031586476,31.60566609262323,36.22760454659877,-2.601987011798155,11.082832367303451,-20.720114699823835,-8.798685578566037,23.07890399397359,17.496910936922532,-42.898029183240745,-11.369930507963144,-4.858402194820452,-13.396815452895325,-7.989587309298571,21.452433180470617,-14.406168603218989,10.312303205912821,-11.714303593114142,-10.74192912708089
40.4352227158473,115.78360382632195,-13.661536358090327,-8.136649849398502,-39.85176078968459,-90.1945291179316,52.40505871378243,76.77468692979593,66.03288891309315,-59.67671336171481,118.66162986586944,107.65992249172926,-15.684308914288769,103.6077120384687,12.826317094099618,-27.73076209943208,20.344274389388858,-44.88385998325639,104.38097317286937,-10.679053158816005,-52.25788611960755,-82.39208477549312,48.44795251270072,11.88003691409163,-4.532331950908785,110.79635826343537,-51.504864592449714,55.26223679313088,56.3376335872852,19.26499173316232,-58.59596811253122,-76.00057207836096,54.09451376084946,14.422404811524311,4.408045867516878,15.121321769551619,-13.597388237996796,-10.548680340622449,-72.77533506611876,-83.77480419824921,5.367981988411608,-27.479908335217075,47.69706738260985,21.36316698673429,-52.78744265251523,-40.72823548165474,98.88425567160553,27.217677260076684,11.367436402679607,31.12776546064034,17.885108980465347,-49.36781844545555,33.35197382510272,-24.15083207988252,28.204909177983957,24.784785809747042
-4.617463893544107,-11.835237814205025,1.9673307174360501,1.167733242012783,4.185302960944494,9.848933075041279,-5.492920570639219,-7.801566229557762,-6.408554930390625,6.360671319489802,-12.191736681619519,-11.337049568791505,2.1261577313577917,-11.125152259704995,-1.4250319669804148,2.788200500522032,-1.6927947778305885,4.867892419857363,-10.679053158816005,1.8425119675639376,5.294914410424434,8.39490607338942,-5.626030810161047,-1.9488749626915758,-0.14600031345804593,-11.916134209101648,5.292849502076289,-5.140904860415285,-5.037480259934996,-1.8139924669717822,5.1925395389257085,7.132692489249101,-5.671823597604103,-1.2353007001598342,-0.8940705288850691,-1.1884249737114434,1.8661441714782263,1.213123303396908,7.655816419862065,8.87766484320541,-1.3932867094385961,1.9745731219197535,-5.1939117936787556,-1.4927941306696615,5.958008819398242,4.500234693235875,-10.768776048341175,-2.593725332221421,-0.9522097271194851,-2.7420906423920175,-2.247491727743907,5.503555798459829,-3.452241394360164,2.4313058333985924,-2.4290989964949663,-2.4327890191959316
-20.173226159419105,-57.970738671650516,6.777492131805574,4.098052611217504,19.939515499536128,45.066934709026,-26.274467190566355,-38.470940336513046,-33.08174559275855,29.83020024895488,-59.26810105998955,-53.896166232957434,7.778815499944062,-51.73006692198255,-6.417367622510778,13.959183473583277,-10.225440590339934,22.391520971642095,-52.25788611960755,5.294914410424434,26.179892694734114,41.19552816953846,-24.1441822750846,-5.929778443952205,2.378962201593688,-55.44842229604285,25.802175565031032,-27.718188718951534,-28.262810729679664,-9.634367463872243,29.35493071841924,38.0528653355833,-27.007500541887882,-7.184411621013401,-2.1256469304155234,-7.6506936096626825,6.660067184175251,5.199847033520749,36.369246908346334,41.90091712995892,-2.6332011904527293,13.908672301170855,-23.837238316576833,-10.771965595807718,26.351336662108256,20.398172872962835,-49.431239279238646,-13.697265107127715,-5.695048577666234,-15.575910369686824,-8.893490398834045,24.67207596299516,-16.68400679307069,12.10608181974938,-14.206185995482645,-12.388734941747652
-32.05546968264514,-91.38039240517338,10.854885759673929,6.206418212993225,31.472712422780052,71.36082926578533,-41.16064908044663,-60.47617229462736,-52.144235382548196,47.21873557331408,-94.23850250846736,-84.88766176459266,12.515152497783642,-82.20082402037659,-10.103287076139521,21.583906014945427,-16.01896347487178,35.67294044470295,-82.39208477549312,8.39490607338942,41.19552816953846,65.27582799918586,-38.48639026483859,-9.204689348807223,3.317748820725377,-87.35249361014542,40.578559055912535,-43.576536813243294,-44.47127269396808,-15.30413244151818,46.44207722055368,60.19363664670012,-42.96977658418235,-11.618482289472075,-3.67480296779667,-11.718063941026834,11.1968558051005,8.624848762298724,57.65317709007902,66.19786756226367,-4.182752664934109,21.33397025003883,-37.722905254178684,-16.771444362906756,41.80446861182657,32.00406367095362,-78.15147525539321,-21.24796006946021,-9.02702105883178,-24.75302521006348,-14.233243764765756,39.000763208255115,-26.37077611305562,19.011050476271368,-22.055833804324273,-19.682037399816622
19.38151585310605,53.7160414758607,-6.961819915416949,-3.8441766936985333,-18.617575165443967,-42.64297966057727,24.211447213253745,35.43975222088912,30.34556002670673,-28.070610116141616,55.78712332555238,50.16756093581629,-7.928726967268849,49.0691721654186,6.035731842842137,-12.472928779765496,9.029639987166691,-21.37516411464748,48.44795251270072,-5.626030810161047,-24.1441822750846,-38.48639026483859,23.402057398306393,6.008741770859435,-1.2273526372066959,51.85495471183888,-23.83960551113508,25.11360189352374,25.463748910066393,8.90582478539979,-26.65731926002357,-34.9016679064173,25.549985652072976,6.737114464581018,2.6902167805998043,6.427804950953987,-7.295621574638296,-5.367138286873639,-34.21739873171671,-39.25522748138166,3.2269391038184487,-11.55131942816048,22.520154171507272,9.155123963595528,-25.186223187599314,-19.052373999244313,46.62628382991723,12.180210258656164,5.139375540401084,14.240154222968732,8.829930931567866,-23.37980913415535,15.569426093136796,-11.112299561444487,12.419969527256137,11.542936279253427
4.9787301200929734,13.174893222172058,-2.0552902061274376,-1.3706319032186267,-4.62908364983449,-10.759446015934193,6.208437384436409,8.76018837711868,7.172482324579613,-6.968730493919125,13.22065683126958,12.613727568029946,-2.2028169648390232,12.047987246934673,1.5793621000841531,-3.287014031421245,1.9688587348511053,-5.228765013522851,11.88003691409163,-1.9488749626915758,-5.929778443952205,-9.204689348807223,6.008741770859435,2.1503141314152887,-0.08688864773259475,13.222643176977737,-5.928548734543885,5.827361787279643,5.720016402485086,1.986635543190398,-5.795390853687502,-7.920144917380999,6.130030251661815,1.2767153796013613,0.8095746930452418,1.5063970364813104,-1.7297965220379081,-1.1545976026387097,-8.361393447286645,-9.7850965709543285,1.4455147899678924,-2.53905512077837,5.6844518206573484,1.8255104160353466,-6.458334898791475,-5.0364502642157305,11.817556002443496,3.05342802615673,1.061730835981804,3.0156968449392125,2.3656020244058316,-6.030433173939335,3.8079526117780906,-2.7415624706000017,2.89638105317622,2.6541018655538036
-1.171837450162158,-5.0516226947009395,0.0125423995029313,0.32293077911532625,1.6173064970055175,3.175924817395265,-2.408474588831791,-3.530946571095149,-3.1425546028743745,2.2329843587911293,-4.415352999886027,-4.506710811750846,0.0652934657818051,-3.5371668674497774,-0.48429821189912975,1.6145232980442064,-1.2685248631266788,1.4148218641842494,-4.532331950908785,-0.14600031345804593,2.378962201593688,3.317748820725377,-1.2273526372066959,-0.08688864773259475,1.0396800018162022,-4.43177300054791,2.308313083975239,-2.898366306289963,-3.0751612586330084,-0.8552066280116516,3.012113366572648,3.6133369793384102,-1.9029525010402508,-0.552359006012822,0.4289096892611381,-1.2309863201069657,-0.3817148064349517,-0.018282696707351206,2.72612984706817,3.2859377517344575,0.4343234212085332,2.3506925718284033,-1.7096224454413596,-1.6394306405803027,1.6427061477557614,1.6532025273578195,-3.6091959499014648,-1.632233966750232,-0.6112314397182834,-1.5155274626320174,-0.27411930390497186,1.7108691900342325,-1.3596355815773464,1.1455849140666188,-1.8715200516654829,-1.0228185072825728
43.241199704317495,122.89637071361541,-14.910860261432928,-8.961318707754668,-42.37836342180691,-96.15624870860282,55.79213150630189,81.49369665308285,69.82085560411413,-63.50217276815359,125.80889515525767,114.5522398282727,-17.00066638017519,110.23915879595769,13.707023677445969,-29.496502138155204,21.312205755904397,-47.77338119036822,110.79635826343537,-11.916134209101648,-55.44842229604285,-87.35249361014542,51.85495471183888,13.222643176977737,-4.43177300054791,118.08104365295877,-54.71325808393668,58.28362892991961,59.248283955192356,20.29828942036714,-61.52679653523325,-80.11820594942277,57.43641211824795,15.050816255972428,4.952568222392356,15.849026833749372,-14.64395204089508,-11.202125448674119,-77.34116361524633,-89.13444009749021,6.3566123725399475,-28.648698363349705,50.843669653370625,22.179366083121796,-56.411155819952796,-43.53148993663776,105.42569987028179,28.821705612938537,11.888525663941714,32.64565363876832,19.264137298941055,-52.735403292337274,35.4180598205994,-25.62156513393209,29.658955239170396,26.19181522651767
-19.916695624017965,-57.13537678742073,6.728087061883826,4.088903963711191,19.661104249498532,44.46273723829989,-25.925405188759363,-37.921931458909576,-32.57017220538489,29.415137649316772,-58.37110435489961,-53.157893086904174,7.705122335953563,-50.99969910589812,-6.3373876573998835,13.778808472935399,-10.044428028774243,22.074733926687315,-51.504864592449714,5.292849502076289,25.802175565031032,40.578559055912535,-23.83960551113508,-5.928548734543885,2.308313083975239,-54.71325808393668,25.4389264437583,-27.273637196405584,-27.786269047696223,-9.4724817358963,28.839751331544367,37.42638491773558,-26.608826931650672,-7.038493064785764,-2.1208832726752767,-7.524439564816905,6.570652418213651,5.112823058465246,35.84773151606702,41.320341317245216,-2.6801035512388487,13.658360770214093,-23.51746394386504,-10.558442851568177,26.01319552330582,20.147971774499997,-48.772781264310076,-13.501404956247876,-5.588405499519954,-15.294156249503507,-8.79543671756059,24.356908566077387,-16.443653778054202,11.932265744105024,-13.97530097019929,-12.190546355956437
21.033456243309427,61.31007296882681,-6.815535670914499,-4.135600119016904,-21.018856672736913,-47.27123813384614,27.71143058139522,40.71942952349977,35.195538006509494,-31.384578819873436,62.623755131371475,56.799984445045084,-7.901811134205814,54.36765791584509,6.717949590260009,-14.802253056194287,11.052883524339093,-23.501152177812227,55.26223679313088,-5.140904860415285,-27.718188718951534,-43.576536813243294,25.11360189352374,5.827361787279643,-2.898366306289963,58.28362892991961,-27.273637196405584,29.627495854087154,30.332605342094695,10.281102099889905,-31.52762509600079,-40.62724991117447,28.466433612336605,7.736503566055501,1.9694553061746523,8.317683748048823,-6.735830379758101,-5.406509846548123,-38.323719471122836,-44.11902230670956,2.269140177764727,-15.23346582634754,25.012451133955206,11.819079811648471,-27.519786910997478,-21.371454624910818,51.86988131878969,14.60991847564488,6.149738896705983,16.736355981504197,9.144812508876305,-25.81182806473843,17.616961509823952,-12.82831739265986,15.309736297216777,13.159876570220876
21.33749512143226,62.50402112542663,-6.808871113651425,-4.093722520794446,-21.401863693342687,-48.05312964496326,28.183962829296867,41.5062961303131,35.97555691059904,-31.94568924763011,63.918584668254375,57.80566378391698,-7.93893199756927,55.352488734992995,6.815596452693368,-15.055493786588436,11.364405618652535,-23.923843365385217,56.3376335872852,-5.037480259934996,-28.262810729679664,-44.47127269396808,25.463748910066393,5.720016402485086,-3.0751612586330084,59.248283955192356,-27.786269047696223,30.332605342094695,31.114991922046126,10.537878614641016,-32.38276663878282,-41.61945219564971,29.026442509209748,7.987156984460842,1.9213218338064784,8.540212702543485,-6.814004910993758,-5.523006470864089,-39.046635009917736,-44.907698978663646,2.0818553049476747,-15.695093456510005,25.42778034596564,12.217767585969337,-27.929582820613405,-21.676719823589224,52.722416570239574,14.907712641670045,6.333566372918723,17.207479395987576,9.230563711312746,-26.199659191150626,17.95621792913569,-13.080208831737101,15.695798267157793,13.46167245316731
7.422879584715515,21.36673328414184,-2.439067820031117,-1.3555692546031888,-7.3404622486951006,-16.590452435825608,9.569336204853757,14.132624907047205,12.262130892321805,-11.008024512210637,22.107900381679293,19.773080202963506,-2.845755976549473,19.18003939096827,2.337692763416298,-5.012062037675255,3.814450389785236,-8.3233708114934,19.26499173316232,-1.8139924669717822,-9.634367463872243,-15.30413244151818,8.90582478539979,1.986635543190398,-0.8552066280116516,20.29828942036714,-9.4724817358963,10.281102099889905,10.537878614641016,3.6226553167984425,-11.040513895252642,-14.227165938871952,10.059927187167357,2.7965794302094755,0.8024019217508992,2.7771733476668974,-2.5939739654595186,-2.0341583603692985,-13.470145875937156,-15.429654131045767,0.8081464185972301,-5.097293996105156,8.770687208575186,4.041301839132738,-9.687537197084318,-7.398314119028286,18.162401019622948,4.970751008207139,2.1589876778380277,5.899146854633774,3.2646213050524615,-9.03701599087111,6.1647461455511365,-4.445346144454022,5.214672022344036,4.638901030032094
-22.287570903198937,-64.99993674653601,7.122176711946838,4.080296661304983,22.269233133826276,50.09261141836544,-29.150454719463248,-43.07376716168989,-37.44378028359008,33.3076462118831,-66.92676316205231,-60.041696567087264,8.348538575747018,-57.884036519026886,-7.069448241094705,15.422481284455612,-11.799511669179312,25.06578340915297,-58.59596811253122,5.1925395389257085,29.35493071841924,46.44207722055368,-26.65731926002357,-5.795390853687502,3.012113366572648,-61.52679653523325,28.839751331544367,-31.52762509600079,-32.38276663878282,-11.040513895252642,33.85019138281501,43.46315817780677,-30.397301585947943,-8.496303016238798,-2.1387230272747586,-8.722079672766265,7.436203417458361,5.973575400853493,40.76850489252731,46.75463823846524,-2.100377351452902,16.068125884215792,-26.495944467951077,-12.65482772966418,29.141093149213212,22.424084180576845,-54.894767699966394,-15.326415839694391,-6.635333033600527,-18.051528909041668,-9.679766485851486,27.26334087805055,-18.709637873230648,13.565207706121672,-16.175258148543147,-14.096264628285034
-29.146025849718182,-84.30271954374285,9.52971000156355,5.491054229663108,28.93911865224434,65.28083007552061,-37.899440628659704,-55.85306431325452,-48.380933201116676,43.32348934942326,-86.77340890674353,-78.05513689135033,11.088335084266909,-75.30967860751873,-9.23071535857361,20.009413358798877,-15.104087614342541,32.6307313129292,-76.00057207836096,7.132692489249101,38.0528653355833,60.19363664670012,-34.9016679064173,-7.920144917380999,3.6133369793384102,-80.11820594942277,37.42638491773558,-40.62724991117447,-41.61945219564971,-14.227165938871952,43.46315817780677,56.01401805173713,-39.47032322717168,-10.869322198698466,-2.9866486747171397,-11.147076009010277,9.84634863079698,7.787134916492917,52.966974865008375,60.7962151926002,-3.1736532557773764,20.438085075975838,-34.523550574914694,-16.058906873022963,38.07566254886124,29.275022155851044,-71.53273421622907,-19.802975407052088,-8.489779526727459,-23.161612036522968,-12.762423244660848,35.59594390232441,-24.28342347857361,17.578908191925933,-20.761474692527827,-18.216877421553402
21.2293861038171,59.98699376830769,-7.297548568433977,-4.045190695366445,-20.69702450220428,-47.082972820744494,26.95184183950678,39.62986511833211,34.16404050142566,-31.118960884873328,62.173812097017866,55.76248178179196,-8.408332824417847,54.3045366368694,6.649431302493674,-14.005545856941499,10.40532898078301,-23.60945611078391,54.09451376084946,-5.671823597604103,-27.007500541887882,-42.96977658418235,25.549985652072976,6.130030251661815,-1.9029525010402508,57.43641211824795,-26.608826931650672,28.466433612336605,29.026442509209748,10.059927187167357,-30.397301585947943,-39.47032322717168,28.380803588695745,7.689317183489854,2.616016074499671,7.498692354007388,-7.697631240626706,-5.844817320536073,-38.00696825688347,-43.57044571941165,2.9185703619367587,-13.628686668116737,24.8783789167665,10.801247887699882,-27.64776115066144,-21.018348909142478,51.51409464081135,13.786190113947896,5.904127471012709,16.238948821741413,9.502113378627433,-25.72964497835473,17.345680116525866,-12.446180628799992,14.268038311307375,12.957533035760953
5.5828965394007515,15.98918010619621,-1.7963012055965861,-0.8290924475468915,-5.4913242259580715,-12.445747128960102,7.01284708397671,10.505622908663764,9.240430852662085,-8.280793665815397,16.9179947783994,14.699224802406686,-2.1486824956781425,14.561806676340051,1.721295618992468,-3.559853949632629,2.881762782774649,-6.35349889060707,14.422404811524311,-1.2353007001598342,-7.184411621013401,-11.618482289472075,6.737114464581018,1.2767153796013613,-0.552359006012822,15.050816255972428,-7.038493064785764,7.736503566055501,7.987156984460842,2.7965794302094755,-8.496303016238798,-10.869322198698466,7.689317183489854,2.2784308712469765,0.668812043337892,1.9849888617207774,-2.1808564146715104,-1.699455094758631,-10.19204128536054,-11.556378692409028,0.4567246121566542,-3.6950967050460446,6.5720467082019765,3.0585032956047336,-7.26732802195707,-5.39993274798038,13.57377207449632,3.59291844918413,1.6798142951223312,4.5945082211689225,2.4636791598259213,-6.726244136289399,4.638901357170666,-3.2992627124785954,3.829633884443441,3.5637579589232984
2.136395454590751,4.871817377971177,-1.0015626633913237,-0.360303265437223,-1.7658170241992903,-4.35237154555246,2.1111392028184155,3.095465838898525,2.5887187192358243,-2.7840314099687213,5.562436482660503,4.66666064334234,-1.1140778433891931,5.086190421108804,0.5939971096004508,-0.8645065553147523,0.5776588948638555,-2.2906124653154216,4.408045867516878,-0.8940705288850691,-2.1256469304155234,-3.67480296779667,2.6902167805998043,0.8095746930452418,0.4289096892611381,4.952568222392356,-2.1208832726752767,1.9694553061746523,1.9213218338064784,0.8024019217508992,-2.1387230272747586,-2.9866486747171397,2.616016074499671,0.668812043337892,0.6428282105159325,0.21491933316757364,-1.2937843059045286,-0.7997823773309362,-3.3947082059724076,-3.7958938486842686,0.7113145545119631,-0.30865907615236166,2.279406344885124,0.3815116059771813,-2.7056449615056852,-1.8003106605677188,4.676901751980633,0.8154514781123056,0.3957657363426932,1.1997339944055971,1.12408932872229,-2.4007654309128523,1.474144913488759,-0.9478706394309443,0.714934673019249,1.088555241967216
5.470763397900241,16.79122967612454,-1.6109790905105412,-1.2157665293706335,-5.701146113634487,-12.5775118514957,7.724396775148056,11.273182523228163,9.726468871815472,-8.400567044842369,16.599404123531365,15.51912792856607,-1.8664738033083799,14.322691556625228,1.8196595143861054,-4.342578689866203,3.1893723485345356,-6.118034609511168,15.121321769551619,-1.1884249737114434,-7.6506936096626825,-11.718063941026834,6.427804950953987,1.5063970364813104,-1.2309863201069657,15.849026833749372,-7.524439564816905,8.317683748048823,8.540212702543485,2.7771733476668974,-8.722079672766265,-11.147076009010277,7.498692354007388,1.9849888617207774,0.21491933316757364,2.5926604632241297,-1.265294652574093,-1.164668595504238,-10.22835514168403,-11.906544048153279,0.38936803844285417,-4.769836294570762,6.673277263500385,3.547072922885995,-7.2209143282860815,-5.867750675520786,13.88767745721808,4.27466989134531,1.7038182048846717,4.561362218709222,2.2585022212606267,-6.882620613629386,4.766970077350315,-3.570104531522502,4.528968300828784,3.5281432038031504
-5.897765559340937,-15.049619676269867,2.3388274338084134,0.863550317674472,5.302341368580703,12.540007410113887,-6.505115536689064,-9.70744934509952,-8.393639568853716,8.18991706548666,-16.66335851830028,-14.069783289849264,2.6970809069859665,-14.731509623285396,-1.710123995488844,2.955889015832482,-2.2872187912332023,6.5444020141354455,-13.597388237996796,1.8661441714782263,6.660067184175251,11.1968558051005,-7.295621574638296,-1.7297965220379081,-0.3817148064349517,-14.64395204089508,6.570652418213651,-6.735830379758101,-6.814004910993758,-2.5939739654595186,7.436203417458361,9.84634863079698,-7.697631240626706,-2.1808564146715104,-1.2937843059045286,-1.265294652574093,3.0610103627012046,2.0790871811561513,10.05702039194446,11.279890739589737,-1.2021444519749727,2.2444384801961785,-6.591293099793235,-2.093379376908918,7.560633111856062,5.253801302616793,-13.554799378450445,-2.9264294808644444,-1.4379329799003948,-4.105139374716331,-2.8693053835707705,6.826829491755389,-4.464481564911962,3.0116993927316025,-2.919721969823995,-3.394685352553487
