V1,V2,V3,V4,V5,V6,V7,V8,V9,V10,V11,V12,V13,V14,V15,V16,V17,V18,V19,V20,V21,V22,V23,V24,V25,V26,V27,V28,V29,V30,V31,V32,V33,V34,V35,V36,V37,V38,V39,V40,V41,V42,V43,V44,V45,V46,V47,V48,V49,V50,V51,V52,V53,V54,V55,V56
4.54524551832435,12.88163989338563,-1.5571427875463593,-0.8797830224427279,-4.442254503683759,-10.093300570613279,5.799498877193698,8.518201890816519,7.337549808561698,-6.672404637153964,13.312153992991885,11.976842514704913,-1.7918272345555426,11.628154686360805,1.4280539397610963,-3.027687287111744,2.2402886410831298,-5.051107420016468,11.615241790477501,-1.2133528404273908,-5.803336464396761,-9.211257670591804,5.463955982378406,1.3207565309961626,-0.4311243462418241,12.334606643374235,-5.718493112805519,6.119966153774745,6.2391559982596165,2.155107612000501,-6.521795519192299,-8.467821509974714,6.075075972896785,1.637932644883165,0.5449883634532169,1.6278045779439854,-1.6180688324917452,-1.2341263399919578,-8.145687987550073,-9.348410117077725,0.6226619166194157,-2.95737448971382,5.334406275877878,2.331424611818053,-5.922688298769732,-4.519687947339316,11.049039521042998,2.977370713187894,1.2661310742166345,3.4787718622998915,2.028919241840142,-5.518494140117511,3.7213159601163426,-2.67604691069307,3.081520062891569,2.775483618993359
12.88163989338563,37.151475020855116,-4.416657571305181,-3.016923841765076,-12.784755318677618,-28.833177447095387,17.147407906381776,24.798383243664677,21.0598697698344,-19.034075933443663,37.21167477459353,34.74917729862781,-4.957938869500229,32.73302990832742,4.173275899849149,-9.33876242324227,6.487494521431445,-14.098602090216911,33.477961499659315,-3.6632967557835405,-16.828779204310006,-26.057244927975198,15.338932820851877,4.25086827902424,-1.69111593110687,35.83565567441105,-16.639603077077798,17.662948254649024,17.88618669926932,5.993707565694809,-18.309593255927343,-23.91165346561346,16.978574626043965,4.215189853539238,1.2316583267639725,5.087244690880248,-3.7844371495023403,-2.9694924413051194,-23.081688400134656,-26.839695888150132,2.013161780064136,-9.140238695391211,15.265982489130225,6.8161393295348205,-16.8639615009165,-13.362053882088759,31.7306067496859,9.035384666197839,3.5122152250138625,9.599787655111593,5.666679343234914,-15.897298673264276,10.64023262033491,-7.813599162275445,9.243493307773326,7.746418106116133
-1.5571427875463593,-4.416657571305181,0.5970752339117515,0.5140231927081362,1.5313439278994452,3.4650703313528086,-2.1504555591135435,-2.9908737357143518,-2.428964187227532,2.2578423987111504,-4.178362228353785,-4.22704082213999,0.624698140225053,-3.800282330280863,-0.5254585226217954,1.2339648157052352,-0.7172247099363592,1.6180133854169874,-3.9766657562255654,0.5866724370896838,2.0132795868762092,2.9837828340896397,-1.8367817635302652,-0.7138243098707443,0.20372412137726562,-4.40785556268535,2.0142929100332467,-2.024174327300591,-1.9918291750204444,-0.6406948399342889,1.9458737824653063,2.634525537631828,-1.9233398632122465,-0.35447830490657123,-0.1414538704794478,-0.6345189757483424,0.3328781702714416,0.24641256860456745,2.6888493865070093,3.2130764411058386,-0.4165065293189756,1.0898133525673188,-1.8383594272376205,-0.7235888330843772,2.0446119017853674,1.7110832093001538,-3.8448616773258966,-1.1418208046972131,-0.3551006006879663,-0.97981399273079,-0.6983897402818459,1.956398922906484,-1.2516958805099139,0.9436083702915627,-1.1058061992268047,-0.8496483651009168
-0.8797830224427279,-3.016923841765076,0.5140231927081362,1.2896299468488057,1.0464854279673363,2.157768257384055,-2.2290923404626155,-2.4114074358764586,-1.3502705491124094,1.2972933222882115,-0.9016636197142203,-3.3685896920794898,0.2862008599057627,-1.4661998838929027,-0.4958832092978825,1.8391354138878886,-0.3773617868347475,0.4333813819348739,-2.6836551158653994,0.9781708589648721,1.510347720195997,1.175919649489144,-0.8235811095274972,-1.5224762457992527,0.6423819760530356,-3.687666613439927,1.6340191703232838,-1.198480833297361,-0.8886159840673078,-0.0036092795739880766,0.17062496686966766,0.68933240612996,-0.4634651136244638,0.7056549169315798,0.29326443130814905,-0.9468011228064992,-1.0574299945872436,-0.7650769142509262,1.2373046578471958,2.1186701139600017,-0.9894659883383006,1.4300803771700854,-1.1856976884668171,-0.3689358313049334,1.2598145126366576,1.8524967508294197,-2.6662324218988878,-1.4541473086861771,0.07532565295009339,0.23417873249858645,-0.3366480854319531,1.4898179863998267,-0.7181533176988064,0.7885397692072686,-1.1686682371401658,-0.1074813469411835
-4.442254503683759,-12.784755318677618,1.5313439278994452,1.0464854279673363,4.401835321642803,9.934258674945392,-5.904879305329324,-8.533458340245623,-7.239910751963801,6.554898803253481,-12.803302582615906,-11.965509982250977,1.716193626742827,-11.272758355540251,-1.4385321634689323,3.2144420129124143,-2.2246044920264274,4.856099391873843,-11.520608301873219,1.2764698581715332,5.7906095470474375,8.964920870318679,-5.290945383422412,-1.4790380287921767,0.570747919368799,-12.3447915142885,5.727186463502298,-6.067883838254696,-6.139984082645009,-2.0587530966443857,6.282963272254872,8.214136314973858,-5.844082062411166,-1.4441991719057077,-0.4319707535346947,-1.7445316827015784,1.3094275430865387,1.02285129536892,7.946359144133455,9.242371059852582,-0.7107252773280439,3.1300606493349568,-5.259600507042985,-2.331643629113165,5.814208705247537,4.6061269178864634,-10.932428036828226,-3.1067228467408476,-1.2039671504490748,-3.2931644380393132,-1.9580588839715065,5.479923806500938,-3.662204897770109,2.6882580068638635,-3.172719487138409,-2.662923539595118
-10.093300570613279,-28.833177447095387,3.4650703313528086,2.157768257384055,9.934258674945392,22.49510889742592,-13.144508557597646,-19.154487113600243,-16.379823369248925,14.85816503468081,-29.344985823558645,-26.892042185837354,3.93789135152368,-25.72754510644964,-3.2191563852153235,7.0089465966825335,-5.019228702193965,11.130086285891897,-25.990994026066346,2.789430127951579,13.023912885021705,20.422384020757047,-12.079194297828822,-3.136402877055328,1.127922129243448,-27.717520379530978,12.856426858244994,-13.696047943804805,-13.913543413369894,-4.736690524046047,14.395064394626523,18.749002497780435,-13.392123896727965,-3.4677781664045995,-1.095696109979994,-3.7886775010177653,3.2905727186899143,2.5384572038529263,18.077885640442034,20.882271875460276,-1.4890354147740117,6.841829660713623,-11.899004977460407,-5.244122938147651,13.181457279126528,10.246563188988706,-24.688778889895488,-6.83363695881622,-2.7775819121216734,-7.614546835605743,-4.47659375303336,12.351738366695894,-8.29463733692855,6.026418915002399,-7.027340246788023,-6.111981015450974
5.799498877193698,17.147407906381776,-2.1504555591135435,-2.2290923404626155,-5.904879305329324,-13.144508557597646,8.587714862168927,11.76845009934337,9.43739304388881,-8.578131706776611,15.459400304067223,16.472795437338412,-2.181741290323168,14.13153399275291,2.0503422789613808,-5.185363189302947,2.8827679442574636,-5.9252497947669385,15.423488195013855,-2.2232305052959895,-7.884743627705856,-11.267315089912614,6.722314351751016,2.8964694596400062,-1.2034746328275259,17.15466450603499,-7.908092384449282,7.973874830889873,7.8167381219069645,2.3795554317617316,-7.405630795717927,-10.039025241787554,7.092987956939757,1.1038629739288246,0.2397869875647096,2.7880465251672857,-0.6317224922826427,-0.553773937224915,-10.133083837227739,-12.33112433046543,1.5768617743301996,-4.79488252311984,6.994733318259273,3.013325592322394,-7.6814761695848,-6.779849821592833,14.701968338466237,4.757466399255496,1.3346211734384388,3.6216760843222646,2.5055720176890404,-7.487340752831347,4.791991044306724,-3.7320295538129598,4.61530072407314,3.156036072199358
8.518201890816519,24.798383243664677,-2.9908737357143518,-2.4114074358764586,-8.533458340245623,-19.154487113600243,11.76845009934337,16.709621368312472,13.927402428968954,-12.599850024620068,24.008196041284748,23.39809639091646,-3.2475434993973984,21.366658791949835,2.8433863405600652,-6.657359046953087,4.284137953288374,-9.123919869022746,22.332490378612775,-2.6876529537202996,-11.290716940444327,-17.026557453829888,10.052607405769653,3.2745214669745417,-1.3452561157290777,24.20537133224719,-11.216451658845418,11.71370666382054,11.741198015722247,3.8169061466989818,-11.732231259694412,-15.491430305678078,10.970960512777776,2.4115980016514302,0.6544779188423805,3.6153744568307395,-1.9778463073061103,-1.5847620664051763,-15.151084234917555,-17.881594726774836,1.6400339649248614,-6.3960154027959435,10.158815037642796,4.499319499322425,-11.196081224127607,-9.208426987144565,21.194251409161893,6.318568162138634,2.2101129254805714,6.0255308858390375,3.7210728494644685,-10.674745610419833,7.043889803381379,-5.277062126909421,6.347574766014575,4.970024864053338
7.337549808561698,21.0598697698344,-2.428964187227532,-1.3502705491124094,-7.239910751963801,-16.379823369248925,9.43739304388881,13.927402428968954,12.071297801030422,-10.86147791371736,21.79421229761974,19.503322380215085,-2.8278191845762906,18.928587327782903,2.309084919427376,-4.937491234638553,3.742808374852801,-8.21644238850033,18.98870012751005,-1.8204499910513479,-9.493857368197233,-15.083653941113145,8.807693193012804,1.989576673623401,-0.8160247852745915,20.032242884305003,-9.33748028432382,10.111328082016145,10.355301061754862,3.5640440113501524,-10.847791425080823,-13.995659531232912,9.922183320612042,2.7465255433563143,0.8105351025414368,2.7214163265942135,-2.578348027728158,-2.011360774024525,-13.28651883700342,-15.221897074399081,0.8330550121387561,-4.987202479979643,8.658726528276816,3.953126011683049,-9.573091079553087,-7.30633821615289,17.930421676639746,4.890661889558357,2.1189485737494596,5.795710830822321,3.236151637277813,-8.927123724977873,6.0781999781010585,-4.379673368543745,5.119653149676975,4.568162779156809
-6.672404637153964,-19.034075933443663,2.2578423987111504,1.2972933222882115,6.554898803253481,14.85816503468081,-8.578131706776611,-12.599850024620068,-10.86147791371736,9.831919762105501,-19.61472803042056,-17.682884400085317,2.602121981636397,-17.10995905118389,-2.1046345028928557,4.5033230734024965,-3.338453719686958,7.423699296118977,-17.161374795592113,1.7476015973535024,8.582214149102379,13.590546662854212,-8.0086194185682391,-1.9195540729801943,0.6989528172183065,-18.195930228323288,8.454038369170796,-9.07892283886007,-9.264720446442816,-3.1856395963777646,9.67071383229134,12.534398767245357,-8.943222081575469,-2.4148629300637086,-0.7596059726628802,-2.4471314748796966,2.319574121808763,1.7886913901378387,12.003138164074269,13.786079854728692,-0.8705309047345122,4.454511015355951,-7.854831791214264,-3.4972030410483517,8.702808564445332,6.668918203196189,-16.274240398987924,-4.43195803141489,-1.8794105181759764,-5.1522939280468,-2.960745433335378,8.121549924973245,-5.491655668201944,3.9609846584605095,-4.600303400708609,-4.096939286047419
13.312153992991885,37.21167477459353,-4.178362228353785,-0.9016636197142203,-12.803302582615906,-29.344985823558645,15.459400304067223,24.008196041284748,21.79421229761974,-19.61472803042056,41.67477239328721,33.7168183932967,-5.277399198486749,35.32824278037862,3.86990141832791,-7.107530643468217,6.755900379913914,-15.633762383518503,33.60589578150053,-2.3590914578298263,-16.55184632445305,-28.044351809801313,16.328869881818502,1.9161116951542714,-0.5652852307458585,34.3612273381319,-16.084235072472616,18.112294359368363,18.987099743899478,6.9839547273024625,-20.96046710711737,-26.461031863916883,18.922317940756997,6.362068504102373,2.1083057926915227,3.941399113654776,-6.683144331287239,-5.077968716818601,-24.468659477744325,-27.051538632156326,0.41770302309623536,-7.6174345891148185,15.44533711145064,7.117051102641373,-17.19395060639306,-11.838314528379883,31.685146754361043,7.531537388392078,4.237072263208029,11.657510226948824,5.988120061314896,-15.572204272287589,10.965652520644332,-7.501982088399445,8.331121288507436,8.826532035187121
11.976842514704913,34.74917729862781,-4.22704082213999,-3.3685896920794898,-11.965509982250977,-26.892042185837354,16.472795437338412,23.39809639091646,19.503322380215085,-17.682884400085317,33.7168183932967,32.792845458892124,-4.592227629699819,30.01847203808118,3.9872803661919485,-9.28943059305268,5.980221271004768,-12.828930467716535,31.295515179734622,-3.79768590583183,-15.81325159100608,-23.88804005649767,14.148909176977147,4.602267842388096,-1.8242957932105932,33.934996688013484,-15.7099542398353,16.38520575025949,16.419231051454744,5.353338393388804,-16.42615500879199,-21.703387580937203,15.41392233855794,3.396879152802919,0.962200470622022,5.022659589282403,-2.8511246482223584,-2.263760905846359,-21.267649017151427,-25.081683243425037,2.331653739877148,-8.879458702272425,14.260011206833859,6.260951366326302,-15.732934788471985,-12.90234736809323,29.743534123548727,8.816447928210641,3.0938178287603817,8.445230278967301,5.24854665073392,-14.984525259001334,9.87835139671734,-7.38664971580896,8.848059693555257,6.974396300530271
-1.7918272345555426,-4.957938869500229,0.624698140225053,0.2862008599057627,1.716193626742827,3.93789135152368,-2.181741290323168,-3.2475434993973984,-2.8278191845762906,2.602121981636397,-5.277399198486749,-4.592227629699819,0.7312888259881966,-4.593918418384153,-0.5458564562612263,1.086121631250503,-0.8482843477296305,2.01212347426539,-4.473853759474349,0.4667783102886456,2.220353396066843,3.609924281922823,-2.1758515616541936,-0.47224384330615404,0.09145320281739593,-4.730080719185041,2.182710908044499,-2.339825947374852,-2.3952070441139663,-0.8537758639099257,2.5523648821341123,3.3070152962851207,-2.411898561734489,-0.6891572882149888,-0.2656725523575705,-0.5659089971127812,0.7495239480668389,0.5547897708491172,3.193750713796091,3.6221834379250564,-0.23510595375508814,1.0365467236660997,-2.0771372052059034,-0.8664710144116086,2.323041709381088,1.706840413957605,-4.288423742600529,-1.083206860301872,-0.49943689277829245,-1.3826694672291568,-0.8163907244897823,2.139152410229012,-1.4452468878133449,1.0170515273898004,-1.1275435993098157,-1.0986422347812947
11.628154686360805,32.73302990832742,-3.800282330280863,-1.4661998838929027,-11.272758355540251,-25.72754510644964,14.13153399275291,21.366658791949835,18.928587327782903,-17.10995905118389,35.32824278037862,30.01847203808118,-4.593918418384153,30.35203509660598,3.5083771488796853,-6.929892013992676,5.830536051675937,-13.317772598042382,29.539948981291904,-2.539007021984829,-14.64780105156033,-24.076370443959405,14.130236803946794,2.4611952130095514,-0.7860785192679303,30.74282395016761,-14.327540943917429,15.759949949934978,16.31296253849058,5.832180210534501,-17.57199667617886,-22.458182178745552,16.075862508998345,4.92573470528086,1.6280900404212633,3.78565878190616,-5.0429126810220435,-3.8403594775432106,-21.133020683026025,-23.772155564780622,0.9270823528416823,-7.093781717535367,13.567461756413175,6.111714870170779,-15.08219674170319,-10.912239794756996,27.959356545308918,7.069458460777769,3.4903654916503233,9.59605485559366,5.209663793211178,-13.844877263583161,9.556064769294304,-6.694516777519366,7.569804489973535,7.431306267736684
1.4280539397610963,4.173275899849149,-0.5254585226217954,-0.4958832092978825,-1.4385321634689323,-3.2191563852153235,2.0503422789613808,2.8433863405600652,2.309084919427376,-2.1046345028928557,3.86990141832791,3.9872803661919485,-0.5458564562612263,3.5083771488796853,0.49327263979957586,-1.207035625279452,0.7024682738611243,-1.4825290811224936,3.7556647373753362,-0.5198747430858565,-1.9108251681824182,-2.788923842628674,1.669071568839349,0.6585021564207013,-0.2571385286169791,4.146256262175111,-1.910797162048867,1.9437294611793778,1.9183615356764363,0.6006299337157548,-1.854781964269903,-2.4951210360196967,1.774703510922883,0.31714539640366085,0.0857801779581421,0.6456370319592651,-0.23062985873313302,-0.18763240440676254,-2.5017626667445385,-3.0096032946355997,0.3568248592443346,-1.1180691814974002,1.7106019358021622,0.7308119580179944,-1.884704055406896,-1.6171745235672945,3.584987446421782,1.118341452286586,0.33920019066535273,0.9248131527773379,0.6232500360892288,-1.820155689168087,1.174357001013082,-0.8998048636394127,1.094333904677561,0.7925769521741604
-3.027687287111744,-9.33876242324227,1.2339648157052352,1.8391354138878886,3.2144420129124143,7.0089465966825335,-5.185363189302947,-6.657359046953087,-4.937491234638553,4.5033230734024965,-7.107530643468217,-9.28943059305268,1.086121631250503,-6.929892013992676,-1.207035625279452,3.49374559897639,-1.5002730273470206,2.771635086129629,-8.377926030550515,1.5873311738917595,4.385460872746916,5.557822996710661,-3.361772474257137,-2.261496219704976,1.0024648584177893,-9.788328580825942,4.479648951802458,-4.226628787201864,-3.951029469133994,-1.0068284853308478,3.2672913056811215,4.731382065233781,-3.289903407797665,0.03166079300730155,0.13784751397909992,-1.8683951891148916,-0.5256267405568975,-0.3270590740642508,5.112794460979471,6.6598580353623005,-1.319492098790799,3.0842244307723012,-3.75765138777224,-1.5673693343401764,4.083188567816075,4.146359487771406,-8.023861838990506,-3.0465023912143003,-0.5164985670404146,-1.37248096956385,-1.2640863032600227,4.173986540525699,-2.5172487247209783,2.129862492554361,-2.7977771482797142,-1.4028144912580105
2.2402886410831298,6.487494521431445,-0.7172247099363592,-0.3773617868347475,-2.2246044920264274,-5.019228702193965,2.8827679442574636,4.284137953288374,3.742808374852801,-3.338453719686958,6.755900379913914,5.980221271004768,-0.8482843477296305,5.830536051675937,0.7024682738611243,-1.5002730273470206,1.174992070289844,-2.532626574675328,5.8499200108872795,-0.5098606937070839,-2.9237177941095407,-4.667862408306687,2.689594138709868,0.5523207552463394,-0.2701768665250177,6.125688923886084,-2.868984833416005,3.1444935744324227,3.236949397808254,1.1157797243060128,-3.408410370412276,-4.368877652856981,3.0691186354132354,0.879963149840083,0.23648105039955158,0.8441982113466894,-0.8002537435013715,-0.6345830275994314,-4.09584909033115,-4.675036285511619,0.19803537465574242,-1.5621525983055873,2.652971826822497,1.2552883798944663,-2.9240160273752815,-2.218020105045598,5.489515495000979,1.5004487148132766,0.6706164342858242,1.8284051463276936,0.9792194152407678,-2.723631445348484,1.8733647979444297,-1.3478958263633252,1.5902032841034257,1.4232098316199349
-5.051107420016468,-14.098602090216911,1.6180133854169874,0.4333813819348739,4.856099391873843,11.130086285891897,-5.9252497947669385,-9.123919869022746,-8.21644238850033,7.423699296118977,-15.633762383518503,-12.828930467716535,2.01212347426539,-13.317772598042382,-1.4825290811224936,2.771635086129629,-2.532626574675328,5.881596036417234,-12.730137950508484,0.975327835723377,6.279986126256744,10.554010597003952,-6.182534689229457,-0.8438358839992203,0.2269572660535615,-13.100849136245673,6.116252472529121,-6.82391732012638,-7.122139390810675,-2.6036175454990116,7.810486837414599,9.905937017756251,-7.106663145524129,-2.3224135175903857,-0.787570444874058,-1.518593576700922,2.449569550235781,1.8542322672085456,9.231960760491035,10.25753194118034,-0.25448909677252246,2.903306784366546,-5.860861892085195,-2.654386381222172,6.529178553693438,4.55638563782304,-12.038435029118263,-2.899598653041263,-1.5698416312610906,-4.322987396619152,-2.276644898328839,5.933443609172001,-4.145498799059035,2.8522148143483834,-3.169166030582006,-3.3010893031565494
11.615241790477501,33.477961499659315,-3.9766657562255654,-2.6836551158653994,-11.520608301873219,-25.990994026066346,15.423488195013855,22.332490378612775,18.98870012751005,-17.161374795592113,33.60589578150053,31.295515179734622,-4.473853759474349,29.539948981291904,3.7556647373753362,-8.377926030550515,5.8499200108872795,-12.730137950508484,30.169345576650812,-3.280349290005522,-15.159434381867978,-23.513128859230374,13.83952324749942,3.79297318922134,-1.504137304294693,32.26750106269088,-14.984533320306735,15.922787273634125,16.134379634468118,5.417328484121542,-16.54177003696752,-21.58816272514804,15.331914852217851,3.833681694065378,1.124950261510581,4.56416319461586,-3.4592500085066002,-2.7114067565720132,-20.821936154293585,-24.188769637936716,1.7886646893597986,-8.2095909965622,13.759401550666526,6.146146783742762,-15.20225544271027,-12.015581198274624,28.59254601572355,8.116597877529198,3.1766736530039887,8.684244849384037,5.11228896958914,-14.320350423686651,9.593215656787233,-7.036094179724122,8.313298575723481,6.998089628922314
-1.2133528404273908,-3.6632967557835405,0.5866724370896838,0.9781708589648721,1.2764698581715332,2.789430127951579,-2.2232305052959895,-2.6876529537202996,-1.8204499910513479,1.7476015973535024,-2.3590914578298263,-3.79768590583183,0.4667783102886456,-2.539007021984829,-0.5198747430858565,1.5873311738917595,-0.5098606937070839,0.975327835723377,-3.280349290005522,0.8557741062517538,1.744114185018161,1.9831720754662059,-1.3151105752990118,-1.2204891941915585,0.42184675884994094,-4.07288382612014,1.8189733325161526,-1.5465444681663634,-1.3444576978992169,-0.2762469487878988,0.9119031452098838,1.519318775585384,-1.1196055146770068,0.25783498266790755,0.08021192311482543,-0.7986166041401414,-0.42839311737848895,-0.31886192009441916,1.90121778426247,2.6387942445072334,-0.792239077623025,1.2482679249627708,-1.5022684516163036,-0.4913018996811974,1.6486747769398924,1.8262939568449361,-3.2477345537501314,-1.3201410216540364,-0.10241353580500567,-0.27515268553919525,-0.5222980690214947,1.7348582083429958,-0.9627029394012996,0.8626108841823561,-1.1274337147464162,-0.43038623867923115
-5.803336464396761,-16.828779204310006,2.0132795868762092,1.510347720195997,5.7906095470474375,13.023912885021705,-7.884743627705856,-11.290716940444327,-9.493857368197233,8.582214149102379,-16.55184632445305,-15.81325159100608,2.220353396066843,-14.64780105156033,-1.9108251681824182,4.385460872746916,-2.9237177941095407,6.279986126256744,-15.159434381867978,1.744114185018161,7.644519003635025,11.669385575726123,-6.876374998954072,-2.0814130983810037,0.8484200278797984,-16.33401047273464,7.577425602521988,-7.975682908612697,-8.033482671604876,-2.648524976232634,8.118924553683136,10.663074036519143,-7.557642636735065,-1.7635757404939594,-0.4942961889756041,-2.386778303906969,1.5110508346526377,1.1988874559890423,10.3609245820823,12.143906250732282,-1.0158897242446876,4.252631174665601,-6.902116837537597,-3.072638837009249,7.613921040344747,6.156856195905104,-14.37495648182588,-4.198952008898847,-1.5429495554801602,-4.210780075599327,-2.542143214302972,7.221829226413478,-4.798231456469821,3.561881749159103,-4.2545506984740795,-3.436063419919818
-9.211257670591804,-26.057244927975198,2.9837828340896397,1.175919649489144,8.964920870318679,20.422384020757047,-11.267315089912614,-17.026557453829888,-15.083653941113145,13.590546662854212,-28.044351809801313,-23.88804005649767,3.609924281922823,-24.076370443959405,-2.788923842628674,5.557822996710661,-4.667862408306687,10.554010597003952,-23.513128859230374,1.9831720754662059,11.669385575726123,19.13566209407775,-11.17834281574358,-1.9395727531340337,0.6933263279590964,-24.451486766752435,11.41305769018722,-12.579217949206317,-13.025644688728134,-4.638602620005259,14.007925310665087,17.886671250155615,-12.753786942704595,-3.904412438307889,-1.2460994552984932,-3.0616169395124575,3.927916186531514,3.0109708300022984,16.783283627064474,18.896193526910206,-0.6973759403247698,5.739385407991023,-10.772508925995176,-4.915443506591876,11.956346307512124,8.68568456657076,-22.205952226637173,-5.667996722342736,-2.7831802993287167,-7.6397011601857185,-4.1084044202914844,10.990547061755526,-7.598618261376024,5.337248599599318,-6.077786550426124,-5.905889176471717
5.463955982378406,15.338932820851877,-1.8367817635302652,-0.8235811095274972,-5.290945383422412,-12.079194297828822,6.722314351751016,10.052607405769653,8.807693193012804,-8.0086194185682391,16.328869881818502,14.148909176977147,-2.1758515616541936,14.130236803946794,1.669071568839349,-3.361772474257137,2.689594138709868,-6.182534689229457,13.83952324749942,-1.3151105752990118,-6.876374998954072,-11.17834281574358,6.621923263623437,1.3314995532431622,-0.38169678731693774,14.53124372432715,-6.74651142364395,7.324875179431388,7.533871082271511,2.669825724785293,-8.03693486462091,-10.344440171986925,7.44355557248831,2.1780173770249216,0.7505285308392241,1.8075959489692843,-2.247532255101966,-1.6995139391112848,-9.848555917705527,-11.154677779324409,0.5818857779350552,-3.341942330025844,6.373742076419904,2.796799023343924,-7.094143997022244,-5.219835753790225,13.156835902181578,3.3781297563368855,1.5820041328699441,4.356635946234778,2.4565454847278914,-6.540689371081453,4.465152490372572,-3.1512091470657135,3.5615643412073092,3.418821715124683
1.3207565309961626,4.25086827902424,-0.7138243098707443,-1.5224762457992527,-1.4790380287921767,-3.136402877055328,2.8964694596400062,3.2745214669745417,1.989576673623401,-1.9195540729801943,1.9161116951542714,4.602267842388096,-0.47224384330615404,2.4611952130095514,0.6585021564207013,-2.261496219704976,0.5523207552463394,-0.8438358839992203,3.79297318922134,-1.2204891941915585,-2.0814130983810037,-1.9395727531340337,1.3314995532431622,1.8365977358967627,-0.7131563520676427,4.9984771506774885,-2.218535873154147,1.7275417755480726,1.376310880284951,0.14150517357454312,-0.5875698248841643,-1.3093530238044593,0.9390635573253663,-0.6926101456726975,-0.2659977401474172,1.1493089803701095,1.0464581533205672,0.7646214334740044,-1.9497165694133025,-3.0234127942091478,1.1984264273313858,-1.75338139104314,1.707222409377079,0.5315392416736933,-1.8442007140657535,-2.3997255309474608,3.772160549083531,1.8191800607591626,-0.010399259918251103,-0.05115875630384044,0.5387177801270426,-2.0684977110850213,1.0586237219875674,-1.062793865439049,1.4910271313782177,0.30274604345915523
-0.4311243462418241,-1.69111593110687,0.20372412137726562,0.6423819760530356,0.570747919368799,1.127922129243448,-1.2034746328275259,-1.3452561157290777,-0.8160247852745915,0.6989528172183065,-0.5652852307458585,-1.8242957932105932,0.09145320281739593,-0.7860785192679303,-0.2571385286169791,1.0024648584177893,-0.2701768665250177,0.2269572660535615,-1.504137304294693,0.42184675884994094,0.8484200278797984,0.6933263279590964,-0.38169678731693774,-0.7131563520676427,0.4285593366432106,-1.9598197714735495,0.9028111478842233,-0.7500757746170585,-0.6167218382246102,-0.03919768754076673,0.24913484429193006,0.5153473469801353,-0.2696115181705304,0.3284170265251067,0.2133349221725568,-0.5631899730510067,-0.6147538954249296,-0.41507038705442706,0.6839518723428094,1.1458733107593537,-0.4104174974270718,0.8954536023641505,-0.6221240974159169,-0.308925965631252,0.6315418493771683,0.9666044480335481,-1.3996827935857883,-0.8179603934150184,0.0014421151223788444,0.037277355317538306,-0.13438451041042904,0.76507415054147,-0.40130814757038785,0.44214902693354435,-0.7046576478828784,-0.09113564142271403
12.334606643374235,35.83565567441105,-4.40785556268535,-3.687666613439927,-12.3447915142885,-27.717520379530978,17.15466450603499,24.20537133224719,20.032242884305003,-18.195930228323288,34.3612273381319,33.934996688013484,-4.730080719185041,30.74282395016761,4.146256262175111,-9.788328580825942,6.125688923886084,-13.100849136245673,32.26750106269088,-4.07288382612014,-16.33401047273464,-24.451486766752435,14.53124372432715,4.9984771506774885,-1.9598197714735495,35.16616886243915,-16.256874223444036,16.83528545599212,16.79987022081719,5.421804164531868,-16.658444479207862,-22.118170381301994,15.722731540804475,3.2918626995774387,0.9302795068150047,5.271870122152268,-2.690734795968038,-2.1434721138326482,-21.81583909922077,-25.864280176391564,2.5922138336855185,-9.263730971726632,14.705723192261024,6.398593076857134,-16.22173550858912,-13.465540301393537,30.71220729269869,9.225819473058852,3.1136725922997135,8.49823322104328,5.40221164115632,-15.50641807759089,10.160308220330226,-7.646157066944234,9.19114789611595,7.087939296673677
-5.718493112805519,-16.639603077077798,2.0142929100332467,1.6340191703232838,5.727186463502298,12.856426858244994,-7.908092384449282,-11.216451658845418,-9.33748028432382,8.454038369170796,-16.084235072472616,-15.7099542398353,2.182710908044499,-14.327540943917429,-1.910797162048867,4.479648951802458,-2.868984833416005,6.116252472529121,-14.984533320306735,1.8189733325161526,7.577425602521988,11.41305769018722,-6.74651142364395,-2.218535873154147,0.9028111478842233,-16.256874223444036,7.5299995028652535,-7.852014410010121,-7.864378181965541,-2.5537480136133666,7.848443955538595,10.37331327807205,-7.351713549301898,-1.6031259853682556,-0.4387215629413329,-2.428952919531512,1.3150754443619304,1.0523802597775045,10.160823662732817,12.000862602218021,-1.1187489941889315,4.291906090003124,-6.818974842549586,-3.009952668730433,7.516679159010429,6.191507775640436,-14.228769388511854,-4.246641838710423,-1.4765937166455214,-4.026389264622281,-2.499367974609556,7.1695311709384555,-4.725079187359807,3.542302178447016,-4.259930451139576,-3.3275397700442895
6.119966153774745,17.662948254649024,-2.024174327300591,-1.198480833297361,-6.067883838254696,-13.696047943804805,7.973874830889873,11.71370666382054,10.111328082016145,-9.07892283886007,18.112294359368363,16.38520575025949,-2.339825947374852,15.759949949934978,1.9437294611793778,-4.226628787201864,3.1444935744324227,-6.82391732012638,15.922787273634125,-1.5465444681663634,-7.975682908612697,-12.579217949206317,7.324875179431388,1.7275417755480726,-0.7500757746170585,16.83528545599212,-7.852014410010121,8.48440819533441,8.672978444169775,2.958669569360287,-9.031213032344496,-11.669237552122045,8.244769063056856,2.23297597275708,0.6299543904619358,2.33929481202402,-2.0360992528040227,-1.6032875818239394,-11.08469263676183,-12.748118068341952,0.7255558910614099,-4.272460393560065,7.243944059324514,3.331473900760394,-7.99586605032948,-6.172446992047528,15.016274355022324,4.16579407706732,1.7585207060007508,4.801789463935911,2.686268341952619,-7.482559320316231,5.084610434359297,-3.686884083334551,4.3460691275062215,3.7954124413944674
6.2391559982596165,17.88618669926932,-1.9918291750204444,-0.8886159840673078,-6.139984082645009,-13.913543413369894,7.8167381219069645,11.741198015722247,10.355301061754862,-9.264720446442816,18.987099743899478,16.419231051454744,-2.3952070441139663,16.31296253849058,1.9183615356764363,-3.951029469133994,3.236949397808254,-7.122139390810675,16.134379634468118,-1.3444576978992169,-8.033482671604876,-13.025644688728134,7.533871082271511,1.376310880284951,-0.6167218382246102,16.79987022081719,-7.864378181965541,8.672978444169775,8.9680843420432,3.1462904478050304,-9.561852429421927,-12.210746166446855,8.625742113689952,2.5855029198105313,0.7498541663053557,2.2126975314917146,-2.469669330788383,-1.9281014878170533,-11.415288037822235,-12.922151615589767,0.4669954671287257,-4.131925999122648,7.346183406368281,3.4426585699601864,-8.120053832304878,-6.009883913955178,15.166484626727001,4.001879056279717,1.8945879374850625,5.179960068107502,2.7501517129871527,-7.507936888769537,5.192679008226662,-3.686870040057825,4.281746317368933,4.004466332811819
2.155107612000501,5.993707565694809,-0.6406948399342889,-0.0036092795739880766,-2.0587530966443857,-4.736690524046047,2.3795554317617316,3.8169061466989818,3.5640440113501524,-3.1856395963777646,6.9839547273024625,5.353338393388804,-0.8537758639099257,5.832180210534501,0.6006299337157548,-1.0068284853308478,1.1157797243060128,-2.6036175454990116,5.417328484121542,-0.2762469487878988,-2.648524976232634,-4.638602620005259,2.669825724785293,0.14150517357454312,-0.03919768754076673,5.421804164531868,-2.5537480136133666,2.958669569360287,3.1462904478050304,1.1904570835793833,-3.5625632132035303,-4.436875468815653,3.1624528907966285,1.1646449285413656,0.38053513100056685,0.5738198410779516,-1.2416541558114151,-0.9444685088928703,-4.018387267998395,-4.358157730576292,-0.05714960993569769,-1.1564830058918514,2.487807317781107,1.1850074298030377,-2.771382409515309,-1.8009148428592963,5.077811072071378,1.124632218691425,0.7334088885826984,2.01758670951139,0.9713720018567864,-2.472826308162912,1.7840307013700725,-1.1895510759064103,1.2979499272082382,1.4909245801010982
-6.521795519192299,-18.309593255927343,1.9458737824653063,0.17062496686966766,6.282963272254872,14.395064394626523,-7.405630795717927,-11.732231259694412,-10.847791425080823,9.67071383229134,-20.96046710711737,-16.42615500879199,2.5523648821341123,-17.57199667617886,-1.854781964269903,3.2672913056811215,-3.408410370412276,7.810486837414599,-16.54177003696752,0.9119031452098838,8.118924553683136,14.007925310665087,-8.03693486462091,-0.5875698248841643,0.24913484429193006,-16.658444479207862,7.848443955538595,-9.031213032344496,-9.561852429421927,-3.5625632132035303,10.707313594122377,13.378292831807865,-9.491541926829472,-3.391229422427642,-1.0641961421268566,-1.8704315205463373,3.5231537801913917,2.7004060364958407,12.149758787573164,13.281846572084431,0.08761478634279271,3.709085172775555,-7.569097035002938,-3.63438624362814,8.409100066002727,5.612151788409158,-15.48258410328256,-3.573428499651671,-2.1914701853988428,-6.016113546694315,-2.9174598671159466,7.557691067631847,-5.421704551864196,3.6624423416841516,-4.068366987499652,-4.470405924770594
-8.467821509974714,-23.91165346561346,2.634525537631828,0.68933240612996,8.214136314973858,18.749002497780435,-10.039025241787554,-15.491430305678078,-13.995659531232912,12.534398767245357,-26.461031863916883,-21.703387580937203,3.3070152962851207,-22.458182178745552,-2.4951210360196967,4.731382065233781,-4.368877652856981,9.905937017756251,-21.58816272514804,1.519318775585384,10.663074036519143,17.886671250155615,-10.344440171986925,-1.3093530238044593,0.5153473469801353,-22.118170381301994,10.37331327807205,-11.669237552122045,-12.210746166446855,-4.436875468815653,13.378292831807865,16.901596873886866,-12.006902162871837,-3.9653540689752216,-1.2403741266838766,-2.6567498537427436,4.033555424601643,3.0982895852768335,15.602184020309767,17.33380504351924,-0.28109026815648286,5.102553428182649,-9.876265626873858,-4.634807445285858,10.960472736188194,7.676263044919751,-20.288724987803867,-4.9692182107219525,-2.6967410762618695,-7.39876965620306,-3.7759917674739727,9.97690755834599,-7.019522506203819,4.847790271731548,-5.47288987604773,-5.608331416654225
6.075075972896785,16.978574626043965,-1.9233398632122465,-0.4634651136244638,-5.844082062411166,-13.392123896727965,7.092987956939757,10.970960512777776,9.922183320612042,-8.943222081575469,18.922317940756997,15.41392233855794,-2.411898561734489,16.075862508998345,1.774703510922883,-3.289903407797665,3.0691186354132354,-7.106663145524129,15.331914852217851,-1.1196055146770068,-7.557642636735065,-12.753786942704595,7.44355557248831,0.9390635573253663,-0.2696115181705304,15.722731540804475,-7.351713549301898,8.244769063056856,8.625742113689952,3.1624528907966285,-9.491541926829472,-12.006902162871837,8.595750933724625,2.852348323554072,0.9523872836738099,1.8157368384870967,-2.9973979073197476,-2.2747863339639802,-11.139983512359617,-12.345688206509902,0.2418551485256235,-3.491396615821945,7.050476941143018,3.2270425665136937,-7.850105199667568,-5.441213861105925,14.472486567467023,3.4648690850093176,1.913603837368196,5.266457678228361,2.734071316996657,-7.121898771806962,4.997641181225098,-3.4289371672137414,3.811741310223105,4.002488329905219
1.637932644883165,4.215189853539238,-0.35447830490657123,0.7056549169315798,-1.4441991719057077,-3.4677781664045995,1.1038629739288246,2.4115980016514302,2.7465255433563143,-2.4148629300637086,6.362068504102373,3.396879152802919,-0.6891572882149888,4.92573470528086,0.31714539640366085,0.03166079300730155,0.879963149840083,-2.3224135175903857,3.833681694065378,0.25783498266790755,-1.7635757404939594,-3.904412438307889,2.1780173770249216,-0.6926101456726975,0.3284170265251067,3.2918626995774387,-1.6031259853682556,2.23297597275708,2.5855029198105313,1.1646449285413656,-3.391229422427642,-3.9653540689752216,2.852348323554072,1.5313277993154615,0.5444350980925808,0.032553627280664715,-1.8147017015503146,-1.3543864743702572,-3.2654913302571718,-3.11231158770002,-0.5899878419383477,-0.3283326412525038,1.7922345515166165,0.9473098355607036,-2.0339705173734446,-0.7477228200331889,3.52148262172564,0.29488532545422164,0.7584928229465638,2.104087752619243,0.774941472265937,-1.611105674901735,1.3552437946782148,-0.730242976327355,0.6189778303398666,1.4033542618816865
0.5449883634532169,1.2316583267639725,-0.1414538704794478,0.29326443130814905,-0.4319707535346947,-1.095696109979994,0.2397869875647096,0.6544779188423805,0.8105351025414368,-0.7596059726628802,2.1083057926915227,0.962200470622022,-0.2656725523575705,1.6280900404212633,0.0857801779581421,0.13784751397909992,0.23648105039955158,-0.787570444874058,1.124950261510581,0.08021192311482543,-0.4942961889756041,-1.2460994552984932,0.7505285308392241,-0.2659977401474172,0.2133349221725568,0.9302795068150047,-0.4387215629413329,0.6299543904619358,0.7498541663053557,0.38053513100056685,-1.0641961421268566,-1.2403741266838766,0.9523872836738099,0.5444350980925808,0.247554704130029,-0.08647412608203721,-0.7333433311853571,-0.5242915753283125,-1.048522535328128,-0.9471780657994167,-0.18479867746106543,0.0644066654735882,0.5610025754231309,0.2305289961391852,-0.6617781579031374,-0.16324077360798508,1.0831304915890028,-0.015010598436634272,0.24250545102112167,0.6881617622469337,0.2814803887584619,-0.49248600364123957,0.41699405065399814,-0.19181052810243782,0.0886036338405769,0.460108246792732
1.6278045779439854,5.087244690880248,-0.6345189757483424,-0.9468011228064992,-1.7445316827015784,-3.7886775010177653,2.7880465251672857,3.6153744568307395,2.7214163265942135,-2.4471314748796966,3.941399113654776,5.022659589282403,-0.5659089971127812,3.78565878190616,0.6456370319592651,-1.8683951891148916,0.8441982113466894,-1.518593576700922,4.56416319461586,-0.7986166041401414,-2.386778303906969,-3.0616169395124575,1.8075959489692843,1.1493089803701095,-0.5631899730510067,5.271870122152268,-2.428952919531512,2.33929481202402,2.2126975314917146,0.5738198410779516,-1.8704315205463373,-2.6567498537427436,1.8157368384870967,0.032553627280664715,-0.08647412608203721,1.019831153703951,0.26616877901147695,0.15123018389462467,-2.7951260659148685,-3.612486215674164,0.6424091104537054,-1.7035966664282483,2.030918926201502,0.899202341814305,-2.1963208718621052,-2.2130373748686596,4.330355109623505,1.6451304269487041,0.3056383933703084,0.8073863388856979,0.6690438309872038,-2.2408678574620744,1.3739700668791264,-1.156536000645749,1.5353792173028409,0.7879309167499717
-1.6180688324917452,-3.7844371495023403,0.3328781702714416,-1.0574299945872436,1.3094275430865387,3.2905727186899143,-0.6317224922826427,-1.9778463073061103,-2.578348027728158,2.319574121808763,-6.683144331287239,-2.8511246482223584,0.7495239480668389,-5.0429126810220435,-0.23062985873313302,-0.5256267405568975,-0.8002537435013715,2.449569550235781,-3.4592500085066002,-0.42839311737848895,1.5110508346526377,3.927916186531514,-2.247532255101966,1.0464581533205672,-0.6147538954249296,-2.690734795968038,1.3150754443619304,-2.0360992528040227,-2.469669330788383,-1.2416541558114151,3.5231537801913917,4.033555424601643,-2.9973979073197476,-1.8147017015503146,-0.7333433311853571,0.26616877901147695,2.319579581160667,1.6926669032161274,3.2530415856480985,2.8687105508525113,0.7786148810623809,-0.1416509512924477,-1.681055050089091,-0.8313531992086662,1.9596531917068074,0.3732377218093454,-3.2195096369133274,0.09024778246097948,-0.8132384869959184,-2.2835680789034587,-0.8143179920345398,1.4244161252524135,-1.2893729345962994,0.5801557397127627,-0.2983000328375402,-1.4816031521793913
