V1,V2,V3,V4,V5,V6,V7,V8,V9,V10,V11,V12,V13,V14,V15,V16,V17,V18,V19,V20,V21,V22,V23,V24,V25,V26,V27,V28,V29,V30,V31,V32,V33,V34,V35,V36,V37,V38,V39,V40,V41,V42,V43,V44,V45,V46,V47,V48,V49,V50,V51,V52,V53,V54,V55,V56
7.203394794536598,12.588591045506185,0.21940809585871618,-26.561178723866234,-14.241252811445477,-0.8517578896879981,19.225027149018683,2.4109569784391014,11.379775327042633,-9.501968104735305,20.224443892963826,-4.999502464250826,-9.30885661913913,1.4066146875009964,-16.076184567881793,0.5113406728979741,3.3488862632282985,8.298841417084887,-5.781591345491056,2.4990778947455556,-6.123483173430465,-2.3652017333651822,-0.10371894383960467,-13.098246864477678,5.091933163326861,15.079567746387955,-9.426920263832054,7.824531396969473,18.318868219262548,6.197580760220573,-4.2641518035709005,-11.480294962129147,11.316862422774426,15.195688531031882,7.877693269303951,-3.224009874835917,-23.119939453602107,-18.909523729828543,1.6467648870109413,-8.695947426013705,-10.714917462669694,3.0827587182338765,-4.921811651561396,1.0318054324471084,7.698126658035085,-6.306995533834603,6.072693686879687,9.471946779932082,12.091946156491627,4.914128103105338,13.271733734414775,5.558369812187454,6.230787917790271,13.814698833849668,-15.657081799754359,10.221783408513296
12.588591045506185,22.386840665381825,0.6979271524709079,-46.98341182635161,-25.099255400823846,-1.596201826415206,34.12804144347563,4.083297842691253,19.864252033169315,-16.566742446583703,35.760358068492216,-9.078394304805991,-16.648980961236788,2.4485764264852223,-28.00547623311608,0.8367056971291782,6.154923646208055,14.925950159535661,-9.98783909939267,4.392334645090727,-10.806880439866005,-3.8673149575445436,-0.27195487897363624,-22.936868074417717,9.049212911994085,26.776305584536495,-16.85946947057773,14.131698716282543,32.46819595547268,11.037136115751645,-8.007716020584684,-19.789318365106634,20.210404895060403,27.007718167382173,14.37988223458799,-5.503255439651976,-40.86364266784029,-33.71845931342564,3.0402203191012354,-15.638032711685632,-19.156226354958427,5.288604775550775,-8.873900916055609,1.972629136108559,13.940424345336512,-11.147266056577836,10.447616689545345,16.567884103986096,21.708102549265963,8.880613678985029,23.653799672158527,9.598815091341923,11.209611138446284,24.63404055947333,-27.49347121164098,17.921458378371543
0.21940809585871618,0.6979271524709079,0.6759666519222313,-1.1833730252622352,-0.8834714285350126,-0.4591657920002264,1.034780667324457,-0.7055421367038076,-0.3815916968952777,-0.11455571063131231,0.034711065831685636,-0.34051954066076673,-0.21553706484462326,-0.09384919101776798,-0.07891222019237804,-0.6388297741409296,0.2695804665025151,0.6859096139396724,0.40296219381214016,-0.21648040996754403,-0.2621214473699909,0.08282378676695253,-0.6995482451398433,-0.025648735074255195,-0.14664509243099902,0.19835579093402533,-0.4985779097914778,0.7297658449162199,1.0779418344440972,-0.09103518339540112,-0.4201413286066513,-0.18128390040589762,0.3582720549584655,0.632182953316845,0.5105978425866967,0.4111198916124478,-0.24287435871711036,-0.7609906160996974,0.2712820248853322,-0.6735301339822645,-0.5653208779031538,0.346428616121039,0.010629725518267871,-0.49487427870136597,0.22334264562866638,-0.27090366436769364,-0.1117456958719874,0.12473621813334361,0.8243088630894946,0.04201862740100145,0.6557472503997553,-0.08373984265432237,0.13457653940433495,0.711977911707262,0.5955772281903902,0.9868528601198494
-26.561178723866234,-46.98341182635161,-1.1833730252622352,98.81077440415201,52.75026144399755,3.2171936022391243,-71.66660899576405,-8.848073518635225,-42.08391808821074,35.00282231782697,-75.37892587462845,18.96027142534677,34.97104148625591,-5.199047185088724,59.233695364174835,-1.9188983042321497,-12.812678675868577,-31.20088317577997,21.255944542827343,-9.338114716905068,22.736187330916763,8.315167401994398,0.3671888459299285,48.462434736277196,-19.089694574571347,-56.35388891894471,35.337160360132565,-29.50147825485935,-68.17464441343094,-23.2448840189594,16.570289502923846,41.907270110755526,-42.427461708997775,-56.738472603005015,-30.00756859119197,11.785990753853007,86.10808732646697,70.79023673764861,-6.290356698710675,32.68546684605265,40.169622801037605,-11.148202256442662,18.640167363143703,-4.193010805661277,-29.19289417832025,23.449032556836436,-22.18944869277658,-34.9864762218263,-45.44356808118635,-18.62918764742241,-49.647724602707655,-20.366462734330717,-23.512907953385373,-51.672711951545686,58.18250463608629,-37.63383499514638
-14.241252811445477,-25.099255400823846,-0.8834714285350126,52.75026144399755,28.472284796348937,1.9835048785827407,-38.30562283155954,-4.234450782117115,-22.005120649741404,18.67315080721676,-39.585435157410174,10.002015955555956,18.346599215468114,-2.6882759131471246,31.50141045855273,-0.5714515734783802,-6.728977180907456,-16.693538996230412,11.037572782017895,-4.723500392483003,12.159573182109833,4.575411812673506,0.6865092420998379,25.637215322053528,-9.858206125597755,-29.631757211187733,18.787971187606498,-15.795506177326304,-36.5744983695832,-12.067285281717611,8.61990467038952,22.597379813833033,-22.390659531169042,-30.152225667632024,-15.740875725513861,6.032270275153849,45.39512938991986,37.505899779093,-3.407816917640053,17.473136978585597,21.339733906122483,-6.267904305930021,9.61273693880442,-1.6798424064012962,-15.202403297237632,12.520014989839394,-11.802038539335058,-18.614877342710948,-24.20702504062819,-9.633839328762722,-26.404502589417625,-10.81720054280675,-12.27636823707875,-27.513997514382098,30.22447028690712,-20.67797468942628
-0.8517578896879981,-1.596201826415206,-0.4591657920002264,3.2171936022391243,1.9835048785827407,0.4249590430059167,-2.433212864078145,0.31995684573903854,-0.7422658058812157,0.9963135740720711,-1.7326768279564992,0.6055961105245421,0.8839396235352839,-0.05590816590904092,1.5884806940453406,0.46263835623852956,-0.4113913528605642,-1.1716294203881228,0.24292918243581735,-0.029040649413659057,0.7445108958557861,0.25948865658817105,0.5671302752470083,1.2121861119352295,-0.28526979735765995,-1.3900953071789077,1.1409997848491948,-1.14951356995778,-2.4233509493310366,-0.41648856233677517,0.520439847013554,1.3353250478659058,-1.1783179248586806,-1.7536712319809777,-0.9010420303928314,0.006213668531798885,2.158218224507323,2.117473752732296,-0.31610588199676554,1.197047847674948,1.2896948870442404,-0.6183476441073849,0.33144460120089547,0.3905717911737931,-0.6993939126468346,0.7598412414225219,-0.5342244884448144,-0.9762650663486172,-1.5750480365132802,-0.3669344178257296,-1.5901187329256345,-0.4900773354216944,-0.5580497133753808,-1.6829637245304112,0.8939634262252839,-1.7593946037454633
19.225027149018683,34.12804144347563,1.034780667324457,-71.66660899576405,-38.30562283155954,-2.433212864078145,52.03922713429906,6.229102444939813,30.310549269862477,-25.298339972352284,54.50865624166576,-13.809149784384411,-25.35334821276779,3.7355510995042316,-42.77197054946934,1.2583581099900487,9.350329941950408,22.733179323180487,-15.251474445466215,6.697396678425011,-16.485950300005836,-5.949337986639809,-0.42335633042726367,-35.00609755674574,13.779230671223862,40.80057359866051,-25.679848285266026,21.516667746395854,49.51823842684783,16.80255608405009,-12.135803997941396,-30.26315974639989,30.779467054088204,41.16727566249246,21.859147512969468,-8.407574667392444,-62.299195742314346,-51.37420240232535,4.620812342251298,-23.811635213131463,-29.183980981072043,8.105589922125843,-13.496312901356907,2.9577976637614767,21.198625469228325,-17.004529319107323,15.975988196490444,25.292739832873767,33.063877053529566,13.503728373796328,36.04780635301637,14.67130775004668,17.055836421006372,37.53635973754934,-41.91788349225334,27.383789935274343
2.4109569784391014,4.083297842691253,-0.7055421367038076,-8.848073518635225,-4.234450782117115,0.31995684573903854,6.229102444939813,1.955587949319981,4.977823145808175,-3.422726337063304,8.135773515018187,-1.7127312334167617,-3.6105783178804605,0.6829084931205115,-5.966760152152918,1.179859047069081,1.1514255887865623,2.491766411399132,-2.768358508230606,1.34835636672293,-2.0352114759900015,-0.7774951361073961,1.0200603855161487,-5.0461410308658285,2.350218177520464,5.899276176166676,-3.1889192210957247,2.274336911226577,5.727125516314337,2.736016802669283,-1.5089527537340093,-3.8349625994919987,4.194812044803512,5.2623159321594155,2.8164360377051967,-1.7842523598285716,-8.954638220035143,-6.697727988740012,0.3496969583678438,-2.677979140619146,-3.629987651555926,0.5179446612698763,-2.1863417002062584,1.3777728966118281,3.0825669921516092,-2.107609456103576,2.352816952527585,3.452287136440534,3.880317709980634,2.119258868390461,4.4965863044721495,2.1610680716520783,2.499007043192113,4.633196354668593,-7.130266655916156,2.3669971155996405
11.379775327042633,19.864252033169315,-0.3815916968952777,-42.08391808821074,-22.005120649741404,-0.7422658058812157,30.310549269862477,4.977823145808175,19.20342289509201,-15.2563118777347,33.50967703365126,-8.036853293838806,-15.336061213179807,2.4425019381831823,-25.9898695786899,1.8512421503753764,5.410763008677674,12.931239086162412,-9.977143625430195,4.488812736766761,-9.690854894364861,-3.64405728830477,0.9182419937343587,-21.40261652195834,8.76727446722368,24.843349094925653,-15.044848627574051,12.132109454476616,28.65179821775784,10.549760331667805,-6.983034031406965,-18.05299954884782,18.43798552386893,24.324049963848726,12.81006468721959,-5.799583987490594,-37.94315150089673,-30.459987302144604,2.4392404451275786,-13.62227333333487,-17.09940825833014,4.300185704675887,-8.421924145207155,2.764425793979035,12.835810778839736,-9.997636805598532,9.881557440319652,15.2652208911374,19.096861163719826,8.346326724506525,21.161020772226816,9.064744056670389,10.371270409926261,21.980747996319593,-26.76288425214298,15.060830892332962
-9.501968104735305,-16.566742446583703,-0.11455571063131231,35.00282231782697,18.67315080721676,0.9963135740720711,-25.298339972352284,-3.422726337063304,-15.2563118777347,12.589623137131127,-26.950982980540967,6.587766741724675,12.367335678187274,-1.9010645812679277,21.328661522330616,-0.8918041128568404,-4.412066797327624,-10.872432260539938,7.803851611001908,-3.3950626801274084,8.069997875635716,3.1270112827678296,-0.0820443387826835,17.411677258511887,-6.845861288060267,-20.05516952229603,12.433775707345813,-10.232070244615059,-24.06926367579526,-8.309488499875735,5.622902760104441,15.15777202103497,-15.003032529394286,-20.06547560591812,-10.401924892413227,4.4039925625499,30.736270707929794,24.99867125960763,-2.1259167364396765,11.411904624621664,14.126541121563482,-3.9631601780991437,6.592736936765459,-1.5711836346945074,-10.242708869667906,8.313776810046548,-8.082099939409561,-12.553155005867316,-15.89360412736913,-6.568303257580428,-17.499490638170766,-7.39756911897716,-8.293798240828503,-18.212980678316214,21.04293868841343,-13.265630560683102
20.224443892963826,35.760358068492216,0.034711065831685636,-75.37892587462845,-39.585435157410174,-1.7326768279564992,54.50865624166576,8.135773515018187,33.50967703365126,-26.950982980540967,59.28562060094779,-14.611944754409514,-27.392967158834367,4.224061436491571,-45.796968400009185,2.726797974792882,9.90677192895433,23.557826566697756,-17.191144942635137,7.748385228250396,-17.33510367048215,-6.214121563985852,1.0059038030883647,-37.74810032803435,15.40776018136279,44.14935231848396,-27.106035245790572,22.198676522210043,51.57938958514469,18.621047735864252,-12.935285373995534,-31.806043851974955,32.99548006476186,43.596596557543364,23.29915746649512,-9.813200903390909,-67.2759996544032,-54.62452261226115,4.598015173985027,-24.776463220427782,-30.802763067922843,7.803166286071421,-14.969750423937926,4.56533156650091,23.049257299992693,-17.894342681042186,17.232979729330822,27.001062179441707,34.60384005682297,14.891587582276008,38.04074470204459,15.839191034046143,18.549320173222533,39.55524678595049,-46.73836100171046,27.351886331723207
-4.999502464250826,-9.078394304805991,-0.34051954066076673,18.96027142534677,10.002015955555956,0.6055961105245421,-13.809149784384411,-1.7127312334167617,-8.036853293838806,6.587766741724675,-14.611944754409514,3.7990983587307623,6.8863975353021525,-0.9947179111682205,11.156773401644353,-0.436067286492135,-2.612644949752227,-6.1155381522490115,4.019914118093341,-1.8346578693619073,4.349761231070844,1.3901041351000154,0.007426312279111711,9.228793950032081,-3.764454536139346,-10.97935296204721,6.902176074324044,-5.8121157066455185,-13.076174488977284,-4.5825346680992025,3.490479667768907,7.703467973275238,-8.311123939591617,-10.993692413619677,-6.072386646761079,2.2140103967967764,16.643133778437036,13.801217531445959,-1.2650051712164363,6.411500568938004,7.847966245963863,-1.9755225658266942,3.7471224155178935,-1.0174400665531524,-5.867282255264111,4.493894209890558,-4.104341295507945,-6.625739747990849,-8.909632136386005,-3.7536212106713345,-9.652779359214795,-3.7927951720864277,-4.6827057246167225,-10.043469992651497,11.251125960243936,-6.998100213121865
-9.30885661913913,-16.648980961236788,-0.21553706484462326,34.97104148625591,18.346599215468114,0.8839396235352839,-25.35334821276779,-3.6105783178804605,-15.336061213179807,12.367335678187274,-27.392967158834367,6.8863975353021525,12.75882932119574,-1.9258679764319078,21.002289062735297,-1.158751655015004,-4.701297267306857,-11.061969421401658,7.804139326906396,-3.555550470278407,8.02726968090503,2.735198249327115,-0.357281907666156,17.35566952576381,-7.1213121416075715,-20.463027859609497,12.648421065099406,-10.4566734715077,-23.975844020578787,-8.620217954194967,6.209655307503768,14.505171052695305,-15.356482108008368,-20.267186401060055,-11.005894822367269,4.40764154787319,31.09928017627951,25.432600632800302,-2.2040506186408604,11.620651814809314,14.378116034756983,-3.578534756052241,6.986713373408334,-2.112904656697331,-10.807411975700946,8.296565743691236,-7.836256281625192,-12.416631211394925,-16.210959506728216,-6.963256668057858,-17.722140708587887,-7.21784736122865,-8.661446412653696,-18.430887774601825,21.450310956301745,-12.68001879774851
1.4066146875009964,2.4485764264852223,-0.09384919101776798,-5.199047185088724,-2.6882759131471246,-0.05590816590904092,3.7355510995042316,0.6829084931205115,2.4425019381831823,-1.9010645812679277,4.224061436491571,-0.9947179111682205,-1.9258679764319078,0.31548698574906026,-3.246347735255984,0.29068552536734993,0.6702558642992095,1.5825958940158924,-1.2820609104363767,0.5861816552548114,-1.1942800338620294,-0.4497219728810966,0.17571229475962025,-2.6835979786137627,1.12205702376744,3.12071685911183,-1.8613803484829996,1.4789730298393189,3.5187384157814177,1.3429516536739539,-0.8684962256240345,-2.2321777840961303,2.302032432877128,3.0165809597808386,1.592575785738079,-0.7564676605555707,-4.760106716950863,-3.7868544978028966,0.28943570107304917,-1.6707164452564451,-2.114920439796063,0.5016244087579668,-1.0728334458501687,0.40287493248237566,1.6177881150253322,-1.2356123121279503,1.241557546121335,1.9039812563039509,2.349815912538095,1.0587958922853045,2.615898320374083,1.1376777701858467,1.3059610620947664,2.7180594148404524,-3.418886417496003,1.7989543239826922
-16.076184567881793,-28.00547623311608,-0.07891222019237804,59.233695364174835,31.50141045855273,1.5884806940453406,-42.77197054946934,-5.966760152152918,-25.9898695786899,21.328661522330616,-45.796968400009185,11.156773401644353,21.002289062735297,-3.246347735255984,36.18552744103451,-1.6460937321177542,-7.472078448827201,-18.34997107462765,13.331009763311746,-5.8376531436799315,13.65254376602824,5.286772598145208,-0.30953795857230443,29.56537695236946,-11.680164215242987,-34.05686067931671,21.031451624777677,-17.262856611528036,-40.6533083155028,-14.150940037082806,9.521417955996723,25.63325869335468,-25.43435269647267,-33.975256655023664,-17.63613598425446,7.560693580628662,52.186497913630895,42.348343484223705,-3.5653377006418037,19.257536335138433,23.91033292305083,-6.626389170991529,11.242655823877639,-2.8094638746573204,-17.4074943248564,14.068921672062938,-13.72558478686983,-21.280955713978784,-26.871585187652705,-11.188597895276361,-29.62350961002791,-12.565871091675971,-14.093073659430713,-30.8038368141289,35.887575392598535,-22.279537106225245
0.5113406728979741,0.8367056971291782,-0.6388297741409296,-1.9188983042321497,-0.5714515734783802,0.46263835623852956,1.2583581099900487,1.179859047069081,1.8512421503753764,-0.8918041128568404,2.726797974792882,-0.436067286492135,-1.158751655015004,0.29068552536734993,-1.6460937321177542,0.9428387075253999,0.3073538737395811,0.3966181408663743,-1.1387673968650676,0.6309445914132169,-0.4342245507208393,-0.11741741505933656,0.9178174668359563,-1.5250881282766735,0.9624110897049247,1.8973595995957704,-0.761653456942074,0.31125669082572777,1.0104137651955538,1.0676214353460085,-0.46002782338684645,-0.7758362982954669,1.2369553057922476,1.3022669994389708,0.8024798827060535,-0.838178997747715,-2.7968090424979906,-1.7724471514085767,-0.03936845751998689,-0.4827344166267897,-0.8597313579049405,-0.25505007183763645,-0.868079045081725,1.0261745489903906,1.0713473284885768,-0.4610317649483954,0.6931275112768684,0.9277724916226497,0.7884593777211919,0.8135663889076017,1.0509523374912373,0.6440781906689912,0.860298748839605,1.0685222755113355,-2.8237098222543064,-0.20782478382069958
3.3488862632282985,6.154923646208055,0.2695804665025151,-12.812678675868577,-6.728977180907456,-0.4113913528605642,9.350329941950408,1.1514255887865623,5.410763008677674,-4.412066797327624,9.90677192895433,-2.612644949752227,-4.701297267306857,0.6702558642992095,-7.472078448827201,0.3073538737395811,1.8108112350712773,4.17243972393639,-2.691970925488904,1.2465221784823641,-2.933957351433929,-0.8779982251838944,0.004911272205853609,-6.208556388065046,2.568533197477298,7.461143187070414,-4.701844198947446,3.9748835748320204,8.840054570845767,3.128676379741329,-2.4500008080780136,-5.107129172629344,5.6650398731461955,7.458542832354943,4.192806435649935,-1.476175936168699,-11.272889085749753,-9.388778548126481,0.8749263664460711,-4.375986132298712,-5.343464273415183,1.28999826284333,-2.578530396760161,0.7420245212921467,4.040631240220996,-3.035386604873441,2.7251872000417734,4.448939464809126,6.078481434327969,2.584346216800624,6.559003760565317,2.526043152422744,3.210885599439098,6.826230951414804,-7.612955110019549,4.672567094216052
8.298841417084887,14.925950159535661,0.6859096139396724,-31.20088317577997,-16.693538996230412,-1.1716294203881228,22.733179323180487,2.491766411399132,12.931239086162412,-10.872432260539938,23.557826566697756,-6.1155381522490115,-11.061969421401658,1.5825958940158924,-18.34997107462765,0.3966181408663743,4.17243972393639,10.044263126727724,-6.429365863141979,2.844361505204015,-7.166072533680401,-2.4468146769896584,-0.3507157957487759,-15.052893686442102,5.940327557961074,17.705086896011807,-11.256130589736811,9.540949087571756,21.630895266718134,7.267299408281277,-5.486767499013429,-12.935251066069998,13.43443205133534,17.957737776215914,9.699527115335071,-3.4821998263862337,-26.95551947700895,-22.441095420387917,2.0923482958590487,-10.510299630909397,-12.791418804054855,3.5153145093408984,-5.8871629285044484,1.2319556946092765,9.315218976745696,-7.397929442504211,6.782100725163734,10.89063468782743,14.55792947190876,5.9084581584739295,15.76487338304875,6.243223840550827,7.461529985218355,16.42728648683822,-17.927231592272655,11.97091405252363
-5.781591345491056,-9.98783909939267,0.40296219381214016,21.255944542827343,11.037572782017895,0.24292918243581735,-15.251474445466215,-2.768358508230606,-9.977143625430195,7.803851611001908,-17.191144942635137,4.019914118093341,7.804139326906396,-1.2820609104363767,13.331009763311746,-1.1387673968650676,-2.691970925488904,-6.429365863141979,5.247004237755508,-2.3700795490057103,4.89914551314804,1.9039248628576908,-0.6802436869466338,10.986563142013496,-4.542471753052672,-12.691647060521351,7.569953581146101,-6.005307861892834,-14.387664115401956,-5.439371787374697,3.447809851653178,9.227041948613492,-9.352935019796263,-12.296981768263608,-6.414677976335572,3.1040052794069033,19.4068278479899,15.4041291296044,-1.168290712772053,6.786564076078729,8.606329801796226,-2.1102477384632303,4.321913746261059,-1.5602805622555636,-6.513777494581125,5.052738077086145,-5.113716054742044,-7.804622355951263,-9.551980156611869,-4.267585256385816,-10.665762145765006,-4.684772984985665,-5.279267503800516,-11.067250842272594,13.919179061059737,-7.444734135553448
2.4990778947455556,4.392334645090727,-0.21648040996754403,-9.338114716905068,-4.723500392483003,-0.029040649413659057,6.697396678425011,1.34835636672293,4.488812736766761,-3.3950626801274084,7.748385228250396,-1.8346578693619073,-3.555550470278407,0.5861816552548114,-5.8376531436799315,0.6309445914132169,1.2465221784823641,2.844361505204015,-2.3700795490057103,1.1353641919169333,-2.1341376703310506,-0.7523327805484122,0.44905966960239785,-4.868604945174441,2.1046824203275656,5.7226279623556255,-3.3593799091627536,2.6593469206536073,6.260063973411238,2.4971899142855145,-1.642987810551746,-3.9062882130922,4.197825211635249,5.455310943951713,2.9647045886101977,-1.4139889018124316,-8.686514734785757,-6.880970267203827,0.5100400766204406,-2.9957455089496743,-3.834843818024688,0.8067958801329602,-2.0285738531395117,0.8778403417471989,3.0235879922380486,-2.2172969613621647,2.2264959750596987,3.42220797131781,4.249975845190481,1.9966538401393847,4.7310414344701215,2.0450425530377037,2.4265360712872233,4.89638795364661,-6.3438659646322275,3.0547482763068015
-6.123483173430465,-10.806880439866005,-0.2621214473699909,22.736187330916763,12.159573182109833,0.7445108958557861,-16.485950300005836,-2.0352114759900015,-9.690854894364861,8.069997875635716,-17.33510367048215,4.349761231070844,8.02726968090503,-1.1942800338620294,13.65254376602824,-0.4342245507208393,-2.933957351433929,-7.166072533680401,4.89914551314804,-2.1341376703310506,5.243753904389329,1.934621217634675,0.0954741451262977,11.162614133362776,-4.3833485793982225,-12.95806260930268,8.127218724450863,-6.775015761651913,-15.69253318632135,-5.342510213710254,3.7836307556899906,9.680301030995649,-9.757577453878344,-13.051006465189861,-6.876691943127283,2.723407090254392,19.81437524407952,16.27376356851884,-1.4430580867685272,7.51431208528293,9.235318216650427,-2.581190260927105,4.2705590102549085,-0.9459215442283869,-6.688025548048949,5.3962241620003395,-5.117040057408257,-8.060359962281833,-10.441094040287021,-4.271810729362029,-11.42196705611953,-4.699125382494318,-5.397647026505487,-11.88472108956683,13.38706473585124,-8.687884733324145
-2.3652017333651822,-3.8673149575445436,0.08282378676695253,8.315167401994398,4.575411812673506,0.25948865658817105,-5.949337986639809,-0.7774951361073961,-3.64405728830477,3.1270112827678296,-6.214121563985852,1.3901041351000154,2.735198249327115,-0.4497219728810966,5.286772598145208,-0.11741741505933656,-0.8779982251838944,-2.4468146769896584,1.9039248628576908,-0.7523327805484122,1.934621217634675,0.9701760010208561,0.06879238298113359,4.204039230663905,-1.502916720243894,-4.566532888039031,2.816254826698329,-2.270612238776806,-5.727226568112323,-1.8256302953881107,0.9920024590067683,3.9702096486550813,-3.3670149818592874,-4.64685561414387,-2.1251468445339783,1.0863656381628441,7.146194786663455,5.690133765283565,-0.4428651138972412,2.5609888311427373,3.2022812957125986,-1.1317626393096372,1.3681475424753777,-0.1205213625409836,-2.129238377606075,1.980604951246031,-2.08307263221067,-3.073374824551513,-3.5691963876557113,-1.3567939982544852,-4.018694324715505,-1.879254472145656,-1.7756578327280281,-4.182703371021214,4.869564194374259,-3.414267263909848
-0.10371894383960467,-0.27195487897363624,-0.6995482451398433,0.3671888459299285,0.6865092420998379,0.5671302752470083,-0.42335633042726367,1.0200603855161487,0.9182419937343587,-0.0820443387826835,1.0059038030883647,0.007426312279111711,-0.357281907666156,0.17571229475962025,-0.30953795857230443,0.9178174668359563,0.004911272205853609,-0.3507157957487759,-0.6802436869466338,0.44905966960239785,0.0954741451262977,0.06879238298113359,0.9770211298887416,-0.4308494964549556,0.537385449268549,0.6041064118974989,0.07886226992106805,-0.3943726642552338,-0.6045762236748488,0.5364612143288466,-0.05657070790657348,0.19731522879421215,0.24258275300960247,-0.020034440570125656,0.10456371319771161,-0.5960971826580891,-0.8292802950320929,-0.1217627703684291,-0.19802880292331898,0.31238920246300883,0.07951537316498997,-0.5284042701862823,-0.4535603439202961,0.9528625719102863,0.3987623638062396,0.08214015495991304,0.199232558968355,0.1266475371820752,-0.28066535988961977,0.3928553613213321,-0.10325497556700686,0.19126783336825665,0.31749358915936454,-0.15619785089646526,-1.5352023392679466,-1.1218130700897386
-13.098246864477678,-22.936868074417717,-0.025648735074255195,48.462434736277196,25.637215322053528,1.2121861119352295,-35.00609755674574,-5.0461410308658285,-21.40261652195834,17.411677258511887,-37.74810032803435,9.228793950032081,17.35566952576381,-2.6835979786137627,29.56537695236946,-1.5250881282766735,-6.208556388065046,-15.052893686442102,10.986563142013496,-4.868604945174441,11.162614133362776,4.204039230663905,-0.4308494964549556,24.2406682678962,-9.704576635979041,-28.081745231291404,17.287458891208495,-14.16798122367399,-33.20997498884627,-11.741928914502555,7.985470786986046,20.778030062518408,-20.969336770151457,-27.888391504976298,-14.639137501096238,6.2539671019094545,42.939237992671536,34.83153254369454,-2.9244357647538104,15.81136916019734,19.653649459128207,-5.257223872517424,9.371451628575837,-2.563990094670552,-14.468258733131805,11.508322879868215,-11.184261839280072,-17.400927392987462,-22.076896698215215,-9.324252656928806,-24.321464272003574,-10.255036146704482,-11.688870976572177,-25.285142912171803,29.673079442646145,-17.958918207587647
5.091933163326861,9.049212911994085,-0.14664509243099902,-19.089694574571347,-9.858206125597755,-0.28526979735765995,13.779230671223862,2.350218177520464,8.76727446722368,-6.845861288060267,15.40776018136279,-3.764454536139346,-7.1213121416075715,1.12205702376744,-11.680164215242987,0.9624110897049247,2.568533197477298,5.940327557961074,-4.542471753052672,2.1046824203275656,-4.3833485793982225,-1.502916720243894,0.537385449268549,-9.704576635979041,4.097129369322548,11.451200063336996,-6.9162153906973884,5.589173713562502,12.967256421759943,4.921877229885058,-3.399829737584264,-7.9454587276695054,8.516507140143707,11.124487494086992,6.05101766066771,-2.645012405921155,-17.386267722532672,-14.003438364420324,1.1346511513569246,-6.265155656038003,-7.861117930297815,1.7957353163201943,-3.9830468299317032,1.4819408952469095,6.053549497388289,-4.5315745355503125,4.395323016832407,6.882153297650107,8.789248643654084,3.9491056816918015,9.693232029880406,4.049700239573229,4.858031925495791,10.066476224973155,-12.338009579754054,6.595711288319768
15.079567746387955,26.776305584536495,0.19835579093402533,-56.35388891894471,-29.631757211187733,-1.3900953071789077,40.80057359866051,5.899276176166676,24.843349094925653,-20.05516952229603,44.14935231848396,-10.97935296204721,-20.463027859609497,3.12071685911183,-34.05686067931671,1.8973595995957704,7.461143187070414,17.705086896011807,-12.691647060521351,5.7226279623556255,-12.95806260930268,-4.566532888039031,0.6041064118974989,-28.081745231291404,11.451200063336996,32.928036205434104,-20.305547507296232,16.70952926220319,38.61999550013686,13.859917877678882,-9.776818174960875,-23.64376476107484,24.66680254241929,32.60205647295466,17.510621942582954,-7.204137396427387,-50.140324025218106,-40.85794200166115,3.493654112342162,-18.6126150114631,-23.07419079251113,5.852016252741672,-11.168770468226853,3.3267252990696607,17.249769799479722,-13.374690028353506,12.767699264667002,20.102535798746484,25.969513928497378,11.124476944862458,28.479752763186166,11.746223417581659,13.865223122395312,29.616764651674604,-34.663200651754906,20.53208281756832
-9.426920263832054,-16.85946947057773,-0.4985779097914778,35.337160360132565,18.787971187606498,1.1409997848491948,-25.679848285266026,-3.1889192210957247,-15.044848627574051,12.433775707345813,-27.106035245790572,6.902176074324044,12.648421065099406,-1.8613803484829996,21.031451624777677,-0.761653456942074,-4.701844198947446,-11.256130589736811,7.569953581146101,-3.3593799091627536,8.127218724450863,2.816254826698329,0.07886226992106805,17.287458891208495,-6.9162153906973884,-20.305547507296232,12.752089123506005,-10.66459079450427,-24.392416831001775,-8.430252158301554,6.171633127664617,14.743921910403396,-15.333423593406136,-20.385127593304663,-10.97095730311946,4.192406660176328,30.924072382950303,25.50590611648768,-2.2970469453342743,11.811247881640153,14.479480926475063,-3.8540138710732634,6.802474302156807,-1.6816115908010318,-10.654667476874181,8.383070169732333,-7.818573602283983,-12.452906002503038,-16.400452248143463,-6.805503645876588,-17.860761973590808,-7.198834889982224,-8.55104882256708,-18.599864744355635,20.911547530853756,-13.287344363828337
7.824531396969473,14.131698716282543,0.7297658449162199,-29.50147825485935,-15.795506177326304,-1.14951356995778,21.516667746395854,2.274336911226577,12.132109454476616,-10.232070244615059,22.198676522210043,-5.8121157066455185,-10.4566734715077,1.4789730298393189,-17.262856611528036,0.31125669082572777,3.9748835748320204,9.540949087571756,-6.005307861892834,2.6593469206536073,-6.775015761651913,-2.270612238776806,-0.3943726642552338,-14.16798122367399,5.589173713562502,16.70952926220319,-10.66459079450427,9.076719568751486,20.476818625741945,6.84743371876169,-5.2442619810802515,-12.157362182317463,12.70739815374828,16.98572724944395,9.222690796192587,-3.2332780134737757,-25.4211886844551,-21.23362786413324,2.005962042925588,-9.979554162827418,-12.119476843939868,3.3255844142478006,-5.562472544607532,1.1323465713349834,8.823858047847303,-6.993313951633246,6.354792360488803,10.255957205752857,13.815992591344612,5.588509627297231,14.929596703573507,5.857035570076911,7.058759240562576,15.554691637289562,-16.828006889026028,11.348415746242052
18.318868219262548,32.46819595547268,1.0779418344440972,-68.17464441343094,-36.5744983695832,-2.4233509493310366,49.51823842684783,5.727125516314337,28.65179821775784,-24.06926367579526,51.57938958514469,-13.076174488977284,-23.975844020578787,3.5187384157814177,-40.6533083155028,1.0104137651955538,8.840054570845767,21.630895266718134,-14.387664115401956,6.260063973411238,-15.69253318632135,-5.727226568112323,-0.6045762236748488,-33.20997498884627,12.967256421759943,38.61999550013686,-24.392416831001775,20.476818625741945,47.18007872524762,15.840049770856856,-11.432918076938648,-28.90277399740497,29.167401507564946,39.0991518301393,20.659838535313774,-7.897819465457815,-59.02729328859443,-48.7434829754516,4.413255800134218,-22.652362205508233,-27.710649867221605,7.847791822654806,-12.691653130109573,2.5750584950809348,19.99506381125408,-16.177293861141596,15.189032413226132,24.040711115488797,31.41979262168993,12.708064545116542,34.24400825608058,13.941689259162457,16.10235886743762,35.67202469545804,-39.534124601110456,26.302014245816142
6.197580760220573,11.037136115751645,-0.09103518339540112,-23.2448840189594,-12.067285281717611,-0.41648856233677517,16.80255608405009,2.736016802669283,10.549760331667805,-8.309488499875735,18.621047735864252,-4.5825346680992025,-8.620217954194967,1.3429516536739539,-14.150940037082806,1.0676214353460085,3.128676379741329,7.267299408281277,-5.439371787374697,2.4971899142855145,-5.342510213710254,-1.8256302953881107,0.5364612143288466,-11.741928914502555,4.921877229885058,13.859917877678882,-8.430252158301554,6.84743371876169,15.840049770856856,5.931003858019305,-4.141495865588379,-9.671704567004145,10.341590038779092,13.532214467226007,7.354682002237655,-3.1457626479205603,-21.049242644766686,-17.02276131843778,1.4077176258189361,-7.665129485200939,-9.573085382810063,2.2369011672659402,-4.794363328024368,1.7004050724404538,7.323225921302644,-5.517668452262724,5.309365647408882,8.34726102290704,10.726671153130223,4.761547948430494,11.804106311878204,4.894474245480325,5.877189166703434,12.26822741773064,-14.824372271554942,8.145127461732779
-4.2641518035709005,-8.007716020584684,-0.4201413286066513,16.570289502923846,8.61990467038952,0.520439847013554,-12.135803997941396,-1.5089527537340093,-6.983034031406965,5.622902760104441,-12.935285373995534,3.490479667768907,6.209655307503768,-0.8684962256240345,9.521417955996723,-0.46002782338684645,-2.4500008080780136,-5.486767499013429,3.447809851653178,-1.642987810551746,3.7836307556899906,0.9920024590067683,-0.05657070790657348,7.985470786986046,-3.399829737584264,-9.776818174960875,6.171633127664617,-5.2442619810802515,-11.432918076938648,-4.141495865588379,3.3898695507261167,6.374461648575675,-7.454398608490974,-9.724962517643942,-5.641855517789243,1.8801842571404976,14.677772142829731,12.303376364160862,-1.171408789001731,5.761809190710258,7.009462057677605,-1.5500794501720245,3.458294108044283,-1.1196351759956362,-5.41913173775668,3.9221778254612647,-3.4207444425420426,-5.697025550861208,-7.993176861725188,-3.4708871228839944,-8.569866341516883,-3.188061548304449,-4.277363368846289,-8.92538919512918,9.92576644618319,-5.880735710588739
-11.480294962129147,-19.789318365106634,-0.18128390040589762,41.907270110755526,22.597379813833033,1.3353250478659058,-30.26315974639989,-3.8349625994919987,-18.05299954884782,15.15777202103497,-31.806043851974955,7.703467973275238,14.505171052695305,-2.2321777840961303,25.63325869335468,-0.7758362982954669,-5.107129172629344,-12.935251066069998,9.227041948613492,-3.9062882130922,9.680301030995649,3.9702096486550813,0.19731522879421215,20.778030062518408,-7.9454587276695054,-23.64376476107484,14.743921910403396,-12.157362182317463,-28.90277399740497,-9.671704567004145,6.374461648575675,18.512859138652882,-17.687398349770433,-23.86573893636262,-12.072026055978915,5.173870652067131,36.401370877965526,29.607457026185124,-2.524457155189949,13.558447452189105,16.749250001206953,-5.032473444904496,7.5898622364231185,-1.4276445510821056,-11.861064897122974,9.958236956762017,-9.77176130855042,-15.061074507619157,-18.85436800685747,-7.566833497380598,-20.800678255972635,-8.91641409132999,-9.653794005072154,-21.659296263764592,24.689863790250183,-16.348759819596612
11.316862422774426,20.210404895060403,0.3582720549584655,-42.427461708997775,-22.390659531169042,-1.1783179248586806,30.779467054088204,4.194812044803512,18.43798552386893,-15.003032529394286,32.99548006476186,-8.311123939591617,-15.356482108008368,2.302032432877128,-25.43435269647267,1.2369553057922476,5.6650398731461955,13.43443205133534,-9.352935019796263,4.197825211635249,-9.757577453878344,-3.3670149818592874,0.24258275300960247,-20.969336770151457,8.516507140143707,24.66680254241929,-15.333423593406136,12.70739815374828,29.167401507564946,10.341590038779092,-7.454398608490974,-17.687398349770433,18.555121339396784,24.544982508322324,13.250571607376846,-5.257516859538971,-37.5339432978764,-30.761920509177276,2.698286822985061,-14.119387047934701,-17.41228914156418,4.456999892203591,-8.349621514502546,2.3580844263040803,12.970117809177243,-10.066885382451481,9.482816868291405,15.040801811527498,19.655014992600453,8.333848138315222,21.477070345903222,8.735468004335194,10.410462623186456,22.348909108627126,-25.71950541008293,15.613194518686777
15.195688531031882,27.007718167382173,0.632182953316845,-56.738472603005015,-30.152225667632024,-1.7536712319809777,41.16727566249246,5.2623159321594155,24.324049963848726,-20.06547560591812,43.596596557543364,-10.993692413619677,-20.267186401060055,3.0165809597808386,-33.975256655023664,1.3022669994389708,7.458542832354943,17.957737776215914,-12.296981768263608,5.455310943951713,-13.051006465189861,-4.64685561414387,-0.020034440570125656,-27.888391504976298,11.124487494086992,32.60205647295466,-20.385127593304663,16.98572724944395,39.0991518301393,13.532214467226007,-9.724962517643942,-23.86573893636262,24.544982508322324,32.682692419057986,17.452955296785827,-6.846747503182582,-49.719039330055246,-40.853526420335555,3.620369317357224,-18.834043390960225,-23.16568171384315,6.2243734230854395,-10.889486508506707,2.6981463444622094,17.0071399113331,-13.462914693714099,12.69456963567342,20.083180359316554,26.192297511526693,10.880815598945528,28.60210954144093,11.669606197639915,13.674882422691876,29.768338395701804,-33.75794690693667,21.32355015552053
7.877693269303951,14.37988223458799,0.5105978425866967,-30.00756859119197,-15.740875725513861,-0.9010420303928314,21.859147512969468,2.8164360377051967,12.81006468721959,-10.401924892413227,23.29915746649512,-6.072386646761079,-11.005894822367269,1.592575785738079,-17.63613598425446,0.8024798827060535,4.192806435649935,9.699527115335071,-6.414677976335572,2.9647045886101977,-6.876691943127283,-2.1251468445339783,0.10456371319771161,-14.639137501096238,6.05101766066771,17.510621942582954,-10.97095730311946,9.222690796192587,20.659838535313774,7.354682002237655,-5.641855517789243,-12.072026055978915,13.250571607376846,17.452955296785827,9.737549195030065,-3.549007458706453,-26.491528224971944,-21.95426733434722,2.006011664046228,-10.175524179385707,-12.474216884543237,3.0227509486740143,-6.0398150384705565,1.776187404446339,9.426933186350668,-7.111012039380972,6.470118510794968,10.480392383452582,14.155215146768269,6.045525069224802,15.327026534123696,5.988532143171624,7.507769882648402,15.94261700750123,-18.004093715938403,10.90433159102054
-3.224009874835917,-5.503255439651976,0.4111198916124478,11.785990753853007,6.032270275153849,0.006213668531798885,-8.407574667392444,-1.7842523598285716,-5.799583987490594,4.4039925625499,-9.813200903390909,2.2140103967967764,4.40764154787319,-0.7564676605555707,7.560693580628662,-0.838178997747715,-1.476175936168699,-3.4821998263862337,3.1040052794069033,-1.4139889018124316,2.723407090254392,1.0863656381628441,-0.5960971826580891,6.2539671019094545,-2.645012405921155,-7.204137396427387,4.192406660176328,-3.2332780134737757,-7.897819465457815,-3.1457626479205603,1.8801842571404976,5.173870652067131,-5.257516859538971,-6.846747503182582,-3.549007458706453,1.888917954313555,11.021473114410947,8.595532754325673,-0.5964966816367697,3.693686836997025,4.7653681277008575,-1.0841441082107846,2.487983707517,-1.0568602525478101,-3.6799597199028335,2.8040763441515364,-2.9292733027043254,-4.406145470241668,-5.235476554484646,-2.4437800346123737,-5.916615401101404,-2.684815505115162,-2.993299107290076,-6.124889721232196,8.12536199004324,-3.940399787942107
-23.119939453602107,-40.86364266784029,-0.24287435871711036,86.10808732646697,45.39512938991986,2.158218224507323,-62.299195742314346,-8.954638220035143,-37.94315150089673,30.736270707929794,-67.2759996544032,16.643133778437036,31.09928017627951,-4.760106716950863,52.186497913630895,-2.7968090424979906,-11.272889085749753,-26.95551947700895,19.4068278479899,-8.686514734785757,19.81437524407952,7.146194786663455,-0.8292802950320929,42.939237992671536,-17.386267722532672,-50.140324025218106,30.924072382950303,-25.4211886844551,-59.02729328859443,-21.049242644766686,14.677772142829731,36.401370877965526,-37.5339432978764,-49.719039330055246,-26.491528224971944,11.021473114410947,76.46490939859773,62.233597231404616,-5.299242790100602,28.330628940991815,35.140658398003566,-9.095809489423685,16.903633307422574,-4.864858761131913,-26.115390326180243,20.440522830206824,-19.61915994040843,-30.774666256353925,-39.53221555830717,-16.83216833550635,-43.414411289692055,-18.03096968854136,-21.027742538541723,-45.144500482250976,52.815137647367685,-31.5986033218597
