V1,V2,V3,V4,V5,V6,V7,V8,V9,V10,V11,V12,V13,V14,V15,V16,V17,V18,V19,V20,V21,V22,V23,V24,V25,V26,V27,V28,V29,V30,V31,V32,V33,V34,V35,V36,V37,V38,V39,V40,V41,V42,V43,V44,V45,V46,V47,V48,V49,V50,V51,V52,V53,V54,V55,V56
73.10254551525699,129.71333385850053,2.6184981551166797,-272.679432895676,-144.75973117859445,-8.164437607052074,197.7396441416156,25.801508648952492,117.45318240902576,-96.63606697042346,210.06733306448405,-52.763004316289994,-97.52441007019088,14.594816847331236,-163.68809650771567,6.675214916572955,35.7635521358588,86.1094243609949,-59.51422065852677,26.425934993938608,-62.734538776687,-22.462900810418304,0.33028917938487623,-134.3874687272494,53.6945771897701,156.97839207671228,-97.91125687843619,81.39000520986755,187.7431462904542,65.25704784340829,-46.58633609777316,-114.91769362354478,118.04160136170225,157.10056757077345,83.77321405206877,-33.2490849536817,-239.43186104996698,-196.38119053884108,17.267035190337587,-90.3403992608244,-111.27639785391455,29.795800370528863,-52.467120320977834,13.299619512449512,81.79618596075768,-64.7070364455355,61.25752973120611,96.71139835582676,125.690170263096,52.40078448107699,137.4132298268396,56.2948981112381,65.80849230649314,143.00124239867645,-163.04575781794443,102.15468205718823
129.71333385850053,230.36593795426495,4.896440655691394,-484.14108030157354,-257.0527682025521,-14.626178221430262,351.15288063799727,45.55219712383391,208.25039768790595,-171.42584923751213,372.7412481995983,-93.75786557971023,-173.15028016394808,25.86668848516254,-290.3484304035548,11.664822611193214,63.592713815506464,153.0195601021661,-105.4353925409122,46.822046981042284,-111.35997635765848,-39.73817750304584,0.4003068928060678,-238.38667571370988,95.25200076124199,278.6151146459459,-173.92078755534266,144.6784466773152,333.42363452041457,115.79963017607875,-82.89349634674443,-203.80889270067917,209.60789851968676,278.94365346642127,148.88555615279904,-58.84572056808475,-424.9069868506571,-348.7304949027465,30.75379212731175,-160.52499034761908,-197.63853945300147,52.89586462251352,-93.1532683436375,23.517914270369612,145.29931382213132,-114.88407732732618,108.58076806031148,171.57800475456682,223.32433889186413,93.03585520306476,244.03844987817374,99.80260963328185,116.84978874950134,253.97502480784738,-289.10588989903806,181.4621060944923
2.6184981551166797,4.896440655691394,0.8132096050035293,-10.022577619121707,-5.6652050716707985,-0.7923712606030237,7.4483305950898435,0.0011953707921002346,3.304572851606226,-3.2573611610709565,6.647798037212805,-2.000814577607125,-3.2701945284904235,0.356310806602601,-5.379845105519047,-0.5528935902421849,1.378875928884076,3.4716829445918904,-1.4510559281306163,0.5753694051795929,-2.300651930279437,-0.7091658668873118,-0.8238792950573678,-4.3298994702851115,1.4920999425833428,5.1415809685463465,-3.626721354017227,3.3600811516353284,7.20388835468028,1.9113218060401052,-1.8289992181359038,-4.004205836493159,4.082582716270144,5.671920330389794,3.1146679395750647,-0.6003829522139867,-7.827481137526358,-7.01612523425838,0.8327913106338425,-3.585377020743925,-4.124798068084178,1.4191662613522609,-1.5783906276231354,-0.24053585869884178,2.737576596072546,-2.3689162744234404,1.8852629294428338,3.2540575161014447,4.85720524509819,1.6360175313837966,5.062695446114463,1.7414531747034367,2.1714485005567097,5.303846436311931,-4.452709864072978,4.4766066822556105
-272.679432895676,-484.14108030157354,-10.022577619121707,1017.6725760152717,540.180825967573,30.56392394626584,-738.0184390892069,-96.06523308584694,-438.08844577963646,360.42868176289915,-783.7798259353237,197.00624828295688,364.024592614091,-54.4348761117988,610.5755737948456,-24.744464049694514,-133.6169989340775,-321.48875975939023,221.88198586402086,-98.57944575509974,234.04941480296324,83.59763632657157,-1.1513316405617418,501.2904336538066,-200.35383490855548,-585.7850537275959,365.51411274792287,-303.9465337382347,-700.7163378459678,-243.52741183713567,174.11293804263354,428.51607782265694,-440.60633807133837,-586.314978303043,-312.8664612227527,123.91477871553928,893.4201536762049,733.0212953778257,-64.57027096448356,337.2395352420308,415.3698664310856,-111.09473206759796,195.90890891132847,-49.62141623533261,-305.46144370644885,241.4924972183501,-228.39504303984924,-360.75959999761,-469.3028824942672,-195.6098223839677,-512.9208318461879,-209.92128840627026,-245.64031094082208,-533.7620214913956,608.1750482061474,-381.2066555401996
-144.75973117859445,-257.0527682025521,-5.6652050716707985,540.180825967573,287.02921811738076,16.518825743028074,-391.8408316646576,-50.45873493146996,-232.00818683802123,191.24334954468205,-415.4150046462446,104.53725771084426,192.9721058354071,-28.795954931717905,323.83951241585663,-12.685616577958749,-70.8903663678483,-170.77355565615514,117.40019096717057,-52.04505862952572,124.26338913469343,44.41208122794564,-0.08703520211300601,265.792993232809,-106.04134410235065,-310.54791194760844,194.01660848069017,-161.4785846549976,-372.156668948157,-128.96738789907977,92.35863140235085,227.5289252526438,-233.70470784167753,-311.14189354043145,-165.9463325553442,65.458734762768,473.68080976902,388.91433128465565,-34.36170790043118,179.1425207407591,220.45398938569397,-59.23228096779388,103.70527122293664,-25.849394993432853,-161.8679762218765,128.1832635304362,-121.09485321966295,-191.37975549280233,-249.1603800361968,-103.59239801296312,-272.2285475906473,-111.29826216912407,-130.1896206777257,-283.3400374048736,321.9565950452794,-202.88095214010855
-8.164437607052074,-14.626178221430262,-0.7923712606030237,30.56392394626584,16.518825743028074,1.2833972005176846,-22.28793792008379,-2.1934368884952375,-12.439568181820187,10.650528177462476,-22.738828883182453,5.920409050857478,10.662764924075066,-1.5061111196116774,17.926529766937204,-0.155936121908797,-4.023729977129281,-9.848443151917607,6.145991999646189,-2.6472975207442646,7.033407150265113,2.4751285555641345,0.5936485858728613,14.630854274445031,-5.646301305115149,-17.108257014303557,10.985657196538474,-9.361307826146021,-21.282070490674663,-6.9436018205625665,5.2440093962902266,12.80344215449682,-13.026472254115255,-17.516610417365133,-9.343418517131266,3.286534339075283,26.115321849078402,21.8304326455087,-2.0739014106406115,10.300442877631129,12.47092988142554,-3.609303347489303,5.5884744039723735,-0.914958029646504,-8.919044149784856,7.248393792785165,-6.627351253253624,-10.640749482501349,-14.225694927482937,-5.62140963671939,-15.38974774793871,-6.094298924515226,-7.161419019017416,-16.051520151038677,17.13829873529154,-12.035911177204099
197.7396441416156,351.15288063799727,7.4483305950898435,-738.0184390892069,-391.8408316646576,-22.28793792008379,535.279684389611,69.44691665042346,317.4618119762775,-261.32509394781715,568.1861289695846,-142.90859598343062,-263.9346874192983,39.43202679668736,-442.62696690853727,17.77574350205701,96.92526766516812,233.24365587226737,-160.7343911541396,71.38659421431504,-169.75147190659624,-60.594151466117815,0.6195646180237656,-363.40295205877334,145.19428321544842,424.69873508142416,-265.09922089015055,220.52738915268907,508.2514373958308,176.50822353364313,-126.32890296967172,-310.7046741698942,319.4961419666585,425.20214132942345,226.93246751406718,-89.7110469735683,-647.7075146390467,-531.5719534508439,46.87146358896084,-244.6743833176676,-301.2604500759917,80.6442949425722,-141.99174075877633,35.834619083883496,221.4699288023214,-175.12772213624672,165.53746972612404,261.558159942357,340.4110334816199,141.80884569149774,371.9927400856668,152.15091737101304,178.10697000435283,387.1303779112054,-440.7070028173669,276.622890745729
25.801508648952492,45.55219712383391,0.0011953707921002346,-96.06523308584694,-50.45873493146996,-2.1934368884952375,69.44691665042346,10.396160137067517,42.73850201600806,-34.38049673958339,75.54827945952171,-18.59293417566647,-34.87942343974,5.3851028313693075,-58.43212906701631,3.475709240928691,12.58909893927608,29.986141107332347,-21.943997267312803,9.884707253078764,-22.104094069400254,-7.971968899043404,1.2925268103808232,-48.147454464847655,19.6262622684976,56.245330510303326,-34.505775257181206,28.24696373957842,65.71462883636872,23.71027346662105,-16.410604662280978,-40.608261556414206,42.00947849256398,55.540922497589946,29.631869327827687,-12.535915910895035,-85.73474435083054,-69.56429722818616,5.835149028191951,-31.533713354049397,-39.22737997188827,9.97538316582867,-19.047482764682137,5.790071440061026,29.314748071847372,-22.805171460971746,22.00772387928203,34.439003238745315,44.04928407832241,18.951959686499343,48.45591972832018,20.223180299528643,23.610607459502482,50.370922592285936,-59.58836911193354,34.882628744859275
117.45318240902576,208.25039768790595,3.304572851606226,-438.08844577963646,-232.00818683802123,-12.439568181820187,317.4618119762775,42.73850201600806,190.0567847436005,-155.55155577417017,339.02128185275603,-84.76710847674026,-157.21930114936575,23.695490370012262,-263.7032534181407,11.841582189513806,57.47499716545723,137.98924671296413,-96.57199131190565,43.01712444189041,-100.76032188209949,-36.091915417999935,1.7296543872225656,-216.6625934372542,86.983709337813,253.1437602046896,-157.3549994794553,130.35488097859184,301.21123907505245,105.59017141687998,-74.88315744803499,-184.6890320725469,190.11196115594493,252.5848326717103,134.7282853577732,-54.23683298887512,-386.06713604836733,-315.92340546234334,27.528846118934812,-144.84151238478714,-178.80501852229426,47.29946584913102,-84.89857725537415,22.493990881374152,131.97321822151616,-103.97056445662989,98.80309023227261,155.71244842257187,201.74250620118863,84.68525226027246,220.8291166734343,90.80819991009275,106.16061593690823,229.75577087482836,-264.08619992206127,162.98606828706932
-96.63606697042346,-171.42584923751213,-3.2573611610709565,360.42868176289915,191.24334954468205,10.650528177462476,-261.32509394781715,-34.38049673958339,-155.55155577417017,127.813269155202,-277.99901968343295,69.72928730674573,129.01292069320039,-19.346377976481318,216.5333982265315,-9.067330910655786,-47.26673796774495,-113.73626186465435,78.87829946525375,-35.03609734522539,82.92041980130104,29.705432172777208,-0.686197370698222,177.80209124456448,-71.1242991694962,-207.69571704008413,129.43574299001114,-107.48517379713304,-248.08266992689147,-86.42041929670222,61.56963480040942,151.94399500961308,-156.13304263044515,-207.69532201615183,-110.73798823720949,44.13183620622278,316.7890483178023,259.66439906832596,-22.77766138493417,119.34923829066311,147.08561785147117,-39.27060616088527,69.47031511561843,-17.812888889254175,-108.22526807264202,85.53383570533039,-81.06184076645339,-127.91430129008265,-166.0870608381927,-69.35915940106852,-181.64261625198378,-74.49682527009236,-87.07164916022006,-189.0268856307752,215.9788569754101,-134.80531433528554
210.06733306448405,372.7412481995983,6.647798037212805,-783.7798259353237,-415.4150046462446,-22.738828883182453,568.1861289695846,75.54827945952171,339.02128185275603,-277.99901968343295,605.563418576566,-151.78351644315873,-281.0255551538202,42.212270332007385,-471.1156827828158,20.437891177375448,102.92809981996815,247.23642129474013,-172.04434389322253,76.58466672801603,-180.29049454018525,-64.42573539930389,2.2637516141587084,-387.04096820541616,155.1801684661484,452.35063949421374,-281.57871705220936,233.6246686934543,539.2003547796007,188.46242687429267,-134.18042690368802,-330.14305317076685,339.9205773610005,451.8521024509285,241.1783363351581,-96.40562898983649,-689.7973582311815,-565.0811498089187,49.442670399667854,-259.4717787148096,-319.988418307457,84.92325335597693,-151.57340541147528,39.58977648351089,235.8995350090878,-185.9995654732132,176.3792450495625,278.2841291287273,361.2130799477962,151.2859132819076,395.1348360075785,162.11704332954017,189.75178307299288,411.15265466833426,-471.0027566668023,292.2602085632372
-52.763004316289994,-93.75786557971023,-2.000814577607125,197.00624828295688,104.53725771084426,5.920409050857478,-142.90859598343062,-18.59293417566647,-84.76710847674026,69.72928730674573,-151.78351644315873,38.22005711312295,70.53809445595164,-10.529768403209433,118.10820784495488,-4.808256846618106,-25.925579408316104,-62.30761225656538,42.91944681466493,-19.101236642274742,45.32144202503881,16.114662441221263,-0.21844041582706508,97.02206581481407,-38.81793058637268,-113.46480848370021,70.7956944822506,-58.90946609515503,-135.64900909186463,-47.17472056946537,33.83516351055614,82.82417437806964,-85.34679086367454,-113.55603812865706,-60.706393502144756,23.952345766421512,172.98129877164126,141.98083429559682,-12.511785622904911,65.36343410968011,80.47606022426875,-21.464661321069073,37.97367359652014,-9.67766655089413,-59.217905116429144,46.74472797573619,-44.154958960811186,-69.8077039217843,-90.92390260924489,-37.94198271001791,-99.346147303347,-40.58964296224428,-47.625171172221485,-103.3823064481259,117.74529300657342,-73.72491191052367
-97.52441007019088,-173.15028016394808,-3.2701945284904235,364.024592614091,192.9721058354071,10.662764924075066,-263.9346874192983,-34.87942343974,-157.21930114936575,129.01292069320039,-281.0255551538202,70.53809445595164,130.485711915821,-19.564870694562824,218.62298398871187,-9.31931700972276,-47.849629812409006,-114.91632842477101,79.72684865718774,-35.50359570959981,83.72088741194645,29.851217688875344,-0.8890098965203668,179.60394870621153,-71.98350948614654,-209.97261960693413,130.79564408391192,-108.61581234494159,-250.4818234904071,-87.43724481402624,62.402155531552715,153.20368873664873,-157.83549671573934,-209.8484652244727,-112.08401887439801,44.62436856300526,320.1651128132409,262.4363982334353,-23.01878950093263,120.5791624237703,148.64580231446158,-39.477990962216055,70.35845515063943,-18.263027177747237,-109.55751011900604,86.38340724902682,-81.80755798317222,-129.15801742281653,-167.85251896333017,-70.23286764708482,-183.53946295804604,-75.19794601807965,-88.10156798600566,-190.9777809781695,218.41862465320176,-135.84412839836662
14.594816847331236,25.86668848516254,0.356310806602601,-54.4348761117988,-28.795954931717905,-1.5061111196116774,39.43202679668736,5.3851028313693075,23.695490370012262,-19.346377976481318,42.212270332007385,-10.529768403209433,-19.564870694562824,2.959251453411508,-32.810615158413235,1.536200677486014,7.140940235130126,17.123297864139534,-12.05586840063527,5.3776204955952975,-12.516711795812872,-4.486326283293965,0.2851417880107087,-26.965229545787153,10.849050618303602,31.506934283604885,-19.55407554809077,16.171616932409187,37.40298812209514,13.162746198124687,-9.303305272025607,-22.9556893733264,23.64778472008529,31.393876813604603,16.744274301675194,-6.787260412376668,-48.05056535143065,-39.27720655241676,3.4081677529417083,-17.977347504080136,-22.216675531405166,5.844917807473833,-10.583258470147191,2.8585247403498575,16.429281448071727,-12.919788566471748,12.301072527756295,19.368281990316625,25.05432721134383,10.549073036150943,27.44036885267023,11.305672513502984,13.213801092295917,28.5473594961186,-32.93750408102847,20.187444491307204
-163.68809650771567,-290.3484304035548,-5.379845105519047,610.5755737948456,323.83951241585663,17.926529766937204,-442.62696690853727,-58.43212906701631,-263.7032534181407,216.5333982265315,-471.1156827828158,118.10820784495488,218.62298398871187,-32.810615158413235,366.92234127588176,-15.501355182223165,-80.07054906717443,-192.59529323449175,133.76029923830623,-59.46674306638477,140.43756509754112,50.31316891490859,-1.3736733777521577,301.29811442989154,-120.5855414639701,-351.94381195864395,219.2414130787199,-182.0097927052731,-420.1570784230549,-146.4866850449766,104.28269817417893,257.3761211725399,-264.52175720878836,-351.8351383487958,-187.60123927988025,74.88187365849507,536.8170780126972,439.9049150576628,-38.554814270069144,202.07986395829653,249.14745191206606,-66.42882051425637,117.78586677726959,-30.329318731663353,-183.41959238124363,144.89781789645582,-137.3816320851,-216.72523617421194,-281.317437761036,-117.5595778348892,-307.6971580307375,-126.25503503712937,-147.54312400292835,-320.1700600123659,366.1650806255776,-228.1677171333182
6.675214916572955,11.664822611193214,-0.5528935902421849,-24.744464049694514,-12.685616577958749,-0.155936121908797,17.77574350205701,3.475709240928691,11.841582189513806,-9.067330910655786,20.437891177375448,-4.808256846618106,-9.31931700972276,1.536200677486014,-15.501355182223165,1.601115879927955,3.249271638650381,7.530618603778927,-6.246651157579233,2.8807420066005704,-5.706300192313397,-2.0774159087512456,1.0388842946435712,-12.892699922858572,5.500246558820049,15.094814210390226,-8.9252192334009,7.03230015251523,16.68929178320995,6.570658145448501,-4.2608077136928255,-10.528072123897054,11.116928727129933,14.4496387521034,7.730940196933286,-3.728483105366612,-22.95938694200097,-18.186540793508755,1.3578353680908442,-7.983053331273324,-10.140555162898256,2.243363513415429,-5.25769186229042,2.18901786718921,7.876667573811372,-5.879873157841689,5.915622012939147,9.096241858427664,11.22456425543918,5.198457349464366,12.527548652969374,5.438004264788311,6.365457547331922,13.006216132802686,-16.68079370354247,8.308642967691068
35.7635521358588,63.592713815506464,1.378875928884076,-133.6169989340775,-70.8903663678483,-4.023729977129281,96.92526766516812,12.58909893927608,57.47499716545723,-47.26673796774495,102.92809981996815,-25.925579408316104,-47.849629812409006,7.140940235130126,-80.07054906717443,3.249271638650381,17.601639660604143,42.26591317276032,-29.088244306155453,12.946379882945116,-30.723573513748274,-10.8969321481429,0.14933937491744065,-65.77232150804122,26.328005989051714,76.95217844832898,-48.03647892392159,39.97326511751881,92.0093476251803,32.00439026231095,-22.977071810070402,-56.132799531264304,57.9046422594448,77.0160154190779,41.192809933711914,-16.233266311080826,-117.31700487581045,-96.31657968736818,8.505811437512273,-44.336467973885135,-54.587946547207004,14.535804755831263,-25.77421354543451,6.570353531801573,40.19563986950109,-31.70496560106207,29.920181312828927,47.32497318445668,61.694415726897155,25.738563762331648,67.39049090300132,27.509721116874307,32.30584273911098,70.12933929166341,-79.83551625021751,49.99164837515913
86.1094243609949,153.0195601021661,3.4716829445918904,-321.48875975939023,-170.77355565615514,-9.848443151917607,233.24365587226737,29.986141107332347,137.98924671296413,-113.73626186465435,247.23642129474013,-62.30761225656538,-114.91632842477101,17.123297864139534,-192.59529323449175,7.530618603778927,42.26591317276032,101.72325787969116,-69.79740234303016,30.993588846711553,-73.95115007167264,-26.333632026740105,0.03250849020543969,-158.12442382455427,63.12869247712273,184.85924591803536,-115.5053881864628,96.19866405382211,221.48663307709995,76.76742449954476,-55.12172497950693,-135.22914344510895,139.12848602104955,185.22016408108698,98.92728978735087,-38.88887044544039,-281.89061117330215,-231.53849132023177,20.477512375024425,-106.69528628206002,-131.27279319121686,35.202925077113406,-61.77596959734892,15.438966082567596,96.43713984139882,-76.282767274543275,71.98215536492464,113.84161232448754,148.3857031191199,61.7264669633705,162.07070826727187,66.16577352307661,77.550010006317,168.67776663105377,-191.55329699220906,120.67101196234889
-59.51422065852677,-105.4353925409122,-1.4510559281306163,221.88198586402086,117.40019096717057,6.145991999646189,-160.7343911541396,-21.943997267312803,-96.57199131190565,78.87829946525375,-172.04434389322253,42.91944681466493,79.72684865718774,-12.05586840063527,133.76029923830623,-6.246651157579233,-29.088244306155453,-69.79740234303016,49.14206353325436,-21.915169292699826,51.04036449207019,18.32165992469826,-1.1326089027359918,109.931280566115,-44.205055692431266,-128.40941063741144,79.68176709932968,-65.90743700092496,-152.45901628937415,-53.626225686952914,37.89010074038536,93.61104650153148,-96.36064666415426,-127.96389133073605,-68.23058158358451,27.6614931372371,195.83468030967322,160.0673087175745,-13.875274675698515,73.28041585521704,90.55263328398232,-23.861519880886753,43.10374893782686,-11.61902592074551,-66.9187389928898,52.66080729566068,-50.15927604633571,-78.96176763781571,-102.10117234245939,-42.98432993081266,-111.84115550164843,-46.096109572654825,-53.847313932602944,-116.34927457806428,134.23403298316512,-82.32453922838265
26.425934993938608,46.822046981042284,0.5753694051795929,-98.57944575509974,-52.04505862952572,-2.6472975207442646,71.38659421431504,9.884707253078764,43.01712444189041,-35.03609734522539,76.58466672801603,-19.101236642274742,-35.50359570959981,5.3776204955952975,-59.46674306638477,2.8807420066005704,12.946379882945116,30.993588846711553,-21.915169292699826,9.838862442237179,-22.661950520340916,-8.111204960280075,0.6474948874305925,-48.906443100299285,19.72186639595081,57.14735392838381,-35.38384390304134,29.260802500696297,67.65473064654354,23.889214528495877,-16.876031418896947,-41.516424860427584,42.83565636327396,56.87218401242437,30.38664262214981,-12.352397727078019,-87.12338920850824,-71.15776342932841,6.138731838540618,-32.52032384303024,-40.24676903613132,10.524453195538138,-19.237386025603904,5.297729858192205,29.8182159110236,-23.393935876012133,22.309094573069622,35.0961151642609,45.36132460811397,19.176774769393816,49.6990574745334,20.499442331504422,23.984548099941307,51.67360007762124,-59.841814886877295,36.40348731433751
-62.734538776687,-111.35997635765848,-2.300651930279437,234.04941480296324,124.26338913469343,7.033407150265113,-169.75147190659624,-22.104094069400254,-100.76032188209949,82.92041980130104,-180.29049454018525,45.32144202503881,83.72088741194645,-12.516711795812872,140.43756509754112,-5.706300192313397,-30.723573513748274,-73.95115007167264,51.04036449207019,-22.661950520340916,53.855834007805186,19.248459704730696,-0.24291414476293363,115.31599407860368,-46.081412715238436,-134.74480079758348,84.06670493893539,-69.90335221476394,-161.16800114713263,-56.011589952180564,40.04403377408491,98.5841778333031,-101.34118960483966,-134.86542573522627,-71.95936857222567,28.502761525169568,205.49357805058398,168.59075650436543,-14.837207115793403,77.59094576581462,95.5424026799138,-25.570603674227833,45.03825957608534,-11.415249087438433,-70.23177602174773,55.53858161174884,-52.538145518374385,-82.98744443532647,-107.9256480950514,-44.99420570413168,-117.97251117841252,-48.28734964760285,-56.505981652151704,-122.77525658961733,139.89372229201345,-87.6915825788397
-22.462900810418304,-39.73817750304584,-0.7091658668873118,83.59763632657157,44.41208122794564,2.4751285555641345,-60.594151466117815,-7.971968899043404,-36.091915417999935,29.705432172777208,-64.42573539930389,16.114662441221263,29.851217688875344,-4.486326283293965,50.31316891490859,-2.0774159087512456,-10.8969321481429,-26.333632026740105,18.32165992469826,-8.111204960280075,19.248459704730696,6.9838313673506756,-0.12517671796757068,41.278988210474935,-16.45458486646542,-48.10974435587142,29.96550149369671,-24.86831248372451,-57.541577585518986,-19.989608881793067,14.152035796195348,35.38806818687814,-36.13797810151496,-48.13570837514089,-25.56034094570102,10.254040859232319,73.42623334754418,60.13381609660536,-5.251408419777057,27.633245613831296,34.0621582556957,-9.185786423129175,16.034915865519345,-4.04276107052562,-24.98209312304464,19.83991351447495,-18.869821380154715,-29.710515179284357,-38.439951010966894,-16.01700294443771,-42.07944876468226,-17.329235322408095,-20.128921464877806,-43.790789453716606,50.06141584898846,-31.3631845439995
0.33028917938487623,0.4003068928060678,-0.8238792950573678,-1.1513316405617418,-0.08703520211300601,0.5936485858728613,0.6195646180237656,1.2925268103808232,1.7296543872225656,-0.686197370698222,2.2637516141587084,-0.21844041582706508,-0.8890098965203668,0.2851417880107087,-1.3736733777521577,1.0388842946435712,0.14933937491744065,0.03250849020543969,-1.1326089027359918,0.6474948874305925,-0.24291414476293363,-0.12517671796757068,1.096694493024914,-1.2756233022210879,0.872685882143984,1.5027189153111213,-0.4196386074788767,-0.044217558598034445,0.3868656902137059,0.929336086166696,-0.19776487783829305,-0.5612584120404148,0.8772729664956606,0.8216577985141487,0.46333467672603174,-0.8870862847629944,-2.2548936157014015,-1.169804383134725,-0.1417396589767906,-0.08547940067541303,-0.4821163598339838,-0.3711837027538263,-0.7541792276220366,1.0639837878396254,0.8199177099815751,-0.28190450351711693,0.6360916905435762,0.7255461836237048,0.32802310947551855,0.6664643638146777,0.6162676898782015,0.5851221698515386,0.6577910422414426,0.578657871752043,-2.628375633657766,-0.601082758944298
-134.3874687272494,-238.38667571370988,-4.3298994702851115,501.2904336538066,265.792993232809,14.630854274445031,-363.40295205877334,-48.147454464847655,-216.6625934372542,177.80209124456448,-387.04096820541616,97.02206581481407,179.60394870621153,-26.965229545787153,301.29811442989154,-12.892699922858572,-65.77232150804122,-158.12442382455427,109.931280566115,-48.906443100299285,115.31599407860368,41.278988210474935,-1.2756233022210879,247.47044969448905,-99.11765801670967,-289.12255615581967,180.0273661521471,-149.4185121345307,-344.90337852312024,-120.38487003909935,85.69715560020909,211.25529769672332,-217.26793973847214,-288.92621574468353,-154.12488460448284,61.56767864368833,440.9417761560204,361.2695510114036,-31.625637834703987,165.928487017804,204.60077568070614,-54.44893381994318,96.80406304925522,-25.092955911310206,-150.70413347253947,118.96122527062433,-112.81544053999792,-177.9696904232607,-230.97819832407401,-96.63049572187828,-252.66342141752438,-103.6816148288352,-121.23949250712577,-262.9019994896507,300.9257823842228,-187.143755230589
53.6945771897701,95.25200076124199,1.4920999425833428,-200.35383490855548,-106.04134410235065,-5.646301305115149,145.19428321544842,19.6262622684976,86.983709337813,-71.1242991694962,155.1801684661484,-38.81793058637268,-71.98350948614654,10.849050618303602,-120.5855414639701,5.500246558820049,26.328005989051714,63.12869247712273,-44.205055692431266,19.72186639595081,-46.081412715238436,-16.45458486646542,0.872685882143984,-99.11765801670967,39.85025056613168,115.87478013396138,-71.99531738972335,59.63577036268392,137.7274050332644,48.36294458852979,-34.336538167051714,-84.37662064536438,87.01311638329501,115.56065981775046,61.716652664591216,-24.835186173608832,-176.67325681311073,-144.56504614559364,12.588231965937473,-66.26858377239236,-81.81759772028238,21.56005464936262,-38.90477099776738,10.41077821822252,60.45657786192137,-47.54778807912793,45.16936814672023,71.21130146230333,92.30337439381734,38.810930262614725,101.03112466039299,41.51991172111658,48.6262796672501,105.11128701757795,-120.92328525347678,74.41298001824306
156.97839207671228,278.6151146459459,5.1415809685463465,-585.7850537275959,-310.54791194760844,-17.108257014303557,424.69873508142416,56.245330510303326,253.1437602046896,-207.69571704008413,452.35063949421374,-113.46480848370021,-209.97261960693413,31.506934283604885,-351.94381195864395,15.094814210390226,76.95217844832898,184.85924591803536,-128.40941063741144,57.14735392838381,-134.74480079758348,-48.10974435587142,1.5027189153111213,-289.12255615581967,115.87478013396138,337.94626744261086,-210.46414535236428,174.70271061321355,403.06110489537207,140.75084900230735,-100.33190890495433,-246.67140067764572,254.00599402351028,337.69091301388937,180.2813288523604,-71.90647344406158,-515.3291375487473,-422.3020260656658,37.00337046029776,-193.99597195258227,-239.172002456533,63.5335443262048,-113.21432653644437,29.4345428037234,176.26354129231092,-139.01083924026082,131.7274075010354,207.9097942784579,270.0332729847053,113.01335318578337,295.3301158934225,121.08045592317272,141.77176726447985,307.31000290363215,-351.67094291239425,218.5838659165692
-97.91125687843619,-173.92078755534266,-3.626721354017227,365.51411274792287,194.01660848069017,10.985657196538474,-265.09922089015055,-34.505775257181206,-157.3549994794553,129.43574299001114,-281.57871705220936,70.7956944822506,130.79564408391192,-19.55407554809077,219.2414130787199,-8.9252192334009,-48.03647892392159,-115.5053881864628,79.68176709932968,-35.38384390304134,84.06670493893539,29.96550149369671,-0.4196386074788767,180.0273661521471,-71.99531738972335,-210.46414535236428,131.35290209854156,-109.21276937408312,-251.7076656746173,-87.53006264441788,62.63265186671435,153.8400004562665,-158.34428833656713,-210.6295606713729,-112.44996368029368,44.50372444164517,320.9605061009379,263.3697587257048,-23.21972704489957,121.19124752113537,149.23434767933597,-39.84992120141908,70.41275374890455,-17.893618817380617,-109.79710716974843,86.73724291782477,-81.9818431894142,-129.55433468465534,-168.62084021146842,-70.30566835953961,-184.2729952633298,-75.36388430524705,-88.28273115619363,-191.78266345958602,218.48590280027966,-136.87404385323305
81.39000520986755,144.6784466773152,3.3600811516353284,-303.9465337382347,-161.4785846549976,-9.361307826146021,220.52738915268907,28.24696373957842,130.35488097859184,-107.48517379713304,233.6246686934543,-58.90946609515503,-108.61581234494159,16.171616932409187,-182.0097927052731,7.03230015251523,39.97326511751881,96.19866405382211,-65.90743700092496,29.260802500696297,-69.90335221476394,-24.86831248372451,-0.044217558598034445,-149.4185121345307,59.63577036268392,174.70271061321355,-109.21276937408312,90.99080957380149,209.430104260119,72.53387576606526,-52.13284099045262,-127.8078208246859,131.51805427032696,175.09609171949822,93.53556618898922,-36.7032071068658,-266.4085681714287,-218.88961879391982,19.390872413228056,-100.8908366672081,-124.11096592087041,33.29984320075569,-58.382136265829224,14.525833766837428,91.16399667683429,-72.12026308068349,68.0058741078121,107.58809747350568,140.32291906189698,58.328587295007715,153.23074199953143,62.51513370607202,73.29140799688338,159.4775150923489,-180.93716629698233,114.14960365601718
187.7431462904542,333.42363452041457,7.20388835468028,-700.7163378459678,-372.156668948157,-21.282070490674663,508.2514373958308,65.71462883636872,301.21123907505245,-248.08266992689147,539.2003547796007,-135.64900909186463,-250.4818234904071,37.40298812209514,-420.1570784230549,16.68929178320995,92.0093476251803,221.48663307709995,-152.45901628937415,67.65473064654354,-161.16800114713263,-57.541577585518986,0.3868656902137059,-344.90337852312024,137.7274050332644,403.06110489537207,-251.7076656746173,209.430104260119,482.6538777826088,167.47087515377913,-119.90351975700138,-295.0374635032341,303.28435915229414,403.6647446783577,215.38622776917992,-85.05710603304308,-614.7479373796004,-504.6305020672302,44.549302563974805,-232.34090790997575,-286.00898339483933,76.66489939086154,-134.70537384021065,33.81741816033779,210.17045369536262,-166.27810193324729,157.1133472120526,248.28762353779493,323.22525253816934,134.53005098146804,353.1724338798684,144.41037969119978,169.01044194320713,367.5655391530317,-418.0770991830198,262.863513676297
65.25704784340829,115.79963017607875,1.9113218060401052,-243.52741183713567,-128.96738789907977,-6.9436018205625665,176.50822353364313,23.71027346662105,105.59017141687998,-86.42041929670222,188.46242687429267,-47.17472056946537,-87.43724481402624,13.162746198124687,-146.4866850449766,6.570658145448501,32.00439026231095,76.76742449954476,-53.626225686952914,23.889214528495877,-56.011589952180564,-19.989608881793067,0.929336086166696,-120.38487003909935,48.36294458852979,140.75084900230735,-87.53006264441788,72.53387576606526,167.47087515377913,58.722334053883706,-41.739793474949465,-102.55681740142056,105.74275836859817,140.44592786455627,74.99501023324905,-30.104221798885174,-214.6140015620251,-175.6925020171843,15.337177411378628,-80.59024188613023,-99.4475817500212,26.25630299133319,-47.229813338289716,12.53919146986096,73.4383215116081,-57.79459930202414,54.850548296889336,86.51710744287857,112.22503203465432,47.118136147094916,122.8040391288312,50.42332037232111,59.06061082749737,127.78069633914943,-146.75802959545354,90.57827039708926
-46.58633609777316,-82.89349634674443,-1.8289992181359038,174.11293804263354,92.35863140235085,5.2440093962902266,-126.32890296967172,-16.410604662280978,-74.88315744803499,61.56963480040942,-134.18042690368802,33.83516351055614,62.402155531552715,-9.303305272025607,104.28269817417893,-4.2608077136928255,-22.977071810070402,-55.12172497950693,37.89010074038536,-16.876031418896947,40.04403377408491,14.152035796195348,-0.19776487783829305,85.69715560020909,-34.336538167051714,-100.33190890495433,62.63265186671435,-52.13284099045262,-119.90351975700138,-41.739793474949465,30.031291859094708,73.0659428635844,-75.50620205915091,-100.39921459565134,-53.76870080774903,21.137987688897184,152.91382228388522,125.57363790283827,-11.094313959258754,57.83203567216502,71.17874225300935,-18.906646504486044,33.62388730541005,-8.621870343947018,-52.44393453549577,41.31187896974305,-38.94947993438492,-61.651862038907936,-80.44359288955528,-33.592347430399556,-87.85337329313838,-35.817131812449354,-42.15133121817656,-91.43136149804387,104.06255526100014,-65.09213908347859
-114.91769362354478,-203.80889270067917,-4.004205836493159,428.51607782265694,227.5289252526438,12.80344215449682,-310.7046741698942,-40.608261556414206,-184.6890320725469,151.94399500961308,-330.14305317076685,82.82417437806964,153.20368873664873,-22.9556893733264,257.3761211725399,-10.528072123897054,-56.132799531264304,-135.22914344510895,93.61104650153148,-41.516424860427584,98.5841778333031,35.38806818687814,-0.5612584120404148,211.25529769672332,-84.37662064536438,-246.67140067764572,153.8400004562665,-127.8078208246859,-295.0374635032341,-102.55681740142056,73.0659428635844,180.76763022336036,-185.47927836040574,-246.84220205154801,-131.49208763952956,52.330750086288795,376.3126792128255,308.55232290426983,-27.111150471025027,141.88761325220037,174.8028495229037,-46.855174120257225,82.41411755354181,-20.869015352457602,-128.46347265300423,101.6934960561468,-96.35271425219267,-152.03992225683785,-197.42909092523158,-82.28420464606336,-215.89407739394272,-88.5411777998458,-103.35951546132928,-224.68387549806164,256.3183231250149,-160.58551952638206
118.04160136170225,209.60789851968676,4.082582716270144,-440.60633807133837,-233.70470784167753,-13.026472254115255,319.4961419666585,42.00947849256398,190.11196115594493,-156.13304263044515,339.9205773610005,-85.34679086367454,-157.83549671573934,23.64778472008529,-264.52175720878836,11.116928727129933,57.9046422594448,139.12848602104955,-96.36064666415426,42.83565636327396,-101.34118960483966,-36.13797810151496,0.8772729664956606,-217.26793973847214,87.01311638329501,254.00599402351028,-158.34428833656713,131.51805427032696,303.28435915229414,105.74275836859817,-75.50620205915091,-185.47927836040574,191.01256434240912,253.96768456758736,135.5973128267073,-53.90611271180756,-387.34094762461825,-317.6018606686604,27.911220159559523,-146.0020274982588,-179.90571218495472,47.87039826067777,-85.05858469657744,21.92393454128855,132.5150378477173,-104.55925780987391,98.95716406042818,156.28637999456427,203.1928459969114,84.90962725191089,222.14844529248882,90.968771244116,106.55954680623196,231.18414853602678,-264.0552940388565,164.6404710369155
157.10056757077345,278.94365346642127,5.671920330389794,-586.314978303043,-311.14189354043145,-17.516610417365133,425.20214132942345,55.540922497589946,252.5848326717103,-207.69532201615183,451.8521024509285,-113.55603812865706,-209.8484652244727,31.393876813604603,-351.8351383487958,14.4496387521034,77.0160154190779,185.22016408108698,-127.96389133073605,56.87218401242437,-134.86542573522627,-48.13570837514089,0.8216577985141487,-288.92621574468353,115.56065981775046,337.69091301388937,-210.6295606713729,175.09609171949822,403.6647446783577,140.44592786455627,-100.39921459565134,-246.84220205154801,253.96768456758736,337.873726398494,180.356381070748,-71.49691644465412,-514.9780821254291,-422.4416309344588,37.17247436028677,-194.32559736692494,-239.36280554794706,63.90658315753285,-112.97800365118354,28.804675815795015,176.11263014605166,-139.13113233255575,131.61303584502807,207.89085536917403,270.3951826751357,112.8196169734522,295.55923103468996,120.97294923712553,141.63978260194972,307.5750907873796,-350.7360829455126,219.4328665465949
83.77321405206877,148.88555615279904,3.1146679395750647,-312.8664612227527,-165.9463325553442,-9.343418517131266,226.93246751406718,29.631869327827687,134.7282853577732,-110.73798823720949,241.1783363351581,-60.706393502144756,-112.08401887439801,16.744274301675194,-187.60123927988025,7.730940196933286,41.192809933711914,98.92728978735087,-68.23058158358451,30.38664262214981,-71.95936857222567,-25.56034094570102,0.46333467672603174,-154.12488460448284,61.716652664591216,180.2813288523604,-112.44996368029368,93.53556618898922,215.38622776917992,74.99501023324905,-53.76870080774903,-131.49208763952956,135.5973128267073,180.356381070748,96.44800798725703,-38.10266408877868,-274.8368682128564,-225.53751634236602,19.865697868255893,-103.78067830087953,-127.81534801229847,34.01302304759508,-60.38281360442289,15.485035151998922,94.12834589761167,-74.23675186699562,70.13348772694185,110.87312743275233,144.40414082838313,60.312335053397405,157.787909756939,64.47559508329822,75.68232328282953,164.19095516297443,-187.17232007330432,116.95776413128524
-33.2490849536817,-58.84572056808475,-0.6003829522139867,123.91477871553928,65.458734762768,3.286534339075283,-89.7110469735683,-12.535915910895035,-54.23683298887512,44.13183620622278,-96.40562898983649,23.952345766421512,44.62436856300526,-6.787260412376668,74.88187365849507,-3.728483105366612,-16.233266311080826,-38.88887044544039,27.6614931372371,-12.352397727078019,28.502761525169568,10.254040859232319,-0.8870862847629944,61.56767864368833,-24.835186173608832,-71.90647344406158,44.50372444164517,-36.7032071068658,-85.05710603304308,-30.104221798885174,21.137987688897184,52.330750086288795,-53.90611271180756,-71.49691644465412,-38.10266408877868,15.635280972707196,109.66840112833157,89.46633305414417,-7.6976028695773,40.84898834734788,50.56493079235355,-13.217111393895971,24.187043569876355,-6.715909806968653,-37.46780620515518,29.41299219537644,-28.11172602764388,-44.18148585023993,-56.9604741438455,-24.09704858266566,-62.46395067504999,-25.83556308283599,-30.15135328666141,-64.9716271696762,75.43004761551106,-45.75266574863497
-239.43186104996698,-424.9069868506571,-7.827481137526358,893.4201536762049,473.68080976902,26.115321849078402,-647.7075146390467,-85.73474435083054,-386.06713604836733,316.7890483178023,-689.7973582311815,172.98129877164126,320.1651128132409,-48.05056535143065,536.8170780126972,-22.95938694200097,-117.31700487581045,-281.89061117330215,195.83468030967322,-87.12338920850824,205.49357805058398,73.42623334754418,-2.2548936157014015,440.9417761560204,-176.67325681311073,-515.3291375487473,320.9605061009379,-266.4085681714287,-614.7479373796004,-214.6140015620251,152.91382228388522,376.3126792128255,-387.34094762461825,-514.9780821254291,-274.8368682128564,109.66840112833157,785.8833486720501,643.9991265348152,-56.438546125883285,295.8148089852255,364.71847901818603,-96.94980876411705,172.61187805431422,-44.789382016269556,-268.7438902628712,212.0184694920015,-200.93643799827078,-317.1043545858629,-411.7946271557318,-172.28177086089505,-450.3823787592643,-184.69187402708883,-216.14594417386587,-468.65034507762493,536.2609596878236,-333.47533876055996
