V1,V2,V3,V4,V5,V6,V7,V8,V9,V10,V11,V12,V13,V14,V15,V16,V17,V18,V19,V20,V21,V22,V23,V24,V25,V26,V27,V28,V29,V30,V31,V32,V33,V34,V35,V36,V37,V38,V39,V40,V41,V42,V43,V44,V45,V46,V47,V48,V49,V50,V51,V52,V53,V54,V55,V56
11.364542281197403,8.012232724960993,8.604177158034966,-7.497408198888964,-4.163982434811884,4.237266585242143,-0.446187052320183,-2.941183522460502,2.7971146582798423,2.857016543051712,4.17045453832112,5.2508503925737235,-8.680467693541543,-1.2450069894166742,-4.492487658507501,0.6119296129736148,0.08339059720726157,-2.682715276123881,7.1722446179470785,2.743163393287755,9.502671371053806,1.261657475541419,2.025253810725437,9.83892049920456,-0.4942362076816785,3.382460564977722,-2.126990129471024,2.2715000303612176,-4.305752506606576,3.8327980764250125,5.754668412457756,4.545220568311207,0.24706391556987414,-2.595224646908284,-7.036397476692143,-2.247919853099125,-9.826249614441862,7.726919578114223,5.661815963722122,0.7550976573027295,1.2175306123080953,7.377755908036656,0.3579420513836392,-10.927229346534451,-0.884787422313999,-1.6766383711144306,12.338858915329961,3.043665457715795,-0.9875317160811922,0.932836136128704,-1.632820827933344,6.992068616241212,-0.8501254108365686,1.4145808128534965,5.743013162246968,5.59140518918952
8.012232724960993,5.859001444099785,5.905345499063133,-5.215943724797618,-2.8194971405656784,2.1861939143281792,0.22331324459217913,-1.6984657891407997,2.1547196473485575,1.9719293314613513,2.9638192334682567,3.980209475195635,-6.103301256405942,-0.9266394421937071,-3.3106555838470713,0.36910961756314625,-0.18122479887197476,-2.227995513421814,5.153840347669991,1.9667709815217007,6.446856323182708,1.477265724262315,1.5810212289739392,6.835101355124017,0.01407614191126299,2.293406023759214,-1.4915249890813773,1.533345993772905,-2.4675421724142095,2.791942896458694,3.6270601035843772,2.722138166669915,0.25666850492834825,-1.3814935794992482,-5.323992047593624,-1.5108597783195132,-6.390272586270134,5.400458832841414,3.9636035172448647,0.49478971208071626,0.755686389601893,5.4300751953504856,0.24132823520365668,-7.469299563790793,-0.9143821767107375,-1.316416453398929,8.758928170646437,2.0260712014496596,-0.47686620916220407,0.6947269486620108,-0.9233580070107071,4.88051067768945,-0.4792010679710544,1.0286694456726662,3.955660934219227,3.492102085530204
8.604177158034966,5.905345499063133,6.668286513195501,-5.746578403457282,-3.3002153312556732,4.020391286867173,-0.8852215587082531,-2.572398246798984,1.9622011396059527,2.1636447776718364,3.198186515054869,3.739198544336947,-6.577977968411046,-0.8211781359169434,-3.2247187251723783,0.5020700608345151,0.34584245506771655,-1.6813431447060725,5.387233876814229,2.030968378638242,7.412502348254619,0.24994613667067248,1.3875539985035985,7.549474598030374,-0.7851520546010653,2.7359444954258008,-1.6547343408034618,1.8356895215000277,-3.829114482976637,2.808527991481817,4.773353539372676,3.9062583206376087,0.12913098281113003,-2.44567648264252,-4.917640329081708,-1.7604083620274167,-8.006774551317678,5.885459657980048,4.258094580562936,0.5528591210906355,1.0321690213350654,5.284848092303383,0.3141804814878678,-8.485635365345388,-0.38113524877405414,-1.149887473830488,9.31828172638624,2.457232597594031,-0.9782829235845171,0.6858816370841118,-1.4751197888357155,5.29957692621281,-0.7505436563909449,1.013101418475082,4.467387498569287,4.7329294819237875
-7.497408198888964,-5.215943724797618,-5.746578403457282,4.997083395676588,2.825129608383984,-3.1945155479520277,0.5508435574492888,2.0988755644856205,-1.7676414254719917,-1.8809158888955437,-2.752042099479209,-3.3649832476109425,5.728484804560922,0.765172537199432,2.8696222975010053,-0.403502903359323,-0.19661300904933007,1.5878591754218707,-4.719618765390237,-1.7728163174631502,-6.368367854640925,-0.4820091866519927,-1.2626521262938326,-6.559720439724661,0.5398113607329253,-2.3443072711225117,1.4351800169722624,-1.5579997959800078,3.129637735040198,-2.475141679365518,-4.019578515983388,-3.243231263875584,-0.1262444249268533,1.9683072574919966,4.438635381177631,1.5027734041224303,6.747283092906223,-5.127197924879857,-3.7204774524265924,-0.4793396991175336,-0.8733358218436442,-4.701901803565731,-0.2629800363698212,7.31477422196194,0.44354340031115497,1.062492272881343,-8.13902474769749,-2.097854108664922,0.7719463083007685,-0.5921854474852452,1.196038383329331,-4.6043463902900985,0.6128176891242899,-0.8985900515511677,-3.855989811721294,-3.933481884546569
-4.163982434811884,-2.8194971405656784,-3.3002153312556732,2.825129608383984,1.762510464267226,-2.5410435342724895,0.8518946638833815,1.4454991084170912,-0.8736803808073248,-0.9554059822578136,-1.708192424323402,-1.711519496800328,3.1705934425268105,0.14823389371319684,1.360284485158178,-0.2369351055277537,-0.44440503705465056,0.5408415843878461,-2.664724247500502,-0.9038635480881064,-3.671167579677021,0.626324781854674,-0.5961306948047803,-3.7221299294395043,0.7513094431679024,-1.6158410370342091,0.8974270853731122,-1.046243588902293,2.2860115053487213,-1.27659915844774,-2.5978663418977934,-2.2039960544496298,-0.07589648479872303,1.5945304956012525,1.964199630484782,0.8762848393355287,4.358297075816709,-2.830925949251381,-1.913672801657746,-0.1367169386254967,-0.6122066582046416,-2.219708442391162,-0.25342425433508664,4.22633779557805,-0.009066491925982285,0.497738088696691,-4.559949708394225,-1.3475073824528654,0.666751427964026,-0.3399156496611911,0.8958861481367669,-2.467293113596286,0.4134861876230179,-0.40064811010990414,-2.274346748618376,-2.7447185957418343
4.237266585242143,2.1861939143281792,4.020391286867173,-3.1945155479520277,-2.5410435342724895,6.376540369816381,-3.4538061319111755,-3.037984868707413,0.18822339789413148,0.8740907324657546,2.059907920070549,0.7093626980977558,-3.239413432909421,0.5915447981900593,-0.479764146701092,0.39171100632264216,1.8384235208331638,1.100820846746276,2.5907181917851325,0.6422825673743607,4.673588123846438,-4.17505062237696,-0.0331546427552021,4.255546366487437,-2.7462894416929933,2.6349044435087814,-1.1831231863372798,1.667678106020035,-5.020309726055055,0.8410743252764625,4.587565636457494,4.402180111863422,-0.13424840164380802,-3.935073323225577,0.054103935920920825,-1.153349697861525,-7.164417776327888,2.991564136692116,1.676097212776908,-0.07364184283764738,1.1871431974153162,0.7435136217273255,0.5363640454918377,-5.2654086768256585,1.3334370093511048,0.021160325449575586,4.5982867995263295,2.12474215638289,-1.7865600730153772,0.2641433574331365,-2.027995261147741,2.4212013039296587,-0.8917548632948472,0.09049046826644278,2.8824693977429083,5.216205921252688
-0.446187052320183,0.22331324459217913,-0.8852215587082531,0.5508435574492888,0.8518946638833815,-3.4538061319111755,2.2902921622371335,1.4432733616822047,0.4669566789771538,0.04194503087966513,-0.5638703635582608,0.6452340705668007,0.3400050316015641,-0.725626186964779,-0.6576214593187195,-0.1449242748918498,-1.2583212789246527,-1.3305163484936584,-0.239263084192406,0.15622861134098995,-1.1338827495867698,3.197681695039715,0.44814727472366306,-0.7711266970222944,1.7825586614854718,-1.097084766729898,0.3588706283538821,-0.6673482342279512,2.5100638161806317,0.2510417116102295,-1.8816892240574048,-2.015478519302409,0.12184422077486776,2.1358638406032617,-1.593846073294888,0.30921377624712437,2.8199315197854067,-0.3536998897334379,0.11194456185637407,0.23862954490178934,-0.5482120362713343,1.1009379716515808,-0.30568294431989174,1.23609382126639,-1.1007971339921665,-0.38270483629197094,-0.49246718131570577,-0.7961944350543089,1.0126481086539563,0.004034085451819237,1.0361379627502352,-0.12634538276186327,0.4202534367303694,0.2517443065969305,-0.7296396244715686,-2.3915366105059013
-2.941183522460502,-1.6984657891407997,-2.572398246798984,2.0988755644856205,1.4454991084170912,-3.037984868707413,1.4432733616822047,1.5824481119744902,-0.3530060034144316,-0.7095339150881282,-1.2224575038202135,-0.8047280193500064,2.2584579203541204,-0.027382293589205745,0.715952570782818,-0.252428464219779,-0.7136284858469683,-0.14413182102517233,-1.7676129986842752,-0.5789110474613465,-2.959348612418435,1.4356156656849688,-0.19278925952110507,-2.7807008193613,1.1201364253674566,-1.3372797221857446,0.6694479100985833,-0.8758786624254885,2.493086568384237,-0.7613970093085687,-2.486550131890764,-2.286708379050338,0.05289165952019637,1.837368035669517,0.789659356772021,0.7259003057611867,3.9355171055952,-2.0581959834398686,-1.3522238531538837,-0.11501765899850615,-0.5952681658164927,-1.1693049298454945,-0.2190457744398009,3.332319159183294,-0.4525648351381353,0.15124174890814793,-3.1523551572107364,-1.1552790518365204,0.8167794815345066,-0.19705241420698952,0.9905174956686914,-1.7873005538283362,0.46799117506131965,-0.21685598347169646,-1.7640819958082878,-2.66929917039255
2.7971146582798423,2.1547196473485575,1.9622011396059527,-1.7676414254719917,-0.8736803808073248,0.18822339789413148,0.4669566789771538,-0.3530060034144316,0.8639385447317427,0.6986372641234809,1.0009565438563466,1.5482371781135698,-2.1272685736961963,-0.425242647305783,-1.2909367167335382,0.10774796440826305,-0.2683445903638007,-1.030053535825639,1.8236530701415954,0.7318388484647463,2.1050960421193254,1.038020943729005,0.650450232350503,2.3089241815916473,0.3021874857899257,0.6543744849802017,-0.48227248564086267,0.45058602633639055,-0.44797371256343926,1.0463888610912577,0.9622292673766685,0.61372020779382,0.12773387606649975,-0.12917518699299851,-2.1657375751436376,-0.48751579228996106,-1.8234631642328774,1.8636928787420803,1.4171810937461633,0.19968436529709002,0.17373673782134127,2.1199831232693818,0.044783365428220596,-2.4566354269874124,-0.5202120362792151,-0.5376747234414939,3.0665949420364913,0.5936920036297507,0.002818043306961745,0.261737861517033,-0.15404514280669837,1.714885787107875,-0.09377806169287682,0.4051772673291676,1.2966331000268396,0.8580274988315316
2.857016543051712,1.9719293314613513,2.1636447776718364,-1.8809158888955437,-0.9554059822578136,0.8740907324657546,0.04194503087966513,-0.7095339150881282,0.6986372641234809,0.8100513826640755,0.8992932014816405,1.303342464354499,-2.1985462153141184,-0.5045000767962939,-1.239955719927235,0.17454803136692376,-0.11658881030380937,-0.7701156406608268,1.7236461724491245,0.7400056027577744,2.4125993418269336,0.7157249981282562,0.5119767493324073,2.4618522066759163,0.0414391046503544,0.6514440490686918,-0.4615772220274106,0.4684229643281812,-0.9383962282484011,0.996609958516818,1.3747973409914211,1.068531773045682,0.01635042525665005,-0.4869661025359807,-1.9794830981684481,-0.5686381592144147,-2.265260960774421,1.9808016486395523,1.5575440819208137,0.31019915053350877,0.2548522825428095,2.0412147963925475,0.011103326270218535,-2.7356837050671166,-0.27302762678990217,-0.42493744936029465,3.0416040231872046,0.685621333836183,-0.17238800583445052,0.2105007698142229,-0.3468939750978067,1.8550296435113567,-0.21723839186928023,0.4155550466772184,1.391005719852993,1.1982205167630997
4.17045453832112,2.9638192334682567,3.198186515054869,-2.752042099479209,-1.708192424323402,2.059907920070549,-0.5638703635582608,-1.2224575038202135,1.0009565438563466,0.8992932014816405,1.8181470759306197,1.8796898154730897,-3.1618106318283408,-0.09977410386180338,-1.431610100987891,0.22363139297754828,0.3233267584190807,-0.7577556215503575,2.7459685350998697,0.9298102514277286,3.5074524037790886,-0.3642956030792124,0.7094126945494039,3.6285438429788512,-0.5376373418444718,1.5815602835061477,-0.9003556745853886,1.029738379181236,-1.939602501585873,1.3401100539121285,2.302588894305935,1.8768561304914262,0.16629696431774646,-1.313864116342042,-2.137192878083356,-0.8450570156890203,-4.099724640933257,2.7618712584975986,1.8461689648630097,0.08260122949782915,0.5375218809181664,2.3486227929757364,0.2668901278721145,-4.0752974917029885,-0.1722556164152536,-0.5626526590319723,4.611866215033887,1.2664556385235173,-0.5330735667604984,0.3965082003575184,-0.7579079762013863,2.4173501663094363,-0.3310150083402541,0.4117836367737394,2.2116334633110992,2.5159756230515837
5.2508503925737235,3.980209475195635,3.739198544336947,-3.3649832476109425,-1.711519496800328,0.7093626980977558,0.6452340705668007,-0.8047280193500064,1.5482371781135698,1.303342464354499,1.8796898154730897,2.8189340630291615,-3.9954790628684673,-0.7411308773458645,-2.3344279009600037,0.20119611362923973,-0.3773532614629938,-1.769221909381219,3.411204958862776,1.332619702226801,4.037284056289405,1.627187065346977,1.1588458525091474,4.399148608873619,0.37670063574553014,1.3373783187400459,-0.9352462567829833,0.896221140541306,-1.107673384884841,1.9127495918301043,2.013311109550353,1.3773956344240126,0.20790090820390297,-0.477307056300393,-3.873431010620843,-0.934161189353326,-3.6636997827368614,3.5218818647524506,2.641273215285547,0.352838803250688,0.39675645072495735,3.8311683905676,0.11200733356610831,-4.708924977736588,-0.8537320155308673,-0.9727322337019388,5.757648003166814,1.1945697677507623,-0.10584373687546106,0.4661549569504673,-0.3935343694405702,3.204029351486354,-0.22204351346621587,0.7286512548763778,2.4904513559103734,1.8312691714496865
-8.680467693541543,-6.103301256405942,-6.577977968411046,5.728484804560922,3.1705934425268105,-3.239413432909421,0.3400050316015641,2.2584579203541204,-2.1272685736961963,-2.1985462153141184,-3.1618106318283408,-3.9954790628684673,6.634521111056636,0.9775222464357856,3.442544610931842,-0.47412560149378574,-0.051732689430789056,2.050439691113658,-5.461401700581626,-2.1010179280348558,-7.273429651327958,-1.0015875082596268,-1.5423724569846502,-7.5183046874989365,0.3652828921431537,-2.555611294281227,1.6126567643014116,-1.7206619437044584,3.291297816281051,-2.9290015174176722,-4.402937820878323,-3.481206559080367,-0.1785223639047551,1.9749393311681713,5.39142172787673,1.7221185409801072,7.4975511408625595,-5.908581634995367,-4.347002116645256,-0.5977719567102249,-0.9269714779914244,-5.656917282932859,-0.26148561281795807,8.355216506782018,0.6720167418329837,1.2751449659746616,-9.412772386689962,-2.3165035930709568,0.7517518010478429,-0.7073190173797774,1.2459234253478981,-5.357432995811593,0.6551829361127963,-1.0881788938265622,-4.380675763638878,-4.257023523781952
-1.2450069894166742,-0.9266394421937071,-0.8211781359169434,0.765172537199432,0.14823389371319684,0.5915447981900593,-0.725626186964779,-0.027382293589205745,-0.425242647305783,-0.5045000767962939,-0.09977410386180338,-0.7411308773458645,0.9775222464357856,0.6438544292842844,0.8654612748403019,-0.06809554276589765,0.5056431892888409,0.7720077226309753,-0.6593982647432448,-0.4409272936785371,-0.9100509449504895,-1.5455754524091156,-0.34030447704349315,-0.9792357301446323,-0.6164917928520409,0.1766459858220394,0.050065075034512026,0.05556694798680864,-0.2916767404068511,-0.5622195045476546,-0.1480392236895611,0.02969524693791737,0.027614568391645312,-0.4432958583554704,1.5484126230530528,0.19823520188847948,0.17568011161482053,-0.9084965213599547,-0.9262634459264945,-0.3464439162781107,0.059895421857622005,-1.429997385100827,0.15984143927567848,0.999624410791914,0.43541660931617654,0.29497967002078995,-1.2483471524692926,-0.052234702881220105,-0.23545587502910306,-0.06298863392701268,-0.14439414032952858,-0.963746723986061,0.013462435523754705,-0.3257580818305651,-0.4310565359914465,0.22731086662705552
-4.492487658507501,-3.3106555838470713,-3.2247187251723783,2.8696222975010053,1.360284485158178,-0.479764146701092,-0.6576214593187195,0.715952570782818,-1.2909367167335382,-1.239955719927235,-1.431610100987891,-2.3344279009600037,3.442544610931842,0.8654612748403019,2.1220413066968873,-0.22522774823750416,0.4662958931172434,1.5951314182623093,-2.792979117850515,-1.2088355339891088,-3.5266489563836876,-1.8148744461239164,-0.9756730704275663,-3.7468149028367046,-0.4921446667203366,-0.8825630457591485,0.6992182628318153,-0.6417290766488307,0.8422769696012702,-1.6704598718924173,-1.6804015261667984,-1.1426597495340631,-0.11536967648864914,0.2469563272404662,3.5263672206547914,0.8231894406748053,2.965805320127924,-3.056293343747621,-2.4326967666734234,-0.4671882661328848,-0.27836019474346047,-3.498350629922181,0.006507151114677601,4.048624909170588,0.7522085313438143,0.8041744321296405,-4.83114055315448,-0.9238394141348274,0.020869653885893312,-0.3723222274646984,0.28660791232534444,-2.8794070742316427,0.2122547656143589,-0.7011697775123373,-2.0671547496791343,-1.3690478694002208
0.6119296129736148,0.36910961756314625,0.5020700608345151,-0.403502903359323,-0.2369351055277537,0.39171100632264216,-0.1449242748918498,-0.252428464219779,0.10774796440826305,0.17454803136692376,0.22363139297754828,0.20119611362923973,-0.47412560149378574,-0.06809554276589765,-0.22522774823750416,0.06797602234549383,0.04286240298848467,-0.08636856247070161,0.34642296966856345,0.15559734698579814,0.577943574097419,-0.026850154689168557,0.07782783968067546,0.5339271559275619,-0.08089899967221477,0.16039283811778238,-0.09963156690097899,0.1238816499618713,-0.3418322857073448,0.1949134973394844,0.38604572323877434,0.33448774555812544,-0.0013358427072636483,-0.20851515934998907,-0.31405255127675197,-0.14781221110123025,-0.647269277722595,0.4169237263811231,0.32245565622232647,0.06820446916506138,0.07187575740794669,0.38064534656300936,0.010252676972609157,-0.6405980225173995,0.014180199600161172,-0.04604805897517184,0.6353200856284761,0.16846886659775326,-0.09024619631653757,0.05044845835397392,-0.13126782376183627,0.4049506712423421,-0.07387516899073433,0.08064898282107433,0.31496451543989595,0.3848129202918294
0.08339059720726157,-0.18122479887197476,0.34584245506771655,-0.19661300904933007,-0.44440503705465056,1.8384235208331638,-1.2583212789246527,-0.7136284858469683,-0.2683445903638007,-0.11658881030380937,0.3233267584190807,-0.3773532614629938,-0.051732689430789056,0.5056431892888409,0.4662958931172434,0.04286240298848467,0.7347538306539338,0.7814815214884644,0.08995433614712162,-0.14876379875892193,0.4417733763956989,-1.9088864234364846,-0.26049627815145865,0.28471504561521926,-1.0212162016447373,0.6567511259361751,-0.20899885168878843,0.3838120061808107,-1.3214159688417129,-0.19968575846410724,0.939675319683961,1.0245670757516079,-0.040507178228529506,-1.1739585018053418,1.035513287835555,-0.12131686128746028,-1.4410034854638887,0.06645169585255974,-0.21298895705260074,-0.2116637118250053,0.3003621863383139,-0.788658395478947,0.20341267328497634,-0.4988365826910004,0.6086128286402941,0.21309674388928848,0.13868003384503572,0.4291995547762768,-0.5560959825190434,-0.0012611980302948509,-0.5532250099225356,-0.08823325222657574,-0.20183709670293543,-0.18905417583667133,0.34258100276171416,1.286459784544509
-2.682715276123881,-2.227995513421814,-1.6813431447060725,1.5878591754218707,0.5408415843878461,1.100820846746276,-1.3305163484936584,-0.14413182102517233,-1.030053535825639,-0.7701156406608268,-0.7577556215503575,-1.769221909381219,2.050439691113658,0.7720077226309753,1.5951314182623093,-0.08636856247070161,0.7814815214884644,1.5602490031872935,-1.7143660777376113,-0.825204858877281,-1.7601713544331519,-2.3598024378897917,-0.8211863207048741,-2.0567319181907293,-1.0197192941891302,-0.16568681929431933,0.31891357007020427,-0.1664412917436572,-0.4843485307931624,-1.167053159047732,-0.28299114968879313,0.11669976029467587,-0.155300465086399,-0.7029187619379957,2.8464075560852877,0.3994545590665639,0.7861173815173662,-1.7738985486818117,-1.5409505114648474,-0.351284851350102,0.04395965039155187,-2.6431209433167706,0.10219924347709036,2.0616959824582635,0.9348942554170351,0.668342974361186,-2.9008916346503923,-0.2719860787544893,-0.39391466205159636,-0.2599737641058473,-0.23803994981093857,-1.7480700751404736,-0.047619114298913384,-0.5337955419853396,-1.0231413616949916,0.06123481483816213
7.1722446179470785,5.153840347669991,5.387233876814229,-4.719618765390237,-2.664724247500502,2.5907181917851325,-0.239263084192406,-1.7676129986842752,1.8236530701415954,1.7236461724491245,2.7459685350998697,3.411204958862776,-5.461401700581626,-0.6593982647432448,-2.792979117850515,0.34642296966856345,0.08995433614712162,-1.7143660777376113,4.620016469960419,1.703161663277497,5.907605872935901,0.6659961904892603,1.317612561205367,6.195077708703416,-0.33849676291243563,2.263313377925797,-1.3979119216471174,1.495031863830141,-2.6621754526504064,2.419957112837522,3.5646762759035227,2.788377686228652,0.21082441007144584,-1.63848039474657,-4.391695941675109,-1.391676929661958,-6.19687924505754,4.840089745815164,3.4681663103666005,0.3754407387461838,0.7779015106933133,4.574829606918674,0.28160806279187334,-6.836678433990182,-0.6017947481206458,-1.097435218273777,7.853076207853831,1.9528520735829835,-0.6182374035434294,0.6168164882038455,-1.0152589117692596,4.326296947739949,-0.4999270958195185,0.8536685774258221,3.6433521877011867,3.5564780246382774
2.743163393287755,1.9667709815217007,2.030968378638242,-1.7728163174631502,-0.9038635480881064,0.6422825673743607,0.15622861134098995,-0.5789110474613465,0.7318388484647463,0.7400056027577744,0.9298102514277286,1.332619702226801,-2.1010179280348558,-0.4409272936785371,-1.2088355339891088,0.15559734698579814,-0.14876379875892193,-0.825204858877281,1.703161663277497,0.7173703329547959,2.2345247263525434,0.7576596824406241,0.5398596930175119,2.3197365963094114,0.11342354754593241,0.6360067269296402,-0.45536423631135986,0.45774998880229967,-0.7554888130884251,0.9813448065398728,1.1902506040299468,0.8818895879076531,0.06161216869650139,-0.3595630886711346,-1.9553981241531586,-0.5272551112268692,-2.0750227199686853,1.8670738563400069,1.4469215277988428,0.25682086518405894,0.2147595354745748,1.988682553302017,0.026460317781317955,-2.5538825185768745,-0.33775337263325084,-0.4384812871654152,2.9495522958906104,0.6334378931629666,-0.1129360033825666,0.23112820196278183,-0.27915714777832573,1.74544412840383,-0.1696007215984446,0.3959222934731623,1.3163173157038224,1.0702172224315383
9.502671371053806,6.446856323182708,7.412502348254619,-6.368367854640925,-3.671167579677021,4.673588123846438,-1.1338827495867698,-2.959348612418435,2.1050960421193254,2.4125993418269336,3.5074524037790886,4.037284056289405,-7.273429651327958,-0.9100509449504895,-3.5266489563836876,0.577943574097419,0.4417733763956989,-1.7601713544331519,5.907605872935901,2.2345247263525434,8.270323903543527,0.13215590952588233,1.4865163627921185,8.370859493096669,-0.9616078430672355,3.029100499102078,-1.8206923252624154,2.0343400927881747,-4.398909470392457,3.075466616522016,5.405023829382998,4.4637857988172085,0.11151787216123989,-2.8270172406778884,-5.334625555839907,-1.9707138874985481,-8.994497512797212,6.516871753794635,4.725786519069585,0.6358858524790515,1.1706499729415514,5.78800779877844,0.3425009465761835,-9.447708153526754,-0.3351237981223058,-1.2274824116866818,10.265465097144423,2.74135795227981,-1.1432867657750623,0.741086878849578,-1.6929806654975295,5.876949852147312,-0.8680800550543206,1.1154061159350126,4.954033035654591,5.347242077731646
1.261657475541419,1.477265724262315,0.24994613667067248,-0.4820091866519927,0.626324781854674,-4.17505062237696,3.197681695039715,1.4356156656849688,1.038020943729005,0.7157249981282562,-0.3642956030792124,1.627187065346977,-1.0015875082596268,-1.5455754524091156,-1.8148744461239164,-0.026850154689168557,-1.9088864234364846,-2.3598024378897917,0.6659961904892603,0.7576596824406241,0.13215590952588233,5.184612155222855,0.9137101101859356,0.5590936721791808,2.5856466258780144,-1.315076415899805,0.28560274266701385,-0.7218657207004316,2.8460608123878695,1.0161498737094392,-1.6539895269779326,-2.0253075573127246,0.1033193162562577,2.699936469374215,-3.638293186154725,0.01824628527203749,2.4730066780722453,0.8643023063409322,1.3475127655080472,0.6957505336387688,-0.6252226208656545,3.029861193214258,-0.5090888844148307,-0.1526280179156599,-1.6698547417050313,-0.7601419842041637,1.2196762191874935,-0.719418140977269,1.310947340752641,0.10863928598878414,1.210748943608435,1.1820742299019364,0.39506989457295816,0.6884315914871216,-0.1373687980962059,-2.624513284843095
2.025253810725437,1.5810212289739392,1.3875539985035985,-1.2626521262938326,-0.5961306948047803,-0.0331546427552021,0.44814727472366306,-0.19278925952110507,0.650450232350503,0.5119767493324073,0.7094126945494039,1.1588458525091474,-1.5423724569846502,-0.34030447704349315,-0.9756730704275663,0.07782783968067546,-0.26049627815145865,-0.8211863207048741,1.317612561205367,0.5398596930175119,1.4865163627921185,0.9137101101859356,0.5028439475445726,1.6504093927895476,0.31501714557522087,0.42164108562290015,-0.3317650513266199,0.29163014212073657,-0.21061483178431928,0.7772109675796314,0.6142964077680764,0.3529372819006592,0.1023753568176726,0.011790304818649395,-1.6554431104897394,-0.34730951144000005,-1.2047259456618777,1.3394237122399788,1.0397791211625476,0.15836087881301314,0.10311714283365404,1.613816930616934,0.01863210890694039,-1.7405336726049223,-0.4366576290800029,-0.4092365137614822,2.218210737250863,0.3894664787778316,0.05088517061627971,0.19150466314755976,-0.058786830945921915,1.24616474653716,-0.04848443842495508,0.30984945096361116,0.9053358336129329,0.5110629083553255
9.83892049920456,6.835101355124017,7.549474598030374,-6.559720439724661,-3.7221299294395043,4.255546366487437,-0.7711266970222944,-2.7807008193613,2.3089241815916473,2.4618522066759163,3.6285438429788512,4.399148608873619,-7.5183046874989365,-0.9792357301446323,-3.7468149028367046,0.5339271559275619,0.28471504561521926,-2.0567319181907293,6.195077708703416,2.3197365963094114,8.370859493096669,0.5590936721791808,1.6504093927895476,8.614437912722732,-0.7425115880081292,3.098601612693276,-1.8891948245568444,2.057163275248595,-4.154448235191232,3.2405276962212937,5.305436203844939,4.290340180565546,0.16724365145661488,-2.6228881123433525,-5.7818534977260745,-1.9788509916219588,-8.909439725716107,6.723991929437387,4.870513774401293,0.6204809474575832,1.1565766315031958,6.142895982351837,0.35329249523997297,-9.61439124689147,-0.5611136277387229,-1.384426662303534,10.68296670216008,2.765306380485874,-1.0326138998587957,0.7790530321058657,-1.5874905693149102,6.035334594434776,-0.810964638487899,1.1712664603564547,5.0678123553391,5.208328344557365
-0.4942362076816785,0.01407614191126299,-0.7851520546010653,0.5398113607329253,0.7513094431679024,-2.7462894416929933,1.7825586614854718,1.1201364253674566,0.3021874857899257,0.0414391046503544,-0.5376373418444718,0.37670063574553014,0.3652828921431537,-0.6164917928520409,-0.4921446667203366,-0.08089899967221477,-1.0212162016447373,-1.0197192941891302,-0.33849676291243563,0.11342354754593241,-0.9616078430672355,2.5856466258780144,0.31501714557522087,-0.7425115880081292,1.446937207602374,-1.002627818366138,0.3508084979044405,-0.5950568532214727,2.0159203900632425,0.15642729142197007,-1.540407840326049,-1.6224472964308305,0.07425818183742938,1.7420885127656913,-1.1962618327061123,0.24659991792867425,2.334417723503129,-0.373093764431731,0.07136932668014401,0.24053372204721188,-0.4650924166570628,0.8441163480553847,-0.27945190349086224,1.0821835842773682,-0.8386478861584128,-0.2470031949738162,-0.5872657183662787,-0.702006795332219,0.817000896256352,-0.01205417001516203,0.8368730225169672,-0.1347419185780472,0.3235678666637381,0.20786934873663349,-0.6724337323783318,-1.9769990568249984
3.382460564977722,2.293406023759214,2.7359444954258008,-2.3443072711225117,-1.6158410370342091,2.6349044435087814,-1.097084766729898,-1.3372797221857446,0.6543744849802017,0.6514440490686918,1.5815602835061477,1.3373783187400459,-2.555611294281227,0.1766459858220394,-0.8825630457591485,0.16039283811778238,0.6567511259361751,-0.16568681929431933,2.263313377925797,0.6360067269296402,3.029100499102078,-1.315076415899805,0.42164108562290015,3.098601612693276,-1.002627818366138,1.6708783326290615,-0.8533053102504208,1.034208091734689,-2.2789447076794866,0.949771957378394,2.3863214152069583,2.086285248373877,0.09100031407824975,-1.7222099535491375,-1.1561966198992626,-0.7211122929033515,-4.019249958079064,2.2755957452472995,1.36637805284712,-0.06436031029846336,0.6234979354055508,1.420881419318911,0.3322796004940233,-3.532499890126993,0.18594019055913505,-0.36820393636282817,3.7857333166198215,1.2752714895111104,-0.7391288137393206,0.2874492836685701,-0.9070112707056512,1.8671715129571789,-0.37269670114763453,0.2165551612407503,1.97335789471308,2.698782627523499
-2.126990129471024,-1.4915249890813773,-1.6547343408034618,1.4351800169722624,0.8974270853731122,-1.1831231863372798,0.3588706283538821,0.6694479100985833,-0.48227248564086267,-0.4615772220274106,-0.9003556745853886,-0.9352462567829833,1.6126567643014116,0.050065075034512026,0.6992182628318153,-0.09963156690097899,-0.20899885168878843,0.31891357007020427,-1.3979119216471174,-0.45536423631135986,-1.8206923252624154,0.28560274266701385,-0.3317650513266199,-1.8891948245568444,0.3508084979044405,-0.8533053102504208,0.47397465377950393,-0.5427442058681347,1.0889967181359208,-0.6610918957924083,-1.2633356832638205,-1.0520681137442827,-0.06074242686322414,0.7663834154580449,1.0324571781925236,0.42983392444359214,2.1590562980441037,-1.433868029678339,-0.9466941958325615,-0.0371966140515659,-0.3064248273950363,-1.1357699251245132,-0.14373306010601722,2.116370778842815,0.04080789772337322,0.2831641383726759,-2.3550079527113374,-0.6854313010654329,0.31515693092974245,-0.1821587775833938,0.42753764180444176,-1.2300600598126425,0.18754930634701472,-0.19743640937972723,-1.1575693799758742,-1.3563756609279358
2.2715000303612176,1.533345993772905,1.8356895215000277,-1.5579997959800078,-1.046243588902293,1.667678106020035,-0.6673482342279512,-0.8758786624254885,0.45058602633639055,0.4684229643281812,1.029738379181236,0.896221140541306,-1.7206619437044584,0.05556694798680864,-0.6417290766488307,0.1238816499618713,0.3838120061808107,-0.1664412917436572,1.495031863830141,0.45774998880229967,2.0343400927881747,-0.7218657207004316,0.29163014212073657,2.057163275248595,-0.5950568532214727,1.034208091734689,-0.5427442058681347,0.6587416788463544,-1.445166785378023,0.6595359617344506,1.541469938706526,1.3383670139528814,0.05635372613144472,-1.0653926646203817,-0.8672308795429625,-0.4864598477895571,-2.6139045785477992,1.53102209610253,0.9606357603890302,5.531572334139898e-4,0.38317182199410366,1.0358976357494314,0.19265229171304432,-2.3539230787576533,0.0958547792588513,-0.24452680751817588,2.518918506596182,0.8156735669081496,-0.4547756770533981,0.19819036402746473,-0.5771658095911149,1.292395758553494,-0.24542731686483493,0.17044925199766192,1.3000043549694071,1.7236143623564202
-4.305752506606576,-2.4675421724142095,-3.829114482976637,3.129637735040198,2.2860115053487213,-5.020309726055055,2.5100638161806317,2.493086568384237,-0.44797371256343926,-0.9383962282484011,-1.939602501585873,-1.107673384884841,3.291297816281051,-0.2916767404068511,0.8422769696012702,-0.3418322857073448,-1.3214159688417129,-0.4843485307931624,-2.6621754526504064,-0.7554888130884251,-4.398909470392457,2.8460608123878695,-0.21061483178431928,-4.154448235191232,2.0159203900632425,-2.2789447076794866,1.0889967181359208,-1.445166785378023,4.074381328891271,-1.02780873827681,-3.930570970087459,-3.659964929181914,0.06679183297577139,3.108714587971427,0.7453108542609408,1.0754656072541655,6.219361696557828,-3.004395094568193,-1.8263007258674333,-0.022831733831979648,-0.9959683827866412,-1.3579848553232778,-0.4296654288312581,4.99031293240408,-0.8459227217727919,0.18166783365471234,-4.680224455926245,-1.8629354815527683,1.390028742478162,-0.28760874379594137,1.6277571190759494,-2.503518761255132,0.7302050695672537,-0.22016589647116688,-2.7026008019690675,-4.352817886535342
3.8327980764250125,2.791942896458694,2.808527991481817,-2.475141679365518,-1.27659915844774,0.8410743252764625,0.2510417116102295,-0.7613970093085687,1.0463888610912577,0.996609958516818,1.3401100539121285,1.9127495918301043,-2.9290015174176722,-0.5622195045476546,-1.6704598718924173,0.1949134973394844,-0.19968575846410724,-1.167053159047732,2.419957112837522,0.9813448065398728,3.075466616522016,1.0161498737094392,0.7772109675796314,3.2405276962212937,0.15642729142197007,0.949771957378394,-0.6610918957924083,0.6595359617344506,-1.02780873827681,1.3689844714634403,1.6357909127257404,1.19707750707568,0.10893667171660659,-0.4997352511667404,-2.7133937024525614,-0.723523575105302,-2.8829661355150438,2.5927934156354535,1.9744552659818921,0.3115383617358599,0.31188592630777584,2.7490797937195177,0.06327061686854868,-3.5412001394532147,-0.49987693066286837,-0.637438479464502,4.152980503476071,0.8972297524293975,-0.15440907683567542,0.32802385495996383,-0.3760331500672012,2.3938969394521323,-0.21878727327248038,0.536210411972518,1.8422174334293462,1.4947546080659795
5.754668412457756,3.6270601035843772,4.773353539372676,-4.019578515983388,-2.5978663418977934,4.587565636457494,-1.8816892240574048,-2.486550131890764,0.9622292673766685,1.3747973409914211,2.302588894305935,2.013311109550353,-4.402937820878323,-0.1480392236895611,-1.6804015261667984,0.38604572323877434,0.939675319683961,-0.28299114968879313,3.5646762759035227,1.1902506040299468,5.405023829382998,-1.6539895269779326,0.6142964077680764,5.305436203844939,-1.540407840326049,2.3863214152069583,-1.2633356832638205,1.541469938706526,-3.930570970087459,1.6357909127257404,4.188966897254041,3.712353419406232,-0.01775625040688584,-2.828836696661167,-2.2301825986526116,-1.2982826484183052,-6.724047433161361,3.9937159388268566,2.6857081543023305,0.23034004607027606,1.001138092396309,2.738934164767741,0.3700145998177802,-6.156870080890945,0.4017200095169245,-0.5262733732136196,6.234398354509903,2.0427495693172237,-1.223661331705955,0.4046112913059699,-1.5466285643644868,3.464981818916955,-0.7325810906454204,0.5037215240350155,3.2813586085209803,4.394825346715227
4.545220568311207,2.722138166669915,3.9062583206376087,-3.243231263875584,-2.2039960544496298,4.402180111863422,-2.015478519302409,-2.286708379050338,0.61372020779382,1.068531773045682,1.8768561304914262,1.3773956344240126,-3.481206559080367,0.02969524693791737,-1.1426597495340631,0.33448774555812544,1.0245670757516079,0.11669976029467587,2.788377686228652,0.8818895879076531,4.4637857988172085,-2.0253075573127246,0.3529372819006592,4.290340180565546,-1.6224472964308305,2.086285248373877,-1.0520681137442827,1.3383670139528814,-3.659964929181914,1.19707750707568,3.712353419406232,3.380268469826185,-0.060783057618085744,-2.7106194799799623,-1.3429522906185947,-1.079202675393215,-5.867851215402598,3.1800661429404227,2.0702201162722864,0.14133928696599432,0.9085995009612098,1.85454310216657,0.3477823872022529,-5.063241199845946,0.5896070507367384,-0.3084059707102368,4.914628682890406,1.768456757344963,-1.1946194349049526,0.2996441373183107,-1.4505346821872156,2.7200096797522844,-0.6765344577699193,0.33330494285222356,2.7080272544027366,3.9656311580388586
0.24706391556987414,0.25666850492834825,0.12913098281113003,-0.1262444249268533,-0.07589648479872303,-0.13424840164380802,0.12184422077486776,0.05289165952019637,0.12773387606649975,0.01635042525665005,0.16629696431774646,0.20790090820390297,-0.1785223639047551,0.027614568391645312,-0.11536967648864914,-0.0013358427072636483,-0.040507178228529506,-0.155300465086399,0.21082441007144584,0.06161216869650139,0.11151787216123989,0.1033193162562577,0.1023753568176726,0.16724365145661488,0.07425818183742938,0.09100031407824975,-0.06074242686322414,0.05635372613144472,0.06679183297577139,0.10893667171660659,-0.01775625040688584,-0.060783057618085744,0.05836733846577696,0.06299371030986253,-0.20933393810735856,-0.02899561123267785,-0.10222136409144959,0.12595235681363773,0.06460135607756355,-0.03327797095479063,-0.002035526543111335,0.1936317120561273,0.028262326882777064,-0.15636046512853988,-0.10750306474408161,-0.0731058225103058,0.3034940730376032,0.03783139572294631,0.036294506043667144,0.05063746028081698,0.0278288470702448,0.10596482889072013,0.026141178622071923,0.0257788337164119,0.10001246408110398,0.030645090417847805
-2.595224646908284,-1.3814935794992482,-2.44567648264252,1.9683072574919966,1.5945304956012525,-3.935073323225577,2.1358638406032617,1.837368035669517,-0.12917518699299851,-0.4869661025359807,-1.313864116342042,-0.477307056300393,1.9749393311681713,-0.4432958583554704,0.2469563272404662,-0.20851515934998907,-1.1739585018053418,-0.7029187619379957,-1.63848039474657,-0.3595630886711346,-2.8270172406778884,2.699936469374215,0.011790304818649395,-2.6228881123433525,1.7420885127656913,-1.7222099535491375,0.7663834154580449,-1.0653926646203817,3.108714587971427,-0.4997352511667404,-2.828836696661167,-2.7106194799799623,0.06299371030986253,2.4717068140759926,-0.10488523798931806,0.691853194739964,4.430770575544427,-1.822332343038562,-0.9632445500718234,0.11093229591093749,-0.7577203163220712,-0.3713748025699562,-0.36866123433623127,3.214866036672781,-0.8173798780178784,0.008786806882216532,-2.8578657591636696,-1.3425397398296561,1.119651236623162,-0.1635406522648956,1.255883498928595,-1.4247464874974707,0.5356420401976874,-0.024291704716936632,-1.790352279112986,-3.2564235402331807
-7.036397476692143,-5.323992047593624,-4.917640329081708,4.438635381177631,1.964199630484782,0.054103935920920825,-1.593846073294888,0.789659356772021,-2.1657375751436376,-1.9794830981684481,-2.137192878083356,-3.873431010620843,5.39142172787673,1.5484126230530528,3.5263672206547914,-0.31405255127675197,1.035513287835555,2.8464075560852877,-4.391695941675109,-1.9553981241531586,-5.334625555839907,-3.638293186154725,-1.6554431104897394,-5.7818534977260745,-1.1962618327061123,-1.1561966198992626,1.0324571781925236,-0.8672308795429625,0.7453108542609408,-2.7133937024525614,-2.2301825986526116,-1.3429522906185947,-0.20933393810735856,-0.10488523798931806,5.985152007861345,1.230250578027436,4.040962253353177,-4.781432781837546,-3.8938076337088776,-0.7946064385280094,-0.316670827738489,-5.810959775065529,0.08040627152766379,6.1420778761701715,1.4561324816195673,1.3756091343444343,-7.569847865285661,-1.2890060935629841,-0.20433269921181796,-0.5900458502368531,0.21238276639672832,-4.543851086624837,0.23731833031587476,-1.1701510057613926,-3.120578570876538,-1.611781171678422
-2.247919853099125,-1.5108597783195132,-1.7604083620274167,1.5027734041224303,0.8762848393355287,-1.153349697861525,0.30921377624712437,0.7259003057611867,-0.48751579228996106,-0.5686381592144147,-0.8450570156890203,-0.934161189353326,1.7221185409801072,0.19823520188847948,0.8231894406748053,-0.14781221110123025,-0.12131686128746028,0.3994545590665639,-1.391676929661958,-0.5272551112268692,-1.9707138874985481,0.01824628527203749,-0.34730951144000005,-1.9788509916219588,0.24659991792867425,-0.7211122929033515,0.42983392444359214,-0.4864598477895571,1.0754656072541655,-0.723523575105302,-1.2982826484183052,-1.079202675393215,-0.02899561123267785,0.691853194739964,1.230250578027436,0.47542888407863476,2.1732948911909657,-1.5342306245198194,-1.1111097635617366,-0.14931361777201213,-0.28089322058284383,-1.358206982598229,-0.08430350265310887,2.247954687413789,0.06306120888321654,0.27734808910147524,-2.4244833469674227,-0.6507735567398109,0.2831265567935447,-0.17906238939407998,0.4127017075063804,-1.3897046706771652,0.21139252693440413,-0.2614512820289662,-1.17246002769221,-1.2979946323406586
