V1,V2,V3,V4,V5,V6,V7,V8,V9,V10,V11,V12,V13,V14,V15,V16,V17,V18,V19,V20,V21,V22,V23,V24,V25,V26,V27,V28,V29,V30,V31,V32,V33,V34,V35,V36,V37,V38,V39,V40,V41,V42,V43,V44,V45,V46,V47,V48,V49,V50,V51,V52,V53,V54,V55,V56
1.1350040044549197,0.22511918492509198,-1.1269953818773362,-0.27051939773517153,-0.301959649584722,-1.5349264428212985,0.034621039947429925,-0.10903129344958887,-0.4192840348505678,-0.7500587821093528,1.232056911360555,0.6615223068951311,-1.1452180177348936,1.7832551870553217,0.1926333692328357,0.48640758270861795,-0.6877990117757516,-0.9516865594085274,0.23644935704869097,-1.271856440496709,0.05317799332728038,-0.4925590020710986,1.6425952087022324,1.0359483168968528,1.4423268223174908,1.0997168169528078,-0.04084212538837465,-0.8314184469350557,-1.129286109867246,-0.08003175842638492,0.9692553845139084,0.6331279600094928,0.7729989503068608,-0.027235631559595467,1.0754175592907875,-0.9194084332842362,-1.5607014586323882,-0.7104759158700494,-0.8464988961428411,-0.8291929808869879,1.3926919651129663,1.9322834847824921,0.7644855877530425,-1.2917930969624498,-1.2945811937761982,-0.45027157023532177,1.503653002820161,-0.6285514952919048,-0.25711881824030636,-0.41851768525616195,0.9410253753338418,-0.9466867985305104,0.2128341581679309,0.09283621058061978,-1.0435827635147068,0.05790637692974643
0.22511918492509198,0.5267006531548186,-0.4443286336752408,-1.1670894507805172,-0.23508567945544956,-0.494624421110705,1.0887884149572196,0.7078145621528422,-0.18166869302332322,-0.1427241541533274,-1.4477786098076975,1.1454946658032559,-0.17580280040642762,-0.44073858011486056,0.25421816907333705,-1.1333186771928585,-0.20836634070394847,0.35635715031715565,0.44552279891804003,-1.0036225591325785,-0.35496413280935973,0.5290125112805375,0.09659053195907752,1.4739410751023214,-0.24969954981411474,1.4851888261851602,-0.51438255926185,-0.18136868429570485,-0.5756706069289518,-0.4349001629470701,1.3109693639840092,1.1049922315573633,-0.5645429698628492,-1.0277233407184596,-0.17111085449550886,0.42865051965602124,1.0382936522379396,0.8520333292932523,0.18476149196984765,-0.4524614272123297,1.1559488006306493,-0.4351261683644676,0.29656408388314004,-0.3621333065860337,-0.3670997905003781,-1.0525766786465236,0.8065637437108718,0.7304776882341447,-0.3768478360886101,-1.0017736623344318,0.13644117174329282,-0.6013729353635079,0.030854994784870124,-0.24083379594713264,0.3386581939867983,-0.423909341907544
-1.1269953818773362,-0.4443286336752408,1.2307255063185143,0.8131793823180088,0.38146675382035233,1.6122598460266282,-0.5562966205811477,-0.2372582093401661,0.4756824502314084,0.7373045111754948,-0.38575603002277786,-1.1411661908962447,1.115510233243832,-1.376801777334968,-0.2960870873966014,0.11206383183882496,0.7243359053581986,0.6769659734185556,-0.416422498560923,1.6350724837050734,0.1184680069106913,0.17374924422754273,-1.5203865101757856,-1.652272358881451,-1.1779707180167713,-1.7016014105230202,0.2811746070337056,0.845350500403141,1.3066087224750798,0.28740523267933166,-1.5222422726142162,-1.1211164081654206,-0.41293348667945456,0.5289891118527645,-0.8846251255399802,0.6208173831815117,0.8965137141091204,0.22208210572232734,0.6622788114840279,0.9567027887301996,-1.8191285966883222,-1.5318602396692242,-0.8271575716504123,1.343764457750849,1.3385163072678363,0.9146616997203233,-1.7353335589338936,0.2128976670721123,0.41745588301276565,0.8711362924411448,-0.9120400432318744,1.1401314816701493,-0.20223573862655408,0.030784145272883322,0.7785234983760367,0.15853076034902241
-0.27051939773517153,-1.1670894507805172,0.8131793823180088,2.7503171100851227,0.481219102982526,0.8083439205596763,-2.5941197933063167,-1.6964084635833938,0.3743748490977364,0.14920279239116252,3.82117779587647,-2.5654379724304195,0.16057732447419173,1.5090577345928842,-0.5641394676910334,2.829322028587606,0.35787134904521833,-1.0927694042492273,-0.9739790611333183,2.1309139118832854,0.8441490746505435,-1.4234940756839511,0.15664628016000653,-3.3173546432309045,0.9228234583913631,-3.2851777309211654,1.207893070886353,0.2765336201722548,1.1612684694952617,1.0396796482091673,-2.9713516224024694,-2.5577495772786967,1.5590422150508967,2.478933786806594,0.655266883965685,-1.2325652877368984,-2.859358508448919,-2.2185254885824843,-0.6681022356275111,0.8674846293521072,-2.473641333370283,1.4691858678092231,-0.5224267436001085,0.5940048156842629,0.5716069343298565,2.419106263992181,-1.5636345477086415,-1.8898602438636707,0.8564548378567512,2.3364190288505697,-0.11035215527949242,1.2159892688780969,-0.011603526844081453,0.5905723135465546,-1.0373528861418575,1.0465532146339889
-0.301959649584722,-0.23508567945544956,0.38146675382035233,0.481219102982526,0.1441908436695524,0.47760621392760344,-0.40591388187252936,-0.23760828017031047,0.14923580105698042,0.19672412829768668,0.2955064126239583,-0.5472359214563807,0.2862673563249509,-0.1817111416973539,-0.13053128469886766,0.3217573388032128,0.210248708392741,0.052641162305633454,-0.20765496117661336,0.6151530580553105,0.11919881088351011,-0.10047950993862431,-0.3529464351242073,-0.7422675979964268,-0.18783234861377296,-0.7569492515260304,0.19602368657505062,0.22879944079169245,0.4314638188149733,0.1757031343848092,-0.6707367186346327,-0.53021117789858,0.05867147990964633,0.3832633754590079,-0.14544707786773395,0.020914766413689216,-0.07939279730578268,-0.17565179901375527,0.09481327048789288,0.3254570149084947,-0.6946524581216105,-0.21505481741061677,-0.2562801065662725,0.3838342797720603,0.3848429027805778,0.473371611304937,-0.5860323897636892,-0.1461621182961798,0.18854126054367434,0.4498624078646958,-0.23218911500934433,0.4035877997658355,-0.0519765779355614,0.07008033710741585,0.07829523448880944,0.14503221167464003
-1.5349264428212985,-0.494624421110705,1.6122598460266282,0.8083439205596763,0.47760621392760344,2.1509731522911415,-0.4761558094463618,-0.14142905667807262,0.6072267748192962,1.0115609928475096,-0.9927534109048778,-1.2966484329977768,1.528665677238716,-2.095424382083529,-0.34630316062883026,-0.16963550853014725,0.9593405947006078,1.070262176335479,-0.4769452738506935,2.019107169963796,0.07269210387326572,0.4162365944410696,-2.130461270514351,-1.9054089848103137,-1.738378130529999,-1.9898834610683105,0.25579651090156524,1.1320373361633076,1.6682159068463478,0.2750610436759629,-1.7565834229747999,-1.246716579180206,-0.759762362209622,0.44331153177091703,-1.3020663560874206,1.001172229647675,1.575506865878363,0.5664363885257111,1.0041201134482445,1.2351611881793125,-2.2336444669990563,-2.289161708738903,-1.0912211571223802,1.789919650568461,1.794541262265902,0.9914491294289668,-2.234923869999895,0.5108367576596154,0.4774823383804007,0.9317285779050762,-1.2528893169948752,1.4444941467809076,-0.282995937645621,-0.02286468541607182,1.1953357514957723,0.09503838887519785
0.034621039947429925,1.0887884149572196,-0.5562966205811477,-2.5941197933063167,-0.40591388187252936,-0.4761558094463618,2.495503116398673,1.6624461456883415,-0.2696147906914507,0.002558735235581464,-3.9174416295443164,2.346163572576771,0.07556637325234476,-1.8041078448624348,0.5053930907582121,-2.8250704887762454,-0.20360815074172053,1.2405046284747399,0.8995195965204074,-1.7954761843007678,-0.8283276760134152,1.4626460378771051,-0.47857625137229043,2.985624528529359,-1.1806268323289515,2.9508205338728253,-1.1594559399037274,-0.09304953128431329,-0.8845526176424942,-0.9830880002058175,2.6595127058737336,2.327666559998154,-1.6524637599186816,-2.37995985744877,-0.8479896603595478,1.3740779223928452,3.0674740250505463,2.2787740069007,0.8077855898409452,-0.6752282341511595,2.1005364821973274,-1.8078799485277453,0.35277376688466494,-0.3087094346679791,-0.29338881505947756,-2.241861292258451,1.2104749937508406,1.9492229203786804,-0.7715787872117418,-2.1620847543871844,-0.08241682395150982,-0.9838701786722196,-0.028812093565542606,-0.5896110524308744,1.212424651367369,-1.0170999354603867
-0.10903129344958887,0.7078145621528422,-0.2372582093401661,-1.6964084635833938,-0.23760828017031047,-0.14142905667807262,1.6624461456883415,1.1266351148440714,-0.12423284047364419,0.086321306824388,-2.7468361720216965,1.492678518884686,0.18565607229470163,-1.406047927636269,0.31472250957680753,-1.9421211182272364,-0.05194474552826017,0.936200663424366,0.5794610457651213,-1.0451890952702485,-0.5623564002863968,1.0263710627011648,-0.5107744235261795,1.866211238611362,-0.9588417361389262,1.8434486600357742,-0.7716527485167107,0.0416635517357225,-0.44996324541421545,-0.6437543426183951,1.65121638828203,1.4688424764146404,-1.1885581458141676,-1.5809377488117893,-0.6927749944758058,1.0261962147657333,2.228372385815385,1.6018349938749952,0.6331441017804947,-0.35768776175085293,1.2335544066520392,-1.4369728884432016,0.14768211782408006,-0.049832337491761775,-0.045312695229894354,-1.442965940709958,0.6350108163582983,1.375605990908578,-0.48238085369264194,-1.3877823160198197,-0.16568455059220608,-0.5464788252333309,-0.04187098105966002,-0.4057885013100387,0.9343846220815688,-0.6824149994386114
-0.4192840348505678,-0.18166869302332322,0.4756824502314084,0.3743748490977364,0.14923580105698042,0.6072267748192962,-0.2696147906914507,-0.12423284047364419,0.19431903995461847,0.2694343674947906,-0.024477046427747305,-0.4783802156314386,0.4151227328326272,-0.45565790425728286,-0.12324243042741129,0.11468935425401311,0.2802063719398875,0.21529057925311615,-0.1675244473555226,0.6613581004909711,0.060227556969435096,0.015502448942556183,-0.5522619633988471,-0.6997220295255258,-0.411379681219767,-0.7048430164014929,0.13037593864936825,0.3271021990937817,0.5218650455332325,0.13689243530426132,-0.6509714022172037,-0.49351311262903785,-0.10382865792481341,0.2646724783445803,-0.30899029250557103,0.1981648625884906,0.2525283219064894,0.020743705265815038,0.21790704724927226,0.3670837722923539,-0.7393999813837582,-0.5303508820841735,-0.31427584690758786,0.5159072807606893,0.5041690539168736,0.3989072449300466,-0.6721519847095895,0.030931449287649324,0.17906538204048522,0.38946743869670947,-0.338208589075144,0.44865491462660806,-0.07100418368352816,0.024399125919060315,0.26342287398778524,0.09008137973996859
-0.7500587821093528,-0.1427241541533274,0.7373045111754948,0.14920279239116252,0.19672412829768668,1.0115609928475096,0.002558735235581464,0.086321306824388,0.2694343674947906,0.4979038614019413,-0.8636545438530208,-0.4155681966125611,0.7566054028275037,-1.2020067283719336,-0.12196628622338167,-0.3511805506291499,0.4498373290960735,0.6440379410912833,-0.15168428440988896,0.8184782115276984,-0.04142171305685976,0.3461434675658824,-1.0909586288476643,-0.6494691377733575,-0.963867321320911,-0.6976877332723799,0.016711057952363093,0.543723971169398,0.7309598703815674,0.040427235901750506,-0.6051155766482137,-0.3863325926029792,-0.5314974039419198,-0.010021392675047197,-0.7187689854328281,0.6207790287075906,1.0644360071789822,0.4948943851953926,0.5714174692070455,0.5437426400660222,-0.8943299236870658,-1.292604902709608,-0.5026575917303354,0.8466682741728503,0.8530310930544486,0.2736113845080074,-0.9830566559468608,0.4349255044442707,0.16001344060544076,0.24939667111191785,-0.6222414673848482,0.6156685325631728,-0.14256314968623438,-0.06649732819227526,0.7000326273251145,-0.05119745548144727
1.232056911360555,-1.4477786098076975,-0.38575603002277786,3.82117779587647,0.2955064126239583,-0.9927534109048778,-3.9174416295443164,-2.7468361720216965,-0.024477046427747305,-0.8636545438530208,7.650661704592758,-2.9599351288375697,-1.4121320642460842,4.903766864851275,-0.5840510474817059,5.03436388455238,-0.4438394812730354,-3.056038860867351,-1.1369926147519862,1.4238660441761142,1.3635194102844008,-2.903471602170483,2.621527762252145,-3.5824698601606193,3.4989850512231313,-3.428468016431572,1.78489498183879,-0.7717335501486641,0.1530332680770821,1.4794566527673,-3.157747400650273,-3.012406256403774,3.5131117516226933,3.7600968807102286,2.559620627265406,-3.21594836997665,-6.6391826196238775,-4.427508802606839,-2.2568652038886667,0.11925299367345696,-1.7748407515350266,5.041649356967403,0.3112356383770057,-0.9554236096607299,-1.0031310351803846,3.049708125445437,-0.20846235564191024,-3.8007584958389184,0.9416704146679117,2.978025946250378,1.1940618336256963,0.4875829224562502,0.29422373818073333,1.0359467629021388,-3.0948109924535747,1.6901625488334417
0.6615223068951311,1.1454946658032559,-1.1411661908962447,-2.5654379724304195,-0.5472359214563807,-1.2966484329977768,2.346163572576771,1.492678518884686,-0.4783802156314386,-0.4155681966125611,-2.9599351288375697,2.556769904776462,-0.5629885106997592,-0.6886758415449443,0.5777849809719112,-2.3637809208967004,-0.5680839493528042,0.6267678260572813,0.9747870084149255,-2.3748431785514557,-0.7452627913612346,1.08475235032427,0.46443893463774716,3.3528789994453883,-0.3032312255467936,3.3619627057865573,-1.1054643793378365,-0.5422219027335947,-1.443646737303621,-0.9583836444437234,3.0079156864276793,2.5122076726240277,-1.1084500093733294,-2.2302540332776353,-0.19552003554696573,0.7727786737130476,1.9936786188224538,1.728934726727818,0.28014588582563155,-1.0919239563280951,2.725288722981748,-0.6182228373030261,0.7536460487134408,-0.9993945274803661,-0.9913758909284643,-2.3387514290776465,1.9637027170817427,1.4697035976706092,-0.8597180066105771,-2.242370931237455,0.4440000569509383,-1.4420125732983289,0.0928098359668299,-0.49929594992350834,0.5545179872848752,-0.9135376334604572
-1.1452180177348936,-0.17580280040642762,1.115510233243832,0.16057732447419173,0.2862673563249509,1.528665677238716,0.07556637325234476,0.18565607229470163,0.4151227328326272,0.7566054028275037,-1.4121320642460842,-0.5629885106997592,1.1613318368322032,-1.8785223552247288,-0.1724130595942353,-0.616063512807349,0.6878397302161372,1.015016276581057,-0.19595091859938654,1.2083098297069121,-0.09189830893143719,0.5586577473510747,-1.6807733415561588,-0.9178279825081642,-1.5107908050922327,-0.9799172269676094,-0.01114638767406802,0.839347626817292,1.1063400782911397,0.03899730400314241,-0.8673424973336263,-0.5423887878511865,-0.8517747220528732,-0.07535191644223808,-1.1247527167886144,0.9905598396139884,1.7118686776393042,0.817489510289195,0.8886689455327593,0.80623698560202,-1.3175109929559676,-2.034689444195461,-0.7562280912748871,1.2943967652291546,1.294931838266709,0.3564611742178841,-1.4647415801473016,0.7217770459525346,0.22704454225816906,0.33066937942394614,-0.9549545919556539,0.9130671662475817,-0.21525822206839226,-0.12052563537800466,1.1096901111566895,-0.10181914536261782
1.7832551870553217,-0.44073858011486056,-1.376801777334968,1.5090577345928842,-0.1817111416973539,-2.095424382083529,-1.8041078448624348,-1.406047927636269,-0.45565790425728286,-1.2020067283719336,4.903766864851275,-0.6886758415449443,-1.8785223552247288,4.197180733874638,-0.07007846328100109,2.881927495156353,-0.9379545525556946,-2.4461908782080117,-0.28274093705203407,-0.679846964609449,0.6968134129349589,-1.8878369244136914,2.9748065244956576,-0.5849802758417006,3.174366587838769,-0.4440940790550609,0.7951824509107058,-1.2441071079724715,-1.1253533208216258,0.6106468162114926,-0.45668630052461545,-0.745033226438683,2.4715844497897894,1.7385700914338778,2.3437737528762796,-2.486600724266701,-4.776008932736988,-2.834701319071575,-1.9592542258201293,-0.8241545586614427,0.6429898615982954,4.418907754749489,0.9575488043403514,-1.8189996974992895,-1.845044057366509,0.9555010182537083,1.4976885329254088,-2.4528855528869005,0.16999258732147718,0.956100238665187,1.5594925898944718,-0.7753719416198868,0.3643231256090028,0.5851725412637583,-2.56127696497035,0.8560289537704006
0.1926333692328357,0.25421816907333705,-0.2960870873966014,-0.5641394676910334,-0.13053128469886766,-0.34630316062883026,0.5053930907582121,0.31472250957680753,-0.12324243042741129,-0.12196628622338167,-0.5840510474817059,0.5777849809719112,-0.1724130595942353,-0.07007846328100109,0.1327612670427108,-0.48623655036764707,-0.15367522443088244,0.09297531889093386,0.21823083644288002,-0.568181502071629,-0.15690435761976387,0.2130134442775245,0.1729216068874664,0.7680100805089447,-1.949371719873844e-4,0.7707525501607085,-0.23866664882443925,-0.155318970192942,-0.3627572707728929,-0.21027922785360031,0.6922566617487855,0.5707986722410584,-0.2048842823594421,-0.4815240880393946,0.006276326194368777,0.12458467988223872,0.35907393899729706,0.340312859385217,0.02369526591169932,-0.27058453419779677,0.6491558018433441,-0.04543965950752696,0.19562736356847393,-0.2737197157844941,-0.27056177294763195,-0.5227656895614148,0.4882578165743866,0.28741772577270364,-0.19684971674072296,-0.5021139196296316,0.13756994428344685,-0.3519567155593474,0.02885740649417178,-0.10276748266593261,0.07173281307315388,-0.19453251659308066
0.48640758270861795,-1.1333186771928585,0.11206383183882496,2.829322028587606,0.3217573388032128,-0.16963550853014725,-2.8250704887762454,-1.9421211182272364,0.11468935425401311,-0.3511805506291499,5.03436388455238,-2.3637809208967004,-0.616063512807349,2.881927495156353,-0.48623655036764707,3.441972754110404,-0.08572453962666307,-1.854062420423466,-0.9127703277192902,1.4565256954896508,0.9668168654071098,-1.895599664743136,1.3058673987290357,-2.9211512588986523,2.0116410001501617,-2.8497344258908734,1.3005071097055723,-0.27726569435955645,0.4865038183319357,1.0831303010831486,-2.5821861192170923,-2.360077714048184,2.240843264026123,2.6984321529822584,1.463299155322677,-1.9898865638736918,-4.21584525687977,-2.9242775292097942,-1.3132120876374809,0.38364419242349396,-1.7482208774712038,2.9521203790662796,-0.04713784762212252,-0.24531879571690365,-0.26577715938532726,2.3442227393179684,-0.6810101909072057,-2.510167684230687,0.7601521621296968,2.2696987813853813,0.5294916972075505,0.6816243641466317,0.13201738085417233,0.7139242001978023,-1.8629043079765513,1.1857861195588806
-0.6877990117757516,-0.20836634070394847,0.7243359053581986,0.35787134904521833,0.210248708392741,0.9593405947006078,-0.20360815074172053,-0.05194474552826017,0.2802063719398875,0.4498373290960735,-0.4438394812730354,-0.5680839493528042,0.6878397302161372,-0.9379545525556946,-0.15367522443088244,-0.08572453962666307,0.4342992942714801,0.4806332568007692,-0.20202234424849547,0.9053538842106398,0.02540019172844257,0.1822351280288721,-0.9566387457802937,-0.8513082451619792,-0.7870052248837651,-0.8790080975360298,0.10731395852254448,0.5161153227652207,0.7562494482323808,0.12388170475287304,-0.7923817888924919,-0.5650460317828943,-0.3405606263769426,0.19612880884548517,-0.588568109481055,0.456126136298117,0.715850321687651,0.2593846822492076,0.4468891899869121,0.5466065704057135,-1.001979840284984,-1.0392014632881779,-0.4862359082392305,0.8087136437147329,0.8029810247684424,0.43777368125820404,-0.9946466440125928,0.23757690705896664,0.21479757001965927,0.41862520319109103,-0.5632615977426353,0.6439535170147751,-0.12414699829592236,-0.01418073821755373,0.5447030957210558,0.0432106987494444
-0.9516865594085274,0.35635715031715565,0.6769659734185556,-1.0927694042492273,0.052641162305633454,1.070262176335479,1.2405046284747399,0.936200663424366,0.21529057925311615,0.6440379410912833,-3.056038860867351,0.6267678260572813,1.015016276581057,-2.4461908782080117,0.09297531889093386,-1.854062420423466,0.4806332568007692,1.4465030824988079,0.25086423328115687,0.16783502834168337,-0.46457672454158805,1.1712120273143132,-1.6464343654118987,0.6403397863050476,-1.8306699296556015,0.5618650875661567,-0.5535236744788187,0.6571239635896937,0.5068750370706628,-0.4347131896422635,0.535290899770196,0.6533836554681643,-1.5051114751762886,-1.1921629432822132,-1.3489979954093743,1.4832901697098406,2.8954545057349943,1.7686410809501143,1.1379156748083379,0.3671408363517159,-0.11474630818858347,-2.566572627985473,-0.47423197649165033,0.9413811537597612,0.9563798573919258,-0.7578016697546067,-0.669459878114653,1.5282545529167637,-0.17544642776891084,-0.7487809692050914,-0.844744499176282,0.3075119318499611,-0.1981428049272373,-0.3783735746858924,1.505735994049148,-0.5699111875680255
0.23644935704869097,0.44552279891804003,-0.416422498560923,-0.9739790611333183,-0.20765496117661336,-0.4769452738506935,0.8995195965204074,0.5794610457651213,-0.1675244473555226,-0.15168428440988896,-1.1369926147519862,0.9747870084149255,-0.19595091859938654,-0.28274093705203407,0.21823083644288002,-0.9127703277192902,-0.20202234424849547,0.25086423328115687,0.3789813519253988,-0.883764505925762,-0.290833162235644,0.4130846569309347,0.15316713635061466,1.2609169437903234,-0.14178434183139696,1.274249779409545,-0.42638573673022023,-0.18571674352465528,-0.523899854168275,-0.3617398030951362,1.1227634316172437,0.9378603224396032,-0.4302634804470757,-0.8480333910757465,-0.09320064420360316,0.31262519533599176,0.7862235704949131,0.6705189864490525,0.11376809723845548,-0.4107704263605969,1.0146059660062778,-0.273127652237525,0.27896402288939215,-0.35556526265154764,-0.3607046412958263,-0.8879922097208613,0.7327512783237956,0.5744473594929029,-0.3218598501860712,-0.8438178724266359,0.15446826793466026,-0.5382871318675221,0.03529757272648697,-0.1946616646807562,0.23310540866939658,-0.34648602621242536
-1.271856440496709,-1.0036225591325785,1.6350724837050734,2.1309139118832854,0.6151530580553105,2.019107169963796,-1.7954761843007678,-1.0451890952702485,0.6613581004909711,0.8184782115276984,1.4238660441761142,-2.3748431785514557,1.2083098297069121,-0.679846964609449,-0.568181502071629,1.4565256954896508,0.9053538842106398,0.16783502834168337,-0.883764505925762,2.6710805437767817,0.520332520419963,-0.5004017739992417,-1.4682742347929394,-3.2517494385073245,-0.7576466925616347,-3.2853301619685564,0.8581724942768856,0.9900015291971226,1.8782024736923353,0.785508031650603,-2.9563753338968075,-2.353093024791629,0.3216240534875474,1.7138992485588467,-0.5867951594097035,0.04521526935695625,-0.44755548483960156,-0.8278785192089854,0.3541776776216815,1.3818567845599912,-3.0206662518885645,-0.8577720187053978,-1.087004016519727,1.6462024817940983,1.6293295668907755,2.0762885619335485,-2.5024784003556624,-0.6807144836020671,0.830438736780706,1.9937357950649706,-0.9779084040185925,1.7339001831078633,-0.21037343512457343,0.3113031074643573,0.29811747144049494,0.6580265030909639
0.05317799332728038,-0.35496413280935973,0.1184680069106913,0.8441490746505435,0.11919881088351011,0.07269210387326572,-0.8283276760134152,-0.5623564002863968,0.060227556969435096,-0.04142171305685976,1.3635194102844008,-0.7452627913612346,-0.09189830893143719,0.6968134129349589,-0.15690435761976387,0.9668168654071098,0.02540019172844257,-0.46457672454158805,-0.290833162235644,0.520332520419963,0.2810499717606375,-0.5085517481662759,0.25279067040723185,-0.9287726961992968,0.4770043111213778,-0.9198793353629245,0.3851450069322402,-0.022007730308330486,0.22255716388052751,0.3197991940528444,-0.8200937119888849,-0.7289146802401709,0.5899073784295995,0.7861393196277723,0.3444432204025572,-0.5108171630154931,-1.1081404568083362,-0.796565123424383,-0.3131266498074204,0.1800587577585229,-0.6139160667084385,0.7153999685744448,-0.07469565739775202,0.024357115039128765,0.023934830103974396,0.7188838208610588,-0.3184284036254826,-0.6849546702109209,0.2397186179046039,0.6896758588565034,0.08191106317638326,0.27315643169373505,0.01999694413815813,0.20245821940879283,-0.4654409768720642,0.33888963973757213
-0.4925590020710986,0.5290125112805375,0.17374924422754273,-1.4234940756839511,-0.10047950993862431,0.4162365944410696,1.4626460378771051,1.0263710627011648,0.015502448942556183,0.3461434675658824,-2.903471602170483,1.08475235032427,0.5586577473510747,-1.8878369244136914,0.2130134442775245,-1.895599664743136,0.1822351280288721,1.1712120273143132,0.4130846569309347,-0.5004017739992417,-0.5085517481662759,1.1049160583892432,-1.026164300152005,1.314566313822929,-1.3462757409202788,1.248939468874049,-0.6640164553048842,0.30639662310695476,-0.03243899715999784,-0.5531975993454746,1.1617332045617503,1.1169043164773163,-1.3384489236602206,-1.408203346621267,-0.9858566553392678,1.2264250651978996,2.526267309696973,1.676474882774513,0.8711041125514727,-0.018363310370287246,0.6291187385784884,-1.9348058239733117,-0.13888441156968753,0.38896178589325237,0.4116588830739416,-1.1279905787237068,0.033792873046408094,1.437296163223347,-0.3468524529629249,-1.10656148752512,-0.4719964504613771,-0.15552722697073992,-0.11768064269577937,-0.38869958345410693,1.1833598257073257,-0.6359302233479833
1.6425952087022324,0.09659053195907752,-1.5203865101757856,0.15664628016000653,-0.3529464351242073,-2.130461270514351,-0.47857625137229043,-0.5107744235261795,-0.5522619633988471,-1.0909586288476643,2.621527762252145,0.46443893463774716,-1.6807733415561588,2.9748065244956576,0.1729216068874664,1.3058673987290357,-0.9566387457802937,-1.6464343654118987,0.15316713635061466,-1.4682742347929394,0.25279067040723185,-1.026164300152005,2.4892776547719646,0.8730370445634107,2.3469064659957075,0.973260771495892,0.1863379411727239,-1.188805551750491,-1.454006478536458,0.09206551204183164,0.8451281580971994,0.42683557274792844,1.4740250372406893,0.4649215806330006,1.7430610204514083,-1.6277458642631597,-2.9189375713135646,-1.5158592295828015,-1.4018594652183574,-1.062347780521117,1.5792462204713995,3.1920454100770783,1.0365855652226768,-1.8123308611869644,-1.8197579487782567,-0.1793798379607888,1.9293133226314336,-1.326851003788486,-0.21019098119359533,-0.15003969081209637,1.3854281330506333,-1.1676896254795068,0.3155427293583821,0.2598968585203856,-1.773989289316228,0.2997907801008827
1.0359483168968528,1.4739410751023214,-1.652272358881451,-3.3173546432309045,-0.7422675979964268,-1.9054089848103137,2.985624528529359,1.866211238611362,-0.6997220295255258,-0.6494691377733575,-3.5824698601606193,3.3528789994453883,-0.9178279825081642,-0.5849802758417006,0.7680100805089447,-2.9211512588986523,-0.8513082451619792,0.6403397863050476,1.2609169437903234,-3.2517494385073245,-0.9287726961992968,1.314566313822929,0.8730370445634107,4.456612686884505,-0.12919955792599033,4.456738792625326,-1.4049491471121756,-0.8519080865774397,-2.0544986855624754,-1.2406802826749495,4.021137876875981,3.3333277008220747,-1.2884102160513458,-2.8519173632334116,-0.059144653937764094,0.8184271656944326,2.2677839649270632,2.08066095908257,0.223496297456204,-1.5203923924381513,3.721300918355709,-0.43845055470535277,1.085871003238671,-1.5088732012606076,-1.4820568267668672,-3.0527547550270513,2.7484000227500687,1.7559822510763246,-1.1445362452647032,-2.9407721381109173,0.7292990348526002,-1.9955961675883809,0.14849041182931857,-0.6145744767823047,0.5150410409385368,-1.1602474451220262
1.4423268223174908,-0.24969954981411474,-1.1779707180167713,0.9228234583913631,-0.18783234861377296,-1.738378130529999,-1.1806268323289515,-0.9588417361389262,-0.411379681219767,-0.963867321320911,3.4989850512231313,-0.3032312255467936,-1.5107908050922327,3.174366587838769,-1.949371719873844e-4,2.0116410001501617,-0.7870052248837651,-1.8306699296556015,-0.14178434183139696,-0.7576466925616347,0.4770043111213778,-1.3462757409202788,2.3469064659957075,-0.12919955792599033,2.435777929122781,-0.03533987826429961,0.5181304112593942,-1.02797476317633,-1.023851955951492,0.37745652825458975,-0.051537781065342805,-0.3208629721479402,1.8018859738845825,1.1299610390454398,1.799920239087674,-1.857760719440457,-3.5114468444767164,-2.0305308728978164,-1.481782939446857,-0.7324571272204213,0.7640848679801585,3.375136087095995,0.8090235867661492,-1.5132790984528808,-1.520417711499702,0.5205508004346814,1.3378953881738784,-1.7656318364141617,0.04626275364996745,0.5184927855154976,1.2511277812164816,-0.7344297842901457,0.2863795150780008,0.409649411226446,-1.9391952319867103,0.5714283111203877
1.0997168169528078,1.4851888261851602,-1.7016014105230202,-3.2851777309211654,-0.7569492515260304,-1.9898834610683105,2.9508205338728253,1.8434486600357742,-0.7048430164014929,-0.6976877332723799,-3.428468016431572,3.3619627057865573,-0.9799172269676094,-0.4440940790550609,0.7707525501607085,-2.8497344258908734,-0.8790080975360298,0.5618650875661567,1.274249779409545,-3.2853301619685564,-0.9198793353629245,1.248939468874049,0.973260771495892,4.456738792625326,-0.03533987826429961,4.477554627712841,-1.3946472594742896,-0.8829695948286365,-2.0860481674151856,-1.2235549255047287,4.011849180906407,3.310088051576699,-1.209919724726015,-2.8074796537846396,0.01158089843258373,0.7493555653838675,2.1304753120068756,2.0013221073650067,0.15348739385506174,-1.5643673771207458,3.754541662224713,-0.31223413937688294,1.126306496423413,-1.5650911134961343,-1.5513121536736978,-3.041655646093587,2.819367359577675,1.693226034866916,-1.1415787858751743,-2.9173048670589252,0.7815478014495858,-2.0340618674604984,0.16547562997650822,-0.6032320767556983,0.44483455742577516,-1.134573683697602
-0.04084212538837465,-0.51438255926185,0.2811746070337056,1.207893070886353,0.19602368657505062,0.25579651090156524,-1.1594559399037274,-0.7716527485167107,0.13037593864936825,0.016711057952363093,1.78489498183879,-1.1054643793378365,-0.01114638767406802,0.7951824509107058,-0.23866664882443925,1.3005071097055723,0.10731395852254448,-0.5535236744788187,-0.42638573673022023,0.8581724942768856,0.3851450069322402,-0.6640164553048842,0.1863379411727239,-1.4049491471121756,0.5181304112593942,-1.3946472594742896,0.5404521758550355,0.05738371975345264,0.4301207566615223,0.45627014292728657,-1.249254435651636,-1.0878928145535227,0.7476043626601339,1.1027033565742883,0.3710013466155882,-0.6188234961593945,-1.3892172509720264,-1.0410856130895976,-0.3538614104411081,0.3334863515577153,-1.0017298849992842,0.7999306723420699,-0.18110631303418323,0.16818104467607328,0.16453582446307438,1.049791275087799,-0.5958359899268751,-0.8917669923884016,0.36220579146537535,1.0088851194365107,0.01835117721469732,0.477296390602267,0.007519286640138786,0.27244205376473873,-0.5420116102673156,0.468987505145122
-0.8314184469350557,-0.18136868429570485,0.845350500403141,0.2765336201722548,0.22879944079169245,1.1320373361633076,-0.09304953128431329,0.0416635517357225,0.3271021990937817,0.543723971169398,-0.7717335501486641,-0.5422219027335947,0.839347626817292,-1.2441071079724715,-0.155318970192942,-0.27726569435955645,0.5161153227652207,0.6571239635896937,-0.18571674352465528,0.9900015291971226,-0.022007730308330486,0.30639662310695476,-1.188805551750491,-0.8519080865774397,-1.02797476317633,-0.8829695948286365,0.05738371975345264,0.623880572605794,0.867475068022333,0.09160198482062544,-0.803518212809631,-0.5483906004169362,-0.5115997751908954,0.094168899960113725,-0.7662849362197323,0.6383335374518321,1.0554373344098753,0.4531629167016424,0.5884945207301581,0.6188973775888519,-1.0890679568665567,-1.3735487213075626,-0.5668937838620676,0.9645591262078886,0.9550047985145768,0.39346509087880654,-1.1298432494685426,0.408424518248834,0.21452188336427877,0.3784756981464635,-0.6883410493973565,0.7200089578842807,-0.1509645211407095,-0.054232692195201444,0.736718474382511,-0.008192591994039164
-1.129286109867246,-0.5756706069289518,1.3066087224750798,1.1612684694952617,0.4314638188149733,1.6682159068463478,-0.8845526176424942,-0.44996324541421545,0.5218650455332325,0.7309598703815674,0.1530332680770821,-1.443646737303621,1.1063400782911397,-1.1253533208216258,-0.3627572707728929,0.4865038183319357,0.7562494482323808,0.5068750370706628,-0.523899854168275,1.8782024736923353,0.22255716388052751,-0.03243899715999784,-1.454006478536458,-2.0544986855624754,-1.023851955951492,-2.0860481674151856,0.4301207566615223,0.867475068022333,1.4360065857297954,0.42224092776373173,-1.8899278811766351,-1.4456607027086503,-0.1857920658821027,0.8506773482587144,-0.7729955725148245,0.44074436862577987,0.4868707632762754,-0.08353187222835623,0.5462728040327769,1.0383836109800513,-2.104278471343349,-1.2978948004196358,-0.8701928953662981,1.3915746648485467,1.3743098205553492,1.2115330572990657,-1.8887158006315676,-0.04359750754707279,0.5233084784026865,1.1668351759523021,-0.9010839166331854,1.2681812844503968,-0.1944612147211033,0.10649114639884577,0.622230535662991,0.29829876229080043
-0.08003175842638492,-0.4349001629470701,0.28740523267933166,1.0396796482091673,0.1757031343848092,0.2750610436759629,-0.9830880002058175,-0.6437543426183951,0.13689243530426132,0.040427235901750506,1.4794566527673,-0.9583836444437234,0.03899730400314241,0.6106468162114926,-0.21027922785360031,1.0831303010831486,0.12388170475287304,-0.4347131896422635,-0.3617398030951362,0.785508031650603,0.3197991940528444,-0.5531975993454746,0.09206551204183164,-1.2406802826749495,0.37745652825458975,-1.2235549255047287,0.45627014292728657,0.09160198482062544,0.42224092776373173,0.3942829105463812,-1.1131046049987825,-0.9628874745045107,0.6088866378495393,0.9419626410981861,0.26925831595666955,-0.48497597916067986,-1.1161986154181984,-0.8566616711097493,-0.2724211290314954,0.3109697319396254,-0.9136710280624778,0.5933720059451936,-0.18241955288546619,0.20233566586703755,0.19100053736288625,0.9092485102889531,-0.5622934516894744,-0.7288318189151709,0.32104806814573045,0.8811232357016702,-0.023660704980913178,0.4424934256225842,8.227317448844721e-4,0.2252342111822336,-0.41262289388388795,0.3996842622281982
0.9692553845139084,1.3109693639840092,-1.5222422726142162,-2.9713516224024694,-0.6707367186346327,-1.7565834229747999,2.6595127058737336,1.65121638828203,-0.6509714022172037,-0.6051155766482137,-3.157747400650273,3.0079156864276793,-0.8673424973336263,-0.45668630052461545,0.6922566617487855,-2.5821861192170923,-0.7923817888924919,0.535290899770196,1.1227634316172437,-2.9563753338968075,-0.8200937119888849,1.1617332045617503,0.8451281580971994,4.021137876875981,-0.051537781065342805,4.011849180906407,-1.249254435651636,-0.803518212809631,-1.8899278811766351,-1.1131046049987825,3.638279322253887,3.0118748309398256,-1.1226128224857266,-2.548105768015501,-0.0061957307539105685,0.6882351058630763,1.9571267107116042,1.8270058486941696,0.1713320176140854,-1.3828477952186522,3.3813650444054373,-0.3032258491819414,0.9966812976729211,-1.4057999728146657,-1.3728503916402277,-2.7390753596844073,2.506442917578646,1.5361876508503212,-1.0340865312645025,-2.6466108628408374,0.6898797532522263,-1.8163286462185027,0.13773107125953774,-0.5414180106936334,0.410425140236177,-1.03596056877289
0.6331279600094928,1.1049922315573633,-1.1211164081654206,-2.5577495772786967,-0.53021117789858,-1.246716579180206,2.327666559998154,1.4688424764146404,-0.49351311262903785,-0.3863325926029792,-3.012406256403774,2.5122076726240277,-0.5423887878511865,-0.745033226438683,0.5707986722410584,-2.360077714048184,-0.5650460317828943,0.6533836554681643,0.9378603224396032,-2.353093024791629,-0.7289146802401709,1.1169043164773163,0.42683557274792844,3.3333277008220747,-0.3208629721479402,3.310088051576699,-1.0878928145535227,-0.5483906004169362,-1.4456607027086503,-0.9628874745045107,3.0118748309398256,2.526477364266723,-1.1353307587153225,-2.2331844604879603,-0.2111600167642071,0.7797892363249008,2.0176729317212367,1.7407680948814024,0.31443132142226216,-1.053573550783301,2.703412201998279,-0.6349099363360009,0.727832667823302,-0.9883710312684796,-0.9567299406853328,-2.3184273346723456,1.911038735582101,1.4685804738796175,-0.8594039945352394,-2.245385260002207,0.4254935746077969,-1.4128361129349454,0.0793054524745984,-0.4925624453220138,0.5591510918134251,-0.9216628530491338
0.7729989503068608,-0.5645429698628492,-0.41293348667945456,1.5590422150508967,0.05867147990964633,-0.759762362209622,-1.6524637599186816,-1.1885581458141676,-0.10382865792481341,-0.5314974039419198,3.5131117516226933,-1.1084500093733294,-0.8517747220528732,2.4715844497897894,-0.2048842823594421,2.240843264026123,-0.3405606263769426,-1.5051114751762886,-0.4302634804470757,0.3216240534875474,0.5899073784295995,-1.3384489236602206,1.4740250372406893,-1.2884102160513458,1.8018859738845825,-1.209919724726015,0.7476043626601339,-0.5115997751908954,-0.1857920658821027,0.6088866378495393,-1.1226128224857266,-1.1353307587153225,1.6590966436919707,1.5868457647734981,1.3225709274642514,-1.5662447598220406,-3.1583129293981926,-2.0330361582807646,-1.1429913733274173,-0.13238933136998005,-0.4435095536979214,2.564172396853922,0.3007594014374343,-0.6910792338269419,-0.7112543055201755,1.1926740581850346,0.24383829078271288,-1.7496951022548335,0.34189846291844106,1.1686956415403726,0.7141476267559376,-0.0026776441591261457,0.17149501228260086,0.4596667064418317,-1.5425494987070192,0.7286554460626732
-0.027235631559595467,-1.0277233407184596,0.5289891118527645,2.478933786806594,0.3832633754590079,0.44331153177091703,-2.37995985744877,-1.5809377488117893,0.2646724783445803,-0.010021392675047197,3.7600968807102286,-2.2302540332776353,-0.07535191644223808,1.7385700914338778,-0.4815240880393946,2.6984321529822584,0.19612880884548517,-1.1921629432822132,-0.8480333910757465,1.7138992485588467,0.7861393196277723,-1.408203346621267,0.4649215806330006,-2.8519173632334116,1.1299610390454398,-2.8074796537846396,1.1027033565742883,0.094168899960113725,0.8506773482587144,0.9419626410981861,-2.548105768015501,-2.2331844604879603,1.5868457647734981,2.27699585801463,0.8125052431211246,-1.3131052511867387,-2.9360786620666386,-2.180694307725404,-0.7814578764452459,0.6351982875308743,-2.00601347758484,1.7276610424649017,-0.33102889070996794,0.29602287896994894,0.2730546757027638,2.1382810576409503,-1.1444500850312356,-1.8612894803243851,0.738654749380798,2.0700966407922423,0.0819146303797717,0.9339935167059309,0.031535932936991556,0.5611124988998237,-1.1572404267859615,0.9752579859036534
1.0754175592907875,-0.17111085449550886,-0.8846251255399802,0.655266883965685,-0.14544707786773395,-1.3020663560874206,-0.8479896603595478,-0.6927749944758058,-0.30899029250557103,-0.7187689854328281,2.559620627265406,-0.19552003554696573,-1.1247527167886144,2.3437737528762796,0.006276326194368777,1.463299155322677,-0.588568109481055,-1.3489979954093743,-0.09320064420360316,-0.5867951594097035,0.3444432204025572,-0.9858566553392678,1.7430610204514083,-0.059144653937764094,1.799920239087674,0.01158089843258373,0.3710013466155882,-0.7662849362197323,-0.7729955725148245,0.26925831595666955,-0.0061957307539105685,-0.2111600167642071,1.3225709274642514,0.8125052431211246,1.3304593932013369,-1.3667829979547677,-2.5781211184675366,-1.4846185587764047,-1.0947985231687538,-0.5550633054373374,0.5952991284256004,2.4916604817033225,0.6076622393990326,-1.1309034088569945,-1.1369602362516837,0.35953567825352467,1.012901934313755,-1.2908826373442546,0.025052425020639396,0.3598786087716871,0.931262217149426,-0.5599336653835493,0.21340332979129592,0.2975773835891944,-1.429296557022199,0.4134093978765068
-0.9194084332842362,0.42865051965602124,0.6208173831815117,-1.2325652877368984,0.020914766413689216,1.001172229647675,1.3740779223928452,1.0261962147657333,0.1981648625884906,0.6207790287075906,-3.21594836997665,0.7727786737130476,0.9905598396139884,-2.486600724266701,0.12458467988223872,-1.9898865638736918,0.456126136298117,1.4832901697098406,0.31262519533599176,0.04521526935695625,-0.5108171630154931,1.2264250651978996,-1.6277458642631597,0.8184271656944326,-1.857760719440457,0.7493555653838675,-0.6188234961593945,0.6383335374518321,0.44074436862577987,-0.48497597916067986,0.6882351058630763,0.7797892363249008,-1.5662447598220406,-1.3131052511867387,-1.3667829979547677,1.5335433889178463,3.0145019835598355,1.8675345807952723,1.1522996525971179,0.3050057750757494,0.025780903884701632,-2.6165326119264205,-0.43363668596598254,0.8974732285804327,0.9059243585405529,-0.8869796355813931,-0.5626961431437287,1.6159096809225213,-0.21980708124860737,-0.8660961376452088,-0.8251977345747373,0.230214970371636,-0.1913705457862945,-0.4087228012629424,1.5460987099831127,-0.6181473253506957
