V1,V2,V3,V4,V5,V6,V7,V8,V9,V10,V11,V12,V13,V14,V15,V16,V17,V18,V19,V20,V21,V22,V23,V24,V25,V26,V27,V28,V29,V30,V31,V32,V33,V34,V35,V36,V37,V38,V39,V40,V41,V42,V43,V44,V45,V46,V47,V48,V49,V50,V51,V52,V53,V54,V55,V56
48213.698724292815,-6693.995596433149,493.3956285335485,-3948.5253829416856,-27960.976958028376,28579.752354946726,-11289.314914030852,-20553.613452386417,-12959.263838503764,-35814.033487498265,-8791.2160118381,-750.2195356233664,33664.900606325224,-59574.16604782799,-24825.31353905339,40793.26874162375,-34932.962517069835,-19412.580242645832,-84999.65415067003,11500.029688915138,-37729.75395033104,-3722.6061504095314,-51170.87763656263,-85284.44999985956,7499.561540682131,-7838.197748044851,-20375.55145892942,-14267.471067523216,3458.656949175269,-17727.284450337196,11898.67595930334,-22270.887849796396,4239.1337542741085,19511.55189732023,32393.74433614781,40793.44388190625,10439.200851418813,36752.801608612346,-62792.65775992781,-50599.72592244831,-712.4903386925301,14257.250496950715,20017.2651826584,-38047.06846026678,-13605.749782890445,3252.6564490605992,-17987.963286113827,-43862.838509993155,-153.36581134919498,-46208.70581118409,-18993.88399734751,31233.427366650194,19277.34754467651,97279.98598731712,13890.021573438355,6545.341696101613
-6693.995596433149,930.631821967662,-67.73275987837349,547.4791858706271,3882.2915505169876,-3968.500750550264,1567.7566937181834,2854.0685837775227,1799.983596923245,4973.476740386573,1221.4484707178735,104.98605910609244,-4675.853547494469,8272.997564414774,3447.0278653629716,-5664.847961062726,4851.07179844214,2695.426856366225,11804.54684547682,-1596.816715990846,5240.2226669367055,516.7933013019718,7106.248189491506,11844.249222521272,-1041.5242143911746,1089.1805211470744,2829.115234910019,1981.6004636712494,-480.7358339100812,2462.103495276925,-1651.7294976233093,3093.096108638335,-588.5411008060719,-2709.843773616175,-4498.997667601442,-5665.032569177653,-1450.7275601866968,-5102.95540337482,8720.153387174256,7026.426800061711,99.19178927634161,-1979.1928775422684,-2779.5342382538597,5282.333474452865,1889.1566753222492,-451.99255821313466,2499.4443943336587,6091.4694866235,21.164326593107422,6416.921936753662,2637.4886188023524,-4336.748384115786,-2676.988624222,-13508.836387512833,-1928.2209560408126,-908.2670721956184
493.3956285335485,-67.73275987837349,5.98874601939238,-40.963250583381516,-285.97076978831495,292.6416935968062,-115.48007308450455,-210.29312395259637,-132.10500492132977,-365.4758533089884,-89.53654028135738,-7.344809837475528,343.2268398092853,-608.851578883724,-254.00679655760953,416.74484892531126,-356.713001782276,-198.39010419482963,-867.6762670819811,117.88962040683778,-384.49355757637613,-37.948711570738425,-522.7379204092612,-870.4217902225754,76.35335973283068,-79.92253580831283,-208.30498638150095,-145.43123269967052,34.99056022487988,-180.72788389039798,121.99260671366828,-227.1036448396946,43.23538747179216,199.03621537447574,330.19551569333447,416.5760325395321,105.8090360789192,376.19525045768785,-640.8037784874604,-516.6824998063447,-7.341879626018974,146.07214038338736,204.40925355510925,-389.52461467811395,-138.8570759406915,33.1775877627615,-182.8334141413736,-447.7128393333019,-1.6508520378146314,-471.866988270195,-194.31549318196318,319.82022700380725,196.79279666676575,993.8304066006252,142.5276222572788,67.43897213668318
-3948.5253829416856,547.4791858706271,-40.963250583381516,323.9798591285939,2289.7617839834675,-2340.4015668498278,924.3086275826183,1683.060935981508,1060.9304137178378,2932.245980541589,719.692174462081,60.933476673764865,-2755.8247749754023,4878.008084263749,2032.9410972845546,-3340.023604359744,2860.271023669632,1589.5967291310978,6959.141699601465,-941.6773495053836,3088.6421622582434,304.72946786195484,4189.690023771642,6982.140534439395,-613.947437112667,641.3381088493185,1668.555746392092,1168.054409868099,-282.7665059805619,1451.2890705990455,-974.856579267026,1823.0263694626224,-347.0418109373997,-1597.2325493653052,-2651.9008737155846,-3340.026797869793,-854.1357454244838,-3009.9409521176976,5141.001022894921,4143.076384788969,58.09972807429933,-1167.7991390508917,-1639.0669862062427,3116.0926419302614,1114.1082460638033,-266.08655286967286,1471.8714527841785,3591.1312381401985,12.695892022000178,3783.589602112001,1555.3261740080125,-2557.78137641409,-1578.349628436617,-7965.268710303663,-1137.7646828117738,-536.3205245970476
-27960.976958028376,3882.2915505169876,-285.97076978831495,2289.7617839834675,16215.717044824189,-16574.569990064618,6547.114030082495,11919.836005945108,7515.680255844196,20770.207804764952,5098.554403460436,435.173766465826,-19524.012375815266,34549.73279511848,14397.205445765761,-23657.76890477419,20259.16121688913,11258.138156467403,49295.21668226424,-6669.346830655237,21881.413779649283,2158.9053589349523,29676.359699585206,49460.48988083619,-4349.292058712905,4545.789092950851,11816.66056751466,8274.35179138349,-2005.9992868348618,10280.925187955212,-6900.391558367622,12916.027857576542,-2458.43393284075,-11315.68094055762,-18786.678054227836,-23658.03538000009,-6054.479576208858,-21314.444812317786,36416.37051317977,29345.048745335785,413.2702936977389,-8268.161444799169,-11608.881737645785,22064.876709949924,7890.539633410969,-1886.3825368427806,10432.32138764213,25438.04160971808,88.90596256315266,26798.49708084365,11015.382152040682,-18113.50488454023,-11179.816745462549,-56416.94638319102,-8055.360106544253,-3795.786061094254
28579.752354946726,-3968.500750550264,292.6416935968062,-2340.4015668498278,-16574.569990064618,16942.05135226186,-6692.2413683776285,-12183.936020666697,-7682.105158563925,-21229.691976205482,-5211.821031952272,-445.18835277553507,19956.39013264614,-35315.12747930631,-14716.03699478203,24181.522662647938,-20707.552991430774,-11507.120377299976,-50386.72064811867,6817.31424997028,-22365.58408628448,-2206.434776816156,-30333.71198468579,-50555.59684419477,4445.324265945118,-4646.915499106706,-12078.116543062537,-8457.472660844689,2050.454304450011,-10508.492995370054,7053.111953964028,-13201.887711591091,2512.615809742887,11566.165015986502,19202.305171529148,24181.84783374809,6188.675134480832,21786.476577643665,-37222.15780044963,-29994.290848434786,-422.7230611826277,8450.997231072148,11865.609377657576,-22553.239716534517,-8064.8425613885065,1928.3536854158865,-10663.69101563335,-26001.123049716673,-90.85007266786585,-27391.68612006169,-11259.47012100327,18514.870329480294,11427.178395264622,57665.92645277515,8233.846096247225,3879.8243466672093
-11289.314914030852,1567.7566937181834,-115.48007308450455,924.3086275826183,6547.114030082495,-6692.2413683776285,2643.6410365090765,4812.887484448603,3034.5869395400614,8386.05424728367,2058.5606588582837,176.0070576719113,-7883.05088826669,13949.769105557722,5813.001765151988,-9552.176352616489,8179.7920135823715,4545.5390211379545,19903.535071552375,-2692.9171307833403,8834.730109926313,871.6430998705974,11982.125464057783,19970.293972380565,-1756.1094415318714,1835.7361097572734,4770.923766870174,3340.8942368514963,-809.9644244305838,4150.990249201575,-2785.9591801653696,5215.015230683064,-992.6185036881496,-4568.921310952534,-7585.319110200557,-9552.043896232874,-2444.4799388515366,-8605.723222889932,14703.350397019769,11848.129428407407,167.01493027503963,-3338.390351367981,-4687.077392356858,8908.780824454374,3185.7561844308298,-761.8306657445871,4212.414226281775,10270.94625826089,35.85647185772228,10820.01142966744,4447.565982540415,-7313.5548407132255,-4513.895938192925,-22778.815095351612,-3252.2952210346143,-1532.5641226091261
-20553.613452386417,2854.0685837775227,-210.29312395259637,1683.060935981508,11919.836005945108,-12183.936020666697,4812.887484448603,8762.309512846212,5524.768228571125,15267.730107486948,3747.94964567786,320.1908828658244,-14351.826179205382,25397.1314460998,10583.220623119492,-17390.624811827172,14892.220155481378,8275.639463022988,36236.38437816872,-4902.648207766541,16084.537868601832,1586.870157602455,21814.728183986525,36357.78228981614,-3197.1336679382634,3341.879355856025,8686.103263424797,6082.437297970564,-1474.5091335911775,7557.339992708971,-5072.37985885542,9494.316846815036,-1807.1088223659704,-8318.044312665383,-13809.797789155673,-17390.581087509552,-4450.456906309277,-15667.87478479087,26768.984180617514,21570.893401334277,303.8977246981442,-6077.913931339676,-8533.395328592656,16219.587503582805,5800.085118134976,-1386.8222418210078,7668.873948852708,18699.230307620546,65.34403888046758,19699.130719731365,8097.285409361827,-13315.120282416277,-8218.043414356553,-41471.30309102171,-5921.293073917302,-2790.2285019607925
-12959.263838503764,1799.983596923245,-132.10500492132977,1060.9304137178378,7515.680255844196,-7682.105158563925,3034.5869395400614,5524.768228571125,3483.7412296292996,9627.008614857625,2363.531771018479,202.08506848985118,-9049.746199992613,16013.78103085034,6672.878221112974,-10965.33883825624,9390.149723198507,5217.969707404156,22848.715602345354,-3091.072026829223,10142.37812122475,1000.5400440447439,13755.038540691963,22925.285887523874,-2015.987037936145,2107.275003025098,5476.810015619185,3835.372420167467,-929.9022772226034,4765.398362806654,-3198.1316774967777,5986.659220950477,-1139.40461990851,-5244.9231735476715,-8707.915549036034,-10965.508257315088,-2806.736693595598,-9878.816838117875,16879.082332967508,13601.289222414262,191.579977531311,-3832.032486087909,-5380.616665207277,10226.54374616967,3657.1796181845516,-874.4527304995238,4836.062358276307,11790.687467955613,41.17023027675502,12421.14881097145,5105.5074628545635,-8395.273899577925,-5181.820997897237,-26149.09461225481,-3733.2801552986434,-1758.9909371518672
-35814.033487498265,4973.476740386573,-365.4758533089884,2932.245980541589,20770.207804764952,-21229.691976205482,8386.05424728367,15267.730107486948,9627.008614857625,26604.68610953043,6530.973552628664,557.8334749352922,-25008.88301813815,44254.29175950921,18440.888859118902,-30303.036355307493,25949.866630103745,14420.322312977443,63142.47842737822,-8542.447810140387,28028.601416759277,2765.3882095690014,38012.30768177049,63354.43581587615,-5571.136678965185,5822.966588806441,15135.669251482232,10598.792246626464,-2569.9015085092756,13169.075468182238,-8838.09156716797,16544.51541845458,-3149.026874508335,-14494.4872268675,-24064.329720091177,-30303.554476793863,-7755.992614061506,-27300.763612487197,46645.99307410131,37587.94242455073,529.4480909764296,-10590.093424839637,-14869.71877458562,28261.77066436494,10106.94071189824,-2416.3881013951886,13363.718246870878,32583.719870895977,113.76071414561018,34326.054824000246,14109.303220015383,-23200.79470030693,-14320.24195351182,-72263.91533899904,-10317.474584821895,-4861.446126407592
-8791.2160118381,1221.4484707178735,-89.53654028135738,719.692174462081,5098.554403460436,-5211.821031952272,2058.5606588582837,3747.94964567786,2363.531771018479,6530.973552628664,1604.2073373735495,137.29706507581776,-6139.901012927058,10864.486206967402,4526.868258330864,-7438.768478954947,6370.357065404147,3539.5854123397894,15501.177162705477,-2097.0270877508797,6880.985672632513,678.4885971455212,9332.00419049078,15553.037707302607,-1367.400447197682,1429.7958090421653,3715.495401001232,2601.989347890353,-631.0222280992166,3233.0966391018246,-2169.6208304162924,4061.3863710517567,-772.6678790287382,-3558.11971229188,-5907.504892477851,-7439.433823034212,-1904.8961236210466,-6702.01205692646,11450.858690433664,9227.129484471534,130.0674580556342,-2599.128003236186,-3650.117866255311,6937.385862151168,2480.8219453603115,-593.2352655967684,3281.4469712093623,7998.843824943047,27.92993358051587,8426.841654466596,3463.7666367577954,-5695.420031487171,-3515.364483026178,-17739.840494423264,-2532.7630187280947,-1193.0371663077499
-750.2195356233664,104.98605910609244,-7.344809837475528,60.933476673764865,435.173766465826,-445.18835277553507,176.0070576719113,320.1908828658244,202.08506848985118,557.8334749352922,137.29706507581776,12.32509475141335,-524.9528762437983,928.1373531059371,386.5242289518956,-635.5323634795548,544.137033764672,302.1636836344989,1324.6360613007162,-179.18361041499952,588.0797422048345,57.867939439124356,797.343544994908,1329.2004309023075,-116.83880221371635,122.72895684118214,317.0969723281487,222.41320930920963,-54.16090648818786,276.3102512102546,-184.9143687833368,347.18698333043005,-65.9387741238737,-304.18528665219986,-504.8781361130096,-635.5073576973432,-163.16759536935203,-572.0175147111672,978.2167642158761,787.9394944630176,11.383955066365042,-221.7082156211634,-311.60670727850794,591.9659304772059,211.69164599872278,-50.967243230564044,281.2116542791257,683.503248817972,2.2844176431403436,719.739234364566,295.8473823270569,-486.3401628049128,-300.2447109090447,-1515.2665283856034,-215.99676336089993,-101.60794684972447
33664.900606325224,-4675.853547494469,343.2268398092853,-2755.8247749754023,-19524.012375815266,19956.39013264614,-7883.05088826669,-14351.826179205382,-9049.746199992613,-25008.88301813815,-6139.901012927058,-524.9528762437983,23509.625568468608,-41600.304235889045,-17334.580307538785,28485.346716833195,-24393.308466394137,-13555.006880984325,-59355.79323743681,8030.1532874212035,-26347.99453002279,-2599.330164905664,-35732.8000266652,-59555.248764152406,5236.779339614515,-5474.288018460602,-14227.609111754004,-9963.141468601485,2416.2230319178398,-12379.4318485521,8307.468538616899,-15552.517701451467,2959.918215248032,13625.29591075951,22621.136365111695,28486.233708279953,7291.77350807361,25662.905556215956,-43848.241315978674,-35333.176046961256,-498.0502305312428,9954.125093215513,13977.590466907826,-26565.686356072965,-9500.376782307821,2271.686314737649,-12563.35096733096,-30629.455483946476,-106.81941783035313,-32267.17929224907,-13263.096237598493,21809.000538225104,13461.285767636953,67929.41849721762,9698.412675549274,4569.409355575413
-59574.16604782799,8272.997564414774,-608.851578883724,4878.008084263749,34549.73279511848,-35315.12747930631,13949.769105557722,25397.1314460998,16013.78103085034,44254.29175950921,10864.486206967402,928.1373531059371,-41600.304235889045,73614.77698193621,30675.389463647032,-50406.73910417795,43165.511343134574,23986.761599566566,105032.8093751367,-14210.255092191885,46622.75262662993,4599.498210421881,63231.23528151374,105385.04384895178,-9266.63643173838,9686.49548239994,25177.0292150423,17630.10559319109,-4274.63887477837,21905.63462082314,-14701.901428831028,27520.08808977668,-5237.686748067904,-24110.17340475852,-40028.45671373193,-50407.84126910021,-12901.511131188217,-45413.59335223404,77591.24142837652,62524.15982129136,880.9892612054446,-17615.693157153783,-24734.29698432061,47011.72056548433,16811.58847128753,-4019.6015879045663,22229.593681316728,54200.233974567614,189.3022012326227,57098.843473643064,23470.25338091609,-38593.65514518262,-23820.406245141457,-120205.76290746778,-17162.96696916051,-8086.890446275647
-24825.31353905339,3447.0278653629716,-254.00679655760953,2032.9410972845546,14397.205445765761,-14716.03699478203,5813.001765151988,10583.220623119492,6672.878221112974,18440.888859118902,4526.868258330864,386.5242289518956,-17334.580307538785,30675.389463647032,12782.711892000585,-21004.783986605104,17987.229702988945,9995.568246597097,43767.22738813444,-5921.541591680682,19427.487917926093,1916.730339328357,26348.487279650097,43913.951318744155,-3861.5047398816573,4036.2040259991218,10491.451037813225,7346.444987432822,-1781.0447261762456,9127.98036726974,-6126.543671550702,11467.581184488376,-2182.685210418532,-10046.73361514519,-16679.833148396116,-21004.964157373404,-5375.510800392176,-18924.219777887043,32332.442277780483,26054.09645876041,367.0295264993953,-7340.937758546454,-10306.95047025234,19590.45759707846,7005.56364240652,-1674.9316435446256,9262.55464854519,22585.37633648875,78.92411001914199,23793.214287031748,9780.156396877297,-16082.34252373734,-9926.042811303825,-50090.245791838664,-7152.035647434292,-3370.132575019196
40793.26874162375,-5664.847961062726,416.74484892531126,-3340.023604359744,-23657.76890477419,24181.522662647938,-9552.176352616489,-17390.624811827172,-10965.33883825624,-30303.036355307493,-7438.768478954947,-635.5323634795548,28485.346716833195,-50406.73910417795,-21004.783986605104,34516.00249265495,-29557.408754384636,-16425.089041668456,-71920.5364746774,9730.30561858168,-31924.61763340887,-3149.7477303258224,-43296.84893763992,-72161.83487916189,6345.613906964537,-6632.736519443574,-17239.770603027155,-12072.20078548031,2926.9589836073014,-14999.671020131795,10066.937571181494,-18844.358563956564,3586.7844901309795,16509.498595203673,27409.50425302283,34516.20835358804,8833.708190787662,31096.36396715114,-53130.40548710042,-42813.19438512113,-603.1816568107267,12062.693311958843,16936.800159540257,-32191.16572164798,-11511.872931155513,2752.4726216264153,-15221.349384760833,-37113.53025070126,-129.59490839290868,-39097.95926969559,-16070.93137538221,26426.6484028603,16310.945017754357,82310.21515252376,11751.979605187493,5537.559017832278
-34932.962517069835,4851.07179844214,-356.713001782276,2860.271023669632,20259.16121688913,-20707.552991430774,8179.7920135823715,14892.220155481378,9390.149723198507,25949.866630103745,6370.357065404147,544.137033764672,-24393.308466394137,43165.511343134574,17987.229702988945,-29557.408754384636,25311.332153377058,14065.458474658726,61588.7049363046,-8332.318401063825,27338.595557477583,2697.208510288952,37076.97054678993,61795.23929524729,-5434.017404154465,5679.743854642191,14763.207796089562,10338.005859045965,-2506.4609639990936,12844.967189311259,-8620.855441939932,16137.16214044047,-3071.4547105642487,-14137.710791053463,-23472.010675764737,-29557.804989873868,-7564.926125878714,-26629.183887115934,45497.92753396971,36662.87580378646,516.3904554292095,-10329.69115585488,-14503.7589850609,27566.625153498902,9858.17034112453,-2356.942340861638,13034.726350691319,31781.880596543597,111.01172473561759,33481.42242620493,13762.190970774476,-22630.126773728764,-13967.790066362631,-70485.77510004796,-10063.700631167234,-4741.929948568064
-19412.580242645832,2695.426856366225,-198.39010419482963,1589.5967291310978,11258.138156467403,-11507.120377299976,4545.5390211379545,8275.639463022988,5217.969707404156,14420.322312977443,3539.5854123397894,302.1636836344989,-13555.006880984325,23986.761599566566,9995.568246597097,-16425.089041668456,14065.458474658726,7816.3391624301785,34224.44475913497,-4630.288342070506,15191.780068163087,1498.9815779871997,20603.398295237246,34339.24880999827,-3019.7541391916,3156.0315759504315,8203.967370102804,5744.734229745134,-1392.721031969022,7137.7859001346915,-4790.679204933914,8967.361586771674,-1706.9510483054587,-7856.291947231673,-13043.274196694456,-16425.081483020007,-4203.352556939264,-14797.874323121381,25283.11218645803,20373.58725417769,286.89416271009935,-5740.499675498953,-8059.805540043922,15319.054602838554,5478.2987917222135,-1309.7029239434419,7242.89919674882,17661.106621743827,61.70506026426783,18605.471690675276,7647.600341106697,-12575.621159679233,-7761.895846357186,-39168.8416147008,-5592.469252254953,-2635.3020052000675
-84999.65415067003,11804.54684547682,-867.6762670819811,6959.141699601465,49295.21668226424,-50386.72064811867,19903.535071552375,36236.38437816872,22848.715602345354,63142.47842737822,15501.177162705477,1324.6360613007162,-59355.79323743681,105032.8093751367,43767.22738813444,-71920.5364746774,61588.7049363046,34224.44475913497,149861.32770692755,-20274.762398363222,66522.17634805184,6562.859845635125,90218.00375278723,150364.1837804853,-13222.1463078248,13820.880222018915,35922.3417571595,25154.99185756819,-6099.358168696309,31255.217801046063,-20976.086851996377,39266.19107147772,-7473.449697500297,-34400.850922892234,-57113.47494069063,-71921.7939367105,-18408.24633474329,-64795.056209113034,110707.95835955243,89209.71355977205,1256.9365517646336,-25133.99019371306,-35291.03353013939,67075.54564305415,23987.045501000182,-5735.32061805934,31717.943197771976,77333.42178029407,269.9741234319166,81468.6054027308,33486.92691493602,-55064.584100640204,-33987.11089425324,-171509.4429382205,-24487.271018693995,-11537.901569462303
11500.029688915138,-1596.816715990846,117.88962040683778,-941.6773495053836,-6669.346830655237,6817.31424997028,-2692.9171307833403,-4902.648207766541,-3091.072026829223,-8542.447810140387,-2097.0270877508797,-179.18361041499952,8030.1532874212035,-14210.255092191885,-5921.541591680682,9730.30561858168,-8332.318401063825,-4630.288342070506,-20274.762398363222,2743.3337698613514,-8999.500421475881,-887.8874266314255,-12205.860484096736,-20342.870317337143,1788.6590129023605,-1869.9462813452367,-4860.033613481096,-3403.0507638526783,825.1778555821638,-4228.3811082150305,2837.9069973563496,-5312.35790615966,1011.0651300024444,4654.109719432388,7726.620918884303,9730.397745660235,2490.1660873391343,8766.53401914781,-14977.570299433173,-12069.175362094538,-170.25370816708846,3400.494856819964,4774.49029693805,-9075.007882245844,-3245.091249660201,776.0172962159523,-4290.930210808652,-10462.424205712243,-36.51434559915216,-11021.851326451968,-4530.692732099551,7450.195504554171,4598.10935131133,23203.84648531121,3313.242165713588,1561.253417000386
-37729.75395033104,5240.2226669367055,-384.49355757637613,3088.6421622582434,21881.413779649283,-22365.58408628448,8834.730109926313,16084.537868601832,10142.37812122475,28028.601416759277,6880.985672632513,588.0797422048345,-26347.99453002279,46622.75262662993,19427.487917926093,-31924.61763340887,27338.595557477583,15191.780068163087,66522.17634805184,-8999.500421475881,29529.302418977328,2913.3139170394575,40046.88017422139,66745.69815010269,-5869.220771305325,6134.922428389532,15945.523627798588,11166.118621149071,-2707.872657172822,13874.115152824543,-9310.591008494564,17430.294069249554,-3317.435189450415,-15270.378023287578,-25352.520160501732,-31925.558058260798,-8172.01587618144,-28761.346788959225,49142.62140324189,39599.48899356727,557.9680999727398,-11156.151747354827,-15665.392728249006,29773.333909636804,10647.677451275895,-2545.823198127599,14079.90864727729,34327.638964120604,119.74650054087326,36163.13339801401,14864.326921922278,-24441.993759951805,-15086.65655939857,-76131.11557765189,-10869.30873976233,-5121.133597660886
-3722.6061504095314,516.7933013019718,-37.948711570738425,304.72946786195484,2158.9053589349523,-2206.434776816156,871.6430998705974,1586.870157602455,1000.5400440447439,2765.3882095690014,678.4885971455212,57.867939439124356,-2599.330164905664,4599.498210421881,1916.730339328357,-3149.7477303258224,2697.208510288952,1498.9815779871997,6562.859845635125,-887.8874266314255,2913.3139170394575,287.6117171066521,3950.8288764523327,6585.04665331947,-579.1472164625859,605.1203474009139,1573.2352155912436,1101.5839115192207,-267.1680215140124,1368.7298364461933,-918.5116533432969,1719.7726942270988,-327.4647067085524,-1506.6358520530223,-2501.3019888880135,-3149.6761493902945,-805.9684932914101,-2837.5242783225435,4848.514523034543,3907.00124874673,55.027577031478906,-1100.8301276568386,-1545.6386423340557,2937.539366430125,1050.62834173784,-251.1479305372382,1388.8411187908007,3386.7768839543687,11.797231128062846,3567.7403277108992,1466.450162143321,-2411.4079880650706,-1488.4935825343741,-7511.062906497283,-1072.3604545419103,-505.37044717319816
-51170.87763656263,7106.248189491506,-522.7379204092612,4189.690023771642,29676.359699585206,-30333.71198468579,11982.125464057783,21814.728183986525,13755.038540691963,38012.30768177049,9332.00419049078,797.343544994908,-35732.8000266652,63231.23528151374,26348.487279650097,-43296.84893763992,37076.97054678993,20603.398295237246,90218.00375278723,-12205.860484096736,40046.88017422139,3950.8288764523327,54312.44991382927,90520.7621776078,-7959.606338991153,8320.309777273105,21625.7403314858,15143.382396825036,-3671.920279168512,18815.897083833246,-12627.89140638472,23638.624660065416,-4498.969358803113,-20709.573957378027,-34382.60524238495,-43297.83762931373,-11081.989164123152,-39007.70229511817,66647.16136252969,53705.13867498146,756.8250013005583,-15130.784508914458,-21245.511996613342,40380.32398463138,14440.30452976765,-3452.702103751499,19094.416886173636,46555.35985640708,162.5343187981909,49044.95952712522,20159.697630621416,-33149.79034130358,-20460.57192695532,-103250.60909263579,-14741.956808255625,-6946.08860425296
-85284.44999985956,11844.249222521272,-870.4217902225754,6982.140534439395,49460.48988083619,-50555.59684419477,19970.293972380565,36357.78228981614,22925.285887523874,63354.43581587615,15553.037707302607,1329.2004309023075,-59555.248764152406,105385.04384895178,43913.951318744155,-72161.83487916189,61795.23929524729,34339.24880999827,150364.1837804853,-20342.870317337143,66745.69815010269,6585.04665331947,90520.7621776078,150869.12940153395,-13266.45885258695,13867.388655462233,36042.82493644899,25239.286802971143,-6120.204246029955,31360.101691941472,-21045.97094910533,39398.36435239698,-7498.616283682239,-34516.49014662048,-57305.22686058598,-72163.19466769799,-18470.295169645404,-65012.146392832,111079.62267841834,89509.06445887298,1261.395366857272,-25217.973491182835,-35409.41861116371,67300.0814275809,24067.47248402316,-5754.6730878281505,31824.72946456157,77592.94707403652,270.7654216217028,81741.764803131,33599.257734456296,-55249.14947383771,-34101.203001520036,-172084.77049174538,-24569.330501825218,-11576.503634621205
7499.561540682131,-1041.5242143911746,76.35335973283068,-613.947437112667,-4349.292058712905,4445.324265945118,-1756.1094415318714,-3197.1336679382634,-2015.987037936145,-5571.136678965185,-1367.400447197682,-116.83880221371635,5236.779339614515,-9266.63643173838,-3861.5047398816573,6345.613906964537,-5434.017404154465,-3019.7541391916,-13222.1463078248,1788.6590129023605,-5869.220771305325,-579.1472164625859,-7959.606338991153,-13266.45885258695,1166.8239797242902,-1219.312575414354,-3169.3715593100737,-2219.5332313557174,538.0208494180612,-2757.6286531632945,1850.7544259543952,-3464.4083573068365,659.5296568625004,3035.221101961741,5039.282962409802,6345.443807919425,1623.8971163469107,5716.61815825906,-9767.84387190218,-7871.014945093719,-110.74153438460975,2217.8407524739605,3113.8054130154487,-5918.14655902348,-2116.544877266363,506.0071054907,-2798.3012455974704,-6823.210158235846,-23.83420364637174,-7187.9231732030885,-2954.36923721258,4858.141976220687,2998.693147216994,15132.14765412181,2160.282108657877,1017.9799327242324
-7838.197748044851,1089.1805211470744,-79.92253580831283,641.3381088493185,4545.789092950851,-4646.915499106706,1835.7361097572734,3341.879355856025,2107.275003025098,5822.966588806441,1429.7958090421653,122.72895684118214,-5474.288018460602,9686.49548239994,4036.2040259991218,-6632.736519443574,5679.743854642191,3156.0315759504315,13820.880222018915,-1869.9462813452367,6134.922428389532,605.1203474009139,8320.309777273105,13867.388655462233,-1219.312575414354,1275.197754673239,3312.5600683775538,2319.902596327321,-562.7288784538968,2882.4770540794602,-1934.0767760642832,3621.407970446506,-689.1159919740594,-3172.7084831763564,-5267.194802895351,-6632.776854901991,-1697.98665716032,-5975.189570527334,10209.609450010588,8226.754724325752,116.25187172593901,-2317.6053874655354,-3254.3700548919965,6185.300641753274,2211.8367826444273,-529.2250752841643,2925.8803495341103,7131.97505497753,24.801225726615485,7513.0371011013085,3088.2731763801894,-5078.152010138586,-3134.27771076557,-15816.82131634915,-2258.0485500821565,-1063.8451212045209
-20375.55145892942,2829.115234910019,-208.30498638150095,1668.555746392092,11816.66056751466,-12078.116543062537,4770.923766870174,8686.103263424797,5476.810015619185,15135.669251482232,3715.495401001232,317.0969723281487,-14227.609111754004,25177.0292150423,10491.451037813225,-17239.770603027155,14763.207796089562,8203.967370102804,35922.3417571595,-4860.033613481096,15945.523627798588,1573.2352155912436,21625.7403314858,36042.82493644899,-3169.3715593100737,3312.5600683775538,8611.033400836981,6029.660443109206,-1461.889513043124,7491.9436965140985,-5028.379834882716,9412.200827668348,-1791.4833232280341,-8245.94196720167,-13690.229085228037,-17240.11196784961,-4412.196394126871,-15532.191121043752,26537.33118046481,21384.310032818146,301.1579793244494,-6025.010324080791,-8459.611045746375,16078.933921970078,5749.978682674586,-1374.6092137906676,7602.315990130338,18537.141709938896,64.77779230927104,19528.579682862262,8027.099775068392,-13199.547463549028,-8146.9558203557235,-41112.02028156433,-5870.07723793798,-2765.9838261609625
-14267.471067523216,1981.6004636712494,-145.43123269967052,1168.054409868099,8274.35179138349,-8457.472660844689,3340.8942368514963,6082.437297970564,3835.372420167467,10598.792246626464,2601.989347890353,222.41320930920963,-9963.141468601485,17630.10559319109,7346.444987432822,-12072.20078548031,10338.005859045965,5744.734229745134,25154.99185756819,-3403.0507638526783,11166.118621149071,1101.5839115192207,15143.382396825036,25239.286802971143,-2219.5332313557174,2319.902596327321,6029.660443109206,4222.517339652264,-1023.7241605882978,5246.394496159881,-3520.9839998931643,6590.939197646552,-1254.4692961421686,-5774.34376589867,-9586.90938598914,-12072.319455666358,-3089.9293197001766,-10875.975288599766,18582.88822329728,14974.252615104793,210.8663437135152,-4218.936426457675,-5923.779236886357,11258.895477149752,4026.400837459813,-962.6923980240106,5324.079462554355,12980.845891444673,45.3344517869287,13674.930506033665,5620.822900448032,-9242.67205761494,-5704.8874709602815,-28788.581773054582,-4110.105872294592,-1936.5830641984364
3458.656949175269,-480.7358339100812,34.99056022487988,-282.7665059805619,-2005.9992868348618,2050.454304450011,-809.9644244305838,-1474.5091335911775,-929.9022772226034,-2569.9015085092756,-631.0222280992166,-54.16090648818786,2416.2230319178398,-4274.63887477837,-1781.0447261762456,2926.9589836073014,-2506.4609639990936,-1392.721031969022,-6099.358168696309,825.1778555821638,-2707.872657172822,-267.1680215140124,-3671.920279168512,-6120.204246029955,538.0208494180612,-562.7288784538968,-1461.889513043124,-1023.7241605882978,248.70422427515427,-1272.1660833863652,853.1352529166477,-1598.5258318406777,304.1474820331256,1400.2801110068626,2324.630883548712,2927.295729409344,749.8318139378797,2636.6675859307115,-4505.883796300403,-3630.6844435617454,-51.4206497351588,1022.3309247670193,1436.2129504036795,-2729.0946262343823,-976.1054934987797,233.5419979666498,-1291.5729821277114,-3147.420837452816,-10.862963055550727,-3315.538031798804,-1362.8410108728242,2240.7410814997147,1383.274023205833,6980.0107582333385,996.4143118796882,469.288429070158
-17727.284450337196,2462.103495276925,-180.72788389039798,1451.2890705990455,10280.925187955212,-10508.492995370054,4150.990249201575,7557.339992708971,4765.398362806654,13169.075468182238,3233.0966391018246,276.3102512102546,-12379.4318485521,21905.63462082314,9127.98036726974,-14999.671020131795,12844.967189311259,7137.7859001346915,31255.217801046063,-4228.3811082150305,13874.115152824543,1368.7298364461933,18815.897083833246,31360.101691941472,-2757.6286531632945,2882.4770540794602,7491.9436965140985,5246.394496159881,-1272.1660833863652,6518.698677015904,-4374.701278468899,8189.416406673483,-1558.6321466064117,-7174.661624261656,-11911.731667213398,-15000.085362993597,-3839.52259460654,-13513.522200100979,23089.37937717759,18605.62740133196,262.10812228851165,-5241.767901865284,-7360.309868687169,13989.041651036048,5002.755378069933,-1196.131627043997,6615.326249940063,16128.69693972003,56.29686280501312,16991.171878478308,6983.976058196691,-11484.069608878623,-7088.379369956653,-35769.96835878559,-5106.943721869825,-2406.1753930853374
11898.67595930334,-1651.7294976233093,121.99260671366828,-974.856579267026,-6900.391558367622,7053.111953964028,-2785.9591801653696,-5072.37985885542,-3198.1316774967777,-8838.09156716797,-2169.6208304162924,-184.9143687833368,8307.468538616899,-14701.901428831028,-6126.543671550702,10066.937571181494,-8620.855441939932,-4790.679204933914,-20976.086851996377,2837.9069973563496,-9310.591008494564,-918.5116533432969,-12627.89140638472,-21045.97094910533,1850.7544259543952,-1934.0767760642832,-5028.379834882716,-3520.9839998931643,853.1352529166477,-4374.701278468899,2936.8950562556192,-5495.5627642543805,1046.0408951294432,4814.802753785156,7993.943644997826,10066.942786512642,2575.868728978861,9070.264006242867,-15495.74283051962,-12487.009663257006,-175.5652927685514,3518.7524712422673,4939.909468700273,-9389.846275872833,-3357.701139882798,802.5317096948687,-4438.573195043337,-10824.360169180773,-37.973155950016455,-11403.579877061542,-4687.358325885169,7708.010429884424,4757.214925735012,24006.892306078567,3427.966025678752,1615.4176610593418
-22270.887849796396,3093.096108638335,-227.1036448396946,1823.0263694626224,12916.027857576542,-13201.887711591091,5215.015230683064,9494.316846815036,5986.659220950477,16544.51541845458,4061.3863710517567,347.18698333043005,-15552.517701451467,27520.08808977668,11467.581184488376,-18844.358563956564,16137.16214044047,8967.361586771674,39266.19107147772,-5312.35790615966,17430.294069249554,1719.7726942270988,23638.624660065416,39398.36435239698,-3464.4083573068365,3621.407970446506,9412.200827668348,6590.939197646552,-1598.5258318406777,8189.416406673483,-5495.5627642543805,10288.844052310378,-1958.2859619821936,-9013.8270344714,-14964.85650998271,-18844.77763806892,-4823.567599639763,-16977.00177915981,29007.589558426662,23374.488176356557,329.5536663435065,-6585.1758457880405,-9246.833319927298,17574.347671547923,6284.984386485421,-1502.8477380958086,8311.002247172997,20262.713785709788,70.61984079970873,21345.94144284848,8774.066124858955,-14427.5720489523,-8905.258220031275,-44938.16922093898,-6415.9175417065935,-3022.9824929718634
4239.1337542741085,-588.5411008060719,43.23538747179216,-347.0418109373997,-2458.43393284075,2512.615809742887,-992.6185036881496,-1807.1088223659704,-1139.40461990851,-3149.026874508335,-772.6678790287382,-65.9387741238737,2959.918215248032,-5237.686748067904,-2182.685210418532,3586.7844901309795,-3071.4547105642487,-1706.9510483054587,-7473.449697500297,1011.0651300024444,-3317.435189450415,-327.4647067085524,-4498.969358803113,-7498.616283682239,659.5296568625004,-689.1159919740594,-1791.4833232280341,-1254.4692961421686,304.1474820331256,-1558.6321466064117,1046.0408951294432,-1958.2859619821936,372.87542304561373,1715.6443416019702,2848.332774723442,3586.630454223727,917.7233457073712,3231.235854013569,-5521.152374765215,-4449.023892102122,-62.628369220892694,1253.6531471973294,1760.0688143505527,-3345.1929539126295,-1196.3876537752633,286.00515301675154,-1581.519573985211,-3856.6865637075184,-13.453976397292978,-4062.767910138036,-1669.9100080820986,2746.0170701148672,1694.9874357052383,8553.193195411246,1221.124363532343,575.4959464414984
19511.55189732023,-2709.843773616175,199.03621537447574,-1597.2325493653052,-11315.68094055762,11566.165015986502,-4568.921310952534,-8318.044312665383,-5244.9231735476715,-14494.4872268675,-3558.11971229188,-304.18528665219986,13625.29591075951,-24110.17340475852,-10046.73361514519,16509.498595203673,-14137.710791053463,-7856.291947231673,-34400.850922892234,4654.109719432388,-15270.378023287578,-1506.6358520530223,-20709.573957378027,-34516.49014662048,3035.221101961741,-3172.7084831763564,-8245.94196720167,-5774.34376589867,1400.2801110068626,-7174.661624261656,4814.802753785156,-9013.8270344714,1715.6443416019702,7896.910726015528,13110.587087287167,16509.68191686794,4225.663457244876,14873.49981801197,-25413.265926103864,-20478.186677360172,-288.6442200003977,5769.463952822986,8101.089249975992,-15397.008192980571,-5506.257656815743,1316.6438781431427,-7281.072194293594,-17752.059854190884,-61.90714206667088,-18701.06611248856,-7686.893444010259,12639.995832821354,7801.804765761501,39370.08458592053,5620.930160328141,2648.4847705455213
32393.74433614781,-4498.997667601442,330.19551569333447,-2651.9008737155846,-18786.678054227836,19202.305171529148,-7585.319110200557,-13809.797789155673,-8707.915549036034,-24064.329720091177,-5907.504892477851,-504.8781361130096,22621.136365111695,-40028.45671373193,-16679.833148396116,27409.50425302283,-23472.010675764737,-13043.274196694456,-57113.47494069063,7726.620918884303,-25352.520160501732,-2501.3019888880135,-34382.60524238495,-57305.22686058598,5039.282962409802,-5267.194802895351,-13690.229085228037,-9586.90938598914,2324.630883548712,-11911.731667213398,7993.943644997826,-14964.85650998271,2848.332774723442,13110.587087287167,21766.772174278456,27409.927388424676,7015.713171150971,24693.475963482535,-42192.03540008904,-33998.69202389434,-478.9320825236702,9578.711760270475,13449.792019165843,-25562.701298011325,-9141.82169432748,2185.7685791898157,-12088.184337051916,-29472.55841131931,-102.85183864380085,-31048.34973994878,-12761.92069789162,20985.120935537194,12952.839508310712,65363.509127081044,9331.943484737361,4396.972760257579
40793.44388190625,-5665.032569177653,416.5760325395321,-3340.026797869793,-23658.03538000009,24181.84783374809,-9552.043896232874,-17390.581087509552,-10965.508257315088,-30303.554476793863,-7439.433823034212,-635.5073576973432,28486.233708279953,-50407.84126910021,-21004.964157373404,34516.20835358804,-29557.804989873868,-16425.081483020007,-71921.7939367105,9730.397745660235,-31925.558058260798,-3149.6761493902945,-43297.83762931373,-72163.19466769799,6345.443807919425,-6632.776854901991,-17240.11196784961,-12072.319455666358,2927.295729409344,-15000.085362993597,10066.942786512642,-18844.77763806892,3586.630454223727,16509.68191686794,27409.927388424676,34517.095206976184,8834.653821019636,31096.905792660516,-53131.30633861964,-42813.912166376096,-603.2492642420274,12062.223508311507,16937.018826331216,-32191.159223072056,-11511.927294184594,2752.4062418387234,-15222.013104326628,-37113.95586273368,-129.5755018781373,-39098.71708641285,-16071.253809785654,26426.866613657687,16311.232870581232,82311.41765697778,11752.255055583539,5537.3748675220495
10439.200851418813,-1450.7275601866968,105.8090360789192,-854.1357454244838,-6054.479576208858,6188.675134480832,-2444.4799388515366,-4450.456906309277,-2806.736693595598,-7755.992614061506,-1904.8961236210466,-163.16759536935203,7291.77350807361,-12901.511131188217,-5375.510800392176,8833.708190787662,-7564.926125878714,-4203.352556939264,-18408.24633474329,2490.1660873391343,-8172.01587618144,-805.9684932914101,-11081.989164123152,-18470.295169645404,1623.8971163469107,-1697.98665716032,-4412.196394126871,-3089.9293197001766,749.8318139378797,-3839.52259460654,2575.868728978861,-4823.567599639763,917.7233457073712,4225.663457244876,7015.713171150971,8834.653821019636,2262.6260373363607,7958.260427201196,-13598.698190227997,-10957.653094628291,-154.61427564117355,3086.0936053336,4334.671445094679,-8237.583490331808,-2946.1079491044134,704.5551515361618,-3897.353530358515,-9499.013687335104,-33.03425888167651,-10006.990753057866,-4113.161260699577,6762.973350009845,4174.7188144333595,21066.391522451566,3007.4109598824602,1416.4801219309659
