V1,V2,V3,V4,V5,V6,V7,V8,V9,V10,V11,V12,V13,V14,V15,V16,V17,V18,V19,V20,V21,V22,V23,V24,V25,V26,V27,V28,V29,V30,V31,V32,V33,V34,V35,V36,V37,V38,V39,V40,V41,V42,V43,V44,V45,V46,V47,V48,V49,V50,V51,V52,V53,V54,V55,V56
1.0385242159957795,0.5301975300432102,0.16878223248160676,0.7879992993217289,0.16762446065850548,-1.5200966515627201,-0.5384632041966689,-0.0034142999955713064,1.133880863678461,0.17683762412195672,0.6571507595338159,-0.2694834285350703,1.3993911395912688,-0.4969774537101776,-0.8487656072945811,0.10352598023735597,-0.5577352756189159,0.161764047555951,0.4725010098223049,0.6226444849077571,-0.24835594104636233,0.21638771062524045,-0.24209664579002074,0.2894288143703346,0.21726334511703482,-0.5689838085419316,0.4908604294268462,1.1343510988156484,-0.7946415668255956,0.6844827963232231,1.027917795724481,0.6253005749127686,-0.7758311506336689,-0.019328251932475695,1.0011169718724344,1.0016817206310398,0.9486497001840944,-0.14664574633641822,-1.5851378383319565,-1.4949529034754114,0.2507522411947347,-0.6431643763750767,-0.810806121865528,-0.21180457615949966,-0.6627523486686656,0.47218984858392243,0.9985154876357301,-0.3636662965058004,0.055978594204274056,0.35036836861212706,1.0420756748088809,0.577109285485525,0.9694633208758162,0.11664405090768708,0.630583082558719,0.9994488403919807
0.5301975300432102,0.9657423266817132,-1.0635232120694118,0.07015490833288941,0.7731710274217862,0.903490258286303,1.5632595772099387,0.23254016090723278,-0.22040358141093228,0.24183862099674563,-0.46802158071644234,1.338811548062399,0.7835110653105986,-1.1295312495388654,-1.2253880189468762,-0.020328184803448168,2.1644209099445004,0.7390161188508647,1.1642325544484242,0.7103519916682769,0.5289869116084638,0.34484574622735126,0.35296138946729777,1.7938143393439026,0.7314410243730614,0.929071552729172,0.7846516015797639,1.0055338180326818,-0.7166427922767328,0.9122121204108882,-0.7141128376031163,0.9400772573077046,-2.429875945685157,3.1619276700434047,1.1176990058118526,0.3803764356873123,2.3222348991741555,0.36864987988477815,-0.4427696044279849,-1.238716942413506,0.4079908273624623,-0.8010809521483966,-0.7811139012056718,-1.568165003655038,-1.3526898988869402,1.9114704458167215,2.051771067130248,0.25524427246692805,-1.4155481311582785,-0.9966132021162837,1.1296810319361006,1.3763232762249595,0.5867324648772572,-1.088346298933475,1.260541312723181,0.6055540082647985
0.16878223248160676,-1.0635232120694118,2.072888630025321,0.7820935200985334,-1.0977918968005085,-3.1072332353123864,-3.2515380247016936,-0.39063442996625464,1.6662777992524245,-0.154873603468956,1.440373811462825,-2.6191851716346526,0.31032873877067113,1.2368881032580916,1.1183801163941673,0.11546065560189857,-4.230496545070288,-1.0021674350762335,-1.4580838967458303,-0.4141543026743805,-1.1712476668395875,-0.3098823752228164,-0.9831101728849062,-2.791200507548422,-1.1022605000065935,-2.291281698423353,-0.7765538820805359,-0.37877312956817166,0.41564293076858166,-0.7745645560135679,2.2734693348058226,-0.9467820111281988,3.1980200436780275,-5.3703310995016205,-0.8606169305633441,0.5314232271095864,-2.7691208426373497,-0.7417829429563102,-0.9460827487964311,0.5023365585915757,-0.5192119435757793,0.5007960269512864,0.36293078033232884,2.5191588019167837,1.6511273929012897,-2.674693749182855,-2.4760500557799676,-0.7898470961710319,2.4796443588364543,2.1158287001169565,-0.8227033391507987,-1.6197582708594624,0.06683924035370802,1.958894486131576,-1.3595183272570208,0.0826962376303415
0.7879992993217289,0.07015490833288941,0.7820935200985334,0.8335908010874291,-0.19218831497755556,-2.0185602075753004,-1.3778110429232984,-0.11612860374904369,1.3597597502746883,0.11084225360174957,0.8870412657412211,-1.0077311764586594,1.1725026997293915,-0.052325144607485864,-0.3043175477884268,0.09680565017138203,-1.6593012007105183,-0.14935438705625806,-0.08739230984839058,0.3818357294430403,-0.5355467123989235,0.08314683133651735,-0.5236827493848341,-0.6501994830984267,-0.2123353534352462,-1.1471493069283907,0.13735152458116373,0.7608428458840462,-0.4328720186119772,0.28355275003796876,1.4147953093032617,0.1627066977820421,0.3547045826377919,-1.6199209654879307,0.45562405128824107,0.9330636457658255,-0.07405730165486692,-0.31309550447753864,-1.438398149160708,-0.9373698751272795,-0.01352953433829978,-0.39062376255347203,-0.522147284966573,0.6388018732186542,0.04063547628360455,-0.43215503514117476,-0.04266821474184197,-0.48772552031267563,0.7927597937224846,0.9122040295073864,0.5036295300563282,-0.02504968466050426,0.736596046206557,0.6661289533978246,0.09510544965820625,0.7698473625916427
0.16762446065850548,0.7731710274217862,-1.0977918968005085,-0.19218831497755556,0.7084146289730764,1.4089335149924025,1.7208578049989656,0.2310340218156029,-0.5938030863304701,0.1842568589026921,-0.6884533897192135,1.405490263268788,0.31152255175168764,-0.9580617629881519,-0.9253021412150703,-0.05760832127081076,2.3251973423060637,0.6805152710585348,0.9886308680585446,0.5003964761752842,0.6045397061445231,0.27050035508050274,0.41886449045657453,1.6650536094330173,0.6393692785485443,1.0988641682467528,0.6099745184118487,0.6173319373110264,-0.4332767993603534,0.6711450543428616,-1.0547503919408354,0.713268983368765,-2.1408039700252317,3.1243515576628367,0.7601549283501086,0.04535668326032744,1.9817080266476597,0.4163778882943751,0.09935761316237818,-0.7154535805005094,0.30908011779521016,-0.5868997866687741,-0.503940857091523,-1.4665312517988938,-1.1035140538233343,1.7298218535267054,1.6790431043815,0.3772791663113993,-1.412547941480452,-1.0964487267874528,0.759293989134473,1.1698179672974438,0.25269251776928764,-1.11318999162575,1.0381940398478946,0.26237970587139586
-1.5200966515627201,0.903490258286303,-3.1072332353123864,-2.0185602075753004,1.4089335149924025,6.356186221244395,5.308824544296971,0.5705217209051018,-3.6892768625859724,0.06725609455738048,-2.919286033152837,4.042648569947582,-1.9854611742690418,-1.336935081495908,-0.6483344894933963,-0.31132825710707923,6.7969388108846704,1.3211312043241132,1.5310745394767769,-0.02987617766210573,1.972067015036255,0.22768947001345974,1.5802813157960272,3.607178080638917,1.2413029732646066,3.88371022331861,0.5548458064588575,-0.7097857498450466,0.4013839166243581,0.33102083203580307,-4.5432321482381,0.5913892148133749,-3.7677428662632053,7.781830718444817,0.0122635090729466,-1.860984792104493,3.002446240186315,1.2901517742710995,3.252293147753256,1.0597700927208542,0.3578261387557152,-0.10826170933192261,0.3634009023681647,-3.3041217644875287,-1.5262598341729043,3.3492841957009776,2.3091648363123367,1.5973124914614798,-3.6244590337962777,-3.4311181590521502,-0.087011036830196,1.7407910005011764,-1.2318890228299433,-2.957787625010437,1.3046097983512317,-1.277988996805413
-0.5384632041966689,1.5632595772099387,-3.2515380247016936,-1.3778110429232984,1.7208578049989656,5.308824544296971,5.249298675816,0.6228826091290648,-2.8413761171303338,0.25088057145336196,-2.473850747008899,4.160239472035656,-0.7096014811628799,-1.9532971205632923,-1.6107797657257188,-0.22657620033532722,6.846308510976539,1.6042839182476814,2.1990059777249464,0.6031611285959201,1.9019455163417551,0.47177704728285225,1.5148062691879516,4.298278810919752,1.6227655068858566,3.6763916017366602,1.1340463206117504,0.41777334116055775,-0.4342213090425784,1.0942653330106122,-3.862488846471901,1.3342432202589172,-4.945746774258248,8.50850867954403,1.1024167524025112,-0.993661806999688,4.2736679305622305,1.2396294712788767,1.8616705599735477,-0.4479028838442378,0.6913941981083108,-0.767561616155633,-0.45397064504039286,-3.872749339011441,-2.4082112205286443,4.166243737130656,3.633880545494308,1.3554327138719013,-3.9205110125722693,-3.3928214982808216,1.0407005486516139,2.5012230000941296,-0.31236744647735987,-3.12830923985878,2.081123581563845,-0.33341158727311404
-0.0034142999955713064,0.23254016090723278,-0.39063442996625464,-0.11612860374904369,0.2310340218156029,0.5705217209051018,0.6228826091290648,0.07919455628458584,-0.2754006757762234,0.04946495595345177,-0.27205749913438687,0.5005155913835252,0.014623348958077556,-0.28952454460021926,-0.26268733014737006,-0.02494002710375558,0.8280227792981937,0.21939421055468283,0.31065894431821306,0.12716778677437746,0.2228329099553822,0.07735991182677024,0.16526726259044594,0.5568840940859804,0.21068891124677896,0.4160981563640484,0.1780791038519023,0.13742321818939723,-0.10328953582010818,0.18675626223542527,-0.42102127041968745,0.20804619438353975,-0.681408163612206,1.0697669426014218,0.2015395393813125,-0.050748124752588004,0.6131248551919285,0.14869967043393736,0.1301693869368953,-0.1544550395088951,0.09579316019598896,-0.153527058229693,-0.11910757156533558,-0.49331862158035866,-0.34124577979657567,0.5604906435498874,0.5184494367759529,0.14991616819612588,-0.48791927652741063,-0.3984262396380661,0.19873845372695612,0.36023265215644207,0.026692138813164915,-0.38882779503738246,0.311853248269684,0.027550695741325463
1.133880863678461,-0.22040358141093228,1.6662777992524245,1.3597597502746883,-0.5938030863304701,-3.6892768625859724,-2.8413761171303338,-0.2754006757762234,2.337052704566973,0.093934649389505,1.649851535421126,-2.141638904915143,1.6661997834260367,0.32434363286811974,-0.07401889278952821,0.17115915567257448,-3.527120454922077,-0.5154384245658653,-0.551452067320426,0.3751771510603102,-1.0762237600952012,0.013631119406698035,-0.9818705851193767,-1.7023204173844322,-0.5991476808525881,-2.2259812497268516,-0.04751350754653609,0.9063072884694431,-0.4779804210653695,0.1507443295635832,2.613773471428393,-0.05360649101521756,1.4499317231593245,-3.8079114145045243,0.37345630149663334,1.4115159090377019,-0.951502112378777,-0.6560447943840018,-2.243947738939216,-1.130855843371502,-0.15422681779613134,-0.3534094415997515,-0.588481362463796,1.6038378460000324,0.5326611898585453,-1.3949859513853726,-0.7792639153765347,-0.9054703391712574,1.8144469159428724,1.8649569698560453,0.4488528063560218,-0.533286631479385,1.0211016683635923,1.4906134316012096,-0.29284845366073475,1.0686729755833524
0.17683762412195672,0.24183862099674563,-0.154873603468956,0.11084225360174957,0.1842568589026921,0.06725609455738048,0.25088057145336196,0.04946495595345177,0.093934649389505,0.09459349310021833,-0.06031237562180655,0.21348956357291637,0.3448874657432083,-0.3352175439105491,-0.34187980303357557,-0.00907908682854752,0.39685290136058315,0.19716148115956442,0.27875808829088466,0.2534463895078069,0.07928317310253431,0.10769338321377815,-0.00892528712157114,0.3551319282593354,0.12066501964704952,0.08424449096985606,0.212803022027518,0.3524558366223622,-0.18939565679199552,0.26039517806258783,-0.06757778522520996,0.2322305235796036,-0.5934802581161168,0.6306073163441702,0.29345694909598985,0.21237992742599965,0.6157717106030685,0.07815817322567047,-0.22844087214838493,-0.37734135787351347,0.0590119608222776,-0.2945281903725796,-0.27070529651329134,-0.2892524897204597,-0.29629592515020936,0.4493424569315129,0.46568814124471913,0.03360401492245182,-0.2667438152341116,-0.14234692837794183,0.3067350096860405,0.3684449074061477,0.21364663223256597,-0.21190569102532109,0.3535509904560345,0.2274108902481267
0.6571507595338159,-0.46802158071644234,1.440373811462825,0.8870412657412211,-0.6884533897192135,-2.919286033152837,-2.473850747008899,-0.27205749913438687,1.649851535421126,-0.06031237562180655,1.3517642148755096,-1.8836497381565613,0.8068598585981757,0.7060604102823377,0.3809480050466247,0.14720947559472103,-3.1930862547206935,-0.6571605936656393,-0.7618613542749132,-0.06071798350264414,-0.9152435040245406,-0.1340277213457283,-0.7012520607140759,-1.7166134728036104,-0.5814310674389136,-1.7754585289626899,-0.3051824347112437,0.22827978222223516,-0.14604576662247218,-0.21551450019521246,2.090818706370429,-0.3196990552359894,1.8653068817471936,-3.69335608650122,-0.06885320975788778,0.7852824679011465,-1.5298671937815422,-0.6115885367936397,-1.4286843007013468,-0.39573929472617025,-0.1643087408100083,0.1386502333371387,-0.09162965981272266,1.561627429489237,0.7553134618704688,-1.6376372618782007,-1.1506134594487858,-0.7391498990899006,1.7106421378958454,1.5905904669652668,-0.027706407084973756,-0.890827726598246,0.5089213739129661,1.39675648949657,-0.6892290712368776,0.5250155150768071
-0.2694834285350703,1.338811548062399,-2.6191851716346526,-1.0077311764586594,1.405490263268788,4.042648569947582,4.160239472035656,0.5005155913835252,-2.141638904915143,0.21348956357291637,-1.8836497381565613,3.330467212635429,-0.39823042587683183,-1.6134929685536372,-1.4134021571879678,-0.16080834392123905,5.431320249212238,1.2998204389640073,1.8434712634145807,0.5494042389980887,1.4999582246013308,0.4024977696798037,1.217040392404418,3.526442403099707,1.3642056359154442,2.90673916535505,0.9815358638540762,0.4795401155284537,-0.4813420279764719,0.9756847375224397,-2.9534105154809427,1.1754153881135985,-4.083386149245679,6.857581142780914,1.0470860136370599,-0.6779358461405376,3.551860119174873,0.9677976438483571,1.2663012711323647,-0.5841248173739786,0.6183442122440385,-0.6745214871336745,-0.4649552625401783,-3.176126887263205,-2.057532141283956,3.4165203334831356,3.096761221196975,1.0321097312395173,-3.158973409010171,-2.6961362777422777,1.0008527557477465,2.0801143254861074,-0.11339957012116897,-2.505047703029233,1.747884103135014,-0.12941126184929824
1.3993911395912688,0.7835110653105986,0.31032873877067113,1.1725026997293915,0.31152255175168764,-1.9854611742690418,-0.7096014811628799,0.014623348958077556,1.6661997834260367,0.3448874657432083,0.8068598585981757,-0.39823042587683183,2.168238837368241,-0.9458933351716378,-1.2996699840389392,0.10301256526281331,-0.6256944174392913,0.36407430438077093,0.7126221864070056,1.0659723435761563,-0.3344876973308506,0.3745649581814833,-0.498320109875572,0.3898247117932988,0.2004688365447265,-0.8954454434555591,0.7515557304999958,1.7676128008109813,-1.057400616300727,1.0400608663342301,1.3360195371557457,0.8727437831566135,-1.3077283212311626,0.13141611301269732,1.3830648409348012,1.5496012797199692,1.6292722518034732,-0.1276324391295999,-2.214040506055137,-2.120509217412995,0.22998084445622538,-1.160481535959049,-1.2847007614665158,-0.2423175429520847,-0.8825752469546535,0.8228438535953098,1.3761859566520285,-0.44899490015854726,0.04199016831792894,0.5080919512778609,1.4566824559383624,0.9949670668873086,1.4002525915338417,0.10344999155412403,1.0719511393839107,1.4632966519438266
-0.4969774537101776,-1.1295312495388654,1.2368881032580916,-0.052325144607485864,-0.9580617629881519,-1.336935081495908,-1.9532971205632923,-0.28952454460021926,0.32434363286811974,-0.3352175439105491,0.7060604102823377,-1.6134929685536372,-0.9458933351716378,1.4825552703250817,1.4606357791797393,0.059241735019196384,-2.7488981082419643,-0.9613287294411358,-1.3703721693337658,-0.9238999302911769,-0.6625283385585241,-0.4401993708684064,-0.3290303738990219,-2.095213570947017,-0.7811301879486809,-1.0983842114913247,-0.9313739378525733,-1.2119234563583265,0.737968978502211,-1.0769611800964571,1.0282180162111338,-1.056673489146231,2.9819096527108777,-3.896168070176279,-1.2264282074873394,-0.4615944257097009,-2.8930263744149687,-0.5143772892742527,0.3733552868777925,1.3557752210404557,-0.3778725399047793,1.0731702664266602,0.9545298868048248,1.8206233300021126,1.5207025286317108,-2.3516684182451866,-2.3356982860430238,-0.3788192423630027,1.7238787916955327,1.22027369893996,-1.241993151847121,-1.722190587416161,-0.6361949686147892,1.3435969329051274,-1.5777646248797912,-0.6689919256788698
-0.8487656072945811,-1.2253880189468762,1.1183801163941673,-0.3043175477884268,-0.9253021412150703,-0.6483344894933963,-1.6107797657257188,-0.26268733014737006,-0.07401889278952821,-0.34187980303357557,0.3809480050466247,-1.4134021571879678,-1.2996699840389392,1.4606357791797393,1.618980639986153,0.00590215463308204,-2.305425102852248,-0.9033000740570178,-1.4311629852517993,-1.0094834383552602,-0.5259922480352895,-0.460761203455885,-0.2822592437474439,-2.0649671250242463,-0.8419089520566052,-0.8564398166793694,-1.0195942118338517,-1.4671325368498187,0.9902913557090736,-1.2173962959648492,0.553979821762243,-1.2087500785541174,2.970643122961084,-3.559767074705136,-1.5025011573566294,-0.7293644806356284,-2.919297659104458,-0.39519111534495244,0.909396360279662,1.780459538352215,-0.4854737481738414,1.1335953700795067,1.1237821693509429,1.786868877131051,1.6670037222585548,-2.2973205690155045,-2.538682661586812,-0.20417655796468326,1.5711204040704232,1.0139733263208717,-1.5293523929984274,-1.7373974717593208,-0.9202244790356678,1.1942025147823716,-1.6225413814346221,-0.9545550866966821
0.10352598023735597,-0.020328184803448168,0.11546065560189857,0.09680565017138203,-0.05760832127081076,-0.31132825710707923,-0.22657620033532722,-0.02494002710375558,0.17115915567257448,-0.00907908682854752,0.14720947559472103,-0.16080834392123905,0.10301256526281331,0.059241735019196384,0.00590215463308204,0.022221920521212066,-0.2976899698296789,-0.061158465277958055,-0.05086181543188239,0.0015110508349631619,-0.08705274502213756,-0.009331939281267538,-0.05250818390122115,-0.12858445876469982,-0.026947618865039397,-0.15682570523405315,-0.011767435430783053,0.046304715642516134,-0.050057052960977205,0.0017771092147494485,0.2219552078874342,-6.482604641334813e-4,0.14102491819935098,-0.3136647221940219,0.03916459938430629,0.09144711461892824,-0.11429815127997991,-0.06165821954383346,-0.18393334675954676,-0.09308837750859068,0.009444387835332487,0.011743805756872849,-0.024736464720048115,0.10988298990588712,0.028245380031782744,-0.1287914549191043,-0.05005908314398194,-0.08267050827569446,0.14384670107531503,0.13878560841432586,0.040220940842226036,-0.06565004295895613,0.07753157634654462,0.12776719314700516,-0.04817922132117377,0.0773303222561622
-0.5577352756189159,2.1644209099445004,-4.230496545070288,-1.6593012007105183,2.3251973423060637,6.7969388108846704,6.846308510976539,0.8280227792981937,-3.527120454922077,0.39685290136058315,-3.1930862547206935,5.431320249212238,-0.6256944174392913,-2.7488981082419643,-2.305425102852248,-0.2976899698296789,8.989687136691092,2.192877838221153,2.997974678197008,0.9704185136762007,2.4714223173390915,0.6844787428899209,1.8985167161608676,5.710124289047675,2.136779818084694,4.714953320607971,1.6007891149225055,0.8063306000424146,-0.6845111936053805,1.5870662833429594,-4.958421323463738,1.8624188862376212,-6.730550833321941,11.27058888828499,1.6124163288823654,-1.0893155867893947,5.902456261983522,1.63770457121918,2.1930921223729776,-0.8486733077860779,0.9084185708305336,-1.215248261393157,-0.7891517959912534,-5.119572254052034,-3.2678398978526326,5.630192309260242,4.948850736484361,1.7492100423539496,-5.172023083426732,-4.406545569088246,1.544936627381501,3.4617832440503995,-0.23473195704825353,-4.128174393274686,2.918034538302197,-0.249364544503537
0.161764047555951,0.7390161188508647,-1.0021674350762335,-0.14935438705625806,0.6805152710585348,1.3211312043241132,1.6042839182476814,0.21939421055468283,-0.5154384245658653,0.19716148115956442,-0.6571605936656393,1.2998204389640073,0.36407430438077093,-0.9613287294411358,-0.9033000740570178,-0.061158465277958055,2.192877838221153,0.6690076067365345,0.9397642901815123,0.5230500950980566,0.5615463376723808,0.2726013433806314,0.34742386137377146,1.5510443438789236,0.5748256130170755,0.9904675173030071,0.5914795621816409,0.6367314036817735,-0.4040358107193215,0.6559867951588476,-0.9893404503539563,0.6741181725538324,-2.060014924759489,2.948182295618692,0.721246372162258,0.09487016149417271,1.9337805090509732,0.40452871708035437,0.06585882955551008,-0.6992798625978922,0.26346154641113056,-0.6190692068670325,-0.5183753497753821,-1.3576798382524644,-1.0287594533393243,1.657923894448118,1.5757692830174397,0.3588490130762604,-1.3236072305904465,-1.0120962377098301,0.7241676293960175,1.1445535033755285,0.26238411766932257,-1.0475886321783603,1.0230410040959586,0.2767653108170347
0.4725010098223049,1.1642325544484242,-1.4580838967458303,-0.08739230984839058,0.9886308680585446,1.5310745394767769,2.1990059777249464,0.31065894431821306,-0.551452067320426,0.27875808829088466,-0.7618613542749132,1.8434712634145807,0.7126221864070056,-1.3703721693337658,-1.4311629852517993,-0.05086181543188239,2.997974678197008,0.9397642901815123,1.4471500347573094,0.7920542813667149,0.7618343222267324,0.4060202475054793,0.5387124606659146,2.3304054403182355,0.9309472270315904,1.3710246175640468,0.9316882179833343,1.0733579408993723,-0.7795937487053383,1.0566819495663786,-1.1748022346756217,1.1129715469398427,-3.045565088478859,4.200102373428324,1.2617006021418935,0.26870514292355363,2.8571595216431027,0.5152465627260518,-0.22927853713838633,-1.307553337323067,0.49482381278946985,-0.9060178201125372,-0.8496455948847017,-2.03983413927126,-1.6535301726720837,2.4270298876178487,2.509673224238901,0.42080186429384436,-1.8939116598186243,-1.4020965171982576,1.271646299780304,1.6873496773023018,0.5592018269255636,-1.4786063350473329,1.5225911730538302,0.5771770147730458
0.6226444849077571,0.7103519916682769,-0.4141543026743805,0.3818357294430403,0.5003964761752842,-0.02987617766210573,0.6031611285959201,0.12716778677437746,0.3751771510603102,0.2534463895078069,-0.06071798350264414,0.5494042389980887,1.0659723435761563,-0.9238999302911769,-1.0094834383552602,0.0015110508349631619,0.9704185136762007,0.5230500950980566,0.7920542813667149,0.7236801721918453,0.17706019757864153,0.3028720174761583,-0.026873410312655235,0.9901761896962519,0.37566547064406053,0.17805044049444937,0.6206627872160219,1.054395958586474,-0.6209715957478777,0.7698505571039665,-0.034751416999301725,0.7032353410151373,-1.6558399317802706,1.675048697329797,0.9248395556846319,0.6720229801528154,1.7227585897006985,0.18190515774867214,-0.8209584792346143,-1.2049269628528476,0.21538062590944518,-0.8209616784055648,-0.7989981193237092,-0.8247628692880131,-0.8943958457242197,1.2416161629895877,1.3854543223310833,0.028929058619273286,-0.7080381929612718,-0.35174477106901786,0.9563475460519282,1.0333113526747186,0.6905062079379656,-0.5358525107805049,0.9970516097568164,0.7255008314117096
-0.24835594104636233,0.5289869116084638,-1.1712476668395875,-0.5355467123989235,0.6045397061445231,1.972067015036255,1.9019455163417551,0.2228329099553822,-1.0762237600952012,0.07928317310253431,-0.9152435040245406,1.4999582246013308,-0.3344876973308506,-0.6625283385585241,-0.5259922480352895,-0.08705274502213756,2.4714223173390915,0.5615463376723808,0.7618343222267324,0.17706019757864153,0.6934818275364204,0.15530817877738945,0.5593394808986111,1.5225226889054937,0.5696481840775681,1.3453500888151098,0.37777720022227385,0.08480959130419671,-0.1138627302695848,0.35277097455776313,-1.431786811610619,0.4437285927182665,-1.718841461377928,3.033614564987893,0.33891860560440246,-0.41335238572510535,1.4671652847799581,0.4472078734125264,0.7518610248835232,-0.07713513716345183,0.23616136059679366,-0.234028318544569,-0.11594399741684248,-1.370866898707681,-0.8245726461964261,1.4579377652124994,1.2449105150820494,0.50367734077384,-1.4015567829213693,-1.2283839340339997,0.31638995261635044,0.8564362781358337,-0.1652019450212207,-1.1252889376257285,0.7042392651804565,-0.1742138838058735
0.21638771062524045,0.34484574622735126,-0.3098823752228164,0.08314683133651735,0.27050035508050274,0.22768947001345974,0.47177704728285225,0.07735991182677024,0.013631119406698035,0.10769338321377815,-0.1340277213457283,0.4024977696798037,0.3745649581814833,-0.4401993708684064,-0.460761203455885,-0.009331939281267538,0.6844787428899209,0.2726013433806314,0.4060202475054793,0.3028720174761583,0.15530817877738945,0.1370576881032927,0.06254504717168125,0.5797121410766414,0.22115666692358474,0.23869024087747773,0.29030782499111585,0.42264730794530975,-0.2607068209359465,0.34569823846149067,-0.1878310428976911,0.33269375127189543,-0.8606523529985687,1.0317929557809513,0.4074402721111455,0.21067423700303983,0.8540515499444453,0.1248703506885679,-0.23140466568183465,-0.4845569424842596,0.1171796788096886,-0.34688141550517404,-0.3263700388742586,-0.4959435333852322,-0.4560373402265123,0.6662775894884637,0.7014134133727191,0.07228676941145666,-0.45162881287216206,-0.2906058950919954,0.4169757575898462,0.5090186528549682,0.25124971681004343,-0.3495057850928245,0.47597333493863575,0.2634913980110927
-0.24209664579002074,0.35296138946729777,-0.9831101728849062,-0.5236827493848341,0.41886449045657453,1.5802813157960272,1.5148062691879516,0.16526726259044594,-0.9818705851193767,-0.00892528712157114,-0.7012520607140759,1.217040392404418,-0.498320109875572,-0.3290303738990219,-0.2822592437474439,-0.05250818390122115,1.8985167161608676,0.34742386137377146,0.5387124606659146,-0.026873410312655235,0.5593394808986111,0.06254504717168125,0.5602565962357652,1.193814340587513,0.4972292422811697,1.1656386085729706,0.22313704606973242,-0.12736752102163212,-0.06492235551870094,0.1779995093057955,-1.143834616070867,0.30647750767031245,-1.1629462246842481,2.2978312806236665,0.2032724056708948,-0.4934029882607526,0.9018813503593793,0.314110701149937,0.7109349376154446,0.06948484532573816,0.2425058780483537,0.0225407029794536,0.05995197442446352,-1.0979107074348358,-0.6290525530819269,1.0160617385752373,0.9226701789609323,0.3895566175245626,-1.0881844933581772,-1.0044686043109394,0.1747412531132752,0.516297939957626,-0.22981429402220216,-0.8647943767562,0.39171194532570996,-0.25171890555048776
0.2894288143703346,1.7938143393439026,-2.791200507548422,-0.6501994830984267,1.6650536094330173,3.607178080638917,4.298278810919752,0.5568840940859804,-1.7023204173844322,0.3551319282593354,-1.7166134728036104,3.526442403099707,0.3898247117932988,-2.095213570947017,-2.0649671250242463,-0.12858445876469982,5.710124289047675,1.5510443438789236,2.3304054403182355,0.9901761896962519,1.5225226889054937,0.5797121410766414,1.193814340587513,4.078441268611643,1.621312866286396,2.87583933845931,1.3804133753484416,1.2104529461574682,-0.9858672464215117,1.4877084115704673,-2.687251967410487,1.6647415068548121,-4.994117638527928,7.592667831864311,1.7309046214301989,-0.1581521122397496,4.513764203250259,0.9905515738750064,0.49321110012043673,-1.5075262364376478,0.8144482099447407,-1.1519225434414337,-1.0042923054620183,-3.6248273853794157,-2.6523764514410098,4.072394520588879,4.003438676229625,0.9447569705192433,-3.467070100199159,-2.7720160563925393,1.7122666596337746,2.653879780389644,0.4379272264655373,-2.7243110374447035,2.3197979341374992,0.44182960935179505
0.21726334511703482,0.7314410243730614,-1.1022605000065935,-0.2123353534352462,0.6393692785485443,1.2413029732646066,1.6227655068858566,0.21068891124677896,-0.5991476808525881,0.12066501964704952,-0.5814310674389136,1.3642056359154442,0.2004688365447265,-0.7811301879486809,-0.8419089520566052,-0.026947618865039397,2.136779818084694,0.5748256130170755,0.9309472270315904,0.37566547064406053,0.5696481840775681,0.22115666692358474,0.4972292422811697,1.621312866286396,0.6859337437906934,1.1102261233401094,0.5587300507026685,0.5076869294514738,-0.4683902841468954,0.6108871188959165,-0.9334508847056704,0.7025144082852665,-1.9452766300923992,2.9180315398604804,0.7662234320772093,-0.026283980167965394,1.7463374627814907,0.35136973313298436,0.05943967792623108,-0.7048039204503355,0.37835187310095,-0.41863152304314577,-0.4101275643766284,-1.4540030910992021,-1.106985195469801,1.5794822682856307,1.654178771669606,0.3188805335134856,-1.339954141165274,-1.0629456845078542,0.7552961141251274,1.0257040568761238,0.2373601025529907,-1.0337426008204451,0.8981621033246485,0.2339845283556338
-0.5689838085419316,0.929071552729172,-2.291281698423353,-1.1471493069283907,1.0988641682467528,3.88371022331861,3.6763916017366602,0.4160981563640484,-2.2259812497268516,0.08424449096985606,-1.7754585289626899,2.90673916535505,-0.8954454434555591,-1.0983842114913247,-0.8564398166793694,-0.15682570523405315,4.714953320607971,0.9904675173030071,1.3710246175640468,0.17805044049444937,1.3453500888151098,0.23869024087747773,1.1656386085729706,2.87583933845931,1.1102261233401094,2.681300671409796,0.6337266402708285,-0.05338477265476181,-0.14868975070955603,0.5553269931422787,-2.809154078391223,0.7738753529957749,-3.0924589286154496,5.728068938039946,0.5406302726428451,-0.9711617693064861,2.556634018701746,0.8388045241277877,1.616036407917594,0.037317939478404796,0.47635944342979814,-0.2533149051308424,-0.0573463400347699,-2.6209933105743395,-1.5189068768918694,2.657210272640109,2.2694430001562904,0.9748380081542435,-2.667911512989098,-2.39917349511433,0.4818415325151215,1.4858851934441335,-0.4476467094783858,-2.130139275960145,1.1867250680678152,-0.4789758621380906
0.4908604294268462,0.7846516015797639,-0.7765538820805359,0.13735152458116373,0.6099745184118487,0.5548458064588575,1.1340463206117504,0.1780791038519023,-0.04751350754653609,0.212803022027518,-0.3051824347112437,0.9815358638540762,0.7515557304999958,-0.9313739378525733,-1.0195942118338517,-0.011767435430783053,1.6007891149225055,0.5914795621816409,0.9316882179833343,0.6206627872160219,0.37777720022227385,0.29030782499111585,0.22313704606973242,1.3804133753484416,0.5587300507026685,0.6337266402708285,0.6476595957512062,0.8907073074451801,-0.6092084599140887,0.7645676247783844,-0.45455168587498646,0.7688862809406918,-1.936429826682737,2.404112771757774,0.9356912575109367,0.4011569107737223,1.8819953604826463,0.2736144438009603,-0.4833939096166667,-1.0797795694005807,0.31575621014546024,-0.700296097397816,-0.6867224056263669,-1.1953050784465196,-1.077476625466919,1.5083596385299594,1.6405211749177904,0.16661110195294615,-1.0673581210735414,-0.7152550831626534,0.9517276748445594,1.117378023970695,0.5404200238571132,-0.8196885844741362,1.035747000073101,0.5604463214636899
1.1343510988156484,1.0055338180326818,-0.37877312956817166,0.7608428458840462,0.6173319373110264,-0.7097857498450466,0.41777334116055775,0.13742321818939723,0.9063072884694431,0.3524558366223622,0.22827978222223516,0.4795401155284537,1.7676128008109813,-1.2119234563583265,-1.4671325368498187,0.046304715642516134,0.8063306000424146,0.6367314036817735,1.0733579408993723,1.054395958586474,0.08480959130419671,0.42264730794530975,-0.12736752102163212,1.2104529461574682,0.5076869294514738,-0.05338477265476181,0.8907073074451801,1.6419581668662262,-1.0281440950796423,1.1375949386514344,0.41845554516984523,1.042240377807331,-2.136036133379201,1.806976821059356,1.4464226123881083,1.165307574466153,2.281471075444931,0.1282008934607215,-1.5887193914714295,-1.9661940904167545,0.34917892975849835,-1.1686032206075045,-1.2228230093425574,-0.9901584761558317,-1.2660709172601425,1.5531331858829225,1.9493744066974092,-0.12842112451651988,-0.7442550818363614,-0.22592323082547833,1.501270594508475,1.370170667294741,1.1761410757689585,-0.5352736947568468,1.355295640781563,1.2274148493345425
-0.7946415668255956,-0.7166427922767328,0.41564293076858166,-0.4328720186119772,-0.4332767993603534,0.4013839166243581,-0.4342213090425784,-0.10328953582010818,-0.4779804210653695,-0.18939565679199552,-0.14604576662247218,-0.4813420279764719,-1.057400616300727,0.737968978502211,0.9902913557090736,-0.050057052960977205,-0.6845111936053805,-0.4040358107193215,-0.7795937487053383,-0.6209715957478777,-0.1138627302695848,-0.2607068209359465,-0.06492235551870094,-0.9858672464215117,-0.4683902841468954,-0.14868975070955603,-0.6092084599140887,-1.0281440950796423,0.7555184599381052,-0.7662692307155659,-0.2235466852150286,-0.7623515714480846,1.4917420119289,-1.4241656373428173,-1.0414179311390954,-0.6732141500550451,-1.5186692374035402,-0.07941755748635976,1.0312601032436324,1.346970253892099,-0.3395760700983902,0.6638244400636825,0.7606036809003337,0.8427262738030938,0.9783125831536328,-1.1031557146905222,-1.4739832942238071,0.08034056789234477,0.6188688018532906,0.2786523184425522,-1.0675837476366608,-0.9053401381346861,-0.7697893743661435,0.4358426633322101,-0.8800957716168256,-0.7910829814632289
0.6844827963232231,0.9122121204108882,-0.7745645560135679,0.28355275003796876,0.6711450543428616,0.33102083203580307,1.0942653330106122,0.18675626223542527,0.1507443295635832,0.26039517806258783,-0.21551450019521246,0.9756847375224397,1.0400608663342301,-1.0769611800964571,-1.2173962959648492,0.0017771092147494485,1.5870662833429594,0.6559867951588476,1.0566819495663786,0.7698505571039665,0.35277097455776313,0.34569823846149067,0.1779995093057955,1.4877084115704673,0.6108871188959165,0.5553269931422787,0.7645676247783844,1.1375949386514344,-0.7662692307155659,0.9210310135074093,-0.3071380563095285,0.9083197396994679,-2.170243584924376,2.516725125069353,1.1448607920148146,0.6016158665828313,2.1496020061466274,0.26678566634794854,-0.7740337379427656,-1.3833010268312314,0.36183148710257745,-0.8619286492850077,-0.8671293165423016,-1.2778962454585945,-1.2327606025690712,1.6669894916355938,1.8793049927623258,0.11683486854037765,-1.1064334706996226,-0.6843658165416674,1.1700983178418722,1.2793636257078405,0.7325789045492213,-0.840021728793342,1.2035893315145987,0.760440274837295
1.027917795724481,-0.7141128376031163,2.2734693348058226,1.4147953093032617,-1.0547503919408354,-4.5432321482381,-3.862488846471901,-0.42102127041968745,2.613773471428393,-0.06757778522520996,2.090818706370429,-2.9534105154809427,1.3360195371557457,1.0282180162111338,0.553979821762243,0.2219552078874342,-4.958421323463738,-0.9893404503539563,-1.1748022346756217,-0.034751416999301725,-1.431786811610619,-0.1878310428976911,-1.143834616070867,-2.687251967410487,-0.9334508847056704,-2.809154078391223,-0.45455168587498646,0.41845554516984523,-0.2235466852150286,-0.3071380563095285,3.2543276190788912,-0.49343561311632433,2.847054701681148,-5.730466988095101,-0.0985889430045402,1.28112000601822,-2.2987717980684272,-0.9355596051533964,-2.2545036425104477,-0.6469675517732497,-0.2859601230541541,0.13992339888862648,-0.19251461318202187,2.45115150861561,1.183780665164093,-2.5106470705211272,-1.7924062462746533,-1.145779841176424,2.664979422180833,2.4935167040777686,-0.031531221031933336,-1.3339883012333271,0.820042139686363,2.172935231826142,-1.0183513885615996,0.8507143658871306
0.6253005749127686,0.9400772573077046,-0.9467820111281988,0.1627066977820421,0.713268983368765,0.5913892148133749,1.3342432202589172,0.20804619438353975,-0.05360649101521756,0.2322305235796036,-0.3196990552359894,1.1754153881135985,0.8727437831566135,-1.056673489146231,-1.2087500785541174,-6.482604641334813e-4,1.8624188862376212,0.6741181725538324,1.1129715469398427,0.7032353410151373,0.4437285927182665,0.33269375127189543,0.30647750767031245,1.6647415068548121,0.7025144082852665,0.7738753529957749,0.7688862809406918,1.042240377807331,-0.7623515714480846,0.9083197396994679,-0.49343561311632433,0.9355749937821425,-2.275048892106803,2.8348764171969103,1.1474156142256906,0.4613659892178444,2.191502732072972,0.30264435261821254,-0.6145640315016622,-1.3179297947490012,0.4171384349764253,-0.7811368603628438,-0.799155439251074,-1.4508165237775696,-1.3173832033578805,1.7721364126904242,1.9929233598546707,0.1753806968474908,-1.2670403639526042,-0.8533095174476145,1.1635519175236375,1.298934265975038,0.6564682884727512,-0.9635879522974434,1.2019336326675432,0.6754284268571245
-0.7758311506336689,-2.429875945685157,3.1980200436780275,0.3547045826377919,-2.1408039700252317,-3.7677428662632053,-4.945746774258248,-0.681408163612206,1.4499317231593245,-0.5934802581161168,1.8653068817471936,-4.083386149245679,-1.3077283212311626,2.9819096527108777,2.970643122961084,0.14102491819935098,-6.730550833321941,-2.060014924759489,-3.045565088478859,-1.6558399317802706,-1.718841461377928,-0.8606523529985687,-1.1629462246842481,-4.994117638527928,-1.9452766300923992,-3.0924589286154496,-1.936429826682737,-2.136036133379201,1.4917420119289,-2.170243584924376,2.847054701681148,-2.275048892106803,6.5479129356377905,-9.242751833324927,-2.518095293047476,-0.41208080413429954,-6.12814949022845,-1.1984559133150037,0.1358186377536373,2.5217442299848,-0.9761062073937224,1.91768345088551,1.7122307524664269,4.394747961568864,3.440260680090481,-5.249223541169182,-5.230802547204251,-1.017246964385282,4.163912373354409,3.1517066366636866,-2.5230405348725777,-3.624702357468493,-1.0104650786004559,3.2552995821514457,-3.248427468564359,-1.0470817875437142
-0.019328251932475695,3.1619276700434047,-5.3703310995016205,-1.6199209654879307,3.1243515576628367,7.781830718444817,8.50850867954403,1.0697669426014218,-3.8079114145045243,0.6306073163441702,-3.69335608650122,6.857581142780914,0.13141611301269732,-3.896168070176279,-3.559767074705136,-0.3136647221940219,11.27058888828499,2.948182295618692,4.200102373428324,1.675048697329797,3.033614564987893,1.0317929557809513,2.2978312806236665,7.592667831864311,2.9180315398604804,5.728068938039946,2.404112771757774,1.806976821059356,-1.4241656373428173,2.516725125069353,-5.730466988095101,2.8348764171969103,-9.242751833324927,14.592204957351758,2.76705728572614,-0.7366345690401462,8.285522217407658,2.0235683650161653,1.769933480694612,-2.110350028787167,1.348567187863391,-2.0042321036990445,-1.5666790305836205,-6.780338534347107,-4.683813277164937,7.613040357724789,7.08727325226806,2.0188423628707732,-6.664734095791702,-5.476700175268402,2.704905691252013,4.87404995164984,0.3500952702585737,-5.266774741426026,4.2047239140256965,0.3504122234552595
1.0011169718724344,1.1176990058118526,-0.8606169305633441,0.45562405128824107,0.7601549283501086,0.0122635090729466,1.1024167524025112,0.2015395393813125,0.37345630149663334,0.29345694909598985,-0.06885320975788778,1.0470860136370599,1.3830648409348012,-1.2264282074873394,-1.5025011573566294,0.03916459938430629,1.6124163288823654,0.721246372162258,1.2617006021418935,0.9248395556846319,0.33891860560440246,0.4074402721111455,0.2032724056708948,1.7309046214301989,0.7662234320772093,0.5406302726428451,0.9356912575109367,1.4464226123881083,-1.0414179311390954,1.1448607920148146,-0.0985889430045402,1.1474156142256906,-2.518095293047476,2.76705728572614,1.497628341304609,0.831013124773879,2.50364250374317,0.2438402087920746,-1.1974083024399904,-1.8509449373148632,0.49914585125214667,-1.0089642941765993,-1.0868355409528527,-1.4975483879245433,-1.535416646545974,1.9120450511597653,2.320200319332588,0.034246371366525544,-1.2178702105949384,-0.7043076424275493,1.5266658744165644,1.4905594624396243,1.006538250972053,-0.894715544552413,1.415087664376117,1.036010825848062
1.0016817206310398,0.3803764356873123,0.5314232271095864,0.9330636457658255,0.04535668326032744,-1.860984792104493,-0.993661806999688,-0.050748124752588004,1.4115159090377019,0.21237992742599965,0.7852824679011465,-0.6779358461405376,1.5496012797199692,-0.4615944257097009,-0.7293644806356284,0.09144711461892824,-1.0893155867893947,0.09487016149417271,0.26870514292355363,0.6720229801528154,-0.41335238572510535,0.21067423700303983,-0.4934029882607526,-0.1581521122397496,-0.026283980167965394,-0.9711617693064861,0.4011569107737223,1.165307574466153,-0.6732141500550451,0.6016158665828313,1.28112000601822,0.4613659892178444,-0.41208080413429954,-0.7366345690401462,0.831013124773879,1.1553633366278648,0.6992765907143277,-0.20414732053401258,-1.6861245092333406,-1.3977296517139595,0.08402309528375404,-0.7219010193551737,-0.8327214984856823,0.2153496945247042,-0.3622119372697141,0.1571303287598862,0.5776353932965225,-0.43607295754238345,0.4105615571557548,0.6763217163709762,0.8865015459741304,0.43839525884622976,0.9830441671626559,0.376119209061727,0.5314233245544868,1.0284279427931589
