V1,V2,V3,V4,V5,V6,V7,V8,V9,V10,V11,V12,V13,V14,V15,V16,V17,V18,V19,V20,V21,V22,V23,V24,V25,V26,V27,V28,V29,V30,V31,V32,V33,V34,V35,V36,V37,V38,V39,V40,V41,V42,V43,V44,V45,V46,V47,V48,V49,V50,V51,V52,V53,V54,V55,V56
0.7370892124034367,-0.12900616662027417,0.02791792240633617,0.046367672718030155,-0.4094990327588759,0.45155928889638863,-0.010925170698516557,-0.26114123117489035,-0.344381423183065,-0.4416699619527882,0.028400852132311444,0.14295348757676288,0.3756683122826389,-0.7556596365228493,-0.6973404325899318,0.7198548717322283,-0.3536785126080885,-0.36048961821638814,-1.0118737021813444,0.19241550153835604,-0.5433836479074733,-0.017566891854026868,-0.9360099632936264,-0.8814080724086436,0.3844273004171634,-0.267458352138179,-0.399290715278192,-0.16742632698926288,-0.20055731072059216,-0.001159491347505724,0.26876621824247177,-0.28155391300839344,-0.11334581537832876,0.40632242244855293,0.3662801151071517,0.28526874323147666,0.4369222373058151,0.3914640760637267,-0.8806995663483056,-0.4839321606447726,0.08537319694165768,0.2828292012012992,0.07258703284983915,-0.701223050323525,-0.16218539274144975,-0.14993820124374088,-0.1010487275006361,-0.32772215262089216,0.12362267287410213,-0.6873876338356798,-0.19403836904007363,0.4478987916799242,0.13653099912204159,0.8003547684806568,0.3456571250234615,0.04008807777730199
-0.12900616662027417,0.3926721570184741,-0.3946334304712212,-0.4447307634280058,0.23886888404852624,0.2546300404839295,0.689831105090621,0.28841099457866487,-0.032854287783549346,0.08984219764108269,-0.7867241574032603,0.5450880170365634,0.10331607609566247,-0.42730973681370066,0.16253078937415472,-0.5814259785581771,0.6149760446620913,0.47199622791412826,0.4299320615757309,-0.11851715593482764,0.1794952252801075,0.23236937341677857,0.367521058542369,0.7509384637425915,-0.2293643450708858,0.8171971376002755,0.18446291810495877,0.170644557204329,-0.0081887596315752,-0.10176935736768483,-0.1168516524962337,0.500314162585426,-0.6711020391247682,0.4534621958553245,0.10615295453609762,0.33107548029755823,0.658410641480602,0.41639840099477626,0.28815415548264106,-0.3494829076665251,0.24541069611597957,-0.4983545905957947,0.0307898695805931,-0.21129655432588698,-0.3325066192434583,0.39653825786781,0.5203910817168438,0.19707214087357994,-0.6063152065124762,-0.42623802444269815,0.17866665368345824,0.14032295918511065,0.13412362257785407,-0.1273275409016067,0.2797143195251327,-0.021017921620903945
0.02791792240633617,-0.3946334304712212,0.4882471932344032,0.2983816765193803,-0.29860428567300207,-0.4843706120493793,-0.6805954775516015,-0.15951654907236973,0.09806922577677553,-0.039928202506682206,0.601461453321759,-0.5327410110880858,-0.18459614097665267,0.49829276257522465,-0.00392782107573283,0.323489734369672,-0.8210489672652638,-0.4254253303795284,-0.3242696434182251,-0.07264835379604388,-0.24416653047013667,-0.1460152884635398,-0.38797134952651,-0.5706095674451477,0.06691909373344052,-0.7375346064950808,-0.3064289726420034,-0.21279812609761814,-0.020052043020522086,0.002662053836511571,0.40630732010404175,-0.3787627165181802,0.7704641181263482,-1.000823171819603,-0.3184000991358056,-0.31601081597363107,-0.6511652299715415,-0.36611144883662083,-0.13204475764588863,0.48508934129658465,-0.13387770196685667,0.4015249986608392,-0.002627831615841555,0.4185434269572423,0.46960110573770186,-0.7640234997864505,-0.5941902740227439,-0.005931935200405416,0.7207382573729322,0.4760073607107616,-0.23873803901594917,-0.3863977013653095,-0.20516361678711395,0.012430512970111232,-0.31661106567429836,-0.09366804226887705
0.046367672718030155,-0.4447307634280058,0.2983816765193803,0.8998369815943548,0.015951948910868076,-0.03211807973104798,-0.7788263121247265,-0.48006100520430994,-0.02922830892908212,0.04124038212598845,1.4477790931063115,-0.676578854509287,-0.20791067574535646,0.8094629161508166,-0.41249463462314195,0.9991753489347479,-0.07895306171091677,-0.564302610117312,-0.14031413237207382,0.46831487462589116,0.16810343945042072,-0.4372616900927502,-0.09616857754247436,-0.6724185316908722,0.6126691682384798,-1.1536006541160952,0.14538668350527925,-0.022183035267904702,0.006670289533024107,0.4919061312347135,-0.5191688918142795,-0.7166867213243681,0.5757769433931123,0.4515863321183602,0.06933471653011293,-0.769325501717776,-0.8636559001843053,-0.895750439078156,-0.248609918041886,0.5391739713706284,-0.5170666483636769,0.7358251864844184,-0.2665485640182051,0.07206082289435559,0.229502860838763,0.21284145683635136,-0.3490776588997912,-0.2941933287461181,0.5397737396783658,0.7415285868445096,0.04352809806030745,0.11962161736283855,-0.17388660317976032,-0.36127536376390634,-0.345335909877081,0.21020446193098918
-0.4094990327588759,0.23886888404852624,-0.29860428567300207,0.015951948910868076,0.4560079218485631,0.11374556379592993,0.29689134972061715,0.12268114864658336,0.10169358765037599,0.28546572676761245,-0.04183717376733669,0.13043901547472173,-0.12832701438071292,0.2750272580061865,0.2551670457835224,-0.34121144708931506,0.7986899643170102,0.35245309059763025,0.7626978926306923,0.08958075093748173,0.5329080854038927,-0.00800616969897426,0.7748728725979451,0.7240826055712483,-0.07408719816607431,0.36342039584633007,0.4928335905505779,0.24788073315182405,0.12198212033226546,0.14937557144766733,-0.6086132189933501,0.2309138085674511,-0.35812500418621185,0.6772231234579963,0.06116529750305588,-0.14893097658888438,0.00720460139112268,-0.20304299772748038,0.5086979621171662,0.059255913754530855,-0.09600796636631226,-0.2410153317330416,-0.12088096757823785,0.08250111155591604,-0.20067087055673108,0.7236321809008611,0.407788727667636,0.10232579171377625,-0.4545348631621868,0.23214888660585975,0.3024849766196494,0.08522336523707451,0.027496672601340904,-0.5656432036153906,-0.047060274975944456,0.11075559877976515
0.45155928889638863,0.2546300404839295,-0.4843706120493793,-0.03211807973104798,0.11374556379592993,0.8766000819819598,0.5780728479898888,-0.12916428212787512,-0.35640632097067204,-0.21464076633896056,-0.2315256428164694,0.5277044487806766,0.39262798801168514,-0.8196865185053502,-0.5911998163669941,0.3997575576530104,0.7692903431818895,0.10326917250999357,-0.28138219117338026,0.37093158450901625,0.012836145574901233,0.02350188200245283,-0.1561245994087547,-0.06771509716593425,0.37921222441092867,0.3467642692715484,0.1695022090449052,0.15059978238940588,-0.11060187959456935,0.17186499060772545,-0.5021572312808568,0.04932133389387706,-0.8374629124628932,1.6524609713700726,0.6457517427273145,0.3007255227208792,0.8033644584860257,0.39423272319659625,-0.4796172724214229,-0.7158468719189872,0.04949040449850756,-0.06549334384520694,-0.049047094902598454,-0.9451253548830851,-0.6048881670357461,0.9126759057944157,0.5589432055769887,-0.28788563740441553,-0.6253338840886022,-0.7766120045867022,0.18953575226067856,0.8025935857862544,0.2761477091715715,0.34772331105827625,0.5007002286403763,0.20986198266314268
-0.010925170698516557,0.689831105090621,-0.6805954775516015,-0.7788263121247265,0.29689134972061715,0.5780728479898888,1.770888339727161,0.6917196286225898,-0.4885662828808213,0.252935212602618,-1.3998591610258055,1.5298641829953177,0.017750321475683197,-0.829914177812753,-0.5440154037128558,-0.8655428658529583,1.3310687010388207,0.7062224524994153,1.1310486031152096,-0.2721319517592514,0.14360400609646512,0.6235522406979517,-0.01770538060702579,2.2013901548900408,0.15755003815219132,1.3031410607735006,-0.0885307937836239,0.3512209574532605,-0.6785938835796949,0.29539853072769157,0.2992067246286267,1.1251174026780817,-1.7382984805668078,0.9165715589496983,-0.06281120176940283,0.09023905689842238,2.158138587735378,0.7052979954810431,0.48827968543124567,-0.20422217465983036,0.8402307704159866,-0.8330286632322602,-0.3864259569382957,-0.8471514154849173,-0.549601165240429,0.024019912484419523,1.3422756457845324,1.149961884891353,-0.8276007816757573,-1.1079171305422537,0.4401707657510474,0.2326802189739302,-0.06076144192023758,-1.47577672647219,0.9913245862505803,-0.24573842773939955
-0.26114123117489035,0.28841099457866487,-0.15951654907236973,-0.48006100520430994,0.12268114864658336,-0.12916428212787512,0.6917196286225898,0.4640952201101685,-0.04454751545998983,0.23703773879652623,-0.7618990735872527,0.573403322076851,-0.155908927924065,-0.09691910968013899,0.11240712467956711,-0.7702567880362565,0.33802253754929174,0.39553098684188087,0.7445759051068901,-0.36279639843808353,0.08307305585502871,0.3426297841148868,0.15021305784863245,1.215835008622001,-0.20534838188423463,0.647615753511097,-0.09768021172378193,0.1173454887882276,-0.2511279173014969,-0.005758018533387366,0.39736932210800996,0.6262809817133678,-0.5296329532843125,-0.35937948004649267,-0.3368382507048349,0.004394532990984026,0.7513095651862648,0.2586676159839095,0.5344065773216945,0.16465097904904633,0.43457598984897955,-0.48777571569107264,-0.1256203225964794,0.0489193758033383,-0.023144101819528373,-0.38358353900075765,0.4474836043048575,0.7197469391292118,-0.21223503775411448,-0.23891945824808225,0.13506778804188305,-0.2795475895189109,-0.12851774543073946,-0.8402990065431332,0.2709329122998653,-0.23378384148276798
-0.344381423183065,-0.032854287783549346,0.09806922577677553,-0.02922830892908212,0.10169358765037599,-0.35640632097067204,-0.4885662828808213,-0.04454751545998983,0.4172910223717478,0.04056039190660176,0.017418914087873685,-0.5065824833807123,-0.02541091688923075,0.3180183258143274,0.7958910050609144,-0.32143399840746495,-0.31298291850576715,0.11799980522063613,-0.05657436299667562,-0.08751360383418062,0.17009519167230724,-0.1327725377680679,0.5951267369133831,-0.4448988581885673,-0.5336264005359322,0.07278637452627186,0.2757129819143292,-0.050996111433934836,0.49393320353630227,-0.37509282458040105,-0.2268090621145283,-0.11915367813999257,0.5744192454705909,-0.5518808574949001,-0.03909573314346834,0.24530861062709367,-0.8896089150363856,-0.09645725229098157,0.24315394842549523,-0.05697479469138006,-0.27797521171831,-0.07017676194497961,0.30627997925817935,0.6318465784817415,0.13810574473471596,0.23357859390349667,-0.40016490529776805,-0.4163178965512985,-0.03645525321514934,0.4882466875457536,-0.10960189024506617,-0.24629245839928746,0.11904584065819736,0.6665084072735231,-0.4867062312456942,0.07562180804229612
-0.4416699619527882,0.08984219764108269,-0.039928202506682206,0.04124038212598845,0.28546572676761245,-0.21464076633896056,0.252935212602618,0.23703773879652623,0.04056039190660176,0.3786364661408361,0.0749057986063263,0.13962477087507982,-0.35350653714955405,0.5572197019725075,0.08347299619811498,-0.3750822433925804,0.4697961596711768,0.19304776092021161,0.939961654125219,-0.10296439030108512,0.3736633548944403,0.07526033028407593,0.42355928131306775,1.0401312545249584,0.04091571615204911,0.08656299557435866,0.162839821995012,0.17111112469018197,-0.15217559984106496,0.27836919339666405,-0.08432173377145326,0.27844266716444305,-0.1984972643526548,-0.05981649421274021,-0.3338984241946526,-0.4898376031436506,0.11098690150128765,-0.36505909278104126,0.6256527051869949,0.5483767062450698,0.07643255074134685,-0.14816540723247199,-0.2874148889459441,0.254198168916361,0.10370139314632931,-0.07234951451814131,0.3021112040878317,0.5719723481328888,-0.007300326318363185,0.3736129528210772,0.23638140361002047,-0.2715107403483306,-0.23120567954062066,-1.2070509699609862,-0.02880482694558739,-0.08656229578285007
0.028400852132311444,-0.7867241574032603,0.601461453321759,1.4477790931063115,-0.04183717376733669,-0.2315256428164694,-1.3998591610258055,-0.7618990735872527,0.017418914087873685,0.0749057986063263,2.3708826864244936,-1.20899694698445,-0.3912592387999319,1.4257760805662372,-0.5620980504003471,1.560458184524218,-0.3607803286979114,-0.9597179723746012,-0.2590671258351761,0.672809855422792,0.214060320941401,-0.7088478934887913,-0.19470060913620735,-1.1579488409266678,0.9089509560735104,-1.9520230794491837,0.15652985131219085,-0.0911177536607638,0.030564258575062866,0.7323809368234646,-0.6826671826971226,-1.1877143935505718,1.1296362596837652,0.3384919507290209,-0.012837140997885278,-1.2664499493962194,-1.5558299736766699,-1.4894983827116952,-0.36150617219912223,0.9866346204171927,-0.835941722170004,1.217395092270131,-0.3977014031811057,0.29399179348954446,0.5030272080022503,0.10455708933520812,-0.7162489339554995,-0.4426229116650984,1.0277690038183536,1.3181710896291925,-1.6365632822655667e-4,0.031453153664807894,-0.32874542767188647,-0.5632563398257557,-0.6525265850270358,0.2895611106330341
0.14295348757676288,0.5450880170365634,-0.5327410110880858,-0.676578854509287,0.13043901547472173,0.5277044487806766,1.5298641829953177,0.573403322076851,-0.5065824833807123,0.13962477087507982,-1.20899694698445,1.3646140875855963,0.055505252601833664,-0.839308569475777,-0.6441715118731717,-0.6194928694254277,1.0008610971481602,0.5097321440095763,0.7922681139676145,-0.2436685396547573,-0.03186400570023485,0.5602423426745538,-0.2889036003294598,1.7824861088069934,0.22731291281679325,1.0333989190848214,-0.2348005513111041,0.2500953311720021,-0.6836189047398804,0.26791465567601735,0.4370928416099183,0.9335113982997885,-1.4998134428606402,0.7119994411479835,-0.05789920492549674,0.08831964095329509,1.9926621142208418,0.6801309653224158,0.2586731888707075,-0.19296861783867494,0.7892704186590934,-0.6536638617169788,-0.34405335997843856,-0.8466150335496812,-0.4502937940742498,-0.18204991800607498,1.1183836052097844,1.0215733877755409,-0.6053112154710174,-1.0907846500332992,0.32130321995579286,0.2204245468044316,-0.07171907255646982,-1.2179139667381051,0.9394325585456142,-0.2485841422472611
0.3756683122826389,0.10331607609566247,-0.18459614097665267,-0.20791067574535646,-0.12832701438071292,0.39262798801168514,0.017750321475683197,-0.155908927924065,-0.02541091688923075,-0.35350653714955405,-0.3912592387999319,0.055505252601833664,0.4411235014890076,-0.7643657191848486,0.04438158496148337,0.1502099170481909,-0.12236304475573374,0.03984917264752649,-0.7880104606563729,0.11347942542154164,-0.23563477222437146,-0.014927798609511508,-0.14894265277444227,-0.8152332303317934,-0.16464880168763996,0.3012394931816828,0.02001087732839824,-0.07647005916820694,0.23313331099663084,-0.3448984391079313,-0.1298779237786913,-0.09849480738823746,-0.09743393184680166,0.4437157788534362,0.47666467397734696,0.6919426787981959,0.08871649518357849,0.5444078444724308,-0.5197077583573934,-0.7977324118641183,-0.04119546931717608,-0.07024450872587464,0.3386253351201655,-0.3615405079061347,-0.31147213277366487,0.46396152593035095,-0.06936205611611676,-0.6212483130484202,-0.35272313281286843,-0.5443490704800165,-0.1392948870544909,0.4153526230371288,0.34926955616612226,1.3029338883514585,0.11600469110267651,0.13690704835976839
-0.7556596365228493,-0.42730973681370066,0.49829276257522465,0.8094629161508166,0.2750272580061865,-0.8196865185053502,-0.829914177812753,-0.09691910968013899,0.3180183258143274,0.5572197019725075,1.4257760805662372,-0.839308569475777,-0.7643657191848486,1.7897700634881106,0.264755363340303,0.14874313327676844,-0.0752012831549959,-0.2992703661226654,1.0022299511044583,0.06156368926564445,0.5673559951729129,-0.33544969697988125,0.5972385840299259,0.44451717847526423,0.21545685303744078,-1.0500327684692572,0.2695232111809699,0.06482173259005229,0.032341151084690864,0.5150953948163414,-0.3078186711281334,-0.3688987065188465,0.8793727894306481,-0.7244885728135637,-0.6524767885145825,-1.2597396713411901,-1.2739398083378928,-1.3734287899470725,0.7673369718080759,1.4016555669236126,-0.4522865322268332,0.48178049328765016,-0.4195866923971818,1.0017473342834629,0.666207361675056,-0.335452648111438,-0.384548321355817,0.40122694600537206,0.7780579651918212,1.5606984172829572,0.15206679504840567,-0.6832063113292056,-0.5079578092711005,-1.584157380313492,-0.716902551977811,-0.009015619792935867
-0.6973404325899318,0.16253078937415472,-0.00392782107573283,-0.41249463462314195,0.2551670457835224,-0.5911998163669941,-0.5440154037128558,0.11240712467956711,0.7958910050609144,0.08347299619811498,-0.5620980504003471,-0.6441715118731717,0.04438158496148337,0.264755363340303,1.673526844438567,-1.0258515142482423,-0.40763254565359014,0.5019451298117638,0.028034169277438053,-0.31502417250830594,0.3283651627339955,-0.07930353500912209,1.2635287719444914,-0.4918012944372818,-1.2437593618664968,0.6676025959600674,0.5443893559405928,-0.04556227362299895,0.9475156508110015,-0.8787315258572028,-0.34122756326910686,0.0904676462462742,0.7621909323107657,-1.0280788125287283,-0.04923184477163606,0.7740346643768596,-1.297419249370938,0.1718400524830963,0.5955019232861339,-0.36422511137661545,-0.3342730971279828,-0.46152466708834816,0.6704500908680977,1.1215301294290094,0.10417248999351542,0.5190676240573819,-0.5325744874895243,-0.6838461820276686,-0.3863020770063341,0.6136577992759013,-0.17351077371005874,-0.45023044046948946,0.318672282924341,1.3642104997634392,-0.762651553787245,0.08994602696174588
0.7198548717322283,-0.5814259785581771,0.323489734369672,0.9991753489347479,-0.34121144708931506,0.3997575576530104,-0.8655428658529583,-0.7702567880362565,-0.32143399840746495,-0.3750822433925804,1.560458184524218,-0.6194928694254277,0.1502099170481909,0.14874313327676844,-1.0258515142482423,1.7221124101667422,-0.3984841732758094,-0.9149286710847364,-1.114946920855213,0.6939434422298266,-0.30082669466878476,-0.4994345734174656,-0.9040878880015243,-1.598340773201634,0.968985216261348,-1.4475770205203868,-0.16683675097250297,-0.17486182584262946,-0.12247851790137072,0.48844576107052357,-0.37096689175634157,-1.0392940660145895,0.5260731962403887,0.9045001802284828,0.4540767719234295,-0.5053064611385357,-0.5773427318798672,-0.5798102033874382,-1.0843182477401492,0.07021433211655863,-0.5063762093092729,1.0352496217367066,-0.18151829239263148,-0.5575260444320543,0.07035033945712145,0.18335332437282303,-0.4793848038648078,-0.6926047840938517,0.6429264209513949,0.1644775578640493,-0.1341054840245132,0.567688430227138,-0.024502169110376216,0.46631874183881306,-0.076752236689403,0.2865526450427618
-0.3536785126080885,0.6149760446620913,-0.8210489672652638,-0.07895306171091677,0.7986899643170102,0.7692903431818895,1.3310687010388207,0.33802253754929174,-0.31298291850576715,0.4697961596711768,-0.3607803286979114,1.0008610971481602,-0.12236304475573374,-0.0752012831549959,-0.40763254565359014,-0.3984841732758094,2.0492108577892503,0.6645213759500043,1.523880458161578,0.2648679940281501,0.8338603255118531,0.19887929989905015,0.8554046738830366,1.9884358067058943,0.40901276532794145,0.8673177861738344,0.6719631900170397,0.5699415921467587,-0.31852062785793706,0.6552943901967873,-0.9536558066987415,0.6980022988750759,-1.5591443653055788,2.147080228290662,0.2657267663362411,-0.38791755245794973,1.2529844089976259,-0.08687094766020907,0.6831800128876088,-0.030487906584155736,0.20121322987092047,-0.5178938558542311,-0.5372521389589974,-0.7029475355710475,-0.6839697741905507,1.2901106922822219,1.3834238653132118,0.6457708932290871,-1.0412421581769546,-0.32598973311190993,0.7372699127094485,0.5578959360283454,-3.7819024920918067e-4,-1.7134012538710843,0.5773783318253364,0.13968136819294008
-0.36048961821638814,0.47199622791412826,-0.4254253303795284,-0.564302610117312,0.35245309059763025,0.10326917250999357,0.7062224524994153,0.39553098684188087,0.11799980522063613,0.19304776092021161,-0.9597179723746012,0.5097321440095763,0.03984917264752649,-0.2992703661226654,0.5019451298117638,-0.9149286710847364,0.6645213759500043,0.6432340530451378,0.6706708451211344,-0.22732069362902366,0.317445965253248,0.2642677061956294,0.6985899464755603,0.9585325011695481,-0.47614924598147407,1.0297870271429288,0.3113525779041327,0.20599336542496607,0.12123414833576363,-0.21968702644291485,-0.16642367170996195,0.6291114716807394,-0.6238830736191244,0.23468439947771902,0.014298401316809026,0.3983179217095029,0.5136125773660333,0.4159681154891898,0.558936176708363,-0.3171340344806876,0.23774283592034176,-0.6622673773024785,0.09598654916050285,0.040439076445166,-0.3054715799945696,0.4601643541130243,0.5235725883868051,0.23272297936831113,-0.7123166235262084,-0.2767547113201556,0.20326255211994884,-0.009774301234949356,0.14614991755216358,-0.15544659924580573,0.16166090158781488,-0.03869157218170668
-1.0118737021813444,0.4299320615757309,-0.3242696434182251,-0.14031413237207382,0.7626978926306923,-0.28138219117338026,1.1310486031152096,0.7445759051068901,-0.05657436299667562,0.939961654125219,-0.2590671258351761,0.7922681139676145,-0.7880104606563729,1.0022299511044583,0.028034169277438053,-1.114946920855213,1.523880458161578,0.6706708451211344,2.4934106547128096,-0.2983231617382304,0.9176341819177041,0.3557177917223735,0.993585305226656,3.0411370788636227,0.1427259910488351,0.6165965621659193,0.3756565425607761,0.5092351396130145,-0.5393038599135488,0.7272816877017502,-0.151497230101337,0.9785618983808192,-1.009006289258638,0.22259570220060865,-0.7497964680247206,-1.075848905215033,0.9141905846965833,-0.6129678609208299,1.573864190601409,1.1577865083142396,0.4179875355790072,-0.5996213949420939,-0.7701767433134449,0.3010885057021034,0.041211991943137835,-0.08652958549812102,1.120028853647489,1.6288690513512212,-0.3085819120771048,0.5048633422545366,0.6869280385725266,-0.5160764873082943,-0.529224968901424,-3.1817452485051922,0.24042940739343358,-0.25583766525473306
0.19241550153835604,-0.11851715593482764,-0.07264835379604388,0.46831487462589116,0.08958075093748173,0.37093158450901625,-0.2721319517592514,-0.36279639843808353,-0.08751360383418062,-0.10296439030108512,0.672809855422792,-0.2436685396547573,0.11347942542154164,0.06156368926564445,-0.31502417250830594,0.6939434422298266,0.2648679940281501,-0.22732069362902366,-0.2983231617382304,0.4434926375020966,0.1342651658297109,-0.2734022225045183,0.023235922489325076,-0.5985567077444094,0.3826069550623589,-0.4260613995377946,0.2521398478792107,0.04740412514297041,0.10255637125652521,0.23769077460145827,-0.6328093214200622,-0.41926791812120595,0.03927760562933487,1.002381898658352,0.4025380597028536,-0.15741657474539664,-0.31066819944077456,-0.28719957962954057,-0.3602668171518206,-0.14565506992343402,-0.3480546970186271,0.3557559649376303,-0.06557400425315756,-0.30368881999354974,-0.17256930192467443,0.7021032567096229,-0.02033912083330626,-0.48021512282335244,-0.06106436672049101,0.10981879856340444,0.084038264216103,0.45046902571318204,0.10607267666039721,0.2601879665875592,-0.061169553639994316,0.2608093818783529
-0.5433836479074733,0.1794952252801075,-0.24416653047013667,0.16810343945042072,0.5329080854038927,0.012836145574901233,0.14360400609646512,0.08307305585502871,0.17009519167230724,0.3736633548944403,0.214060320941401,-0.03186400570023485,-0.23563477222437146,0.5673559951729129,0.3283651627339955,-0.30082669466878476,0.8338603255118531,0.317445965253248,0.9176341819177041,0.1342651658297109,0.6631070112746705,-0.08636677256437723,0.9387514447936902,0.7499702751092118,-0.04824899008234907,0.20367831192049798,0.5947535204479133,0.2711947443007308,0.17125331517399475,0.2272699003269635,-0.750494085225212,0.14948898625348447,-0.21508324496490558,0.6601515678030353,0.002790611855587535,-0.3334324527653869,-0.2517935425433799,-0.4377671635027411,0.6296871107800457,0.24547213977505009,-0.21050235805664874,-0.16076074907416843,-0.173728850836834,0.24181862450584932,-0.12300032984151676,0.7867243233202229,0.3495035716613208,0.10013213129408682,-0.376009354936021,0.5039518391694149,0.3405648943643362,0.015260511043983571,-0.02706092207384039,-0.7588103585109401,-0.18538330754600096,0.14139757248278897
-0.017566891854026868,0.23236937341677857,-0.1460152884635398,-0.4372616900927502,-0.00800616969897426,0.02350188200245283,0.6235522406979517,0.3426297841148868,-0.1327725377680679,0.07526033028407593,-0.7088478934887913,0.5602423426745538,-0.014927798609511508,-0.33544969697988125,-0.07930353500912209,-0.4994345734174656,0.19887929989905015,0.2642677061956294,0.3557177917223735,-0.2734022225045183,-0.08636677256437723,0.3058746328799071,-0.1247102851173444,0.8165407389905788,-0.09602744006901208,0.5337374538399892,-0.1966747924789374,0.05561104620711327,-0.2670793402663752,-0.028697309690271438,0.4293539106552791,0.48710427946850343,-0.5129588957601313,-0.20025758929354118,-0.1815555252726003,0.12309394644669151,0.801775491003839,0.3731012386047882,0.21839927903870704,-0.026867063658849017,0.4154991277493832,-0.3713783274332523,-0.07277382088520164,-0.1615345218060776,-0.08056886326263923,-0.36624181817793017,0.3715663585221955,0.528691077703113,-0.1778532696823392,-0.43247906252182156,0.06027471671253623,-0.11235477569300462,-0.059684992255093085,-0.46763828542017966,0.34386711683634713,-0.19459226703967325
-0.9360099632936264,0.367521058542369,-0.38797134952651,-0.09616857754247436,0.7748728725979451,-0.1561245994087547,-0.01770538060702579,0.15021305784863245,0.5951267369133831,0.42355928131306775,-0.19470060913620735,-0.2889036003294598,-0.14894265277444227,0.5972385840299259,1.2635287719444914,-0.9040878880015243,0.8554046738830366,0.6985899464755603,0.993585305226656,0.023235922489325076,0.9387514447936902,-0.1247102851173444,1.7831789571888368,0.5562199816579426,-0.7421742945748285,0.7412080440886092,1.0250689314543575,0.30948721636063714,0.7374923553833111,-0.25286724866900895,-1.1347819468448004,0.2570226024540821,0.021098495798738764,0.45430873238016617,0.10606581844699893,0.1789902714017919,-0.8638831749310598,-0.27563245920688145,0.9729165816185606,-0.11073010139631928,-0.40895269002514767,-0.49632974483731357,0.20597942546435874,0.7446547736573951,-0.2098264000969321,1.3783806884031016,0.20172461778962317,-0.3478410531170502,-0.8031650634226811,0.7466637585331637,0.31652465527286194,-0.08947600816606245,0.22440689229386715,0.051108144016468814,-0.54940283884883645,0.24941078829435037
-0.8814080724086436,0.7509384637425915,-0.5706095674451477,-0.6724185316908722,0.7240826055712483,-0.06771509716593425,2.2013901548900408,1.215835008622001,-0.4448988581885673,1.0401312545249584,-1.1579488409266678,1.7824861088069934,-0.8152332303317934,0.44451717847526423,-0.4918012944372818,-1.598340773201634,1.9884358067058943,0.9585325011695481,3.0411370788636227,-0.5985567077444094,0.7499702751092118,0.8165407389905788,0.5562199816579426,4.383665079204792,0.31100066042461044,1.2627293213772186,-3.8549338655101623e-4,0.6221117490612591,-1.148095800404988,0.9127789533285952,0.4924441543811797,1.6769641608339734,-1.9851241899709073,0.2823978651277877,-0.9737312097270904,-1.0836484081941844,2.4112427599153836,-0.11563967372731641,1.763369457841222,1.1857908831706523,1.0933296309288776,-1.0430858075711464,-1.0459852146178035,-0.2285115610165985,-0.13426660476640884,-0.6603142061659223,1.8306217003285508,2.5531310694293485,-0.5242492563275768,-0.27807533540640755,0.8422399852742123,-0.5368087280355214,-0.6805849395513338,-4.21005035114078,0.9340616332467458,-0.543728363074616
0.3844273004171634,-0.2293643450708858,0.06691909373344052,0.6126691682384798,-0.07408719816607431,0.37921222441092867,0.15755003815219132,-0.20534838188423463,-0.5336264005359322,0.04091571615204911,0.9089509560735104,0.22731291281679325,-0.16464880168763996,0.21545685303744078,-1.2437593618664968,0.968985216261348,0.40901276532794145,-0.47614924598147407,0.1427259910488351,0.3826069550623589,-0.04824899008234907,-0.09602744006901208,-0.7421742945748285,0.31100066042461044,1.0623929769351281,-0.8131605151416174,-0.23400310140653635,0.07579427628129692,-0.6443954850911957,0.8282331841077797,-0.04473761335892041,-0.25688828698528227,-0.3806372100503106,0.9428601140919063,0.026138762839474652,-0.882770007863331,0.584435478794673,-0.5109467867100027,-0.3531690435060923,0.5163946633667312,0.03722289367085543,0.5305240695624286,-0.6025785697615342,-0.695130811558291,-0.0014171119000005008,-0.19086838941815323,0.32538489097981543,0.44102840212807876,0.39784291874560457,-0.07406232012457896,0.20150402094089004,0.32762143992706777,-0.30386610168737166,-1.2773025685294417,0.3841896691878553,0.018714089571664056
-0.267458352138179,0.8171971376002755,-0.7375346064950808,-1.1536006541160952,0.36342039584633007,0.3467642692715484,1.3031410607735006,0.647615753511097,0.07278637452627186,0.08656299557435866,-1.9520230794491837,1.0333989190848214,0.3012394931816828,-1.0500327684692572,0.6676025959600674,-1.4475770205203868,0.8673177861738344,1.0297870271429288,0.6165965621659193,-0.4260613995377946,0.20367831192049798,0.5337374538399892,0.7412080440886092,1.2627293213772186,-0.8131605151416174,1.86276505058549,0.27802714214935415,0.24567726855181896,0.13966711731868925,-0.5380712424025528,0.013933277075644346,1.0720861115267624,-1.158077278028529,0.35402270222979126,0.165216263970523,1.025980578665738,1.2008780562166292,1.112110264306729,0.5666087874012562,-0.8987115264422646,0.552641310964988,-1.146935837049311,0.2985155470264904,-0.22599809423006348,-0.6124927777767205,0.5988483291102843,0.8449716303007594,0.2681959905242541,-1.2311508815731982,-0.9454186060419377,0.2021985381912831,0.12978500538866222,0.35842935940581516,0.30804102495920044,0.47899591671652614,-0.10338811370122812
-0.399290715278192,0.18446291810495877,-0.3064289726420034,0.14538668350527925,0.4928335905505779,0.1695022090449052,-0.0885307937836239,-0.09768021172378193,0.2757129819143292,0.162839821995012,0.15652985131219085,-0.2348005513111041,0.02001087732839824,0.2695232111809699,0.5443893559405928,-0.16683675097250297,0.6719631900170397,0.3113525779041327,0.3756565425607761,0.2521398478792107,0.5947535204479133,-0.1966747924789374,1.0250689314543575,-3.8549338655101623e-4,-0.23400310140653635,0.27802714214935415,0.724822917626383,0.20912660560899513,0.4785942221391927,-0.042477952580987126,-0.9951184173597959,-0.044477617950303416,-0.040972162429227306,0.8771634310128991,0.3223794528433515,0.09212732288085233,-0.5756345596781325,-0.2316287458537504,0.33387011065618627,-0.22986226310092758,-0.3951770256844464,-0.13373410016078116,0.10355544418633879,0.19905695763436929,-0.26512990284757065,1.2183543365733462,0.14811910526159888,-0.47773538051160075,-0.5620661983500751,0.3934318605133113,0.22974437970394698,0.240016897833363,0.2191747019767146,0.24558286452635658,-0.30117464911647224,0.28813668297574874
-0.16742632698926288,0.170644557204329,-0.21279812609761814,-0.022183035267904702,0.24788073315182405,0.15059978238940588,0.3512209574532605,0.1173454887882276,-0.050996111433934836,0.17111112469018197,-0.0911177536607638,0.2500953311720021,-0.07647005916820694,0.06482173259005229,-0.04556227362299895,-0.17486182584262946,0.5699415921467587,0.20599336542496607,0.5092351396130145,0.04740412514297041,0.2711947443007308,0.05561104620711327,0.30948721636063714,0.6221117490612591,0.07579427628129692,0.24567726855181896,0.20912660560899513,0.16573708307629315,-0.07250036566623728,0.17929233885427379,-0.2667760608944401,0.2124399228834717,-0.3969339508945026,0.5111561742694434,0.023644678485765194,-0.14301084841201836,0.29018794337487847,-0.06886544352414654,0.2709120705979767,0.05489165026419308,0.04833673101731123,-0.1607281890234946,-0.15535456712983114,-0.11261364241131339,-0.15655398950769314,0.3359548111399297,0.37356505786267924,0.2161653211402121,-0.27475776728374973,-0.012682797649689109,0.21331445228364787,0.09444777140570292,-0.021311531682825808,-0.553192807922377,0.11881586248342073,0.02826623507225561
-0.20055731072059216,-0.0081887596315752,-0.020052043020522086,0.006670289533024107,0.12198212033226546,-0.11060187959456935,-0.6785938835796949,-0.2511279173014969,0.49393320353630227,-0.15217559984106496,0.030564258575062866,-0.6836189047398804,0.23313331099663084,0.032341151084690864,0.9475156508110015,-0.12247851790137072,-0.31852062785793706,0.12123414833576363,-0.5393038599135488,0.10255637125652521,0.17125331517399475,-0.2670793402663752,0.7374923553833111,-1.148095800404988,-0.6443954850911957,0.13966711731868925,0.4785942221391927,-0.07250036566623728,0.7941781961131644,-0.5720809086743496,-0.6093323363894274,-0.3257880630758028,0.6635369716764236,-0.08280400772788335,0.3436413485620858,0.620510538281542,-1.182364969382686,0.06117163779719551,-0.05349194348733235,-0.5448036973612544,-0.49620816022551667,-0.026659397766097062,0.5401986494280759,0.5127485769241393,-0.0634317977898801,0.8285070243703377,-0.5224253102783943,-1.0128520743963754,-0.28829980950794737,0.37932405894655313,-0.16462744903721582,0.06543802197101185,0.3756118707602536,1.5910217852472144,-0.5783844984700942,0.2633291518279866
-0.001159491347505724,-0.10176935736768483,0.002662053836511571,0.4919061312347135,0.14937557144766733,0.17186499060772545,0.29539853072769157,-0.005758018533387366,-0.37509282458040105,0.27836919339666405,0.7323809368234646,0.26791465567601735,-0.3448984391079313,0.5150953948163414,-0.8787315258572028,0.48844576107052357,0.6552943901967873,-0.21968702644291485,0.7272816877017502,0.23769077460145827,0.2272699003269635,-0.028697309690271438,-0.25286724866900895,0.9127789533285952,0.8282331841077797,-0.5380712424025528,-0.042477952580987126,0.17929233885427379,-0.5720809086743496,0.80830855865969,-0.132668221636413,-0.011402085857660062,-0.43815301973207615,0.7388003617599787,-0.17269439261945219,-0.9745223960162397,0.5139220143766853,-0.6210213642110692,0.14227385227298897,0.7225290008500652,0.06670539584770356,0.2965235263093811,-0.6394456585236236,-0.37376118775210415,0.04353677893431718,-0.13000071657386772,0.46091158603047694,0.6838811511136221,0.2615115029595426,0.1820743054515314,0.31820810692635654,0.09625537286128781,-0.36622202632914086,-1.7345967428858649,0.2730438254882482,-0.028264148124696516
0.26876621824247177,-0.1168516524962337,0.40630732010404175,-0.5191688918142795,-0.6086132189933501,-0.5021572312808568,0.2992067246286267,0.39736932210800996,-0.2268090621145283,-0.08432173377145326,-0.6826671826971226,0.4370928416099183,-0.1298779237786913,-0.3078186711281334,-0.34122756326910686,-0.37096689175634157,-0.9536558066987415,-0.16642367170996195,-0.151497230101337,-0.6328093214200622,-0.750494085225212,0.4293539106552791,-1.1347819468448004,0.4924441543811797,-0.04473761335892041,0.013933277075644346,-0.9951184173597959,-0.2667760608944401,-0.6093323363894274,-0.132668221636413,1.5979314773999758,0.3784842212867651,0.03158254301870531,-1.7865520475154109,-0.6927385021873574,-0.0024991301637130123,0.8572934325455318,0.4563204935556578,-0.06129316919905115,0.40067388164016066,0.7055729636577698,-0.12849319562777634,-0.07083580014618028,0.045953821246148906,0.444833034879137,-1.9133205146330374,-0.15428701227785113,0.9215302617631603,0.6846064810853019,-0.4882666144608718,-0.3169446489939772,-0.6409773488523909,-0.33776860335187425,-0.5151445230533107,0.36591802362857173,-0.5272496955312328
-0.28155391300839344,0.500314162585426,-0.3787627165181802,-0.7166867213243681,0.2309138085674511,0.04932133389387706,1.1251174026780817,0.6262809817133678,-0.11915367813999257,0.27844266716444305,-1.1877143935505718,0.9335113982997885,-0.09849480738823746,-0.3688987065188465,0.0904676462462742,-1.0392940660145895,0.6980022988750759,0.6291114716807394,0.9785618983808192,-0.41926791812120595,0.14948898625348447,0.48710427946850343,0.2570226024540821,1.6769641608339734,-0.25688828698528227,1.0720861115267624,-0.044477617950303416,0.2124399228834717,-0.3257880630758028,-0.011402085857660062,0.3784842212867651,0.9107188806131483,-0.9617822131896122,-0.0600117608767752,-0.28072615786203964,0.1480591345526214,1.2258015879318258,0.49659306341965936,0.6543349126598758,-0.010515127924593968,0.6074707198482325,-0.7441352740871586,-0.15022270947811273,-0.14679409602369473,-0.21447474136705055,-0.21951731996454402,0.7754284690138858,0.8867288211621251,-0.5238410403953156,-0.5342323107653588,0.2417314926547212,-0.17745991621461557,-0.07565747358651952,-0.9996245441559015,0.4869843143173766,-0.2592230817748436
-0.11334581537832876,-0.6711020391247682,0.7704641181263482,0.5757769433931123,-0.35812500418621185,-0.8374629124628932,-1.7382984805668078,-0.5296329532843125,0.5744192454705909,-0.1984972643526548,1.1296362596837652,-1.4998134428606402,-0.09743393184680166,0.8793727894306481,0.7621909323107657,0.5260731962403887,-1.5591443653055788,-0.6238830736191244,-1.009006289258638,0.03927760562933487,-0.21508324496490558,-0.5129588957601313,0.021098495798738764,-1.9851241899709073,-0.3806372100503106,-1.158077278028529,-0.040972162429227306,-0.3969339508945026,0.6635369716764236,-0.43815301973207615,0.03158254301870531,-0.9617822131896122,1.8360978961175818,-1.5492022839335702,-0.172489512254547,-0.029794633341495957,-2.1371911140380524,-0.6114743248506073,-0.2974163079833588,0.3244007438793783,-0.7032828652306596,0.6896542434418248,0.43913936145446614,1.0894432541902643,0.6916114739471166,-0.4245468127636185,-1.4174206892107224,-0.9408498842270251,0.9238870441864281,1.1428044203580072,-0.5102142545838592,-0.5136776587088949,-0.00438581082933374,1.387497216384407,-1.0305353069008298,0.11363779569139527
0.40632242244855293,0.4534621958553245,-1.000823171819603,0.4515863321183602,0.6772231234579963,1.6524609713700726,0.9165715589496983,-0.35937948004649267,-0.5518808574949001,-0.05981649421274021,0.3384919507290209,0.7119994411479835,0.4437157788534362,-0.7244885728135637,-1.0280788125287283,0.9045001802284828,2.147080228290662,0.23468439947771902,0.22259570220060865,1.002381898658352,0.6601515678030353,-0.20025758929354118,0.45430873238016617,0.2823978651277877,0.9428601140919063,0.35402270222979126,0.8771634310128991,0.5111561742694434,-0.08280400772788335,0.7388003617599787,-1.7865520475154109,-0.0600117608767752,-1.5492022839335702,3.869324072565202,1.2360047090926876,-0.05514383705300572,0.9806695601627243,-0.0030185090182464204,-0.4590662454668568,-0.898956198152852,-0.2838429321947273,0.03878826110982598,-0.36829573384565834,-1.557980953743556,-1.1498575043446362,2.459108832725744,1.2287709111824208,-0.5436251421276758,-1.2732345749011775,-0.7368386484621386,0.674136882801538,1.5714958728648638,0.41388231719098023,-0.1983792530592818,0.6603131166631419,0.5948038913558642
0.3662801151071517,0.10615295453609762,-0.3184000991358056,0.06933471653011293,0.06116529750305588,0.6457517427273145,-0.06281120176940283,-0.3368382507048349,-0.03909573314346834,-0.3338984241946526,-0.012837140997885278,-0.05789920492549674,0.47666467397734696,-0.6524767885145825,-0.04923184477163606,0.4540767719234295,0.2657267663362411,0.014298401316809026,-0.7497964680247206,0.4025380597028536,0.002790611855587535,-0.1815555252726003,0.10606581844699893,-0.9737312097270904,0.026138762839474652,0.165216263970523,0.3223794528433515,0.023644678485765194,0.3436413485620858,-0.17269439261945219,-0.6927385021873574,-0.28072615786203964,-0.172489512254547,1.2360047090926876,0.7401204416620769,0.5707341224989969,-0.10793100080307493,0.32132497255023856,-0.584045881400376,-0.8806450651631335,-0.28151833687563715,0.0649836266275998,0.27520276567819846,-0.5103088806325116,-0.4762967327440026,1.108085387638101,0.03224081348015719,-0.8926070015283312,-0.5318988351102331,-0.40985416829350885,-0.003341095746240703,0.7093608820386955,0.4283727645595408,1.3216776085495299,0.0585116087424016,0.3279308199463881
