V1,V2,V3,V4,V5,V6,V7,V8,V9,V10,V11,V12,V13,V14,V15,V16,V17,V18,V19,V20,V21,V22,V23,V24,V25,V26,V27,V28,V29,V30,V31,V32,V33,V34,V35,V36,V37,V38,V39,V40,V41,V42,V43,V44,V45,V46,V47,V48,V49,V50,V51,V52,V53,V54,V55,V56
0.19445319221949658,0.47751457437033706,-0.034080212898516,0.12848476584631632,-0.1634555615451944,-0.4028932345436615,0.08588152048893381,0.2543378860374009,0.327369821065545,-0.28585109283305266,0.8208798707696803,0.35974783986720366,-0.08471439713643039,0.6154182286802449,0.028774484670175904,0.05467049058830053,0.1058922854786137,-0.29727095081350124,0.4359751818267361,0.05967157289102102,-0.19289601904338552,-0.48659763757044333,0.2681296680691966,-0.1323789712882925,0.06236741306592954,0.33752870771897925,-0.16832705497598308,0.26297441680517125,0.31791319100074894,0.1543888564298643,-0.44451907528158413,-0.5068983698291957,0.36661799427486547,0.22238694889511096,0.08119886829737755,-0.022278781286947286,-0.271007330773745,-0.2012006935039545,-0.4004508371944124,-0.3561307476111761,-0.10394949039966085,-0.0029155055228972356,0.206275053994047,0.11451096113008585,-0.23682101278025877,-0.049241203878031964,0.39615767331471047,-9.891994108413862e-4,0.1024737482579048,0.28522475375275813,0.09453839330788343,-0.17413840258664076,0.16050254292217994,-0.07538838047880252,0.04940054329230248,0.18336191952171166
0.47751457437033706,2.701928839468602,-0.6764299121641664,-2.860980194242424,-0.9428883153730536,-1.5828367190159047,3.3723090602986483,2.8216272994985743,0.6377581545304876,-0.7315680636347381,-2.708656644913486,3.898542684630808,-0.02577090111854167,-0.6996781169353081,0.695822537180429,-3.440604686076194,0.11836466936419364,0.8105804670709286,2.344980509586846,-1.9492737466771042,-1.5941447005194873,0.5020291632350278,-0.01017431843338006,3.2605889655666336,-1.4558110598653167,4.547909024555288,-1.9298250733853393,0.7193931104009572,-0.08606979122171307,-0.7856906713103233,1.9698046849373245,1.41119784053345,-1.1112998916428205,-2.350538748924483,-0.9461658231122005,1.757629094539253,3.2420237578106867,2.3615453409295104,-0.037214781335262154,-1.7738247856624108,2.1933095490245074,-2.480340802249958,0.9494051713100066,0.07459680162219312,-0.9060334060361229,-2.9059640637231543,2.488421506585829,2.5093349471397555,-0.6494270574206609,-1.8570581449291004,0.0666337545838596,-1.6306637632809828,0.3983479616162258,-0.964256558415997,1.7719091470106236,-0.7604109950976737
-0.034080212898516,-0.6764299121641664,0.23571352325145106,1.2086587731519047,0.2385240189524354,0.3006296875814585,-1.2403802436344107,-0.8961288166970696,0.0070277697576753275,0.061574133475353385,1.6872901089407086,-1.231675470167476,-0.05579430218562673,0.7490821386694938,-0.24734898580808815,1.3759944600536385,0.036353392489677894,-0.5450137389831046,-0.570337543929321,0.801856133637722,0.46808191358196055,-0.572442672798289,0.21215489248478736,-1.3665676138064586,0.6126858277960956,-1.5006173469515658,0.6172668590636551,-0.07461816644934206,0.2802329804816594,0.4244143054949329,-1.1086625434225514,-0.9405921539405242,0.715420233476181,1.0837356335014396,0.4297765866653044,-0.698537426529731,-1.4670195263250407,-1.0715489376821643,-0.2965407766837062,0.41096676978199986,-0.9308254463006992,0.9590872188853372,-0.2077993646109776,0.060010736349502575,0.16726937232270256,1.0880830504434449,-0.6568549689543682,-0.9733585867832117,0.3312860701573806,0.9412643416119498,0.04758523401882692,0.4968033846551856,-0.02975909384342357,0.3151932648785937,-0.6484102746160458,0.43711473701443254
0.12848476584631632,-2.860980194242424,1.2086587731519047,6.682770768270071,1.0167261763532183,0.9664559397669265,-6.509788265061122,-4.395421640138836,0.5614407871229463,-0.12737738981861865,10.355565826087773,-6.024961788093202,-0.43454411586348923,4.9989809044716385,-1.2795042249774973,7.461423906624306,0.364240107351969,-3.3963526196810707,-2.358892813056041,4.39261523536753,2.199823680432124,-3.846259091666642,1.565939192745787,-7.535232810164191,3.383171145096852,-7.501769695974276,3.038614792580641,0.020869113567853512,2.0104152087448814,2.5214519994058273,-6.652533085497262,-5.851649484874476,4.420513125548414,6.163548494641109,2.4330896399178332,-3.7791082337996613,-8.295360644325877,-6.064344445272704,-2.2298702532905565,1.632572097115381,-5.1546043801520955,5.135086396746154,-0.7835621300989754,0.5048080077900564,0.5174883563460618,5.75225012641435,-2.8862433689281333,-5.217811108657771,1.9393152342359772,5.500582477620882,0.40626930909360576,2.3837512380481196,0.09731979948024802,1.568501632528631,-3.395792831878881,2.6358697340901585
-0.1634555615451944,-0.9428883153730536,0.2385240189524354,1.0167261763532183,0.32913045446228856,0.54879967738966,-1.191578688439896,-0.991723589131187,-0.21635110488102025,0.2507677749376984,0.9828106415819515,-1.3699884650755894,0.006675733931008787,0.265534195612361,-0.24554379195229303,1.2198243783945686,-0.03884860964854601,-0.29560385497531205,-0.8177016286475542,0.6919211722430669,0.5588750111521743,-0.19182656056868103,0.011354694371355264,-1.1583316848172003,0.5172742547943466,-1.6005575352948287,0.6784425467394012,-0.24711807793769255,0.039667408867139806,0.2826599372617422,-0.7103177577989066,-0.5143306533642279,0.4040871600018455,0.8387048336992257,0.33736440618725044,-0.6229825088590765,-1.1557659505936422,-0.8419893842251338,0.001598890388505746,0.6177763859621793,-0.7796092005710025,0.8781505080426422,-0.33019996018438574,-0.02310207513428822,0.3139598567567971,1.0275154415304795,-0.869642426472834,-0.8885297827543006,0.23291093948815222,0.6657909129315341,-0.020860322034860927,0.5723480829660749,-0.13640584648303933,0.33924267407808306,-0.6259662837694011,0.2745466190723683
-0.4028932345436615,-1.5828367190159047,0.3006296875814585,0.9664559397669265,0.54879967738966,1.0650636415220944,-1.4047533930412786,-1.3795561378808145,-0.6138082664203757,0.6037534037995654,0.13256804090542243,-1.9154142670122813,0.10479459724916616,-0.4171256900364173,-0.30221807537998707,1.2739809736995744,-0.1644238886131382,0.018088035800896456,-1.3978380947307714,0.6896612042030812,0.8344686060662428,0.34967704145065676,-0.296084094162788,-1.1171701585825817,0.49515189356311123,-2.142543715523,0.9372400701019614,-0.5734301103589814,-0.3223387268273022,0.13213575485569382,-0.2669911466029074,0.019582329595615042,0.021010676293926632,0.6632999352037203,0.276307678513704,-0.6571334325528838,-0.9548428799975388,-0.6912780512694271,0.46253861607211294,1.086851722075679,-0.7348152332494562,0.9657798084454434,-0.5992428691056063,-0.1570834712420398,0.6165925010800434,1.1827844046391063,-1.408946632892289,-0.9726620943219623,0.1373495601798635,0.401486193846608,-0.13164461801678234,0.827650866363654,-0.3341817310902276,0.4585463155482932,-0.742882771431407,0.08990544223228258
0.08588152048893381,3.3723090602986483,-1.2403802436344107,-6.509788265061122,-1.191578688439896,-1.4047533930412786,6.573274495358367,4.654130428144705,-0.19890512838096105,-0.18745512592533756,-9.404008505881661,6.391803975701772,0.33935682919501226,-4.298725556431864,1.3050575384241145,-7.3658855007646,-0.24610497217017727,3.0534393930379347,2.826943491949327,-4.306154364183182,-2.401419948894199,3.29308691495908,-1.2637549950686353,7.3539198157698165,-3.2985438340852746,7.8371719473937125,-3.2092188346682837,0.2683111508945278,-1.6513918815586761,-2.3397598909046367,6.132285925253013,5.2666349317950925,-3.9965038013609346,-5.889808417335526,-2.33227394717281,3.736668107603559,7.9580489244464125,5.814365616615489,1.7790748815770843,-2.0163014002330346,5.015850543098139,-5.1139017485412746,1.0065920439387328,-0.37653041409805393,-0.7753599799849615,-5.779056566471284,3.30801781012015,5.191940126576492,-1.817456916048234,-5.1609152184542335,-0.3004169194747003,-2.56385335362166,0.0795782388784698,-1.6439238706262977,3.433968620131348,-2.421785001318951
0.2543378860374009,2.8216272994985743,-0.8961288166970696,-4.395421640138836,-0.991723589131187,-1.3795561378808145,4.654130428144705,3.489033795309841,0.1894780745936307,-0.4164202529111342,-5.713676719514712,4.8021651923627795,0.1510379588365075,-2.3713862370874055,0.935766377838381,-5.064265873174121,-0.06503056648465262,1.8244388529679458,2.4010379105027058,-2.9328689172866635,-1.8619855371332672,1.8014611336787452,-0.6098524675736529,4.978160203677131,-2.2299236371309124,5.7843950464304426,-2.398778640396686,0.4497127106152598,-0.8294074167452735,-1.4714897396316124,3.8167107332692782,3.1526746666906114,-2.41041150322329,-3.8705614864977993,-1.539553932642408,2.5745320353432355,5.25923540409977,3.8393404772219744,0.8355202692870155,-1.7577468294406535,3.3817552106765514,-3.556874855756078,0.9060288549853709,-0.1470429438451852,-0.7759091330848108,-4.065502524152259,2.6955054353216013,3.60719871327868,-1.1604790363936666,-3.301107000621642,-0.1141419903292949,-1.9560924728704943,0.21597222934948104,-1.2179271815666062,2.435921777214592,-1.4994909234740985
0.327369821065545,0.6377581545304876,0.0070277697576753275,0.5614407871229463,-0.21635110488102025,-0.6138082664203757,-0.19890512838096105,0.1894780745936307,0.5691969825999887,-0.4780261476713837,1.8953092022874627,0.2780563965489271,-0.1624220157850963,1.2763062443158073,-0.019481497560408487,0.4804519589194916,0.19366882073590916,-0.6678548570819937,0.595524212176508,0.328173726871988,-0.20301142472465275,-1.0035865783548612,0.5240528689840792,-0.6124548628774155,0.27981235827705975,0.16416605465634587,-0.11862090057833087,0.43473354390967495,0.6293988627769562,0.38648036751039133,-1.080995753730506,-1.141964152060778,0.8357804311596626,0.6891235821875488,0.2611674989739512,-0.23441870916521038,-0.8808094360240767,-0.6489975793409548,-0.7769791553082636,-0.5018544063708739,-0.4410466169046385,0.2638026322151606,0.29915586029493163,0.21523466723120355,-0.3634431419925379,0.21969870774402125,0.5022787375348751,-0.27457034279871995,0.2704221915116963,0.7580634391052199,0.17714284991417759,-0.16245805956953357,0.26975669954405873,-0.04226728332086815,-0.09616945278006335,0.4402414234709837
-0.28585109283305266,-0.7315680636347381,0.061574133475353385,-0.12737738981861865,0.2507677749376984,0.6037534037995654,-0.18745512592533756,-0.4164202529111342,-0.4780261476713837,0.4207820280851417,-1.1152471479225525,-0.587213662935848,0.12100332220311788,-0.8618759316499413,-0.05440273203655127,-0.011155444661198489,-0.15292210961367048,0.40716955543581934,-0.6655681914900834,-0.04714336444490247,0.3052552716362508,0.682457834575006,-0.3812125712569133,0.12518051067073174,-0.06053057812249534,-0.5681792120518722,0.276805236672639,-0.3880053779466256,-0.45056081983760693,-0.20440436435387782,0.5941853980059042,0.6937337883564687,-0.49999263742108113,-0.27083414161522423,-0.09718525355740433,-0.002338000849022754,0.3227354210190347,0.2404835809802026,0.5703552407132407,0.5409324520117451,0.10540340012729678,0.052169143529880516,-0.31180379313982703,-0.1643349656374193,0.354414990039938,0.1263059046827499,-0.6117048664492809,-0.0471754786672386,-0.13319414898751628,-0.3697742548859687,-0.13576903144349492,0.279279414690881,-0.2360245583136504,0.12590749268882578,-0.10457727894375914,-0.24610745787784552
0.8208798707696803,-2.708656644913486,1.6872901089407086,10.355565826087773,0.9828106415819515,0.13256804090542243,-9.404008505881661,-5.713676719514712,1.8953092022874627,-1.1152471479225525,18.060682042289987,-7.795934560045658,-0.9206738164885099,9.428274433423198,-1.8098429203984145,11.274608336441613,0.8847007948436746,-6.01425411221883,-2.0964257646492594,6.726498618073856,2.6471081626579047,-7.296590308732035,3.1974569034223808,-11.636065079436968,5.233857470614576,-10.064387003237863,3.974233788594675,0.8827452890492536,4.019775074547287,4.250238091330539,-11.334145738179517,-10.345003086747276,7.7621084611764175,9.887438970565729,3.8817701613124833,-5.692907808382567,-13.215598587992066,-9.671273037490845,-4.613491012444096,1.2747485020489628,-8.003227135276342,7.628086056352813,-0.4973398553007645,1.121684959220595,0.0026725205919586642,8.395973663666362,-3.009726265864822,-7.763772169349826,3.2162735835696994,9.104910248639637,0.910437614710031,2.98141985465584,0.6645713495061033,2.088704720439318,-4.89064336358262,4.5142501567765025
0.35974783986720366,3.898542684630808,-1.231675470167476,-6.024961788093202,-1.3699884650755894,-1.9154142670122813,6.391803975701772,4.8021651923627795,0.2780563965489271,-0.587213662935848,-7.795934560045658,6.610040012632755,0.20261083436152028,-3.2204712936324946,1.2857793300948177,-6.946911518643039,-0.08341355209646927,2.487390212983361,3.3190612947672946,-4.021623942248068,-2.565909539157416,2.445431430228073,-0.8221625479735991,6.824466268161536,-3.056790591289739,7.9567753361307405,-3.301222217300171,0.6316419961681374,-1.1207275183848804,-2.010890598760393,5.213367809108046,4.298645755113775,-3.2877284772024717,-5.299501343304242,-2.1083280253197834,3.5319201426382087,7.202563656355534,5.257821694602573,1.1245705390707625,-2.4318472059176455,4.635212818228702,-4.881420779311359,1.2547438098966608,-0.1954885171163188,-1.0778568894153162,-5.5819856584861745,3.720980389419907,4.95026801783346,-1.5869353415000573,-4.514552970592943,-0.1514359263383262,-2.6940242478780894,0.3052269588487732,-1.675568168104035,3.345646076004332,-2.0477223797048425
-0.08471439713643039,-0.02577090111854167,-0.05579430218562673,-0.43454411586348923,0.006675733931008787,0.10479459724916616,0.33935682919501226,0.1510379588365075,-0.1624220157850963,0.12100332220311788,-0.9206738164885099,0.20261083436152028,0.05862783961493591,-0.5316062747258978,0.061969898241013524,-0.4498626682971548,-0.06301653845105577,0.3131111705429849,-0.03805757836988288,-0.27577054538876866,-0.04949793773260137,0.41422832049924174,-0.19649627586973667,0.48500479170772964,-0.21892449278462112,0.296183641878476,-0.10739769129825544,-0.1057925664465976,-0.24179897387603427,-0.20608122794829217,0.5585083993597839,0.5373665659252918,-0.3994569761288478,-0.4421011902687965,-0.17190105902816988,0.22569733083830246,0.5837581626333037,0.4279828062793824,0.28722004600695067,0.0479748832674886,0.33710263790547895,-0.29347956605718395,-0.037085321148150344,-0.0745097272815474,0.06450153579953796,-0.31046434687143176,0.008037025415359436,0.2997786284637381,-0.15203087653549308,-0.42905484835884544,-0.06091281108963966,-0.06751146743268624,-0.06942234111765178,-0.060011710506096994,0.17519394600411187,-0.22417002420411236
0.6154182286802449,-0.6996781169353081,0.7490821386694938,4.9989809044716385,0.265534195612361,-0.4171256900364173,-4.298725556431864,-2.3713862370874055,1.2763062443158073,-0.8618759316499413,9.428274433423198,-3.2204712936324946,-0.5316062747258978,5.144143681957048,-0.8127441605312793,5.341284097852047,0.5399589140048496,-3.168083155806267,-0.4625708906700919,3.218818669086624,1.0093743137714895,-3.9933557963220965,1.8152271995547917,-5.602857247646031,2.5235020334297573,-4.308481652724568,1.6596594548924564,0.7258630061668269,2.2592618496847847,2.172632307955959,-5.832796971693656,-5.444088587484039,4.068514935670616,4.891586719267162,1.9131518992878331,-2.6906496142458884,-6.5069154151219895,-4.765228893992713,-2.6352701736195154,0.17300425343328502,-3.868959163981357,3.5663057348572207,0.012580843805326505,0.6611125150166968,-0.2804026275127042,3.870564548116236,-0.9373305606803759,-3.634447771968667,1.627016965076127,4.600114493545606,0.5384997330446389,1.188133312309238,0.501891624718481,0.8878068002020938,-2.229958909576517,2.3306419354437597
0.028774484670175904,0.695822537180429,-0.24734898580808815,-1.2795042249774973,-0.24554379195229303,-0.30221807537998707,1.3050575384241145,0.935766377838381,-0.019481497560408487,-0.05440273203655127,-1.8098429203984145,1.2857793300948177,0.061969898241013524,-0.8127441605312793,0.2598169775369062,-1.4532714826210833,-0.04224546345381976,0.5857840973136044,0.5854588557426208,-0.8479136236966168,-0.4865723128349872,0.6216931813407052,-0.23364522924153303,1.446193200340771,-0.648497335252824,1.5702501519507805,-0.6448228202593161,0.06900449931977756,-0.3072808652076104,-0.4533200009369376,1.185689888090738,1.0107267552418233,-0.7680677230995174,-1.151210459333388,-0.45627781522273553,0.7375663688879218,1.5572517732855864,1.1375764846652086,0.32752472064949856,-0.42031454951062186,0.9855694030378849,-1.011438828827123,0.21155970008579977,-0.06751419719154171,-0.16768642699503514,-1.1457809669747776,0.6781757342470913,1.026634049041588,-0.353183927887393,-1.0032630829306126,-0.05367391599062754,-0.5175557683934293,0.025469220034661913,-0.3296536478805779,0.6820548490699916,-0.46778335892104245
0.05467049058830053,-3.440604686076194,1.3759944600536385,7.461423906624306,1.2198243783945686,1.2739809736995744,-7.3658855007646,-5.064265873174121,0.4804519589194916,-0.011155444661198489,11.274608336441613,-6.946911518643039,-0.4498626682971548,5.341284097852047,-1.4532714826210833,8.371863666681264,0.3609465448875964,-3.684805336695599,-2.8563409466605925,4.915887514766164,2.564907334424034,-4.103576029225531,1.638320665912675,-8.41899010401576,3.7786062666014586,-8.598647103376836,3.4975272177765873,-0.09813131890251536,2.1155123108175564,2.7662625869471817,-7.281238244611001,-6.351069297429884,4.805332967197481,6.833660518276382,2.700667705897378,-4.242736306702738,-9.210334922078562,-6.731813934380491,-2.3243193494877867,2.002007833948237,-5.75295906985693,5.78041735986608,-0.9772219440817608,0.5151564926438535,0.6919064833585071,6.496400731114862,-3.4314102553289323,-5.871709676096981,2.13513008099963,6.0584924881148,0.41349855796480245,2.7632254163837477,0.035297540281207726,1.8000691318138269,-3.8444994886618113,2.881630260838212
0.1058922854786137,0.11836466936419364,0.036353392489677894,0.364240107351969,-0.03884860964854601,-0.1644238886131382,-0.24610497217017727,-0.06503056648465262,0.19366882073590916,-0.15292210961367048,0.8847007948436746,-0.08341355209646927,-0.06301653845105577,0.5399589140048496,-0.04224546345381976,0.3609465448875964,0.07079091448798164,-0.304603563442194,0.1193613664129026,0.22665222825501782,-0.0012463831322189571,-0.4221920506188719,0.20795439265830284,-0.40426707442615495,0.18301682164260494,-0.16072586347556259,0.048819952095206585,0.1363891441497556,0.25342377834295143,0.19198458390838444,-0.5256808244876892,-0.5220919307068018,0.3860027457457263,0.38945103067206494,0.150342635684102,-0.18002676680645732,-0.5095749558269695,-0.3741129377326751,-0.30572527292727886,-0.11062767191483637,-0.283445215940978,0.2275263236189906,0.07130387588576455,0.081500266003752,-0.09890481633423823,0.23119176589483897,0.0753301812798545,-0.23322813417106572,0.1392794744033218,0.392250130337774,0.06681592037565008,0.016619644354661678,0.08701503343234622,0.03112401249441054,-0.1260085297252517,0.21201159310721487
-0.29727095081350124,0.8105804670709286,-0.5450137389831046,-3.3963526196810707,-0.29560385497531205,0.018088035800896456,3.0534393930379347,1.8244388529679458,-0.6678548570819937,0.40716955543581934,-6.01425411221883,2.487390212983361,0.3131111705429849,-3.168083155806267,0.5857840973136044,-3.684805336695599,-0.304603563442194,2.006402127391948,0.6172628051885157,-2.202493989622819,-0.8338264825109621,2.453366692200573,-1.0834508725319356,3.8144972130375554,-1.7161763870433653,3.230480821453706,-1.2703218727914873,-0.32787216201003094,-1.359172767764918,-1.4094368819779783,3.7635502510822176,3.4504988579679594,-2.5869057449079462,-3.2579942992310946,-1.2781463632404952,1.8597647954358827,4.3506583469008495,3.1842815668108564,1.565336663236176,-0.3614772228818777,2.62555511055412,-2.4869640390305787,0.1307821452531006,-0.3831921804750214,0.0351705331053883,-2.730310159827003,0.9211362850716316,2.5318032808920323,-1.064375191114809,-3.0123863011714325,-0.3112683649468662,-0.9456951519190833,-0.2411338880440771,-0.6696227668283693,1.5872492616899736,-1.499936791818103
0.4359751818267361,2.344980509586846,-0.570337543929321,-2.358892813056041,-0.8177016286475542,-1.3978380947307714,2.826943491949327,2.4010379105027058,0.595524212176508,-0.6655681914900834,-2.0964257646492594,3.3190612947672946,-0.03805757836988288,-0.4625708906700919,0.5854588557426208,-2.8563409466605925,0.1193613664129026,0.6172628051885157,2.0394055526103156,-1.6126414612908455,-1.3661540717977403,0.32308737546629424,0.04400812893855356,2.6911229673661055,-1.2009134540437634,3.8558263255225036,-1.6410658556170268,0.6509449265552707,-0.009489909489450773,-0.6244913203204552,1.554415802041622,1.0767201629492198,-0.8542764080784997,-1.9151625824813545,-0.7725417618494894,1.460264533315201,2.6485162820563857,1.9284815766410481,-0.10939918165439255,-1.5478339491616626,1.807328118636026,-2.0674293475184924,0.8315139903017832,0.08457694049343474,-0.8013518001224587,-2.4311676019886734,2.151139916659188,2.090825606261055,-0.5211057714575397,-1.4916464853521447,0.07403149540731863,-1.3929134141283444,0.3633602104015291,-0.818268661896465,1.4861953301617554,-0.5977544097411392
0.05967157289102102,-1.9492737466771042,0.801856133637722,4.39261523536753,0.6919211722430669,0.6896612042030812,-4.306154364183182,-2.9328689172866635,0.328173726871988,-0.04714336444490247,6.726498618073856,-4.021623942248068,-0.27577054538876866,3.218818669086624,-0.8479136236966168,4.915887514766164,0.22665222825501782,-2.202493989622819,-1.6126414612908455,2.890485206297178,1.4763126371353357,-2.4748977487058808,0.9985736449491094,-4.954555700939202,2.2241184751319025,-4.993133612203185,2.0265641129082694,-0.020175542471110627,1.2854081472250574,1.6436905895663372,-4.331871012221232,-3.7954068585246343,2.8692696549367773,4.0379183707358415,1.594837191669525,-2.49052728247221,-5.438181821218808,-3.9751992573760964,-1.4195464401999822,1.123118907732396,-3.3875197496057305,3.3884345850258892,-0.5436101981186071,0.31828480113723095,0.37200158842757525,3.8016117669368863,-1.9554410505773734,-3.4425118828521155,1.2663061484320919,3.592391521914855,0.2558472321336484,1.5952447880635912,0.04349224287329832,1.0446069859904803,-2.246873474737843,1.7154418792475752
-0.19289601904338552,-1.5941447005194873,0.46808191358196055,2.199823680432124,0.5588750111521743,0.8344686060662428,-2.401419948894199,-1.8619855371332672,-0.20301142472465275,0.3052552716362508,2.6471081626579047,-2.565909539157416,-0.04949793773260137,1.0093743137714895,-0.4865723128349872,2.564907334424034,-0.0012463831322189571,-0.8338264825109621,-1.3661540717977403,1.4763126371353357,1.0122579294415155,-0.7605850432335615,0.22388191732128113,-2.4957428892612485,1.1169493307938592,-3.0596064646085606,1.278027620917984,-0.31480010626461163,0.31967235865564186,0.7002600418746607,-1.8019949120865533,-1.443079413056343,1.1101257521881855,1.901641449620529,0.7587552778870401,-1.3057196413309624,-2.5940377369221332,-1.8926041746130458,-0.29596892833665905,1.0121425199680183,-1.6908470641265916,1.8148818206959354,-0.5290868650434167,0.03777743648796815,0.47265448287053335,2.08932502159592,-1.5033872851360892,-1.8392768262999193,0.5585210697984361,1.590811520827463,0.0274893121897751,1.0541548985955882,-0.1622979662038315,0.6456161835132556,-1.2583239934243329,0.7051250767234809
-0.48659763757044333,0.5020291632350278,-0.572442672798289,-3.846259091666642,-0.19182656056868103,0.34967704145065676,3.29308691495908,1.8014611336787452,-1.0035865783548612,0.682457834575006,-7.296590308732035,2.445431430228073,0.41422832049924174,-3.9933557963220965,0.6216931813407052,-4.103576029225531,-0.4221920506188719,2.453366692200573,0.32308737546629424,-2.4748977487058808,-0.7605850432335615,3.100658046481826,-1.4128798349040268,4.310035207770639,-1.9414207995314003,3.282135213061279,-1.2614957051501472,-0.5763889500943171,-1.7573371895000782,-1.6788634461526784,4.509392815135322,4.215620230819991,-3.149552502905574,-3.770712236909608,-1.4743418434832487,2.066773406220748,5.014079665783774,3.672176506308036,2.051980245123333,-0.10668882869053124,2.977141636053868,-2.7370148170934234,-0.02477123371616107,-0.5158123786186142,0.23256927333200403,-2.967147721757285,0.6903958032197232,2.7896023915496486,-1.2562857675230563,-3.5516048032336616,-0.420239226763516,-0.8991621736703386,-0.39697574135826047,-0.675889728951161,1.7079290768772273,-1.8022628535843144
0.2681296680691966,-0.01017431843338006,0.21215489248478736,1.565939192745787,0.011354694371355264,-0.296084094162788,-1.2637549950686353,-0.6098524675736529,0.5240528689840792,-0.3812125712569133,3.1974569034223808,-0.8221625479735991,-0.19649627586973667,1.8152271995547917,-0.23364522924153303,1.638320665912675,0.20795439265830284,-1.0834508725319356,0.04400812893855356,0.9985736449491094,0.22388191732128113,-1.4128798349040268,0.6620414825384038,-1.7502000171038548,0.7894406370088629,-1.1605601990556598,0.43089813200827914,0.33043092079049474,0.8173199227713188,0.72214805956638906,-1.9513969584068693,-1.860159138275978,1.385001439914861,1.5730700713394852,0.6128073016632184,-0.823078280954421,-2.0820711082907537,-1.5259220593875586,-0.9658438345043697,-0.0978978911746811,-1.2138593566625202,1.0772592839149242,0.09081164502588235,0.24822766310871042,-0.1846882426623226,1.1497293435586076,-0.11635880119148966,-1.099512686426476,0.5352503792854811,1.5114306809647682,0.20272461277422554,0.285852097716591,0.21947733732017274,0.23668328776673508,-0.653526260334371,0.7821527065576662
-0.1323789712882925,3.2605889655666336,-1.3665676138064586,-7.535232810164191,-1.1583316848172003,-1.1171701585825817,7.3539198157698165,4.978160203677131,-0.6124548628774155,0.12518051067073174,-11.636065079436968,6.824466268161536,0.48500479170772964,-5.602857247646031,1.446193200340771,-8.41899010401576,-0.40426707442615495,3.8144972130375554,2.6911229673661055,-4.954555700939202,-2.4957428892612485,4.310035207770639,-1.7502000171038548,8.497249507774644,-3.8149061516621203,8.490059518338857,-3.4409817609041666,-0.006442093359466792,-2.2486910303036804,-2.8361982083588018,7.480531502034055,6.572424085835697,-4.966069022591018,-6.943016594556735,-2.741216812165982,4.264454174481805,9.346267724095975,6.832412400565673,2.491042036958225,-1.8660465605873409,5.811816795467702,-5.796738676801526,0.8979202543727218,-0.5623811540914078,-0.5995611214858652,-6.496416744490413,3.2838117723211124,5.889865733701305,-2.1824539017933158,-6.190562611657188,-0.4524485358987557,-2.70214221033648,-0.09940953958562117,-1.7754508709391978,3.8364281423135913,-2.963468652015136
0.06236741306592954,-1.4558110598653167,0.6126858277960956,3.383171145096852,0.5172742547943466,0.49515189356311123,-3.2985438340852746,-2.2299236371309124,0.27981235827705975,-0.06053057812249534,5.233857470614576,-3.056790591289739,-0.21892449278462112,2.5235020334297573,-0.648497335252824,3.7786062666014586,0.18301682164260494,-1.7161763870433653,-1.2009134540437634,2.2241184751319025,1.1169493307938592,-1.9414207995314003,0.7894406370088629,-3.8149061516621203,1.712778523036256,-3.804514504378276,1.5414717728291292,0.006899741610318867,1.0138798579899992,1.2750139256853543,-3.36344381215753,-2.956909067351435,2.2339673260687505,3.118863784214731,1.2312790264997402,-1.9138880408179761,-4.197994526806362,-3.068911174990615,-1.1238883234225387,0.8319017896730125,-2.6094640069055592,2.6010721558392684,-0.3997689302029132,0.25409660688461616,0.26542277924822594,2.914323026980326,-1.467470804269431,-2.6429183109478025,0.9808737448109518,2.7821801500354497,0.20446541751026592,1.2098498482362363,0.047054698466405954,0.7955314484010246,-1.7207311868971682,1.332564693018531
0.33752870771897925,4.547909024555288,-1.5006173469515658,-7.501769695974276,-1.6005575352948287,-2.142543715523,7.8371719473937125,5.7843950464304426,0.16416605465634587,-0.5681792120518722,-10.064387003237863,7.9567753361307405,0.296183641878476,-4.308481652724568,1.5702501519507805,-8.598647103376836,-0.16072586347556259,3.230480821453706,3.8558263255225036,-4.993133612203185,-3.0596064646085606,3.282135213061279,-1.1605601990556598,8.490059518338857,-3.804514504378276,9.630065189854717,-3.980009895173895,0.6354743717243551,-1.5560230762471048,-2.5646935429423188,6.673311356260376,5.579102774610575,-4.2555486996495,-6.658226713743817,-2.644902939394281,4.368675306288968,9.03214675897316,6.595244087837403,1.6058437987021084,-2.805087752734052,5.774159652386217,-6.019478455890369,1.4350195670849009,-0.3036744120288849,-1.2001516476403544,-6.858300607941314,4.373329003213543,6.10653263716387,-2.013403098759508,-5.7243405177518385,-0.23842697724145082,-3.2278775169506595,0.28882213416949365,-2.025581507928474,4.09976155451405,-2.625949146093849
-0.16832705497598308,-1.9298250733853393,0.6172668590636551,3.038614792580641,0.6784425467394012,0.9372400701019614,-3.2092188346682837,-2.398778640396686,-0.11862090057833087,0.276805236672639,3.974233788594675,-3.301222217300171,-0.10739769129825544,1.6596594548924564,-0.6448228202593161,3.4975272177765873,0.048819952095206585,-1.2703218727914873,-1.6410658556170268,2.0265641129082694,1.278027620917984,-1.2614957051501472,0.43089813200827914,-3.4409817609041666,1.5414717728291292,-3.980009895173895,1.649449811300765,-0.30063434166534714,0.5842907511692536,1.0213985590216759,-2.6509135370571197,-2.1948948996034243,1.6773527059997952,2.6798303284775717,1.065659158062995,-1.7778407462224781,-3.6401375886080545,-2.6574935911336914,-0.5915761582172325,1.2000149621266372,-2.3380428098718316,2.454944804486441,-0.6177029325412428,0.10574740633762704,0.5267559428683315,2.8042928504437263,-1.845794864328613,-2.4898248904379123,0.8048016998763604,2.289111642052283,0.08229605745823701,1.3436797553199569,-0.14310722227650458,0.8378462088399665,-1.679505150573983,1.041802102900608
0.26297441680517125,0.7193931104009572,-0.07461816644934206,0.020869113567853512,-0.24711807793769255,-0.5734301103589814,0.2683111508945278,0.4497127106152598,0.43473354390967495,-0.3880053779466256,0.8827452890492536,0.6316419961681374,-0.1057925664465976,0.7258630061668269,0.06900449931977756,-0.09813131890251536,0.1363891441497556,-0.32787216201003094,0.6509449265552707,-0.020175542471110627,-0.31480010626461163,-0.5763889500943171,0.33043092079049474,-0.006442093359466792,0.006899741610318867,0.6354743717243551,-0.30063434166534714,0.3591872506853058,0.3882236169877953,0.15272798972415685,-0.4538104160084127,-0.5576848664937821,0.39898541681504934,0.1613305738662775,0.05467218412096868,0.057103726224623494,-0.17842606303296177,-0.13465206775354346,-0.4960221182185414,-0.5249099074705115,-0.022725915062311745,-0.12298536019271543,0.300278516381448,0.14492032962724438,-0.3358897528192828,-0.20064326838586538,0.6087051130580524,0.11956015236871502,0.09521383749890602,0.26263721397678913,0.11988430624067793,-0.2934061994965276,0.2172636050825873,-0.13945562058374233,0.1462570612362783,0.1897028042430232
0.31791319100074894,-0.08606979122171307,0.2802329804816594,2.0104152087448814,0.039667408867139806,-0.3223387268273022,-1.6513918815586761,-0.8294074167452735,0.6293988627769562,-0.45056081983760693,4.019775074547287,-1.1207275183848804,-0.24179897387603427,2.2592618496847847,-0.3072808652076104,2.1155123108175564,0.25342377834295143,-1.359172767764918,-0.009489909489450773,1.2854081472250574,0.31967235865564186,-1.7573371895000782,0.8173199227713188,-2.2486910303036804,1.0138798579899992,-1.5560230762471048,0.5842907511692536,0.3882236169877953,1.0110237491581615,0.9126023102877792,-2.46187515666918,-2.334076803792155,1.7395078801103647,2.0053273558177267,0.7820256005396418,-1.063605756910787,-2.6577537333303463,-1.9474386502671808,-1.1909640092616194,-0.07255592468577156,-1.5577387875788176,1.3969599381554172,0.08624112645543211,0.30431816015760316,-0.20327626319577496,1.4979818802625895,-0.2113086198641733,-1.4252147374281365,0.678238975506698,1.9158305014166204,0.24837414870857336,0.39714709317431296,0.2600253766572197,0.31833320669751936,-0.8547446437372088,0.9859678879730054
0.1543888564298643,-0.7856906713103233,0.4244143054949329,2.5214519994058273,0.2826599372617422,0.13213575485569382,-2.3397598909046367,-1.4714897396316124,0.38648036751039133,-0.20440436435387782,4.250238091330539,-2.010890598760393,-0.20608122794829217,2.172632307955959,-0.4533200009369376,2.7662625869471817,0.19198458390838444,-1.4094368819779783,-0.6244913203204552,1.6436905895663372,0.7002600418746607,-1.6788634461526784,0.72214805956638906,-2.8361982083588018,1.2750139256853543,-2.5646935429423188,1.0213985590216759,0.15272798972415685,0.9126023102877792,1.0097876440944462,-2.68471062087232,-2.425439393191125,1.8232530684221926,2.3828561826042676,0.9370080770620898,-1.3980884957984794,-3.191413149232803,-2.334790033226894,-1.0386092512907705,0.4021976565070078,-1.9475386910765349,1.8814261397103724,-0.17353666664422013,0.24828567454719652,0.059116364707142974,2.0821842952180742,-0.8398372356716897,-1.9139158153576723,0.7676782683670131,2.1744125384204307,0.20113252602236706,0.7780545635264456,0.12423145177163779,0.5335796990878148,-1.2179834516929258,1.067728108503249
-0.44451907528158413,1.9698046849373245,-1.1086625434225514,-6.652533085497262,-0.7103177577989066,-0.2669911466029074,6.132285925253013,3.8167107332692782,-1.080995753730506,0.5941853980059042,-11.334145738179517,5.213367809108046,0.5585083993597839,-5.832796971693656,1.185689888090738,-7.281238244611001,-0.5256808244876892,3.7635502510822176,1.554415802041622,-4.331871012221232,-1.8019949120865533,4.509392815135322,-1.9513969584068693,7.480531502034055,-3.36344381215753,6.673311356260376,-2.6509135370571197,-0.4538104160084127,-2.46187515666918,-2.68471062087232,7.144594381099835,6.475604066179195,-4.864969799173275,-6.3069863071432755,-2.478843552829418,3.678921848117599,8.441739468289267,6.1764353834244945,2.8094965720860783,-0.9860916668079063,5.139274388190652,-4.944217498036231,0.41498481346553134,-0.6753703334294604,-0.10817610447952315,-5.462623064372954,2.1283277861184886,5.030386358786983,-2.0380482990974644,-5.771673758279668,-0.5474600387177937,-2.0101946547600336,-0.358493396750128,-1.3873402520097213,3.1912815617227466,-2.842764723857884
-0.5068983698291957,1.41119784053345,-0.9405921539405242,-5.851649484874476,-0.5143306533642279,0.019582329595615042,5.2666349317950925,3.1526746666906114,-1.141964152060778,0.6937337883564687,-10.345003086747276,4.298645755113775,0.5373665659252918,-5.444088587484039,1.0107267552418233,-6.351069297429884,-0.5220919307068018,3.4504988579679594,1.0767201629492198,-3.7954068585246343,-1.443079413056343,4.215620230819991,-1.860159138275978,6.572424085835697,-2.956909067351435,5.579102774610575,-2.1948948996034243,-0.5576848664937821,-2.334076803792155,-2.425439393191125,6.475604066179195,5.934103716310566,-4.449296975421673,-5.610414407607806,-2.2011988889704344,3.2056118783538357,7.4927771241152685,5.483941917964225,2.687126739019043,-0.6334450281819299,4.523494115660779,-4.287634194733665,0.23140965550124468,-0.6573321684393705,0.0538144270506486,-4.70850227774478,1.59945651373112,4.364826744274786,-1.8320442467365434,-5.185174916348331,-0.5339069616914509,-1.6354033988116061,-0.411096107105401,-1.1566072179179208,2.7378557377756993,-2.5806278688245836
0.36661799427486547,-1.1112998916428205,0.715420233476181,4.420513125548414,0.4040871600018455,0.021010676293926632,-3.9965038013609346,-2.41041150322329,0.8357804311596626,-0.49999263742108113,7.7621084611764175,-3.2877284772024717,-0.3994569761288478,4.068514935670616,-0.7680677230995174,4.805332967197481,0.3860027457457263,-2.5869057449079462,-0.8542764080784997,2.8692696549367773,1.1101257521881855,-3.149552502905574,1.385001439914861,-4.966069022591018,2.2339673260687505,-4.2555486996495,1.6773527059997952,0.39898541681504934,1.7395078801103647,1.8232530684221926,-4.864969799173275,-4.449296975421673,3.3372095966498,4.229451836898388,1.6599291481221654,-2.4258968503418457,-5.6507983878485275,-4.135549023357337,-1.9995607224248737,0.5114432914665697,-3.416771819942003,3.2476450713733858,-0.19361647076402672,0.48766428263223,-0.019690496782921594,3.5705232284926356,-1.2466450967860372,-3.3057610780082003,1.3784437238296048,3.901791755996485,0.39596258565537673,1.2541192778094647,0.29707862604071017,0.8827023985043876,-2.078002981153218,1.9382128193954928
0.22238694889511096,-2.350538748924483,1.0837356335014396,6.163548494641109,0.8387048336992257,0.6632999352037203,-5.889808417335526,-3.8705614864977993,0.6891235821875488,-0.27083414161522423,9.887438970565729,-5.299501343304242,-0.4421011902687965,4.891586719267162,-1.151210459333388,6.833660518276382,0.38945103067206494,-3.2579942992310946,-1.9151625824813545,4.0379183707358415,1.901641449620529,-3.770712236909608,1.5730700713394852,-6.943016594556735,3.118863784214731,-6.658226713743817,2.6798303284775717,0.1613305738662775,2.0053273558177267,2.3828561826042676,-6.3069863071432755,-5.610414407607806,4.229451836898388,5.740881330089562,2.2626739101789313,-3.458226575269463,-7.711191220179129,-5.638952693303756,-2.2501106137831215,1.2960355156630212,-4.756736332703066,4.681110707403209,-0.6029121446047835,0.5222988368348858,0.34375048090318733,5.2188356524283535,-2.417600110015353,-4.758660616828458,1.8239131823344765,5.170324839695319,0.4216333473525296,2.0795153917497897,0.17559653886093715,1.389523771662836,-3.0698940976977473,2.5028715675090853
0.08119886829737755,-0.9461658231122005,0.4297765866653044,2.4330896399178332,0.33736440618725044,0.276307678513704,-2.33227394717281,-1.539553932642408,0.2611674989739512,-0.09718525355740433,3.8817701613124833,-2.1083280253197834,-0.17190105902816988,1.9131518992878331,-0.45627781522273553,2.700667705897378,0.150342635684102,-1.2781463632404952,-0.7725417618494894,1.594837191669525,0.7587552778870401,-1.4743418434832487,0.6128073016632184,-2.741216812165982,1.2312790264997402,-2.644902939394281,1.065659158062995,0.05467218412096868,0.7820256005396418,0.9370080770620898,-2.478843552829418,-2.2011988889704344,1.6599291481221654,2.2626739101789313,0.8920203593371572,-1.3668811686899207,-3.040201982333737,-2.2230993365214986,-0.8759677892482746,0.5249178722563038,-1.8775768667074173,1.8513808461508368,-0.24559981370802156,0.20258147134205756,0.1441671348627257,2.0656463212228338,-0.9698617597805471,-1.881913782911579,0.717760468532951,2.0348492234750624,0.16346526934304337,0.8284487390919915,0.06387239309949037,0.5521441517398317,-1.2157927195067522,0.9834657694927238
-0.022278781286947286,1.757629094539253,-0.698537426529731,-3.7791082337996613,-0.6229825088590765,-0.6571334325528838,3.736668107603559,2.5745320353432355,-0.23441870916521038,-0.002338000849022754,-5.692907808382567,3.5319201426382087,0.22569733083830246,-2.6906496142458884,0.7375663688879218,-4.242736306702738,-0.18002676680645732,1.8597647954358827,1.460264533315201,-2.49052728247221,-1.3057196413309624,2.066773406220748,-0.823078280954421,4.264454174481805,-1.9138880408179761,4.368675306288968,-1.7778407462224781,0.057103726224623494,-1.063605756910787,-1.3980884957984794,3.678921848117599,3.2056118783538357,-2.4258968503418457,-3.458226575269463,-1.3668811686899207,2.1503078922850127,4.661764867257722,3.407186428738741,1.1671568053784636,-1.0249122039905194,2.913657315608561,-2.9305675332557914,0.501188141505557,-0.2579649834175247,-0.35739639570785764,-3.2948425668063503,1.750692185218,2.9767400696739186,-1.0795763713946933,-3.063484017373437,-0.20698708598435864,-1.405735532910299,-0.01340638957443268,-0.9146852123584553,1.95041918695475,-1.4557660067358713
