V1,V2,V3,V4,V5,V6,V7,V8,V9,V10,V11,V12,V13,V14,V15,V16,V17,V18,V19,V20,V21,V22,V23,V24,V25,V26,V27,V28,V29,V30,V31,V32,V33,V34,V35,V36,V37,V38,V39,V40,V41,V42,V43,V44,V45,V46,V47,V48,V49,V50,V51,V52,V53,V54,V55,V56
4.4021493540654175,5.875444192081947,1.9526698090845669,-2.3231937935308817,-2.4885019095334777,-1.4549979504440165,1.3617710947565242,1.5595488370515707,2.845462508334959,-1.1715299515192164,5.01128243244914,4.83062536615997,-2.860046212078314,3.075071461289719,-0.7339519280589596,-0.7139866384083019,0.7952178724616672,-2.050689626626604,5.3134040304169545,0.38354617811363895,0.9580824632313709,-2.6243529716383467,2.058606845265118,3.07826891646256,-0.44682091938568697,4.588536099735415,-2.272959455726898,2.4615077891147146,0.4423163115181437,1.62793926525124,-0.18371293751391007,-1.0624562440632852,1.8058803040825704,-0.4216420730491735,-1.59701269031984,-0.13483405165282827,-3.333103314009877,1.769652874719426,-0.8534578153298757,-2.534937891012938,0.5441602453349518,0.9850937641012351,1.6681760962240655,-2.354656971596497,-1.8419250955352295,-1.7292220194897252,6.5492130687043435,1.766103456047152,0.011253953318600202,1.2551868817273086,0.03959967264187867,0.2977548874846427,0.8147648354194328,-0.4126667864822383,2.525960797637049,2.5251078578939237
5.875444192081947,12.237763510120285,0.38109850267747125,-2.168671053778182,-4.527466944240986,-7.382302992872066,4.648152107075505,6.513054399134178,6.637431553371732,-5.023872299360694,11.843825498879909,10.940282981951706,-3.0715538255587953,9.448163618728165,0.4059172346297923,-2.4616773142515247,1.9962561969955732,-4.58057310947327,11.052381165506073,-0.4849273402317233,-3.0403768743806183,-7.637143915803574,4.841296275736387,2.956810594593219,-0.6381874855459101,10.993803724374967,-5.2073088253019035,5.613424270079144,4.303285598279425,2.4860179336585366,-4.287100938017207,-6.117573709575588,5.068157658971417,0.7314585262537115,-0.7950282232425657,0.9799911356236973,-3.2447270497492964,0.4678263076049263,-5.730231464585021,-7.665295446140556,0.743631876089261,-1.2843415613142057,4.5176972394809365,-0.09046729830995769,-4.994791230665611,-4.06954020921252,11.495588199986177,3.1495780562909834,0.815233979109884,3.0765578297553233,1.2900996471111812,-3.2898156337289732,2.9191725365394126,-2.0054870334089263,3.7383161536448517,3.4898012447070856
1.9526698090845669,0.38109850267747125,2.0019432983065153,-1.5091323740596703,-0.4901652817774511,2.1161608147785334,-0.8313562701286227,-1.5567162413872757,-0.1756856668906631,1.2449092737312795,-0.3918231186984423,-0.13424192619891098,-1.6582088891560085,-1.3415089097145023,-1.027852427724334,0.4422635707027371,-0.11596600497931867,0.028561600959241117,0.36454143336091155,0.6759895617131365,2.6302434193166055,0.9363231169112585,-0.14107544150409768,1.9711717379982545,-0.1796722302121716,-0.43247688381553023,0.09667313225482584,-0.08601625601626262,-1.6929531599338081,0.5680937785725351,1.97373642117941,1.922413132935657,-0.5496554868269322,-0.8502293771449914,-1.3969892785361862,-0.6560437572648168,-2.097334724808159,1.7471308523328342,1.9665958876584484,1.05795334765858,0.23396815784065442,1.7580067158031918,-0.4262098184539446,-2.5956435295291307,0.4727518627926323,0.12518084101995547,1.5179433169057448,0.391021661075308,-0.40238185337333116,-0.14738082801475563,-0.6092323928556242,2.0039220589487687,-0.5723383344442804,0.5409561522351848,0.9366842788381172,1.0623541500554812
-2.3231937935308817,-2.168671053778182,-1.5091323740596703,1.4455670012100796,1.0561053635654392,-0.3969650869231416,-0.12768471708104315,0.11672507628510491,-0.89349177670184865,-0.12959749345418972,-1.515737552268228,-1.6021804301237978,1.6756937907621277,-0.4692508037228181,0.680881071777473,0.0751948139691663,-0.2219668825896304,0.6772463146083285,-1.971812385897202,-0.40572320489660524,-1.4355266553624793,0.48782809476783195,-0.6393228262382836,-1.9032969477108514,0.2365387423959222,-1.3974241443393292,0.7394071296895302,-0.8020123293834415,0.5708848416991006,-0.7891930034010811,-0.7883506787534751,-0.46678723950507717,-0.3714774146158845,0.5188395364672664,1.1418579993545355,0.31592303230929203,2.003088579368415,-1.3551875450292563,-0.5493373845750317,0.41745443599130266,-0.29667856880542554,-1.0667183106048188,-0.38878054889591285,1.9001519340007962,0.42781416523564936,0.5495285057776433,-2.879699880028722,-0.7806818410119544,0.17118733157662513,-0.3533796799287514,0.24465635769607114,-0.9427191152747596,-0.03427590233652982,-0.0814573843421948,-1.2639689863837527,-1.3027907526390363
-2.4885019095334777,-4.527466944240986,-0.4901652817774511,1.0561053635654392,1.7388231810873556,2.3174117057026407,-1.5479488461025839,-2.099542697923637,-2.387521274023369,1.6158824383582948,-4.24731756344872,-3.964807830157478,1.4078673279280514,-3.2034721678330427,0.03445053592987509,0.8167336340309093,-0.7043609869232329,1.6661977626304993,-4.085900865490626,0.05750338066959481,0.650031841980444,2.6197144021274874,-1.7356567606010187,-1.4171474785556646,0.26364790637778945,-3.931447645021648,1.8831568124497065,-2.0299115712064517,-1.271646630641816,-1.0042991724458887,1.2149160487203998,1.894132549911,-1.751116414064096,-0.11867576069769485,0.5323719726355051,-0.2456732993728589,1.5494763791806536,-0.4805345065810391,1.7488675757722985,2.6128722284906147,-0.3124633398371141,0.15870005941220744,-1.5737486384219896,0.4917636094932061,1.7389773406369702,1.4616376685959294,-4.455555835405352,-1.2133905927540045,-0.2264512471816743,-1.0913903691515177,-0.3617889283072545,0.8451416776071663,-0.9652686723346392,0.6281500714820697,-1.5284367440775897,-1.458925835053189
-1.4549979504440165,-7.382302992872066,2.1161608147785334,-0.3969650869231416,2.3174117057026407,7.222341956544544,-3.9516239445146706,-6.0030117909152345,-4.457107921408764,4.681761473226855,-8.051902158006104,-7.156809891064575,0.013072926264177383,-7.637684359737966,-1.4725998978769161,2.0943026281519077,-1.4171419374425178,2.9670937703926716,-6.648608083794854,1.1050693767821436,5.044053534805802,5.995515765354481,-3.2697986930414906,0.4320944218964858,0.19446130058713215,-7.542051288096504,3.4436685150707578,-3.6955901085890885,-4.752396917665224,-0.9244648513904706,5.077713967026427,6.186099084828486,-3.8954641792173397,-1.4743208620407746,-1.138331110513871,-1.3954012120957566,-0.3896254048744247,1.7680631011750487,5.984879475347633,6.149714342916593,-0.19624770706078776,2.8924385886060673,-3.3925198903121556,-3.0061176511513765,3.753455680052738,2.748528111654367,-5.56724711547284,-1.5539101498816743,-0.9979265860337009,-2.1503291701916933,-1.5458700456671568,4.469432771191961,-2.5423531373897417,1.9270228450295404,-1.2847919563083132,-0.9825009706157928
1.3617710947565242,4.648152107075505,-0.8313562701286227,-0.12768471708104315,-1.5479488461025839,-3.9516239445146706,2.2520748405866087,3.340034148160918,2.705076994082903,-2.591123284233895,4.850137846633705,4.39320398093483,-0.4006752595664944,4.379076513394417,0.6658334931083789,-1.2008083195691763,0.844920272484955,-1.816014552591731,4.1894697899831606,-0.5294317350761576,-2.4900873821230647,-3.4663551000029327,1.978379061633959,0.21604595508673916,-0.16947354272809562,4.562704261944084,-2.1069377669634854,2.2579689596975423,2.5238539301404423,0.6995936883268847,-2.6479167858175052,-3.34575916548802,2.2622089691872924,0.6946567375517744,0.36532692564403535,0.7129277342450523,-0.2409830625592571,-0.6617985039891023,-3.2192260232690786,-3.5445209471476016,0.1870999013023594,-1.3759626733000079,1.9923716004941052,1.2349522535118505,-2.2031811946082422,-1.6766934669429878,3.799024940268434,1.061066611658139,0.5157222537626588,1.278788120048079,0.8071464638265758,-2.2837865621665157,1.4316516874530063,-1.0611922867632477,1.0220964851321894,0.8530071381792799
1.5595488370515707,6.513054399134178,-1.5567162413872757,0.11672507628510491,-2.099542697923637,-6.0030117909152345,3.340034148160918,5.023919423499829,3.86972940451428,-3.9097761406170037,6.96826164240386,6.244017062483611,-0.2543366804305607,6.472339535830746,1.1373575552737751,-1.7745107487437273,1.2210102122689528,-2.5855450611003383,5.867664213924452,-0.8716985333070912,-4.025636862935019,-5.098726955828553,2.8349379276677036,-0.07956919421038862,-0.20068930274586205,6.538596011185827,-3.000191925199777,3.21791009122347,3.903116529394929,0.888439353819186,-4.140271760842837,-5.118122332043406,3.3190284336409066,1.1563840875030997,0.7868366565979531,1.1285792312016873,0.042533820436668104,-1.280560138245849,-4.940488566585628,-5.222897327770307,0.21215609736070692,-2.2762700465529018,2.9041231312783125,2.2450846583141555,-3.2123307059504382,-2.3913160192469354,5.093358574746336,1.4219277131076982,0.810813061102972,1.850838957535768,1.2609033905039273,-3.614740686406255,2.138382619839689,-1.6057657532585912,1.2654563601754802,1.012039560407352
2.845462508334959,6.637431553371732,-0.1756856668906631,-0.89349177670184865,-2.387521274023369,-4.457107921408764,2.705076994082903,3.86972940451428,3.6755909009105254,-2.994819639683457,6.5805456513471245,6.022316533847321,-1.3664619104927935,5.446480276319279,0.4203815148650762,-1.4308136550615325,1.1186011190906429,-2.5202135535272445,5.992741313035752,-0.39301361494682674,-2.171891163146857,-4.372594319768245,2.6852882091351886,1.2382823770112614,-0.3131482710829245,6.108182380604716,-2.8721316223518163,3.096219419783062,2.6883501437537496,1.2566196833044874,-2.737575180973653,-3.7302265381285244,2.8893146126190743,0.5693960212542771,-0.16591191120640833,0.6600974470537361,-1.3824252968177015,-0.08562399511899287,-3.5222852530320767,-4.406006179795,0.3586954289887692,-1.039763236195768,2.559123218565121,0.45198964902243866,-2.8301123361545413,-2.2519323794903663,6.0114129362961926,1.6493687860714035,0.5262295386070052,1.72153362396358,0.8257884109991147,-2.189574644098958,1.7111648622940296,-1.2054980687773715,1.8671927010144893,1.7115108750065102
-1.1715299515192164,-5.023872299360694,1.2449092737312795,-0.12959749345418972,1.6158824383582948,4.681761473226855,-2.591123284233895,-3.9097761406170037,-2.994819639683457,3.055056408296431,-5.4075699915661595,-4.823948233506787,0.1571911206421406,-5.03079502774206,-0.8963187771119432,1.3669492188669972,-0.9420095924020256,2.0067172425715767,-4.5145656071396285,0.6817182172338203,3.171573581969298,3.9676262853771607,-2.1898116346051983,0.12440189355041362,0.14623610101843787,-5.05538897044721,2.321309209922279,-2.4880270770354818,-3.0568943644048723,-0.6753181177284654,3.2495106423299283,4.0084992697727815,-2.5840079542051946,-0.9222795189079994,-0.6457055093310233,-0.8879733666865559,-0.0690992885841941,1.02926362734828,3.8737297347436246,4.066530429364225,-0.15302238234002757,1.7893235490321764,-2.256707930188363,-1.7862872480527974,2.495448160213139,1.8445565797261505,-3.9003533614568613,-1.0787454567980708,-0.6377402488891234,-1.4341355189831395,-0.9857882824425052,2.830542147107589,-1.6685834741420318,1.2373930367670354,-0.9565180730008056,-0.7640204787960079
5.01128243244914,11.843825498879909,-0.3918231186984423,-1.515737552268228,-4.24731756344872,-8.051902158006104,4.850137846633705,6.96826164240386,6.5805456513471245,-5.4075699915661595,11.814841565755414,10.75548417636935,-2.3763259019743965,9.806955653113802,0.7882544127455432,-2.5514043174596295,2.004511440581216,-4.519180449841216,10.690295367592215,-0.7163331008665761,-3.9851371347978675,-7.868889337773765,4.810224344085313,2.1076729459392456,-0.5413857808201425,10.916104012084967,-5.131136847046412,5.539228217709866,4.881825476210445,2.2311774201145727,-4.99512913649149,-6.767100623362504,5.202726294756614,1.0725650866553533,-0.23097966908476447,1.196485205417677,-2.4122030965945247,-0.24166103528733998,-6.387728751708324,-7.918310535729944,0.6161690822768409,-1.9136696316582669,4.591673252667365,0.9133647615472391,-5.078862700344514,-4.014120181608646,10.678068366520629,2.9155207980216264,0.9634318200105421,3.0994378787066172,1.5020386569980466,-3.9881536947959004,3.0839983838757856,-2.169152844956671,3.2906185495828115,3.0256317377129305
4.83062536615997,10.940282981951706,-0.13424192619891098,-1.6021804301237978,-3.964807830157478,-7.156809891064575,4.39320398093483,6.244017062483611,6.022316533847321,-4.823948233506787,10.75548417636935,9.897157556784508,-2.3724267588199024,8.827452816486588,0.611257103876422,-2.330720373215954,1.8256123133434028,-4.131404754103046,9.87437567161692,-0.6023096388774085,-3.368673548143018,-7.101101102387157,4.393861608893888,2.2021415570651723,-0.5356517425170755,10.0177005324714,-4.719131679908937,5.078773605113877,4.2786513076107555,2.1022611377869183,-4.325827709331845,-5.96457221217079,4.69343013339885,0.8553304039689369,-0.3860685781015943,1.0436921321382069,-2.416009952426218,0.01263593199505436,-5.630463798820886,-7.161775164921294,0.6198860272528506,-1.5808282473783228,4.173640921379538,0.5350162893142856,-4.6143234619746405,-3.7031516523544026,10.00085836662535,2.750076735639533,0.8284453818751801,2.801070793522545,1.3068821205164982,-3.4435775687430676,2.766968707039331,-1.9363377120913388,3.149662476777535,2.889350632400927
-2.860046212078314,-3.0715538255587953,-1.6582088891560085,1.6756937907621277,1.4078673279280514,0.013072926264177383,-0.4006752595664944,-0.2543366804305607,-1.3664619104927935,0.1571911206421406,-2.3763259019743965,-2.3724267588199024,2.0011225993568376,-1.0923877241132716,0.7130351934849166,0.21349228627446934,-0.36409272576204954,1.0136316732016792,-2.797144849646595,-0.4199198790280133,-1.3803526766975571,0.9943964501237693,-0.9906881189128621,-2.225189575991844,0.28587017955920496,-2.150980060843626,1.1015662334045162,-1.2049753308843842,0.35525014117449694,-1.0108826806605433,-0.5777998939330985,-0.12592993490343785,-0.7162125505637108,0.5035028045651223,1.2797156734608741,0.2972450973870409,2.383478929521534,-1.4742501646631732,-0.25186406890946766,0.900861943684777,-0.3522810259808266,-1.0889586226151842,-0.6868292566642049,2.055627954623857,0.7590367391423789,0.8235828117153505,-3.797474480318237,-1.02404416996858,0.1312751780362973,-0.5853837043581732,0.18431618777864928,-0.8256389446129788,-0.21002327879502897,0.038122528246031184,-1.580684574181405,-1.6241924784280626
3.075071461289719,9.448163618728165,-1.3415089097145023,-0.4692508037228181,-3.2034721678330427,-7.637684359737966,4.379076513394417,6.472339535830746,5.446480276319279,-5.03079502774206,9.806955653113802,8.827452816486588,-1.0923877241132716,8.669707855927642,1.170706637640596,-2.314887335147528,1.6951966176601465,-3.6865224754670636,8.528635493037726,-0.9336463460663966,-4.5818388760898605,-6.877631831331156,3.9926842529959945,0.7289167222753021,-0.3531302856945362,9.112743673790456,-4.225134209509031,4.553946032252609,4.834387037227988,1.526178155315981,-5.0677541882331285,-6.479495791519213,4.509918327546652,1.2981438370492058,0.5178716261739894,1.3060857272038053,-0.8868993017168485,-1.0877414109688215,-6.190855729479879,-6.978259732073805,0.3870178295253245,-2.461156729831982,3.9522050909081883,2.0726323852363433,-4.373130795937939,-3.336541527648107,7.921075890851419,2.18441830467653,0.9875858974366527,2.599171398348067,1.535631823322412,-4.274870370642202,2.799029361238143,-2.056807088681322,2.201264087721073,1.91696680016415
-0.7339519280589596,0.4059172346297923,-1.027852427724334,0.680881071777473,0.03445053592987509,-1.4725998978769161,0.6658334931083789,1.1373575552737751,0.4203815148650762,-0.8963187771119432,0.7882544127455432,0.611257103876422,0.7130351934849166,1.170706637640596,0.5593485893772878,-0.3567858427127666,0.16147907949808968,-0.2390935533371106,0.36112283399225714,-0.3787413816678424,-1.5227562014498601,-0.8655725500751424,0.31600135589164513,-0.8775571451642485,0.06115251194071075,0.77065793245203,-0.30666336880735084,0.32307864015212,1.096971636923121,-0.17355513555761778,-1.2431619669903324,-1.304434884243918,0.53650726224536,0.47821683062014364,0.6884186269303941,0.38937637360237454,0.9367331155793588,-0.8915069977392276,-1.3062257153557204,-0.9284084494735448,-0.08478087955032994,-0.9842807756096424,0.44467226019120104,1.3548762800186527,-0.49286540374932347,-0.26733892180208235,-0.22432444521305797,-0.0452069107485982,0.25016506371770236,0.23112778896712705,0.38329662423970107,-1.2123154576845472,0.44204184719078826,-0.3883013401050884,-0.30544172727213825,-0.38385561067311985
-0.7139866384083019,-2.4616773142515247,0.4422635707027371,0.0751948139691663,0.8167336340309093,2.0943026281519077,-1.2008083195691763,-1.7745107487437273,-1.4308136550615325,1.3669492188669972,-2.5514043174596295,-2.330720373215954,0.21349228627446934,-2.314887335147528,-0.3567858427127666,0.6490145365366587,-0.44967462449237877,0.9536507272575966,-2.2259899321518093,0.2871621874817999,1.3171986093137318,1.8276651700458122,-1.0488973794529761,-0.13122381820358678,0.09487525901075922,-2.4232376661249373,1.1159798084928785,-1.1951956925558325,-1.3324005410750994,-0.3678370752994391,1.3934313448616322,1.760035412903793,-1.190020533901017,-0.3576739432460538,-0.187564939541541,-0.37851474176035804,0.11624904903225915,0.346254053774121,1.6940001546404613,1.8718853713024441,-0.10560692592460391,0.7367482696818208,-1.0527265785581892,-0.657426947340155,1.1644068452910323,0.8943367175195779,-2.0131380060045134,-0.5718389875108963,-0.2702526671080967,-0.6733273183128792,-0.428300651754195,1.2146309935352335,-0.7552727212878916,0.5726083497575921,-0.5430330021180426,-0.4462846201778272
0.7952178724616672,1.9962561969955732,-0.11596600497931867,-0.2219668825896304,-0.7043609869232329,-1.4171419374425178,0.844920272484955,1.2210102122689528,1.1186011190906429,-0.9420095924020256,2.004511440581216,1.8256123133434028,-0.36409272576204954,1.6951966176601465,0.16147907949808968,-0.44967462449237877,0.3450969574767278,-0.7618473803089474,1.8085039830000968,-0.14071601863753014,-0.7363282579080647,-1.3521564111328515,0.8211528007656589,0.3192939802802667,-0.08953037410595645,1.861411591749812,-0.8699266979407958,0.9406209710311358,0.8663907680649967,0.36401362659605163,-0.8917794324833941,-1.18746270157424,0.8912639722446536,0.19778377837511693,-0.008921284102308698,0.216563032805674,-0.35369166767849414,-0.08441551674412145,-1.1221178135082546,-1.36161145819957,0.10074279421041936,-0.37074327993513156,0.7857360732315009,0.22170189425334955,-0.8697203200202537,-0.6850028395737379,1.7720362658521496,0.4900689421566421,0.17203366138732584,0.5298227276742514,0.27056858770389763,-0.7278155615481401,0.5339772858004068,-0.38993290707880357,0.5340176392859595,0.4839908499424442
-2.050689626626604,-4.58057310947327,0.028561600959241117,0.6772463146083285,1.6661977626304993,2.9670937703926716,-1.816014552591731,-2.5855450611003383,-2.5202135535272445,2.0067172425715767,-4.519180449841216,-4.131404754103046,1.0136316732016792,-3.6865224754670636,-0.2390935533371106,0.9536507272575966,-0.7618473803089474,1.7376025552531622,-4.130712496870872,0.23456742310396642,1.3752653406498643,2.969764788522415,-1.8386508366957413,-0.9279227848665017,0.21945744167643763,-4.17482029249091,1.9703182720631058,-2.1250699255013368,-1.7744503157226326,-0.8915808561872819,1.798895425542107,2.4861869199808027,-1.96750775187425,-0.3605346476790332,0.17280008761752955,-0.42353647198544964,1.0540170686668555,-0.017501078857105303,2.340938102881041,2.9854865634300283,-0.25256437821564753,0.6288587441582294,-1.7420715501950237,-0.19003573656433556,1.9262566594532842,1.5379392751593448,-4.200968999504523,-1.144087565033405,-0.345649626759297,-1.1793890833862724,-0.5394237761084165,1.4104979014373362,-1.1527721671382833,0.7957886050689335,-1.3249868581942046,-1.228966754153202
5.3134040304169545,11.052381165506073,0.36454143336091155,-1.971812385897202,-4.085900865490626,-6.648608083794854,4.1894697899831606,5.867664213924452,5.992741313035752,-4.5145656071396285,10.690295367592215,9.87437567161692,-2.797144849646595,8.528635493037726,0.36112283399225714,-2.2259899321518093,1.8085039830000968,-4.130712496870872,9.999304358477945,-0.43302850501122436,-2.709277200042119,-6.884031490389854,4.380064720628828,2.7075045001398603,-0.5792662387484834,9.92098885937254,-4.6951290770589065,5.069558334110559,3.8666048352913016,2.254093757312666,-3.8528044700121207,-5.498279361125692,4.5688422449959125,0.6477480334392338,-0.7389291386904704,0.8686901381860307,-2.953367359163572,0.4317521924313156,-5.1390945354586846,-6.8975335377193225,0.6735168061225969,-1.1440864060306748,4.069365085952778,-0.09998321935300739,-4.501014704015435,-3.6727583085885196,10.396567306493623,2.856460696195087,0.7320260957103458,2.7862008536112652,1.1625291892796639,-2.9558891335388817,2.6250823892499056,-1.8260804961895587,3.381007801190827,3.1599303409097645
0.38354617811363895,-0.4849273402317233,0.6759895617131365,-0.40572320489660524,0.05750338066959481,1.1050693767821436,-0.5294317350761576,-0.8716985333070912,-0.39301361494682674,0.6817182172338203,-0.7163331008665761,-0.6023096388774085,-0.4199198790280133,-0.9336463460663966,-0.3787413816678424,0.2871621874817999,-0.14071601863753014,0.23456742310396642,-0.43302850501122436,0.2644746481027034,1.0650324641778728,0.7019885852137225,-0.29110281021157985,0.5224075544156765,-0.025887922365002657,-0.7104038298317722,0.2976086822400229,-0.31134988146473125,-0.7992301494364262,0.07488711186964377,0.890277641469188,0.9642214798378265,-0.43862871571222467,-0.32273989845927953,-0.44008626516355326,-0.27979399592632126,-0.5739993979998914,0.5752383218226004,0.9636144014817648,0.7510672502777354,0.037104603897049775,0.6800537312833683,-0.374403148946118,-0.8949504240067209,0.41433479675751295,0.25468372376580456,-0.05445697161742728,-0.030249880521793462,-0.17775496038645153,-0.1995724801558025,-0.27580494022956,0.8629947266812719,-0.3437955345069514,0.29280972766385976,0.13337187456211658,0.19668717147630252
0.9580824632313709,-3.0403768743806183,2.6302434193166055,-1.4355266553624793,0.650031841980444,5.044053534805802,-2.4900873821230647,-4.025636862935019,-2.171891163146857,3.171573581969298,-3.9851371347978675,-3.368673548143018,-1.3803526766975571,-4.5818388760898605,-1.5227562014498601,1.3171986093137318,-0.7363282579080647,1.3752653406498643,-2.709277200042119,1.0650324641778728,4.49135327466308,3.506728653494238,-1.5969490967185518,1.8488192936679102,-0.06125665194192802,-3.79155759290608,1.6506807570410804,-1.7508458665605737,-3.5721353015304755,0.055751424099532126,3.950678000171251,4.417136968062741,-2.2292177981476087,-1.380107573342767,-1.6852626664336614,-1.1880086406887989,-1.9281376825298644,2.2528380297115067,4.368798553756026,3.6860529489877996,0.10464900861663037,2.7796877109368343,-1.9010973992885911,-3.524277767917418,2.1030173332072235,1.3555193978368112,-1.2659858929349044,-0.37640747503650396,-0.7887175965338484,-1.0931002846439182,-1.2077513893084848,3.698378080163622,-1.6358662969478137,1.313979829151556,0.1928088380857098,0.4377573980137366
-2.6243529716383467,-7.637143915803574,0.9363231169112585,0.48782809476783195,2.6197144021274874,5.995515765354481,-3.4663551000029327,-5.098726955828553,-4.372594319768245,3.9676262853771607,-7.868889337773765,-7.101101102387157,0.9943964501237693,-6.877631831331156,-0.8655725500751424,1.8276651700458122,-1.3521564111328515,2.969764788522415,-6.884031490389854,0.7019885852137225,3.506728653494238,5.4725882380554305,-3.198383353919257,-0.7174879869634213,0.29678452339046796,-7.308563004779509,3.399478914012211,-3.6599975621961343,-3.772555400141376,-1.2674585832185052,3.9376859991950472,5.083407596588418,-3.593269599111418,-0.9866463369459687,-0.32086042347071503,-1.0110617984270536,0.8631681259839584,0.7444591245050779,4.853703882256731,5.552053872462257,-0.3288088779084731,1.85440627949783,-3.155657598421159,-1.4771702978534549,3.4903516918640043,2.6784758418638313,-6.4872380814057635,-1.7818947669468697,-0.7662946944954585,-2.0759549068243675,-1.1902206905956538,3.294685233227427,-2.21611445838412,1.6039457409264688,-1.8429130052864977,-1.6213396341784287
2.058606845265118,4.841296275736387,-0.14107544150409768,-0.6393228262382836,-1.7356567606010187,-3.2697986930414906,1.978379061633959,2.8349379276677036,2.6852882091351886,-2.1898116346051983,4.810224344085313,4.393861608893888,-0.9906881189128621,3.9926842529959945,0.31600135589164513,-1.0488973794529761,0.8211528007656589,-1.8386508366957413,4.380064720628828,-0.29110281021157985,-1.5969490967185518,-3.198383353919257,1.967555389946471,0.8979391326849284,-0.2267505135388141,4.458904625423333,-2.093164719200101,2.2616954915631036,1.9732313400862524,0.9163149916673063,-2.0145437912107003,-2.73440676888836,2.1135900532426826,0.42120255948143986,-0.11455042297295259,0.479782202452517,-1.0000030168566412,-0.0805101817911511,-2.5771468476925805,-3.216193365749573,0.2585906890417997,-0.7696152700108175,1.8680326349593932,0.35113005130204783,-2.0670119233375632,-1.6424370798639318,4.378510408703959,1.2040192305959947,0.38730774651785443,1.2647039274769303,0.6091417322513843,-1.6138522533805906,1.2504461071042912,-0.8937267828300259,1.3534548624648242,1.2424471759726525
3.07826891646256,2.956810594593219,1.9711717379982545,-1.9032969477108514,-1.4171474785556646,0.4320944218964858,0.21604595508673916,-0.07956919421038862,1.2382823770112614,0.12440189355041362,2.1076729459392456,2.2021415570651723,-2.225189575991844,0.7289167222753021,-0.8775571451642485,-0.13122381820358678,0.3192939802802667,-0.9279227848665017,2.7075045001398603,0.5224075544156765,1.8488192936679102,-0.7174879869634213,0.8979391326849284,2.5303722225721232,-0.3153269458688707,1.9368788681391624,-1.0127588023613099,1.108356484879947,-0.698594944637334,1.0604723037681782,0.9764625512503577,0.5466452108834874,0.5386594415087512,-0.6708573506795965,-1.5037006556471355,-0.41322639543722356,-2.650867434807975,1.7594326222170111,0.6697761175003427,-0.6120905286556204,0.3928252792106023,1.3752482526235152,0.5492949225471851,-2.4678151339244985,-0.6070323858203699,-0.7581440853529334,3.87856012609338,1.0598753665075413,-0.21352602422345063,0.5068936868106055,-0.30017394026392863,1.186737286726849,0.07082784056312207,0.060924834314558717,1.6821722067412448,1.7343117968309898
-0.44682091938568697,-0.6381874855459101,-0.1796722302121716,0.2365387423959222,0.26364790637778945,0.19446130058713215,-0.16947354272809562,-0.20068930274586205,-0.3131482710829245,0.14623610101843787,-0.5413857808201425,-0.5356517425170755,0.28587017955920496,-0.3531302856945362,0.06115251194071075,0.09487525901075922,-0.08953037410595645,0.21945744167643763,-0.5792662387484834,-0.025887922365002657,-0.06125665194192802,0.29678452339046796,-0.2267505135388141,-0.3153269458688707,0.05023646704405137,-0.5160081767226984,0.25205675318600684,-0.27047743642679695,-0.0732941028864558,-0.16618895703790357,0.04490321529028923,0.1394760237028334,-0.20062641977718237,0.039908827963661124,0.15576172267177787,0.0011497858319992602,0.3209430700793662,-0.17065645244427677,0.11976464969881774,0.2934838385770225,-0.06112436268460622,-0.07269960213384892,-0.1889273661842279,0.21421036325207196,0.20842506477201997,0.19693383459557348,-0.6936282108447587,-0.193703716297514,-0.005457901622069738,-0.13483937255131292,-0.014144773831624116,0.0032348005704892525,-0.09729096207690445,0.058643642477533495,-0.2639074683497977,-0.255261371392063
4.588536099735415,10.993803724374967,-0.43247688381553023,-1.3974241443393292,-3.931447645021648,-7.542051288096504,4.562704261944084,6.538596011185827,6.108182380604716,-5.05538897044721,10.916104012084967,10.0177005324714,-2.150980060843626,9.112743673790456,0.77065793245203,-2.4232376661249373,1.861411591749812,-4.17482029249091,9.92098885937254,-0.7104038298317722,-3.79155759290608,-7.308563004779509,4.458904625423333,1.9368788681391624,-0.5160081767226984,10.184513047051158,-4.781035057733979,5.142162901560036,4.570913347554442,2.038231813803821,-4.658493263596392,-6.3054734943659465,4.819541812092031,0.9867826482330829,-0.18464415813818066,1.152037093662374,-2.126522297852004,-0.24403130686495725,-5.975312584401554,-7.389296879122912,0.593516789489184,-1.8591272445833815,4.27820414908901,0.9250896200391008,-4.730122424324824,-3.760692060827131,9.876968941598177,2.7223152468467453,0.8953152248243496,2.8493308900796004,1.410243159257873,-3.775957854409028,2.8788178577389636,-2.037889068894897,3.0433043705643716,2.75961847779927
-2.272959455726898,-5.2073088253019035,0.09667313225482584,0.7394071296895302,1.8831568124497065,3.4436685150707578,-2.1069377669634854,-3.000191925199777,-2.8721316223518163,2.321309209922279,-5.131136847046412,-4.719131679908937,1.1015662334045162,-4.225134209509031,-0.30666336880735084,1.1159798084928785,-0.8699266979407958,1.9703182720631058,-4.6951290770589065,0.2976086822400229,1.6506807570410804,3.399478914012211,-2.093164719200101,-1.0127588023613099,0.25205675318600684,-4.781035057733979,2.251928652419679,-2.4209988274428587,-2.0668173806070222,-0.9915013862964419,2.092791735424287,2.874960684954548,-2.245717549942343,-0.42232885505429385,0.15947711340055667,-0.5105975892250636,1.1160233423912749,0.020138109625728692,2.7189219369169066,3.433272904710085,-0.29178813617860333,0.7815682942391958,-1.9971175979969422,-0.2951973103764716,2.2075205515084497,1.7670083009625455,-4.74037906285741,-1.3020343109890165,-0.4013391774502402,-1.334405721163964,-0.6316470725632665,1.6721638834881485,-1.32906692492878,0.9262583107605057,-1.4867436714524613,-1.3598447330872336
2.4615077891147146,5.613424270079144,-0.08601625601626262,-0.8020123293834415,-2.0299115712064517,-3.6955901085890885,2.2579689596975423,3.21791009122347,3.096219419783062,-2.4880270770354818,5.539228217709866,5.078773605113877,-1.2049753308843842,4.553946032252609,0.32307864015212,-1.1951956925558325,0.9406209710311358,-2.1250699255013368,5.069558334110559,-0.31134988146473125,-1.7508458665605737,-3.6599975621961343,2.2616954915631036,1.108356484879947,-0.27047743642679695,5.142162901560036,-2.4209988274428587,2.6102536376594787,2.215478085496851,1.0779105712342456,-2.24766424146403,-3.0867608197117313,2.4202436193955696,0.4528131705178092,-0.18429270325876784,0.5368063252831042,-1.230557784210113,-0.017172748733032265,-2.9100700987038204,-3.6847947134475656,0.31078027750208265,-0.8236634390295656,2.1461306834931375,0.30084393949457133,-2.373369563143906,-1.897419193068799,5.120656831715618,1.4053501985183658,0.4312669290862262,1.4476879403669975,0.6779405544720327,-1.7858994836125972,1.4259156679069833,-1.0016730143087773,1.6053210521753012,1.4768693137924138
0.4423163115181437,4.303285598279425,-1.6929531599338081,0.5708848416991006,-1.271646630641816,-4.752396917665224,2.5238539301404423,3.903116529394929,2.6883501437537496,-3.0568943644048723,4.881825476210445,4.2786513076107555,0.35525014117449694,4.834387037227988,1.096971636923121,-1.3324005410750994,0.8663907680649967,-1.7744503157226326,3.8666048352913016,-0.7992301494364262,-3.5721353015304755,-3.772555400141376,1.9732313400862524,-0.698594944637334,-0.0732941028864558,4.570913347554442,-2.0668173806070222,2.215478085496851,3.1969476304409272,0.42722389552554413,-3.4549958153453484,-4.103870157394988,2.4401935198665443,1.068772528516986,0.9851003156460415,0.9716640994050219,0.6815651341281974,-1.4352912403230733,-3.992385563027454,-3.888237228449897,0.06045702008320202,-2.097588008559555,2.110286383630736,2.3514860999147005,-2.334759338129766,-1.6556531243821877,2.9754189278816177,0.831361502064253,0.6828010991466077,1.3133328286273276,1.0509509741603449,-3.0897387988965255,1.6375213038465026,-1.2564364718083227,0.5576350655733358,0.35563261174282507
1.62793926525124,2.4860179336585366,0.5680937785725351,-0.7891930034010811,-1.0042991724458887,-0.9244648513904706,0.6995936883268847,0.888439353819186,1.2566196833044874,-0.6753181177284654,2.2311774201145727,2.1022611377869183,-1.0108826806605433,1.526178155315981,-0.17355513555761778,-0.3678370752994391,0.36401362659605163,-0.8915808561872819,2.254093757312666,0.07488711186964377,0.055751424099532126,-1.2674585832185052,0.9163149916673063,1.0604723037681782,-0.16618895703790357,2.038231813803821,-0.9915013862964419,1.0779105712342456,0.42722389552554413,0.6293918854666093,-0.3599867391957877,-0.7285677525336925,0.8603725669873131,-0.06123317161663527,-0.4984564937336279,0.0249434419433014,-1.1588390935147501,0.5139729799987892,-0.6367528741868657,-1.2357953561448523,0.1984004157624846,0.18524185082732875,0.7774767413497014,-0.6540086446237476,-0.8599650858135953,-0.7604943292325036,2.620980445777064,0.7097667777166422,0.06241194171222384,0.5729145754134318,0.10384984758539738,-0.1500915279288034,0.42959276606121244,-0.2625390505746239,0.9581648177027123,0.9462760214886242
-0.18371293751391007,-4.287100938017207,1.97373642117941,-0.7883506787534751,1.2149160487203998,5.077713967026427,-2.6479167858175052,-4.140271760842837,-2.737575180973653,3.2495106423299283,-4.99512913649149,-4.325827709331845,-0.5777998939330985,-5.0677541882331285,-1.2431619669903324,1.3934313448616322,-0.8917794324833941,1.798895425542107,-3.8528044700121207,0.890277641469188,3.950678000171251,3.9376859991950472,-2.0145437912107003,0.9764625512503577,0.04490321529028923,-4.658493263596392,2.092791735424287,-2.24766424146403,-3.4549958153453484,-0.3599867391957877,3.760880042122868,4.4060834376492135,-2.542499012178477,-1.200918777373443,-1.1830512884309532,-1.060342331053292,-0.9542949213146017,1.692777363767147,4.292046343409195,4.059978824746893,-0.021639744887223263,2.3438331125221508,-2.184205240242461,-2.72182231243118,2.417627064353493,1.678431993671472,-2.795836812786454,-0.7803010487419545,-0.745819623337686,-1.3555642225250244,-1.1432752018011296,3.38288960120368,-1.728104938386872,1.3417465428549966,-0.4316465095713347,-0.22086317905833813
-1.0624562440632852,-6.117573709575588,1.922413132935657,-0.46678723950507717,1.894132549911,6.186099084828486,-3.34575916548802,-5.118122332043406,-3.7302265381285244,4.0084992697727815,-6.767100623362504,-5.96457221217079,-0.12592993490343785,-6.479495791519213,-1.304434884243918,1.760035412903793,-1.18746270157424,2.4861869199808027,-5.498279361125692,0.9642214798378265,4.417136968062741,5.083407596588418,-2.73440676888836,0.5466452108834874,0.1394760237028334,-6.3054734943659465,2.874960684954548,-3.0867608197117313,-4.103870157394988,-0.7285677525336925,4.4060834376492135,5.3286463915831215,-3.302556238746413,-1.313923289374849,-1.070800163883922,-1.2131757779688916,-0.4765528270525067,1.623404567468987,5.161188806661822,5.215411439484574,-0.13293641416860466,2.5401656817080682,-2.863648643850744,-2.7117261573742155,3.1680144137587236,2.288471490468536,-4.511018519916887,-1.2471238423041704,-0.8687988372050548,-1.8113223426842904,-1.3362412924786924,3.8782669826840497,-2.168494174702662,1.634386027404307,-0.9903839033258652,-0.7405547366792995
1.8058803040825704,5.068157658971417,-0.5496554868269322,-0.3714774146158845,-1.751116414064096,-3.8954641792173397,2.2622089691872924,3.3190284336409066,2.8893146126190743,-2.5840079542051946,5.202726294756614,4.69343013339885,-0.7162125505637108,4.509918327546652,0.53650726224536,-1.190020533901017,0.8912639722446536,-1.96750775187425,4.5688422449959125,-0.43862871571222467,-2.2292177981476087,-3.593269599111418,2.1135900532426826,0.5386594415087512,-0.20062641977718237,4.819541812092031,-2.245717549942343,2.4202436193955696,2.4401935198665443,0.8603725669873131,-2.542499012178477,-3.302556238746413,2.3627728663601553,0.6275351624472034,0.1655485928701722,0.6445189127239158,-0.6495146336443411,-0.4356671815374479,-3.146992123361911,-3.6386111656858144,0.22277336762954147,-1.1634295789951907,2.074253743102932,0.88785983242879,-2.2943874016514463,-1.765589118468868,4.3462990327809665,1.189983330311566,0.49452133570000684,1.372479209746792,0.7670688755711496,-2.110204495760661,1.4475908436980791,-1.041701764455077,1.2507416694047833,1.1120874401816547
-0.4216420730491735,0.7314585262537115,-0.8502293771449914,0.5188395364672664,-0.11867576069769485,-1.4743208620407746,0.6946567375517744,1.1563840875030997,0.5693960212542771,-0.9222795189079994,1.0725650866553533,0.8553304039689369,0.5035028045651223,1.2981438370492058,0.47821683062014364,-0.3576739432460538,0.19778377837511693,-0.3605346476790332,0.6477480334392338,-0.32273989845927953,-1.380107573342767,-0.9866463369459687,0.42120255948143986,-0.6708573506795965,0.039908827963661124,0.9867826482330829,-0.42232885505429385,0.4528131705178092,1.068772528516986,-0.06123317161663527,-1.200918777373443,-1.313923289374849,0.6275351624472034,0.44362866456220534,0.5634196202851776,0.3550675984024802,0.6647685043305102,-0.7462485511415011,-1.2985900320192678,-1.0323612473648107,-0.05983455739614156,-0.85659832274628,0.5214235289761174,1.1350703010224443,-0.5774607443172698,-0.34309076864325316,0.17527364573581616,0.046741414146065044,0.24194240348323182,0.3026958913691578,0.36353812933033985,-1.1185230724275157,0.4693944943283854,-0.37762935901566086,-0.14246657302002894,-0.20289025029815952
-1.59701269031984,-0.7950282232425657,-1.3969892785361862,1.1418579993545355,0.5323719726355051,-1.138331110513871,0.36532692564403535,0.7868366565979531,-0.16591191120640833,-0.6457055093310233,-0.23097966908476447,-0.3860685781015943,1.2797156734608741,0.5178716261739894,0.6884186269303941,-0.187564939541541,-0.008921284102308698,0.17280008761752955,-0.7389291386904704,-0.44008626516355326,-1.6852626664336614,-0.32086042347071503,-0.11455042297295259,-1.5037006556471355,0.15576172267177787,-0.18464415813818066,0.15947711340055667,-0.18429270325876784,0.9851003156460415,-0.4984564937336279,-1.1830512884309532,-1.070800163883922,0.1655485928701722,0.5634196202851776,1.004048552030025,0.4102393473645762,1.5799808594969138,-1.2291314289649808,-1.1179289829908572,-0.40213175717685246,-0.19899572788493772,-1.1513172687624245,0.1001307652239261,1.792583505149882,-0.11135504913065211,0.09561751315957995,-1.5486821993223725,-0.41529424243724555,0.24449972524745064,-0.029550765427692895,0.3635427359162987,-1.2358516834744941,0.2708450591876659,-0.2763772725350528,-0.8102713055493571,-0.8806125668372096
-0.13483405165282827,0.9799911356236973,-0.6560437572648168,0.31592303230929203,-0.2456732993728589,-1.3954012120957566,0.7129277342450523,1.1285792312016873,0.6600974470537361,-0.8879733666865559,1.196485205417677,1.0436921321382069,0.2972450973870409,1.3060857272038053,0.38937637360237454,-0.37851474176035804,0.216563032805674,-0.42353647198544964,0.8686901381860307,-0.27979399592632126,-1.1880086406887989,-1.0110617984270536,0.479782202452517,-0.41322639543722356,0.0011497858319992602,1.152037093662374,-0.5105975892250636,0.5368063252831042,0.9716640994050219,0.0249434419433014,-1.060342331053292,-1.2131757779688916,0.6445189127239158,0.3550675984024802,0.4102393473645762,0.3235534320711704,0.4380994068715526,-0.5487759154518222,-1.2014518835170835,-1.066547607528627,-0.008204663485560978,-0.725805210306926,0.5593039825900089,0.8811194107540637,-0.6174553745287212,-0.41726048399376003,0.5196877086346999,0.1510412181344598,0.21041160839650336,0.31870382829276256,0.32402577542998995,-0.9870596740818098,0.46382930454772425,-0.35831851512366303,0.021338002479549492,-0.05154921689812163
