V1,V2,V3,V4,V5,V6,V7,V8,V9,V10,V11,V12,V13,V14,V15,V16,V17,V18,V19,V20,V21,V22,V23,V24,V25,V26,V27,V28,V29,V30,V31,V32,V33,V34,V35,V36,V37,V38,V39,V40,V41,V42,V43,V44,V45,V46,V47,V48,V49,V50,V51,V52,V53,V54,V55,V56
27.39173439581731,10.196887854526949,13.724658409554932,24.430743094782205,0.32905937378280203,-51.78234173683189,-27.07443130128036,-1.22308829633434,37.553555504601576,4.645435823820133,22.640695213473393,-17.78982937145394,39.5815799254282,-9.544844704963403,-18.358240670864785,2.6453509380319153,-30.78408560497104,1.0989884247262003,7.170993473184098,16.198599498574907,-11.441153054061,4.664148667732865,-11.634679190311227,-4.175673172880466,0.06570086986806459,-24.905867840158557,9.936482487122237,29.846522862798153,-18.247823452515348,15.42918096585278,35.1646849399686,12.020488164933731,-8.588311277206609,-21.59343453324687,22.296031095290008,29.694863192833175,15.763587899832645,-6.320964624102308,-45.46974656412299,-37.3876301718847,3.2787099511418596,-17.149419082735495,-20.802659226999793,5.685420105025965,-10.124744713124503,2.374134523999057,15.845077749624444,-12.093882628819818,11.593075206902077,18.361147413573264,23.78342285085605,9.702185849528764,26.055296901768763,10.51757418104422,12.538461267785472,27.07459838486746
10.196887854526949,4.806163714606454,4.770677213074632,8.653557090158946,-0.2816929302729322,-19.415029488976177,-9.154315600977915,0.3322997919425986,14.088055154038495,1.0627604077921606,9.284754531978674,-5.281290655435691,13.993790553911223,-2.373764961466345,-6.434635429247597,0.6682562546094462,-10.800281845899343,-0.057082938295876025,3.6100892216734537,5.685657740429005,-4.6140917899956095,0.8406939548726615,-3.6746359755371567,-1.3758175997991868,-0.0228781176323419,-7.794458641777346,3.0360246033828178,11.225095251031096,-5.9569016776105865,5.709581253316504,11.981281687408188,3.5332929425149056,-2.5276494184305514,-7.573742387268822,8.014159210401058,10.767663116239602,5.4991422985839105,-2.3658641221833054,-16.98474533372335,-14.205179723448675,1.2238178529917865,-6.407523448405269,-6.959159812054259,2.248150215886115,-4.1477088844243335,0.44154326067680005,6.654536706104106,-4.050713432821037,4.2590279238684525,6.877575637861699,8.681017053056543,2.974486022991866,9.648947471384117,3.5178398206130677,4.765856544644456,9.927954892943085
13.724658409554932,4.770677213074632,6.990164492116956,12.388812271003204,0.3002960562382528,-25.89918670297189,-13.875388349157156,-0.8767016961206047,18.779949626037666,2.5509219863459296,11.057172980776208,-9.362969771945489,20.080630001172867,-5.177607934343232,-9.332245346179207,1.4314924195360064,-15.645335591697572,0.7068633326709369,3.277890593958985,8.2317372271469,-5.613656285768136,2.637043865840105,-6.049523311204934,-2.1520684100424736,0.048791827043122016,-12.973975264964054,5.200808152705056,14.916303605438069,-9.42320050022051,7.742227625720725,17.990922831499176,6.338303659132752,-4.5274708613318175,-10.975106197336427,11.267221426883962,14.974660841560157,8.022001617976862,-3.1628166914748763,-22.7631785048121,-18.636872665151632,1.6416956830314144,-8.584868585677215,-10.686160187483267,2.8045591870671043,-4.946154701458572,1.3377297566769781,7.685897857140893,-6.210867412795493,5.8276948812597995,9.185641073123653,11.97453464167014,5.074806449619072,13.07193351244019,5.4030038260939,6.249472074953169,13.616306140247838
24.430743094782205,8.653557090158946,12.388812271003204,21.982977897070352,0.4700392117951597,-46.12506590932998,-24.552069833071723,-1.4352430442802766,33.44715395139923,4.434540711936704,19.81949119343163,-16.45244873158178,35.62649669566843,-9.028244570287896,-16.54813637827909,2.4978580940667228,-27.74467059249361,1.183184541068639,5.985009843003023,14.597906759711352,-10.04962262461268,4.550930710927812,-10.663859442177742,-3.802447273761525,0.07884796674884556,-22.858998858015497,9.151678002337563,26.57040611332897,-16.640695347763184,13.776491686344006,31.84801107931903,11.132602112213254,-7.9525281828795995,-19.461832469419573,20.01012936225691,26.610189391923647,14.220888715687526,-5.6326475052645755,-40.529791681900974,-33.221134489043536,2.923068510518714,-15.285630696755383,-18.896746825159788,5.013518889165258,-8.864674494854162,2.310917000945669,13.8018731717934,-10.984212847507033,10.36464798941409,16.35837878427152,21.28840928998442,8.93158548192563,23.2607941174913,9.554251780459238,11.140586992262449,24.213814178297476
0.32905937378280203,-0.2816929302729322,0.3002960562382528,0.4700392117951597,0.16567602090417358,-0.5667794122757156,-0.6952141291640198,-0.3298783501855507,0.40785125568502156,0.32252345521968756,-0.07066575388899979,-0.7503149192953784,0.7719433791260553,-0.5865677071183648,-0.38034542930897103,0.15844956440233238,-0.6337027069103963,0.19964083212962858,-0.2901996100531366,0.3324014030078828,0.004551117757323503,0.4143380180028375,-0.40246309208296943,-0.12165281113600139,0.019666659774849757,-0.8902182891539341,0.38458462598957205,0.31281060046813114,-0.5537688266359774,0.19903995750087028,0.8662469429862322,0.5211415245967517,-0.3710561996346578,-0.44527032800515604,0.3821104364217565,0.4714113234726837,0.33704372082045064,-0.07089029707703388,-0.5230715906247133,-0.3342961918482988,0.03810614660459711,-0.19667297283268168,-0.5639410762590495,0.015638840153350837,0.02990785286059483,0.20551038051335555,-0.11217199769461512,-0.3259593617035803,0.1619301076703011,0.20368119748236826,0.3548628354727733,0.3715083716012569,0.33318382801455837,0.28537424965942143,0.1113694197248072,0.3856208051425567
-51.78234173683189,-19.415029488976177,-25.89918670297189,-46.12506590932998,-0.5667794122757156,97.91115904009214,51.05671999555749,2.2048698418512895,-71.00791156917025,-8.690873480356387,-42.9183742434179,33.44688667153994,-74.72509944906099,17.88261154617499,34.65034632286193,-4.957847171386954,58.10546347576537,-2.0129877663210216,-13.685025365267391,-30.57516414771437,21.677709249150734,-8.694486838283964,21.904955440580327,7.869580892791192,-0.11718586580826323,46.88122900796229,-18.693273277420214,-56.438858332547255,34.38229185018074,-29.16357520167013,-66.3249818104173,-22.595535062947086,16.14431829697053,40.75700680778224,-42.109406519092936,-56.09718418286926,-29.74973820052524,11.951851354713593,85.96641080317471,70.71884957752481,-6.198913703232294,32.42344939413158,39.21873020180588,-10.76619707497467,19.19171962693391,-4.42796703204397,-30.057338122455292,22.801606898407137,-21.908262665362372,-34.71711144668637,-44.93810260397267,-18.253983156884864,-49.24898180725843,-19.82844447668526,-23.717159623191947,-51.16220762999015
-27.07443130128036,-9.154315600977915,-13.875388349157156,-24.552069833071723,-0.6952141291640198,51.05671999555749,27.607637510649056,1.9302630380134924,-37.019859904170126,-5.201884488446348,-21.594858176379372,18.811170297547605,-39.80121640051626,10.51384172020521,18.511083189506305,-2.9046802692007687,31.0313895023147,-1.5121859984338857,-6.227015981467556,-16.32610441005463,10.984052688504107,-5.4295971458806145,12.100951900751944,4.290967369966411,-0.10773806856660263,25.96962630606802,-10.427862826495227,-29.396326750849262,18.802001975454672,-15.282013027334772,-35.77268748349806,-12.74333424725462,9.10181458235075,21.768170527957952,-22.298631722974193,-29.61332740950214,-15.91891894491423,6.2367136216806935,44.89060330848832,36.692247759758985,-3.237991724881939,16.92963315765832,21.280074255350467,-5.499274456102128,9.660607112397493,-2.7517448811952283,-14.969330742137918,12.367556554083192,-11.51064711974117,-18.110321366253167,-23.666580207159377,-10.172891020793609,-25.799630425729877,-10.759536202828034,-12.303803900933719,-26.899097919204234
-1.22308829633434,0.3322997919425986,-0.8767016961206047,-1.4352430442802766,-0.3298783501855507,2.2048698418512895,1.9302630380134924,0.6690821578498306,-1.5926931121187853,-0.7273042876169286,-0.3433384050533497,1.8400496885394249,-2.345122381349469,1.3459040121293977,1.1311259526938549,-0.36511555329131345,1.8890015458347544,-0.4120529804188302,0.4132451437457143,-0.9918010129060665,0.23430319064356236,-0.906442089751519,1.0315393872121161,0.32585698592568674,-0.03947534583386874,2.2640806506306093,-0.9604123701824352,-1.2436718815203982,1.466955547878779,-0.7157763076638868,-2.435154740327118,-1.2711248785467024,0.9056726206891622,1.3262130631559248,-1.217913490107118,-1.5494943884766605,-0.9917457402238992,0.2727393608994558,1.985523195430159,1.4458804326305736,-0.14402727689710254,0.7476991128635512,1.5408964480218026,-0.15135012710407533,0.1566318575109165,-0.4510901161309911,-0.11783370489473653,0.8924209572650224,-0.5618311825717507,-0.7872638719926551,-1.1970418857069176,-0.9300068701023644,-1.202736747818505,-0.7795568810625823,-0.4836087072625763,-1.3265993694496225
37.553555504601576,14.088055154038495,18.779949626037666,33.44715395139923,0.40785125568502156,-71.00791156917025,-37.019859904170126,-1.5926931121187853,51.497045447563416,6.297495345773395,31.131885745185315,-24.245802849664297,54.1862506303557,-12.95950995218351,-25.125978575857328,3.5929616549046743,-42.13392894272058,1.4563852628213323,9.93205025333871,22.171020561101848,-15.723799270927126,6.298418644248392,-15.880686172836237,-5.705720970073523,0.08474883236649519,-33.987448801138676,13.551579391930904,40.93139114980544,-24.928033815851695,21.149631508758954,48.091388663292626,16.379206974189056,-11.702833725917246,-29.554219637451563,30.53648766474703,40.680470884887555,21.572136750055975,-8.667634602903094,-62.344764731241185,-51.288787827067615,4.495529550421923,-23.51420964305641,-28.435996780362853,7.808828280686983,-13.921259484320027,3.207680957797791,21.804174419032705,-16.532447774964844,15.887840817302335,25.177673825176566,32.58845306366821,13.233169973182362,35.71591876569858,14.376836279297565,17.20077937859629,37.102625002489596
4.645435823820133,1.0627604077921606,2.5509219863459296,4.434540711936704,0.32252345521968756,-8.690873480356387,-5.201884488446348,-0.7273042876169286,6.297495345773395,1.227730669544,3.274651521490222,-3.9019716394933237,7.201645222599477,-2.397013311984049,-3.3769611302297387,0.6575822204404359,-5.656014365497417,0.4937339937445802,0.5954782715265088,2.9744132496149214,-1.706211944665629,1.3818893538366417,-2.4064179911227015,-0.8260923807287645,0.042191720887343784,-5.198624128771075,2.122503651375545,4.986355251432972,-3.646499438622605,2.6393032899161852,6.695626826682591,2.6599643401994126,-1.8983501906251747,-3.9685518323226154,3.9695788744653093,5.225188632341238,2.916959264181146,-1.0637803653807303,-7.673256721500771,-6.151355839161113,0.5539736803321897,-2.893057343465988,-4.045890670358015,0.877395720392136,-1.467122207075399,0.6945789758417896,2.1882548204841816,-2.3491025103767065,2.0034787666722464,3.0861657021090254,4.147639019489712,2.065863526311375,4.452064274672936,2.0459719252668123,2.061772862397974,4.691221949053865
22.640695213473393,9.284754531978674,11.057172980776208,19.81949119343163,-0.07066575388899979,-42.9183742434179,-21.594858176379372,-0.3433384050533497,31.131885745185315,3.274651521490222,19.439889608719646,-13.567198316054167,32.08812861585579,-6.88946801724802,-14.835403555940287,1.9182571627689724,-24.885663864370443,0.5129944703281183,6.724606389353494,13.09694419156683,-9.757726577052237,3.095870351622683,-9.060141476499773,-3.3000161998846953,0.014068437868641944,-19.33390087582746,7.650942690050892,24.76672406414986,-14.374066635518282,12.724175794003521,28.12515845717433,9.13749604568165,-6.531208503285021,-17.454091130972444,18.186402585405258,24.301418753669203,12.716607756929735,-5.235610519734592,-37.632531756594005,-31.14642302706817,2.712859231870019,-14.194841310327943,-16.529105317355963,4.810984604906354,-8.689581550444263,1.5874861764099584,13.737662246714848,-9.613697866960255,9.534281210547457,15.212555866286584,19.51201755666365,7.479079195381602,21.493300756377725,8.356387132350246,10.447108880167361,22.250667227599852
-17.78982937145394,-5.281290655435691,-9.362969771945489,-16.45244873158178,-0.7503149192953784,33.44688667153994,18.811170297547605,1.8400496885394249,-24.245802849664297,-3.9019716394933237,-13.567198316054167,13.334301295945929,-26.690272302608104,7.764790843651211,12.453207582894576,-2.1382878544182025,20.868559821000837,-1.3325409791857175,-3.408528235553807,-10.977618502277073,6.9593401775300645,-4.218120382885845,8.42785976180829,2.949101836961547,-0.10542680754603168,18.136330221885498,-7.333421854355228,-19.232298446944704,12.96123342175372,-10.065971180292483,-24.310611510555162,-9.05678212888187,6.466562931785831,14.640881715558356,-14.859679679087922,-19.666118711183387,-10.7277726313227,4.08831686696226,29.453749208305005,23.900564800343233,-2.125078443728471,11.106774410527011,14.552483773003193,-3.517664040027516,6.072865430510512,-2.129095791508624,-9.28700691200497,8.453836672887453,-7.604420286558713,-11.86861481012712,-15.675673677356803,-7.147180451040216,-16.988824773438406,-7.358395694395836,-8.012849851085209,-17.78417023499876
39.5815799254282,13.993790553911223,20.080630001172867,35.62649669566843,0.7719433791260553,-74.72509944906099,-39.80121640051626,-2.345122381349469,54.1862506303557,7.201645222599477,32.08812861585579,-26.690272302608104,57.73954164989061,-14.65750753303288,-26.82094514062413,4.054767645850702,-44.96730750876846,1.9298366698734484,9.672361005904719,23.659896339846483,-16.272389490294803,7.39658822506699,-17.29386216451362,-6.164967076602102,0.12955958415399357,-37.07281818036192,14.844573557919453,43.0449475560912,-26.981702197292012,22.320540685085945,51.627165903999796,18.06040435114827,-12.901311482051366,-31.543642972399503,32.42767058634591,43.1198631321703,23.049375590487585,-9.12464571875839,-65.66217355094953,-53.81530453661173,4.735441152426412,-24.764098354651814,-30.635886306367055,8.119002976247469,-14.352682704900962,3.7550907158464626,22.341911584083466,-17.807056699542116,16.793753848388402,26.501220324579958,34.49423569383281,14.487196567962993,37.68739202823472,15.48959781318923,18.04634001630264,39.23397484452627
-9.544844704963403,-2.373764961466345,-5.177607934343232,-9.028244570287896,-0.5865677071183648,17.88261154617499,10.51384172020521,1.3459040121293977,-12.95950995218351,-2.397013311984049,-6.88946801724802,7.764790843651211,-14.65750753303288,4.702978730771724,6.863369850264573,-1.2914175632734317,11.49696549249426,-0.9269648577157283,-1.4006148229897701,-6.046631194626827,3.5724178658162478,-2.6707861777552835,4.820726772219072,1.6636520820123095,-0.07797115110367465,10.403221201131542,-4.2363313678851124,-10.266772187379992,7.334815920134502,-5.416352641848013,-13.548416322670448,-5.287944246691449,3.77434175251766,8.066735107187629,-8.102628295106161,-10.682034484549058,-5.923847296673363,2.187875024756473,15.776683906821525,12.692878146419039,-1.1387543683343615,5.948574038877221,8.165187887192657,-1.8274652246772007,3.0858529058675437,-1.3437404202678953,-4.638578632505794,4.741411874794776,-4.105815492204797,-6.348787436632796,-8.489290282902946,-4.124747565779786,-9.138035838933673,-4.128958007197332,-4.254573758562574,-9.610498619595436
-18.358240670864785,-6.434635429247597,-9.332245346179207,-16.54813637827909,-0.38034542930897103,34.65034632286193,18.511083189506305,1.1311259526938549,-25.125978575857328,-3.3769611302297387,-14.835403555940287,12.453207582894576,-26.82094514062413,6.863369850264573,12.4618194640368,-1.8980805522821766,20.892559470795934,-0.920878954197845,-4.43418687850808,-10.992669296035004,7.527630041760523,-3.4800581932891,8.057255396743663,2.8692049210761623,-0.06275117600122997,17.27616773356194,-6.921652823934493,-19.95824121972903,12.560447317423202,-10.35429049429359,-24.00629746983259,-8.428495866773947,6.020662410851265,14.655874101585821,-15.05604356070939,-20.0151332043424,-10.710835775298023,4.231311087157699,30.451344206708075,24.944043461735095,-2.1961291970662318,11.484453700166798,14.252487964078348,-3.7583640260966127,6.636004796831029,-1.766026443701267,-10.320632553519319,8.283911726792855,-7.792195083563381,-12.289064535083263,-16.008163668224235,-6.754470484262157,-17.482486887637606,-7.206134422730982,-8.364558309967496,-18.205344928138874
2.6453509380319153,0.6682562546094462,1.4314924195360064,2.4978580940667228,0.15844956440233238,-4.957847171386954,-2.9046802692007687,-0.36511555329131345,3.5929616549046743,0.6575822204404359,1.9182571627689724,-2.1382878544182025,4.054767645850702,-1.2914175632734317,-1.8980805522821766,0.3547687895278965,-3.1797470935742704,0.2519290397661889,0.3977774779914363,1.6722713709400296,-0.9938170986917498,0.731002382830118,-1.3294118821082805,-0.45930883948494294,0.02097416267413979,-2.868286846502623,1.1672489230906642,2.846668164709925,-2.0244084889352765,1.5008919345918188,3.7436645314126435,1.4560574910739024,-1.0393025373231994,-2.2308301385981304,2.24252099713407,2.9576381864929866,1.6380753506847696,-0.6067016308004981,-4.373316355145791,-3.520926746261229,0.3157154127887476,-1.648982834777093,-2.2549770328204546,0.5078955374704146,-0.8590259198361602,0.3679996004936586,1.2932280500850788,-1.3096603078191589,1.1373579697801164,1.7602002857314747,2.3512320103257607,1.1366191674874693,2.532087135603608,1.1402909575813251,1.1803102445601863,2.6620180217884273
-30.78408560497104,-10.800281845899343,-15.645335591697572,-27.74467059249361,-0.6337027069103963,58.10546347576537,31.0313895023147,1.8890015458347544,-42.13392894272058,-5.656014365497417,-24.885663864370443,20.868559821000837,-44.96730750876846,11.49696549249426,20.892559470795934,-3.1797470935742704,35.0272622753774,-1.5390560521314154,-7.445008505866075,-18.429545654338085,12.626511815522683,-5.82635829116821,13.504277379418701,4.809519755308076,-0.10446859528923591,28.954845847019275,-11.59973292922617,-33.46833451991663,21.05374363818338,-17.36246605542128,-40.24389627792278,-14.124024119757964,10.089128634908366,24.570832179088747,-25.243519999825786,-33.559622107168956,-17.956856533937444,7.0957856096875105,51.06343940042336,41.83072835812328,-3.682759696170164,19.25816520760167,23.891401585115847,-6.303688211933676,11.131297664965976,-2.9570613267927577,-17.313727015873457,13.886672909569413,-13.065816923551147,-20.607761567387854,-26.841944768878914,-11.319713514651296,-29.315059854523927,-12.079621222586363,-14.027415178642649,-30.526193101516917
1.0989884247262003,-0.057082938295876025,0.7068633326709369,1.183184541068639,0.19964083212962858,-2.0129877663210216,-1.5121859984338857,-0.4120529804188302,1.4563852628213323,0.4937339937445802,0.5129944703281183,-1.3325409791857175,1.9298366698734484,-0.9269648577157283,-0.920878954197845,0.2519290397661889,-1.5390560521314154,0.2597264503371195,-0.1462002982476116,0.8089010248099907,-0.2950123392756207,0.6004470282179478,-0.7695260052067507,-0.24980311140236,0.02486730316646438,-1.6803425494376139,0.704704658288344,1.1445346788229538,-1.1175541061246927,0.6345142750942374,1.92241047308989,0.9162957687764417,-0.6531993662606552,-1.0810213002300897,1.026910045712708,1.3234965233028082,0.8025669281023118,-0.24717175423280902,-1.7969236334824066,-1.3671087809440892,0.1298342577425016,-0.6769809325655533,-1.1966780363104976,0.16717505429787152,-0.23174868583208383,0.29902399859605383,0.28713527429623603,-0.6929647144167908,0.4912241504353154,0.7165740604138591,1.0333674319296033,0.6833705486608361,1.0686412927267288,0.6053059900579032,0.4573270875404725,1.1558373225238132
7.170993473184098,3.6100892216734537,3.277890593958985,5.985009843003023,-0.2901996100531366,-13.685025365267391,-6.227015981467556,0.4132451437457143,9.93205025333871,0.5954782715265088,6.724606389353494,-3.408528235553807,9.672361005904719,-1.4006148229897701,-4.43418687850808,0.3977774779914363,-7.445008505866075,-0.1462002982476116,2.753120855900456,3.919999904732397,-3.325683902980551,0.38721285327539195,-2.4345807212062165,-0.9268112932956039,-0.026761513214607555,-5.144859095301788,1.9841065240948277,7.920095377685101,-3.9986440279813773,4.00743598779683,8.1731199787916,2.2702050566984586,-1.6249895722526895,-5.220476604225052,5.571016259845556,7.507064607282771,3.783169820690688,-1.6665713859959619,-11.95765290413838,-10.055151219234123,0.8613444957059394,-4.5113826862735635,-4.715216511993895,1.6109712638825229,-3.003225029356061,0.20967985826694224,4.852131410732607,-2.7456959485755417,2.982264893366598,4.846193869383899,6.065478203872892,1.9466556349712125,6.774162626530737,2.3833693141246517,3.3738804015499486,6.947481276867475
16.198599498574907,5.685657740429005,8.2317372271469,14.597906759711352,0.3324014030078828,-30.57516414771437,-16.32610441005463,-0.9918010129060665,22.171020561101848,2.9744132496149214,13.09694419156683,-10.977618502277073,23.659896339846483,-6.046631194626827,-10.992669296035004,1.6722713709400296,-18.429545654338085,0.8089010248099907,3.919999904732397,9.696785572594537,-6.644879108486039,3.0635923352033325,-7.104203755036704,-2.530251423941028,0.05502430062222344,-15.232107798981056,6.102166991500731,17.61127009432868,-11.076214657368553,9.13593498418824,21.17343765178544,7.4295037041877885,-5.307085150823277,-12.92812053379992,13.282646470316717,17.658300922544736,9.447895441675985,-3.733606867506999,-26.86950206910887,-22.011896875774063,1.9377901640444433,-10.133603022479008,-12.569628766831372,3.3172633206330806,-5.858366288852584,1.5547541054119287,9.112523194237818,-7.305793488086078,6.875080517907096,10.843690259944132,14.123579300583865,5.95484849165111,15.425469552239877,6.355266165390575,7.3813096686274005,16.062493961345663
-11.441153054061,-4.6140917899956095,-5.613656285768136,-10.04962262461268,0.004551117757323503,21.677709249150734,10.984052688504107,0.23430319064356236,-15.723799270927126,-1.706211944665629,-9.757726577052237,6.9593401775300645,-16.272389490294803,3.5724178658162478,7.527630041760523,-0.9938170986917498,12.626511815522683,-0.2950123392756207,-3.325683902980551,-6.644879108486039,4.903636560839197,-1.6334376634988859,4.629049449897852,1.681419690596896,-0.010650825755525355,9.884034611094588,-3.9173341848921286,-12.50674265056172,7.328240209475133,-6.432679694516871,-14.298171864732318,-4.690149028270593,3.352106308062139,8.855906585235312,-9.212125206599135,-12.302493988130514,-6.454635434064067,2.64489494367362,19.01273940351466,15.717382595833044,-1.3707057181001645,7.17142197236698,8.413248658487984,-2.42106166765227,4.361913424263042,-0.83636815963106,-6.883812221338831,4.893065928099667,-4.82238512475265,-7.684320175078258,-9.873559271400545,-3.8285296227786003,-10.865219575286565,-4.253420719971543,-5.271831098892153,-11.255694494396861
4.664148667732865,0.8406939548726615,2.637043865840105,4.550930710927812,0.4143380180028375,-8.694486838283964,-5.4295971458806145,-0.906442089751519,6.298418644248392,1.3818893538366417,3.095870351622683,-4.218120382885845,7.39658822506699,-2.6707861777552835,-3.4800581932891,0.731002382830118,-5.82635829116821,0.6004470282179478,0.38721285327539195,3.0635923352033325,-1.6334376634988859,1.5881319685258333,-2.563080213832392,-0.8693549474859618,0.05317803529581758,-5.5502199520257705,2.2796501295176754,4.980727137065603,-3.8483009941399984,2.6574342772588437,6.97095662463829,2.881380124600996,-2.0558246218173633,-4.0887779094302426,4.049864541967315,5.310367610828728,3.011292586591119,-1.0649118855154185,-7.6908420892885285,-6.11157315928457,0.5553628107524039,-2.8993199821583753,-4.237964103703755,0.8513373495985407,-1.3883396579033187,0.7962939181836978,2.0278392859583736,-2.4593976612836936,2.02421750851094,3.088809765357733,4.202744924009207,2.2169829511790384,4.481297208361832,2.1432192005407917,2.0478526176077216,4.7438952965738315
-11.634679190311227,-3.6746359755371567,-6.049523311204934,-10.663859442177742,-0.40246309208296943,21.904955440580327,12.100951900751944,1.0315393872121161,-15.880686172836237,-2.4064179911227015,-9.060141476499773,8.42785976180829,-17.29386216451362,4.820726772219072,8.057255396743663,-1.3294118821082805,13.504277379418701,-0.7695260052067507,-2.4345807212062165,-7.104203755036704,4.629049449897852,-2.563080213832392,5.368573153373985,1.8897716653416612,-0.05849490756982148,11.538870824045075,-4.651293326817093,-12.603093213712633,8.294266511691594,-6.5758491697652826,-15.65716649410002,-5.717721758295222,4.083066816767821,9.473691582243685,-9.65577788562658,-12.799241096486352,-6.935502582878002,2.676744360627123,19.27582849014993,15.693987330455064,-1.3905930735566214,7.269110192651096,9.346062121673622,-2.3293866455748007,4.054313884990982,-1.2959530533255266,-6.238794355168037,5.430459669951061,-4.960990216979554,-7.771583451109936,-10.214459086621481,-4.535123863615212,-11.099801960540796,-4.725668668384322,-5.26203994652971,-11.598043019360436
-4.175673172880466,-1.3758175997991868,-2.1520684100424736,-3.802447273761525,-0.12165281113600139,7.869580892791192,4.290967369966411,0.32585698592568674,-5.705720970073523,-0.8260923807287645,-3.3000161998846953,2.949101836961547,-6.164967076602102,1.6636520820123095,2.8692049210761623,-0.45930883948494294,4.809519755308076,-0.24980311140236,-0.9268112932956039,-2.530251423941028,1.681419690596896,-0.8693549474859618,1.8897716653416612,0.6681843680630267,-0.018263393579465746,4.058036719811126,-1.6319246649462706,-4.52971341577169,2.929693816444678,-2.3581810145830335,-5.556806522042657,-1.9990360887938716,1.4276861359857962,3.373844625088618,-3.449249438377661,-4.577487283548207,-2.468352316671376,0.9614837631700354,6.921437966751801,5.648817971844224,-0.49929775476352123,2.6102371409894527,3.3100324548976316,-0.8434685049378936,1.476409738800536,-0.44021409118095006,-2.281703669029333,1.9236057161675881,-1.7773044469289216,-2.791686084254568,-3.656297897970705,-1.5916933806805436,-3.980861168446933,-1.6736268753147476,-1.8941433112772181,-4.1540203889897915
0.06570086986806459,-0.0228781176323419,0.048791827043122016,0.07884796674884556,0.019666659774849757,-0.11718586580826323,-0.10773806856660263,-0.03947534583386874,0.08474883236649519,0.042191720887343784,0.014068437868641944,-0.10542680754603168,0.12955958415399357,-0.07797115110367465,-0.06275117600122997,0.02097416267413979,-0.10446859528923591,0.02486730316646438,-0.026761513214607555,0.05502430062222344,-0.010650825755525355,0.05317803529581758,-0.05849490756982148,-0.018263393579465746,0.0026743545332774342,-0.12855562763379252,0.05498646902755015,0.06610674904514001,-0.08264984707524553,0.03840384245086011,0.13609955978562457,0.07261073603838539,-0.05173677026610959,-0.0737529084899563,0.06724255143524399,0.08454006310921279,0.05496079700421736,-0.014159983197068406,-0.10590750189299049,-0.0759168729331266,0.0075581201743820615,-0.03984193411722687,-0.08656696057564943,0.007341598506617003,-0.0067489287603898235,0.02617538584421452,0.0028039174222652384,-0.049735421700596076,0.030433043749831232,0.04165320414603171,0.06473729865057333,0.0531572167425509,0.06485688829367006,0.04378936248448907,0.02517475311867889,0.07197058188337425
-24.905867840158557,-7.794458641777346,-12.973975264964054,-22.858998858015497,-0.8902182891539341,46.88122900796229,25.96962630606802,2.2640806506306093,-33.987448801138676,-5.198624128771075,-19.33390087582746,18.136330221885498,-37.07281818036192,10.403221201131542,17.27616773356194,-2.868286846502623,28.954845847019275,-1.6803425494376139,-5.144859095301788,-15.232107798981056,9.884034611094588,-5.5502199520257705,11.538870824045075,4.058036719811126,-0.12855562763379252,24.805601280189194,-10.003859191026974,-26.970803824009078,17.814527815155557,-14.079077747448364,-33.59535056410462,-12.306508932939165,8.787963902360541,20.31288848933996,-20.689969190654878,-27.419138433953645,-14.872731625992897,5.729113034965241,41.258861371758215,33.575100955974385,-2.9765617686942307,15.559027198657395,20.06241734438083,-4.977085205888073,8.652018262035995,-2.8055880147078613,-13.301467491128085,11.656811578672476,-10.623802696681313,-16.63331921068326,-21.87793913884369,-9.753362130931576,-23.764457426566242,-10.144243635748108,-11.257275138387227,-24.838150185038202
9.936482487122237,3.0360246033828178,5.200808152705056,9.151678002337563,0.38458462598957205,-18.693273277420214,-10.427862826495227,-0.9604123701824352,13.551579391930904,2.122503651375545,7.650942690050892,-7.333421854355228,14.844573557919453,-4.2363313678851124,-6.921652823934493,1.1672489230906642,-11.59973292922617,0.704704658288344,1.9841065240948277,6.102166991500731,-3.9173341848921286,2.2796501295176754,-4.651293326817093,-1.6319246649462706,0.05498646902755015,-10.003859191026974,4.03956905267976,10.751871078873764,-7.168032328866097,5.619330540845233,13.483950917594544,4.9781968977930475,-3.5546836111913187,-8.13809686768707,8.275647712166972,10.959984608685753,5.960440480395951,-2.28443098951884,-16.456104383706123,-13.373981424059822,1.1871688493824315,-6.20558368196122,-8.061275761259006,1.9759603144980167,-3.424381762771167,1.151370601586486,5.251830004057767,-4.683184038982062,4.242595149672348,6.632631503748005,8.74071587945879,3.937705033544021,9.484779985303502,4.0760934275033955,4.483810834026808,9.920435024637845
29.846522862798153,11.225095251031096,14.916303605438069,26.57040611332897,0.31281060046813114,-56.438858332547255,-29.396326750849262,-1.2436718815203982,40.93139114980544,4.986355251432972,24.76672406414986,-19.232298446944704,43.0449475560912,-10.266772187379992,-19.95824121972903,2.846668164709925,-33.46833451991663,1.1445346788229538,7.920095377685101,17.61127009432868,-12.50674265056172,4.980727137065603,-12.603093213712633,-4.52971341577169,0.06610674904514001,-26.970803824009078,10.751871078873764,32.53430561064617,-19.788613092343866,16.808132245946837,38.19057305172927,12.99127940296157,-9.28227481402727,-23.47590459486284,24.261642125069304,32.32365099307379,17.134561311502324,-6.889051102844098,-49.55140422881616,-40.770871725878145,3.5729747558859954,-18.689048216754074,-22.57812692112546,6.209896699088516,-11.074890661303762,2.5369248119534658,17.350587896012044,-13.126777532713678,12.62562135467477,20.011601786012232,25.895459114962033,10.499511084173179,28.38460694610368,11.415160911541651,13.673378754529791,29.48389935252245
-18.247823452515348,-5.9569016776105865,-9.42320050022051,-16.640695347763184,-0.5537688266359774,34.38229185018074,18.802001975454672,1.466955547878779,-24.928033815851695,-3.646499438622605,-14.374066635518282,12.96123342175372,-26.981702197292012,7.334815920134502,12.560447317423202,-2.0244084889352765,21.05374363818338,-1.1175541061246927,-3.9986440279813773,-11.076214657368553,7.328240209475133,-3.8483009941399984,8.294266511691594,2.929693816444678,-0.08264984707524553,17.814527815155557,-7.168032328866097,-19.788613092343866,12.848521913547465,-10.307036195339515,-24.344144012718626,-8.787272796105263,6.275603661870174,14.769470458454515,-15.089318723754035,-20.01940771796708,-10.806926526653875,4.200689460855015,30.2433653063571,24.669502021492562,-2.1816453466049914,11.405377005125443,14.507953742877959,-3.678654348424374,6.431333658957562,-1.9478361242646736,-9.929789051880157,8.430659721846427,-7.769963851736343,-12.19710714400897,-15.987297061059298,-6.990758227775114,-17.399256924674457,-7.3355731508092274,-8.271834374699656,-18.161452549312035
15.42918096585278,5.709581253316504,7.742227625720725,13.776491686344006,0.19903995750087028,-29.16357520167013,-15.282013027334772,-0.7157763076638868,21.149631508758954,2.6393032899161852,12.724175794003521,-10.065971180292483,22.320540685085945,-5.416352641848013,-10.35429049429359,1.5008919345918188,-17.36246605542128,0.6345142750942374,4.00743598779683,9.13593498418824,-6.432679694516871,2.6574342772588437,-6.5758491697652826,-2.3581810145830335,0.03840384245086011,-14.079077747448364,5.619330540845233,16.808132245946837,-10.307036195339515,8.69221782929318,19.845113426782554,6.8028978188030695,-4.860370923772444,-12.178683144169826,12.568276413581106,16.736237105396135,8.891848059737285,-3.560303814627028,-25.61047092850037,-21.050164461871656,1.846819872844708,-9.659241543997094,-11.74426543684755,3.1981147396428122,-5.690129267469097,1.3523944342222112,8.899519349725148,-6.82775172688859,6.532062738862367,10.34128153069,13.402793792219247,5.486532384306157,14.678098184958378,5.937785217302333,7.059530215270465,15.2556653928208
35.1646849399686,11.981281687408188,17.990922831499176,31.84801107931903,0.8662469429862322,-66.3249818104173,-35.77268748349806,-2.435154740327118,48.091388663292626,6.695626826682591,28.12515845717433,-24.310611510555162,51.627165903999796,-13.548416322670448,-24.00629746983259,3.7436645314126435,-40.24389627792278,1.92241047308989,8.1731199787916,21.17343765178544,-14.298171864732318,6.97095662463829,-15.65716649410002,-5.556806522042657,0.13609955978562457,-33.59535056410462,13.483950917594544,38.19057305172927,-24.344144012718626,19.845113426782554,46.361305694894725,16.46544163643176,-11.760581112025935,-28.23102657067233,28.93648312935683,38.43610765277871,20.64209124964352,-8.100887439197228,-58.3092061547355,-47.6820073040077,4.205618016675044,-21.990296626053695,-27.567625838353766,7.154280204505857,-12.581960328820955,3.533576978822137,19.51122137051176,-16.021638477227153,14.945033244525069,23.525195961042897,30.722270363505555,13.15501842577285,33.50438269097353,13.938553895561126,15.988820477931952,34.92323226556839
12.020488164933731,3.5332929425149056,6.338303659132752,11.132602112213254,0.5211415245967517,-22.595535062947086,-12.74333424725462,-1.2711248785467024,16.379206974189056,2.6599643401994126,9.13749604568165,-9.05678212888187,18.06040435114827,-5.287944246691449,-8.428495866773947,1.4560574910739024,-14.124024119757964,0.9162957687764417,2.2702050566984586,7.4295037041877885,-4.690149028270593,2.881380124600996,-5.717721758295222,-1.9990360887938716,0.07261073603838539,-12.306508932939165,4.9781968977930475,12.99127940296157,-8.787272796105263,6.8028978188030695,16.46544163643176,6.152773087919614,-4.392989477351272,-9.908799061294628,10.050227347792672,13.29839001746991,7.26170109947585,-2.7623774573035798,-19.900106531045328,-16.13973854461958,1.435930593111849,-7.504146019720801,-9.860511606324158,2.3723874370380167,-4.089999563108921,1.4542709885337401,6.248596483346621,-5.728348593393559,5.140264844461178,8.018446430873512,10.598356621177459,4.851517910614025,11.481014971909051,4.985948773110855,5.411082908748468,12.021964096769628
-8.588311277206609,-2.5276494184305514,-4.5274708613318175,-7.9525281828795995,-0.3710561996346578,16.14431829697053,9.10181458235075,0.9056726206891622,-11.702833725917246,-1.8983501906251747,-6.531208503285021,6.466562931785831,-12.901311482051366,3.77434175251766,6.020662410851265,-1.0393025373231994,10.089128634908366,-0.6531993662606552,-1.6249895722526895,-5.307085150823277,3.352106308062139,-2.0558246218173633,4.083066816767821,1.4276861359857962,-0.05173677026610959,8.787963902360541,-3.5546836111913187,-9.28227481402727,6.275603661870174,-4.860370923772444,-11.760581112025935,-4.392989477351272,3.13653887816741,7.078096969921921,-7.179716990120947,-9.50042405415874,-5.187111726610379,1.9736723769186526,14.218255839337806,11.532306586916095,-1.0259392259727471,5.361576758864079,7.0425716114885955,-1.6954207005834796,2.9234015992653193,-1.037625663598371,-4.466859004078975,4.091303432624928,-3.672398584367061,-5.729084559804437,-7.571677232519361,-3.464254652257213,-8.202712187755097,-3.561060806988226,-3.866374771987834,-8.588885578993418
-21.59343453324687,-7.573742387268822,-10.975106197336427,-19.461832469419573,-0.44527032800515604,40.75700680778224,21.768170527957952,1.3262130631559248,-29.554219637451563,-3.9685518323226154,-17.454091130972444,14.640881715558356,-31.543642972399503,8.066735107187629,14.655874101585821,-2.2308301385981304,24.570832179088747,-1.0810213002300897,-5.220476604225052,-12.92812053379992,8.855906585235312,-4.0887779094302426,9.473691582243685,3.373844625088618,-0.0737529084899563,20.31288848933996,-8.13809686768707,-23.47590459486284,14.769470458454515,-12.178683144169826,-28.23102657067233,-9.908799061294628,7.078096969921921,17.23635972350713,-17.70807719291012,-23.54078057927318,-12.59638913661778,4.976793736833444,35.81768277883368,29.341104103427035,-2.583066059422203,13.508309997280982,16.760069916043225,-4.421279453179155,7.807500755090202,-2.0748377403499703,-12.143391764383804,9.741183385695747,-9.16507423745264,-14.454682817176002,-18.828085662520937,-7.9415440983561245,-20.563091919550082,-8.473973413633548,-9.83892752818459,-21.412800100821602
22.296031095290008,8.014159210401058,11.267221426883962,20.01012936225691,0.3821104364217565,-42.109406519092936,-22.298631722974193,-1.217913490107118,30.53648766474703,3.9695788744653093,18.186402585405258,-14.859679679087922,32.42767058634591,-8.102628295106161,-15.05604356070939,2.24252099713407,-25.243519999825786,1.026910045712708,5.571016259845556,13.282646470316717,-9.212125206599135,4.049864541967315,-9.65577788562658,-3.449249438377661,0.06724255143524399,-20.689969190654878,8.275647712166972,24.261642125069304,-15.089318723754035,12.568276413581106,28.93648312935683,10.050227347792672,-7.179716990120947,-17.70807719291012,18.229600129018877,24.251640499934062,12.935298897377217,-5.140946060741094,-36.99400007106476,-30.35075723010308,2.6676510196986563,-13.952224580149567,-17.15462947502059,4.590348045592271,-8.134369466674887,2.0572826443022243,12.683810247661006,-9.97121306659664,9.45239325943183,14.93290957475379,19.407317153283003,8.077592547515815,21.22247803510714,8.6733426074425,10.177754301151081,22.080525203769646
29.694863192833175,10.767663116239602,14.974660841560157,26.610189391923647,0.4714113234726837,-56.09718418286926,-29.61332740950214,-1.5494943884766605,40.680470884887555,5.225188632341238,24.301418753669203,-19.666118711183387,43.1198631321703,-10.682034484549058,-20.0151332043424,2.9576381864929866,-33.559622107168956,1.3234965233028082,7.507064607282771,17.658300922544736,-12.302493988130514,5.310367610828728,-12.799241096486352,-4.577487283548207,0.08454006310921279,-27.419138433953645,10.959984608685753,32.32365099307379,-20.01940771796708,16.736237105396135,38.43610765277871,13.29839001746991,-9.50042405415874,-23.54078057927318,24.251640499934062,32.272985442353665,17.19375042141362,-6.848955992644951,-49.276574703910455,-40.44986552075507,3.5535148852629717,-18.584781693941174,-22.7744639056809,6.12614700909252,-10.868548888282573,2.699305794490636,16.962795620981964,-13.23895658709203,12.583908875898269,19.893089478703438,25.83228497560507,10.698727052657247,28.26036498165565,11.514675603470836,13.56494410981542,29.39387744029137
15.763587899832645,5.4991422985839105,8.022001617976862,14.220888715687526,0.33704372082045064,-29.74973820052524,-15.91891894491423,-0.9917457402238992,21.572136750055975,2.916959264181146,12.716607756929735,-10.7277726313227,23.049375590487585,-5.923847296673363,-10.710835775298023,1.6380753506847696,-17.956856533937444,0.8025669281023118,3.783169820690688,9.447895441675985,-6.454635434064067,3.011292586591119,-6.935502582878002,-2.468352316671376,0.05496079700421736,-14.872731625992897,5.960440480395951,17.134561311502324,-10.806926526653875,8.891848059737285,20.64209124964352,7.26170109947585,-5.187111726610379,-12.59638913661778,12.935298897377217,17.19375042141362,9.206610678366273,-3.633141200732596,-26.146225544897526,-21.41132595101571,1.8857284291628635,-9.86079130977999,-12.258413648853434,3.2238404977156905,-5.688243602610989,1.5279477235063,8.842365352293104,-7.124952138096703,6.692362505922572,10.551291478035264,13.750300013947692,5.816254864010907,15.01291003789422,6.1979389676147925,7.179963599162973,15.636211616665626
