V1,V2,V3,V4,V5,V6,V7,V8,V9,V10,V11,V12,V13,V14,V15,V16,V17,V18,V19,V20,V21,V22,V23,V24,V25,V26,V27,V28,V29,V30,V31,V32,V33,V34,V35,V36,V37,V38,V39,V40,V41,V42,V43,V44,V45,V46,V47,V48,V49,V50,V51,V52,V53,V54,V55,V56
0.25743191610950206,0.3790716168231624,-0.4300562538118963,0.17452981813872304,0.10418516956881238,0.8821346820152567,1.785224955633518,-0.29907793952764866,0.47929468845215795,-0.0894178526649153,0.5274758873496881,0.5087987972368265,-0.6293007731697573,-0.19312960293654002,-0.7917871620799433,1.1157783955910223,-0.8070552225403674,0.1113207068958954,-0.7016349056131468,-0.3200695647618534,0.2532315062087797,0.5101007938329807,0.5358901258832723,-0.27264629958680403,-0.5789908218427179,0.14821421750118619,0.13103394508806368,0.7075950545990843,-0.3034510264684852,-1.0506967273543784,-0.2896954004256793,-0.39031038373161425,-0.569259592415194,0.4037066838033695,0.07332819657338786,0.2772204862782862,-0.28007557629442564,-0.6537044061083676,-0.6592242969463901,0.05966055172252965,0.38110538388332943,-0.24319727833551655,0.8048074436675154,-0.3271916797757786,-0.8095273163760375,0.25040354669182524,0.46490499661084456,0.9896938592922558,0.25648956577577453,0.6922097758761601,0.27539697549508174,0.9365017758630658,-0.005928429675350763,0.8466509562686443,-0.30397972546214325,-0.9375459665209155
0.3790716168231624,1.076279685314867,-1.1403074952074923,0.35864780473021407,0.9337368584274196,2.1951334795957655,4.309202517132396,-0.4294145319740592,0.12551299085329967,-0.03925313159867115,0.9596674120079243,1.264900995451102,-1.7127936275696907,-0.6876337073838176,-1.7450842974467642,2.9576519949919184,-2.0842687808686566,0.18878586925444882,-1.3181333901968733,-0.7609286462797766,0.11714542944188779,0.44542708701659045,1.6495551881933872,-0.2557491041509192,-0.6893512780226904,0.40207816949597663,0.37401446767340146,2.0544933217300736,-1.0894722728004211,-2.238135109517236,-0.9980816960287985,-1.4767151172751762,-2.0028402503252103,1.200688932772213,0.09953254526971463,0.2138070322298582,-0.814758333524688,-1.217822803479043,-1.8548870611686947,0.6928125177753585,1.4678769318306217,-0.9049452181568811,1.301694000428576,-0.14535423524684798,-1.571330492232007,0.3989838711807648,1.6623936918259135,3.118536153991252,0.3995649647522558,2.0617617814308877,1.0525340782979191,2.1063034332705537,-0.12933060728037857,2.0599770634114503,-0.8738243415544547,-2.991276757094786
-0.4300562538118963,-1.1403074952074923,1.2690140697244006,-0.3245874239736651,-1.061181822653194,-2.2566348878896427,-4.565126785808301,0.3523857994448822,0.11943776145955752,-0.018023032802310854,-1.043046552466373,-1.3825712801310845,1.8198286870373128,0.7830001918342175,1.885215857414105,-3.162592734252913,2.2838002097037906,-0.12504185516455596,1.3227218721127485,0.9344205169803382,0.05137514829898704,-0.2744566527163049,-1.9062848498312206,0.14504079213347063,0.5882238510057646,-0.43109377977761665,-0.4016567498746835,-2.228615836370354,1.228315755284985,2.3328486623914886,1.1061044863824905,1.7649961432263654,2.3845078260339103,-1.2773323543912074,-0.15810036250511603,-0.08984308253236903,0.9560849279933656,1.1908913014231026,2.009105933455493,-0.8444741853691984,-1.666427770758282,0.9722892129626622,-1.2708327100947252,0.01930862067423469,1.4676249113191469,-0.41401336394978494,-1.8482174947359935,-3.443987909582632,-0.39788003925641297,-2.2395185439684955,-1.22130806817982,-2.2307624935039345,0.17831929132414698,-2.1469658718697073,0.968127872781459,3.408840053880793
0.17452981813872304,0.35864780473021407,-0.3245874239736651,0.22032282765905617,0.07083480385790873,0.8898025201311938,1.6187152054979974,-0.37013266652113247,0.6457535068272594,-0.13779437390276772,0.41533941594672225,0.4115257004020426,-0.5824461562475485,-0.12909344927654134,-0.6574532658426605,1.000106503916934,-0.651386417542484,0.18576570449584245,-0.6909675789855668,-0.13039746866433438,0.39803301319673395,0.6307823784024915,0.3245431137157375,-0.36396354970816824,-0.6321875603985436,0.13298964891663065,0.11826094300583986,0.6105025993636194,-0.21815118254406823,-0.9710589339668702,-0.231424981807781,-0.15732587166271866,-0.2525817890406211,0.3814601124932638,-0.005378938288321078,0.37613336661284064,-0.15195653273047477,-0.6798768173979264,-0.5684459388381554,-0.02984555682602755,0.25985706186736623,-0.23403543348421615,0.8008995608309293,-0.4009648120113945,-0.9399159597473841,0.21759996065186257,0.36503404103045584,0.7936695494838396,0.2427866011245642,0.5967085885005604,0.15585865397990184,0.8342645415795528,0.0340351298557369,0.812490511966204,-0.23661051073044856,-0.6234002532032631
0.10418516956881238,0.9337368584274196,-1.061181822653194,0.07083480385790873,1.5116162188759767,1.4991236043797123,3.1079668039391324,0.22242349578309736,-1.4994896161002162,0.2819328715123072,0.4405201645973024,1.0436560307087193,-1.4429677098051104,-0.8382102082746798,-1.1802547928264304,2.4702436920929367,-1.8156612439600486,-0.11851871356684798,-0.41170411973101834,-0.829217448750229,-0.8016496142191366,-0.9051599224422675,1.904622310567875,0.4980946643267132,0.5257573526895566,0.3376286571770467,0.3360113755149288,1.9438491421458035,-1.3122825784287786,-1.2321699589020954,-1.123067357036816,-2.05651876328745,-2.66738416782363,1.099695739547096,0.11307942618987817,-0.610797672693961,-0.9420827441352755,-0.30198660877531264,-1.701286260954339,1.2952350089058657,1.85702756745091,-1.0033981700711225,0.06381015845128288,0.8415436278634246,-0.3074559478675564,0.06930393910199119,1.9321334030516133,3.3001592489882814,0.013130006935835433,2.0014259847298783,1.3881486938564338,1.3721324472637595,-0.29837356613858595,1.4202225616532993,-0.865198789442481,-3.4283193268633205
0.8821346820152567,2.1951334795957655,-2.2566348878896427,0.8898025201311938,1.4991236043797123,4.745480236364426,9.13527646778081,-1.2364573792908828,1.246252309762655,-0.279825183640858,2.1476963804934495,2.584768720368637,-3.5249679905381814,-1.2465906848674015,-3.722875561098545,6.088828427123289,-4.218906261214296,0.5700043325776833,-3.117490680539266,-1.3917071271390602,0.814607066051744,1.6988010135805247,3.0351485583213336,-0.9737753846427067,-2.0781887248067954,0.814801471836607,0.7512264859987392,4.085364078451441,-1.9998032234514882,-4.965850770061027,-1.8734712756684853,-2.5048554968897006,-3.4607057534224506,2.418252298015997,0.15666999244261895,0.9266888775120026,-1.4945006364412023,-2.9469982360395637,-3.7203885233317235,0.9910441030227066,2.6338754830404714,-1.7350302125497492,3.283725594734356,-0.8759716438926893,-3.877904548034197,0.9706821026656135,3.090706787189128,5.994985464312733,1.0050055440274512,4.074556532694435,1.8459384781289554,4.55129634457862,-0.14076267908192466,4.418774052564502,-1.7041390272407473,-5.545442470966011
1.785224955633518,4.309202517132396,-4.565126785808301,1.6187152054979974,3.1079668039391324,9.13527646778081,17.9160807204671,-2.1997174976040608,1.8521841767629907,-0.4126031285872734,4.2722115241490215,5.164584642560998,-6.919311117510026,-2.570673651413305,-7.385418606418485,11.992572162650037,-8.440749272926595,0.9519185033149036,-5.94592142022266,-3.020776225958204,1.1875746735698651,2.877954903160456,6.313959960380934,-1.6188174488822291,-3.7473335895551374,1.622835393393778,1.4942090940972579,8.130756825737315,-4.084137695902617,-9.648928828279391,-3.790908878547719,-5.363462860961066,-7.384963095559279,4.758514023187655,0.43319624530931217,1.5065278759523688,-3.1365559227167705,-5.539640896857676,-7.393083629720132,2.1953191796366935,5.413544066464194,-3.4261962607323153,6.182916355581601,-1.4123249842408283,-7.147619515196993,1.874136693751111,6.2585662192284754,12.06306655528899,1.9121696437972773,8.109678441717259,3.8623556896859084,8.90880580501594,-0.37507346106284434,8.587769760075878,-3.4419182131198096,-11.4159143767764
-0.29907793952764866,-0.4294145319740592,0.3523857994448822,-0.37013266652113247,0.22242349578309736,-1.2364573792908828,-2.1997174976040608,0.7122435021532612,-1.4796791085703918,0.30418669557843264,-0.663198070523537,-0.5136686634406197,0.7096060438667966,0.04661097764668582,0.9199453846316462,-1.2256012308496433,0.7629358902169938,-0.35259072169699335,1.1432828458261413,0.07379101099654392,-0.8765886425448204,-1.321861209623957,-0.16951359430247026,0.7511995840013866,1.2469060335757582,-0.16758213359146462,-0.13623503661986974,-0.6535548053492618,0.0931097983991392,1.466052156901283,0.16369418532325603,-0.16556165709687531,-0.12154351334675369,-0.43040733902355466,0.021882177204892894,-0.8045932011509351,0.06888595960958138,1.139735463342293,0.6331121992473829,0.34288755290061634,-0.04990496772943864,0.1803155880680779,-1.4179573754307484,0.9059391402445185,1.5898287391088515,-0.37680472558758094,-0.2186741480337217,-0.6729119211977044,-0.43468991497779363,-0.6156302654937259,0.03039586398495473,-1.1868802661196427,-0.1224338717788539,-1.129707099872023,0.23221575354363538,0.3641468443859317
0.47929468845215795,0.12551299085329967,0.11943776145955752,0.6457535068272594,-1.4994896161002162,1.246252309762655,1.8521841767629907,-1.4796791085703918,3.8606549889880712,-0.7759254817511245,0.9010254924245373,0.19263999451493102,-0.2909233294825045,0.5236618975414046,-0.8549281322532697,0.5170904751013126,-0.10985583096656185,0.7442469427199877,-1.8335895910843534,0.4842360180251218,2.230832054889353,3.1273553499897444,-1.074023835034375,-1.7726631766369028,-2.7077496669028847,0.05496155337166504,0.006456371256928074,-0.18437727820616823,0.7683989968826663,-1.8378650191541999,0.5115444390406578,1.801779461473203,2.1741564239124713,0.009640619420825185,-0.13678283302712554,1.9431994789915263,0.5541493612036125,-1.9210052566111762,0.04558567240538189,-1.5759164862958988,-1.2466051479891176,0.3718799345905605,2.6033165447638,-2.2951950712811926,-2.7640582007559096,0.6550979542138385,-0.9864802179069944,-1.1152727329354446,0.7986129765538976,-0.2935057620764168,-1.0595297518330264,1.22717515523389,0.45175836958344,1.0817806629420414,0.19588405933122788,1.8101282843101034
-0.0894178526649153,-0.03925313159867115,-0.018023032802310854,-0.13779437390276772,0.2819328715123072,-0.279825183640858,-0.4126031285872734,0.30418669557843264,-0.7759254817511245,0.15864023813718994,-0.17733510464675364,-0.04466875687721683,0.07940309250633525,-0.09921679734652301,0.18080259123141526,-0.13508509343298994,0.03712072971623004,-0.15722403897972373,0.3790669410470511,-0.10652954924880828,-0.45490843482298926,-0.6338918866226756,0.20869166411869255,0.3625373558211901,0.5472729890640176,-0.01566951382842129,-0.006768914498034232,0.014199618428572036,-0.14248226925475369,0.38575373246667854,-0.090890772993035,-0.3567029235058111,-0.43097963381779,-0.019066539578116,0.03412397552570916,-0.3948554108379258,-0.1107358598600611,0.3981141689676218,0.010239908479720337,0.3080534423066576,0.2357040580326768,-0.05861398468023136,-0.5295556530866635,0.4600986751417664,0.5815738658545206,-0.13010172500869427,0.17892871943713473,0.1909241031051998,-0.16094720484020916,0.03621061233977749,0.20365202917238315,-0.2609177673772771,-0.09087895285105978,-0.24094729669795267,-0.03197284831570751,-0.344311979889781
0.5274758873496881,0.9596674120079243,-1.043046552466373,0.41533941594672225,0.4405201645973024,2.1476963804934495,4.2722115241490215,-0.663198070523537,0.9010254924245373,-0.17733510464675364,1.1581983742466764,1.218023679943034,-1.5616389611288934,-0.5148433742705482,-1.829070465499855,2.736964435434511,-1.9460394483091037,0.2687814889682725,-1.5848477105549483,-0.7231509510423781,0.5050613651647493,1.0365201460746531,1.3428147723281791,-0.5644378314591657,-1.2081939643718256,0.3727865942418208,0.3320993985476958,1.7845955119456915,-0.810267459565701,-2.4336403257807477,-0.7738566436244215,-1.0340935392221948,-1.4744641618633667,1.0365381408365466,0.13634294652781623,0.5665627927917326,-0.6808904599240265,-1.4786466736168618,-1.6442089286548178,0.27865820970076755,1.0468648152407793,-0.6728702309683882,1.75616922452968,-0.6258971944221906,-1.8782829379095665,0.5345227118644197,1.2545147304386122,2.5448344188009298,0.5535637127041036,1.7596155296290792,0.7443582340203646,2.188133654319976,-0.03895841575316505,2.0433220066308477,-0.7584355039008622,-2.3931545594127788
0.5087987972368265,1.264900995451102,-1.3825712801310845,0.4115257004020426,1.0436560307087193,2.584768720368637,5.164584642560998,-0.5136686634406197,0.19263999451493102,-0.04466875687721683,1.218023679943034,1.5364370679913253,-2.0223830682336974,-0.8164718441263149,-2.134311102667466,3.515292971949823,-2.512589454534877,0.2028466586926685,-1.6034266602603062,-0.9828566422984473,0.13298309911719935,0.5610112131697441,1.9996682564702397,-0.3063294819871244,-0.8697726908812533,0.4784435704566705,0.440226081678116,2.4318047740066113,-1.283207744010718,-2.713369500020581,-1.172884705123841,-1.7842553154189675,-2.431623085568199,1.4043897594055785,0.1584333937187633,0.2631266939388777,-1.0007923631775333,-1.468113457405539,-2.202181657227798,0.7971739072646311,1.7283046436756015,-1.0370736386266273,1.6100684504567644,-0.21193028929602017,-1.8457308882750545,0.5079082639306082,1.9504672808087353,3.6874791356535104,0.5023431105845565,2.436532576967691,1.2497518502126017,2.550579055877267,-0.15733640471525548,2.4487934075442914,-1.045691502588544,-3.590060626323866
-0.6293007731697573,-1.7127936275696907,1.8198286870373128,-0.5824461562475485,-1.4429677098051104,-3.5249679905381814,-6.919311117510026,0.7096060438667966,-0.2909233294825045,0.07940309250633525,-1.5616389611288934,-2.0223830682336974,2.7378888982071747,1.084191566634294,2.817205200061699,-4.732723873379112,3.337615554470852,-0.3081423664798125,2.1481090043889735,1.2160912563224144,-0.23273322902458454,-0.7839039422202896,-2.6171056340091132,0.4484248244339669,1.1672904221188811,-0.6373957102396848,-0.5950597128747231,-3.2707602448817488,1.723532607263115,3.6173322375078167,1.575671573189316,2.3260324408822814,3.1602134983551062,-1.909421300631819,-0.16354061315370458,-0.3803179900425789,1.2968006085759876,1.989644598826927,2.957776531689699,-1.0662068010738808,-2.310320965286766,1.4321209250769977,-2.145634188875496,0.28610037071254596,2.560037055237793,-0.6591492793198716,-2.6223748955582447,-4.952360634424626,-0.659157269139713,-3.2792773367446304,-1.659288985194207,-3.3971371610320564,0.1964031478107077,-3.305863117212438,1.3902592269051604,4.739598465949988
-0.19312960293654002,-0.6876337073838176,0.7830001918342175,-0.12909344927654134,-0.8382102082746798,-1.2465906848674015,-2.570673651413305,0.04661097764668582,0.5236618975414046,-0.09921679734652301,-0.5148433742705482,-0.8164718441263149,1.084191566634294,0.5393334149358935,1.0386973454607795,-1.8769737648844125,1.3751615771941605,0.0021957798593525493,0.5902771705458996,0.6063038151009112,0.2829614850144945,0.19720120077388414,-1.2781110120351975,-0.1142840690887573,0.03766350148623802,-0.25692234309640183,-0.24533380730217713,-1.387537482124477,0.8424250954145293,1.2040448679086726,0.7386949493233558,1.2775751664423205,1.6928177619974059,-0.7864772646547563,-0.10067439854572124,0.168340085432186,0.6394404753775811,0.505048213057453,1.2355889577651469,-0.703927297168849,-1.1671871707618466,0.6476466407260989,-0.4642975755823459,-0.26046924357134105,0.5897159567865042,-0.17011354800613818,-1.2509936590843462,-2.2400952053070426,-0.14490785496733913,-1.4086017721880804,-0.8676739917005882,-1.2135486553699537,0.159331910039406,-1.1906420778786528,0.612451988086636,2.283614142287287
-0.7917871620799433,-1.7450842974467642,1.885215857414105,-0.6574532658426605,-1.1802547928264304,-3.722875561098545,-7.385418606418485,0.9199453846316462,-0.8549281322532697,0.18080259123141526,-1.829070465499855,-2.134311102667466,2.817205200061699,1.0386973454607795,3.094295879450269,-4.902287321362898,3.484195515777835,-0.3768729745656637,2.493973686916997,1.2956503718324208,-0.5107885661145898,-1.2580303942310307,-2.5978971960069828,0.6948520071554287,1.6227895989752639,-0.664015276176621,-0.6101017493310857,-3.306260331832191,1.6449002281293257,4.017219632059531,1.525091009671068,2.187938648353362,3.0284700957824375,-1.9211214156112417,-0.2162165588334018,-0.6517933692322186,1.302950346240964,2.3098245254217438,3.0140507098589806,-0.8436553587744231,-2.167892515866009,1.3571350524736583,-2.626347635484819,0.6513874253757468,2.938413836900164,-0.8060936630349607,-2.5087457698341242,-4.887825532713962,-0.8195501018385242,-3.286940811016774,-1.562614940311391,-3.6974097609697814,0.14987080753611445,-3.5229199818122425,1.4099400442904726,4.659207229548025
1.1157783955910223,2.9576519949919184,-3.162592734252913,1.000106503916934,2.4702436920929367,6.088828427123289,11.992572162650037,-1.2256012308496433,0.5170904751013126,-0.13508509343298994,2.736964435434511,3.515292971949823,-4.732723873379112,-1.8769737648844125,-4.902287321362898,8.192163830700958,-5.793589414049589,0.5215355071127857,-3.7313741540888756,-2.1420541772439075,0.3960128732506451,1.365216770245727,4.550070921383408,-0.774098154708569,-2.0385001485989758,1.1023133822845546,1.0274437956604725,5.6571189973764575,-2.9797676702376927,-6.282052754744789,-2.721812670710842,-4.043883341060554,-5.49810866552404,3.2943071834388356,0.30146301979484685,0.6581466866568116,-2.2615010781837537,-3.45041975126705,-5.118784071036589,1.8364867673070486,3.994563951390276,-2.462784211795224,3.7384053968284667,-0.5084674040267729,-4.41606496165183,1.1557413639675624,4.529861195929432,8.56684426710191,1.1521812628873556,5.670556338115987,2.8740583351435633,5.900326558564225,-0.34205269556939566,5.719866681917583,-2.410124780177819,-8.22394633800074
-0.8070552225403674,-2.0842687808686566,2.2838002097037906,-0.651386417542484,-1.8156612439600486,-4.218906261214296,-8.440749272926595,0.7629358902169938,-0.10985583096656185,0.03712072971623004,-1.9460394483091037,-2.512589454534877,3.337615554470852,1.3751615771941605,3.484195515777835,-5.793589414049589,4.149937476392422,-0.29593367817620075,2.55271691997793,1.6265390852381723,-0.10525201235263203,-0.7653287412539498,-3.3556641046858204,0.4213886429272021,1.2916607928971087,-0.7834820578732414,-0.7313144090541609,-4.034892675029836,2.1703027807423676,4.3806523395172245,1.9658406574544758,3.0399799557210723,4.1236988982552605,-2.327135155219753,-0.262061502263222,-0.32867601691368714,1.679695705663762,2.327860650457884,3.646677529902506,-1.4031148962750573,-2.920721702340794,1.7490288635310316,-2.519703674210769,0.22347748988533497,2.91617829451842,-0.8005023875220035,-3.275484063640473,-6.167955204843061,-0.783894325632254,-4.045370190800846,-2.128298884797504,-4.146518062941741,0.2818000442087788,-3.993449461829889,1.738716604520627,6.020336870256239
0.1113207068958954,0.18878586925444882,-0.12504185516455596,0.18576570449584245,-0.11851871356684798,0.5700043325776833,0.9519185033149036,-0.35259072169699335,0.7442469427199877,-0.15722403897972373,0.2687814889682725,0.2028466586926685,-0.3081423664798125,0.0021957798593525493,-0.3768729745656637,0.5215355071127857,-0.29593367817620075,0.1875506981191454,-0.523369029224833,0.03009031690596122,0.45561921222892854,0.6530814557187864,0.003079196912035413,-0.37857708319387284,-0.5954073862444215,0.07062084842000343,0.057020854832176775,0.26399871404901415,-0.011000901061894844,-0.6476440731278619,-0.05276828930045408,0.15874425033518882,0.16812245040119497,0.18783683739410978,-0.036634422435129065,0.40606954544916735,0.012506231455268992,-0.5350083196594905,-0.25758018624025825,-0.19180171473019203,-0.021704097053146562,-0.0774979778603831,0.6543393448414084,-0.4453569950317408,-0.7767561008897869,0.16375840838829286,0.0628819494420201,0.23707623124934643,0.19652164179112402,0.24732994993151236,-0.05762483145201403,0.5116154640922782,0.07097295766601151,0.5061754792755567,-0.08244694674351158,-0.05528074689666936
-0.7016349056131468,-1.3181333901968733,1.3227218721127485,-0.6909675789855668,-0.41170411973101834,-3.117490680539266,-5.94592142022266,1.1432828458261413,-1.8335895910843534,0.3790669410470511,-1.5848477105549483,-1.6034266602603062,2.1481090043889735,0.5902771705458996,2.493973686916997,-3.7313741540888756,2.55271691997793,-0.523369029224833,2.382310997582431,0.7548748895696391,-1.0864563118141397,-1.896991628473402,-1.5302614103291345,1.0679807109384223,2.0205665644026873,-0.5022134280784252,-0.4473279832871468,-2.352144957769434,0.9559923814436624,3.486257587572683,0.9541829151919574,1.0038468698524852,1.4874007412757067,-1.4119221801939115,-0.09487252109659838,-1.091512226225528,0.755768261874237,2.283551886661791,2.1801170679066657,-0.12429996970725751,-1.1895665099358783,0.8848942650540281,-2.7116639063235284,1.188259021640604,3.0301042285047077,-0.7797904350387984,-1.525077636953508,-3.2085718290096774,-0.8385538584655,-2.3063770870012847,-0.7980014412664623,-3.0607291590782935,-0.03625313166525403,-2.909433375657912,0.9602692864273306,2.799248443376258
-0.3200695647618534,-0.7609286462797766,0.9344205169803382,-0.13039746866433438,-0.829217448750229,-1.3917071271390602,-3.020776225958204,0.07379101099654392,0.4842360180251218,-0.10652954924880828,-0.7231509510423781,-0.9828566422984473,1.2160912563224144,0.6063038151009112,1.2956503718324208,-2.1420541772439075,1.6265390852381723,0.03009031690596122,0.7548748895696391,0.8122196705332486,0.3099223826578453,0.13620098971047068,-1.5079935517856868,-0.10488743066319715,0.15703490035991732,-0.29563890864844694,-0.27522555679033406,-1.5618918637650625,0.9310394297443463,1.4790002539275167,0.8137440976075124,1.482086999116193,1.9875956816530136,-0.8592712387908015,-0.18124743859821624,0.15617627302435777,0.7754144578814,0.6288764983794121,1.402159915462084,-0.7395067675257921,-1.2855384248478998,0.6702993414938757,-0.6614635222034264,-0.2055187876142388,0.6653848183407911,-0.2548523772660497,-1.3700561145070995,-2.5063979591683796,-0.21954940509821985,-1.5749358873778152,-0.9764670756675846,-1.47052154370251,0.18288343223573855,-1.3694367396419083,0.7084321856395654,2.6351695198881404
0.2532315062087797,0.11714542944188779,0.05137514829898704,0.39803301319673395,-0.8016496142191366,0.814607066051744,1.1875746735698651,-0.8765886425448204,2.230832054889353,-0.45490843482298926,0.5050613651647493,0.13298309911719935,-0.23273322902458454,0.2829614850144945,-0.5107885661145898,0.3960128732506451,-0.10525201235263203,0.45561921222892854,-1.0864563118141397,0.3099223826578453,1.3121609729707207,1.817901126911567,-0.6014710522050581,-1.0403464704435854,-1.5683641458482078,0.043665589975033156,0.016571160541179956,-0.03622573386457642,0.4063407386481867,-1.1084206937763634,0.2581928660530104,1.0247510551553696,1.2406797464294101,0.05832825349380441,-0.10512925726440976,1.1362386233643447,0.31978682853328866,-1.1473522835129997,-0.033863991182106146,-0.8797770002231079,-0.6684855913126643,0.16308530932009047,1.518802036115159,-1.3178893448764,-1.679111682786991,0.3734947341433636,-0.5049701266762421,-0.5396342660017139,0.46026520325329034,-0.0948315227469196,-0.5862935535201856,0.7532177830379403,0.26245521499920865,0.6961200879159489,0.09250758182292264,0.9841270800513509
0.5101007938329807,0.44542708701659045,-0.2744566527163049,0.6307823784024915,-0.9051599224422675,1.6988010135805247,2.877954903160456,-1.321861209623957,3.1273553499897444,-0.6338918866226756,1.0365201460746531,0.5610112131697441,-0.7839039422202896,0.19720120077388414,-1.2580303942310307,1.365216770245727,-0.7653287412539498,0.6530814557187864,-1.896991628473402,0.13620098971047068,1.817901126911567,2.6494748769839194,-0.3218792127048852,-1.5016888338570282,-2.3935355698957026,0.17612591082749285,0.12898480970924253,0.5147611826601295,0.26389641030046246,-2.1968350416552718,0.08809148649334524,0.9626450553198352,1.0869622449636096,0.39379449819375906,-0.07047242857560031,1.6228983975964777,0.17803478135152428,-1.9286174601043737,-0.5613142696094116,-1.0405101809186306,-0.5293930528031,0.00990724150881521,2.507326417879506,-1.8871337777468111,-2.713106075696243,0.6539812236876131,-0.2588900401011276,0.11047005860671537,0.7702261611981032,0.4259992092485976,-0.5058987588629037,1.662087583487934,0.317846362215899,1.5303540579678412,-0.12693859823844497,0.4819885533249217
0.5358901258832723,1.6495551881933872,-1.9062848498312206,0.3245431137157375,1.904622310567875,3.0351485583213336,6.313959960380934,-0.16951359430247026,-1.074023835034375,0.20869166411869255,1.3428147723281791,1.9996682564702397,-2.6171056340091132,-1.2781110120351975,-2.5978971960069828,4.550070921383408,-3.3556641046858204,0.003079196912035413,-1.5302614103291345,-1.5079935517856868,-0.6014710522050581,-0.3218792127048852,3.0753748680092223,0.20012029052464242,-0.24353934487201875,0.6213666477136072,0.5907399257377322,3.331686104022586,-1.9935201091794337,-3.022897786521518,-1.7491293531897072,-3.0366266645960094,-4.042569924745618,1.878388228600398,0.274104864291709,-0.3237522015164972,-1.5499793057350097,-1.3124717737211262,-2.976904338013215,1.6111632606981168,2.7487556198346965,-1.516995884945253,1.279237805437303,0.503112947958057,-1.5128723096509917,0.46524857704414696,2.953523039861393,5.345643265443791,0.4054786487969249,3.371833310207684,2.053832545357994,3.015973861272332,-0.36959331362773923,2.9149822915290136,-1.4769361572167714,-5.464986941723161
-0.27264629958680403,-0.2557491041509192,0.14504079213347063,-0.36396354970816824,0.4980946643267132,-0.9737753846427067,-1.6188174488822291,0.7511995840013866,-1.7726631766369028,0.3625373558211901,-0.5644378314591657,-0.3063294819871244,0.4484248244339669,-0.1142840690887573,0.6948520071554287,-0.774098154708569,0.4213886429272021,-0.37857708319387284,1.0679807109384223,-0.10488743066319715,-1.0403464704435854,-1.5016888338570282,0.20012029052464242,0.8565235651880594,1.3490063765491749,-0.09787476450273346,-0.07333328353040669,-0.29221555218691014,-0.14863372574323525,1.231799016946208,-0.048989025876519675,-0.5615820833947474,-0.6414553399986088,-0.22884675540074792,0.05385553752627661,-0.9226971944445097,-0.1131562032136916,1.092836001249975,0.31715779953573725,0.5872962414618637,0.299945938531697,0.005673857796613738,-1.4091258116407368,1.0641579145651505,1.5529111908356874,-0.36255441486958595,0.14353173059712493,-0.06349562490331882,-0.43006387212139247,-0.24338803051404193,0.2905498919346265,-0.9301924327645001,-0.18344049829371578,-0.8681387041994494,0.06788800168098486,-0.2928602464960944
-0.5789908218427179,-0.6893512780226904,0.5882238510057646,-0.6321875603985436,0.5257573526895566,-2.0781887248067954,-3.7473335895551374,1.2469060335757582,-2.7077496669028847,0.5472729890640176,-1.2081939643718256,-0.8697726908812533,1.1672904221188811,0.03766350148623802,1.6227895989752639,-2.0385001485989758,1.2916607928971087,-0.5954073862444215,2.0205665644026873,0.15703490035991732,-1.5683641458482078,-2.3935355698957026,-0.24353934487201875,1.3490063765491749,2.2606851826604744,-0.26918460569229496,-0.2191766197844465,-1.043291256277424,0.09575919117557104,2.557756993954312,0.2153987607772425,-0.3559524817029316,-0.2910910782991499,-0.6785250151921088,0.005659722667943238,-1.441158204433076,0.11217811974647564,2.0071305729490705,1.0273958873891225,0.6891720607692317,0.02017434872265003,0.239989250790222,-2.5471074101878117,1.6628591189626785,2.7511840598742285,-0.6919423249626282,-0.2615291207913649,-1.014251281119264,-0.7870983874244035,-0.9669210119574572,0.1130930826690767,-2.062210241722838,-0.2281065260269804,-1.9100171886144142,0.37294289530437086,0.505282600448333
0.14821421750118619,0.40207816949597663,-0.43109377977761665,0.13298964891663065,0.3376286571770467,0.814801471836607,1.622835393393778,-0.16758213359146462,0.05496155337166504,-0.01566951382842129,0.3727865942418208,0.4784435704566705,-0.6373957102396848,-0.25692234309640183,-0.664015276176621,1.1023133822845546,-0.7834820578732414,0.07062084842000343,-0.5022134280784252,-0.29563890864844694,0.043665589975033156,0.17612591082749285,0.6213666477136072,-0.09787476450273346,-0.26918460569229496,0.15547132704892888,0.1422383092549251,0.7669585126719328,-0.4022782702585165,-0.848382204649026,-0.3725965273347281,-0.5513966048246842,-0.7530976362501642,0.447290948671721,0.04519026394085816,0.08547549073709881,-0.3062973272621334,-0.45773616024680236,-0.6924561576662017,0.2522463018414291,0.5424474094103952,-0.3292837904864877,0.49776681062741823,-0.0651632471436893,-0.5870357374580732,0.15233942468635917,0.6157766784088137,1.1570458100165388,0.15488750574341878,0.7667616389491321,0.3913668214952631,0.7924214535611372,-0.04999750229430908,0.7737216765297273,-0.32859601583405895,-1.1192360166553332
0.13103394508806368,0.37401446767340146,-0.4016567498746835,0.11826094300583986,0.3360113755149288,0.7512264859987392,1.4942090940972579,-0.13623503661986974,0.006456371256928074,-0.006768914498034232,0.3320993985476958,0.440226081678116,-0.5950597128747231,-0.24533380730217713,-0.6101017493310857,1.0274437956604725,-0.7313144090541609,0.057020854832176775,-0.4473279832871468,-0.27522555679033406,0.016571160541179956,0.12898480970924253,0.5907399257377322,-0.07333328353040669,-0.2191766197844465,0.1422383092549251,0.13312476166680365,0.719914349556711,-0.3872981618739254,-0.7688688483700115,-0.3535162006017075,-0.5351421303692645,-0.7255052735908953,0.4190315060396899,0.04117313759812411,0.05612643698642929,-0.29201557544691387,-0.40681871128498026,-0.6486151140179013,0.25468804339726603,0.5212999040383336,-0.3166415084404409,0.4341216608273609,-0.03237129331142377,-0.5198131822065108,0.1340632263963022,0.586874758263169,1.0984382945297593,0.13419012782124773,0.7206055995230659,0.37963904678593435,0.7255447026943552,-0.05083462416920258,0.7107189288637165,-0.3089634134828146,-1.0641818946577402
0.7075950545990843,2.0544933217300736,-2.228615836370354,0.6105025993636194,1.9438491421458035,4.085364078451441,8.130756825737315,-0.6535548053492618,-0.18437727820616823,0.014199618428572036,1.7845955119456915,2.4318047740066113,-3.2707602448817488,-1.387537482124477,-3.306260331832191,5.6571189973764575,-4.034892675029836,0.26399871404901415,-2.352144957769434,-1.5618918637650625,-0.03622573386457642,0.5147611826601295,3.331686104022586,-0.29221555218691014,-1.043291256277424,0.7669585126719328,0.719914349556711,3.985459133889181,-2.1917896158500136,-4.135412395017995,-1.9787617861742048,-3.0784214085173724,-4.148024838944817,2.3064980859252806,0.22836176800063,0.18896294447613385,-1.656206293735814,-2.141666334498916,-3.588049333755413,1.507656544627674,2.97026209897301,-1.7759359701823592,2.2453327813597923,-0.03252796389105746,-2.7037661671789133,0.7128177070998079,3.310070098720034,6.149065272401911,0.6925189861362326,4.009431362828661,2.158812042811804,3.9512195737630167,-0.3034621520532965,3.8523245484425224,-1.7140480899163082,-6.005187586415192
-0.3034510264684852,-1.0894722728004211,1.228315755284985,-0.21815118254406823,-1.3122825784287786,-1.9998032234514882,-4.084137695902617,0.0931097983991392,0.7683989968826663,-0.14248226925475369,-0.810267459565701,-1.283207744010718,1.723532607263115,0.8424250954145293,1.6449002281293257,-2.9797676702376927,2.1703027807423676,-0.011000901061894844,0.9559923814436624,0.9310394297443463,0.4063407386481867,0.26389641030046246,-1.9935201091794337,-0.14863372574323525,0.09575919117557104,-0.4022782702585165,-0.3872981618739254,-2.1917896158500136,1.3240366327636313,1.9219381902366994,1.159424073931589,1.9842716418959594,2.6277946088966035,-1.2469470880105946,-0.14707184678317792,0.23687557276951715,0.99622565680007,0.8296966595749626,1.9532626810393101,-1.0909171810959515,-1.826919543817481,1.0292317203729084,-0.7669351444951418,-0.38217023085469387,0.985248740076859,-0.2751104589902465,-1.964287719147212,-3.5303695681171963,-0.2366536803388908,-2.2249961456578773,-1.3553085407349965,-1.9317508315332668,0.24205474759920206,-1.898146261165799,0.962287102854564,3.5710338509729205
-1.0506967273543784,-2.238135109517236,2.3328486623914886,-0.9710589339668702,-1.2321699589020954,-4.965850770061027,-9.648928828279391,1.466052156901283,-1.8378650191541999,0.38575373246667854,-2.4336403257807477,-2.713369500020581,3.6173322375078167,1.2040448679086726,4.017219632059531,-6.282052754744789,4.3806523395172245,-0.6476440731278619,3.486257587572683,1.4790002539275167,-1.1084206937763634,-2.1968350416552718,-3.022897786521518,1.231799016946208,2.557756993954312,-0.848382204649026,-0.7688688483700115,-4.135412395017995,1.9219381902366994,5.398459651465625,1.8290659547838874,2.3654147524546656,3.3315928574881335,-2.4396016628616097,-0.2104242423433206,-1.2155687964560022,1.502103936895781,3.2885097751388592,3.79029846528268,-0.7630024782074059,-2.4956802025213967,1.6606734878286566,-3.791710763668086,1.2597229794500648,4.286587062042209,-1.1250331519305437,-2.985085621880161,-5.943120841140708,-1.1748865568961502,-4.097564706413283,-1.7475927469754988,-4.876620121629302,0.09344522465060684,-4.659872122354934,1.729400405816157,5.478421169149683
-0.2896954004256793,-0.9980816960287985,1.1061044863824905,-0.231424981807781,-1.123067357036816,-1.8734712756684853,-3.790908878547719,0.16369418532325603,0.5115444390406578,-0.090890772993035,-0.7738566436244215,-1.172884705123841,1.575671573189316,0.7386949493233558,1.525091009671068,-2.721812670710842,1.9658406574544758,-0.05276828930045408,0.9541829151919574,0.8137440976075124,0.2581928660530104,0.08809148649334524,-1.7491293531897072,-0.048989025876519675,0.2153987607772425,-0.3725965273347281,-0.3535162006017075,-1.9787617861742048,1.159424073931589,1.8290659547838874,1.0295848439512776,1.7033503931925937,2.2677998586704162,-1.1345667553539678,-0.12355744928469092,0.11661826860624784,0.8696279887316637,0.8419574574573554,1.7675370909911876,-0.9131984245870972,-1.5957859431883312,0.9146695673061009,-0.8154759165212181,-0.2347219662742226,1.031837246350842,-0.2757458883793161,-1.7360052243997062,-3.1410332447475344,-0.251734730431116,-2.0029943985419822,-1.1739371631955324,-1.8036510968357247,0.1980332534247245,-1.7762381829128568,0.862729794110145,3.1427045210701245
-0.39031038373161425,-1.4767151172751762,1.7649961432263654,-0.15732587166271866,-2.05651876328745,-2.5048554968897006,-5.363462860961066,-0.16556165709687531,1.801779461473203,-0.3567029235058111,-1.0340935392221948,-1.7842553154189675,2.3260324408822814,1.2775751664423205,2.187938648353362,-4.043883341060554,3.0399799557210723,0.15874425033518882,1.0038468698524852,1.482086999116193,1.0247510551553696,0.9626450553198352,-3.0366266645960094,-0.5615820833947474,-0.3559524817029316,-0.5513966048246842,-0.5351421303692645,-3.0784214085173724,1.9842716418959594,2.3654147524546656,1.7033503931925937,3.1591700753199885,4.155510674454657,-1.7096661967692417,-0.27897043897619606,0.7122256650919592,1.5358669165029346,0.7893817372867943,2.726125016114581,-1.8069561657629785,-2.7761503196702857,1.4645857218836873,-0.6134312558461377,-0.950361867365862,0.788698519967364,-0.28734894910644054,-2.9059839175612296,-5.118761095027912,-0.19978224820521615,-3.139760997149099,-2.101110014957932,-2.493327298771066,0.4325760582675148,-2.426619479183997,1.3890598631409337,5.3761154787489165
-0.569259592415194,-2.0028402503252103,2.3845078260339103,-0.2525817890406211,-2.66738416782363,-3.4607057534224506,-7.384963095559279,-0.12154351334675369,2.1741564239124713,-0.43097963381779,-1.4744641618633667,-2.431623085568199,3.1602134983551062,1.6928177619974059,3.0284700957824375,-5.49810866552404,4.1236988982552605,0.16812245040119497,1.4874007412757067,1.9875956816530136,1.2406797464294101,1.0869622449636096,-4.042569924745618,-0.6414553399986088,-0.2910910782991499,-0.7530976362501642,-0.7255052735908953,-4.148024838944817,2.6277946088966035,3.3315928574881335,2.2677998586704162,4.155510674454657,5.484238956608848,-2.308734533205419,-0.37817683651525963,0.8310852060513223,2.0443540061416954,1.196240007685966,3.681573887964044,-2.332381878160182,-3.665149221691083,1.9453742466262869,-1.0133818614856112,-1.1231882769502537,1.244243676547504,-0.4367025649514148,-3.8572209436076625,-6.838933646973877,-0.32888565463069697,-4.221209445777421,-2.7697733049934112,-3.458886817576844,0.5570670715495151,-3.3538626503041984,1.8671941644991994,7.153763581878157
0.4037066838033695,1.200688932772213,-1.2773323543912074,0.3814601124932638,1.099695739547096,2.418252298015997,4.758514023187655,-0.43040733902355466,0.009640619420825185,-0.019066539578116,1.0365381408365466,1.4043897594055785,-1.909421300631819,-0.7864772646547563,-1.9211214156112417,3.2943071834388356,-2.327135155219753,0.18783683739410978,-1.4119221801939115,-0.8592712387908015,0.05832825349380441,0.39379449819375906,1.878388228600398,-0.22884675540074792,-0.6785250151921088,0.447290948671721,0.4190315060396899,2.3064980859252806,-1.2469470880105946,-2.4396016628616097,-1.1345667553539678,-1.7096661967692417,-2.308734533205419,1.3455826934167807,0.11247099704639614,0.1739206817929154,-0.9273769944255935,-1.2986057045700008,-2.0779491575336517,0.8291211321866705,1.6843866719691718,-1.0296816442100032,1.3661068857608119,-0.08352906406406484,-1.6701516250756208,0.42237113779344543,1.8939607481919096,3.529936077914464,0.4184800269892315,2.318465658166593,1.2137736331319648,2.3131992598034032,-0.1592559445353902,2.269378903723742,-0.9835867039417873,-3.403750145640791
0.07332819657338786,0.09953254526971463,-0.15810036250511603,-0.005378938288321078,0.11307942618987817,0.15666999244261895,0.43319624530931217,0.021882177204892894,-0.13678283302712554,0.03412397552570916,0.13634294652781623,0.1584333937187633,-0.16354061315370458,-0.10067439854572124,-0.2162165588334018,0.30146301979484685,-0.262061502263222,-0.036634422435129065,-0.09487252109659838,-0.18124743859821624,-0.10512925726440976,-0.07047242857560031,0.274104864291709,0.05385553752627661,0.005659722667943238,0.04519026394085816,0.04117313759812411,0.22836176800063,-0.14707184678317792,-0.2104242423433206,-0.12355744928469092,-0.27897043897619606,-0.37817683651525963,0.11247099704639614,0.05942236749698739,-0.06331298034280838,-0.14824330940274022,-0.05905796874184798,-0.20569713217018004,0.12701758942434863,0.20389245491693703,-0.08143931319552179,0.07811325118723272,0.05667186350243444,-0.017218663222588637,0.042579624418852186,0.20530182094057317,0.3811494433508442,0.032254559376694455,0.2265266038580239,0.1700729407196537,0.21595833835261696,-0.04105617181855645,0.17781967958270287,-0.1151876830637028,-0.4511240561082874
0.2772204862782862,0.2138070322298582,-0.08984308253236903,0.37613336661284064,-0.610797672693961,0.9266888775120026,1.5065278759523688,-0.8045932011509351,1.9431994789915263,-0.3948554108379258,0.5665627927917326,0.2631266939388777,-0.3803179900425789,0.168340085432186,-0.6517933692322186,0.6581466866568116,-0.32867601691368714,0.40606954544916735,-1.091512226225528,0.15617627302435777,1.1362386233643447,1.6228983975964777,-0.3237522015164972,-0.9226971944445097,-1.441158204433076,0.08547549073709881,0.05612643698642929,0.18896294447613385,0.23687557276951715,-1.2155687964560022,0.11661826860624784,0.7122256650919592,0.8310852060513223,0.1739206817929154,-0.06331298034280838,1.0041746814339862,0.17673628339744518,-1.1230436690935846,-0.2292165922301362,-0.6909339498603705,-0.42320509661415673,0.057764272377259535,1.4678571911293357,-1.1640799758058173,-1.6052234044752525,0.3739316032703399,-0.26335472085069894,-0.13554381819108244,0.4489645366918521,0.13571328112679884,-0.3901427266915988,0.8895701477263661,0.20886078040582934,0.824021105613752,-0.01900431428805884,0.5105300587608647
