V1,V2,V3,V4,V5,V6,V7,V8,V9,V10,V11,V12,V13,V14,V15,V16,V17,V18,V19,V20,V21,V22,V23,V24,V25,V26,V27,V28,V29,V30,V31,V32,V33,V34,V35,V36,V37,V38,V39,V40,V41,V42,V43,V44,V45,V46,V47,V48,V49,V50,V51,V52,V53,V54,V55,V56
1.4539456075280897,3.5339635171338326,-3.854631498624948,1.1833747157457026,2.8303840631491366,7.287305710926944,14.53440777988564,-1.5003328934889644,0.7404656918637492,-0.1687556724805331,3.4488847269097436,4.289773443838667,-5.670621612095802,-2.2508409182756166,-6.027583190074005,9.855536834163352,-7.0382574858804885,0.5964193161912009,-4.5825170105495365,-2.717383048816839,0.4848168401896059,1.7396627820907586,5.536139301202604,-0.956856268088734,-2.579328616323906,1.3343379638539672,1.2342640363834843,6.785669453643719,-3.551659982126632,-7.6795266027174,-3.2455191410220454,-4.8962921879163694,-6.685998397939981,3.9229164314851097,0.4413962779002433,0.8311459012890545,-2.7731487116834104,-4.206503767931958,-6.152074427075627,2.1402155745036646,4.754762439853884,-2.8830547818833745,4.643979824444935,-0.7143545666919604,-5.29999633209735,1.456912078876787,5.3870795237652995,10.252151576611215,1.447318053251466,6.7871835277926635,3.44516805691698,7.194367167638937,-0.4155971786247784,6.89729587836442,-2.9131705963953305,-9.934283147378443
3.5339635171338326,9.37362716652251,-10.09680757150855,3.0768455502258516,7.988786420650024,19.15019384418588,37.91064669386367,-3.7086633979497567,1.1587267384523983,-0.32196808009360844,8.658959724846804,11.183851847584519,-14.98386932754475,-6.037068101423116,-15.524810351514414,25.955496106852465,-18.428665111684765,1.5410392302915503,-11.650148205451709,-6.9550612304309745,0.9464440018916641,3.947146995117024,14.644572129958613,-2.2197853490813984,-6.1628061536403065,3.5071966804833288,3.2652507006354603,17.994273647192106,-9.55481611581595,-19.772404655987888,-8.710615653569016,-13.119483564886263,-17.817570687248786,10.448388587343144,1.0208058015073902,1.8421109690997057,-7.290470463278739,-10.71950996387059,-16.269893555847535,6.022524538150364,12.844880017289954,-7.830770495533556,11.588483503226085,-1.3491152742084631,-13.63606640138909,3.6125608427042932,14.505740553271595,27.34666835647991,3.582178746732091,18.043491845236716,9.273614500253544,18.625495526082354,-1.1547905465523471,18.03739131343821,-7.6959722675241755,-26.41361818582006
-3.854631498624948,-10.09680757150855,10.943687885864819,-3.2642243683546006,-8.643185861162504,-20.570489713578937,-40.87733626260473,3.9146462205536023,-1.0532680397166996,0.2968015686700679,-9.384359309975743,-12.10072459577546,16.148166652759055,6.5520382203970895,16.78837331797876,-27.99663416359321,19.93926544132463,-1.5901020702658166,12.510200338866028,7.632901772095496,-0.8702055442906712,-4.1032198226336805,-15.93168755156264,2.2888348554133806,6.544083142256314,-3.78633353498012,-3.5236686568031588,-19.433393544726457,10.35519237719655,21.29975383712206,9.42384126430049,14.317056829245585,19.44223258531598,-11.257121794780447,-1.1611287560903736,-1.8755837783963818,7.946217936313961,11.477463469081728,17.57085845839478,-6.572193117964774,-13.927806167729262,8.434810630890794,-12.42380044421,1.3580105848388428,14.523239326159537,-3.8985791512500283,-15.694235031380193,-29.58094892546064,-3.850191828847242,-19.486489084864935,-10.082798444625654,-20.09047730914837,1.2814424144460361,-19.41149837186389,8.332641124614485,28.679906196810126
1.1833747157457026,3.0768455502258516,-3.2642243683546006,1.0873594145050547,2.4524260535373474,6.403110340221764,12.55932477009342,-1.3868210435434294,0.8250401518447276,-0.19922512342492088,2.8962623780936227,3.654602097149837,-4.924351824878685,-1.9049314279185512,-5.134305840163514,8.521618772811836,-6.002762017814467,0.602347315655341,-4.001324958551727,-2.1734557940872934,0.581436576704757,1.649444359425803,4.625259165031772,-0.9359079706173921,-2.312532297574023,1.1493746959196458,1.0661779115895331,5.846689743821611,-3.0262953449341587,-6.642169063999458,-2.7832571732756484,-4.044852984702459,-5.52101848445173,3.416510977656276,0.2974529621222,0.8315666006112297,-2.294200274564751,-3.7165915718057456,-5.298156277858406,1.7846752256472838,4.043928505142793,-2.524226045120789,4.062664335439907,-0.6991174047103023,-4.788242729890837,1.2415536450918614,4.620578471753208,8.786207206727594,1.2514247762747739,5.85221820384437,2.894065169576671,6.197726876218584,-0.320077834155436,6.009036040229586,-2.4809516242203156,-8.37469048042039
2.8303840631491366,7.988786420650024,-8.643185861162504,2.4524260535373474,7.329443622728015,16.02759360451563,31.821812521951596,-2.7308831594130445,-0.18129504189646528,-0.04729195919830407,7.0698967278842515,9.478650277038222,-12.734909298786876,-5.316024135151219,-12.961900553821813,22.03814454690544,-15.689332997227194,1.1170620449265747,-9.384532737655038,-6.021940481111127,0.15974734138310365,2.4228386275127214,12.80077842338276,-1.371589355307571,-4.425080782885302,2.9787110429565375,2.789607515762504,15.445043463077946,-8.404856053910954,-16.31408218528215,-7.608193627443546,-11.722401172464242,-15.827624836085409,8.947614347870655,0.8752962158623169,0.9944365375230264,-6.368469140000343,-8.581632926836843,-13.924262350155876,5.637066638428061,11.366339849964206,-6.838184515691029,9.084601387347853,-0.44123420848387923,-10.862540668329613,2.8677487357890525,12.71644115662954,23.724848946926848,2.8027758332537007,15.526112571853126,8.239337149994398,15.522539506859172,-1.1159228036207949,15.098908338282259,-6.629352948807134,-23.085931976616486
7.287305710926944,19.15019384418588,-20.570489713578937,6.403110340221764,16.02759360451563,39.31087556966048,77.68597659121775,-7.848736862397668,3.0866707455790885,-0.804554290619894,17.818450172227685,22.845759714804604,-30.62780617510693,-12.217847743963862,-31.821557348611655,53.05073417500651,-37.61006550090521,3.290558475023826,-24.107981567255354,-14.079053123366922,2.3564913993113,8.640317706759955,29.664632872106026,-4.86481464550975,-13.076073219342945,7.166263941520349,6.663883795253168,36.67846801160797,-19.350871981973956,-40.676312656386365,-17.677070776307307,-26.41572952968112,-35.925666105242335,21.323596461769412,2.0473720792543877,4.126256889131528,-14.759392125828978,-22.229766109830948,-33.1851950037414,11.993665711847322,25.971465065385924,-15.913367581194958,24.121893702228586,-3.1795742904219932,-28.350269241133397,7.486967750074241,29.41085280561748,55.58296271085451,7.453115532033957,36.75993550545059,18.717397088935954,38.221324451840204,-2.269972001108541,37.00448120354109,-15.66116513838918,-53.5355992800841
14.53440777988564,37.91064669386367,-40.87733626260473,12.55932477009342,31.821812521951596,77.68597659121775,153.87802055161245,-15.347526258300038,5.652234390536862,-1.4757580909588905,35.403125321890215,45.34956599713046,-60.64892409701702,-24.300562520060506,-63.14224257091415,105.10710209948975,-74.65617587215918,6.35183581006925,-47.62992253002162,-28.196939815804708,4.315341591360601,16.753497186297768,59.087726256560494,-9.390421442130812,-25.660860506648472,14.205711036947156,13.206922594540034,72.72625293114409,-38.453114010960874,-80.52136181575638,-35.08991925735171,-52.72430591513744,-71.69876788507113,42.218385726896386,4.1946367484175235,7.912535099357789,-29.434830974420507,-43.841457485533795,-65.7984922353386,23.942582463235556,51.62925008683471,-31.50360387494257,47.609472848217194,-6.068983972805515,-55.73541986352493,14.835565449635594,58.386165313949455,110.32189183024835,14.733150624057835,72.88694261233347,37.27235733180183,75.72321805918159,-4.58057031421854,73.21142971291367,-31.103201826041328,-106.50944409293274
-1.5003328934889644,-3.7086633979497567,3.9146462205536023,-1.3868210435434294,-2.7308831594130445,-7.848736862397668,-15.347526258300038,1.8631629557176859,-1.5064090953763243,0.34058630641396065,-3.6185585799642466,-4.424142161575608,5.952018035058627,2.2207837108850814,6.300040872443383,-10.30650025075253,7.238136192425899,-0.8151216989844611,5.05889505640338,2.568804582191735,-0.9882716556571667,-2.4015641781956028,-5.429177322817903,1.3578746308523642,3.1477190866449622,-1.389865822065117,-1.2820021447019616,-6.99907421071955,3.5341127261834364,8.23751138317296,3.2741438057070806,4.631411019583691,6.3641655103941215,-4.101108549249267,-0.3515376677665736,-1.2567218405955314,2.6913123690018548,4.722743823870371,6.360106355482426,-1.9307001791057288,-4.689188896229886,2.973239074236276,-5.239270224633706,1.151682766987244,6.109617692547433,-1.5865486611040094,-5.413220880172653,-10.405586746906401,-1.615423705366516,-6.990411549152275,-3.3381560270749313,-7.6204059599153515,0.3276952864036808,-7.3624407747085625,2.956794631542849,9.834911391005006
0.7404656918637492,1.1587267384523983,-1.0532680397166996,0.8250401518447276,-0.18129504189646528,3.0866707455790885,5.652234390536862,-1.5064090953763243,2.9507215668867497,-0.6059118531110785,1.6302079936426195,1.403549422399982,-1.9140179881541113,-0.30126174112436105,-2.379462891749247,3.31993950213666,-2.1643632455048065,0.7249433940384008,-2.6604354199020426,-0.42060837375786275,1.7412267650925584,2.734964915312832,0.8673941167509388,-1.5505278998826972,-2.6753798312262793,0.4412883751558568,0.37842306062230324,1.9078557725412961,-0.5207026843828617,-3.5811173507917724,-0.6165266466820857,-0.16113389869052086,-0.41864276328972505,1.1970205379347525,0.010750473864027922,1.6320548484648467,-0.4142878447200359,-2.617658299910644,-1.8117776575747084,-0.4682139046287653,0.5439906248333966,-0.6203043035917465,3.2109150402170124,-1.8299988179514564,-3.574765194701024,0.8820893223919182,0.9258630726172066,2.2844675957327834,0.9873348555109849,1.8315238064378225,0.27598277956208134,3.0009098101178573,0.19970745936332057,2.8401586804134507,-0.7294156155921201,-1.6616952914222094
-0.1687556724805331,-0.32196808009360844,0.2968015686700679,-0.19922512342492088,-0.04729195919830407,-0.804554290619894,-1.4757580909588905,0.34058630641396065,-0.6059118531110785,0.12738202696419731,-0.3909612897876771,-0.3773215316968568,0.5249282790165489,0.11410562674953059,0.6066848741784068,-0.9051027798001287,0.5941455775108462,-0.16733565796181046,0.6371882720300448,0.12803139425672494,-0.3675267311280592,-0.5874388090002256,-0.2947309535525743,0.33642660101857963,0.5899611433866252,-0.1203054372476234,-0.10615581440121856,-0.5487667216860481,0.19191298299290688,0.8926083219270305,0.20467822015812887,0.13923671846520774,0.2271537196432597,-0.3408402654994367,-9.925043588402372e-4,-0.34889451500224405,0.14011492192743413,0.6249830136932242,0.5125453080221497,0.03776342024689841,-0.22682709859095523,0.20384548862054577,-0.7437882827119925,0.37769358032090633,0.8565353119035591,-0.20447660413040464,-0.32146859434355507,-0.7089815748400122,-0.22691651808319466,-0.5351826915086669,-0.13629336951342688,-0.7656304847153139,-0.03204564339022297,-0.7379029493277879,0.21399171985028323,0.5607183525739386
3.4488847269097436,8.658959724846804,-9.384359309975743,2.8962623780936227,7.0698967278842515,17.818450172227685,35.403125321890215,-3.6185585799642466,1.6302079936426195,-0.3909612897876771,8.28359948052146,10.434486881506306,-13.873812919132593,-5.519673639032262,-14.606599768160233,24.078939945110903,-17.143706293422976,1.4709210266639496,-11.086234245174905,-6.53679391290875,1.1311949335486782,4.105649917980378,13.502810001817318,-2.2796131608472714,-6.142483329818663,3.256944864601062,3.0195297818083713,16.608667537704527,-8.722861355146573,-18.633453144845504,-7.970320917125264,-11.978917058945129,-16.32866514826284,9.624182531549893,1.0165136841365263,1.9600178806005553,-6.745720485312408,-10.194729321937022,-15.04445326738407,5.3223680145945345,11.69235080831829,-7.120109308761178,11.174585298004505,-1.6139313755865279,-12.909110041798007,3.4905258633540486,13.243934125056047,25.12715985532986,3.4707834149061014,16.626052601927732,8.453261839185334,17.479114467305656,-1.0224063476042027,16.826500118928816,-7.115011769342905,-24.28824187974961
4.289773443838667,11.183851847584519,-12.10072459577546,3.654602097149837,9.478650277038222,22.845759714804604,45.34956599713046,-4.424142161575608,1.403549422399982,-0.3773215316968568,10.434486881506306,13.400778505606384,-17.89013875682054,-7.218080202293504,-18.62645575010604,31.015548799994406,-22.06923142572397,1.8088091297744193,-13.955990998699484,-8.409140187727074,1.1033892424762872,4.733333986276545,17.559489711240538,-2.6436967096235353,-7.406640934827799,4.1936808846117195,3.90044897219767,21.4958894618979,-11.412029037985835,-23.681494880347824,-10.398519745082323,-15.728632038925463,-21.374538840717218,12.46084975835614,1.272311149826238,2.1963876456364857,-8.756397029031552,-12.819862055906189,-19.442461772360026,7.177180129329954,15.337646675749653,-9.315187051364507,13.906037683626488,-1.6428715023596647,-16.24777000530477,4.35185471367089,17.310154858935253,32.66846170973813,4.308398698401782,21.54767420655126,11.09239259559433,22.305466153504163,-1.3891601081370852,21.550326111160423,-9.20905612703231,-31.62244146398423
-5.670621612095802,-14.98386932754475,16.148166652759055,-4.924351824878685,-12.734909298786876,-30.62780617510693,-60.64892409701702,5.952018035058627,-1.9140179881541113,0.5249282790165489,-13.873812919132593,-17.89013875682054,23.957856841628416,9.645379627626742,24.848914138595994,-41.50488445386494,29.475042665303537,-2.468478292394058,18.66061573459198,11.131063690654958,-1.541937146787024,-6.362145923439933,-23.40983587384126,3.5742163979445642,9.90264296512532,-5.608902484835831,-5.22019725906389,-28.76506359016251,15.264907703265488,31.651014372932327,13.916610945955115,20.957298921962018,28.470144467038562,-16.70020567792009,-1.6402745874444629,-2.9743421445054574,11.654809958904021,17.169830293585985,26.011871606630308,-9.601145903154688,-20.513926480479306,12.50538313155063,-18.57807250965195,2.197703177504533,21.8343808184778,-5.792907089959136,-23.170032851355984,-43.70234372829304,-5.744144498323693,-28.84183687424875,-14.811598700649201,-29.80691118395038,1.841925210286879,-28.853289290332068,12.302592247067642,42.213730267856455
-2.2508409182756166,-6.037068101423116,6.5520382203970895,-1.9049314279185512,-5.316024135151219,-12.217847743963862,-24.300562520060506,2.2207837108850814,-0.30126174112436105,0.11410562674953059,-5.519673639032262,-7.218080202293504,9.645379627626742,3.9651208691272335,9.95860997446275,-16.715074679828188,11.914403883173026,-0.8970604178013907,7.325431379855959,4.585414713572204,-0.3404235552247833,-2.1890334285542266,-9.61215613071653,1.2230943118121527,3.678973571745519,-2.260758395367343,-2.1086185702147127,-11.649535706557968,6.264993249995008,12.581737130077244,5.686300071767762,8.708817723334569,11.800157218655736,-6.74336771543907,-0.6933215728686648,-0.9605602131074032,4.791876141642575,6.706448536450991,10.521411390340395,-4.071524338554818,-8.444589584351585,5.090645396288427,-7.20337859263401,0.6120496228873568,8.47257362530737,-2.2702681695724647,-9.482676248570735,-17.803018594991144,-2.2303944147776966,-11.692801229057208,-6.121478771377612,-11.911071417388168,0.8027831417102962,-11.52901553921902,5.000659211240408,17.305074762843347
-6.027583190074005,-15.524810351514414,16.78837331797876,-5.134305840163514,-12.961900553821813,-31.821557348611655,-63.14224257091415,6.300040872443383,-2.379462891749247,0.6066848741784068,-14.606599768160233,-18.62645575010604,24.848914138595994,9.95860997446275,25.964221284122317,-43.08937026105911,30.648906711834883,-2.580665919118236,19.577988862200076,11.647214730116971,-1.7676622931900239,-6.918898824855266,-24.265345739000757,3.8608492593405983,10.590200843477001,-5.826144612149263,-5.412356768603769,-29.802215545290483,15.747362824961067,33.079065314171665,14.367620310175305,21.64095311151724,29.44480278306056,-17.281769593904006,-1.7684751717028746,-3.2606856342629547,12.102506925656066,18.002623142610588,26.9708986319488,-9.777280563540229,-21.137905481540987,12.868436618479013,-19.601392613973236,2.5436448710332473,22.832350509479106,-6.122231508855289,-23.89909408530109,-45.199117405568494,-6.075262327652355,-29.859583716987842,-15.276639647654006,-31.099970381205033,1.8810986190923942,-30.01861827636537,12.759641552003732,43.69489642989624
9.855536834163352,25.955496106852465,-27.99663416359321,8.521618772811836,22.03814454690544,53.05073417500651,105.10710209948975,-10.30650025075253,3.31993950213666,-0.9051027798001287,24.078939945110903,31.015548799994406,-41.50488445386494,-16.715074679828188,-43.08937026105911,71.91593688089414,-51.09369718796269,4.261197134862468,-32.34696349299886,-19.333258466948248,2.655515616303831,11.026391881216652,40.59148091060934,-6.186400683236843,-17.17388508200855,9.71971773496479,9.0445910371199,49.839202103032605,-26.447538602396353,-54.864428255483794,-24.109751558332768,-36.34005073171389,-49.372391315446414,28.925543415881567,2.8665281250363748,5.148157283858088,-20.216836648412823,-29.75232281205502,-45.071595155869176,16.62941430560153,35.54233183100175,-21.64983607677439,32.21387409658417,-3.8188103070073907,-37.80713187868205,10.052396161165568,40.139186284268455,75.72167169611676,9.96504331686585,49.968469829139636,25.671651358791504,51.667502430881036,-3.1960526014949173,49.991787185106915,-21.323892784760982,-73.17493815484022
-7.0382574858804885,-18.428665111684765,19.93926544132463,-6.002762017814467,-15.689332997227194,-37.61006550090521,-74.65617587215918,7.238136192425899,-2.1643632455048065,0.5941455775108462,-17.143706293422976,-22.06923142572397,29.475042665303537,11.914403883173026,30.648906711834883,-51.09369718796269,36.356215843862955,-2.959421962053635,22.923386324771737,13.85595566780858,-1.7409031667882615,-7.680562032733283,-28.966309695319474,4.292286891239142,12.096228693015112,-6.908417253494377,-6.427631555571197,-35.43304024509402,18.837922415997053,38.947222624770774,17.157641747164888,25.97704007566365,35.28946034356734,-20.539819616673288,-2.091056556013281,-3.5483322524766923,14.441080736363423,21.053357331148632,32.04263312780788,-11.890923861088522,-25.324401783786463,15.373531499923375,-22.807427919741112,2.615125582221374,26.682455811936972,-7.140607876184517,-28.567078892962495,-53.880590583666056,-7.064166246672161,-35.524904668295704,-18.31671328612816,-36.70374757227202,2.3047637924008963,-35.47434326604498,15.180142528102303,52.16880745611397
0.5964193161912009,1.5410392302915503,-1.5901020702658166,0.602347315655341,1.1170620449265747,3.290558475023826,6.35183581006925,-0.8151216989844611,0.7249433940384008,-0.16733565796181046,1.4709210266639496,1.8088091297744193,-2.468478292394058,-0.8970604178013907,-2.580665919118236,4.261197134862468,-2.959421962053635,0.37541770344577363,-2.1200071040192623,-0.991539371539059,0.48779442829504016,1.0729583315940656,2.1726264194299656,-0.6166355703973783,-1.354317342488408,0.5728407318289411,0.5292214374255327,2.881337446275906,-1.4356922541592674,-3.418840035252469,-1.339230834627795,-1.8271734782545062,-2.512768304762954,1.70290901921667,0.11281833665754006,0.5777415122992281,-1.068731685814452,-1.996649107527966,-2.6182933997271944,0.7589920549750415,1.901091757730307,-1.236442541689213,2.204411867047306,-0.5261351044507885,-2.6236371676208847,0.6541120322064174,2.213821704666624,4.2587046585941435,0.6744215447293807,2.877901093234312,1.3382671850698549,3.1493058468493214,-0.11656803282043222,3.067144275192178,-1.205819259233162,-3.9662087164378006
-4.5825170105495365,-11.650148205451709,12.510200338866028,-4.001324958551727,-9.384532737655038,-24.107981567255354,-47.62992253002162,5.05889505640338,-2.6604354199020426,0.6371882720300448,-11.086234245174905,-13.955990998699484,18.66061573459198,7.325431379855959,19.577988862200076,-32.34696349299886,22.923386324771737,-2.1200071040192623,15.048882288029706,8.546610596268518,-1.8516638595896266,-5.8890443158715,-17.868938813581217,3.302162531700611,8.523998060445948,-4.370041144960925,-4.05133311968261,-22.25142875878197,11.603217012358423,25.137030314611334,10.63389825792794,15.741634243044281,21.47587838256024,-12.941627372850856,-1.2636316175293791,-2.8906801343572783,8.899421339521783,13.9023867150096,20.161720411450673,-6.958904920731481,-15.527082861040753,9.561011105644724,-15.23062126471045,2.4168236693716394,17.740773029572846,-4.710963952100304,-17.659270283318836,-33.552831490723236,-4.713584754674304,-22.272117987762876,-11.175518541305962,-23.517363329205967,1.2980740916131115,-22.70462195248113,9.491693996359343,32.230517954096904
-2.717383048816839,-6.9550612304309745,7.632901772095496,-2.1734557940872934,-6.021940481111127,-14.079053123366922,-28.196939815804708,2.568804582191735,-0.42060837375786275,0.12803139425672494,-6.53679391290875,-8.409140187727074,11.131063690654958,4.585414713572204,11.647214730116971,-19.333258466948248,13.85595566780858,-0.991539371539059,8.546610596268518,5.4592717564234645,-0.3709482685504796,-2.5902095594318895,-11.201019374719186,1.4180757763797966,4.351651630457387,-2.6189764779047624,-2.436202646111227,-13.457783294442994,7.225194278710288,14.656216856068191,6.552986515565019,10.136875509909725,13.758880402060218,-7.757084396344384,-0.8867650428237971,-1.1220594234874304,5.610337968754755,7.791429193782957,12.166172181784392,-4.65926267423352,-9.7341873711282,5.8135276356151335,-8.452843065484322,0.7823573857220127,9.748184740266767,-2.6890106263027933,-10.91832992428847,-20.55880886000178,-2.633936585480942,-13.493628286711967,-7.086445494719618,-13.86526336694187,0.9379359368570408,-13.336975963251858,5.802697923515755,20.08906667820121
0.4848168401896059,0.9464440018916641,-0.8702055442906712,0.581436576704757,0.15974734138310365,2.3564913993113,4.315341591360601,-0.9882716556571667,1.7412267650925584,-0.3675267311280592,1.1311949335486782,1.1033892424762872,-1.541937146787024,-0.3404235552247833,-1.7676622931900239,2.655515616303831,-1.7409031667882615,0.48779442829504016,-1.8516638595896266,-0.3709482685504796,1.0616326541343144,1.6950136534331661,0.8711931069615156,-0.9725757471851233,-1.7036715525577637,0.3528828594559143,0.3120325428483827,1.6156508610005296,-0.5729725106091208,-2.600782123899249,-0.6076199198867656,-0.4213533543568213,-0.6806268513451229,1.0043016674239411,-0.0011107288954566334,1.0074877616902596,-0.41211237344615426,-1.817663821213576,-1.5072434492008573,-0.09353528226667294,0.6795552218904312,-0.6068690348528509,2.1550518435993107,-1.0847104552945717,-2.495823619044042,0.5913961952055963,0.9560153805509906,2.095815825784593,0.656107809499035,1.578040844496781,0.40936716082557945,2.234076114837467,0.09043186517219182,2.1588108703577293,-0.6290873521513036,-1.6598800804568075
1.7396627820907586,3.947146995117024,-4.1032198226336805,1.649444359425803,2.4228386275127214,8.640317706759955,16.753497186297768,-2.4015641781956028,2.734964915312832,-0.5874388090002256,4.105649917980378,4.733333986276545,-6.362145923439933,-2.1890334285542266,-6.918898824855266,11.026391881216652,-7.680562032733283,1.0729583315940656,-5.8890443158715,-2.5902095594318895,1.6950136534331661,3.462970841731225,5.4244012299622195,-1.9550901629116706,-4.132276848869646,1.4846209985690666,1.3555386782194656,7.328914581340769,-3.4988284461578525,-9.247867506898425,-3.30132253856679,-4.365490970946585,-6.091100198719785,4.324652135169019,0.34369341645390944,1.8994796930057993,-2.6865198372393744,-5.552491087250772,-6.696958493121434,1.5659604583376496,4.575685303183401,-3.01666352673516,6.311768392330036,-1.9020105235230902,-7.252217933998374,1.874888297284211,5.4146886674386865,10.645887823430225,1.9476606090266422,7.2839788539849835,3.2120987384973114,8.413286987070238,-0.2143670440248274,8.088359445670488,-3.0659616462764965,-9.854701699561229
5.536139301202604,14.644572129958613,-15.93168755156264,4.625259165031772,12.80077842338276,29.664632872106026,59.087726256560494,-5.429177322817903,0.8673941167509388,-0.2947309535525743,13.502810001817318,17.559489711240538,-23.40983587384126,-9.61215613071653,-24.265345739000757,40.59148091060934,-28.966309695319474,2.1726264194299656,-17.868938813581217,-11.201019374719186,0.8711931069615156,5.4244012299622195,23.351377621818923,-3.0161870205543657,-9.050774570868223,5.4920200333634215,5.117830829180216,28.267697171986796,-15.178611582336925,-30.645283404175775,-13.778848649896071,-21.129577150990215,-28.64928545026806,16.348553713202296,1.7242431533493334,2.3871486943829376,-11.654397393226343,-16.34780338253794,-25.539401247577143,9.817823088269739,20.451356463961787,-12.30980334533132,17.617014485098608,-1.5833529300334428,-20.611814928671055,5.561137698229224,22.969450966317964,43.1738457575094,5.463380088181231,28.36250239536927,14.83707808851106,28.993455223732536,-1.9423950529617242,28.017014134127162,-12.144729182307728,-42.00304531649155
-0.956856268088734,-2.2197853490813984,2.2888348554133806,-0.9359079706173921,-1.371589355307571,-4.86481464550975,-9.390421442130812,1.3578746308523642,-1.5505278998826972,0.33642660101857963,-2.2796131608472714,-2.6436967096235353,3.5742163979445642,1.2230943118121527,3.8608492593405983,-6.186400683236843,4.292286891239142,-0.6166355703973783,3.302162531700611,1.4180757763797966,-0.9725757471851233,-1.9550901629116706,-3.0161870205543657,1.1097358105276425,2.3196844871483244,-0.8319944834530126,-0.760655282926798,-4.110835891955001,1.959191206863126,5.179330241188516,1.8515911342417384,2.4208386220035774,3.376013935093528,-2.433105264613642,-0.17505629782696946,-1.0782235842319017,1.4889464706816955,3.1216477229113697,3.7549566589742325,-0.8750295573493457,-2.56224622685322,1.7030890730905812,-3.53613354577799,1.0703328115050255,4.098258124278261,-1.0439667686827574,-3.0382446161044396,-5.96640223031212,-1.0880147770559032,-4.087195335085102,-1.7915529325203767,-4.709446661181423,0.11454106796231793,-4.543281495407842,1.714126865197978,5.496406859162223
-2.579328616323906,-6.1628061536403065,6.544083142256314,-2.312532297574023,-4.425080782885302,-13.076073219342945,-25.660860506648472,3.1477190866449622,-2.6753798312262793,0.5899611433866252,-6.142483329818663,-7.406640934827799,9.90264296512532,3.678973571745519,10.590200843477001,-17.17388508200855,12.096228693015112,-1.354317342488408,8.523998060445948,4.351651630457387,-1.7036715525577637,-4.132276848869646,-9.050774570868223,2.3196844871483244,5.383605751843798,-2.317639435199616,-2.1329912856516415,-11.635541337071363,5.8444510735343425,13.832121667115207,5.419830472540557,7.689399479995883,10.587895166340884,-6.8023633908093775,-0.630288821101268,-2.160635599327592,4.503224692764183,7.943591620093831,10.583784401862165,-3.1337383927076154,-7.747282351832424,4.894320192921695,-8.877091729481998,2.0350221634583128,10.229355546777207,-2.6986420959865955,-8.952183769811167,-17.266916666692914,-2.7470525585971783,-11.607889216332369,-5.527278450959433,-12.776157552832546,0.5356582402882075,-12.292903613481414,4.927912725092374,16.356189401955138
1.3343379638539672,3.5071966804833288,-3.78633353498012,1.1493746959196458,2.9787110429565375,7.166263941520349,14.205711036947156,-1.389865822065117,0.4412883751558568,-0.1203054372476234,3.256944864601062,4.1936808846117195,-5.608902484835831,-2.260758395367343,-5.826144612149263,9.71971773496479,-6.908417253494377,0.5728407318289411,-4.370041144960925,-2.6189764779047624,0.3528828594559143,1.4846209985690666,5.4920200333634215,-0.8319944834530126,-2.317639435199616,1.3138975014484886,1.2224688152583865,6.736867246608594,-3.5764543814395133,-7.414776549768027,-3.2595468179635247,-4.918310840546858,-6.682357603270245,3.9087130811593225,0.39027951361980906,0.6915827375120527,-2.7358406823017294,-4.0180467222607446,-6.09249481431941,2.250248271623087,4.806267117697276,-2.925128295229462,4.351478901788632,-0.5127353291402711,-5.1023077266985375,1.3590872463071304,5.426399045274961,10.237171781872782,1.346549449376011,6.754402505267924,3.4726909605155796,6.983657069874546,-0.4335203517348026,6.75484684056179,-2.88324214168775,-9.897768420583612
1.2342640363834843,3.2652507006354603,-3.5236686568031588,1.0661779115895331,2.789607515762504,6.663883795253168,13.206922594540034,-1.2820021447019616,0.37842306062230324,-0.10615581440121856,3.0195297818083713,3.90044897219767,-5.22019725906389,-2.1086185702147127,-5.412356768603769,9.0445910371199,-6.427631555571197,0.5292214374255327,-4.05133311968261,-2.436202646111227,0.3120325428483827,1.3555386782194656,5.117830829180216,-0.760655282926798,-2.1329912856516415,1.2224688152583865,1.138084378546217,6.27365205325015,-3.335939845054389,-6.884515983424821,-3.0392732222935117,-4.590432719923097,-6.2335943911601985,3.6402311354357413,0.3612183933067143,0.6281995180027135,-2.5490099960095116,-3.7243595286945226,-5.672181983541108,2.108912487076207,4.485489198770012,-2.728866482548705,4.026437555582764,-0.45678345161054346,-4.730344796636344,1.2577760858921345,5.061533465346929,9.540192603063142,1.245458510394503,6.291124590176935,3.2410635479126846,6.488541811691334,-0.4065697188559929,6.279992618435911,-2.6851734879475977,-9.22562401812158
6.785669453643719,17.994273647192106,-19.433393544726457,5.846689743821611,15.445043463077946,36.67846801160797,72.72625293114409,-6.99907421071955,1.9078557725412961,-0.5487667216860481,16.608667537704527,21.4958894618979,-28.76506359016251,-11.649535706557968,-29.802215545290483,49.839202103032605,-35.43304024509402,2.881337446275906,-22.25142875878197,-13.457783294442994,1.6156508610005296,7.328914581340769,28.267697171986796,-4.110835891955001,-11.635541337071363,6.736867246608594,6.27365205325015,34.595052033709244,-18.4272366136654,-37.87188552547189,-16.77874141032069,-25.393138947081933,-34.47096435353208,20.06701432307258,2.0000631597870893,3.3730177044345093,-14.080177379082706,-20.4441618532931,-31.27318773713239,11.698852448296627,24.785732619077944,-15.059610427404676,22.07965773665208,-2.4129798209310866,-25.948230378471035,6.9056997464990015,27.94842629759817,52.646799777654614,6.830235963747961,34.696742785132926,17.91739003872894,35.71725173458132,-2.262996636039728,34.571058099701695,-14.812613702475968,-50.948001551486335
-3.551659982126632,-9.55481611581595,10.35519237719655,-3.0262953449341587,-8.404856053910954,-19.350871981973956,-38.453114010960874,3.5341127261834364,-0.5207026843828617,0.19191298299290688,-8.722861355146573,-11.412029037985835,15.264907703265488,6.264993249995008,15.747362824961067,-26.447538602396353,18.837922415997053,-1.4356922541592674,11.603217012358423,7.225194278710288,-0.5729725106091208,-3.4988284461578525,-15.178611582336925,1.959191206863126,5.8444510735343425,-3.5764543814395133,-3.335939845054389,-18.4272366136654,9.902630419949185,19.913961860656123,8.990864227907924,13.741641178522675,18.62036530284983,-10.672821029538394,-1.0832814690349635,-1.545361366384378,7.562495734959547,10.630759534705476,16.642908014487677,-6.425117286782277,-13.34458917741629,8.057372035004292,-11.414413151559938,0.9902363232647007,13.448076008556122,-3.5918456335847497,-14.992376918249137,-28.149983483445165,-3.5317999619078826,-18.496370476499248,-9.667180408353213,-18.846508439318583,1.2624526896007642,-18.25165134828248,7.904593708094483,27.33815162759668
-7.6795266027174,-19.772404655987888,21.29975383712206,-6.642169063999458,-16.31408218528215,-40.676312656386365,-80.52136181575638,8.23751138317296,-3.5811173507917724,0.8926083219270305,-18.633453144845504,-23.681494880347824,31.651014372932327,12.581737130077244,33.079065314171665,-54.864428255483794,38.947222624770774,-3.418840035252469,25.137030314611334,14.656216856068191,-2.600782123899249,-9.247867506898425,-30.645283404175775,5.179330241188516,13.832121667115207,-7.414776549768027,-6.884515983424821,-37.87188552547189,19.913961860656123,42.28821554694992,18.201491255779416,27.20626688762027,37.04817073010721,-21.995969046822644,-2.185412264627143,-4.438537525962802,15.268374851732203,23.16620286790947,34.28643142903292,-12.21418328742711,-26.700560386161886,16.341577388635805,-25.26055789819556,3.5493726082672494,29.479943696554955,-7.85234196817798,-30.259922893499393,-57.31278563248105,-7.819947844926006,-37.934535467103785,-19.257944559618544,-39.68494376298516,2.3178465330258278,-38.332264017141156,16.18410868959953,55.24044091548625
-3.2455191410220454,-8.710615653569016,9.42384126430049,-2.7832571732756484,-7.608193627443546,-17.677070776307307,-35.08991925735171,3.2741438057070806,-0.6165266466820857,0.20467822015812887,-7.970320917125264,-10.398519745082323,13.916610945955115,5.686300071767762,14.367620310175305,-24.109751558332768,17.157641747164888,-1.339230834627795,10.63389825792794,6.552986515565019,-0.6076199198867656,-3.30132253856679,-13.778848649896071,1.8515911342417384,5.419830472540557,-3.2595468179635247,-3.0392732222935117,-16.77874141032069,8.990864227907924,18.201491255779416,8.17176637883328,12.444652867147987,16.8707092924049,-9.724681685502594,-0.9761613939724242,-1.4801684530229053,6.863960669142701,9.75334252067028,15.157617315966439,-5.79564850858,-12.110699609579283,7.330188174757298,-10.488059016019157,0.9844072279392063,12.357277644947436,-3.291959653032615,-13.62330656817781,-25.600726936145826,-3.2442821525688395,-16.83749510799145,-8.765698703457142,-17.20678225727208,1.1317253666463245,-16.666046061204188,7.192340363347291,24.82788562016937
-4.8962921879163694,-13.119483564886263,14.317056829245585,-4.044852984702459,-11.722401172464242,-26.41572952968112,-52.72430591513744,4.631411019583691,-0.16113389869052086,0.13923671846520774,-11.978917058945129,-15.728632038925463,20.957298921962018,8.708817723334569,21.64095311151724,-36.34005073171389,25.97704007566365,-1.8271734782545062,15.741634243044281,10.136875509909725,-0.4213533543568213,-4.365490970946585,-21.129577150990215,2.4208386220035774,7.689399479995883,-4.918310840546858,-4.590432719923097,-25.393138947081933,13.741641178522675,27.20626688762027,12.444652867147987,19.25388924671142,26.06251110613616,-14.665438467699664,-1.5729456163492526,-1.8287885829127952,10.551481034698906,14.361265531262884,22.923412533860493,-9.06099869995101,-18.551513609640992,11.102459207923909,-15.394670520958487,1.0543303472407513,18.046858960902707,-4.887763875241344,-20.768569057751197,-38.918710380004875,-4.776651521900617,-25.494852543970243,-13.484894161564947,-25.822669385115006,1.8153698198841945,-24.9652093410579,10.930483884184055,37.98501181534156
-6.685998397939981,-17.817570687248786,19.44223258531598,-5.52101848445173,-15.827624836085409,-35.925666105242335,-71.69876788507113,6.3641655103941215,-0.41864276328972505,0.2271537196432597,-16.32866514826284,-21.374538840717218,28.470144467038562,11.800157218655736,29.44480278306056,-49.372391315446414,35.28946034356734,-2.512768304762954,21.47587838256024,13.758880402060218,-0.6806268513451229,-6.091100198719785,-28.64928545026806,3.376013935093528,10.587895166340884,-6.682357603270245,-6.2335943911601985,-34.47096435353208,18.62036530284983,37.04817073010721,16.8707092924049,26.06251110613616,35.29584197683065,-19.9102262016049,-2.1392199331855615,-2.5818981803256538,14.30735890639891,19.601281252466066,31.125806526458184,-12.219886082976075,-25.124667544874352,15.048635838361381,-21.048222267584862,1.5547035174680237,24.63806301266678,-6.6773467717376604,-28.145777941490635,-52.78883428782105,-6.532052922815936,-34.602639776621196,-18.258759292107115,-35.13683613896236,2.4443417443613606,-33.95477878531404,14.834479050242553,51.49902446397839
3.9229164314851097,10.448388587343144,-11.257121794780447,3.416510977656276,8.947614347870655,21.323596461769412,42.218385726896386,-4.101108549249267,1.1970205379347525,-0.3408402654994367,9.624182531549893,12.46084975835614,-16.70020567792009,-6.74336771543907,-17.281769593904006,28.925543415881567,-20.539819616673288,1.70290901921667,-12.941627372850856,-7.757084396344384,1.0043016674239411,4.324652135169019,16.348553713202296,-2.433105264613642,-6.8023633908093775,3.9087130811593225,3.6402311354357413,20.06701432307258,-10.672821029538394,-21.995969046822644,-9.724681685502594,-14.665438467699664,-19.9102262016049,11.650978464594525,1.1367659175033829,2.007991052140079,-8.136682124115348,-11.904625498755307,-18.140747120658656,6.754208522401414,14.351129245278814,-8.7430049764852,12.852178857779727,-1.446180845184385,-15.141034140572037,4.009263630100688,16.197008094097768,30.51658464702736,3.971845194808719,20.126115936016813,10.363025119697427,20.73252026327543,-1.29801261461888,20.083950212050176,-8.583032639400084,-29.487095974085275
0.4413962779002433,1.0208058015073902,-1.1611287560903736,0.2974529621222,0.8752962158623169,2.0473720792543877,4.1946367484175235,-0.3515376677665736,0.010750473864027922,-9.925043588402372e-4,1.0165136841365263,1.272311149826238,-1.6402745874444629,-0.6933215728686648,-1.7684751717028746,2.8665281250363748,-2.091056556013281,0.11281833665754006,-1.2636316175293791,-0.8867650428237971,-0.0011107288954566334,0.34369341645390944,1.7242431533493334,-0.17505629782696946,-0.630288821101268,0.39027951361980906,0.3612183933067143,2.0000631597870893,-1.0832814690349635,-2.185412264627143,-0.9761613939724242,-1.5729456163492526,-2.1392199331855615,1.1367659175033829,0.16975793604559114,0.1307027837527544,-0.874345346374904,-1.1334872717096904,-1.8104394428370953,0.7061675571517538,1.4612177541049545,-0.842332780814428,1.252965380543075,-0.09860198752798655,-1.3714440113422572,0.4125699216508731,1.6249014741586774,3.0698449355112074,0.39733660539665455,2.0022289437298593,1.0793021180558084,2.07440227292677,-0.15314599631420037,1.9628652793075334,-0.8751624969758284,-3.058371211358836
0.8311459012890545,1.8421109690997057,-1.8755837783963818,0.8315666006112297,0.9944365375230264,4.126256889131528,7.912535099357789,-1.2567218405955314,1.6320548484648467,-0.34889451500224405,1.9600178806005553,2.1963876456364857,-2.9743421445054574,-0.9605602131074032,-3.2606856342629547,5.148157283858088,-3.5483322524766923,0.5777415122992281,-2.8906801343572783,-1.1220594234874304,1.0074877616902596,1.8994796930057993,2.3871486943829376,-1.0782235842319017,-2.160635599327592,0.6915827375120527,0.6281995180027135,3.3730177044345093,-1.545361366384378,-4.438537525962802,-1.4801684530229053,-1.8287885829127952,-2.5818981803256538,2.007991052140079,0.1307027837527544,1.068101533058699,-1.1749934756182538,-2.7501030935666084,-3.0921094569386174,0.5771816945141601,1.9977469273748671,-1.370804214857386,3.153286446148754,-1.092851291099444,-3.634503787269081,0.9199777944427685,2.4143270056812685,4.816958246898455,0.9696436916852016,3.3437105371469995,1.3793239172011844,3.9945771284596177,-0.053100000455838244,3.845896191403996,-1.3948391259402682,-4.36401207332554
-2.7731487116834104,-7.290470463278739,7.946217936313961,-2.294200274564751,-6.368469140000343,-14.759392125828978,-29.434830974420507,2.6913123690018548,-0.4142878447200359,0.14011492192743413,-6.745720485312408,-8.756397029031552,11.654809958904021,4.791876141642575,12.102506925656066,-20.216836648412823,14.441080736363423,-1.068731685814452,8.899421339521783,5.610337968754755,-0.41211237344615426,-2.6865198372393744,-11.654397393226343,1.4889464706816955,4.503224692764183,-2.7358406823017294,-2.5490099960095116,-14.080177379082706,7.562495734959547,15.268374851732203,6.863960669142701,10.551481034698906,14.30735890639891,-8.136682124115348,-0.874345346374904,-1.1749934756182538,5.82278514638174,8.13392495543468,12.722029686532101,-4.894733087860928,-10.193140744646179,6.122899953045079,-8.77606827120103,0.7831496793842997,10.236754944167084,-2.775428148958141,-11.443359025007508,-21.510787561932563,-2.7248791110595265,-14.12489309670899,-7.401438345020446,-14.447904142837556,0.9721696104325449,-13.948806847200178,6.055621869062385,20.95082115646042
