V1,V2,V3,V4,V5,V6,V7,V8,V9,V10,V11,V12,V13,V14,V15,V16,V17,V18,V19,V20,V21,V22,V23,V24,V25,V26,V27,V28,V29,V30,V31,V32,V33,V34,V35,V36,V37,V38,V39,V40,V41,V42,V43,V44,V45,V46,V47,V48,V49,V50,V51,V52,V53,V54,V55,V56
1.5418652051219626,-0.020597234585051635,0.40775156706748283,-0.030572792331099604,-1.1308582448280158,-0.2273247840310923,-1.0459204730235727,0.15725529330804772,0.3897151226165099,0.7457678069095603,0.25270636214365344,0.2976011467357566,0.19418232792088036,-0.08423489096641695,0.15194450989857178,-0.2776031698229539,0.07660692701080238,-0.6793344439933505,-0.23332936366690712,-0.4194253842641374,-0.5304361273197268,-0.4246346849203906,0.1910484969815099,-0.0725938053972718,0.35029391602701193,-0.633250687897728,-0.7975013641931962,-0.29200068799207246,-0.10550378877093203,0.09530056192764226,0.004514054501868523,-0.4986727584007607,-0.6126646290846021,-1.152944991070077,0.1326553626441126,0.23413222042420487,-0.5040723299415157,-0.3605782140599362,0.11307669151293048,0.5308023383900682,0.29546869084552524,0.21764104101644616,0.8693769177003545,-0.3777844227831502,0.7877410489448686,0.14821742971043678,0.2943237859658075,-0.05208918505650636,-0.7145169963186203,-0.3972332404338978,0.05142753205101375,0.07651656862516873,0.19352998296412552,-0.2596794706373767,-0.47285525855213345,-0.05394109969451026
-0.020597234585051635,0.23001654151632947,0.06137766574562499,0.18269791798020393,0.24037055876685381,0.49503617778200226,0.4700869627928182,0.02390899191040347,-0.1730022525774377,0.027566472979280138,-0.23167533739092752,0.0033020774224672054,-0.2709130946699428,-0.14347248312703964,-0.246083537268213,0.27555542425844537,-0.2115300354519325,-0.03151527239272175,-0.24774435377536547,0.23224907499714387,-0.0032828665318204967,0.1322054507787676,-0.06262313525316944,-0.11368101720212387,0.009540661078272653,0.005547168796996073,0.09535239720482265,0.27119057305036076,-0.10498115541486519,-0.12136266461666176,-0.05863411086541847,-0.036177387549022756,0.0752133327916268,0.14798257538865164,-0.10090154132516796,0.10749940174299658,-0.04286832788234374,-0.1948475079987149,-0.29322953158645,0.22129675846542907,0.03598152848200744,-0.1128568652269551,0.13624119549414554,0.018665122271259674,-0.237311171317194,-0.078726929658866,0.09582904435198847,0.40446712809626034,-0.09392991412238576,0.09547926565891866,0.14435427338333995,0.104891154023287,0.053521630597313574,0.44788405022862504,-0.12636199437504522,-0.095187815541803375
0.40775156706748283,0.06137766574562499,0.7912153098796723,0.3775461725959705,-0.18498904404853045,0.20700975350423148,-0.8777908744144627,0.4900513444698807,0.12402402929542192,0.2259612282726022,-0.9742032971569906,-0.3777801816889521,-0.11311295680480543,-0.10195253525588917,-0.05776118701509632,-0.31120578377813685,0.19646153831936586,-0.19398348602735163,-0.08572908522646648,0.6969071010221074,0.13153861658069152,-0.4338444166541057,-0.18602365794206463,0.08018012893977074,0.224165977200901,-0.33951351511510175,-0.14546979400143029,-0.08209213688058817,-0.2901982758748094,0.47408661672099417,0.17583552062495567,0.37432727269998955,0.5595203407100737,-0.8044234615376544,-0.2973875191729227,-0.07057020403414156,0.1842413347500868,0.26789280578503855,0.24690525809805877,0.5574017995111987,-0.14366527468935417,0.25464157364117046,0.5969202558936824,-0.16652498631918936,0.6436463632836633,-0.14005087688507076,-0.11162607502851754,-0.6172891019473037,-1.022217485932681,-0.756159699500424,-0.12703452689111058,-0.5113555673144852,0.24778693907931165,0.34812880128178914,-0.13589868471811642,0.7577493040016695
-0.030572792331099604,0.18269791798020393,0.3775461725959705,0.3787382892152468,0.2422065858134814,0.5645469774245613,0.18924305386824752,0.3269119267045233,0.0934507070836,-0.059692308703742335,-0.7133688688054337,-0.1831262241523778,-0.3485463873699997,-0.1610190806396162,-0.405714421842383,0.1763663308435911,-0.15890625883041665,0.047487703105453374,-0.23151616982469278,0.5220866722686506,0.35354237809341826,-0.09301589890298785,-0.021604920502922755,0.07157396340722194,-0.11082474939801838,-0.051450714464708336,0.17126125778660037,0.24814295662752422,-0.3001301330958407,0.017949835091470454,0.09822138039100124,0.29357290533851044,0.4466874095495217,-0.20514334105788137,-0.26297285129869197,-0.06845211375270684,0.17846420616485023,0.13507484251969312,-0.057941227026776,0.3573905209425056,-0.09288600672511466,0.14314289758374885,0.5101443173442257,-0.0953660234860921,0.11439080700975675,-0.04840395952120342,-0.07071037746964548,-0.18983537155929509,-0.5483487921707372,-0.31172572777788604,-0.0431016829943337,-0.10057995074659822,0.15398814832296537,0.6901682514449817,-0.044034115250882876,0.273339013093835
-1.1308582448280158,0.24037055876685381,-0.18498904404853045,0.2422065858134814,1.2731736156772673,0.7480095725430976,1.0815908351057952,0.32994747032551824,-0.693272089034411,-0.4719521612185716,-0.6739611368557358,-0.09449682387004889,-0.4605534154131175,-0.24927011557099238,-0.48181736656131446,0.4898754832444471,-0.37111553321407253,0.39060044774426506,0.08834144740332502,0.3763542961843009,0.42578646834958006,-0.05738261607898416,0.04898105072834219,0.3951560947075324,-0.09435314856965307,0.40491249531406526,0.7027529463370986,0.5490296528169925,-0.2374289914326893,-0.05627157568954313,0.04511362147132421,0.16881474439584218,0.37343203687748894,0.781965748989888,-0.28910369268104036,-0.4045256593845781,0.27492713274649183,0.40877274586527257,-0.3395866812878898,0.15835923415161726,-0.031132622941564058,-0.024953431043580464,-0.44288920000193055,0.5268989288450865,-0.24142508296571,-0.1040682758827422,-0.09718271030420492,0.3017477331374865,0.1314294981155608,0.2532499804396575,0.08141246688507438,0.05143060475421417,-0.05602946423852539,0.8138122435018408,0.2909248005610313,-0.3502363552935312
-0.2273247840310923,0.49503617778200226,0.20700975350423148,0.5645469774245613,0.7480095725430976,1.734888632562979,0.7172119498810885,0.29445354060708806,0.41784393515674145,-0.09761506854488904,-0.7917283129591468,0.5389820524965452,-0.541317052850178,-0.4420622033999713,-0.1795102200735621,0.6135579770996265,-0.23481499342292103,0.1936211613282727,-0.3190889301433632,0.3032470542260973,1.0332090213192806,0.16119395338791292,-0.43640865282615443,0.28707714704081133,-0.265933562576903,-0.20554855087713808,0.0216615844253636,0.40775839103265726,-0.1394030346735394,-0.24811853917624963,0.3710357645470672,0.3166202458874771,0.9721875137488851,0.06009760904421668,-0.7662188449346224,0.24734490594398068,0.10705671157202437,-0.41369304366976256,-0.4651548132888324,0.5817333347734386,0.15555383658024624,0.3250516851607903,0.6279887657460638,0.12151181944875515,-0.4858044820119379,0.22808968869206478,0.021495366025923116,0.19949279292351496,-0.34281871438939,0.09642227664843746,-0.3920193660949115,0.6321298259495667,0.3808737176850815,1.3169012980903794,0.27479535508333414,-0.16308290520353177
-1.0459204730235727,0.4700869627928182,-0.8777908744144627,0.18924305386824752,1.0815908351057952,0.7172119498810885,3.7225374621339857,-0.2735363000384909,-1.0999221166359598,-0.7471523138122573,0.3936993459988524,-0.3424561866480374,-0.9831991071819856,-0.2057069689642258,-2.229923822566395,1.3180134751385075,-1.5610959465994032,0.28820130918537384,-1.0711601931390191,0.15247815617428187,-0.33008978639257225,1.2299433184109219,0.7553859659192769,-0.5694889085484438,-0.8986099298359038,1.087951135530118,1.4686026123406855,1.3135231935803855,-0.29597088651044706,-1.3286820578680323,-0.5182847064716817,-0.3690636046162272,-0.7493957603641271,1.7853759758883994,0.6413079130005702,-0.10162915498758969,-0.1320086526720745,-0.19234582835396222,-1.0954783466606075,-0.4323398722228594,-0.4041038439234757,-0.5703650619944656,-0.03534911745673775,-0.05223040410381714,-1.2086039525700583,-0.23839146791206886,-0.14545048317617068,1.5864173565397632,1.0623838845777822,0.7611640610693213,1.0358578059441756,0.5597244196601074,-0.4328344731963943,1.3733120966769707,-0.38722501215656713,-1.0243077723737466
0.15725529330804772,0.02390899191040347,0.4900513444698807,0.3269119267045233,0.32994747032551824,0.29445354060708806,-0.2735363000384909,1.2423599935830127,-0.7239024869327794,0.08374275182023978,-1.041424081884234,-0.1280428760629129,-0.18266468245560774,-0.44740383028801206,-0.9365137575867535,-0.24981004887044883,-0.3823528032060317,-0.37095381002919275,-0.006476419027859036,0.02622300530790939,0.01619231832144663,-0.9022952346142313,0.40520663094439247,0.8900216588657875,0.18233816410934134,-0.14022811645008623,0.3098993564522173,0.14070470977358515,-0.47848724838718276,0.3876885242823229,0.4458615379400931,-0.0987616790819425,0.0439921257964525,-0.6977951928198322,-0.12870434520314625,-0.7477183691052846,-0.060540681022973414,0.8709970311439461,0.11910585246823793,0.832036367185178,-0.20594668809730607,0.8372299795596481,0.5246078790987514,0.30586796514816,1.5865372049266986,0.056273577009972056,-0.45027328847546466,-0.6880441674979836,-0.9767131006102774,-0.9473114791824272,0.009306581557891496,-0.28675183859270814,0.15299406001054464,0.8249771722868517,0.05749854045544434,-0.10210981133097077
0.3897151226165099,-0.1730022525774377,0.12402402929542192,0.0934507070836,-0.693272089034411,0.41784393515674145,-1.0999221166359598,-0.7239024869327794,3.1706874245548127,-0.13241787655346465,0.37412562147714623,0.8623476714099891,0.10781588904616264,0.39298110461045577,1.6983367214440164,0.42918427596658554,0.9091788272008806,0.8720202493185657,0.42249942699517756,-0.1270368593355512,2.0120212514485147,-0.046768938303806434,-0.24864649913927464,0.03539293849418189,-0.6916869027819237,-0.5362700440267311,-1.05754818378628,-0.45120587508555743,-0.025930216914769776,-0.35230779479407515,0.13022807673796533,0.8957630560566852,0.992137059641031,-0.790316010652879,-0.8678358744060484,0.5865173715472446,0.566203675164268,-0.5325159782361399,0.6574341374621263,-0.3780390622143848,0.8007245245136615,0.07156076936175002,1.083173853801149,-0.7375015724821742,-0.9695817973762374,0.7381973626577486,0.6954734841458742,-1.096110274140736,-0.2866747271998179,0.49199039708849973,-1.3111201690932035,0.7351884323777359,0.3934110615746463,-0.4208912762935341,0.529441703014537,0.4430839520719706
0.7457678069095603,0.027566472979280138,0.2259612282726022,-0.059692308703742335,-0.4719521612185716,-0.09761506854488904,-0.7471523138122573,0.08374275182023978,-0.13241787655346465,0.4930577435651619,0.06001092921143108,0.1647395685752013,0.18092943572990294,-0.08255118557439196,0.30624796115808334,-0.26670628180701544,0.15106466499220841,-0.4462948315798183,-0.015255576518417795,-0.1868254327129868,-0.4781921269758692,-0.27156113789165626,-0.10040033471372763,-0.030654576019318824,0.44344074684167856,-0.3823863246536655,-0.48295386094913606,-0.2111960846813369,0.05351633114725164,0.24596462650899711,0.008074728346789,-0.34540573522645784,-0.2895193298136127,-0.5204919003751782,0.02525099237455802,0.15851473640946548,-0.32164248506830095,-0.24594272141133533,-0.01185664643967608,0.3693434961148111,0.17969470210068608,0.042718933727086315,0.12890590547891106,4.7048466315633406e-4,0.41088212077817965,-0.01800485186056705,0.17671226270170898,0.16580764077461138,-0.3239923943480592,-0.15774048126791232,0.07404114930177454,-0.04319319707451266,0.10443948544904105,-0.246244057499498,-0.23645963615979826,-0.03647859171124509
0.25270636214365344,-0.23167533739092752,-0.9742032971569906,-0.7133688688054337,-0.6739611368557358,-0.7917283129591468,0.3936993459988524,-1.041424081884234,0.37412562147714623,0.06001092921143108,1.8846045457242342,0.6190772850117667,0.5052221721459615,0.3479634485674732,0.5983614937704197,0.09356208606029995,0.07123889526047633,0.00423917133081814,0.06564228912971777,-1.1971351443350826,-0.501800305410829,0.7164176582212158,0.11214300969345017,-0.49308075236828314,-0.19637165282625477,0.1512631717992671,-0.38153845858829866,-0.3029553661072926,0.6322029963079961,-0.6079169033101601,-0.31691851452656494,-0.6306173895788821,-1.0013924181832352,0.6050749765557011,0.5861430520718789,0.49917366600112356,-0.4543519127966793,-0.796453050878245,-0.13260596528884913,-0.9136385664049432,0.26859792319201187,-0.4378694277501831,-0.5855101971540871,-0.15088397487519062,-0.8967834474000712,0.2446615974669287,0.3000347029978692,0.7538565798486417,1.3832682272964367,0.9685992532233921,0.1096984608426264,0.6908853052564805,-0.2947271152246474,-1.1434353145198275,-0.032801085791031845,-0.7665880402483397
0.2976011467357566,0.0033020774224672054,-0.3777801816889521,-0.1831262241523778,-0.09449682387004889,0.5389820524965452,-0.3424561866480374,-0.1280428760629129,0.8623476714099891,0.1647395685752013,0.6190772850117667,1.1860856710067784,0.2622973613385615,-0.13834309437161693,0.8737071726776053,0.17814089448694473,0.23876556394894566,0.06368530204483545,0.3187587876757432,-1.0296705854837247,0.6629294242425796,-0.129526071056746,-0.18250758854810487,0.49652429410219207,-0.06188725772358746,-0.3892002242071306,-0.6796510994710369,-0.2849833061777986,0.3031326768096871,-0.21584504206527708,0.3321437234717693,-0.2655292769432817,0.04527792502661922,-0.18745102662784127,-0.39562744592962196,0.2613256942285255,-0.2601434630250551,-0.5311286513500063,-0.049399234999418486,0.06574609550525519,0.5866159617085821,0.3781096290924969,0.1109101412335018,0.18922680706312853,-0.18795151431979423,0.5970311024249075,0.27452359044386815,0.024911690478982028,0.315247458179569,0.507702463885443,-0.6261602764304268,0.9459688894691619,0.2083755856406198,-0.15942393281915185,0.45023819409686594,-0.7521440454864616
0.19418232792088036,-0.2709130946699428,-0.11311295680480543,-0.3485463873699997,-0.4605534154131175,-0.541317052850178,-0.9831991071819856,-0.18266468245560774,0.10781588904616264,0.18092943572990294,0.5052221721459615,0.2622973613385615,0.6287345782012358,0.15363172425198837,0.7650863044089062,-0.6472156261127627,0.5160792803724125,-0.17020379006807693,0.35700571434181133,-0.527326546800622,-0.17672983899707284,0.053353810360629715,-0.42564866457477907,0.05532067951063441,0.197209051012115,-0.20832544223864322,-0.4245506094703783,-0.6375952040566046,0.5494411000572935,0.31203496875908576,0.24377707985304145,-0.05958925470564181,0.07949757206756368,-0.18141043013953922,0.0742007095134553,0.1940241556513121,-0.13913156025765405,-0.17057497302359312,0.28737732199205823,-0.2945035841533312,-0.09728243162012437,0.20865403008124364,-0.4633923405861593,0.09988150284596807,0.14604915795943316,0.11998275464780533,-0.22562796356205708,-0.3420271306304756,0.38113045732102185,-0.08103103270409888,-0.3026453463684654,-0.004611283299386257,0.012566354020655264,-0.818797224784335,0.2518171781124664,0.16867618752236363
-0.08423489096641695,-0.14347248312703964,-0.10195253525588917,-0.1610190806396162,-0.24927011557099238,-0.4420622033999713,-0.2057069689642258,-0.44740383028801206,0.39298110461045577,-0.08255118557439196,0.3479634485674732,-0.13834309437161693,0.15363172425198837,0.28315675148849484,0.42796756968582683,-0.058194079864031065,0.27444017005489074,0.20476942975625276,0.13009168985630493,0.083742680740923,0.01970074262817484,0.2093190862056167,-0.07249024506245813,-0.3162303456848381,-0.07911236706173373,0.07776950962385416,-0.10415208709990725,-0.16132498711007298,0.13075646742007077,-0.02633567856271506,-0.1874562056064741,0.17355023606119171,0.00614599511538457,0.12548184819302408,0.09434930231728239,0.16402579988731278,0.1499353322030279,-0.09599180772235917,0.18345223191707433,-0.4178260936936389,0.02077977139869166,-0.3057603756760924,-0.20540094290599747,-0.18795334254054952,-0.42511932881800374,-0.0479590019259194,0.12613031153341375,-0.07148324838106673,0.26454797120194073,0.21212896833631426,-0.052972994383507,-0.11212944270867904,-0.09227295340549645,-0.5232997277663606,-0.002226847619758442,0.2636778097489683
0.15194450989857178,-0.246083537268213,-0.05776118701509632,-0.405714421842383,-0.48181736656131446,-0.1795102200735621,-2.229923822566395,-0.9365137575867535,1.6983367214440164,0.30624796115808334,0.5983614937704197,0.8737071726776053,0.7650863044089062,0.42796756968582683,2.9058379326067425,-0.34335952605231385,1.5392126446845014,0.4628129969194211,1.0851591277484645,-0.3297314280010242,0.853479642120867,-0.22888068340124992,-1.0040463379253075,-3.385138036909321e-4,0.458137594357989,-0.6703111842745503,-1.4096873775163221,-0.9521844061620325,0.6361932913283105,0.5227603747178078,0.0707986908945919,0.3923079960283779,0.7662369008820342,-0.3661881534856645,-0.7681573412432869,0.704587885410828,0.251770489142796,-0.7109880321449888,0.5457548448570655,-0.35196116321076054,0.8757686521677814,-0.3131624398993906,-0.6692925875088525,0.10145166169713023,-0.9140253441664112,0.3395326490309455,0.7591085023098053,-0.3603468394707275,0.29021815328570544,0.796582069107677,-1.0716079673781265,0.29456427664600193,0.251942744315296,-1.5334471006776076,0.5973021786538258,0.36325719055909184
-0.2776031698229539,0.27555542425844537,-0.31120578377813685,0.1763663308435911,0.4898754832444471,0.6135579770996265,1.3180134751385075,-0.24981004887044883,0.42918427596658554,-0.26670628180701544,0.09356208606029995,0.17814089448694473,-0.6472156261127627,-0.058194079864031065,-0.34335952605231385,1.0766069647035337,-0.4950209882795023,0.4509425029244364,-0.22263215902508607,0.13423433454931116,0.46060857337883143,0.06031803036906003,0.5800730235941326,-0.09049754775176007,-0.36115697354578036,0.2598384868034189,0.23620160920747416,0.710842061517249,-0.5113346851815147,-0.6797527221036025,-0.42810848987561617,-0.08517792586513756,-0.3482973254610005,0.47613471918652933,-0.1233204340949324,-0.047959987660480444,0.10763730518263083,-0.12917834707225687,-0.3858604885218358,0.04133144972095996,0.5302582941661258,-0.4623897740550761,0.3710149221932531,-0.11620903677688757,-0.7401926980209483,0.09061801275873613,0.6459339048127368,0.6964695907994314,0.04363283365069723,0.7517830390884734,0.19050154299905528,0.4891215215377393,-0.07103374996494614,0.5903901325427966,-0.1588332650431233,-0.6758042413664725
0.07660692701080238,-0.2115300354519325,0.19646153831936586,-0.15890625883041665,-0.37111553321407253,-0.23481499342292103,-1.5610959465994032,-0.3823528032060317,0.9091788272008806,0.15106466499220841,0.07123889526047633,0.23876556394894566,0.5160792803724125,0.27444017005489074,1.5392126446845014,-0.4950209882795023,0.9753452746083645,0.2036206015863217,0.5926957442226822,0.03977252528263099,0.4815184249853736,-0.11388885044597874,-0.7213335278928967,-0.014716608507387515,0.244441184270935,-0.39894089589618154,-0.7212176839729859,-0.6792467822704462,0.40637452336163243,0.49558416023659446,0.17736131312614423,0.44925103566288405,0.7280847235616235,-0.38551432869578706,-0.42773397963073906,0.3631721997058773,0.2507897025026782,-0.23476236606425402,0.47891912336465714,-0.21239607677620087,0.2059090103155061,-0.015611810307661315,-0.31983577653037504,-0.013411826109075936,-0.284237754494094,0.11505326157478808,0.14222781419705527,-0.5995215179930612,-0.005493112964988729,0.06421387012422082,-0.6683832866780262,-0.11201039920027522,0.17944287756964916,-0.8593115061307831,0.37040980953346525,0.6394010930600182
-0.6793344439933505,-0.03151527239272175,-0.19398348602735163,0.047487703105453374,0.39060044774426506,0.1936211613282727,0.28820130918537384,-0.37095381002919275,0.8720202493185657,-0.4462948315798183,0.00423917133081814,0.06368530204483545,-0.17020379006807693,0.20476942975625276,0.4628129969194211,0.4509425029244364,0.2036206015863217,0.7096275429054213,0.27280833022341033,0.2530248064615892,0.9077866460980085,0.10623227813027523,0.009663547149542836,0.009483841417520882,-0.39217197399339643,0.20328409969803868,0.09160082016734888,0.12612137121811562,-0.10946032908203286,-0.22567306392226666,-0.12074108774959184,0.5092116517861552,0.4615256534019676,0.3720290963233064,-0.3275667448191574,0.004039091848394832,0.4800190787369122,0.07484026616291556,0.14398200010163947,-0.38414782691229493,0.24924000961614162,-0.2545147344936258,-0.06828369303592095,-0.07670536105278834,-0.776504839412999,0.13014966742159031,0.2684543494469342,-0.21298007813648479,0.21195872869170843,0.4962231440798004,-0.35916644964200917,0.17164045246236373,-0.01798164769725209,-0.01979445836099129,0.3228295487283479,0.08115532605891558
-0.23332936366690712,-0.24774435377536547,-0.08572908522646648,-0.23151616982469278,0.08834144740332502,-0.3190889301433632,-1.0711601931390191,-0.006476419027859036,0.42249942699517756,-0.015255576518417795,0.06564228912971777,0.3187587876757432,0.35700571434181133,0.13009168985630493,1.0851591277484645,-0.22263215902508607,0.5926957442226822,0.27280833022341033,0.7792133646873974,-0.29505750465022124,0.42939719514907626,-0.5936432114322279,-0.08290928100464136,0.49887366409497336,0.2568729728296802,-0.16504204317279064,-0.3848790967146938,-0.38642167088527574,0.08419176448382679,0.3903432338211596,0.11429666898754554,0.11653215237036563,0.16803381989343588,-0.19364755850336046,-0.31240976187160063,-0.20754701293020852,0.193338698708565,0.2990087109734772,0.4178746878386783,-0.0761369573813389,0.4023980985605481,0.09343075838355254,-0.47207696869022625,0.31244946680186153,0.20497063995890974,0.19673389088256726,0.22211100265069803,-0.505116984900374,0.003970702519881356,0.20025455678425996,-0.4871626351516588,-0.022594550913976694,0.030033241166128054,-0.6697866833676126,0.43255988121765027,-0.061333723408812844
-0.4194253842641374,0.23224907499714387,0.6969071010221074,0.5220866722686506,0.3763542961843009,0.3032470542260973,0.15247815617428187,0.02622300530790939,-0.1270368593355512,-0.1868254327129868,-1.1971351443350826,-1.0296705854837247,-0.527326546800622,0.083742680740923,-0.3297314280010242,0.13423433454931116,0.03977252528263099,0.2530248064615892,-0.29505750465022124,1.5921721164544829,0.13235690187349888,0.12923666450145763,-0.2530882844392865,-0.5318268414584925,0.02547989296538087,0.1576009960645464,0.4352671898211058,0.38443787538697527,-0.42174941771595675,0.2675063374158331,-0.2703866444221283,0.7518215502746881,0.7896653076940205,0.06522868787758852,-0.23525535043459364,0.02372343901399911,0.5683483383918455,0.2557928849998485,0.002154563741012919,0.19160530966300837,-0.321602692416769,-0.47659363474150734,0.20736942179707912,-0.25776523817239155,-0.373815486274442,-0.5487726639015973,0.01631830861603033,-0.08172304442408716,-0.7043253586486039,-0.3555548973861586,0.24027097695370794,-0.8130972059122031,0.05435433151505124,0.5680604959711228,-0.30306315337592554,1.0911690759892034
-0.5304361273197268,-0.0032828665318204967,0.13153861658069152,0.35354237809341826,0.42578646834958006,1.0332090213192806,-0.33008978639257225,0.01619231832144663,2.0120212514485147,-0.4781921269758692,-0.501800305410829,0.6629294242425796,-0.17672983899707284,0.01970074262817484,0.853479642120867,0.46060857337883143,0.4815184249853736,0.9077866460980085,0.42939719514907626,0.13235690187349888,2.1406152367688445,-0.19563287201678886,-0.2892842002058203,0.6127006138630596,-0.680770723558639,-0.22193508736708686,-0.28572937810377,-0.09015422935522413,-0.15014481713376385,-0.16576579404820094,0.46102462195777055,0.9888492321414938,1.4136665715740042,-0.30313584683818473,-1.0286058996477316,0.05529813387674767,0.6920804182606362,0.0628343460456142,0.40032419180186174,-0.051744847688341145,0.40677247761428487,0.4675419408055738,0.7019118642197192,-0.13868688638193832,-0.5415516528277698,0.6092568581574885,0.14104948143419327,-1.1252498406945162,-0.32667814098318776,0.18295031409735532,-1.2021534901350475,0.5917361351413756,0.3830929601515659,0.48086241222707915,0.8300719095075172,0.26298577969669606
-0.4246346849203906,0.1322054507787676,-0.4338444166541057,-0.09301589890298785,-0.05738261607898416,0.16119395338791292,1.2299433184109219,-0.9022952346142313,-0.046768938303806434,-0.27156113789165626,0.7164176582212158,-0.129526071056746,0.053353810360629715,0.2093190862056167,-0.22888068340124992,0.06031803036906003,-0.11388885044597874,0.10623227813027523,-0.5936432114322279,0.12923666450145763,-0.19563287201678886,1.5796357873767621,-0.7099974044729649,-0.9967765759381896,-0.5189065029722272,0.36938287336032893,0.3113468841961517,0.011470202159731517,0.7160703398903367,-0.5309770959083983,-0.08090450424495109,0.20817506882468545,0.37354055181654283,1.0352101194690564,0.31937856768454276,0.8096590004420837,-0.04412345027159207,-0.928625122417581,-0.4375903863614541,-0.8427286705655902,-0.6224676303840053,-0.4183485815905111,-0.40652941577307955,-0.30114216238585395,-1.5209320346990958,-0.1774059310935102,-0.40563912119048356,0.697228133944582,1.2005713918386032,0.40273125178479413,0.18615556782608614,0.27661328129845714,-0.1299468016290401,-0.01495107710300464,-0.03292262930831709,0.3335336085741646
0.1910484969815099,-0.06262313525316944,-0.18602365794206463,-0.021604920502922755,0.04898105072834219,-0.43640865282615443,0.7553859659192769,0.40520663094439247,-0.24864649913927464,-0.10040033471372763,0.11214300969345017,-0.18250758854810487,-0.42564866457477907,-0.07249024506245813,-1.0040463379253075,0.5800730235941326,-0.7213335278928967,0.009663547149542836,-0.08290928100464136,-0.2530882844392865,-0.2892842002058203,-0.7099974044729649,1.3763411931930216,0.3396310402378179,-0.1238140905756479,0.2933306278702287,0.393286445302232,0.5706244512016262,-0.8173916870138812,-0.3933952441546796,-0.42254521667637723,-0.5206431533448942,-1.254836080902709,-0.13413064466438607,0.4118546274312957,-0.7562969967707993,-0.10896116093226987,0.7275712374115085,-4.646201979157595e-4,0.22425586831398264,0.36580399208931175,-0.0825694354608786,0.49492364796040356,-0.07778746248933713,0.7751178745308441,0.05317932730530714,0.3979038967642291,0.13275239080768553,-0.4048785886397334,0.069881438455189,0.5177506783360369,-0.015280042848250889,-0.24663488275865356,0.2578858808861141,-0.3892447279119991,-0.8308999447577402
-0.0725938053972718,-0.11368101720212387,0.08018012893977074,0.07157396340722194,0.3951560947075324,0.28707714704081133,-0.5694889085484438,0.8900216588657875,0.03539293849418189,-0.030654576019318824,-0.49308075236828314,0.49652429410219207,0.05532067951063441,-0.3162303456848381,-3.385138036909321e-4,-0.09049754775176007,-0.014716608507387515,0.009483841417520882,0.49887366409497336,-0.5318268414584925,0.6127006138630596,-0.9967765759381896,0.3396310402378179,1.1600243783661552,0.08906182391624605,-0.20840988743978972,-0.05841023713015907,-0.08762651641348743,-0.2759730306342684,0.27710130639095887,0.4941823414361239,-0.07768075132483664,0.10538900055099597,-0.5517275293690663,-0.3819942426129755,-0.6657362664105213,0.01951131694988202,0.7102775537783901,0.27065422149471535,0.525557874394558,0.26159618996020434,0.8192532409430338,0.21952469037779881,0.4544745264714289,1.1610777428056147,0.40123873307233016,-0.13879968183052888,-0.7860879509198633,-0.533215517838057,-0.3498973726848641,-0.4672383029324976,0.1890504383356111,0.16415105942595917,0.32947306608067695,0.4786551869035705,-0.4917930148844409
0.35029391602701193,0.009540661078272653,0.224165977200901,-0.11082474939801838,-0.09435314856965307,-0.265933562576903,-0.8986099298359038,0.18233816410934134,-0.6916869027819237,0.44344074684167856,-0.19637165282625477,-0.06188725772358746,0.197209051012115,-0.07911236706173373,0.458137594357989,-0.36115697354578036,0.244441184270935,-0.39217197399339643,0.2568729728296802,0.02547989296538087,-0.680770723558639,-0.5189065029722272,-0.1238140905756479,0.08906182391624605,0.7465778656968353,-0.26682095833562747,-0.3252757809044908,-0.17303964948039616,0.008139734643305066,0.5446873589416631,-0.07782634314673277,-0.3559644656915093,-0.3042393369776108,-0.2995780516683836,0.0043921698989932804,-0.07465765471204353,-0.22122568110621638,0.0587380778524044,0.0038011815470421224,0.4245780698794725,0.20029005115072412,-0.11753039400610459,-0.416899539008045,0.31907474973945515,0.529582946005593,-0.21177986936591842,0.21239026467569844,0.26606057745769146,-0.3191471654367707,-0.10462372450596476,0.20038203087509043,-0.3545617206726931,0.01461747233211111,-0.39001471886688927,-0.1917885455123988,-0.026860648341666297
-0.633250687897728,0.005547168796996073,-0.33951351511510175,-0.051450714464708336,0.40491249531406526,-0.20554855087713808,1.087951135530118,-0.14022811645008623,-0.5362700440267311,-0.3823863246536655,0.1512631717992671,-0.3892002242071306,-0.20832544223864322,0.07776950962385416,-0.6703111842745503,0.2598384868034189,-0.39894089589618154,0.20328409969803868,-0.16504204317279064,0.1576009960645464,-0.22193508736708686,0.36938287336032893,0.2933306278702287,-0.20840988743978972,-0.26682095833562747,0.5233890316603759,0.6431017751231445,0.3491664389195801,-0.06607792304269411,-0.29414043204253393,-0.24163797612929594,-0.014284183576848316,-0.27064672174140436,0.7333416517879213,0.3387678527614176,-0.19216542199904768,0.09911958091436172,0.21564666169377023,-0.1852434521961414,-0.37621428272530705,-0.26125303103711434,-0.2876679706632582,-0.3553914693295246,0.035410603471741985,-0.3453841969385817,-0.19112672696206956,-0.14411585965681925,0.33860609838168537,0.48173074370040975,0.21432010857118486,0.3893680229304097,-0.10190866663027881,-0.2648433916625658,0.14665553642183704,-0.07546146944718168,-0.15658128594189907
-0.7975013641931962,0.09535239720482265,-0.14546979400143029,0.17126125778660037,0.7027529463370986,0.0216615844253636,1.4686026123406855,0.3098993564522173,-1.05754818378628,-0.48295386094913606,-0.38153845858829866,-0.6796510994710369,-0.4245506094703783,-0.10415208709990725,-1.4096873775163221,0.23620160920747416,-0.7212176839729859,0.09160082016734888,-0.3848790967146938,0.4352671898211058,-0.28572937810377,0.3113468841961517,0.393286445302232,-0.05841023713015907,-0.3252757809044908,0.6431017751231445,1.0519021369152373,0.5668098948482614,-0.25089051157832143,-0.2395146582032534,-0.11121817716794502,0.0530901884247213,-0.13527005986068852,0.731708407182219,0.3686166954167185,-0.44617133231464057,0.1365590917196959,0.5384022376993686,-0.2748479968412624,-0.1352553613627569,-0.578197431735535,-0.05485595976001832,-0.180572860204468,0.1068816404404981,0.053757721763247175,-0.30559055236412946,-0.47602504515311145,0.213643306961642,0.20584378044889423,-0.19611692782197604,0.5538104379947852,-0.301153325903668,-0.2506647114514632,0.7171498917406346,-0.12155371808839681,-0.056861050202369506
-0.29200068799207246,0.27119057305036076,-0.08209213688058817,0.24814295662752422,0.5490296528169925,0.40775839103265726,1.3135231935803855,0.14070470977358515,-0.45120587508555743,-0.2111960846813369,-0.3029553661072926,-0.2849833061777986,-0.6375952040566046,-0.16132498711007298,-0.9521844061620325,0.710842061517249,-0.6792467822704462,0.12612137121811562,-0.38642167088527574,0.38443787538697527,-0.09015422935522413,0.011470202159731517,0.5706244512016262,-0.08762651641348743,-0.17303964948039616,0.3491664389195801,0.5668098948482614,0.7317664485493065,-0.5311621948073966,-0.4047180580581195,-0.3438558804544019,-0.14687226600562744,-0.39244441235531097,0.4277289445329123,0.10882351596530586,-0.26354035594566605,0.03428355310828216,0.18796339524205044,-0.40695543286093416,0.21508745197600856,0.08475872236540072,-0.3096571560742818,0.2487340899785788,-0.008481255254151962,-0.17156483637893805,-0.16970930431443823,0.2312229189069939,0.6179724324511587,-0.1504284347172305,0.22059262408655664,0.5028986305905684,0.03433285148589819,-0.12453977241732805,0.7695715892217326,-0.31690259267272813,-0.41835516585820964
-0.10550378877093203,-0.10498115541486519,-0.2901982758748094,-0.3001301330958407,-0.2374289914326893,-0.1394030346735394,-0.29597088651044706,-0.47848724838718276,-0.025930216914769776,0.05351633114725164,0.6322029963079961,0.3031326768096871,0.5494411000572935,0.13075646742007077,0.6361932913283105,-0.5113346851815147,0.40637452336163243,-0.10946032908203286,0.08419176448382679,-0.42174941771595675,-0.15014481713376385,0.7160703398903367,-0.8173916870138812,-0.2759730306342684,0.008139734643305066,-0.06607792304269411,-0.25089051157832143,-0.5311621948073966,0.8350213607881336,0.0860325727143935,0.26883558506534017,0.02879665891264676,0.378241133123507,0.34964379211995344,0.07148598217919247,0.5419887517731202,-0.16109172725376697,-0.6120837425624163,-0.032129054387760474,-0.5078384666039557,-0.3213717614021567,0.06708178331466895,-0.6578275008974402,0.09682704315531657,-0.5659561662639871,0.051337121423495134,-0.3890085557667308,0.08945817998626993,0.8633245796608673,0.1441081443787656,-0.24619640890196354,0.20873952045806637,0.008469137489337766,-0.5786102644701517,0.2946796581272632,0.20833877926031294
0.09530056192764226,-0.12136266461666176,0.47408661672099417,0.017949835091470454,-0.05627157568954313,-0.24811853917624963,-1.3286820578680323,0.3876885242823229,-0.35230779479407515,0.24596462650899711,-0.6079169033101601,-0.21584504206527708,0.31203496875908576,-0.02633567856271506,0.5227603747178078,-0.6797527221036025,0.49558416023659446,-0.22567306392226666,0.3903432338211596,0.2675063374158331,-0.16576579404820094,-0.5309770959083983,-0.3933952441546796,0.27710130639095887,0.5446873589416631,-0.29414043204253393,-0.2395146582032534,-0.4047180580581195,0.0860325727143935,0.7701809526558686,0.24600329605254925,0.16732436403404782,0.41266134813278993,-0.5166364339688855,-0.2064517002216315,-0.15487616013730515,0.08918605205783137,0.3448139990107004,0.3349738592340147,0.3242655942017336,-0.11735905553925395,0.2432601119772669,-0.29563213261163723,0.2588629969496488,0.7175858936143463,-0.1495109737104988,-0.1960998541320691,-0.5499871380308278,-0.5018798864699079,-0.545450752440274,-0.18601723770333736,-0.5621606056938914,0.12513532610655134,-0.31054579240971486,0.12091695824368283,0.5514045763733181
0.004514054501868523,-0.05863411086541847,0.17583552062495567,0.09822138039100124,0.04511362147132421,0.3710357645470672,-0.5182847064716817,0.4458615379400931,0.13022807673796533,0.008074728346789,-0.31691851452656494,0.3321437234717693,0.24377707985304145,-0.1874562056064741,0.0707986908945919,-0.42810848987561617,0.17736131312614423,-0.12074108774959184,0.11429666898754554,-0.2703866444221283,0.46102462195777055,-0.08090450424495109,-0.42254521667637723,0.4941823414361239,-0.07782634314673277,-0.24163797612929594,-0.11121817716794502,-0.3438558804544019,0.26883558506534017,0.24600329605254925,0.6175933893147504,0.21586912421363585,0.6775148232251328,-0.35757009902662445,-0.29382253631575095,-0.01904165378482383,-0.001608616197943241,0.0706622814388597,0.16468142147545697,0.16621965469685143,-0.2698475568922469,0.7371469178856658,0.15361556441476623,0.1632291920661714,0.477818950164459,0.2525081978084969,-0.5412550542224562,-0.6978449513356787,-0.12626113731783506,-0.5000056706663202,-0.5021272945392826,0.1459534537097479,0.2289859913599163,0.245314681919591,0.43789993159344115,0.19099065329574175
-0.4986727584007607,-0.036177387549022756,0.37432727269998955,0.29357290533851044,0.16881474439584218,0.3166202458874771,-0.3690636046162272,-0.0987616790819425,0.8957630560566852,-0.34540573522645784,-0.6306173895788821,-0.2655292769432817,-0.05958925470564181,0.17355023606119171,0.3923079960283779,-0.08517792586513756,0.44925103566288405,0.5092116517861552,0.11653215237036563,0.7518215502746881,0.9888492321414938,0.20817506882468545,-0.5206431533448942,-0.07768075132483664,-0.3559644656915093,-0.014284183576848316,0.0530901884247213,-0.14687226600562744,0.02879665891264676,0.16732436403404782,0.21586912421363585,0.9560703880007808,1.231699642418262,-0.09014656574702189,-0.4865672445905596,0.15158264267308927,0.6206390761400702,0.11210485802004651,0.3471146524089584,-0.21617876726253835,-0.2423286008630707,0.08545531924917847,0.21702955341618452,-0.23634126277937226,-0.46084716165801093,0.007267934646009222,-0.22053040802873797,-0.8349406515515484,-0.24052096942308007,-0.24498643693154357,-0.5553764688324513,-0.23088510773489465,0.18211330622548025,0.17875889192019426,0.3591534119143253,0.9577169508969361
-0.6126646290846021,0.0752133327916268,0.5595203407100737,0.4466874095495217,0.37343203687748894,0.9721875137488851,-0.7493957603641271,0.0439921257964525,0.992137059641031,-0.2895193298136127,-1.0013924181832352,0.04527792502661922,0.07949757206756368,0.00614599511538457,0.7662369008820342,-0.3482973254610005,0.7280847235616235,0.4615256534019676,0.16803381989343588,0.7896653076940205,1.4136665715740042,0.37354055181654283,-1.254836080902709,0.10538900055099597,-0.3042393369776108,-0.27064672174140436,-0.13527005986068852,-0.39244441235531097,0.378241133123507,0.41266134813278993,0.6775148232251328,1.231699642418262,2.0928528809500313,-0.17580134645176657,-0.9136506178402896,0.42004287970804477,0.6539623672368876,-0.16770492172788473,0.2982923075447956,-0.04133539855441863,-0.40858408883701464,0.4643611873757756,0.15919436939302295,-0.044840415278452846,-0.5694334413436476,0.11249924684643105,-0.5408708852300603,-1.0617236705174664,-0.2506059219191968,-0.4413852696592567,-0.9846338253842887,-0.06708203294360474,0.4343760314602927,0.4438012943000427,0.7161606193528893,1.2398238094839955
-1.152944991070077,0.14798257538865164,-0.8044234615376544,-0.20514334105788137,0.781965748989888,0.06009760904421668,1.7853759758883994,-0.6977951928198322,-0.790316010652879,-0.5204919003751782,0.6050749765557011,-0.18745102662784127,-0.18141043013953922,0.12548184819302408,-0.3661881534856645,0.47613471918652933,-0.38551432869578706,0.3720290963233064,-0.19364755850336046,0.06522868787758852,-0.30313584683818473,1.0352101194690564,-0.13413064466438607,-0.5517275293690663,-0.2995780516683836,0.7333416517879213,0.731708407182219,0.4277289445329123,0.34964379211995344,-0.5166364339688855,-0.35757009902662445,-0.09014656574702189,-0.17580134645176657,1.5945724398361536,0.35096234998044207,0.18924614515727434,0.037068035083145594,-0.3312055292857472,-0.5751026262841263,-0.7491484051830414,-0.2595977284820988,-0.6828561413060266,-1.0572353905930083,0.24024492095107317,-1.3613155732807163,-0.2689370101166269,-0.08129740500950289,1.117072121902543,1.3371135385380801,0.8755035957925306,0.47504107678688956,0.21604441647509184,-0.36558490852640024,0.03043497012535116,0.040856657582780974,-0.40449643145046854
0.1326553626441126,-0.10090154132516796,-0.2973875191729227,-0.26297285129869197,-0.28910369268104036,-0.7662188449346224,0.6413079130005702,-0.12870434520314625,-0.8678358744060484,0.02525099237455802,0.5861430520718789,-0.39562744592962196,0.0742007095134553,0.09434930231728239,-0.7681573412432869,-0.1233204340949324,-0.42773397963073906,-0.3275667448191574,-0.31240976187160063,-0.23525535043459364,-1.0286058996477316,0.31937856768454276,0.4118546274312957,-0.3819942426129755,0.0043921698989932804,0.3387678527614176,0.3686166954167185,0.10882351596530586,0.07148598217919247,-0.2064517002216315,-0.29382253631575095,-0.4865672445905596,-0.9136506178402896,0.35096234998044207,0.7466092449772368,-0.09876690740219654,-0.3154431286759428,0.0535220433547735,-0.1587320008142071,-0.3058094512877498,-0.33180139678083004,-0.23801654460313987,-0.28211792222301185,-0.08891275792604732,0.15645907137433915,-0.23859359030182983,-0.18366424317964822,0.4787053098108019,0.4490316530305949,-0.026608192023883814,0.6618749568835942,-0.2048694658587192,-0.31553924867917793,-0.2784356942849188,-0.4067886586218077,-0.2318452954064106
