V1,V2,V3,V4,V5,V6,V7,V8,V9,V10,V11,V12,V13,V14,V15,V16,V17,V18,V19,V20,V21,V22,V23,V24,V25,V26,V27,V28,V29,V30,V31,V32,V33,V34,V35,V36,V37,V38,V39,V40,V41,V42,V43,V44,V45,V46,V47,V48,V49,V50,V51,V52,V53,V54,V55,V56
2.118572635299652,0.6360558807766004,0.6004016575914035,2.6489936661773563,1.2697570143803107,-0.28046797827395314,3.3332335967230886,1.5538523844710515,-0.3947366911484992,1.8269092930884774,1.0398495454044347,0.637760701278445,1.0045672636376919,0.35600679298775295,0.5418296339361226,0.7336825355049663,0.32590531251629684,-0.29612908077736705,-1.1072003480180643,-0.8781090721027718,-1.3607016389191928,-1.2647018415155338,0.14539259035495466,0.2809501739059929,-0.43087638689578694,0.26185938104295264,-0.23810392827988203,2.909703233086285,0.9495580840113135,-0.06568213234358639,-1.5170972563273302,0.1322758103556856,-0.26644740235749553,0.14546853024094253,-1.307160603176941,-2.799284959058192,0.8510466811272696,0.670595351352867,-0.30783161036288426,2.1881871423949817,-0.6498504116551657,0.899975032974626,-0.21295075484875384,0.988273911172121,-0.6597549977371933,3.6357473930805555,0.5863724502247997,1.1349514228127082,-2.4276736345246355,1.9961764579534007,-0.8701407145053767,1.3390847804661707,0.7731207401481252,-2.2941322511940188,-0.5161583476891484,0.8588736583441785
0.6360558807766004,0.22567754509158583,0.2332759007814288,0.6240992942836929,0.4421549089219322,0.0721455497668646,0.8606317772800938,0.80366032821624,-0.22450843550896904,0.590166712478525,0.2854331264763877,0.1718073430496719,0.33337949625000685,0.05735521164204875,0.1677236929066953,0.23761220624297555,0.16939389269146768,-0.22389144943926195,-0.2289718473391116,-0.08777930747316001,-0.074883920982191,-0.4614700583482803,-0.12833103422884765,-0.16915911153885282,-0.1218493624155087,0.08319414393446702,-0.14543196908470557,0.9288815934861661,0.13057604884628415,0.05437550594048642,-0.24557917007712562,0.23045040652751453,-0.10341442290054069,-3.735452650285969e-4,-0.18146048748085186,-0.7101899270955293,0.09888260635907185,0.24181811969972974,-0.2300213438391987,0.513818067060873,-0.10053011500317494,0.47763181459921317,-0.23537919710289482,0.04978130035427405,-0.12503052151311012,0.9003143748139043,-0.021946972845731536,0.376437478733861,-0.7625033991763907,0.4555192736285709,-0.15567289180906635,0.45400849284101624,0.30186921576129583,-0.6282422437015477,0.08053421792176021,0.209681654009051
0.6004016575914035,0.2332759007814288,0.3043197550439861,0.41043865070844654,0.5881794010579037,0.19568202173493715,0.6348835751143705,1.2890003139867852,-0.265763572902494,0.700361167472399,0.3151587427312489,0.16773851995463748,0.4287488936674418,-0.042442112281479705,0.1913151562981137,0.23949487541321632,0.24989902996141133,-0.45862142110930904,-0.2060048663938081,0.2497459999202602,0.26489313261911196,-0.6560702285846661,-0.33574420203881206,-0.48873801631027447,-0.12265450595271633,0.06323675396589278,-0.1469421994392993,1.0351540491380342,-0.06756774435749233,0.11209316207106113,-0.005501909964505221,0.5849873883886635,-0.09907027848756188,0.0209510084589785,0.03464388809262765,-0.6796149828359787,-0.1489181776084179,0.24273335077523195,-0.4575082563766042,0.31290614574407705,-0.10205196714558076,0.7964488157710103,-0.5761059533303429,-0.28074832003799005,-0.06400630987953546,0.8074105267651264,-0.1350052708947367,0.5001507417886614,-0.815196473165157,0.32089241825021003,-0.044149463150397264,0.4780301719647526,0.405360398159644,-0.5988606674864198,0.3172912892439874,0.2503207286584279
2.6489936661773563,0.6240992942836929,0.41043865070844654,4.321132421475879,1.1004748484468319,-1.2070711058835797,5.000211465518485,-0.2781333305313358,0.03826733219173485,1.858305288139331,1.334400314241669,0.8577388925567349,0.9508479276444984,0.818487251155765,0.6176429274350597,0.8291320557642704,-0.015649739832890842,0.5732130242564891,-1.79981139550728,-2.3106539736969447,-3.612699120836842,-0.9281407283916255,1.2216580656182345,1.9239943118136287,-0.557516402930118,0.3300465173844221,0.04660859705609839,3.152776728784603,2.132705185293972,-0.4954412174483545,-3.0980839978750554,-1.1511291668793284,-0.21368965561440748,0.3187748245596689,-2.8255383216156194,-4.017124410525884,2.0776678145788394,0.6329090003572212,0.5616280620345813,3.5955992253527467,-1.2276424601313254,-0.2831659995347208,0.9881731805476017,2.733201454302233,-1.2258863060534697,5.426733111564964,1.761364461814517,1.0434369608670238,-2.7280838178145217,3.2588714920930357,-1.6962559486242912,1.3763714084852774,0.5006943139371685,-3.10650762083148,-1.9861007590096549,1.1990538055767097
1.2697570143803107,0.4421549089219322,0.5881794010579037,1.1004748484468319,1.2159012538016527,0.18979751183244084,1.508172042843195,2.353419757363681,-0.39630481862062183,1.457950723482856,0.7302592314336201,0.3877652215815434,0.8987797074225884,-0.03742852166752686,0.4127546336513182,0.48449788281052203,0.44400003609784533,-0.8349586227231083,-0.603875694970961,0.3660087583388839,0.11215884650174401,-1.3426316421532072,-0.4989373078489589,-0.7218242353613813,-0.27548623062385635,0.1188857357131141,-0.1789974316546176,2.1542124875361597,0.051682078837409995,0.1290207829703782,-0.2801654085501294,1.0666610793948803,-0.16343023228202552,0.12631741595046483,-0.210389078762763,-1.6661055828371638,-0.14352868318685663,0.44414726757286166,-0.824395564414385,0.8413046258558359,-0.3937541312772927,1.459500396578904,-1.064881118818087,-0.30607466939469685,-0.24504067466241777,2.030651117014737,0.022332781531205798,1.0536309520171259,-1.6985138056011648,0.8846051134781343,-0.23904307333952723,0.9387070164757463,0.7874252827982466,-1.3735058778214062,0.3609541405467315,0.6368611070701727
-0.28046797827395314,0.0721455497668646,0.19568202173493715,-1.2070711058835797,0.18979751183244084,0.7873922584549216,-1.1378431710575905,1.5823764125855133,-0.4336534076536257,0.055622170092454126,-0.2120196279570248,-0.15423396455623634,0.07965783343064536,-0.3352827262447011,-0.03451351654559107,-0.018846864119140393,0.3113994248598778,-0.7022014178616577,0.5654524950843606,1.0684243919407816,1.817022393012494,-0.314549205416644,-0.886739939825718,-1.3382626291027395,0.08246953834388061,-0.025315578167088345,-0.29780957098565747,-0.03358094376953622,-0.9130966381606076,0.3687457906823101,1.2253946029614995,1.0139054284876474,-0.07618666228597909,-0.17887417398606686,1.1985570801117982,0.9003209830126889,-0.9328261983237911,0.09993729693087468,-0.7082451571707478,-1.009630031228332,0.49650040122956035,1.0029155260799119,-0.9385535475013287,-1.3738834463087026,0.4398724618556454,-1.3222771949438832,-1.0037512914054223,0.10530420409110929,0.09952602440063107,-0.9402026361697408,0.6365377071747106,0.0785773604076361,0.26895000274043523,0.5488577435927847,1.2167349309860367,-0.2804841252931221
3.3332335967230886,0.8606317772800938,0.6348835751143705,5.000211465518485,1.508172042843195,-1.1378431710575905,5.982395606517297,0.4840237536078166,-0.20769872246998622,2.4926755852704563,1.6338283930002861,1.0524427118882056,1.280562325775331,0.8815783076133775,0.7777859893861584,1.0752290580455737,0.13703593473104342,0.3819599059872417,-2.0696419441321443,-2.505312067768263,-3.7408774224495107,-1.3489384557030393,1.1284678018807037,1.790872468388704,-0.6866717440153303,0.42582742142025104,-0.13671874268852538,4.128344181300183,2.298664011189697,-0.43374903149357324,-3.4210741881322324,-1.0227687144621818,-0.34695791368478573,0.32234331679332473,-3.057255810657649,-4.776881959813435,2.242664528099084,0.9084074825942664,0.35882132938056527,4.1798040953186195,-1.2916638564894682,0.1750849463421455,0.8134750887241885,2.882349398089487,-1.3532169196834811,6.3676586452242505,1.7190328374252526,1.4187527232111372,-3.547897220729926,3.76641019972717,-1.8692152318936741,1.862724986657475,0.7912974196513404,-3.7798514777301007,-1.9494107288580653,1.4009504269227546
1.5538523844710515,0.80366032821624,1.2890003139867852,-0.2781333305313358,2.353419757363681,1.5823764125855133,0.4840237536078166,6.593544891595253,-1.2965390924928122,2.5506721691235033,0.8970799206928998,0.3992919000553721,1.6544022234688063,-0.6831519972529766,0.6219625996607052,0.7321404590298396,1.2350059523781365,-2.623261957564344,-0.1502716931875385,2.513352669238381,3.202513574421637,-2.798068341692143,-2.3104724434597856,-3.464947279895985,-0.3192246387299433,0.12561196486057558,-0.7218605129478047,3.4974224784203987,-1.4814249809431246,0.8107982217584788,1.5934492264502367,3.5521952431613326,-0.375877194713798,-0.011550143547991042,1.6470507718641316,-1.3223510443000839,-1.8670467251820733,0.8538072175193866,-2.6080513341877545,-0.37105260877220303,0.10542957734174396,4.154467659319553,-3.4584891627823566,-2.8355766612580475,0.32877824976126696,1.190172625921304,-1.5566753838564646,1.9786991760951822,-2.6224936100807996,-0.11225918018481368,0.6808894270918567,1.6248606596560673,1.7497508171702143,-1.3526605391643571,2.5942683627858054,0.6583152511659663
-0.3947366911484992,-0.22450843550896904,-0.265763572902494,0.03826733219173485,-0.39630481862062183,-0.4336534076536257,-0.20769872246998622,-1.2965390924928122,0.4076474257370278,-0.46886412906667024,-0.10571578868371877,-0.06106571233054382,-0.27275329644274204,0.08727812750679723,-0.10776075228285574,-0.18672063877422254,-0.27144299933393917,0.45419833210957433,-0.10847033474448832,-0.34073048779414766,-0.7691260466583277,0.4565206049306272,0.4906797167883944,0.718093154820165,0.055696568755351505,-0.06612053036210766,0.28795603780269663,-0.7031089799704935,0.29476392451305583,-0.22092898500597707,-0.3480065500783411,-0.5667641309025693,0.13257203274708468,0.10992923597888146,-0.40052168617727585,0.11036289654378295,0.3046891454420494,-0.2583887114118271,0.4667181885723197,0.02581039689735929,-0.19507667360869974,-0.7902166086371339,0.5391113149127662,0.5456719940356899,-0.1088557327078653,-0.06535504707352906,0.5189116080684882,-0.3086063311840802,0.5561545341926415,0.07063095698179218,-0.1657443228814982,-0.41110966001966276,-0.34678513227478336,0.23610616688550584,-0.6183963724961156,0.0022989495371893167
1.8269092930884774,0.590166712478525,0.700361167472399,1.858305288139331,1.457950723482856,0.055622170092454126,2.4926755852704563,2.5506721691235033,-0.46886412906667024,1.9330272051860342,1.0084419784186547,0.5754571943833617,1.1249216091238778,0.06939472209244613,0.5314066518405047,0.6605675129171087,0.47365789501932015,-0.8205563337222126,-0.9624332112906437,-0.02716965198361079,-0.40519379147463985,-1.5700944155964098,-0.35730822524434397,-0.5173299028562177,-0.3899970492513269,0.1923408852623607,-0.24629264715593965,2.8821437729256094,0.37667293055840156,0.09185326099836087,-0.8129869131602137,0.9130188432571905,-0.2511364610104867,0.188012519660362,-0.663223133447546,-2.448125203176958,0.19217984491170717,0.6245922782529097,-0.817541792472661,1.4962382124163864,-0.5485321535698744,1.5765542803040944,-0.9881780266476224,0.13831609566850578,-0.4338276737512569,3.0239512062079736,0.22123050853593754,1.3140876266943748,-2.3310531940567287,1.4774754739796718,-0.5071437659828544,1.2722872126435159,0.9322095569772464,-1.9976259099628673,0.09339850519149372,0.8569234619038746
1.0398495454044347,0.2854331264763877,0.3151587427312489,1.334400314241669,0.7302592314336201,-0.2120196279570248,1.6338283930002861,0.8970799206928998,-0.10571578868371877,1.0084419784186547,0.6028913206827285,0.3496931653828377,0.5799251469055374,0.1306502297843265,0.29519831720994955,0.351989585138386,0.16023964010929398,-0.23980607065721155,-0.6843727171177203,-0.3005505900790126,-0.7544732584652151,-0.7563217461074644,0.06896208159296224,0.11656217623321315,-0.23127039341301564,0.10444173625784373,-0.025499028199291326,1.5349956201174484,0.464216459530602,-0.06594115371120937,-0.7850263148917728,0.21298339454178944,-0.10191225181902949,0.16130545469853566,-0.704844499570934,-1.572899365096827,0.3619424585754277,0.29028323946457607,-0.23428052107872155,1.0789491855680717,-0.45792460296165477,0.548608197281651,-0.2701545727515144,0.4626859970781406,-0.3636053020949391,2.006216853987408,0.4341341324137148,0.6750643899513773,-1.2575966455281293,1.0593267580580599,-0.4572442764336092,0.6412154765258936,0.4181351687732779,-1.2202449718886696,-0.3114364681083084,0.5507263917626348
0.637760701278445,0.1718073430496719,0.16773851995463748,0.8577388925567349,0.3877652215815434,-0.15423396455623634,1.0524427118882056,0.3992919000553721,-0.06106571233054382,0.5754571943833617,0.3496931653828377,0.21159852941260374,0.3169334931295753,0.10657329539926794,0.16742658237961375,0.21160779940115837,0.07267669353439032,-0.07353097536523395,-0.4133354604078291,-0.2890630548902446,-0.5400680464459843,-0.38860895495475156,0.09928737789679526,0.15717610077254662,-0.1380153366542896,0.07075928671190944,-0.026081274964313637,0.8916234654205439,0.3330534504714551,-0.05085356366128609,-0.5396002335398873,0.013189120717091664,-0.0684205177017815,0.08664234662292843,-0.4800547693056758,-0.9440874053699634,0.29241866449888976,0.18077654827748096,-0.07360916607762537,0.7060725361800022,-0.2594834119635928,0.23822376439586637,-0.05650652474839329,0.3769932745493984,-0.23071033869801075,1.2158362921189614,0.2763006700589186,0.3652769985669504,-0.743461049775823,0.6705728680606236,-0.30236104216588644,0.3830087370328906,0.2196172273361126,-0.7382261447556351,-0.24948076104743366,0.3102471317322792
1.0045672636376919,0.33337949625000685,0.4287488936674418,0.9508479276444984,0.8987797074225884,0.07965783343064536,1.280562325775331,1.6544022234688063,-0.27275329644274204,1.1249216091238778,0.5799251469055374,0.3169334931295753,0.6782407849947493,-0.0023718075755388675,0.3139541656613645,0.37228982400299665,0.30646483905760724,-0.5709001149712963,-0.5239064169054558,0.15847889089272565,-0.0785568595050252,-0.9842392003600402,-0.29695078732825997,-0.4321585639762679,-0.21916958269480696,0.09624306769167375,-0.12477460527780868,1.66097186614456,0.12310256660260475,0.07142094698608348,-0.3390685771568269,0.6971147418691381,-0.12918389565948876,0.11488876432387764,-0.27403504389906935,-1.3615408876453303,-0.013351072334791507,0.3415676681656113,-0.5642034892745474,0.7441434895295665,-0.32763046036916377,1.027904903563281,-0.7190357751694826,-0.08818542679386193,-0.2220803056490249,1.667620153196137,0.09118079340478472,0.7961337378904937,-1.3227728197958495,0.7674180223788698,-0.23823186597146767,0.7189033883304111,0.5741201709343323,-1.1064751532097115,0.16109287850095452,0.5069557564511518
0.35600679298775295,0.05735521164204875,-0.042442112281479705,0.818487251155765,-0.03742852166752686,-0.3352827262447011,0.8815783076133775,-0.6831519972529766,0.08727812750679723,0.06939472209244613,0.1306502297843265,0.10657329539926794,-0.0023718075755388675,0.2339935160180099,0.05142497864370147,0.09494422189938488,-0.10798373146001157,0.37425166556359346,-0.2573439948148818,-0.6939988760238052,-0.9183332322036724,0.12046503192572224,0.428695841282634,0.6720168958865955,-0.06751360768364324,0.05949839679532767,0.04050581286781412,0.23387801102519667,0.5287206797120714,-0.15227736229849623,-0.6938261902792994,-0.5737679692187628,-0.01358087673939659,0.0209446265303006,-0.6428016348615124,-0.5481726122700269,0.5690542812137949,0.05480724215319252,0.36691151603573935,0.6981532516893041,-0.18947975763447378,-0.46234420336684595,0.5517598565777017,0.7566103687596947,-0.2439108661791149,0.8197797084471605,0.411701106330528,-0.027685950474278232,-0.24578120969504963,0.5825062058370791,-0.36522752779012224,0.11849298092700775,-0.07336265129668049,-0.41970887166404347,-0.5702089830350391,0.11465112207687671
0.5418296339361226,0.1677236929066953,0.1913151562981137,0.6176429274350597,0.4127546336513182,-0.03451351654559107,0.7777859893861584,0.6219625996607052,-0.10776075228285574,0.5314066518405047,0.29519831720994955,0.16742658237961375,0.3139541656613645,0.05142497864370147,0.15828069332371197,0.19395396967875045,0.12130221151833576,-0.18486183382876667,-0.2921381841310932,-0.07005930261989776,-0.23113890107662602,-0.4339674675416041,-0.04793435827986124,-0.05651489271216037,-0.11574891980013874,0.05724039687178786,-0.04688245034048259,0.8179890350043844,0.17029013635421772,-5.141532303857164e-4,-0.3011270572801615,0.20689249729474282,-0.06017833452961984,0.05504054357336361,-0.26226021110740133,-0.7449806732701472,0.11314245188576282,0.1682717621045444,-0.18289274595915486,0.4932346077558275,-0.19578679341944488,0.3765002251804188,-0.21606702728385205,0.11444540554677939,-0.15639462932571696,0.9488314722154105,0.13253785025473097,0.36213255925207277,-0.6625115858732729,0.47854010245702777,-0.18912943583898276,0.3581769882990745,0.2521632556620184,-0.6011088521534234,-0.04411884582627294,0.25934136914656497
0.7336825355049663,0.23761220624297555,0.23949487541321632,0.8291320557642704,0.48449788281052203,-0.018846864119140393,1.0752290580455737,0.7321404590298396,-0.18672063877422254,0.6605675129171087,0.351989585138386,0.21160779940115837,0.37228982400299665,0.09494422189938488,0.19395396967875045,0.26374325688898764,0.15331908337494501,-0.18332986281488953,-0.3346815786481496,-0.19467799744854766,-0.2969160682182638,-0.49606920334242266,-0.044219272703066796,-0.04124354017472645,-0.14659526552772795,0.09108809183415971,-0.11325362565586759,1.0448970422595198,0.24551517495792755,0.013747840721121693,-0.4118783039035521,0.16605216051807054,-0.10061873098878853,0.031888279908428754,-0.3422445752861466,-0.9128048515064363,0.20382940455897344,0.24965847745405367,-0.18765413397551023,0.6800659121251648,-0.1879487932230108,0.431553148877285,-0.18050590210321715,0.2021775073278242,-0.19332206024278906,1.1743578480365007,0.10968920920149487,0.4212368478448674,-0.862003919094037,0.6187836855443515,-0.24739511789850221,0.49020945710806135,0.3098029518170383,-0.768323562162655,-0.05374441574595061,0.28184515191724485
0.32590531251629684,0.16939389269146768,0.24989902996141133,-0.015649739832890842,0.44400003609784533,0.3113994248598778,0.13703593473104342,1.2350059523781365,-0.27144299933393917,0.47365789501932015,0.16023964010929398,0.07267669353439032,0.30646483905760724,-0.10798373146001157,0.12130221151833576,0.15331908337494501,0.24143628921824883,-0.4759382099040777,-0.0020571232418864524,0.4359261241602133,0.604826049323012,-0.5199231425669217,-0.43523393069270744,-0.6422821840419696,-0.0616718249031706,0.033394094060299105,-0.15791655744636382,0.6752281125492084,-0.2628982561694316,0.15796337667454582,0.29320354011547983,0.6459541898655223,-0.07759404258928494,-0.02609884829809808,0.3082936647148274,-0.23940548590753552,-0.32836563080795905,0.17778424832876535,-0.4753943488226291,-0.03823356085664578,0.037391615773765714,0.768354104747653,-0.6155838282610124,-0.5234404098565473,0.05882105517424409,0.22876968018921415,-0.31542339097199956,0.36018547857782285,-0.51074146340055,-0.011789356404655007,0.12048699767205938,0.3301532336111649,0.3349517135927685,-0.2654522251390469,0.4996060769675161,0.10598057488329116
-0.29612908077736705,-0.22389144943926195,-0.45862142110930904,0.5732130242564891,-0.8349586227231083,-0.7022014178616577,0.3819599059872417,-2.623261957564344,0.45419833210957433,-0.8205563337222126,-0.23980607065721155,-0.07353097536523395,-0.5709001149712963,0.37425166556359346,-0.18486183382876667,-0.18332986281488953,-0.4759382099040777,1.1168563016503752,-0.07614572207840871,-1.2926779184452906,-1.5870999919824205,1.0388101712403401,1.0236294806731034,1.552295068954132,0.06942952319138931,0.0017256770136880014,0.2319289799330181,-1.0367120874314113,0.8071331573584763,-0.347395699290799,-0.9402417449559827,-1.5698858234353759,0.10263641060380115,-0.004426541396989836,-0.9164183340336222,0.1546265034124476,0.9784606761062146,-0.23367468112151313,1.1035775100925316,0.5446159468295785,-0.1034219573237289,-1.6750911103099697,1.5203690376170331,1.4083545685125047,-0.2418823343216303,0.03961351178618283,0.7154844734465465,-0.6998443599558212,0.7277489305828225,0.3695081722910608,-0.43494235230011263,-0.4577722526640665,-0.6341333902926558,0.21556502772839278,-1.187642898463835,-0.18392480650552875
-1.1072003480180643,-0.2289718473391116,-0.2060048663938081,-1.79981139550728,-0.603875694970961,0.5654524950843606,-2.0696419441321443,-0.1502716931875385,-0.10847033474448832,-0.9624332112906437,-0.6843727171177203,-0.4133354604078291,-0.5239064169054558,-0.2573439948148818,-0.2921381841310932,-0.3346815786481496,-0.0020571232418864524,-0.07614572207840871,0.9437544541691371,0.763602578716466,1.5483639825300284,0.5783856191208931,-0.47112840130070055,-0.7081051829800384,0.25926824327690007,-0.1067530672810235,-0.11502371672499098,-1.4866942907909628,-0.8472387230389407,0.22917009509895478,1.3153712674111546,0.2585092358636349,0.06751969566801806,-0.2566850007429773,1.2221681361483707,1.9320301853514223,-0.7616131437115973,-0.2296717984723632,-0.08447245536831169,-1.4769313145092695,0.6630385466521843,-0.08713944017085866,-0.14531803745104807,-1.0760765170642093,0.541686604618519,-2.51895591777966,-0.8748452432228435,-0.6111575530121516,1.2532424022205078,-1.4412555297559642,0.7194084526937996,-0.568737060550946,-0.27298451093614323,1.418385214929162,0.8626661541847305,-0.6659412496546062
-0.8781090721027718,-0.08777930747316001,0.2497459999202602,-2.3106539736969447,0.3660087583388839,1.0684243919407816,-2.505312067768263,2.513352669238381,-0.34073048779414766,-0.02716965198361079,-0.3005505900790126,-0.2890630548902446,0.15847889089272565,-0.6939988760238052,-0.07005930261989776,-0.19467799744854766,0.4359261241602133,-1.2926779184452906,0.763602578716466,2.25000863882774,2.8690642684183,-0.6367285888702694,-1.4278298149243076,-2.18940646352617,0.16458643875943285,-0.16292696046677405,-0.13399340676589383,-0.3779092054525399,-1.6149674174372888,0.48057121828954613,2.14236997161971,2.019044450970101,0.04240912448680988,-0.0790195388327612,1.9714860293115393,1.451349190088628,-1.8003738030245313,-0.11047039905514368,-1.2649531729214867,-2.0174253768119335,0.48282061437200524,1.654213744279257,-1.8815897577884062,-2.4554855652582535,0.6950794726005314,-2.1804757742018555,-1.2459607143929259,0.24828239987629497,0.5049151570227656,-1.6663127557190351,1.0761544213050749,-0.20760396889676458,0.3780138869593079,1.079480327099452,1.8586517269212426,-0.2524807963062799
-1.3607016389191928,-0.074883920982191,0.26489313261911196,-3.612699120836842,0.11215884650174401,1.817022393012494,-3.7408774224495107,3.202513574421637,-0.7691260466583277,-0.40519379147463985,-0.7544732584652151,-0.5400680464459843,-0.0785568595050252,-0.9183332322036724,-0.23113890107662602,-0.2969160682182638,0.604826049323012,-1.5870999919824205,1.5483639825300284,2.8690642684183,4.522329015030624,-0.4239333924849147,-2.0758603023619977,-3.161427604022877,0.31659595946883906,-0.17005653476394053,-0.5039253342264614,-0.9727211425961354,-2.402613633620805,0.8269011127319971,3.281515291862659,2.422426914934592,-0.0478201035935542,-0.379683102401762,3.1202722315898628,2.8254059132701004,-2.472732868515499,-0.04270714244129859,-1.5854421931542722,-3.0425852126508266,1.210220056999839,2.0733973608429825,-2.2225422178433996,-3.503939448786086,1.1844757023402548,-4.038048583260561,-2.3401941811538918,-0.03859187466545036,1.0005876331756567,-2.750632232607501,1.7145345945958863,-0.2939680386336609,0.38977332511919477,1.9469062397970467,2.900474612890049,-0.8096915306397561
-1.2647018415155338,-0.4614700583482803,-0.6560702285846661,-0.9281407283916255,-1.3426316421532072,-0.314549205416644,-1.3489384557030393,-2.798068341692143,0.4565206049306272,-1.5700944155964098,-0.7563217461074644,-0.38860895495475156,-0.9842392003600402,0.12046503192572224,-0.4339674675416041,-0.49606920334242266,-0.5199231425669217,1.0388101712403401,0.5783856191208931,-0.6367285888702694,-0.4239333924849147,1.509920317897026,0.6866327306909866,1.0111548595187196,0.2786020447112574,-0.10849673899457395,0.20392918672663926,-2.2740634066304017,0.11969196300181348,-0.1895784749645649,0.07556786154237222,-1.3611721376989885,0.17191460843537018,-0.13472453048932903,0.01800279020129805,1.6418490366388911,0.3487591723294511,-0.46365448010312044,1.0243927921127636,-0.684093531720226,0.3729510732627919,-1.7490043193380984,1.3520068648182642,0.5870947899673522,0.18783575137001365,-1.9500242312732434,0.1056020997544037,-1.1627029050813453,1.7715836203201343,-0.7733606037550718,0.14046925948899655,-0.9823865961937921,-0.8842175012746349,1.3609506959800097,-0.5808251029989143,-0.6618578109655124
0.14539259035495466,-0.12833103422884765,-0.33574420203881206,1.2216580656182345,-0.4989373078489589,-0.886739939825718,1.1284678018807037,-2.3104724434597856,0.4906797167883944,-0.35730822524434397,0.06896208159296224,0.09928737789679526,-0.29695078732825997,0.428695841282634,-0.04793435827986124,-0.044219272703066796,-0.43523393069270744,1.0236294806731034,-0.47112840130070055,-1.4278298149243076,-2.0758603023619977,0.6866327306909866,1.1180191661981798,1.6897406574552742,-0.04075481171502214,0.033220134970445375,0.29175776616515103,-0.357222376002827,1.0629974735676702,-0.4195210376698509,-1.3728354454387666,-1.4845234602692816,0.08180855901219264,0.12225730887487021,-1.3260360166807879,-0.6547776812984538,1.1667639543990183,-0.14399158987513722,1.0188986910788795,1.0601432983987273,-0.3984322891812732,-1.4730443326839027,1.3955389260260733,1.689389510471932,-0.44281312727791566,1.0672103585324482,1.0435803880707961,-0.37274761027292713,0.17652595809202298,0.9112423613204753,-0.6837209820568086,-0.21295116547934345,-0.4656220424797454,-0.3691501702383293,-1.437219321380098,0.12789701106933193
0.2809501739059929,-0.16915911153885282,-0.48873801631027447,1.9239943118136287,-0.7218242353613813,-1.3382626291027395,1.790872468388704,-3.464947279895985,0.718093154820165,-0.5173299028562177,0.11656217623321315,0.15717610077254662,-0.4321585639762679,0.6720168958865955,-0.05651489271216037,-0.04124354017472645,-0.6422821840419696,1.552295068954132,-0.7081051829800384,-2.18940646352617,-3.161427604022877,1.0111548595187196,1.6897406574552742,2.5667277783707023,-0.070501972716134,0.06090415775021747,0.4274465742662077,-0.47679331205040565,1.635867060604733,-0.6343110655388473,-2.1014339951303262,-2.2438438553934814,0.11904797403478602,0.16870491304351423,-2.0277084090409043,-1.0329983031956607,1.7904305825676394,-0.1975887205083614,1.5441433540556992,1.6625557412947578,-0.6108357256979514,-2.2200609381870597,2.125685316032111,2.5684644783563364,-0.686651841465345,1.688333432942274,1.5799791142697768,-0.550558402410062,0.21501564125545317,1.4191639108078618,-1.0566750049147775,-0.28221695214966735,-0.6827688053400712,-0.6065493584145537,-2.1707537919975057,0.19917251735786462
-0.43087638689578694,-0.1218493624155087,-0.12265450595271633,-0.557516402930118,-0.27548623062385635,0.08246953834388061,-0.6866717440153303,-0.3192246387299433,0.055696568755351505,-0.3899970492513269,-0.23127039341301564,-0.1380153366542896,-0.21916958269480696,-0.06751360768364324,-0.11574891980013874,-0.14659526552772795,-0.0616718249031706,0.06942952319138931,0.25926824327690007,0.16458643875943285,0.31659595946883906,0.2786020447112574,-0.04075481171502214,-0.070501972716134,0.09200577417525377,-0.048202163830079275,0.025160629487656946,-0.6087044795328813,-0.20349970633572068,0.025198129284587714,0.33042857365329703,-0.043560036524359386,0.046620029341760474,-0.04993322383724175,0.2925794010419777,0.6169253953799531,-0.17271752861397283,-0.12578965406880163,0.06940063286404388,-0.4557620865621749,0.16634654608823488,-0.18950821322368502,0.06402725425806191,-0.2129263966035518,0.14719554985448513,-0.7961825771311861,-0.1618504439122401,-0.2513787740685049,0.5040275406490248,-0.43130249304541796,0.19029091746757637,-0.2655682215371035,-0.1601758442823529,0.4890540833260489,0.13221767511945048,-0.20330385025730516
0.26185938104295264,0.08319414393446702,0.06323675396589278,0.3300465173844221,0.1188857357131141,-0.025315578167088345,0.42582742142025104,0.12561196486057558,-0.06612053036210766,0.1923408852623607,0.10444173625784373,0.07075928671190944,0.09624306769167375,0.05949839679532767,0.05724039687178786,0.09108809183415971,0.033394094060299105,0.0017256770136880014,-0.1067530672810235,-0.16292696046677405,-0.17005653476394053,-0.10849673899457395,0.033220134970445375,0.06090415775021747,-0.048202163830079275,0.03909273088443799,-0.05134508333411566,0.32501603787016903,0.12996222279057662,-0.003633398046122857,-0.1945296122152768,-0.045197529357724975,-0.04077278787635041,-0.003445347101925237,-0.16085881821390924,-0.29989446870192327,0.13497638491348213,0.09186426097789613,-0.0029640537293576406,0.28085804299363387,-0.04555885809371527,0.06423885557674212,0.03594294983819489,0.15135827015639536,-0.07504631333133525,0.3995427200355163,0.04437122389113709,0.10351312651177258,-0.27965773578405656,0.23575665038217727,-0.10672532114262728,0.16628242276518274,0.07795921678430062,-0.26161157603191865,-0.06708171593923379,0.07236190832629746
-0.23810392827988203,-0.14543196908470557,-0.1469421994392993,0.04660859705609839,-0.1789974316546176,-0.29780957098565747,-0.13671874268852538,-0.7218605129478047,0.28795603780269663,-0.24629264715593965,-0.025499028199291326,-0.026081274964313637,-0.12477460527780868,0.04050581286781412,-0.04688245034048259,-0.11325362565586759,-0.15791655744636382,0.2319289799330181,-0.11502371672499098,-0.13399340676589383,-0.5039253342264614,0.20392918672663926,0.29175776616515103,0.4274465742662077,0.025160629487656946,-0.05134508333411566,0.22320525200942895,-0.3813313280344266,0.17995386109412512,-0.15279968223219634,-0.21862247756669614,-0.25769155812255967,0.10100247589009896,0.10048192364474125,-0.2673641232703091,-0.016960255220749003,0.15375867018345477,-0.17926598991602807,0.24573033147450785,0.016875338128429243,-0.1926971856386564,-0.4339194187624732,0.24938403711715604,0.3039178180550087,-0.08881893009257263,0.06664283101980367,0.38931375859971673,-0.13532302503548047,0.31465524735106915,0.0760982531216238,-0.11736953534253673,-0.2572734352571059,-0.1876691015285619,0.1027593309303662,-0.3937456291616626,0.06089216830391565
2.909703233086285,0.9288815934861661,1.0351540491380342,3.152776728784603,2.1542124875361597,-0.03358094376953622,4.128344181300183,3.4974224784203987,-0.7031089799704935,2.8821437729256094,1.5349956201174484,0.8916234654205439,1.66097186614456,0.23387801102519667,0.8179890350043844,1.0448970422595198,0.6752281125492084,-1.0367120874314113,-1.4866942907909628,-0.3779092054525399,-0.9727211425961354,-2.2740634066304017,-0.357222376002827,-0.47679331205040565,-0.6087044795328813,0.32501603787016903,-0.3813313280344266,4.398013264122786,0.8009994477763442,0.0813251797688877,-1.4967335245140727,1.091248599364597,-0.3864355575753106,0.24729083505106497,-1.2480913509926708,-3.8395467374206174,0.5522001139165373,0.9745545760582125,-1.0385872876124942,2.5551324180093817,-0.8676282822277985,2.1278416569950065,-1.1858045011265739,0.5248324487717215,-0.7499616429880378,4.831731183811563,0.4638851607899957,1.918696388839825,-3.5840719506468526,2.4442183680486473,-0.9151211103197152,1.9745753186020492,1.363913288626913,-3.1521135631378256,-0.07378014364115276,1.2903975637150904
0.9495580840113135,0.13057604884628415,-0.06756774435749233,2.132705185293972,0.051682078837409995,-0.9130966381606076,2.298664011189697,-1.4814249809431246,0.29476392451305583,0.37667293055840156,0.464216459530602,0.3330534504714551,0.12310256660260475,0.5287206797120714,0.17029013635421772,0.24551517495792755,-0.2628982561694316,0.8071331573584763,-0.8472387230389407,-1.6149674174372888,-2.402613633620805,0.11969196300181348,1.0629974735676702,1.635867060604733,-0.20349970633572068,0.12996222279057662,0.17995386109412512,0.8009994477763442,1.328444515624382,-0.4080964225620963,-1.8195441410425583,-1.271857535556017,-0.022557365847695514,0.16472859993355485,-1.7017905568528744,-1.6739253954278228,1.376766828918857,0.1237967230247826,0.7994201023817059,1.8015842667933684,-0.6236283261640467,-0.9826341532575168,1.1715489830581671,1.895225241222364,-0.65948026370991,2.3786896044537373,1.180085211831165,0.10383480008347584,-0.7741654125216478,1.5942552017068587,-0.9569686801748252,0.32311405093527784,-0.11765034300654459,-1.2201892250410473,-1.494352026162002,0.4519807178386959
-0.06568213234358639,0.05437550594048642,0.11209316207106113,-0.4954412174483545,0.1290207829703782,0.3687457906823101,-0.43374903149357324,0.8107982217584788,-0.22092898500597707,0.09185326099836087,-0.06594115371120937,-0.05085356366128609,0.07142094698608348,-0.15227736229849623,-5.141532303857164e-4,0.013747840721121693,0.15796337667454582,-0.347395699290799,0.22917009509895478,0.48057121828954613,0.8269011127319971,-0.1895784749645649,-0.4195210376698509,-0.6343110655388473,0.025198129284587714,-0.003633398046122857,-0.15279968223219634,0.0813251797688877,-0.4080964225620963,0.17600748954723497,0.5348218299415946,0.48583889432316096,-0.04781424961554307,-0.07808154344621672,0.5308970409096505,0.3370186738746785,-0.41849146245863644,0.0715344680780481,-0.3510543302579623,-0.4128197746603143,0.22021789830892496,0.5130956685979863,-0.4581127022369928,-0.6216986348159612,0.19102145114214525,-0.5163572365925,-0.46488436162562635,0.08922946725888094,-0.034958624270249324,-0.38460619950080194,0.27804074502644455,0.0818203080572804,0.1529734384571727,0.1869171428291927,0.5645301312208184,-0.1059943367566685
-1.5170972563273302,-0.24557917007712562,-0.005501909964505221,-3.0980839978750554,-0.2801654085501294,1.2253946029614995,-3.4210741881322324,1.5934492264502367,-0.3480065500783411,-0.8129869131602137,-0.7850263148917728,-0.5396002335398873,-0.3390685771568269,-0.6938261902792994,-0.3011270572801615,-0.4118783039035521,0.29320354011547983,-0.9402417449559827,1.3153712674111546,2.14236997161971,3.281515291862659,0.07556786154237222,-1.3728354454387666,-2.1014339951303262,0.33042857365329703,-0.1945296122152768,-0.21862247756669614,-1.4967335245140727,-1.8195441410425583,0.5348218299415946,2.5614815468008465,1.557739227392072,0.06752017674476914,-0.27616474363315313,2.380712784689513,2.626166593971877,-1.855556414910982,-0.2484135108493152,-0.9318320748624234,-2.6111062873645765,0.9259275764795227,1.0615065250339724,-1.388029036950577,-2.5614712576132264,0.9424477855469917,-3.635231617672601,-1.6282395808040873,-0.3509323757915494,1.3798472769966585,-2.352364404044983,1.3487073744908251,-0.6039053652150844,0.024828792689612425,1.9286838370142225,2.00285059339456,-0.7510034371830303
0.1322758103556856,0.23045040652751453,0.5849873883886635,-1.1511291668793284,1.0666610793948803,1.0139054284876474,-1.0227687144621818,3.5521952431613326,-0.5667641309025693,0.9130188432571905,0.21298339454178944,0.013189120717091664,0.6971147418691381,-0.5737679692187628,0.20689249729474282,0.16605216051807054,0.6459541898655223,-1.5698858234353759,0.2585092358636349,2.019044450970101,2.422426914934592,-1.3611721376989885,-1.4845234602692816,-2.2438438553934814,-0.043560036524359386,-0.045197529357724975,-0.25769155812255967,1.091248599364597,-1.271857535556017,0.48583889432316096,1.557739227392072,2.29073585353396,-0.08490504028582795,-0.007128529653227604,1.4743293936150852,0.12977768810970977,-1.5328106313247383,0.21886680975878517,-1.5443153642287133,-1.0749062593612082,0.17554850897653135,2.273799102774447,-2.1760609499194232,-2.178961337458859,0.4131681127697831,-0.4873003857089566,-1.0412382405908622,0.8632499210955538,-0.6997579002075048,-0.7853811665019865,0.7219829199454839,0.4604401820600784,0.8151568703475671,-0.009145776651251712,1.7601288282292313,0.17740128477657816
-0.26644740235749553,-0.10341442290054069,-0.09907027848756188,-0.21368965561440748,-0.16343023228202552,-0.07618666228597909,-0.34695791368478573,-0.375877194713798,0.13257203274708468,-0.2511364610104867,-0.10191225181902949,-0.0684205177017815,-0.12918389565948876,-0.01358087673939659,-0.06017833452961984,-0.10061873098878853,-0.07759404258928494,0.10263641060380115,0.06751969566801806,0.04240912448680988,-0.0478201035935542,0.17191460843537018,0.08180855901219264,0.11904797403478602,0.046620029341760474,-0.04077278787635041,0.10100247589009896,-0.3864355575753106,-0.022557365847695514,-0.04781424961554307,0.06752017674476914,-0.08490504028582795,0.06232681976511005,0.01715329680163511,0.02833719556966772,0.24443431384568773,-0.02791506629483561,-0.12277104894058802,0.10906026707682777,-0.18866481988174807,-0.015238155410713683,-0.22600116982719426,0.09941093540708118,0.003517941562944609,0.025362970217234163,-0.29412195108304573,0.08476723337540507,-0.14583565596366815,0.32424446036239984,-0.15234390508807133,0.035492400358020794,-0.20521457048495334,-0.1277540703930698,0.23814432205126232,-0.08179377619485283,-0.054003032574854164
0.14546853024094253,-3.735452650285969e-4,0.0209510084589785,0.3187748245596689,0.12631741595046483,-0.17887417398606686,0.32234331679332473,-0.011550143547991042,0.10992923597888146,0.188012519660362,0.16130545469853566,0.08664234662292843,0.11488876432387764,0.0209446265303006,0.05504054357336361,0.031888279908428754,-0.02609884829809808,-0.004426541396989836,-0.2566850007429773,-0.0790195388327612,-0.379683102401762,-0.13472453048932903,0.12225730887487021,0.16870491304351423,-0.04993322383724175,-0.003445347101925237,0.10048192364474125,0.24729083505106497,0.16472859993355485,-0.07808154344621672,-0.27616474363315313,-0.007128529653227604,0.01715329680163511,0.11009084327934367,-0.2782492634593194,-0.4331087671044086,0.119936138509213,-0.008929892342619433,0.004834124863783745,0.24855970757075627,-0.2106380922620831,0.009118667480968682,-0.029148177470776273,0.21741576349012268,-0.12264857323684872,0.5448694786909476,0.28059865105676035,0.14608925402500292,-0.19798169182358186,0.29376091576990637,-0.15150655403969948,0.045927521688847533,0.035820944159140666,-0.2708317568428599,-0.23679886457059957,0.18995926412859643
-1.307160603176941,-0.18146048748085186,0.03464388809262765,-2.8255383216156194,-0.210389078762763,1.1985570801117982,-3.057255810657649,1.6470507718641316,-0.40052168617727585,-0.663223133447546,-0.704844499570934,-0.4800547693056758,-0.27403504389906935,-0.6428016348615124,-0.26226021110740133,-0.3422445752861466,0.3082936647148274,-0.9164183340336222,1.2221681361483707,1.9714860293115393,3.1202722315898628,0.01800279020129805,-1.3260360166807879,-2.0277084090409043,0.2925794010419777,-0.16085881821390924,-0.2673641232703091,-1.2480913509926708,-1.7017905568528744,0.5308970409096505,2.380712784689513,1.4743293936150852,0.02833719556966772,-0.2782492634593194,2.2342636888523364,2.386975839161635,-1.7222949063110844,-0.17070904548815033,-0.913416376745637,-2.371098308070754,0.9026359800575057,1.0857208836215384,-1.3248559341515096,-2.401254203055296,0.8826967571862784,-3.321507775912684,-1.5944228193234673,-0.28117531797790934,1.1587102534767608,-2.154554610134479,1.258281923850644,-0.4727964160313386,0.07341334808897626,1.7197244550215154,1.9263854620238143,-0.7015107733636085
