V1,V2,V3,V4,V5,V6,V7,V8,V9,V10,V11,V12,V13,V14,V15,V16,V17,V18,V19,V20,V21,V22,V23,V24,V25,V26,V27,V28,V29,V30,V31,V32,V33,V34,V35,V36,V37,V38,V39,V40,V41,V42,V43,V44,V45,V46,V47,V48,V49,V50,V51,V52,V53,V54,V55,V56
1.9318418196533407,0.6576855137570035,0.5106465521037442,2.2287232887604818,0.8889851477001554,0.01118000355792266,3.0055716465516826,1.24034404591413,-0.6358197005123866,1.441752036978599,0.7133745484001518,0.49518393995526844,0.7122022429322044,0.391390095507475,0.4111086206308164,0.6892921309140932,0.31551612761418596,-0.0989843800483526,-0.6446005568475055,-1.0766068506777298,-0.8649472880306709,-0.8260360142729873,0.06574708615367729,0.18020288824199757,-0.3410730018693638,0.3027026112737263,-0.5012010364171089,2.4256585414030605,0.7897984671299919,0.07013867979771762,-1.2082786296044985,-0.20476474996258207,-0.34647477828817924,-0.0964133551552977,-0.9416283472822723,-2.0099031364191045,0.8540802833213418,0.7423920973996008,-0.14173548124861432,1.9181359336834949,-0.16920221702285962,0.66514791207844,0.1420667056876699,0.8795702151344638,-0.4543552874376849,2.655680120083885,0.04988793155956037,0.7628604807909133,-2.0869550703183015,1.5599454499948706,-0.6583419045085623,1.2907350939328381,0.6309261132488123,-1.835204832378163,-0.2292382733725512,0.43454831573627156
0.6576855137570035,0.28125778165556137,0.2032222691062325,0.5478094095995004,0.25119614876087437,0.23131069377868216,0.8969651387501376,0.6336054193603715,-0.40642718702347747,0.44321659221790993,0.1338274529202891,0.12117339384297003,0.19281165655866545,0.11676736326783577,0.1123931256733435,0.25639260897501887,0.17236554796878903,-0.08085784561866866,-2.2866068908999472e-4,-0.3262080532847521,0.11933391400637852,-0.22577250971640533,-0.1433410484869274,-0.17546176465620997,-0.09079082718354045,0.130632134396261,-0.3382147086751369,0.7874490666648929,0.11366648434668586,0.1336961809210293,-0.17479837635020373,-0.035802695290785565,-0.1767380094982408,-0.15351081006108053,-0.054572717387545586,-0.37617650027806787,0.19189411024260314,0.3355938888338785,-0.10985381325997755,0.5068084298394754,0.1790054184504952,0.3394679641015445,0.03277773486699056,0.090524612942493,-0.03941624559024315,0.5010061785107245,-0.3274449802783843,0.1881001723768719,-0.6923426223799848,0.3164092472293105,-0.0870346948104358,0.5083534299078448,0.24389645922568878,-0.4799212552041018,0.2048898018475229,-0.021514665433561918
0.5106465521037442,0.2032222691062325,0.24976314186464132,0.33860565442704654,0.4637644968781214,0.18428889599499704,0.5501117599829329,1.0546830801350893,-0.24810256806801073,0.5747799784415486,0.24691111214405742,0.13722465428361336,0.3410939098629591,-0.028693449401116868,0.15197569799898084,0.2033867331698068,0.20731270833767151,-0.36318502049720425,-0.14988439424934974,0.1668233851042897,0.2413448480458291,-0.5144904589394447,-0.279320219029607,-0.4073801273485035,-0.09964614666504462,0.060314133784281895,-0.1523210666295752,0.8549704731146748,-0.055765587486185084,0.10525190471377303,-0.004766986459866231,0.4439603062300004,-0.09633789279541752,-4.2859709271332054e-4,0.039668237532696445,-0.5332206244938579,-0.10586534265351452,0.21934852283857934,-0.36577384545036873,0.2684602490291918,-0.04490430356214513,0.6489143936544163,-0.4428101901406065,-0.21816000377641234,-0.042298250621638556,0.6294378145413345,-0.1550549273442572,0.3956240708335379,-0.6811708668200688,0.2568848523291648,-0.029429780599356865,0.4109210336226102,0.33073854350453014,-0.48803209214752175,0.2763351486975735,0.1796972881109779
2.2287232887604818,0.5478094095995004,0.33860565442704654,3.561400255416189,0.8536634387186876,-0.9257061332262094,4.189738320968873,-0.24225381401500726,-0.053858079483713205,1.5193608895975645,1.0605663093077256,0.7008452044971647,0.7495497812730656,0.6948800320212942,0.4950122374282924,0.7025183222553556,-0.004443880462978145,0.5115617131021772,-1.4169317560372605,-2.0059482860140045,-2.902636295073188,-0.6965477569086116,0.9932322990949308,1.5674400382746718,-0.45493004322477576,0.2954324174349236,-0.0495916350038439,2.602796151296184,1.7547008178000265,-0.3712804260557813,-2.5439494666666174,-1.045268115870898,-0.215337951220541,0.20772387808346496,-2.2897814272943764,-3.2271198462301576,1.7543906286393158,0.5755587870298412,0.4923637849378488,2.989490666402067,-0.902144992521417,-0.251775954739725,0.9012487097873517,2.277030569983866,-0.980700583316814,4.3666524439671,1.325052467077049,0.8121789382701967,-2.2720741386123446,2.659072941326793,-1.376912671731704,1.183587749829751,0.4067851208151106,-2.541477683471741,-1.5852749238094457,0.9109778242947018
0.8889851477001554,0.25119614876087437,0.4637644968781214,0.8536634387186876,1.1088860542237178,-0.03617067580883341,1.0372065312938135,1.959998095295675,-0.07621897596994584,1.2619308849001154,0.7182036478855816,0.34852766167380467,0.8284135439233771,-0.1197884676969024,0.3611514457436449,0.32394932071302734,0.3187427589102671,-0.8020233714520829,-0.7277345538333496,0.5702717009930215,-0.11361491023423283,-1.261202413270571,-0.36129168745300067,-0.554751370543812,-0.2372895290903266,0.027793403617281828,0.09049356916416627,1.7470321805751823,0.03194032718991562,0.010259198298998306,-0.2745257146988024,1.1059039615473505,-0.04057074936853767,0.2860131219701223,-0.28466611535397296,-1.6112221037646615,-0.23581728692863893,0.21677592374194946,-0.7675809461562393,0.5966687091674505,-0.6037065774314966,1.263820289990245,-1.1276150270778413,-0.2858708639895392,-0.26627102839499683,1.9300116723698255,0.35661492604265427,1.0049282297499353,-1.3307553516795612,0.7955870337727916,-0.23787304735770384,0.6193835751989173,0.6451606210125135,-1.1723932530113617,0.13006936996568658,0.7408869358316248
0.01118000355792266,0.23131069377868216,0.18428889599499704,-0.9257061332262094,-0.03617067580883341,0.9553308528167042,-0.6028739782707465,1.2553259927326301,-0.7519913962743494,-0.03531612291816869,-0.3553814916956939,-0.16627702067991987,-0.07882505907958913,-0.14805536185612767,-0.06981482742300227,0.09472957385942242,0.31887088855434265,-0.39437479873839454,0.8079166504199836,0.4328821343212671,1.8179668972269472,0.009416759766252494,-0.7994423305682091,-1.1648914889074582,0.08483146733320736,0.09019114262587627,-0.6302918632065763,0.013089509889655185,-0.7392767154607169,0.45968924520821447,1.0612056123955884,0.4417061194196509,-0.22174462788198157,-0.42409696848732675,1.156654331613115,1.1135422470492586,-0.5733794332855932,0.32289538660254746,-0.4407229027480954,-0.6794810817252536,0.8683618062054878,0.7288914883273748,-0.36975283624005445,-1.0511110369708794,0.47224126202598415,-1.509672300936614,-1.371598317845847,-0.1304387435676338,-0.03058542888352386,-0.8776551428319306,0.5954582814167794,0.3054113073179422,0.21726737600210963,0.5171569780600617,1.2510085835536437,-0.5755201176806528
3.0055716465516826,0.8969651387501376,0.5501117599829329,4.189738320968873,1.0372065312938135,-0.6028739782707465,5.278872041735116,0.3502659819873398,-0.6007902089996651,1.9559794488129214,1.1450453863461547,0.8206316892779603,0.8973051860966836,0.8683908343129111,0.5963931007566831,1.0069959114764049,0.18431903368635671,0.5133685842004908,-1.3219185531142752,-2.539253528764815,-2.7241228312851833,-0.8242854382594542,0.8494931883126584,1.403985798494978,-0.5463379236400178,0.47083253872211495,-0.529052763467148,3.439312920550279,1.9052156290604483,-0.1879285719141161,-2.750193086548416,-1.2578680115090117,-0.4552579643778482,-0.03973064510900489,-2.3267719730269354,-3.5202317093374345,2.053165453812458,1.0074534033141984,0.4492000189661867,3.601540043003638,-0.5672098185392803,0.038003577302613806,1.1053567016421328,2.448783857432762,-0.9953909151808779,4.781049507027338,0.8227432824303723,0.9300942590045096,-3.038189802338529,2.982940881575397,-1.461522757536934,1.7941866809991207,0.6486612018971858,-3.0364878549320946,-1.3262413949573664,0.7773772450459837
1.24034404591413,0.6336054193603715,1.0546830801350893,-0.24225381401500726,1.959998095295675,1.2553259927326301,0.3502659819873398,5.428144466332295,-1.0064587890571752,2.1142457677560706,0.7663293946032191,0.33618050709154174,1.3818573654842279,-0.5841226561932469,0.5160022030545128,0.5838033031532724,1.0037551427769376,-2.185029915602189,-0.18073795304779527,2.1301425902067868,2.5843421373906383,-2.337484277131432,-1.8878882216270698,-2.8405841589559047,-0.2651372441308194,0.08652323040119822,-0.5375226512829548,2.8707285900896657,-1.2211897344822507,0.64428097860086,1.2987713734932163,2.9741014352454096,-0.28752899426203476,0.03504599400164374,1.3273870158280263,-1.1459411117360399,-1.5631487756849523,0.6671504204951372,-2.166512606608606,-0.32809795805928943,0.020976913194819632,3.4323350651993567,-2.9045357022036304,-2.338289581398927,0.2554774989790613,1.0402467379468894,-1.200194766727208,1.6606949756755387,-2.141722916431456,-0.07581669401193743,0.5504880992405785,1.2997037025237643,1.437764214335653,-1.1228468058280099,2.092776850003995,0.5933461395683933
-0.6358197005123866,-0.40642718702347747,-0.24810256806801073,-0.053858079483713205,-0.07621897596994584,-0.7519913962743494,-0.6007902089996651,-1.0064587890571752,0.8448819735945503,-0.281762206996046,0.1465682261162961,-4.1706281344019254e-4,-0.038336520143244665,-0.09275682957636705,-0.03377050812974058,-0.29600373675481595,-0.30350756750630214,0.1369424183205376,-0.5302345386907732,0.29560914389341747,-1.0493738546318239,0.02936983151094901,0.4934807461980575,0.6732915073397863,0.024029339452554928,-0.1973649713201665,0.7348256412555637,-0.6312296123304454,0.22680489985718721,-0.38394757653171196,-0.354675046607199,0.04033603274083171,0.3151105100943913,0.4468974145138717,-0.5493246276651068,-0.3900072048699342,-1.096348179386259e-4,-0.5237733404696223,0.20133778744649203,-0.1727639004031586,-0.7546887277579453,-0.5259819421341683,-0.07528395985686083,0.34524889687408683,-0.23221674856212784,0.49163720971601654,1.1324065147822098,0.02602044009779244,0.6035143052214647,0.19285197682931193,-0.2286432123756225,-0.6485148184329886,-0.2789817098371198,0.10921882746275136,-0.831606544987759,0.44681003534830505
1.441752036978599,0.44321659221790993,0.5747799784415486,1.5193608895975645,1.2619308849001154,-0.03531612291816869,1.9559794488129214,2.1142457677560706,-0.281762206996046,1.6009362603261346,0.8744935072160666,0.4786856486449609,0.9646322143741892,0.030402383888693207,0.45320441735568745,0.5179392223685411,0.379309657566585,-0.7238685697585789,-0.8687679349123467,0.10610377935869165,-0.4167390353225243,-1.3723974112784625,-0.2798643836306169,-0.40737147338653285,-0.3250857826212414,0.12904510350737516,-0.09530124982555739,2.358376497905173,0.30870903941119493,0.03137061568611395,-0.6738172504299076,0.8705258518599402,-0.1582284318665437,0.22094062621690042,-0.5869422542298233,-2.1070265718937495,0.10240357318623977,0.4465026323991743,-0.7093666709677597,1.1914761003285403,-0.582110969403137,1.3198001239311694,-0.9204896752305076,0.07817666189751063,-0.3902493081324107,2.6047940178153652,0.3327502003720397,1.1368150107337491,-1.8824185870737316,1.2410856836349302,-0.4389475603626653,0.9835868183982274,0.7730453335506009,-1.659467347995151,0.01775185514566451,0.7964046644127866
0.7133745484001518,0.1338274529202891,0.24691111214405742,1.0605663093077256,0.7182036478855816,-0.3553814916956939,1.1450453863461547,0.7663293946032191,0.1465682261162961,0.8744935072160666,0.6022988076585631,0.3091143954165412,0.5625324169516567,0.033689207516244046,0.26937153983856876,0.22503046742381844,0.09657471241033959,-0.30593296630945893,-0.7617840813864319,0.0195027920093657,-0.8111101801731291,-0.7832002329739571,0.09680820958314827,0.13403396940218085,-0.20013607358304447,0.020401175393680353,0.20881784929152652,1.2378069091222186,0.37502752737045775,-0.14772051108986697,-0.6748794943226726,0.41128399479876504,0.012292145903833832,0.2944134469578003,-0.6796084790686725,-1.5128674982378678,0.18156645360404497,0.09504450662346267,-0.27621920708778075,0.7986924462354534,-0.6514820948345365,0.5075436670520997,-0.46039225277389567,0.32931627333495517,-0.3655147926166787,1.9017062413473096,0.6823631928328544,0.6832099627745762,-0.9659688198714929,0.9326741208569532,-0.41900412953628396,0.38524315436096285,0.3481710132974102,-1.0423789979198688,-0.40262194266264,0.6571187470831924
0.49518393995526844,0.12117339384297003,0.13722465428361336,0.7008452044971647,0.34852766167380467,-0.16627702067991987,0.8206316892779603,0.33618050709154174,-4.1706281344019254e-4,0.4786856486449609,0.3091143954165412,0.17693647959949646,0.2796337562717447,0.07495714625961933,0.1449583071440951,0.1620849173441552,0.054713292029370454,-0.08378347340826439,-0.3771216607032492,-0.17637979058847642,-0.48430193104270686,-0.35849672969317264,0.08849347599299472,0.1380199555776161,-0.11564264721026551,0.044171284862442484,0.02960200023611747,0.7277072315036722,0.2736527242398931,-0.06281889926331648,-0.4462552019837546,0.0681447148046203,-0.03338331541437867,0.10316677535530684,-0.4148033026951462,-0.8213105634473942,0.21406256638854224,0.11677554379686537,-0.0783658260048612,0.561757603344047,-0.27590372529142043,0.20690211790485338,-0.09808697587288909,0.2934870293433212,-0.20575410272891675,1.0560792215738655,0.29900976957958086,0.32726209195193334,-0.5951600731940689,0.5638417490657088,-0.25937081994235456,0.28489632266375464,0.18329895028249168,-0.6149765495848156,-0.2332491869468393,0.2989626137917716
0.7122022429322044,0.19281165655866545,0.3410939098629591,0.7495497812730656,0.8284135439233771,-0.07882505907958913,0.8973051860966836,1.3818573654842279,-0.038336520143244665,0.9646322143741892,0.5625324169516567,0.2796337562717447,0.6254824757349892,-0.06301414259435359,0.2773663428262969,0.2536997787466143,0.22180482612133262,-0.5557299068998158,-0.5937923698703098,0.33877068185797443,-0.21696802609730256,-0.9342128224355803,-0.21072937866105815,-0.3254228042230861,-0.18823392123254734,0.026960927249600797,0.07816454865287073,1.3469727354817789,0.09528779304028953,-0.014579153442636978,-0.30517167373534737,0.7556967517515979,-0.03205966641611592,0.2255782591759839,-0.30616876490252887,-1.295929033058034,-0.1017280502693663,0.16796874176683446,-0.5306970997206172,0.5411103554579236,-0.4847734918957799,0.8909186260847036,-0.7803447021474913,-0.1080121242462875,-0.2340587855940722,1.5695051244146911,0.33133111044399904,0.7570517975900057,-1.0354361471501576,0.6805525686054966,-0.22922465512895587,0.4779147861920953,0.4736054462400308,-0.9411296575095842,0.01364780550606107,0.5791482405006529
0.391390095507475,0.11676736326783577,-0.028693449401116868,0.6948800320212942,-0.1197884676969024,-0.14805536185612767,0.8683908343129111,-0.5841226561932469,-0.09275682957636705,0.030402383888693207,0.033689207516244046,0.07495714625961933,-0.06301414259435359,0.24096359780864238,0.020962440973268565,0.12167813837413612,-0.0671166389622835,0.3848264206220051,-0.0779328765999578,-0.7643605145757802,-0.6217421252845893,0.2179739277859446,0.3265430732000379,0.5251835162060818,-0.0485948317342548,0.09508062301982206,-0.1315916930763851,0.21038983778494746,0.43859601545681204,-0.05783676163815242,-0.5544849499266588,-0.646588285809835,-0.08214241373207826,-0.09351305303992734,-0.45998705675235135,-0.2986047068037853,0.5521913857707245,0.14829004232137916,0.360501343823252,0.6364420396559035,0.042887792694693234,-0.4189134808218395,0.6226922642547423,0.6657886700539161,-0.15155179331971413,0.49348441587419245,0.10574680254688601,-0.11246852667041331,-0.2528889541097981,0.4365570367559177,-0.26862456435948495,0.19737398727072705,-0.0659849802382454,-0.31824979026255473,-0.3691397418594465,-0.05007653990915161
0.4111086206308164,0.1123931256733435,0.15197569799898084,0.4950122374282924,0.3611514457436449,-0.06981482742300227,0.5963931007566831,0.5160022030545128,-0.03377050812974058,0.45320441735568745,0.26937153983856876,0.1449583071440951,0.2773663428262969,0.020962440973268565,0.1343452352223235,0.14200278225983617,0.08826892618997731,-0.17742065805480298,-0.2939151690829659,-8.58410285059321e-4,-0.23557029060852158,-0.3888399582022137,-0.02774862759075313,-0.038318433077043794,-0.09751000332027283,0.031764177478651665,0.012746841234415935,0.6674245386708597,0.13691133851858997,-0.021001521930476583,-0.25950086884250656,0.2164977754844486,-0.030054999552696214,0.08667567143361377,-0.24091329078860693,-0.6667373713234656,0.06797139969472943,0.10628146476204328,-0.17003107508423065,0.3848785754823081,-0.2205144237032971,0.3242641963779186,-0.2326036453956727,0.08951560594567712,-0.14183429930902552,0.8363060639995435,0.1823076475599765,0.32851671513542374,-0.5310891164711018,0.4090294840806202,-0.1636131621710083,0.260925919490333,0.20608492985751797,-0.5040920915514374,-0.074889629587578,0.26093339131353666
0.6892921309140932,0.25639260897501887,0.2033867331698068,0.7025183222553556,0.32394932071302734,0.09472957385942242,1.0069959114764049,0.5838033031532724,-0.29600373675481595,0.5179392223685411,0.22503046742381844,0.1620849173441552,0.2536997787466143,0.12167813837413612,0.14200278225983617,0.2555613218244666,0.14621223740157957,-0.08421211247619556,-0.15667900047561262,-0.32525518241022916,-0.12829616859416643,-0.3074637036824333,-0.05984722854929998,-0.05743311894005473,-0.11456248844582384,0.11484373141974234,-0.23472805790499196,0.874766911061812,0.20573813704443497,0.06905358649096634,-0.32276518394390286,-0.010953869586097325,-0.14285981075426146,-0.07103682589848934,-0.22129442328226917,-0.6179363434004873,0.23955958843410352,0.2939426000452854,-0.10347672181642266,0.6132289353019212,0.015325752525398166,0.32094297112896164,-0.0026936943404757717,0.20083909650481158,-0.11751418721024212,0.8107578307369898,-0.10997431433037004,0.2685612794931613,-0.7518876554649401,0.4717191008063292,-0.17674647097078255,0.48977596686533664,0.2509275836968403,-0.6083698534002906,0.04384807578741798,0.1069921223765849
0.31551612761418596,0.17236554796878903,0.20731270833767151,-0.004443880462978145,0.3187427589102671,0.31887088855434265,0.18431903368635671,1.0037551427769376,-0.30350756750630214,0.379309657566585,0.09657471241033959,0.054713292029370454,0.22180482612133262,-0.0671166389622835,0.08826892618997731,0.14621223740157957,0.2075376673643542,-0.3537647392037915,0.06009201546919368,0.2611575114497123,0.562224950428243,-0.36667691709403233,-0.3695276416674618,-0.542058759412879,-0.0473378526787729,0.050004467404688856,-0.2116912950189731,0.5643893520141052,-0.21513002781937682,0.1635048690616513,0.24656690746517437,0.441526540720553,-0.10002698266145862,-0.07377943591297893,0.2861842471838536,-0.12388593932911826,-0.2278889769477377,0.19741934442692646,-0.36234477489656247,-0.0010830073167459816,0.13024376236964608,0.6137422662698636,-0.4233707867759049,-0.40554217906141116,0.07350093778099902,0.09836428535091418,-0.374619187783861,0.25277960281245276,-0.4459793728527735,-0.02994739608183153,0.1155605216871697,0.32014194576037497,0.2715353377723196,-0.20546366876717445,0.45755446309989034,0.01656243994554763
-0.0989843800483526,-0.08085784561866866,-0.36318502049720425,0.5115617131021772,-0.8020233714520829,-0.39437479873839454,0.5133685842004908,-2.185029915602189,0.1369424183205376,-0.7238685697585789,-0.30593296630945893,-0.08378347340826439,-0.5557299068998158,0.3848264206220051,-0.17742065805480298,-0.08421211247619556,-0.3537647392037915,1.0284825232366637,0.14308759091031834,-1.3297775117162203,-1.1117256596482068,1.0141963314681015,0.7998586007374106,1.2384395223882698,0.06718752010217191,0.06777571602897348,-0.040249764317117166,-0.8280516734049683,0.6714206739208095,-0.19193208713789087,-0.7407845630800184,-1.5250088568073736,-0.010934577663674646,-0.1696082413282143,-0.6513887442272728,0.3507775415369287,0.9209293604369183,-0.0477662502915337,0.9923395881754385,0.5378968267768659,0.19024942008252893,-1.4354835258086691,1.4911281615798162,1.2055111988967564,-0.13302233884152193,-0.22033444592637047,0.2610398322090971,-0.7056212278479854,0.5308698961211019,0.24113568874422955,-0.3152423331059709,-0.23233350726365745,-0.5242631760144266,0.2168732445073271,-0.8260804098819426,-0.357861237136616
-0.6446005568475055,-2.2866068908999472e-4,-0.14988439424934974,-1.4169317560372605,-0.7277345538333496,0.8079166504199836,-1.3219185531142752,-0.18073795304779527,-0.5302345386907732,-0.8687679349123467,-0.7617840813864319,-0.3771216607032492,-0.5937923698703098,-0.0779328765999578,-0.2939151690829659,-0.15667900047561262,0.06009201546919368,0.14308759091031834,1.1419102682561417,0.11573654974066139,1.6323419553827956,0.7885031555080669,-0.4598713382418157,-0.6555431433512526,0.23195940414948854,0.035958245998986525,-0.5327787373104367,-1.175354152801072,-0.6859879493322522,0.36719927549289516,1.1299972806830396,-0.2463635268869159,-0.1307277894057646,-0.5116405260672383,1.191290481737232,1.9994913722966965,-0.4037237994191193,0.08515579815230123,0.08821948549033927,-1.047321594090678,1.0719666029628696,-0.1762496141760219,0.33193303277988606,-0.7772471564347072,0.5744979014085441,-2.551950927344958,-1.3388902599265073,-0.7435659784749108,0.898075674722464,-1.300035030216374,0.6754446818573812,-0.19970674376176684,-0.2362423022922728,1.2390564007269544,0.9804509432313133,-0.9339177406092812
-1.0766068506777298,-0.3262080532847521,0.1668233851042897,-2.0059482860140045,0.5702717009930215,0.4328821343212671,-2.539253528764815,2.1301425902067868,0.29560914389341747,0.10610377935869165,0.0195027920093657,-0.17637979058847642,0.33877068185797443,-0.7643605145757802,-8.58410285059321e-4,-0.32525518241022916,0.2611575114497123,-1.3297775117162203,0.11573654974066139,2.4890531813960513,1.8871281307099672,-0.9030786577538225,-1.0679958339656215,-1.708668542192598,0.11066878245224589,-0.2955321811045196,0.44634072323690127,-0.369355190074932,-1.348357698642601,0.16988568634051796,1.674907474857078,2.2147372546061748,0.26089733209919175,0.3447900729809382,1.3693041741850887,0.6454955277740659,-1.7590951868081146,-0.43858771050194667,-1.2467882620591735,-1.8787983862200486,-0.2636360149554707,1.5029514350942104,-2.13136399614056,-2.1207556175763806,0.4152561301049429,-1.1841669528729495,-0.23484191566159293,0.5215190151597842,0.5750492632885804,-1.2164281284518264,0.7842414434740639,-0.5219857530596418,0.31252780934416213,0.7908672210247562,1.1560242489064856,0.2941149592291439
-0.8649472880306709,0.11933391400637852,0.2413448480458291,-2.902636295073188,-0.11361491023423283,1.8179668972269472,-2.7241228312851833,2.5843421373906383,-1.0493738546318239,-0.4167390353225243,-0.8111101801731291,-0.48430193104270686,-0.21696802609730256,-0.6217421252845893,-0.23557029060852158,-0.12829616859416643,0.562224950428243,-1.1117256596482068,1.6323419553827956,1.8871281307099672,4.06010617158438,-0.06405035916876216,-1.7802372241654743,-2.6679585609270773,0.2781957571122321,-0.022905386274159382,-0.822504553893674,-0.7565637201279062,-1.9636291059853634,0.8458836394368923,2.753585899730993,1.575705496583044,-0.20873045093846276,-0.6029343034549347,2.745673184001228,2.716326283610454,-1.8280550123741386,0.2199201396294358,-1.1546811677616675,-2.3437283936893465,1.482739291095123,1.6042484586049308,-1.403430732289437,-2.79514233894694,1.0915088989848514,-3.7680428616443393,-2.5027025501294164,-0.260458473286387,0.7028037352558403,-2.3722299988763402,1.486135822471063,0.012026116430387097,0.31482387288804514,1.670587443661831,2.648623172909582,-1.0299290681762807
-0.8260360142729873,-0.22577250971640533,-0.5144904589394447,-0.6965477569086116,-1.261202413270571,0.009416759766252494,-0.8242854382594542,-2.337484277131432,0.02936983151094901,-1.3723974112784625,-0.7832002329739571,-0.35849672969317264,-0.9342128224355803,0.2179739277859446,-0.3888399582022137,-0.3074637036824333,-0.36667691709403233,1.0141963314681015,0.7885031555080669,-0.9030786577538225,-0.06405035916876216,1.465859170390201,0.4991002567652261,0.7767605099869477,0.244053735894259,0.00787852931946543,-0.1643365819741023,-1.8357049182069203,0.11117713859068408,-0.0217156686425344,0.11782040281381109,-1.4462887979222703,0.008131193761145784,-0.35957227961706095,0.16768402766933885,1.6814717312517335,0.45225355883367474,-0.17396890387093675,0.9667208496794883,-0.43038617305579235,0.6998991491327536,-1.5247981216630797,1.462043481536932,0.5378860986494597,0.24681074411579038,-1.9672003179182045,-0.38489147013778374,-1.1473372122214662,1.3631374552817948,-0.7291453356973286,0.1751202714543468,-0.5966971820062593,-0.7260436969380748,1.1778309285483484,-0.2513314243582661,-0.8454702465893427
0.06574708615367729,-0.1433410484869274,-0.279320219029607,0.9932322990949308,-0.36129168745300067,-0.7994423305682091,0.8494931883126584,-1.8878882216270698,0.4934807461980575,-0.2798643836306169,0.09680820958314827,0.08849347599299472,-0.21072937866105815,0.3265430732000379,-0.02774862759075313,-0.05984722854929998,-0.3695276416674618,0.7998586007374106,-0.4598713382418157,-1.0679958339656215,-1.7802372241654743,0.4991002567652261,0.933553507726758,1.4048847275815846,-0.03733248042273124,0.002075128958447539,0.33020150187119635,-0.3036330775776047,0.8724924387363674,-0.3819404437300533,-1.1373720323231467,-1.1245202906520115,0.10628882087439985,0.16074626563388802,-1.1279883799155082,-0.6214386051633594,0.9134784536689551,-0.17487332835470312,0.8058562944711648,0.8378102679527777,-0.4367086920286662,-1.1905876111038727,1.0553759153863715,1.3650691394402157,-0.39124600614522903,0.9767008587957384,0.9856523068638783,-0.2576287663947635,0.17300331013884152,0.7725364945330389,-0.5799950209739406,-0.2297138412893206,-0.37977328466422666,-0.31822410098106463,-1.2360348069196343,0.18406253724874444
0.18020288824199757,-0.17546176465620997,-0.4073801273485035,1.5674400382746718,-0.554751370543812,-1.1648914889074582,1.403985798494978,-2.8405841589559047,0.6732915073397863,-0.40737147338653285,0.13403396940218085,0.1380199555776161,-0.3254228042230861,0.5251835162060818,-0.038318433077043794,-0.05743311894005473,-0.542058759412879,1.2384395223882698,-0.6555431433512526,-1.708668542192598,-2.6679585609270773,0.7767605099869477,1.4048847275815846,2.1242924404295587,-0.06154583808681873,0.026877230688830824,0.4315512207823659,-0.40053399382320304,1.3426956007496564,-0.5540943403564519,-1.7405111737050054,-1.7653033751271967,0.13049867888654532,0.1974067800241287,-1.7038141045766804,-0.9281436043450787,1.4324902450333072,-0.21246823530544434,1.2403161209488016,1.3357889141749268,-0.5975136648104179,-1.8055600464147288,1.6643794125468787,2.097548795960841,-0.5873457597390855,1.4761693720184794,1.4129521712328963,-0.40728746153949275,0.19983749285838312,1.1892215519059695,-0.8837305584682457,-0.2825300389839198,-0.5612554299385994,-0.5127175401413318,-1.8385176872781082,0.23585173100685858
-0.3410730018693638,-0.09079082718354045,-0.09964614666504462,-0.45493004322477576,-0.2372895290903266,0.08483146733320736,-0.5463379236400178,-0.2651372441308194,0.024029339452554928,-0.3250857826212414,-0.20013607358304447,-0.11564264721026551,-0.18823392123254734,-0.0485948317342548,-0.09751000332027283,-0.11456248844582384,-0.0473378526787729,0.06718752010217191,0.23195940414948854,0.11066878245224589,0.2781957571122321,0.244053735894259,-0.03733248042273124,-0.06154583808681873,0.07660996976645996,-0.03352455342421865,-5.843933461066816e-4,-0.4983837837531807,-0.16677359418257823,0.029366591245428147,0.2745787298500466,-0.05765303576028759,0.029514071322918407,-0.05624701984606897,0.25000817788294233,0.5278803685955368,-0.1313313360414289,-0.0901695776353347,0.06489331690250562,-0.3665200261219793,0.1622649035071063,-0.16110795084616655,0.07483725283288,-0.1706172337446498,0.12720460977581197,-0.6781415579885715,-0.1632486270569809,-0.21868721908390587,0.40830485252025944,-0.36044601472789495,0.1605275081174608,-0.20515967242007896,-0.13199416672132439,0.40582642014665105,0.12241671872285907,-0.18620606486490088
0.3027026112737263,0.130632134396261,0.060314133784281895,0.2954324174349236,0.027793403617281828,0.09019114262587627,0.47083253872211495,0.08652323040119822,-0.1973649713201665,0.12904510350737516,0.020401175393680353,0.044171284862442484,0.026960927249600797,0.09508062301982206,0.031764177478651665,0.11484373141974234,0.050004467404688856,0.06777571602897348,0.035958245998986525,-0.2955321811045196,-0.022905386274159382,0.00787852931946543,0.002075128958447539,0.026877230688830824,-0.03352455342421865,0.07227740583611293,-0.18189217155404158,0.28214100074020454,0.11122840751437488,0.05372603429467002,-0.14079205055020863,-0.17927319421941731,-0.09130945886017644,-0.10286925118581351,-0.07058256019050116,-0.11176186448720336,0.18131237808266512,0.16283451098959492,0.04878665022983732,0.2854540983153362,0.12921264943434851,0.018083831641693728,0.17507899891563714,0.15346096524588396,-0.021690916504569724,0.1756379082981511,-0.1613991471112513,0.0066267257304272985,-0.2709391788781815,0.1561067854092726,-0.0618345762169885,0.22384668460482798,0.06242801263634589,-0.19134028969949218,0.035408675882649676,-0.0652956508917332
-0.5012010364171089,-0.3382147086751369,-0.1523210666295752,-0.0495916350038439,0.09049356916416627,-0.6302918632065763,-0.529052763467148,-0.5375226512829548,0.7348256412555637,-0.09530124982555739,0.20881784929152652,0.02960200023611747,0.07816454865287073,-0.1315916930763851,0.012746841234415935,-0.23472805790499196,-0.2116912950189731,-0.040249764317117166,-0.5327787373104367,0.44634072323690127,-0.822504553893674,-0.1643365819741023,0.33020150187119635,0.4315512207823659,-5.843933461066816e-4,-0.18189217155404158,0.6673283756355232,-0.3648486395796382,0.13120287272773015,-0.3218132384475248,-0.25184495379287913,0.2735117387517137,0.2811100222364717,0.4345665027483526,-0.43663338910098237,-0.4863724185551128,-0.11617741952961474,-0.44980287813391984,0.023731839945890364,-0.17569719623678393,-0.7338253934515746,-0.23438523090061925,-0.30062986477545683,0.1566171060513617,-0.20998095189511512,0.5843560506908059,1.006333130865366,0.16277958247613653,0.39910778805420616,0.19530244473298547,-0.18472156804293807,-0.5151921156664793,-0.15076604234250537,8.960054738167166e-4,-0.6437423345133355,0.4844765753630495
2.4256585414030605,0.7874490666648929,0.8549704731146748,2.602796151296184,1.7470321805751823,0.013089509889655185,3.439312920550279,2.8707285900896657,-0.6312296123304454,2.358376497905173,1.2378069091222186,0.7277072315036722,1.3469727354817789,0.21038983778494746,0.6674245386708597,0.874766911061812,0.5643893520141052,-0.8280516734049683,-1.175354152801072,-0.369355190074932,-0.7565637201279062,-1.8357049182069203,-0.3036330775776047,-0.40053399382320304,-0.4983837837531807,0.28214100074020454,-0.3648486395796382,3.622590144764927,0.6608193821012734,0.08762758398783801,-1.222734653132596,0.8469464301590435,-0.3385828535434466,0.165583615530669,-1.0032633426137954,-3.107299878859063,0.4797631470672244,0.8335634964938738,-0.8352457952834754,2.12157671756472,-0.6529249016054867,1.736824952368917,-0.9215973572998324,0.44081793608841036,-0.6025238851924716,3.917845895749352,0.30879031100742216,1.5488092196987695,-2.962473963328271,1.995990490220464,-0.743560993515693,1.6563125332947426,1.1215531179782463,-2.5834741799791234,-0.026097186303086946,1.0150998556033366
0.7897984671299919,0.11366648434668586,-0.055765587486185084,1.7547008178000265,0.03194032718991562,-0.7392767154607169,1.9052156290604483,-1.2211897344822507,0.22680489985718721,0.30870903941119493,0.37502752737045775,0.2736527242398931,0.09528779304028953,0.43859601545681204,0.13691133851858997,0.20573813704443497,-0.21513002781937682,0.6714206739208095,-0.6859879493322522,-1.348357698642601,-1.9636291059853634,0.11117713859068408,0.8724924387363674,1.3426956007496564,-0.16677359418257823,0.11122840751437488,0.13120287272773015,0.6608193821012734,1.0928753625198526,-0.3286616556708236,-1.4961430403035467,-1.0649460158367077,-0.02641546521395647,0.12593485822918782,-1.3936615053543184,-1.3628526598791126,1.141171879355439,0.1124218716887955,0.6629495296819526,1.4873917169341988,-0.4923909346739769,-0.811669822118407,0.979923178020502,1.5652975118114933,-0.5371008759882928,1.9379725639459509,0.9469941758341632,0.0769850408420028,-0.642549272613023,1.3072736529525397,-0.7838214812348934,0.275182204927353,-0.09832768438785892,-1.001010126844237,-1.2202501313255527,0.35776478902824566
0.07013867979771762,0.1336961809210293,0.10525190471377303,-0.3712804260557813,0.010259198298998306,0.45968924520821447,-0.1879285719141161,0.64428097860086,-0.38394757653171196,0.03137061568611395,-0.14772051108986697,-0.06281889926331648,-0.014579153442636978,-0.05783676163815242,-0.021001521930476583,0.06905358649096634,0.1635048690616513,-0.19193208713789087,0.36719927549289516,0.16988568634051796,0.8458836394368923,-0.0217156686425344,-0.3819404437300533,-0.5540943403564519,0.029366591245428147,0.05372603429467002,-0.3218132384475248,0.08762758398783801,-0.3286616556708236,0.22425127884747328,0.4696651028403378,0.20343496107022369,-0.11939090763300259,-0.20752111925301947,0.5248557462071358,0.46931574800893006,-0.24590651360640736,0.18142942350898789,-0.21628250233329566,-0.2625282264360316,0.41419754923970725,0.37210750677952786,-0.17150830215854143,-0.4742538639097892,0.21245009032593296,-0.6393650378037538,-0.6606225515191623,-0.03798450681308985,-0.08546735564360934,-0.3703235084308273,0.26428192052328214,0.19061778267446552,0.12463412382299438,0.18774874016769255,0.5946616676205039,-0.2635459256660671
-1.2082786296044985,-0.17479837635020373,-0.004766986459866231,-2.5439494666666174,-0.2745257146988024,1.0612056123955884,-2.750193086548416,1.2987713734932163,-0.354675046607199,-0.6738172504299076,-0.6748794943226726,-0.4462552019837546,-0.30517167373534737,-0.5544849499266588,-0.25950086884250656,-0.32276518394390286,0.24656690746517437,-0.7407845630800184,1.1299972806830396,1.674907474857078,2.753585899730993,0.11782040281381109,-1.1373720323231467,-1.7405111737050054,0.2745787298500466,-0.14079205055020863,-0.25184495379287913,-1.222734653132596,-1.4961430403035467,0.4696651028403378,2.1082520966024263,1.198829378282981,0.02226002686218081,-0.2694643212506321,1.9846232192979585,2.220637053676243,-1.4883804391200888,-0.15912675703313775,-0.7420865326738892,-2.1218797089154084,0.8500431378026827,0.8581788299664588,-1.0701021383686558,-2.0800208327246708,0.7981004927148003,-3.0689109050410486,-1.4401912633457425,-0.325365342024449,1.110781405055299,-1.951507687531645,1.124226632848777,-0.45537516036624376,0.01505260215079687,1.5969956119369488,1.684822734698536,-0.6783029338086485
-0.20476474996258207,-0.035802695290785565,0.4439603062300004,-1.045268115870898,1.1059039615473505,0.4417061194196509,-1.2578680115090117,2.9741014352454096,0.04033603274083171,0.8705258518599402,0.41128399479876504,0.0681447148046203,0.7556967517515979,-0.646588285809835,0.2164977754844486,-0.010953869586097325,0.441526540720553,-1.5250088568073736,-0.2463635268869159,2.2147372546061748,1.575705496583044,-1.4462887979222703,-1.1245202906520115,-1.7653033751271967,-0.05765303576028759,-0.17927319421941731,0.2735117387517137,0.8469464301590435,-1.0649460158367077,0.20343496107022369,1.198829378282981,2.3606381775881697,0.12462357911118796,0.35878039306426585,0.9885381826162337,-0.3782757710915879,-1.5023394361549334,-0.12315081582154877,-1.45188774599056,-1.077584335284568,-0.4300726318141129,1.9966565681159854,-2.3018240372050136,-1.8713064821362748,0.20512696236597155,0.13044338076340567,-0.1665859071165839,0.9896962718541191,-0.4385032387895799,-0.5095306022885039,0.5069412700965029,0.06947564578727643,0.6682822515921542,-0.09325293475438427,1.115627766898402,0.5865033966220002
-0.34647477828817924,-0.1767380094982408,-0.09633789279541752,-0.215337951220541,-0.04057074936853767,-0.22174462788198157,-0.4552579643778482,-0.28752899426203476,0.3151105100943913,-0.1582284318665437,0.012292145903833832,-0.03338331541437867,-0.03205966641611592,-0.08214241373207826,-0.030054999552696214,-0.14285981075426146,-0.10002698266145862,-0.010934577663674646,-0.1307277894057646,0.26089733209919175,-0.20873045093846276,0.008131193761145784,0.10628882087439985,0.13049867888654532,0.029514071322918407,-0.09130945886017644,0.2811100222364717,-0.3385828535434466,-0.02641546521395647,-0.11939090763300259,0.02226002686218081,0.12462357911118796,0.13081916915078495,0.1621978969096251,-0.06766866477771255,0.003793539839499242,-0.12165353173549275,-0.2247227995145892,0.015830691691363013,-0.23371786780197382,-0.24683971819734843,-0.13431627449309846,-0.12673139539920697,-0.030198059304769004,-0.03409646174568504,-0.025245132426321457,0.35108274691436336,-0.006125819008108877,0.32290297455314704,-0.06973726547604124,-0.0060379272357012044,-0.2945915328452544,-0.10546309274978038,0.16091151745782398,-0.20240207312259165,0.1350154071680389
-0.0964133551552977,-0.15351081006108053,-4.2859709271332054e-4,0.20772387808346496,0.2860131219701223,-0.42409696848732675,-0.03973064510900489,0.03504599400164374,0.4468974145138717,0.22094062621690042,0.2944134469578003,0.10316677535530684,0.2255782591759839,-0.09351305303992734,0.08667567143361377,-0.07103682589848934,-0.07377943591297893,-0.1696082413282143,-0.5116405260672383,0.3447900729809382,-0.6029343034549347,-0.35957227961706095,0.16074626563388802,0.1974067800241287,-0.05624701984606897,-0.10286925118581351,0.4345665027483526,0.165583615530669,0.12593485822918782,-0.20752111925301947,-0.2694643212506321,0.35878039306426585,0.1621978969096251,0.3359295770598344,-0.3805881028920312,-0.6897257195458169,-0.07955977156106289,-0.2273862462174372,-0.12358109052299976,0.06895182670135895,-0.5950979253998265,0.09283840093034826,-0.3880865749304065,0.09733780460497007,-0.20344083301646643,0.8337316817797821,0.7286826810516442,0.3152696811724886,-0.05755677640578255,0.33488088788513887,-0.1911562292176007,-0.17907081748685819,0.03694905498653393,-0.28165460406060666,-0.41637075338492,0.4680360056048248
-0.9416283472822723,-0.054572717387545586,0.039668237532696445,-2.2897814272943764,-0.28466611535397296,1.156654331613115,-2.3267719730269354,1.3273870158280263,-0.5493246276651068,-0.5869422542298233,-0.6796084790686725,-0.4148033026951462,-0.30616876490252887,-0.45998705675235135,-0.24091329078860693,-0.22129442328226917,0.2861842471838536,-0.6513887442272728,1.191290481737232,1.3693041741850887,2.745673184001228,0.16768402766933885,-1.1279883799155082,-1.7038141045766804,0.25000817788294233,-0.07058256019050116,-0.43663338910098237,-1.0032633426137954,-1.3936615053543184,0.5248557462071358,1.9846232192979585,0.9885381826162337,-0.06766866477771255,-0.3805881028920312,1.9313793460659385,2.1691604931791018,-1.3068537136607208,-0.004899862106031757,-0.6725301070574742,-1.8664954243089333,1.0020349555604409,0.8402052510935548,-0.8651317232222026,-1.9255118400773796,0.7890029262159513,-2.969253992127019,-1.6180440506154183,-0.35167214033052974,0.8883568601726247,-1.8296338251264268,1.0757843816167048,-0.25505837194391257,0.05608087202245783,1.450765569433918,1.7214225406314525,-0.7692414866085
