V1,V2,V3,V4,V5,V6,V7,V8,V9,V10,V11,V12,V13,V14,V15,V16,V17,V18,V19,V20,V21,V22,V23,V24,V25,V26,V27,V28,V29,V30,V31,V32,V33,V34,V35,V36,V37,V38,V39,V40,V41,V42,V43,V44,V45,V46,V47,V48,V49,V50,V51,V52,V53,V54,V55,V56
34.564615586897496,-254.48079822333668,323.82453858058625,120.815108595808,3.216451894073555,-184.11071786446027,199.3575282228331,-222.75465945504993,84.20862033313983,-96.78313046178877,-265.79923083048493,-207.09799951729048,-95.15747781979688,18.766621299679244,226.8305866308784,-80.06257010497926,96.87587288308899,-270.0361407513197,-291.2620589675771,-21.19060801058238,-234.2426880249265,43.92372386485494,-193.7376760403398,211.50090744673338,-98.57625271059277,181.86174512657465,-144.8064170929404,-63.88918980380889,-3.120961613586746,-96.3441388302296,124.06677612423276,-46.56639064884129,-117.24185458871357,-47.29574338651477,-12.783328478935951,40.113161014945064,160.2751746284334,-95.74750415132436,199.43198990327204,303.3390897749965,-187.98798192937537,247.07271050619215,37.31575674458075,103.32315021958212,-390.5976340675591,155.90440811042035,-223.87583202414467,-145.37000623475208,214.69605016300446,74.39275064190714,-232.6209097549393,-220.8358236753762,52.46262547273464,-106.71728719794217,-40.85466499924868,158.7268151070923
-254.48079822333668,1883.414406229616,-2399.611466868938,-893.7579690267621,-21.41321506105572,1367.33971961221,-1476.6648511910685,1649.5368562964745,-623.5420499182604,715.9383060225092,1972.023611765383,1535.2802563604464,703.140100300687,-140.95856632152748,-1680.75973022329,597.5543179854805,-716.4361666187352,2002.7922826840684,2159.1738995896335,158.1264118104309,1736.1547091791124,-324.60900771489594,1438.724745853591,-1565.790705939829,732.4069602355244,-1346.2237667347017,1074.2584292139218,472.42092442113807,24.55706538643641,712.0467525187414,-917.7785577618317,340.789907709312,874.6404046680784,352.0611549436609,94.90023027343774,-293.2374605078818,-1186.7456956335193,709.3459026635303,-1479.2987196515483,-2246.865568771032,1391.6775654015275,-1831.809925019064,-279.3576746484196,-767.8161478506521,2897.5475521285316,-1151.7333862930536,1659.4290171803616,1074.4071387288157,-1592.832060765827,-549.5251495700973,1725.9004334535887,1636.9175188311283,-390.79112876066677,792.8259910715839,303.3985858593173,-1176.603697317255
323.82453858058625,-2399.611466868938,3058.5930472476484,1138.6160348803962,26.121665064097975,-1744.007457733468,1881.870773122214,-2101.810684298731,794.6087756993747,-911.9273321948174,-2514.4325675849223,-1956.8020668357847,-895.5424927862699,180.22857753019593,2142.209692549506,-763.3306779080099,912.640499686471,-2553.2696742884464,-2752.2027492873353,-202.00108206424113,-2212.934436684857,413.3571581801808,-1834.8707304466423,1995.1701373063556,-934.340309438309,1715.4011257583238,-1369.468256566317,-601.8745648279681,-31.715757458088543,-906.6605741518734,1169.2718196655494,-432.88292963694374,-1117.0062180389716,-449.1609307323534,-120.84923055443454,372.4143465570648,1512.2139836125516,-904.3129292641524,1885.7607070222361,2863.453230912624,-1773.3941814234454,2334.960190609733,357.106096959695,979.3439331129985,-3694.1976458226277,1466.778083949787,-2115.2806335110936,-1368.3215981975754,2030.9425430477947,699.9256668636249,-2200.467720313857,-2086.36651560237,498.87963295013253,-1011.1519336195581,-386.7725303838405,1499.6095273485212
120.815108595808,-893.7579690267621,1138.6160348803962,424.1421028125996,10.23566862368713,-648.6926047454809,700.6956490027447,-782.7310511236726,295.8875716611007,-339.7507355857622,-935.6345456437158,-728.4494871858499,-333.71586769771443,66.80752280670922,797.5201425552649,-283.38652558238806,340.00086601948476,-950.2504678597816,-1024.4845078781534,-74.99266158748445,-823.7849171199932,154.05485110272525,-682.5557409946739,743.0183316496,-347.45985690604596,638.8351940658163,-509.6774686820827,-224.20617284781653,-11.59399836721625,-337.9241307265147,435.54647926667434,-161.8671594730587,-414.80062740187293,-166.9852354335976,-45.013845117127445,139.29561964642673,563.1399728177686,-336.6026246981316,701.8561788488555,1066.1671156010693,-660.4029788756643,869.1465532285118,132.44935437001104,364.24189097925995,-1374.7593626870512,546.6321798022775,-787.3804374291495,-509.90524842298566,755.728720119942,260.8205624068313,-818.851381576577,-776.6865264823616,185.35587523388708,-376.1136758264601,-143.92880831807264,558.2705309278746
3.216451894073555,-21.41321506105572,26.121665064097975,10.23566862368713,1.3080246779052338,-13.85333871511317,16.360465891752316,-18.6449762010889,6.929509429053502,-8.370443843255513,-20.71956035964756,-16.859190624286764,-8.24183953196587,1.0750288046313352,18.413227429176764,-5.025921446747544,8.263816710909978,-21.428627886637727,-23.493003617350787,-1.3216173444442174,-18.928316515881697,3.879816639963137,-14.770564713074146,17.58864506311088,-7.257158102146859,15.103287023922844,-11.565091368002197,-5.373170116720259,0.06291850717329626,-8.608757825381746,10.456294965136413,-4.986361444627921,-7.623353990743426,-3.5012267879574184,-1.1535919626470994,4.330876793109686,13.306897746438628,-7.5311051347846165,15.975106668762677,24.853854389178785,-15.544939677343807,19.914658414818042,2.1489211276464313,7.8027458715201305,-30.793076977828473,13.598528026984894,-17.944528880333383,-12.703894142100582,16.743709690096694,6.389187356237405,-18.298775878850382,-17.939427518691396,3.5742977880146154,-8.14488880387664,-3.2965000373588955,12.966424714157569
-184.11071786446027,1367.33971961221,-1744.007457733468,-648.6926047454809,-13.85333871511317,995.5665296810181,-1072.7773795533924,1197.8621621448626,-452.93059175042407,519.4266572961637,1434.596233125719,1115.8053820484986,509.9563603930867,-103.36637647198683,-1221.4071770634885,436.8549721359998,-519.8801575390593,1456.4011760350766,1569.4558929927487,115.60332878510694,1261.8649325409629,-235.35974152539134,1047.3031876313662,-1137.0829468482057,533.5155834374326,-977.6217618357856,781.1707218404857,342.87261628441996,18.517714807349886,516.1506158530153,-666.174257734648,245.34870638947731,639.0470116378262,256.58767819115366,68.88775861188353,-211.00163398433293,-861.8896737574687,515.7169791013015,-1075.6008175606355,-1632.3636431742257,1010.7252703690499,-1331.5657410713227,-204.6336862410868,-559.1232839096602,2107.402617730223,-835.1285947479201,1206.2878376907386,779.1444636424983,-1158.7173043051275,-398.56692817722046,1255.3688106725624,1189.6650780259924,-285.2180134749064,577.188337796962,220.65445070541392,-855.0504857159202
199.3575282228331,-1476.6648511910685,1881.870773122214,700.6956490027447,16.360465891752316,-1072.7773795533924,1157.9454670346786,-1293.3793605096228,488.9411479748012,-561.2383120248893,-1546.8796298075847,-1204.0233135187598,-551.1556501012246,110.77866704977592,1318.0803698262762,-469.27410206962776,561.6483359485735,-1570.871687420078,-1693.361813382896,-124.18113979312044,-1361.5741207786957,254.426035120552,-1128.724480192459,1227.721888070168,-574.688768187724,1055.5588036919657,-842.5797037238399,-370.3708247880731,-19.430574773496517,-558.0730885549294,719.5408296219157,-266.66790343542414,-686.7802436728857,-276.2811204142123,-74.40063194103598,229.42822998353813,930.5334902147255,-556.3404933176921,1160.2425613109492,1761.9188324360175,-1091.2234694745937,1436.6391387475078,219.4892944967168,602.4273450914937,-2272.7554005165907,902.7422286414402,-1301.4489194453358,-842.1561871128491,1249.4326807382538,430.7487383618626,-1353.7743093115669,-1283.7294236650653,306.7754466070297,-622.0140099310598,-237.9761176326956,922.7189101866518
-222.75465945504993,1649.5368562964745,-2101.810684298731,-782.7310511236726,-18.6449762010889,1197.8621621448626,-1293.3793605096228,1444.816769633703,-546.1217291968604,627.036525716058,1727.4719310690139,1344.877543836525,615.7148948198933,-123.6425277010907,-1472.1828939390457,523.6904677892488,-627.4166546540071,1754.416530989844,1891.3397306201937,138.57367822644707,1520.7534173654838,-284.2731351153783,1260.428567299503,-1371.3755235627737,641.6349938983329,-1179.0451030702288,941.0912620235279,413.69340848590673,21.64771573269476,623.5980677961719,-803.7497591780941,298.1525457539598,766.5283344390684,308.5307739793897,83.17727199659345,-256.50903159555907,-1039.4175293705043,621.2430864290178,-1295.9030998919682,-1967.9717476624792,1218.8540204425174,-1604.612917075006,-244.9059869718448,-672.7235169909017,2538.247438971813,-1008.5132449287898,1453.5285543335272,940.882530691651,-1395.299546209297,-481.15989157340204,1511.9153868535998,1433.8704390687153,-342.4379768052641,694.6248829283578,265.8437293116407,-1030.6817685307133
84.20862033313983,-623.5420499182604,794.6087756993747,295.8875716611007,6.929509429053502,-452.93059175042407,488.9411479748012,-546.1217291968604,206.46073573424482,-236.9890245578325,-653.1240923393077,-508.3635154796384,-232.7566243336643,46.73860644085932,556.5492376622009,-198.08824315980482,237.1756369875875,-663.2537421888887,-714.9839441695735,-52.420286752160855,-574.9033238900092,107.44113026176998,-476.54459660784084,518.4181465854706,-242.6344144194904,445.7261089851955,-355.7425348759999,-156.4072114472693,-8.174783001126848,-235.65833920044938,303.84888108149886,-112.67064406528456,-289.9003027928901,-116.62433340737614,-31.40451797181469,96.94556188194905,392.9227023206184,-234.92703785734312,489.8651376359662,743.9708233777658,-460.78595189410464,606.5819937713208,92.63310180680037,254.33037203978998,-959.5945574333718,381.2373204613392,-549.5209856755245,-355.633559788166,527.5359238490082,181.91708537525824,-571.580400160457,-542.0254301131567,129.50491282796432,-262.60097485250515,-100.46257346519585,389.5903555648647
-96.78313046178877,715.9383060225092,-911.9273321948174,-339.7507355857622,-8.370443843255513,519.4266572961637,-561.2383120248893,627.036525716058,-236.9890245578325,272.20714214036,749.2829396701455,583.5120652138573,267.3194698299774,-53.49397822014553,-638.7690531665683,226.79549118439007,-272.3525212732766,761.0692589566139,820.5785039771254,60.012416580688416,659.8109998469122,-123.42761026689075,546.5971496388087,-595.1557682501056,278.19035082239907,-511.6895690001459,408.24669227584457,179.57170250375432,9.284640892584365,270.78881847449327,-348.86853024184074,129.74353133660438,332.02219227582555,133.7456040332062,36.09808889558893,-111.63866708609461,-451.078387731895,269.51480134216973,-562.1838673240851,-853.9567618840283,528.9516975133995,-696.1695577084458,-105.99609370134152,-291.70093344632437,1101.0427724095036,-437.88697266344894,630.612110143619,408.50949392529395,-605.2126638353393,-208.8962967836091,655.8180108178949,622.1265254048127,-148.3768550167891,301.2235705320023,115.31995248038784,-447.2059674695452
-265.79923083048493,1972.023611765383,-2514.4325675849223,-935.6345456437158,-20.71956035964756,1434.596233125719,-1546.8796298075847,1727.4719310690139,-653.1240923393077,749.2829396701455,2067.7675223169113,1608.7508811327068,735.6891502691128,-148.648253916739,-1761.0405374582203,628.7434881334555,-749.8911317512361,2099.448937332447,2262.703995307989,166.37986474159285,1819.2900794113518,-339.5788529860549,1509.2590315897166,-1639.791756312118,768.6790065500978,-1409.8322058494148,1126.1016979722067,494.53396232681956,26.41913147819824,744.7550376439691,-960.8222943863711,354.7203242242011,919.9185571170685,369.64614631672714,99.37133507453741,-305.1077505343678,-1242.9080258334056,743.4481803734536,-1550.5801329985622,-2353.7479630407706,1457.5268928275636,-1919.7102257298013,-294.35256739405713,-805.6673617474949,3037.735273568883,-1204.8719410010885,1739.0756515448602,1124.0752865278703,-1670.1344554392551,-574.9783859535954,1809.5217619338223,1715.2362364979301,-410.7068609794944,831.7600258202897,318.0791745605696,-1232.828866985816
-207.09799951729048,1535.2802563604464,-1956.8020668357847,-728.4494871858499,-16.859190624286764,1115.8053820484986,-1204.0233135187598,1344.877543836525,-508.3635154796384,583.5120652138573,1608.7508811327068,1252.165780389742,572.873198679358,-115.44836374382787,-1370.586096043349,488.3829694896213,-583.8685380299127,1633.6811287625987,1760.9691982763022,129.226822758488,1415.8825633135111,-264.49833502578934,1174.03950115308,-1276.4806319867862,597.7487923992705,-1097.4406067918371,876.3620838870293,384.97160411003205,20.39785688509876,580.1795716845158,-748.0074064093255,276.79555770553964,714.7569068832395,287.521432024321,77.45823974268791,-238.08776707074352,-967.5268609698288,578.3866101155477,-1206.727189007068,-1832.0185418558897,1134.5155606996052,-1494.036779333889,-228.5410305195845,-626.6987560147496,2363.6731482863556,-938.2824525972818,1353.3337844224034,875.4252496298559,-1299.3894012539627,-447.6664304689998,1407.982423795,1334.9969344355834,-319.2061088052619,647.0536765634267,247.59353231770848,-959.6004564363395
-95.15747781979688,703.140100300687,-895.5424927862699,-333.71586769771443,-8.24183953196587,509.9563603930867,-551.1556501012246,615.7148948198933,-232.7566243336643,267.3194698299774,735.6891502691128,572.873198679358,262.63754544034555,-52.38376523590403,-627.2685013868663,222.53741908813325,-267.53101828287123,747.237139937569,805.6998385524232,58.89371518627805,647.8866193795587,-121.23177328341988,536.5827122216841,-584.5141156869172,273.12485650678,-502.5698869368292,400.7588641045147,176.43032945374028,8.999978631096809,265.9333209095434,-342.6965317237252,127.66584123417968,325.76134205316305,131.19851770733194,35.37877566769607,-109.8901811226073,-442.9898394706308,264.76507295478893,-551.8890677722426,-838.6294665160386,519.5311901309042,-683.5169506060959,-103.93865668980979,-286.2994408838447,1081.010374434891,-430.2294726026264,619.2481235547259,401.27874855854844,-594.2378921020749,-205.28467756978745,643.8576597472186,610.8295696324838,-145.61542948627203,295.65021575931763,113.14360100483214,-439.0510183104089
18.766621299679244,-140.95856632152748,180.22857753019593,66.80752280670922,1.0750288046313352,-103.36637647198683,110.77866704977592,-123.6425277010907,46.73860644085932,-53.49397822014553,-148.648253916739,-115.44836374382787,-52.38376523590403,10.997719901635753,126.21746144491117,-45.81608778687582,53.507221828584804,-150.80636995667504,-162.345188771999,-12.116577420612064,-130.47651128458085,24.201373561254467,-108.73291642366495,117.28743303220541,-55.435930451436924,100.8100439259548,-80.95219674319745,-35.26031786847388,-2.1460266834469732,-53.06118561615987,68.59035733321736,-24.671417387814593,-66.974980572895,-26.788713489594176,-7.175257590348148,21.16409300522271,88.93892501718898,-53.24614721085001,111.42376287894737,168.56233091584167,-104.23363663714368,137.77447032247548,21.59935442224115,58.13809233188612,-218.29626181367487,85.73836215858134,-124.74003956396665,-80.08254593541182,120.04492232185872,40.90646590172233,-130.09252683218008,-123.0454047015827,29.80153550722477,-59.979618842198384,-22.923239173514276,88.44710451573496
226.8305866308784,-1680.75973022329,2142.209692549506,797.5201425552649,18.413227429176764,-1221.4071770634885,1318.0803698262762,-1472.1828939390457,556.5492376622009,-638.7690531665683,-1761.0405374582203,-1370.586096043349,-627.2685013868663,126.21746144491117,1500.4053584534179,-534.5091930963254,639.2444030704329,-1788.2853809059823,-1927.648040201652,-141.44422945992903,-1549.9409962418174,289.5519366127469,-1285.0767813628972,1397.4513494642647,-654.3403131861601,1201.4858557283228,-959.1925525386135,-421.54962417263044,-22.202860721572126,-635.1107951878887,818.9762831621891,-303.2696551671099,-782.2043982573931,-314.58984870799753,-84.68081086734948,260.9036246303972,1059.1856014084153,-633.325854275677,1320.8081952403252,2005.5835472739439,-1242.0933529292593,1635.414845073936,250.05127178811085,685.9016099213461,-2587.356819513786,1027.3875086443404,-1481.5202614642067,-958.4477565499949,1422.4114628673797,490.23541930689817,-1541.1798348125192,-1461.3180065081026,349.36127861816306,-708.1851196960575,-270.91708259539814,1050.3588363257154
-80.06257010497926,597.5543179854805,-763.3306779080099,-283.38652558238806,-5.025921446747544,436.8549721359998,-469.27410206962776,523.6904677892488,-198.08824315980482,226.79549118439007,628.7434881334555,488.3829694896213,222.53741908813325,-45.81608778687582,-534.5091930963254,192.7775232529167,-227.04505908849697,637.9497384659016,687.0637667267758,51.01381665233613,552.341153695657,-102.6744841669685,459.41750378715835,-497.1299978022914,234.25520472864133,-427.4037241817789,342.17856260367074,149.77186084962457,8.522181848503973,225.0897816543255,-291.04785603515995,105.9459859236552,281.77865974164365,112.75487913483624,30.11138126382757,-91.04269434702421,-376.86235426033585,225.81739732931715,-471.0823051093116,-714.0855489786117,441.93215173857254,-582.9631301474767,-90.55169505215848,-245.39599918004035,923.3197537024864,-364.3307103993624,528.1251764245212,339.96803075463043,-507.8140147107889,-173.9369008260265,550.0900359652494,520.7002676930516,-125.57318379809634,253.2339454550427,96.67856452890382,-374.20240925262186
96.87587288308899,-716.4361666187352,912.640499686471,340.00086601948476,8.263816710909978,-519.8801575390593,561.6483359485735,-627.4166546540071,237.1756369875875,-272.3525212732766,-749.8911317512361,-583.8685380299127,-267.53101828287123,53.507221828584804,639.2444030704329,-227.04505908849697,272.5570451016585,-761.6212164923663,-821.1430509611489,-60.08333161486279,-660.2862384487172,123.5031727799214,-547.0233553865579,595.591182057963,-278.4560402577518,512.0819275527115,-408.50124566126624,-179.7305609590483,-9.260820754865517,-270.90410622428203,349.14181440016364,-129.8398296884934,-332.34378987886316,-133.81093291265648,-36.08042947465684,111.74183007662774,451.4002550633443,-269.7992793551507,562.5340167426688,854.5949808802751,-529.3669907274141,696.6320535820402,106.09779450288643,291.90465540824107,-1101.8479742369555,438.22625290604503,-631.1034756352334,-408.7732204186923,605.6998891357189,209.09605670905412,-656.2924454877023,-622.5344977432668,148.52327030881062,-301.42311329719314,-115.35118704177206,447.46693898970653
-270.0361407513197,2002.7922826840684,-2553.2696742884464,-950.2504678597816,-21.428627886637727,1456.4011760350766,-1570.871687420078,1754.416530989844,-663.2537421888887,761.0692589566139,2099.448937332447,1633.6811287625987,747.237139937569,-150.80636995667504,-1788.2853809059823,637.9497384659016,-761.6212164923663,2131.771665796698,2297.681809735908,168.81200600554942,1847.4139109580642,-344.9365380397797,1532.281827593105,-1665.3016299340645,780.3012127573729,-1431.7522489798996,1143.473236139327,502.2415008507079,26.73639031738353,756.5727579078703,-975.8113587446356,360.6096944923112,933.4882319160686,375.2616975128377,100.95525375937994,-310.17585434987313,-1262.237225365142,754.8419974228972,-1574.5194385672708,-2390.2344219430747,1480.1647494956514,-1949.3885629028346,-298.6048070689358,-817.9417291642551,3084.439245620374,-1223.821402467004,1765.8962678466237,1141.7820915026093,-1695.7333064916027,-583.9718039950075,1837.3253447571276,1741.7961917305306,-416.8161855911213,844.467288981419,323.0140399540586,-1251.9586924397247
-291.2620589675771,2159.1738995896335,-2752.2027492873353,-1024.4845078781534,-23.493003617350787,1569.4558929927487,-1693.361813382896,1891.3397306201937,-714.9839441695735,820.5785039771254,2262.703995307989,1760.9691982763022,805.6998385524232,-162.345188771999,-1927.648040201652,687.0637667267758,-821.1430509611489,2297.681809735908,2476.6617832321936,181.80847296997837,1991.3400086178035,-371.93351676410407,1651.2842288888587,-1795.2559798410346,840.8157583842084,-1543.4839203735253,1232.4661993929967,541.4836866472809,28.67078000137107,815.8350318107381,-1052.034775248303,389.2383203815515,1005.4398347594358,404.33437499177086,108.83373019779357,-334.822688101711,-1360.7198582377562,813.6126096680221,-1697.0871134853248,-2576.6023222384183,1595.6545150911481,-2101.2256693813297,-321.5027344660454,-881.4219676161491,3324.418856110856,-1319.6135629761216,1903.4256236700287,1231.13676391632,-1827.6075042856025,-629.6530079724965,1980.2440699445758,1877.5110335330144,-449.012224195217,910.0433057736429,348.1502030697049,-1349.529268127805
-21.19060801058238,158.1264118104309,-202.00108206424113,-74.99266158748445,-1.3216173444442174,115.60332878510694,-124.18113979312044,138.57367822644707,-52.420286752160855,60.012416580688416,166.37986474159285,129.226822758488,58.89371518627805,-12.116577420612064,-141.44422945992903,51.01381665233613,-60.08333161486279,168.81200600554942,181.80847296997837,13.500400633829686,146.1605733851891,-27.167752536208727,121.5684886058731,-131.55408044202468,61.992122645561054,-113.10531937173873,90.53892451269472,39.639386540871534,2.249786704903322,59.55892078097322,-77.0234069401858,28.044315799862584,74.56050981973232,29.829533965644963,7.959970562305248,-24.10144463687925,-99.72596450576586,59.7675736318082,-124.64795238002114,-188.96520122427208,116.95167141796225,-154.2598978096799,-23.95895573140876,-64.93178566449751,244.3271478960997,-96.41931211679977,139.75615871140778,89.96512721988283,-134.38082029572539,-46.035550910804766,145.5606920673056,137.7824575645198,-33.22838334648675,67.00588339771116,25.57619617604631,-99.01531661368126
-234.2426880249265,1736.1547091791124,-2212.934436684857,-823.7849171199932,-18.928316515881697,1261.8649325409629,-1361.5741207786957,1520.7534173654838,-574.9033238900092,659.8109998469122,1819.2900794113518,1415.8825633135111,647.8866193795587,-130.47651128458085,-1549.9409962418174,552.341153695657,-660.2862384487172,1847.4139109580642,1991.3400086178035,146.1605733851891,1601.1358997113873,-299.0770289323339,1327.646330831071,-1443.5264997051117,676.0250546668161,-1241.090196506272,990.9281335134424,435.41681414377325,23.0053821717201,656.0073500436338,-845.9421736965771,313.0871251052128,808.2893649407223,325.05621790404825,87.49446746314044,-269.3321636415808,-1094.118597861391,654.2153811337455,-1364.4975404907361,-2071.7615210173585,1283.0387788693324,-1689.4631960204508,-258.4341346695727,-708.650279301917,2672.9297779429858,-1061.144930885614,1530.4548398333184,989.9707465330022,-1469.456829866137,-506.3361153223807,1592.1668057769539,1509.5984606727168,-360.98523696933665,731.663867123511,279.90065748710043,-1085.068110754434
43.92372386485494,-324.60900771489594,413.3571581801808,154.05485110272525,3.879816639963137,-235.35974152539134,254.426035120552,-284.2731351153783,107.44113026176998,-123.42761026689075,-339.5788529860549,-264.49833502578934,-121.23177328341988,24.201373561254467,289.5519366127469,-102.6744841669685,123.5031727799214,-344.9365380397797,-371.93351676410407,-27.167752536208727,-299.0770289323339,55.98808197153832,-247.68025118656521,269.82570942660016,-126.04004567471073,231.98442492723805,-185.03616966949915,-81.41731999157558,-4.166668861486199,-122.80718561272175,158.18061822395893,-58.9341226450996,-150.33549226521066,-60.59060026616541,-16.37900388150053,50.721810433333715,204.50489365433359,-122.1575443503787,254.8063685676237,387.12517186255434,-239.80227501490688,315.5374663308591,47.963884978650476,132.1659067799811,-498.99373335091724,198.59033029812767,-285.8359577254251,-185.2578056547769,274.27643511077434,94.73970872591316,-297.22130144161036,-281.9995008135874,67.20262393642648,-136.48255017912476,-52.26061781198441,202.70567328062918
-193.7376760403398,1438.724745853591,-1834.8707304466423,-682.5557409946739,-14.770564713074146,1047.3031876313662,-1128.724480192459,1260.428567299503,-476.54459660784084,546.5971496388087,1509.2590315897166,1174.03950115308,536.5827122216841,-108.73291642366495,-1285.0767813628972,459.41750378715835,-547.0233553865579,1532.281827593105,1651.2842288888587,121.5684886058731,1327.646330831071,-247.68025118656521,1101.7876917090766,-1196.4067454711467,561.2066894306344,-1028.608685604656,821.9172149114504,360.74065584194943,19.472552338012708,543.2009933119705,-700.9270364354962,258.2593334030362,672.1164384228241,269.9597106582384,72.53455507897891,-222.0954003459949,-906.8626904929208,542.5067420842382,-1131.7058513311895,-1717.4804635495184,1063.421880744611,-1401.0009802171055,-215.19517678410227,-588.2215646496131,2217.1696645105567,-878.7459563664363,1269.129248081828,819.8808513860465,-1219.0196006429865,-419.3462562748453,1320.7629655720116,1251.7253572279649,-299.9932926591916,607.2407221699784,232.19712373192655,-899.6833224011502
211.50090744673338,-1565.790705939829,1995.1701373063556,743.0183316496,17.58864506311088,-1137.0829468482057,1227.721888070168,-1371.3755235627737,518.4181465854706,-595.1557682501056,-1639.791756312118,-1276.4806319867862,-584.5141156869172,117.28743303220541,1397.4513494642647,-497.1299978022914,595.591182057963,-1665.3016299340645,-1795.2559798410346,-131.55408044202468,-1443.5264997051117,269.82570942660016,-1196.4067454711467,1301.775604598184,-609.1044272675294,1119.2359908038302,-893.216098285214,-392.7546187779414,-20.482154850660617,-591.8638686476614,763.0012285047478,-283.10269076191247,-727.5934780405175,-292.7835605050744,-78.87494518471206,243.59152194277308,986.6461665111076,-589.8313240633305,1229.9882851632499,1868.0862631026075,-1157.0407432663242,1523.0706477756667,232.4475092557402,638.5108853912471,-2409.3255420709747,957.4074660524109,-1379.762873585958,-893.1223040013149,1324.484911562042,456.8265070561856,-1435.0999752072958,-1360.9947822866752,325.0567973556705,-659.2928433149335,-252.26068026985033,978.2591215185355
-98.57625271059277,732.4069602355244,-934.340309438309,-347.45985690604596,-7.257158102146859,533.5155834374326,-574.688768187724,641.6349938983329,-242.6344144194904,278.19035082239907,768.6790065500978,597.7487923992705,273.12485650678,-55.435930451436924,-654.3403131861601,234.25520472864133,-278.4560402577518,780.3012127573729,840.8157583842084,61.992122645561054,676.0250546668161,-126.04004567471073,561.2066894306344,-609.1044272675294,285.93230198255225,-523.6909377054864,418.51320348475207,183.66359697333647,9.961965673176353,276.39231073735954,-356.83449649974125,131.26796756989455,342.6331168888095,137.50367842909404,36.88057809371741,-112.88821035668563,-461.69237801727894,276.3295831114107,-576.248617117917,-874.4673585786929,541.4351431382527,-713.3692839660862,-109.75606145022981,-299.61862316078975,1129.1215176604358,-447.26813817276144,646.2759938091086,417.2746179005641,-620.8584991825632,-213.4783465260278,672.6155034411763,637.3259237898043,-152.9003124530168,309.28627953684884,118.20616281586409,-458.0528786702503
181.86174512657465,-1346.2237667347017,1715.4011257583238,638.8351940658163,15.103287023922844,-977.6217618357856,1055.5588036919657,-1179.0451030702288,445.7261089851955,-511.6895690001459,-1409.8322058494148,-1097.4406067918371,-502.5698869368292,100.8100439259548,1201.4858557283228,-427.4037241817789,512.0819275527115,-1431.7522489798996,-1543.4839203735253,-113.10531937173873,-1241.090196506272,231.98442492723805,-1028.608685604656,1119.2359908038302,-523.6909377054864,962.3017007560775,-767.9247045917298,-337.7004890078852,-17.587028257263334,-508.85458232822646,656.0260926513679,-243.44441104406292,-625.5279656875717,-251.69525211466294,-67.78891601360068,209.47660069537014,848.2883996161204,-507.1535164908218,1057.463052447424,1606.129030989469,-994.8101020911812,1309.4636987534855,199.83138794160774,548.9453230117307,-2071.432605297611,823.1886126607716,-1186.2802577471316,-767.892108437957,1138.7471520624788,392.79628808403123,-1233.8265814112578,-1170.1152069527977,279.46363045099486,-566.8127381761989,-216.85985608148812,841.0493822370768
-144.8064170929404,1074.2584292139218,-1369.468256566317,-509.6774686820827,-11.565091368002197,781.1707218404857,-842.5797037238399,941.0912620235279,-355.7425348759999,408.24669227584457,1126.1016979722067,876.3620838870293,400.7588641045147,-80.95219674319745,-959.1925525386135,342.17856260367074,-408.50124566126624,1143.473236139327,1232.4661993929967,90.53892451269472,990.9281335134424,-185.03616966949915,821.9172149114504,-893.216098285214,418.51320348475207,-767.9247045917298,613.4149117891465,269.33853239035193,14.38639624384783,405.8530226557604,-523.359186851353,193.35145871286858,500.74179799285986,201.3503528731279,54.22007219446612,-166.29226357323736,-677.0421973751678,404.7874462988729,-844.6349100867716,-1282.0579104048923,793.8769215820652,-1045.6587243250021,-160.19131185117016,-438.77467152258,1654.4671324377855,-656.3564172571404,947.1724133127352,612.4136992169775,-909.5428077123112,-313.16419636017326,985.5520783946644,934.3211788037379,-223.58108673731533,453.00226606528145,173.31878614508364,-671.586377395708
-63.88918980380889,472.42092442113807,-601.8745648279681,-224.20617284781653,-5.373170116720259,342.87261628441996,-370.3708247880731,413.69340848590673,-156.4072114472693,179.57170250375432,494.53396232681956,384.97160411003205,176.43032945374028,-35.26031786847388,-421.54962417263044,149.77186084962457,-179.7305609590483,502.2415008507079,541.4836866472809,39.639386540871534,435.41681414377325,-81.41731999157558,360.74065584194943,-392.7546187779414,183.66359697333647,-337.7004890078852,269.33853239035193,118.55067847746813,6.091697233772679,178.59684145665716,-230.25528304334173,85.6268245006765,219.1958372557971,88.20884939291801,23.741933388701725,-73.69910144279464,-297.6586925049824,177.9832473230994,-370.907167934212,-563.5559056222722,349.11137729260815,-459.36998808019723,-69.97767323767513,-192.48454143796866,726.617693171252,-289.0010799918074,416.194843464598,269.54371682016784,-399.45574551515296,-137.91371333987018,432.77602120631536,410.49113825909103,-97.95602859037267,198.76147959985397,76.03246583039734,-295.04240067772406
-3.120961613586746,24.55706538643641,-31.715757458088543,-11.59399836721625,0.06291850717329626,18.517714807349886,-19.430574773496517,21.64771573269476,-8.174783001126848,9.284640892584365,26.41913147819824,20.39785688509876,8.999978631096809,-2.1460266834469732,-22.202860721572126,8.522181848503973,-9.260820754865517,26.73639031738353,28.67078000137107,2.249786704903322,23.0053821717201,-4.166668861486199,19.472552338012708,-20.482154850660617,9.961965673176353,-17.587028257263334,14.38639624384783,6.091697233772679,0.5370245732571173,9.141917205847355,-11.897079747247078,3.8744867640992995,12.420179128198882,4.8929811502532345,1.2882352574100793,-3.2846441328264455,-15.55387728758325,9.34356902417499,-19.778778838445664,-29.564220446646118,18.194314611853468,-24.35699286088942,-4.109546696777654,-10.471039176000348,38.76317893747447,-14.699996550268832,22.00215952901597,13.790814638613636,-21.32991918936235,-7.004689191418335,23.130873277958028,21.71420599702868,-5.463909944544307,10.780346142117805,4.112193095513175,-15.618122339909046
-96.3441388302296,712.0467525187414,-906.6605741518734,-337.9241307265147,-8.608757825381746,516.1506158530153,-558.0730885549294,623.5980677961719,-235.65833920044938,270.78881847449327,744.7550376439691,580.1795716845158,265.9333209095434,-53.06118561615987,-635.1107951878887,225.0897816543255,-270.90410622428203,756.5727579078703,815.8350318107381,59.55892078097322,656.0073500436338,-122.80718561272175,543.2009933119705,-591.8638686476614,276.39231073735954,-508.85458232822646,405.8530226557604,178.59684145665716,9.141917205847355,269.4535482611124,-346.97865429693815,129.33680473248378,329.59603665159375,132.88351925213405,35.921034349915715,-111.29979577701368,-448.57680990271405,267.90830624821524,-558.9009790036071,-849.1301851389518,526.002949871707,-692.1405959251543,-105.14472536019478,-289.8666726445738,1094.4818296842998,-435.64272011388965,626.9378363543024,406.41986470288407,-601.5576441195971,-207.79967396286315,651.8983695663014,618.564397712132,-147.33782826657827,299.35293014880517,114.65127945590126,-444.6642017297888
124.06677612423276,-917.7785577618317,1169.2718196655494,435.54647926667434,10.456294965136413,-666.174257734648,719.5408296219157,-803.7497591780941,303.84888108149886,-348.86853024184074,-960.8222943863711,-748.0074064093255,-342.6965317237252,68.59035733321736,818.9762831621891,-291.04785603515995,349.14181440016364,-975.8113587446356,-1052.034775248303,-77.0234069401858,-845.9421736965771,158.18061822395893,-700.9270364354962,763.0012285047478,-356.83449649974125,656.0260926513679,-523.359186851353,-230.25528304334173,-11.897079747247078,-346.97865429693815,447.27168427569796,-166.21950483303445,-425.9892454398975,-171.45765977799178,-46.19082812859566,143.0459438389024,578.2779914962127,-345.70165603014283,720.7027892358831,1094.8456050804464,-678.182385634144,892.5143764836922,136.02399415089283,374.0359064531004,-1411.7517367158136,561.3430318915733,-808.5738049406463,-523.6053672069368,776.0811748195881,267.8528867525888,-840.8733985329376,-797.5563187244014,190.35372711833543,-386.2266888350649,-147.77742547291865,573.2634810197375
-46.56639064884129,340.789907709312,-432.88292963694374,-161.8671594730587,-4.986361444627921,245.34870638947731,-266.66790343542414,298.1525457539598,-112.67064406528456,129.74353133660438,354.7203242242011,276.79555770553964,127.66584123417968,-24.671417387814593,-303.2696551671099,105.9459859236552,-129.8398296884934,360.6096944923112,389.2383203815515,28.044315799862584,313.0871251052128,-58.9341226450996,258.2593334030362,-283.10269076191247,131.26796756989455,-243.44441104406292,193.35145871286858,85.6268245006765,3.8744867640992995,129.33680473248378,-166.21950483303445,63.25432547169913,155.2826127551238,62.889358464459185,17.085628405852205,-54.53923441231551,-214.49597442243004,127.95506368017857,-266.3432049502756,-405.7404661250716,251.6132251342518,-330.1526633528148,-49.197426948691614,-137.6372094231835,521.4735891985774,-209.24209016790763,299.163427764399,195.04577923886836,-286.5440199006339,-99.81034985763968,310.500551414194,295.1780563304604,-69.6171254494817,142.2241676086822,54.52385775701408,-212.18648639749262
-117.24185458871357,874.6404046680784,-1117.0062180389716,-414.80062740187293,-7.623353990743426,639.0470116378262,-686.7802436728857,766.5283344390684,-289.9003027928901,332.02219227582555,919.9185571170685,714.7569068832395,325.76134205316305,-66.974980572895,-782.2043982573931,281.77865974164365,-332.34378987886316,933.4882319160686,1005.4398347594358,74.56050981973232,808.2893649407223,-150.33549226521066,672.1164384228241,-727.5934780405175,342.6331168888095,-625.5279656875717,500.74179799285986,219.1958372557971,12.420179128198882,329.59603665159375,-425.9892454398975,155.2826127551238,411.9486068647736,164.96131015916325,44.12368413744154,-133.44015023028481,-551.5742605642457,330.3669889635431,-689.3825235928691,-1045.0475228500065,646.7694063365764,-853.1039656054093,-132.32747295501312,-359.00499087301034,1351.0074937913457,-533.3447879620701,772.8053730389281,497.7106859947915,-742.98066749929,-254.59105781960733,804.8987790248798,762.0281209463163,-183.6156185808255,370.4898191999565,141.5032957187671,-547.6580754869115
-47.29574338651477,352.0611549436609,-449.1609307323534,-166.9852354335976,-3.5012267879574184,256.58767819115366,-276.2811204142123,308.5307739793897,-116.62433340737614,133.7456040332062,369.64614631672714,287.521432024321,131.19851770733194,-26.788713489594176,-314.58984870799753,112.75487913483624,-133.81093291265648,375.2616975128377,404.33437499177086,29.829533965644963,325.05621790404825,-60.59060026616541,269.9597106582384,-292.7835605050744,137.50367842909404,-251.69525211466294,201.3503528731279,88.20884939291801,4.8929811502532345,132.88351925213405,-171.45765977799178,62.889358464459185,164.96131015916325,66.24198212389936,17.817547030232195,-54.04954548172905,-221.9515714458027,132.7371219518113,-277.2171520908277,-420.38661442546567,260.2110444845132,-343.07459460772407,-52.89030428301888,-144.18090916388363,543.0223396742222,-214.8375218543909,310.71626261983334,200.5169655613843,-298.54717295323456,-102.5001251702294,323.51371067321776,306.5072292293383,-73.58543896913412,148.82666152456073,56.92901366101414,-220.3201259858511
-12.783328478935951,94.90023027343774,-120.84923055443454,-45.013845117127445,-1.1535919626470994,68.88775861188353,-74.40063194103598,83.17727199659345,-31.40451797181469,36.09808889558893,99.37133507453741,77.45823974268791,35.37877566769607,-7.175257590348148,-84.68081086734948,30.11138126382757,-36.08042947465684,100.95525375937994,108.83373019779357,7.959970562305248,87.49446746314044,-16.37900388150053,72.53455507897891,-78.87494518471206,36.88057809371741,-67.78891601360068,54.22007219446612,23.741933388701725,1.2882352574100793,35.921034349915715,-46.19082812859566,17.085628405852205,44.12368413744154,17.817547030232195,4.862520252614284,-14.683023592744943,-59.80133944535347,35.6369325010923,-74.64548845208012,-113.19727235358069,70.06153535775029,-92.34948334613404,-14.108976003927,-38.74368359724781,146.0415492609549,-57.94333680741581,83.59486428330294,54.115116009617616,-80.24536733655611,-27.614880727500765,87.02046689994759,82.54350808103852,-19.706234603806532,40.00194439396431,15.354536191261321,-59.35186080424266
40.113161014945064,-293.2374605078818,372.4143465570648,139.29561964642673,4.330876793109686,-211.00163398433293,229.42822998353813,-256.50903159555907,96.94556188194905,-111.63866708609461,-305.1077505343678,-238.08776707074352,-109.8901811226073,21.16409300522271,260.9036246303972,-91.04269434702421,111.74183007662774,-310.17585434987313,-334.822688101711,-24.10144463687925,-269.3321636415808,50.721810433333715,-222.0954003459949,243.59152194277308,-112.88821035668563,209.47660069537014,-166.29226357323736,-73.69910144279464,-3.2846441328264455,-111.29979577701368,143.0459438389024,-54.53923441231551,-133.44015023028481,-54.04954548172905,-14.683023592744943,47.03923051789866,184.55251644058677,-110.10416814234951,229.0745182184369,349.08328796329573,-216.5049527138617,283.98682798871835,42.248816360036855,118.34307430699256,-448.5266362494792,180.11412683981976,-257.36043951488915,-167.86677876560296,246.46690628417963,85.92690630921942,-267.05727917590207,-253.91229991801322,59.84221254994927,-122.29030834442628,-46.87416057728353,182.5129822708903
160.2751746284334,-1186.7456956335193,1512.2139836125516,563.1399728177686,13.306897746438628,-861.8896737574687,930.5334902147255,-1039.4175293705043,392.9227023206184,-451.078387731895,-1242.9080258334056,-967.5268609698288,-442.9898394706308,88.93892501718898,1059.1856014084153,-376.86235426033585,451.4002550633443,-1262.237225365142,-1360.7198582377562,-99.72596450576586,-1094.118597861391,204.50489365433359,-906.8626904929208,986.6461665111076,-461.69237801727894,848.2883996161204,-677.0421973751678,-297.6586925049824,-15.55387728758325,-448.57680990271405,578.2779914962127,-214.49597442243004,-551.5742605642457,-221.9515714458027,-59.80133944535347,184.55251644058677,747.8091724874816,-447.03764702590274,932.3023875832334,1415.8869955840767,-876.9395259288123,1154.4218501943944,176.23102618241276,483.99742834676636,-1826.1845008211847,725.5910501312256,-1045.7855855001285,-676.8888779795539,1003.9103385482754,346.2102136665422,-1087.766670145623,-1031.5746140908066,246.40933189135816,-499.74558447196557,-191.22026495366683,741.480800149971
