V1,V2,V3,V4,V5,V6,V7,V8,V9,V10,V11,V12,V13,V14,V15,V16,V17,V18,V19,V20,V21,V22,V23,V24,V25,V26,V27,V28,V29,V30,V31,V32,V33,V34,V35,V36,V37,V38,V39,V40,V41,V42,V43,V44,V45,V46,V47,V48,V49,V50,V51,V52,V53,V54,V55,V56
1.4589889484798515,-1.8456173841383818,-0.12866525404550885,1.24758802853565,1.958546020370144,2.7107896376096936,0.40580407144361963,-0.7185413054396622,0.3652518496600951,-0.9624330170757275,2.230131840482412,0.8358760520088551,-1.728942819124775,-1.7451580287556787,-0.04900227476187471,3.7168392381707163,1.200358889844655,1.7562105215405317,0.9976761839445276,0.9449019528604476,0.4926531216201056,0.6952049787080845,2.83549439196648,1.1600026012969213,1.6868452689165434,1.1567579581679177,1.2681953562292951,-0.9153976687144362,1.310468402268529,-1.480824511955716,1.355586527552676,-3.7676064763701813,5.168328050811316,1.5100075861830928,0.26956087073513674,3.5567584567681165,0.6869720076431021,-0.23547324945034037,-1.5498203018376995,0.6369666462934059,-1.1279836380329398,-1.0618162987875814,-2.5088597550430767,-2.013271758309045,3.0209235509118666,3.0788124857946078,0.5133037842564393,-2.3481209889534993,-1.742573216955407,1.5616023635908813,2.0650087497897576,0.652873738247984,-1.793983178134512,1.8958304843063423,0.695039242031216,-0.559223396146569
-1.8456173841383818,3.138644152601847,0.728194377330187,-1.8324882437012275,-4.265239607568722,-4.63212828246676,-0.699684040892169,2.158574402790835,-0.4171326257984583,2.056072127335006,-3.666567112487418,-0.05235311177496795,2.265810124585763,2.0276308308277304,0.06414631998440755,-6.229106416415936,-1.7291584484057372,-2.2617307926260044,-0.8728142799539812,-1.6746226698463762,-0.4879422334338663,-1.3281279804095678,-4.17040046725484,-1.754558496470738,-3.118054145386428,-1.4651642492239496,-0.9895792843376428,0.8568905002366743,-1.4679469228904884,3.1738875897923857,-1.6782594404518731,5.247145932938428,-8.083256079042904,-1.5726769904891156,0.39982238226104816,-4.734527370755022,-1.2173651025058576,-0.8609959897948497,1.1655368891194278,-0.9319872019379984,1.2432374984222898,0.8486193745419632,3.787534874551386,2.6140624723729196,-4.148924881627019,-4.103401166045354,-1.0017876389239673,3.788559448422345,2.950723351550419,-1.6301954501219895,-2.647596504245463,-0.15242543569831982,2.8954232034107212,-2.3606653690019046,-0.24580516719418727,-0.11124285683617048
-0.12866525404550885,0.728194377330187,0.8879557806041933,-0.2618929587324037,-1.9073056471875347,-1.5813692301582385,-0.03418702198338406,1.0550061413752603,0.0769502227543554,0.7927775739973933,-1.2518794879678616,0.7035636063733973,0.15600463779581286,-5.235924420475802e-4,0.22372961146364936,-1.8917278730359137,-0.24397264615252542,-0.4683883415396565,-0.026258575794306828,-0.5724776965128685,-0.14559637882713983,-0.48945222937912874,-1.0083164421230373,-0.192242425527372,-1.1975264099364642,0.06026711926041699,0.3588938958203798,-0.28322525546289823,0.0414398677118864,1.2883453208525324,0.031042191340743933,0.7758775310774232,-2.0634430736954825,0.15272594007805634,0.7185609907357025,-0.5388532171470491,-0.264643159380529,-1.1991133865770836,-0.44315910887576293,0.08891187560847073,-0.2585934281115835,-0.10826498848334432,0.8621557698274327,0.3529623760665738,-1.0105859283473768,-0.34303438532428027,-0.6008296533271326,0.8649060590827734,1.0972907653348967,0.24183886153759898,-0.4434145396678668,0.37728542044226004,0.8025722376853892,-0.26010618296941873,0.5005220834424421,-0.5635219528841044
1.24758802853565,-1.8324882437012275,-0.2618929587324037,1.149059133480654,2.2172822364288423,2.677673808878001,0.4125901292828355,-1.0046289499415135,0.30174090519115665,-1.0847587424495015,2.156788478027794,0.40399570126581213,-1.5080395593312106,-1.4406729268583611,-0.03147377669802738,3.6421068646021975,1.0933045528683172,1.5022623824337225,0.7181766673885813,0.9528310400040165,0.3687784488133457,0.7278039036345488,2.596531271093321,1.0891864427769848,1.7381149979875388,0.9998002351576134,0.8971837515602552,-0.6989294868489305,1.0623976178850523,-1.6682217467552107,1.1569677064508168,-3.3742020047791947,4.891865118378766,1.19122956011305,0.012688689508744971,3.1168682630160696,0.6987560504801824,0.14189727283591758,-1.0796478097730196,0.5956920402665438,-0.92110136695947,-0.7428787824927701,-2.332731453753573,-1.7395361284367687,2.661446041564465,2.7074382036736178,0.5354401605338079,-2.266317168600328,-1.7062239054985981,1.2345780657299932,1.7691523943409282,0.3450143329527286,-1.7263519055010668,1.6048412219699784,0.4010973104744363,-0.22035111385205047
1.958546020370144,-4.265239607568722,-1.9073056471875347,2.2172822364288423,7.144283017641925,6.92704656928901,0.811957858133269,-3.873704860940463,0.29730651136720104,-3.323627002762938,5.471183304946765,-1.1283980507747329,-2.4740311564501507,-1.9805898614067974,-0.30795684458378636,9.0113748010971,2.0644167795517308,2.796059363604982,0.6885911015578448,2.5161541176617295,0.5813368842137029,2.006915192557409,5.56507672862941,2.087487080013236,4.880347175492693,1.4078532443612375,0.38258905555539346,-0.4565111047792352,1.3253107573656098,-5.188323995570127,1.6516141389087202,-6.338507085406153,11.106894931482808,1.2980746684295108,-1.434017137243128,5.4334663677558614,1.6361273917553611,2.652848446267104,-0.37162146592378287,0.865349715164269,-0.9070127648463137,-0.46637760076708595,-5.024689521723862,-3.047789049971031,5.358049569686481,4.598426644217691,1.8181861787518871,-5.124942244891625,-4.476544523270136,1.2050715549779698,3.1791650700728824,-0.5480020278860566,-4.098440503894867,2.6191245760808504,-0.580806436018166,1.118357790744984
2.7107896376096936,-4.63212828246676,-1.5813692301582385,2.677673808878001,6.92704656928901,7.570008798778359,0.8674664696488215,-3.3543262763322645,0.5010195727686695,-3.255500139170029,6.141766290206558,0.07737588397009638,-3.3313241381819734,-3.0668366349557137,-0.35764086554067154,9.95284664934269,2.525126017817678,3.73877706468834,1.4978212103403024,2.6866210567412936,0.9622008378919659,2.0130579095783245,6.713382764542934,2.4754895795213154,5.108993874449168,2.0081722470427605,1.5547273050458323,-1.183249488961096,2.148620807004015,-5.070517121612812,2.4037985246765414,-8.025777455815772,12.849076291895052,2.3799980498960975,-0.7029184243445887,7.1638264995575724,1.7184164112511418,1.6942810978462424,-1.8158519500495103,1.0604185709591434,-1.6379618161415257,-1.3759145532477408,-5.950744275392335,-4.10017450105008,6.751361144502979,6.096211734596133,1.8714431944334198,-5.804382154548745,-4.899913065253461,2.266759819414462,4.306562595732465,0.3096369621871076,-4.656145546153219,3.661563816847847,0.24285875731286855,0.2449462246813567
0.40580407144361963,-0.699684040892169,-0.03418702198338406,0.4125901292828355,0.811957858133269,0.8674664696488215,0.1964609979247419,-0.45443290264850694,0.11679057061982888,-0.4182247079207964,0.6561240810049552,0.006009511787496125,-0.5065236644593937,-0.43548655230253536,0.051087259059170255,1.2198932281166672,0.38674351540309254,0.40346229071255935,0.12752826418703084,0.3246024664247085,0.04525478959483055,0.27455140991944105,0.8007104993869337,0.4192713269732875,0.5818594994982039,0.3642436981146647,0.2006295658314269,-0.2152885217627353,0.3239302802872951,-0.6310440531827295,0.39446001070920517,-1.1050921809896652,1.6014476090716958,0.3384660294514759,-0.05290857585090145,1.0090239712802953,0.28787750169323073,0.09402121996018514,-0.23365160984602149,0.2803036391985203,-0.3276753204313374,-0.1410825694297207,-0.7625696630546225,-0.5237899152576577,0.7588191723805707,0.9074043427594012,0.13018651723738547,-0.8031269689345524,-0.5275362802238968,0.38916731511470215,0.4950669979289242,0.006398111544760069,-0.565475545041641,0.47640238635113447,0.0760970063062783,0.021750327165224757
-0.7185413054396622,2.158574402790835,1.0550061413752603,-1.0046289499415135,-3.873704860940463,-3.3543262763322645,-0.45443290264850694,2.3285932495764636,-0.08826505773674592,1.8197294543115892,-2.5590157814693284,1.1525352663953792,0.9698650491943722,0.5904246639501664,0.08414375392735558,-4.35788737742969,-0.914744277783753,-1.0123242457953288,0.06314396166316172,-1.2544228867060694,-0.08529601004118181,-1.056031793239139,-2.417021356321887,-0.9918718136658303,-2.46489490275892,-0.5379512740631418,0.3168933186160612,-0.039972475372641286,-0.34731601537383827,2.8275030063027473,-0.592029590626698,2.6568459654156227,-5.129250210327752,-0.22622349202248723,1.0521615132506055,-2.1517532822510685,-0.8647842611406031,-1.7782485098244651,-0.45578676913363486,-0.4452240677320224,0.22421196810999203,-0.21333581556511014,2.261959186724355,1.1442772569780197,-2.1343734951941262,-1.8435514904025532,-0.8838767384088974,2.4671716150558987,2.1336021163376566,-0.20367534114439997,-1.1528281299683445,0.7071567003261393,1.9311187909127563,-0.9139949236688212,0.6670078950021305,-1.0101716251941644
0.3652518496600951,-0.4171326257984583,0.0769502227543554,0.30174090519115665,0.29730651136720104,0.5010195727686695,0.11679057061982888,-0.08826505773674592,0.1115050103132558,-0.16362107898642247,0.4014674479018878,0.2624830813545809,-0.4293852893068725,-0.43376200000641185,0.02852188707039724,0.7312847372179961,0.29165565330004606,0.37475230416079414,0.2358265986718869,0.17731647816790944,0.09259935273586459,0.1395212603390442,0.5921519592365563,0.2912422571398557,0.29200236892154835,0.3125231561526306,0.3359346975283656,-0.257777384806545,0.3386557762584743,-0.24334402923658247,0.35247257598174697,-0.8718233989206409,1.0697324347784714,0.3862609549056126,0.12514446752427014,0.8475680478093679,0.16429908140465088,-0.18547911507328754,-0.41518061893083474,0.20053157899184548,-0.3222950698272338,-0.27027152407622884,-0.5388834609958384,-0.46152191531957,0.6382254027347443,0.751460733264227,0.04932432732663792,-0.5106728021887412,-0.31154197807671236,0.42904246601415846,0.4527858876897387,0.1854541566018612,-0.3576035406585368,0.4474972520166777,0.22521330484603233,-0.19330778208216765
-0.9624330170757275,2.056072127335006,0.7927775739973933,-1.0847587424495015,-3.323627002762938,-3.255500139170029,-0.4182247079207964,1.8197294543115892,-0.16362107898642247,1.576945417349025,-2.571884294291514,0.4732516509928143,1.2324834977868873,1.0059327981475514,0.10351346194274712,-4.270563733458807,-1.0049351793229544,-1.3201001370712453,-0.3067758349874736,-1.1837655208401023,-0.2507610085752445,-0.9265659046630804,-2.652115333664394,-1.0394131123573098,-2.28257256676969,-0.7352720767335402,-0.25037223391676783,0.2890394101522377,-0.6688848731719765,2.4447205431829913,-0.8541324384054269,3.0934077222325937,-5.312547366469569,-0.6846136297121472,0.5957531233001899,-2.66379605431146,-0.7914176260178276,-1.1452979571684385,0.24813495249577378,-0.4663497933047569,0.5183293256739953,0.21646197598914516,2.4103062428650457,1.4808979936899316,-2.5080933762766473,-2.2877684464807304,-0.8117146585326322,2.476933074982216,2.0772850843233863,-0.6458754499529361,-1.527672310742829,0.23649168635289303,1.959133029062921,-1.270254453363458,0.2231061758360552,-0.5040826764195433
2.230131840482412,-3.666567112487418,-1.2518794879678616,2.156788478027794,5.471183304946765,6.141766290206558,0.6561240810049552,-2.5590157814693284,0.4014674479018878,-2.571884294291514,5.039692139550543,0.27112089059577493,-2.7397947014194237,-2.594485927092223,-0.33060904885905373,8.05530002812689,2.035037624722032,3.1412602072191187,1.3275914789863943,2.160266288474219,0.852874380938243,1.5649002248618504,5.5293278683134535,1.9750393303507927,4.111336852684658,1.6427276373569841,1.4396014312526142,-1.0420658970314691,1.8066987039131686,-4.006568834034477,1.9943849018624906,-6.595675630223317,10.486556875363839,2.057914432775824,-0.4234193138502608,5.906677422337296,1.3340638816856467,1.2227768682829807,-1.6850240851727065,0.8002227728988675,-1.3741425335184756,-1.2337851349314615,-4.861491689404761,-3.4185480187085697,5.591671559445722,5.018376845628279,1.5347000839102227,-4.682920337680604,-3.9814596599977263,1.9199486764144065,3.621721662521323,0.40187397745916514,-3.800855747018764,3.0568237289584124,0.30753077628710185,0.06589495869493117
0.8358760520088551,-0.05235311177496795,0.7035636063733973,0.40399570126581213,-1.1283980507747329,0.07737588397009638,0.006009511787496125,1.1525352663953792,0.2624830813545809,0.4732516509928143,0.27112089059577493,1.7925891039328496,-0.9250661224455887,-1.2859571351115606,-0.010815596454202811,0.26527262987819544,0.4212090800951673,0.9694918184002014,1.030398130524156,-0.05418971715631148,0.4431386327147254,-0.20976887729073093,0.9414071555529085,0.32529982598968477,-0.2554454548577885,0.696245176301028,1.573829621273774,-0.9652958652644951,1.0021473631608444,0.7580258573224757,0.8724760815151282,-1.6326025517016747,1.1343330560843699,1.3543675423430053,1.1755933662863889,1.800515374638688,-0.05292495008244985,-1.6536059827075111,-1.9529944579367493,0.209005358310593,-0.934492206778234,-1.2017598045361282,-0.7103090464803794,-1.1090846482662426,1.2997171624195958,1.5795978096762724,-0.15882738988495185,-0.37124416880800065,-0.055192029621093444,1.357287343260081,1.183637254036624,1.2401303712096812,-0.29559329829866965,1.1486753993343082,1.2164544005149434,-1.3404129059867544
-1.728942819124775,2.265810124585763,0.15600463779581286,-1.5080395593312106,-2.4740311564501507,-3.3313241381819734,-0.5065236644593937,0.9698650491943722,-0.4293852893068725,1.2324834977868873,-2.7397947014194237,-0.9250661224455887,2.075911396190154,2.084058074930853,0.04410388886467771,-4.56476147640438,-1.4416700366424995,-2.084303515749043,-1.122919215091244,-1.1642844563293353,-0.5604361297673649,-0.8388535008693467,-3.432615034779571,-1.4164860595143332,-2.090020624838365,-1.3950985642320024,-1.486365305058711,1.0944345333326768,-1.542384470387005,1.8863148222485138,-1.6337065385395044,4.549634673884363,-6.318379495465298,-1.7940355192586073,-0.3043294430519969,-4.266806332898324,-0.8434031465687897,0.2147682685924813,1.7978621473341017,-0.7751061333771291,1.3570440883022206,1.1919927399226098,3.049119442223414,2.4100397321371445,-3.5853565880339566,-3.7124523308430666,-0.6274258328839133,2.8868140587757796,2.120721808751287,-1.8374404827078055,-2.467997616350488,-0.7195638713086387,2.2089331530227136,-2.2479726209279636,-0.7791560327107206,0.5812974843089324
-1.7451580287556787,2.0276308308277304,-5.235924420475802e-4,-1.4406729268583611,-1.9805898614067974,-3.0668366349557137,-0.43548655230253536,0.5904246639501664,-0.43376200000641185,1.0059327981475514,-2.594485927092223,-1.2859571351115606,2.084058074930853,2.198793357892027,0.06671933756906002,-4.217265900275299,-1.3837138599678798,-2.142255693788277,-1.2724430560940971,-1.0456608622172912,-0.6333669844757376,-0.6876676105775086,-3.358801050407967,-1.3338030933391274,-1.8501777935675396,-1.407010641358577,-1.7455989181579181,1.2223316454807693,-1.624562674551681,1.5324167794387786,-1.6752765487607277,4.503206278574213,-6.025681820592794,-1.9577865529400775,-0.5773254321815577,-4.278015747783765,-0.725425370556827,0.5776115933336256,2.1157476082478617,-0.7075882758377784,1.4339305605871024,1.368476361596943,2.9374016456805547,2.4568861888547904,-3.5758050793677962,-3.719904341613835,-0.5570342932774042,2.6945154589222433,1.9552143182861774,-1.966424621268562,-2.5448455150333738,-0.9658592303331461,2.091050743172528,-2.3092918861422613,-0.9913219299630909,0.8441287771833572
-0.04900227476187471,0.06414631998440755,0.22372961146364936,-0.03147377669802738,-0.30795684458378636,-0.35764086554067154,0.051087259059170255,0.08414375392735558,0.02852188707039724,0.10351346194274712,-0.33060904885905373,-0.010815596454202811,0.04410388886467771,0.06671933756906002,0.10729141148706221,-0.3952948590093531,-0.03460279574820446,-0.20949660160562772,-0.13021469872098515,-0.11187228838625521,-0.11368258015579583,-0.0644170252579554,-0.2913000325754217,0.01001160060633061,-0.24412803828173557,0.031186316520167876,-0.0506998711485229,-0.023635719204026837,-0.036803994933767716,0.1842494260337097,-4.12496555986735e-4,0.20957615409833422,-0.4821986597871957,-0.050162076085050265,0.07031010147815027,-0.17171434828695722,9.596774106699834e-4,-0.17544562125468163,0.06587738875065377,0.09679010487057442,-0.05745105161238107,0.09950879717815166,0.20749371108094053,0.14789957135596415,-0.3562023384347723,-0.09411452136998939,-0.17040120517885074,0.14118885928157202,0.27013354922098587,0.006619183129716911,-0.2066046469869166,-0.04891303773279281,0.1846397453409742,-0.13017985699518322,0.027800461622985675,-0.003490511167736687
3.7168392381707163,-6.229106416415936,-1.8917278730359137,3.6421068646021975,9.0113748010971,9.95284664934269,1.2198932281166672,-4.35788737742969,0.7312847372179961,-4.270563733458807,8.05530002812689,0.26527262987819544,-4.56476147640438,-4.217265900275299,-0.3952948590093531,13.166011075727658,3.4363580957703173,4.981296689467185,2.026857468861127,3.5384396517401884,1.2517820564164197,2.6611718784559253,8.933153294061468,3.393672214314504,6.685782010094987,2.812891501055934,2.206852289630148,-1.709402271064854,2.9793009016923513,-6.632790237887867,3.336642635223794,-10.847661755132076,17.092471401493384,3.306232290655306,-0.7918742838484488,9.732891185286705,2.327357247680786,1.9907313710058496,-2.587512813638605,1.5428181084599446,-2.353415101336095,-1.9051067065362752,-7.950174038536585,-5.533770894156772,8.977960062516297,8.326887977826809,2.3748993922104087,-7.773558135895337,-6.414808816665037,3.209877285111009,5.768914465320539,0.49769285268585634,-6.171042482161183,4.963505446905592,0.4712355511266389,0.19277020231184522
1.200358889844655,-1.7291584484057372,-0.24397264615252542,1.0933045528683172,2.0644167795517308,2.525126017817678,0.38674351540309254,-0.914744277783753,0.29165565330004606,-1.0049351793229544,2.035037624722032,0.4212090800951673,-1.4416700366424995,-1.3837138599678798,-0.03460279574820446,3.4363580957703173,1.0434740862970795,1.44393474798649,0.7140619537906694,0.8972797790966658,0.3636929193889163,0.6902676329697868,2.4688141926396683,1.0317252709857594,1.6321695515669155,0.9544642863476331,0.8759355488483322,-0.6733293837939337,1.0279810820272226,-1.5484681067090016,1.1051523736666826,-3.214713916679767,4.628198476228441,1.1490616428159153,0.0262753453412373,2.980274040775181,0.6590226756901862,0.1023957005868159,-1.0604906545148391,0.5651668814083377,-0.8822456803546056,-0.7413220998753292,-2.2135769737493933,-1.6656416459694718,2.5551934866282364,2.582924722970763,0.5049413748579377,-2.138580564882179,-1.615388263762949,1.1961140717080543,1.695446822356741,0.3569436257042691,-1.6277551865651123,1.544149168152296,0.4073903319048893,-0.24735758542920175
1.7562105215405317,-2.2617307926260044,-0.4683883415396565,1.5022623824337225,2.796059363604982,3.73877706468834,0.40346229071255935,-1.0123242457953288,0.37475230416079414,-1.3201001370712453,3.1412602072191187,0.9694918184002014,-2.084303515749043,-2.142255693788277,-0.20949660160562772,4.981296689467185,1.44393474798649,2.351761158518606,1.3115771513188241,1.2827067221128758,0.7283624067864565,0.8897371656559949,3.765400385766659,1.3475281042921339,2.3647467134186857,1.3091017668901346,1.5595915456525127,-1.0458842453032553,1.566081914073746,-2.058578743062191,1.5934707247774242,-4.729595472787275,6.824742890575974,1.8429445979312233,0.229138934376415,4.4062125468677005,0.7997482645731291,0.0036416637191643204,-1.8942783892076402,0.5955610893943287,-1.2419410790107124,-1.3359401571791472,-3.25964162197244,-2.5722032814446405,4.022405905861296,3.7491452366574385,0.8579539472082556,-2.988697021246701,-2.4453836306008205,1.7939638960358517,2.7225088746282324,0.8105208209820858,-2.4080280187150755,2.3905420188785804,0.7465855649377953,-0.5989201971319247
0.9976761839445276,-0.8728142799539812,-0.026258575794306828,0.7181766673885813,0.6885911015578448,1.4978212103403024,0.12752826418703084,0.06314396166316172,0.2358265986718869,-0.3067758349874736,1.3275914789863943,1.030398130524156,-1.122919215091244,-1.2724430560940971,-0.13021469872098515,2.026857468861127,0.7140619537906694,1.3115771513188241,0.9649544023290791,0.48319859605055465,0.4912140127122218,0.30604609160989543,1.8170021261590743,0.6049641080825152,0.8387264557432821,0.718455568557029,1.1529898233370914,-0.707402218462285,0.9786435975720135,-0.49370687816091186,0.8914107816397616,-2.3963948061036433,3.0286881533629226,1.1788670961062202,0.44978327690070496,2.3494541771700868,0.2817719023076104,-0.5439191353184042,-1.4403331172790041,0.2684083475301126,-0.760616307917459,-1.0301914368796121,-1.5158148519440737,-1.4051229281800508,2.1386359357495577,1.9756090366590189,0.3187561160255123,-1.250173608774333,-1.019056608441119,1.175236880788563,1.5052012315892138,0.7919466683219948,-1.0192787236119494,1.369692932806686,0.7312149515008507,-0.7622763067134704
0.9449019528604476,-1.6746226698463762,-0.5724776965128685,0.9528310400040165,2.5161541176617295,2.6866210567412936,0.3246024664247085,-1.2544228867060694,0.17731647816790944,-1.1837655208401023,2.160266288474219,-0.05418971715631148,-1.1642844563293353,-1.0456608622172912,-0.11187228838625521,3.5384396517401884,0.8972797790966658,1.2827067221128758,0.48319859605055465,0.9604502985537471,0.31257886613731617,0.7364378550244312,2.3489514800749753,0.8886576655655427,1.8264174838878808,0.7049184470290333,0.48327699021553194,-0.3883576232534403,0.7338880744301459,-1.8425595128882355,0.8342161875134212,-2.810855801195968,4.5350276490180805,0.7947120987287134,-0.30278017933884466,2.499128073686548,0.6301456289680196,0.6612463715493482,-0.5610396915855591,0.3955771161236275,-0.5622686833157213,-0.43714833347335263,-2.09674529349983,-1.4171258965335463,2.344714783569163,2.13088599992604,0.6585838138467446,-2.0685748022964727,-1.7350898269088635,0.7681871096277845,1.4776908096478223,0.050154759218715615,-1.6446661338428397,1.2617128328676923,0.04068763885042381,0.14278664586459205
0.4926531216201056,-0.4879422334338663,-0.14559637882713983,0.3687784488133457,0.5813368842137029,0.9622008378919659,0.04525478959483055,-0.08529601004118181,0.09259935273586459,-0.2507610085752445,0.852874380938243,0.4431386327147254,-0.5604361297673649,-0.6333669844757376,-0.11368258015579583,1.2517820564164197,0.3636929193889163,0.7283624067864565,0.4912140127122218,0.31257886613731617,0.27959672088189325,0.1920583604463989,1.0458094170463,0.298661834786574,0.5779007844111552,0.3281301400640005,0.5482617337700898,-0.31571288868424674,0.4694483753874047,-0.405812457049845,0.4265416766593726,-1.274942275047267,1.7802878261830815,0.5733605742740456,0.15219498748988966,1.2151282543373743,0.1489401592953265,-0.1123527268201308,-0.6787827663732885,0.08311060849115139,-0.32857893176134134,-0.5003558289971503,-0.8615593804364635,-0.7472273164572847,1.2005366474750803,1.0025441641746553,0.25537214745830383,-0.7161650987287341,-0.6581142461049527,0.5339047359357809,0.8239842896922053,0.36298627578326775,-0.62015685463062,0.7103177140036584,0.2974688240718577,-0.3073622786498829
0.6952049787080845,-1.3281279804095678,-0.48945222937912874,0.7278039036345488,2.006915192557409,2.0130579095783245,0.27455140991944105,-1.056031793239139,0.1395212603390442,-0.9265659046630804,1.5649002248618504,-0.20976887729073093,-0.8388535008693467,-0.6876676105775086,-0.0644170252579554,2.6611718784559253,0.6902676329697868,0.8897371656559949,0.30604609160989543,0.7364378550244312,0.1920583604463989,0.6285740716161068,1.6941014351549935,0.6848216342464625,1.3962520660376907,0.5059663990508163,0.20431476886560193,-0.20496985879552057,0.5065679184667772,-1.451258422295578,0.5749914892554383,-2.0289142487982117,3.327353090786735,0.48059078243984843,-0.377320159732655,1.797337033299348,0.523291470238532,0.6360114502295543,-0.24526419178430134,0.33989179103582534,-0.3647053214535428,-0.2669480999308553,-1.5403217939486158,-0.9888919480749822,1.70794112640184,1.5229846143717443,0.4917889902311072,-1.5547637936907999,-1.3113113239240282,0.5121490131793115,1.007128809991299,-0.0749479279233177,-1.1988471312017528,0.8886638353948998,-0.05558383456493675,0.19237604265446567
2.83549439196648,-4.17040046725484,-1.0083164421230373,2.596531271093321,5.56507672862941,6.713382764542934,0.8007104993869337,-2.417021356321887,0.5921519592365563,-2.652115333664394,5.5293278683134535,0.9414071555529085,-3.432615034779571,-3.358801050407967,-0.2913000325754217,8.933153294061468,2.4688141926396683,3.765400385766659,1.8170021261590743,2.3489514800749753,1.0458094170463,1.6941014351549935,6.391038361987157,2.3877451734955892,4.379881041062195,2.155399235961475,2.1430325727657498,-1.5373583013044434,2.4131817081185556,-4.115701992236394,2.5841835116897642,-7.9374755437990014,11.925136550989075,2.779430617773,-0.04548340500330569,7.2629588707839625,1.5227087053629356,0.6567556569191856,-2.5620644717683083,1.0926549265226588,-1.9449055505542179,-1.8026722848929262,-5.622042221413555,-4.176147463557317,6.5938509686841815,6.216805181127098,1.5459649645942761,-5.344491775416184,-4.340177308088471,2.707760446273275,4.37648339834915,0.8699761866602816,-4.257898469605163,3.8130621601918047,0.8256089398678959,-0.44554217665208895
1.1600026012969213,-1.754558496470738,-0.192242425527372,1.0891864427769848,2.087487080013236,2.4754895795213154,0.4192713269732875,-0.9918718136658303,0.2912422571398557,-1.0394131123573098,1.9750393303507927,0.32529982598968477,-1.4164860595143332,-1.3338030933391274,0.01001160060633061,3.393672214314504,1.0317252709857594,1.3475281042921339,0.6049641080825152,0.8886576655655427,0.298661834786574,0.6848216342464625,2.3877451734955892,1.0514040782333705,1.6130404218836893,0.9593878642821956,0.8026721942371956,-0.6587658037216516,0.9806197690581302,-1.5882357865866903,1.0958903044366426,-3.148885457988551,4.550969083858776,1.0955627515104156,0.005994291055101447,2.902449801602908,0.6790456208535275,0.13104478914928602,-0.9576915184950511,0.6038416728583956,-0.8863973199332993,-0.633452072176911,-2.1696479330894527,-1.5988460242174078,2.402369649211529,2.5444737344318527,0.4641327311892193,-2.143889789183829,-1.5574528337728557,1.1510124158442763,1.604474121735854,0.27160520796320653,-1.6072954472114875,1.4681775922343197,0.35428239310257803,-0.16077032746128256
1.6868452689165434,-3.118054145386428,-1.1975264099364642,1.7381149979875388,4.880347175492693,5.108993874449168,0.5818594994982039,-2.46489490275892,0.29200236892154835,-2.28257256676969,4.111336852684658,-0.2554454548577885,-2.090020624838365,-1.8501777935675396,-0.24412803828173557,6.685782010094987,1.6321695515669155,2.3647467134186857,0.8387264557432821,1.8264174838878808,0.5779007844111552,1.3962520660376907,4.379881041062195,1.6130404218836893,3.5014232920486963,1.233465905656694,0.7805123306374421,-0.6310527903337331,1.2781140211728652,-3.5595325927210224,1.4717209065637624,-5.142056701384999,8.49429208977247,1.3745821921297632,-0.6796961709642619,4.529914899372136,1.168017367169987,1.4352575061222586,-0.8921596856536794,0.675200109716398,-0.9416902353813433,-0.7254702928820315,-3.901227582271378,-2.581303302961528,4.346021418689739,3.8444664462408746,1.29744402068394,-3.8576738339649883,-3.307785275808218,1.29525376296151,2.710672830501711,-0.0022841454966547737,-3.0986255959703572,2.27813892941733,-0.046661885830676396,0.3966021072021172
1.1567579581679177,-1.4651642492239496,0.06026711926041699,0.9998002351576134,1.4078532443612375,2.0081722470427605,0.3642436981146647,-0.5379512740631418,0.3125231561526306,-0.7352720767335402,1.6427276373569841,0.696245176301028,-1.3950985642320024,-1.407010641358577,0.031186316520167876,2.812891501055934,0.9544642863476331,1.3091017668901346,0.718455568557029,0.7049184470290333,0.3281301400640005,0.5059663990508163,2.155399235961475,0.9593878642821956,1.233465905656694,0.9760203501206072,1.0356326894662966,-0.7876363982959381,1.0491398952081008,-1.1083432881322794,1.1254620085020448,-2.975282417015698,3.9695661988934914,1.228127576349144,0.3031977971790529,2.8166228117104892,0.5551609841758051,-0.3247738551967257,-1.2512058372017005,0.577093613668286,-0.9784150015593948,-0.7898745537200392,-1.9371438603483322,-1.5673311396956666,2.233909993225301,2.4837505357183045,0.31107345621245686,-1.850897077233512,-1.2533771073078155,1.2867750020657789,1.5766450470661812,0.5102809450684916,-1.3745748201721524,1.470638773444557,0.5916214555694905,-0.4516526817842021
1.2681953562292951,-0.9895792843376428,0.3588938958203798,0.8971837515602552,0.38258905555539346,1.5547273050458323,0.2006295658314269,0.3168933186160612,0.3359346975283656,-0.25037223391676783,1.4396014312526142,1.573829621273774,-1.486365305058711,-1.7455989181579181,-0.0506998711485229,2.206852289630148,0.8759355488483322,1.5595915456525127,1.1529898233370914,0.48327699021553194,0.5482617337700898,0.20431476886560193,2.1430325727657498,0.8026721942371956,0.7805123306374421,1.0356326894662966,1.6895852836260812,-1.1037009913688307,1.3024769669400285,-0.35995351045459534,1.2660193705718563,-3.0406423160492673,3.553218683706679,1.6683433472067675,0.9157562185062377,3.009346702206845,0.30748653912768575,-1.1392868606053381,-2.0630695795573164,0.4253458839496607,-1.1783095388899443,-1.2839100980189928,-1.805702661633517,-1.7795910957240395,2.418308619226577,2.624902175363514,0.20352552135871452,-1.5040188458713726,-0.9908614596714815,1.649370802518771,1.8730936834345095,1.1258263979710086,-1.1901095460478348,1.7187727769936274,1.1122237616669495,-1.100809272881647
-0.9153976687144362,0.8568905002366743,-0.28322525546289823,-0.6989294868489305,-0.4565111047792352,-1.183249488961096,-0.2152885217627353,-0.039972475372641286,-0.257777384806545,0.2890394101522377,-1.0420658970314691,-0.9652958652644951,1.0944345333326768,1.2223316454807693,-0.023635719204026837,-1.709402271064854,-0.6733293837939337,-1.0458842453032553,-0.707402218462285,-0.3883576232534403,-0.31571288868424674,-0.20496985879552057,-1.5373583013044434,-0.6587658037216516,-0.6310527903337331,-0.7876363982959381,-1.1037009913688307,0.7731849528792767,-0.9103213271407865,0.4142941607444474,-0.9323706112182992,2.2318388677928525,-2.661344705623483,-1.1432221076715,-0.5729461172929112,-2.183352905907382,-0.29829233973956887,0.7197765183230052,1.3378359791593861,-0.39753573680828325,0.8716468296946507,0.8020259052154832,1.3414391649813346,1.249791757332124,-1.6577831762037518,-1.9362182197789786,-0.12181153302903514,1.1952601308299602,0.7268730793943553,-1.1623322312515172,-1.2785403551809729,-0.6763130229753006,0.8983415653898433,-1.195311485398098,-0.7186111802451353,0.6613412785311037
1.310468402268529,-1.4679469228904884,0.0414398677118864,1.0623976178850523,1.3253107573656098,2.148620807004015,0.3239302802872951,-0.34731601537383827,0.3386557762584743,-0.6688848731719765,1.8066987039131686,1.0021473631608444,-1.542384470387005,-1.624562674551681,-0.036803994933767716,2.9793009016923513,1.0279810820272226,1.566081914073746,0.9786435975720135,0.7338880744301459,0.4694483753874047,0.5065679184667772,2.4131817081185556,0.9806197690581302,1.2781140211728652,1.0491398952081008,1.3024769669400285,-0.9103213271407865,1.2259814017863335,-1.0222131681200628,1.2390567846489748,-3.285656781384623,4.2911298898563395,1.4520894239963706,0.44250683794791423,3.151102806277254,0.5330024805086248,-0.5078868417574358,-1.595981049699273,0.5461446344430225,-1.0732344576591812,-1.063084487462583,-2.1137700922570484,-1.799530924520874,2.623145074594568,2.734528508240444,0.3698268484111109,-1.9252555740572475,-1.3796081628738905,1.4933269669911047,1.85252374103317,0.7504621278698402,-1.4707889491643844,1.7131453022388041,0.7818045550892204,-0.6964298162321074
-1.480824511955716,3.1738875897923857,1.2883453208525324,-1.6682217467552107,-5.188323995570127,-5.070517121612812,-0.6310440531827295,2.8275030063027473,-0.24334402923658247,2.4447205431829913,-4.006568834034477,0.7580258573224757,1.8863148222485138,1.5324167794387786,0.1842494260337097,-6.632790237887867,-1.5484681067090016,-2.058578743062191,-0.49370687816091186,-1.8425595128882355,-0.405812457049845,-1.451258422295578,-4.115701992236394,-1.5882357865866903,-3.5595325927210224,-1.1083432881322794,-0.35995351045459534,0.4142941607444474,-1.0222131681200628,3.799273993873369,-1.2921155783936602,4.763763241354888,-8.228924488595936,-1.0327083780270252,0.9647772198952089,-4.098200917022583,-1.2198464758708498,-1.8303686431968456,0.3572795154052372,-0.6945584542933042,0.7615493819675268,0.3462154994704874,3.730922835720507,2.28598734620281,-3.919933976575919,-3.5019563309687993,-1.2870743281763293,3.821654171089474,3.250417117484386,-0.9699719460843738,-2.3676362431637212,0.37251747256506373,3.0344618548862137,-1.9635357615895177,0.36780011222244174,-0.7888204854693449
1.355586527552676,-1.6782594404518731,0.031042191340743933,1.1569677064508168,1.6516141389087202,2.4037985246765414,0.39446001070920517,-0.592029590626698,0.35247257598174697,-0.8541324384054269,1.9943849018624906,0.8724760815151282,-1.6337065385395044,-1.6752765487607277,-4.12496555986735e-4,3.336642635223794,1.1051523736666826,1.5934707247774242,0.8914107816397616,0.8342161875134212,0.4265416766593726,0.5749914892554383,2.5841835116897642,1.0958903044366426,1.4717209065637624,1.1254620085020448,1.2660193705718563,-0.9323706112182992,1.2390567846489748,-1.2921155783936602,1.3157189696775942,-3.5131842671313116,4.720769447531578,1.4716908480530477,0.3837407049182212,3.3228626511665755,0.6215340743718113,-0.3835983415485805,-1.5279170144950596,0.6253289805600701,-1.1331799804650768,-0.9682027676492951,-2.297287156738079,-1.8737062555242514,2.6943824289989604,2.9152674406487384,0.4033277898869356,-2.164679301612312,-1.5112508413125545,1.5096921492470274,1.9095649579121832,0.6471657106086095,-1.6405279031531463,1.754678726466695,0.7110602099783838,-0.5595123881048368
-3.7676064763701813,5.247145932938428,0.7758775310774232,-3.3742020047791947,-6.338507085406153,-8.025777455815772,-1.1050921809896652,2.6568459654156227,-0.8718233989206409,3.0934077222325937,-6.595675630223317,-1.6326025517016747,4.549634673884363,4.503206278574213,0.20957615409833422,-10.847661755132076,-3.214713916679767,-4.729595472787275,-2.3963948061036433,-2.810855801195968,-1.274942275047267,-2.0289142487982117,-7.9374755437990014,-3.148885457988551,-5.142056701384999,-2.975282417015698,-3.0406423160492673,2.2318388677928525,-3.285656781384623,4.763763241354888,-3.5131842671313116,10.21701261080999,-14.739146905524,-3.803488619572114,-0.32509242920149806,-9.465997340474797,-1.9403937380607441,-0.15445439855133997,3.6542494065418385,-1.6061435766226133,2.8012255876491547,2.4711750354865494,7.0302171687147474,5.380938417471112,-8.214444540183633,-8.186114414680837,-1.6681620339724463,6.6898025105110195,5.1386491420145175,-3.817154712079145,-5.560104078945148,-1.349281140432063,5.208679608781552,-4.9637726686800105,-1.4081456283162088,0.9282863383665676
5.168328050811316,-8.083256079042904,-2.0634430736954825,4.891865118378766,11.106894931482808,12.849076291895052,1.6014476090716958,-5.129250210327752,1.0697324347784714,-5.312547366469569,10.486556875363839,1.1343330560843699,-6.318379495465298,-6.025681820592794,-0.4821986597871957,17.092471401493384,4.628198476228441,6.824742890575974,3.0286881533629226,4.5350276490180805,1.7802878261830815,3.327353090786735,11.925136550989075,4.550969083858776,8.49429208977247,3.9695661988934914,3.553218683706679,-2.661344705623483,4.2911298898563395,-8.228924488595936,4.720769447531578,-14.739146905524,22.555260677980502,4.880503561842609,-0.46930357571501036,13.370826952149379,2.992436253024942,1.7950750769598582,-4.204349711825531,2.119883767526806,-3.4913095171614077,-2.954419195620143,-10.572079433175523,-7.626964882199374,12.098058749528295,11.480054077943437,2.9592489529368624,-10.217709166149792,-8.263743475678606,4.761907019503038,7.949308729170248,1.1754740873337548,-8.09506544121093,6.9023356855363565,1.1535380792927918,-0.3291846145685625
1.5100075861830928,-1.5726769904891156,0.15272594007805634,1.19122956011305,1.2980746684295108,2.3799980498960975,0.3384660294514759,-0.22622349202248723,0.3862609549056126,-0.6846136297121472,2.057914432775824,1.3543675423430053,-1.7940355192586073,-1.9577865529400775,-0.050162076085050265,3.306232290655306,1.1490616428159153,1.8429445979312233,1.1788670961062202,0.7947120987287134,0.5733605742740456,0.48059078243984843,2.779430617773,1.0955627515104156,1.3745821921297632,1.228127576349144,1.6683433472067675,-1.1432221076715,1.4520894239963706,-1.0327083780270252,1.4716908480530477,-3.803488619572114,4.880503561842609,1.7867069894643188,0.6926816665909361,3.6605825900864235,0.5470515777537784,-0.784700816281879,-2.0273226740346786,0.5881864547497887,-1.299772807329335,-1.287504214238355,-2.4088162857080757,-2.117654107642291,3.0062146923714477,3.190578533454748,0.394338015426001,-2.1565311183424964,-1.5137284915196925,1.7890234514142216,2.2004232975050284,0.9928610753396956,-1.6762779973078998,2.008267035999722,1.0089921796582713,-0.915009976245089
0.26956087073513674,0.39982238226104816,0.7185609907357025,0.012688689508744971,-1.434017137243128,-0.7029184243445887,-0.05290857585090145,1.0521615132506055,0.12514446752427014,0.5957531233001899,-0.4234193138502608,1.1755933662863889,-0.3043294430519969,-0.5773254321815577,0.07031010147815027,-0.7918742838484488,0.0262753453412373,0.229138934376415,0.44978327690070496,-0.30278017933884466,0.15219498748988966,-0.377320159732655,-0.04548340500330569,0.005994291055101447,-0.6796961709642619,0.3031977971790529,0.9157562185062377,-0.5729461172929112,0.44250683794791423,0.9647772198952089,0.3837407049182212,-0.32509242920149806,-0.46930357571501036,0.6926816665909361,0.9183374338423497,0.5002006766425527,-0.19780577004576252,-1.3128182526870134,-1.119108645998387,0.06588693061501329,-0.5165426809190788,-0.5804222716241292,0.10464130365306577,-0.32889223557324626,0.09079576488067542,0.49845467841842367,-0.3285540207673982,0.27741793794486075,0.49114383608039114,0.6843896504554818,0.34531893773992134,0.76323761909268,0.2334577701359697,0.37366956487446273,0.7783689979545904,-0.8639329446926621
3.5567584567681165,-4.734527370755022,-0.5388532171470491,3.1168682630160696,5.4334663677558614,7.1638264995575724,1.0090239712802953,-2.1517532822510685,0.8475680478093679,-2.66379605431146,5.906677422337296,1.800515374638688,-4.266806332898324,-4.278015747783765,-0.17171434828695722,9.732891185286705,2.980274040775181,4.4062125468677005,2.3494541771700868,2.499128073686548,1.2151282543373743,1.797337033299348,7.2629588707839625,2.902449801602908,4.529914899372136,2.8166228117104892,3.009346702206845,-2.183352905907382,3.151102806277254,-4.098200917022583,3.3228626511665755,-9.465997340474797,13.370826952149379,3.6605825900864235,0.5002006766425527,8.838866829283889,1.7476989020423443,-0.19907055889104278,-3.6383965751382372,1.5151051106604476,-2.702505047180829,-2.4572654199858306,-6.421268460591731,-5.025620473758424,7.59980086490544,7.648966024579352,1.438939062453284,-6.059202959477432,-4.590684825554451,3.7041399966542157,5.185217953880326,1.4411784261111127,-4.694538643167594,4.671926399353305,1.5075458192534237,-1.106746594196773
