V1,V2,V3,V4,V5,V6,V7,V8,V9,V10,V11,V12,V13,V14,V15,V16,V17,V18,V19,V20,V21,V22,V23,V24,V25,V26,V27,V28,V29,V30,V31,V32,V33,V34,V35,V36,V37,V38,V39,V40,V41,V42,V43,V44,V45,V46,V47,V48,V49,V50,V51,V52,V53,V54,V55,V56
0.9419986758885828,-2.4317490181620487,-0.8277666886610092,-0.48538945586541665,-4.5382895735290205,1.1192002265164456,0.2862578739780131,-0.6291044411366811,-1.439588622004704,2.3376882382893296,2.0052929284308023,-2.706129251907815,3.3341484885231427,-0.041820633306787126,0.8765492187019852,-2.0244758359988495,-2.638106726277239,0.7307112875586392,-2.6424017934314823,0.05214888436118652,0.4505187593443099,3.7678216863385336,2.510020389982181,3.7679062664232457,2.168501429714402,-0.07138498820679987,-1.9995268577098755,-1.6553809094977545,0.0431837748437956,1.7352913164329473,0.891272017898295,1.6115816153334084,0.580218881419627,1.2854072752633676,-1.8867999616658082,-2.4574681921695216,-1.2008156463570407,-1.4414011302806842,-1.6476467890200126,2.937294663749384,4.872496303240568,1.531045234235679,-2.788497974931939,-3.2784267157881968,-1.306411039648092,3.6083284583634216,-1.4573458790549212,-0.2230661745950542,-0.989800339261665,2.372848008722813,-1.80472936926033,0.5774948715657097,0.34928793737521857,-2.2418452137653304,-0.6879240570509471,0.5595284729870428
-2.4317490181620487,11.449372445301464,3.374412493151799,3.118224139222728,15.391811393353318,-0.8993307847172373,0.7469743600290517,4.345225729733552,7.495812727954309,-11.27290245712117,-7.140834394868392,11.45004004343855,-17.383191237514726,-2.084934994186159,-4.1731060504908175,6.939729491379164,9.159281109239323,-2.5187142634875035,13.236577767262702,-0.3585733998380602,4.592926735001622,-16.314116066837315,-11.15599301966547,-14.132407485868299,-11.743709156406391,0.6769438011674556,8.398737573668372,11.65717805910276,1.0886672223575948,-10.491655760762995,-7.0506125123578665,-7.290048171073407,0.9468977793122622,-10.63348344244887,8.886129342217535,14.907957672603278,6.54750981181702,8.255901285187013,8.44775760994938,-14.531197091586046,-18.900007612086643,-7.738784920366538,13.06364497009477,13.003857422372718,5.057185725647879,-15.315982037516612,5.812640495091935,2.8119428358354486,4.7857184999692315,-9.39074579183342,9.739632110221615,-2.0972010732949617,-0.7859733619057906,10.179678302676018,-0.34583337052471025,-1.8466778979605818
-0.8277666886610092,3.374412493151799,1.0274704261165832,0.8742099104217405,4.861687218119772,-0.5074766122192608,0.10313156865375184,1.205388024649125,2.169497601953385,-3.300385764535128,-2.2336553913408643,3.444262747533829,-5.027068808959697,-0.4907635354528464,-1.2222322582192633,2.186457914486778,2.8744958188353005,-0.7940925651420048,3.859964679899465,-0.09827691741179984,0.9848543644008709,-4.883982202492321,-3.328673881345018,-4.358776918376974,-3.381968346130076,0.18294588212852222,2.53021671065147,3.2259832872047562,0.25200082990779077,-2.9696941559787766,-1.926126738061078,-2.1614143234619982,0.08272792793853849,-2.8819258796032634,2.615887645308735,4.205737085014638,1.8764290535118688,2.3510406516376166,2.4527231598188326,-4.247166279354425,-5.78627796968003,-2.252008169006045,3.8536456353784585,3.964733273315919,1.5536717273268092,-4.606504464547549,1.7664494840301708,0.7339179429445963,1.4070529623344583,-2.8639438193947377,2.8036885920859933,-0.6517674173041474,-0.27739318630686055,3.0177516316660618,0.0951055639643389,-0.5855783095403928
-0.48538945586541665,3.118224139222728,0.8742099104217405,0.9234524376374809,3.6619941609179327,0.14141436628180779,0.38846949269199255,1.306154906462478,2.105038291557472,-3.091862581469838,-1.7421015008866663,3.0040947500498474,-4.882743917414434,-0.7703400259481047,-1.139173531395408,1.6602104677026692,2.204640658319395,-0.6049000388813974,3.6763414434265713,-0.10755421390049923,1.8455892383310588,-4.316447298851612,-2.9814544826965865,-3.52827748329904,-3.3360419044821787,0.215261363930983,2.197272510972986,3.5180519065022176,0.4114829461255946,-3.0648422152746697,-2.174735656909665,-1.958162648966755,0.5854971153174655,-3.3016985728533332,2.4196962284025982,4.354883413658275,1.8610412735269208,2.3782002463208074,2.362261701324546,-4.020888945075165,-4.788226178729515,-2.154854847773715,3.5525522579964126,3.326038440687997,1.2815107980027898,-4.023880412990336,1.4889109448432645,0.9225140086295219,1.3156006071648298,-2.3994526921887744,2.7630531107282548,-0.5159705388843877,-0.13764420077762107,2.7382878830557593,-0.411792453392872,-0.4327130353619843
-4.5382895735290205,15.391811393353318,4.861687218119772,3.6619941609179327,24.486770694614943,-3.9780403617242683,-0.32203181693716815,4.962867268332717,9.621814840244507,-14.995810147173835,-11.054987993330698,16.213111709728523,-22.304694464070675,-1.3530038323400655,-5.5881512450353545,10.975371302653741,14.388029053379956,-3.9687810857505497,17.28596082276392,-0.4117302017295265,1.9149070880456578,-22.83939674395025,-15.41042180412645,-21.293896947396046,-14.806764919532766,0.6906115398217604,11.936181042713617,13.216286066076744,0.6409448943663939,-12.623862800945844,-7.660229563063574,-9.994024148680348,-1.069221657230162,-11.389014004062261,11.948281984487112,17.93005411336839,8.24121417786145,10.168632569957087,10.917347965453617,-19.085013583049797,-27.979604986576607,-10.066516630194316,17.60292766947996,19.026060946848617,7.487781664175765,-21.649576062408254,8.4857679740483,2.6596822419895134,6.3489277241245325,-13.756500609936257,12.303063406213237,-3.21449961592584,-1.603268953846491,13.927560728202518,1.809297856396517,-2.984956096176099
1.1192002265164456,-0.8993307847172373,-0.5074766122192608,0.14141436628180779,-3.9780403617242683,2.096753949157834,0.9128752008961427,0.29978108115039365,-0.2558231376990729,0.7599610381717906,1.6270777791262605,-1.4965487564890103,0.5829678099617952,-0.8934939620608575,0.3053608403096576,-1.746093641216128,-2.230061284622894,0.6246612690821336,-0.6709450386341231,-0.025075602690517413,2.7516113132226585,1.9410421340678872,1.1825979788338734,2.78110290283007,0.21149216914819516,0.10464673819059074,-1.1300685242161645,0.8755327207032821,0.5128328516485408,-0.2520480824679676,-0.7690999158634386,0.7096947523881256,1.6301527849862938,-1.2885380771692265,-0.6957523218816473,0.37820389608183647,-0.09953321109587192,0.03289026409972605,-0.3434130712317307,0.8158766316963041,3.355372003975706,0.36175255357439867,-1.0550492979047539,-2.1477854608288336,-0.9043778952102417,1.9770931729404562,-0.9420267181762182,0.5956268004440469,-0.31813971529077123,1.5627149479654394,-0.18932078239499484,0.45283913716621044,0.4593572663854318,-0.9730665927016393,-1.6349213058615037,0.5095526764321062
0.2862578739780131,0.7469743600290517,0.10313156865375184,0.38846949269199255,-0.32203181693716815,0.9128752008961427,0.5148586596555306,0.5905606473521531,0.648714970092969,-0.797568352334843,0.04554488260634179,0.46141502903158627,-1.5101395130523534,-0.6422705066342123,-0.28429623478783345,-0.12242326420766086,-0.1252397824069142,0.04034901542881488,1.0398209045839533,-0.04935114328667849,1.7912491840404599,-0.7490837129646191,-0.5802922103638326,-0.12245526802140234,-1.1058874093810998,0.11932681520743814,0.3228086833331176,1.6185449265090863,0.3572251034145365,-1.1992406240698485,-1.0929717077100007,-0.41084723215480196,0.8773426418182877,-1.7116427756401007,0.5816601115664948,1.71650435774467,0.6268914439260043,0.8655259295610599,0.7044520743628999,-1.103523623881944,-0.3382807764682043,-0.6228614061640659,0.8387970698646935,0.30910790088905926,0.08624351732092415,-0.6285254545670492,0.1476227306292931,0.5743420176239448,0.33913037345099395,-0.21771939087768663,0.9109967164384016,0.0011203267510324945,0.1389073822856039,0.5817691999001252,-0.8192186700917722,0.05365504940549393
-0.6291044411366811,4.345225729733552,1.205388024649125,1.306154906462478,4.962867268332717,0.29978108115039365,0.5905606473521531,1.8524991693844184,2.9501637298469414,-4.3150902245435665,-2.3731988130165615,4.155649898265493,-6.843661860732725,-1.1269212583517274,-1.5888581809345417,2.252680574430567,2.995780418149681,-0.8210255437406704,5.141266193548401,-0.1524273074087823,2.7292819848180465,-5.981408291392977,-4.138381985790555,-4.832160743640243,-4.684073397241913,0.30773141530504994,3.0380499351967796,4.992538390508569,0.603596186752689,-4.3246053089731715,-3.096835937716265,-2.721873429194542,0.901651175244335,-4.7083848397351336,3.3719503049011395,6.146755563370865,2.6147163757269762,3.348587346905404,3.307803247789668,-5.619049455549207,-6.57761418832696,-3.0150633026077878,4.948513956156543,4.577661503789402,1.7597515760585822,-5.567469610941194,2.0505052326316098,1.3266238215419492,1.8358850296925073,-3.3018537561958734,3.8793210542368124,-0.7044395584954497,-0.1717396457795031,3.8071898649791116,-0.6578186808406314,-0.5845606578242627
-1.439588622004704,7.495812727954309,2.169497601953385,2.105038291557472,9.621814840244507,-0.2558231376990729,0.648714970092969,2.9501637298469414,4.962189878520661,-7.400902666643471,-4.499940791531632,7.398223388153984,-11.509277445130396,-1.5387537088936694,-2.7357426688720583,4.346023381916997,5.748252529861315,-1.5789210011998376,8.726582378818648,-0.24356623587381915,3.5184970764623342,-10.57239358760636,-7.253602852746574,-8.977753145577362,-7.805528581627581,0.4691790434897958,5.421301195704319,7.926386942801678,0.811087358516666,-7.045851363176391,-4.833551906733927,-4.750204060112932,0.900177400383908,-7.31070800772337,5.818075460965395,10.014836822778788,4.354688355342904,5.517042446241715,5.5833527275059565,-9.567098635636297,-12.066299237210734,-5.107024138869524,8.548073975726835,8.3284674326556285,3.227636188501783,-9.900232453553656,3.7256538129504064,1.9752024708519147,3.142736840016811,-6.012461936530863,6.471101849171174,-1.325668504544461,-0.44921658497403233,6.636015841088127,-0.49962704766374977,-1.1491113965805997
2.3376882382893296,-11.27290245712117,-3.300385764535128,-3.091862581469838,-14.995810147173835,0.7599610381717906,-0.797568352334843,-4.3150902245435665,-7.400902666643471,11.122315970997922,6.962694872798514,-11.241881959322823,17.170080541892396,2.112389269973943,4.120660012119704,-6.7640163657933225,-8.937006785913432,2.4529183036795703,-13.05016101013031,0.35939113407276496,-4.707895353887027,16.029482468979662,10.95859490650958,13.824844970790956,11.596054770576137,-0.6718553339429244,-8.243327784085649,-11.580372529273403,-1.103132282410176,10.385199815692983,7.011874224632185,7.176917664513559,-1.0228590355689922,10.597046278154352,-8.755853529779282,-14.781564617002315,-6.479415031902727,-8.172234108921913,-8.335367655732854,14.321674607134852,18.510801593569937,7.634049922748084,-12.862512737807672,-12.739923099627799,-4.943262630858871,15.034496842902554,-5.7027395901182185,-2.813701395963448,-4.708724485303187,9.200394493552743,-9.621041425931358,2.0487168533818205,0.7531178109089928,-10.018704552437177,0.44033451550369584,1.8007678668941898
2.0052929284308023,-7.140834394868392,-2.2336553913408643,-1.7421015008866663,-11.054987993330698,1.6270777791262605,0.04554488260634179,-2.3731988130165615,-4.499940791531632,6.962694872798514,5.015410777539798,-7.455265589502982,10.429351948813542,0.7448529746238657,2.5893483583882184,-4.959475270648224,-6.505765562261621,1.7959117843641004,-8.06256141185775,0.19549035396029502,-1.2279995616588657,10.52128533573103,7.120771280643732,9.691664620682642,6.9524807754832985,-0.33997167006355467,-5.4853354888345045,-6.329693846697678,-0.3649647606535215,5.979593848226073,3.703564554985859,4.617800761091759,0.3038130165073026,5.515112976080361,-5.540260084117974,-8.482276120733545,-3.8640851561258898,-4.790350266753659,-5.100832631659651,8.89301398780085,12.770027270418963,4.697418399342904,-8.163298583177077,-8.702426363720464,-3.4219150619591603,9.960178265829585,-3.879188705836562,-1.325126359905452,-2.955600521997796,6.290373334831434,-5.772225815979731,1.4593570664180253,0.698878129497168,-6.439210390234333,-0.6581955664752874,1.3429084938472682
-2.706129251907815,11.45004004343855,3.444262747533829,3.0040947500498474,16.213111709728523,-1.4965487564890103,0.46141502903158627,4.155649898265493,7.398223388153984,-11.241881959322823,-7.455265589502982,11.629055878405374,-17.156042489209145,-1.7714853242897708,-4.170169331400069,7.296072555305743,9.609320721626677,-2.644845555488363,13.127304993625142,-0.34424295375648833,3.6737622422693494,-16.512435227613977,-11.245614631135313,-14.630445173253063,-11.53198581220449,0.6291846086330691,8.539012561236147,11.127925169359708,0.9104394582535854,-10.17206038135059,-6.657749035181743,-7.333514913483943,0.4400007242220445,-10.006913673697898,8.888389908034013,14.455381538265554,6.427769144296979,8.056009101544857,8.35348122658733,-14.434790952225638,-19.458977097060057,-7.666720509549167,13.074378573859526,13.338967590061895,5.205738732483851,-15.546740711189797,5.95916600287497,2.5698664083690383,4.766944728370588,-9.636406819626702,9.56923714749399,-2.1827933289542156,-0.9045073401791248,10.23356314075884,0.14476303545139702,-1.956020599922903
3.3341484885231427,-17.383191237514726,-5.027068808959697,-4.882743917414434,-22.304694464070675,0.5829678099617952,-1.5101395130523534,-6.843661860732725,-11.509277445130396,17.170080541892396,10.429351948813542,-17.156042489209145,26.69723309683243,3.5713910007756393,6.348773540211677,-10.074886763694899,-13.327975550292594,3.6592171673627347,-20.23712887780645,0.5663762328130993,-8.172504095634743,24.51776777544216,16.81727775691257,20.817081465027815,18.10065311319442,-1.0870280576111362,-12.571209644841558,-18.387494686659494,-1.8815951435396672,16.34048138805095,11.211043009449725,11.018468504532246,-2.0900285242097807,16.963029321801272,-13.49514565348251,-23.235890395094422,-10.103802075330453,-12.79834708476486,-12.948893586117439,22.185919309679655,27.980315101337528,11.844427760583404,-19.824136314385544,-19.31102702697487,-7.480605725741637,22.956292126608595,-8.641548817175044,-4.582493738233829,-7.285662551890798,13.94129782082421,-15.008053187014955,3.073527607559028,1.041341115208514,-15.391146772714853,1.1658252314825552,2.6651173135206934
-0.041820633306787126,-2.084934994186159,-0.4907635354528464,-0.7703400259481047,-1.3530038323400655,-0.8934939620608575,-0.6422705066342123,-1.1269212583517274,-1.5387537088936694,2.112389269973943,0.7448529746238657,-1.7714853242897708,3.5713910007756393,0.9336430347121776,0.7675769393142887,-0.6348665487728152,-0.874852795533272,0.2361997199692285,-2.6048980188290485,0.09195455525115054,-2.4632200252996124,2.62372312242658,1.8742996863877635,1.696254310157803,2.5137540369253757,-0.20736315003653416,-1.2827603424530836,-3.06067479366829,-0.5127182692263614,2.4766086042631392,1.978970917887237,1.253027357111811,-1.0677485526466257,3.046190370581027,-1.6168461738518471,-3.520393055743118,-1.405947403662992,-1.8584285262839475,-1.7062153571408243,2.8182987230168477,2.4586184711026853,1.5379750917654422,-2.363149823737219,-1.777885170819641,-0.6580845250092419,2.3842974599272186,-0.8013802281739467,-0.9402696796333533,-0.904290189723598,1.2774089238887265,-2.075617569416141,0.23091015980946406,-0.06585896320172055,-1.760622943841589,0.9315353180855629,0.14411480066902266
0.8765492187019852,-4.1731060504908175,-1.2222322582192633,-1.139173531395408,-5.5881512450353545,0.3053608403096576,-0.28429623478783345,-1.5888581809345417,-2.7357426688720583,4.120660012119704,2.5893483583882184,-4.170169331400069,6.348773540211677,0.7675769393142887,1.5284912236001418,-2.519961003989287,-3.3301935674183705,0.9128005803418611,-4.8248521478109385,0.13325161168582522,-1.703584413935835,5.944035340464169,4.058024742854509,5.141932646040044,4.280665400767419,-0.24537055044104508,-3.058137251246029,-4.262872957987354,-0.3994328670135249,3.8278329560119695,2.575997516570467,2.660854965351839,-0.3535237271628977,3.8963784403933968,-3.243280207662963,-5.455685284372899,-2.3960349025525947,-3.017625605188382,-3.0811311609095102,5.295839951947307,6.880186422961516,2.822804935597284,-4.762249419736123,-4.731411356499497,-1.8344031920794883,5.5752559959763,-2.1199864543186564,-1.03009916512516,-1.740192717554583,3.4173712584836813,-3.5534341572337054,0.7623650862208546,0.2847403491268292,-3.713001709722135,0.14219368719703251,0.6725330644012518
-2.0244758359988495,6.939729491379164,2.186457914486778,1.6602104677026692,10.975371302653741,-1.746093641216128,-0.12242326420766086,2.252680574430567,4.346023381916997,-6.7640163657933225,-4.959475270648224,7.296072555305743,-10.074886763694899,-0.6348665487728152,-2.519961003989287,4.920294217329005,6.451651049304929,-1.7794657425243547,7.8024976000576824,-0.18690774631976012,0.93642896981439006,-10.282166040539664,-6.941127198916486,-9.561538310462021,-6.692814406321202,0.31514500752611824,5.370645310285055,6.001008563562963,0.30306100210307635,-5.717184471759943,-3.484992354548324,-4.502749350425942,-0.44192690152489816,-5.184818999191582,5.387167754519503,8.120501566444142,3.7253486664093547,4.600704972844845,4.929882857472304,-8.612660955578857,-12.571269036231422,-4.544519928449951,7.936081381650359,8.551895672187156,3.364227269862007,-9.743145654216288,3.8145031568677306,1.2183983031139904,2.86400272164097,-6.1830407551770055,5.560647119960867,-1.4425569935759353,-0.7135135469654628,6.275406104516919,0.7767288095689648,-1.337256607142004
-2.638106726277239,9.159281109239323,2.8744958188353005,2.204640658319395,14.388029053379956,-2.230061284622894,-0.1252397824069142,2.995780418149681,5.748252529861315,-8.937006785913432,-6.505765562261621,9.609320721626677,-13.327975550292594,-0.874852795533272,-3.3301935674183705,6.451651049304929,8.46363653136721,-2.33269129043105,10.309788882944648,-0.24960837859172216,1.3480251332507085,-13.548960514266223,-9.147653315158461,-12.56269571050909,-8.855957478667653,0.4202688252664616,7.072090939188952,7.983456954962119,0.4200807347870293,-7.581470795499091,-4.644239173565366,-5.940359280714322,-0.5255744524014393,-6.9198165669882785,7.112364398234508,10.777017941986013,4.934448218483684,6.097661820277473,6.517702362513599,-11.377302610572203,-16.529034222545157,-6.006796862117307,10.473812440033386,11.247683597464047,4.4200449964889454,-12.831599389953059,5.019871707101424,1.6362801927621735,3.7798709189802495,-8.132035812791052,7.3589239272840095,-1.8938950086338648,-0.9283743882806453,8.278300312011494,0.9651014860653799,-1.7532257804173914
0.7307112875586392,-2.5187142634875035,-0.7940925651420048,-0.6049000388813974,-3.9687810857505497,0.6246612690821336,0.04034901542881488,-0.8210255437406704,-1.5789210011998376,2.4529183036795703,1.7959117843641004,-2.644845555488363,3.6592171673627347,0.2361997199692285,0.9128005803418611,-1.7794657425243547,-2.33269129043105,0.6442882528333773,-2.834706689132424,0.06777018479507595,-0.35521444185858475,3.7278057156691755,2.5196041317923537,3.4604473505172226,2.4346709272271987,-0.11600713588524302,-1.9466301385749016,-2.1879529992917677,-0.11370041865268439,2.082390383347716,1.27334913804034,1.6323052594937717,0.14979217014579616,1.8921074846657342,-1.9542371217598216,-2.953381462165451,-1.3524978375164274,-1.6725895255922338,-1.7912348494893904,3.128785105175828,4.55142729460207,1.6508049754881151,-2.8804061280440107,-3.0978950496143622,-1.2197724468344926,3.532914662712385,-1.3804383983336106,-0.446999275722746,-1.0411012367430388,2.239487915285075,-2.0215662250302957,0.52197091936561,0.25649630779761595,-2.2756060564758274,-0.2736997447424391,0.48287522641863545
-2.6424017934314823,13.236577767262702,3.859964679899465,3.6763414434265713,17.28596082276392,-0.6709450386341231,1.0398209045839533,5.141266193548401,8.726582378818648,-13.05016101013031,-8.06256141185775,13.127304993625142,-20.23712887780645,-2.6048980188290485,-4.8248521478109385,7.8024976000576824,10.309788882944648,-2.834706689132424,15.372072460669973,-0.4234558737271803,5.879031247299785,-18.738303387293605,-12.844688490779731,-16.029546106213914,-13.71064259730578,0.8130674223281275,9.623108419605769,13.80629008590121,1.3695553033845853,-12.32993793774063,-8.396763909632744,-8.40039591864012,1.410622827927558,-12.681433470282157,10.271524516867478,17.51500802689743,7.642308883340467,9.668146226967234,9.825633240581276,-16.861256091477482,-21.503835664975107,-8.992054198971227,15.09755911216614,14.826762385989493,5.75616725529139,-17.565771939894603,6.628053494152448,3.4016245105889693,5.545879092153286,-10.70459065563538,11.366279112430114,-2.371529216791776,-0.834923028184694,11.734717418247454,-0.7036972194866709,-2.066876009685688
0.05214888436118652,-0.3585733998380602,-0.09827691741179984,-0.10755421390049923,-0.4117302017295265,-0.025075602690517413,-0.04935114328667849,-0.1524273074087823,-0.24356623587381915,0.35939113407276496,0.19549035396029502,-0.34424295375648833,0.5663762328130993,0.09195455525115054,0.13325161168582522,-0.18690774631976012,-0.24960837859172216,0.06777018479507595,-0.4234558737271803,0.013396104168763674,-0.22441747119592026,0.4952930065324348,0.34058054468829063,0.40138901346420436,0.3848269452102421,-0.02461029884630393,-0.2513345997410275,-0.4109938427453893,-0.04870655868142412,0.3551171384020448,0.25364125706295665,0.22622367172201807,-0.07182322991565818,0.38811803567078085,-0.2797329336552453,-0.5094062412196754,-0.21717377429528226,-0.2767238745516453,-0.2727435830301896,0.46289026522379767,0.5464657678373895,0.24884395632908804,-0.4091959330332456,-0.3790210800582148,-0.14435703877887746,0.46031442000209744,-0.17106761684217758,-0.10860754559521096,-0.1502349905686724,0.27352742182221895,-0.31942065947942444,0.05842798981471603,0.014910017912919304,-0.3154922225279368,0.05407865377339045,0.04929103736088083
0.4505187593443099,4.592926735001622,0.9848543644008709,1.8455892383310588,1.9149070880456578,2.7516113132226585,1.7912491840404599,2.7292819848180465,3.5184970764623342,-4.707895353887027,-1.2279995616588657,3.6737622422693494,-8.172504095634743,-2.4632200252996124,-1.703584413935835,0.93642896981439006,1.3480251332507085,-0.35521444185858475,5.879031247299785,-0.22441747119592026,6.626911408433714,-5.527889156386523,-4.008254456693269,-3.095981062648003,-5.808543938498529,0.5161729168104374,2.6452075242589896,7.431988355482551,1.3585666176909883,-5.867649803884696,-4.866527536573317,-2.710300392254572,3.0055066017359193,-7.53003355386015,3.565214591428813,8.357108038819812,3.2601947287178352,4.357909735704925,3.881716550003966,-6.332294900411829,-4.699890620430112,-3.4829812618718474,5.195630122601976,3.483552267191389,1.2519711496515995,-4.954371440069275,1.5813930320379466,2.384966291327828,2.01186217772027,-2.497170340415269,4.793420079218186,-0.397934236542485,0.29731318040294796,3.813975987043069,-2.6935626162097575,-0.1785507356817184
3.7678216863385336,-16.314116066837315,-4.883982202492321,-4.316447298851612,-22.83939674395025,1.9410421340678872,-0.7490837129646191,-5.981408291392977,-10.57239358760636,16.029482468979662,10.52128533573103,-16.512435227613977,24.51776777544216,2.62372312242658,5.944035340464169,-10.282166040539664,-13.548960514266223,3.7278057156691755,-18.738303387293605,0.4952930065324348,-5.527889156386523,23.464597839108894,15.99314086876719,20.6879845619869,16.49724158788244,-0.9111354448516525,-12.122035337755863,-16.023551396966173,-1.3535848561958985,14.594006431740086,9.610178444912384,10.435989284134784,-0.7872087813106291,14.458237787408025,-12.664396180833814,-20.74195612604307,-9.197815421850079,-11.54261676290171,-11.932087779089914,20.596965901718942,27.54863342827907,10.946621472334336,-18.625160969591654,-18.899025470554193,-7.368987379299234,22.07739092825565,-8.445127169477121,-3.7383586671888804,-6.797127237226206,13.652162922632893,-13.688528167710652,3.0829010431849273,1.2512815794423797,-14.564653288697958,-0.04966265396066721,2.7525570252722416
2.510020389982181,-11.15599301966547,-3.328673881345018,-2.9814544826965865,-15.41042180412645,1.1825979788338734,-0.5802922103638326,-4.138381985790555,-7.253602852746574,10.95859490650958,7.120771280643732,-11.245614631135313,16.81727775691257,1.8742996863877635,4.058024742854509,-6.941127198916486,-9.147653315158461,2.5196041317923537,-12.844688490779731,0.34058054468829063,-4.008254456693269,15.99314086876719,10.920855326098863,14.017017081853227,11.3413103058809,-0.6380524657947753,-8.253403680851793,-11.09251445029714,-0.9728919464963667,10.066587411545667,6.676431018882492,7.120675234058496,-0.6724015972326116,10.041984293247122,-8.655594351434932,-14.289709876463988,-6.313412100086449,-7.940722041738005,-8.184260269438397,14.113253622887399,18.69145715928454,7.5040587091896125,-12.73380325514189,-12.838680905709502,-5.006848104859027,15.041040138166421,-5.732499551536384,-2.6193071079769785,-4.657815203931288,9.272601193707263,-9.405035887830723,2.086258616457361,0.8242232404981196,-9.941996038300756,0.08762627723030131,1.8523634678088743
3.7679062664232457,-14.132407485868299,-4.358776918376974,-3.52827748329904,-21.293896947396046,2.78110290283007,-0.12245526802140234,-4.832160743640243,-8.977753145577362,13.824844970790956,9.691664620682642,-14.630445173253063,20.817081465027815,1.696254310157803,5.141932646040044,-9.561538310462021,-12.56269571050909,3.4604473505172226,-16.029546106213914,0.40138901346420436,-3.095981062648003,20.6879845619869,14.017017081853227,18.834682634741462,13.89970929789315,-0.7014261940159472,-10.75765525180936,-12.904321840126904,-0.845085838683286,12.052406694690262,7.600947647191781,9.118355317965555,0.2505252337039837,11.37005901996934,-10.972496199382771,-17.13036006356823,-7.746189067775994,-9.6298494085654,-10.161525715072855,17.662763671345463,24.888027549862226,9.348644926507813,-16.150541991811952,-16.985709128460265,-6.656426267253146,19.54568200237098,-7.583907179200828,-2.792552243214223,-5.853424661467104,12.276767784218586,-11.543475879098013,2.827784370463514,1.3015787905504903,-12.714227646016209,-0.9467527294236838,2.5846353626738243
2.168501429714402,-11.743709156406391,-3.381968346130076,-3.3360419044821787,-14.806764919532766,0.21149216914819516,-1.1058874093810998,-4.684073397241913,-7.805528581627581,11.596054770576137,6.9524807754832985,-11.53198581220449,18.10065311319442,2.5137540369253757,4.280665400767419,-6.692814406321202,-8.855957478667653,2.4346709272271987,-13.71064259730578,0.3848269452102421,-5.808543938498529,16.49724158788244,11.3413103058809,13.89970929789315,12.303858252804616,-0.7532045051925563,-8.447485506359596,-12.592276438840903,-1.3307719612082405,11.148401231399342,7.705695811151884,7.4239553842369865,-1.5808114430589864,11.655215354225398,-9.111038491053574,-15.830635786596003,-6.855865912175695,-8.706246884023905,-8.779133332925072,15.02404058964931,18.717356120263137,8.02501486627518,-13.389164315789769,-12.93891518909359,-5.012994100705229,15.437743622683573,-5.784515226729237,-3.1750383524715033,-4.934280733378566,9.338873147743556,-10.195145425310054,2.048802468718788,0.663875660151378,-10.375641918529992,0.9406685268278842,1.7627373780966202
-0.07138498820679987,0.6769438011674556,0.18294588212852222,0.215261363930983,0.6906115398217604,0.10464673819059074,0.11932681520743814,0.30773141530504994,0.4691790434897958,-0.6718553339429244,-0.33997167006355467,0.6291846086330691,-1.0870280576111362,-0.20736315003653416,-0.24537055044104508,0.31514500752611824,0.4202688252664616,-0.11600713588524302,0.8130674223281275,-0.02461029884630393,0.5161729168104374,-0.9111354448516525,-0.6380524657947753,-0.7014261940159472,-0.7532045051925563,0.053712976515321254,0.45904960688023155,0.8314607181087278,0.11268495927666836,-0.7078712273071133,-0.5237524322212918,-0.4181112022084485,0.19338667260209214,-0.7953994283009258,0.5237495201855288,1.0002573996769872,0.4172108230554878,0.5407987288336653,0.5251295590173908,-0.8864815847121855,-0.9666880464537456,-0.4770578067037773,0.7699218786278832,0.6794165059277518,0.260991503830819,-0.8449505948465779,0.3029198603485836,0.2315802140091083,0.28957441615429735,-0.489391754882962,0.621962150519373,-0.10105636682388872,-0.014355745086372267,0.5863719758679782,-0.150976476268999,-0.07933066682528128
-1.9995268577098755,8.398737573668372,2.53021671065147,2.197272510972986,11.936181042713617,-1.1300685242161645,0.3228086833331176,3.0380499351967796,5.421301195704319,-8.243327784085649,-5.4853354888345045,8.539012561236147,-12.571209644841558,-1.2827603424530836,-3.058137251246029,5.370645310285055,7.072090939188952,-1.9466301385749016,9.623108419605769,-0.2513345997410275,2.6452075242589896,-12.122035337755863,-8.253403680851793,-10.75765525180936,-8.447485506359596,0.45904960688023155,6.270787424454625,8.133768991287026,0.6584973172752474,-7.4441179831013535,-4.86250045550491,-5.381059904735701,0.29586081812466136,-7.306377125838823,6.519307326233095,10.5777501396105,4.708102075478957,5.89825200396369,6.122183384302758,-10.582746188257179,-14.302234072200967,-5.619568201788203,9.590107031822582,9.80183637826217,3.8265519550588314,-11.41541720849231,4.378571963518897,1.8720652915193865,3.495803496280215,-7.081305260368992,7.010061019077018,-1.6056400840626466,-0.6696594543023314,7.508980737006754,0.13277281569312382,-1.4403203428441096
-1.6553809094977545,11.65717805910276,3.2259832872047562,3.5180519065022176,13.216286066076744,0.8755327207032821,1.6185449265090863,4.992538390508569,7.926386942801678,-11.580372529273403,-6.329693846697678,11.127925169359708,-18.387494686659494,-3.06067479366829,-4.262872957987354,6.001008563562963,7.983456954962119,-2.1879529992917677,13.80629008590121,-0.4109938427453893,7.431988355482551,-16.023551396966173,-11.09251445029714,-12.904321840126904,-12.592276438840903,0.8314607181087278,8.133768991287026,13.457719224319879,1.6405645256683,-11.64085816209115,-8.355630065554537,-7.297085545815027,2.4798380896419,-12.706442926284387,9.046168799081373,16.54513097517937,7.028747159334887,9.007363580015188,8.885609248776005,-15.08675227121655,-17.580108970742607,-8.097604360843023,13.275291809610112,12.241159286336133,4.703587355190725,-14.909661221398245,5.4834363446141925,3.588155053139932,4.927734831691044,-8.828930247246698,10.427767287153884,-1.8796344922705475,-0.4466046162934613,10.207361127835963,-1.8236439068768182,-1.5553119506169144
0.0431837748437956,1.0886672223575948,0.25200082990779077,0.4114829461255946,0.6409448943663939,0.5128328516485408,0.3572251034145365,0.603596186752689,0.811087358516666,-1.103132282410176,-0.3649647606535215,0.9104394582535854,-1.8815951435396672,-0.5127182692263614,-0.3994328670135249,0.30306100210307635,0.4200807347870293,-0.11370041865268439,1.3695553033845853,-0.04870655868142412,1.3585666176909883,-1.3535848561958985,-0.9728919464963667,-0.845085838683286,-1.3307719612082405,0.11268495927666836,0.6584973172752474,1.6405645256683,0.282429427621121,-1.3198525914543784,-1.06574398188302,-0.6497724977474235,0.5991863044673423,-1.6398538343248186,0.8431452765392395,1.872312260155811,0.7423144979750919,0.9857155047865408,0.8986048970205412,-1.4800932638458868,-1.2378659946270156,-0.8088308123706416,1.2329665355906831,0.9015044387452463,0.33287186773525856,-1.2268999040206485,0.4056051141033567,0.510616200470623,0.47473398094695096,-0.6471847246889424,1.097698959077269,-0.11368811396632791,0.04416734908909018,0.9141665759103628,-0.5249567324458198,-0.06601271570873331
1.7352913164329473,-10.491655760762995,-2.9696941559787766,-3.0648422152746697,-12.623862800945844,-0.2520480824679676,-1.1992406240698485,-4.3246053089731715,-7.045851363176391,10.385199815692983,5.979593848226073,-10.17206038135059,16.34048138805095,2.4766086042631392,3.8278329560119695,-5.717184471759943,-7.581470795499091,2.082390383347716,-12.32993793774063,0.3551171384020448,-5.867649803884696,14.594006431740086,10.066587411545667,12.052406694690262,11.148401231399342,-0.7078712273071133,-7.4441179831013535,-11.64085816209115,-1.3198525914543784,10.195736189729018,7.173812425763357,6.601674881453509,-1.7853012141855127,10.875403272149816,-8.139410874564675,-14.47935175014531,-6.2142263866002665,-7.926163116105421,-7.91316918827652,13.494025436044197,16.312535851466397,7.223173228933956,-11.955400768199521,-11.313594625876988,-4.368826926814222,13.62336208292339,-5.060869554887691,-3.015012598071179,-4.421722084899581,8.16297399654624,-9.234048218160915,1.7674485609057722,0.5060667684119879,-9.230834567980969,1.2026321694920632,1.4948594615004482
0.891272017898295,-7.0506125123578665,-1.926126738061078,-2.174735656909665,-7.660229563063574,-0.7690999158634386,-1.0929717077100007,-3.096835937716265,-4.833551906733927,7.011874224632185,3.703564554985859,-6.657749035181743,11.211043009449725,1.978970917887237,2.575997516570467,-3.484992354548324,-4.644239173565366,1.27334913804034,-8.396763909632744,0.25364125706295665,-4.866527536573317,9.610178444912384,6.676431018882492,7.600947647191781,7.705695811151884,-0.5237524322212918,-4.86250045550491,-8.355630065554537,-1.06574398188302,7.173812425763357,5.216184650489013,4.393701091317874,-1.708746741518585,7.938345130524863,-5.4687150793687325,-10.187086933052528,-4.296730213317129,-5.527836832220448,-5.413241850674525,9.16645991251469,10.403624419301892,4.927260811821787,-8.025404568023264,-7.267879304572594,-2.787240884504853,8.925643038593309,-3.2544729269995982,-2.269480730431714,-2.990622972070738,5.239926094354363,-6.377099585998964,1.1019984634713742,0.22127933245706916,-6.150036796997456,1.3011589788526028,0.8952481925263414
1.6115816153334084,-7.290048171073407,-2.1614143234619982,-1.958162648966755,-9.994024148680348,0.7096947523881256,-0.41084723215480196,-2.721873429194542,-4.750204060112932,7.176917664513559,4.617800761091759,-7.333514913483943,11.018468504532246,1.253027357111811,2.660854965351839,-4.502749350425942,-5.940359280714322,1.6323052594937717,-8.40039591864012,0.22622367172201807,-2.710300392254572,10.435989284134784,7.120675234058496,9.118355317965555,7.4239553842369865,-0.4181112022084485,-5.381059904735701,-7.297085545815027,-0.6497724977474235,6.601674881453509,4.393701091317874,4.65487182886954,-0.48001840469327794,6.624808076706936,-5.661106712934521,-9.391085082840315,-4.144467215499477,-5.211293063365255,-5.356174598645024,9.227384010337628,12.169598921532828,4.910425502302133,-8.320816428181997,-8.35915607035138,-3.2520160414520367,9.805590966192211,-3.7387801848567634,-1.7324179457245148,-3.0398223444996493,6.037856278990522,-6.1603903279351915,1.3556697754774762,0.5292995950132544,-6.496698829247759,0.10616817737756418,1.2030506122409124
0.580218881419627,0.9468977793122622,0.08272792793853849,0.5854971153174655,-1.069221657230162,1.6301527849862938,0.8773426418182877,0.901651175244335,0.900177400383908,-1.0228590355689922,0.3038130165073026,0.4400007242220445,-2.0900285242097807,-1.0677485526466257,-0.3535237271628977,-0.44192690152489816,-0.5255744524014393,0.14979217014579616,1.410622827927558,-0.07182322991565818,3.0055066017359193,-0.7872087813106291,-0.6724015972326116,0.2505252337039837,-1.5808114430589864,0.19338667260209214,0.29586081812466136,2.4798380896419,0.5991863044673423,-1.7853012141855127,-1.708746741518585,-0.48001840469327794,1.5277473464865832,-2.6703437461537125,0.7305706183504601,2.52973101978445,0.8830512117477963,1.2546513512457713,0.9703065406451868,-1.4820331105757725,0.028033606316663462,-0.8480874534025569,1.055033890208089,0.12201845809701382,-0.003508115557576823,-0.6140642983967591,0.06246180977521476,0.9251860010965811,0.45144691485846683,-0.07718252158970541,1.2940545278819295,0.07061584740896663,0.27336571891025896,0.6892654120604822,-1.430351687209269,0.15889398016087322
1.2854072752633676,-10.63348344244887,-2.8819258796032634,-3.3016985728533332,-11.389014004062261,-1.2885380771692265,-1.7116427756401007,-4.7083848397351336,-7.31070800772337,10.597046278154352,5.515112976080361,-10.006913673697898,16.963029321801272,3.046190370581027,3.8963784403933968,-5.184818999191582,-6.9198165669882785,1.8921074846657342,-12.681433470282157,0.38811803567078085,-7.53003355386015,14.458237787408025,10.041984293247122,11.37005901996934,11.655215354225398,-0.7953994283009258,-7.306377125838823,-12.706442926284387,-1.6398538343248186,10.875403272149816,7.938345130524863,6.624808076706936,-2.6703437461537125,12.103050335526337,-8.25355054983565,-15.46772112864089,-6.513668540867853,-8.381432288195475,-8.181981268330102,13.838671608372344,15.587492633036707,7.445576816173929,-12.102137155362254,-10.894951146018789,-4.166559469805393,13.412823244189063,-4.886879916033018,-3.468988987906409,-4.507170839711003,7.855242143246873,-9.650199383071037,1.6452986249332546,0.312123451561129,-9.270610554596454,2.0643485040750624,1.3316563266230748
-1.8867999616658082,8.886129342217535,2.615887645308735,2.4196962284025982,11.948281984487112,-0.6957523218816473,0.5816601115664948,3.3719503049011395,5.818075460965395,-8.755853529779282,-5.540260084117974,8.888389908034013,-13.49514565348251,-1.6168461738518471,-3.243280207662963,5.387167754519503,7.112364398234508,-1.9542371217598216,10.271524516867478,-0.2797329336552453,3.565214591428813,-12.664396180833814,-8.655594351434932,-10.972496199382771,-9.111038491053574,0.5237495201855288,6.519307326233095,9.046168799081373,0.8431452765392395,-8.139410874564675,-5.4687150793687325,-5.661106712934521,0.7305706183504601,-8.25355054983565,6.899563841954306,11.575454282783827,5.08507550109268,6.408931907240108,6.556080151012162,-11.276118532787885,-14.674404502051624,-6.006301526122268,10.140037766677397,10.094082980151548,3.9226004479648178,-11.887554898273342,4.514871823260476,2.1810706900646175,3.7115663640064476,-7.289817612130453,7.558076799939559,-1.628079051112002,-0.6112149859414965,7.903298169264139,-0.26900978703556,-1.4350405109667967
-2.4574681921695216,14.907957672603278,4.205737085014638,4.354883413658275,17.93005411336839,0.37820389608183647,1.71650435774467,6.146755563370865,10.014836822778788,-14.781564617002315,-8.482276120733545,14.455381538265554,-23.235890395094422,-3.520393055743118,-5.455685284372899,8.120501566444142,10.777017941986013,-2.953381462165451,17.51500802689743,-0.5094062412196754,8.357108038819812,-20.74195612604307,-14.289709876463988,-17.13036006356823,-15.830635786596003,1.0002573996769872,10.5777501396105,16.54513097517937,1.872312260155811,-14.47935175014531,-10.187086933052528,-9.391085082840315,2.52973101978445,-15.46772112864089,11.575454282783827,20.600122195030792,8.84553247404785,11.271444784068137,11.243777621402543,-19.16765652659413,-23.18778595803267,-10.264648636348317,16.989605254365937,16.074058338237904,6.195295562826677,-19.35295154174392,7.201712318579745,4.283388921251756,6.272643595237393,-11.599283019559033,13.120124642331579,-2.5112049966882783,-0.7211892920836753,13.12513416517822,-1.720050214769308,-2.1283254250463264
-1.2008156463570407,6.54750981181702,1.8764290535118688,1.8610412735269208,8.24121417786145,-0.09953321109587192,0.6268914439260043,2.6147163757269762,4.354688355342904,-6.479415031902727,-3.8640851561258898,6.427769144296979,-10.103802075330453,-1.405947403662992,-2.3960349025525947,3.7253486664093547,4.934448218483684,-1.3524978375164274,7.642308883340467,-0.21717377429528226,3.2601947287178352,-9.197815421850079,-6.313412100086449,-7.746189067775994,-6.855865912175695,0.4172108230554878,4.708102075478957,7.028747159334887,0.7423144979750919,-6.2142263866002665,-4.296730213317129,-4.144467215499477,0.8830512117477963,-6.513668540867853,5.08507550109268,8.84553247404785,3.832735808248572,4.86140648700131,4.895399694646118,-8.373446775234953,-10.433463967519968,-4.47542908195478,7.465165336163542,7.2086543843798,2.7858628788936,-8.600840489167565,3.2293753865152706,1.7724595405693842,2.74524436100652,-5.20387384061395,5.68560559336845,-1.1411404123306519,-0.3699089719683884,5.78908876484126,-0.5363400850896664,-0.9837927749133822
