V1,V2,V3,V4,V5,V6,V7,V8,V9,V10,V11,V12,V13,V14,V15,V16,V17,V18,V19,V20,V21,V22,V23,V24,V25,V26,V27,V28,V29,V30,V31,V32,V33,V34,V35,V36,V37,V38,V39,V40,V41,V42,V43,V44,V45,V46,V47,V48,V49,V50,V51,V52,V53,V54,V55,V56
43.27800176977933,28.543804181870332,59.511965296112116,44.18630301743201,19.020755266186985,100.52649339856889,-22.385594461103008,100.03013247944108,-77.30892215943992,34.45695631157294,-100.0722084706173,17.62498481462177,-7.287250506079299,-59.54040022455731,-73.7183244093659,-43.62651764453194,-26.689503164045068,-67.84087303788442,-40.48709542707193,4.74586087124274,-7.030054380993805,-16.86974857497383,-49.42839828927464,49.05783457723601,23.314344278557403,-41.47416646782209,2.9004625727862208,-3.853897923654175,7.162752481784638,37.44065924942567,72.17263322872948,-6.957521525048758,63.46206799627267,-60.254950056115995,-29.937141235899063,-2.239226796498606,-31.09639017218618,-2.6066519170001046,-25.798690060057147,91.61125294919643,-46.85933323874789,92.13269842934181,53.81543730445427,26.728730487887326,99.2660553814627,3.466333240545659,-70.25418927818971,-25.219855144019967,-70.36147298401715,-97.47014415941764,-10.169224111203453,2.1964143742804,37.31883362678821,107.47539293288928,6.73142409374182,15.550425874129472
28.543804181870332,18.905882822513927,39.13686635407713,29.063757163059496,12.560955652265942,66.43731732553927,-14.624752781729065,65.87758680814207,-51.464169222429945,22.838985919314197,-65.82203468428096,11.740269628195504,-4.645579273250192,-39.35039009159409,-48.63042203482143,-28.984952206872293,-17.616365235534847,-44.98786024595273,-26.845576433892994,2.9619697902722195,-4.98388750642738,-10.731551894505294,-33.01146361935171,32.19705227058931,15.49225703333048,-27.37613065984858,1.9028459084930482,-2.6569346055970358,5.109923646401806,24.729095241765194,47.73268255580338,-4.753944356697567,41.93038235121853,-39.48503145644022,-19.652371950035356,-1.213972920325302,-20.737367909718937,-2.0844767903888983,-17.253312994751454,60.37434776268314,-31.137664269573182,60.80473126231881,35.159035605823945,17.774953963352115,65.28139090423305,2.218543947653249,-46.58240318728297,-16.276327972865964,-46.02059765903242,-64.27226369541526,-6.619375989839751,1.5543456852093518,24.62030077980912,70.86821779493941,4.457246179537086,10.223397971066191
59.511965296112116,39.13686635407713,82.00575317046007,60.87659577539475,26.134899693599515,138.0391660498764,-30.989187124790046,137.6953847968188,-105.61330111532803,47.21752526022586,-137.88088176383792,24.068978754412097,-10.256964318924009,-81.75766235892947,-101.3619477624137,-59.681525765297145,-36.68271746887829,-92.93477309359102,-55.46709859692276,6.771618594485001,-9.159145987618611,-23.77893044145102,-67.36762961248671,67.6950647687398,31.89266459147952,-57.00229358161262,4.0043307554081995,-5.131533969412943,9.282804705693046,51.43406719871381,99.05303067684575,-9.326015602150868,87.16098110784782,-83.23406322690253,-41.305295728845024,-3.466740720506767,-42.42849261199844,-3.0467263836464102,-35.126439725446154,126.05210662709729,-64.10133009179543,126.63847316425462,74.49687071051929,36.54014768114407,136.78327568555892,4.866559638338907,-96.2477907420556,-35.2038424382311,-97.32430987244143,-134.05790497312117,-14.113868012233425,2.865507436383192,51.31037081816111,147.8204528705886,9.231705634421504,21.431898440742042
44.18630301743201,29.063757163059496,60.87659577539475,45.19300446004467,19.404933912610606,102.50130834131178,-22.996204757145257,102.22719147283519,-78.4548980969719,35.067032710821,-102.35576042686262,17.87946284498907,-7.601785164229775,-60.70946887789433,-75.25770039792684,-44.33001882632395,-27.236711903399314,-69.02123403176304,-41.19442903002495,5.013991389080258,-6.829356362901542,-17.62107409125265,-50.053273331888214,50.24775227442593,23.68853153082715,-42.32357864207591,2.9719158705226087,-3.8194466728313277,6.925295081969759,38.19132130369451,73.55552262695032,-6.937995899171794,64.7203541041232,-61.77711603911951,-30.65935181572472,-2.5509717315108618,-31.520803127526364,-2.293792179213004,-26.1010017740643,93.58413917961246,-47.61167150953119,94.02830966866036,55.28243353193634,27.142785001384038,101.5408836712214,3.607278072321788,-71.48186174636025,-26.10792101241546,-72.22712324480928,-99.53166901059531,-10.471213509906313,2.136404805656605,38.096247148432525,109.74985591940805,6.855407872066256,15.909852444338467
19.020755266186985,12.560955652265942,26.134899693599515,19.404933912610606,8.363311946848224,44.207911118813264,-9.812628809857312,43.9454231591103,-34.06772292880693,15.16554109992403,-43.949556753500275,7.768677859069327,-3.1725754867960467,-26.183763117665602,-32.402616244428835,-19.213845485919766,-11.732982706350567,-29.863079406503765,-17.821524287677338,2.053836265835539,-3.155580234332102,-7.340321588910823,-21.801766315177844,21.53160398138621,10.268997578709321,-18.232897914975638,1.2731055198786165,-1.7157159032358706,3.2205800893406074,16.46210042343654,31.74500875226196,-3.089218040499458,27.906364677658335,-26.434310400598143,-13.140649305288521,-0.9350370399814084,-13.710363413752301,-1.2140495486705891,-11.383301709077278,40.256125908408244,-20.639654112134064,40.50065470428176,23.58980788817327,11.774793150290886,43.59301605852229,1.5108719356009075,-30.92393625187776,-11.0166904342739,-30.852044404116967,-42.837143790563815,-4.453203969203281,0.9853253736642759,16.403712599098874,47.23388736758062,2.9620378754291603,6.828313428143915
100.52649339856889,66.43731732553927,138.0391660498764,102.50130834131178,44.207911118813264,233.73435284774388,-51.75837752823236,232.18509662532696,-180.38530880480764,80.22964251035158,-232.13875543166802,41.13643252023242,-16.652203619723434,-138.43845609853793,-171.2485673597947,-101.69694354142806,-62.01709487818715,-157.99656197271824,-94.28660983638183,10.736848970057622,-16.922291669717726,-38.50998502030473,-115.51477753077823,113.67988238845136,54.351193756051806,-96.3731666924989,6.719595619616182,-9.148240014636565,17.297057032355116,87.02748985373101,167.8677130237896,-16.442833231055403,147.5362582074754,-139.523054323175,-69.37926174896383,-4.751516808034797,-72.61969623576869,-6.679422340533109,-60.332080534949895,212.71206688331964,-109.23979995660918,214.07225000727652,124.42989685828438,62.33553586567779,230.25161013648489,7.935778495829672,-163.60756181676246,-57.97053130239661,-162.77566785140635,-226.37919742400348,-23.47085329547021,5.282350626227603,86.69522557776426,249.61446130627064,15.665474438013849,36.06453819441712
-22.385594461103008,-14.624752781729065,-30.989187124790046,-22.996204757145257,-9.812628809857312,-51.75837752823236,11.830127515556093,-51.91449214653699,39.141341072891215,-17.622268269238422,52.09036823481491,-8.912369549421653,4.056735970565651,30.654604780182467,38.118652015645715,22.188742319719832,13.782513321056827,34.659071708415134,20.689344655500538,-2.7539085113994246,3.0174879418885405,9.433006730498214,24.833905898278854,-25.661035661223508,-11.855425485316237,21.416301879282745,-1.519259030722048,1.7887623518353426,-3.015173255528737,-19.304012112952666,-37.09715599448043,3.304755004634677,-32.69579222261198,31.62545934822116,15.65298973281328,1.6295931244761532,15.679471112731541,0.6941541334072812,12.918900331775516,-47.477617489877524,23.828559823275448,-47.58915342953511,-28.437531904007056,-13.564067866906404,-51.68724255945542,-1.9145631188797343,35.90088479001703,13.68277809853342,37.08716331671947,50.446532985591666,5.418146955128388,-0.9476397747573253,-19.293886934434816,-55.6269166371004,-3.4515258978817727,-8.102264364469049
100.03013247944108,65.87758680814207,137.6953847968188,102.22719147283519,43.9454231591103,232.18509662532696,-51.91449214653699,231.32409015719875,-178.10052778989203,79.502629227259,-231.52787210760786,40.59558983793844,-17.04249109585733,-137.51914821422656,-170.37957350548015,-100.5743956149775,-61.672844014541575,-156.50404744877497,-93.40436898778214,11.176713854415494,-15.820095231481705,-39.48154484293886,-113.73783215324315,113.58722720180947,53.7459395900041,-95.83555069517348,6.717198894655074,-8.76573024087521,16.07761451232099,86.49494305345715,166.65314698424604,-15.877416126041725,146.5921561913422,-139.58725318197767,-69.31109384515112,-5.502167518071297,-71.59348854735688,-5.571631374733942,-59.33478605569019,211.80787912570702,-108.02398138194819,212.90368030410974,124.80232401738579,61.59807816101874,229.674253521186,8.096021404635596,-162.0776629662732,-58.73356524808344,-163.10905932667677,-225.3072181559662,-23.613901350574736,4.945974439128528,86.24987744940184,248.43635768521818,15.537491335551518,35.983085820710365
-77.30892215943992,-51.464169222429945,-105.61330111532803,-78.4548980969719,-34.06772292880693,-180.38530880480764,39.141341072891215,-178.10052778989203,140.96451137504658,-62.23129195063418,177.6607807551961,-32.17734680739189,12.046343716611673,106.84322976105685,131.73276204495232,79.2065751927301,47.75438270815811,122.64976219675883,73.1795545868721,-7.465163068096375,14.651393019057373,27.746893124882266,90.77500598905395,-86.669909675474,-42.33903976979414,74.21278002703843,-5.117923000626517,7.5773110234501235,-15.12590321729233,-67.09268372188376,-129.7169425835874,13.423441915100668,-113.80691702958794,106.08720604873608,52.91299470741983,2.4086624320352152,56.92024404267496,6.865661871895706,47.52272122240532,-163.3463560978873,85.09568713455401,-164.80830147927676,-94.10332893584766,-48.62960726922295,-176.171471980975,-5.781864557664186,126.98105056952377,42.894652699252504,123.35131983896133,174.01890801590514,17.632907463990758,-4.561032900208285,-66.69865934569195,-191.87401322743315,-12.128268932713345,-27.579689541108152
34.45695631157294,22.838985919314197,47.21752526022586,35.067032710821,15.16554109992403,80.22964251035158,-17.622268269238422,79.502629227259,-62.23129195063418,27.595172842477798,-79.41451017351893,14.197310337358983,-5.571640870756016,-47.51969414868517,-58.70451408994563,-35.03687320519301,-21.268183384193602,-54.360757612797826,-32.4381062858708,3.538263042911392,-6.0937802101794425,-12.865096873656418,-39.94196174404161,38.83036003365171,18.72664453756602,-33.05099598051053,2.294333228447184,-3.2328440291491374,6.255575999638016,29.85956011398855,57.650247371084546,-5.77549528258216,50.6322519231657,-47.606565883421105,-23.70159875961119,-1.4055523465822493,-25.083751201705407,-2.599202072189092,-20.881241555963786,72.86783301490817,-37.63824987220507,73.40845797372741,42.36573727041534,21.49023799298631,78.76079066581545,2.6626196296345417,-56.28685985755086,-19.567985784990917,-55.46603736357738,-77.5814072970806,-7.970318520105791,1.899986588441126,29.720930522895344,85.54316422588573,5.384115167586305,12.33381001886893
-100.0722084706173,-65.82203468428096,-137.88088176383792,-102.35576042686262,-43.949556753500275,-232.13875543166802,52.09036823481491,-231.52787210760786,177.6607807551961,-79.41451017351893,231.8286045243419,-40.48961586123077,17.225069127265918,137.4909058314191,170.44687082252523,100.38701303691138,61.685764541998275,156.3088097413398,93.29076116195395,-11.363105271792616,15.450417253548208,39.93017794814271,113.33972158000493,-113.81039627701499,-53.645431924119535,95.85545398041168,-6.732150365859768,8.645151223722692,-15.663538227301464,-86.49386815083396,-166.58093583031263,15.705403217040631,-146.5760185909714,139.9262916534308,69.44408656347544,5.79276971366243,71.37769127229072,5.1743060088667,59.100125837092286,-211.95663092653157,107.82241981763367,-212.95441618514934,-125.22342260299509,-61.464479005575384,-229.9814686214872,-8.173918560241587,161.8800845668098,59.14675842212953,163.60161529054633,225.42337247845907,23.720962309824,-4.8333440970309685,-86.28206595915988,-248.56533056038847,-15.526111216947731,-36.0341787738632
17.62498481462177,11.740269628195504,24.068978754412097,17.87946284498907,7.768677859069327,41.13643252023242,-8.912369549421653,40.59558983793844,-32.17734680739189,14.197310337358983,-40.48961586123077,7.346199154006446,-2.732968780916502,-24.365316021117955,-30.03448556336744,-18.075285308831596,-10.888451543681363,-27.982981113300323,-16.695821194439045,1.687522943622717,-3.369495414289446,-6.29327398769092,-20.729666747504247,19.74635405520531,9.662640140752055,-16.921708255299553,1.1660616724429094,-1.7373624619541552,3.4804777722680225,15.298987140371949,29.584157522957355,-3.074295890607669,25.95263570435273,-24.164892657284277,-12.056103212863098,-0.527565825809435,-12.99619476077934,-1.5953761601468517,-10.853974098459274,37.237492189432544,-19.420549841274042,37.57714525858844,21.426669343318373,11.09873847083597,40.14885947906593,1.312727783660356,-28.97031924634216,-9.749251316522766,-28.090248264464023,-39.673077433853884,-4.013063518168301,1.0487943831205215,15.207287693464183,43.74340389888072,2.7667707728171878,6.284919043598632
-7.287250506079299,-4.645579273250192,-10.256964318924009,-7.601785164229775,-3.1725754867960467,-16.652203619723434,4.056735970565651,-17.04249109585733,12.046343716611673,-5.571640870756016,17.225069127265918,-2.732968780916502,1.556496287430538,9.861624382133147,12.397866565382117,6.913565162357919,4.467865184418603,10.927553347371889,6.527341256011134,-1.1423868087197522,0.4740727818199123,3.650774017277174,7.482218541915301,-8.587663808685361,-3.691434226723692,6.941226710482574,-0.5100700848661754,0.41401680124808704,-0.41544431663200976,-6.232868685668475,-11.883949606128922,0.83423111560761265,-10.53625014020649,10.671188294368749,5.232811284355176,0.9170587698555395,4.771179902429327,-0.31067870309843665,3.8564164049441274,-15.529253671201444,7.4199242666442276,-15.436536135763184,-9.750301471640336,-4.201071423619899,-17.105667708991124,-0.7228506848759609,11.326833635404629,4.977841188050043,12.641022020729286,16.44553397242877,1.8931593795971646,-0.15363371566674325,-6.272498504037071,-18.136213031677574,-1.0984177721901296,-2.6858173072773215
-59.54040022455731,-39.35039009159409,-81.75766235892947,-60.70946887789433,-26.183763117665602,-138.43845609853793,30.654604780182467,-137.51914821422656,106.84322976105685,-47.51969414868517,137.4909058314191,-24.365316021117955,9.861624382133147,81.99569059246548,101.42801835533643,60.23525637203039,36.731913437464165,93.58086781781104,55.84565505468254,-6.358036010245356,10.025463639596436,22.805827531112556,68.420849730937,-67.32968340889134,-32.192253237150425,57.080517196541386,-3.979830669662216,5.419219118367803,-10.247772500581064,-51.545381471077384,-99.42662687405056,9.740095105858947,-87.38409848058711,82.63549688047809,41.09154571596564,2.8121946526096786,43.01329889253909,3.958967919973203,35.73567106444226,-125.98574747486194,64.70282319867485,-126.79213618660538,-73.69537555149927,-36.92157544554275,-136.37317287421456,-4.699701095852606,96.90424902682166,34.332387181200176,96.40664799868863,134.08089985226786,13.900723077018759,-3.129451960195971,-51.348304499720705,-147.84279574769027,-9.278533005696394,-21.3602546411374
-73.7183244093659,-48.63042203482143,-101.3619477624137,-75.25770039792684,-32.402616244428835,-171.2485673597947,38.118652015645715,-170.37957350548015,131.73276204495232,-58.70451408994563,170.44687082252523,-30.03448556336744,12.397866565382117,101.42801835533643,125.57425193390424,74.3323626627507,45.464348347843845,115.58371944373842,68.97938930893469,-8.067214324115431,12.008981059642103,28.698968750849552,84.23490544435693,-83.54979910918513,-39.72534649993168,70.64986924272058,-4.94034288818881,6.576124648775146,-12.237057092647094,-63.779129644116786,-122.94960920045315,11.867611028693203,-108.10806452189449,102.61293882884547,50.98686004873578,3.7903992989358097,52.99159383675319,4.473704036398427,43.96703857826843,-156.04779292976,79.84398873540228,-156.94172912089468,-91.63802022996295,-45.54256533196162,-169.07139396256642,-5.898401066045857,119.6938807615401,42.92428889690978,119.81684172690466,166.03001255335988,17.314418722291045,-3.7515182028551592,-63.5702628521099,-183.072292675181,-11.46840368264785,-26.485134169439387
-43.62651764453194,-28.984952206872293,-59.681525765297145,-44.33001882632395,-19.213845485919766,-101.69694354142806,22.188742319719832,-100.5743956149775,79.2065751927301,-35.03687320519301,100.38701303691138,-18.075285308831596,6.913565162357919,60.23525637203039,74.3323626627507,44.545428124539484,26.938993910725078,69.03821994733062,41.19401589554212,-4.333435052531433,8.01838622697649,15.94229364852984,50.93005166353988,-49.02364407065336,-23.80985309503464,41.863971330302554,-2.8955192228497655,4.193340398116761,-8.258143196979242,-37.83609098327288,-73.10657521441885,7.4563850309846655,-64.16983813386963,60.05080162427546,29.92655689418785,1.548636094388027,31.95725315541804,3.6113648480191936,26.64649335539437,-92.21385240182367,47.854636112405665,-92.97605414577959,-53.34517178011866,-27.337179290847786,-99.55267844623063,-3.3115959691496397,71.48014486237805,24.463032770193156,69.88704908238007,98.2120342873559,10.013840564813036,-2.4978864874889024,-37.63453878723284,-108.29002426872557,-6.831700281860537,-15.587230940326453
-26.689503164045068,-17.616365235534847,-36.68271746887829,-27.236711903399314,-11.732982706350567,-62.01709487818715,13.782513321056827,-61.672844014541575,47.75438270815811,-21.268183384193602,61.685764541998275,-10.888451543681363,4.467865184418603,36.731913437464165,45.464348347843845,26.938993910725078,16.461790196835423,41.87765365983651,24.99189189356356,-2.899221357678096,4.3923557536841376,10.339266055514306,30.54976629138442,-30.22821514217033,-14.397017844709437,25.580997968873532,-1.7872169888996883,2.395564879604877,-4.48017589246122,-23.095483429297037,-44.53038939494256,4.31777875883475,-39.1494217238665,37.11755229663055,18.447360839583627,1.3382040908580686,19.214553161459282,1.6669671372984736,15.948858409968258,-56.48961510856727,28.936531116735296,-56.824901266552764,-33.133680653643154,-16.50742542758936,-61.18690950329964,-2.1266812954097833,43.366280310966054,15.494647634791427,43.329194751318745,60.10817960443874,6.257137644697319,-1.3717912009861781,-23.015919272236793,-66.27792451242945,-4.154219382647712,-9.584616125467871
-67.84087303788442,-44.98786024595273,-92.93477309359102,-69.02123403176304,-29.863079406503765,-157.99656197271824,34.659071708415134,-156.50404744877497,122.64976219675883,-54.360757612797826,156.3088097413398,-27.982981113300323,10.927553347371889,93.58086781781104,115.58371944373842,69.03821994733062,41.87765365983651,107.09286092034264,63.90360181004776,-6.922124639094426,12.089168048987759,25.225801070091517,78.74822447879146,-76.40979549621369,-36.900517841352226,65.07861086598103,-4.514618858820009,6.395284991193457,-12.417737235705713,-58.7985583484559,-113.53980787021749,11.414585556694238,-99.70735017434085,93.66337486865295,46.64083062524071,2.698280726394519,49.44633894717088,5.213428541822739,41.1747645407833,-143.45421624163154,74.16551488116085,-144.5412491104858,-83.32427064580824,-42.3496586063089,-155.0193090627024,-5.224534132131456,110.88580498826552,38.432635668337554,109.1034173998776,152.7434225314207,15.669386115504599,-3.768583620252019,-58.518190909844066,-168.41822160320825,-10.6051934049356,-24.274918825310273
-40.48709542707193,-26.845576433892994,-55.46709859692276,-41.19442903002495,-17.821524287677338,-94.28660983638183,20.689344655500538,-93.40436898778214,73.1795545868721,-32.4381062858708,93.29076116195395,-16.695821194439045,6.527341256011134,55.84565505468254,68.97938930893469,41.19401589554212,24.99189189356356,63.90360181004776,38.13217900529308,-4.137236024142962,7.202168496113082,15.068892533414914,46.98161957979237,-45.606696808248834,-22.0178204332801,38.83771927124833,-2.694684129327171,3.812464924884281,-7.396872767717893,-35.089399979423995,-67.75522278690599,6.806165092952754,-59.5021126875154,55.907075911659255,27.838301577309238,1.6198207628596717,29.501037970045633,3.098133884019924,24.564303214404383,-85.61435968734256,44.25314794534796,-86.2600367511273,-49.73957398732118,-25.268783972448716,-92.52155397229966,-3.1203946335605703,66.16714885050249,22.9493604697048,65.12631915094036,91.15693729010661,9.354532730705662,-2.2452126218455852,-34.92305751580436,-100.51169921966986,-6.328453323561477,-14.488349864458833
4.74586087124274,2.9619697902722195,6.771618594485001,5.013991389080258,2.053836265835539,10.736848970057622,-2.7539085113994246,11.176713854415494,-7.465163068096375,3.538263042911392,-11.363105271792616,1.687522943622717,-1.1423868087197522,-6.358036010245356,-8.067214324115431,-4.333435052531433,-2.899221357678096,-6.922124639094426,-4.137236024142962,0.8784397181451548,-0.031044575908251246,-2.6938861703303,-4.543929275269753,5.720209439314392,2.3120323007072074,-4.503327271678132,0.3404881885004703,-0.17759987941484492,-0.03834275841048755,4.031085841879564,7.63432233880388,-0.41125050444663064,6.802757245123034,-7.154690461754527,-3.4823540412546485,-0.8079560224439921,-2.9251359531640384,0.49498635634200217,-2.321028311973185,10.152549008825034,-4.647457932131179,10.022384618290294,6.618399787710416,2.6189490629013927,11.292166097932004,0.5250012850495225,-7.179687175703004,-3.527783462704593,-8.542010401864653,-10.722116298934877,-1.3033023028580633,0.01545858796999892,4.079963526568378,11.825550137473027,0.7014273340633199,1.7754711152695302
-7.030054380993805,-4.98388750642738,-9.159145987618611,-6.829356362901542,-3.155580234332102,-16.922291669717726,3.0174879418885405,-15.820095231481705,14.651393019057373,-6.0937802101794425,15.450417253548208,-3.369495414289446,0.4740727818199123,10.025463639596436,12.008981059642103,8.01838622697649,4.3923557536841376,12.089168048987759,7.202168496113082,-0.031044575908251246,2.671559327444452,0.9951746738762881,9.840843770847416,-7.264604699357265,-4.292629129174136,6.82905748946218,-0.424833929158202,1.1323789232962174,-2.8667796430992754,-6.2361186665661945,-12.302794121902824,1.8572070701408234,-10.631974557172475,8.656385720956978,4.450206888246981,-0.7992002571262847,6.053559954399615,2.0379349486304466,5.241277384311411,-14.660359915104463,8.626765935924022,-15.132873447346755,-7.258936230690363,-4.987184627678244,-15.283593955207113,-0.2633402122476743,12.496068029453411,2.52096407671319,9.721063843499966,15.763102297956546,1.2625751175124296,-0.8226415212424413,-6.087340500436943,-17.375477236914193,-1.1691966920716677,-2.380886158501983
-16.86974857497383,-10.731551894505294,-23.77893044145102,-17.62107409125265,-7.340321588910823,-38.50998502030473,9.433006730498214,-39.48154484293886,27.746893124882266,-12.865096873656418,39.93017794814271,-6.29327398769092,3.650774017277174,22.805827531112556,28.698968750849552,15.94229364852984,10.339266055514306,25.225801070091517,15.068892533414914,-2.6938861703303,0.9951746738762881,8.568583014423803,17.199969416265862,-19.927635526996127,-8.512007662226315,16.063018421946783,-1.1839437599248652,0.9247073456594944,-0.8475910132859648,-14.418651171309953,-27.47224998519798,1.8826665540412442,-24.369782012769694,24.779438913695287,12.141840678073665,2.2010709668475976,10.978263773704102,-0.8275443510124231,8.856999918514346,-35.96544506004222,17.10948971987201,-35.724308344819946,-22.671424478160358,-9.682054481454198,-39.6558916973345,-1.6935985807238583,26.14889619887719,11.629005231086701,29.37836332200201,38.07624845645375,4.4089467384943895,-0.32456341966039026,-14.519350290504383,-41.99093120312975,-2.5379161474574263,-6.227286772912482
-49.42839828927464,-33.01146361935171,-67.36762961248671,-50.053273331888214,-21.801766315177844,-115.51477753077823,24.833905898278854,-113.73783215324315,90.77500598905395,-39.94196174404161,113.33972158000493,-20.729666747504247,7.482218541915301,68.420849730937,84.23490544435693,50.93005166353988,30.54976629138442,78.74822447879146,46.98161957979237,-4.543929275269753,9.840843770847416,17.199969416265862,58.59883360366036,-55.1952684556515,-27.226282881200216,47.47712374943467,-3.2576961590951043,5.001375415091648,-10.19826988375994,-42.944201316961724,-83.11528058654027,8.807414380500134,-72.86369150239314,67.47779662689139,33.702633241194214,1.1798377418754569,36.702748747489665,4.889606286951374,30.709427098726575,-104.3685074467383,54.720698527098435,-105.42356025173099,-59.706782063466854,-31.291725157142796,-112.3765758813286,-3.603918069625032,81.5221649147763,26.937479401023847,78.3370131438781,111.2389298442432,11.153273319377197,-3.060399414714369,-42.65221271103557,-122.65081282026841,-7.777770914556289,-17.588440868060488
49.05783457723601,32.19705227058931,67.6950647687398,50.24775227442593,21.53160398138621,113.67988238845136,-25.661035661223508,113.58722720180947,-86.669909675474,38.83036003365171,-113.81039627701499,19.74635405520531,-8.587663808685361,-67.32968340889134,-83.54979910918513,-49.02364407065336,-30.22821514217033,-76.40979549621369,-45.606696808248834,5.720209439314392,-7.264604699357265,-19.927635526996127,-55.1952684556515,55.93493912284679,26.195873009414832,-46.97182601582842,3.309533389210443,-4.135574220115728,7.334150424192032,42.370117950498496,81.54480567399308,-7.552022887066158,71.78952691809407,-68.82402850110877,-34.126478540767216,-3.0748657011576674,-34.78817416309167,-2.21010862468264,-28.7598253041246,103.9504289190467,-52.65146243240722,104.3614145370133,61.68724004366697,30.000847527369935,112.91232287844262,4.06764589325576,-79.13805657511449,-29.313981436387692,-80.54682688261893,-110.52169520344167,-11.707255171898934,2.275174208553245,42.29222487695219,121.86904949502069,7.595883177908251,17.694158997541635
23.314344278557403,15.49225703333048,31.89266459147952,23.68853153082715,10.268997578709321,54.351193756051806,-11.855425485316237,53.7459395900041,-42.33903976979414,18.72664453756602,-53.645431924119535,9.662640140752055,-3.691434226723692,-32.192253237150425,-39.72534649993168,-23.80985309503464,-14.397017844709437,-36.900517841352226,-22.0178204332801,2.3120323007072074,-4.292629129174136,-8.512007662226315,-27.226282881200216,26.195873009414832,12.727102512300847,-22.373671910270538,1.5474008841413944,-2.2435734464302657,4.421003936913077,20.22083088624331,39.07162604382957,-3.988403880949912,34.295053800867436,-32.08671112913074,-15.991753163979299,-0.8226184861122285,-17.083388917624546,-1.9370588439396923,-14.24486486334383,49.28055687720178,-25.579837241516703,49.688719695640756,28.502072320369226,14.61212664924834,53.198832551001416,1.7685340305669157,-38.20520735179088,-13.065733742669345,-37.34100154653603,-52.48637446965748,-5.350036638807572,1.3371671195103898,20.113061981536507,57.87203362662596,3.6515476615274842,8.329301577786003
-41.47416646782209,-27.37613065984858,-57.00229358161262,-42.32357864207591,-18.232897914975638,-96.3731666924989,21.416301879282745,-95.83555069517348,74.21278002703843,-33.05099598051053,95.85545398041168,-16.921708255299553,6.941226710482574,57.080517196541386,70.64986924272058,41.863971330302554,25.580997968873532,65.07861086598103,38.83771927124833,-4.503327271678132,6.82905748946218,16.063018421946783,47.47712374943467,-46.97182601582842,-22.373671910270538,39.752242100239705,-2.777140419257708,3.7239183428086218,-6.965766743356033,-35.88966828712763,-69.19939159006717,6.711373378387506,-60.83731823446651,57.67647047364464,28.665738711508144,2.0770525982090073,29.86095412384983,2.593877144248443,24.78598945285446,-87.78237419899888,44.96870791902707,-88.3038033913734,-51.48516431415489,-25.65311964558831,-95.07991967740281,-3.3042311479992508,67.3916828058062,24.074296431028767,67.32788905528977,93.40554579394536,9.722678158590176,-2.1328686964128147,-35.7660285915017,-102.99295114471057,-6.455809485987664,-14.893672659219105
2.9004625727862208,1.9028459084930482,4.0043307554081995,2.9719158705226087,1.2731055198786165,6.719595619616182,-1.519259030722048,6.717198894655074,-5.117923000626517,2.294333228447184,-6.732150365859768,1.1660616724429094,-0.5100700848661754,-3.979830669662216,-4.94034288818881,-2.8955192228497655,-1.7872169888996883,-4.514618858820009,-2.694684129327171,0.3404881885004703,-0.424833929158202,-1.1839437599248652,-3.2576961590951043,3.309533389210443,1.5474008841413944,-2.777140419257708,0.19598244044655527,-0.24295177506817878,0.4280885812541816,2.504669536943416,4.819457601739114,-0.4442838545879971,4.243687651011698,-4.07287971943978,-2.019241959347701,-0.18571860803918605,-2.053802584908662,-0.1253054712363103,-1.6970013645182878,6.147362989289856,-3.1102380552899977,6.17002780767955,3.652291825774687,1.771664862349458,6.6789356898939944,0.2414903707962945,-4.675754679143161,-1.738119689032952,-4.768026160756873,-6.535291797837207,-0.6935117346843361,0.1330206252747891,2.5006766284591064,7.206230110625986,0.4489312243625938,1.0466458743372538
-3.853897923654175,-2.6569346055970358,-5.131533969412943,-3.8194466728313277,-1.7157159032358706,-9.148240014636565,1.7887623518353426,-8.76573024087521,7.5773110234501235,-3.2328440291491374,8.645151223722692,-1.7373624619541552,0.41401680124808704,5.419219118367803,6.576124648775146,4.193340398116761,2.395564879604877,6.395284991193457,3.812464924884281,-0.17759987941484492,1.1323789232962174,0.9247073456594944,5.001375415091648,-4.135574220115728,-2.2435734464302657,3.7239183428086218,-0.24295177506817878,0.5108810087261246,-1.2016134212054868,-3.3851865337009186,-6.618676416173088,0.8602723702802884,-5.7584205437424645,4.991274780747012,2.5294409058908864,-0.18546037511343036,3.100991563185077,0.7664695229560254,2.645054071954057,-8.085198627514176,4.5089880839896415,-8.259793423650528,-4.301616257327523,-2.593787950248459,-8.561376583028958,-0.2095329667037974,6.6150194514563845,1.7242155064680773,5.700319967271492,8.656814281530504,0.776828763705852,-0.3498488719424921,-3.3317728803664757,-9.543497697385579,-0.6245903278183095,-1.336717416109841
7.162752481784638,5.109923646401806,9.282804705693046,6.925295081969759,3.2205800893406074,17.297057032355116,-3.015173255528737,16.07761451232099,-15.12590321729233,6.255575999638016,-15.663538227301464,3.4804777722680225,-0.41544431663200976,-10.247772500581064,-12.237057092647094,-8.258143196979242,-4.48017589246122,-12.417737235705713,-7.396872767717893,-0.03834275841048755,-2.8667796430992754,-0.8475910132859648,-10.19826988375994,7.334150424192032,4.421003936913077,-6.965766743356033,0.4280885812541816,-1.2016134212054868,3.08295778587123,6.368221177953593,12.589771638676934,-1.9610293368465739,10.862552750977738,-8.711817637265435,-4.494197266039202,0.9253525270466452,-6.262444399148265,-2.230357678249015,-5.440147069765723,14.913909151390834,-8.884517854863992,15.433352711668434,7.253925919038932,5.142733986137338,15.490822468590848,0.23964895054747326,-12.8341330756584,-2.418993446715134,-9.741214739837897,-16.052194417468325,-1.2490357088297368,0.8823718519536181,6.203753182107907,17.693804945544635,1.1981718603545193,2.411957008215857
37.44065924942567,24.729095241765194,51.43406719871381,38.19132130369451,16.46210042343654,87.02748985373101,-19.304012112952666,86.49494305345715,-67.09268372188376,29.85956011398855,-86.49386815083396,15.298987140371949,-6.232868685668475,-51.545381471077384,-63.779129644116786,-37.83609098327288,-23.095483429297037,-58.7985583484559,-35.089399979423995,4.031085841879564,-6.2361186665661945,-14.418651171309953,-42.944201316961724,42.370117950498496,20.22083088624331,-35.88966828712763,2.504669536943416,-3.3851865337009186,6.368221177953593,32.406282329631985,62.4964149710194,-6.0924378108043555,54.93510922851989,-52.0138747034176,-25.85785365286305,-1.8201608192883065,-27.0032761860202,-2.41761734393156,-22.424789495709035,79.23306508713274,-40.64163634009373,79.72293073551775,46.40769584969978,23.188567748687323,85.79263932218508,2.9686460740622445,-60.88775035507344,-21.659363885800442,-60.6992316494944,-84.31681312815206,-8.758485415895436,1.9471315570551375,32.28806797135155,92.97125048160015,5.831210466206931,13.438382128527008
72.17263322872948,47.73268255580338,99.05303067684575,73.55552262695032,31.74500875226196,167.8677130237896,-37.09715599448043,166.65314698424604,-129.7169425835874,57.650247371084546,-166.58093583031263,29.584157522957355,-11.883949606128922,-99.42662687405056,-122.94960920045315,-73.10657521441885,-44.53038939494256,-113.53980787021749,-67.75522278690599,7.63432233880388,-12.302794121902824,-27.47224998519798,-83.11528058654027,81.54480567399308,39.07162604382957,-69.19939159006717,4.819457601739114,-6.618676416173088,12.589771638676934,62.4964149710194,120.57808357067968,-11.877982666543096,105.95508393655533,-100.05599840573204,-49.76854400338021,-3.2940387142849454,-52.237441796051506,-4.9581554999274955,-43.42093445599701,152.69223621572615,-78.5294270824459,153.70853059763536,89.18415661177396,44.8185343459611,165.22289836095976,5.667183594728113,-117.56997682996047,-41.461386253843656,-116.69176681370894,-162.51996234008874,-16.81138210127063,3.8392231612106413,62.24447824001012,179.20036282686925,11.254377293829164,25.877769528968056
-6.957521525048758,-4.753944356697567,-9.326015602150868,-6.937995899171794,-3.089218040499458,-16.442833231055403,3.304755004634677,-15.877416126041725,13.423441915100668,-5.77549528258216,15.705403217040631,-3.074295890607669,0.83423111560761265,9.740095105858947,11.867611028693203,7.4563850309846655,4.31777875883475,11.414585556694238,6.806165092952754,-0.41125050444663064,1.8572070701408234,1.8826665540412442,8.807414380500134,-7.552022887066158,-3.988403880949912,6.711373378387506,-0.4442838545879971,0.8602723702802884,-1.9610293368465739,-6.0924378108043555,-11.877982666543096,1.4640951976666312,-10.356089570502967,9.14910781095759,4.616711845646784,-0.19269067221497505,5.47559293370652,1.186361736087136,4.646769925158976,-14.622955438630248,8.015797359596897,-14.890984076780965,-7.946907855620403,-4.603729282866495,-15.558690588697008,-0.41483857639045185,11.80957796675163,3.305491833583162,10.499658008006314,15.636575500285886,1.4498714314690775,-0.5745443028650945,-6.011620442069858,-17.23892431708214,-1.1182131279639138,-2.4309646378587684
63.46206799627267,41.93038235121853,87.16098110784782,64.7203541041232,27.906364677658335,147.5362582074754,-32.69579222261198,146.5921561913422,-113.80691702958794,50.6322519231657,-146.5760185909714,25.95263570435273,-10.53625014020649,-87.38409848058711,-108.10806452189449,-64.16983813386963,-39.1494217238665,-99.70735017434085,-59.5021126875154,6.802757245123034,-10.631974557172475,-24.369782012769694,-72.86369150239314,71.78952691809407,34.295053800867436,-60.83731823446651,4.243687651011698,-5.7584205437424645,10.862552750977738,54.93510922851989,105.95508393655533,-10.356089570502967,93.12864272525375,-88.1184644896148,-43.812989789250445,-3.0386768122561465,-45.81125948024508,-4.1625469379571225,-38.052270311340436,134.29254172995948,-68.92925571700569,135.1378840904503,78.60215465857003,39.33061621724509,145.38565613502522,5.019932688712924,-103.24892146604701,-36.649269158268325,-102.81722168491412,-142.91536700564544,-14.830249189830242,3.3191939075679087,54.729871939145156,157.58413566685616,9.887142509398489,22.772302282903766
-60.254950056115995,-39.48503145644022,-83.23406322690253,-61.77711603911951,-26.434310400598143,-139.523054323175,31.62545934822116,-139.58725318197767,106.08720604873608,-47.606565883421105,139.9262916534308,-24.164892657284277,10.671188294368749,82.63549688047809,102.61293882884547,60.05080162427546,37.11755229663055,93.66337486865295,55.907075911659255,-7.154690461754527,8.656385720956978,24.779438913695287,67.47779662689139,-68.82402850110877,-32.08671112913074,57.67647047364464,-4.07287971943978,4.991274780747012,-8.711817637265435,-52.0138747034176,-100.05599840573204,9.14910781095759,-88.1184644896148,84.72934468094248,41.987141106515224,3.9788504792397017,42.55372765408162,2.433798209993175,35.14131885900196,-127.71409396686951,64.49169117787689,-128.15181181745194,-76.02455516151652,-36.73607460254671,-138.829712643939,-5.048128558447521,97.01190690420586,36.27893490144725,99.22802158864862,135.75908220355527,14.44693235014375,-2.713361423617831,-51.940418248328825,-149.69864856128498,-9.316291355871574,-21.757964095851065
-29.937141235899063,-19.652371950035356,-41.305295728845024,-30.65935181572472,-13.140649305288521,-69.37926174896383,15.65298973281328,-69.31109384515112,52.91299470741983,-23.70159875961119,69.44408656347544,-12.056103212863098,5.232811284355176,41.09154571596564,50.98686004873578,29.92655689418785,18.447360839583627,46.64083062524071,27.838301577309238,-3.4823540412546485,4.450206888246981,12.141840678073665,33.702633241194214,-34.126478540767216,-15.991753163979299,28.665738711508144,-2.019241959347701,2.5294409058908864,-4.494197266039202,-25.85785365286305,-49.76854400338021,4.616711845646784,-43.812989789250445,41.987141106515224,20.821355181675717,1.8639368007190853,21.24053847702589,1.3661510580172844,17.561884697474465,-63.43367658942768,32.14206472185387,-63.68807852609241,-37.62847499644949,-18.314797598752676,-68.89527140236437,-2.4790953315954596,48.30564331363308,17.871226908520363,49.1348212930106,67.4451399922219,7.140256595817197,-1.393601074663483,-25.809274548403106,-74.36960330414578,-4.636355823861956,-10.796148281474608
-2.239226796498606,-1.213972920325302,-3.466740720506767,-2.5509717315108618,-0.9350370399814084,-4.751516808034797,1.6295931244761532,-5.502167518071297,2.4086624320352152,-1.4055523465822493,5.79276971366243,-0.527565825809435,0.9170587698555395,2.8121946526096786,3.7903992989358097,1.548636094388027,1.3382040908580686,2.698280726394519,1.6198207628596717,-0.8079560224439921,-0.7992002571262847,2.2010709668475976,1.1798377418754569,-3.0748657011576674,-0.8226184861122285,2.0770525982090073,-0.18571860803918605,-0.18546037511343036,0.9253525270466452,-1.8201608192883065,-3.2940387142849454,-0.19269067221497505,-3.0386768122561465,3.9788504792397017,1.8639368007190853,1.001200406659928,0.847248139845414,-1.0939615530487197,0.5355164677638691,-4.910724708011751,1.6542684547042028,-4.641275804714945,-3.9138074856662532,-0.8918943799027004,-5.77753978615702,-0.4075948451769219,2.811324442881549,2.5033636963866206,4.941366353152548,5.098501822845557,0.8227994252397285,0.2406434521137472,-1.9127517839838932,-5.625933808769592,-0.29103448578671376,-0.9150675257332712
-31.09639017218618,-20.737367909718937,-42.42849261199844,-31.520803127526364,-13.710363413752301,-72.61969623576869,15.679471112731541,-71.59348854735688,56.92024404267496,-25.083751201705407,71.37769127229072,-12.99619476077934,4.771179902429327,43.01329889253909,52.99159383675319,31.95725315541804,19.214553161459282,49.44633894717088,29.501037970045633,-2.9251359531640384,6.053559954399615,10.978263773704102,36.702748747489665,-34.78817416309167,-17.083388917624546,29.86095412384983,-2.053802584908662,3.100991563185077,-6.262444399148265,-27.0032761860202,-52.237441796051506,5.47559293370652,-45.81125948024508,42.55372765408162,21.24053847702589,0.847248139845414,23.000450592791807,2.930503379700188,19.225237691884782,-65.68119643929244,34.33516139906112,-66.3094925595165,-37.69678082711189,-19.62807981126739,-70.77469182233357,-2.2943838448331015,51.1899463456581,17.088734490658197,49.43768223970586,69.98973245516524,7.051994517649066,-1.8834451950401307,-26.83149030907452,-77.17031506419885,-4.886470415284755,-11.078334461825953
