V1,V2,V3,V4,V5,V6,V7,V8,V9,V10,V11,V12,V13,V14,V15,V16,V17,V18,V19,V20,V21,V22,V23,V24,V25,V26,V27,V28,V29,V30,V31,V32,V33,V34,V35,V36,V37,V38,V39,V40,V41,V42,V43,V44,V45,V46,V47,V48,V49,V50,V51,V52,V53,V54,V55,V56
0.7572379268829574,-0.665575750687029,-0.24798040502281388,0.42491189326940315,-0.33088238299860423,-0.41093708299114756,0.21884855252029745,0.36867996760293537,0.29958449456811936,0.42416300812396734,-0.7894289363016416,0.013818452936568436,-0.33802852306757003,0.1602432654720308,0.014192665017158441,-0.3373299986609586,0.5851814338281962,0.15223629524286125,0.6839505441866129,0.043675977735564045,0.08477105278681787,0.9476024895151263,-0.16424156212313837,0.24977255417327504,-0.11211331721720702,0.3328850843813485,-0.3222740043881253,0.2716262923236442,0.41528295292329404,0.44678536574064714,0.11641936964278507,-0.19696638925895202,-0.59241420626585,0.010478476323344177,-0.593080426512184,0.4671390667242654,0.4573148775652059,-0.1460903227376475,-0.16189291534166964,0.6271269421291724,-0.025921554141376917,-0.7555242249123006,-0.024274019227934835,-0.24284366055923814,1.0148346088458153,0.3686355961309236,-0.3378201851592333,-0.028645166505488984,-0.048054890487585614,0.667786982275909,-0.10343494948703158,0.2424541928250804,0.73594323105018,0.376779742813156,0.4067434791271483,-0.7852893699547516
-0.665575750687029,1.1998677056743974,0.11789171416652301,-0.3588154535522046,0.07703675959219873,0.29056171557311206,-0.42898969233710227,0.29296552970909734,-0.16245517279796998,-0.3016371289895425,0.7189348955772187,0.7802932409753442,0.03276294131070748,-0.3835792530700284,-0.2645759899184374,0.30094727621350814,-0.45638018902300304,0.17272432912675337,0.11738618928733428,-0.22366248260243463,0.29703835146192714,-1.3072174026717043,0.08309587894868668,-0.6629864462905664,-0.25011576949503067,-0.39575343935179175,0.7818081922621958,-0.1450354621334454,-0.14894438876037414,-0.11565455452009692,-0.26991114346395145,-0.052143800666609334,0.5454133645748783,0.017824263865777394,0.8586260189806045,-0.028061101328340297,-0.5370766047764792,-0.005524712979111574,-0.19516085153455395,-1.16922957899219,-0.2443255694133642,0.03884722218267129,0.29157004234880224,0.2791052771527531,-0.38042274136490434,-0.6266160728242819,0.5480321786157055,0.35185613638108015,0.015787591596677565,-0.6547489424749574,0.5986031753503306,0.1850129052480212,-0.6647372430992067,0.1538326585539243,-0.10552057972750994,0.26159251448573057
-0.24798040502281388,0.11789171416652301,1.0229407051442279,-0.23718640858182763,-0.17014805524764715,-0.30361400547830464,0.27274764093051196,-0.15809022017568666,0.07729893202182443,-0.0337483037725078,-0.29038836304143534,0.023163139436504887,-0.22981899611019319,-0.3911167909215276,0.3566832517672883,-0.3985370074197565,-0.09313444603527878,-0.398107922033546,-0.6004652165972799,0.038600035999061734,-0.30342597617247336,-0.6933014492477866,-0.12895461315495438,0.20793563025457823,-0.5090750096715664,0.1517277876694922,0.424630249392705,-0.4421401605289311,-0.04989455381020391,-0.07433696947555675,0.26350025268313665,5.170245321112365e-4,-0.3280971688729672,0.0700404158964606,0.6644489595958825,0.1978523802222843,0.015434540971852151,-0.5360293389052758,0.10759482111517017,0.35367581436700385,-0.5522118453641486,0.46218217201036266,0.06063762004073592,0.23606014014852492,-1.1825067254486301,0.16986339082519833,-0.14535947185388784,-0.004247134988374259,0.6599608476387684,0.07100173061230694,-0.18350100187529636,-0.24100721069215175,-0.3612288709449061,-0.27364621025548785,0.02426506879962006,0.2572663537251698
0.42491189326940315,-0.3588154535522046,-0.23718640858182763,1.7411666467533302,-0.9823034357278017,-0.8076351043132182,-0.10031910098806052,-0.07793259692734557,0.36488692478591167,-0.49654496330831677,-0.38710998704155625,0.3916372576038706,0.13555017362746716,0.21484943853318578,0.6389340346225837,0.6341800637360514,0.30456761477220556,-0.31874611684954696,0.3910519017841333,-1.5486326635233625,-0.33662694930548626,0.4103132162974211,-1.1557105953249511,0.4676469178841931,-0.21269644871265214,0.5352497506842406,-1.1956460354540155,0.021624217832791993,0.7660699882024877,0.7121639650806116,-0.011207070666521442,-1.0523651574038537,0.7510654858095349,-0.15627790056054824,-1.1175572603496273,0.13536127766948391,0.08765537380559897,-0.14459666764307602,0.30669340055053007,-0.540454072074401,-0.12654023117418672,-0.34890964424564935,0.682250166128796,0.27069940547495225,0.17973787977841632,0.3511103436540827,-0.7204689188121508,-0.17332161721359549,-0.31015746737169225,-0.01412964870887335,-0.24235298248002168,-0.20490440944438598,0.612928536385485,1.070256022479999,0.0030919597021776173,0.2479645844204128
-0.33088238299860423,0.07703675959219873,-0.17014805524764715,-0.9823034357278017,2.246857552592095,0.8933882506513053,0.2767003797982767,-0.4702754541591124,0.02682909457164944,-0.45118954736798644,0.006535443280319539,-0.7221858824488016,-0.710742909658614,0.2903887445858663,-0.6353428418730988,0.2783838303036584,0.35004302498199835,-0.08107999815813675,-0.03147073472354357,1.3915699862778648,0.23891565133234058,-0.2717109126889962,0.33928575424494334,-0.7836470640349144,0.22215549153451666,-0.3504825581003303,0.4401545722118645,0.9190533125832608,-0.7699219440009698,-1.5890011529091108,-0.41512796746058056,0.630500298249851,-0.30742917867883435,-0.7102192416096341,0.44169766591916526,0.2269239217822273,0.5452128169698893,1.257106858553762,0.799186855494708,0.08712383699314745,-0.3791240547902923,0.3109986742869622,-0.09276448871682616,0.42663352958540596,0.2550375001425804,-0.9835692293457733,0.7250166845792809,-0.12796352831918206,0.11656082348002403,-0.5868090911578983,0.2248144166344888,-0.42454913327164834,-0.31112610777867117,-0.6280127523950383,-0.4292370669676706,0.15719844353034582
-0.41093708299114756,0.29056171557311206,-0.30361400547830464,-0.8076351043132182,0.8933882506513053,0.7626178250113032,-0.11479890127633624,-0.2747674559971365,-0.28156410612820454,0.003253001278016105,0.648788901858382,-0.41153688149341466,0.19080390077220744,-0.012385062245124622,-0.37565182253746077,0.16924982175649314,-0.317080705251869,0.22750047953651203,-0.221953350784291,0.661415874440605,0.22217234137161174,-0.2780615335647009,0.66881099105645625,-0.2917227705873682,0.3640716629280302,-0.5065500266439575,0.2966282536204941,0.10827037996727756,-0.4477107950455963,-0.5605992915827058,-0.2130266724891234,0.5170695374800421,0.1016937867815057,-0.14780133207026727,0.1678011865774553,-0.2603277957173314,-0.18154199266764814,0.5606189133732411,0.18458401712133551,-0.11228134839804066,0.37161547441095166,0.25215585958246906,-0.3556658872421821,-0.02120139302605865,-0.0672001431704057,-0.4191206270739645,0.6407635634625417,0.09738188793680067,-0.20520858841909465,-0.3723639304803012,0.1530440767705311,-0.09596412322837926,-0.5851073789863438,-0.4772208675213385,-0.3145298912170573,0.25298575364286024
0.21884855252029745,-0.42898969233710227,0.27274764093051196,-0.10031910098806052,0.2767003797982767,-0.11479890127633624,0.3395270018230931,-0.14185572438409608,0.1676464149124427,0.13032624328060377,-0.5110697581478054,-0.3502475671916175,-0.33005275631023967,5.136613572272653e-4,0.09966427903980593,-0.28330222664562865,0.3030694972722664,-0.15103528553131476,-0.06668368478696447,0.3692724940724646,-0.11083872452648343,0.24681598424176035,-0.007373207508356611,0.20080920068151406,-0.1513194041315286,0.15621156780870626,-0.03262340864095783,0.095302271894503,0.01209553619926444,-0.16253577597251176,0.12159165081568653,0.08053007573517208,-0.5189492531644826,-0.1344166462295013,-0.08154087343172502,0.3034285913464347,0.37181362373696086,-4.5288901973140227e-4,0.23737284962631283,0.6613402947811896,-0.21593614709624637,-0.01957106607651526,-0.10299013472027806,0.04234557721828867,-0.053558865035474065,0.1443809379545841,-0.10199459260819412,-0.09250852712236646,0.2584239074380616,0.2802141510031203,-0.2130077475233197,-0.17270947995969826,0.10852856197373319,-0.15052443265313173,0.06070482455025984,-0.15681284633870124
0.36867996760293537,0.29296552970909734,-0.15809022017568666,-0.07793259692734557,-0.4702754541591124,-0.2747674559971365,-0.14185572438409608,1.043726369677973,0.10028076910434496,0.3520323076872691,-0.3727599344781788,0.8901255916309199,-0.4422865613056508,0.042487267189110396,-0.4749536953594504,-0.4300267178309488,0.32247804556162024,0.37656954389693775,0.8956875586698088,0.16201474427102094,0.4199219473517417,0.19198015026952672,-0.06404058768378056,-0.5674386028743315,-0.18278356644152408,0.1499021893452644,0.6570335698952273,0.2832728239974973,0.10071355974330082,0.3517048668999627,-0.01053125530260132,-0.021535022459233565,-0.43367723917882406,0.3383227807756497,0.6207910413962796,0.2973771816407071,0.08771890835113086,-0.375033886531111,-0.8949936553506439,-0.21934436152404105,-0.31423998926853675,-0.7270816335993714,0.1843177976486445,-0.28950307008042725,1.1684498059408328,-0.10361942737229005,-0.1153030272717403,0.17177424656165893,0.09243531915445581,0.35954093988202496,0.5134816755707307,0.7870961719671188,0.6884610146175395,0.29781857455856553,0.6034846317892737,-1.022100815538487
0.29958449456811936,-0.16245517279796998,0.07729893202182443,0.36488692478591167,0.02682909457164944,-0.28156410612820454,0.1676464149124427,0.10028076910434496,0.32471580912400055,0.013817009050976081,-0.5298321161178158,0.12820852523962303,-0.42010350608992386,-0.10295266630807867,0.1279507787609706,-0.019647792671758414,0.39983618957659123,-0.03530268125151391,0.46683177521398334,-0.14578528692806453,0.03431658603113543,0.04598656701195434,-0.30236799949085824,0.09004604312660215,-0.39482831449473255,0.17006841872596076,-0.12853773944048105,0.1766068000010117,0.3560952842640075,0.14435697775667947,-0.028318720001460615,-0.33714775349272225,-0.2484192676956874,-0.25016684116459265,-0.31732738615366135,0.5882444247395082,0.31005216626684323,0.006047604140682306,0.2571815011460428,0.13139388650161146,-0.34398403072072253,-0.5018210972453073,0.21210797332358194,0.1976905965435613,0.27814234995799514,0.011789086746101664,-0.04480418831264886,0.07738462332677869,0.0913740394872641,0.172777249890927,0.012946197650721787,-0.07127581224896207,0.14681246519088254,0.442451215870753,0.1334305781390631,-0.26436196257808875
0.42416300812396734,-0.3016371289895425,-0.0337483037725078,-0.49654496330831677,-0.45118954736798644,0.003253001278016105,0.13032624328060377,0.3520323076872691,0.013817009050976081,1.0625962480004199,-0.22653815404928504,-0.1398868539871597,0.05705703662909749,-0.4477880968888719,-0.02187871510435173,-0.7582099315748357,-0.0012951845317694913,0.5344135068237731,0.3811868125704172,0.4516945557316366,0.27539696737514063,0.4083356008132661,0.7955938994394438,0.49720783676507124,-0.18547397501179888,-0.18273451236246813,0.25721254805017485,-0.3714519027706977,0.3761027339327195,0.7414235014743676,0.22700535926287163,0.22095244535540043,-0.8746986024303982,0.22660106889825818,-0.3726438073874123,0.438820289012966,-0.019997319597001222,-0.4585670800511423,-0.35599828805203637,0.9513824910852617,0.4580706701867525,-0.7774882180504201,-0.6209270156687217,-0.4961018351327002,0.41321414375517157,0.5193065551834071,0.26697937909380415,0.37513010474603736,-0.020942264575419405,0.8128935187446155,-0.05703284671090892,0.34839268705455745,-0.20187944967951169,0.00376473022584622,0.3962602487182489,-0.7660020929282096
-0.7894289363016416,0.7189348955772187,-0.29038836304143534,-0.38710998704155625,0.006535443280319539,0.648788901858382,-0.5110697581478054,-0.3727599344781788,-0.5298321161178158,-0.22653815404928504,1.3493537781696139,-0.06276938688353977,0.9206326467429492,-0.13921363362732014,-0.06656211384038262,0.524238808990059,-0.9310510917103434,0.16413466476200583,-0.6410185790062158,-0.27600857115524624,0.03569196123627294,-0.7098562618519041,0.5055735543169402,-0.09919623158355334,0.4771191630430056,-0.5759594515674512,0.056914173553653316,-0.45839127296843346,-0.33404719425851453,-0.08339465013757698,-0.17231649846860012,0.24450229193789638,0.964109412759262,0.14879354319409693,0.13588473140348975,-0.8395800310731325,-0.8265738842276876,0.20166314491243556,-0.030746275584787857,-0.8429908372792686,0.7069258584269804,0.6408314508103842,-0.21396322197847506,-0.03906798069548856,-0.7795359501993896,-0.243226633463831,0.49261374992986723,0.13419973550859182,-0.4267437538522999,-0.6924936309292262,0.11811036272221229,-0.0913371077223864,-0.882795846167335,-0.3095891441109488,-0.48155161206599734,0.8601109922968633
0.013818452936568436,0.7802932409753442,0.023163139436504887,0.3916372576038706,-0.7221858824488016,-0.41153688149341466,-0.3502475671916175,0.8901255916309199,0.12820852523962303,-0.1398868539871597,-0.06276938688353977,1.272369574943378,-0.2911796335129582,-0.13298740966971917,-0.20449288189991127,0.04467887468726294,0.08418509259012552,0.1693790858016367,0.7657213138202315,-0.6115150184933428,0.28752307981876285,-0.5400742820662581,-0.5012276484888927,-0.6069229427105968,-0.4199093059786019,0.13775930032519504,0.5328929700136893,0.07921434924491566,0.2541385437289203,0.43740117554741964,-0.12158706082365334,-0.4508423455499938,0.25099029717872523,0.22711009962750595,0.6576218424514909,0.2510164605235008,-0.20269402674251172,-0.42486063090008824,-0.6600844928994443,-1.0060174490520828,-0.5237848655610065,-0.5379320953945383,0.59665652303946,0.08538537214349588,0.5317698939767657,-0.2760943473704362,-0.11099971658891152,0.23428315996177754,0.0688847319387957,-0.11502972553977078,0.5978977507452042,0.5774984669200797,0.35343218726387865,0.6641528327896523,0.3918459457910147,-0.46038474683297653
-0.33802852306757003,0.03276294131070748,-0.22981899611019319,0.13555017362746716,-0.710742909658614,0.19080390077220744,-0.33005275631023967,-0.4422865613056508,-0.42010350608992386,0.05705703662909749,0.9206326467429492,-0.2911796335129582,1.0962956995364712,-0.06547865848605812,0.33215227235687417,0.2800192383065714,-0.7826250204513653,0.054773926293362994,-0.7270259398732654,-0.6123813969466251,-0.23083101468740386,0.020923374413134667,0.3275025945372531,0.5529884763841244,0.48107259169205613,-0.24463996350920847,-0.5233577657517601,-0.6921812986471054,0.016189347196337637,0.4661633545972872,0.11070356585191658,0.042147361839924395,0.7516883452748941,0.31610625000744047,-0.49640712077503163,-0.837176987553972,-0.6857754068180022,-0.19144199097068687,-0.08788994946234789,-0.20348890688232196,0.9117941868991559,0.5332385730865913,-0.3286316947311328,-0.26963568812758487,-0.7608520412928182,0.4115379953155617,-0.022526511448736904,-0.010432973784439888,-0.43456202960035895,-0.16152280752338333,-0.3071570821684736,-0.12468835664642391,-0.4860847831044455,-0.1796428001370066,-0.3132305775171261,0.7186449418050297
0.1602432654720308,-0.3835792530700284,-0.3911167909215276,0.21484943853318578,0.2903887445858663,-0.012385062245124622,5.136613572272653e-4,0.042487267189110396,-0.10295266630807867,-0.4477880968888719,-0.13921363362732014,-0.13298740966971917,-0.06547865848605812,0.8693904979811232,-0.32608602503209383,0.19037852780388828,0.289137028330006,-0.2469632661120795,-0.14021768594665773,0.23018129437623822,-0.139187257609311,0.8507057466785922,-0.4220560809459243,-0.4541360562402246,0.6632398486764975,0.3461427684456054,-0.2792299330863575,0.6262150489658325,-0.5212153000295826,-0.5987271322900763,-0.03907465817751831,0.22618545109715002,0.1972220243794131,0.13907749702745428,0.27308075747116684,-0.6368768323854705,0.3036659111040619,0.3566864267717024,-0.27764531405496257,-0.12417447296422297,-0.062316957960228056,0.5297920729400107,0.183327141311997,-0.15887880075416197,0.6851922162580188,-0.1498207441968963,-0.5707811689544213,-0.5505728967862579,-0.08270414936117511,-0.13118999587579333,-0.049798466724887414,0.12736740922223536,1.020604331807558,-0.3609625857196162,-0.012385454135875442,-0.05024758360932323
0.014192665017158441,-0.2645759899184374,0.3566832517672883,0.6389340346225837,-0.6353428418730988,-0.37565182253746077,0.09966427903980593,-0.4749536953594504,0.1279507787609706,-0.02187871510435173,-0.06656211384038262,-0.20449288189991127,0.33215227235687417,-0.32608602503209383,0.7241964419014365,0.12354337850227906,-0.1683392531620269,-0.26222371855949606,-0.3655718220748771,-0.801886484858158,-0.3802628973825492,-0.15249341194866897,-0.2589177550954344,0.8136602672004322,-0.3111427768506564,0.1246748368629989,-0.6363363099303526,-0.5663512031066555,0.5005250446197536,0.5457039421725894,0.18532155039334888,-0.47206107498889693,0.24414638878743186,-0.0921459258773784,-0.7445915000105385,0.12356953714381226,-0.13501733929229504,-0.341245613331866,0.4671182922545438,0.21045667078190083,0.1140010666803196,0.07151417704410387,0.03858228577409654,0.18254324813868716,-0.9184757358295873,0.5031501580933455,-0.2078091084786788,0.03199109909644811,0.011803768763010265,0.10339818160258332,-0.44050255375261005,-0.4377358866957313,-0.3846256780304693,0.33099427734259784,-0.15568481092353476,0.5143261590301966
-0.3373299986609586,0.30094727621350814,-0.3985370074197565,0.6341800637360514,0.2783838303036584,0.16924982175649314,-0.28330222664562865,-0.4300267178309488,-0.019647792671758414,-0.7582099315748357,0.524238808990059,0.04467887468726294,0.2800192383065714,0.19037852780388828,0.12354337850227906,0.9325914570517692,-0.16597399726093315,-0.17947163723029957,-0.0555467844772263,-0.7283570112257066,-0.09738830526798825,-0.3494509755635331,-0.4607116678575428,-0.15129575995474961,0.17570627644648432,-0.09991763403349475,-0.5805550080855667,0.17706536187113497,0.02160810568793005,-0.24928535725349507,-0.32232573495916955,-0.3879754323946616,1.0305713489073394,-0.3489328892319223,-0.4467168558115012,-0.26921825354819173,-0.19722408884378237,0.5656382539535191,0.539713327604597,-0.9865993481473945,0.07245448132622281,0.24532068255576805,0.4099215605689964,0.41162848141182984,-0.21030712566656437,-0.3922876755818999,0.09515370449267135,-0.08691390192118238,-0.4069480271873201,-0.738785874531888,0.05803599565500961,-0.3679926732881725,-0.20831331687827107,0.3743734762004732,-0.46300950974985794,0.7583903074209952
0.5851814338281962,-0.45638018902300304,-0.09313444603527878,0.30456761477220556,0.35004302498199835,-0.317080705251869,0.3030694972722664,0.32247804556162024,0.39983618957659123,-0.0012951845317694913,-0.9310510917103434,0.08418509259012552,-0.7826250204513653,0.289137028330006,-0.1683392531620269,-0.16597399726093315,0.8003776190603483,-0.05426181874495878,0.706972189627797,0.3009069870065611,0.10261621739479371,0.6007653855035281,-0.42690509461425197,-0.21616855350719621,-0.21400692611049058,0.37419191190741447,-0.06484123837374588,0.6605753263826145,0.14618318138535613,-0.1779293615952735,-0.04282125481053258,-0.1623019966520385,-0.5782807335627079,-0.23976001284443998,-0.12255527975158775,0.6069101055003919,0.6891697884001703,0.18898421310461788,0.07720670876567591,0.3545289173692569,-0.5391531844914613,-0.5627252579279592,0.2559323644017655,0.08400958915566611,0.9934321379987688,-0.09262001152976991,-0.25952183607045265,-0.12913899758150416,0.16260475185350615,0.3293601690966997,0.06816524871767961,0.10418015640764586,0.7862681287588791,0.2938778205699464,0.30056260969026916,-0.6848296938088365
0.15223629524286125,0.17272432912675337,-0.398107922033546,-0.31874611684954696,-0.08107999815813675,0.22750047953651203,-0.15103528553131476,0.37656954389693775,-0.03530268125151391,0.5344135068237731,0.16413466476200583,0.1693790858016367,0.054773926293362994,-0.2469632661120795,-0.26222371855949606,-0.17947163723029957,-0.05426181874495878,0.5409037945047598,0.5831667484805322,0.2148608767246426,0.4113039559724368,0.06811851349023505,0.5364596208600257,-0.038238198449644,-0.03512084342829577,-0.30377029962526925,0.25607055360316666,-0.031784710954506544,0.21342064400969568,0.3942711491173271,-0.08740894312315574,0.09442470686734854,-0.24792392026014556,0.05150792714875679,-0.2230454925743905,0.2637127892622664,-0.14336155466477046,-0.006241840604484001,-0.2613019588905994,0.0387626886035985,0.3569255715171979,-0.7042418784157704,-0.2727451503093303,-0.2551286908311214,0.6533917866822107,-0.015067329447257586,0.4381469228926789,0.3583494706326778,-0.2627436564044173,0.23172716331944943,0.2633698220169741,0.3488985621475084,-0.19968511961419452,0.20493841400241677,0.19357217131833596,-0.5077040342360507
0.6839505441866129,0.11738618928733428,-0.6004652165972799,0.3910519017841333,-0.03147073472354357,-0.221953350784291,-0.06668368478696447,0.8956875586698088,0.46683177521398334,0.3811868125704172,-0.6410185790062158,0.7657213138202315,-0.7270259398732654,-0.14021768594665773,-0.3655718220748771,-0.0555467844772263,0.706972189627797,0.5831667484805322,1.6918427935961258,-0.0628118322846645,0.6352761910742005,0.26744475810045953,-0.1487088156208561,-0.36076131577738463,-0.5105369471966869,0.02767717945616029,0.1630324784014663,0.5896245557894794,0.6722901604219272,0.5287914983921695,-0.2748215684197882,-0.4753974727038251,-0.45534605849954163,-0.27212850963013985,-0.4781889135648361,1.0821066588560377,0.3654523424917004,0.13505881979879675,-0.16821082031749643,-0.23763618045700127,-0.2945726818696498,-1.6326633056803286,0.29514420099939825,0.012978588251187514,1.7402465168557757,-0.25553318547727044,0.2842593460513552,0.4292913567346519,-0.24574910766633778,0.3677301290384294,0.5668419682020778,0.5265323071591915,0.4636739743769097,1.0483208934158457,0.5160133749867871,-1.1642159825216332
0.043675977735564045,-0.22366248260243463,0.038600035999061734,-1.5486326635233625,1.3915699862778648,0.661415874440605,0.3692724940724646,0.16201474427102094,-0.14578528692806453,0.4516945557316366,-0.27600857115524624,-0.6115150184933428,-0.6123813969466251,0.23018129437623822,-0.801886484858158,-0.7283570112257066,0.3009069870065611,0.2148608767246426,-0.0628118322846645,1.9292655072301526,0.3284686369642577,0.37170960582615137,0.8766075428444722,-0.5932180079659061,0.32834351120678007,-0.2188250911695034,0.9646181230709677,0.5654794215313999,-0.8271232781629116,-1.0237178904096482,0.003382427603053982,1.088015450986383,-1.162631055455128,0.003422434141397768,0.9401962024063019,0.06849687666824891,0.49471948767034246,0.42868403765211743,-0.22905203008686129,0.9710086660847123,-0.11902831678219933,0.16343871894152598,-0.5979805443334568,-0.30436830504029166,0.6230464695635817,-0.3699604627486512,0.41427435940075824,-0.09147495344893469,0.3657715860140038,0.26523087935630224,0.15854926949559964,0.22447095847206133,0.13628354298838485,-1.0776532000407115,0.14437851135608554,-0.6790723464595538
0.08477105278681787,0.29703835146192714,-0.30342597617247336,-0.33662694930548626,0.23891565133234058,0.22217234137161174,-0.11083872452648343,0.4199219473517417,0.03431658603113543,0.27539696737514063,0.03569196123627294,0.28752307981876285,-0.23083101468740386,-0.139187257609311,-0.3802628973825492,-0.09738830526798825,0.10261621739479371,0.4113039559724368,0.6352761910742005,0.3284686369642577,0.4204855294369585,-0.09865814580088778,0.31896686884438025,-0.3451250893382174,-0.10023074029778023,-0.23089662013682657,0.41920370901628967,0.21624190890492273,0.0622897085622024,0.05750147168033934,-0.16976574599169553,0.0896184499236325,-0.24145154739666796,-0.056319793948214916,0.10285931507967065,0.3374759886261297,0.004156101651014791,0.14261859538965363,-0.1953131543741659,-0.1519400754886022,0.014175607918859242,-0.6058060192608099,-0.06488316277040503,-0.07990284373955739,0.7060373825371157,-0.27452280957520864,0.41672519295739735,0.28162103533395544,-0.12328192494119367,0.05577685249915718,0.38237579371292896,0.31893033205361865,-0.07100862573747288,0.18322190274583414,0.1758436372957651,-0.501540925888147
0.9476024895151263,-1.3072174026717043,-0.6933014492477866,0.4103132162974211,-0.2717109126889962,-0.2780615335647009,0.24681598424176035,0.19198015026952672,0.04598656701195434,0.4083356008132661,-0.7098562618519041,-0.5400742820662581,0.020923374413134667,0.8507057466785922,-0.15249341194866897,-0.3494509755635331,0.6007653855035281,0.06811851349023505,0.26744475810045953,0.37170960582615137,-0.09865814580088778,2.0310949022213634,-0.0859160826118479,0.2957789916696392,0.701471823958247,0.5030047848940307,-0.7777883017526616,0.5066670190425968,-0.013548820960511996,0.1697435081802191,0.2263235802834623,0.2145334797050704,-0.5354523932997662,0.27534446377538313,-0.744519555218957,-0.3132350236937088,0.5775660746846604,0.06270321101973297,-0.43444769410302675,1.009694834683427,0.46300630388446323,-0.21320180406528857,-0.297837282804085,-0.6693615148030888,1.4417691779806427,0.5998027464783675,-0.7870325812373784,-0.4898549103519335,-0.27145121146176726,0.8020069894145684,-0.406684992489925,0.3145181004207104,1.420610834331806,-0.18481185559015623,0.3485392242728442,-0.7685347977967236
-0.16424156212313837,0.08309587894868668,-0.12895461315495438,-1.1557105953249511,0.33928575424494334,0.66881099105645625,-0.007373207508356611,-0.06404058768378056,-0.30236799949085824,0.7955938994394438,0.5055735543169402,-0.5012276484888927,0.3275025945372531,-0.4220560809459243,-0.2589177550954344,-0.4607116678575428,-0.42690509461425197,0.5364596208600257,-0.1487088156208561,0.8766075428444722,0.31896686884438025,-0.0859160826118479,1.2287336205225077,0.20017740335461162,0.17364014189343535,-0.6021153907012438,0.4992524727275873,-0.36119250461043945,-0.15754895967364238,0.08187801986616768,0.04496805085759959,0.6598626963656471,-0.5185808509376113,0.11181505323830356,-0.01885153001369008,-0.01159765290689557,-0.2818118067214015,0.027195008863706557,-0.11993753607154424,0.6369470107354265,0.6963580829817881,-0.1644892151249582,-0.8221400057441298,-0.39179223553670317,-0.0889450092602871,0.08967096004835184,0.7451912532737416,0.3609282729256103,-0.12638364082627465,0.25418537315124373,0.028041197807610795,0.1255649715063229,-0.8103077044716052,-0.5327734179356625,-0.023879398709338577,-0.1957842443481779
0.24977255417327504,-0.6629864462905664,0.20793563025457823,0.4676469178841931,-0.7836470640349144,-0.2917227705873682,0.20080920068151406,-0.5674386028743315,0.09004604312660215,0.49720783676507124,-0.09919623158355334,-0.6069229427105968,0.5529884763841244,-0.4541360562402246,0.8136602672004322,-0.15129575995474961,-0.21616855350719621,-0.038238198449644,-0.36076131577738463,-0.5932180079659061,-0.3451250893382174,0.2957789916696392,0.20017740335461162,1.2789068144232272,-0.21955632095044936,0.0157899436527504,-0.8306896602541484,-0.778046480719318,0.6789804607916754,0.8864796113261292,0.31515038297252707,-0.32400848366000806,-0.10181948753314014,-0.033312395382097695,-1.284760164408852,0.19266254703797306,-0.13442207841233764,-0.4317463324365638,0.4743756872728391,0.8550640341750299,0.5838085057359034,-0.1838669384151279,-0.3972876725036416,-0.10398619199234227,-0.7970805434517381,0.8774878885739963,-0.10466417956232352,0.13123876159385695,-0.13131949943164145,0.5119065013052759,-0.6581293405372753,-0.42623987513491823,-0.5221161670564224,0.24731079354540061,-0.09214105676406015,0.31647329330935486
-0.11211331721720702,-0.25011576949503067,-0.5090750096715664,-0.21269644871265214,0.22215549153451666,0.3640716629280302,-0.1513194041315286,-0.18278356644152408,-0.39482831449473255,-0.18547397501179888,0.4771191630430056,-0.4199093059786019,0.48107259169205613,0.6632398486764975,-0.3111427768506564,0.17570627644648432,-0.21400692611049058,-0.03512084342829577,-0.5105369471966869,0.32834351120678007,-0.10023074029778023,0.701471823958247,0.17364014189343535,-0.21955632095044936,0.9056024024325525,-0.015976021508681566,-0.24474078097568236,0.223592409885959,-0.6130870486800853,-0.45594624495497227,-0.010059462525650853,0.500455207901822,0.350932953216778,0.27484818253005144,0.1402618917231799,-0.9769758147339719,-0.09964522229135905,0.33591304519519655,-0.31763354954893763,-0.05274010123151047,0.5259392674070482,0.7238334334002906,-0.23162853099447,-0.3614815587284411,0.2782398210050271,-0.029801224126842128,-0.2399750275473475,-0.40520606122858854,-0.29190574703069244,-0.1843824908564177,-0.1250111080690207,0.09755781746004774,0.4442864839538276,-0.6474116664407648,-0.18639771482945997,0.2250815615653247
0.3328850843813485,-0.39575343935179175,0.1517277876694922,0.5352497506842406,-0.3504825581003303,-0.5065500266439575,0.15621156780870626,0.1499021893452644,0.17006841872596076,-0.18273451236246813,-0.5759594515674512,0.13775930032519504,-0.24463996350920847,0.3461427684456054,0.1246748368629989,-0.09991763403349475,0.37419191190741447,-0.30377029962526925,0.02767717945616029,-0.2188250911695034,-0.23089662013682657,0.5030047848940307,-0.6021153907012438,0.0157899436527504,-0.015976021508681566,0.49260210139695837,-0.25501686886464886,0.20052531059882256,0.04166771860187255,0.027955453246227897,0.14670969880954798,-0.20212401162219348,-0.10326945393612275,0.11679164714803923,0.06887491934308307,-0.026506833933840446,0.3183001328152643,-0.21578365529548965,-0.16829223192903187,0.15259200727774422,-0.3561828384035654,0.10035336455549985,0.289856735954718,-0.014789044941599688,0.23682546084340203,0.2084633948004366,-0.6501993704267096,-0.30822741379861424,0.19572970250060412,0.21524399629880364,-0.1552380291322981,0.05939198629033433,0.7777742936037936,0.08915760655987455,0.19694452063411638,-0.1868416856029381
-0.3222740043881253,0.7818081922621958,0.424630249392705,-1.1956460354540155,0.4401545722118645,0.2966282536204941,-0.03262340864095783,0.6570335698952273,-0.12853773944048105,0.25721254805017485,0.056914173553653316,0.5328929700136893,-0.5233577657517601,-0.2792299330863575,-0.6363363099303526,-0.5805550080855667,-0.06484123837374588,0.25607055360316666,0.1630324784014663,0.9646181230709677,0.41920370901628967,-0.7777883017526616,0.4992524727275873,-0.8306896602541484,-0.24474078097568236,-0.25501686886464886,1.440993312976252,0.09433648908061801,-0.4895981880929996,-0.42320929728809153,-0.041151573204115645,0.5545663256142169,-0.6096514206422103,0.226170267421068,1.5283428021561702,0.1986746671915356,-0.06568855652795,-0.19810480143799722,-0.6233508179498585,-0.11631485518950438,-0.49675712000886707,-0.027144919134069776,-0.08657485147753287,-0.06787435129990566,0.10838404447771212,-0.5046908842569943,0.456790519153819,0.25923406975065977,0.4874277589146624,-0.039189678447359384,0.5826452751483719,0.49650998447812433,-0.2155318514133388,-0.47330095873997824,0.29187033065159834,-0.545412908387677
0.2716262923236442,-0.1450354621334454,-0.4421401605289311,0.021624217832791993,0.9190533125832608,0.10827037996727756,0.095302271894503,0.2832728239974973,0.1766068000010117,-0.3714519027706977,-0.45839127296843346,0.07921434924491566,-0.6921812986471054,0.6262150489658325,-0.5663512031066555,0.17706536187113497,0.6605753263826145,-0.031784710954506544,0.5896245557894794,0.5654794215313999,0.21624190890492273,0.5066670190425968,-0.36119250461043945,-0.778046480719318,0.223592409885959,0.20052531059882256,0.09433648908061801,0.997895424388731,-0.34173821294169754,-0.7617961613823064,-0.26583040079730236,0.12102653322982723,-0.18026749704483733,-0.2573526017699931,0.2822984356563631,0.1436638060545768,0.5843434989945195,0.6610918981682026,-7.685503433897579e-5,-0.1932038648140708,-0.46137361025049867,-0.1746105743821275,0.3137754206979915,0.10527623752752878,1.2056294272298282,-0.5657140411335848,-0.09632309108048243,-0.26250561832090274,-0.013508113088583774,-0.15002237093814277,0.2955349074455665,0.1586297042299579,0.8383021069969789,-0.002613838961069668,0.09116948294800356,-0.4689596347265111
0.41528295292329404,-0.14894438876037414,-0.04989455381020391,0.7660699882024877,-0.7699219440009698,-0.4477107950455963,0.01209553619926444,0.10071355974330082,0.3560952842640075,0.3761027339327195,-0.33404719425851453,0.2541385437289203,0.016189347196337637,-0.5212153000295826,0.5005250446197536,0.02160810568793005,0.14618318138535613,0.21342064400969568,0.6722901604219272,-0.8271232781629116,0.0622897085622024,-0.013548820960511996,-0.15754895967364238,0.6789804607916754,-0.6130870486800853,0.04166771860187255,-0.4895981880929996,-0.34173821294169754,0.9595554887448827,1.021327350237053,0.038106207370411614,-0.7147886289238764,-0.06166776272900086,-0.1959055188608891,-1.098500745274514,0.7701356191101634,-0.026397295625728415,-0.3337277606056479,0.2910664853098268,0.11610260906064404,0.10114287902384021,-1.0051598405583144,0.09214048742740123,0.09914271054216785,0.12135351937919388,0.4185911940003221,0.06959980780593096,0.3870441460986266,-0.1980964730143254,0.3922235263431004,-0.08629898064336947,-0.059266430291809,-0.24780942684352314,0.9607244808150676,0.17813659396564546,-0.23122710147377254
0.44678536574064714,-0.11565455452009692,-0.07433696947555675,0.7121639650806116,-1.5890011529091108,-0.5605992915827058,-0.16253577597251176,0.3517048668999627,0.14435697775667947,0.7414235014743676,-0.08339465013757698,0.43740117554741964,0.4661633545972872,-0.5987271322900763,0.5457039421725894,-0.24928535725349507,-0.1779293615952735,0.3942711491173271,0.5287914983921695,-1.0237178904096482,0.05750147168033934,0.1697435081802191,0.08187801986616768,0.8864796113261292,-0.45594624495497227,0.027955453246227897,-0.42320929728809153,-0.7617961613823064,1.021327350237053,1.5646442101474896,0.22986112372991974,-0.6266568176463393,-0.0314902311149468,0.2685029895546177,-1.0179685049240312,0.4136490610261406,-0.3744755382926481,-0.8389774059343633,-0.28997807222317035,0.18420947667140883,0.49525852906370443,-0.9745402188017752,-0.12418095626350935,-0.2949485771650766,0.07741238522254595,0.8000837925645949,-0.09906995578161507,0.44657976772088404,-0.28185063369382823,0.656875099626759,-0.12849530284049657,0.267234121374989,-0.18726749385440608,0.8674788874708583,0.36166361546226655,-0.36578877936552096
0.11641936964278507,-0.26991114346395145,0.26350025268313665,-0.011207070666521442,-0.41512796746058056,-0.2130266724891234,0.12159165081568653,-0.01053125530260132,-0.028318720001460615,0.22700535926287163,-0.17231649846860012,-0.12158706082365334,0.11070356585191658,-0.03907465817751831,0.18532155039334888,-0.32232573495916955,-0.04282125481053258,-0.08740894312315574,-0.2748215684197882,0.003382427603053982,-0.16976574599169553,0.2263235802834623,0.04496805085759959,0.31515038297252707,-0.010059462525650853,0.14670969880954798,-0.041151573204115645,-0.26583040079730236,0.038106207370411614,0.22986112372991974,0.23360952231360613,0.0635758856441132,-0.23734525386817468,0.22149980101420078,0.024060961554525334,-0.09432905387677858,0.0018282856977772477,-0.3742931972890126,-0.17710905189222273,0.4488498072351336,0.06564122360591552,0.14891314585688026,-0.1541863872974812,-0.1784340688076289,-0.2609619299228571,0.3767294339314197,-0.2652155620670481,-0.0745963526720051,0.16157079698521423,0.3099133140866737,-0.22872365095495312,0.026298826367521753,0.10680456570446542,-0.175998158929606,0.11769280648058783,-0.05821392458497185
-0.19696638925895202,-0.052143800666609334,5.170245321112365e-4,-1.0523651574038537,0.630500298249851,0.5170695374800421,0.08053007573517208,-0.021535022459233565,-0.33714775349272225,0.22095244535540043,0.24450229193789638,-0.4508423455499938,0.042147361839924395,0.22618545109715002,-0.47206107498889693,-0.3879754323946616,-0.1623019966520385,0.09442470686734854,-0.4753974727038251,1.088015450986383,0.0896184499236325,0.2145334797050704,0.6598626963656471,-0.32400848366000806,0.500455207901822,-0.20212401162219348,0.5545663256142169,0.12102653322982723,-0.7147886289238764,-0.6266568176463393,0.0635758856441132,0.8294831691386809,-0.4114156800833229,0.2334414131680414,0.7324981682966573,-0.47561822323361225,0.01930819220043413,0.16742089351988662,-0.3370180800037871,0.4589274468015517,0.21473405447442806,0.5467589953280503,-0.48321207565997726,-0.333444582576024,0.044081054423748905,-0.13651463844137518,0.17108466164689398,-0.14963489437400984,0.14145410780175238,0.03428329716367386,0.01619179201352101,0.1580620535704126,0.0018966501596436756,-0.9414314189418255,-0.026231583887526368,-0.11933182516686829
-0.59241420626585,0.5454133645748783,-0.3280971688729672,0.7510654858095349,-0.30742917867883435,0.1016937867815057,-0.5189492531644826,-0.43367723917882406,-0.2484192676956874,-0.8746986024303982,0.964109412759262,0.25099029717872523,0.7516883452748941,0.1972220243794131,0.24414638878743186,1.0305713489073394,-0.5782807335627079,-0.24792392026014556,-0.45534605849954163,-1.162631055455128,-0.24145154739666796,-0.5354523932997662,-0.5185808509376113,-0.10181948753314014,0.350932953216778,-0.10326945393612275,-0.6096514206422103,-0.18026749704483733,-0.06166776272900086,-0.0314902311149468,-0.23734525386817468,-0.4114156800833229,1.494453965639565,-0.03055194998697335,-0.22074410630912586,-0.7908801314104861,-0.6030065461896911,0.2621645640078848,0.22489456151818174,-1.3619210937417028,0.2772621996376244,0.661210150087429,0.44620846702977424,0.3013397082296389,-0.6661473748300697,-0.2526995267056656,-0.09365998099576946,-0.14031872791768593,-0.4674958568208519,-0.8962624643051569,0.024857589321287687,-0.2826006668979583,-0.27195394707006487,0.27719707269564003,-0.5226584585804104,1.0921508688587875
0.010478476323344177,0.017824263865777394,0.0700404158964606,-0.15627790056054824,-0.7102192416096341,-0.14780133207026727,-0.1344166462295013,0.3383227807756497,-0.25016684116459265,0.22660106889825818,0.14879354319409693,0.22711009962750595,0.31610625000744047,0.13907749702745428,-0.0921459258773784,-0.3489328892319223,-0.23976001284443998,0.05150792714875679,-0.27212850963013985,0.003422434141397768,-0.056319793948214916,0.27534446377538313,0.11181505323830356,-0.033312395382097695,0.27484818253005144,0.11679164714803923,0.226170267421068,-0.2573526017699931,-0.1959055188608891,0.2685029895546177,0.22149980101420078,0.2334414131680414,-0.03055194998697335,0.5661315693995199,0.5034057425130223,-0.5307981319362944,-0.24407477065739588,-0.5087886972011009,-0.7600778053893311,0.059808779387896936,0.20198316151436047,0.29865797564099733,-0.13917556645403806,-0.4220833461499562,0.020775422547177787,0.2959215318749992,-0.35877057510541227,-0.11118711898039747,0.06790291240459703,0.2282283853690055,-0.01392030558319612,0.4052138849473057,0.36007081618017733,-0.32519816342462304,0.230153967010837,-0.18634241696561876
-0.593080426512184,0.8586260189806045,0.6644489595958825,-1.1175572603496273,0.44169766591916526,0.1678011865774553,-0.08154087343172502,0.6207910413962796,-0.31732738615366135,-0.3726438073874123,0.13588473140348975,0.6576218424514909,-0.49640712077503163,0.27308075747116684,-0.7445915000105385,-0.4467168558115012,-0.12255527975158775,-0.2230454925743905,-0.4781889135648361,0.9401962024063019,0.10285931507967065,-0.744519555218957,-0.01885153001369008,-1.284760164408852,0.1402618917231799,0.06887491934308307,1.5283428021561702,0.2822984356563631,-1.098500745274514,-1.0179685049240312,0.024060961554525334,0.7324981682966573,-0.22074410630912586,0.5034057425130223,2.4235010854934083,-0.5499954035255444,-0.0585387841080403,-0.23409677877112006,-0.9478794143125979,-0.5083270332989996,-0.8380701440626814,0.9663546221177952,0.22999392185554157,-0.03467252515466788,-0.21177543748976901,-0.6646662199181199,-0.1260318875970767,-0.23284062426099122,0.7383759244726164,-0.39526412778974895,0.5437254467744447,0.5166965482614752,0.36817677120174963,-0.9729161596496333,0.20173076829118242,-0.18105261772171452
