V1,V2,V3,V4,V5,V6,V7,V8,V9,V10,V11,V12,V13,V14,V15,V16,V17,V18,V19,V20,V21,V22,V23,V24,V25,V26,V27,V28,V29,V30,V31,V32,V33,V34,V35,V36,V37,V38,V39,V40,V41,V42,V43,V44,V45,V46,V47,V48,V49,V50,V51,V52,V53,V54,V55,V56
182.20436940995623,-1349.3812214060454,1720.099776117031,640.3314333393603,14.419747109159232,-980.807442036803,1058.2417629469426,-1181.72939535799,446.8547780605747,-512.7049531701496,-1413.9899112327248,-1100.1544170607738,-503.68423073293667,101.19630653901154,1204.6627640383942,-429.32574572446856,513.231592817571,-1435.7030070314,-1547.5540906455008,-113.62036474865121,-1244.3834281506804,232.4201522669683,-1031.7415199429768,1122.0014829389697,-525.491371345645,964.720864081836,-769.9108498635821,-338.60907794493056,-17.701380503286188,-509.66304253780413,657.6411569738996,-243.58003063828895,-628.1117571076813,-252.39267105249098,-67.78868935271544,209.60118113536382,850.3577362892213,-508.80207524182134,1060.1596728315446,1610.2891691656584,-997.357616516643,1312.888831457147,200.7602644033475,550.5906521229957,-2077.2981451110586,825.023709064037,-1189.5669837664013,-769.4673198161395,1142.121716138445,393.79823299451317,-1237.3039700033676,-1173.0656290145864,280.5466019579704,-568.4967235514933,-217.3144900426798,843.1101988301214
-1349.3812214060454,9998.945226194395,-12743.317010565193,-4744.374938732756,-110.23084366292181,7265.386150983186,-7841.0907254176755,8758.321278222715,-3310.743849880929,3800.2021850129395,10475.688776433397,8153.880849163679,3731.414250626491,-750.9485072890792,-8925.651527809834,3179.083207881912,-3802.7800783395305,10638.144647395135,11467.475733127683,841.2158469182481,9220.391739535213,-1722.796812983383,7644.360784664061,-8313.391637545268,3892.0435861712253,-7147.402699801414,5706.389426246388,2507.647987674977,132.18363221155133,3778.663118537159,-4871.956820077518,1804.2351539805204,4652.536627821508,1871.5286795073678,504.1466441536528,-1552.054558259464,-6301.000884153976,3767.0704032065996,-7857.549360352508,-11930.983078319316,7388.7604470144515,-9729.045693411996,-1487.1597539674208,-4080.193451345582,15391.585019565757,-6111.9063111635405,8813.162965036645,5701.98946262121,-8461.30084429676,-2916.2129137448983,9168.243573834468,8693.395234116233,-2078.024355225912,4212.950508930217,1611.9210815100919,-6248.751458173552
1720.099776117031,-12743.317010565193,16242.442886411698,6046.8867482930755,139.02100787621424,-9260.780582849162,9993.569629875787,-11161.4309023129,4219.794287228345,-4842.901642982071,-13352.124037206127,-10390.978076632622,-4756.258742811053,956.5133220380487,11375.967533261437,-4052.685454876758,4846.817531506503,-13558.350580182432,-14614.87656671896,-1072.4675059148904,-11751.40006305292,2195.2032502178577,-9743.142095120007,10595.407847076589,-4961.381992901889,9109.81775344995,-7271.92410754338,-3196.5172340622935,-167.95737516837815,-4814.954975014267,6209.70453019436,-2299.890469992315,-5930.427836179574,-2384.720606839883,-641.5229172761099,1978.7751207181518,8030.6598532182,-4802.5049794284205,10013.537542048552,15206.256418054163,-9417.875966246842,12399.132071369895,1895.7449037079732,5200.130864566696,-19616.808401818005,7790.071408440085,-11232.889086439673,-7266.928048346058,10784.719248499716,3717.440181157667,-11684.725864168697,-11079.119516176697,2648.7980174940603,-5369.013702812267,-2053.5745617704383,7963.252584652676
640.3314333393603,-4744.374938732756,6046.8867482930755,2251.330128665823,52.04602446120373,-3447.6510903540993,3720.543840556319,-4155.578114692885,1570.9261599753524,-1803.2319665194723,-4970.836810947051,-3868.831443002273,-1770.692894860269,356.2418380584042,4235.224346968467,-1508.5549674223312,1804.3893038136603,-5047.785756188969,-5441.142491714504,-399.1951759855388,-4375.082941485231,817.3149463625031,-3627.3498206906647,3944.572243197613,-1846.9318739903013,3391.4703661979943,-2707.5579148735665,-1189.9447707721422,-62.577562882945266,-1792.7718018958776,2311.7378515508035,-856.2243893342963,-2207.7185045424526,-887.9879815777432,-239.02993728523126,736.6091897179266,2989.8750576767866,-1787.6183887438144,3728.2640151438413,5661.210982431199,-3506.1873169668074,4616.278810104045,705.8035114731678,1936.1037732204936,-7303.369762538211,2900.0976813106877,-4181.910292523013,-2705.5520799173987,4014.9917749494584,1383.8548132009018,-4350.2713482213985,-4124.885193799821,986.0572008752513,-1998.9337383385218,-764.7008269376072,2965.0132278248993
14.419747109159232,-110.23084366292181,139.02100787621424,52.04602446120373,3.347936851683524,-78.70964956969446,86.20305689134258,-97.58278511188513,36.28368753916768,-42.621586841990876,-114.41559343736124,-90.91490896009685,-40.75226740622835,8.918257296186978,97.87122894933832,-33.70307723650153,41.839345804159244,-117.10038885611121,-126.45205680261766,-8.818824903572377,-101.37623800224152,19.233760223277287,-83.86932780244805,91.20268175117437,-41.895460900644395,78.1256964113429,-63.67930935622131,-26.71667083462285,-2.0624214827643024,-42.9803824243705,52.99170312261733,-19.51992816068063,-50.274497788223364,-21.48818616977601,-6.579845002275927,16.57001866532811,69.46630896489542,-39.60244789069459,87.77181111827775,130.768986396246,-80.63718981897455,107.57924344838553,16.200851227783776,45.277146291931416,-169.02307024189494,66.39958442987131,-96.25044760908143,-63.01658197878739,92.27639699243603,31.020960708234572,-100.95441620670144,-96.47890901087835,22.417905577185397,-46.652213668453506,-18.741834350596285,69.69448821467726
-980.807442036803,7265.386150983186,-9260.780582849162,-3447.6510903540993,-78.70964956969446,5280.284163904921,-5697.722138475513,6363.228412671969,-2405.882596609185,2760.975315331143,7612.7948257784465,5924.004815212593,2711.840514292913,-545.1817611003095,-6485.961489932765,2310.896313704693,-2763.3401314541306,7730.136341109553,8332.403224659272,611.5528614327961,6699.96430156915,-1251.4639903501352,5555.032514845193,-6040.869078298219,2828.9246605277845,-5193.9828430392445,4145.785996008125,1822.675674353245,95.5763734732646,2744.819505013428,-3540.525859774299,1311.3660506507103,3381.4004631479397,1359.412029350762,365.47343194504106,-1128.3381095467946,-4578.589534255437,2738.5376688007727,-5708.782290688907,-8669.793508966999,5369.719203423642,-7069.071644161154,-1080.9232626932353,-2964.736154323049,11184.422922742879,-4441.610800631257,6404.4938388388755,4143.095003685132,-6149.005008711854,-2119.7341617057577,6661.8945286252365,6316.420017982643,-1510.2899495800193,3060.99303598435,1170.5538545853356,-4539.97365680481
1058.2417629469426,-7841.0907254176755,9993.569629875787,3720.543840556319,86.20305689134258,-5697.722138475513,6149.065874307225,-6868.08428986586,2596.44011808151,-2980.000740739331,-8215.283887256948,-6393.946839490229,-2926.3612675255285,588.7470766612847,6999.563492101506,-2493.258959351306,2982.2782710888114,-8342.480394964661,-8992.716481676405,-659.7995577333392,-7230.612879529727,1350.8657520442534,-5994.851331725855,6519.395352596111,-3052.4314066362754,5605.143582175037,-4474.709897639954,-1966.568666903413,-103.57824189888592,-2963.106587643866,3820.696028565141,-1414.9843577337758,-3648.6999304704445,-1467.5634360477902,-395.1054204755083,1217.3181833346537,4941.249847874261,-2954.4688020543886,6161.738348252071,9356.29558266681,-5794.518042913479,7629.410715462028,1166.3241135360265,3199.699235430674,-12070.096641122756,4793.035818528624,-6911.3903645130695,-4471.430166403243,6635.574950892211,2287.004525741103,-7189.664232194156,-6817.267116149117,1629.6834723272636,-3303.6761719275974,-1263.9090058740521,4900.008450266259
-1181.72939535799,8758.321278222715,-11161.4309023129,-4155.578114692885,-97.58278511188513,6363.228412671969,-6868.08428986586,7672.144258989533,-2899.869891638263,3329.01443563252,9175.362825321039,7142.663814148071,3268.2149689025523,-658.0856620801524,-7817.941939384121,2783.979617109157,-3330.9091741724214,9318.112788298107,10044.67051157757,736.6555716701207,8076.221656560819,-1509.172810104529,6695.673687584542,-7281.717827812046,3408.6335809156412,-6260.260517205737,4998.747798950439,2196.063874527973,116.08616345617014,3310.4658796798044,-4267.125747013191,1580.189161149887,4074.749181286437,1639.7205541693409,442.12002262465586,-1359.1941501969195,-5519.164481350615,3298.747804216457,-6883.169157053556,-10450.249058715859,6471.550411421789,-8522.06812174547,-1302.5233645142287,-3574.061963169742,13481.512861729512,-5353.103499055319,7719.217063794796,4994.580210964097,-7410.949019382871,-2553.8201912198483,8030.624012367063,7615.064560051488,-1819.9566125450337,3690.3176807110253,1412.4060044311218,-5473.796704468591
446.8547780605747,-3310.743849880929,4219.794287228345,1570.9261599753524,36.28368753916768,-2405.882596609185,2596.44011808151,-2899.869891638263,1096.464279117456,-1258.1613588473942,-3468.9561244334623,-2699.509370391838,-1235.7338597099863,248.48985473544082,2955.524681850379,-1052.8881558312,1259.3622299829203,-3522.5405457199076,-3797.024191920443,-278.7091072134702,-3052.9990278456326,570.2862648667441,-2531.3500252240724,2752.7903649312266,-1289.055588527713,2366.815219914786,-1889.219311168805,-830.3849327550564,-43.70810569505139,-1251.0987376187086,1613.3214948774018,-597.5251808302394,-1540.7141288918453,-619.6080012626202,-166.68547903369924,514.1200869371008,2086.3521469299462,-1247.7160479826916,2601.6339371974095,3950.5563782595386,-2446.8034444697946,3221.359219405378,492.51146731136055,1351.032422699017,-5096.406203248559,2023.845511155142,-2918.30253211131,-1887.9462918054585,2801.927417553363,965.6927996992483,-3035.677914557409,-2878.46018999666,688.1827440830267,-1394.8387157761385,-533.5888956804699,2068.7356692769918
-512.7049531701496,3800.2021850129395,-4842.901642982071,-1803.2319665194723,-42.621586841990876,2760.975315331143,-2980.000740739331,3329.01443563252,-1258.1613588473942,1444.7600632820015,3981.1431907377714,3099.399383781456,1418.1719914681307,-285.63924982289416,-3392.14447348987,1207.7257663315363,-1445.2320464353438,4043.1681281386636,4358.299937024979,319.5114918664129,3504.3141231489335,-654.7491594091528,2905.31775788761,-3159.3165997132196,1478.9255074826965,-2716.2293294531537,2169.0933045587008,952.7263325101371,50.36333717362179,1436.5595751516055,-1851.3406087828705,685.6811388035579,1767.92706359698,711.6691126377019,191.89375056817218,-589.8032435624032,-2394.9171626158595,1430.97576183859,-2986.83040898374,-4534.262754375253,2808.119980130088,-3697.7384708787245,-565.2971416698034,-1550.971214580024,5849.709130117091,-2322.502036568676,3349.285676954939,2167.2119601608083,-3215.5429089347417,-1107.9767726889334,3484.496152823596,3304.2840958238144,-789.5960932763884,1601.2286527840104,612.9343191162,-2375.3908213445225
-1413.9899112327248,10475.688776433397,-13352.124037206127,-4970.836810947051,-114.41559343736124,7612.7948257784465,-8215.283887256948,9175.362825321039,-3468.9561244334623,3981.1431907377714,10976.165657213736,8541.93259440239,3909.926279240123,-786.3153329988085,-9351.652275785766,3331.484054850642,-3984.4080253014686,11145.715582389394,12014.227464001253,881.6401386549063,9660.261438238036,-1804.5572061784933,8009.410805466023,-8710.004016882935,4078.536745964212,-7488.770443124876,5977.911496711637,2627.6468127599433,138.11283336463188,3958.259107306927,-5104.69857863506,1890.6327526216562,4875.0997534318285,1960.421049033566,527.3899694504973,-1626.6705553437546,-6601.634035210983,3947.8659371147514,-8231.743049242868,-12500.313975682313,7742.007448810353,-10192.774917395807,-1558.4079105022358,-4274.818358696013,16126.027540621599,-6403.8099356939865,9234.004410035874,5973.8039341771855,-8865.61535116617,-3055.8611368050056,9605.452289536526,9107.6857512683,-2177.448727061229,4413.603365546614,1688.1990536116425,-6546.194961330468
-1100.1544170607738,8153.880849163679,-10390.978076632622,-3868.831443002273,-90.91490896009685,5924.004815212593,-6393.946839490229,7142.663814148071,-2699.509370391838,3099.399383781456,8541.93259440239,6649.982957424953,3042.5443872542105,-612.7741993326508,-7278.294693124465,2591.6868517671287,-3100.822671335476,8674.942218417696,9351.401802723825,685.6450197092528,7518.869101254158,-1405.1010380762878,6233.437931795156,-6779.022465171499,3173.1497546406977,-5828.042435171707,4653.922510891958,2044.486512912076,108.06528613097464,3081.96267283344,-3972.5098728620555,1471.0650422778656,3793.436483371553,1526.5967977803832,411.72322723486116,-1265.2739817330537,-5138.302973238259,3070.818322144542,-6408.16043588379,-9729.03001298068,6024.78093105635,-7933.926559520363,-1212.604301948717,-3327.3984565094142,12551.124245307952,-4983.583293711682,7186.399437410188,4649.931034676105,-6899.313509243512,-2377.5656710388475,7476.439757716915,7089.497517238347,-1694.2649480716193,3435.7275410264115,1314.9744159826719,-5096.307759866886
-503.68423073293667,3731.414250626491,-4756.258742811053,-1770.692894860269,-40.75226740622835,2711.840514292913,-2926.3612675255285,3268.2149689025523,-1235.7338597099863,1418.1719914681307,3909.926279240123,3042.5443872542105,1392.9324733712044,-280.033840123495,-3331.116296692179,1186.72916278111,-1419.3501965747837,3970.2160871209885,4279.4298470227295,314.0570114836524,3441.0380091466964,-642.6312560748191,2853.129702699607,-3102.4533501188967,1452.9715314844643,-2667.5969146402567,2129.246510776187,935.945934056358,49.144010238304574,1409.962434336676,-1818.3107703789099,673.5410045019846,1736.6159801178796,698.3534084878572,187.70239281722783,-579.6057123525989,-2351.6184281089813,1406.3051108479183,-2932.2021743504683,-4452.6359370013315,2757.990655166453,-3630.646014082523,-555.2473692089345,-1522.820766306628,5744.216511810074,-2281.0062043505764,3289.2264869847136,2127.8815018610603,-3158.1081707876715,-1088.5215411202219,3421.4551613147473,3244.192044616111,-775.6456234993728,1572.0626018604444,601.2809190083775,-2331.7456830381016
101.19630653901154,-750.9485072890792,956.5133220380487,356.2418380584042,8.918257296186978,-545.1817611003095,588.7470766612847,-658.0856620801524,248.48985473544082,-285.63924982289416,-786.3153329988085,-612.7741993326508,-280.033840123495,56.63140043896403,670.1385860464652,-238.29527978637762,285.4802258920396,-798.8412627041353,-861.2363230773074,-62.99895133971777,-692.3874807584623,129.5136075618429,-573.9089299362481,624.1891239724625,-291.8850944852453,536.5137548808909,-428.8623225650299,-188.0592400674635,-10.110174852780396,-284.152230773493,365.64106572134125,-135.35417464450006,-349.05290757415474,-140.80553029507283,-38.239583211140314,116.3239713883522,473.19765423156423,-282.2523912165457,590.451266209229,895.8041813501318,-554.5573667468157,730.7696907394827,111.59295964540858,306.48747577022084,-1155.7265664660536,458.71176815340925,-661.5796780173524,-428.2899291924786,635.067593908965,218.67377545643828,-688.5332115746842,-653.0632496595132,155.88454992821076,-316.4991981294472,-121.3722145736547,469.62144354081727
1204.6627640383942,-8925.651527809834,11375.967533261437,4235.224346968467,97.87122894933832,-6485.961489932765,6999.563492101506,-7817.941939384121,2955.524681850379,-3392.14447348987,-9351.652275785766,-7278.294693124465,-3331.116296692179,670.1385860464652,7967.7659568027675,-2838.2171998740487,3394.7176515064853,-9496.382281135227,-10236.548497737838,-751.0899771339282,-8230.772927493477,1537.7181581617406,-6824.053855515063,7421.156909196253,-3474.6741856124595,6380.458999814621,-5093.617032949467,-2238.6923682141883,-117.82168940704719,-3372.7704960802635,4349.211243765847,-1610.7351555288615,-4153.447302768495,-1670.4601969703767,-449.6901819817887,1385.709062034559,5624.7111443708945,-3363.2710596278803,7013.883711920539,10650.507469733371,-6596.038490495303,8684.653651733499,1327.66434818375,3642.233700328746,-13739.687731901535,5456.096376674605,-7867.443537898265,-5089.90153429433,7553.441477632871,2603.464774353571,-8184.150512859415,-7760.133512676709,1855.1276146582943,-3760.6248714267567,-1438.631474159659,5577.765667293458
-429.32574572446856,3179.083207881912,-4052.685454876758,-1508.5549674223312,-33.70307723650153,2310.896313704693,-2493.258959351306,2783.979617109157,-1052.8881558312,1207.7257663315363,3331.484054850642,2591.6868517671287,1186.72916278111,-238.29527978637762,-2838.2171998740487,1011.7173589993022,-1209.2434550074245,3382.48741958079,3645.9930126341337,267.7884897955987,2931.716342493973,-547.5318398845818,2430.800196515896,-2643.5156391682845,1238.2335822702478,-2272.978993480036,1813.700002394975,797.866692504796,41.65726242006663,1200.60851761027,-1549.517945662729,573.9038697585046,1479.9732485143065,594.4900754471328,159.54032847548004,-493.9017345330619,-2003.3654504806173,1199.0628648159093,-2497.519351738438,-3793.874057842747,2349.840838884978,-3093.0684372505416,-472.9779920360523,-1297.1001410623142,4894.051429909371,-1943.8757599881567,2802.691236634423,1812.7845282619605,-2690.965556181262,-927.9112117114104,2915.0216103866164,2763.606690136691,-661.0494877059826,1339.309785619625,511.85151318830344,-1986.08011851923
513.231592817571,-3802.7800783395305,4846.817531506503,1804.3893038136603,41.839345804159244,-2763.3401314541306,2982.2782710888114,-3330.9091741724214,1259.3622299829203,-1445.2320464353438,-3984.4080253014686,-3100.822671335476,-1419.3501965747837,285.4802258920396,3394.7176515064853,-1209.2434550074245,1446.4897818324328,-4046.031713284619,-4361.318311865786,-320.0612155533895,-3506.716287568855,655.0696465150327,-2907.509719074017,3161.837341447582,-1480.5248627735432,2718.4919269589,-2170.071514766271,-953.7241682622681,-50.2411924912936,-1437.1203750140353,1853.0153106940581,-686.2955546925039,-1769.6127318502613,-711.7671968990053,-191.54125711388303,590.4773969322621,2396.4439189807745,-1432.960754146704,2988.3730651304786,4537.629530084175,-2810.3795105312843,3700.135336989077,565.6995907228284,1551.8496457335145,-5853.793064766072,2324.5410718158887,-3351.940052646698,-2168.5483442217646,3218.2529935485377,1109.1336721699909,-3486.836292791031,-3306.3002239954835,790.40817300606,-1602.1683296126141,-612.9612042771757,2376.3023343143414
-1435.7030070314,10638.144647395135,-13558.350580182432,-5047.785756188969,-117.10038885611121,7730.136341109553,-8342.480394964661,9318.112788298107,-3522.5405457199076,4043.1681281386636,11145.715582389394,8674.942218417696,3970.2160871209885,-798.8412627041353,-9496.382281135227,3382.48741958079,-4046.031713284619,11318.376745688023,12200.55093874245,895.0863895462043,9809.917247095093,-1832.7553380470583,8133.296837752828,-8844.873009675017,4141.165184646507,-7604.5062586547765,6071.041353207103,2668.011507884954,140.53457033339234,4020.162775575899,-5183.505710996133,1919.7231859822114,4950.153846009478,1991.1594692140065,536.1410485557506,-1651.5141511726906,-6703.9290951082085,4008.152408659872,-8359.848597249387,-12693.794808028426,7861.486070677229,-10350.976260944886,-1582.399043142047,-4341.14935415976,16375.733200508277,-6502.694117432338,9376.740629349506,6066.507595291435,-9002.49837814804,-3102.746599532007,9754.362570473697,9249.156480674525,-2210.9587308317755,4482.182065764386,1714.839542100448,-6648.128359751182
-1547.5540906455008,11467.475733127683,-14614.87656671896,-5441.142491714504,-126.45205680261766,8332.403224659272,-8992.716481676405,10044.67051157757,-3797.024191920443,4358.299937024979,12014.227464001253,9351.401802723825,4279.4298470227295,-861.2363230773074,-10236.548497737838,3645.9930126341337,-4361.318311865786,12200.55093874245,13151.70318057644,964.7908827266673,10574.557153509106,-1975.8264394534185,8767.071805457044,-9534.400156128537,4463.6688205454175,-8197.141477556017,6544.466299727112,2875.9295923279915,151.6211396713163,4333.663494839754,-5587.5052264048645,2069.2118822615485,5335.833021378357,2146.3963731465424,578.2055023576963,-1779.9923114178932,-7226.389200040132,4320.347762083239,-9011.583806091892,-13683.248923538567,8473.907454323835,-11157.942531321776,-1705.555519755807,-4679.431415427895,17652.08093222052,-7009.552745944133,10107.525656338496,6539.422342561132,-9703.991935482321,-3344.48667818071,10514.755040348236,9970.18922945831,-2383.2259271137045,4831.691552099683,1848.6801213050953,-7166.443721078954
-113.62036474865121,841.2158469182481,-1072.4675059148904,-399.1951759855388,-8.818824903572377,611.5528614327961,-659.7995577333392,736.6555716701207,-278.7091072134702,319.5114918664129,881.6401386549063,685.6450197092528,314.0570114836524,-62.99895133971777,-751.0899771339282,267.7884897955987,-320.0612155533895,895.0863895462043,964.7908827266673,70.98423467520465,775.7660437449533,-144.8454146719537,643.2980818966965,-699.5935234681539,327.7697085333313,-601.5457175149736,479.86661704615307,211.1605263163232,11.002784701592823,317.6634357865847,-410.08725992859775,151.91604297949246,391.6479810148663,157.27059311358983,42.172224803946136,-130.73973621978476,-530.0794615783308,317.44584806352054,-660.8376272170177,-1003.8947326286185,621.854493660435,-818.4530340793947,-125.17694556384204,-343.22141060091576,1295.0245267476778,-514.4340960475431,741.685252579465,479.6593911256416,-712.1384573649954,-245.5520877474859,771.334366734163,731.2788751961656,-174.97038778281922,354.3322181826752,135.4093941788679,-525.413620711749
-1244.3834281506804,9220.391739535213,-11751.40006305292,-4375.082941485231,-101.37623800224152,6699.96430156915,-7230.612879529727,8076.221656560819,-3052.9990278456326,3504.3141231489335,9660.261438238036,7518.869101254158,3441.0380091466964,-692.3874807584623,-8230.772927493477,2931.716342493973,-3506.716287568855,9809.917247095093,10574.557153509106,775.7660437449533,8502.553398077147,-1588.541962818435,7049.302697651593,-7666.088298009549,3589.206693206044,-6591.004713421152,5261.972150079929,2312.5020115468433,121.77066771958029,3484.2839479296576,-4492.691008979184,1663.8601429012422,4290.444848182513,1725.7413119706093,464.6969408633614,-1431.371096958023,-5810.473434105829,3473.9959880675515,-7245.64394313842,-11002.115978365062,6813.717563747865,-8971.468612684626,-1371.4857345829225,-3762.552422198441,14193.344865635994,-5636.110463819918,8127.104634279461,5258.0221594807435,-7802.6869715349285,-2689.3067355186854,8454.408742629957,8016.4483096213135,-1916.293960121426,3884.865709976868,1486.2653690027723,-5762.175153164917
232.4201522669683,-1722.796812983383,2195.2032502178577,817.3149463625031,19.233760223277287,-1251.4639903501352,1350.8657520442534,-1509.172810104529,570.2862648667441,-654.7491594091528,-1804.5572061784933,-1405.1010380762878,-642.6312560748191,129.5136075618429,1537.7181581617406,-547.5318398845818,655.0696465150327,-1832.7553380470583,-1975.8264394534185,-144.8454146719537,-1588.541962818435,297.02382836871527,-1316.8407999513104,1432.3445347842837,-670.2461731105766,1231.2744925649229,-983.3604823180398,-431.97540249515043,-22.895775384363134,-651.1539205639492,839.309383686041,-310.7090475705044,-801.3923718419652,-322.4972674437829,-87.13454320308954,267.1515293589274,1085.519171206656,-648.7385577203556,1353.8817703646525,2055.5488981189023,-1272.6513154992863,1676.3232298932367,256.0565373567988,702.8910975317752,-2651.69316843748,1052.9723739612982,-1518.2810377475641,-982.4301203048126,1457.5394353290358,502.3056308503908,-1579.640939004268,-1497.8613811685882,357.9326748069494,-725.9720027117817,-277.8885138690203,1076.7443735511536
-1031.7415199429768,7644.360784664061,-9743.142095120007,-3627.3498206906647,-83.86932780244805,5555.032514845193,-5994.851331725855,6695.673687584542,-2531.3500252240724,2905.31775788761,8009.410805466023,6233.437931795156,2853.129702699607,-573.9089299362481,-6824.053855515063,2430.800196515896,-2907.509719074017,8133.296837752828,8767.071805457044,643.2980818966965,7049.302697651593,-1316.8407999513104,5844.64134703661,-6355.807552439464,2976.0525368390386,-5464.631965080344,4362.386313335325,1917.2867087738637,100.87027936966264,2888.6747338750542,-3724.8847385289537,1379.6111201722822,3557.284074184229,1430.7427551625374,385.03009970130756,-1186.9524404915785,-4817.398331672584,2880.499340799956,-6007.14031389585,-9121.631123647836,5649.437597820535,-7437.97467522054,-1137.2177058573109,-3119.5328687365877,11767.479456661878,-4672.827746855226,6738.1339113665135,4359.269487225759,-6469.29217063744,-2229.725738515582,7009.318653090857,6646.233605717416,-1588.8510272912629,3220.72632978027,1232.0955803938,-4777.103931274895
1122.0014829389697,-8313.391637545268,10595.407847076589,3944.572243197613,91.20268175117437,-6040.869078298219,6519.395352596111,-7281.717827812046,2752.7903649312266,-3159.3165997132196,-8710.004016882935,-6779.022465171499,-3102.4533501188967,624.1891239724625,7421.156909196253,-2643.5156391682845,3161.837341447582,-8844.873009675017,-9534.400156128537,-699.5935234681539,-7666.088298009549,1432.3445347842837,-6355.807552439464,6912.178902998996,-3236.2117733447694,5942.7347993254425,-4744.221192335565,-2085.1220601140512,-109.81730383756472,-3141.4391124265753,4050.8846820085546,-1500.1562044511566,-3868.458087956876,-1555.8235330950627,-418.95232654314935,1290.5184191823728,5238.739381865367,-3132.554758088978,6532.708100778271,9919.873854112437,-6143.3307780194,8088.928341331644,1236.4514277557241,3392.264982712239,-12797.016576445163,5081.851408624634,-7327.687247492419,-4740.7164323720535,7035.1782948434975,2424.826335873435,-7622.713851611136,-7227.788522734962,1727.8595265891547,-3502.6875031582417,-1340.0018668695043,5195.034922117155
-525.491371345645,3892.0435861712253,-4961.381992901889,-1846.9318739903013,-41.895460900644395,2828.9246605277845,-3052.4314066362754,3408.6335809156412,-1289.055588527713,1478.9255074826965,4078.536745964212,3173.1497546406977,1452.9715314844643,-291.8850944852453,-3474.6741856124595,1238.2335822702478,-1480.5248627735432,4141.165184646507,4463.6688205454175,327.7697085333313,3589.206693206044,-670.2461731105766,2976.0525368390386,-3236.2117733447694,1515.8287337287013,-2782.65090612931,2220.6500314807195,976.5045496449172,51.118116211665125,1470.2995404737073,-1896.8282085646574,702.6291302361537,1811.6542761924925,728.1429562355562,195.50640696514503,-604.6878311300138,-2452.784477180508,1467.4623833730432,-3058.0750807490085,-4644.506844231281,2876.8921352880448,-3786.8490761884314,-579.1598483931447,-1588.243829030788,5991.603553172503,-2379.5094774017466,3431.072452669577,2219.4101088267494,-3294.34102199015,-1135.6806009798615,3568.750815202152,3383.6615169279644,-809.1945005949533,1639.6587345106984,626.8986274236422,-2431.772860881179
964.720864081836,-7147.402699801414,9109.81775344995,3391.4703661979943,78.1256964113429,-5193.9828430392445,5605.143582175037,-6260.260517205737,2366.815219914786,-2716.2293294531537,-7488.770443124876,-5828.042435171707,-2667.5969146402567,536.5137548808909,6380.458999814621,-2272.978993480036,2718.4919269589,-7604.5062586547765,-8197.141477556017,-601.5457175149736,-6591.004713421152,1231.2744925649229,-5464.631965080344,5942.7347993254425,-2782.65090612931,5109.438444814903,-4078.6644776468056,-1792.7816203127168,-94.27722496277892,-2700.6978273756,3482.8469551490552,-1289.9087236371001,-3326.137477894381,-1337.5627224690932,-359.9095584690418,1109.7769073058712,4504.127114567575,-2693.523023669108,5616.3974983158905,8528.723533873754,-5282.122303654457,6954.384947791933,1063.2142972840882,2916.5948775987113,-11002.445051880917,4369.210816288789,-6300.165770359352,-4075.8209457502135,6048.790501725985,2084.914482596681,-6553.634113654341,-6214.037662176104,1485.6235478562935,-3011.342640878769,-1151.8813051132793,4466.335882040908
-769.9108498635821,5706.389426246388,-7271.92410754338,-2707.5579148735665,-63.67930935622131,4145.785996008125,-4474.709897639954,4998.747798950439,-1889.219311168805,2169.0933045587008,5977.911496711637,4653.922510891958,2129.246510776187,-428.8623225650299,-5093.617032949467,1813.700002394975,-2170.071514766271,6071.041353207103,6544.466299727112,479.86661704615307,5261.972150079929,-983.3604823180398,4362.386313335325,-4744.221192335565,2220.6500314807195,-4078.6644776468056,3257.032871308478,1430.7828243609372,75.6452707208739,2156.9060733515107,-2780.090340742475,1029.505860369538,2654.7256745746718,1068.3943257279927,288.2011826689003,-885.4498935744327,-3595.955494766679,2149.016723147333,-4484.708363408997,-6808.688584699626,4216.31462231227,-5552.472284724033,-848.6171830816515,-2328.639967003043,8783.71183883585,-3487.676480338672,5029.283745354577,3254.1953803347146,-4828.347276379762,-1663.857802766311,5232.287740871106,4961.523317738723,-1185.6952870687783,2404.44024855624,920.3097662491571,-3566.6083927999584
-338.60907794493056,2507.647987674977,-3196.5172340622935,-1189.9447707721422,-26.71667083462285,1822.675674353245,-1966.568666903413,2196.063874527973,-830.3849327550564,952.7263325101371,2627.6468127599433,2044.486512912076,935.945934056358,-188.0592400674635,-2238.6923682141883,797.866692504796,-953.7241682622681,2668.011507884954,2875.9295923279915,211.1605263163232,2312.5020115468433,-431.97540249515043,1917.2867087738637,-2085.1220601140512,976.5045496449172,-1792.7816203127168,1430.7828243609372,629.3027832811043,32.89408247323738,947.0742717470666,-1222.1533178117131,452.6320426122831,1167.2464119432666,468.9814867854054,126.0067002113399,-389.45396267562626,-1580.2180699508276,945.5776401187172,-1970.092652359209,-2992.513847252552,1853.3539961600122,-2439.816624713036,-373.030868603045,-1023.1287030128856,3860.339779268346,-1533.2405498130665,2210.646487380618,1429.9377375975587,-2122.432788993279,-731.8506168985124,2299.3641217178665,2179.938034649618,-521.3585658335272,1056.489666659572,403.83762870181124,-1566.7782693758238
-17.701380503286188,132.18363221155133,-167.95737516837815,-62.577562882945266,-2.0624214827643024,95.5763734732646,-103.57824189888592,116.08616345617014,-43.70810569505139,50.36333717362179,138.11283336463188,108.06528613097464,49.144010238304574,-10.110174852780396,-117.82168940704719,41.65726242006663,-50.2411924912936,140.53457033339234,151.6211396713163,11.002784701592823,121.77066771958029,-22.895775384363134,100.87027936966264,-109.81730383756472,51.118116211665125,-94.27722496277892,75.6452707208739,32.89408247323738,1.9523960540438414,50.32657991656463,-64.21547546292939,23.70323451054536,61.193202725498836,24.949055128193848,6.993845224039488,-20.302613224507784,-83.23043334656622,49.26845624894417,-104.1584989855276,-157.49286060682093,97.33185477104223,-128.70540452368377,-19.535310330949432,-53.954994921563525,203.19838514509152,-80.54073557035859,116.21712471896873,75.40035582563702,-111.51973944489035,-38.22009483049633,121.14942586005725,115.08176368585468,-27.329534266885258,55.766333462225205,21.59897436268926,-82.76505452951453
-509.66304253780413,3778.663118537159,-4814.954975014267,-1792.7718018958776,-42.9803824243705,2744.819505013428,-2963.106587643866,3310.4658796798044,-1251.0987376187086,1436.5595751516055,3958.259107306927,3081.96267283344,1409.962434336676,-284.152230773493,-3372.7704960802635,1200.60851761027,-1437.1203750140353,4020.162775575899,4333.663494839754,317.6634357865847,3484.2839479296576,-651.1539205639492,2888.6747338750542,-3141.4391124265753,1470.2995404737073,-2700.6978273756,2156.9060733515107,947.0742717470666,50.32657991656463,1428.8319727489252,-1840.7322956785704,681.6365125444809,1757.6352446420208,707.7999554352331,191.09928852427566,-586.2624224680679,-2381.204557620198,1422.480389309569,-2970.1469994857493,-4508.329465231761,2791.8443623390576,-3676.8715729804776,-561.9203200397473,-1542.1455739442838,5816.189667513253,-2309.1302274044315,3330.0206964704826,2154.9096790778117,-3197.036375620198,-1101.3547470589554,3464.654000765628,3285.706600636576,-785.0234601060245,1592.1962090657084,609.743751637354,-2361.8730759929626
657.6411569738996,-4871.956820077518,6209.70453019436,2311.7378515508035,52.99170312261733,-3540.525859774299,3820.696028565141,-4267.125747013191,1613.3214948774018,-1851.3406087828705,-5104.69857863506,-3972.5098728620555,-1818.3107703789099,365.64106572134125,4349.211243765847,-1549.517945662729,1853.0153106940581,-5183.505710996133,-5587.5052264048645,-410.08725992859775,-4492.691008979184,839.309383686041,-3724.8847385289537,4050.8846820085546,-1896.8282085646574,3482.8469551490552,-2780.090340742475,-1222.1533178117131,-64.21547546292939,-1840.7322956785704,2374.1376966953458,-879.2542298337378,-2267.325458271143,-911.6007974677071,-245.2460700232016,756.4702431915905,3070.135843822213,-1836.2431559104991,3828.1819003657274,5813.601450429404,-3600.493799446071,4740.344280276436,724.6890169207136,1987.9696217192588,-7499.714625396439,2978.3622493408398,-4294.521896276911,-2778.208103037649,4123.160236863536,1421.2932876733967,-4467.221631050246,-4235.6308734857785,1012.7116085285647,-2052.6470325267956,-785.0630765408489,3044.2968141946053
-243.58003063828895,1804.2351539805204,-2299.890469992315,-856.2243893342963,-19.51992816068063,1311.3660506507103,-1414.9843577337758,1580.189161149887,-597.5251808302394,685.6811388035579,1890.6327526216562,1471.0650422778656,673.5410045019846,-135.35417464450006,-1610.7351555288615,573.9038697585046,-686.2955546925039,1919.7231859822114,2069.2118822615485,151.91604297949246,1663.8601429012422,-310.7090475705044,1379.6111201722822,-1500.1562044511566,702.6291302361537,-1289.9087236371001,1029.505860369538,452.6320426122831,23.70323451054536,681.6365125444809,-879.2542298337378,325.720962547834,839.7602650403018,337.6084959914506,90.6935660625305,-280.2931934293044,-1137.067937603177,680.1345632156708,-1417.7126101114266,-2153.0107738145352,1333.6264347401464,-1755.488371099782,-268.5046879860302,-736.3079052469532,2777.541967738298,-1103.0069558054847,1590.5069641285183,1028.8757634846738,-1527.1005975158257,-526.4115527222724,1654.3775654780407,1568.608871662764,-375.08331586942893,760.1032195664814,290.6616992564293,-1127.4155592461282
-628.1117571076813,4652.536627821508,-5930.427836179574,-2207.7185045424526,-50.274497788223364,3381.4004631479397,-3648.6999304704445,4074.749181286437,-1540.7141288918453,1767.92706359698,4875.0997534318285,3793.436483371553,1736.6159801178796,-349.05290757415474,-4153.447302768495,1479.9732485143065,-1769.6127318502613,4950.153846009478,5335.833021378357,391.6479810148663,4290.444848182513,-801.3923718419652,3557.284074184229,-3868.458087956876,1811.6542761924925,-3326.137477894381,2654.7256745746718,1167.2464119432666,61.193202725498836,1757.6352446420208,-2267.325458271143,839.7602650403018,2165.455331662736,870.4493237745985,233.9404480498475,-722.5952381327244,-2931.969581694821,1753.8594786263614,-3655.6302054479215,-5551.9442815159255,3438.652480737642,-4526.800348895151,-692.1699585836814,-1898.4774256969667,7162.16531356008,-2844.3587306944273,4101.299807664647,2653.0828379163804,-3937.732123400041,-1357.4933046133895,4266.0667652156335,4044.795894954394,-967.1921319930481,1960.1621464517086,749.5140690901186,-2907.1106765763507
-252.39267105249098,1871.5286795073678,-2384.720606839883,-887.9879815777432,-21.48818616977601,1359.412029350762,-1467.5634360477902,1639.7205541693409,-619.6080012626202,711.6691126377019,1960.421049033566,1526.5967977803832,698.3534084878572,-140.80553029507283,-1670.4601969703767,594.4900754471328,-711.7671968990053,1991.1594692140065,2146.3963731465424,157.27059311358983,1725.7413119706093,-322.4972674437829,1430.7427551625374,-1555.8235330950627,728.1429562355562,-1337.5627224690932,1068.3943257279927,468.9814867854054,24.949055128193848,707.7999554352331,-911.6007974677071,337.6084959914506,870.4493237745985,350.6824598123688,94.72617845357121,-290.35856635124424,-1179.4504599458764,704.3138360005726,-1471.2279623074344,-2232.8624349942957,1382.7790927714473,-1821.1461173034959,-278.3574337952766,-763.8963778272588,2880.714290079596,-1143.5705013896775,1649.2594110854782,1067.3405787630686,-1583.3884486973584,-545.390852822327,1716.015888623675,1627.4575378830782,-388.7591604616896,788.6109596332682,302.08160396617984,-1169.982338386605
-67.78868935271544,504.1466441536528,-641.5229172761099,-239.02993728523126,-6.579845002275927,365.47343194504106,-395.1054204755083,442.12002262465586,-166.68547903369924,191.89375056817218,527.3899694504973,411.72322723486116,187.70239281722783,-38.239583211140314,-449.6901819817887,159.54032847548004,-191.54125711388303,536.1410485557506,578.2055023576963,42.172224803946136,464.6969408633614,-87.13454320308954,385.03009970130756,-418.95232654314935,195.50640696514503,-359.9095584690418,288.2011826689003,126.0067002113399,6.993845224039488,191.09928852427566,-245.2460700232016,90.6935660625305,233.9404480498475,94.72617845357121,26.094246012642706,-77.78545409260957,-317.568338508098,188.88074751620206,-396.6644692952381,-601.1249729036566,371.8202672917581,-490.68877163319735,-74.75095499162998,-205.7321375912944,775.5781983946904,-307.6942848164899,443.8207363750859,287.55350231321034,-425.90420611691854,-146.45709928875837,462.1995119620502,438.5713688129291,-104.48027724460917,212.57043070395304,81.80172547734306,-315.50577834027496
209.60118113536382,-1552.054558259464,1978.7751207181518,736.6091897179266,16.57001866532811,-1128.3381095467946,1217.3181833346537,-1359.1941501969195,514.1200869371008,-589.8032435624032,-1626.6705553437546,-1265.2739817330537,-579.6057123525989,116.3239713883522,1385.709062034559,-493.9017345330619,590.4773969322621,-1651.5141511726906,-1779.9923114178932,-130.73973621978476,-1431.371096958023,267.1515293589274,-1186.9524404915785,1290.5184191823728,-604.6878311300138,1109.7769073058712,-885.4498935744327,-389.45396267562626,-20.302613224507784,-586.2624224680679,756.4702431915905,-280.2931934293044,-722.5952381327244,-290.35856635124424,-77.78545409260957,241.31177359395093,978.2206388105556,-585.3606325346939,1219.4754628193928,1852.2106126477777,-1147.5225621233665,1510.0880982920912,231.08320587832165,633.4471533612292,-2389.4862539002847,948.9374391328548,-1368.3603922405953,-885.0632902047392,1313.9132505019586,452.98008506165036,-1423.1576744031222,-1349.326119251606,322.7471989728324,-653.8083490805261,-249.89166133070376,969.7100986274289
850.3577362892213,-6301.000884153976,8030.6598532182,2989.8750576767866,69.46630896489542,-4578.589534255437,4941.249847874261,-5519.164481350615,2086.3521469299462,-2394.9171626158595,-6601.634035210983,-5138.302973238259,-2351.6184281089813,473.19765423156423,5624.7111443708945,-2003.3654504806173,2396.4439189807745,-6703.9290951082085,-7226.389200040132,-530.0794615783308,-5810.473434105829,1085.519171206656,-4817.398331672584,5238.739381865367,-2452.784477180508,4504.127114567575,-3595.955494766679,-1580.2180699508276,-83.23043334656622,-2381.204557620198,3070.135843822213,-1137.067937603177,-2931.969581694821,-1179.4504599458764,-317.568338508098,978.2206388105556,3970.844175100045,-2373.887641872293,4951.6526005399455,7518.5615730346735,-4656.445815073195,6130.925246592288,937.3179761344876,2571.3568660424376,-9699.458676033304,3851.4839420645158,-5553.846223016943,-3593.2449638155585,5332.190341416875,1837.7342944698082,-5777.556617504965,-5478.348508844136,1309.5201877909162,-2654.8290483807245,-1015.7315763016268,3937.8622129234614
