V1,V2,V3,V4,V5,V6,V7,V8,V9,V10,V11,V12,V13,V14,V15,V16,V17,V18,V19,V20,V21,V22,V23,V24,V25,V26,V27,V28,V29,V30,V31,V32,V33,V34,V35,V36,V37,V38,V39,V40,V41,V42,V43,V44,V45,V46,V47,V48,V49,V50,V51,V52,V53,V54,V55,V56
13570.1313601608,-63228.37867162942,-18667.725748045235,-17161.367202004072,-85424.8560518046,5270.281484605866,-3981.2098783404476,-23898.148485795093,-41345.627067691574,62246.64566266678,39594.54612898786,-63327.27977005342,95885.71822655342,11351.07510425787,23049.779405294652,-38508.52734209967,-50817.597400052924,13974.149562522052,-73040.0143112564,1975.5134995294693,-24892.992070810902,90199.27889826578,61651.937875868956,78306.11365945709,64741.52615874216,-3712.084062699765,-46454.62889084676,-64103.48689608499,-5918.020669230157,57772.04928748391,38731.176766805256,40285.10796069942,-4963.7868602287635,58401.57010955937,-49078.11323607165,-82103.21178965525,-36100.338193265954,-45491.34306117427,-46603.460833763056,80196.31715886753,104669.0143663966,42700.19539933549,-72151.14048062277,-71987.21321454248,-28001.637190561538,84701.98036963,-32179.4107808493,-15403.080982012287,-26415.92105991933,51987.86067244278,-53697.37310146414,11626.098552908421,4402.887315196848,-56247.27992408224,1659.2341403411651,10257.04255690387
-63228.37867162942,294605.6377324706,86980.44849827017,79962.13507535154,398027.51559446234,-24556.62877425258,18549.615707546815,111351.11394348636,192644.68742485973,-290032.1492451228,-184486.20834634898,295065.87871990335,-446769.12906329235,-52888.9843172254,-107398.04573462423,179426.73791830745,236778.40902460384,-65110.85223587359,340322.29129380436,-9204.119885604829,115985.8818426915,-420273.6675144983,-287260.24081216793,-364859.3745333155,-301655.593359178,17295.753953516214,216449.93693188688,298682.99239675864,27574.786619711198,-269182.137795577,-180463.92941586126,-187704.30641587306,23128.47909964705,-272115.7272370115,228674.14806376534,382551.1234789301,168206.04864619413,211962.45077254093,217143.59865872245,-373665.7127738367,-487694.1157491495,-198957.04398024967,336180.5042166228,335416.6685914083,130470.08081207574,-394659.5913450989,149936.39170994697,71768.64500348343,123081.8677588343,-242231.33980457202,250196.9012349244,-54170.35228642027,-20515.05287529606,262077.95676851264,-7730.803503510437,-47790.48752140234
-18667.725748045235,86980.44849827017,25680.551275935628,23608.609560566827,117514.90835497685,-7250.433557156343,5476.437129911302,32875.898122277074,56876.71610708398,-85630.49310973274,-54468.31352134924,87115.96825499836,-131905.77023553822,-15615.047035242329,-31708.653129437833,52974.754372488576,69906.96611618965,-19223.52354228159,100478.15175304688,-2717.1810227863693,34243.92955315686,-124083.14437837723,-84811.72395920283,-107722.75631789515,-89061.70674049959,5106.279723557548,63905.27272013067,88184.17429754802,8141.4776616046265,-79474.05366871515,-53280.99603555411,-55418.55233549368,6828.534235995356,-80340.47208481866,67514.6237205133,112945.81334738067,49662.001746313195,62580.83371534153,64110.23717722679,-110322.31609443665,-143988.72425954044,-58740.86635635607,99255.30866594183,99029.75214795211,38520.13640308134,-116520.79881671286,44267.72290895097,21189.12230776137,36339.069250589695,-71517.085353475,73868.92713986026,-15993.368687293243,-6057.036099523784,77376.75995650695,-2282.3693752798836,-14109.269048565506
-17161.367202004072,79962.13507535154,23608.609560566827,21704.118074687205,108032.6157014021,-6665.71350381523,5034.246879187128,30223.45543955099,52286.868117016136,-78721.6359296918,-50073.23088530401,80086.23841644998,-121262.59375619165,-14354.9928355428,-29150.230236073592,48700.59487186424,64265.81221769106,-17672.325998274348,92370.99175625895,-2497.526807314171,31480.62106934628,-114071.11282841307,-77968.32375950401,-99031.27922268474,-81875.1783282521,4694.020212961757,58748.609302839854,81068.62724396531,7484.854923577931,-73061.09268872818,-48982.06941586496,-50947.05639483817,6277.633937380953,-73857.97344130086,62067.04023134069,103832.50906646524,45655.21109836439,57531.68502636173,58937.23635661197,-101420.44264009871,-132370.74581144634,-54001.27654610871,91246.7556227624,91039.353982704,35411.59729752664,-107118.99332490626,40695.78868533376,19479.210866006477,33406.80624201276,-65746.22749673616,67908.44074966155,-14702.767144810014,-5568.473805060457,71133.26842714631,-2098.0578388484546,-12970.008550889475
-85424.8560518046,398027.51559446234,117514.90835497685,108032.6157014021,537756.5407561878,-33176.671617226006,25061.89833435642,150440.80483667948,260273.75557498855,-391848.13245848584,-249250.49195998188,398650.1013352221,-603608.5904036816,-71456.06250596647,-145100.29426284,242414.95553541745,319900.7282832188,-87968.14230741559,459793.04905636876,-12435.636450385799,156703.31479042783,-567811.6763612946,-388103.52691411384,-492943.4803345845,-407552.7248880376,23367.846041969548,292435.61107677897,403536.4699536209,37254.73978299986,-363679.7386794412,-243815.8780161099,-253598.53733549552,31248.147512150364,-367642.46922397526,308950.72838685836,516846.8268185411,227254.85057257226,286371.94819455466,293372.371239995,-504842.1358590513,-658900.1626374227,-268801.35083553323,454197.06638326094,453165.18253676896,176272.6752567123,-533205.4975867022,202572.04277617094,96963.22100223343,166290.0479806742,-327267.46315735934,338029.46738020744,-73187.10345390665,-27716.87030922253,354081.3305619543,-10444.868037650778,-64568.44354715
5270.281484605866,-24556.62877425258,-7250.433557156343,-6665.71350381523,-33176.671617226006,2047.5121192109784,-1545.7226736891962,-9281.979125097512,-16056.865058793657,24175.971556065804,15377.610852970533,-24594.156017701865,37239.94242516449,4408.254170522869,8952.171032733497,-14956.063135393835,-19735.640421574648,5427.224935645851,-28367.485874128604,766.6825146429198,-9667.525513517006,35031.5229297455,23944.30626874928,30413.20873544493,25143.865408905283,-1441.2582387903067,-18041.513406145896,-24896.264745633354,-2298.8169054858517,22436.784196212844,15042.762552248894,15645.837289150062,-1927.6297562704012,22682.033988141386,-19060.94961469436,-31887.046871860002,-14021.079812136304,-17668.43630834022,-18099.753290758254,31146.29509654071,40651.45348652427,16583.944482282663,-28022.372671516317,-27958.602583618886,-10874.409534740216,32896.670410171995,-12497.671702160349,-5982.068325377321,-10259.291000738345,20190.61976658467,-20854.57271725636,4515.156931213438,1710.1323583965973,-21844.970730155088,644.2026280657927,3982.355027115669
-3981.2098783404476,18549.615707546815,5476.437129911302,5034.246879187128,25061.89833435642,-1545.7226736891962,1168.3580847212281,7010.800811301197,12130.464254390574,-18261.081979972983,-11616.144530417194,18579.26725921024,-28130.49711860796,-3330.2975220210124,-6762.136665777304,11297.262919656388,14909.239131045479,-4099.718322116201,21427.89538225261,-580.011113247361,7303.272348057246,-26462.21709373871,-18087.184936681097,-22972.502510029863,-18993.86231481498,1089.3501125723064,13628.98579789969,18806.5125481155,1735.891077972489,-16949.359911253956,-11362.481011965634,-11818.631658792125,1456.331584239998,-17133.51317923168,14398.25668438057,24087.07129359284,10590.573233732157,13345.602298956277,13672.344679300579,-23527.80621993536,-30707.105906298242,-12527.09479574115,21167.08588047422,21119.066794438717,8215.574636656143,-24849.336156794932,9440.730542136458,4519.040286287553,7749.871945816958,-15252.23930927784,15753.713711166458,-3410.9447603757617,-1291.564393255453,16501.74585560977,-486.94071256638955,-3010.111694653251
-23898.148485795093,111351.11394348636,32875.898122277074,30223.45543955099,150440.80483667948,-9281.979125097512,7010.800811301197,42087.29630664928,72812.64293775219,-109622.97381501648,-69729.54247769322,111524.50126816765,-168863.83000890765,-19990.12251687926,-40592.96769567417,67817.50842865513,89493.78463870625,-24609.678299271458,128630.68974194859,-3478.4394582546315,43838.53574988186,-158849.43497809157,-108574.74382124198,-137905.18460871218,-114015.46642459136,6536.934263951173,81810.5416947094,112892.07699686309,10422.63794642256,-101741.44487529465,-68209.60105606075,-70946.00267257993,8741.745218619773,-102850.71482459804,86431.24264697163,144591.5576613905,63576.616990930626,80115.12779285287,82072.99137234112,-141232.9950055839,-184332.2821924342,-75199.20595278719,127065.24986074817,126776.48076779,49312.81639270257,-149168.25941482128,56670.87569627693,27125.99710803562,46520.7441547719,-91555.096224078,94565.87673788474,-20474.460898844467,-7754.1354565448155,99056.56070202951,-2921.836278346624,-18062.347535449615
-41345.627067691574,192644.68742485973,56876.71610708398,52286.868117016136,260273.75557498855,-16056.865058793657,12130.464254390574,72812.64293775219,125973.10309572675,-189653.01704499417,-120637.02153503697,192946.91119632768,-292145.53257319506,-34584.82679169309,-70228.15465061937,117328.05504921306,154832.3198500633,-42576.54764226595,222538.70995055733,-6019.528982249015,75844.56680999076,-274819.92534772976,-187841.59081644737,-238583.01641093395,-197255.35083727998,11310.448842594322,141538.8569170968,195311.21929269584,18030.728992033546,-176021.06789454652,-118006.07910245545,-122741.14224949312,15124.03704342767,-177938.29988908916,149531.56398797705,250152.95611710957,109990.39447810205,138602.90260811977,141991.83627485187,-244343.06423244945,-318906.28925539507,-130099.26367916663,219830.29385604055,219330.96457283333,85316.48977993467,-258070.4779933112,98044.6557758975,46930.34808967416,80484.30324673791,-158397.38003965316,163606.01006224373,-35422.65019302553,-13414.674309784077,171375.02420171868,-5055.550909792328,-31252.432632395383
62246.64566266678,-290032.1492451228,-85630.49310973274,-78721.6359296918,-391848.13245848584,24175.971556065804,-18261.081979972983,-109622.97381501648,-189653.01704499417,285530.65652222466,181621.99636097494,-290484.35356774175,439833.6179433412,52067.74740603743,105730.97208868556,-176641.85002682207,-233101.76317092328,64099.908581456475,-335039.5884252249,9060.467261516378,-114184.89725278212,413749.3735728186,282800.63582967606,359196.19553221884,296972.13649883104,-17026.80454700302,-213089.2884394144,-294046.01097855787,-27147.27558630476,265002.72721249994,177662.8213488421,184790.63587456636,-22769.598214631515,267891.4610808724,-225124.31101575904,-376612.58677158953,-165595.47126256814,-208672.67159975876,-213772.55019827627,367864.62779791764,480123.56364344514,195868.6377501751,-330961.97392146074,-330209.91387733165,-128443.89411063366,388532.988155174,-147608.68914843877,-70654.132372942,-121170.90319075852,238470.43455066916,-246312.60325801937,53329.178299055384,20196.89749388143,-258009.28238115538,7610.507686289205,47047.082656745064
39594.54612898786,-184486.20834634898,-54468.31352134924,-50073.23088530401,-249250.49195998188,15377.610852970533,-11616.144530417194,-69729.54247769322,-120637.02153503697,181621.99636097494,115527.92591936221,-184774.58470381275,279773.06714270747,33119.855723696586,67254.12917975127,-112359.40591637066,-148274.14525308897,40773.37909464831,-213114.49917161808,5763.913959560683,-72632.07186721293,263181.2720588462,179886.45959409347,228479.88740219417,188901.10263973675,-10830.929385630752,-135544.08302179805,-187039.53871299827,-17267.5975869363,168565.75080757024,113008.97441918799,117542.99780459265,-14483.302518707525,170402.68861847743,-143198.94800680797,-239558.82844178937,-105332.8521914371,-132733.71321459985,-135978.40753046604,233994.7887336183,305400.81650941574,124589.64899848259,-210520.9058110035,-210042.59100233277,-81702.33609795631,247141.38284973433,-93892.2884691424,-44942.62780404439,-77075.65957056779,151688.78456190607,-156676.8505298756,33922.287941991934,12846.732216177345,-164116.92153555775,4841.200523456094,29927.387380250384
-63327.27977005342,295065.87871990335,87115.96825499836,80086.23841644998,398650.1013352221,-24594.156017701865,18579.26725921024,111524.50126816765,192946.91119632768,-290484.35356774175,-184774.58470381275,295528.01181630755,-447467.2138718792,-52971.95482699872,-107565.67717314065,179706.8044627036,237149.4860306217,-65212.65460292292,340853.61921499413,-9219.28500703431,116167.62249195718,-420930.2875567016,-287709.101200302,-365428.4113786261,-302127.43974154245,17323.359239334215,216788.76935621977,299149.91054654226,27617.332082176716,-269603.59247704974,-180745.3696053894,-187997.59754910186,23164.824965412852,-272540.77177561214,229031.3641456453,383148.9306623496,168468.20670412623,212292.86272963483,217482.943559267,-374249.8949111396,-488455.7906325338,-199267.7654883081,336705.2555335042,335940.3634800935,130675.02885688058,-395275.96779342124,150170.82812459816,71881.03223207632,123274.32569036626,-242610.32139673072,250588.27065303808,-54255.230364400704,-20546.889126657887,262487.80135230965,-7743.170225550879,-47866.86883837517
95885.71822655342,-446769.12906329235,-131905.77023553822,-121262.59375619165,-603608.5904036816,37239.94242516449,-28130.49711860796,-168863.83000890765,-292145.53257319506,439833.6179433412,279773.06714270747,-447467.2138718792,677525.1614377379,80206.20189225904,162869.06807633027,-272100.75386690255,-359074.35259076324,98740.4708065714,-516098.5633665915,13957.973267748624,-175892.5295899557,637344.6729277631,435629.7954950113,553308.9217857373,457460.38767646445,-26229.053573232926,-328246.22960272577,-452952.5034341804,-41817.21849926193,408214.61604507436,273673.3617068134,284653.66166811873,-35074.62206680813,412663.2337253145,-346784.1969576847,-580138.7068304694,-255084.40174408752,-321440.9227801038,-329298.05262234784,566663.7643706925,739587.8409222026,301718.26626192196,-509817.3585380543,-508659.0323237882,-197857.94980137167,598500.8277704157,-227378.46692348452,-108836.95511741507,-186653.4574401064,367343.58411924815,-379423.53502758377,82149.27841562951,31111.16910739609,-397441.13211202674,11723.735068574757,72474.25159455993
11351.07510425787,-52888.9843172254,-15615.047035242329,-14354.9928355428,-71456.06250596647,4408.254170522869,-3330.2975220210124,-19990.12251687926,-34584.82679169309,52067.74740603743,33119.855723696586,-52971.95482699872,80206.20189225904,9495.007391940904,19280.57694126731,-32211.556388224133,-42507.926341667946,11689.0126594544,-61096.219259850346,1652.5523561060327,-20822.49120363732,75449.54626690592,51570.32233441114,65501.03570482785,54154.78973299306,-3105.186133624298,-38858.32787349174,-53621.07364382103,-4950.243985259628,48325.13889150475,32397.61094562431,33697.65869294666,-4152.275428541508,48851.48388356067,-41052.68530675,-68677.52354370672,-30197.011518888954,-38052.332427242785,-38982.67977558059,67082.37508107627,87553.15270907179,35717.71480329175,-60352.58573094357,-60215.49919913007,-23422.95989776806,70851.09256762914,-26917.363516512145,-12884.278023335708,-22096.263996082645,43486.66346524786,-44916.71476598065,9724.982832498046,3682.932843589615,-47049.630481765285,1387.9420850694787,8580.037723684665
23049.779405294652,-107398.04573462423,-31708.653129437833,-29150.230236073592,-145100.29426284,8952.171032733497,-6762.136665777304,-40592.96769567417,-70228.15465061937,105730.97208868556,67254.12917975127,-107565.67717314065,162869.06807633027,19280.57694126731,39151.83332623427,-65409.86492000708,-86317.07328800835,23736.03449078396,-124064.08194196544,3355.2088354620046,-42282.41275022989,153210.1590749569,104720.26621148447,133009.109369289,109968.00769756504,-6305.066189945277,-78906.4300065271,-108884.41012096513,-10052.452489558766,98129.85296638172,65787.93482289258,68427.39078957317,-8431.498542112073,99199.39987784298,-83362.85058925157,-139458.50424085866,-61319.389602229036,-77270.73262102791,-79159.36318300749,136219.24255543583,177788.2597482572,72529.54110369911,-122554.16745431731,-122275.6982536177,-47562.55442997791,143872.5889422253,-54659.08049337629,-26163.080296208864,-44869.26843906115,88304.9924237238,-91208.88239109996,19747.681741538356,7478.794060737158,-95540.11369037756,2818.2029568348544,17421.69173923711
-38508.52734209967,179426.73791830745,52974.754372488576,48700.59487186424,242414.95553541745,-14956.063135393835,11297.262919656388,67817.50842865513,117328.05504921306,-176641.85002682207,-112359.40591637066,179706.8044627036,-272100.75386690255,-32211.556388224133,-65409.86492000708,109278.61569016209,144207.40711153694,-39655.020341778996,207270.37990391903,-5605.321807514651,70639.98527833051,-255963.7763272083,-174952.99445407392,-222214.54015545713,-183720.24536072742,10533.689744006426,131826.695683317,181909.9956691375,16794.45587182257,-163942.734618733,-109910.00387504991,-114319.86430304807,14086.516093354197,-165729.5335654772,139271.93239250843,232989.4830874257,102444.64357262943,129094.07803102247,132249.2092202152,-227577.51814481406,-297025.8203121976,-121173.07753999175,204747.64887363074,204282.43581050466,79461.43984447504,-240363.6795385013,91317.37226298604,43709.75666225765,74961.68657249362,-147528.50186442595,152380.1184857507,-32991.84161718327,-12494.723636504788,159616.17873778194,-4708.242509652027,-29105.769565151433
-50817.597400052924,236778.40902460384,69906.96611618965,64265.81221769106,319900.7282832188,-19735.640421574648,14909.239131045479,89493.78463870625,154832.3198500633,-233101.76317092328,-148274.14525308897,237149.4860306217,-359074.35259076324,-42507.926341667946,-86317.07328800835,144207.40711153694,190303.0910781406,-52330.52762381832,273521.16739444947,-7398.245589904816,93219.91812848081,-337779.51598034153,-230874.91422244857,-293241.3131214917,-242445.1454182692,13901.409890110754,173964.34405135192,240055.74538384593,22161.69839885783,-216346.14789011687,-145040.7471098089,-150860.48928187304,18588.89390242576,-218702.91534409093,183788.39830036164,307461.55501658673,135188.80176755635,170356.28939001088,174521.27817525028,-300320.47178193205,-391965.95812804176,-159904.29953724754,270192.24126404565,269578.47126823914,104861.64773060793,-317192.9129169661,120506.04920434584,57681.65581110866,98922.68122020844,-194685.06378375832,201087.04541838967,-43537.67314784491,-16488.011129325747,210635.9178002752,-6213.635779660481,-38411.55815045931
13974.149562522052,-65110.85223587359,-19223.52354228159,-17672.325998274348,-87968.14230741559,5427.224935645851,-4099.718322116201,-24609.678299271458,-42576.54764226595,64099.908581456475,40773.37909464831,-65212.65460292292,98740.4708065714,11689.0126594544,23736.03449078396,-39655.020341778996,-52330.52762381832,14390.200027618006,-75214.6085743392,2034.3072076844946,-25634.10098962149,92884.73913274537,63487.4807274608,80637.51657770282,66669.03535531781,-3822.5808672669964,-47837.6762394882,-66012.00295411858,-6094.2306643509855,59492.03355932796,39884.32318825722,41484.487400152015,-5111.546884710935,60140.33833659542,-50539.29748159206,-84547.61983342652,-37175.15497050556,-46845.75737244571,-47990.96679114089,82583.95629164335,107785.28099852262,43971.489533764914,-74299.28535108584,-74130.46929458702,-28835.274149704615,87223.7867133602,-33137.46479225586,-15861.667329969789,-27202.390799881767,53535.659425267535,-55296.058775735524,11972.231257923757,4533.971729524433,-57921.88532410358,1708.6270663851876,10562.369320780339
-73040.0143112564,340322.29129380436,100478.15175304688,92370.99175625895,459793.04905636876,-28367.485874128604,21427.89538225261,128630.68974194859,222538.70995055733,-335039.5884252249,-213114.49917161808,340853.61921499413,-516098.5633665915,-61096.219259850346,-124064.08194196544,207270.37990391903,273521.16739444947,-75214.6085743392,393133.4983587778,-10632.053068575255,133984.32324234585,-485491.456626602,-331836.963051444,-421478.3745259147,-348466.033684272,19979.5255389189,250038.3110754492,345032.31019714684,31854.093903294524,-310953.4120099589,-208468.36027619478,-216832.32865419067,26717.72585993513,-314342.46441280894,264159.7032328085,441915.31446602364,194308.4526179331,244854.96288119987,250839.73093048445,-431650.7781960705,-563374.3695277873,-229831.17444728248,388348.86709710374,387466.4748998874,150716.07610180616,-455902.5857876603,173203.3974592849,82905.43911202184,142181.48696869833,-279820.39757210953,289022.2320098633,-62576.363897442454,-23698.742309284236,302747.00355978083,-8930.335028567762,-55205.94418391687
1975.5134995294693,-9204.119885604829,-2717.1810227863693,-2497.526807314171,-12435.636450385799,766.6825146429198,-580.011113247361,-3478.4394582546315,-6019.528982249015,9060.467261516378,5763.913959560683,-9219.28500703431,13957.973267748624,1652.5523561060327,3355.2088354620046,-5605.321807514651,-7398.245589904816,2034.3072076844946,-10632.053068575255,288.17614743032374,-3624.0119952731557,13130.235026224202,8974.733054705968,11398.246502536487,9424.807624706658,-540.7512161759312,-6762.790864430354,-9331.689180465963,-861.0523879204337,8410.400815843092,5637.721927469812,5864.157095107216,-722.5536039932032,8501.422596161185,-7144.197996617164,-11951.647929622499,-5254.5983279433785,-6621.576110230884,-6784.1115508660805,11674.37579417105,15236.316319212508,6215.704020307542,-10502.69201530373,-10478.910564584035,-4076.867288074202,12329.904241670481,-4684.4310276504875,-2242.477264216385,-3845.511975698334,7568.234770597221,-7816.94123887171,1692.5864192046574,640.7081756665636,-8188.074654819298,241.75300208547762,1494.3308810104218
-24892.992070810902,115985.8818426915,34243.92955315686,31480.62106934628,156703.31479042783,-9667.525513517006,7303.272348057246,43838.53574988186,75844.56680999076,-114184.89725278212,-72632.07186721293,116167.62249195718,-175892.5295899557,-20822.49120363732,-42282.41275022989,70639.98527833051,93219.91812848081,-25634.10098962149,133984.32324234585,-3624.0119952731557,45663.75362497254,-165461.26142786635,-113094.05059039002,-143644.25304646735,-118761.71424246533,6809.588865124009,85216.3982928209,117591.27498537074,10855.916031297218,-105977.11499932398,-71048.20607591873,-73898.98891043625,9105.759552054958,-107131.60341846026,90028.72541175887,150610.00157951546,66222.23445207707,83449.0286517806,85489.225786966,-147111.9391136695,-192004.48789669006,-78329.10579624507,132353.6534106387,132052.9960714684,51366.436136019154,-155376.92249810242,59029.87057703451,28255.349601798076,48457.26188130974,-95366.4438738617,98502.45397182363,-21326.91804430167,-8076.655636236489,103179.97112046448,-3043.7411063086156,-18815.852430265764
90199.27889826578,-420273.6675144983,-124083.14437837723,-114071.11282841307,-567811.6763612946,35031.5229297455,-26462.21709373871,-158849.43497809157,-274819.92534772976,413749.3735728186,263181.2720588462,-420930.2875567016,637344.6729277631,75449.54626690592,153210.1590749569,-255963.7763272083,-337779.51598034153,92884.73913274537,-485491.456626602,13130.235026224202,-165461.26142786635,599547.1488336513,409794.9691945069,520495.1216977636,430330.8791353942,-24673.51947388715,-308779.6517460071,-426090.3031231885,-39337.221078820156,384005.5154962335,257443.2676057813,267772.24646192306,-32994.38136833959,388190.3930634501,-326218.24772074603,-545733.6404693195,-239956.6670999726,-302377.9498698965,-309769.15251651785,533057.9383972229,695726.7592034993,283824.9229234591,-479582.8508447897,-478493.2049751435,-186123.95601650927,563006.9851767508,-213893.83285777865,-102382.48345545804,-175584.08023976054,345558.4102324573,-356921.8717208718,77277.44928876944,29266.0772681579,-373870.948467084,11028.473356623144,68176.17974324117
61651.937875868956,-287260.24081216793,-84811.72395920283,-77968.32375950401,-388103.52691411384,23944.30626874928,-18087.184936681097,-108574.74382124198,-187841.59081644737,282800.63582967606,179886.45959409347,-287709.101200302,435629.7954950113,51570.32233441114,104720.26621148447,-174952.99445407392,-230874.91422244857,63487.4807274608,-331836.963051444,8974.733054705968,-113094.05059039002,409794.9691945069,280098.02443787793,355762.21698813303,294134.49663265666,-16864.566692480756,-211053.23597730708,-291235.95480717864,-26887.19334809821,262470.67150769965,175964.3820191646,183024.21931505587,-22551.75134536727,265331.0591866173,-222972.60804905373,-373012.92697566247,-164012.07975740827,-206677.4931386211,-211729.58259610168,364349.1463340797,475534.3697740941,193996.41322326756,-327798.4869459755,-327053.6951237964,-127217.14403907758,384819.54121664393,-146198.0286996101,-69979.29538923848,-120013.1096412633,236191.85724610728,-243958.75181223731,52819.75604721189,20003.491952773093,-255543.56772111496,7538.092615650307,46599.11997968034
78306.11365945709,-364859.3745333155,-107722.75631789515,-99031.27922268474,-492943.4803345845,30413.20873544493,-22972.502510029863,-137905.18460871218,-238583.01641093395,359196.19553221884,228479.88740219417,-365428.4113786261,553308.9217857373,65501.03570482785,133009.109369289,-222214.54015545713,-293241.3131214917,80637.51657770282,-421478.3745259147,11398.246502536487,-143644.25304646735,520495.1216977636,355762.21698813303,451867.2293626741,373589.982201849,-21419.741845230823,-268065.59700218885,-369908.818754452,-34151.003012828456,333372.51982994436,223499.06846177246,232465.75927877374,-28643.900943727025,337006.4382081198,-283205.4880857331,-473777.0551783419,-208318.2848833713,-262509.2301055681,-268925.0974328117,462772.3666229069,603993.4637457808,246401.92002425223,-416348.859621044,-415402.7765088364,-161582.04480592543,488773.0413664579,-185691.16793060224,-88882.77480951394,-152432.6319889298,299995.04012974683,-309860.3170683663,67087.96744644757,25407.49546240001,-324574.6830367684,9574.069026892712,59185.41570987161
64741.52615874216,-301655.593359178,-89061.70674049959,-81875.1783282521,-407552.7248880376,25143.865408905283,-18993.86231481498,-114015.46642459136,-197255.35083727998,296972.13649883104,188901.10263973675,-302127.43974154245,457460.38767646445,54154.78973299306,109968.00769756504,-183720.24536072742,-242445.1454182692,66669.03535531781,-348466.033684272,9424.807624706658,-118761.71424246533,430330.8791353942,294134.49663265666,373589.982201849,308874.58179635706,-17709.93941482587,-221629.94885799562,-305830.66991020046,-28234.35768823692,275624.1478003121,184782.20750757775,192196.06185197303,-23681.973168768724,278627.45804132253,-234146.33084453482,-391705.64567067905,-172230.8915928795,-217034.33588005428,-222339.94652130763,382607.80312188825,499364.53872072155,203718.03655750098,-344225.1306999011,-343443.074151526,-133592.79679497852,404103.76980969275,-153524.47544861792,-73486.24916019703,-126027.34866959018,248028.2748023687,-256184.36909389807,55466.795068466854,21005.832269769613,-268349.6940887409,7915.9660319533705,48935.04131346017
-3712.084062699765,17295.753953516214,5106.279723557548,4694.020212961757,23367.846041969548,-1441.2582387903067,1089.3501125723064,6536.934263951173,11310.448842594322,-17026.80454700302,-10830.929385630752,17323.359239334215,-26229.053573232926,-3105.186133624298,-6305.066189945277,10533.689744006426,13901.409890110754,-3822.5808672669964,19979.5255389189,-540.7512161759312,6809.588865124009,-24673.51947388715,-16864.566692480756,-21419.741845230823,-17709.93941482587,1015.6940061840841,12707.719551868424,17535.280733388914,1618.5971019749745,-15803.650647487548,-10594.461253771684,-11019.79726587632,1357.9339235756527,-15975.3812479753,13425.023487321823,22458.954406961257,9874.756263019406,12443.562467698257,12748.158394175009,-21937.439098309653,-28631.51211051691,-11680.352293668751,19736.31786245104,19691.542840190865,7660.217650441867,-23169.651289703113,8802.588954586618,4213.540622032483,7225.998283275794,-14221.235658186617,14688.84890857046,-3180.367357944669,-1204.2932067031052,15386.32111460557,-454.0061726536314,-2806.552192184701
-46454.62889084676,216449.93693188688,63905.27272013067,58748.609302839854,292435.61107677897,-18041.513406145896,13628.98579789969,81810.5416947094,141538.8569170968,-213089.2884394144,-135544.08302179805,216788.76935621977,-328246.22960272577,-38858.32787349174,-78906.4300065271,131826.695683317,173964.34405135192,-47837.6762394882,250038.3110754492,-6762.790864430354,85216.3982928209,-308779.6517460071,-211053.23597730708,-268065.59700218885,-221629.94885799562,12707.719551868424,159028.51986587755,219445.80253594954,20259.21424202217,-197771.5866836027,-132588.52364704074,-137908.47489469865,16992.936177099247,-199926.32953164747,168009.3709597402,281064.6134650219,123582.47701934708,155730.715550961,159537.812648702,-274536.4954041267,-358314.0609823039,-146175.8612037193,246995.19054050313,246434.076276412,95858.45568812004,-289960.55567801715,110160.01798047217,52729.3194490463,90429.65885279972,-177970.29511235986,183822.69200492548,-39799.682093681826,-15072.538343465243,192551.7806442253,-5680.06198931345,-35113.15828562187
-64103.48689608499,298682.99239675864,88184.17429754802,81068.62724396531,403536.4699536209,-24896.264745633354,18806.5125481155,112892.07699686309,195311.21929269584,-294046.01097855787,-187039.53871299827,299149.91054654226,-452952.5034341804,-53621.07364382103,-108884.41012096513,181909.9956691375,240055.74538384593,-66012.00295411858,345032.31019714684,-9331.689180465963,117591.27498537074,-426090.3031231885,-291235.95480717864,-369908.818754452,-305830.66991020046,17535.280733388914,219445.80253594954,302816.864550092,27956.30507849486,-272907.88658327697,-182961.44205104292,-190302.19714378455,23448.671993616867,-275881.8099939097,231839.0197750053,387845.7418439385,170533.89218980123,214895.8562922358,220148.91031600122,-378837.388668354,-494443.80674165505,-201710.61318920949,340833.1492683727,340058.7783077893,132276.1004277601,-400121.6541396575,152011.58050562724,72761.97531441262,124785.36206376296,-245583.9755972417,253659.79131589056,-54920.13495843833,-20798.944037679692,265705.25774145406,-7837.867628394252,-48452.34112810489
-5918.020669230157,27574.786619711198,8141.4776616046265,7484.854923577931,37254.73978299986,-2298.8169054858517,1735.891077972489,10422.63794642256,18030.728992033546,-27147.27558630476,-17267.5975869363,27617.332082176716,-41817.21849926193,-4950.243985259628,-10052.452489558766,16794.45587182257,22161.69839885783,-6094.2306643509855,31854.093903294524,-861.0523879204337,10855.916031297218,-39337.221078820156,-26887.19334809821,-34151.003012828456,-28234.35768823692,1618.5971019749745,20259.21424202217,27956.30507849486,2581.297994649488,-25194.802570217835,-16891.498752386382,-17569.06841205955,2164.865416407982,-25469.803589049807,21403.740730741683,35806.50332050149,15744.29923742477,19839.89774209824,20324.374220912276,-34974.57746610488,-45647.9237081795,-18622.297683099536,31466.375665544885,31394.825361913616,12211.407869112512,-36939.81700485785,14033.84108560708,6717.265566616118,11520.212186708706,-22672.33041623619,23418.03174047795,-5070.159492830722,-1920.3612466646564,24530.124212342926,-723.4353143587349,-4472.269592786038
57772.04928748391,-269182.137795577,-79474.05366871515,-73061.09268872818,-363679.7386794412,22436.784196212844,-16949.359911253956,-101741.44487529465,-176021.06789454652,265002.72721249994,168565.75080757024,-269603.59247704974,408214.61604507436,48325.13889150475,98129.85296638172,-163942.734618733,-216346.14789011687,59492.03355932796,-310953.4120099589,8410.400815843092,-105977.11499932398,384005.5154962335,262470.67150769965,333372.51982994436,275624.1478003121,-15803.650647487548,-197771.5866836027,-272907.88658327697,-25194.802570217835,245953.3792556032,164890.11902217564,171506.18834447593,-21132.850490210756,248632.99655192168,-208940.33331706797,-349538.47658436926,-153689.99568148432,-193670.28161812836,-198404.909685267,341419.95059249224,445607.6442820961,181787.6797649915,-307168.8921548541,-306471.0903589219,-119211.86640796473,360601.6276497372,-136997.5601438037,-65575.4037018765,-112460.41329965342,221327.99523433595,-228606.18732481994,49495.81527106279,18744.557761184406,-239461.87911287992,7063.868496484215,43667.62527116549
38731.176766805256,-180463.92941586126,-53280.99603555411,-48982.06941586496,-243815.8780161099,15042.762552248894,-11362.481011965634,-68209.60105606075,-118006.07910245545,177662.8213488421,113008.97441918799,-180745.3696053894,273673.3617068134,32397.61094562431,65787.93482289258,-109910.00387504991,-145040.7471098089,39884.32318825722,-208468.36027619478,5637.721927469812,-71048.20607591873,257443.2676057813,175964.3820191646,223499.06846177246,184782.20750757775,-10594.461253771684,-132588.52364704074,-182961.44205104292,-16891.498752386382,164890.11902217564,110545.39118210328,114980.38974578251,-14167.57791776249,166687.52286235496,-140076.91372785522,-234335.91793020995,-103036.7703432743,-129840.27630094158,-133013.6657580918,228892.89769219136,298742.561715694,121873.40333169937,-205931.26887710136,-205463.31485807017,-79920.44388570513,241753.1568048399,-91845.12179930197,-43962.52687687518,-75395.06517661059,148381.24076018043,-153260.69728049455,33182.5374622034,12566.838174846269,-160538.60223005185,4735.4593310697155,29273.845771492706
40285.10796069942,-187704.30641587306,-55418.55233549368,-50947.05639483817,-253598.53733549552,15645.837289150062,-11818.631658792125,-70946.00267257993,-122741.14224949312,184790.63587456636,117542.99780459265,-187997.59754910186,284653.66166811873,33697.65869294666,68427.39078957317,-114319.86430304807,-150860.48928187304,41484.487400152015,-216832.32865419067,5864.157095107216,-73898.98891043625,267772.24646192306,183024.21931505587,232465.75927877374,192196.06185197303,-11019.79726587632,-137908.47489469865,-190302.19714378455,-17569.06841205955,171506.18834447593,114980.38974578251,119593.77348948491,-14736.35152846625,173375.1785240995,-145696.99515705192,-243738.0484466048,-107170.55917849831,-135049.3958078659,-138350.35046135227,238076.54630194762,310728.5129694196,126763.14667285267,-214193.237302302,-213706.59100257212,-83127.53678347079,251452.433418256,-95530.1885570296,-45726.3444659642,-78419.99415859391,154334.65627662552,-159410.02637570232,34513.94267180237,13071.053790585102,-166979.88770592638,4925.540261776371,30449.0116623446
-4963.7868602287635,23128.47909964705,6828.534235995356,6277.633937380953,31248.147512150364,-1927.6297562704012,1456.331584239998,8741.745218619773,15124.03704342767,-22769.598214631515,-14483.302518707525,23164.824965412852,-35074.62206680813,-4152.275428541508,-8431.498542112073,14086.516093354197,18588.89390242576,-5111.546884710935,26717.72585993513,-722.5536039932032,9105.759552054958,-32994.38136833959,-22551.75134536727,-28643.900943727025,-23681.973168768724,1357.9339235756527,16992.936177099247,23448.671993616867,2164.865416407982,-21132.850490210756,-14167.57791776249,-14736.35152846625,1816.1220601522848,-21362.901771800265,17952.522071076113,30033.177401121993,13205.373510763859,16640.519522643208,17047.216847718366,-29335.358137713258,-38287.46095235307,-15619.573846195906,26392.334074866387,26332.418176766936,10243.0648603527,-30983.341833285896,11771.110582086474,5634.189833557673,9662.667757915591,-19016.7949387758,19642.36655533241,-4252.735445677959,-1610.696075216459,20575.094210907762,-606.9061223754021,-3751.979290997052
58401.57010955937,-272115.7272370115,-80340.47208481866,-73857.97344130086,-367642.46922397526,22682.033988141386,-17133.51317923168,-102850.71482459804,-177938.29988908916,267891.4610808724,170402.68861847743,-272540.77177561214,412663.2337253145,48851.48388356067,99199.39987784298,-165729.5335654772,-218702.91534409093,60140.33833659542,-314342.46441280894,8501.422596161185,-107131.60341846026,388190.3930634501,265331.0591866173,337006.4382081198,278627.45804132253,-15975.3812479753,-199926.32953164747,-275881.8099939097,-25469.803589049807,248632.99655192168,166687.52286235496,173375.1785240995,-21362.901771800265,251342.6836158216,-211217.40177095783,-353347.57795365294,-155365.42013526324,-195781.5052406867,-200567.06205645678,345140.42125994083,450464.0676627805,183768.87988053012,-310516.8382718847,-309811.30710988806,-120510.07431249261,364531.6689428813,-138490.3913524714,-66289.86032476746,-113685.89622975963,223739.59828443156,-231097.10607810732,50035.022660723575,18948.983724210844,-242071.17734829045,7140.619082381619,44142.094696620785
-49078.11323607165,228674.14806376534,67514.6237205133,62067.04023134069,308950.72838685836,-19060.94961469436,14398.25668438057,86431.24264697163,149531.56398797705,-225124.31101575904,-143198.94800680797,229031.3641456453,-346784.1969576847,-41052.68530675,-83362.85058925157,139271.93239250843,183788.39830036164,-50539.29748159206,264159.7032328085,-7144.197996617164,90028.72541175887,-326218.24772074603,-222972.60804905373,-283205.4880857331,-234146.33084453482,13425.023487321823,168009.3709597402,231839.0197750053,21403.740730741683,-208940.33331706797,-140076.91372785522,-145696.99515705192,17952.522071076113,-211217.40177095783,177497.90084778267,296937.94228513725,130562.33833037881,164526.24111613716,168547.79677641613,-290040.94661537604,-378550.36243351357,-154431.36180791326,260944.76891215192,260351.8724124137,101271.44588705395,-306336.4628033221,116381.2875664018,55707.0620383064,95536.63788398643,-188020.97673407817,194203.94915728792,-42047.244205142306,-15923.923527445993,203426.07353371594,-6000.659677721651,-37095.089953524635
-82103.21178965525,382551.1234789301,112945.81334738067,103832.50906646524,516846.8268185411,-31887.046871860002,24087.07129359284,144591.5576613905,250152.95611710957,-376612.58677158953,-239558.82844178937,383148.9306623496,-580138.7068304694,-68677.52354370672,-139458.50424085866,232989.4830874257,307461.55501658673,-84547.61983342652,441915.31446602364,-11951.647929622499,150610.00157951546,-545733.6404693195,-373012.92697566247,-473777.0551783419,-391705.64567067905,22458.954406961257,281064.6134650219,387845.7418439385,35806.50332050149,-349538.47658436926,-234335.91793020995,-243738.0484466048,30033.177401121993,-353347.57795365294,296937.94228513725,496750.49071759876,218418.95361005559,275237.4675022174,281965.19866465335,-485212.3211203114,-633280.5692209025,-258349.73656564945,436536.8793248665,435545.0610498262,169418.2110907298,-512473.1025272272,194695.427648916,93192.82376450307,159824.11078779277,-314542.117104241,324885.7914378573,-70341.25119680498,-26639.337874599823,340313.5569989089,-10038.574835912057,-62056.924002034655
-36100.338193265954,168206.04864619413,49662.001746313195,45655.21109836439,227254.85057257226,-14021.079812136304,10590.573233732157,63576.616990930626,109990.39447810205,-165595.47126256814,-105332.8521914371,168468.20670412623,-255084.40174408752,-30197.011518888954,-61319.389602229036,102444.64357262943,135188.80176755635,-37175.15497050556,194308.4526179331,-5254.5983279433785,66222.23445207707,-239956.6670999726,-164012.07975740827,-208318.2848833713,-172230.8915928795,9874.756263019406,123582.47701934708,170533.89218980123,15744.29923742477,-153689.99568148432,-103036.7703432743,-107170.55917849831,13205.373510763859,-155365.42013526324,130562.33833037881,218418.95361005559,96038.24790848329,121021.15992309262,123978.79028711365,-213345.4803016264,-278450.8519892253,-113595.32091676653,191943.6137500732,191507.43723280024,74491.79056998595,-225332.2743506798,85606.61545322208,40976.29409489761,70273.84255457894,-138302.44776227023,142850.5789578509,-30928.585279786468,-11713.347411597306,149634.15054351522,-4413.737523526372,-27285.111305208462
