V1,V2,V3,V4,V5,V6,V7,V8,V9,V10,V11,V12,V13,V14,V15,V16,V17,V18,V19,V20,V21,V22,V23,V24,V25,V26,V27,V28,V29,V30,V31,V32,V33,V34,V35,V36,V37,V38,V39,V40,V41,V42,V43,V44,V45,V46,V47,V48,V49,V50,V51,V52,V53,V54,V55,V56
9.578421190771262,5.506449795719657,28.042608708486803,63.47971186469741,-37.08613269968413,-54.11142420135553,-46.63044788775468,42.000218244303,-83.84195893032958,-75.70419618090828,11.080399453455257,-73.17224939480819,-8.808736830832991,19.538408776268085,-14.352722346640908,31.55412324488475,-73.71187719434172,7.429459907267121,36.68527279881705,58.143199236583094,-34.141806037871476,-8.025729093704541,3.394448966028734,-77.83513653566116,36.44412633243942,-39.05303121086488,-39.949073629977775,-13.767729611702798,41.46750473012675,53.856341173688634,-38.07561490155894,-10.15684198543683,-3.0757288196640773,-10.55852086964301,9.471798567063205,7.279907644324556,51.23161054342169,58.9285976149084,-3.7381493105695784,19.638921426403254,-33.35777748326675,-15.0703446918256,36.988158622783935,28.478963147751042,-69.69147110767689,-18.99807527849299,-8.130511313681813,-22.085390994663655,-12.61737897708357,34.85388902317087,-23.63612648536858,17.052869002467265,-19.92173247963763,-17.636825224948446,21.29328981850687,120.84782752454288
5.506449795719657,3.993946286612228,16.801957851165447,37.74364029506126,-20.937829837227323,-32.063653307071895,-27.531350096023168,25.11757119424034,-49.102239509732165,-45.498109007237645,6.091588305902664,-42.53545065770144,-6.327043126444219,11.422755458462591,-8.756432448710617,19.111016804684198,-43.001140875725305,4.230656140915036,22.54753734244939,34.36144596177069,-19.901615150637078,-5.798357161976437,1.2877764190697258,-46.94470150730923,20.798195121112183,-23.0526100789611,-23.085293821240867,-7.395113105281505,24.593623067980356,31.177891259301845,-22.969743125004857,-6.477417903373102,-1.759984712860397,-6.925366785320333,6.173089826237744,5.262494523542399,30.719133590134053,35.38086612647379,-1.6671424136659228,10.67846786066968,-20.948257044294866,-9.410594029391483,22.716806533104076,17.682225066700425,-40.889630128694634,-12.222978393353547,-4.433603423737991,-12.881805349051525,-7.154354406289945,20.006190057125153,-13.352486767845077,9.949371449914349,-11.833067701909831,-9.773743036768826,12.573403471868536,71.35089188432937
28.042608708486803,16.801957851165447,82.65990794633623,186.8738679185427,-108.26022204335624,-159.2060916577658,-137.114004699994,123.76304119285055,-246.20512755659414,-223.26233499005616,32.21053689575427,-214.6122964968625,-26.82857149695436,57.358795933639826,-42.436684541860316,93.17749008495416,-216.31877942353574,21.718241641696892,108.60127700509248,170.99712634789472,-100.18118186063556,-24.47038046220586,9.393703329052574,-229.6848107516797,106.57124671110192,-114.82992398061013,-117.05457495148329,-39.87971123106937,122.02310482450196,157.8512651928222,-112.36171882480986,-30.259337586914338,-9.000005372952758,-31.615263429128614,28.330348377253646,22.199449397547944,151.03217401293722,173.76089600396318,-10.548298010094376,56.995325472345144,-99.11763028426074,-44.735201817497064,109.48314884637844,84.45406194393155,-204.71231059104966,-56.69059669656745,-23.605101562225435,-64.81128654168216,-36.857427000052994,102.01643206518224,-69.00520498632083,50.04573006493526,-58.637358488185555,-51.33616019707556,62.61346903769592,355.346549069423
63.47971186469741,37.74364029506126,186.8738679185427,422.6053778415804,-245.2192189762965,-360.0647900842749,-310.1344291040058,279.8164172221619,-557.014894575057,-504.70871062856486,73.01753780916113,-485.64587027367463,-60.27759510762644,129.77624362355584,-95.87675147845579,210.59407648829716,-489.4635354257972,49.174679005419115,245.32635518562807,386.73242544310216,-226.6879245659062,-54.97701376857981,21.486983995877168,-519.1555059183404,241.29842929870156,-259.7250025688781,-264.94850289268925,-90.46398638429989,275.96589442186047,357.26197597225683,-253.97248089896695,-68.28544945319807,-20.359878081997685,-71.26561091071,63.86215295443839,49.868951740554586,341.4388565887662,392.8089530702799,-24.045487131440627,129.2231242036903,-223.7447882463436,-101.00357982058111,247.33192223062463,190.71955815820894,-463.1214477664614,-127.86741715789525,-53.526128005864145,-146.64863661491074,-83.4751863387428,230.94102263209984,-156.29254598736574,113.2341381751768,-132.60218962307397,-116.32638996245151,141.61820047847078,803.7447659056817
-37.08613269968413,-20.937829837227323,-108.26022204335624,-245.2192189762965,143.77931974145727,209.07445349104663,180.21484984810323,-162.16743427447224,324.2062461013818,292.2063681549625,-43.03332017402425,283.0916539250614,33.51642886901322,-75.56217150302403,55.332357485114805,-121.73089211368581,285.11517084168173,-28.78253486527457,-141.36595096762272,-224.67458373595773,132.06849467664355,30.527397449065003,-13.44241800117201,300.3459255914839,-141.1768984289211,150.92762183622486,154.6312115803453,53.550342178692446,-160.21278348885008,-208.43084621327355,146.92398023224897,39.03859208046849,11.90221515568337,40.48538106785563,-36.32884263487194,-27.685941742557542,-197.77209666615096,-227.46589085833412,14.6948022808013,-76.31393382518475,128.33548913957375,58.004791645289345,-142.5457537839897,-109.6625704035573,269.4575555285994,72.95342396530518,31.595576999701002,85.42635358701726,48.90248659978093,-134.96092418704976,91.62634238209051,-65.95702037010975,76.95762641518279,68.44866798571388,-82.28930527191953,-467.0436297667464
-54.11142420135553,-32.063653307071895,-159.2060916577658,-360.0647900842749,209.07445349104663,306.79735409305164,264.26711782128814,-238.39351539118277,474.6912176403662,429.95980511472317,-62.276735336461435,413.9138139089248,51.2181273235707,-110.5984731357893,81.66359755138214,-179.38245094436652,417.14423041834374,-41.923871329921234,-208.92848440930436,-329.5427489072175,193.19531506073227,46.70671107467227,-18.40755759842448,442.2500614013915,-205.70779547434998,221.31622277558864,225.826404343415,77.18004729418702,-235.13599273847117,-304.504531212459,216.34814251965548,58.119146561514505,17.361928745891362,60.63530121026056,-54.34560504890275,-42.368414109525936,-290.88372377644924,-334.6403925064633,20.561353590284384,-110.23744558665163,190.49152528104312,85.99880755155431,-210.6360536089924,-162.39898877366232,394.66268740376444,108.82630231388876,45.65615603555195,124.98135389201346,71.16679479844456,-196.86406461967545,133.25694270020492,-96.50466749686876,112.98276072531382,99.21126044345932,-120.67512360363601,-684.8762243899013
-46.63044788775468,-27.531350096023168,-137.114004699994,-310.1344291040058,180.21484984810323,264.26711782128814,227.6446682050701,-205.31867344159758,408.95610536288183,370.27962239775394,-53.700132416124475,356.633407059773,43.98589228177506,-95.28518350058725,70.31320067995433,-154.46559013363077,359.398197867879,-36.13282049632372,-179.8688623101209,-283.87155403614497,166.4526762497917,40.10722850057974,-15.942796135380528,380.84469579321643,-177.28675873100258,190.64683659486477,194.59067443926517,66.57196064196418,-202.5371790470928,-262.37987958708976,186.3079639893022,50.00697307287921,14.963230428947206,52.14970799417851,-46.745376476318135,-36.38176714878493,-250.51675686510072,-288.19548221429534,17.77665819501813,-95.07082853497921,163.9432778870522,74.01971743417556,-181.34062105792466,-139.78970670313973,340.00067970426613,93.62488677245932,39.37271595855242,107.68021501592152,61.339553021562814,-169.6511503994386,114.86211581952695,-83.14535517891221,97.31710456804912,85.53946639104669,-103.95183054394008,-589.9653091866802
42.000218244303,25.11757119424034,123.76304119285055,279.8164172221619,-162.16743427447224,-238.39351539118277,-205.31867344159758,185.3078377865139,-368.6970501729326,-334.27411274680276,48.258900092044335,-321.4038956486278,-40.109185283539716,85.89710138088512,-63.52923458490794,139.49993047470178,-323.9515356450493,32.530179609199536,162.57207830388842,256.0523999220534,-150.0289338939786,-36.582422322988776,14.106384684986825,-343.87970807459914,159.62359980594198,-171.94959948003307,-175.31021844858282,-59.75904346542783,182.71506182285202,236.4068431170918,-168.22577082044634,-45.28466926858468,-13.478935232277143,-47.30222567817135,42.38877726214311,33.186950306095696,226.13256351395307,260.160714891236,-15.82587129376992,85.39762609889561,-148.34997800591458,-66.95858687020554,163.89363166973354,126.41468269705551,-306.5568454324235,-84.8325778604208,-35.36820568202386,-97.0592256295146,-55.20855480864611,152.79447863662435,-103.36472724992295,74.94646143297332,-87.80110922301945,-76.90773437966229,93.75888400863312,532.1063554569855
-83.84195893032958,-49.102239509732165,-246.20512755659414,-557.014894575057,324.2062461013818,474.6912176403662,408.95610536288183,-368.6970501729326,734.8712392862923,664.810667493645,-96.68573492875593,641.0048627373891,78.48165968505224,-171.23152576574725,126.18326926282208,-277.2588963048341,645.8979063507745,-64.98755485649215,-322.70342812341494,-509.9601034803768,299.14947231452885,71.54227299811636,-28.9886990205856,683.7046322502695,-318.83659655843195,342.4955693177476,349.8130688066121,119.94538322910776,-363.7969122926433,-471.6527222954289,334.46234236426693,89.60121905711043,26.913414608023565,93.35361961634979,-83.70218495903254,-64.89718074338259,-449.8225653011381,-517.4542057982954,32.195451714124964,-171.2367691031958,293.919043717903,132.72828069017893,-325.34945392852376,-250.71087457537308,610.9242070301956,167.7128942182544,70.9060231844216,193.52024667813538,110.33461413201499,-305.0500847691352,206.6353938178652,-149.42655141328342,174.79392551341846,153.9805020046751,-186.74695846767773,-1059.8541655063113
-75.70419618090828,-45.498109007237645,-223.26233499005616,-504.70871062856486,292.2063681549625,429.95980511472317,370.27962239775394,-334.27411274680276,664.810667493645,603.0580559044604,-86.91214894359162,579.4467932418198,72.63321803987199,-154.87899156891473,114.64241493754228,-251.71220832580224,584.0850059969019,-58.62249648983579,-293.4258650671411,-461.7705306923359,270.4994592634691,66.25945262155348,-25.24198253536939,620.4257267643596,-287.6758772849681,310.0959685053235,316.0307550849911,107.57597018012191,-329.54691592020527,-426.1806383852454,303.51491850897514,81.80250014862547,24.286066614006227,85.49215491419558,-76.59586874043798,-60.108009126427646,-407.93808485503473,-469.33809856519173,28.394365428028753,-153.7562283184134,267.87445396271164,120.89292085147113,-295.80999110166067,-228.2146275070984,552.7863973321428,153.2583656163709,63.68819882452727,174.99721819582774,99.4878859062815,-275.39802439633,186.2498051862995,-135.12726497842098,158.3616340516996,138.52024099646124,-169.0866223147519,-959.6197176023103
11.080399453455257,6.091588305902664,32.21053689575427,73.01753780916113,-43.03332017402425,-62.276735336461435,-53.700132416124475,48.258900092044335,-96.68573492875593,-86.91214894359162,12.912412242337,-84.48750789475366,-9.763652039849983,22.538325250766267,-16.431836608364826,36.17769666340665,-85.06127262699657,8.607520781134863,41.947769256522534,66.94171897689985,-39.404396274913246,-8.88614583257755,4.147769692241558,-89.30020258053537,42.210378579693085,-44.974163097555646,-46.176214086891314,-16.102431461541993,47.717989209990066,62.230878726595606,-43.6830618350861,-11.537228146967937,-3.5577405329208487,-11.926525681844524,10.70996460086118,8.058422376910988,58.83829561203256,67.66312826213434,-4.485913000576911,22.921853859645037,-37.99244388592252,-17.1824031357655,42.3011876814847,32.5048221210865,-80.34356795621206,-21.53884578181348,-9.48757187221166,-25.486512771537843,-14.630464392378649,40.32899527759638,-27.422267281584062,19.677387630363256,-22.917630173309252,-20.52313699502808,24.520143184904114,139.1687966588958
-73.17224939480819,-42.53545065770144,-214.6122964968625,-485.64587027367463,283.0916539250614,413.9138139089248,356.633407059773,-321.4038956486278,641.0048627373891,579.4467932418198,-84.48750789475366,559.2509306032209,68.0109251921165,-149.36738912003005,109.93274109659501,-241.60041614869843,563.4600565605151,-56.733233627673265,-281.07673893159466,-444.70714813812214,260.973644555058,61.983135330227874,-25.556120114967538,595.8535690707333,-278.3200681861356,298.6790848572067,305.24754620834153,104.87962376282118,-317.2089723806566,-411.5449792573356,291.4837655854328,77.95148266588997,23.494259400454943,81.14521316803908,-72.77300264926704,-56.22562833811997,-392.0927736836233,-451.02626163172715,28.28354993610004,-149.68188275844105,255.83561513492646,115.55065412575185,-283.3866355349065,-218.3021250198808,532.8601785414172,145.87109127616665,61.97367279279943,168.82153990743845,96.33039892782895,-266.24175246640095,180.42881191796508,-130.3549228956991,152.4037784613519,134.52704546972498,-162.8544148603399,-924.2546850793898
-8.808736830832991,-6.327043126444219,-26.82857149695436,-60.27759510762644,33.51642886901322,51.2181273235707,43.98589228177506,-40.109185283539716,78.48165968505224,72.63321803987199,-9.763652039849983,68.0109251921165,10.030795338840699,-18.258567515041303,13.973417108351942,-30.495466309107684,68.74068987121045,-6.771917121792932,-35.96078579986753,-54.90706902303743,31.81433916745333,9.187101797273082,-2.113740905416296,74.93601609820959,-33.28229574567444,36.83352770835898,36.915055452750124,11.866601185467154,-39.282899339008516,-49.85480190284559,36.66397850823744,10.309662612117213,2.822242712251168,11.014923202943658,-9.825711847402149,-8.33982158576059,-49.04913201933324,-56.48783835370116,2.7036954478427426,-17.132563416830415,33.38022466789023,14.99854424134198,-36.229064867549155,-28.187571427315376,65.34737286287526,19.457827145201957,7.107813756693923,20.592865002363563,11.44979739301176,-32.007622530822914,21.376409046496676,-15.906140534046616,18.901342816855674,15.666703957950048,-20.089870625008746,-113.99627366441065
19.538408776268085,11.422755458462591,57.358795933639826,129.77624362355584,-75.56217150302403,-110.5984731357893,-95.28518350058725,85.89710138088512,-171.23152576574725,-154.87899156891473,22.538325250766267,-149.36738912003005,-18.258567515041303,39.89898090411361,-29.393170296293835,64.58881442741547,-150.5041300620287,15.145520398942159,75.16715831676416,118.81725739971719,-69.70686009683999,-16.64355483566211,6.771252708308756,-159.27636012053753,74.30491562679674,-79.80008974572011,-81.51738785119552,-27.964561666617772,84.76068179968684,109.9082862095301,-77.91654696847279,-20.865399477301274,-6.27169242639581,-21.734347772523968,19.487968328336933,15.097435494205541,104.7953016696782,120.55043110341973,-7.514366087576522,39.91926807715142,-68.45165067444528,-30.912776530399764,75.78407209481435,58.393760866569764,-142.34913272663363,-39.05207800916238,-16.52979071937676,-45.093221897294114,-25.71475307169377,71.08909614194324,-48.15976758940778,34.81856889354051,-40.72453161223805,-35.89194700966017,43.511172774852184,246.94182844096323
-14.352722346640908,-8.756432448710617,-42.436684541860316,-95.87675147845579,55.332357485114805,81.66359755138214,70.31320067995433,-63.52923458490794,126.18326926282208,114.64241493754228,-16.431836608364826,109.93274109659501,13.973417108351942,-29.393170296293835,21.818127992090403,-47.871080652839595,110.833076129329,-11.108942013556623,-55.86059082139242,-87.70306733188,51.325045330208866,12.748839829447792,-4.68505544850889,117.9753421832142,-54.515996608121284,58.886832944003224,59.92907909933685,20.311022747015105,-62.59425488563414,-80.82896707625123,57.713482251529165,15.604943621958848,4.609234650406268,16.343591854336047,-14.641506695598373,-11.567611016882816,-77.54264262973422,-89.21981452827205,5.308050925722235,-29.05847657515131,51.06697975466561,23.03797989696582,-56.308928953260285,-43.47274642351531,104.93005347781722,29.263269088533285,12.034020203712704,33.20638102712385,18.84373455366473,-52.208931529472764,35.2725312087866,-25.64268906318773,30.083988412900204,26.20858251178206,-32.11034428811099,-182.22570546666856
31.55412324488475,19.111016804684198,93.17749008495416,210.59407648829716,-121.73089211368581,-179.38245094436652,-154.46559013363077,139.49993047470178,-277.2588963048341,-251.71220832580224,36.17769666340665,-241.60041614869843,-30.495466309107684,64.58881442741547,-47.871080652839595,105.09083590705266,-243.56374577815143,24.426390561228388,122.56070333124124,192.62962655076737,-112.79645029452546,-27.827584416780322,10.400463915181769,-258.98675968239974,119.87871081774426,-129.3565570774658,-131.74952007579566,-44.74800911353802,137.4941315977612,177.67733093220068,-126.69933280997893,-34.21248098757884,-10.116811014510697,-35.78534816489539,32.051389302512604,25.243281992308134,170.255182621418,195.88992149692095,-11.749003268222893,63.97527626942388,-111.96541621261224,-50.52152501552752,123.55561613070483,95.35476417507476,-230.55408590413097,-64.10880136175808,-26.505005942399084,-72.97348708380396,-41.451560380049095,114.78186008166918,-77.58962396852924,56.3473700076735,-66.07368657464733,-57.66858420287163,70.5349823857931,400.3133620467889
-73.71187719434172,-43.001140875725305,-216.31877942353574,-489.4635354257972,285.11517084168173,417.14423041834374,359.398197867879,-323.9515356450493,645.8979063507745,584.0850059969019,-85.06127262699657,563.4600565605151,68.74068987121045,-150.5041300620287,110.833076129329,-243.56374577815143,567.7318639631344,-57.14327791133211,-283.4166509034384,-448.1507451820543,262.9503029600453,62.65740541705408,-25.619372859677263,600.6487752942732,-280.344822494692,300.99121446594916,307.5257032049622,105.55985897738525,-319.6896500690419,-414.6238655221902,293.831672671125,78.64744651762581,23.660600399686206,81.90019596972915,-73.43874788963412,-56.83610719236483,-395.214787134665,-454.62720078895046,28.403168185708257,-150.6698153159636,258.0457607977112,116.53959458259826,-285.74522403172836,-220.15304799712942,536.9434492651694,147.1837410140801,62.388978434384654,170.1009445106388,97.02485707816193,-268.1985660094745,181.71744813429962,-131.34220346776328,153.59720579338105,135.44847881939754,-164.11555629156337,-931.4187755041612
7.429459907267121,4.230656140915036,21.718241641696892,49.174679005419115,-28.78253486527457,-41.923871329921234,-36.13282049632372,32.530179609199536,-64.98755485649215,-58.62249648983579,8.607520781134863,-56.733233627673265,-6.771917121792932,15.145520398942159,-11.108942013556623,24.426390561228388,-57.14327791133211,5.764910458641344,28.38380000198592,45.05523142531835,-26.46801529678045,-6.167392375314895,2.6663489145645785,-60.26599408946139,28.27511749442179,-30.262262523432575,-30.97891178979655,-10.703575798617226,32.126378482303785,41.76160986567088,-29.480460286666915,-7.845734963851877,-2.387731847593646,-8.148055968940316,7.312617817558415,5.594621252759253,39.67637292446059,45.634711462810174,-2.923179760286318,15.263815487164424,-25.7878652412182,-11.652900381830012,28.61816656641019,22.02547091639727,-54.014941606759514,-14.67287498345522,-6.317378032581326,-17.12126239260924,-9.790778919858326,27.036078548834706,-18.344356753064027,13.220136461090597,-15.433747538627715,-13.698861982796611,16.500098126773697,93.64242309659033
36.68527279881705,22.54753734244939,108.60127700509248,245.32635518562807,-141.36595096762272,-208.92848440930436,-179.8688623101209,162.57207830388842,-322.70342812341494,-293.4258650671411,41.947769256522534,-281.07673893159466,-35.96078579986753,75.16715831676416,-55.86059082139242,122.56070333124124,-283.4166509034384,28.38380000198592,143.07009119153864,224.33645529828772,-131.24506898045124,-32.82312942784134,11.833281031679293,-301.97793449595895,139.31169636662398,-150.63199971062426,-153.2139208830692,-51.81538672839634,160.14810549790178,206.65053547569855,-147.73142641576956,-40.02367090077593,-11.766387267385095,-41.94465872909528,37.55867900046037,29.778420881062086,198.44687748940288,228.34303581747977,-13.469142358294244,74.1411310733383,-130.87794849784498,-59.03388685617049,144.22123784531746,111.37995959895851,-268.3699893381679,-75.05298982285355,-30.716246657466183,-84.91300682789688,-48.14967055168205,133.4363337803629,-90.11159762974452,65.56942287467504,-76.96966408996776,-66.90648664461912,82.1380626008719,466.1504536227519
58.143199236583094,34.36144596177069,170.99712634789472,386.73242544310216,-224.67458373595773,-329.5427489072175,-283.87155403614497,256.0523999220534,-509.9601034803768,-461.7705306923359,66.94171897689985,-444.70714813812214,-54.90706902303743,118.81725739971719,-87.70306733188,192.62962655076737,-448.1507451820543,45.05523142531835,224.33645529828772,354.01950081931915,-207.55397448571034,-50.0568870113457,19.863849534856747,-474.96779834331153,221.05085767942467,-237.74322342822055,-242.62204185117508,-82.98074198908074,252.56293436857396,327.1553347033343,-232.34899082455385,-62.36590939733777,-18.674620936564075,-65.06027631995654,58.32972349109087,45.4127399484335,312.42439886883756,359.41245545205044,-22.148364897198906,118.5309533879543,-204.49504314257533,-92.32512319391016,226.16321759178297,174.35277359819437,-423.9704144298792,-116.79781927532666,-49.07637533906569,-134.27183003593666,-76.47280911353495,211.53901332269655,-143.20755852205937,103.68191365374382,-121.36014408587697,-106.65582477809471,129.63271153394186,735.6872357549556
-34.141806037871476,-19.901615150637078,-100.18118186063556,-226.6879245659062,132.06849467664355,193.19531506073227,166.4526762497917,-150.0289338939786,299.14947231452885,270.4994592634691,-39.404396274913246,260.973644555058,31.81433916745333,-69.70686009683999,51.325045330208866,-112.79645029452546,262.9503029600453,-26.46801529678045,-131.24506898045124,-207.55397448571034,121.78851017681069,28.99923443606092,-11.877733209953629,278.1657687832352,-129.85282800153342,139.40120337477913,142.43890397032416,48.90359922290352,-148.06029133212868,-192.0423417741101,136.0763443030487,36.41710996424691,10.957522974563814,37.91822456053142,-34.00015478306683,-26.304425797328957,-183.03074478748505,-210.5451271571987,13.164633462466739,-69.7974532453954,119.48755274056433,53.96454648151869,-132.3245397312025,-101.94582498268423,248.6861728850364,68.1473185041868,28.902582252901524,78.78385738476297,44.94246142306263,-124.22423322568618,84.17257307838472,-60.83193634347393,71.13575216810023,62.74263267510815,-76.00837336105215,-431.3794949538962
-8.025729093704541,-5.798357161976437,-24.47038046220586,-54.97701376857981,30.527397449065003,46.70671107467227,40.10722850057974,-36.582422322988776,71.54227299811636,66.25945262155348,-8.88614583257755,61.983135330227874,9.187101797273082,-16.64355483566211,12.748839829447792,-27.827584416780322,62.65740541705408,-6.167392375314895,-32.82312942784134,-50.0568870113457,28.99923443606092,8.418507605021045,-1.895445521207736,68.36200860415198,-30.317856739857973,33.58293979964631,33.64356843919285,10.792708194006739,-35.82456635342054,-45.43599813478616,33.44889280322466,9.423095543171552,2.5657330809646886,10.070234598358118,-8.97752897470574,-7.640537022086572,-44.73872309756267,-51.52666589258503,2.443198807823601,-15.581112418458588,30.483591615429784,13.695464135522245,-33.06985282570002,-25.735905048494892,59.574333192049195,17.77934683898265,6.4685544463938704,18.7702867650799,10.430173352327138,-29.16020807481346,19.46787683547072,-14.497356519128598,17.236376904186425,14.25565517732102,-18.316784768503613,-103.94292142716957
3.394448966028734,1.2877764190697258,9.393703329052574,21.486983995877168,-13.44241800117201,-18.40755759842448,-15.942796135380528,14.106384684986825,-28.9886990205856,-25.24198253536939,4.147769692241558,-25.556120114967538,-2.113740905416296,6.771252708308756,-4.68505544850889,10.400463915181769,-25.619372859677263,2.6663489145645785,11.833281031679293,19.863849534856747,-11.877733209953629,-1.895445521207736,1.7385084903034411,-25.824907992895124,13.037433863030003,-13.358808779062828,-14.055975993253652,-5.2930327255756975,14.087579217051793,18.907571037054787,-12.627569577962168,-3.0834989775963217,-1.1026031612500782,-3.0568770257092726,2.7784949454168504,1.7187751895292291,17.142885947056893,19.679903609722924,-1.7114386993982185,7.45384869210687,-10.40404192295706,-4.7426193852220395,11.941628967540622,9.042172864824513,-24.03398016597018,-5.6922032752187395,-3.0712811856802236,-7.677790365807396,-4.548355975175198,12.377401063367063,-8.5635403677065,5.927288016294266,-6.755541975046338,-6.5469666525431025,7.280755029769141,41.31846594003356
-77.83513653566116,-46.94470150730923,-229.6848107516797,-519.1555059183404,300.3459255914839,442.2500614013915,380.84469579321643,-343.87970807459914,683.7046322502695,620.4257267643596,-89.30020258053537,595.8535690707333,74.93601609820959,-159.27636012053753,117.9753421832142,-258.98675968239974,600.6487752942732,-60.26599408946139,-301.97793449595895,-474.96779834331153,278.1657687832352,68.36200860415198,-25.824907992895124,638.3337505226684,-295.7424859941534,318.946625403906,324.94253743539343,110.49674217990407,-338.9698582827655,-438.2141691117402,312.2747885597871,84.22690795722214,24.976271184412678,88.07052485710473,-78.90450106334245,-62.018487364506235,-419.67765346089874,-482.85215616819335,29.098015193650923,-157.96739089112913,275.77181250421444,124.44584171059326,-304.42430543403725,-234.89991038595244,568.5083748843829,157.83579426401525,65.42910152715537,179.95959338447904,102.2650705037276,-283.1454376379054,191.44338398617754,-138.9614128596079,162.89591383771472,142.35172192508966,-173.91394500182156,-987.0021767278997
36.44412633243942,20.798195121112183,106.57124671110192,241.29842929870156,-141.1768984289211,-205.70779547434998,-177.28675873100258,159.62359980594198,-318.83659655843195,-287.6758772849681,42.210378579693085,-278.3200681861356,-33.28229574567444,74.30491562679674,-54.515996608121284,119.87871081774426,-280.344822494692,28.27511749442179,139.31169636662398,221.05085767942467,-129.85282800153342,-30.317856739857973,13.037433863030003,-295.7424859941534,138.69141053249535,-148.47849369518215,-151.97724365618788,-52.47972451789181,157.6371857654745,204.8737585505578,-144.67129291986006,-38.52742171706194,-11.703668598281928,-40.01535336144955,35.90379235672841,27.499771236708156,194.69289523646157,223.93488366754065,-14.31183742202893,74.8350129180603,-126.59321084387064,-57.202060084212725,140.46520128274972,108.11550906819663,-265.0110812198567,-72.04393062076277,-30.979643307299472,-83.99667235153312,-48.02527684876454,132.6181973079682,-89.97463957303337,64.85602992149164,-75.72830491718447,-67.17199034057364,80.95567056762518,459.4575197878471
-39.05303121086488,-23.0526100789611,-114.82992398061013,-259.7250025688781,150.92762183622486,221.31622277558864,190.64683659486477,-171.94959948003307,342.4955693177476,310.0959685053235,-44.974163097555646,298.6790848572067,36.83352770835898,-79.80008974572011,58.886832944003224,-129.3565570774658,300.99121446594916,-30.262262523432575,-150.63199971062426,-237.74322342822055,139.40120337477913,33.58293979964631,-13.358808779062828,318.946625403906,-148.47849369518215,159.6640555962101,162.96501712218472,55.75545384114647,-169.61825620130182,-219.73881615414973,156.02663702290118,41.87392600155624,12.536072639328037,43.67065544991887,-39.14853072014443,-30.464818902539605,-209.8020490488992,-241.35594187073983,14.89128359473287,-79.62847762392686,137.29335548201257,61.987343919078036,-151.8625982110232,-117.06571015865406,284.74419172097635,78.4046828071748,32.97419559596029,90.18083671497608,51.37073539525956,-142.08395717751424,96.19751847389573,-69.63410577063686,81.50113741462323,71.6444241198868,-87.05842611256904,-494.0824778444874
-39.949073629977775,-23.085293821240867,-117.05457495148329,-264.94850289268925,154.6312115803453,225.826404343415,194.59067443926517,-175.31021844858282,349.8130688066121,316.0307550849911,-46.176214086891314,305.24754620834153,36.915055452750124,-81.51738785119552,59.92907909933685,-131.74952007579566,307.5257032049622,-30.97891178979655,-153.2139208830692,-242.62204185117508,142.43890397032416,33.64356843919285,-14.055975993253652,324.94253743539343,-151.97724365618788,162.96501712218472,166.64279838050237,57.35022811619749,-173.0635673741351,-224.65860137913947,158.95908908580847,42.46007752066793,12.817920505163404,44.15940435430539,-39.60185027138479,-30.514780708206885,-213.85276893500244,-245.9903735198019,15.520448323261173,-81.81448846664159,139.37912013930324,62.96161612597273,-154.48070597360785,-118.96804526514332,290.7872643670121,79.4203436922321,33.879550466391095,92.13972350399638,52.61316748981593,-145.3602751919679,98.54818002220154,-71.14264783536933,83.14258456939174,73.49990695636036,-88.85519088090221,-504.3007079518505
-13.767729611702798,-7.395113105281505,-39.87971123106937,-90.46398638429989,53.550342178692446,77.18004729418702,66.57196064196418,-59.75904346542783,119.94538322910776,107.57597018012191,-16.102431461541993,104.87962376282118,11.866601185467154,-27.964561666617772,20.311022747015105,-44.74800911353802,105.55985897738525,-10.703575798617226,-51.81538672839634,-82.98074198908074,48.90359922290352,10.792708194006739,-5.2930327255756975,110.49674217990407,-52.47972451789181,55.75545384114647,57.35022811619749,20.116796520331448,-59.1325971701422,-77.27815255725612,54.05068088495019,14.201315589883217,4.422395142495244,14.639536463781333,-13.154738046495973,-9.786741116126665,-72.84246336941256,-83.75784283579524,5.67500026706992,-28.60950142992218,46.83499655500887,21.19288027051338,-52.25552645054007,-40.1132409401654,99.65607239820976,26.489564215576724,11.8390426489822,31.628861714334487,18.199554539824426,-50.11643104778422,34.12240415685929,-24.41909878197033,28.39599836704084,25.577335431895936,-30.397280952054587,-172.52727399911214
41.46750473012675,24.593623067980356,122.02310482450196,275.96589442186047,-160.21278348885008,-235.13599273847117,-202.5371790470928,182.71506182285202,-363.7969122926433,-329.54691592020527,47.717989209990066,-317.2089723806566,-39.282899339008516,84.76068179968684,-62.59425488563414,137.4941315977612,-319.6896500690419,32.126378482303785,160.14810549790178,252.56293436857396,-148.06029133212868,-35.82456635342054,14.087579217051793,-338.9698582827655,157.6371857654745,-169.61825620130182,-173.0635673741351,-59.1325971701422,180.21411327094023,233.35969223907057,-165.8241311185341,-44.55704380197019,-13.303178955301322,-46.48969204603688,41.665038757149965,32.4966316390409,222.94773543920567,256.48660267609074,-15.7438500695157,84.46138278685623,-146.02722254408127,-65.92380696364518,161.45732514388172,124.4872671283726,-302.46671919852236,-83.43161567051472,-34.98225068832821,-95.78273060256812,-54.53568816864132,150.8627867075035,-102.11361666243425,73.95859287805646,-86.59275776228377,-76.01824469387091,92.48624397437227,524.8961520949388
53.856341173688634,31.177891259301845,157.8512651928222,357.26197597225683,-208.43084621327355,-304.504531212459,-262.37987958708976,236.4068431170918,-471.6527222954289,-426.1806383852454,62.230878726595606,-411.5449792573356,-49.85480190284559,109.9082862095301,-80.82896707625123,177.67733093220068,-414.6238655221902,41.76160986567088,206.65053547569855,327.1553347033343,-192.0423417741101,-45.43599813478616,18.907571037054787,-438.2141691117402,204.8737585505578,-219.73881615414973,-224.65860137913947,-77.27815255725612,233.35969223907057,302.8787864478795,-214.36982559465366,-57.28098183369666,-17.284633018961372,-59.59061466415296,53.441643923154295,41.212307234848446,288.38782974876347,331.7285947247386,-20.891460600574128,110.25824203296524,-188.02174236987287,-84.93090120020311,208.35560887210013,160.47182095822762,-392.07137484671887,-107.15830973848261,-45.65536979663852,-124.22802539598254,-70.9203634432031,195.96270071357728,-132.83818620245353,95.91985755080411,-112.11262046785136,-99.06573258387553,119.81115717084458,679.9841789906774
-38.07561490155894,-22.969743125004857,-112.36171882480986,-253.97248089896695,146.92398023224897,216.34814251965548,186.3079639893022,-168.22577082044634,334.46234236426693,303.51491850897514,-43.6830618350861,291.4837655854328,36.66397850823744,-77.91654696847279,57.713482251529165,-126.69933280997893,293.831672671125,-29.480460286666915,-147.73142641576956,-232.34899082455385,136.0763443030487,33.44889280322466,-12.627569577962168,312.2747885597871,-144.67129291986006,156.02663702290118,158.95908908580847,54.05068088495019,-165.8241311185341,-214.36982559465366,152.76628272888752,41.2079329762746,12.215805198598249,43.087811242496066,-38.60157302713978,-30.34445041308033,-205.30630358329796,-236.21199702786404,14.230988736766678,-77.26963693775731,134.91336833605482,60.88136947311847,-148.92911466097584,-114.91748418722048,278.1105893451213,77.2180093086099,32.00622193939309,88.03448110688846,50.02656806539547,-138.5093029950997,93.64982593466158,-67.97812771157562,79.68815564648133,69.63231432163279,-85.07748320254208,-482.8377044289262
-10.15684198543683,-6.477417903373102,-30.259337586914338,-68.28544945319807,39.03859208046849,58.119146561514505,50.00697307287921,-45.28466926858468,89.60121905711043,81.80250014862547,-11.537228146967937,77.95148266588997,10.309662612117213,-20.865399477301274,15.604943621958848,-34.21248098757884,78.64744651762581,-7.845734963851877,-40.02367090077593,-62.36590939733777,36.41710996424691,9.423095543171552,-3.0834989775963217,84.22690795722214,-38.52742171706194,41.87392600155624,42.46007752066793,14.201315589883217,-44.55704380197019,-57.28098183369666,41.2079329762746,11.267349042887219,3.2482454549375173,11.854957883674928,-10.599120350855202,-8.547602635579429,-55.29937263849412,-63.64477962854544,3.591755520040369,-20.34875920975445,36.735529209496114,16.55575706998233,-40.344375496732404,-31.20935177506729,74.5388659563576,21.145900903280168,8.43922959294014,23.56245466220531,13.305745579609738,-36.93370726678643,24.883558604973306,-18.194084418355214,21.417572194541012,18.415669241506123,-22.834182480720752,-129.59722660685438
-3.0757288196640773,-1.759984712860397,-9.000005372952758,-20.359878081997685,11.90221515568337,17.361928745891362,14.963230428947206,-13.478935232277143,26.913414608023565,24.286066614006227,-3.5577405329208487,23.494259400454943,2.822242712251168,-6.27169242639581,4.609234650406268,-10.116811014510697,23.660600399686206,-2.387731847593646,-11.766387267385095,-18.674620936564075,10.957522974563814,2.5657330809646886,-1.1026031612500782,24.976271184412678,-11.703668598281928,12.536072639328037,12.817920505163404,4.422395142495244,-13.303178955301322,-17.284633018961372,12.215805198598249,3.2482454549375173,0.9971695100784228,3.382687880440704,-3.042111399010747,-2.3302009099971936,-16.442020543378135,-18.909809321119607,1.2061207581821143,-6.318800495898383,10.69678698118822,4.832322092943402,-11.859262718496154,-9.130871024976159,22.366763091666783,6.090893605438574,2.6089987915319797,7.089329705198005,4.048670006772201,-11.194047342206028,7.589997197771405,-5.47589344366051,6.393867035194036,5.673322142252485,-6.835675578887935,-38.7809678298483
-10.55852086964301,-6.925366785320333,-31.615263429128614,-71.26561091071,40.48538106785563,60.63530121026056,52.14970799417851,-47.30222567817135,93.35361961634979,85.49215491419558,-11.926525681844524,81.14521316803908,11.014923202943658,-21.734347772523968,16.343591854336047,-35.78534816489539,81.90019596972915,-8.148055968940316,-41.94465872909528,-65.06027631995654,37.91822456053142,10.070234598358118,-3.0568770257092726,88.07052485710473,-40.01535336144955,43.67065544991887,44.15940435430539,14.639536463781333,-46.48969204603688,-59.59061466415296,43.087811242496066,11.854957883674928,3.382687880440704,12.522420454271593,-11.193314242304057,-9.137716685728469,-57.7826033575589,-66.51168487824052,3.6230999577997904,-21.01735821757247,38.600744671950835,17.38379762372364,-42.273215506619486,-32.746036728736364,77.67464483251969,22.28617920911896,8.713823420026763,24.53661126068902,13.805763585612773,-38.388757835879034,25.811345704697835,-18.94865870147351,22.35312592143361,19.064682355653844,-23.815372810427526,-135.1522166622803
9.471798567063205,6.173089826237744,28.330348377253646,63.86215295443839,-36.32884263487194,-54.34560504890275,-46.745376476318135,42.38877726214311,-83.70218495903254,-76.59586874043798,10.70996460086118,-72.77300264926704,-9.825711847402149,19.487968328336933,-14.641506695598373,32.051389302512604,-73.43874788963412,7.312617817558415,37.55867900046037,58.32972349109087,-34.00015478306683,-8.97752897470574,2.7784949454168504,-78.90450106334245,35.90379235672841,-39.14853072014443,-39.60185027138479,-13.154738046495973,41.665038757149965,53.441643923154295,-38.60157302713978,-10.599120350855202,-3.042111399010747,-11.193314242304057,10.012534437661618,8.148327553781494,51.777727980471674,59.595985024391766,-3.273922704628829,18.888261990369838,-34.545493108016295,-15.559356266024066,37.85026671241253,29.312425877505095,-69.63790667577456,-19.93287480032435,-7.825248795356532,-22.00187161861941,-12.386602660193383,34.44048305921734,-23.16434256716488,16.99257480396621,-20.03475014734908,-17.124727783466064,21.349487395056283,121.14782917459077
7.279907644324556,5.262494523542399,22.199449397547944,49.868951740554586,-27.685941742557542,-42.368414109525936,-36.38176714878493,33.186950306095696,-64.89718074338259,-60.108009126427646,8.058422376910988,-56.22562833811997,-8.33982158576059,15.097435494205541,-11.567611016882816,25.243281992308134,-56.83610719236483,5.594621252759253,29.778420881062086,45.4127399484335,-26.304425797328957,-7.640537022086572,1.7187751895292291,-62.018487364506235,27.499771236708156,-30.464818902539605,-30.514780708206885,-9.786741116126665,32.4966316390409,41.212307234848446,-30.34445041308033,-8.547602635579429,-2.3302009099971936,-9.137716685728469,8.148327553781494,6.9354093107527754,40.58689799020346,46.74444102497013,-2.2147130362863896,14.132976513022378,-27.658049567375308,-12.425603523525412,30.00083027166381,23.348690164328882,-54.03999450077826,-16.132835688192294,-5.8652872779665595,-17.02646289612585,-9.459352769331005,26.4508345573384,-17.657244631262554,13.151118772350413,-15.636163155048125,-12.931549511777956,16.616280146363028,94.28857438806402
51.23161054342169,30.719133590134053,151.03217401293722,341.4388565887662,-197.77209666615096,-290.88372377644924,-250.51675686510072,226.13256351395307,-449.8225653011381,-407.93808485503473,58.83829561203256,-392.0927736836233,-49.04913201933324,104.7953016696782,-77.54264262973422,170.255182621418,-395.214787134665,39.67637292446059,198.44687748940288,312.42439886883756,-183.03074478748505,-44.73872309756267,17.142885947056893,-419.67765346089874,194.69289523646157,-209.8020490488992,-213.85276893500244,-72.84246336941256,222.94773543920567,288.38782974876347,-205.30630358329796,-55.29937263849412,-16.442020543378135,-57.7826033575589,51.777727980471674,40.58689799020346,275.9593468987425,317.48959058037326,-19.257364934477685,104.10868427567303,-181.1297838724113,-81.74866153270229,200.0578445316622,154.32766299712176,-374.016274204406,-103.60577527960334,-43.117884160501795,-118.4102670085693,-67.3328293919912,186.3750251858373,-126.06038969212712,91.43367691060864,-107.13647766867469,-93.77678098193549,114.39915827781775,649.2426377206444
