V1,V2,V3,V4,V5,V6,V7,V8,V9,V10,V11,V12,V13,V14,V15,V16,V17,V18,V19,V20,V21,V22,V23,V24,V25,V26,V27,V28,V29,V30,V31,V32,V33,V34,V35,V36,V37,V38,V39,V40,V41,V42,V43,V44,V45,V46,V47,V48,V49,V50,V51,V52,V53,V54,V55,V56
0.8346598434625686,4.962759792888039,0.4460216864939608,-9.076873609821334,-4.197064328831593,-7.696401717199085,-2.3819353349426597,0.4707035840979066,6.729115257036526,0.8169763884689845,-3.0796020139497333,0.4408521571805336,1.2314230420027732,2.8559672872057043,-1.7252359318613821,1.8772846120581803,-5.056387269080508,-3.134211688852461,3.5716695085619823,-8.819175833465069,-1.3216799919206368,-0.02486887520568806,-6.678098240572226,5.060782958992359,-3.9146711258970983,-5.742071599810636,-0.6428710610594343,-1.2571076440025526,1.9964378314161897,-4.33230853851083,-2.7326578313981273,-5.142091343750666,-6.673941912604164,1.9519276430780834,3.4924466065448536,-2.556112203280448,-4.157204938786698,-0.014893093384356654,3.581052626843526,1.8945555285913958,-4.603219491935127,3.9686265292552108,-4.16456424559609,1.166151770995378,-2.4250320724291243,4.978150966168475,4.24115158197988,-6.297834290759391,-1.3316010838796486,3.8879663403057756,-3.746369066446304,0.6262993615517827,-4.597915782632495,-7.353527597820671,4.120874037815343,-1.8067438891458962
4.962759792888039,32.14987997722522,0.8776604135093408,-60.79039005014016,-27.295734837748164,-53.27340877649718,-17.01029217821811,3.374689083219283,42.925676443525575,4.553122412223014,-20.728805191531237,2.095580186496944,7.895030335015545,18.326867878404187,-11.896201749817125,12.082361706783312,-33.01642175330977,-19.74936374252246,24.0248005530075,-56.79579429136415,-7.723291757666265,-0.36247340178463766,-44.161501001774006,33.646181666625736,-25.951945377151734,-37.695209555786306,-6.412801973756667,-9.013253972741182,13.201210995270598,-27.35081798769674,-18.160640420965862,-33.540016656219834,-44.04744385114576,13.966997867175634,25.213660431261825,-17.542637831402555,-27.90505638835085,0.11491299874158503,21.836333028659702,13.005544316696893,-31.143488735591628,26.404759557384796,-28.28345506222364,8.171339778165033,-18.903412072685494,32.31415408649683,27.110232750519568,-39.496115524458965,-10.318298219662495,26.296349520899486,-25.675765426034538,3.4541833972545204,-28.44200143462974,-47.96347502959699,26.332285988480322,-12.020375458613263
0.4460216864939608,0.8776604135093408,1.6332590206325897,-0.1707212598573095,-0.633532248017321,1.1767579076543644,0.6906266826853885,-0.09574141720796575,1.8115525557931476,0.7471268301202263,0.07201002768723676,0.6722865659799331,0.3268276433770256,0.6211015460797634,0.24826362190266238,0.3843283064709301,-0.7271107750810887,-1.0627524405448385,-0.0886157164932781,-1.7503912437483928,-0.9041775908070246,0.07771416335405809,-0.5432330691217933,0.23592789966821376,-0.26446388796675513,-0.691488872880141,1.6813860082275094,0.44446129422596725,0.1326101360115109,-1.3640030653302158,-0.1285049495711256,-0.6506775331881506,-0.5674034224957157,-0.6060614172977745,-1.356522662932288,0.22399873503452866,-0.0777758896943864,-0.20904237231209152,1.6492866028902282,-0.26860421221769043,0.09104178788274032,0.24882213075439588,0.12562463411148006,-0.31566696723584114,1.999812152325965,0.9270003253716498,1.1424337892556358,-2.0994261430697843,1.0713173962238434,-0.13894056130736843,0.3964880312461721,0.5375540850999729,-1.8619229471733647,-1.1038719239616444,1.0170239349617147,-0.019698023683478946
-9.076873609821334,-60.79039005014016,-0.1707212598573095,116.40071486096828,51.677427041488954,103.18019819822098,33.31318464445421,-6.678420247934288,-80.57633389061861,-8.057635199196742,39.78053769817186,-3.387849299604435,-14.8536969092005,-34.513366425254624,23.024304546818165,-22.793006279828642,62.57863505285001,36.91986270520674,-46.119869788656416,107.11400666899752,13.883610021333185,0.8244650521852013,84.17632054838423,-64.18605061873113,49.49058974732767,71.60512092653977,13.850340807941478,17.664686936233842,-25.126984482533786,51.133236227429165,34.628015743738395,63.57059699983392,83.8802007280151,-27.34998938719834,-49.638366234782275,33.83609580857551,53.4751691929656,-0.4078238440996735,-40.245596268718714,-25.12201596871257,59.78815067305126,-50.45430762095354,54.42098530207546,-15.872133544650689,38.08819617478952,-61.05520282685964,-50.87929249521482,73.69251023046981,20.786825320964986,-50.49793591817114,49.553820422404414,-6.114773538110939,52.74199404272493,90.88515946064982,-49.564001964187874,22.996675569082058
-4.197064328831593,-27.295734837748164,-0.633532248017321,51.677427041488954,23.20564516637722,45.42362391843393,14.483688626600145,-2.798827330906436,-36.42210545261336,-3.8105979235926495,17.64336146172817,-1.7423585712607887,-6.683621062589967,-15.5689062926011,10.140078685177091,-10.254266035504017,28.05986753144012,16.701722845602355,-20.438155824943017,48.263075818722896,6.57484291569195,0.2853168408189326,37.50522559533506,-28.665148610256423,22.064284869332873,32.02743320770961,5.554644923812094,7.714336515877785,-11.255740205591708,23.19772141705616,15.483064253532095,28.548292800326895,37.4397904968119,-11.921375415981787,-21.499057234025706,14.94956835065622,23.699916264797135,-0.10710528024097997,-18.51169896808915,-11.112551052956,26.509531214568124,-22.39970172700681,24.022207692425702,-7.024399485642275,16.218940915145414,-27.456969155904478,-23.021282441754803,33.49111451310964,8.835172658795587,-22.405438656132617,21.889214990050288,-2.898118452459144,24.100313818075183,40.745500857623114,-22.299145173055688,10.227804033386676
-7.696401717199085,-53.27340877649718,1.1767579076543644,103.18019819822098,45.42362391843393,92.64605489962227,30.092675347774215,-5.850373655871129,-70.1672705263559,-6.5304002424171355,35.38282999949186,-2.4771975584581427,-12.912435945653808,-30.179785145574996,20.651164808907886,-19.92676782239843,55.03141724804956,31.880689042780276,-40.99504193127742,93.81010936089429,11.750497619389888,0.7529907714573874,74.25305044380889,-56.930551734530376,43.74533912699556,63.04770235849292,13.607961789319072,16.08280914756245,-22.27550644543825,44.35898740276109,30.736464445311643,56.024571202226,74.03303869941344,-24.79125607032556,-45.08192547025741,30.272479199196194,47.36680454321314,-0.507387763586349,-34.49196319761343,-22.57976966016925,53.21338346912752,-44.51480726291466,48.35612175866331,-14.451088847907169,35.45316522214591,-53.554257739580976,-44.362687579750656,63.79784040995965,19.28852095192872,-45.014212649238345,44.370794704987205,-4.97286058688583,45.39167236233231,79.8544412593234,-43.1087185335051,20.3922974357853
-2.3819353349426597,-17.01029217821811,0.6906266826853885,33.31318464445421,14.483688626600145,30.092675347774215,9.912781860438827,-2.044987877419446,-22.258532463729047,-1.9872701231338512,11.420349939910333,-0.6620489651345345,-4.126802364716869,-9.58148891665518,6.705951878741312,-6.3508593639695095,17.58371594756456,10.136713580453371,-13.248363000543339,29.812418182789067,3.5118647987903784,0.31459472380899733,23.903262496745807,-18.227820242207173,14.059242913437911,20.205445328087556,4.730610973153223,5.248052301278035,-7.103031428574116,14.017996039680536,9.822168325852909,17.840708630735474,23.767227064415604,-8.12769861151455,-14.879612402117148,9.804272641161132,15.335956130952601,-0.20590913861395477,-10.727869219036746,-7.281582953765737,17.186971524178396,-14.401534123363119,15.723477205748992,-4.632347946467126,11.825853805137713,-17.06410303883928,-14.049290373211464,20.120289535349436,6.454899369924508,-14.51235393723302,14.36331981854628,-1.5017486130314575,14.236986598132084,25.530079947845408,-13.76747089858393,6.562235312364745
0.4707035840979066,3.374689083219283,-0.09574141720796575,-6.678420247934288,-2.798827330906436,-5.850373655871129,-2.044987877419446,0.6490707970968893,4.344461073524908,0.4446964067330153,-2.251343742457705,0.12706551694343432,0.8532777127080355,1.84976338502848,-1.31405507650828,1.2630115977323781,-3.425164528909232,-2.1087264898460565,2.6506333798650643,-5.746317296159859,-0.4964642288791696,-0.141667729415669,-4.829033724237094,3.4285782749101155,-2.7740357085550387,-3.99018222188659,-0.9607098092028561,-0.9766480438264057,1.3012719474227694,-2.7268839890492584,-1.8120098836199021,-3.36952033162264,-4.700887040897154,1.5936388658868628,3.0572305668185824,-1.8917913067482899,-3.1386363777345427,0.05904589015945437,2.0132298768791594,1.345072410816276,-3.3576441029492265,2.99892509309662,-3.247392267860497,0.750921575500744,-2.2909937452433886,3.290118253213338,2.675262334585105,-3.925911894935034,-1.3083782655503287,2.7872414794398765,-2.7712740781935463,0.3276251850746458,-2.7595437723729623,-5.020144595519544,2.8579912189156262,-1.2996094685189001
6.729115257036526,42.925676443525575,1.8115525557931476,-80.57633389061861,-36.42210545261336,-70.1672705263559,-22.258532463729047,4.344461073524908,57.6731825863391,6.326958151382516,-27.41328663764309,3.0566989603345203,10.595094927460982,24.534712433160085,-15.658042640571603,16.147879504352815,-44.06287552707044,-26.579038702781048,31.740124507547446,-75.96155036226473,-10.712602560470184,-0.4488873287235593,-58.67892679770487,44.74339665134322,-34.492641593512964,-50.234566744621866,-7.755204574537671,-11.786690775788344,17.580287431488127,-36.825449406148,-24.166540782408724,-44.71376996615486,-58.56590788658748,18.292439010920855,32.78532117196441,-23.208958787152984,-36.98159464488599,0.03242194501728635,29.62633303648501,17.138233699442242,-41.288679404118994,35.0358285779477,-37.41155263985534,10.749718339136264,-24.256378364399733,43.26734489389924,36.48262598264474,-53.17565109840394,-13.206989025437233,34.82301065784728,-33.886656440471334,4.756369945498563,-38.46003519713061,-64.00957154968224,35.21959609571178,-15.892073467256228
0.8169763884689845,4.553122412223014,0.7471268301202263,-8.057635199196742,-3.8105979235926495,-6.5304002424171355,-1.9872701231338512,0.4446964067330153,6.326958151382516,0.8937406219928821,-2.6873705649923814,0.5330140856833556,1.1702271438140452,2.6332772268679423,-1.463002701227086,1.7315078881536436,-4.604472516510115,-3.018964689506175,3.1159138238375372,-8.091396710678,-1.3366838274392043,-0.03563451947879427,-6.017246354842015,4.47973279106995,-3.506274385730297,-5.213023862700993,-0.19238198656418776,-1.0037527815866558,1.7669647066197556,-4.108325241029485,-2.4134071065774685,-4.617914069287317,-5.994184423046706,1.604247429008007,2.8023173782161717,-2.216869495678147,-3.71187057730478,-0.06740931077321365,3.4781088455547784,1.5857976702798866,-4.0551961126739515,3.585469830209154,-3.6929796917198763,0.9242283596549251,-1.7086926810620897,4.591694720510155,3.9912752609148763,-5.974767289330608,-0.9457534579354449,3.3869082012943834,-3.2079836866581086,0.6588593827505504,-4.437322585459376,-6.714005070456448,3.860671696272427,-1.5777428260241357
-3.0796020139497333,-20.728805191531237,0.07201002768723676,39.78053769817186,17.64336146172817,35.38282999949186,11.420349939910333,-2.251343742457705,-27.41328663764309,-2.6873705649923814,13.618987010352322,-1.1063476619202302,-5.043766671004501,-11.768460075207702,7.89706422845615,-7.769221725387027,21.352734760635922,12.52237587865036,-15.788685689384494,36.54073035510582,4.6978073113688135,0.2652821113586587,28.734441410557817,-21.959463359256166,16.906432589018646,24.433491021559682,4.876393589806956,6.083542876325898,-8.600245434304082,17.38492425532916,11.851673208675724,21.73185218662478,28.650528978456304,-9.391852843124632,-17.069242646732427,11.582502713434906,18.259178462673585,-0.16181929863367595,-13.660674976339628,-8.633190551165667,20.444064861286403,-17.209572797253283,18.585191533470038,-5.481417146281234,13.182825408895859,-20.807745067464673,-17.30914525632492,25.05973410711181,7.190566900689734,-17.290416549563425,16.986419712832976,-2.0546452772939143,17.904862334183125,31.001270830853638,-16.862103864953138,7.876539541790936
0.4408521571805336,2.095580186496944,0.6722865659799331,-3.387849299604435,-1.7423585712607887,-2.4771975584581427,-0.6620489651345345,0.12706551694343432,3.0566989603345203,0.5330140856833556,-1.1063476619202302,0.3740395081707462,0.5563344407474384,1.2451895376940227,-0.5566960899083008,0.8077616471185538,-2.0930861731576478,-1.483104097473037,1.275510284539819,-3.792238035320976,-0.7913631416511678,0.014255983517670694,-2.6179112526241304,1.9495532543406464,-1.5237980628721937,-2.332070488818945,0.30150674914632397,-0.3285103879342917,0.7829366603242354,-2.0280552016979256,-1.0560324616991934,-2.0970500191046306,-2.6289333324654547,0.53597288562828,0.8474881286854181,-0.8826385014517633,-1.5509593301159446,-0.07817201702423614,1.8381962822968596,0.6157744874186083,-1.6790161335292328,1.5296267380242419,-1.4928128797630915,0.33982765367737383,-0.2716132808993715,2.138003911692464,1.9387516118809267,-2.972861344326837,-0.14923143274754105,1.3951259652502752,-1.2605515344650728,0.3907168709241865,-2.278565019539689,-3.054577430456473,1.8188316254945593,-0.6622002912326274
1.2314230420027732,7.895030335015545,0.3268276433770256,-14.8536969092005,-6.683621062589967,-12.912435945653808,-4.126802364716869,0.8532777127080355,10.595094927460982,1.1702271438140452,-5.043766671004501,0.5563344407474384,1.957728953035563,4.5001393073049964,-2.8819180934216697,2.9695045823195905,-8.095643049850912,-4.908469284000007,5.846460269691293,-13.931748637916263,-1.9265410979222015,-0.10381768832978364,-10.819228355319945,8.199170363732154,-6.347142378715173,-9.242907847477579,-1.443292299810631,-2.1617433816682827,3.213489262201777,-6.760079101354743,-4.421269809020221,-8.187513518408867,-10.775605962495964,3.3744043407509787,6.070628516332942,-4.2703460662921575,-6.833161589638522,0.008475205974014625,5.414638238037436,3.135685509095516,-7.6001946349280285,6.481611262223839,-6.9239120892825445,1.9460463067817073,-4.47564439323139,7.945441733696607,6.692097006705679,-9.756805815213044,-2.446729731055646,6.3966421047444175,-6.228905481942218,0.8739032612761981,-7.051949982348361,-11.769752011484531,6.500350718080816,-2.9214209480145517
2.8559672872057043,18.326867878404187,0.6211015460797634,-34.513366425254624,-15.5689062926011,-30.179785145574996,-9.58148891665518,1.84976338502848,24.534712433160085,2.6332772268679423,-11.768460075207702,1.2451895376940227,4.5001393073049964,10.469378776884199,-6.73864079215019,6.891466343524232,-18.820368466740337,-11.275308482005295,13.630821095538067,-32.433540928053546,-4.504619148287095,-0.1788594755889614,-25.09844621330515,19.16790067621431,-14.760433853876592,-21.463044876806755,-3.5018024599628155,-5.096841833454251,7.532306751404574,-15.65238341181972,-10.354370550369111,-19.13983664286971,-25.060442714296023,7.884033666088822,14.182001056483907,-9.952937302995371,-15.826465843342225,0.04541477562858609,12.560881651567998,7.387499744540636,-17.685425156671084,14.97813773812865,-16.01589300788539,4.6548163338694835,-10.58356724370121,18.443292228357436,15.509253033248438,-22.613200272462183,-5.765818654082,14.941083995005469,-14.564760130623057,1.999254674781681,-16.31591986296587,-27.333388765114247,15.005113054383596,-6.829406963601681
-1.7252359318613821,-11.896201749817125,0.24826362190266238,23.024304546818165,10.140078685177091,20.651164808907886,6.705951878741312,-1.31405507650828,-15.658042640571603,-1.463002701227086,7.89706422845615,-0.5566960899083008,-2.8819180934216697,-6.73864079215019,4.606009539309059,-4.4511965067032815,12.27997443768767,7.121472718109487,-9.153846458542416,20.945346769841223,2.613428018565548,0.16552983969474458,16.576347089828236,-12.69477960457835,9.761297665358239,14.069184448034278,3.032424310947027,3.5815442837366773,-4.966691517151148,9.90195506697256,6.851944272836461,12.505408210764946,16.524837740175357,-5.520571625553566,-10.056502653135198,6.742963360924836,10.569242370249823,-0.11722794604954613,-7.705828994966476,-5.034725790567303,11.860873031756745,-9.938024942659682,10.785660205844826,-3.2163348575646795,7.8910086279787075,-11.943356067156712,-9.89092612750264,14.25150883210666,4.299093326573594,-10.036442411911866,9.892297238925405,-1.1195931668407473,10.138797031152388,17.821909782276258,-9.63622638250517,4.556813857585188
1.8772846120581803,12.082361706783312,0.3843283064709301,-22.793006279828642,-10.254266035504017,-19.92676782239843,-6.3508593639695095,1.2630115977323781,16.147879504352815,1.7315078881536436,-7.769221725387027,0.8077616471185538,2.9695045823195905,6.891466343524232,-4.4511965067032815,4.542957756680054,-12.399738994214463,-7.437916140014403,9.005795600178775,-21.351416854747345,-2.9214691641855843,-0.13155914138676925,-16.573424606767055,12.618486840236994,-9.73679738411469,-14.152315823370156,-2.350706439079896,-3.362937585620975,4.952356502870306,-10.296673474683697,-6.810506257750858,-12.59653384283438,-16.531563673898987,5.212762399625548,9.407926352637517,-6.56491107479995,-10.461887564152285,0.038175395789104255,8.24123835056734,4.866733258660191,-11.666972068106332,9.906357263228726,-10.595380717796786,3.0519873930747834,-7.0175074672482145,12.140022974824547,10.195424659844267,-14.877094487412108,-3.8329724477557416,9.851103207933665,-9.610177922983928,1.315055753752263,-10.723687357341754,-18.015442699634406,9.907810337438574,-4.509377416235914
-5.056387269080508,-33.01642175330977,-0.7271107750810887,62.57863505285001,28.05986753144012,55.03141724804956,17.58371594756456,-3.425164528909232,-44.06287552707044,-4.604472516510115,21.352734760635922,-2.0930861731576478,-8.095643049850912,-18.820368466740337,12.27997443768767,-12.399738994214463,33.9504124565637,20.216049272364046,-24.732754845635096,58.34342507231178,7.928053258620022,0.37230385274537714,45.40372356886693,-34.68053692046276,26.706885775795346,38.76342856010988,6.75287174464676,9.346364068018673,-13.610133374697531,28.052317697382428,18.728726852048887,34.505320531129826,45.305893251011526,-14.46322126074705,-26.071731883760975,18.120174527844462,28.716489414432502,-0.12458457832673463,-22.34667808699932,-13.44117962815053,32.11818173281275,-27.138140820716448,29.127534453966494,-8.487624101676358,19.690619730586437,-33.230334535149794,-27.858355873904618,40.473921512154774,10.723767501558445,-27.125787312599606,26.507781071072465,-3.4853687282716135,29.121729525141987,49.302287540468434,-26.97474794999302,12.364192807320771
-3.134211688852461,-19.74936374252246,-1.0627524405448385,36.91986270520674,16.701722845602355,31.880689042780276,10.136713580453371,-2.1087264898460565,-26.579038702781048,-3.018964689506175,12.52237587865036,-1.483104097473037,-4.908469284000007,-11.275308482005295,7.121472718109487,-7.437916140014403,20.216049272364046,12.350346180519685,-14.519163627635777,34.88138730449814,4.908587835757151,0.23960003021730666,26.960341174488693,-20.395467487066576,15.804557748795832,23.059478109491042,3.3408864741883733,5.298943593881132,-7.999958187891198,16.99307899396567,10.996720733615813,20.443995168156714,26.855978747985368,-8.279885001757513,-14.879179580131227,10.559782311901529,16.980578435391884,0.0029829541787686218,-13.702453118381476,-7.749966007730025,18.84842639865071,-16.13742477879452,17.16907385360814,-4.784046521362567,10.807128015314575,-19.8615738664896,-16.77701060943696,24.560139213504854,5.917716372490382,-15.8616078453103,15.407267839854525,-2.260947092195067,17.79886788456607,29.399582821956656,-16.311583566863593,7.270033439564221
3.5716695085619823,24.0248005530075,-0.0886157164932781,-46.119869788656416,-20.438155824943017,-40.99504193127742,-13.248363000543339,2.6506333798650643,31.740124507547446,3.1159138238375372,-15.788685689384494,1.275510284539819,5.846460269691293,13.630821095538067,-9.153846458542416,9.005795600178775,-24.732754845635096,-14.519163627635777,18.31403677690095,-42.32416180402568,-5.3966719931158345,-0.3151675047854369,-33.31934153731578,25.418723216561446,-19.591922921939588,-28.310656521118176,-5.678410842984539,-7.043165851160386,9.949832583000985,-20.12796231755659,-13.712147693483967,-25.165613486851587,-33.206874973501556,10.881349894778936,19.81808974438191,-13.409509024359354,-21.175953379816903,0.19804053261578114,15.805671746468704,9.995852383317029,-23.67835327862441,19.968091456297046,-21.5559092103575,6.329508325302125,-15.284208754106338,24.08552807370318,20.02272336020193,-29.025311657557268,-8.350661199907872,20.02498573073933,-19.677641755035737,2.388177611870533,-20.728715371783256,-35.91695812938568,19.56515009140184,-9.137679455514451
-8.819175833465069,-56.79579429136415,-1.7503912437483928,107.11400666899752,48.263075818722896,93.81010936089429,29.812418182789067,-5.746317296159859,-75.96155036226473,-8.091396710678,36.54073035510582,-3.792238035320976,-13.931748637916263,-32.433540928053546,20.945346769841223,-21.351416854747345,58.34342507231178,34.88138730449814,-42.32416180402568,100.49680082671667,13.886966239703993,0.55945926356545606,77.84911774146434,-59.478233607030354,45.79021384102077,66.54913571397431,11.054965690977108,15.870606660004405,-23.369651846966327,48.439559002186904,32.13028282430864,59.349804185981085,77.73167674374619,-24.536914775259692,-44.16896692492139,30.917704085014705,49.1154027024421,-0.16527363259694136,-38.816189366457266,-22.964586017011186,54.905287359253755,-46.463361870379366,49.72293217048415,-14.488019317924438,33.0697920349266,-57.14891032588061,-48.017217887315965,69.97082827764997,18.01433219281065,-46.39565153476061,45.255295685013635,-6.149152930814192,50.446994429825565,84.72789667957518,-46.46726312927887,21.2003921747889
-1.3216799919206368,-7.723291757666265,-0.9041775908070246,13.883610021333185,6.57484291569195,11.750497619389888,3.5118647987903784,-0.4964642288791696,-10.712602560470184,-1.3366838274392043,4.6978073113688135,-0.7913631416511678,-1.9265410979222015,-4.504619148287095,2.613428018565548,-2.9214691641855843,7.928053258620022,4.908587835757151,-5.3966719931158345,13.886966239703993,2.3867565057359084,-0.011336783384981827,10.234454556868096,-7.966606649767117,6.056594650382137,8.939399627276616,0.6497749274715148,1.917717290225033,-3.17438343357364,6.923441961421197,4.335626384864111,8.085364368024775,10.310553020201993,-2.945760635969785,-5.021340652478336,3.974904375193744,6.321877735107532,0.10210925501478933,-5.834623150668337,-2.9297923934016232,7.142544895119791,-6.007732770401586,6.298469281766023,-1.875841607127258,3.4599117770585166,-7.912796858232913,-6.8480116979053625,10.016419008148805,1.8314136515710018,-6.0301332222081125,5.755803070037953,-0.9891530417067412,7.399394528452776,11.492245544743962,-6.333562288127082,2.730965283133835
-0.02486887520568806,-0.36247340178463766,0.07771416335405809,0.8244650521852013,0.2853168408189326,0.7529907714573874,0.31459472380899733,-0.141667729415669,-0.4488873287235593,-0.03563451947879427,0.2652821113586587,0.014255983517670694,-0.10381768832978364,-0.1788594755889614,0.16552983969474458,-0.13155914138676925,0.37230385274537714,0.23960003021730666,-0.3151675047854369,0.55945926356545606,-0.011336783384981827,0.051947945351997496,0.5796998991105189,-0.36646601342424967,0.32289655024774977,0.4552973182152298,0.1801119486391825,0.1262529024120755,-0.12686587813751907,0.2648421156608402,0.18588713973618162,0.3224942446002346,0.5353851820459081,-0.23066915231757984,-0.449985178941079,0.24623734517629625,0.4100439619902351,-0.009278824746112356,-0.1364990407024144,-0.14575348644192954,0.4230460610779404,-0.3910614056742407,0.4499387051351233,-0.06326998833244026,0.3626469049483378,-0.3566888463176128,-0.27414544436621985,0.3565796987518158,0.2090319637290923,-0.329475759292777,0.34082043523466193,-0.010620678620710252,0.23591741395325128,0.5536446182492014,-0.3185642975287906,0.14012321369319242
-6.678098240572226,-44.161501001774006,-0.5432330691217933,84.17632054838423,37.50522559533506,74.25305044380889,23.903262496745807,-4.829033724237094,-58.67892679770487,-6.017246354842015,28.734441410557817,-2.6179112526241304,-10.819228355319945,-25.09844621330515,16.576347089828236,-16.573424606767055,45.40372356886693,26.960341174488693,-33.31934153731578,77.84911774146434,10.234454556868096,0.5796998991105189,60.98610656633235,-46.42665394199293,35.83352151843554,51.9225432579857,9.593505665555675,12.645845689548066,-18.181784562233013,37.29263684259061,25.04280324170972,46.0983763486705,60.76856350199106,-19.605052024425117,-35.54620173301325,24.383923614151684,38.67490702019786,-0.24862092133540364,-29.495387790529055,-18.080074439096286,43.17246541548196,-36.5422051078373,39.30621319301862,-11.373684449646241,27.011316582389405,-44.342554570748355,-37.03838290632499,53.78994010727019,14.756725400271625,-36.44866170370917,35.703147796865764,-4.564079241500427,38.58378376618974,65.95946437488152,-36.099178032078754,16.632181224786525
5.060782958992359,33.646181666625736,0.23592789966821376,-64.18605061873113,-28.665148610256423,-56.930551734530376,-18.227820242207173,3.4285782749101155,44.74339665134322,4.47973279106995,-21.959463359256166,1.9495532543406464,8.199170363732154,19.16790067621431,-12.69477960457835,12.618486840236994,-34.68053692046276,-20.395467487066576,25.418723216561446,-59.478233607030354,-7.966606649767117,-0.36646601342424967,-46.42665394199293,35.638290820922904,-27.357048078272157,-39.612559348951415,-7.4314499192281485,-9.763866029333439,13.99069248169253,-28.426757268301834,-19.262627621112692,-35.326585569552066,-46.36819660160661,15.04477370412924,27.134255072547607,-18.702166915280895,-29.422612486541176,0.18277866423610048,22.511549166620973,13.934170792213596,-33.03795790334986,27.728364190164523,-29.889787234569,8.893736850655916,-20.850656437932265,33.89519428473916,28.3208616369487,-40.97013316838198,-11.32276651291158,27.94537907875777,-27.381592992139332,3.4044719609607,-29.381170517014624,-50.32543526459925,27.3381466772998,-12.694941170875264
-3.9146711258970983,-25.951945377151734,-0.26446388796675513,49.49058974732767,22.064284869332873,43.74533912699556,14.059242913437911,-2.7740357085550387,-34.492641593512964,-3.506274385730297,16.906432589018646,-1.5237980628721937,-6.347142378715173,-14.760433853876592,9.761297665358239,-9.73679738411469,26.706885775795346,15.804557748795832,-19.591922921939588,45.79021384102077,6.056594650382137,0.32289655024774977,35.83352151843554,-27.357048078272157,21.07566413557279,30.530076894679055,5.677376330501603,7.469060200474188,-10.722136594672952,21.91732116386099,14.766809951460806,27.143765837755094,35.733044042935866,-11.556122707200378,-20.91308394805142,14.367854852645214,22.72171323986755,-0.1442788647985131,-17.33793814694482,-10.66917372129721,25.416575456935558,-21.448780749909584,23.09134269899991,-6.74587325848695,15.95806209468768,-26.0899655337502,-21.79381767730037,31.601739548486215,8.699530223498442,-21.470826345309113,21.03478536056548,-2.6597050878432817,22.66519758790892,38.78310342928507,-21.168990773912782,9.78025308894347
-5.742071599810636,-37.695209555786306,-0.691488872880141,71.60512092653977,32.02743320770961,63.04770235849292,20.205445328087556,-3.99018222188659,-50.234566744621866,-5.213023862700993,24.433491021559682,-2.332070488818945,-9.242907847477579,-21.463044876806755,14.069184448034278,-14.152315823370156,38.76342856010988,23.059478109491042,-28.310656521118176,66.54913571397431,8.939399627276616,0.4552973182152298,51.9225432579857,-39.612559348951415,30.530076894679055,44.28566382021961,7.8845872815467315,10.71907076402671,-15.533027604315423,31.959081703565438,21.383264867887785,39.37497330855309,51.78204362236655,-16.60216146953479,-29.98208510246401,20.743167571202846,32.87623909607625,-0.16466419672670582,-25.38665330756516,-15.377832057059704,36.7483797522042,-31.065404972441545,33.37504761453512,-9.697425047848636,22.701465280831368,-37.91565871643639,-31.745838592962475,46.09825198484599,12.375364795485742,-31.027753194008238,30.347527340819774,-3.944042934926659,33.13275388966044,56.299128634343134,-30.801097379517213,14.142165733228097
-0.6428710610594343,-6.412801973756667,1.6813860082275094,13.850340807941478,5.554644923812094,13.607961789319072,4.730610973153223,-0.9607098092028561,-7.755204574537671,-0.19238198656418776,4.876393589806956,0.30150674914632397,-1.443292299810631,-3.5018024599628155,3.032424310947027,-2.350706439079896,6.75287174464676,3.3408864741883733,-5.678410842984539,11.054965690977108,0.6497749274715148,0.1801119486391825,9.593505665555675,-7.4314499192281485,5.677376330501603,7.8845872815467315,3.4668069391691,2.5748366184264655,-2.8613500316716936,4.701420214859518,3.9977655782297346,6.960621837118627,9.514371710699812,-3.9040170912710863,-7.439832239222665,4.268518350143453,6.367053067016267,-0.291083630957937,-3.09847228695889,-3.2942283843630893,7.248188330159227,-5.842238439919942,6.686420999444809,-2.2074093546943074,6.6635470468561,-6.324785743190196,-4.859790265863158,6.671813233880465,3.642665672818251,-6.196645126640566,6.359139789338938,-0.19776780765444207,4.382152111615827,9.770623605892112,-4.951503759665628,2.774206592530265
-1.2571076440025526,-9.013253972741182,0.44446129422596725,17.664686936233842,7.714336515877785,16.08280914756245,5.248052301278035,-0.9766480438264057,-11.786690775788344,-1.0037527815866558,6.083542876325898,-0.3285103879342917,-2.1617433816682827,-5.096841833454251,3.5815442837366773,-3.362937585620975,9.346364068018673,5.298943593881132,-7.043165851160386,15.870606660004405,1.917717290225033,0.1262529024120755,12.645845689548066,-9.763866029333439,7.469060200474188,10.71907076402671,2.5748366184264655,2.833906451578317,-3.820426023344148,7.421664939517739,5.277121641271615,9.547125878868975,12.62181103193153,-4.342770062398652,-7.91287173145533,5.233387663514187,8.098100343905411,-0.1149945304052272,-5.6989243190368075,-3.9296085646063297,9.149359750412444,-7.576822541474522,8.291145388819345,-2.5530889778632853,6.379727410446008,-9.068221455709848,-7.462630109861604,10.653561875295331,3.459432714186595,-7.757500351061902,7.6821484719624555,-0.7713837124636426,7.5293005463583595,13.547402352539903,-7.2284175882633095,3.497123369289944
1.9964378314161897,13.201210995270598,0.1326101360115109,-25.126984482533786,-11.255740205591708,-22.27550644543825,-7.103031428574116,1.3012719474227694,17.580287431488127,1.7669647066197556,-8.600245434304082,0.7829366603242354,3.213489262201777,7.532306751404574,-4.966691517151148,4.952356502870306,-13.610133374697531,-7.999958187891198,9.949832583000985,-23.369651846966327,-3.17438343357364,-0.12686587813751907,-18.181784562233013,13.99069248169253,-10.722136594672952,-15.533027604315423,-2.8613500316716936,-3.820426023344148,5.499214067154321,-11.177389897450919,-7.567421200398071,-13.881050273546654,-18.176151647569444,5.874795287867286,10.57110363461499,-7.322538231605465,-11.506794954792564,0.0645223188245651,8.881071004939127,5.465338756347538,-12.938997532741256,10.841803110021631,-11.677421519262259,3.5005430407872873,-8.1153939616209545,13.31072014166705,11.13583984010694,-16.114540502722896,-4.3996599247622905,10.952393945823307,-10.722353132260633,1.3454940973656702,-11.568146374588906,-19.744111866709027,10.715848497726133,-4.974440761297112
-4.33230853851083,-27.35081798769674,-1.3640030653302158,51.133236227429165,23.19772141705616,44.35898740276109,14.017996039680536,-2.7268839890492584,-36.825449406148,-4.108325241029485,17.38492425532916,-2.0280552016979256,-6.760079101354743,-15.65238341181972,9.90195506697256,-10.296673474683697,28.052317697382428,16.99307899396567,-20.12796231755659,48.439559002186904,6.923441961421197,0.2648421156608402,37.29263684259061,-28.426757268301834,21.91732116386099,31.959081703565438,4.701420214859518,7.421664939517739,-11.177389897450919,23.54349340306295,15.355761559912533,28.469579796101126,37.232137004553486,-11.520361663626176,-20.61427297557027,14.690674837887075,23.46133065806343,0.004312489887711469,-19.023359965647266,-10.845438513575939,26.1762836061537,-22.248394836686874,23.701475364928054,-6.78959701396433,15.123764089631264,-27.57020577411746,-23.293701735201402,34.020560620869766,8.236008406245604,-22.076750876866093,21.44823527519612,-3.0909588610428296,24.650019392251945,40.754955777100065,-22.473917856519524,10.090239593584824
-2.7326578313981273,-18.160640420965862,-0.1285049495711256,34.628015743738395,15.483064253532095,30.736464445311643,9.822168325852909,-1.8120098836199021,-24.166540782408724,-2.4134071065774685,11.851673208675724,-1.0560324616991934,-4.421269809020221,-10.354370550369111,6.851944272836461,-6.810506257750858,18.728726852048887,10.996720733615813,-13.712147693483967,32.13028282430864,4.335626384864111,0.18588713973618162,25.04280324170972,-19.262627621112692,14.766809951460806,21.383264867887785,3.9977655782297346,5.277121641271615,-7.567421200398071,15.355761559912533,10.417077802182735,19.092187470430652,25.02685523902335,-8.11982376357155,-14.619587815637873,10.100994253684012,15.863823654304536,-0.09405851383021055,-12.173531484494948,-7.533289553889524,17.83795738374034,-14.94291957657987,16.110672076792795,-4.823934756421978,11.251501162781121,-18.311962751903994,-15.307807831400742,22.12884668225425,6.100569616319363,-15.094622578197255,14.78693449820706,-1.8343576326977387,15.87433195419593,27.17034658071429,-14.73720904117377,6.850141985779465
-5.142091343750666,-33.540016656219834,-0.6506775331881506,63.57059699983392,28.548292800326895,56.024571202226,17.840708630735474,-3.36952033162264,-44.71376996615486,-4.617914069287317,21.73185218662478,-2.0970500191046306,-8.187513518408867,-19.13983664286971,12.505408210764946,-12.59653384283438,34.505320531129826,20.443995168156714,-25.165613486851587,59.349804185981085,8.085364368024775,0.3224942446002346,46.0983763486705,-35.326585569552066,27.143765837755094,39.37497330855309,6.960621837118627,9.547125878868975,-13.881050273546654,28.469579796101126,19.092187470430652,35.16074460552018,46.052299224316386,-14.714650355350281,-26.528926967386404,18.42336923553163,29.128125717551814,-0.1477853424250215,-22.71048544110995,-13.734643287528337,32.63975154419743,-27.50325578309123,29.52247651505091,-8.726642332141536,20.120568435182538,-33.748997637701386,-28.275815821020256,41.10200631979246,10.945091332744198,-27.615265459390187,26.9947264014989,-3.5262796757174977,29.553512260562943,50.08651747027495,-27.34021184673052,12.598609785612496
-6.673941912604164,-44.04744385114576,-0.5674034224957157,83.8802007280151,37.4397904968119,74.03303869941344,23.767227064415604,-4.700887040897154,-58.56590788658748,-5.994184423046706,28.650528978456304,-2.6289333324654547,-10.775605962495964,-25.060442714296023,16.524837740175357,-16.531563673898987,45.305893251011526,26.855978747985368,-33.206874973501556,77.73167674374619,10.310553020201993,0.5353851820459081,60.76856350199106,-46.36819660160661,35.733044042935866,51.78204362236655,9.514371710699812,12.62181103193153,-18.176151647569444,37.232137004553486,25.02685523902335,46.052299224316386,60.599456454679185,-19.529795727906308,-35.35201129544075,24.3175446345623,38.507077467544335,-0.23827318054379484,-29.50014607207311,-18.06261255221198,43.04768255883044,-36.36700839069434,39.112913815315736,-11.405889961317092,26.894074502742733,-44.26154144382873,-36.99182368127479,53.70848679158327,14.67035539757023,-36.3682269942153,35.612546976673805,-4.554899305233641,38.54024931384811,65.79797682520181,-35.959101814691564,16.586812883544116
1.9519276430780834,13.966997867175634,-0.6060614172977745,-27.34998938719834,-11.921375415981787,-24.79125607032556,-8.12769861151455,1.5936388658868628,18.292439010920855,1.604247429008007,-9.391852843124632,0.53597288562828,3.3744043407509787,7.884033666088822,-5.520571625553566,5.212762399625548,-14.46322126074705,-8.279885001757513,10.881349894778936,-24.536914775259692,-2.945760635969785,-0.23066915231757984,-19.605052024425117,15.04477370412924,-11.556122707200378,-16.60216146953479,-3.9040170912710863,-4.342770062398652,5.874795287867286,-11.520361663626176,-8.11982376357155,-14.714650355350281,-19.529795727906308,6.695013243563374,12.209836586959582,-8.079858581718382,-12.567352593249367,0.16576270572711518,8.834731898603971,6.02432765116449,-14.144687307897575,11.780482259429043,-12.877123688695166,3.8726945660776124,-9.76745141508098,14.044744662762724,11.570051269789587,-16.529210039751653,-5.310298230045699,11.962049104656373,-11.83821957087563,1.2157344446054192,-11.697134630829456,-20.981739592203468,11.254085331594432,-5.393760710577488
3.4924466065448536,25.213660431261825,-1.356522662932288,-49.638366234782275,-21.499057234025706,-45.08192547025741,-14.879612402117148,3.0572305668185824,32.78532117196441,2.8023173782161717,-17.069242646732427,0.8474881286854181,6.070628516332942,14.182001056483907,-10.056502653135198,9.407926352637517,-26.071731883760975,-14.879179580131227,19.81808974438191,-44.16896692492139,-5.021340652478336,-0.449985178941079,-35.54620173301325,27.134255072547607,-20.91308394805142,-29.98208510246401,-7.439832239222665,-7.91287173145533,10.57110363461499,-20.61427297557027,-14.619587815637873,-26.528926967386404,-35.35201129544075,12.209836586959582,22.4822363166357,-14.622579576453225,-22.82991368253543,0.3781983826203864,15.68833251908076,10.934760092769261,-25.595728071362952,21.412720625250774,-23.422419267700832,6.9860507051054705,-18.026831570704093,25.21348446795306,20.659164932801815,-29.61341386189298,-9.855322974734632,21.66108861151349,-21.494251744833015,2.1603313395261754,-20.860653414263325,-37.84641586934622,20.355871722085663,-9.825266232490268
-2.556112203280448,-17.542637831402555,0.22399873503452866,33.83609580857551,14.94956835065622,30.272479199196194,9.804272641161132,-1.8917913067482899,-23.208958787152984,-2.216869495678147,11.582502713434906,-0.8826385014517633,-4.2703460662921575,-9.952937302995371,6.742963360924836,-6.56491107479995,18.120174527844462,10.559782311901529,-13.409509024359354,30.917704085014705,3.974904375193744,0.24623734517629625,24.383923614151684,-18.702166915280895,14.367854852645214,20.743167571202846,4.268518350143453,5.233387663514187,-7.322538231605465,14.690674837887075,10.100994253684012,18.42336923553163,24.3175446345623,-8.079858581718382,-14.622579576453225,9.922770655246218,15.536298331709757,-0.1316317916117685,-11.475167881190417,-7.373934402653619,17.460049856432637,-14.61055703348072,15.847938856179496,-4.713577422775389,11.427240252931952,-17.67667764507274,-14.693252550238215,21.119307227311754,6.205813271330919,-14.752947682322802,14.513098496074953,-1.6703367143884156,15.072574035883745,26.293779404295144,-14.211473842532909,6.669126232314879
-4.157204938786698,-27.90505638835085,-0.0777758896943864,53.4751691929656,23.699916264797135,47.36680454321314,15.335956130952601,-3.1386363777345427,-36.98159464488599,-3.71187057730478,18.259178462673585,-1.5509593301159446,-6.833161589638522,-15.826465843342225,10.569242370249823,-10.461887564152285,28.716489414432502,16.980578435391884,-21.175953379816903,49.1154027024421,6.321877735107532,0.4100439619902351,38.67490702019786,-29.422612486541176,22.72171323986755,32.87623909607625,6.367053067016267,8.098100343905411,-11.506794954792564,23.46133065806343,15.863823654304536,29.128125717551814,38.507077467544335,-12.567352593249367,-22.82991368253543,15.536298331709757,24.590186863665128,-0.18659730546235426,-18.43278168696166,-11.505552256985583,27.456230776554186,-23.211774396556738,25.041494048663456,-7.240692845894789,17.49310688156796,-28.017309459316685,-23.341716754488452,33.8011227410112,9.558051887011247,-23.167970758347742,22.739129133935396,-2.8053355586931388,24.188548429442058,41.718290802678275,-22.78238067228046,10.549334026936156
