V1,V2,V3,V4,V5,V6,V7,V8,V9,V10,V11,V12,V13,V14,V15,V16,V17,V18,V19,V20,V21,V22,V23,V24,V25,V26,V27,V28,V29,V30,V31,V32,V33,V34,V35,V36,V37,V38,V39,V40,V41,V42,V43,V44,V45,V46,V47,V48,V49,V50,V51,V52,V53,V54,V55,V56
1.3608178708660836,1.1086561191478281,0.13529738451384032,0.08951513733056551,-1.187196247166574,1.4390080038673005,1.7408727475523758,-0.23207629701729263,-1.981267366277603,-0.4318924527513084,-1.1010589655050298,-0.21353484126974398,-0.7617146786959205,0.7943082689515368,-0.28921274433824534,0.6645710094076861,0.1876351004726083,0.9167119907881933,2.013131115182826,-2.7218076417006754,1.741864099801738,1.469868423837325,-0.5988920875057231,-0.1936603245090933,-0.03134485579632114,0.4297252557668453,-2.1539078437803103,0.1843289454378927,0.13888067660144962,0.7301754347045039,0.2200647088599418,-2.312530815213312,-1.0880294760050602,-1.4621696758682232,1.0634082389670219,1.9739958054119824,0.9298601182360827,1.3347731913188812,0.8793814559568296,0.9001646191396961,2.3831376884903293,-0.40265705389296014,2.0862235983268334,0.4671458443881943,0.5056418495504771,-2.1709053081196705,-2.8844440387998143,-1.3931608350754914,-0.6708560480212578,-0.4504638860613055,0.2701926020212977,1.3520764612507448,-0.15578619259216786,0.13544493692939769,1.5123677843742152,-1.9577413494572509
1.1086561191478281,1.6943809804801138,0.11094782003206523,-1.6531289133431575,-1.6146726222590742,-0.4861485044222097,0.7568051661536985,-0.06934168790204046,-0.21244333811568628,-0.18422210209153966,-1.3721198510571901,-0.09761679210509153,-0.322659633123681,1.0807189080484012,-0.5442926342738187,0.8131326385929222,-0.7947330227672255,0.10270306062001988,2.1162495838804896,-3.5363859463078424,1.0305339813334713,1.0382341018059098,-1.6721692547074294,0.8110926115823454,-0.7542132194623271,-0.7543951067930669,-1.7291081126635839,-0.12594071341387714,0.47150699946600366,-0.24325905514940507,-0.35520446077490236,-2.5941426970296093,-2.0178984578012313,-0.6447539081449087,1.4802608621937259,0.9113951962259168,-0.12484746657232236,0.9573370800846768,1.233978011329794,1.011866252545155,0.8199155422118208,0.45759576599860424,0.688637405587919,0.5662422981487738,-0.18646853316319767,-0.64187471865906,-1.2996639595516521,-2.0972911089495314,-0.7773103223122904,0.4226681363870062,-0.5353370986037861,1.0593318226908122,-0.9030981338910489,-1.2519253942423594,1.8170939571642302,-1.736697890434416
0.13529738451384032,0.11094782003206523,0.013850437171707655,0.008737836058080952,-0.11784803119872554,0.14254802602337152,0.16917163458293857,-0.021172769566361823,-0.1961187204048579,-0.04188407522148178,-0.10912379516435652,-0.022140081076090598,-0.07608588923897802,0.07771663598011024,-0.029281197973523108,0.06450037385397377,0.017001916100005746,0.08945141695057712,0.19890877573695304,-0.26935976805568274,0.1711529649194017,0.14539456852161559,-0.06012588913543325,-0.01961901840754293,-0.003715455319609779,0.041243192441326404,-0.21228984405624515,0.0188519125214471,0.015031668151142505,0.07121727918925695,0.022891200937794804,-0.229223428988479,-0.10893881163372691,-0.14371097678556727,0.10527858092700812,0.19405991876131323,0.0899189862376107,0.13329827339083258,0.08587175584949015,0.09042602888951601,0.2350454780314012,-0.037850592234491484,0.20607416855269953,0.045677288642020634,0.048085235758239635,-0.21373539935731367,-0.28509617612408894,-0.13994029126336652,-0.06668537420591941,-0.04391256304451668,0.0268817432640552,0.13543392757619924,-0.015757352382369274,0.012444350419740475,0.14997710460523872,-0.19310423484225453
0.08951513733056551,-1.6531289133431575,0.008737836058080952,3.783237838779676,1.3373059779189718,3.715797580908321,1.5380903084421629,-0.27233911298005975,-3.1885832911493015,-0.38969503549531026,0.9688830009057156,-0.18694881637096514,-0.7052195507974092,-0.9031080106287066,0.6522876572838455,-0.561292369721621,2.072380948109494,1.4612887621438153,-0.9183990634660197,2.7094861712842997,0.9445652322033967,0.44261756876354136,2.5503682184771104,-2.1287709372351475,1.5876134872535543,2.43412297365527,-0.18451453144099322,0.6176547898636774,-0.7632509486401202,1.8706235619801619,1.1861536533775063,1.4007568439314406,2.3983570258330054,-1.2799996971256167,-1.2796396383919786,1.6378348486459533,1.9778119314975815,0.37564548924666874,-1.081029857348863,-0.5407890476185886,2.5961810246203765,-1.735236950947172,2.344100556872859,-0.3752363615759269,1.3262299015617054,-2.590658140684261,-2.472463006814322,2.0019680989609268,0.46183658592183635,-1.7484497044780625,1.6681608238708832,0.18695387578221515,1.6838585362067549,2.980928804645546,-1.1869435709790819,0.19161227345411488
-1.187196247166574,-1.6146726222590742,-0.11784803119872554,1.3373059779189718,1.5671376777549517,0.10384804987037631,-0.9839688564825843,0.10799850503571808,0.5805574445207284,0.24137180654656437,1.3509317771930678,0.1218609517374974,0.41948825213940305,-1.0510904426745344,0.5044375914697143,-0.8057541236384078,0.610231903099936,-0.2747651322398506,-2.1492895898639146,3.4587871413178277,-1.2049902928380882,-1.1531693740035738,1.4926558091154658,-0.6263990014256144,0.6238097112074551,0.5280622563901827,1.8617342702531734,0.06669147929507559,-0.41263405534980097,0.04767485742556546,0.24838654323423764,2.601277673470259,1.8757380257183471,0.830709304203313,-1.4321593474324728,-1.1549974102989313,-0.092491465051097,-1.056608100883219,-1.1947404398051344,-1.011882116086102,-1.162901379246981,-0.28878075416614674,-0.9934743093351405,-0.5613212525030956,0.04533745968342052,0.9739464233389978,1.6583468380507895,2.0018365671600113,0.7745716106395684,-0.25293826162317196,0.38392750618245736,-1.1429663752343506,0.7719831040492735,0.997133543287135,-1.7999858562774438,1.8272689272664218
1.4390080038673005,-0.4861485044222097,0.14254802602337152,3.715797580908321,0.10384804987037631,5.001082715727247,3.220188996269641,-0.49160774776323773,-5.034695339010944,-0.8060288373664106,-0.16666646958469888,-0.38798813694556744,-1.4311891058697748,-0.07276211713412974,0.34078099337228845,0.12928937839909035,2.183460290750671,2.3169938318266583,1.1271518555039892,-0.10736797252824343,2.6537196928852316,1.8866140670952503,1.849988321458149,-2.2392551609918696,1.4945929173448749,2.7688631510959656,-2.3276795969870725,0.7756666640075577,-0.6028662615998749,2.528047826599413,1.3569291921867486,-0.9532253713812654,1.2220462608412588,-2.68934527224724,-0.16415092242347276,3.545030606410048,2.829012205294673,1.6857819069226272,-0.15982662297734054,0.36912291245395085,4.869707054333447,-2.069043147344024,4.324101219716073,0.10211739251472231,1.785849248349363,-4.6558076682212315,-5.250846356776644,0.543149030313932,-0.22528163105739496,-2.1317696760917584,1.8712247157104724,1.5205920097106116,1.4635915550452454,2.9996557271255253,0.37151848750102684,-1.7695398344582998
1.7408727475523758,0.7568051661536985,0.16917163458293857,1.5380903084421629,-0.9839688564825843,3.220188996269641,2.816869057643522,-0.40925982082003737,-3.7046037471423032,-0.7016589126334635,-1.0202564308354638,-0.3254967471472355,-1.2148365476905938,0.6715052971318217,-0.10840312418138184,0.6449522678056409,1.0442222019583454,1.7209507115739977,2.198356118415495,-2.402352744811405,2.581061718035283,2.017823976741236,0.2147274112248863,-1.0499894743645974,0.5689484048329607,1.4796366063762398,-2.8000716957204275,0.45976177312818634,-0.13680329866755603,1.6444176698803814,0.7156389566897247,-2.3744423596682256,-0.44862393207016127,-2.342167449024069,0.8633894134890707,3.1288217700864016,1.9444438591743052,1.8086728272201615,0.7121509275419856,0.9069496981908319,3.9990682729964564,-1.184233455010633,3.514520957029543,0.4473185955372917,1.1688135643009718,-3.7359745967599816,-4.5814083663511624,-0.968580902293871,-0.6691612696986318,-1.2418289079813223,0.9717684642937371,1.7536570833914793,0.44699258954394516,1.3113843255051365,1.4615209942725012,-2.4061007572681032
-0.23207629701729263,-0.06934168790204046,-0.021172769566361823,-0.27233911298005975,0.10799850503571808,-0.49160774776323773,-0.40925982082003737,0.0665895403558755,0.5476872388229672,0.10266791940432209,0.11871326272690338,0.044516922620655514,0.1731906119108803,-0.07612391254360383,0.0019381526568132228,-0.0784671401885118,-0.17738680588193406,-0.2586544987692416,-0.27676279090761424,0.2749306599702833,-0.3593473102671777,-0.277693564655768,-0.07631672450390745,0.1732305648158413,-0.1045182025021697,-0.2418193797011797,0.37721824677095395,-0.06981941171004342,0.0324438497168248,-0.2528178389807431,-0.11170400189129163,0.29341673755199993,0.015419621492564466,0.335849058568755,-0.09071152922476945,-0.44686760782979207,-0.29911555341439083,-0.2446438580578351,-0.07996125944893964,-0.11012231261882399,-0.5785253783887625,0.19418322681596942,-0.51161253257613315,-0.05666521104110428,-0.18187618790343457,0.543304475957283,0.6520149502358027,0.09083643698413121,0.07991546602356463,0.19581317741546558,-0.15708924701787955,-0.23301913202097027,-0.0886045139797783,-0.227945676424897,-0.17116034356677629,0.3181817291422286
-1.981267366277603,-0.21244333811568628,-0.1961187204048579,-3.1885832911493015,0.5805574445207284,-5.034695339010944,-3.7046037471423032,0.5476872388229672,5.368666912328287,0.92512015835926,0.7609375957133007,0.4466381693608757,1.636882769177319,-0.3872023397508853,-0.12578576361644253,-0.4854076643967197,-1.952112219825615,-2.4748282016864938,-2.0868195517531745,1.6238874482593237,-3.2250173278232674,-2.4214624121208144,-1.2258627994993745,2.0002428270462946,-1.24548881425442,-2.5824086214612003,3.180827087362411,-0.7583124687650299,0.4329854939922117,-2.548111549802079,-1.2688912957687688,2.107125632493665,-0.4207532068100639,3.0966284906429595,-0.4608538887254865,-4.108230197179043,-2.915813572140221,-2.1742896932164246,-0.36175528341005386,-0.8168474489632936,-5.456856386396144,1.9766247952343379,-4.827647706783265,-0.34973521332468577,-1.7959944480528633,5.157157934038556,6.06081217900663,0.3232883398657819,0.5679753570722489,2.0554086419376048,-1.7326416220620284,-2.043970532296439,-1.1489699916035645,-2.6111402525709093,-1.1659216059770752,2.5985175192829923
-0.4318924527513084,-0.18422210209153966,-0.04188407522148178,-0.38969503549531026,0.24137180654656437,-0.8060288373664106,-0.7016589126334635,0.10266791940432209,0.92512015835926,0.17488035212351122,0.2509404129474692,0.08118912700840739,0.30289729884347877,-0.16462978008831755,0.02559311436794229,-0.15856797915489942,-0.2629867318515374,-0.43001344189140445,-0.5429790559999186,0.5903701679523191,-0.6411896613259809,-0.5014976669349219,-0.05891021331498618,0.26433801893702397,-0.14436102562889047,-0.37189535256658324,0.694467164745233,-0.11517534965159537,0.03507342103598585,-0.41144291448440135,-0.17964980755284188,0.5863003355582133,0.10625323456604034,0.583303440912063,-0.21096985398998644,-0.778968095680263,-0.48644931501954614,-0.4493023777961502,-0.17451972164790078,-0.2241638511649123,-0.9968480236508978,0.2976014589001488,-0.8767990307493877,-0.1105891895053443,-0.2922794065547337,0.9314307383882519,1.1408086898402507,0.23628157171985914,0.16484842245071576,0.3112885211363842,-0.2442834062314741,-0.43526995807389535,-0.1141850180534021,-0.3312977664562071,-0.3594431506187875,0.596092534025736
-1.1010589655050298,-1.3721198510571901,-0.10912379516435652,0.9688830009057156,1.3509317771930678,-0.16666646958469888,-1.0202564308354638,0.11871326272690338,0.7609375957133007,0.2509404129474692,1.1783379653052835,0.12412320046788936,0.4352846523088815,-0.9073915947639314,0.4184996751507474,-0.7062271035859174,0.4142708712969823,-0.35721213426083104,-1.9199447234560487,2.9998104584366816,-1.1829600297854417,-1.0946500002017046,1.1980278774616775,-0.42689527495538926,0.46296753436322835,0.313966943490808,1.7330028013308698,0.018305544389664086,-0.3238749975213367,-0.08986576743246173,0.14592934237782634,2.2998143736960825,1.5604587872493263,0.8585140357854415,-1.2331040572521044,-1.183890294753113,-0.22659685914133126,-1.0000104026973562,-1.0270789717256648,-0.8926480419398963,-1.2578032719392802,-0.14308059027356437,-1.0808945493675417,-0.49056076311184993,-0.05508078264252037,1.0840281922383899,1.7064567704895548,1.7028172957508314,0.6823426577286087,-0.10835554327429409,0.23633250972616612,-1.0659046630161053,0.5927503942283425,0.7086359882385177,-1.5789010230643878,1.6740475276029372
-0.21353484126974398,-0.09761679210509153,-0.022140081076090598,-0.18694881637096514,0.1218609517374974,-0.38798813694556744,-0.3254967471472355,0.044516922620655514,0.4466381693608757,0.08118912700840739,0.12412320046788936,0.04451474685032406,0.15108604428145953,-0.07721382534656487,0.016731583091222406,-0.07109675991352024,-0.11700209348790534,-0.20311848377862238,-0.2632076242859652,0.29277275081097265,-0.30162891534100617,-0.24479520734052831,-0.02340151680179366,0.12603124982807887,-0.0654353212121779,-0.1719434462276708,0.3330701995343364,-0.057646439726281085,0.007888641126581466,-0.19232680765503293,-0.08991714398431422,0.2915380643715039,0.060686186293225544,0.277466957450118,-0.10226773262836228,-0.3702648875381986,-0.22580642330104272,-0.22438988524688733,-0.08194932652860751,-0.1182768501112699,-0.4781072597777168,0.13536634955670218,-0.4250405894184249,-0.05411749762735902,-0.13014517101935932,0.4439177961401579,0.5495622590819789,0.12875068198295506,0.08170904057644227,0.14503815531741637,-0.11691411068417744,-0.21976792717823923,-0.05118359287429778,-0.15291362666166217,-0.17560791963868483,0.2871502597831151
-0.7617146786959205,-0.322659633123681,-0.07608588923897802,-0.7052195507974092,0.41948825213940305,-1.4311891058697748,-1.2148365476905938,0.1731906119108803,1.636882769177319,0.30289729884347877,0.4352846523088815,0.15108604428145953,0.5408535097727476,-0.2771846257636876,0.046601189973263756,-0.2642425528487372,-0.4585676580361428,-0.7537615130984121,-0.942206534449318,1.0220205909948383,-1.1133908034759992,-0.8820543947915068,-0.11342088106638118,0.47419595429545264,-0.2567999143779367,-0.6547282935863312,1.209443501128063,-0.20852672889059914,0.052985758060986154,-0.7216465337198227,-0.3268968519516873,1.0254667901156704,0.18236085057869925,1.0204724639549299,-0.35950200067389193,-1.3618647024510886,-0.848996916908841,-0.7979081988201416,-0.29303224740925743,-0.4023940734678821,-1.7528986884058888,0.518897545371834,-1.54898473342348,-0.1912003395001702,-0.5027554261806095,1.6347902208171183,2.0061551596052376,0.4200701833137215,0.28749843952192716,0.5477005680076843,-0.43667158626670277,-0.775349730166092,-0.20537465436096922,-0.588741838303503,-0.6217139076635513,1.037502966203697
0.7943082689515368,1.0807189080484012,0.07771663598011024,-0.9031080106287066,-1.0510904426745344,-0.07276211713412974,0.6715052971318217,-0.07612391254360383,-0.3872023397508853,-0.16462978008831755,-0.9073915947639314,-0.07721382534656487,-0.2771846257636876,0.7100067080773409,-0.3363093515347506,0.547437762798988,-0.40415043454241706,0.18685793781108406,1.4461940030611953,-2.323006678286871,0.8169577557229483,0.7728549511967265,-1.002971122162801,0.42200746413416285,-0.4177684182380323,-0.35141234428388213,-1.2543203406119359,-0.04716799991218096,0.27042924820080066,-0.028601845821292982,-0.17085738097133482,-1.7439854363357215,-1.2565536964409905,-0.5610724360257672,0.9648812834575122,0.780368924639921,0.06757093328579228,0.7040725822176935,0.8067267333745473,0.6725046900564573,0.782327125490019,0.189413586618416,0.6639810829605717,0.3770508380865792,-0.022430287205048284,-0.657555503722201,-1.1142655272184667,-1.3362660969439355,-0.5198893159041882,0.16739903458025684,-0.25910757611999896,0.7605546155015226,-0.5177128005648884,-0.6680388558960787,1.2108591655496543,-1.2301322092918812
-0.28921274433824534,-0.5442926342738187,-0.029281197973523108,0.6522876572838455,0.5044375914697143,0.34078099337228845,-0.10840312418138184,0.0019381526568132228,-0.12578576361644253,0.02559311436794229,0.4184996751507474,0.016731583091222406,0.046601189973263756,-0.3363093515347506,0.18228096411234238,-0.24504206850327082,0.33117246809271994,0.057240065091115254,-0.6114475608193777,1.0911137329596956,-0.21533916790618912,-0.2499969076486233,0.588195421393361,-0.33649664300698595,0.2909737808164454,0.3402853587949043,0.4453633354367188,0.06800713559993664,-0.17106382198059317,0.17290872230563598,0.16079958090928917,0.7679379907989413,0.6724456357722428,0.09602295172505179,-0.46364005285477733,-0.14544182514600495,0.14814857807360307,-0.23363748524386763,-0.38709135552258017,-0.30136884767896305,-0.0674909636942462,-0.2218487725574637,-0.04918216162592259,-0.1716047703345952,0.12829309378904838,0.019865216415697384,0.2016511951046849,0.6725923293123729,0.23214949458288486,-0.2130978507256928,0.23694783414149942,-0.271950924527588,0.33582757947057384,0.5027311977418134,-0.5477693595624789,0.4693576681543972
0.6645710094076861,0.8131326385929222,0.06450037385397377,-0.561292369721621,-0.8057541236384078,0.12928937839909035,0.6449522678056409,-0.0784671401885118,-0.4854076643967197,-0.15856797915489942,-0.7062271035859174,-0.07109675991352024,-0.2642425528487372,0.547437762798988,-0.24504206850327082,0.43121840684659757,-0.22624181660546272,0.23187408147752944,1.1596121214851345,-1.79542123688051,0.7351601402158714,0.6653557840615482,-0.7052396959685918,0.24197742469016809,-0.26559438526746204,-0.16543651122073436,-1.0572810855722097,-0.008685097646563954,0.18133628176176506,0.0748509221511542,-0.08316827636994033,-1.3783520262377893,-0.9215392902181251,-0.5354499937786168,0.7405907705813309,0.7377114757158114,0.161004265977536,0.6026261885221561,0.61870209511934815,0.5276226542581045,0.7865611044342864,0.06641599249696695,0.6712251121212155,0.29407160862010334,0.05482189571642335,-0.6838740135495088,-1.0565987676495434,-1.0049733857456988,-0.40938928621534926,0.04750614159659128,-0.13046339366861523,0.6390859479415728,-0.3439237491202384,-0.4019920605724998,0.9497465110187099,-1.0169778805479284
0.1876351004726083,-0.7947330227672255,0.017001916100005746,2.072380948109494,0.610231903099936,2.183460290750671,1.0442222019583454,-0.17738680588193406,-1.952112219825615,-0.2629867318515374,0.4142708712969823,-0.11700209348790534,-0.4585676580361428,-0.40415043454241706,0.33117246809271994,-0.22624181660546272,1.1655321028995098,0.9003742568934638,-0.28525227035371076,1.198040989771323,0.7170031879462883,0.3942011807916627,1.331880715966525,-1.1861997104805189,0.8685227913058252,1.3845508003938714,-0.3359560275586326,0.3543484184883138,-0.41614998589011765,1.1083631943929724,0.6674050822554018,0.5298542363596097,1.2043864737836794,-0.8613836484862384,-0.5820834424767432,1.1144810092513477,1.1901130668226454,0.33743675475698603,-0.4928810994850243,-0.21437722364443187,1.6768458057159699,-0.9994302785874287,1.4975723890431143,-0.15779237653807285,0.7943552976820348,-1.6555610490216126,-1.6613406329696652,0.9642186953269278,0.18227830157390118,-1.0105975923587065,0.9409245013291174,0.23338313276728223,0.9078950816213185,1.6504655021404526,-0.48550544013707947,-0.1070891906680911
0.9167119907881933,0.10270306062001988,0.08945141695057712,1.4612887621438153,-0.2747651322398506,2.3169938318266583,1.7209507115739977,-0.2586544987692416,-2.4748282016864938,-0.43001344189140445,-0.35721213426083104,-0.20311848377862238,-0.7537615130984121,0.18685793781108406,0.057240065091115254,0.23187408147752944,0.9003742568934638,1.1450699408499279,0.9734934050635096,-0.7666514464855653,1.4951227619144938,1.121470710946938,0.5590978616085103,-0.9159530332296978,0.5719895724706086,1.1901749075986936,-1.477380666317149,0.3467977982503539,-0.20108047343951058,1.17620049415573,0.5792392925267706,-0.9833226841294611,0.18750112065625787,-1.4334031234676066,0.2197447512135517,1.90185914776803,1.349758599091519,1.0030334491750892,0.17681112546130726,0.377455408497427,2.5212832211111396,-0.9149673989787835,2.229524949912945,0.16598606059186677,0.832802843123141,-2.3831863758415013,-2.800604933528017,-0.15327454508890967,-0.2647639250011582,-0.9470098116415848,0.7951480639552851,0.9421508353573476,0.5258308433734742,1.1998050708564787,0.54551548332542,-1.208390969256579
2.013131115182826,2.1162495838804896,0.19890877573695304,-0.9183990634660197,-2.1492895898639146,1.1271518555039892,2.198356118415495,-0.27676279090761424,-2.0868195517531745,-0.5429790559999186,-1.9199447234560487,-0.2632076242859652,-0.942206534449318,1.4461940030611953,-0.6114475608193777,1.1596121214851345,-0.28525227035371076,0.9734934050635096,3.2773156965932113,-4.832751108714212,2.3608434428335823,2.0805840088306593,-1.6047758138748551,0.29987929893605014,-0.48491909128218347,-0.02507309954621113,-3.1847826870962015,0.10289864093917489,0.4116188489345104,0.5818113304823089,-0.0026716455244602064,-3.853018411854768,-2.292077656953249,-1.8430007458249988,1.952992123112815,2.5135893622654772,0.8539417139834562,1.8919456978963138,1.623280446745254,1.4916606938716839,2.858276068723329,-0.12906414470632344,2.477127969315545,0.8045373383966906,0.4009765043843191,-2.5439604074088327,-3.6436620705001217,-2.634278483787431,-1.1338294428393976,-0.19493986977132058,-0.057655590976768416,1.9683569773697644,-0.6986845221489641,-0.6196778350151929,2.5996309986205612,-2.9933359857337676
-2.7218076417006754,-3.5363859463078424,-0.26935976805568274,2.7094861712842997,3.4587871413178277,-0.10736797252824343,-2.402352744811405,0.2749306599702833,1.6238874482593237,0.5903701679523191,2.9998104584366816,0.29277275081097265,1.0220205909948383,-2.323006678286871,1.0911137329596956,-1.79542123688051,1.198040989771323,-0.7666514464855653,-4.832751108714212,7.658764956054848,-2.8505405226521976,-2.6779227457912667,3.1766828187748373,-1.234859346302259,1.277778009180979,0.9781580317695633,4.278916023303143,0.0965792275119332,-0.8675166596190045,-0.06826163230389419,0.4602779170488926,5.817137115224475,4.064324108835469,2.022165074975098,-3.1588976635175676,-2.798546190812046,-0.40027443975651905,-2.4479434010495407,-2.6351102870681524,-2.2587909697044233,-2.9036381706082914,-0.4952669040916502,-2.4889657753028893,-1.2488604963018597,-0.02618517222378104,2.4725236760046956,4.024869204133837,4.386035521681553,1.7284807340271104,-0.4133571185420458,0.7232920801623326,-2.626744108881043,1.6080048982119441,2.001246786953088,-4.0081833206103425,4.164143697714047
1.741864099801738,1.0305339813334713,0.1711529649194017,0.9445652322033967,-1.2049902928380882,2.6537196928852316,2.581061718035283,-0.3593473102671777,-3.2250173278232674,-0.6411896613259809,-1.1829600297854417,-0.30162891534100617,-1.1133908034759992,0.8169577557229483,-0.21533916790618912,0.7351601402158714,0.7170031879462883,1.4951227619144938,2.3608434428335823,-2.8505405226521976,2.4485936479909265,1.961115862044072,-0.19480888794234508,-0.7224139045078658,0.3180246807391169,1.0983075899008938,-2.78927194330591,0.3676464634547452,-0.013195568663212484,1.3556155525496911,0.5374776188319613,-2.6148098587201294,-0.8388536906304995,-2.1525244566539357,1.0758409294107336,2.8875073020818385,1.6350288302200586,1.7667685799057404,0.8844854831235262,1.0032781254855327,3.61306893143543,-0.9074827720228978,3.1639173255518176,0.5063356410312014,0.9601062740641214,-3.3484786961058584,-4.221954326346035,-1.3014373672120052,-0.749366900896609,-0.9712393229715583,0.7144809391615137,1.743034408496445,0.18146666542540668,0.8429966468092462,1.6648534329159572,-2.4527118682000735
1.469868423837325,1.0382341018059098,0.14539456852161559,0.44261756876354136,-1.1531693740035738,1.8866140670952503,2.017823976741236,-0.277693564655768,-2.4214624121208144,-0.5014976669349219,-1.0946500002017046,-0.24479520734052831,-0.8820543947915068,0.7728549511967265,-0.2499969076486233,0.6653557840615482,0.3942011807916627,1.121470710946938,2.0805840088306593,-2.6779227457912667,1.961115862044072,1.6206800572420883,-0.40884545307037706,-0.40212674517322194,0.11270133303384516,0.6870187502689624,-2.3338463992601377,0.25353944939745027,0.07708766813540693,0.9579878686070148,0.34304842458177026,-2.3570384425909485,-0.9478196840146538,-1.6907181856510407,1.025956896776437,2.274209764202718,1.1844028589110907,1.4669945561192217,0.8485046440966513,0.9156952594424378,2.8008008261849144,-0.5952913154707961,2.4578089140778836,0.4688501054240071,0.6684863139504268,-2.5727111626373302,-3.32755445508188,-1.310618023064309,-0.678344792046011,-0.6454381756313761,0.44282378925933297,1.467548196608062,-0.012764904980485397,0.42011675926639036,1.5165598909495135,-2.088142525243029
-0.5988920875057231,-1.6721692547074294,-0.06012588913543325,2.5503682184771104,1.4926558091154658,1.849988321458149,0.2147274112248863,-0.07631672450390745,-1.2258627994993745,-0.05891021331498618,1.1980278774616775,-0.02340151680179366,-0.11342088106638118,-1.002971122162801,0.588195421393361,-0.7052396959685918,1.331880715966525,0.5590978616085103,-1.6047758138748551,3.1766828187748373,-0.19480888794234508,-0.40884545307037706,2.0396933719008716,-1.3651535090993907,1.1044020944886586,1.4621577299105535,0.916165513764034,0.3333912302330277,-0.5923058570016356,0.9299681581846104,0.7052415341978604,2.0815990404145364,2.17311910303329,-0.17023191728010997,-1.3925680147743447,0.16793587203187338,0.9079084728954384,-0.39082188395059425,-1.1659078885116831,-0.808774183991322,0.626038111674776,-0.9969181476621655,0.5964176267172867,-0.48307067182847496,0.6667222619730689,-0.725524595709003,-0.29777613460295627,2.050312167362255,0.6420673902293076,-0.9813107407352921,1.0125865959588898,-0.5291050476959765,1.2303873978480186,1.9792500302810407,-1.5469156624049714,1.0792756045677345
-0.1936603245090933,0.8110926115823454,-0.01961901840754293,-2.1287709372351475,-0.6263990014256144,-2.2392551609918696,-1.0499894743645974,0.1732305648158413,2.0002428270462946,0.26433801893702397,-0.42689527495538926,0.12603124982807887,0.47419595429545264,0.42200746413416285,-0.33649664300698595,0.24197742469016809,-1.1861997104805189,-0.9159530332296978,0.29987929893605014,-1.234859346302259,-0.7224139045078658,-0.40212674517322194,-1.3651535090993907,1.2187435819005892,-0.888206361719875,-1.4129756613745335,0.3344135366178272,-0.36670847199158413,0.41835842000132073,-1.1296520746059682,-0.6905310650133613,-0.545185398995151,-1.2315273869110486,0.8750663702769909,0.6014085141520618,-1.1315636550458854,-1.2082741187255361,-0.35100203437396177,0.5142118946646131,0.21258057376044895,-1.7114928048185283,1.014795177625489,-1.5327693877570228,0.16467036592441295,-0.8018816871823912,1.6876416909986054,1.6964730538037944,-0.9797521681208126,-0.18726788537704137,1.0318268812207585,-0.965951428907368,-0.24664640358692547,-0.9300334551431262,-1.688539588799013,0.5017102417606051,0.10152381041377591
-0.03134485579632114,-0.7542132194623271,-0.003715455319609779,1.5876134872535543,0.6238097112074551,1.4945929173448749,0.5689484048329607,-0.1045182025021697,-1.24548881425442,-0.14436102562889047,0.46296753436322835,-0.0654353212121779,-0.2567999143779367,-0.4177684182380323,0.2909737808164454,-0.26559438526746204,0.8685227913058252,0.5719895724706086,-0.48491909128218347,1.277778009180979,0.3180246807391169,0.11270133303384516,1.1044020944886586,-0.888206361719875,0.671877370518611,1.0073896413781924,0.025961396052903474,0.25017823310609394,-0.33339901369888675,0.7551985667379025,0.4874555383932372,0.7075956267172154,1.0672152496308034,-0.46963955591166173,-0.5897719422950797,0.5963654969613165,0.7911136870515248,0.08912753751594746,-0.497152791409346,-0.2773736432194243,0.978217007113826,-0.7140715057832339,0.8829126190135004,-0.1820325960517213,0.5395477988147774,-0.9879017637796688,-0.901069923903195,0.9184707072133308,0.22795168615716493,-0.7170597012495475,0.6897115076205067,0.007798201210106953,0.7185840847008066,1.2516474072102686,-0.5734360065280165,0.1756687586048249
0.4297252557668453,-0.7543951067930669,0.041243192441326404,2.43412297365527,0.5280622563901827,2.7688631510959656,1.4796366063762398,-0.2418193797011797,-2.5824086214612003,-0.37189535256658324,0.313966943490808,-0.1719434462276708,-0.6547282935863312,-0.35141234428388213,0.3402853587949043,-0.16543651122073436,1.3845508003938714,1.1901749075986936,-0.02507309954621113,0.9781580317695633,1.0983075899008938,0.6870187502689624,1.4621577299105535,-1.4129756613745335,1.0073896413781924,1.6788779990669713,-0.7203454501039828,0.4426437654350012,-0.45951596729586686,1.402605833177166,0.8138226038460596,0.25990702503545193,1.2355730890529635,-1.227392853060078,-0.5178750888844214,1.6001615447988684,1.5283047300204038,0.6017988198670591,-0.44160132672943475,-0.10703142031592612,2.320894167494326,-1.225685209550131,2.0698445167019526,-0.11135811826726212,0.9992169201840019,-2.2619604836575866,-2.3799608416339533,0.905362109268483,0.10949642810775803,-1.2459543372068116,1.1392504656945641,0.48392603713649845,1.0341430788614987,1.9445822012429042,-0.3357204699144727,-0.42403254313751393
-2.1539078437803103,-1.7291081126635839,-0.21228984405624515,-0.18451453144099322,1.8617342702531734,-2.3276795969870725,-2.8000716957204275,0.37721824677095395,3.180827087362411,0.694467164745233,1.7330028013308698,0.3330701995343364,1.209443501128063,-1.2543203406119359,0.4453633354367188,-1.0572810855722097,-0.3359560275586326,-1.477380666317149,-3.1847826870962015,4.278916023303143,-2.78927194330591,-2.3338463992601377,0.916165513764034,0.3344135366178272,0.025961396052903474,-0.7203454501039828,3.4252456590865537,-0.29676206274481887,-0.1977355443627604,-1.1895706597031046,-0.3585011729463051,3.6422411372739014,1.6870845384772624,2.341752528872304,-1.6746290221730027,-3.1610368143227956,-1.510747504297815,-2.1121297065758413,-1.387017202478393,-1.4073724008683117,-3.817024745539638,0.6696360893503163,-3.3341441165749024,-0.7352458785189736,-0.8341428289352388,3.484283731282317,4.609114071086692,2.1674469847827766,1.057105414025702,0.7428029362431524,-0.4492324885585434,-2.134374915504058,0.2225677872795045,-0.2584095288379338,-2.386055994364822,3.107121241441625
0.1843289454378927,-0.12594071341387714,0.0188519125214471,0.6176547898636774,0.06669147929507559,0.7756666640075577,0.45976177312818634,-0.06981941171004342,-0.7583124687650299,-0.11517534965159537,0.018305544389664086,-0.057646439726281085,-0.20852672889059914,-0.04716799991218096,0.06800713559993664,-0.008685097646563954,0.3543484184883138,0.3467977982503539,0.10289864093917489,0.0965792275119332,0.3676464634547452,0.25353944939745027,0.3333912302330277,-0.36670847199158413,0.25017823310609394,0.4426437654350012,-0.29676206274481887,0.12288199998191018,-0.1041628814763257,0.39001697752386505,0.21930814016155964,-0.06282957194112894,0.24807043704785042,-0.3862654285720837,-0.07254175870924576,0.5071506415973078,0.4304014364823419,0.22767058455254646,-0.06562633970492705,0.026332100527630853,0.7123112248044902,-0.3258482808805461,0.6347470317715983,-0.0032349807605299877,0.2737627115500734,-0.6848548153309343,-0.7555229167630195,0.14585611775941157,-0.009800098875736112,-0.336133612600591,0.301630293735215,0.20004063699414326,0.2506070625870584,0.4941807933499961,-0.0014708508410963986,-0.21216155221865843
0.13888067660144962,0.47150699946600366,0.015031668151142505,-0.7632509486401202,-0.41263405534980097,-0.6028662615998749,-0.13680329866755603,0.0324438497168248,0.4329854939922117,0.03507342103598585,-0.3238749975213367,0.007888641126581466,0.052985758060986154,0.27042924820080066,-0.17106382198059317,0.18133628176176506,-0.41614998589011765,-0.20108047343951058,0.4116188489345104,-0.8675166596190045,-0.013195568663212484,0.07708766813540693,-0.5923058570016356,0.41835842000132073,-0.33339901369888675,-0.45951596729586686,-0.1977355443627604,-0.1041628814763257,0.18445138301201205,-0.3100867673075716,-0.2160415031280787,-0.555771010239544,-0.6225523559068219,0.10498167395893755,0.37800182745667943,-0.1240358962658209,-0.3108918696478034,0.08030628096407744,0.31720356413215234,0.22448225480604775,-0.27108505534245375,0.3181065350658699,-0.2434417109876756,0.131973700146662,-0.229553714048646,0.29748331472622613,0.1887941650225053,-0.5829521090294971,-0.17086549968604506,0.31532159255020126,-0.31332502367376586,0.12333555476237625,-0.3672864149939958,-0.6035204557769084,0.41065053787335737,-0.2552668918631001
0.7301754347045039,-0.24325905514940507,0.07121727918925695,1.8706235619801619,0.04767485742556546,2.528047826599413,1.6444176698803814,-0.2528178389807431,-2.548111549802079,-0.41144291448440135,-0.08986576743246173,-0.19232680765503293,-0.7216465337198227,-0.028601845821292982,0.17290872230563598,0.0748509221511542,1.1083631943929724,1.17620049415573,0.5818113304823089,-0.06826163230389419,1.3556155525496911,0.9579878686070148,0.9299681581846104,-1.1296520746059682,0.7551985667379025,1.402605833177166,-1.1895706597031046,0.39001697752386505,-0.3100867673075716,1.282807375033797,0.6818737377548852,-0.4899235145975995,0.6142149027771552,-1.3677201597411386,-0.07438060532835071,1.803622399190096,1.437720424367357,0.8520738430064988,-0.07185382727770463,0.1839334309961802,2.470881943412178,-1.05061312249623,2.1895583444751203,0.05400833793399599,0.9116576056804686,-2.3639480118869565,-2.6649930265353783,0.2749577715930428,-0.11681842444585937,-1.0804715064805994,0.9443933020486287,0.7673118865722715,0.7384873657825336,1.515980541949023,0.19719534701036145,-0.9058926812577547
0.2200647088599418,-0.35520446077490236,0.022891200937794804,1.1861536533775063,0.24838654323423764,1.3569291921867486,0.7156389566897247,-0.11170400189129163,-1.2688912957687688,-0.17964980755284188,0.14592934237782634,-0.08991714398431422,-0.3268968519516873,-0.17085738097133482,0.16079958090928917,-0.08316827636994033,0.6674050822554018,0.5792392925267706,-0.0026716455244602064,0.4602779170488926,0.5374776188319613,0.34304842458177026,0.7052415341978604,-0.6905310650133613,0.4874555383932372,0.8138226038460596,-0.3585011729463051,0.21930814016155964,-0.2160415031280787,0.6818737377548852,0.402372406483065,0.11083156604384638,0.5895095766377388,-0.6010966976835381,-0.2468090871470876,0.7838406374448683,0.7399006628003153,0.30646753715168457,-0.21520191866550842,-0.039860840746333115,1.139704642933807,-0.5903274235633471,1.018888318528128,-0.053360923782494504,0.4796214635641887,-1.1080276548606207,-1.1730816995028166,0.4226206786216805,0.04832244716485661,-0.6056470683358137,0.5567429166526121,0.2511859763681437,0.5008226413838179,0.9430580270273036,-0.15433237639359018,-0.2143470516425396
-2.312530815213312,-2.5941426970296093,-0.229223428988479,1.4007568439314406,2.601277673470259,-0.9532253713812654,-2.3744423596682256,0.29341673755199993,2.107125632493665,0.5863003355582133,2.2998143736960825,0.2915380643715039,1.0254667901156704,-1.7439854363357215,0.7679379907989413,-1.3783520262377893,0.5298542363596097,-0.9833226841294611,-3.853018411854768,5.817137115224475,-2.6148098587201294,-2.3570384425909485,2.0815990404145364,-0.545185398995151,0.7075956267172154,0.25990702503545193,3.6422411372739014,-0.06282957194112894,-0.555771010239544,-0.4899235145975995,0.11083156604384638,4.5720242337317645,2.8654131390567708,1.9974266036141637,-2.3603484124507195,-2.733179645630138,-0.7935753462220465,-2.149373890953301,-1.9653590207814942,-1.7783615741709817,-3.045196735804054,-0.01594150174848566,-2.6397219232224947,-0.9641352536981725,-0.3264708857777515,2.680227816814318,3.9603420824380557,3.230082731258748,1.3476127411454462,0.0565966459596639,0.2213950465755023,-2.2566619782413087,0.9630747017289442,0.9934976946976141,-3.096974313980241,3.4588492093794856
-1.0880294760050602,-2.0178984578012313,-0.10893881163372691,2.3983570258330054,1.8757380257183471,1.2220462608412588,-0.44862393207016127,0.015419621492564466,-0.4207532068100639,0.10625323456604034,1.5604587872493263,0.060686186293225544,0.18236085057869925,-1.2565536964409905,0.6724456357722428,-0.9215392902181251,1.2043864737836794,0.18750112065625787,-2.292077656953249,4.064324108835469,-0.8388536906304995,-0.9478196840146538,2.17311910303329,-1.2315273869110486,1.0672152496308034,1.2355730890529635,1.6870845384772624,0.24807043704785042,-0.6225523559068219,0.6142149027771552,0.5895095766377388,2.8654131390567708,2.4883484277436128,0.3885815065968568,-1.7293192752451236,-0.5832146450745689,0.5171869121534926,-0.8805702840682846,-1.4448239766224296,-1.1172413755762167,-0.3021835234454881,-0.8006373649574466,-0.22224072490739785,-0.639526999701092,0.4500092687836562,0.12540569315123692,0.8050112140119825,2.4895095491785826,0.8666701674436837,-0.7688698043950475,0.8648723530766049,-1.0198302409598898,1.2348732048807598,1.840087574391022,-2.0468555118403047,1.7694627108957277
-1.4621696758682232,-0.6447539081449087,-0.14371097678556727,-1.2799996971256167,0.830709304203313,-2.68934527224724,-2.342167449024069,0.335849058568755,3.0966284906429595,0.583303440912063,0.8585140357854415,0.277466957450118,1.0204724639549299,-0.5610724360257672,0.09602295172505179,-0.5354499937786168,-0.8613836484862384,-1.4334031234676066,-1.8430007458249988,2.022165074975098,-2.1525244566539357,-1.6907181856510407,-0.17023191728010997,0.8750663702769909,-0.46963955591166173,-1.227392853060078,2.341752528872304,-0.3862654285720837,0.10498167395893755,-1.3677201597411386,-0.6010966976835381,1.9974266036141637,0.3885815065968568,1.9547094333640198,-0.7258429530911527,-2.6112367234681404,-1.6151759015036362,-1.5210068819033804,-0.5949763530838784,-0.7694887601259931,-3.340841152252431,0.979625993176727,-2.9394332088608897,-0.3748653028640423,-0.9658177217828429,3.1182783799058216,3.830817244090036,0.8281433726440156,0.5631889306031339,1.0321291634986127,-0.8102661442948048,-1.4774293074532834,-0.36799632866871484,-1.0863780174595066,-1.2281474589401955,2.013938766994685
1.0634082389670219,1.4802608621937259,0.10527858092700812,-1.2796396383919786,-1.4321593474324728,-0.16415092242347276,0.8633894134890707,-0.09071152922476945,-0.4608538887254865,-0.21096985398998644,-1.2331040572521044,-0.10226773262836228,-0.35950200067389193,0.9648812834575122,-0.46364005285477733,0.7405907705813309,-0.5820834424767432,0.2197447512135517,1.952992123112815,-3.1588976635175676,1.0758409294107336,1.025956896776437,-1.3925680147743447,0.6014085141520618,-0.5897719422950797,-0.5178750888844214,-1.6746290221730027,-0.07254175870924576,0.37800182745667943,-0.07438060532835071,-0.2468090871470876,-2.3603484124507195,-1.7293192752451236,-0.7258429530911527,1.3166559458358797,1.0126033540090023,0.048665491321383605,0.9387978700651056,1.0964826451936907,0.9125589224397052,0.9987513443324727,0.2912086706943898,0.8441476330864561,0.50902332094725,-0.05822396342235098,-0.8315153612711648,-1.4470890625622064,-1.8300796180466319,-0.7055979579335048,0.25685589502020456,-0.3765338494400632,1.018934215322145,-0.7242775037110264,-0.950934131816271,1.645100763125466,-1.6493759783417348
1.9739958054119824,0.9113951962259168,0.19405991876131323,1.6378348486459533,-1.1549974102989313,3.545030606410048,3.1288217700864016,-0.44686760782979207,-4.108230197179043,-0.778968095680263,-1.183890294753113,-0.3702648875381986,-1.3618647024510886,0.780368924639921,-0.14544182514600495,0.7377114757158114,1.1144810092513477,1.90185914776803,2.5135893622654772,-2.798546190812046,2.8875073020818385,2.274209764202718,0.16793587203187338,-1.1315636550458854,0.5963654969613165,1.6001615447988684,-3.1610368143227956,0.5071506415973078,-0.1240358962658209,1.803622399190096,0.7838406374448683,-2.733179645630138,-0.5832146450745689,-2.6112367234681404,1.0126033540090023,3.490125651818952,2.13518431899948,2.0464991419411023,0.8303460860343143,1.0525464769196005,4.4528519028942375,-1.2818564607268241,3.915664667017341,0.5153368796927399,1.2738361278689292,-4.152400582038088,-5.118258510141266,-1.167306855736228,-0.7725072577638211,-1.3530294450545401,1.054854158256671,1.9921222626627983,0.4567661284491301,1.3962762781903555,1.6892803695038812,-2.7269416712791634
